,alligator,apple,arm,ball,balloon,banana,basket,bathtub,bear,bed,belt,bench,bib,bird,blanket,boat,book,bottle,bowl,box,bread,bucket,butterfly,can,car,carrot,cat,chair,clock,closet,coat,coffee,comb,cookie,corn,couch,cracker,crayon,crib,cup,deer,dish,dog,doll,door,drawer,dress,ear,egg,elephant,face,finger,fish,flower,foot,fork,frog,giraffe,glass,glasses,glove,grass,gum,hair,hamburger,hand,hat,hose,jacket,jar,jeans,knife,ladder,lamp,melon,milk,mitten,motorcycle,muffin,nail,napkin,necklace,orange,oven,owl,pajamas,pants,paper,pen,pencil,pickle,pillow,plant,plate,pumpkin,purse,radio,refrigerator,rock,rooster,sauce,scarf,scissors,shirt,shoe,shorts,shovel,shower,sink,slide,slipper,snow,soap,sock,soup,spoon,sprinkler,strawberry,stroller,sweater,table,tape,toe,tooth,toothbrush,towel,toy,tray,tree,tricycle,truck,vacuum,watch,window,zebra
alligator,0.0,1.3261863,0.9451829,1.2427197,1.389485,0.9840142,0.84577423,0.6893252,0.94203126,0.67848945,1.2583257,0.9052529,0.81233287,1.1605698,0.72575295,0.9913199,1.2666243,1.302674,1.246277,1.1039834,1.1178197,1.1221405,1.095007,1.3291249,1.118477,1.0352713,0.67765254,1.0189574,1.252216,0.8918377,0.9531795,1.2214086,0.73843503,1.0644054,0.20019823,0.8319938,0.6697313,1.282714,0.7400989,1.3573232,0.7098994,1.1531668,0.6588699,1.0853379,0.94721925,1.0653195,0.76692677,1.1980135,1.2193475,0.90040267,0.9749704,1.2537066,0.9630853,1.0828388,1.0626519,1.151734,0.89912766,0.79494846,1.0109624,1.3237077,1.2051251,0.7896491,1.208687,0.98276675,1.1208699,1.0326085,1.3743927,0.82013357,0.87292504,1.0551705,0.9052881,1.0276644,0.9666187,1.2340286,0.9017228,1.1092397,0.891223,0.9641182,1.1918101,1.3762593,1.1134381,1.2968616,1.3808181,1.1582595,0.79892844,0.75624526,0.92644155,0.8958063,1.2263099,1.215447,1.0118494,0.9766419,1.0073946,1.1962211,1.0410347,0.9777866,0.9115662,0.9894629,0.9907602,0.77738357,1.1212523,1.1651019,1.2000028,0.85587573,0.9589512,1.0410508,1.0075171,0.9383266,0.957705,0.87984574,1.3787355,0.94061506,1.2703731,1.0837406,1.0051873,1.2188846,0.89636993,1.1729487,0.8582791,0.84357256,0.85606194,1.2754205,1.3183718,1.1048647,1.046488,0.93113023,1.0714325,0.8015369,0.9533664,0.92939246,1.1621165,1.0007513,1.4197596,0.9850862,0.86899173
apple,1.3261863,0.0,1.1774062,0.39578974,0.31726444,0.9269277,1.2728959,1.4932574,1.0838742,1.6096206,0.4995948,1.3608149,1.4061617,0.56148934,1.4712765,1.2212621,0.63477534,0.3978715,0.6191931,1.1914049,0.59980774,1.1030085,0.6333641,0.6152113,1.0064329,0.79424566,1.2591982,1.434701,0.55101836,1.3427689,1.2478447,0.87705564,1.3028632,0.60755324,1.1991489,1.4639102,0.87396884,0.26655102,1.5984675,0.3993559,1.273254,0.9249757,1.2588658,0.9711111,1.3136978,1.1020732,1.4410137,0.7270582,0.4935695,1.111672,1.0932344,0.6410134,0.5185681,0.67757547,1.0415906,0.5865842,0.7115558,1.2532802,1.3354733,0.4434179,0.81167644,1.1721504,0.5347426,1.1474706,0.48853862,1.1252964,0.5105904,1.4608415,1.426574,1.1430123,1.3578244,0.73758984,1.3908243,0.67829895,1.0932802,1.0313399,1.292319,1.2442012,0.73629844,0.27312732,0.7131753,0.6708481,0.20883185,0.984957,1.3020186,1.4901875,1.3223493,1.3892435,0.35131282,0.3900494,0.6052451,1.0852009,0.9277144,0.59099287,0.772795,1.3443197,1.3175652,1.4140965,0.9264809,1.0378679,0.8263938,1.1228229,0.6123129,1.4540153,1.2150905,1.1360302,1.3070618,1.2974623,1.1928031,1.2547638,0.32570577,1.2455407,0.4845296,1.1282545,1.0538539,0.6008429,1.3784531,0.41370535,1.5099912,1.4369454,1.5984404,0.3779949,0.5917659,0.78680915,0.66448593,0.90535617,0.75198716,1.3945769,1.1156783,1.2178738,0.9680896,1.1448977,0.28721625,1.2914946,1.2413621
arm,0.9451829,1.1774062,0.0,1.1299709,1.2679006,1.1304768,0.9698617,0.8184068,0.8124076,0.8382595,1.3009361,1.0698597,0.52624565,1.290313,0.8584183,1.003355,1.1487386,1.2401254,1.1281277,1.0913028,1.2042786,1.0338123,1.1704646,1.3471487,1.1228493,0.9733033,1.1394233,0.97736955,1.2161549,0.9817942,0.7715447,0.96779275,0.84994346,1.0646195,1.0191641,0.7697543,0.99413043,1.2529255,0.91940933,1.2144942,1.0232353,0.9960942,1.0513011,0.92559505,1.0443635,1.0301602,0.80525756,0.8927772,1.0209458,0.9093375,0.9411127,0.77136075,1.2383611,1.2016062,0.78739774,1.0992472,1.1532323,0.93044096,0.8217819,1.1689321,0.77447903,1.079419,1.0580256,0.98214567,1.2044857,0.48556048,1.107247,0.85727024,0.7158878,1.0425048,0.7729807,1.0739009,1.0603632,1.2936766,0.9934477,1.2187921,0.71746,1.0901184,1.1429559,1.1571612,1.130871,1.1477422,1.1598389,1.185626,0.8914039,0.6435539,0.79589546,0.95589834,1.2657089,1.1996472,1.0878649,1.0780953,1.1665442,1.2390329,0.92766374,0.8717694,0.96017563,1.054009,0.9508832,1.092287,1.0504944,1.0028225,1.2394408,0.6567158,0.9406919,1.114908,0.9188627,1.0415802,1.1105887,0.907615,1.2108958,0.96112967,1.279236,0.6620127,1.0517694,1.042586,0.8585283,1.1308533,0.96979517,0.71575665,0.9059211,1.20376,0.82963765,1.0472727,0.9629895,1.1167171,1.0768917,0.9391763,1.011061,0.9973767,1.1865218,1.1644455,1.206761,1.1002476,0.83762485
ball,1.2427197,0.39578974,1.1299709,0.0,0.49143624,0.8751022,1.1293571,1.3704768,1.0704526,1.3620431,0.7665353,1.3095422,1.2446483,0.7263489,1.1992085,1.0854305,0.8658848,0.66368884,0.63939655,1.1714995,0.8357625,0.94141537,0.8425299,0.8300334,0.9916112,1.0360503,1.194504,1.3291223,0.5570828,1.2327496,1.2027761,0.8666449,1.2433537,0.7752204,1.1481873,1.2861937,1.0746915,0.67196625,1.3805256,0.6512449,1.11126,0.8293834,1.1782048,0.95009285,1.2435293,1.1666999,1.3350202,0.9707339,0.43487072,1.14925,1.0272169,0.9013722,0.74999154,0.72621137,1.213538,0.8906293,0.76638347,1.1092246,1.1849285,0.79368937,0.9475424,1.1240935,0.70860344,1.133044,0.7629161,1.1558591,0.61173594,1.2647288,1.2669895,1.13711,1.2655005,0.863816,1.3303516,0.7778395,0.9758714,0.94455683,1.053718,1.108182,0.8817766,0.6414879,0.9212855,0.92563397,0.5397011,0.9721411,1.2832984,1.3676596,1.216559,1.1672263,0.73965585,0.7802169,0.77467674,1.002275,1.0371913,0.7253233,0.55246043,1.1396223,1.1487489,1.2464017,0.8395704,0.97407037,0.7261425,1.173142,0.7141074,1.2806456,1.1075357,1.1729971,1.0939026,1.2338014,1.1564913,1.2230911,0.7526798,1.0720085,0.7332691,1.128136,0.8181254,0.76991206,1.1731495,0.68430835,1.299789,1.2565854,1.3655741,0.47815,0.8792362,1.0686423,0.9079,0.99803126,0.7038905,1.1709496,0.96651715,1.1230352,0.8909765,1.0522413,0.669433,1.2443422,1.154041
balloon,1.389485,0.31726444,1.2679006,0.49143624,0.0,0.94947845,1.1785825,1.3889,1.0701969,1.5951148,0.6467237,1.2106042,1.4290317,0.6037069,1.408285,1.1232553,0.68831265,0.5633994,0.6121707,1.1153399,0.7427645,0.8968537,0.7740824,0.5746432,0.983561,0.94445074,1.2226652,1.3080144,0.58444077,1.306162,1.3345339,0.8108935,1.2465725,0.7875127,1.2664535,1.4761599,0.91936284,0.4614027,1.5307469,0.4571848,1.2498169,0.7734922,1.2311591,0.93280363,1.1783478,1.0449204,1.3617196,0.77233064,0.5552193,1.1533687,1.2088094,0.7855402,0.68160194,0.66252553,1.1350546,0.61375535,0.78086907,1.24625,1.2136855,0.6113195,0.69895345,1.1634763,0.49741882,1.0969074,0.64792866,1.1358594,0.506009,1.3887491,1.4641404,1.1380895,1.3444197,0.79521805,1.2747085,0.5709137,1.0476285,0.8875257,1.1589454,1.1792271,0.7971643,0.50233173,0.70618165,0.5999148,0.48561013,0.9267544,1.3864913,1.5256913,1.3161829,1.2934395,0.5369977,0.59843886,0.6276127,0.96231604,0.7871598,0.5469755,0.8823486,1.1783311,1.2731719,1.2634996,0.90469056,1.0472354,0.7164116,0.95423824,0.5081145,1.4529288,1.1743027,0.9598597,1.1433893,1.1383797,0.9741622,1.2437643,0.45144534,1.2984803,0.5717771,1.0323788,0.92350346,0.5195712,1.284282,0.49826497,1.4907378,1.4467626,1.4622123,0.45815688,0.68769747,0.7940979,0.6201795,0.8813808,0.7387644,1.2916765,1.1309344,1.3150806,0.972763,1.0470716,0.4862873,1.1373663,1.2805151
banana,0.9840142,0.9269277,1.1304768,0.8751022,0.94947845,0.0,0.8401649,1.0361505,1.1564155,1.0368232,1.0573149,1.0978905,1.0723424,0.9375471,0.98016393,1.1960152,0.8326541,0.85704666,0.7528016,0.9648944,1.1295458,0.92529386,1.0445688,1.0902698,1.209575,1.0929055,1.0473537,1.1946133,0.8240839,0.8655784,1.2029374,0.9028243,0.9821078,0.99637365,0.9060906,1.1400888,1.0814463,1.0296028,0.96421224,0.86696976,0.99330795,0.85810566,1.0270295,1.0002121,1.0632029,1.1103435,1.2808084,1.2063417,0.9245572,1.102971,0.96966773,1.302206,0.9631349,0.74340755,1.1692984,1.0536364,0.72576284,1.0752649,0.9529502,1.1395715,1.2380588,1.0089382,0.8433511,1.1425254,0.81827986,1.2204547,1.0152328,0.88540494,1.1553676,0.8694732,1.3001535,1.0244801,1.0529288,0.9289635,0.8572298,0.875075,1.0803719,0.91792357,1.0380639,1.0248641,0.93931514,1.2394923,0.94582844,1.0003178,1.0763451,1.2022728,1.2899741,0.7910223,1.0171503,1.0795348,0.86440504,0.95459384,0.9111496,0.7635522,0.9613446,1.1195529,1.019071,1.0833849,0.9577444,0.83008265,0.8044035,1.2547342,0.82733274,1.1524701,1.1093075,1.2844757,0.9233115,1.1314391,0.98302335,0.95723045,1.0586181,1.0224626,0.84862787,1.2501037,0.7426576,1.0186653,1.0584171,1.0266026,0.9739415,1.1215224,0.8998165,0.72715056,1.2311935,1.183342,1.0357769,0.9326223,0.67988974,0.8021918,1.0577295,0.8661339,1.0285884,0.9903224,1.0432961,1.0984838,1.040308
basket,0.84577423,1.2728959,0.9698617,1.1293571,1.1785825,0.8401649,0.0,0.80175805,1.1458235,0.6584673,1.183338,0.79308844,0.7799866,1.1197535,0.6520617,1.085955,0.84979427,1.1374427,0.7869109,0.5133655,1.2909304,0.7983676,1.2360685,1.0990063,1.1565462,1.2571591,1.113593,0.90180147,1.0197101,0.82045764,1.1299977,1.0234854,0.89387643,1.3235966,0.85396934,0.96382225,0.9683528,1.2376802,0.54873484,1.0774875,0.9475964,0.9586458,1.0776197,0.8982763,0.99772686,0.84066904,1.0277117,1.3086715,1.1718175,1.2452321,1.1836257,1.3803833,1.1766502,0.8763652,1.2938745,1.0803361,1.0198765,1.0692669,0.8105333,1.3698716,1.2227287,0.9675611,1.0266744,1.2461226,1.1896715,1.1965301,1.2222911,0.4244318,1.0782468,0.8065107,1.2663993,1.0438474,0.5864651,1.0583093,0.7222565,0.829265,1.0655358,0.91216123,1.0635667,1.3788482,0.93429536,1.2246833,1.2787966,0.89650214,0.9813041,1.0662396,1.2337837,0.6735231,1.245278,1.2894133,0.98197496,0.8209329,0.8885952,0.9492159,0.981933,0.6865581,0.78762954,0.8281808,1.1500814,1.0244714,0.8138291,1.1554838,0.9765571,1.1421254,0.9474228,1.2284175,0.699336,0.94208425,0.9052519,0.81154656,1.3222826,1.0863088,1.1034389,1.1690811,0.7110211,1.0689642,0.88045436,1.0886976,0.8209753,1.0589179,0.57269555,1.0546765,1.3910294,1.3099842,1.0329525,0.83309513,0.7149772,0.5298892,1.0451392,1.0104573,0.990328,0.8449432,1.2923576,0.96425045,0.86784697
bathtub,0.6893252,1.4932574,0.8184068,1.3704768,1.3889,1.0361505,0.80175805,0.0,0.99107873,0.44335014,1.382567,0.68548506,0.5471873,1.3779453,0.74568033,0.67098224,1.3605285,1.3882532,1.0752395,0.9774149,1.2575874,0.82884896,1.4311563,1.4285486,0.8628267,1.0379981,0.77888066,0.70634043,1.4823298,0.6930762,0.82387984,0.9048833,0.82690847,1.2161157,0.77198917,0.5040538,1.077761,1.4774781,0.45885885,1.4479058,0.76024723,1.0599757,0.84366786,1.3057523,0.79470366,0.9205762,0.70775044,1.2839651,1.2928689,0.87079906,0.91193473,1.1792997,1.4040086,1.3680773,1.07918,1.3199048,1.397676,0.74220276,0.67398685,1.4372382,1.3854852,0.7697358,1.3775481,0.9256463,1.4505553,0.86711144,1.5558174,0.64627856,0.7305665,1.0496945,0.7316174,1.2017945,0.8603321,1.2495309,0.78319234,1.0959088,0.85419595,1.0144949,1.2298555,1.3774772,1.4297278,1.5148042,1.4706004,1.1635013,0.72373235,0.6520126,0.7879461,0.6863494,1.4270314,1.3467499,1.3081158,1.1217132,1.1544142,1.0707669,1.1939707,0.97941244,0.76101774,0.712534,1.0156507,1.1211909,1.069636,0.97752213,1.4601126,0.7067744,1.1039454,1.0236845,1.0307106,0.6197478,0.36114812,0.860667,1.5533496,0.69407606,1.4951315,1.1410637,0.9730679,1.2225448,0.55537766,1.2911892,0.70586526,0.72824275,0.3572001,1.451226,1.3106925,1.0570953,1.125188,1.2726958,1.1813893,0.5286499,0.936667,0.8896192,1.2483106,1.1059622,1.5622995,0.760961,0.8009442
bear,0.94203126,1.0838742,0.8124076,1.0704526,1.0701969,1.1564155,1.1458235,0.99107873,0.0,0.9385311,1.0910838,1.0900948,0.81763506,0.9531403,0.8473128,0.8665354,1.1888609,1.1480157,1.1444929,1.2748055,1.0770144,0.98716897,1.0296626,1.1572455,0.9093554,1.0842249,0.76101637,1.027258,1.170554,1.1385384,0.76840967,1.0895559,0.9919093,0.9529707,0.9583902,0.99183005,0.924644,1.0966223,1.0993413,1.2084305,0.98307025,1.0545509,0.8339706,1.0729495,1.1810855,1.1964289,0.92857414,0.9203557,1.0475261,0.5471655,1.0175048,0.9469581,1.1148325,1.1833487,0.98121417,1.0191264,1.0955443,0.8127942,1.0004938,1.0890965,0.8472493,0.8048502,1.1107565,0.99575394,1.0938259,0.8959199,1.0134696,1.152176,0.8304443,1.1926595,0.7077999,0.9515409,1.1829281,1.1144644,1.0701741,1.0585454,0.89563537,1.0951053,1.1850296,1.033812,1.1387153,1.0465602,1.1432829,1.1182086,0.73882854,0.83310413,0.8242862,0.9863854,1.0252552,1.0565296,1.0766102,0.9032177,1.0547595,1.2218742,1.069469,0.99353987,1.0525005,1.0579011,0.82173175,0.99801093,1.1416955,1.0346569,1.1769423,0.83523357,0.9660616,1.042762,1.0768781,0.8862998,1.0502583,1.1324761,1.0402255,0.85551983,1.1628655,0.82105947,1.0810186,0.9657558,0.8211069,1.1735023,1.0318775,0.9382941,1.1016167,1.1652116,0.94824755,1.0022354,1.0712616,1.1222912,1.2164633,1.1590952,0.93520474,1.092273,1.0980206,1.1459402,1.1196702,1.0269419,0.99792093
bed,0.67848945,1.6096206,0.8382595,1.3620431,1.5951148,1.0368232,0.6584673,0.44335014,0.9385311,0.0,1.363644,0.54543334,0.54346925,1.366866,0.311885,0.89587504,1.3012905,1.3708456,1.2930379,0.8482702,1.3608456,1.0557631,1.4871892,1.3707998,1.0286744,1.1022816,0.7956828,0.53253454,1.4086804,0.5685372,0.72679114,1.2290056,0.7477661,1.4284277,0.77162373,0.36485273,1.1384561,1.5549967,0.1481874,1.5230402,0.8168318,1.1393148,0.8781986,1.1083447,0.7559472,0.99471307,0.51790416,1.3944464,1.4343607,0.85814023,0.89295393,1.386289,1.4826645,1.368859,1.0604185,1.478586,1.4203041,0.79256773,0.76283044,1.5365199,1.4469173,0.69507706,1.4997731,0.9567189,1.4771073,1.052921,1.5068693,0.47988933,0.5433222,0.8728547,0.60902,1.2741468,0.6066113,1.3765337,0.93382466,1.1196448,0.818429,0.76492065,1.3142323,1.4861159,1.4148424,1.5194103,1.5291903,1.1049538,0.6114397,0.46486127,0.65674245,0.7087723,1.5039746,1.4380618,1.3389609,0.8983538,1.2062232,1.4195385,1.1494894,0.7986483,0.7276485,0.7207223,1.0775032,1.1639863,1.2118894,1.0345984,1.4339737,0.58050716,0.85432523,1.0188687,0.89490086,0.6670678,0.9210592,0.7172097,1.6007822,0.73363477,1.4827151,1.1236641,1.1231673,1.5243002,0.73268414,1.4353249,0.44480354,0.57605314,0.343987,1.5157443,1.4917918,1.2971423,1.4058597,1.2018287,1.1149983,0.61340296,0.8702154,0.68565524,1.1141655,0.834623,1.559899,0.7161772,0.65568805
belt,1.2583257,0.4995948,1.3009361,0.7665353,0.6467237,1.0573149,1.183338,1.382567,1.0910838,1.363644,0.0,1.0238616,1.444593,0.5693377,1.2516311,0.97468543,0.7763158,0.40664828,0.7037247,1.0457499,0.6760918,0.9798473,0.80605364,0.22892398,0.72885936,0.9805268,1.0285077,1.2148285,0.67342573,1.2129173,1.2151239,1.1149662,1.2895865,0.9628911,1.1625342,1.3688724,1.0074353,0.19469404,1.3993337,0.4106797,1.1828294,1.0598731,1.2777761,1.0638639,1.0960817,0.98534113,1.333267,0.8459769,0.9268242,1.1063913,1.1362462,0.9350669,0.4105482,0.8765907,1.0851985,0.55227727,0.9178141,1.179062,1.3660607,0.6187804,0.91111654,0.9748962,0.89565504,1.1954997,0.7509834,1.29758,0.58047855,1.3731537,1.3271861,1.2296847,1.223022,0.6440304,1.1572891,0.48916167,1.198005,0.9816021,1.4366848,1.2226689,0.8138262,0.5353976,0.72570884,0.62067044,0.48869807,0.7540717,1.1874535,1.40429,1.2400211,1.2556747,0.304515,0.33568108,0.8067453,0.89612484,0.96428055,0.54224473,1.0501744,1.2970542,1.2055004,1.1956658,1.0352219,1.1232518,1.0162419,0.93753237,0.6857656,1.3800316,1.219836,0.9311313,1.2448643,1.0548137,0.94326663,1.3494654,0.46893132,1.0984855,0.46738082,1.1898452,1.1395247,0.7942937,1.273396,0.6634973,1.4562931,1.3665342,1.4137604,0.5685021,0.91069776,0.972216,0.90724075,0.81996226,1.0257822,1.379349,1.0201918,1.1729137,0.78717875,0.99775225,0.29181075,1.0068278,1.1107244
bench,0.9052529,1.3608149,1.0698597,1.3095422,1.2106042,1.0978905,0.79308844,0.68548506,1.0900948,0.54543334,1.0238616,0.0,1.0076575,1.1926535,0.8053232,0.8832824,0.98810875,1.2380997,1.185588,0.55194604,0.99155664,1.0173335,1.2092628,0.86748445,0.9445999,1.042419,0.90204895,0.48857623,1.2235886,0.88702226,0.989592,1.08615,0.9131905,1.1849581,0.9622583,0.6948773,0.94355893,1.146112,0.57648087,1.2257822,0.92973363,1.0645914,0.95135385,1.0255415,0.65029174,0.47131538,0.7867557,1.1613373,1.2144094,0.98664016,1.1210448,1.1902006,1.0995228,1.1665825,0.9808353,0.94610304,1.2168578,1.0361457,1.0209644,1.1985056,1.193875,0.74087584,1.2555164,1.0556084,1.1464778,1.0872945,1.2121228,0.8886739,1.0243535,1.0609584,0.78772795,0.98164845,0.5584492,0.93757135,0.881268,1.0964361,1.0301603,0.93908185,1.025275,1.3000538,1.0530694,1.0558585,1.2882228,0.88902664,0.9898834,0.9362999,0.83571917,0.76804876,1.0765839,1.0817702,1.14777,0.85758287,0.9280342,1.0471468,1.2143734,1.018978,0.9807915,0.77391636,1.146167,1.1032897,1.032871,0.96041167,1.1795536,0.9861072,1.0065395,0.75334716,0.9689674,0.7244529,0.71258086,1.0287588,1.1434093,1.020589,1.0710195,0.99562943,1.1496444,1.1893169,0.9715346,1.1496787,0.8537072,1.0163925,0.5395057,1.2639616,1.2007296,0.9512478,1.165153,0.98165834,1.1471366,0.8409134,1.0935633,1.0387664,1.0260707,0.7978874,1.2104968,0.72810674,1.0226184
bib,0.81233287,1.4061617,0.52624565,1.2446483,1.4290317,1.0723424,0.7799866,0.5471873,0.81763506,0.54346925,1.444593,1.0076575,0.0,1.3996927,0.65951115,0.7916182,1.379719,1.450427,1.1594294,1.0826423,1.1943955,0.96219254,1.3479193,1.5492654,1.0284371,0.9145474,0.9729093,0.9567228,1.4912031,0.89583135,0.69489896,1.011737,0.62773705,1.1647813,0.8689236,0.602507,1.0172632,1.5301912,0.6204693,1.5051872,0.92857623,0.9454258,0.9439901,1.1272112,1.0400848,1.1532917,0.5552362,1.1422495,1.21823,0.741297,0.8714224,0.9817573,1.4356062,1.3628229,0.8839103,1.3433354,1.3124646,0.7916091,0.6331529,1.3486987,1.0317866,0.82453316,1.2481098,0.89505744,1.4133272,0.62888277,1.4995664,0.67997736,0.52819747,0.9573302,0.54789305,1.2793003,1.02615,1.5378525,0.81132585,1.2551746,0.63426054,1.0227838,1.1286416,1.372463,1.3949237,1.3614906,1.4058304,1.326853,0.6289995,0.3791865,0.6207936,0.8617736,1.5289215,1.4268208,1.3242257,1.1945806,1.2957119,1.3446153,1.0461965,0.772665,0.9670827,1.00457,1.0099792,1.094373,1.0777506,0.8907263,1.4635704,0.4271841,0.92577523,1.0534052,0.95863354,0.91201353,0.97440493,0.7973945,1.4918045,0.7843044,1.5527925,0.8075156,1.0031368,1.2792647,0.67481893,1.2853034,0.7363172,0.50633925,0.55826086,1.398306,1.1252632,1.07463,1.1219268,1.260225,1.0660512,0.61213934,0.98884773,0.8067408,1.3360922,1.2692728,1.4948151,1.0369194,0.7951151
bird,1.1605698,0.56148934,1.290313,0.7263489,0.6037069,0.9375471,1.1197535,1.3779453,0.9531403,1.366866,0.5693377,1.1926535,1.3996927,0.0,1.2030772,1.1770785,0.65622574,0.47879004,0.8664066,1.1448292,0.8984941,1.062665,0.69015753,0.58094275,0.9560699,1.1155562,0.99512297,1.0971913,0.5493449,1.2503567,1.1145194,1.0814056,1.3233886,0.933643,1.1393822,1.2855189,1.0661199,0.51261646,1.398643,0.583881,1.1047633,1.0572153,1.0034151,0.8461427,1.2449743,1.1529305,1.2341213,1.0315607,0.9235205,1.0361025,1.2347113,1.0777375,0.6852313,0.6335396,1.1898925,0.7853384,0.70134544,1.0989429,1.3282427,0.6845265,0.8480167,1.0272644,0.86714625,1.2505128,0.5910674,1.3480139,0.53779817,1.2377682,1.2570809,1.1639855,1.2697791,0.8604311,1.1566248,0.6367814,1.1822844,0.8711558,1.3227084,1.1523706,0.897604,0.5883205,0.5995118,0.6389845,0.61197907,0.85857064,1.0791297,1.3358026,1.2862442,1.241103,0.5013391,0.5918021,0.85116506,0.8342149,0.6985415,0.7658131,0.9551087,1.1717776,1.164386,1.1792952,0.67813575,0.9614506,1.0799031,1.1037363,0.5870936,1.3690526,1.053549,1.09053,1.1087246,1.1923437,1.1723676,1.2738546,0.48465574,1.0841246,0.51663715,1.1914352,1.0772204,0.792978,1.217135,0.83721554,1.2264614,1.3359809,1.3622801,0.66185725,0.91591287,0.9475058,0.904706,0.7136442,0.9520901,1.344292,0.98218644,1.2271516,0.74032706,0.9147602,0.47516423,1.1975902,1.0780982
blanket,0.72575295,1.4712765,0.8584183,1.1992085,1.408285,0.98016393,0.6520617,0.74568033,0.8473128,0.311885,1.2516311,0.8053232,0.65951115,1.2030772,0.0,0.98573214,1.0808694,1.2190733,1.0368533,0.90282017,1.3730829,0.91562444,1.3707772,1.2716845,1.0672692,1.1796253,0.9403953,0.6724436,1.222108,0.7915268,0.9585442,1.1483036,0.86849874,1.3587203,0.7845648,0.52717495,1.0201156,1.3860649,0.5313697,1.2592556,0.8669538,1.0795724,0.99530387,1.0086846,0.9576776,1.0942719,0.64414346,1.3702509,1.2865863,0.9892192,1.0326458,1.4498899,1.3286564,1.1363919,1.0844879,1.3689612,1.2385495,0.8211544,0.8274534,1.4605938,1.2549497,0.8934859,1.2257817,1.1086701,1.3467188,1.1841333,1.3315666,0.6527539,0.74341905,0.90577036,0.86360013,1.2035582,0.9061418,1.2642235,1.0266831,0.9508423,0.9040247,0.97508425,1.244512,1.3577509,1.1513932,1.3328278,1.3827589,1.0331082,0.7567243,0.5963511,0.8924701,0.6697654,1.3614678,1.3896587,1.1431712,0.36613256,1.0484529,1.2557306,1.0310211,0.6844307,0.772828,0.91084504,0.79335916,1.1122065,1.1151209,1.0900501,1.1901953,0.76696354,0.82762295,1.0891556,0.9389708,0.84979856,1.0261415,0.8936601,1.4339048,0.8712309,1.3245418,0.9527286,0.95148057,1.3211038,0.8131999,1.3097274,0.71296173,0.72109836,0.60068715,1.2236068,1.4248259,1.2764845,1.262552,0.91177833,1.0366652,0.7368749,0.89473796,0.899262,0.98136824,0.9229702,1.4106728,0.86045074,0.66197187
boat,0.9913199,1.2212621,1.003355,1.0854305,1.1232553,1.1960152,1.085955,0.67098224,0.8665354,0.89587504,0.97468543,0.8832824,0.7916182,1.1770785,0.98573214,0.0,1.1965406,1.2959958,0.84948456,1.0949196,0.9588208,0.47686642,1.092062,1.0507467,0.18573636,1.019447,0.9653422,1.0019996,1.208207,1.1044482,0.97936,0.99800503,0.9934952,1.163817,1.0175225,0.93772656,1.0819215,1.135692,0.99516845,1.19081,1.0539623,0.6970165,1.0753666,1.2928834,1.1193466,0.9881009,0.9764807,1.1325424,1.1956053,0.8179883,1.0543562,1.0688069,0.9692833,1.3546063,1.055459,0.9575255,1.0859816,0.8256284,0.9628681,1.1439847,1.050843,0.9350479,1.0782303,1.0604048,1.312542,0.9467006,1.1554353,1.0539609,1.0222555,1.086263,0.7969093,0.9147191,1.0806278,1.1417187,0.7763477,1.0871029,0.93359816,1.004501,0.9425921,1.293906,1.1591675,1.0809375,1.2248411,1.026037,1.0009792,0.977242,0.87272733,0.9337284,1.0828099,1.1012952,1.1729368,1.1488445,1.2534614,0.82733256,1.1068414,0.91120577,0.98034805,0.9864086,0.92594355,1.0704852,0.8500489,0.89741546,1.149011,0.9844495,0.9445473,0.99615824,1.0548062,0.9031452,0.6148,0.99178326,1.1052011,0.71080387,1.2589359,0.96936685,0.97116995,0.9152589,0.4195584,1.0615296,0.9724195,1.0553477,0.87791204,1.0475035,1.1840621,1.1115048,0.9949263,1.0459409,1.1372373,0.79741836,0.9641527,1.0583717,0.90304494,1.1574408,1.2125734,1.0621445,1.0282103
book,1.2666243,0.63477534,1.1487386,0.8658848,0.68831265,0.8326541,0.84979427,1.3605285,1.1888609,1.3012905,0.7763158,0.98810875,1.379719,0.65622574,1.0808694,1.1965406,0.0,0.59864366,0.74970084,0.6709088,0.91519934,0.964137,0.69894814,0.63206136,0.9601118,1.0316114,1.3719563,1.1064727,0.5916295,1.2275093,1.29723,0.96594816,1.189455,0.9618837,1.1617489,1.3710506,1.0018384,0.5400846,1.3054073,0.5227456,1.2331519,0.9544827,1.2959062,0.80694956,1.1801476,0.75800365,1.3449337,0.9330058,0.91820014,1.3690326,1.289319,0.99246025,0.681121,0.59049106,0.99062747,0.5715103,0.7017808,1.1903265,1.1625023,0.739719,0.90149313,1.2724204,0.5929959,1.2845705,0.52016455,1.1993041,0.6512851,1.2044916,1.4446831,0.8893452,1.4291477,0.7715324,1.0405924,0.70546865,1.1339266,0.8585938,1.3064998,1.1155099,0.8268843,0.69816923,0.41339767,0.66462094,0.58054006,0.71772796,1.365879,1.4826416,1.3948749,0.79010725,0.52150184,0.66489387,0.7395414,0.7548012,0.76252437,0.6188772,0.98272556,1.0084321,1.1352464,1.1649115,0.89285433,0.9450734,0.9129824,1.1596215,0.5087702,1.4978421,0.9502245,1.1658809,1.0815632,1.2150836,1.1182358,1.0939218,0.4492401,1.2576183,0.5319756,1.0524191,1.0311543,0.76493824,1.2744602,0.7588155,1.2850188,1.4501216,1.2577544,0.5699968,0.8404435,0.943441,0.81198347,0.5280573,0.76608264,1.1117902,1.1299764,1.278738,0.76661485,0.93982023,0.5638626,1.1267269,1.2132509
bottle,1.302674,0.3978715,1.2401254,0.66368884,0.5633994,0.85704666,1.1374427,1.3882532,1.1480157,1.3708456,0.40664828,1.2380997,1.450427,0.47879004,1.2190733,1.2959958,0.59864366,0.0,0.56935275,1.0843309,0.97388494,0.9680768,0.8391076,0.40142512,0.99613583,1.0792828,1.1797982,1.2262738,0.55568933,1.1453397,1.2229471,1.0511628,1.2680848,0.9838563,1.197734,1.3521096,1.2021235,0.2837546,1.3705785,0.17835104,1.1717843,1.0594249,1.2369567,0.9356983,1.1360108,1.1832563,1.3631295,0.9797766,0.88206816,1.2301079,1.1463327,1.0167025,0.6856242,0.6834383,1.2352817,0.78100884,0.95158815,1.1833693,1.2036092,0.6764658,0.95896614,1.1101916,0.7684165,1.2209799,0.5911982,1.3135132,0.53209937,1.2626799,1.2849493,1.1236198,1.3813112,0.78156155,1.221452,0.591943,1.2693594,0.84201646,1.3755276,1.1358355,0.9787879,0.3081684,0.6933092,0.77390254,0.37019217,0.7408991,1.186082,1.4020967,1.3355418,1.2193313,0.3609401,0.39135146,0.74396604,0.8905939,0.83530205,0.66143847,0.99314654,1.232595,1.1269689,1.1108565,0.9566728,1.051969,1.0740339,1.1903505,0.5486285,1.3602825,1.2249043,1.1567789,1.1059042,1.1252146,1.1063037,1.2622596,0.5092534,1.1458606,0.33867574,1.2518606,1.0330305,0.7901866,1.2987757,0.70777744,1.3363036,1.3051054,1.3710455,0.4273203,0.94426835,0.9915301,0.8811253,0.80565494,0.84690994,1.3023173,1.00508,1.094746,0.848851,0.8161663,0.24719363,1.1180216,1.0821776
bowl,1.246277,0.6191931,1.1281277,0.63939655,0.6121707,0.7528016,0.7869109,1.0752395,1.1444929,1.2930379,0.7037247,1.185588,1.1594294,0.8664066,1.0368533,0.84948456,0.74970084,0.56935275,0.0,0.98019797,1.0268167,0.33337796,1.02173,0.7771193,0.88993275,1.09779,1.2625184,1.3014476,0.67101014,1.1597551,1.3499968,0.7609649,1.2774109,0.99808264,1.1374195,1.3284377,1.1517692,0.6635928,1.2551575,0.4063083,1.1557426,0.5552239,1.2834203,1.0390838,1.302358,1.1110109,1.4475243,1.1579118,0.77531064,1.3067709,1.2089392,1.1498183,0.76902974,0.80297345,1.3534057,0.83448386,0.90167123,1.1799428,0.94801354,0.9879675,1.1089262,1.1351858,0.5542959,1.386682,0.9033893,1.3039368,0.7951692,1.070411,1.3764335,1.0992712,1.4794033,0.8280318,1.2569513,0.75111204,0.9193229,0.8336334,1.2321112,1.2240589,0.91348857,0.7790803,0.87939715,1.0650405,0.65125656,0.83588946,1.2637641,1.4767697,1.4340763,0.9889052,0.74529165,0.81772697,0.8539475,0.9270482,0.9582233,0.37932956,0.8979941,1.067689,0.9912885,1.0917556,0.9281423,0.9787308,0.5061107,1.2178544,0.61797684,1.4193373,1.1644853,1.3496037,0.91685593,1.1926397,0.76161575,1.153365,0.8411967,1.0996888,0.71478987,1.2231188,0.5810845,0.59402996,0.7540945,0.6479117,1.3191338,1.3354393,1.0469674,0.3153838,1.1443949,1.1626425,0.8213495,0.82635623,0.59059703,0.7193968,1.0547662,1.2060081,0.9166316,1.0963372,0.73897225,1.1998923,1.1093287
box,1.1039834,1.1914049,1.0913028,1.1714995,1.1153399,0.9648944,0.5133655,0.9774149,1.2748055,0.8482702,1.0457499,0.55194604,1.0826423,1.1448292,0.90282017,1.0949196,0.6709088,1.0843309,0.98019797,0.0,1.0689081,0.8907206,1.1300575,0.77578175,1.111029,1.0841492,1.1377848,0.6913595,1.004584,0.8548344,1.0812453,0.9785393,1.0323244,1.1607479,1.1086624,0.9446728,1.0230899,1.1230072,0.7400243,0.958445,1.0156605,0.98349404,1.06654,0.8399097,0.6764169,0.37151778,1.0659823,1.1404258,1.0314687,1.2579911,1.1629989,1.187469,1.098818,0.87488234,1.0831265,1.0112655,1.0529194,1.2138498,0.90918267,1.1680202,1.1200293,1.177568,0.9683309,1.1649072,1.0347517,1.1379539,1.0214031,0.7938112,1.1546304,0.66580456,1.1439998,1.0545691,0.6278788,0.97241986,0.8976244,0.9080323,1.0792733,0.9174943,0.9034066,1.2726018,0.78542364,1.0170541,1.1519421,0.6110278,1.2386265,1.1579986,1.0867666,0.64174145,1.1412742,1.1887013,0.97607595,0.84345627,0.8613348,0.9949912,0.9959337,0.79956996,0.9006203,0.81661385,1.1978676,1.0098313,0.88048476,1.0202074,0.9836191,1.1820835,0.97226286,0.88233054,0.8631656,0.8880932,1.0231526,0.8349657,1.0901002,1.1852833,0.8570052,1.0041542,0.9016772,1.1824194,1.1202072,0.9847803,0.8754337,1.1197791,0.6255801,0.9971792,1.1643544,1.1342618,1.1509542,0.79064727,0.8229152,0.77164096,1.1221476,1.0853386,0.8552264,0.78428805,1.0897652,0.901441,1.0389888
bread,1.1178197,0.59980774,1.2042786,0.8357625,0.7427645,1.1295458,1.2909304,1.2575874,1.0770144,1.3608456,0.6760918,0.99155664,1.1943955,0.8984941,1.3730829,0.9588208,0.91519934,0.97388494,1.0268167,1.0689081,0.0,1.1823897,0.62079597,0.73903435,0.92173225,0.5243684,1.0148419,1.233527,0.9768958,1.3263297,0.9937028,1.0103834,0.9880377,0.5355317,1.1020236,1.2381816,0.55776227,0.5767071,1.3966672,0.9317467,1.1827762,1.0212951,1.097933,1.1528599,1.09625,0.8846709,1.1409779,0.72581595,0.6957929,0.7581215,1.0211378,0.6255978,0.57749474,1.031472,0.77260983,0.620625,0.7892856,1.2002475,1.3271922,0.5007579,0.796123,1.0017804,0.8340908,0.88898873,0.68957007,0.9385214,0.84423214,1.4539133,1.2677109,1.1505836,0.90559226,0.8216671,1.2058066,0.9255541,0.91903543,1.1911588,1.2112017,1.2774981,0.31682885,0.7262911,0.84345996,0.5838933,0.5327941,1.1146041,1.062835,1.1908019,0.9349958,1.3258096,0.6469918,0.6254703,0.9065044,1.1728513,1.1499023,0.79943407,0.7664015,1.301671,1.2478641,1.3501086,1.0518721,1.0790105,0.9148813,0.8714016,0.9916091,1.2235193,1.1529311,0.6580934,1.4065065,1.068744,1.0246457,1.2572775,0.55073214,1.2330967,0.7981641,0.8842238,1.2360294,0.91129285,1.2896321,0.7919366,1.3954698,1.2863818,1.3844516,0.85756004,0.6580356,0.6165945,0.8467283,0.9539491,1.1482117,1.3267369,1.1732383,1.2425004,1.1308019,1.3292776,0.64662755,1.174805,1.1834182
bucket,1.1221405,1.1030085,1.0338123,0.94141537,0.8968537,0.92529386,0.7983676,0.82884896,0.98716897,1.0557631,0.9798473,1.0173335,0.96219254,1.062665,0.91562444,0.47686642,0.964137,0.9680768,0.33337796,0.8907206,1.1823897,0.0,1.1169928,0.8561481,0.69729125,1.1742799,1.1922455,1.0804055,0.87691975,1.0408499,1.1814737,0.80972576,1.1032336,1.1684682,1.0604347,1.1295209,1.2175632,1.0723013,1.0622991,0.6897733,1.0974766,0.55323374,1.2034299,1.1254177,1.1355064,1.0736253,1.220781,1.2271554,1.0334742,1.1531372,1.2138584,1.2288861,1.0307945,1.0369413,1.2618461,0.97754216,1.0645581,1.034363,0.70980144,1.2390387,1.141213,1.138629,0.79917395,1.2988908,1.1405748,1.1716394,0.99201715,0.9620369,1.1965332,1.0016848,1.1898735,0.936895,1.1086001,0.876193,0.85299945,0.7244306,1.0524276,1.107555,1.0488186,1.1966345,0.96371925,1.1393342,1.1310809,0.72608924,1.2012296,1.2573273,1.1868894,0.8191569,1.0653147,1.1272238,0.97862417,0.95589316,1.0495465,0.6247146,1.1104435,0.856507,0.90538293,0.8768433,0.907188,0.98335296,0.60381174,1.118406,0.8088965,1.2083358,1.1095145,1.1716279,0.8563646,0.9656432,0.6269941,1.0446253,1.1251488,0.9671915,0.88146245,1.0360689,0.66360563,0.7711672,0.46538508,0.9184112,1.0871065,1.1771771,0.84030247,0.61227274,1.2580961,1.1798474,0.9632187,0.82858986,0.79100114,0.6414084,1.0280199,1.185792,0.89722955,1.0331475,1.1040984,1.0918225,1.1363928
butterfly,1.095007,0.6333641,1.1704646,0.8425299,0.7740824,1.0445688,1.2360685,1.4311563,1.0296626,1.4871892,0.80605364,1.2092628,1.3479193,0.69015753,1.3707772,1.092062,0.69894814,0.8391076,1.02173,1.1300575,0.62079597,1.1169928,0.0,0.80985427,1.007355,0.9026524,1.0868915,1.3020921,0.69324327,1.3153534,1.0617096,1.06669,1.1162057,0.60076106,1.0667394,1.3934577,0.7585569,0.6156435,1.457564,0.8224715,1.1198066,0.94296896,0.9929359,0.97967124,1.2406325,1.0222493,1.289211,0.76174366,0.9036953,0.91193616,1.0563577,0.7873364,0.5248033,0.7558312,0.90106666,0.6465479,0.34577644,1.1765608,1.2636528,0.47960204,0.7756073,1.1472006,0.80982536,1.0196574,0.5083459,1.0999806,0.64496386,1.3436689,1.3474996,1.0371337,1.2243719,0.7718269,1.109323,0.75777984,1.0280389,0.9532283,1.3078511,1.0957166,0.65931433,0.6700033,0.6314417,0.56765324,0.66530424,1.0069873,1.1710893,1.3388956,1.1984377,1.159586,0.5456629,0.5789279,0.8939321,1.1012336,0.8855109,0.78589845,0.95361215,1.1852771,1.2081643,1.265086,0.99495435,0.6925517,1.0251721,1.0974956,0.72923446,1.3489639,1.0545177,0.948858,1.140777,1.232483,1.1694859,1.0977751,0.47099656,1.2620101,0.70847213,0.9953948,1.0951159,0.75269663,1.2663326,0.87501866,1.3114425,1.372153,1.4963827,0.74287003,0.717087,0.73073184,0.82124054,0.77132773,1.0262845,1.3280839,1.1639925,1.2776554,0.95078444,1.0751053,0.62699914,1.2462071,1.2041559
can,1.3291249,0.6152113,1.3471487,0.8300334,0.5746432,1.0902698,1.0990063,1.4285486,1.1572455,1.3707998,0.22892398,0.86748445,1.5492654,0.58094275,1.2716845,1.0507467,0.63206136,0.40142512,0.7771193,0.77578175,0.73903435,0.8561481,0.80985427,0.0,0.8058539,1.0687292,1.1219769,1.0354184,0.5759946,1.186943,1.2003622,1.1251454,1.3044971,1.0188752,1.2423496,1.3800584,1.0481331,0.30820304,1.3616008,0.30223274,1.2337624,1.0463566,1.2944398,0.9391127,0.84739435,0.8271492,1.2938104,0.8755598,0.95570934,1.174726,1.2938396,1.0388218,0.54261947,0.7547518,1.1059766,0.54244083,0.9461335,1.3031939,1.3144205,0.69013166,0.8572245,1.1001531,0.9107356,1.2611309,0.6968347,1.3508974,0.52344424,1.3532393,1.3584452,1.144833,1.2089261,0.67745054,0.99937135,0.3872434,1.1907119,0.8785081,1.4344702,1.1903236,0.77405035,0.6243058,0.5358938,0.48719358,0.585655,0.4619391,1.3291032,1.4688734,1.1795294,1.174995,0.36825168,0.44842827,0.7200057,0.79177445,0.83131933,0.6217423,1.091975,1.1691672,1.1845728,0.99190325,1.0697318,1.1191915,1.0068995,0.93939877,0.56942177,1.4284909,1.2141201,0.7632283,1.148242,0.85367966,0.9551499,1.3570561,0.47308177,1.2768624,0.28783178,1.0799149,1.0909846,0.7778142,1.3424813,0.7278466,1.4271849,1.4122589,1.3988515,0.55839896,0.9448002,0.94354075,0.89888954,0.6545161,1.0508975,1.4381849,1.1046534,1.2638704,0.72566116,0.79653025,0.33258754,0.9504347,1.1950891
car,1.118477,1.0064329,1.1228493,0.9916112,0.983561,1.209575,1.1565462,0.8628267,0.9093554,1.0286744,0.72885936,0.9445999,1.0284371,0.9560699,1.0672692,0.18573636,0.9601118,0.99613583,0.88993275,1.111029,0.92173225,0.69729125,1.007355,0.8058539,0.0,1.0801476,1.0048348,1.0481024,1.0717673,1.1555305,1.0525588,1.1242442,1.1224802,1.1813931,1.1072893,1.0658361,1.1537268,0.8389809,1.1132219,0.97016,1.145709,0.87846446,1.1641195,1.259466,1.1472702,0.9941555,1.0856695,1.0790462,1.1658952,0.92531526,1.0974646,1.0652512,0.82028484,1.1652229,1.1223502,0.8196214,1.0636055,0.79718316,1.132542,0.99100417,1.043639,0.97097486,1.063379,1.1094581,1.0925748,1.0646057,1.0158967,1.1701832,1.1138887,1.1201831,0.94453514,0.8093927,1.0983039,0.96586925,0.98162997,1.0336794,1.1714169,1.0371822,0.91163015,1.0526958,0.97030085,0.9108088,1.003785,0.87181294,1.0682698,1.1168737,1.0075495,0.9871257,0.7814541,0.8445709,1.0436987,1.0501684,1.1326389,0.77105993,1.1194872,1.0223197,1.0408316,1.0263283,0.8940927,1.058859,0.9936099,0.90651524,0.982435,1.1141895,1.0120649,1.0480945,1.121682,0.882402,0.7188478,1.0997887,0.89171714,0.6333523,1.0090991,1.1038524,1.108802,0.84256077,0.63531435,1.0057595,1.1205704,1.1672906,1.0996091,0.9467758,1.1235136,1.116678,0.94158006,0.93630767,1.1537108,1.0409454,0.8753495,1.059795,0.6105597,1.115448,0.9336703,0.99743754,1.0128763
carrot,1.0352713,0.79424566,0.9733033,1.0360503,0.94445074,1.0929055,1.2571591,1.0379981,1.0842249,1.1022816,0.9805268,1.042419,0.9145474,1.1155562,1.1796253,1.019447,1.0316114,1.0792828,1.09779,1.0841492,0.5243684,1.1742799,0.9026524,1.0687292,1.0801476,0.0,1.0930686,1.0837642,1.2567208,1.1516203,0.9557898,0.9565476,0.8339846,0.843634,1.0584674,0.99819404,0.7937367,0.8617592,1.1059515,1.0893137,1.069213,1.0243367,1.0319028,1.0444267,1.0768895,0.999127,0.97830516,0.77103305,0.9296692,0.90330184,0.89988184,0.5776788,0.94878787,1.1558828,0.6015645,0.9304319,1.0320346,1.1556252,1.0604163,0.7572299,0.7682028,1.0640264,0.8201101,0.8235277,0.9821978,0.72821003,1.0403619,1.2093004,1.0109928,0.9773388,0.7857136,0.94900465,1.1765926,1.2060292,1.0609981,1.304722,0.7439464,1.1189364,0.82673156,0.8595076,1.0762192,0.90140045,0.73232687,1.2923962,1.0195394,0.9200716,0.8179033,1.1341748,0.93881524,0.8649179,1.0195407,1.2270484,1.1793457,1.062531,0.8599199,1.1381164,1.1130013,1.235276,1.0684061,1.0808375,0.83214945,0.8085861,1.1216211,0.92000824,0.92036694,0.8110687,1.1722021,1.1261295,1.0665705,0.9249511,0.80086815,1.0855916,1.0350436,0.7644397,1.2440648,1.026402,1.0969145,0.8489779,1.0007236,0.9801719,1.067901,1.0258101,0.6896864,0.71048003,0.9426237,1.1265962,1.0490068,1.0245574,1.1972829,1.0289677,1.2480601,1.2448488,0.8926873,1.145,1.159351
cat,0.67765254,1.2591982,1.1394233,1.194504,1.2226652,1.0473537,1.113593,0.77888066,0.76101637,0.7956828,1.0285077,0.90204895,0.9729093,0.99512297,0.9403953,0.9653422,1.3719563,1.1797982,1.2625184,1.1377848,1.0148419,1.1922455,1.0868915,1.1219769,1.0048348,1.0930686,0.0,0.8836702,1.2066623,0.83063257,0.8995013,1.1670868,0.9270008,1.0758357,0.83230263,0.7911413,1.0171671,1.2113609,0.79590964,1.2971745,0.37673366,1.2241293,0.24851131,1.136717,0.85492826,1.1162242,0.82743657,1.2242194,1.2022629,0.6920639,0.8481616,1.2340399,1.1068614,1.1745974,1.0925288,1.235112,1.0474606,0.8593425,1.0382279,1.1753508,1.1787488,0.65091294,1.319504,0.85556436,1.1834911,1.061786,1.2331758,0.9254622,0.8440124,1.0888929,0.7888778,1.2055225,0.9447765,1.0552304,1.0758302,1.0819718,0.92284304,0.94626117,1.1618255,1.158441,1.2906477,1.247998,1.2628392,1.0781257,0.7087337,0.8297719,0.88101196,1.0135909,1.1470385,1.1246969,1.2454367,1.0830259,0.96059066,1.2200434,1.1115226,1.1070307,0.89619726,0.84373176,1.101512,0.7348033,1.2464763,0.9949339,1.2902852,0.8337018,1.0228827,0.8476355,1.0424689,0.7537587,0.8740334,1.0547172,1.2496163,0.85281986,1.2301195,1.1466064,1.09894,1.2732694,0.959738,1.2715024,0.8384212,0.8770019,0.86035323,1.3319831,1.2778927,1.0351307,1.2439727,1.2106516,1.2883487,1.0510819,0.8847381,0.90763867,1.0856735,0.9996471,1.2501786,0.7856711,0.84493375
chair,1.0189574,1.434701,0.97736955,1.3291223,1.3080144,1.1946133,0.90180147,0.70634043,1.027258,0.53253454,1.2148285,0.48857623,0.9567228,1.0971913,0.6724436,1.0019996,1.1064727,1.2262738,1.3014476,0.6913595,1.233527,1.0804055,1.3020921,1.0354184,1.0481024,1.0837642,0.8836702,0.0,1.23703,0.7346224,0.8570298,1.1194782,1.0516254,1.3046299,1.1653271,0.26383805,1.2446842,1.3572369,0.513593,1.2671757,0.8394922,1.2230558,0.84372556,0.9070159,0.6649091,0.74776816,0.66465443,1.2243435,1.2576233,0.9794578,1.0455555,1.2412299,1.3486186,1.140014,1.0574638,1.2815263,1.3470794,0.87490916,0.9313565,1.3036116,1.1638275,0.9440351,1.4197335,1.0277759,1.2405314,1.0628195,1.2195861,0.68046397,0.7950994,0.9628182,0.78308296,1.2170333,0.4883256,1.071437,1.1004952,1.0328627,0.93691766,0.7876774,1.1739697,1.3107102,1.1092005,1.1390285,1.34027,0.84635425,0.9285747,0.7275965,0.7889802,0.85719776,1.3009893,1.3018811,1.2727787,0.70558745,0.8182757,1.3454776,1.0834426,0.80227625,0.7717,0.53050196,0.99155617,1.1614598,1.1852874,0.9504645,1.1510401,0.80980384,0.98341846,0.82684255,0.87417716,0.77396005,0.9505592,0.93185514,1.2842922,0.9394587,1.1437559,0.97895724,1.1361797,1.2397854,0.9433604,1.2673047,0.44837463,0.7633978,0.51565754,1.3737823,1.2024266,1.0616561,1.2714286,1.0413876,1.2079022,0.94915104,0.942657,0.90898085,0.8596988,0.64764756,1.2964997,0.68474734,0.8234744
