,alligator,apple,arm,ball,balloon,banana,basket,bathtub,bear,bed,belt,bench,bib,blanket,boat,book,bottle,bowl,box,bread,broom,bucket,butterfly,can,car,carrot,cat,chair,clock,closet,cookie,couch,cracker,crayon,crib,cup,dog,doll,door,drawer,dress,ear,egg,elephant,face,finger,fish,flower,foot,fork,frog,glass,glasses,glove,grass,gum,hair,hamburger,hand,hat,helicopter,horse,hose,jacket,jeans,knife,ladder,lamp,mitten,motorcycle,mouth,muffin,nail,napkin,necklace,orange,oven,owl,pajamas,pants,paper,pen,pencil,pillow,plant,plate,purse,radio,refrigerator,rooster,scarf,scissors,shirt,shoe,shorts,shower,sink,slide,slipper,soap,sock,spoon,stroller,sweater,table,tape,toe,tooth,toothbrush,towel,toy,tray,tricycle,vacuum,watch,window
alligator,0.0,1.2634646,0.7773149,1.3379018,1.2341164,1.4056034,0.9820957,0.8801386,0.8492062,0.7395365,1.4492793,0.72816527,0.8293123,0.8063631,0.88506466,1.1613572,1.4363674,1.4677621,0.8202703,0.7763202,1.2416271,1.3686295,1.1573341,1.3569226,0.75796056,1.1699735,0.42960602,0.7400583,1.3418735,0.7680633,1.0902734,0.64837813,0.7196702,1.562839,0.71701694,1.4440045,0.3942979,0.90014464,0.84643406,0.8946981,0.78205013,1.2358426,1.3568823,0.86316705,0.7785154,1.2471102,1.1123604,1.2630396,1.0070565,1.4064493,1.0600601,0.764695,1.4434738,1.3515396,0.86176515,1.295985,0.7257438,0.6880882,0.8031639,1.3115413,0.88980925,1.0602081,0.8434882,0.8965963,0.7484602,1.1767889,0.68515116,1.2587715,0.85021496,0.93675435,1.2209897,0.8318443,1.3969615,1.0716254,1.4447693,1.0703007,1.14621,0.97896844,0.81635165,0.84062934,0.8618175,1.462197,1.4392192,1.1789645,1.1176909,1.3324275,0.7381195,0.87655085,0.8467406,0.789267,1.0206331,1.0089669,0.77949345,1.1192541,1.2152419,1.0182693,1.2826527,0.79583454,1.4874406,1.4169216,1.0160397,1.22068,0.6788507,0.63171595,0.6143695,1.4130938,1.2044033,0.89038855,0.8758482,1.1682143,1.3173172,0.894279,0.64869964,1.1072356,1.4567583,0.8997558
apple,1.2634646,0.0,1.1699123,0.24814296,0.3759122,0.76370376,0.99402016,1.2774861,1.1805484,1.422663,0.8184085,1.3351218,1.2269125,1.3032675,1.26568,0.8551816,0.681944,0.65516233,1.1856921,1.0086393,0.9023246,0.7565981,0.8653217,0.8928709,1.2276146,0.5719242,1.2258321,1.3155813,0.67107034,1.3699672,0.64893436,1.3628573,1.0871732,0.72601485,1.3332417,0.7049972,1.0279939,0.7589534,1.0741158,1.0901936,1.2505462,0.8251782,0.42249185,1.3400607,1.1100105,0.6954551,0.8761773,0.5438571,0.91411483,0.7654899,0.74317324,1.1959012,0.79007673,0.6729462,1.3402672,0.48950404,1.1673293,1.0916144,1.0011101,0.78882146,1.2329962,0.8537405,1.2256696,1.2489941,1.3557742,1.1546066,1.3106754,0.8404949,0.894896,1.2886549,0.9323182,0.87918127,0.67216754,0.81768274,0.80880046,0.39338517,1.0286528,0.89597136,1.1907327,1.2430001,1.2690494,0.78515834,0.79954064,0.8806348,0.794618,0.7100942,1.1155758,1.041667,1.1509233,1.0850089,1.1438055,1.3381826,1.2731425,0.83451295,0.92795837,1.3581462,0.98708194,1.288832,0.70362836,0.765162,1.0799297,0.71025336,1.168207,1.3501946,1.3220557,0.71830624,0.6253695,1.0895118,1.2304176,0.7176137,0.41357297,0.9677227,1.2227126,1.0775553,0.7444211,1.2402729
arm,0.7773149,1.1699123,0.0,1.1312515,1.1010346,1.2433044,1.2056873,0.9929995,0.9576763,0.9507413,1.2551972,0.95231473,0.64280266,0.9396393,0.85198426,1.2130804,1.3078419,1.2693576,0.9972382,0.86387014,0.999069,1.3788484,1.1950967,1.299243,1.175381,0.99056554,1.0121038,1.0262232,1.308373,0.7585926,1.0914788,0.6989127,0.8509572,1.2456617,0.971343,1.3151648,1.0193588,1.1364675,0.85136676,1.05933,0.59514713,0.80422044,1.0041751,1.0145004,0.74938023,0.7911278,1.0436299,1.2188752,0.5746843,1.2717888,1.3833742,1.173105,0.9965747,1.2768681,1.0356811,1.159472,0.71679544,0.92886955,0.5378951,1.1380653,0.9148789,1.3399622,0.8467419,0.88858575,0.84508,1.1201893,0.9673165,1.2612476,1.0514947,0.9920998,1.0224327,1.0035378,1.0142082,1.0385569,0.98950607,1.1485634,1.2018294,1.1881511,0.5311974,0.8524614,0.86309946,1.2783195,1.2615378,1.0716418,1.1130277,1.3216902,1.0878742,1.0664968,1.0815233,0.8992136,0.8016734,1.0751061,0.6192175,0.9739369,1.0487521,0.99205106,1.2471522,0.906309,1.1946063,1.3113272,0.850095,1.1649597,1.0476156,0.81326354,0.9492824,1.2768035,0.84255147,0.7793418,0.86544997,1.0923233,1.3431151,1.1381445,0.9179462,1.1908375,1.0901546,1.020737
ball,1.3379018,0.24814296,1.1312515,0.0,0.20665169,0.7647996,1.101356,1.2802587,1.1269577,1.4204891,0.79400814,1.3181798,1.256104,1.2383636,1.2295551,0.9756092,0.7017893,0.6170753,1.2485409,1.0460817,0.87657416,0.79221594,0.90209776,0.9235236,1.2738991,0.6217226,1.2139513,1.3921101,0.5183168,1.3936038,0.68861747,1.3485398,1.1166971,0.6544942,1.3885143,0.6826551,1.1016986,0.9110373,1.086295,1.1193451,1.2625883,0.819226,0.18703276,1.2425507,1.145785,0.7478291,0.8614125,0.5559038,0.93629885,0.7559563,0.8119242,1.2430037,0.74457747,0.6150225,1.151707,0.44368434,1.1732388,1.1391629,1.0568421,0.7474904,1.2169902,0.8962637,1.2297618,1.2063264,1.3112118,1.1212975,1.3837094,0.74031204,0.94062346,1.2652802,0.7875779,0.9030652,0.61805326,0.90529305,0.7440165,0.46380824,1.1295317,0.9247494,1.2290362,1.1875783,1.2223682,0.72113025,0.68041974,0.8835462,0.9255155,0.6356641,1.1350566,1.147703,1.2669436,1.0907996,1.1276505,1.2750924,1.2494015,0.82084763,0.9388172,1.2821838,0.9752329,1.2941129,0.65145504,0.77973914,1.0637033,0.7654675,1.2392094,1.3447957,1.3446965,0.6785661,0.5955734,1.1251055,1.1937726,0.77926767,0.44717175,1.0793184,1.296261,1.1076571,0.7028949,1.279208
balloon,1.2341164,0.3759122,1.1010346,0.20665169,0.0,0.94498706,1.1145879,1.1446469,1.0345654,1.2717756,0.9484372,1.247088,1.2123083,1.1851721,1.2081153,0.97904235,0.87256175,0.6984333,1.1216265,1.0577924,0.8623749,0.8219334,0.90016395,0.9815024,1.1556504,0.74536324,1.1611414,1.2576276,0.62149155,1.2904046,0.75271094,1.2089452,1.1094294,0.8372305,1.2412677,0.7862046,1.0883431,0.9441093,1.0736085,1.039386,1.2043527,0.8635498,0.2226187,1.2399029,1.0724782,0.8321818,0.83992505,0.7063112,0.9376026,0.7946212,0.8824222,1.1295741,0.8687773,0.7725725,1.1080351,0.5197,1.1397265,1.1313702,1.0427471,0.8458029,1.1920246,0.8428153,1.2214141,1.1347399,1.2053833,1.1611583,1.2740014,0.7264356,0.9870749,1.2465754,0.8601611,0.9651524,0.7235897,0.9144584,0.87479,0.64976215,1.1285188,0.9212083,1.1423641,1.1085927,1.0797987,0.8863287,0.86058336,0.96610403,0.92380327,0.7171048,1.1242013,1.1010132,1.1611849,1.0539156,1.0621008,1.2182543,1.1995454,0.8722288,0.95976,1.2346705,0.9763438,1.2269835,0.82488066,0.9035101,1.0866116,0.75662184,1.2110846,1.223543,1.1934215,0.8863735,0.6841917,1.075212,1.1194633,0.8396932,0.61084586,1.09009,1.196001,1.1811829,0.8589971,1.1368763
banana,1.4056034,0.76370376,1.2433044,0.7647996,0.94498706,0.0,1.0079355,1.1343435,1.1087841,1.3204134,0.42394412,1.2936066,1.2342982,1.2346448,1.1469913,0.84483236,0.37320447,0.7089808,1.2874125,1.1134999,0.8775747,0.7345022,0.9392488,0.7378844,1.2079,0.8894405,1.1908863,1.3429372,0.7384069,1.2754128,0.9039841,1.389013,1.0934352,0.34922928,1.3400388,0.53557634,1.153557,1.0839572,0.9843285,1.0778692,1.2952008,0.9218829,0.75135297,1.1501838,1.1827061,0.79122573,0.92115253,0.84893703,1.117007,0.74281,0.8112528,1.1024032,0.5440742,0.6121109,1.1508099,0.887241,1.1889584,1.0825866,1.269016,0.73902375,1.1879334,0.87877464,1.2231717,1.2366018,1.3862985,0.9508794,1.2967021,0.6979178,1.2084035,1.197124,1.0378902,0.9655242,0.5982852,0.9695825,0.50212574,0.89818734,0.9733988,0.96660304,1.2928197,1.2893194,1.2948537,0.43635792,0.3614124,0.79482484,0.9212143,0.7269274,1.2277528,0.91327006,1.0957503,1.2941387,1.1372944,1.1672041,1.3345811,0.9609183,0.964914,1.1475601,0.7191918,1.3248708,0.421391,0.5746519,1.1106274,0.8424666,1.3270289,1.3003731,1.3801961,0.45571953,0.83706915,1.131068,1.2454405,0.89669293,0.7588039,1.0478052,1.3083509,0.769866,0.41241872,1.0817505
basket,0.9820957,0.99402016,1.2056873,1.101356,1.1145879,1.0079355,0.0,0.788159,1.1185762,0.874814,1.1137402,0.8106861,1.0485913,0.7813598,1.0410923,0.61865133,1.0913944,0.8881869,0.55760264,1.0010334,1.0538807,0.7118336,1.011908,0.8401218,0.88288003,1.0654429,1.1075627,0.8876213,1.082288,1.0246744,0.8635754,1.0282608,0.98334694,1.0405173,0.65696704,1.109268,1.0619118,0.8826101,0.9866914,0.7595943,1.1176336,1.317782,1.1908058,1.1768162,1.1854275,1.2762296,0.91932,0.9628138,1.2052219,0.93424374,0.9965203,0.76644886,1.258946,1.1014956,1.0649055,0.7404936,1.1758685,0.9811424,1.149518,1.1734351,1.2143106,0.91377676,1.1027863,1.0363352,1.125055,0.9082223,0.79119897,1.0096791,0.83461964,1.1082475,1.1679788,0.9673113,1.1397382,0.87115276,1.1932597,0.97356313,0.7252469,0.9641397,1.0164814,1.1400161,0.79136986,1.0098553,1.0607245,0.9036019,1.1070466,1.0092276,0.6788367,0.7450028,0.882778,1.1584585,1.160898,1.072547,1.1618426,1.0571887,0.9142812,0.99376696,0.82001746,0.9155156,1.1724192,0.9303925,1.0077155,0.9226115,0.957453,1.0067492,0.76706576,1.0697079,1.204035,1.1644653,0.89582276,0.828992,0.8426515,0.50363076,1.0113932,0.9105266,1.2320397,0.9515294
bathtub,0.8801386,1.2774861,0.9929995,1.2802587,1.1446469,1.1343435,0.788159,0.0,0.92330265,0.46360123,1.1680355,0.5990026,1.0066149,0.83424306,0.7421875,0.91892785,1.279562,1.0167893,0.6650598,0.973172,1.0196054,1.0035316,1.2251086,0.94293845,0.6858348,1.2035918,0.95336515,0.59694517,1.1879786,0.82623506,0.9930905,0.6343452,0.9777255,1.1695659,0.57071334,1.223482,1.0957971,1.1787798,0.86876875,0.76559174,1.0238851,1.3266958,1.2799861,1.0289997,1.0651293,1.4073391,1.0508114,1.1934686,1.2380865,1.1701379,1.2154913,0.9137856,1.3222226,1.2737981,0.85566425,1.2013378,1.080022,1.0203047,1.1785485,1.3232322,1.0339448,1.2212932,0.8766055,0.8862769,0.9293363,0.7903459,0.7615957,0.8192141,0.93987083,0.9520871,1.1886506,0.99550796,1.425197,0.77846843,1.3022002,1.1016816,0.77257085,1.1888864,0.9527734,1.013099,0.74063236,1.0453795,0.999807,0.8421674,1.1740279,0.964517,0.9477001,0.8983039,0.8259213,1.132914,1.0748961,0.86959434,1.00364,1.3237689,1.2432114,0.7464757,0.3783065,0.7703516,1.3493011,1.1064124,1.2126104,0.9596923,0.9061951,0.93344444,0.6803287,1.1397727,1.3520634,0.98722225,0.84662807,0.9324643,1.1982572,0.7535386,0.81816804,1.0034426,1.3555245,0.70451814
bear,0.8492062,1.1805484,0.9576763,1.1269577,1.0345654,1.1087841,1.1185762,0.92330265,0.0,0.8911387,1.0860734,0.9979793,0.8565531,0.997766,1.0868455,1.1372179,1.1514264,1.1841005,0.99190676,0.981452,1.1610801,1.0936317,1.1897848,1.1532362,0.8334262,1.1157103,0.8403388,0.9379093,1.0639366,0.8575715,1.1178594,0.95616055,0.94671,1.1979425,0.9682037,1.1887274,1.0446979,1.231486,0.90287876,1.1514081,0.9960971,1.1682142,1.0334336,0.87991625,0.7950909,1.2094945,1.1415513,1.2034051,1.1904396,1.1938105,1.2079268,0.66137743,1.1859136,1.1722934,0.77341664,1.1557155,0.8560173,1.0173984,1.0883217,1.116805,0.7692776,1.0598933,0.95527774,0.83848476,0.90674025,1.043879,0.9763213,0.9286824,1.0075997,0.8375745,1.0582464,0.958788,1.1747932,1.0761888,1.2268786,1.0839331,1.0997669,0.9635085,0.96813244,0.9296003,0.94443846,1.1762236,1.153746,1.206111,1.2120768,1.113299,0.9114144,0.97006994,0.9164598,0.9150459,0.95142597,0.8414631,0.97025335,1.1753064,1.1705372,0.92683446,1.0948604,1.0833046,1.1953609,1.1643714,1.0999789,1.1118969,0.9597879,0.58822876,0.9122644,1.0966786,1.116325,1.0150571,0.90647644,1.1882957,1.261688,1.0177785,0.78475285,1.0249445,1.1407907,0.731696
bed,0.7395365,1.422663,0.9507413,1.4204891,1.2717756,1.3204134,0.874814,0.46360123,0.8911387,0.0,1.2777812,0.5120852,0.82922643,0.5846331,0.6316689,0.98951966,1.3916976,1.1796733,0.49797422,0.93188614,1.2466481,1.2336994,1.223203,1.2111351,0.5432493,1.2735093,0.79649633,0.4605565,1.3720537,0.61064464,1.215883,0.412551,0.9087224,1.4564353,0.21457934,1.4057822,0.9326873,1.1471163,0.9990352,0.83899,0.83578515,1.3914378,1.4513308,0.93222374,0.9143051,1.3795636,1.2826471,1.3081217,1.1994717,1.3871454,1.3005342,0.7062203,1.4809575,1.5220118,0.83913434,1.3226502,1.013852,0.8131094,1.1242907,1.4671955,0.8040883,1.2049623,0.7264848,0.65253437,0.7710171,0.96997696,0.515778,1.2295784,1.0506499,0.68964064,1.2173915,1.0445623,1.4973025,1.0590168,1.4895475,1.2476095,0.90907407,1.1305249,0.8275308,0.9416402,0.53740543,1.3452661,1.3327413,1.1549547,1.3806193,1.2321,0.73100346,0.99078494,0.73496026,1.1424445,1.093674,0.8037884,0.81224257,1.3378699,1.2715428,0.6754738,0.9598271,0.53034854,1.5023704,1.3451878,1.1620365,1.3108706,0.69220275,0.74402356,0.3781817,1.2487853,1.4867976,1.1513588,1.0250776,1.152438,1.2814705,0.7569431,0.6456171,1.1273533,1.4023479,0.7418324
belt,1.4492793,0.8184085,1.2551972,0.79400814,0.9484372,0.42394412,1.1137402,1.1680355,1.0860734,1.2777812,0.0,1.2643542,1.356427,1.2427006,1.2025248,0.87396145,0.22047913,0.4821906,1.2679605,1.2728555,0.73741174,0.71567434,0.9143642,0.618348,1.1454008,0.9186588,1.2387512,1.3185207,0.7484585,1.2802142,1.0469354,1.3731388,1.2617155,0.20477045,1.3681238,0.40950692,1.2344843,1.1429509,1.100215,1.1965863,1.3209656,0.89391387,0.73755336,1.0830419,1.2723473,0.8193052,0.94762826,0.80391014,1.1329494,0.6119236,0.895302,1.1418282,0.45814514,0.47385013,1.148855,0.9150934,1.2313247,1.2462347,1.2736316,0.6400615,1.1530659,0.7968622,1.2855986,1.1766976,1.3046236,0.9488122,1.278512,0.7213658,1.2648177,1.1636764,1.015691,1.1858691,0.60931504,0.97031844,0.3657015,0.97875977,0.94410235,1.0092124,1.347247,1.1436975,1.3398613,0.3282103,0.35402,0.6824961,0.89652467,0.7453606,1.2151088,1.0702332,1.1559123,1.1681544,1.1324028,1.1184876,1.3434929,0.92558116,0.76619154,1.0998285,0.69022304,1.2900838,0.29213256,0.53925055,1.1068604,0.9010124,1.3425797,1.302541,1.4393371,0.24876934,0.81863606,1.1219931,1.2686282,0.8505043,0.7116869,1.1362436,1.2363479,0.77542245,0.26877147,1.1117458
bench,0.72816527,1.3351218,0.95231473,1.3181798,1.247088,1.2936066,0.8106861,0.5990026,0.9979793,0.5120852,1.2643542,0.0,0.9595911,0.71453816,0.71803486,0.8298253,1.3892294,1.1930653,0.5383418,1.1396352,0.9773674,1.1693915,1.2001821,0.91968894,0.6982341,1.1872367,0.8666364,0.46848494,1.3325298,0.80136263,1.2053381,0.53329945,1.0931025,1.2860849,0.57881695,1.3305031,0.9194206,1.1695778,0.9564745,0.64383036,0.87537557,1.3251388,1.3869624,0.970426,1.0227635,1.3039508,1.0665425,1.1999199,1.0281827,1.2526374,1.2806766,0.9436094,1.4150224,1.3734887,0.85842764,1.1418856,1.0394927,1.0025806,1.0816373,1.3453178,0.8146325,1.2569287,0.7059179,0.8243035,0.73594695,0.8887247,0.59900856,1.191172,0.96208984,0.8398208,1.1988363,1.1764386,1.4704236,1.0203109,1.383076,1.187213,0.76036096,1.2478147,0.8906747,0.80456626,0.7940007,1.2190857,1.1694922,0.9487723,1.2112103,1.3302588,0.7559967,0.8121901,0.8581677,1.0007133,0.9595789,0.87472254,0.87843835,1.2234507,1.1171048,0.789598,0.8293933,0.5093534,1.3479795,1.2828591,0.97341347,1.1607307,0.7151625,0.79705167,0.4479357,1.2200664,1.3295245,1.1587085,1.0251093,1.1148598,1.2345376,0.8068025,0.7470931,0.93083066,1.3955438,0.86484444
bib,0.8293123,1.2269125,0.64280266,1.256104,1.2123083,1.2342982,1.0485913,1.0066149,0.8565531,0.82922643,1.356427,0.9595911,0.0,0.8846739,0.8265188,1.1701895,1.3460999,1.3122636,0.9023801,0.887049,1.3042071,1.3141379,1.176326,1.4112632,0.9464096,1.15108,0.9085884,0.9455094,1.3044596,0.77580607,1.1241977,0.829,0.87437236,1.4547284,0.7873401,1.4327973,0.9825779,1.0301155,1.0262785,1.1292763,0.33425915,1.0295867,1.2894391,0.8468461,0.5721117,1.0133989,1.2598798,1.2560264,0.9701018,1.3688596,1.2725017,0.8574598,1.2651732,1.3847404,0.8469064,1.2652142,0.7556793,0.89780676,0.7214083,1.2514806,0.82579684,1.2256632,0.761718,0.77078986,0.74917465,1.1400484,0.8510753,1.3743277,0.9686394,0.81142926,1.1187731,0.9911346,1.2004895,1.0897682,1.2646695,1.1117706,1.1756673,1.0934964,0.32721138,0.8784097,0.7609627,1.4239556,1.4116521,1.3983045,1.1897913,1.3444524,0.84335995,0.9962898,0.92769754,1.0487809,0.6567371,0.9016945,0.25196207,1.1343247,1.0846299,0.9300385,1.3602252,0.81623447,1.4348047,1.3614554,0.99444675,1.2908962,0.8805592,0.6426067,0.8343063,1.3484586,1.1948651,0.9217933,0.8560341,1.1752124,1.3121902,0.9581627,0.77741945,1.2249625,1.2791729,0.9906631
blanket,0.8063631,1.3032675,0.9396393,1.2383636,1.1851721,1.2346448,0.7813598,0.83424306,0.997766,0.5846331,1.2427006,0.71453816,0.8846739,0.0,0.99502736,0.99352205,1.2619946,1.1975445,0.8080386,0.96035403,1.1519077,1.1420548,0.99605393,1.1364505,0.82977724,1.1351587,0.95100266,0.7181164,1.2027335,0.8059007,1.0730811,0.48096776,0.90878797,1.2937589,0.7169254,1.2209309,0.9899766,1.0131276,1.0222675,0.9778979,0.9317802,1.2507297,1.2820169,0.95134586,0.9460497,1.2541797,1.0320745,1.0713412,1.0839257,1.2190636,1.1635847,0.8840945,1.3107547,1.2642257,0.90411854,1.0417389,0.95331246,0.8641256,1.0969718,1.2429489,0.9844566,1.136243,0.8762535,0.74284494,0.7587768,1.0412675,0.8385881,1.1884766,0.9883454,0.93103564,1.0539999,0.99527705,1.2235551,1.0043063,1.2858684,1.2091445,0.98743993,1.0654119,0.80467415,0.92458683,0.7196657,1.2524775,1.2190335,0.8781345,1.2201602,1.1695461,0.7227316,0.9847206,0.96242315,1.0933819,1.0032669,0.9767584,0.86897916,1.0160145,0.952704,0.91960496,1.0877546,0.8517563,1.2716318,1.1942413,0.9434413,1.1597474,0.9292242,0.6670509,0.69363177,1.1740688,1.2727087,1.026969,0.99107814,0.98339593,1.1111984,0.9460242,0.9515464,1.1550874,1.2804978,0.8771766
boat,0.88506466,1.26568,0.85198426,1.2295551,1.2081153,1.1469913,1.0410923,0.7421875,1.0868455,0.6316689,1.2025248,0.71803486,0.8265188,0.99502736,0.0,1.0284503,1.2359686,1.090733,0.823586,0.84627676,1.1613518,1.2669913,1.1622825,1.3307486,0.9355376,1.0984044,0.95621556,0.9424617,1.2103515,0.83147323,1.0988712,0.8598353,0.8507404,1.1936994,0.59973013,1.3169136,1.0347775,1.1419444,1.092916,0.78844404,0.82372427,1.0808129,1.20832,0.9140892,0.92308533,1.1334788,1.1957625,1.1687002,0.9876335,1.198919,1.1911409,0.96858287,1.217291,1.3858134,0.89150655,1.2139429,1.0200126,0.8462053,0.92563546,1.2987134,0.92083657,1.201278,0.86275786,0.7138388,0.98229283,0.94255954,0.69650006,1.1042639,1.1410228,0.8704381,0.99707234,0.96214545,1.2902062,1.1329125,1.1975186,1.1307877,1.0897746,1.0373111,0.90102935,1.1088375,0.700408,1.1084358,1.1102111,1.3082392,1.2008531,1.059106,1.0291127,1.0678811,1.0069098,1.0582981,1.0956914,0.8351652,0.8332747,1.2885906,1.2877046,0.78725886,1.043462,0.6071197,1.3292639,1.1865529,1.100727,1.2244409,1.0166354,0.9481726,0.74161136,1.1538976,1.287173,1.0911707,0.8293894,1.1977955,1.2035986,0.81180125,0.7951991,1.1709924,1.1882844,0.98306733
book,1.1613572,0.8551816,1.2130804,0.9756092,0.97904235,0.84483236,0.61865133,0.91892785,1.1372179,0.98951966,0.87396145,0.8298253,1.1701895,0.99352205,1.0284503,0.0,0.8127557,0.8052376,0.9040942,1.1851319,0.84849,0.56192136,0.8880552,0.7314647,0.9713188,1.0742413,1.2771854,0.95491713,0.8977943,1.204774,0.9043536,1.1267773,1.1895486,0.7991815,0.9737799,0.8342148,1.1337571,0.8986354,1.0557001,0.7899367,1.2361962,1.1133076,0.99396074,1.3212509,1.180888,1.1055554,0.7519163,0.94610983,1.1031861,0.8466763,0.87837505,0.9499734,1.0721304,0.88227093,1.3564417,0.6427494,1.22504,1.0894642,1.1814342,0.9258795,1.1992296,0.8330503,1.1246227,1.0607796,1.2306361,1.0886933,1.0582004,0.83914447,1.0737303,1.142085,1.086642,1.1657803,1.0429004,0.7825221,0.94802773,0.889573,0.720652,0.98350763,1.1587536,1.2367113,0.836218,0.7828631,0.85152185,0.7350836,0.8637941,0.7681297,1.0196309,0.7431375,0.9649545,1.0826545,1.1799967,1.1702577,1.2830111,1.0031968,0.97883075,1.1616677,0.74321276,1.0044227,0.88223267,0.6844802,1.0001488,0.7651861,1.0951288,1.1974933,0.9973664,0.759423,1.0029752,1.1991867,1.2203045,0.72455454,0.7428895,0.682956,1.1318396,1.0107207,0.9976885,1.0320376
bottle,1.4363674,0.681944,1.3078419,0.7017893,0.87256175,0.37320447,1.0913944,1.279562,1.1514264,1.3916976,0.22047913,1.3892294,1.3460999,1.2619946,1.2359686,0.8127557,0.0,0.53375185,1.3702073,1.2765238,0.86869997,0.5865558,0.8839093,0.7197112,1.2429307,0.94918185,1.2749026,1.3615041,0.5807016,1.3003755,0.9077162,1.445633,1.2451389,0.22726095,1.4239268,0.30011302,1.185889,1.025696,1.0120771,1.1549804,1.3818872,0.8405009,0.6510607,1.1890234,1.1944759,0.76832056,0.9634726,0.82683325,1.1658307,0.5675338,0.8195095,1.1587894,0.4470963,0.40659058,1.2275674,0.86307824,1.1897762,1.2051477,1.3169203,0.51394093,1.2310153,0.7477136,1.3123376,1.244146,1.387908,0.89713764,1.3261286,0.63343275,1.2920023,1.2513546,0.99933004,1.1482675,0.5698478,0.9521011,0.36542523,0.89139783,0.95136404,0.91438484,1.3811129,1.291905,1.3554708,0.30478376,0.3574807,0.7179195,0.83022726,0.6214123,1.2195225,1.0306486,1.122246,1.2160393,1.1968107,1.1668172,1.4155179,0.9482849,0.8814269,1.1292504,0.76220685,1.330661,0.26156992,0.40455568,1.0915302,0.87962806,1.3461146,1.3533137,1.5077765,0.19889224,0.7659273,1.1200426,1.3101958,0.81201243,0.5491305,1.0617629,1.3438733,0.6952313,0.22479737,1.155528
bowl,1.4677621,0.65516233,1.2693576,0.6170753,0.6984333,0.7089808,0.8881869,1.0167893,1.1841005,1.1796733,0.4821906,1.1930653,1.3122636,1.1975445,1.090733,0.8052376,0.53375185,0.0,0.807464,1.1227126,0.8081281,0.5936115,0.98133904,0.68921006,1.067056,0.7714568,1.2316974,1.2743982,0.75201225,1.3295107,0.8198752,1.2133484,1.1777998,0.48159462,1.1144477,0.52638084,1.240128,1.0971351,1.3288851,1.0857278,1.2520425,0.9480591,0.6911479,1.2024053,1.2296641,0.86292416,0.8974043,0.70899236,1.0387094,0.64664936,0.9572574,1.0748492,0.742066,0.66631126,1.0037944,0.60936147,1.3172474,1.1780208,1.2306347,0.8796297,1.1944224,0.9332206,1.2779467,1.0826558,1.235466,1.0008054,1.2988551,0.85738856,1.020097,1.2040459,0.82382905,1.1165087,0.80312127,0.9453443,0.729993,0.85540587,1.0748175,0.97957706,1.3351991,1.1363087,0.998882,0.6289346,0.6091916,0.87080634,0.96121967,0.67217827,1.1626493,1.2414244,1.2248577,1.1933613,1.1841877,1.1096121,1.2962142,0.8762541,0.87164766,1.1458377,0.65806454,1.1045034,0.5579318,0.6157281,1.0841858,0.8629056,1.2688551,1.2877145,1.1112132,0.5052206,0.93852305,1.1556175,1.0573211,0.84235656,0.48218977,0.7633195,1.232116,1.1090595,0.6264534,1.1944298
box,0.8202703,1.1856921,0.9972382,1.2485409,1.1216265,1.2874125,0.55760264,0.6650598,0.99190676,0.49797422,1.2679605,0.5383418,0.9023801,0.8080386,0.823586,0.9040942,1.3702073,0.807464,0.0,0.9516393,1.1272681,1.0530177,1.2124882,1.0217599,0.6536884,1.1123164,0.9041921,0.67644995,1.3380505,0.82332724,1.0924122,0.6055133,0.9245291,1.3527634,0.37882268,1.3631887,0.97954655,0.97895795,1.073488,0.72840345,0.8507045,1.2717323,1.3215872,1.054897,1.0123425,1.2412469,1.1785088,1.1232425,1.0978818,1.2791833,1.2729604,0.6979267,1.4024698,1.4716343,0.8743409,1.0433474,1.0149823,0.86437666,1.0567487,1.4088528,0.9579156,1.1591048,0.92057186,0.77819586,0.77449936,1.0287946,0.7247874,1.3006876,0.94266844,0.8995187,1.2094997,1.0226446,1.4208814,1.1046621,1.4467047,1.1675242,0.92304075,1.0650469,0.9340659,0.8511323,0.591502,1.35254,1.300062,1.2211767,1.2510896,1.2539561,0.69320196,0.8127379,0.85672903,1.0822201,1.003639,0.9727057,0.88344884,1.2671568,1.0776391,0.85632086,0.9576373,0.5982999,1.4396957,1.2277765,1.0972451,1.1681249,0.7543287,0.8041358,0.37718427,1.2950073,1.3727024,1.1713883,0.96262103,1.1519531,1.0509844,0.39960527,0.74184895,1.1530313,1.3907826,0.88018256
bread,0.7763202,1.0086393,0.86387014,1.0460817,1.0577924,1.1134999,1.0010334,0.973172,0.981452,0.93188614,1.2728555,1.1396352,0.887049,0.96035403,0.84627676,1.1851319,1.2765238,1.1227126,0.9516393,0.0,1.153956,1.2981626,1.1321099,1.334749,1.154095,0.85466444,0.7611968,1.1179596,1.1898513,0.86307526,0.82141036,0.93588793,0.2173866,1.329342,0.8869644,1.3019915,0.80538833,0.9743364,1.0968509,1.0546659,0.8128206,1.1259207,1.1049308,0.81080866,0.95708776,1.065914,1.1451515,1.0155379,0.9762387,1.305338,1.0655056,1.0314993,1.1472001,1.2617128,0.95159477,1.0894805,0.9391525,0.419109,0.8430364,1.1997536,1.0713173,1.1495619,0.98369133,0.92725986,1.0142851,1.16362,0.951947,1.2196449,0.8802836,1.0010602,1.088673,0.19902575,1.1373519,1.0535628,1.2246518,0.97830087,1.1770505,0.8815211,0.88031346,1.0661958,0.83866435,1.3085513,1.2553041,1.2560664,0.9765551,1.0986124,1.0622039,1.0322896,1.0121475,1.1823931,1.0734433,1.0570853,0.87658703,1.0365169,1.0734484,1.0608354,1.2945758,0.99041814,1.3182261,1.1879264,1.0317558,1.0137701,1.0077772,0.9054794,0.97004044,1.3036884,1.1852914,0.85367334,0.8093232,1.0500627,1.205292,0.95647854,1.0013729,1.327802,1.2410591,1.0651406
broom,1.2416271,0.9023246,0.999069,0.87657416,0.8623749,0.8775747,1.0538807,1.0196054,1.1610801,1.2466481,0.73741174,0.9773674,1.3042071,1.1519077,1.1613518,0.84849,0.86869997,0.8081281,1.1272681,1.153956,0.0,0.892196,0.8837152,0.51812863,1.1877704,0.8174446,1.1985636,1.1016767,0.9347285,1.1360711,1.0767435,1.0997797,1.2302469,0.5891732,1.2625836,0.6920018,1.1224642,1.1142422,0.97110844,0.9138745,1.1762276,0.7154569,0.8319721,1.1355344,1.1926196,0.84358895,0.64134455,0.82376313,0.83359724,0.61705834,1.0057621,1.2709413,0.63460934,0.8420874,1.254388,0.7536568,1.1213819,1.2845519,1.0297321,0.8157332,1.2065964,1.0243924,1.1583222,1.213902,1.0164319,0.91097647,1.1160873,0.8102318,1.0274587,1.2455275,0.9273254,1.2161471,0.81230175,0.9424498,0.6233723,0.9471221,0.8519056,1.225061,1.159484,0.8652156,1.1961942,0.7774764,0.7115518,0.6417712,0.6617173,0.8928965,1.2533996,1.0475177,1.2242811,0.93385106,0.7451901,1.1739026,1.1879995,0.75173134,0.62372786,1.1356473,0.6464149,1.1400554,0.6440412,0.8777677,0.8541792,0.79012203,1.3021822,1.3005725,1.1891377,0.93404377,0.80639434,0.9404617,1.034778,0.91200376,0.9877531,1.2865638,1.2091832,0.8812128,0.7897869,1.0560497
bucket,1.3686295,0.7565981,1.3788484,0.79221594,0.8219334,0.7345022,0.7118336,1.0035316,1.0936317,1.2336994,0.71567434,1.1693915,1.3141379,1.1420548,1.2669913,0.56192136,0.5865558,0.5936115,1.0530177,1.2981626,0.892196,0.0,0.7781279,0.47255123,1.0130938,1.0389401,1.353498,1.0621978,0.61367357,1.2989925,0.8605673,1.3575158,1.3128338,0.6117489,1.195941,0.44107044,1.2333757,0.9202826,0.9285394,0.9091495,1.3308852,1.0066617,0.7478123,1.3136015,1.2892175,1.0344344,0.7294285,0.86209005,1.1969165,0.59341455,0.72307944,0.99907863,0.8414206,0.50820196,1.2905765,0.7044502,1.2800813,1.2662848,1.3453403,0.654854,1.321208,0.70925987,1.2433186,1.238408,1.2793033,0.88911664,1.1825404,0.587922,1.0627315,1.290674,0.9291787,1.1676697,0.767147,0.6650458,0.79015446,0.8455235,0.6689453,0.9931214,1.2845732,1.2124442,1.2077314,0.61491114,0.6886192,0.6213891,0.8763594,0.5732964,1.0379748,0.91002643,0.99503714,1.0296776,1.1883874,1.2185564,1.3479483,0.83120304,0.8775518,1.1341758,0.6450289,1.336171,0.6063466,0.47734445,1.0328553,0.6269847,1.2089186,1.361443,1.2547752,0.5378264,0.7908942,1.1185898,1.1672156,0.5836232,0.5927472,0.8563123,1.2635974,0.78788567,0.79016364,1.0314522
butterfly,1.1573341,0.8653217,1.1950967,0.90209776,0.90016395,0.9392488,1.011908,1.2251086,1.1897848,1.223203,0.9143642,1.2001821,1.176326,0.99605393,1.1622825,0.8880552,0.8839093,0.98133904,1.2124882,1.1321099,0.8837152,0.7781279,0.0,0.8848326,1.086123,0.8883467,1.159956,1.1779097,0.73349595,1.1853776,0.8408443,1.2487924,0.99850893,0.8591791,1.220506,0.8139155,1.0325334,0.9115508,1.1180493,1.0470214,1.2331154,0.931742,0.9307969,1.1554011,1.1212573,0.995294,0.5189662,0.74673533,0.9478724,0.75377965,0.51898015,1.0907766,0.94778764,0.79171455,1.2044694,0.8278127,1.0938672,1.168692,1.0518788,0.88619745,1.0756652,0.7773239,1.1251166,1.139549,1.1699454,1.0438173,1.1154503,0.8965839,1.0488183,1.1003481,0.8551127,1.0507622,0.8904775,0.97222847,0.87998885,0.87878186,1.0778425,0.9196358,1.1963907,1.122602,1.0975487,0.86644197,0.8953052,0.88826627,0.7165215,0.7542914,1.076392,1.0399982,1.1202955,0.8487166,1.077301,1.032806,1.2016721,0.8793769,0.8294611,1.1246622,1.005439,1.1769824,0.82002676,0.80613226,0.9513429,0.7715534,1.0948751,1.2486329,1.2239656,0.92223966,0.89876187,1.0447222,1.146822,0.8974587,0.7980492,1.106864,1.1296054,1.0010664,0.9515698,1.0935118
can,1.3569226,0.8928709,1.299243,0.9235236,0.9815024,0.7378844,0.8401218,0.94293845,1.1532362,1.2111351,0.618348,0.91968894,1.4112632,1.1364505,1.3307486,0.7314647,0.7197112,0.68921006,1.0217599,1.334749,0.51812863,0.47255123,0.8848326,0.0,1.1012393,1.0056634,1.1964264,0.8479405,0.80843115,1.1614512,1.0903385,1.1682225,1.3971369,0.4908545,1.2590387,0.50213075,1.1263018,1.0388012,0.8505014,0.91553044,1.2666829,0.9738449,0.91693825,1.1184578,1.3236382,0.94067484,0.7769341,0.8776969,0.96207285,0.5759379,0.906798,1.245003,0.7171375,0.59218,1.2389121,0.8618872,1.235749,1.3857977,1.2648618,0.6317493,1.2783555,0.8696282,1.1477956,1.3008864,1.0497733,0.6945696,1.1531873,0.6703812,1.0760965,1.2552977,1.0778601,1.3171427,0.77002704,0.7621467,0.72363245,1.0087911,0.35444605,1.2244409,1.2468252,0.8462174,1.3515334,0.5752031,0.5579196,0.42269087,0.7823276,0.8177047,1.1463083,0.897089,0.96244526,0.9843288,0.8895822,1.1999991,1.3162985,0.700055,0.6972667,1.0306978,0.43637013,1.3043427,0.46714848,0.69389015,0.8358085,0.7302223,1.1282475,1.3306943,1.2351433,0.7656751,0.736318,1.0950634,1.2380552,0.754949,0.8690629,1.1234367,1.3005226,0.5593914,0.75259906,0.9647889
car,0.75796056,1.2276146,1.175381,1.2738991,1.1556504,1.2079,0.88288003,0.6858348,0.8334262,0.5432493,1.1454008,0.6982341,0.9464096,0.82977724,0.9355376,0.9713188,1.2429307,1.067056,0.6536884,1.154095,1.1877704,1.0130938,1.086123,1.1012393,0.0,1.1694089,0.8453618,0.71734124,1.1581731,0.9192528,1.1940812,0.8414617,1.1242208,1.2899401,0.59753686,1.257282,0.9596646,1.1233938,1.0690156,1.0348629,0.96121347,1.2766514,1.2989247,0.94929886,0.9776178,1.3671314,1.0112298,1.1981199,1.2581074,1.1410897,1.0555369,0.59673166,1.3686665,1.2531303,0.8577568,1.1564254,0.9757837,1.0005945,1.1438253,1.3192118,0.7679008,1.0373646,0.900496,0.90852654,0.8176305,1.0669546,0.6712179,1.116191,0.8894235,0.68837243,1.1473614,1.1079826,1.3800269,0.9918476,1.4118798,1.0677899,1.0642614,1.0857983,1.0204235,0.9348005,0.801629,1.2402315,1.2239171,1.0842626,1.1984124,1.149603,0.7573378,0.9500202,0.7472539,0.8661224,1.1098207,0.7648753,0.89027387,1.2946625,1.148299,0.8901572,0.8859723,0.830619,1.370142,1.1377597,1.2163798,1.1751307,0.6661415,0.7647825,0.69848716,1.1564343,1.3903008,1.0957139,0.93253493,1.1071514,1.1537964,0.756767,0.29784775,0.9832808,1.3241397,0.7245855
carrot,1.1699735,0.5719242,0.99056554,0.6217226,0.74536324,0.8894405,1.0654429,1.2035918,1.1157103,1.2735093,0.9186588,1.1872367,1.15108,1.1351587,1.0984044,1.0742413,0.94918185,0.7714568,1.1123164,0.85466444,0.8174446,1.0389401,0.8883467,1.0056634,1.1694089,0.0,1.0859995,1.3194375,0.9966916,1.2518331,0.62656355,1.1415596,1.003753,0.83621776,1.1990042,0.95071983,1.0626708,1.005243,1.1859496,1.1129661,1.1129164,0.77498263,0.74293053,1.1021104,1.0971934,0.7157122,0.8276976,0.47742182,0.7975317,0.821722,0.8832397,1.189171,0.8338867,0.8524326,1.1229151,0.56951547,1.0651603,1.0749599,0.8241022,0.98091483,1.1430205,1.1220267,1.2156243,1.1194714,1.0679361,1.1510972,1.2269702,1.0947977,0.588084,1.2313559,0.74167925,0.7286173,0.8292644,0.9258645,0.91507065,0.5573972,1.1644119,1.0532215,1.1258872,0.98174286,1.1374055,0.9972111,0.94955987,0.976298,0.90619624,0.98678535,1.2734784,1.1710929,1.2281487,0.9253592,0.97486955,1.2079154,1.0809901,0.85204333,0.89607596,1.2815338,1.0690073,1.1427978,0.8504144,0.94546616,0.9988991,0.85980916,1.1923906,1.1801031,1.1788967,0.9495096,0.820954,0.96101654,0.909907,0.9102204,0.78265595,1.0776691,1.1046569,1.2620928,0.8536674,1.1779808
cat,0.42960602,1.2258321,1.0121038,1.2139513,1.1611414,1.1908863,1.1075627,0.95336515,0.8403388,0.79649633,1.2387512,0.8666364,0.9085884,0.95100266,0.95621556,1.2771854,1.2749026,1.2316974,0.9041921,0.7611968,1.1985636,1.353498,1.159956,1.1964264,0.8453618,1.0859995,0.0,0.86965656,1.234827,0.7762146,1.148047,0.79060674,0.7848557,1.3446927,0.83124405,1.264303,0.1424824,1.0092871,1.0109977,1.0600027,0.8001479,1.1924855,1.2626112,0.5556958,0.9094086,1.1950231,1.178992,1.1900454,0.99325603,1.2464328,0.9396671,0.77888286,1.2468741,1.2007608,0.6539382,1.2734497,0.86005384,0.8343752,0.9675193,1.2299347,0.8697083,1.0233016,0.94064385,0.91877854,0.7850076,1.0446821,0.89427394,1.2131336,0.85844517,0.8812689,1.1074857,0.83312166,1.3035281,1.1628315,1.3225157,1.0426099,1.1200441,0.92860043,0.95089024,0.79602087,0.9822917,1.3142338,1.2200058,1.2000946,1.0880008,1.262415,0.88353986,1.0059862,0.93029225,0.9855643,1.0075614,0.8952178,0.8246517,1.0130528,1.2176907,0.91572326,1.1598878,0.91938055,1.2686529,1.3119026,1.0857441,1.21105,0.8041363,0.7811376,0.77294695,1.2868822,1.2188177,0.94350386,0.85588723,1.2700369,1.2732347,1.0276942,0.8521091,1.0793521,1.2692446,0.915691
chair,0.7400583,1.3155813,1.0262232,1.3921101,1.2576276,1.3429372,0.8876213,0.59694517,0.9379093,0.4605565,1.3185207,0.46848494,0.9455094,0.7181164,0.9424617,0.95491713,1.3615041,1.2743982,0.67644995,1.1179596,1.1016767,1.0621978,1.1779097,0.8479405,0.71734124,1.3194375,0.86965656,0.0,1.2866054,0.7363679,1.1623847,0.36022586,1.1212115,1.4159184,0.5317849,1.2388276,0.8993442,0.98872024,0.91415864,0.8040384,0.88203853,1.3502266,1.4703879,1.0187725,1.0049272,1.3156221,1.2081277,1.3208725,1.1306977,1.239317,1.1857702,0.96624345,1.453412,1.3007486,0.92431605,1.3069459,1.0402484,1.0468429,1.1186471,1.233616,0.7717944,1.1415429,0.6193227,0.7947062,0.7148502,0.80310684,0.5729173,1.123472,1.0045147,0.67888993,1.280613,1.201133,1.4237646,0.97333956,1.4538512,1.2223518,0.51965785,1.1762815,0.878034,0.8401772,0.89943826,1.2865078,1.3281403,0.90984076,1.166753,1.3025873,0.70727545,0.8307347,0.52148163,0.9578449,0.9752707,0.77965546,0.9034512,1.2087262,1.1723318,0.78326577,0.878842,0.66508806,1.3659341,1.2733816,0.94192475,1.0890843,0.37865233,0.7738597,0.47190273,1.2934978,1.2996441,1.0753554,1.0631293,1.0905021,1.2306685,0.90872055,0.78987944,0.7517634,1.4461423,0.76648784
clock,1.3418735,0.67107034,1.308373,0.5183168,0.62149155,0.7384069,1.082288,1.1879786,1.0639366,1.3720537,0.7484585,1.3325298,1.3044596,1.2027335,1.2103515,0.8977943,0.5807016,0.75201225,1.3380505,1.1898513,0.9347285,0.61367357,0.73349595,0.80843115,1.1581731,0.9966916,1.234827,1.2866054,0.0,1.2133396,0.80901587,1.4542375,1.179656,0.61731505,1.3873639,0.52204263,1.1624428,0.9448731,0.9113388,0.87569076,1.3882236,1.0285685,0.4705832,1.1377705,1.1553719,1.044726,0.82672626,0.76349956,1.1550293,0.6872343,0.6254715,1.083991,0.8090421,0.63677526,1.1338667,0.78522456,1.1674743,1.2081194,1.3054338,0.72848964,1.075494,0.71968937,1.189985,1.3049115,1.3863238,0.9175147,1.2839255,0.37091547,1.1873255,1.0691991,0.92388546,1.020774,0.74577177,1.0463973,0.7485858,0.8727176,0.97559726,0.7949758,1.373482,1.3184232,1.2064964,0.52600956,0.54494804,0.8370999,0.8851689,0.21749991,1.1614316,1.0759825,1.0395919,1.0212828,1.2016218,0.9389653,1.4012066,0.9506103,1.057053,1.1030734,0.8207612,1.329634,0.63006246,0.63312256,1.1028357,0.76976717,1.1775376,1.3538039,1.3827734,0.65092796,0.8100506,1.0486797,1.1685848,0.9166588,0.6047384,1.0614785,1.2597284,0.73364174,0.7459818,1.0917095
closet,0.7680633,1.3699672,0.7585926,1.3936038,1.2904046,1.2754128,1.0246744,0.82623506,0.8575715,0.61064464,1.2802142,0.80136263,0.77580607,0.8059007,0.83147323,1.204774,1.3003755,1.3295107,0.82332724,0.86307526,1.1360711,1.2989925,1.1853776,1.1614512,0.9192528,1.2518331,0.7762146,0.7363679,1.2133396,0.0,1.1892351,0.6208522,0.88834345,1.3892937,0.6549504,1.3709373,0.9232165,1.1924362,0.5037662,0.82915527,0.67053485,1.1996386,1.377364,0.7678758,0.79757524,1.2368376,1.3063419,1.3238086,1.0488346,1.3039955,1.2842759,0.9148541,1.2499022,1.4915518,0.82118225,1.4399427,0.8023368,0.9094203,0.98757774,1.2570179,0.77210337,1.2198099,0.81767446,0.9331522,0.7558591,0.9202719,0.65082514,1.1242566,1.0667815,0.72203946,1.220859,0.9781717,1.374207,1.2314324,1.3125272,1.2447945,0.8553028,1.1327364,0.70473045,0.8904932,0.8674092,1.29847,1.3082426,1.2362808,1.153826,1.304341,0.88849235,0.9722867,0.7668982,1.0513726,0.8562316,0.7195109,0.71636367,1.1809149,1.1894596,0.529004,1.1400126,0.86609155,1.4106781,1.3609653,1.1467847,1.3716741,0.8483936,0.8036221,0.6844232,1.3113637,1.3748407,0.88422424,0.887206,1.3009479,1.4398131,1.0330135,0.78130305,0.7921057,1.2871977,0.6577756
cookie,1.0902734,0.64893436,1.0914788,0.68861747,0.75271094,0.9039841,0.8635754,0.9930905,1.1178594,1.215883,1.0469354,1.2053381,1.1241977,1.0730811,1.0988712,0.9043536,0.9077162,0.8198752,1.0924122,0.82141036,1.0767435,0.8605673,0.8408443,1.0903385,1.1940812,0.62656355,1.148047,1.1623847,0.80901587,1.1892351,0.0,1.2056639,0.7724882,0.95839906,1.1515375,0.92844504,1.039475,0.8764863,1.0839971,0.91784,1.221036,1.0727497,0.83337235,1.2011751,1.0143691,1.0611908,1.002364,0.5251413,1.0588641,0.95039344,0.78166544,1.1531062,1.1235787,0.89932644,1.0313486,0.7314259,1.1161065,0.9797012,1.1208949,1.0402865,1.1660508,0.9297461,1.2016621,1.170529,1.2892239,0.98366624,1.1608726,0.89849055,0.8769221,1.1469879,0.9260532,0.5848301,1.0097902,0.86351323,1.0182507,0.6718507,1.0294813,0.8947092,1.2060965,1.2862071,1.0340192,0.9294276,0.9295057,1.0621033,0.9700064,0.8290735,1.1189334,0.9895653,0.9938233,1.094564,1.1816126,1.0448433,1.220583,1.0711637,1.1035931,1.1570266,0.9366383,1.0399734,0.99131787,0.7784994,1.1158831,0.75588095,1.0729383,1.2111738,1.1420563,0.86089724,1.0059042,0.9944578,0.9616285,0.8354233,0.5977957,0.8648875,1.1727147,1.0857583,1.0563196,1.1976722
couch,0.64837813,1.3628573,0.6989127,1.3485398,1.2089452,1.389013,1.0282608,0.6343452,0.95616055,0.412551,1.3731388,0.53329945,0.829,0.48096776,0.8598353,1.1267773,1.445633,1.2133484,0.6055133,0.93588793,1.0997797,1.3575158,1.2487924,1.1682225,0.8414617,1.1415596,0.79060674,0.36022586,1.4542375,0.6208522,1.2056639,0.0,0.93428576,1.4764874,0.5063311,1.4148822,0.862098,1.0832596,0.97573847,0.9175917,0.690038,1.1700675,1.3793449,0.9449677,0.8475705,1.1475402,1.1946611,1.2846279,0.96453965,1.3606771,1.3217804,0.9723745,1.369343,1.4286311,0.8419547,1.2597042,0.89347434,0.8488049,0.9242586,1.3656268,0.81436116,1.3174819,0.7099289,0.6502914,0.54356927,1.0401036,0.7449763,1.365438,0.9754399,0.8380153,1.1350572,1.085392,1.3863215,1.0889534,1.4159341,1.2511445,0.966236,1.205262,0.71305263,0.70377576,0.7221941,1.4626256,1.4088947,0.968904,1.221508,1.3935205,0.813445,1.0149605,0.8915592,0.9925896,0.8620641,0.9687694,0.6902559,1.1071124,1.1119801,0.87237287,1.0966314,0.6267953,1.4249344,1.3764988,0.9745654,1.2576631,0.69649386,0.5856318,0.4035989,1.36197,1.3065937,0.98431164,0.9921655,1.1694129,1.3137009,0.96842897,0.81209314,1.191635,1.3946536,0.84181416
cracker,0.7196702,1.0871732,0.8509572,1.1166971,1.1094294,1.0934352,0.98334694,0.9777255,0.94671,0.9087224,1.2617155,1.0931025,0.87437236,0.90878797,0.8507404,1.1895486,1.2451389,1.1777998,0.9245291,0.2173866,1.2302469,1.3128338,0.99850893,1.3971369,1.1242208,1.003753,0.7848557,1.1212115,1.179656,0.88834345,0.7724882,0.93428576,0.0,1.3385327,0.8694999,1.2807854,0.83844244,0.9433089,1.0983423,1.0506281,0.84933615,1.1823825,1.1502411,0.85860276,0.92251897,1.1266944,1.174466,1.0219514,1.0293089,1.3673575,1.05249,0.9340929,1.2432227,1.2998898,0.8914998,1.2156901,0.93161196,0.34399796,0.9043485,1.2558228,0.9771599,1.1247177,1.0276318,0.9316353,1.0405046,1.140806,0.9510586,1.2129605,1.0222887,0.9383453,1.1965849,0.26375973,1.1560984,1.0987135,1.2480869,1.0816097,1.2545545,0.8448647,0.92294484,1.1093223,0.69285756,1.2879417,1.2344793,1.3186682,1.0637784,1.0619124,1.0345107,1.0448521,1.0077082,1.1458913,1.1243716,0.97402215,0.9113699,1.1639178,1.1613183,1.0073311,1.2839189,0.8949583,1.3575237,1.1424387,1.054953,1.0494165,0.9677796,0.86240846,0.92952067,1.2551047,1.1978196,0.8711039,0.8920991,1.0944128,1.1220627,0.8971683,0.9810458,1.2607269,1.2337251,1.0368071
