,alligator,ankle,apple,applesauce,arm,ball,balloon,banana,basket,bathtub,bear,bed,belt,bench,bib,bird,blanket,boat,book,bottle,bowl,box,bread,broom,bucket,butterfly,can,car,carrot,cat,chair,chips,clock,closet,coat,coffee,comb,cookie,corn,couch,cracker,crayon,crib,cup,deer,dish,dog,doll,door,drawer,dress,ear,egg,elephant,eye,face,finger,firetruck,fish,flower,foot,fork,frog,game,giraffe,glass,glasses,glove,grass,gum,hair,hamburger,hand,hat,horse,hose,jacket,jar,jeans,knife,ladder,lamp,meat,melon,milk,mitten,motorcycle,mouth,muffin,nail,napkin,necklace,nose,orange,oven,owl,pajamas,pants,paper,pastry,pen,pencil,penguin,pickle,pig,pillow,pizza,plant,plate,pony,potato,pumpkin,purse,radio,raisin,refrigerator,rooster,sauce,scarf,scissors,shirt,shoe,shorts,shovel,shower,sink,slide,slipper,snow,soap,sock,soup,spoon,sprinkler,stick,strawberry,stroller,sweater,table,tape,toe,tooth,toothbrush,towel,toy,tray,tree,truck,vacuum,watch,window
alligator,0.0,1.2388787,1.3176469,0.9937152,0.8586048,1.0703453,1.2125506,1.2206478,1.1686468,0.86993134,0.70111686,0.7092119,1.3187897,0.87360966,0.6580217,0.67122257,0.7120365,0.82961094,0.64915764,1.4360206,1.4080377,0.8009422,1.274353,0.9766923,1.2834005,0.7446691,1.2014757,0.8681393,1.1046112,0.78059936,1.1516694,1.0120784,1.030179,0.85382086,0.93988895,1.1840402,0.7926885,1.1685375,1.2067204,1.0758995,0.9687024,1.2664092,0.75180745,1.4120985,1.1655095,1.0715814,0.3274749,0.875194,0.9626671,1.1264904,0.9530749,1.247189,1.4421911,0.9445132,1.049998,0.8323172,1.2175348,0.8733734,0.6828531,1.1059858,1.3251758,1.2724195,0.50805414,0.7539604,0.42757952,0.894195,1.217017,1.1438475,0.8046024,1.0161202,0.86354196,1.0947803,0.97787696,1.2870626,0.6092978,0.8620614,0.8866226,1.2299768,0.80739164,1.27841,1.2439651,1.2618898,0.7992293,1.1986648,1.2352434,0.6318693,0.77047795,1.0191393,1.016288,1.3526716,1.1627233,1.232334,1.2729101,1.2927625,1.0408398,0.95576733,0.7684323,0.8507776,0.49134088,1.0945765,1.2146726,1.2843702,0.9719724,1.2597666,0.53993434,0.8267435,1.093428,0.95267105,1.1309984,0.520556,1.2908629,1.3758487,1.0560963,1.2011828,1.165005,1.2618548,1.0410491,0.94806325,0.9786273,1.2696834,0.8452069,0.90693825,0.94300556,1.201156,0.91047853,1.0111433,0.8222358,1.141632,0.9582601,1.3613151,1.0653847,0.9252958,1.3341762,1.2823849,0.9677714,0.9919178,0.8337457,0.8377203,0.8375518,1.333968,1.3163801,1.2203354,1.2728356,1.2431151,1.0388647,1.0152906,0.6537976,0.83695257,1.2069813,1.3304374,0.88340324
ankle,1.2388787,0.0,0.83064425,0.7894761,0.9734095,0.9288663,1.0509822,0.91464967,1.2362007,1.3286839,1.1250298,1.2883122,0.70757186,1.2382504,1.0225265,1.0151495,1.2392752,1.1852796,1.2724029,1.006358,1.0873936,1.237651,0.95703495,1.0444062,1.0969276,1.1106074,1.1643896,1.1748068,0.6518073,1.122272,1.0011941,1.1082048,1.1929201,1.2701516,1.0253354,1.132784,1.3058302,0.99643075,0.85002726,1.1450069,1.0166287,0.88819915,1.3696122,1.0170586,0.9108726,1.2212472,1.1890595,0.9385817,1.1899538,0.8592209,0.8327832,0.4444008,0.81041074,1.1243855,0.60351217,0.8552417,0.25634152,1.1940767,0.9129193,1.0059794,0.3715915,1.033559,1.0274917,1.1177138,1.0935187,1.2992339,0.561126,0.7022342,1.1180073,0.7518281,0.7299191,1.0753008,0.56272906,0.78350925,1.0843502,1.0811847,1.1089396,1.0946503,0.9528069,1.0769725,1.0941012,1.0791085,1.1091387,0.9002969,1.1169858,0.89666384,1.2346015,0.7347244,1.0005271,0.6435219,1.1088562,0.8245836,0.51640546,0.8455507,1.3253654,1.089109,1.0635157,0.93773353,1.2560385,0.89935774,0.9301861,0.78431726,0.9859086,0.8609714,0.99399126,1.1781993,1.1981823,1.154146,1.289742,1.1356636,0.59693587,0.5376524,1.0815223,1.1049997,0.8130576,1.1423118,1.0342523,1.0701338,1.0385962,0.9657469,1.0556624,0.76736325,0.8989546,1.1733615,1.2593844,1.279684,1.1565084,0.6628097,1.1398828,1.0366142,0.9571994,1.2280059,1.0162253,0.9374064,0.9504514,0.76711357,1.1473613,1.0873607,1.3289633,0.9570315,0.18359321,0.5364271,0.9045172,1.0044984,1.0162581,1.2941052,1.2389803,1.1589507,1.0555621,0.7119199,1.2391278
apple,1.3176469,0.83064425,0.0,1.047103,1.4065651,0.47447962,0.42505908,0.5275644,0.96254116,1.389875,1.1735456,1.526628,0.5489516,1.3792235,1.427448,1.0387613,1.4971398,1.1308566,1.1748112,0.67730963,0.46141863,1.2510339,0.51324666,1.2806578,0.8788173,0.81319314,1.1067793,1.1057471,0.6774554,1.2818452,1.2432572,1.0969038,1.0484283,1.4806031,1.2586489,1.0199118,1.5055429,0.6766598,0.60887927,1.3023317,0.93457466,0.4050491,1.5906261,0.59952116,0.60461867,1.1492014,1.3100715,1.0708239,1.4012601,1.0119652,1.1304741,0.8248464,0.26073676,1.2512001,0.9000516,1.1983284,0.8213467,1.1930866,0.7470474,0.8632878,0.6256042,0.76186466,0.85345125,1.2196226,1.2626476,1.411355,0.7621381,0.8471731,1.1502855,0.64564115,1.2384067,0.8465624,1.2241919,0.4497497,1.0618776,1.2815648,1.3923349,0.84630823,1.3850125,0.77128166,1.1028324,0.63380367,1.0400777,0.573866,1.002184,1.3393447,1.3308997,1.0442593,0.7169352,0.2673533,1.0647888,0.9234865,0.64454544,0.16878635,1.3929464,0.9608103,1.4752386,1.4458795,1.418767,0.83914804,0.50578666,0.5430952,0.86644584,0.4002763,1.0293365,1.3868504,0.80614847,1.1171806,0.8914804,1.0182973,0.675853,0.27659827,1.0991762,0.9549479,0.40714908,1.0695956,0.6540918,0.9109123,1.2504562,0.58859867,1.3855379,1.2011225,1.364955,0.95213884,1.4191136,1.3286203,1.2878222,0.5675676,1.1580702,0.52857196,1.173044,1.0786017,0.63726145,0.87145084,1.0940129,0.80034924,1.2790029,1.4173291,1.3794006,0.37703705,0.5939001,0.66999066,0.6853811,0.94978124,0.5804338,1.2421943,1.1922717,1.3737328,1.155066,0.5092139,1.3676453
applesauce,0.9937152,0.7894761,1.047103,0.0,0.8642399,0.9750176,1.2798934,0.9271281,1.278617,1.0198562,1.0682476,1.0635343,1.0321536,1.2180288,0.8473086,0.91748136,1.0580943,0.89013845,1.1004108,1.2250447,1.2011926,1.1279914,0.9334417,1.0504984,1.2214627,1.0442027,1.2737339,1.1331981,0.95463645,1.1309118,1.3114522,0.7876648,1.2219445,1.0643533,1.1153401,0.90754396,1.0585026,0.89398736,0.82737076,1.2208999,0.76087755,1.1377308,1.0555445,1.1551278,1.1386757,0.9737901,1.110984,1.0413687,1.1017456,1.012146,0.92986584,0.81173354,1.0536052,1.0972993,0.7185605,0.79946595,0.60929334,1.1539253,1.0297928,1.073847,0.81905067,1.1875651,1.0286415,1.0464065,0.9644208,1.0712051,0.8013288,0.982152,1.0722696,0.78616154,0.7993641,0.9232853,0.5987756,1.21598,1.1506858,1.0131139,0.9669942,1.1525203,0.9592631,1.1736672,1.2797577,1.3014427,0.7620846,0.9816669,1.2982843,0.8391434,1.1235448,0.62732154,0.80379516,0.9403981,1.1569996,1.0770613,0.7311158,1.0706427,1.1071842,1.1513958,0.9669288,0.9602752,0.9437299,0.98217636,1.1367018,1.0828589,1.0528494,0.8431308,1.0711083,1.1131663,0.94262236,1.0001215,0.9351745,1.1061062,0.98166186,0.9366519,1.2281156,1.2276747,0.9245187,1.2872456,1.1323264,0.72881883,0.9241191,1.2640713,0.9321904,0.9945279,0.91596955,1.2179708,1.0442876,1.0331367,1.0030646,0.9289392,1.1998395,1.1324341,0.9887932,0.72589433,1.1541507,1.1665335,1.0260477,0.921928,1.0607944,0.9796623,0.9056888,1.1366438,0.72994673,0.7930198,1.1795382,1.2615217,1.1978805,0.9586118,0.91395885,0.96635044,1.3306553,0.9599372,1.0595945
arm,0.8586048,0.9734095,1.4065651,0.8642399,0.0,1.2094707,1.3473816,1.3056889,1.213154,0.7656809,0.87828183,0.54233766,1.3541452,0.7194353,0.5298696,1.1645501,0.6326983,0.85391784,0.9471889,1.3195808,1.474397,0.9503305,1.4338816,0.9698379,1.2006569,1.3673618,0.9911193,1.0251759,1.1583717,0.7917063,0.86353123,1.017122,1.0787156,0.62187105,0.82074034,1.0794207,0.6008378,1.3658602,1.1920576,0.83805275,1.1672138,1.4581547,0.54806983,1.3904136,1.3873479,0.93518186,0.8952141,1.0074189,0.6752931,1.0801649,0.7984925,1.0573708,1.4106992,0.73870754,1.0340976,0.76838166,0.79403305,0.8756351,1.356351,1.1877533,1.1425829,1.3719001,1.3810201,0.97453064,0.9110295,0.68804413,1.1312568,0.9917353,0.9326576,1.1517438,0.7047028,1.2128332,0.38365614,1.445324,1.1520312,0.8116133,0.3813789,1.2682617,0.44944495,1.2866921,1.0878153,1.4409196,0.8974432,1.0791953,1.1524612,0.59847796,0.85484844,0.88357735,1.2161112,1.3409576,1.013715,1.1375062,1.0936196,1.388231,0.79719734,1.2089465,0.45189905,0.43279898,0.5937954,1.1423142,1.4673675,1.3379309,1.2653294,1.4155774,1.1383839,0.69019604,1.2112952,0.9252372,1.1746345,1.2187564,0.8741392,1.1654391,1.1097307,1.2343756,1.3104422,1.0235826,1.3758537,1.030255,0.6640463,1.3963835,0.40604848,1.0966204,0.4728536,1.231601,0.5924445,0.88961405,0.76204014,1.410306,1.0037612,1.4391071,0.6840452,0.8879144,1.4193487,1.3130811,0.90005136,1.1840298,0.88672525,0.4049431,0.481507,1.5910809,1.1120223,1.1377186,1.2562904,1.2338738,1.487108,0.85550994,0.8668332,0.82160234,1.1160319,1.4561379,0.6765658
ball,1.0703453,0.9288663,0.47447962,0.9750176,1.2094707,0.0,0.30114937,0.73412263,1.0974705,1.216943,1.0291932,1.3104568,0.9243325,1.0610358,1.0787241,0.9161371,1.2351389,1.0423563,1.1689484,1.0005426,0.7777262,1.1410388,0.8937364,1.1245828,0.9334433,0.9028173,1.1584651,0.9059584,0.78964025,1.0933459,1.1793125,1.1063347,1.0583204,1.2900107,1.1668415,1.066731,1.1560438,0.9692822,0.75639963,1.2935164,1.083259,0.8218702,1.2650735,0.9297917,0.95193106,1.0275989,1.0237529,0.9976061,1.2580583,1.0169652,1.008527,0.95563924,0.4229802,1.1875157,0.81446636,1.0024216,0.8130168,1.1996219,0.7829419,1.0551573,0.876624,1.0585303,0.86279416,1.1235111,1.106488,1.2373737,0.8928252,0.8218334,1.0654058,0.5165378,1.0544511,0.99525285,0.9785872,0.8519551,1.1335242,1.0880058,1.2200358,1.0807117,1.124326,1.0831084,1.229135,0.8930495,1.0452693,0.6598157,1.0534153,0.82391024,1.087729,0.9089128,0.69377697,0.58270127,1.1226665,0.9734208,0.7654191,0.62209857,1.3722472,1.0753244,1.1921159,1.1797559,1.1980454,0.9926815,0.9219738,0.88709974,0.95076483,0.70739937,0.98281676,1.2235343,1.0709056,1.1494117,1.0139536,1.0719444,0.8444797,0.63530374,1.14763,1.0904325,0.3227209,1.3339365,0.97871894,0.86025906,1.1084616,0.926775,1.1612569,1.1511118,1.1456027,0.9271152,1.2727655,1.1099836,1.0182828,0.77429944,1.1526223,0.81525975,0.96614283,0.94593585,0.8821607,0.8553269,0.9641555,0.76470315,1.0114009,1.1990092,1.2261868,0.57448703,0.788671,0.78910947,0.94610417,1.1302209,0.654469,1.0654448,1.1097225,1.1201074,1.1550337,0.8260906,1.2219064
balloon,1.2125506,1.0509822,0.42505908,1.2798934,1.3473816,0.30114937,0.0,0.7734441,0.84278476,1.2040497,1.1639198,1.311723,0.773298,0.95999813,1.335796,0.9814373,1.2803409,1.0519923,1.1074185,0.6827623,0.5005028,1.0631889,0.9023129,1.0898074,0.49550396,0.85981727,0.81738245,0.9963612,0.847592,1.1423697,0.9404808,1.1346045,0.88568205,1.2930269,1.2101711,0.913417,1.2465293,0.9879031,0.8835442,1.1062621,1.1397674,0.66391927,1.3194659,0.58888555,0.81526566,1.0606904,1.1967757,1.0593176,1.1917312,1.050513,1.2190998,0.9644465,0.40128607,1.1606972,1.1171156,1.2681906,1.034877,1.0812266,0.8216714,0.80183786,0.9599903,0.76465833,0.8861654,1.143335,1.1896391,1.2251387,1.0622433,0.8915024,1.0883981,0.7859733,1.3104445,1.0640272,1.2508323,0.6873477,1.0757486,1.1536535,1.3065314,0.82319033,1.3082255,0.8203474,0.905869,0.5780051,1.052632,0.65073043,0.71463317,1.1762592,1.1599005,1.1251745,0.86839527,0.65277416,0.9740241,0.84442353,0.86998737,0.60092264,1.1812658,0.9638225,1.3312523,1.3876679,1.3214912,1.0910116,0.7392395,0.7504028,1.0054322,0.77821076,1.0229708,1.2150259,1.0148613,0.93712366,0.9052363,1.0243421,0.8286355,0.7005428,0.9372148,0.8533584,0.4888215,0.95845354,0.7351607,0.88777494,1.2204193,0.6430621,1.3667879,1.1083472,1.3514891,0.6472458,1.2874382,0.99662715,1.0522685,0.89801794,1.0911134,0.69685066,0.9430881,0.9733213,0.5893314,0.69112337,0.9636733,0.92339635,1.2182443,1.3483893,1.2667913,0.50505954,0.9541322,0.8537255,0.6813835,0.8923711,0.61130196,1.1005907,1.1645219,1.2239444,0.84912044,0.818544,1.1877525
banana,1.2206478,0.91464967,0.5275644,0.9271281,1.3056889,0.73412263,0.7734441,0.0,1.1443245,1.2818774,1.2411869,1.4530566,0.7150586,1.1581701,1.2556059,0.9383875,1.3855817,0.8926419,1.204271,0.88642335,0.5126997,1.2665615,0.51829326,1.1137757,1.0054824,0.9038159,1.0968586,1.0682693,0.62976015,1.2835455,1.1459795,0.8878916,1.0161948,1.4408689,1.1493385,1.0628443,1.3571751,0.6507609,0.3002774,1.3325428,0.7662723,0.5138408,1.492472,0.78060657,0.7041922,1.0034263,1.3733113,1.0681611,1.465223,0.80005956,1.1120796,0.81543756,0.6445048,1.2839025,0.9387882,1.2645264,0.8899355,1.3104607,0.6719392,0.89573133,0.7019316,0.76245,0.7817068,1.2208506,1.165189,1.4664404,0.9082796,0.78974336,1.2271514,0.7605377,1.3142103,0.88382524,1.1807133,0.77172214,1.0964491,1.036464,1.3859036,0.9110577,1.2867641,0.74691546,1.0991642,0.8272172,1.004016,0.57983875,0.954842,1.2342347,1.2094057,1.0776389,0.81988704,0.70190513,1.0076518,0.87533796,0.9309474,0.5471561,1.3238336,0.9794065,1.3403015,1.315026,1.4166139,0.68684214,0.61268055,0.5464707,0.785256,0.35243487,1.1168054,1.2612877,0.85751104,1.1080862,0.8424376,1.0910325,0.7135493,0.5850991,1.0598016,0.9219728,0.706023,1.1844946,0.76981974,0.76255494,1.1830617,0.77842563,1.3513207,1.0944368,1.2265569,0.94507647,1.4787232,1.2183443,1.170127,0.63297695,1.1113164,0.5273503,1.0798626,0.96441174,0.61311877,0.84572333,0.8588889,0.9772591,1.2400801,1.3846033,1.3804843,0.5102477,0.7947225,0.7663902,0.7994498,0.87554103,0.6974124,1.0599926,1.1130558,1.270401,1.0926694,0.6662327,1.4494665
basket,1.1686468,1.2362007,0.96254116,1.278617,1.213154,1.0974705,0.84278476,1.1443245,0.0,0.9972205,1.1227903,0.9073183,1.067721,0.98156375,1.251857,1.0822983,0.9046664,1.0103737,0.8044904,0.7348155,0.78041553,0.72311825,0.9697777,0.7923893,0.7268478,0.81773543,0.7328389,1.0820032,1.218715,1.1033177,0.8405544,1.130259,0.8410939,0.9056154,1.1207745,0.78656876,0.9341378,0.94995075,1.122282,0.6755805,1.023036,1.0106438,0.9141903,0.8048462,0.9181171,1.0234126,1.0763897,0.92837757,0.9560275,0.8763824,1.2083597,1.2343593,0.9088372,1.0561744,1.2968585,1.3105431,1.2779934,0.93821925,1.1109161,0.83873934,1.1673815,0.74248827,0.9422112,0.99597216,1.0455436,0.9547823,1.2066745,1.0115888,1.0812218,1.1615543,1.3024957,0.8672286,1.2733369,0.73500943,0.94591874,1.0019133,1.1834114,0.80977225,1.1982598,0.7785396,0.6946509,0.74157137,1.182522,1.0740072,0.8553715,1.1777549,1.069702,1.3036056,1.0264643,1.0925333,0.8884527,0.9057429,1.2655958,1.0261331,0.81570756,0.86892587,1.1659659,1.2696664,1.0188777,1.0240239,0.9756282,1.0055549,0.99756,1.0494106,1.0171505,0.8755784,0.8850065,0.91628677,0.9874246,0.91680855,1.1353749,1.0735103,0.58319116,0.63711095,1.0772458,0.5625949,0.76499534,1.2071818,1.1184857,0.5882405,1.2554685,0.8676449,1.2706697,0.7930188,1.0058296,0.93987274,1.0404375,1.1213512,1.059855,0.8882709,0.92694676,1.160243,0.7949156,0.9650523,1.0526662,0.95717394,1.044519,1.1586066,0.9977406,0.7646958,1.256397,1.1481128,0.8919164,0.88789594,0.74873435,0.9261185,0.95904016,1.0514426,0.5494962,0.8820732,1.028471
bathtub,0.86993134,1.3286839,1.389875,1.0198562,0.7656809,1.216943,1.2040497,1.2818774,0.9972205,0.0,0.92984104,0.52971065,1.3723027,0.6947584,0.85331774,1.1137835,0.6525024,0.82474947,0.8595405,1.2458832,1.1701953,0.6982496,1.3091354,1.0283353,1.0161291,1.1368387,0.96506846,1.0372483,1.3890073,0.7755272,1.0465889,0.97838914,0.88762677,0.642241,0.84079117,0.9544872,0.57150173,1.2063501,1.2378567,0.90826666,1.1193773,1.378998,0.31553805,1.2503848,1.3850124,0.7710275,0.9243582,1.1696017,0.7185212,1.0592328,0.9185412,1.3286633,1.2905807,0.6926281,1.1238147,0.8369769,1.2824483,0.77672213,1.397607,1.1611648,1.3190471,1.1211096,1.2729942,0.8546856,0.9678272,0.47676933,1.2434326,1.3684484,0.82929707,1.3645564,0.90681493,1.1084931,0.98949474,1.4066474,1.0752237,0.99596494,0.661461,1.0935171,0.78422403,1.1137519,1.0792145,1.114495,1.0076525,1.1893063,0.9265866,0.99820113,0.72571933,0.9774735,1.2337494,1.3959517,0.92670304,1.2647877,1.2671626,1.3640757,0.48187554,1.1512575,0.7757511,0.7773166,0.60874254,1.303446,1.3386005,1.4250934,1.1218045,1.3532147,1.0997664,0.739864,1.0623302,0.91128623,0.8542914,1.1238512,1.2808619,1.4123628,1.1145632,0.9950591,1.3624222,0.90356743,1.3266745,0.98828524,0.9163971,1.3264359,0.6761758,1.0346912,0.84579307,0.90531737,0.47485936,0.2748857,0.78756595,1.4391576,0.9045722,1.1216943,0.9798063,0.76530397,1.1865408,1.1946347,1.1375085,1.2078799,0.8828892,0.68263006,0.5915158,1.3237686,1.379479,1.3664072,1.201482,1.1436222,1.3271513,0.660833,0.8543073,0.76302975,1.1282141,1.4158527,0.6383424
bear,0.70111686,1.1250298,1.1735456,1.0682476,0.87828183,1.0291932,1.1639198,1.2411869,1.1227903,0.92984104,0.0,0.8078759,1.1970071,0.9484995,0.755818,0.9654004,0.78708416,1.0794537,0.99057865,1.3164566,1.3366225,1.0133511,1.2131383,1.0047233,1.2616487,1.0015835,1.2201188,1.0092089,1.0822468,0.5286248,1.0911776,1.0504836,1.0849888,0.92328525,0.94075483,1.0784314,0.8070552,1.1680222,1.1703453,0.9653115,1.089989,1.2079183,0.8307553,1.3167553,1.1104088,1.062365,0.49627703,0.87827265,0.96761423,1.1474423,0.9921508,1.157712,1.223681,0.6696955,0.9221156,0.82037216,1.064857,0.9840413,0.9904174,1.1058804,1.177779,1.2483011,0.99648553,0.9322385,0.81194675,0.86195636,1.0214183,1.0788155,0.5673644,1.074511,0.87076485,1.1295519,0.93813485,1.1813419,0.81111205,1.0560243,0.85803264,1.1949496,0.82403815,1.2546368,1.2162738,1.1967131,0.94026303,1.0812342,1.1308355,0.72865415,0.89289653,0.92668796,1.0176682,1.147882,1.1387764,1.1107051,1.088799,1.1219666,0.99561435,0.8209381,0.7871188,0.8491577,0.8316207,0.88086504,1.2220962,1.2262788,0.94854355,1.2179811,0.8120847,0.82746327,1.1645858,0.9935111,1.2567647,0.73605174,1.122773,1.1665562,1.1144801,1.2016232,1.0612264,1.0711845,1.0796096,1.0265201,0.9460817,1.1717592,0.8639406,1.0738223,0.9656668,1.2707098,0.87960464,1.027646,0.9087976,1.1043556,0.8276578,1.220167,1.0778248,0.98132765,1.2719083,1.1779535,0.9693687,0.84430486,0.87074924,0.8685141,0.89408624,1.1983439,1.1549774,1.2362227,1.2159438,1.1683586,1.0852923,1.1159585,0.9266628,0.93341446,1.193185,1.1863056,0.8680332
bed,0.7092119,1.2883122,1.526628,1.0635343,0.54233766,1.3104568,1.311723,1.4530566,0.9073183,0.52971065,0.8078759,0.0,1.4713334,0.5246787,0.54207087,1.1056913,0.08439523,0.8190156,0.6076013,1.3637757,1.426063,0.6735721,1.4639571,0.8951499,1.1643932,1.2299333,0.96545136,0.96303576,1.374897,0.7208523,0.86324835,1.00222,1.0098906,0.4208002,0.8599316,1.0716863,0.43025923,1.3481289,1.4089214,0.5542807,1.1932139,1.4942136,0.2615463,1.4210641,1.3817539,0.87650377,0.7609819,0.9191675,0.6271269,1.1655312,0.9131384,1.4269257,1.4889579,0.57817096,1.1852434,0.85811657,1.2997086,0.7906153,1.322993,1.187901,1.4588141,1.3318344,1.2665353,0.7855586,0.8160383,0.4604481,1.3092979,1.2354958,0.8434147,1.2850657,0.8592265,1.1715412,0.913477,1.4310344,1.0218561,0.8238831,0.53144926,1.2112095,0.50106084,1.2904608,1.0400133,1.3118103,0.95252097,1.2295266,1.1205415,0.7202004,0.6308225,1.00265,1.2787778,1.4990368,0.8461009,1.2481203,1.3374724,1.4808851,0.6475097,1.1003199,0.43170834,0.58746123,0.41893572,1.2638204,1.4605744,1.5135328,1.1681073,1.5349418,1.0257252,0.3588035,1.1390195,0.86866367,1.0470632,1.1237439,1.2143159,1.4763944,1.0379395,1.1157196,1.4412363,0.92365783,1.4035864,1.103257,0.8514145,1.3726972,0.63107884,0.9423799,0.713076,1.1039473,0.47373718,0.751335,0.6170423,1.4417307,0.91268575,1.366549,0.90010154,0.88247526,1.4341946,1.3734407,1.1042291,1.188968,0.78042924,0.5308355,0.4593464,1.52737,1.4618378,1.3684659,1.3312185,1.0264772,1.2982075,0.7415274,0.82293355,0.7499144,1.0440708,1.5025406,0.5374574
belt,1.3187897,0.70757186,0.5489516,1.0321536,1.3541452,0.9243325,0.773298,0.7150586,1.067721,1.3723027,1.1970071,1.4713334,0.0,1.1293936,1.3547221,0.8284372,1.4245992,1.2682842,1.2536404,0.60329163,0.5288391,1.3112105,0.7682556,1.0895993,0.98263043,1.0748935,0.85727924,1.0319165,0.47024405,1.1074313,0.8626772,1.3191187,1.0315714,1.4053653,1.0531275,1.165391,1.3461919,0.9873958,0.8084518,1.2231275,1.116811,0.21380955,1.5376618,0.54190606,0.50497895,1.307245,1.3870158,1.1954819,1.3089769,0.80684197,0.9731599,0.43693984,0.6759948,1.1162233,0.645375,1.1332619,0.69944155,1.1338367,0.6473848,0.9428903,0.490785,0.68338156,0.8842555,1.1700449,1.2435727,1.4257674,0.442706,0.70089,1.0185603,0.7033658,1.1026154,1.0650487,1.1514585,0.39295173,1.0635749,1.1806284,1.326768,0.94690245,1.2784374,0.6770272,0.9377702,0.63083136,1.1695673,1.0209959,0.9226959,1.330163,1.2767307,0.99357426,1.1120511,0.26789373,0.9868214,0.5977534,0.523245,0.434752,1.2891606,1.0465558,1.4173174,1.2905824,1.4767635,1.0506184,0.2276659,0.23252058,0.9846357,0.8185935,1.1437966,1.1464163,1.119069,1.2143443,1.0925744,1.1299661,0.8596103,0.627938,1.0493486,0.8306879,0.7500699,1.1056893,0.8410683,1.1342021,1.032551,0.7086066,1.2989726,1.1026354,1.1761655,0.9761746,1.4381379,1.2588372,1.2130032,0.44846535,0.9935795,0.74028933,1.0781538,1.364039,0.63695836,0.70707357,1.0560629,1.0644543,1.3158836,1.3849411,1.4533037,0.56460315,0.437756,0.41884232,0.42567348,0.7147839,0.7910365,1.4287786,1.1924568,1.3479346,0.892607,0.3206426,1.338935
bench,0.87360966,1.2382504,1.3792235,1.2180288,0.7194353,1.0610358,0.95999813,1.1581701,0.98156375,0.6947584,0.9484995,0.5246787,1.1293936,0.0,0.84818137,0.95125484,0.52929956,0.8277374,0.82153815,1.151311,1.0517802,0.8289751,1.3911003,0.9045093,0.9798161,1.2667283,0.59984565,0.756969,1.0160869,0.7759854,0.58967596,1.1065204,0.9959723,0.68516123,0.8904333,1.0978531,0.40394437,1.3717692,1.2437538,0.69104046,1.2189876,1.12226,0.56405395,1.1756337,1.2056422,0.8945186,0.97879905,1.1893297,0.7310091,0.8442257,0.9978551,1.139399,1.359576,0.7329692,1.1201651,0.99632716,1.1697149,0.9367006,1.0598032,1.1826605,1.3045328,1.0961788,1.1676002,0.9898573,0.98651403,0.7413321,1.2247299,1.0319861,0.88804543,1.0712948,1.0242682,1.2432058,0.9642107,1.2468708,1.1164626,0.78775907,0.80305463,1.1520519,0.7437563,1.0262437,0.79067713,1.131476,1.088792,1.1553711,0.866967,0.77433515,0.71757245,1.0711676,1.309032,1.3092397,0.8628965,1.0035,1.2410046,1.324499,0.69311565,1.2303159,0.80539644,0.74721766,0.7724649,1.2648844,1.1009562,1.0913168,1.2114531,1.4110103,1.163413,0.44187278,1.2595869,0.99512285,1.0501606,1.1861422,1.1630954,1.3697352,0.97167623,0.9868357,1.2303437,0.99468243,1.3379757,1.0854173,0.8177935,1.2175528,0.81016386,0.9971191,0.8030237,0.9769752,0.7313751,0.72661275,0.6803863,1.2333515,0.86379015,1.1093211,0.6994514,1.0387884,1.1214912,1.1216937,0.92812854,1.2951293,0.90997195,0.8121584,0.7750696,1.2184747,1.3188919,1.1497924,1.1128523,0.9284559,1.1397808,0.8028405,0.99648064,0.85879683,0.8398404,1.3482904,0.742949
bib,0.6580217,1.0225265,1.427448,0.8473086,0.5298696,1.0787241,1.335796,1.2556059,1.251857,0.85331774,0.755818,0.54207087,1.3547221,0.84818137,0.0,0.9468803,0.52664757,0.8466818,0.7882668,1.4609777,1.5109061,0.91323483,1.4042499,0.9166527,1.3369646,1.1263937,1.226372,0.88132703,1.085703,0.73651814,1.0479684,1.072045,1.114063,0.7391707,0.863914,1.193449,0.56694657,1.3870592,1.1879274,1.0336828,1.1186349,1.441648,0.5995866,1.5261862,1.334779,1.0355463,0.654256,0.48050427,0.9169423,1.1914657,0.7989387,1.104856,1.4211546,0.8011963,0.9883149,0.6817708,0.9699182,0.86766887,1.0975872,1.2902064,1.203539,1.4952643,1.0805084,0.78733397,0.7254424,0.8069329,1.0192384,0.92943954,0.8719279,0.94867146,0.6486503,1.1460189,0.577871,1.3644655,0.98595816,0.8364529,0.58814013,1.3499577,0.40536964,1.4863803,1.3690525,1.5022831,0.8976296,1.1401998,1.3680708,0.37149084,0.6886247,0.8721591,1.1089805,1.3537849,1.1233904,1.072099,1.1757061,1.3552388,0.9711785,1.1583726,0.13812828,0.57265806,0.5953033,1.1589661,1.4357527,1.406698,0.99036294,1.4163051,1.0099105,0.71543187,1.1980634,1.0264474,1.2381556,1.0347462,1.0751045,1.2823262,1.0535316,1.2951062,1.3080386,1.2860155,1.3593817,1.0197483,0.7200037,1.3705727,0.5042286,0.82669044,0.57766986,1.2170717,0.8177809,0.99931616,0.6780174,1.195986,0.86702776,1.5303068,0.9241257,0.95123833,1.5551527,1.3799114,0.89875704,0.9285953,0.7066787,0.5197233,0.79010665,1.4656136,1.1300362,1.0899074,1.3410863,1.2223163,1.1722276,0.955537,0.80306095,0.87290525,1.2041115,1.3121433,0.88127804
bird,0.67122257,1.0151495,1.0387613,0.91748136,1.1645501,0.9161371,0.9814373,0.9383875,1.0822983,1.1137835,0.9654004,1.1056913,0.8284372,0.95125484,0.9468803,0.0,1.0274897,0.9776614,1.1382697,1.1794972,0.92062795,1.1047089,1.0269408,0.8674696,1.1310244,1.0051783,1.0127103,0.87681115,0.7039053,0.8528318,0.865584,1.0872391,1.0461972,1.1169858,0.8278419,1.1918844,0.9651131,1.0975521,1.0856404,1.0814507,1.0612109,0.9636899,1.0887482,1.0954627,0.8961268,1.1640781,0.8263097,1.1535714,1.1472692,0.9365784,0.9476112,0.8958301,1.1098111,0.9898715,0.69414616,1.0696818,1.0032037,1.1438341,0.49140573,1.1075838,1.0252806,1.0575832,0.7077271,1.1110518,0.85348916,1.184722,0.8950024,0.83002484,0.9088721,0.91712004,1.0352423,1.109275,1.0147722,0.94287306,0.86950624,0.9021725,1.1064728,1.1632364,1.0914809,1.1081561,1.135673,1.0306178,0.94521785,1.0222214,1.1734141,0.76326,1.0003893,1.0539917,0.9011863,0.9847785,0.9965759,0.8601503,0.9468743,0.9944956,1.1351917,1.0466119,1.0888056,0.9216383,1.1195241,1.0320551,0.89339554,0.9364388,1.0356591,1.0103401,0.91232145,0.8635292,1.1277112,1.0767367,1.1105218,0.89702773,1.0286598,1.0195055,0.8503325,0.9599666,0.88845927,1.2295,1.035425,0.83650386,1.047751,1.0050067,1.0081561,0.83415914,0.9006279,1.0931853,1.1453819,1.0246294,1.0031973,0.8088491,0.95172256,1.1433468,1.0270847,0.9967655,0.99106216,1.046224,0.8460125,1.0507021,0.99350053,1.0595282,1.2413949,0.91523904,0.97422403,0.8418102,1.0747603,0.89886725,1.0595183,1.1774703,0.8358525,1.1598407,0.99296886,0.9376072,1.1409835
blanket,0.7120365,1.2392752,1.4971398,1.0580943,0.6326983,1.2351389,1.2803409,1.3855817,0.9046664,0.6525024,0.78708416,0.08439523,1.4245992,0.52929956,0.52664757,1.0274897,0.0,0.8260375,0.6392383,1.3549466,1.3923433,0.69056726,1.3950033,0.9111282,1.1785579,1.193138,1.0322727,0.9835398,1.2992835,0.7577484,0.8741856,0.9936658,1.0454804,0.50830674,0.88444024,1.092946,0.4174099,1.2882507,1.3563632,0.61395025,1.1221482,1.4532394,0.36069596,1.411393,1.3272166,0.87540627,0.79325557,0.90200156,0.7638994,1.1365843,0.95365477,1.3768375,1.4314373,0.6261059,1.1175206,0.9339715,1.2422884,0.9046547,1.2258404,1.2222451,1.3888075,1.331857,1.1538804,0.78298235,0.7519178,0.6029769,1.279302,1.1158739,0.83624005,1.1561475,0.92057604,1.1346657,0.90484405,1.4070036,1.0241603,0.81329226,0.6267196,1.2123322,0.5824503,1.3215508,1.1089518,1.3316815,0.93640983,1.1681197,1.1185814,0.6570744,0.7054011,0.99699473,1.1741221,1.4493003,0.78828424,1.138291,1.310472,1.4653816,0.73904014,1.0994581,0.4582957,0.62742054,0.47074544,1.2430503,1.4341044,1.4698296,1.1531382,1.4726338,0.98258346,0.22643185,1.1256953,0.9514965,1.0675776,1.1227447,1.1705792,1.452805,1.0122546,1.1144569,1.3638966,1.0240858,1.3821238,1.0487247,0.8900449,1.3775485,0.71249044,0.89684737,0.72073287,1.134875,0.6089915,0.79537046,0.69113886,1.3651712,0.9384096,1.2719469,0.8943441,0.87113583,1.4196439,1.3636122,1.0898198,1.1539693,0.7589946,0.6135406,0.62265164,1.4368067,1.4001485,1.290942,1.329171,0.90771925,1.2204627,0.7577797,0.840178,0.7981248,1.0651431,1.4597652,0.7047049
boat,0.82961094,1.1852796,1.1308566,0.89013845,0.85391784,1.0423563,1.0519923,0.8926419,1.0103737,0.82474947,1.0794537,0.8190156,1.2682842,0.8277374,0.8466818,0.9776614,0.8260375,0.0,0.68169636,1.2200062,1.0146788,0.722161,1.1064341,0.7881125,1.0128449,0.86566556,1.0259961,0.9519568,1.0835971,1.0591822,1.1791195,0.82702416,1.0254538,0.9326177,1.1229346,1.0020607,0.85145307,1.0182912,0.96274877,1.0208663,0.8202544,1.2151022,0.8270842,1.2240316,1.3091938,0.78687227,0.9859475,1.1103554,1.0174665,0.89626867,1.1665819,1.2603121,1.2468488,1.074515,1.1495907,1.0672281,1.1022606,1.0163544,1.0517708,1.0707984,1.2990499,0.9849386,0.9107448,0.9063424,0.8918848,0.94861364,1.2270955,1.2079704,1.0725785,0.8876732,1.0711418,0.99507505,0.89165187,1.3186903,1.0515834,0.81706035,1.0380054,1.024982,1.0116922,0.936338,1.1105111,1.2280442,0.72820586,1.0234599,1.2030218,0.87889284,0.830857,1.0214616,0.89443517,1.3535107,1.034,1.0860488,1.2346739,1.2776725,0.9331391,1.1660788,0.8909459,1.0508597,0.6731313,1.1291555,1.2371771,1.1933305,1.1160228,1.0485697,0.9734375,0.87807286,0.84774345,0.93856,0.66312754,1.0114713,1.2064387,1.3144584,1.0212808,0.996369,1.1101528,1.1468725,1.1228693,0.5152736,0.9987455,1.2131027,1.0570815,0.83032465,1.0745158,0.8925927,0.9799308,0.8109771,0.70665854,1.280078,1.1133026,1.1270789,0.99993867,0.49140918,0.96465284,1.266566,0.78398573,1.0886998,0.8774351,1.0381846,0.7031716,1.1342139,1.3241924,1.1132364,1.1988176,1.1764064,1.0186131,0.5875578,0.87226963,0.84126204,1.0456417,1.2469474,0.99982405
book,0.64915764,1.2724029,1.1748112,1.1004108,0.9471889,1.1689484,1.1074185,1.204271,0.8044904,0.8595405,0.99057865,0.6076013,1.2536404,0.82153815,0.7882668,1.1382697,0.6392383,0.68169636,0.0,1.0440445,1.1120807,0.2991904,1.2125078,0.95949787,0.9834297,0.7997997,0.9239395,0.913907,1.2226589,1.1203349,1.228441,0.9756036,0.8450371,0.84879005,1.2165344,0.95410144,0.80423707,1.1118675,1.1222174,0.98651487,0.91189915,1.1214856,0.79591405,1.1474885,1.1468308,0.9033635,0.8991024,0.8567687,1.0525604,1.0375485,1.1308959,1.328088,1.24065,1.1571057,1.2512786,1.0454744,1.2462826,0.6450546,1.1104515,1.0297967,1.295059,0.97896653,0.8870387,0.5244655,0.741415,0.7801889,1.2604508,1.2963536,1.0978165,0.91604716,1.1323346,1.0191972,1.0640914,1.2178273,0.8483722,0.98681855,1.0684812,0.9110943,0.95960987,0.92969245,0.9331521,1.0805917,0.9485387,1.1862766,1.0595654,0.9983957,0.7890166,1.081464,1.1192396,1.2944497,1.0406463,1.1930168,1.2562306,1.2325302,0.9078597,1.077733,0.8375261,1.1442668,0.28497267,1.2542684,1.1174648,1.1470826,0.9711525,1.2790315,0.7643519,0.8304906,0.82593,1.0360342,0.83946383,0.81450355,1.308077,1.3847148,1.043128,0.8662989,1.2087228,0.9520648,1.0536978,1.0595889,0.992381,1.1009881,1.1322567,0.8842864,1.2107043,0.91590565,0.96722555,0.95367646,0.7634101,1.2820795,1.037881,1.0846518,1.0218079,0.95202225,1.0851305,1.2660644,1.1624087,1.0740864,0.8574375,1.0302774,0.7480732,1.1565073,1.3573289,1.196931,1.0625064,1.1490759,0.8097278,0.69320977,0.78493905,0.8708913,1.0020818,1.2216306,0.953862
bottle,1.4360206,1.006358,0.67730963,1.2250447,1.3195808,1.0005426,0.6827623,0.88642335,0.7348155,1.2458832,1.3164566,1.3637757,0.60329163,1.151311,1.4609777,1.1794972,1.3549466,1.2200062,1.0440445,0.0,0.44615304,0.98834103,0.80675185,1.0744807,0.34090692,1.0128849,0.5582607,1.0900683,0.91171026,1.306481,0.8433647,1.1450096,0.9074656,1.166939,1.1199498,0.6591129,1.3513894,0.9028039,0.92742187,0.9275169,1.0666571,0.5478889,1.3305562,0.13197827,0.6122023,1.0728943,1.3873069,1.108943,1.0991427,0.91029024,1.162492,0.9050931,0.62469226,1.2147641,1.189297,1.3175397,1.1095787,1.017667,1.0188086,0.7602997,0.7994797,0.64581555,1.0665404,1.1785693,1.2623187,1.0969,0.98822707,0.89725596,1.249147,0.97852707,1.3387564,0.9974047,1.3455017,0.5555351,0.9839186,1.1518524,1.3188231,0.40304917,1.3638945,0.6606831,0.54663074,0.6126412,1.2064747,1.045583,0.4276653,1.4769479,1.2916739,1.2032444,1.0976844,0.66204226,0.83585393,0.8478619,0.9260567,0.67857087,1.0104617,0.7963362,1.4286847,1.3582972,1.3624917,0.949824,0.5634979,0.6212335,0.98521686,0.83474326,1.0663366,1.2422128,0.9737265,0.89893454,0.9704082,1.045305,0.9652756,0.78995335,0.7136376,0.6302264,0.890877,0.68199164,0.68880624,1.1512593,1.1609706,0.578312,1.3751241,1.1385517,1.2740858,0.73938155,1.2062361,1.1015557,1.2519971,0.79709375,1.0936085,0.5476188,1.0500389,1.2259774,0.60469186,0.59018874,1.1446624,1.0896966,1.1231319,1.3552217,1.18064,0.58079195,0.88432074,0.82888544,0.47546577,0.64123726,0.6967188,1.0913658,1.2369387,1.204235,0.52712464,0.64743066,1.2049363
bowl,1.4080377,1.0873936,0.46141863,1.2011926,1.474397,0.7777262,0.5005028,0.5126997,0.78041553,1.1701953,1.3366225,1.426063,0.5288391,1.0517802,1.5109061,0.92062795,1.3923433,1.0146788,1.1120807,0.44615304,0.0,1.1441364,0.6068288,1.1261847,0.53559417,0.99156356,0.62572074,0.96052676,0.70289946,1.300256,0.9191433,1.1200807,0.92963684,1.400692,1.2087352,0.77313375,1.3718138,0.79480267,0.740628,1.054357,1.05478,0.4004324,1.4289398,0.31538832,0.5791415,0.9187012,1.4703639,1.1841282,1.3435495,0.8483137,1.1840032,0.92774284,0.5127989,1.2420788,1.1255773,1.4192226,1.1134008,1.1422411,0.7376685,0.8804015,0.8065754,0.50273955,0.8773783,1.2480391,1.33711,1.309734,0.9510893,0.82573473,1.2551644,0.83827275,1.4800918,0.95008874,1.427073,0.48026264,1.1034142,1.2753646,1.4746368,0.662117,1.4358966,0.51180935,0.81679416,0.50912505,1.1194752,0.8443556,0.683248,1.4910791,1.2542253,1.2395011,0.92982215,0.59811544,0.822727,0.8864877,0.9895208,0.47536123,1.069434,1.0106542,1.5194373,1.4606414,1.5022802,0.94747543,0.41402596,0.46576452,0.96608156,0.5843174,1.1419718,1.1973166,0.8628603,1.063261,0.694958,1.0938962,0.899554,0.6678273,0.9328926,0.69544345,0.7223871,0.8912733,0.7604339,0.8270105,1.282461,0.5666477,1.4679406,1.0940267,1.3506335,0.61571276,1.3876702,0.9438292,1.2394383,0.6385509,1.0253986,0.3758391,1.1131544,0.9882191,0.3742286,0.70159113,1.0768207,1.0165298,1.2380917,1.4871638,1.3314878,0.2839905,0.91046256,0.7710174,0.57823515,0.689981,0.5801814,0.9587268,1.2261863,1.2629659,0.8357141,0.58124876,1.3568723
box,0.8009422,1.237651,1.2510339,1.1279914,0.9503305,1.1410388,1.0631889,1.2665615,0.72311825,0.6982496,1.0133511,0.6735721,1.3112105,0.8289751,0.91323483,1.1047089,0.69056726,0.722161,0.2991904,0.98834103,1.1441364,0.0,1.2513664,0.9080061,0.8435755,0.86424536,0.79824,1.0333502,1.2701854,1.1137413,1.0333059,0.9221337,0.7921857,0.7335299,1.1487336,0.9069124,0.8128706,1.1180754,1.2022434,0.8614229,0.932567,1.3000624,0.6455101,1.0946294,1.2095064,0.8281503,0.9452499,0.9989213,0.8862141,0.8186401,1.1754954,1.2784935,1.190108,1.1267031,1.1836294,1.0663208,1.2096633,0.76145256,1.293014,0.9958834,1.3129724,1.0614281,0.961821,0.66353095,0.8109797,0.74542737,1.2836992,1.2746562,1.0886474,1.0650326,1.1503859,1.104708,1.0445982,1.2814441,0.9231419,0.9330812,1.0554268,0.8943367,1.0454402,1.0169668,0.813654,1.0185069,1.0429916,1.1163672,0.85636795,1.0040703,0.8774934,1.0955014,1.1027126,1.3662865,0.8790946,1.147747,1.1853505,1.3457459,0.7340098,1.0991524,0.9285581,1.0892766,0.4096377,1.2721803,1.2950525,1.30401,1.107227,1.3057661,0.8258531,0.7941866,0.9470764,0.96637064,0.8574027,0.91297287,1.2365818,1.3612618,0.893807,0.49147367,1.1696237,0.83535016,1.148493,1.0751888,1.0644264,1.1666368,1.0979531,0.88244045,1.1052828,0.9615315,0.8371765,0.75048184,0.847602,1.4181603,1.102823,1.050218,1.0206877,0.95703214,1.1262664,1.1350094,1.1669358,1.1060097,0.76654696,1.0106925,0.77972144,1.1426756,1.3411996,1.2651782,1.1259577,0.9601286,0.94443965,0.63880676,0.79905057,0.80990356,0.8318031,1.3376743,0.88309324
bread,1.274353,0.95703495,0.51324666,0.9334417,1.4338816,0.8937364,0.9023129,0.51829326,0.9697777,1.3091354,1.2131383,1.4639571,0.7682556,1.3911003,1.4042499,1.0269408,1.3950033,1.1064341,1.2125078,0.80675185,0.6068288,1.2513664,0.0,1.2700264,1.0209132,0.8401539,1.1316909,1.2106932,0.8831807,1.3512139,1.2253891,0.6837795,1.0300075,1.4885387,1.201926,0.98992795,1.4262547,0.12029481,0.658173,1.2871425,0.40131927,0.66969067,1.5549712,0.7743648,0.6836374,0.91926056,1.2995572,1.0639693,1.3820809,0.90454066,1.1652327,0.9144168,0.45888293,1.3204477,0.98688227,1.2403786,1.0255122,1.3097134,0.7039083,1.0242949,0.73334754,0.6543437,0.82407063,1.1969364,1.1135114,1.465657,0.83800685,0.8818376,1.2348223,0.9493707,1.2832754,0.35003173,1.3168073,0.6390274,1.0027053,1.2347865,1.4600012,0.8011851,1.444139,0.664718,1.0756313,0.71257627,0.97688705,0.62084115,0.9747403,1.3644989,1.354325,1.1317927,0.46682888,0.64915377,0.9008439,1.0062313,0.89041805,0.45961225,1.2225627,0.7921605,1.4972768,1.4600115,1.4189773,0.50742185,0.6425428,0.71475476,0.8530369,0.22790599,1.0211545,1.2888536,0.3340839,1.1815429,0.57876825,0.93798995,0.7656021,0.559269,1.0412037,0.9143362,0.74649286,1.0662167,0.76708174,0.89963746,1.2732074,0.7470711,1.4387248,1.1093265,1.3756406,1.0109534,1.4498765,1.2836474,1.3762889,0.62299144,1.1197866,0.43309247,1.2665181,0.9866508,0.64862126,0.9145791,1.1795846,0.7981365,1.2762718,1.4579972,1.2922179,0.45512706,0.81572425,0.86528933,0.9450328,0.89285195,0.80143833,1.0475061,1.1381637,1.264185,1.1942079,0.63104326,1.4115694
broom,0.9766923,1.0444062,1.2806578,1.0504984,0.9698379,1.1245828,1.0898074,1.1137757,0.7923893,1.0283353,1.0047233,0.8951499,1.0895993,0.9045093,0.9166527,0.8674696,0.9111282,0.7881125,0.95949787,1.0744807,1.1261847,0.9080061,1.2700264,0.0,0.95870906,0.98861706,0.85363275,0.9197022,0.9322187,0.9107091,0.79603887,1.1000683,1.0693084,0.68545,1.0236616,1.0297259,0.9299999,1.2569543,1.1687145,0.8102597,1.1471845,1.0444876,0.77511495,1.0469518,1.0930392,1.1389432,0.9467306,0.9445393,0.7312949,0.78306115,1.0547093,1.0037698,1.2633679,0.96880025,0.99074686,1.1228101,1.0660875,1.0819379,0.99301445,0.906155,1.1880836,1.0334309,0.9439576,1.0202718,0.9194675,0.8896025,1.086672,1.1299464,0.92393655,1.0144747,1.0795391,1.2109003,0.98863524,1.1727479,1.0544851,0.5585071,1.1450315,1.0199072,0.9902449,0.9803992,0.7351979,1.0998415,1.0255475,1.2806555,1.0647482,0.8561702,0.8802471,1.1108328,1.1032854,1.2504017,1.051513,1.0192416,1.1666768,1.2767831,0.9169105,1.0011044,0.93307304,0.95031136,1.0064075,0.9794213,1.0859501,0.9470253,1.016235,1.2228582,1.065979,0.90201455,1.1659731,0.8796971,1.1161215,1.0168401,1.2548851,1.2589909,0.8121165,0.9747188,1.1567127,0.88740873,0.9819477,0.8987689,1.0422176,1.0522578,1.1303887,0.7720971,0.97581136,0.84759355,0.82223654,0.9274565,0.8003148,1.0885698,1.022985,1.3062365,0.93165046,0.9350854,0.9390481,0.79594433,0.40463293,1.0516744,0.87253404,1.1034204,0.93634504,1.1811107,1.162758,1.1136706,0.92940414,0.9677757,0.99678326,0.98550856,0.90380347,0.93841225,0.54625726,1.0842444,0.8502129
bucket,1.2834005,1.0969276,0.8788173,1.2214627,1.2006569,0.9334433,0.49550396,1.0054824,0.7268478,1.0161291,1.2616487,1.1643932,0.98263043,0.9798161,1.3369646,1.1310244,1.1785579,1.0128449,0.9834297,0.34090692,0.53559417,0.8435755,1.0209132,0.95870906,0.0,0.9810141,0.5368795,1.0623643,1.0875437,1.317622,0.86179316,0.9759865,0.8640522,1.0592777,1.1304421,0.4866191,1.2410738,0.99735594,1.0719922,0.8308544,1.0969998,0.94511485,1.0935861,0.28421313,0.9165368,0.8645805,1.284147,1.0232819,1.0110422,0.98103344,1.2868924,1.1110915,0.76844966,1.2238687,1.3174028,1.3364133,1.1843572,0.98214996,1.0681051,0.67266726,1.1113572,0.73576796,1.0858217,1.1201336,1.1720742,0.9065239,1.2635672,0.99773633,1.2798432,1.1092645,1.3607265,1.090656,1.245589,0.9016021,1.0402372,1.1083919,1.241282,0.436525,1.3054796,0.7699605,0.5852299,0.720116,1.0561448,0.88464665,0.4094758,1.2739798,1.2169036,1.1707798,1.0184355,1.076822,0.76907474,0.9125912,1.0581981,1.0057216,0.8352531,0.8993942,1.2677573,1.312087,1.2024022,1.0886388,0.9740009,0.9782316,1.0683726,0.99002457,0.99409515,1.1812768,1.0049138,0.61808294,0.85323536,1.0101289,0.9436294,1.0039766,0.7103534,0.6982062,0.9659793,0.6476922,0.7346232,0.8867787,1.1878545,0.74696565,1.3360971,0.9694009,1.2585425,0.5413827,1.0557343,0.80855244,1.1307975,1.1379733,1.1530479,0.7184049,0.95613176,0.9031463,0.63819516,0.69530255,1.0361116,1.055645,1.0703409,1.2772774,1.0535539,0.7963605,1.1674168,1.0609374,0.76093096,0.75465757,0.81225467,0.8293836,1.1393745,1.0400989,0.5970148,1.0459304,1.0482198
