,alligator,ankle,apple,arm,ball,balloon,banana,basket,bathtub,bed,belt,bench,bib,bird,blanket,boat,book,bottle,bowl,box,bread,broom,bucket,butterfly,can,car,carrot,cat,chair,clock,closet,coffee,comb,couch,cracker,crayon,crib,cup,dog,doll,door,drawer,dress,egg,elephant,finger,fish,flower,foot,fork,frog,glass,glasses,glove,grass,gum,hair,hand,hat,horse,hose,jacket,jeans,knife,ladder,lamp,meat,melon,milk,mitten,motorcycle,muffin,nail,napkin,necklace,nose,orange,oven,owl,pajamas,pants,paper,pen,pencil,pickle,pillow,pizza,plant,plate,pumpkin,purse,radio,refrigerator,rooster,scarf,scissors,shirt,shoe,shorts,shovel,shower,sink,slide,slipper,snow,soap,sock,soup,spoon,sprinkler,stick,stroller,sweater,table,tape,toe,tooth,toothbrush,towel,toy,tray,tree,truck,vacuum,watch,window
alligator,0.0,1.1066643,1.3613477,0.8372901,0.9581066,0.9322537,0.9620538,1.0886958,1.0229515,0.7359725,1.3550997,0.8609359,0.8034152,0.6678858,0.7013333,0.99812883,1.0466559,1.3525984,1.1633903,0.91487026,1.3671994,0.7388167,1.1707658,0.81020975,1.3932421,1.1388438,1.0771408,0.45940524,0.8585927,1.2778287,0.98121077,0.8802432,0.9440876,0.7550523,1.0777084,1.4001911,0.85991037,1.4645168,0.41612583,0.7297293,0.8136768,0.96185875,0.92454976,1.3636878,0.91780823,1.2423785,0.9453183,0.91536486,1.2109886,1.2408282,0.8013337,1.0358938,1.2542142,1.2800549,0.9813063,1.0939496,0.83430505,1.0893288,1.2970626,0.94606525,0.9013896,0.84404534,0.71266323,1.2363255,0.8451158,1.1284304,0.9093168,1.3336679,1.2464695,0.6366465,1.0032269,0.75050545,1.4194286,0.7024561,1.2318254,1.2538962,1.3551538,0.82180136,0.7510618,0.7656904,0.73137546,0.8382487,1.382009,1.4051579,1.1484759,1.0904951,1.0637071,0.8738272,1.1537151,1.2553583,0.7415764,1.1587732,0.89748824,0.8632047,0.89885575,0.83033836,0.81671894,0.9641531,0.9772426,1.3789953,0.9643351,1.0520775,0.7313484,1.3727787,0.81680447,1.1980721,0.9775958,0.9689739,1.2051809,1.0189989,0.8942119,0.73878086,0.81655794,0.8317518,1.4562354,1.2267907,1.2895536,0.9478166,0.6980268,1.1445332,1.013779,0.88992834,0.9684518,1.0561191,1.3877228,0.8699023
ankle,1.1066643,0.0,1.1395739,0.8109932,0.9144638,0.8543763,0.93026644,1.1967337,1.2636619,1.172564,0.8551693,1.0723137,0.973467,1.0833046,1.0953279,1.107382,1.0093725,1.0678991,1.134813,1.0551767,0.8924048,1.0692067,1.1327696,1.1055775,0.8655529,1.127894,0.7841891,0.9249714,1.0392588,1.1037246,0.91582763,1.1772729,1.1067517,1.0844343,1.0126426,0.8948141,1.1842242,1.0645599,0.96902955,0.9054651,1.1020298,0.93362224,0.9968933,0.8304712,1.2594165,0.31675363,0.8599943,1.2090302,0.4088149,1.0038817,0.8971979,1.1468506,0.6421709,0.79938805,1.1373796,0.88208354,0.9358913,0.3753609,0.7441734,1.1601907,1.1471624,0.9765113,0.8556999,1.0335988,1.1308947,1.2163895,1.1168749,1.0775508,1.059223,0.8475014,0.95488447,1.0685878,0.9939701,1.0813917,0.5661415,1.0749112,1.1956096,1.0212735,1.1490316,1.0450621,0.85754955,1.0069937,0.9209026,0.8491562,0.8070446,0.90822023,1.1333361,1.0787107,1.2114978,1.1867573,0.8754232,0.9905634,1.0933229,1.0508214,1.0382984,0.90142417,0.8292607,0.7832725,0.8110992,0.946213,1.1793479,1.1566974,1.0550902,0.8090892,1.1695342,0.8375382,0.73753166,0.9599358,1.0188996,0.85793436,1.0724162,0.91553694,1.0052874,1.199464,0.9719808,0.3222643,1.0113782,0.8659799,1.115438,1.0112765,1.2325888,1.2141023,1.1657131,1.220587,0.9199148,1.2720779
apple,1.3613477,1.1395739,0.0,1.2217484,1.0616245,1.0898423,1.1442589,1.1982882,1.2758007,1.3334844,0.4588942,1.3804739,1.4034971,0.891403,1.2737222,1.0723588,0.9661763,0.5673216,1.0561227,1.3592802,0.42795384,1.2613611,1.1306462,0.99208343,0.7683754,0.7086608,1.1367651,1.1481676,1.2964798,0.5580008,1.2023454,1.2275808,1.158538,1.3116068,1.0943449,0.47217393,1.4042954,0.48713863,1.1534406,1.1083868,1.3445213,1.3532197,1.1735438,0.49534315,1.0220298,0.987344,0.7807185,0.99942833,0.7638037,0.821291,1.1144503,1.0799308,0.8213543,0.44481373,1.0846567,0.98496705,1.1417891,1.1932547,0.46948695,0.722157,1.2380618,1.2674073,1.38689,0.83014745,1.2597197,0.6790192,1.262605,0.7594022,0.84977096,1.362638,0.88026106,1.2013185,0.1842736,1.2709813,0.9552344,0.4979794,0.07704991,1.3890208,1.165822,1.2381746,1.3910182,1.3538506,0.63533473,0.6233975,0.83155257,0.9870902,0.85489285,1.1441687,1.0265038,0.069569826,1.1527833,0.7169349,1.2997705,0.6922635,1.1622665,1.2372649,1.3789691,0.98807466,1.1389182,0.70614755,1.0729663,1.1776611,1.2772448,0.40597236,1.2036203,0.72960925,1.1758627,1.1287804,0.91837984,0.8325143,1.2251537,1.3067894,1.3037173,1.3533776,0.4173755,0.8160515,0.5811864,1.0968914,1.237773,0.78429735,1.2270734,1.1036876,1.0264556,1.0380706,0.3345353,1.1583742
arm,0.8372901,0.8109932,1.2217484,0.0,1.1192319,1.1053891,0.94987786,1.1077256,0.82573175,0.75852853,1.2120299,0.88590705,0.6109911,1.0996695,0.8821798,1.098417,1.2318435,1.4005818,1.1555096,1.0040151,1.2761613,0.6770848,1.1328313,1.1539121,1.2923661,1.294168,0.8364595,0.87066066,1.0636877,1.3087125,1.0105902,0.98791885,1.0085262,0.85625446,0.9599114,1.3137457,0.8767061,1.4052856,0.9531489,1.1188108,0.81811523,0.7867789,0.771235,1.2663615,0.80668885,0.83101904,1.043629,1.1722826,0.924199,1.2080169,1.265689,1.1231989,1.0337929,1.2618185,1.0207243,1.2812787,0.844253,0.60182405,1.2617235,1.2480065,0.9103865,0.57387,0.5598628,1.2415403,0.94172025,1.3113703,0.7849187,1.1933231,1.2901778,0.6354573,1.2020068,0.8752074,1.2352159,0.9560642,0.981548,1.2416646,1.1681383,0.6932042,0.93925834,0.70157874,0.5976659,0.7468345,1.2146311,1.1625409,1.1445509,1.1455883,1.1927326,1.0541068,1.117497,1.1994472,0.8383434,1.3233991,0.72418,1.3111987,0.7496401,0.8764554,0.51093763,1.2395679,0.95260465,1.2554643,0.76222074,1.0397321,0.7908765,1.2896204,0.7955199,1.1617867,0.88719404,1.0738045,1.2191693,1.2737651,1.0572237,0.9363307,0.5931105,0.8107512,1.424403,0.89004964,1.1828642,0.98396987,1.0041211,1.4188963,0.99726295,0.8455506,1.0784338,1.1588107,1.2380733,0.8375405
ball,0.9581066,0.9144638,1.0616245,1.1192319,0.0,0.032309055,0.966722,0.97223306,1.0605551,0.9649433,1.0426483,1.0402427,0.97262937,1.1571993,1.0432459,0.98143286,1.1225276,1.0996989,1.0358225,1.0136807,1.0241827,0.96379304,0.897898,0.96300626,1.1934835,1.0418932,1.110617,0.95102733,1.0726523,0.87500066,1.0798992,1.0539843,0.97448725,0.944923,1.122871,1.0784415,1.0220367,1.086732,0.9207084,0.9236359,1.1022661,0.98017985,0.84865344,0.80417675,1.1432612,0.99336433,0.92225826,1.1022267,1.0418752,1.1851491,0.8890464,1.0326283,1.0500414,0.9069813,1.0632594,0.9375455,0.9175388,1.0338831,0.98275256,0.99205923,1.1153748,1.0655192,0.9439581,1.2217972,1.0706748,1.0846947,1.0929992,1.1124395,1.0130527,0.8632772,0.9996841,0.9184458,0.9801499,0.9661448,1.0214226,1.0348423,1.1325923,1.0761988,0.93523496,0.9963839,0.9568376,1.0027289,1.1581745,1.147251,0.9044291,1.0843115,1.1368423,1.1277189,1.1399541,1.0545082,1.0341015,0.9781081,1.1881726,0.9382941,1.0252864,1.0497584,0.9737863,0.90504515,0.95292085,1.2365481,0.9678235,1.0962085,0.9746008,1.0328534,0.99739313,0.96068287,0.9479543,0.84585154,1.175999,0.92649966,1.1414137,0.9306171,0.9658992,1.031191,1.0411515,0.99895394,1.0871094,1.0340334,0.95368564,0.82911,1.1439734,1.0586704,0.9483343,1.1334258,1.0388825,1.107732
balloon,0.9322537,0.8543763,1.0898423,1.1053891,0.032309055,0.0,0.9478995,0.9457066,1.0457668,1.0092968,1.035664,1.0310427,1.0002271,1.1199763,1.0146347,0.93528056,1.0704386,1.0753955,1.029107,0.97494024,1.0461088,0.989326,0.864338,0.98047674,1.1160836,1.0332353,1.0821512,0.91544855,0.99821687,0.9620405,1.0766355,1.0447018,1.0238179,0.9814392,1.1675788,1.0683459,1.0215638,1.0888078,0.8988409,0.8781235,1.1106668,0.9770529,0.86024916,0.8431927,1.130476,0.96828073,0.9220227,1.0976448,1.0288402,1.151995,0.8654201,1.0298338,1.0397489,0.89148974,1.0526371,0.9316735,0.94394976,0.9990761,0.9521581,0.97768384,1.1309545,1.0501454,0.9868089,1.1869285,1.031573,1.0721142,1.1190387,1.0912591,1.0198349,0.8500236,0.9370414,0.97504354,1.0246369,0.9400936,0.99291366,1.0374575,1.1527296,1.0465893,1.0047641,1.030149,0.9744219,1.0112911,1.1324666,1.1139398,0.90444005,1.031974,1.1332568,1.1089278,1.1422275,1.0886607,1.0055277,1.0023879,1.1408815,0.91277134,1.0348192,1.0196384,0.962403,0.8786321,0.92739034,1.1961727,0.98787767,1.0988001,0.9849528,1.0405062,1.058109,0.98669356,0.9055422,0.9013848,1.1378962,0.9238006,1.1490341,0.9278561,0.98274916,1.0382209,1.0492498,0.99281234,1.092662,1.0154798,0.92464775,0.80497277,1.1465034,1.0916349,0.96045464,1.1021216,1.061789,1.1230145
banana,0.9620538,0.93026644,1.1442589,0.94987786,0.966722,0.9478995,0.0,0.95711297,1.0129806,1.0998852,1.1662303,1.1052394,0.91878915,1.1037236,1.0089866,1.0143286,0.98984647,1.1204913,0.75225896,1.0308949,0.8379661,1.0754626,0.9902268,0.9943515,1.1441487,1.2194253,0.7851684,1.1258535,1.1101724,1.0928652,0.95872927,1.1250765,0.8960318,1.1148194,0.8940301,0.9753035,1.0510782,1.1062113,1.1188382,0.9422524,1.10644,1.017256,0.9336487,0.9385946,1.1663624,0.94648147,0.9188074,1.1210089,1.0939611,0.88981956,0.6721137,0.99847925,1.0686513,1.1862099,1.1172621,0.93132365,1.1096753,0.8586441,1.127979,1.0806959,0.92668176,1.1538277,1.0157917,0.82567257,0.9393396,1.0688663,0.8771807,0.79111415,0.94874763,0.965472,1.1305937,1.0309405,1.1840405,0.8860721,1.0739459,1.1531655,1.1513492,1.0505738,1.0754391,1.0710248,1.0159411,0.96773666,0.9890177,1.0372692,0.72301626,1.0120895,0.815166,1.0878524,0.67841846,1.2014853,1.0067105,1.0617101,1.0953493,1.124412,0.94380623,0.74296236,1.1209095,0.9861181,1.0260371,0.9434488,1.1054047,0.9114527,1.0075866,1.0683204,1.1381562,0.9579249,1.0122343,0.67111415,0.7693639,0.96539474,0.8729808,0.9980076,1.0488977,1.0442123,1.0380716,1.0361001,1.2033086,0.98624796,0.89418477,0.89744544,0.6413002,1.085665,1.0399461,1.0517566,1.148607,1.132433
basket,1.0886958,1.1967337,1.1982882,1.1077256,0.97223306,0.9457066,0.95711297,0.0,0.43882722,0.84995455,1.3468674,0.8932518,0.93816686,1.2380191,0.69131815,0.86004525,0.88682604,0.9441489,0.46946502,0.67112046,1.2344353,1.0842016,0.403863,0.9323461,0.8617971,1.2474084,1.0915977,1.0465108,0.678523,1.1544715,1.059145,0.7495344,0.8422909,0.95424837,0.9553272,1.2937517,0.51655126,0.8863135,1.0406711,0.89665836,1.0643392,1.0027292,0.9882217,1.2344875,1.0544033,1.2919338,1.2606925,0.9783192,1.3080446,0.9173108,1.1459843,0.7943063,1.341507,1.2897558,0.8880596,1.1049477,1.2198665,1.093938,1.3164339,0.99460477,0.95878017,1.025812,0.9866001,0.9754915,0.8030155,0.9790314,1.0130087,0.9903474,0.9666574,0.89787567,1.0413322,0.9193755,1.3200848,0.5600656,1.3532608,1.091441,1.1232393,0.939654,0.9815896,1.0761518,1.1738274,0.9850144,1.1861278,1.1757458,1.1493148,0.753631,0.80957717,0.90918183,0.60723054,1.1693828,0.889563,1.2129722,0.94520533,1.0170331,1.0493686,1.0202047,1.1179123,1.0796937,1.0582149,0.9306614,0.90358174,0.92922044,1.0204511,1.3408489,1.0345912,1.1862249,0.85346526,1.1048471,0.8155937,1.2949857,1.0507034,1.1086224,1.0550907,0.7607216,1.126651,1.3323529,1.2023034,1.3187808,0.5721364,0.9185266,0.60290295,1.0580976,0.9036155,0.8945652,1.3270799,1.007692
bathtub,1.0229515,1.2636619,1.2758007,0.82573175,1.0605551,1.0457668,1.0129806,0.43882722,0.0,0.66229844,1.261693,0.63574624,0.7747392,1.1994618,0.7322968,0.8203336,0.98576796,1.1698185,0.8068805,0.5840955,1.4216993,0.8819556,0.35613072,1.1012913,0.9086237,1.1436949,0.9611391,1.1356663,0.71326387,1.2591289,0.9405917,0.8079239,1.0207435,0.8219062,0.9889132,1.3267683,0.49602586,1.1025641,1.1614846,1.1831591,0.8712044,0.68675935,0.92628783,1.3597747,0.78988624,1.2819439,1.2597713,1.0861992,1.3506726,1.1470778,1.2605442,1.0260087,1.2632515,1.3907096,0.94568413,1.1866633,0.9923823,1.1509917,1.3739151,1.2025964,0.8385113,0.8548502,0.8042546,1.1577034,0.79159814,1.0634528,0.90656984,1.0518389,1.0779585,0.84414786,1.2196466,0.90691245,1.3135839,0.81405103,1.2724706,1.2178227,1.1992077,0.6698344,0.9065092,0.9239071,0.87842166,0.7484787,1.2315767,1.2422657,1.326191,1.0358034,1.1646857,0.9957554,0.80415475,1.2487336,0.92372257,1.1775775,0.70916474,1.3296573,0.8774986,1.0226506,0.8817773,1.2726185,1.1196038,1.1266721,0.6429875,0.7539135,0.70096165,1.3529773,0.7930377,1.2953959,0.9772276,1.199562,1.1039081,1.3338912,1.0009805,1.0921612,0.85426176,0.5958879,1.2941437,1.3346989,1.1102993,1.1196053,0.8310113,1.1588222,0.6737296,0.8525911,0.95171934,0.91696334,1.3234208,0.8030788
bed,0.7359725,1.172564,1.3334844,0.75852853,0.9649433,1.0092968,1.0998852,0.84995455,0.66229844,0.0,1.4365339,0.40976012,0.55335927,1.3421988,0.4313426,0.9453866,1.1675211,1.4930058,1.2173095,0.7187878,1.5295931,0.6638833,1.0757828,1.2062149,1.4309366,1.264794,1.1415963,0.8056242,0.737163,1.4017477,0.8500471,0.5045353,0.77870977,0.1146971,0.9156287,1.6359276,0.52024794,1.5716602,0.83761704,1.1505945,0.63362795,0.7583537,0.8044301,1.4185054,0.82996917,1.3469849,1.3030957,1.1848252,1.3056237,1.5904351,1.3123643,1.1217775,1.3020337,1.5105759,0.9930764,1.3481804,0.7670578,1.1613666,1.5156391,1.3183696,0.74284494,0.5309305,0.34169888,1.5834112,0.74186,1.5090352,0.7715959,1.3570633,1.3581183,0.6530452,1.346667,0.60194707,1.373247,0.89096665,1.30826,1.3956499,1.2718687,0.7000562,0.588443,0.4704181,0.49053228,0.6606339,1.6318576,1.6032376,1.334496,1.0209029,1.3184605,1.0597343,1.1588962,1.2408239,1.0152587,1.3335196,0.75883335,1.4483498,0.8008464,1.1039169,0.6145797,1.3708065,1.0123305,1.5296671,0.5428105,1.0851533,0.3319342,1.5565238,0.387599,1.4302406,1.1360123,1.0000764,1.5372314,1.4037111,0.9865169,0.8454846,0.45856452,0.3577124,1.5958495,1.3059251,1.2540035,1.1926991,0.91549784,1.350301,0.90721035,0.8042559,0.84795713,1.0865515,1.4774195,0.6616798
belt,1.3550997,0.8551693,0.4588942,1.2120299,1.0426483,1.035664,1.1662303,1.3468674,1.261693,1.4365339,0.0,1.2845168,1.4555459,0.7198845,1.2058072,1.1400242,0.9158107,0.68044436,1.240878,1.3630627,0.42996716,1.2368331,1.0740238,1.1391864,0.52162004,0.4411999,0.9086609,1.1373955,1.2281747,0.5970664,1.1330783,1.4161961,1.2962693,1.3550087,1.0639374,0.24885213,1.4513054,0.5659886,1.1894886,1.1973097,1.3746976,1.1949395,1.242529,0.5272433,0.901514,0.7331686,0.5108093,1.0534188,0.61448807,0.78935134,0.8657807,1.2454624,0.6003755,0.24895442,1.1035745,0.7321155,1.1631117,1.1577146,0.29653597,0.8923456,1.3234195,1.2023355,1.3537754,0.75058925,1.3466908,0.6731081,1.2286148,0.65650207,0.7887405,1.3486314,0.6853458,1.3447337,0.25119054,1.3326979,0.63444924,0.60386336,0.57055646,1.2587205,1.2618768,1.3333697,1.277504,1.349877,0.4450022,0.44059956,0.7684788,0.8711567,1.1169324,1.1743928,1.227661,0.5512686,1.0799066,0.5276905,1.279407,0.8152878,1.169857,1.2178925,1.2627203,0.6761641,0.99697167,0.6807716,1.1741138,1.1023893,1.3784534,0.17713392,1.3429036,0.60333633,0.9929832,1.1461802,0.93800515,0.6302738,1.1366583,1.1254365,1.4092343,1.5199553,0.35083258,0.6572784,0.46748716,0.78173625,1.2730503,0.82703567,1.3974146,1.2075866,1.1583695,1.1328115,0.22979826,1.2852504
bench,0.8609359,1.0723137,1.3804739,0.88590705,1.0402427,1.0310427,1.1052394,0.8932518,0.63574624,0.40976012,1.2845168,0.0,0.86148405,1.1783113,0.7581825,0.94250596,1.0823812,1.2865951,1.1950446,0.5865333,1.4834242,0.68671805,0.9565543,1.2120404,0.99941874,1.0452306,0.9188378,0.8008827,0.44952023,1.4311407,0.71836406,0.52978075,0.8357438,0.40771633,0.9805264,1.4387057,0.5157892,1.3404737,0.87473005,1.2516928,0.46953595,0.50001234,0.9338863,1.4179456,0.86653316,1.247046,1.289695,1.1495552,1.2549422,1.405323,1.3260567,1.1239861,1.2608563,1.3824341,0.94438374,1.2583437,0.88651705,1.1250081,1.4210154,1.3039782,0.8532763,0.70506203,0.67251277,1.3316181,0.6229609,1.3660421,0.7764248,1.2099313,1.1446861,0.8385589,1.281828,0.87151635,1.4095681,1.0094659,1.2285879,1.3417214,1.3536325,0.40933245,0.8710788,0.7876309,0.59917754,0.846127,1.3589075,1.3224213,1.2481747,1.1006618,1.2959081,1.0176365,1.1408291,1.3100287,0.9654689,1.115104,0.547474,1.3960541,0.92373794,1.0458056,0.72232115,1.345633,0.96478665,1.2675443,0.7022122,0.82697916,0.5639933,1.373404,0.63891256,1.4019632,1.0418956,1.0371969,1.3857988,1.3534892,0.9102755,0.7276826,0.6672588,0.45581412,1.4054555,1.2530715,1.0669103,1.0012759,1.0173155,1.3448589,1.008687,0.9426676,0.92792743,0.91825527,1.4415232,0.72442776
bib,0.8034152,0.973467,1.4034971,0.6109911,0.97262937,1.0002271,0.91878915,0.93816686,0.7747392,0.55335927,1.4555459,0.86148405,0.0,1.3682371,0.83512425,1.0347083,1.0774641,1.4625044,1.0049682,0.7432655,1.4607813,0.732039,1.0250583,1.1477526,1.4946156,1.4048975,0.98415595,1.0353585,1.088234,1.3085324,0.88719034,0.8256965,0.837588,0.67482674,0.9431026,1.581535,0.7111097,1.5348624,0.9894943,0.9353031,0.7716583,0.80557585,0.61984956,1.3564665,1.0619332,1.1252025,1.2384624,1.2099762,1.1928562,1.3982255,1.1377602,1.0175245,1.1783532,1.4331118,1.0215409,1.2059927,0.6794629,0.7939853,1.4440795,1.2764945,0.69672424,0.55465317,0.47841036,1.478184,0.9266734,1.4441966,0.786892,1.3123701,1.2929046,0.5845411,1.325202,0.64110696,1.4002012,0.7267716,1.0966696,1.3909515,1.3225247,0.7742989,0.6857944,0.39556015,0.6001861,0.49633956,1.5391258,1.4905658,1.295831,1.24411,1.2072413,1.0860243,0.9317309,1.3208842,0.9125065,1.4000146,0.8361845,1.4586576,0.6294734,0.9097427,0.4535033,1.2112384,0.9562653,1.4141495,0.8649395,1.021668,0.5464883,1.5610946,0.6808598,1.3240969,1.057944,0.8788551,1.3269302,1.3592402,1.003065,0.8712926,0.4698398,0.52100205,1.5425949,1.144447,1.3684895,1.0974473,0.8444417,1.2236456,0.70794106,0.84028083,0.8905638,1.0731275,1.4154006,0.8496767
bird,0.6678858,1.0833046,0.891403,1.0996695,1.1571993,1.1199763,1.1037236,1.2380191,1.1994618,1.3421988,0.7198845,1.1783113,1.3682371,0.0,1.0174744,0.9408392,0.97804856,0.84177685,1.1079017,1.2760565,0.82991046,1.0381798,1.1427317,0.6455195,0.86674136,0.5099926,1.079976,0.69523203,0.99135274,0.83605725,1.157508,1.2015857,1.1881452,1.2616858,1.1581392,0.6899246,1.2648195,0.8255026,0.7085016,0.9439737,1.1666623,1.1499608,1.301739,0.92658544,0.85958594,1.0003725,0.69769126,0.7825432,0.96946,0.68948114,0.7422247,1.0550553,0.85722136,0.70175415,0.9553509,0.8798352,1.0035263,1.1279373,0.7005019,0.5956862,1.1800625,1.2097462,1.2455593,0.70007193,1.0722942,0.69039893,1.0197765,1.0018759,0.9452659,1.2663254,0.7215245,1.234046,0.89625835,1.0123018,0.9914148,0.8139368,0.9646065,1.0966104,1.1780237,1.2963066,1.1790837,1.2670811,0.65759426,0.734463,0.95335186,0.90777504,0.91041446,0.8436734,1.1339009,0.91075915,0.8042526,0.66904473,1.0620381,0.45080584,1.1031727,0.93986845,1.1629326,0.77959406,1.0862067,0.85870206,1.2061603,0.92451143,1.3107609,0.7189583,1.1717384,0.8355767,1.0559441,1.1586585,0.8023152,0.6834599,0.9590318,0.90675044,1.2829344,1.360142,0.7502743,1.0048931,0.926861,0.77689236,0.95562845,0.9300997,1.2314868,1.0160866,1.2033075,1.0339377,0.8123776,1.088203
blanket,0.7013333,1.0953279,1.2737222,0.8821798,1.0432459,1.0146347,1.0089866,0.69131815,0.7322968,0.4313426,1.2058072,0.7581825,0.83512425,1.0174744,0.0,0.83747745,0.9230132,1.3364849,1.092551,0.89962333,1.3447821,1.0166385,0.9248438,1.0201674,1.1774977,1.0731238,1.0859232,0.6878164,0.87133086,1.2625755,1.0578903,0.8314441,0.93931925,0.5929521,0.9635132,1.2952253,0.80206895,1.3751941,0.8066983,0.9387747,1.0732973,0.9974071,0.9721557,1.295543,0.8029825,1.1933922,0.9685862,1.0059658,1.2104847,1.2274762,1.0037316,1.0997294,1.2725346,1.2716262,0.890783,1.099483,1.075748,1.0889957,1.2728748,1.0910785,0.88838106,0.7607433,0.54491043,1.2398188,0.9981102,1.1946185,0.847576,1.0942887,1.1998322,0.6804165,0.9860004,0.8562968,1.3197613,0.59867287,1.2275561,1.1593131,1.2178595,0.9686423,0.8253703,0.79113746,0.8053162,0.8436183,1.2502415,1.2668518,1.2607992,0.5840397,1.0937293,0.986606,1.0677016,1.2232984,0.9701947,1.1299701,1.0428865,1.1282518,0.8913225,1.0538154,0.8937824,1.0044807,0.91166043,1.3037876,0.8894927,1.0688492,0.7710493,1.2503223,0.74306726,1.1796657,0.9015648,1.1772268,1.2401826,1.222958,0.9910839,0.98712164,0.8457219,0.8226423,1.3446889,1.1968821,1.1578698,1.091272,0.55783135,1.1029396,0.9104915,0.9230267,0.94933575,1.1830698,1.3489028,0.9501833
boat,0.99812883,1.107382,1.0723588,1.098417,0.98143286,0.93528056,1.0143286,0.86004525,0.8203336,0.9453866,1.1400242,0.94250596,1.0347083,0.9408392,0.83747745,0.0,0.83027494,1.0303693,0.97914135,0.83610237,1.1075318,1.1188598,0.7294258,0.9752693,1.0041683,0.91457725,1.0603477,1.0809278,0.905737,1.1466652,1.1191337,0.8472286,0.98908347,1.0534017,1.1433623,1.0200473,0.88956606,1.0496842,1.0925815,0.893101,1.1171651,1.0883124,0.99202424,1.0944296,0.93616545,1.09144,1.13889,0.9886586,1.2309331,1.0405627,0.8164973,1.004703,1.1580336,1.1756332,0.8760376,0.8149296,1.1134458,1.124192,1.1263422,0.9356708,0.70397776,1.0288448,1.088822,1.0079943,0.79928935,1.0055988,0.9121814,1.0134816,1.005078,1.0932347,0.9951945,1.1437626,1.165448,0.987937,1.1798134,1.1104949,1.0355142,1.1333816,1.1738851,1.0130447,1.1207936,0.9994809,1.0341341,1.0381418,1.143224,0.98806775,0.9095274,1.0037442,0.97875106,1.063255,1.0398455,1.0666785,1.0838232,0.97620624,1.0914667,0.9200937,1.0601516,1.0578264,1.0058906,1.1093359,1.0154369,0.9680252,0.8740932,1.0627958,0.86551285,1.067097,1.0265371,1.1259363,1.0325567,1.1015046,0.8780819,1.0085064,1.0756832,0.92139125,1.0043638,1.1637596,1.0434213,0.9733188,0.97455573,0.60307634,0.93738574,0.91951644,0.8465023,0.9670047,1.1408277,0.93851066
book,1.0466559,1.0093725,0.9661763,1.2318435,1.1225276,1.0704386,0.98984647,0.88682604,0.98576796,1.1675211,0.9158107,1.0823812,1.0774641,0.97804856,0.9230132,0.83027494,0.0,0.77899003,0.8573092,0.5301086,0.9865846,1.3269466,0.8319222,0.873278,0.81029505,0.85357285,0.9940957,1.1432774,0.9917263,0.97416925,0.7314056,0.91611475,1.1454439,1.1776525,1.1975955,0.80588806,0.91824317,0.81198245,1.1413856,0.635811,1.1367304,1.0196053,1.0853822,1.0256271,1.2518301,1.0409144,0.9247676,0.931275,1.2062588,0.82597023,0.76653945,0.89978665,1.1037157,0.97366273,1.0063006,0.52822137,1.2327354,1.0976008,0.9422908,0.83546364,0.96858597,1.1653012,1.275974,0.78303003,1.1074266,0.93296957,1.1602206,0.9624884,0.85374856,1.1895673,0.83675563,1.3416727,1.0157126,0.95134175,1.1048453,0.9644107,0.92451483,1.2153788,1.3218828,1.1514946,1.3677747,0.64676356,0.78331125,0.7813069,1.143131,0.7758119,0.7957649,0.9558531,0.8835225,0.99435806,0.91810197,0.9656471,1.1136345,0.8788904,1.0568236,0.9842558,1.1962507,0.86354434,1.0555928,0.82154715,1.1286578,1.0639713,1.1612847,0.8564116,1.1948644,1.0851071,1.0797306,1.2085685,0.8027695,1.1358135,0.9372114,1.0404558,1.2424265,0.91003215,0.7407851,1.1121507,1.0067712,1.0697286,0.94690174,0.5070404,0.85143673,1.0061632,0.8443263,0.96300197,0.9236325,1.1467705
bottle,1.3525984,1.0678991,0.5673216,1.4005818,1.0996989,1.0753955,1.1204913,0.9441489,1.1698185,1.4930058,0.68044436,1.2865951,1.4625044,0.84177685,1.3364849,1.0303693,0.77899003,0.0,0.80444443,1.0354116,0.64136493,1.310152,0.73094136,0.8919302,0.45644498,0.75145113,1.1431236,1.1511346,0.9831264,0.7121338,1.0296429,1.1265217,1.2128594,1.3470567,1.1832843,0.53829825,1.2751899,0.16906035,1.1469486,0.9153999,1.129001,1.2614409,1.2373298,0.7167503,1.1721205,1.0146186,1.0052955,0.8401147,0.9150871,0.6334544,0.96046793,0.6257802,0.9339138,0.5523774,1.001415,0.8306497,1.2855011,1.155475,0.6322104,0.66391236,1.2777224,1.382712,1.5308847,0.6271832,1.1076543,0.5765011,1.3119656,0.80582666,0.7275774,1.4223714,0.7788352,1.3395216,0.63719493,1.1469299,1.0011827,0.6570093,0.6093543,1.2102228,1.3141698,1.3952885,1.4220794,1.3195565,0.5972412,0.60332656,0.7862247,0.80871713,0.7028751,0.91065186,0.9267122,0.6127364,0.9924388,0.67042667,1.0534933,0.5949756,1.2655652,1.1160144,1.4005433,0.8009603,1.0752618,0.52287316,1.2306327,1.0258164,1.4014518,0.5939574,1.3948076,0.8380858,0.94573706,1.1219752,0.6084287,0.70985377,1.1963313,1.1684399,1.3770105,1.2708943,0.39541268,0.9407564,0.79697955,1.028679,1.1246201,0.58132863,1.1132835,1.238253,1.0902324,0.44386923,0.58897823,1.2523236
bowl,1.1633903,1.134813,1.0561227,1.1555096,1.0358225,1.029107,0.75225896,0.46946502,0.8068805,1.2173095,1.240878,1.1950446,1.0049682,1.1079017,1.092551,0.97914135,0.8573092,0.80444443,0.0,0.90497625,0.90331763,1.1749923,0.623482,0.7261299,0.88718665,1.2147303,0.98039895,1.1811144,1.022476,0.92473626,1.062356,0.9860481,0.9424947,1.2204858,1.0871567,1.0670472,0.92536813,0.7001787,1.1706814,0.8906925,1.1480353,1.0781795,1.0243129,1.0749527,1.2516713,1.1558933,1.108869,0.87499326,1.2458644,0.6474486,0.9874811,0.5646552,1.206612,1.1841872,0.9626615,0.9222904,1.2404271,0.9530437,1.2114658,0.91228706,1.0122362,1.2381818,1.2314854,0.67950183,1.0180755,0.85735524,1.0541432,0.8395999,0.699636,1.1999899,0.9641341,1.1062257,1.1625857,0.81479895,1.1942148,1.0119969,0.990506,1.0793362,1.1983562,1.2095217,1.3262619,1.0041982,0.9563586,0.9839778,0.98872465,0.8954993,0.43657947,0.858768,0.14740443,1.0859197,1.1176449,1.1806948,1.0377731,0.9491845,1.1286577,0.9703907,1.2418346,1.0187123,1.0715697,0.6105653,1.1651165,0.6375502,1.2283955,1.1606374,1.2015907,1.0285647,1.0695218,0.87852013,0.43098104,1.1414802,0.98570615,1.1654721,1.1704408,0.920896,0.91811657,1.1965212,1.1576128,1.2283485,0.8584164,0.8683711,0.45296937,1.0559026,0.9797767,0.8546581,1.1465784,1.1274768
box,0.91487026,1.0551767,1.3592802,1.0040151,1.0136807,0.97494024,1.0308949,0.67112046,0.5840955,0.7187878,1.3630627,0.5865333,0.7432655,1.2760565,0.89962333,0.83610237,0.5301086,1.0354116,0.90497625,0.0,1.4804713,0.98094755,0.6268422,1.0466522,0.90783596,1.2262326,1.0121025,1.0322471,0.7147006,1.361093,0.5802388,0.65927315,0.97046244,0.7551861,1.0937599,1.4126463,0.38689977,1.1231829,1.0033841,0.83641315,0.640644,0.5991236,0.9198011,1.3757735,1.1637027,1.2043811,1.3301973,1.0861583,1.3454051,1.3094769,1.0179497,0.9458014,1.2933002,1.3618298,0.94767565,0.9138043,1.0002818,1.0402687,1.3920386,1.1631892,0.8293921,0.8303782,0.87369627,1.2781692,0.79418325,1.2776082,0.9363403,1.2368768,1.1035972,0.8601879,1.1661297,0.9668983,1.4244196,0.8212541,1.2755857,1.2558479,1.2856534,0.6476531,1.0036554,0.85102165,0.9412467,0.48007643,1.3618176,1.2906681,1.2858064,1.0583179,1.1209157,0.9831593,0.97004473,1.2990568,0.77842325,1.170854,0.6558806,1.2558101,0.94688535,1.0092716,0.830898,1.2351773,1.0239911,1.1526912,0.73859257,0.9855661,0.7400577,1.3988912,0.9402832,1.4578571,1.0984595,1.0625263,1.2071426,1.3825918,0.95954835,0.81315756,0.8076037,0.501695,1.2762926,1.2834406,1.1846714,1.163401,0.86562246,0.83422804,0.7953353,0.92981327,0.8327873,0.8450978,1.3704301,0.8903456
bread,1.3671994,0.8924048,0.42795384,1.2761613,1.0241827,1.0461088,0.8379661,1.2344353,1.4216993,1.5295931,0.42996716,1.4834242,1.4607813,0.82991046,1.3447821,1.1075318,0.9865846,0.64136493,0.90331763,1.4804713,0.0,1.3158402,1.1678733,1.0442262,0.744347,0.7263973,0.9637275,1.1346238,1.3076968,0.58912253,1.2500501,1.3824937,1.054766,1.4400172,0.9801384,0.3627534,1.5070889,0.50851583,1.1490648,1.0078849,1.4641424,1.3511934,1.2469532,0.28903615,1.1074998,0.7557836,0.6933711,1.0111552,0.57941556,0.6722312,0.79744345,1.0624386,0.6422576,0.43900204,1.1758388,0.7814809,1.1643968,1.0474304,0.3679763,0.8360524,1.3178728,1.3390069,1.4198638,0.61844647,1.3346817,0.68448985,1.1298337,0.5967014,0.7185278,1.3890595,0.76465976,1.2917423,0.35875797,1.3015754,0.74103844,0.6537581,0.5322665,1.4331715,1.2611547,1.3648888,1.3555728,1.4237716,0.54417276,0.55945617,0.47053385,0.89039034,0.6516443,1.1328862,0.91811675,0.5218627,1.0602382,0.6904057,1.4091806,0.6485121,1.2266849,1.1294726,1.4011481,0.75472486,1.0387619,0.569449,1.2899181,1.1401758,1.4731746,0.31617707,1.4183354,0.48288673,1.0171992,0.8704768,0.6885357,0.5912932,1.1295538,1.1886809,1.3986254,1.5139133,0.32765067,0.66716486,0.73693144,0.9154747,1.2595284,0.72468346,1.1911869,1.285888,1.1342006,1.1398814,0.42190522,1.367824
broom,0.7388167,1.0692067,1.2613611,0.6770848,0.96379304,0.989326,1.0754626,1.0842016,0.8819556,0.6638833,1.2368331,0.68671805,0.732039,1.0381798,1.0166385,1.1188598,1.3269466,1.310152,1.1749923,0.98094755,1.3158402,0.0,1.1517211,1.0879918,1.339262,1.0846623,0.98809564,0.8849114,0.9259793,1.2644587,1.0293366,0.8621602,0.7908527,0.7042588,0.98046136,1.4025891,0.78765154,1.3660291,0.89767843,1.146839,0.68998975,0.8057666,0.88821036,1.3177974,0.8467942,1.2521346,1.0147918,1.13409,1.2090406,1.3275105,1.2038252,1.0589528,1.1629255,1.3232656,0.735985,1.2676282,0.8100401,1.0696824,1.3666103,1.1521627,0.8946706,0.6977045,0.6128706,1.3103876,0.7235731,1.3703401,0.7155286,1.2371161,1.1993517,0.7318981,1.1369935,0.71856046,1.2672243,1.0218327,1.2157601,1.3713278,1.2581881,0.6316486,0.7162944,0.73225206,0.52473176,0.84982866,1.3574078,1.3489372,1.1236424,1.3335121,1.196091,1.0808412,1.1086645,1.2067174,0.99844897,1.2527677,0.6939289,1.2997243,0.85586876,0.8665283,0.6724043,1.1946272,1.064671,1.2822847,0.7442821,0.8960387,0.70425725,1.4020835,0.5101106,1.330934,1.0739821,0.8455197,1.2805822,1.201359,0.955138,0.7119076,0.6157131,0.7389492,1.4513376,1.2288369,1.1950371,0.95345664,1.0605354,1.4157822,0.9995597,0.9145173,1.0774438,0.976089,1.3433061,0.8274118
bucket,1.1707658,1.1327696,1.1306462,1.1328313,0.897898,0.864338,0.9902268,0.403863,0.35613072,1.0757828,1.0740238,0.9565543,1.0250583,1.1427317,0.9248438,0.7294258,0.8319222,0.73094136,0.623482,0.6268422,1.1678733,1.1517211,0.0,0.99206907,0.61447847,1.0602924,0.9736301,1.1499048,0.79601955,0.9863789,1.0077815,0.9521858,1.0796971,1.1433688,1.0802058,0.9734672,0.7804794,0.60431457,1.181136,1.0000957,1.1271122,0.9969908,1.0114404,1.1429303,1.0220138,1.1164439,1.1252502,1.0522366,1.2128274,0.9361349,0.94243824,0.8778068,1.2129928,1.0352511,0.8826436,0.7963013,1.2322373,1.1108642,1.1288296,0.9848239,1.0398178,1.123493,1.1394765,0.92105,0.8952359,0.866976,1.104584,0.88962764,0.85480636,1.0015489,1.0322355,1.114683,1.1628077,0.822317,1.1946616,1.0323834,1.0874565,0.92855334,1.1294701,1.1448511,1.1938748,0.9917846,0.98484814,0.98106635,1.1126839,0.8680207,0.9833344,1.0212839,0.7634381,1.1472757,0.8803086,0.98312014,0.9631343,1.0144955,1.1218401,1.0517132,1.1212044,1.0224295,0.9597725,0.89381397,0.9419259,0.8311753,1.0152119,1.0329984,1.1298382,1.0833323,0.8417063,1.1974541,0.84528756,1.1412001,1.1395241,1.0885011,1.152893,0.9142274,0.8851079,1.198803,1.0191675,1.0837251,0.81803524,0.64530766,0.78236574,1.1127218,0.9870202,0.84048593,1.0994381,1.1126884
butterfly,0.81020975,1.1055775,0.99208343,1.1539121,0.96300626,0.98047674,0.9943515,0.9323461,1.1012913,1.2062149,1.1391864,1.2120404,1.1477526,0.6455195,1.0201674,0.9752693,0.873278,0.8919302,0.7261299,1.0466522,1.0442262,1.0879918,0.99206907,0.0,1.0497569,0.93746793,1.147563,0.9799414,1.0603212,0.81029296,1.118743,1.0557739,1.0245004,1.1810861,1.1758535,0.9588072,1.0370755,0.8817167,0.9248911,0.8271531,1.0850382,1.1046952,1.1142895,1.1112572,1.2029297,1.0913689,0.87553406,0.6194945,1.1678,0.7116169,0.76399815,0.760244,1.1107383,1.0134157,0.9803179,0.8478296,1.1056489,1.0318502,1.0651128,0.6744867,1.0431863,1.2482691,1.2195294,0.7560937,1.0764302,0.77742195,1.0628891,1.0790168,0.936136,1.1566061,0.8774098,1.0909524,1.0944458,0.8856314,1.152379,0.8975784,0.9819283,1.1688454,1.1027939,1.1935216,1.3058764,1.009979,0.8717451,0.9485121,1.0620229,0.91446126,0.70622486,0.69196266,0.751021,1.0107126,1.0481075,0.9520885,1.1063187,0.6448194,1.1007934,0.89096916,1.2200912,0.91708565,1.1283859,0.93543935,1.1677492,0.80010843,1.2373594,1.0386161,1.0836518,1.0260029,1.1201127,0.98842716,0.6975219,0.947894,0.8921888,1.0140973,1.2366118,1.1398621,0.89557934,1.128141,1.1427397,1.0690457,0.878906,0.8439335,0.8529126,0.9055326,1.0570673,0.96068275,1.0514404,1.029854
can,1.3932421,0.8655529,0.7683754,1.2923661,1.1934835,1.1160836,1.1441487,0.8617971,0.9086237,1.4309366,0.52162004,0.99941874,1.4946156,0.86674136,1.1774977,1.0041683,0.81029505,0.45644498,0.88718665,0.90783596,0.744347,1.339262,0.61447847,1.0497569,0.0,0.70028925,0.89091295,1.0422935,0.70736086,0.8533609,0.96440476,1.2143774,1.3623631,1.3186859,1.0503778,0.5047702,1.1531335,0.37027204,1.1240239,1.1327978,1.0971469,1.0151513,1.322375,0.803503,0.98414856,0.8429642,0.96658796,0.94970345,0.72032785,0.71034425,1.0021234,1.043694,0.8175596,0.5678103,1.0029209,0.84154177,1.2998328,1.0976793,0.5881614,0.89581716,1.3224487,1.253862,1.4348301,0.6268926,1.0768088,0.6479274,1.2775033,0.65932405,0.6801237,1.3426895,0.76910734,1.3820975,0.7505069,1.1183233,0.7954864,0.62401515,0.77952933,1.0231963,1.3820337,1.4623582,1.3355713,1.3204854,0.5333878,0.50264525,0.81701696,0.6631632,0.9466028,0.9705421,0.9834329,0.8263804,0.8961246,0.54397345,0.9570489,0.7895999,1.2310195,1.1997895,1.2934909,0.8119215,1.000834,0.52927613,1.1348591,0.8450853,1.3803575,0.51156914,1.4538151,0.81553924,0.8147073,1.2206522,0.73075247,0.7735524,1.1837718,1.1658918,1.4156115,1.3165458,0.45279294,0.8199047,0.5127671,0.86924314,1.0824997,0.7958086,1.2121572,1.3054428,1.1600888,0.80363333,0.6555872,1.2453194
car,1.1388438,1.127894,0.7086608,1.294168,1.0418932,1.0332353,1.2194253,1.2474084,1.1436949,1.264794,0.4411999,1.0452306,1.4048975,0.5099926,1.0731238,0.91457725,0.85357285,0.75145113,1.2147303,1.2262326,0.7263973,1.0846623,1.0602924,0.93746793,0.70028925,0.0,1.0541526,1.0266122,1.0655929,0.7001606,1.1345584,1.2388673,1.1501285,1.1962948,1.2071984,0.5844111,1.2901529,0.65883493,1.0637261,1.0700763,1.191249,1.1498849,1.213915,0.83544534,0.80814004,1.0374391,0.61054385,0.8833178,1.0448027,0.85271764,0.8600136,1.1291312,0.9186125,0.52476585,0.9042068,0.7012688,1.0854698,1.3194478,0.6099269,0.70456934,1.2312816,1.1236916,1.2978373,0.8212147,1.1699753,0.70125735,1.0140676,0.7428531,0.73597527,1.4307287,0.6464616,1.4035516,0.68280494,1.2757305,1.0015512,0.8277408,0.77801293,1.1485804,1.28573,1.2242818,1.2095944,1.267906,0.647081,0.7096387,0.97329247,0.841923,1.0144019,1.0382472,1.2239032,0.8211562,1.1351576,0.53469896,1.0943179,0.7130436,1.1293142,1.2264835,1.1930408,0.6868299,1.0442041,0.778054,1.1084186,0.9424005,1.2560827,0.5660547,1.0114301,0.8389075,1.1508442,1.2043546,0.9837775,0.8183985,1.0863076,0.8569023,1.3194867,1.3715262,0.5327233,1.038848,0.63015896,0.88141876,1.2042086,0.8069557,1.3631874,0.93500084,1.0593153,1.0464622,0.63546956,0.99724394
carrot,1.0771408,0.7841891,1.1367651,0.8364595,1.110617,1.0821512,0.7851684,1.0915977,0.9611391,1.1415963,0.9086609,0.9188378,0.98415595,1.079976,1.0859232,1.0603477,0.9940957,1.1431236,0.98039895,1.0121025,0.9637275,0.98809564,0.9736301,1.147563,0.89091295,1.0541526,0.0,1.1423007,0.9664105,1.043904,0.9729853,1.1420773,0.87421036,1.1333619,0.9137895,0.8079037,0.97754246,1.0902331,1.172167,1.0838792,1.0159471,0.88873875,1.0072284,1.0498924,0.9769437,0.7572919,0.98689073,1.170676,0.9642853,0.82587904,0.9640317,1.0909061,1.0268222,1.1058745,1.0515444,0.8987474,1.0954167,0.71755874,1.1008143,1.1984556,0.9720528,1.0807505,1.0326577,0.8241394,0.923564,1.0233245,0.89455616,0.7017439,0.9128297,0.9826231,1.1167709,1.1017776,1.0868394,1.0054483,0.9064676,1.1081177,1.1061759,0.93181515,1.1316568,1.1460758,0.97447366,0.9635358,0.78519213,0.73515856,0.97930926,1.0690866,1.0553328,1.1274023,0.8387593,1.1200513,1.0829582,1.0047244,1.0016005,1.2660465,0.9991811,0.6251911,0.94311243,1.1271185,0.97524357,0.804753,1.1481317,0.85175955,0.95487905,0.92404974,1.1561363,1.035484,1.0075336,1.0112818,0.8790875,1.0314378,0.8382895,1.0306492,0.9719677,1.0445449,1.0792123,0.87834024,0.8282516,0.63436127,1.0117726,1.0804398,0.852736,1.0868402,1.0977536,0.9858052,1.0211201,1.1092176
cat,0.45940524,0.9249714,1.1481676,0.87066066,0.95102733,0.91544855,1.1258535,1.0465108,1.1356663,0.8056242,1.1373955,0.8008827,1.0353585,0.69523203,0.6878164,1.0809278,1.1432774,1.1511346,1.1811144,1.0322471,1.1346238,0.8849114,1.1499048,0.9799414,1.0422935,1.0266122,1.1423007,0.0,0.7447077,1.2368121,1.0389311,0.9539709,1.0570759,0.7549505,1.1158282,1.2417111,1.0281835,1.2081937,0.13373041,0.8632909,0.93652743,1.0748072,1.0276623,1.0971754,0.90641165,1.0877928,0.98735875,1.0228884,0.9582629,1.2253517,0.99905026,1.1173894,1.0091664,0.99171275,0.96565473,1.125523,0.85174644,1.0154146,0.9796969,0.916206,1.1387248,0.8246167,0.7690079,1.2063823,0.96609193,1.1853511,1.0067941,1.2239318,1.147779,0.85994005,0.8936719,0.9568183,1.1938493,0.67540306,1.0277615,1.0308825,1.2061691,0.9120962,0.9599425,0.9244943,0.8118179,1.138808,1.2187877,1.2228674,0.96068096,0.83504796,1.0518941,0.97153217,1.2577422,1.1033618,0.76075494,0.9649137,0.97605884,0.74094415,1.0140283,1.1243823,0.82318145,0.8985478,0.8355453,1.2303348,0.98685014,1.1272299,0.9842042,1.1195152,0.96122324,1.0302029,0.8720162,0.99202585,1.2157784,0.949363,1.1227571,0.72440124,0.8987537,1.0170783,1.2021418,1.0234803,1.0907191,1.0162061,0.63761944,1.1482912,1.2422028,1.1062993,1.0421395,1.1519313,1.2114947,0.98909235
chair,0.8585927,1.0392588,1.2964798,1.0636877,1.0726523,0.99821687,1.1101724,0.678523,0.71326387,0.737163,1.2281747,0.44952023,1.088234,0.99135274,0.87133086,0.905737,0.9917263,0.9831264,1.022476,0.7147006,1.3076968,0.9259793,0.79601955,1.0603212,0.70736086,1.0655929,0.9664105,0.7447077,0.0,1.3129667,0.83712155,0.5157206,1.0518632,0.6428818,1.0688274,1.2529085,0.479383,1.0676564,0.7854865,1.0978003,0.6579064,0.80297273,1.1491041,1.318543,0.9595003,1.2023934,1.2923905,0.94839126,1.1533641,1.0695406,1.2108141,0.9772292,1.2124107,1.2023535,1.0223327,1.2120005,1.0453509,1.1262499,1.2093656,1.0535288,1.0031534,0.9899545,0.9700464,1.0321788,0.44346726,0.9649624,1.0577614,1.0729077,0.98544765,0.9515977,1.0821352,0.99874157,1.3611774,0.7687954,1.176391,1.1329951,1.2693276,0.6775089,1.0124809,1.0942881,0.8897981,1.0339177,1.1570679,1.1082754,1.0712852,0.8360736,1.1641698,0.85113263,1.023645,1.2179097,0.8206883,1.083011,0.70505404,1.00449,1.0915363,1.0057809,0.97154975,1.1816046,1.0250897,1.0186878,0.94605386,0.8900919,0.81169236,1.2378708,1.0015949,1.2020624,0.88360834,1.155992,1.0593462,1.1704909,0.99267066,0.91549057,0.93798906,0.52918184,1.1880305,1.2118112,1.0169533,1.0702136,0.76173425,1.150961,0.9616528,1.0402092,1.0208532,0.73166144,1.3487172,0.8213698
clock,1.2778287,1.1037246,0.5580008,1.3087125,0.87500066,0.9620405,1.0928652,1.1544715,1.2591289,1.4017477,0.5970664,1.4311407,1.3085324,0.83605725,1.2625755,1.1466652,0.97416925,0.7121338,0.92473626,1.361093,0.58912253,1.2644587,0.9863789,0.81029296,0.8533609,0.7001606,1.043904,1.2368121,1.3129667,0.0,1.2161584,1.3503923,1.1467755,1.34388,0.9911957,0.5180644,1.4067422,0.5261055,1.2073704,1.0369686,1.3244355,1.1406351,1.1936173,0.53839517,1.0456489,0.93611306,0.6659067,0.86614794,0.9323396,0.64570796,0.79892516,1.0166835,0.81779253,0.6113695,1.090488,0.7484377,1.1726568,1.1682419,0.6184984,0.8270055,1.1852999,1.3690624,1.3993256,0.6633054,1.3731453,0.49850357,1.1633334,0.768716,0.5940807,1.3682922,0.81397045,1.2215046,0.50403225,1.1980479,0.84847426,0.6752296,0.6746213,1.3238697,1.1099421,1.2830398,1.3994124,1.2481794,0.60528195,0.66394794,0.8514214,0.81561846,0.89412487,1.0044203,0.951975,0.6395212,1.1486936,0.50687534,1.2836646,0.7266614,1.1994193,1.0944556,1.3732467,0.8107177,1.1421742,0.71170664,1.1850197,0.9071262,1.4080262,0.49278462,1.2083801,0.6210953,1.0477281,0.9338422,0.71040523,0.6679467,1.0144944,1.2038018,1.3869107,1.4208683,0.4453494,0.8978789,0.71551657,0.9511607,1.1555051,0.76221126,1.1448486,1.0993239,1.1111242,1.0718123,0.57088125,1.2397078
