,alligator,ankle,apple,arm,ball,balloon,banana,basket,bathtub,bear,bed,belt,bench,bib,bird,blanket,boat,book,bottle,bowl,box,bread,broom,bucket,butterfly,can,car,carrot,cat,chair,clock,closet,coffee,comb,cookie,corn,couch,cracker,crayon,crib,cup,dish,dog,doll,door,drawer,dress,duck,ear,egg,elephant,eye,face,finger,fish,flower,foot,fork,frog,glass,glasses,glove,grass,gum,hair,hamburger,hand,hat,helicopter,horse,hose,jacket,jar,jeans,knife,ladder,lamp,leg,melon,milk,mitten,motorcycle,mouth,muffin,nail,napkin,necklace,nose,orange,oven,owl,pajamas,pants,paper,pen,pencil,penguin,pickle,pig,pillow,pizza,plant,plate,pumpkin,purse,radio,raisin,refrigerator,rock,rooster,sandwich,scarf,scissors,shirt,shoe,shorts,shovel,shower,sink,slide,slipper,snow,soap,sock,spoon,sprinkler,strawberry,stroller,sweater,swing,table,tape,toe,tooth,toothbrush,towel,toy,tray,tree,vacuum,watch,window,zebra
alligator,0.0,1.2768487,1.486562,0.6734456,1.2809862,1.4752812,1.3794289,0.84097606,0.69050974,0.4984839,0.44295406,1.5442934,0.59066576,0.7684871,0.7095941,0.5052184,0.8016511,1.1912892,1.5127535,1.4214499,0.9706926,1.215596,1.0403126,1.289024,1.1134325,1.4471223,1.0147076,1.1796477,0.45820308,0.7968451,1.4007322,0.7826445,1.0634674,0.8233837,1.0579331,0.49758297,0.49493182,0.5369472,1.5437527,0.4436792,1.5070629,1.0845077,0.44518936,0.93683416,0.80021846,1.0593497,0.7390113,1.2907715,1.3164937,1.4716723,0.5379609,1.3522975,0.7790052,1.3336896,1.235571,1.2959356,1.2668271,1.4538858,0.834309,0.8394493,1.2972051,0.882898,0.7487569,1.2946937,0.80586004,1.3508718,0.91728437,1.3445283,0.9402403,1.1033423,0.65414065,0.83146906,1.0206954,0.73212385,1.4782844,0.6438987,1.3959441,1.1904414,1.1380762,0.8046162,0.41203249,0.79798883,1.2347211,0.8514953,1.4389309,1.2601742,1.604421,1.2232918,1.4138894,0.7804408,0.6752583,0.6843606,0.7776202,0.72950757,1.5324715,1.4803624,1.3269842,1.444763,0.70902056,1.097846,0.94322044,1.4147258,1.2434001,1.0303452,1.0878388,1.2532693,1.2426319,0.7085454,1.2337947,0.6245082,1.2552372,0.937529,1.013211,0.727044,0.9788966,1.0440571,1.5524223,0.8194239,1.1032127,0.4872464,1.5610365,0.6296023,1.4629775,0.90786576,1.5507419,1.1635606,1.4397068,0.47523165,0.70281625,0.86054265,0.5390973,1.3794265,1.3567793,1.3885119,0.9690701,0.8751881,1.0546024,0.9187454,0.8225014,0.76134884,1.5855852,0.65879333,0.68429244
ankle,1.2768487,0.0,1.016207,0.750079,1.1154844,0.9633774,0.94160736,1.2260901,1.2094579,1.0820789,1.2372972,0.8153504,1.1633286,1.0090039,1.144162,1.2387161,1.15394,1.1194426,1.0196786,1.0446899,1.1785997,0.95109713,1.1029881,1.1465635,1.031178,0.9143802,1.2056413,0.98306376,1.133012,1.1178321,0.99519986,1.2017248,1.0446254,1.2883761,1.0431836,1.130168,1.1787559,1.2319639,0.95911777,1.3294237,1.0120139,1.1302036,1.1488441,1.0172079,1.0528471,0.99532557,1.0229249,1.0385013,0.7475573,0.63034475,1.1393616,0.8027463,1.1560473,0.36719716,1.0539259,0.9867534,0.44102573,0.88560086,1.1457369,1.1206348,0.81971467,0.7682104,1.2052017,1.021617,0.9807396,0.8765887,0.604496,0.7535466,1.10747,0.9252169,1.1645688,0.9795347,1.1709604,0.84016824,0.81658304,1.2187676,1.0194616,0.68336886,1.0476499,1.2552685,0.9776237,1.3160017,0.64788455,0.83553624,0.9147882,0.89145374,0.5995265,0.6635481,0.8254341,1.1446221,1.2925208,1.0325495,0.7558372,1.0306224,0.87602365,0.9222825,0.7878947,1.0652062,1.0028639,0.96026534,1.0319983,0.7974181,0.98730075,1.0908172,0.95375025,1.1235728,0.80761015,1.1852149,0.86293495,1.2196008,0.6930692,0.90142787,1.1620334,0.98012173,0.7742628,0.61229897,0.79949033,1.1670274,0.98914415,1.2467636,0.7851308,1.1907904,0.93685806,0.6544819,0.86672187,0.87713456,1.0099432,1.2281966,0.9540217,1.1977395,1.2568614,1.1234013,0.46343732,0.8125653,1.0605743,1.0289841,1.2446603,1.1624937,1.2199843,1.0770334,0.80434453,1.1704434,1.1720127
apple,1.486562,1.016207,0.0,1.4324226,0.5439333,0.30419672,0.528218,1.244165,1.4509745,1.2856829,1.514369,0.32153928,1.5185498,1.3882263,1.0589186,1.4217615,1.3126026,0.8662164,0.27053946,0.5433525,1.2333857,0.57849544,1.0242667,0.8237587,0.7789723,0.65050006,1.0151379,0.71612155,1.2659568,1.2543969,0.56208086,1.3197029,1.2219541,1.2813525,1.0001227,1.369005,1.4508296,1.4342406,0.16906667,1.5235279,0.36230624,1.0544851,1.2676499,1.1009177,1.2956648,1.2060221,1.440395,0.6985723,0.82192767,0.5220923,1.2693136,0.7550156,1.2088614,0.8435546,0.44340104,0.7095954,0.9231367,0.5831722,1.0440341,1.3496389,0.872892,1.1329365,1.1913767,0.7669169,1.2456741,0.65018106,1.2990791,0.6376712,1.2297933,0.8091265,1.4951549,1.3892471,1.1432155,1.4993423,0.49653637,1.4475167,0.47617006,1.0418473,0.81893,1.2311616,1.4369131,1.2569268,0.84064656,1.035938,0.13757408,0.8810998,0.46046805,0.87049127,0.4564541,1.3859766,1.147299,1.4655796,1.4274156,1.4227481,0.3598523,0.4000153,0.76547587,0.29401314,1.1380719,0.92170393,1.0420547,0.68591946,0.7212823,0.8248991,1.1654922,0.64698374,0.60137033,1.3978618,0.97312903,1.0733235,0.77052945,1.3540552,1.1143548,1.4264977,1.2047856,1.2793672,0.3158344,1.3181008,1.0940431,1.4200681,0.16135216,1.3240373,0.39475328,1.2393503,0.36529303,0.940683,0.12680948,1.4522421,1.4536986,1.1036346,1.5323329,0.61913437,0.6853539,0.40639108,1.1458611,1.1552188,0.9178832,1.242171,1.0712966,1.3373046,0.36956823,1.2675489,1.2720554
arm,0.6734456,0.750079,1.4324226,0.0,1.4182827,1.4710358,1.3832257,1.1858385,0.7000735,0.77451867,0.6089999,1.3934646,0.794536,0.3724047,1.1285076,0.8416356,0.9239795,1.2928636,1.4981046,1.5358225,1.0939112,1.2939978,1.1698709,1.3703862,1.3796701,1.4172423,1.1398016,0.90911853,0.9115921,1.0802333,1.4038934,0.856485,1.1207786,0.89794505,1.1229469,0.6181426,0.72045773,0.66186833,1.4351832,0.81465685,1.5259976,1.1515465,0.9483518,1.1005801,0.7330209,1.0123184,0.52534914,1.373939,1.0908991,1.1661223,0.78803813,1.1844282,0.84364,0.78443384,1.4308977,1.3987715,0.7960673,1.3981683,1.3122534,0.83450896,1.0644045,0.9064132,0.90545446,1.2965367,0.7504736,1.230659,0.40953982,1.2239401,0.84711015,1.331202,0.841116,0.623129,1.0603337,0.45871955,1.2254887,0.7250047,1.4380064,0.5958205,1.2146429,0.97586143,0.6740399,0.8933964,0.99089116,0.7681559,1.2958622,1.310426,1.2386253,1.0074618,1.2122933,0.7917397,1.0264488,0.5056151,0.545251,0.72545654,1.3660276,1.2892146,1.2324758,1.4469733,0.9337832,1.3189286,1.0734167,1.3180308,1.2893686,0.9970501,1.0506283,1.3983504,1.2864447,0.750782,1.2160432,1.1772145,0.9997679,0.76171523,1.0315984,0.3840853,0.90499353,0.5293575,1.3364745,0.7740873,1.0769098,0.6251011,1.342463,0.78880787,1.462194,0.7021234,1.4177212,1.2128661,1.4099286,0.8607341,0.4560504,0.95382893,0.71712935,1.4911982,0.93143374,1.2618765,0.75282514,1.177222,1.338272,1.1405375,0.9178302,0.89281756,1.3916185,0.79686195,0.76600504
ball,1.2809862,1.1154844,0.5439333,1.4182827,0.0,0.26430285,0.6811166,1.0402243,1.357099,1.1994462,1.320345,0.7509849,1.373214,1.3525723,0.962861,1.0885613,1.1590995,0.869092,0.5932835,0.5111166,1.131217,0.74402976,0.8801619,0.6402693,0.83593225,0.77737147,1.0488702,1.0327356,1.162339,1.0948769,0.4992708,1.3262631,1.0228993,1.1607676,0.78921884,1.2588117,1.3341056,1.3374232,0.57734054,1.3061861,0.5352255,0.95047843,1.136616,0.8495127,1.3731499,1.0471294,1.2927599,0.7868522,0.93612427,0.6459505,1.178956,0.7503824,1.1951792,0.9861763,0.6105303,0.7960218,1.1085393,0.83299243,0.8025962,1.1196558,1.0195086,0.9323845,1.126929,0.5380239,1.2541265,0.885761,1.2475021,0.80441475,1.0964117,0.7681854,1.1968367,1.3031375,0.9329265,1.3968476,0.9554733,1.4137069,0.5771487,1.1665189,0.7189665,1.068846,1.0742958,1.1427716,0.9784749,1.1150635,0.59126866,0.8699552,0.91271585,0.9166245,0.6315607,1.4388905,1.1465222,1.3197767,1.4157374,1.2700486,0.67851955,0.7093076,0.9054897,0.57305855,0.97701716,0.758881,1.076488,0.9089525,0.8527095,0.8871162,1.1279931,0.72938645,0.64887255,1.4500655,0.9762714,0.945654,1.0560975,1.1201429,0.91648525,1.3670549,0.9967285,1.3086853,0.8167284,1.3209914,1.1201726,1.3340244,0.66063154,1.1035812,0.5635456,1.0999073,0.75282145,0.6661408,0.60045034,1.254291,1.3558859,1.1093352,1.3538456,0.3133117,0.8629168,0.77184844,1.0989668,0.96736336,0.54651827,1.0383906,1.1214542,1.2553301,0.5842151,1.2991954,1.161016
balloon,1.4752812,0.9633774,0.30419672,1.4710358,0.26430285,0.0,0.56926334,1.1284593,1.4232728,1.3123963,1.5382204,0.45673603,1.4705131,1.4615318,0.95384425,1.3220766,1.1572464,0.8290465,0.4023164,0.4010551,1.1589499,0.6593828,0.9522184,0.5854732,0.7695683,0.5453835,1.0592284,0.8266677,1.277962,1.0816126,0.47920305,1.362876,0.9814311,1.2592713,0.9144988,1.3975074,1.473833,1.4843737,0.34472358,1.4658055,0.38159347,0.8993981,1.2707734,0.98307353,1.35199,1.0832292,1.482492,0.68211484,0.8661239,0.5064399,1.3282329,0.7962501,1.2566624,0.8748269,0.36928093,0.65475905,1.0292301,0.64528817,0.8941482,1.2224396,0.9717806,0.97674054,1.2093256,0.59017444,1.2926424,0.80321145,1.267425,0.6631137,1.159245,0.7700041,1.3107055,1.4209371,1.035876,1.5038462,0.6814121,1.4495814,0.40776408,1.0387852,0.6991105,1.1573972,1.2555084,1.2873583,0.9455932,1.0639223,0.41984206,0.73286825,0.60305136,0.7927213,0.50728774,1.4240831,1.2394316,1.5162615,1.4573886,1.318187,0.45142305,0.50119686,0.8155027,0.40282536,1.0384078,0.79017353,1.0760033,0.68926066,0.7091049,0.8320096,1.1654379,0.7027688,0.60915715,1.4581271,0.91262966,1.0334892,0.9470248,1.2132572,1.0133324,1.4826596,1.143093,1.3021777,0.5239458,1.3428297,0.9571957,1.4538652,0.4507693,1.3604817,0.45079988,1.1201122,0.47289485,0.68709034,0.3488961,1.4391744,1.4795213,1.1626594,1.4685962,0.35523695,0.7680751,0.5940714,1.1051913,0.9438357,0.6635889,1.0827937,1.1400672,1.2687685,0.53551155,1.3050787,1.2959697
banana,1.3794289,0.94160736,0.528218,1.3832257,0.6811166,0.56926334,0.0,1.1427056,1.4571366,1.3334887,1.5432565,0.6346026,1.4643759,1.3713794,0.9232428,1.3864175,1.2967429,0.85954946,0.53410137,0.5832102,1.1717781,0.5394339,0.9129964,0.8201449,0.6618792,0.727564,1.0936807,0.8757428,1.285904,1.1940857,0.7250319,1.350841,1.1689848,1.140129,0.7814427,1.1830852,1.4268419,1.2863944,0.47604853,1.5212408,0.60796064,0.91752064,1.2622353,1.0034018,1.3970513,1.216725,1.4080724,0.64399904,0.89035213,0.6220905,1.38035,0.75462496,1.2320707,0.80231893,0.6246238,0.70479715,0.82985973,0.5044853,0.7477357,1.3257284,0.8969481,0.9843299,1.3085036,0.689222,1.2114213,0.6995872,1.188938,0.7520319,1.185918,0.723573,1.2986584,1.3153315,1.0953219,1.4001753,0.65309125,1.3672062,0.70485914,1.0713341,0.5018988,1.1953651,1.317631,1.2827969,0.7724066,1.0273561,0.6532365,0.63534534,0.6903555,1.0041982,0.61944115,1.3306643,1.164308,1.4578388,1.3263316,1.3310713,0.519793,0.58267045,0.6801664,0.2903092,1.2066126,0.8344246,0.8108575,0.68401355,0.6824974,0.7751682,1.0489199,0.6197153,0.7211926,1.3924054,0.8652729,0.9277805,0.78721285,1.0900353,0.95250124,1.4037478,1.0932033,1.2719312,0.60498226,1.3828388,1.1389018,1.3750179,0.5188766,1.3213012,0.27428877,1.0938923,0.5105397,0.8917692,0.61304265,1.3462577,1.4273822,1.1810426,1.5263834,0.57913494,0.71920794,0.66433907,1.0640109,0.91559935,0.806093,1.0860915,1.2066431,1.242839,0.5295869,1.3526022,1.2778037
basket,0.84097606,1.2260901,1.244165,1.1858385,1.0402243,1.1284593,1.1427056,0.0,0.88754255,1.153095,0.87990266,1.2147316,0.5871764,1.0994322,0.9698632,0.7618072,0.8473127,0.731653,0.95977646,0.7363392,0.43889117,1.1340446,0.8150481,0.59690636,1.036824,0.6641915,0.9136889,1.1919193,0.95113426,0.5559559,1.0536724,0.7978344,0.7846975,0.8671465,0.99856555,0.9447745,0.79677355,0.8847481,1.215519,0.45903146,0.88758665,0.5580908,0.9268004,0.7209536,0.91097265,0.75852346,1.0295081,0.8861855,1.258141,1.4273719,1.1128237,1.2983556,1.1543409,1.3488635,1.1975645,0.9356519,1.3917456,1.0087749,0.8812651,0.8920155,1.3086431,0.9325659,1.023596,0.89433885,1.2056872,1.2115338,1.1895909,1.2775943,1.1072952,1.0338694,0.68046564,1.1441679,0.817096,1.1306823,1.2170085,0.73759997,1.0596442,1.1514517,0.9049082,0.7001606,0.7817557,0.9408347,1.361907,0.99516034,1.3684353,0.72003984,1.3327053,1.3348737,1.2646716,0.74499035,0.9281394,1.0425482,1.1608708,0.85168934,1.1880606,1.150967,1.2857754,1.0593579,0.8362683,0.56140184,0.785319,1.07386,0.85002613,1.0627251,0.644861,0.9299381,1.1323638,0.77486223,1.0074065,0.8845743,1.4051884,1.1655184,0.96497476,1.1432686,0.7781854,1.1237417,1.2042005,0.80843365,0.7911929,0.95903504,1.3546345,0.9226776,1.1088903,0.9925851,1.1422602,1.0055867,1.12332,0.6565379,1.1451453,1.0452942,0.7345298,0.8637719,1.3658725,1.2910393,1.024334,0.5700059,0.643767,0.48748386,1.0528268,0.66989195,1.2230059,0.9894234,0.975039
bathtub,0.69050974,1.2094579,1.4509745,0.7000735,1.357099,1.4232728,1.4571366,0.88754255,0.0,0.8183292,0.31742197,1.3345772,0.4024198,0.6846734,1.1416644,0.60040295,0.6192483,1.12019,1.4686995,1.2486119,0.78189784,1.3371524,0.96498036,1.0986798,1.2541164,1.237199,0.73596907,1.162698,0.8108647,0.75753963,1.3093771,0.3754878,0.77389765,0.70285916,1.1892864,0.7503644,0.5707953,0.6596339,1.4065256,0.4079367,1.3660083,0.94509435,0.8721411,1.235061,0.5028246,0.6576591,0.755575,1.2910209,1.3259339,1.4938428,0.5957443,1.3500059,0.9175728,1.3938695,1.3446295,1.270508,1.3090428,1.2983253,1.2293459,0.83906174,1.3156987,1.3622069,0.7475535,1.3838658,0.89644754,1.3943923,1.0587978,1.4405667,0.7924273,1.4019532,0.73006415,0.7263746,0.88062626,0.70704323,1.1247137,0.45951164,1.1753813,1.1363926,1.234982,0.8524275,0.9861932,0.51744896,1.3343245,1.0771407,1.3941054,1.1218753,1.4484982,1.2818551,1.5015674,0.5001188,0.80525553,0.73412406,0.7749033,0.6629315,1.2903107,1.199311,1.348233,1.4590797,1.0196807,1.1317482,1.1309067,1.3419318,1.0934522,1.2094891,1.188044,1.3534445,1.4728373,0.4005139,1.222317,1.1397467,1.1547205,0.97673523,0.83820623,0.6740462,1.1347861,0.98490596,1.4803352,0.34578967,0.4952808,0.40878892,1.4856093,0.5480384,1.4634387,1.0373669,1.3261693,1.2285281,1.4049323,0.8043858,0.6154154,0.9057877,0.3877939,1.2809536,1.4675995,1.3466656,0.7874875,1.028386,1.1432962,0.8175443,0.78126705,0.72771704,1.5352161,0.62278986,0.6892661
bear,0.4984839,1.0820789,1.2856829,0.77451867,1.1994462,1.3123963,1.3334887,1.153095,0.8183292,0.0,0.7052446,1.3709145,0.8568631,0.80536675,0.805742,0.81364703,0.7421477,1.250505,1.4027852,1.3747168,1.1670861,1.2104318,1.1598848,1.3375909,1.1483965,1.4793428,0.87415725,1.3010554,0.3826127,1.0467006,1.2775186,0.85268664,1.0709935,0.97139734,1.1352515,0.77989596,0.8123754,0.8185551,1.4251003,0.7439107,1.4143062,1.2386452,0.41086054,1.027027,0.8888348,1.1696811,0.8585821,1.2150905,1.0493566,1.2414724,0.46476537,1.1103003,0.73954916,1.1738033,1.0670828,1.276971,1.1460767,1.420358,1.0161618,0.8390641,1.0915178,1.1104,0.6162441,1.3048818,0.67003244,1.1633765,0.9467982,1.0601037,0.9431457,1.0368379,0.91209537,0.9094553,1.0495908,0.86486876,1.4368466,0.8914614,1.2578158,1.1155424,1.1028131,0.91005105,0.7650775,0.83294606,1.0483718,0.8849113,1.2411718,1.4518685,1.347971,0.9780596,1.238649,1.0207388,0.7464664,0.8187474,0.8710557,0.9444376,1.4347849,1.4129283,1.0722058,1.3353224,0.7675693,1.2646426,1.0907483,1.2965673,1.3399272,1.0971397,1.1768353,1.218886,1.1547492,0.90494645,1.0050942,0.7195177,1.1003124,0.91523564,1.1428363,0.75993603,1.0735523,0.99845636,1.4177678,0.9024695,1.2030206,0.6385848,1.3431838,0.77744967,1.3801565,1.119907,1.4563859,1.0643828,1.2837262,0.774481,0.7629474,0.68389285,0.8263716,1.3254023,1.1825353,1.2357057,1.1508493,1.268797,1.2033727,1.1730542,0.5582851,0.9705928,1.3938578,0.5479603,0.71768904
bed,0.44295406,1.2372972,1.514369,0.6089999,1.320345,1.5382204,1.5432565,0.87990266,0.31742197,0.7052446,0.0,1.4436998,0.3068787,0.52802575,1.185683,0.28595352,0.66915643,1.1849986,1.5860904,1.4929986,0.887125,1.4252887,1.0616742,1.3028626,1.3861084,1.4619384,0.839215,1.1817932,0.7175799,0.7086782,1.4436419,0.530774,0.84382266,0.80325043,1.1837605,0.5918742,0.18988013,0.60875946,1.5471506,0.33326143,1.5739467,1.1454501,0.73153317,1.089991,0.6439558,0.9237784,0.5036683,1.3341331,1.3424946,1.5126444,0.44337708,1.3824104,0.8318907,1.4077442,1.4175456,1.4264427,1.3122545,1.5766319,1.2170869,0.8758549,1.3443737,1.1571611,0.5391997,1.3941761,0.80783266,1.3639042,1.025316,1.4505032,0.8913631,1.3815553,0.7001284,0.56179976,1.0239165,0.51389515,1.4069116,0.492792,1.4629536,1.1564972,1.301632,0.8607219,0.7243117,0.55019355,1.3329703,0.94540757,1.4312382,1.3185806,1.5440034,1.3018982,1.510529,0.7082017,0.6931708,0.41363615,0.66032815,0.70521,1.5386204,1.4694412,1.355633,1.5318836,0.98251384,1.0359755,1.1786445,1.4822412,1.3305126,1.0712664,1.1933491,1.376474,1.5044749,0.55212367,1.2300941,1.0997357,1.185317,0.8769416,0.9936697,0.50758785,0.9825741,0.91755944,1.5627302,0.5577588,0.9512298,0.2419768,1.5624913,0.30408102,1.5999179,0.93446827,1.5737417,1.4021226,1.4960566,0.56364685,0.46711153,0.8139258,0.2942983,1.4173014,1.4461321,1.4063754,0.9233689,1.0186739,1.1112626,0.94663596,0.71607316,0.87333465,1.5837479,0.59381247,0.5068341
belt,1.5442934,0.8153504,0.32153928,1.3934646,0.7509849,0.45673603,0.6346026,1.2147316,1.3345772,1.3709145,1.4436998,0.0,1.3551536,1.3564472,1.0926244,1.23038,1.1486378,0.825771,0.45610696,0.64252293,1.1659043,0.79917026,1.0333045,0.84453416,0.7679883,0.5471312,0.88603103,0.7751361,1.2745833,1.1783806,0.69179994,1.2845292,1.0023842,1.1531535,1.2210952,1.4426869,1.3821167,1.4153388,0.23301053,1.503955,0.515139,1.0657697,1.2919121,1.1833088,1.2869446,1.069552,1.3733708,0.688841,0.8232688,0.6809565,1.3778291,0.7957169,1.2821686,0.77525204,0.42167544,0.6713556,0.8241626,0.5189071,1.0483994,1.4361527,0.8922838,0.95111793,1.2332658,0.8062974,1.2867268,0.6775102,1.2510078,0.699081,1.1581056,0.9065905,1.390872,1.182797,1.2075479,1.2441391,0.298751,1.4171349,0.58398813,1.0033406,0.9835672,1.2735251,1.4375894,1.1571491,0.9445919,1.0354381,0.42508316,0.7737062,0.30051076,0.93887514,0.7441768,1.2322242,1.2193301,1.3599869,1.2060288,1.3125281,0.2420873,0.37909824,0.617649,0.580933,1.2112671,0.7990972,1.1245098,0.55616474,0.7316289,0.9436146,1.02806,0.7767964,0.66533875,1.365541,0.77554744,1.2360178,0.6357931,1.142686,1.0993054,1.3690377,1.0528167,1.0693455,0.2791527,1.3079726,0.89344007,1.4387208,0.2425825,1.3419752,0.6118909,1.0235478,0.33486724,0.9295565,0.36023366,1.3894134,1.3334751,1.1808989,1.51116,0.7358713,0.77574944,0.4471112,1.1145399,0.96798956,1.0428783,1.2514013,1.1404326,1.3027948,0.40576923,1.2689904,1.2762835
bench,0.59066576,1.1633286,1.5185498,0.794536,1.373214,1.4705131,1.4643759,0.5871764,0.4024198,0.8568631,0.3068787,1.3551536,0.0,0.85917395,1.0698268,0.5459918,0.45513183,1.010141,1.3831409,1.2605071,0.6168871,1.487,0.9118742,1.0546165,1.3166531,1.0828652,0.7257468,1.2014787,0.74039054,0.3821767,1.4182324,0.5051634,0.5884037,0.8669713,1.211864,0.76329446,0.23544085,0.73943746,1.469023,0.28446555,1.4036391,0.9121293,0.73841643,0.9802612,0.5052423,0.63613105,0.7176021,1.1487476,1.3776371,1.5628725,0.7320427,1.470913,0.9831124,1.452933,1.362709,1.3191094,1.3707211,1.3693738,1.2049209,0.91576165,1.3578756,1.0834687,0.6369585,1.3124107,0.9579042,1.3399675,1.1172912,1.408773,1.0049379,1.2849611,0.5614556,0.8680732,0.95569956,0.6707613,1.2515726,0.34222603,1.30216,1.1296114,1.2382771,0.847448,0.77867484,0.74962497,1.4069064,1.0945415,1.5368066,1.0528891,1.5129944,1.3608972,1.4992135,0.5172622,0.8943589,0.6891824,0.7599174,0.7489753,1.389082,1.3263464,1.3743397,1.4776466,1.0043416,0.850601,1.115724,1.3750504,1.1726362,1.1322284,0.9609105,1.2345835,1.4705184,0.46561742,1.0499573,1.0317252,1.2533231,0.9479612,0.94796735,0.7832773,0.92325735,0.93352395,1.436587,0.562738,0.70161396,0.42952675,1.5597703,0.6572351,1.5348587,0.8740399,1.38851,1.2510562,1.4687845,0.5811904,0.76828134,0.84513,0.2625134,1.3055844,1.5103729,1.4616666,0.9169643,0.80693686,0.9818737,0.6277559,0.85113996,0.49788117,1.5547918,0.578704,0.6868788
bib,0.7684871,1.0090039,1.3882263,0.3724047,1.3525723,1.4615318,1.3713794,1.0994322,0.6846734,0.80536675,0.52802575,1.3564472,0.85917395,0.0,1.2698959,0.6994995,0.93763727,1.2089088,1.5010285,1.5036216,1.0584747,1.2864656,1.2583911,1.3431728,1.4127319,1.4127901,1.0965936,0.9984761,0.9422477,1.1290439,1.4096771,0.87408966,1.0896381,0.9026293,1.0862788,0.6420156,0.69529456,0.6636355,1.4695069,0.7793305,1.4809489,1.1173786,0.9664513,1.0334783,0.85960424,1.1455216,0.3299619,1.3721488,1.1167346,1.1943011,0.7825211,1.1793759,0.7113835,1.0202613,1.4182962,1.3879884,0.98591363,1.4889041,1.270601,0.7991514,1.0128434,1.0566685,0.8177698,1.2826107,0.6083814,1.1544074,0.69135356,1.150656,0.9086811,1.3565912,0.93104154,0.3826276,1.0867491,0.43627363,1.3505871,0.7815241,1.5114682,0.8284408,1.2160611,0.9120454,0.81957203,0.78151727,1.0173991,0.8953747,1.2884533,1.2946506,1.1954781,1.0625619,1.2262319,0.87185156,0.88630056,0.2728892,0.5118811,0.7155504,1.4584041,1.4170865,1.1483514,1.3886403,1.0563043,1.2594577,1.023812,1.3454959,1.2501268,0.91856056,0.99311304,1.3659835,1.3970387,0.79459584,1.2390218,1.2088503,0.9793764,0.7756367,1.1651902,0.09776527,0.9636074,0.5195699,1.3283072,0.78356653,1.160225,0.5913492,1.3875452,0.6809614,1.4303302,0.94443005,1.5140221,1.3995094,1.4055531,0.7941592,0.28382373,0.9050703,0.68498135,1.4433,1.1329447,1.2425019,0.9306891,1.140826,1.2770189,1.155007,0.8592876,1.1316409,1.3677772,0.82263625,0.62506706
bird,0.7095941,1.144162,1.0589186,1.1285076,0.962861,0.95384425,0.9232428,0.9698632,1.1416644,0.805742,1.185683,1.0926244,1.0698268,1.2698959,0.0,1.0055196,0.92171955,0.97694093,0.8924943,0.917443,1.1198246,1.0409135,0.8497118,0.9258225,0.52878743,0.94242585,0.8124566,1.1556611,0.67019516,0.8714764,0.90277636,1.0968623,0.9670058,0.98842037,1.142402,1.0634807,1.1477535,1.0322171,1.0040038,1.0057393,0.9297717,0.9618674,0.64901304,0.68682003,1.1000596,1.1473011,1.2043834,0.7770523,1.1052918,1.1917763,1.0769815,1.1730666,1.0968577,1.2304552,0.748472,0.7530399,1.2033627,0.79141337,0.557827,1.0213149,1.1526549,0.8556684,1.0673422,1.1207789,1.0824322,1.1683824,1.1729163,0.905865,0.7901715,0.54320025,0.88948375,1.1246551,1.0507479,1.2009073,1.0664029,1.0680408,0.6944532,1.0302334,0.8335087,1.032495,0.8362079,1.0322139,1.1463894,0.99205047,1.146366,0.9179746,1.1608394,1.0997728,1.0956573,1.1488168,0.87621564,1.2531868,1.1724805,1.15731,0.94084406,0.9223957,1.0714955,0.9789271,0.78012156,0.7808437,1.024662,0.8329977,1.0655651,1.1027304,0.84389937,0.8073262,0.85287035,1.1502407,0.8674015,0.33682632,1.3185782,1.1435866,0.7766098,1.1915264,1.0169826,1.1869537,1.0484288,1.1503747,1.0603489,1.0429608,1.0550083,1.1705606,0.86973035,1.150309,0.8918087,0.66626453,0.978423,0.90941364,1.1747768,0.9993823,1.1562505,0.95379657,1.1187078,1.1773512,1.0720329,0.8721395,0.90470743,1.0522656,0.9763236,0.7103965,1.0318648,0.95652854,1.1365821
blanket,0.5052184,1.2387161,1.4217615,0.8416356,1.0885613,1.3220766,1.3864175,0.7618072,0.60040295,0.81364703,0.28595352,1.23038,0.5459918,0.6994995,1.0055196,0.0,0.74262613,1.0778244,1.4100715,1.2917938,0.9688716,1.3465936,0.96030235,1.1418192,1.2151197,1.2406802,0.83559525,1.1495746,0.7596972,0.83334625,1.2888124,0.82192206,0.83748984,0.7869851,1.2631273,0.7271365,0.48790467,0.68624926,1.3637584,0.53830636,1.3836807,1.045529,0.7682516,0.93172574,0.9499497,1.0230795,0.6565087,1.1640619,1.2555895,1.50249,0.6936867,1.261288,1.0001737,1.3807702,1.1483316,1.1820996,1.3522587,1.3659811,0.98882437,0.94953203,1.2979852,0.8157825,0.749982,1.2093296,1.0262815,1.3050203,1.0948759,1.3433571,0.9152731,1.197048,0.77516377,0.57871747,1.0954522,0.6207433,1.3330742,0.8319067,1.324534,1.136592,1.1574783,0.9319236,0.59753954,0.6551537,1.3243752,0.9366965,1.3697512,1.0424366,1.3876393,1.2079306,1.463717,0.8319917,0.68437904,0.549269,0.77876747,0.8063581,1.32618,1.3138461,1.1874298,1.4316326,0.9391472,0.6860074,1.1275483,1.2716379,1.2107205,1.0354943,1.0130477,1.2191721,1.2625353,0.8501194,1.0043268,0.9586482,1.2943497,0.8023768,1.0272483,0.75353783,0.8178185,0.93261915,1.4282479,0.82808423,0.9428676,0.5716008,1.4329882,0.51126003,1.4537053,0.93015647,1.3979917,1.2570388,1.3783475,0.5979165,0.6564185,0.9964477,0.6772984,1.2073318,1.4284016,1.3654157,0.9855697,0.6283907,1.0018826,1.0189245,0.84819555,1.0254933,1.3429012,0.82058346,0.5765516
boat,0.8016511,1.15394,1.3126026,0.9239795,1.1590995,1.1572464,1.2967429,0.8473127,0.6192483,0.7421477,0.66915643,1.1486378,0.45513183,0.93763727,0.92171955,0.74262613,0.0,0.8434554,1.3322213,1.1195537,0.70759934,1.3829471,1.0628874,1.0016257,1.164853,1.1258931,0.572392,1.1439377,0.8878908,0.76708704,1.2634392,0.7562612,0.62842387,0.97414213,1.2006795,0.9474091,0.6765511,0.8801608,1.2595251,0.62107134,1.3241024,0.85520816,0.8789114,0.9612896,0.79268265,0.70882595,0.896464,1.0934259,1.2310958,1.3948536,0.82728034,1.2808471,0.9399476,1.3321028,0.9861858,1.296149,1.3581474,1.3143914,1.0068107,0.9489175,1.2369994,1.1058002,0.49194455,1.0474302,1.0322657,1.1751759,1.0465559,1.3017721,0.9444768,1.2025601,0.66794634,1.0007702,1.0022007,0.87796056,1.215756,0.7283324,1.2008584,1.1959015,1.1142564,0.9356861,0.8513768,0.8335592,1.243133,1.140301,1.3775707,1.1179594,1.3741181,1.1659125,1.3231065,0.7673125,1.0123842,0.87237024,0.99083525,0.7533921,1.185163,1.1699343,1.2626125,1.2640599,0.9582088,0.98558277,1.0862976,1.3641369,1.0709275,1.0013653,1.0636659,1.1224692,1.2874987,0.8028783,0.90734655,1.0329906,1.2223842,0.91906685,0.94512266,0.9177595,1.082821,1.09306,1.3608539,0.78244823,0.76674974,0.598003,1.3651217,0.8930739,1.4061081,1.0371077,1.2962643,1.1602207,1.2936887,0.82543105,0.917711,0.7437185,0.62711823,1.060256,1.3884236,1.33756,0.97172546,0.9047744,0.8443988,0.74572986,0.6918715,0.8805204,1.3527339,0.5799773,0.77565336
book,1.1912892,1.1194426,0.8662164,1.2928636,0.869092,0.8290465,0.85954946,0.731653,1.12019,1.250505,1.1849986,0.825771,1.010141,1.2089088,0.97694093,1.0778244,0.8434554,0.0,0.7191863,0.7071357,0.41046792,1.0369112,0.8763891,0.6749682,0.7853229,0.8095342,0.9122242,0.96013045,1.166418,0.94452685,0.864139,1.079745,0.7922523,0.9976948,1.0568013,1.2619729,1.1510956,1.1444985,0.69217277,1.0288744,0.75820976,0.56001216,1.1259726,0.7299001,1.1981982,0.84359765,1.2512064,0.9125073,1.1038973,1.1381387,1.2897474,1.0890906,1.1669877,1.1322826,0.8595691,0.8423301,1.2141298,0.80375874,0.71071744,1.1504965,1.1561226,0.9830885,1.1047997,0.39677846,1.236613,0.9361114,1.1443036,1.0792706,0.98777354,0.8898132,0.943959,1.2596148,0.9909147,1.2947698,0.81904215,1.1185458,0.84976006,1.184479,0.8921971,0.8353237,1.1445491,1.1807564,1.1633694,1.154358,0.9721948,0.76753473,1.0542496,1.2114152,1.0128914,1.0729365,1.0809876,1.2178452,1.346841,0.54755884,0.6641762,0.6382116,1.149717,0.84984195,0.75956464,0.75963175,0.886317,0.97538024,0.7526089,0.9392803,0.8494849,0.7536618,0.9800259,1.1694741,1.0590112,1.0347149,1.1966126,1.0580448,0.7394439,1.321043,0.9887903,1.264174,0.95082235,1.0556103,0.96029156,1.1739517,0.9046462,1.1710018,0.8491998,1.1056007,0.8215284,0.94216913,0.8164486,1.0587738,1.3026338,1.0501316,0.9787855,0.6450806,1.1037191,0.99500066,0.8147172,0.808839,0.4666853,0.6450943,1.090223,1.0064124,0.85810125,1.1705127,1.1367452
bottle,1.5127535,1.0196786,0.27053946,1.4981046,0.5932835,0.4023164,0.53410137,0.95977646,1.4686995,1.4027852,1.5860904,0.45610696,1.3831409,1.5010285,0.8924943,1.4100715,1.3322213,0.7191863,0.0,0.41086555,1.0558022,0.71265346,0.8008066,0.42256892,0.7510075,0.30588043,0.9407024,0.85781693,1.2535963,1.021218,0.5447762,1.2765629,1.1262743,1.2372718,1.0091736,1.4542412,1.4607731,1.466648,0.2630068,1.4448826,0.14769036,0.9416267,1.2301778,0.8920116,1.2395637,1.1612761,1.4516963,0.51058245,0.9427451,0.7093464,1.3932155,0.93150383,1.3683062,0.9468286,0.547228,0.5299128,1.0476166,0.39402616,1.0415295,1.1861504,0.9864859,0.99441904,1.308935,0.7030344,1.3624381,0.7780063,1.3541338,0.67337847,1.2392201,0.6649549,1.372502,1.4057051,0.90589875,1.5359929,0.55883837,1.3453438,0.35226995,0.95530105,0.7665877,1.0241996,1.3669748,1.3073597,1.051327,1.1259081,0.4210708,0.5943669,0.5734246,1.0437244,0.60632014,1.3001667,1.2027786,1.5269457,1.4526213,1.3920287,0.3880955,0.3907832,0.81422,0.38680917,1.125017,0.642332,1.0180717,0.5417756,0.7226392,0.9366056,0.8887312,0.5777847,0.70776486,1.266502,0.9492844,0.98383087,0.9856258,1.3640707,0.9978234,1.517457,1.044103,1.2828686,0.31978512,1.2496288,0.96661,1.4952928,0.34587598,1.3772163,0.26010358,1.1648993,0.27434862,0.6984987,0.29294658,1.3293679,1.5251315,1.1373968,1.4977603,0.5587929,0.76666886,0.6075289,1.0522393,0.91589344,0.8014469,1.0139849,1.1974325,0.9494666,0.35686302,1.2896917,1.371519
bowl,1.4214499,1.0446899,0.5433525,1.5358225,0.5111166,0.4010551,0.5832102,0.7363392,1.2486119,1.3747168,1.4929986,0.64252293,1.2605071,1.5036216,0.917443,1.2917938,1.1195537,0.7071357,0.41086555,0.0,0.8175343,0.7107952,0.8317008,0.32916105,0.75194955,0.425161,0.97777516,1.0575196,1.1886911,0.9192593,0.49216056,1.247451,0.8444147,1.2427324,0.7886956,1.4213958,1.4225581,1.3947837,0.5470205,1.2922678,0.23222917,0.5873023,1.1614653,0.8469166,1.3511803,0.8652842,1.4496231,0.6137415,1.0310282,0.7929251,1.368597,0.91118294,1.3124559,1.0762154,0.67149913,0.7229431,1.1514856,0.5823894,0.8014157,1.0781537,1.045642,1.0372514,1.2933413,0.6549375,1.3738539,0.90492755,1.3251972,0.8564192,1.1316197,0.76724964,1.0931798,1.4379337,0.6910142,1.5395504,0.74894625,1.4115859,0.45682317,1.149598,0.61845696,0.9688046,1.2292151,1.2088748,1.0995656,1.140402,0.71142167,0.5810558,0.85221803,1.0925559,0.6880856,1.1295677,1.1983514,1.5310088,1.4789279,1.2665718,0.5782353,0.58261645,0.9720459,0.46328574,0.9941776,0.63451123,0.8228498,0.8415583,0.48740566,0.95850277,0.8920223,0.56823754,0.7318624,1.2649925,0.89968914,0.9546732,1.1181744,1.3176441,0.8516756,1.5331649,0.9663763,1.3490689,0.7169567,1.2600374,0.6778647,1.4142364,0.6355723,1.3115531,0.4366815,1.1093811,0.5518873,0.6645218,0.58370626,1.2830329,1.4971464,1.1822009,1.2852031,0.20713377,0.95449674,0.7987114,1.1781201,0.8148861,0.5496185,0.65700406,1.2371949,1.104246,0.61640024,1.3587754,1.3480937
box,0.9706926,1.1785997,1.2333857,1.0939112,1.131217,1.1589499,1.1717781,0.43889117,0.78189784,1.1670861,0.887125,1.1659043,0.6168871,1.0584747,1.1198246,0.9688716,0.70759934,0.41046792,1.0558022,0.8175343,0.0,1.1618754,0.9234268,0.6333102,1.0567938,0.792933,0.9547637,0.98415357,1.0720458,0.74703443,1.0923514,0.74004287,0.7141256,0.8852645,0.9341054,1.0229267,0.8169372,0.8387771,1.1646551,0.6823423,0.97632295,0.5607523,1.0528162,0.8019322,0.86033106,0.5462761,1.0497974,1.0726562,1.269357,1.3339281,1.0793453,1.2292643,1.0580387,1.3057927,1.2335885,1.1000451,1.2992728,1.1835796,0.8313328,0.96005726,1.2180574,1.0643182,0.9916243,0.6811619,1.132411,1.1018225,1.1098433,1.3115683,0.94619393,1.1715773,0.5977881,1.1280248,0.72720814,1.0585995,1.0697556,0.7624074,1.1110196,1.1304631,1.0835707,0.66384435,0.9854472,0.9847373,1.2687054,1.0760701,1.3463438,0.8353727,1.305473,1.2963631,1.1994565,0.6972997,0.96591413,1.0396783,1.1023165,0.51170516,1.1080348,1.062444,1.323117,1.1384696,0.8013982,0.868561,0.86052597,1.2041565,0.9067499,0.9965767,0.69062114,0.81647545,1.2292595,0.77148664,1.0757045,1.0775645,1.2661725,1.0131463,0.8314749,1.1122938,0.9022545,1.0895307,1.2425256,0.7904775,0.8300109,0.92273825,1.3218029,0.9735717,1.1810709,0.94449204,1.1902273,1.0347341,1.1700599,0.81997734,1.08855,1.051441,0.63008195,0.83168674,1.3488479,1.2612165,0.8641527,0.7519673,0.52947557,0.4145121,1.0671642,0.7841567,1.2416424,1.018382,1.059297
bread,1.215596,0.95109713,0.57849544,1.2939978,0.74402976,0.6593828,0.5394339,1.1340446,1.3371524,1.2104318,1.4252887,0.79917026,1.487,1.2864656,1.0409135,1.3465936,1.3829471,1.0369112,0.71265346,0.7107952,1.1618754,0.0,1.1224316,0.97802156,0.8225592,0.85791814,1.2260671,0.7636022,1.1969521,1.3121178,0.68574524,1.3340957,1.208458,1.1008191,0.48063904,1.0330098,1.3985729,0.92046565,0.6766398,1.4525764,0.65114033,0.94811416,1.1985335,1.0375686,1.292721,1.0947902,1.3616556,0.94551176,0.8762662,0.48853493,1.2025316,0.7208128,1.1292534,0.7794159,0.75376725,0.7534015,0.78566515,0.6358828,0.8208666,1.1923807,0.86251247,1.0510925,1.2801964,0.7781389,1.1755772,0.74834657,1.076855,0.80537,1.2124313,0.86931336,1.2885585,1.3108444,0.99004436,1.3846599,0.7232728,1.3391719,0.83920586,0.9787465,0.76531726,1.1085647,1.2117865,1.3095429,0.72502935,0.7381319,0.58365774,0.7287091,0.69002926,0.73665345,0.5297932,1.2563477,0.88130784,1.3779979,1.2904689,1.1987052,0.73407924,0.7785083,0.7766779,0.5370741,1.0852609,0.97134215,0.5571785,0.73382914,0.54203856,0.91327333,1.1507696,0.75699764,0.65596646,1.3139703,0.8582909,0.97603446,0.6961714,1.2210566,1.1899842,1.3483713,1.1593779,1.2400256,0.72868776,1.3255463,1.05846,1.433819,0.58126616,1.1158735,0.44940674,1.141102,0.69301915,0.9951627,0.7221199,1.3943688,1.3609653,1.250946,1.3507748,0.7630944,0.6901567,0.65865093,1.1966763,0.9208118,1.0166582,1.0359948,1.2280781,1.3204724,0.68901753,1.3408612,1.3269247
broom,1.0403126,1.1029881,1.0242667,1.1698709,0.8801619,0.9522184,0.9129964,0.8150481,0.96498036,1.1598848,1.0616742,1.0333045,0.9118742,1.2583911,0.8497118,0.96030235,1.0628874,0.8763891,0.8008066,0.8317008,0.9234268,1.1224316,0.0,0.8060371,0.788226,0.8459245,1.133381,1.0884501,1.0539181,0.8222585,0.79990304,0.8990966,1.0334543,0.96360123,1.0713665,1.0881792,1.0405952,1.1033217,0.7714848,0.92289674,0.8363708,0.87478554,1.0310674,0.87903166,0.9264231,0.8350156,1.1843352,0.95544255,1.0620859,1.1670767,1.1430888,1.0926547,1.2620016,1.1563509,1.0428413,0.72260225,1.159785,0.6796839,0.95545465,1.1082219,1.1738669,1.1217555,1.0712984,0.9554718,1.2316438,1.1397694,1.2273093,1.16928,0.77720773,0.8883251,0.74878293,1.2177732,0.986376,1.2095374,0.7886597,0.9015083,0.6521288,0.98470014,0.97166955,0.92252636,1.0836395,1.1276143,1.1949737,1.0193686,1.0653708,0.78239053,1.0236313,1.1738536,1.2092012,1.0502819,1.178077,1.2147008,1.1809351,1.0483212,0.7153176,0.6979053,1.0413544,0.9727576,1.0334853,0.8295025,1.0928261,0.7697576,1.0108988,1.1247629,0.88030535,0.9282026,1.0019755,0.98711765,1.1096907,0.9878352,1.2301241,1.0505793,0.4869616,1.2710745,0.95216274,1.2174438,0.9271095,0.963355,0.9337652,1.0405715,1.0142812,1.0639483,0.8818823,0.8799213,0.7188401,0.60875493,0.8962976,1.0239873,1.244403,1.0370905,1.0127168,0.8586898,1.1278625,0.98869467,0.62998515,0.8394569,0.73649365,0.89644754,1.1222951,0.5874805,0.99777275,1.0868081,1.055226
bucket,1.289024,1.1465635,0.8237587,1.3703862,0.6402693,0.5854732,0.8201449,0.59690636,1.0986798,1.3375909,1.3028626,0.84453416,1.0546165,1.3431728,0.9258225,1.1418192,1.0016257,0.6749682,0.42256892,0.32916105,0.6333102,0.97802156,0.8060371,0.0,0.89651626,0.3281027,0.904238,1.0262903,1.1838536,0.7819147,0.73518705,1.0738385,0.84614503,1.0460255,0.83492535,1.2865727,1.2147067,1.2635809,0.76572484,1.0710759,0.2831273,0.72093654,1.1496496,0.81044436,1.15826,0.9099296,1.2911422,0.68545437,1.1462983,1.0276326,1.2741996,1.1513575,1.2593758,1.2174662,0.83420086,0.802632,1.3230133,0.76276696,0.87866294,0.91932523,1.2042382,0.9289843,1.2062069,0.600412,1.3301582,1.0145456,1.3052968,0.9954669,1.0870267,0.8728852,0.9212625,1.249012,0.5156273,1.3337903,0.9584632,1.1064048,0.5881598,1.058147,0.84304184,0.7200413,1.1054251,1.0657805,1.266678,1.2010245,0.98836833,0.58070755,1.0598525,1.250399,0.8879702,1.0015029,1.156528,1.3562268,1.3331434,1.0725346,0.8030219,0.795905,1.1181709,0.7363132,0.9536575,0.6085351,0.9712073,0.9180243,0.73989886,0.95230865,0.74399936,0.6842855,0.9586493,1.0111321,1.0015341,0.97201943,1.2632593,1.1334845,0.8462305,1.3629675,0.93077785,1.2603011,0.838006,1.0351294,0.69551957,1.2521527,0.9482371,1.2023753,0.56663907,0.9938356,0.71871746,0.67457646,0.7576097,1.0751613,1.3146122,1.1379598,1.1072686,0.3894893,1.1395718,1.018678,1.012863,0.7162421,0.53133345,0.64863044,1.2135154,0.8373649,0.7930225,1.2136494,1.2605286
butterfly,1.1134325,1.031178,0.7789723,1.3796701,0.83593225,0.7695683,0.6618792,1.036824,1.2541164,1.1483965,1.3861084,0.7679883,1.3166531,1.4127319,0.52878743,1.2151197,1.164853,0.7853229,0.7510075,0.75194955,1.0567938,0.8225592,0.788226,0.89651626,0.0,0.9002452,0.97866595,1.0512037,0.9670171,1.0981501,0.6065333,1.1929555,0.98053354,1.0104918,0.96354145,1.238082,1.3515162,1.269016,0.6822277,1.2554883,0.7580619,0.8837423,0.93608826,0.90699464,1.2256283,0.98615056,1.4022001,0.7731257,0.9933049,0.9456636,1.2998437,0.9364375,1.1474372,1.1114962,0.6547835,0.5251256,1.0745182,0.4889207,0.4196359,1.1535041,1.0215,0.97214204,1.2133892,0.872702,1.202794,0.8960504,1.2677613,0.89304006,0.76244414,0.5905398,1.0609882,1.247549,1.0537269,1.3858217,0.738658,1.2173758,0.5091851,1.2422252,0.8930868,1.1878419,1.1940953,1.1264943,0.97219235,1.1044165,0.8767034,0.8303338,0.8662068,1.030652,0.90885204,1.2284646,1.044762,1.4229836,1.3058851,1.1221095,0.615708,0.67663294,0.8855528,0.7796099,0.85185593,0.8516991,0.9415534,0.6364392,0.82423776,1.0678566,0.8857199,0.65524906,0.65895754,1.2904236,0.86695606,0.56655896,1.0358348,1.1028637,0.663525,1.3960412,1.1421969,1.3279588,0.85881716,1.2276485,0.9972775,1.3670237,0.7679347,1.2589033,0.6424729,1.1685972,0.59641427,0.61376107,0.7326134,1.1041887,1.3735545,1.1113782,1.3088329,0.76617813,1.0318434,0.89580107,1.0751227,0.9983939,0.8549986,1.007505,1.108503,0.9457619,0.7982013,1.1881362,1.2196207
can,1.4471223,0.9143802,0.65050006,1.4172423,0.77737147,0.5453835,0.727564,0.6641915,1.237199,1.4793428,1.4619384,0.5471312,1.0828652,1.4127901,0.94242585,1.2406802,1.1258931,0.8095342,0.30588043,0.425161,0.792933,0.85791814,0.8459245,0.3281027,0.9002452,0.0,0.9121055,0.91769016,1.2254452,0.7476608,0.73882735,1.1170907,0.91632444,1.2145058,1.020754,1.4163355,1.281922,1.3336666,0.59683025,1.2181613,0.2685899,0.8008573,1.2151175,0.85307324,1.058413,0.91570663,1.3622117,0.5568198,1.0046269,0.8661003,1.4558303,1.0026542,1.431824,0.9850091,0.748528,0.60936624,1.0387098,0.55987215,1.0542763,1.1453922,1.0669491,0.7888558,1.334502,0.82485294,1.4332654,0.9501885,1.2956034,0.78295714,1.2328738,0.7945134,1.1063496,1.2844323,0.80703866,1.3054836,0.6668165,1.1717257,0.47860515,0.8498869,0.8598513,1.0099128,1.161845,1.216302,1.1873155,1.090624,0.8306658,0.3270105,0.6479348,1.0735573,0.8293376,1.0315686,1.2240164,1.4178061,1.24474,1.2503674,0.5964775,0.6225003,0.8820682,0.61939436,1.132093,0.4466952,1.02253,0.5658607,0.74104196,1.0036954,0.6276144,0.69005406,0.8214841,1.0786414,0.80939966,1.0362239,1.0713112,1.2369633,1.1163421,1.4283909,0.78249174,1.0356219,0.45203006,1.1056969,0.7101793,1.399703,0.65737456,1.4080358,0.53484994,0.9350577,0.4771142,0.69892657,0.60014254,1.1451592,1.406224,1.2390987,1.3301082,0.61265254,0.9162391,0.8781123,1.1127255,0.5566134,0.84624124,0.8545723,1.3104036,0.7742578,0.5726301,1.2581875,1.3477693
car,1.0147076,1.2056413,1.0151379,1.1398016,1.0488702,1.0592284,1.0936807,0.9136889,0.73596907,0.87415725,0.839215,0.88603103,0.7257468,1.0965936,0.8124566,0.83559525,0.572392,0.9122242,0.9407024,0.97777516,0.9547637,1.2260671,1.133381,0.904238,0.97866595,0.9121055,0.0,1.1889694,0.88887966,0.8956917,0.99640334,0.80756027,0.8545004,0.8403801,1.2413723,1.1083302,0.8630186,0.9962557,1.0622528,0.812871,1.0018159,0.938607,0.9192092,1.027849,0.87345374,0.99480313,1.0527006,0.7951818,1.2066648,1.3114091,0.9079364,1.2094723,0.96775,1.4099834,0.74675417,0.9611596,1.410186,0.9857151,1.0391241,0.8529024,1.2036804,1.1458011,0.81754273,1.1183599,0.98388714,1.0706499,1.3021255,1.0869311,0.99165434,1.0115484,1.0125103,0.9574888,0.8658532,1.0129132,1.0293372,0.93347985,0.9334434,1.2914264,0.9871843,1.0277253,1.1555057,0.52080303,1.2734725,1.2423743,1.1252558,1.0835966,1.2267796,1.1960218,1.1845908,0.8369112,0.8927085,1.034331,1.0628339,1.0417234,0.9980072,1.0326223,1.0471123,1.0679924,1.0812091,0.7711232,1.1045544,1.0626924,0.97215116,1.1057088,1.0117313,0.9563502,1.1842763,0.81704545,0.82560366,0.8707762,1.1018741,1.1488621,0.9449378,1.0085974,1.0755986,1.1314735,1.1129243,0.77167815,0.7107402,0.82827556,1.1092813,0.94197494,1.0598209,1.308735,1.0150565,1.1347959,1.0262833,0.85284686,0.96274227,0.8609375,0.96055627,1.0213437,1.384279,1.1506151,1.0541265,1.1044936,1.073238,0.98420066,0.72644866,0.8722621,1.1066818,0.6815574,0.9078748
