,alligator,ankle,apple,applesauce,arm,ball,balloon,banana,basket,bathtub,bed,belt,bench,bib,bird,blanket,boat,book,bottle,bowl,box,bread,broom,bucket,butterfly,can,car,carrot,cat,chair,chips,clock,closet,coat,coffee,comb,cookie,corn,couch,cracker,crayon,crib,cup,deer,dish,dog,doll,door,drawer,dress,ear,egg,face,finger,firetruck,fish,flower,foot,fork,frog,giraffe,glass,glasses,glove,grass,gum,hair,hand,hat,horse,hose,jacket,jar,jeans,knife,ladder,lamp,leg,meat,melon,milk,mitten,motorcycle,mouth,muffin,nail,napkin,necklace,nose,orange,oven,owl,pajamas,pants,paper,pen,pencil,pickle,pig,pillow,pizza,plant,plate,pony,pumpkin,purse,radio,refrigerator,rooster,scarf,scissors,shirt,shoe,shorts,shovel,shower,sink,slide,slipper,snow,soap,sock,soup,spoon,sprinkler,stick,strawberry,stroller,sweater,table,tape,toe,tooth,toothbrush,towel,toy,tray,tree,truck,vacuum,watch,window
alligator,0.0,1.1840329,1.5017731,1.2997837,0.63552356,1.4008734,1.5147856,1.1650625,1.0724119,0.6677121,0.4934728,1.4971439,1.0323963,0.6610863,0.89407927,0.392236,0.7277778,1.0727996,1.4975367,1.3698156,0.70559853,1.3673698,1.0018529,1.4506857,1.3930643,1.4786454,0.9028871,1.2849054,0.35820127,1.0551851,1.1644608,1.4545896,0.6490224,0.8210959,0.6862509,0.8674526,1.194727,1.2281038,0.55282,0.53895724,1.593641,0.5934185,1.5600603,1.0427074,0.83584166,0.41692662,0.8399173,0.8412963,0.9938536,0.64428425,1.3188353,1.5073818,0.74751914,1.3152215,1.0670933,1.0152932,0.9953127,1.2536005,1.4677877,1.0877658,0.7029422,0.63789046,1.3353368,0.7968888,0.80612755,1.1328233,0.7556494,0.9251327,1.319727,0.855078,0.7805676,0.6698528,0.95141697,0.7380142,1.4566157,0.61385244,1.3230412,1.3232431,0.31304246,0.9820434,0.82845545,0.25937694,0.96641207,1.287211,0.33580428,1.4936595,1.4452512,1.4831318,1.4380809,1.5298345,0.82421947,0.63836265,0.6128003,0.7268758,0.75075245,1.5479649,1.5504706,1.4098778,0.6476846,1.0799712,1.3022633,1.0623939,1.2865632,0.7391432,1.289654,0.7473819,1.4395844,0.77771896,1.0605617,0.7705594,0.87741566,0.63679016,0.91098535,0.9074611,1.4213411,0.8871611,1.2953678,0.5841382,1.5624104,0.65988094,1.4770074,1.0642552,0.94381267,1.4217905,1.1756344,0.84686977,1.4542822,0.8267119,0.67910296,0.6226991,1.5341856,1.4030094,1.1916487,0.9749182,1.255525,1.1417875,0.90042645,0.9042271,0.857081,1.0355352,1.5162833,0.82989454
ankle,1.1840329,0.0,0.9242558,0.5242998,0.76315475,1.0814631,0.9913045,1.0151858,1.1617124,1.2109257,1.1740315,1.0180306,1.1334131,0.8231061,1.0712864,1.1195953,1.1716263,1.127516,1.0932679,1.2354476,1.2046005,1.1173044,1.0432825,1.0255458,1.0144902,0.97323644,1.3091178,0.64507085,1.1021738,1.0449612,1.1520737,1.083297,1.1786566,0.93475723,1.1563301,1.315701,1.0314741,0.9937183,1.0959791,1.2296634,1.0061648,1.2763996,1.0611076,1.0417997,1.0742433,1.0398682,1.0529692,1.1327839,1.083844,0.8013946,0.5995449,0.84037,0.8922974,0.3277644,1.0601275,1.2278355,1.0587252,0.3307588,1.0781856,1.1664062,1.2977417,1.2451712,0.7695646,0.67284393,1.2236373,1.0046738,0.9392678,0.4978739,0.7896435,1.0377508,1.1331031,1.0178927,1.1144311,0.7658187,1.0758677,1.1507716,1.1322932,0.81749374,1.1451529,0.85353607,1.1427654,0.95886695,1.1222382,0.65921307,1.1132617,0.8928348,0.9578366,0.727188,0.8136003,0.8470188,1.1998882,1.2085031,1.0315603,0.7429008,1.0703169,1.0277697,0.9900855,0.9440142,1.0014633,0.97056895,1.1243231,0.87336683,1.2027541,1.052842,0.8500618,1.0288094,1.1062613,1.1862215,0.916496,1.0943941,1.1029067,1.0118957,0.66625017,0.703449,0.8836746,1.1520021,1.269442,1.1009779,0.78677744,1.1823189,0.99447596,0.5134833,0.9837842,1.0505149,1.0050544,1.0705669,0.9524704,1.1339146,0.92772025,1.2154641,1.0296472,0.22304189,0.65733457,0.96707183,0.9675061,1.1826928,1.1704642,1.1637375,1.1762561,1.0475075,0.91982996,1.1740239
apple,1.5017731,0.9242558,0.0,0.7601136,1.3792474,0.4162277,0.3628633,0.71585035,1.0934061,1.462968,1.5105773,0.6017734,1.2332083,1.3595273,1.0596544,1.4281864,1.3216325,0.99895126,0.55732566,0.6933753,1.4272405,0.47832656,1.1508473,0.81974113,0.4792893,0.7845214,1.1991886,0.90235984,1.3392577,1.1682308,0.8253332,0.65748537,1.4273486,1.203928,1.3298159,1.2529463,0.737345,0.8343659,1.4071786,1.0891033,0.45258796,1.5375584,0.5847323,0.91469336,1.2331692,1.2623498,1.0795999,1.3849187,1.2945662,1.3035725,0.64824307,0.24177969,1.1317629,0.75062096,1.1338054,0.90625036,1.0072482,0.80477375,0.6674671,0.7629575,1.1580322,1.4112419,0.6268525,1.1684915,1.2185967,0.9071332,1.2201495,1.1683745,0.5854869,1.0963929,1.402281,1.3415304,1.1655288,1.3740622,0.7143199,1.5007652,0.6854522,0.7912431,1.3185719,1.0194606,1.251564,1.3855556,1.0912027,0.6698909,1.2598425,0.35692072,0.75663584,0.5136119,0.38773286,0.073563516,1.4004253,1.2147267,1.3855327,1.3569399,1.3637581,0.5588452,0.5644071,0.5203568,1.2086579,1.0436916,0.6301349,1.020278,0.88245404,1.1018503,0.46751058,1.264653,0.67250246,1.4635766,0.81359285,1.2838289,1.148275,1.3839474,1.038222,1.2627995,0.58719337,1.1331445,0.9995971,1.4700682,0.39259195,1.3166368,0.5083774,1.1534774,1.0464152,0.7350178,1.1484103,1.1415375,0.3234291,1.2365727,1.3497833,1.4416926,0.4676869,0.6153242,0.8696376,1.2648427,0.7893821,0.76068616,1.0962445,1.0898495,1.1346861,1.131285,0.40209508,1.2979486
applesauce,1.2997837,0.5242998,0.7601136,0.0,0.8476429,0.90208596,0.84537643,0.6763301,1.1871473,1.2294068,1.3482361,0.96153724,1.0016751,1.033595,1.0932404,1.2681937,1.2712665,1.0977471,1.1050893,0.97073376,1.2071161,0.9021754,1.0916383,0.94256204,0.97601986,0.9434145,1.2948843,0.63458276,1.2357157,1.1166083,0.9105012,1.0426496,1.2675506,1.204637,1.1939669,1.1424712,0.896622,0.7878188,1.2530818,0.9968662,0.86639845,1.3007119,1.0110298,1.0399127,1.0140965,1.2085208,1.2047958,1.2092462,0.9957006,1.0795344,0.68063986,0.7032036,1.034147,0.29321337,0.99723685,1.1278845,1.1041921,0.48119736,0.9759253,1.0644027,1.2249501,1.096062,0.81975883,0.78795236,1.2633779,0.7179213,1.1164011,0.38593996,0.9327388,1.2286012,1.169858,1.2676389,1.1072197,1.0307468,0.9256806,1.2398825,1.1336588,0.9792881,1.1040072,0.43541974,1.1302252,0.9841245,1.0717802,0.6812898,1.1266509,0.8449897,0.9029916,0.7641221,0.6811461,0.6818238,1.2111769,1.2196627,1.261228,1.0540351,1.0284601,0.8822651,0.82591593,0.6345684,0.9923254,1.0445336,0.9178113,0.99142,0.91658396,1.1202953,0.7374266,1.2212963,1.0655739,1.2428004,1.1321796,1.1450555,1.0898029,1.2022226,0.9289827,0.89039683,0.95539075,1.0937992,1.080757,1.2444346,0.78745025,1.3190646,0.80004084,0.67087793,0.7458267,0.84136593,0.99740607,1.0959866,0.98344624,1.2460151,1.1281935,1.1846575,0.8300644,0.43528485,0.591719,0.74903643,0.96616113,1.0677836,1.0140859,1.1770582,1.2318302,1.2184078,0.9297359,1.2086046
arm,0.63552356,0.76315475,1.3792474,0.8476429,0.0,1.4055021,1.4334207,1.1973897,1.2876614,0.63633335,0.7743952,1.356122,1.0162054,0.4617002,0.9586349,0.77319145,0.90820074,1.2782705,1.4521073,1.3758351,0.92105377,1.3856735,0.9812762,1.3171192,1.3668381,1.3597175,0.9831463,0.80690515,0.89164984,1.073794,1.2185602,1.4269248,0.74394494,0.8382901,0.91846395,0.9807327,1.2865031,1.2672318,0.74827874,1.0122819,1.3921862,0.8533477,1.4428376,1.1861844,0.86507326,0.9502327,1.0898364,0.7827195,0.8550991,0.49025428,0.9717117,1.3350484,0.7622345,0.8522476,1.0317891,1.2538142,1.1452211,0.72965664,1.3230544,1.3766689,0.9245681,0.734329,1.1474948,0.6836408,0.87406015,1.1545228,0.8778651,0.4379514,1.3846662,1.0205024,0.6318551,0.75211155,1.0990176,0.48877597,1.2622259,0.76289964,1.3150392,0.918975,0.6779643,0.83343387,1.0185115,0.53259444,1.0673428,1.0024664,0.71289355,1.3187082,1.2600663,1.1856117,1.1857172,1.3494864,0.7482214,0.8814765,0.6286192,0.5282674,0.7782665,1.3254032,1.2704589,1.2479746,0.68190163,1.1093588,1.3215396,1.0628586,1.2879591,1.0869839,1.2435789,0.88112545,1.3927468,0.68540984,1.2203087,0.7899028,0.96680653,0.59437,0.94942385,0.5326976,1.3185079,1.0494283,1.1755145,0.6106605,1.3234836,0.97241104,1.4036491,0.7970566,0.88339496,1.2570789,0.9893744,1.0708678,1.3776408,1.0362641,0.61611474,0.77712035,1.4666631,0.9275792,0.8746009,0.76641726,1.2763476,1.3657316,0.9376449,0.9951608,1.0629506,1.1164743,1.3613327,0.9405354
ball,1.4008734,1.0814631,0.4162277,0.90208596,1.4055021,0.0,0.25527143,0.79450476,0.9353201,1.4401727,1.3946403,0.74770105,1.2956995,1.3427583,1.213093,1.2404776,1.2246181,0.8123393,0.5720326,0.60505176,1.2216673,0.70508033,1.181704,0.6668508,0.67451155,0.8430602,1.0786457,1.1510746,1.2657272,1.2392278,0.92997366,0.5100637,1.4031439,1.2078061,1.269136,1.1933931,0.6092256,0.8244629,1.3758689,1.1387206,0.544887,1.4399066,0.5505831,0.87433183,1.0283912,1.1945672,0.87070215,1.3888669,1.2172408,1.3562567,0.92298603,0.33922386,1.1970468,0.9705414,1.095832,0.87177247,0.9984274,1.0891309,0.7628708,0.5483614,1.0812358,1.2301112,0.8888052,1.1907611,1.1770586,0.6292098,1.2287614,1.2194037,0.4494313,1.0021515,1.3809836,1.3090432,0.94754875,1.4517596,0.7912035,1.4765612,0.6000513,0.89460003,1.2380683,0.86008745,1.1113081,1.2431463,1.0024017,0.95455897,1.1433804,0.5551366,0.9391968,0.853984,0.5910271,0.42701435,1.3930142,1.0735649,1.3200624,1.4992125,1.1271596,0.67100465,0.68745303,0.7086033,1.1409056,0.97903436,0.7943552,1.1189296,0.82663023,1.0124847,0.6213137,1.2104748,0.637452,1.4667366,0.8807682,1.2689835,0.9615129,1.3318911,1.0501474,1.3905945,0.787467,1.0630513,0.9593544,1.3281898,0.6470606,1.1748854,0.5621058,1.0186002,0.88678944,0.7345254,1.0496349,1.0618554,0.4736756,1.1875829,1.3882791,1.2767731,0.27563584,0.9216704,1.0638437,0.9864312,0.9379805,0.4114108,1.0136172,1.0486543,1.1063476,1.1726023,0.6193226,1.2718921
balloon,1.5147856,0.9913045,0.3628633,0.84537643,1.4334207,0.25527143,0.0,0.7744821,0.95766777,1.3743099,1.5464709,0.46943182,1.1069663,1.4958007,0.928853,1.4776518,1.3280826,0.9270454,0.37867415,0.5894406,1.3391751,0.603921,1.1296859,0.51796144,0.54007155,0.48744255,1.1841438,0.8765095,1.2822533,0.9755325,0.89003843,0.410783,1.3901136,1.27822,1.3764417,1.1212035,0.62146324,0.793325,1.4995587,1.1960441,0.3862663,1.485568,0.33888674,0.90464026,1.1394589,1.2167759,1.0710473,1.2230918,1.1565182,1.4350646,0.81790185,0.3313349,1.3570657,0.89647776,1.1406468,0.8286873,0.8505883,0.9697147,0.5136764,0.61640584,1.1382256,1.3445845,0.8019144,1.2210016,1.263485,0.8575575,1.3660676,1.3121569,0.4627313,1.0606695,1.3958793,1.4727002,0.95355934,1.4909633,0.48155385,1.5130076,0.34954762,0.6837303,1.4041142,1.0523564,1.2046204,1.4642526,1.0937839,0.9242054,1.358506,0.46104538,0.60078657,0.6274766,0.4388287,0.40616786,1.3759947,1.2261027,1.5298843,1.4646366,1.2814367,0.44448853,0.46823686,0.5420982,1.2427433,0.92961645,0.6987408,0.88281626,0.79671913,0.99752265,0.5679721,1.1771853,0.4818524,1.4037399,0.76091963,1.4147534,0.9878869,1.5371459,1.0248015,1.4005232,0.49743468,1.1263978,0.7534969,1.4813783,0.4243151,1.3496922,0.48983693,0.9686059,1.053628,0.5302791,0.9472058,1.2034001,0.43401963,1.2788194,1.5296775,1.4693699,0.2788993,0.8038312,0.9857337,1.1125121,0.68047893,0.6470998,1.2111375,1.0978621,1.166673,0.8910188,0.45984375,1.2262336
banana,1.1650625,1.0151858,0.71585035,0.6763301,1.1973897,0.79450476,0.7744821,0.0,1.0613352,1.359752,1.3390883,0.90097433,1.2773468,1.1886251,1.0311321,1.1956732,1.2079043,0.9279738,0.8878856,0.7703886,1.2298223,0.60176104,0.8967224,0.9793261,0.65105486,0.98621523,1.0925713,1.0916497,1.2031617,1.2480087,0.56795955,0.95960057,1.3253278,1.2129788,1.2333217,0.99255395,0.7674867,0.64467597,1.3104687,0.70990986,0.7353374,1.3001956,0.9165096,0.96976006,1.1511793,1.1733667,0.8847893,1.357946,1.2194533,1.2184428,0.98028463,0.78504705,1.122117,0.93642133,1.0041652,0.8651,0.93032116,0.9109861,0.81792307,0.57387716,0.9613897,1.1821771,0.8924838,1.0146194,1.1935037,0.7574639,1.1608663,1.0308565,0.889256,1.1230016,1.2170451,1.288295,1.0125791,1.2437695,0.8780602,1.2864331,0.9049233,0.9980091,1.2029674,0.6460657,0.9899769,1.1425594,0.90586054,0.9322398,1.118043,0.8916272,0.73684347,0.87915546,0.9480314,0.68853617,1.3038504,1.1460696,1.2611204,1.2750039,1.2010983,0.819478,0.8428817,0.5407099,1.118714,0.8546109,0.65488446,1.0182943,0.72219765,1.0817641,0.7380843,1.0710531,0.92306787,1.3791966,0.9657344,1.1042707,0.8198197,1.2923341,0.94517386,1.2150943,0.87494534,0.77990556,1.0923301,1.231627,0.7952448,1.2049607,0.6992378,1.0688754,0.9458457,0.71475804,1.0016234,1.0102437,0.84912723,1.1078267,1.2559189,1.2971737,0.7637536,0.90022224,0.95860416,0.9303874,0.7338587,0.68680227,0.98839307,1.0957975,1.1290559,1.1156266,0.84269404,1.291311
basket,1.0724119,1.1617124,1.0934061,1.1871473,1.2876614,0.9353201,0.95766777,1.0613352,0.0,1.133429,0.96960044,0.9341134,0.8740215,1.2162492,0.9990037,0.8771857,1.0792619,0.5928459,0.75375307,0.6988416,0.5486802,0.9246452,0.97632414,0.558177,0.9822226,0.45098442,1.136609,1.0545663,1.0802547,0.6605291,0.9408819,0.8029181,1.0335017,1.232598,0.8520683,0.8247575,0.96348953,0.92638767,1.0856926,1.0137635,0.97408986,0.69912684,0.7003586,0.7385795,1.0642081,1.0822815,0.82980376,0.9985445,0.85085166,1.349191,1.201459,1.0689616,1.367222,1.198547,1.0144223,1.0959009,0.67100966,1.1985261,0.847038,0.7502154,0.95907253,1.001033,1.1997544,1.1183313,1.1398021,0.8418573,1.2934318,1.2157799,0.9189747,0.99200696,1.1322342,1.2720891,0.6636353,1.282428,0.93732804,1.0479679,0.87269163,0.97672653,0.924356,1.0610408,0.78742677,1.1191647,0.9536472,1.3517647,0.9859682,1.1572332,0.72269225,1.0002508,1.0629133,1.1642395,0.999061,0.91891146,1.2309088,1.3033242,0.85977113,0.9177135,0.92830735,1.0585879,1.00671,0.49151218,0.8821621,0.7013637,0.8462573,0.9202884,0.98018587,0.6910753,0.72957623,1.0000889,0.78692555,1.1869932,0.92694104,1.2960076,0.88255435,1.2219617,0.77712756,1.0712265,0.91569084,1.1755636,1.0139769,1.048089,0.7850857,0.9076645,1.0333554,0.8506274,0.85073984,1.14052,0.96025205,1.0793493,1.3144773,1.0761881,0.7649703,1.2245502,1.1999439,1.1626682,0.6493919,0.7415438,1.0334492,1.1372471,1.0061301,0.6489733,0.9860708,1.0960531
bathtub,0.6677121,1.2109257,1.462968,1.2294068,0.63633335,1.4401727,1.3743099,1.359752,1.133429,0.0,0.4330492,1.2232082,0.583858,0.80017704,0.84673053,0.82929075,0.6880943,1.2167584,1.3688585,1.1790248,0.67343765,1.4193342,0.79449785,1.2187383,1.3741002,1.208356,0.7517103,0.92583025,0.7455657,0.77710557,1.2806339,1.2821198,0.3864323,0.8095265,0.70814735,0.77992535,1.2478781,1.3551443,0.5491196,1.046363,1.4181554,0.4379995,1.349431,1.2201357,0.8019578,0.90127826,1.2174096,0.34948486,0.6110846,0.74492913,1.2239264,1.4250691,0.8657203,1.2791567,1.0239747,1.1005921,1.1079116,1.1627086,1.313999,1.3797505,0.8364159,0.6100249,1.2559383,1.1154314,0.73437095,1.348619,0.9125331,1.0345385,1.4638016,0.9953248,0.45203257,0.7584562,1.0227324,0.6887018,1.1559443,0.49739754,1.1046717,1.203211,0.8577188,1.1249312,0.964083,0.8713824,1.053009,1.1628385,0.9202555,1.3674593,1.2525346,1.3553665,1.2904022,1.457284,0.4671316,0.8297169,0.7142689,0.6524877,0.77877724,1.3067186,1.3193691,1.3563917,0.73726785,1.176398,1.3710065,1.08345,1.1349475,1.1597764,1.4279292,0.9983346,1.2940851,0.35955322,1.328712,0.78654057,1.046667,0.70811915,1.1017952,0.83114123,1.359334,0.77007324,0.71338195,0.41961843,1.4158667,0.6203248,1.3772793,1.0922412,0.9800609,1.2803653,1.0801891,1.1246732,1.4734988,0.7853571,0.7140254,0.5175706,1.4197414,1.3520243,1.1837709,0.95059776,1.3256193,1.341027,0.92244977,0.9198693,0.78856224,0.93616235,1.4277911,0.62211615
bed,0.4934728,1.1740315,1.5105773,1.3482361,0.7743952,1.3946403,1.5464709,1.3390883,0.96960044,0.4330492,0.0,1.3828902,0.6951985,0.60527617,1.1084368,0.3136865,0.58201903,1.0095398,1.4759711,1.3186375,0.54233897,1.4735607,0.88140976,1.3692458,1.4891503,1.3841724,0.7797682,1.2478867,0.6259734,0.76931345,1.3034438,1.394357,0.52271277,0.6909965,0.49313378,0.9307679,1.2610075,1.3573222,0.12500244,0.9395219,1.581568,0.2851274,1.5106089,1.1275872,0.8638403,0.68056715,0.92355716,0.6369046,0.7959833,0.5947699,1.286168,1.4967593,0.8637175,1.3583841,1.0223819,1.1340744,1.1817168,1.316833,1.5409404,1.3298774,0.87500316,0.75105727,1.3947911,0.9696436,0.6682937,1.2775598,0.8272393,1.072416,1.3809369,0.94322443,0.64847887,0.53852403,1.0411232,0.5426037,1.4285396,0.43467999,1.409821,1.3226213,0.6772442,1.0744524,0.8871934,0.6469001,1.0186836,1.2284563,0.78088295,1.4779553,1.4088149,1.5502588,1.4661095,1.4900032,0.5991167,0.6556512,0.50473046,0.5681762,0.6913957,1.5360723,1.5442169,1.5332001,0.68425286,0.86716706,1.4213564,1.2423263,1.2628398,1.069434,1.4083948,0.85931164,1.360121,0.57327974,1.2716364,0.6562367,1.1581943,0.5242132,1.0218712,0.78357226,1.5089418,0.7704469,1.1021775,0.38152218,1.5297964,0.44543242,1.4873443,0.9977724,1.0684652,1.5387957,1.2397383,0.97073686,1.4448488,0.74600327,0.53952676,0.3331468,1.4734172,1.4079821,1.3282264,1.0812176,1.3499789,1.1773896,0.80406904,0.86669534,0.70502913,1.0459964,1.5432312,0.68902075
belt,1.4971439,1.0180306,0.6017734,0.96153724,1.356122,0.74770105,0.46943182,0.90097433,0.9341134,1.2232082,1.3828902,0.0,0.8993263,1.4995444,0.6125312,1.3726022,1.296786,0.96535766,0.394427,0.829018,1.3383006,0.5324349,1.1183654,0.7062414,0.49287796,0.40337443,1.0137587,0.56920934,1.1967413,0.8343471,0.9102814,0.5254247,1.3444606,1.2092922,1.3245375,1.0008807,0.939676,0.83750826,1.3760235,1.1098839,0.26423526,1.3760444,0.41647756,0.9965281,1.2964793,1.2058187,1.2305309,1.1677704,1.132075,1.4068077,0.87133205,0.6626568,1.3313899,0.9038675,1.0450892,0.581042,0.8739103,0.85769236,0.40157598,0.77965045,1.030425,1.4999969,0.67918783,1.1825118,1.2161434,1.0610874,1.3071154,1.3133944,0.5852443,1.2288078,1.3351783,1.3955231,1.2135274,1.2546936,0.28954428,1.5027659,0.5817361,0.53867096,1.3290689,1.3054488,1.3420007,1.4938165,1.1367708,0.78604424,1.3701894,0.39987028,0.41041458,0.41967648,0.57432055,0.5727595,1.2756183,1.1817755,1.4314152,1.2577457,1.3124871,0.27260733,0.28698337,0.4941218,1.3895904,0.86827064,0.6546167,0.7624604,0.86249137,1.1091743,0.77417564,1.2055271,0.3926227,1.3208569,0.84418046,1.2959096,1.1487362,1.4430757,1.0263083,1.1963724,0.499215,1.1902573,0.5415395,1.4496764,0.20740294,1.1900008,0.71675515,1.0174971,1.2885094,0.64697737,1.0138607,1.2516226,0.4481731,1.2441531,1.4145944,1.4953358,0.6104438,0.75345886,0.9353338,1.2372017,0.4834351,0.99282295,1.2898799,1.0769049,1.0407751,0.93168557,0.26866615,1.1534371
bench,1.0323963,1.1334131,1.2332083,1.0016751,1.0162054,1.2956995,1.1069663,1.2773468,0.8740215,0.583858,0.6951985,0.8993263,0.0,1.1045897,0.9423003,0.972577,0.75713193,0.86004627,1.1292207,0.8837078,0.6155977,1.1630352,0.7692654,0.88310134,1.3125863,0.7826586,0.84364533,0.7715772,0.94997925,0.41753578,1.1542287,1.1418829,0.79745114,0.99899983,0.57879347,0.7578551,1.1609693,1.1194974,0.7617402,1.138214,1.1464362,0.5779678,1.0558387,1.1024034,0.9625679,0.98837227,1.1405392,0.6022326,0.5280788,1.0966127,1.2586539,1.3516003,1.2100533,1.147241,0.93245906,1.0605943,0.96174455,1.11943,1.0593133,1.2262007,1.1288911,0.89926845,1.2880411,1.01777,0.8683105,1.0941782,1.1185584,1.0505879,1.238382,1.0541131,0.7226287,1.0044068,0.9543475,0.8499199,0.844062,0.6437313,1.0862395,1.1262021,1.0472326,1.0558478,0.99024194,1.1160005,0.9719305,1.2197205,1.1251422,1.3319066,0.8992426,1.1779906,1.1678728,1.2912731,0.6287594,1.1353014,1.0008094,0.8465184,0.8517574,0.9874712,1.0197204,1.1534413,0.9350164,0.9395581,1.0896946,0.97682977,0.89556676,1.0771449,1.1525615,0.93276364,0.9265182,0.647416,1.1162732,1.0138642,1.1063808,1.0059261,1.0823473,0.91911894,1.1074619,1.0390592,0.57907134,0.79388475,1.1889926,0.89777195,1.1672361,0.8908476,1.088343,1.031481,0.9529747,1.1737775,1.2772205,0.804833,0.97267324,0.6382473,1.1581482,1.2911049,1.152236,0.9898343,1.003147,1.118456,0.7955164,1.0022637,0.92193735,0.671486,1.3018916,0.77380705
bib,0.6610863,0.8231061,1.3595273,1.033595,0.4617002,1.3427583,1.4958007,1.1886251,1.2162492,0.80017704,0.60527617,1.4995444,1.1045897,0.0,1.190003,0.6141885,0.7646589,1.1931918,1.5616474,1.400275,0.8418002,1.5071898,1.0407217,1.3845687,1.391841,1.4862553,0.9328087,1.065203,0.89201933,1.1789623,1.2594581,1.4252403,0.8289725,0.63475263,0.87609017,1.1399579,1.2157106,1.2932944,0.6063993,1.0381924,1.5930073,0.8228288,1.5658193,1.1141512,0.85110164,0.9104807,0.8936759,0.9154524,0.98403436,0.17497408,0.9158843,1.3060415,0.57117665,0.9956047,1.0026649,1.2733128,1.286852,0.9334768,1.6013833,1.3960507,0.9247173,0.81677175,1.1310887,0.68281424,0.8204434,1.1547064,0.6557923,0.65356517,1.2300682,0.97021425,0.7641288,0.3764366,1.1086259,0.38874054,1.5420806,0.7539547,1.4640474,1.1950846,0.78143144,0.77761227,0.92581165,0.5299311,1.0173188,0.991881,0.7432129,1.3768188,1.3888568,1.2237148,1.3056114,1.313188,0.7882288,0.8007237,0.3339888,0.41033816,0.76994896,1.5949047,1.5608225,1.3994377,0.74855506,1.0891,1.4560269,1.2242312,1.3169061,1.0736991,1.223343,0.7257512,1.516104,0.77947265,1.2849247,0.6011703,1.1592119,0.26737225,0.9464361,0.42224157,1.4256649,0.91422075,1.391715,0.59208333,1.4570389,0.8277389,1.4197553,0.92227453,0.91539335,1.5032208,1.2115192,0.8809777,1.4303329,0.91587454,0.30411,0.6552303,1.4961431,1.0283984,1.0354444,0.9865178,1.3390517,1.260721,0.8623325,0.95399654,0.8691233,1.2804303,1.4413415,0.95999575
bird,0.89407927,1.0712864,1.0596544,1.0932404,0.9586349,1.213093,0.928853,1.0311321,0.9990037,0.84673053,1.1084368,0.6125312,0.9423003,1.190003,0.0,1.055579,1.1293371,1.1640872,0.99062514,1.218078,1.1549634,0.92499363,0.915841,1.0509883,0.6912411,0.78780794,0.9345315,0.5843273,0.78648174,0.8585755,0.9389318,0.76520467,1.0242063,1.1586082,1.1672316,0.8541765,1.0776131,0.9757509,1.1188452,0.86743695,0.77673364,1.0460532,1.0243747,1.0152135,1.1439724,0.8762723,1.1809304,0.96797526,0.94442576,1.1408198,0.919564,1.1133753,1.0968318,0.97679675,1.0358385,0.5644889,0.71789396,0.89597857,0.70329654,0.8111288,0.79642296,1.1610775,0.74631804,0.91368914,1.1405348,1.1139798,1.0740644,1.1350436,0.9251559,1.1247679,1.0178032,1.2280309,1.2881771,1.0034187,0.652391,1.1295903,0.7290021,0.8557713,0.968729,1.2894951,1.2692434,1.0091678,1.0381206,0.930862,1.0188597,0.87012815,0.711693,0.6721101,0.9099424,1.0704709,1.1246835,0.8900776,1.2341608,0.9756117,1.0520567,0.6803128,0.7047215,0.824998,1.1214929,0.89542955,0.9863624,0.59268737,1.100304,1.1132867,0.9631191,0.9168153,0.8824297,1.0671995,0.8058349,1.1030588,0.88222474,1.2271128,0.8140943,0.94400024,0.84352493,1.0770631,0.81226873,1.1114347,0.7305653,1.0432675,1.045199,1.0278977,1.2252711,0.8841274,0.8764013,1.1748481,1.0575681,1.0955311,1.1654563,1.2972823,1.091689,0.9555137,0.7958311,1.0631446,0.70699024,1.2671189,1.3373466,1.1662717,1.0705004,0.85606694,0.7290549,1.0392473
blanket,0.392236,1.1195953,1.4281864,1.2681937,0.77319145,1.2404776,1.4776518,1.1956732,0.8771857,0.82929075,0.3136865,1.3726022,0.972577,0.6141885,1.055579,0.0,0.7140539,0.98279506,1.486747,1.216223,0.7338519,1.3479891,1.0071042,1.2947791,1.4362983,1.355657,0.8800938,1.3071411,0.5190074,0.96769017,1.1169701,1.3107525,0.8482682,0.8796473,0.6522043,1.0398905,1.1510998,1.2003376,0.3551464,0.73945796,1.5378193,0.64228606,1.493227,0.9802267,0.81324637,0.5550576,0.8062407,0.9599223,0.9441031,0.728708,1.2861744,1.3849788,0.9365437,1.2817683,1.0361325,0.958526,1.0815898,1.2538149,1.4927202,1.1200863,0.78974664,0.85392284,1.3731668,0.7414953,0.7934886,1.0883567,0.924312,0.97932404,1.244824,0.92892087,0.8613323,0.7046149,0.9684872,0.6228061,1.4707403,0.7591614,1.380683,1.3349715,0.44935334,0.9238215,0.7998503,0.4183408,1.0424517,1.2530615,0.52522635,1.4520047,1.2864679,1.4803376,1.4364139,1.4326056,0.801894,0.58236647,0.65547514,0.71408975,0.7478788,1.5041286,1.5355469,1.4119833,0.75813544,0.56021035,1.2893512,1.1237795,1.1286142,0.8237382,1.2264259,0.68926984,1.2879684,0.8392474,1.1323252,0.8278229,1.0914053,0.68173385,0.8926844,0.8055903,1.4901459,0.9675182,1.2079542,0.6091123,1.4978623,0.6617544,1.3765439,0.8738559,0.8483685,1.4611028,1.1029235,0.9199549,1.3864722,0.8940242,0.7249689,0.6256587,1.3358676,1.3354645,1.2423538,1.0494375,1.0959902,1.086202,0.8443531,0.91808504,0.870166,1.1787726,1.4892964,0.87993646
boat,0.7277778,1.1716263,1.3216325,1.2712665,0.90820074,1.2246181,1.3280826,1.2079043,1.0792619,0.6880943,0.58201903,1.296786,0.75713193,0.7646589,1.1293371,0.7140539,0.0,0.8889545,1.3340547,1.0905334,0.6087642,1.3021586,0.96313894,1.1374047,1.3149757,1.3334323,0.6573807,1.3018641,0.8575491,1.009861,1.1844578,1.2666457,0.85538745,0.8403092,0.7527579,1.0115436,1.1058931,1.251427,0.66554123,1.0337403,1.3776249,0.639251,1.3273394,1.0894859,0.73692536,0.8420478,0.85917294,0.91313434,0.7192191,0.8118018,1.225042,1.3573513,0.89765763,1.2573346,1.1123606,1.1143639,1.1906066,1.3171138,1.312381,1.1766822,1.0110213,0.7722663,1.2551866,1.035211,0.30107522,1.135749,0.87815416,1.0489353,1.2944037,0.8717521,0.72093004,0.6762305,0.921378,0.79224634,1.2575203,0.73807317,1.284618,1.3402009,0.87881625,1.0743525,0.8831627,0.87441283,1.0193652,1.133738,0.8710977,1.3497738,1.3967091,1.3952143,1.3762052,1.3617743,0.66786313,0.8646761,0.6926926,0.84354216,0.77719545,1.312056,1.3333908,1.3528233,0.8580946,1.1273502,1.2497666,1.2761796,1.0796808,1.0694793,1.2060425,0.8651451,1.2282833,0.75545317,1.2439314,0.75070095,1.0786239,0.6968227,1.0630744,0.92771864,1.4017406,0.8659339,0.9593165,0.5808731,1.4109426,0.7640883,1.3030986,1.159855,1.0088797,1.2909737,1.0291725,0.95480657,1.3306923,0.77652836,0.7381368,0.6108227,1.2503681,1.3202391,1.2011722,1.0174218,1.4053773,0.9731357,0.82999444,0.69169295,0.8112919,1.0614527,1.3847783,0.7665122
book,1.0727996,1.127516,0.99895126,1.0977471,1.2782705,0.8123393,0.9270454,0.9279738,0.5928459,1.2167584,1.0095398,0.96535766,0.86004627,1.1931918,1.1640872,0.98279506,0.8889545,0.0,0.8233168,0.7499249,0.4916957,0.92281455,0.9920175,0.7761496,0.991096,0.8319449,0.95531833,1.1227317,1.1884295,0.94356716,0.9528282,0.9144675,1.0916362,1.1980458,0.90449524,0.8446098,0.9619571,0.93322444,1.1165719,1.0987861,0.8089497,0.8806207,0.8152113,0.7834742,1.1105621,1.0937496,0.70621085,1.1215655,0.8574461,1.3012445,1.1589859,1.0499501,1.2126856,1.104082,1.0759501,1.0242842,0.8419532,1.2361988,0.8741115,0.6534511,1.0697749,1.0906782,1.1556573,1.1558987,1.0764687,0.50381434,1.1992719,1.100373,0.9273993,0.96057135,1.2176521,1.1816478,0.83317184,1.2494419,0.8985978,1.0819184,1.0236654,1.036249,1.132318,1.0514637,0.79016805,1.1951046,0.9013767,1.2047019,1.130965,1.075649,0.9339675,1.0789328,1.1467957,1.0368367,1.1162709,1.1041367,1.1425788,1.313912,0.5248753,0.82868284,0.8249084,0.9651914,1.0772381,0.7941626,0.86245966,0.9936504,0.76364946,0.9787921,1.0416727,0.91222966,0.7329333,1.0789349,0.91968924,1.0594482,0.8849845,1.1980381,0.977385,1.2159603,0.97806084,0.9938092,0.9417101,1.1386045,0.990111,1.1238117,0.7573267,1.0645654,1.0503933,0.8361681,0.89917225,1.0313832,0.9115176,0.9987167,1.2607627,0.9023529,0.7335887,1.1636943,1.151961,0.9106185,0.92986965,0.41875404,0.82221836,0.99325144,1.0633646,0.84851533,0.9998942,1.0820565
bottle,1.4975367,1.0932679,0.55732566,1.1050893,1.4521073,0.5720326,0.37867415,0.8878856,0.75375307,1.3688585,1.4759711,0.394427,1.1292207,1.5616474,0.99062514,1.486747,1.3340547,0.8233168,0.0,0.6070044,1.2673783,0.4804392,1.12855,0.45430064,0.51825404,0.33696783,1.190592,0.9468347,1.2993464,0.861071,0.9116301,0.49454474,1.2312407,1.1924143,1.2846684,1.0033956,0.91241235,0.8682568,1.4508667,1.1645445,0.29074848,1.3382347,0.055507302,0.91610515,1.2586706,1.2234528,1.1119347,1.1012088,1.2235597,1.4866521,0.95923734,0.54740554,1.3757719,1.0382956,1.0754229,0.92869854,0.76412654,1.0542758,0.31187773,0.73072064,1.091169,1.3005614,0.84399986,1.3734035,1.2147982,1.0103781,1.3158203,1.3832898,0.592961,1.0124881,1.3614717,1.4035012,0.8270093,1.5238922,0.41569376,1.3780997,0.43035114,0.5313215,1.3394241,1.3127341,1.0514561,1.5603241,1.0918965,1.0392632,1.3775482,0.42431498,0.4127196,0.60801727,0.62098813,0.5725534,1.2691157,1.291573,1.4473346,1.4585435,1.2967592,0.37428558,0.37476426,0.5638482,1.3346822,0.9270432,0.58631957,0.804889,0.8074336,0.9430434,0.8392881,1.1413994,0.34118068,1.2263147,0.68086874,1.3702176,0.99486655,1.4984689,1.132718,1.4254327,0.34622514,1.1785731,0.6383659,1.4828013,0.35926622,1.2625297,0.44099808,1.0848854,1.2163033,0.4717211,0.96455246,1.1603377,0.2845186,1.2152896,1.501282,1.4466352,0.43546563,0.9010145,1.0987823,1.2101922,0.46905524,0.76006687,1.2470988,1.0655035,1.1329706,0.6828351,0.3325879,1.1136097
bowl,1.3698156,1.2354476,0.6933753,0.97073376,1.3758351,0.60505176,0.5894406,0.7703886,0.6988416,1.1790248,1.3186375,0.829018,0.8837078,1.400275,1.218078,1.216223,1.0905334,0.7499249,0.6070044,0.0,0.95500267,0.70301265,0.9759698,0.4692759,0.9011806,0.6665093,1.1239156,1.1905415,1.2738806,0.9285843,0.70914453,0.7192748,1.1900765,1.2797674,1.0602,1.0186617,0.77095747,0.7616011,1.3611952,1.1306207,0.7243291,1.120537,0.5145819,0.8592646,0.91910005,1.2068537,0.92720985,1.1897471,0.94733214,1.4626971,1.2198755,0.7477127,1.3389581,1.1979536,1.1559842,1.0556517,0.9275129,1.2411207,0.6429393,0.7634023,1.0769922,0.96766686,1.1627916,1.3334252,1.0917157,0.86183107,1.3346167,1.2670875,0.9233638,0.90750587,1.1387466,1.3708744,0.5308594,1.4763618,0.71637976,1.2419633,0.59828496,1.0071441,1.2576392,0.8723484,0.7101254,1.4289386,1.0417945,1.1928484,1.2607069,0.942919,0.8115141,1.0723494,0.9099491,0.7717693,0.97271365,1.1873983,1.358489,1.5162811,1.13066,0.76665705,0.7699909,0.7434452,1.2284125,0.79537535,0.66420144,1.0437967,0.29477012,0.93090194,0.7925839,1.0531199,0.6291501,1.0593979,0.9375885,1.2949237,0.80883795,1.3867954,1.1643269,1.4261895,0.8023836,1.0564967,0.5344003,1.276643,0.92199516,1.1974229,0.5150905,1.1529412,0.7188867,0.4030298,0.8682442,1.0476012,0.7621065,1.152369,1.429141,0.9975309,0.45057166,1.2205186,1.2010593,0.91704994,0.8752656,0.63118887,0.7168867,1.020392,1.1688954,0.8493938,0.9073464,1.1561258
box,0.70559853,1.2046005,1.4272405,1.2071161,0.92105377,1.2216673,1.3391751,1.2298223,0.5486802,0.67343765,0.54233897,1.3383006,0.6155977,0.8418002,1.1549634,0.7338519,0.6087642,0.4916957,1.2673783,0.95500267,0.0,1.3593129,0.9048631,0.91818404,1.4170005,1.013052,0.8787948,1.1844841,0.9497933,0.77268136,1.2191733,1.2581365,0.707243,0.9946447,0.5602699,0.80308276,1.0977619,1.2181724,0.669921,1.094765,1.4041144,0.37895715,1.1940056,0.91547734,0.8752546,0.9387666,0.7871627,0.7415949,0.50394785,0.9426858,1.2595782,1.4474547,1.0077477,1.3028412,0.9910423,1.245989,0.99937874,1.3000014,1.3661804,1.0874484,1.02432,0.7052703,1.3623753,1.0599003,0.8367472,0.8474824,1.0131707,1.010067,1.2902166,1.0002269,0.7531681,0.88367856,0.68280274,0.9277036,1.2763557,0.59078956,1.2893348,1.3068037,0.85766995,0.9036937,0.6836332,0.8599961,0.91607565,1.2799289,0.9057635,1.4787171,1.2868099,1.4206717,1.3890867,1.4647651,0.6625934,0.92759305,0.82114065,0.956453,0.36914062,1.3593761,1.3498484,1.3837881,0.77717626,0.911523,1.2477113,1.1277812,1.009002,1.0811806,1.2904347,0.7046908,1.1905214,0.6363097,1.2465637,0.86844003,1.0311304,0.85553825,1.0118322,0.9661565,1.379951,0.7703153,1.0098413,0.7137092,1.4572072,0.87360436,1.1806538,1.0169187,0.9523792,1.2687101,0.9965557,0.9765022,1.3689191,0.8063973,0.88594455,0.47198606,1.193846,1.4104922,1.2546866,0.914063,1.3007778,0.79407644,0.6366664,0.94809747,0.8457866,0.9264641,1.4825383,0.88304895
bread,1.3673698,1.1173044,0.47832656,0.9021754,1.3856735,0.70508033,0.603921,0.60176104,0.9246452,1.4193342,1.4735607,0.5324349,1.1630352,1.5071898,0.92499363,1.3479891,1.3021586,0.92281455,0.4804392,0.70301265,1.3593129,0.0,1.0427934,0.856699,0.5069859,0.68624973,1.2038306,1.0245085,1.2076716,1.071216,0.37446594,0.661041,1.3867297,1.2625499,1.2033291,0.9967855,0.7006996,0.5778739,1.4460489,0.7425642,0.37011468,1.4160807,0.5244092,0.9432219,1.2920648,1.1924728,1.1361427,1.2651792,1.238209,1.4387903,0.9574622,0.508788,1.3065846,0.9914085,1.1429765,0.8340203,0.95632404,0.92868376,0.46269763,0.675994,1.0576233,1.3776605,0.815197,1.3719409,1.2186973,0.9854434,1.2983468,1.3207037,0.786849,1.0791118,1.3355238,1.408631,1.0137378,1.4737084,0.5219023,1.4310043,0.6301162,0.78538024,1.2671278,1.104907,1.1106718,1.4520485,1.1479704,0.8671246,1.1998293,0.55488724,0.57551855,0.6750877,0.55874753,0.4845057,1.3320984,1.2090703,1.4472704,1.4225646,1.3595085,0.42448837,0.45349085,0.53257346,1.3671389,0.93958205,0.06081581,0.9820045,0.5410881,1.0461614,0.69681495,1.2379591,0.5920319,1.4208932,0.80526304,1.3503792,1.0046862,1.4788085,1.0835649,1.3831421,0.5671447,1.1489669,0.84102803,1.50672,0.4395582,1.2680264,0.5464771,1.1518934,1.0454258,0.58584154,0.9593326,1.1302565,0.49802208,1.2793454,1.448069,1.4239829,0.52207667,0.88135636,0.97927725,1.1151602,0.58499116,0.83075476,1.1015153,1.0445818,1.1315492,0.96989226,0.5329815,1.2394923
broom,1.0018529,1.0432825,1.1508473,1.0916383,0.9812762,1.181704,1.1296859,0.8967224,0.97632414,0.79449785,0.88140976,1.1183654,0.7692654,1.0407217,0.915841,1.0071042,0.96313894,0.9920175,1.12855,0.9759698,0.9048631,1.0427934,0.0,1.0262675,1.0919995,1.0148325,1.0068295,0.98139584,1.0445839,0.6981348,0.99410117,1.0905544,0.86668134,1.0371677,0.70264995,0.83814347,1.0749066,1.1103494,0.9138633,1.0581506,1.010361,0.7909117,1.1286099,1.0015244,1.0256225,1.0689855,0.9555223,0.786959,0.76205593,1.0539405,1.1523628,1.1917334,1.1258116,1.1608148,1.0629036,1.07446,0.88478756,1.0403732,0.9575945,1.021324,1.1956346,1.0811325,1.1421059,1.0029119,1.0971282,1.0673889,1.0553727,1.0936025,1.1384956,1.0118631,0.7114006,1.0486201,1.0851011,0.93080807,0.97488606,0.72715014,0.93233955,0.9480769,1.0419629,1.0315478,0.97404736,1.0319588,1.0179846,1.2197839,1.0422224,1.2493434,0.93867373,1.0882511,1.2175719,1.1733183,0.95353675,1.12011,1.0308836,0.924081,1.0219023,0.9234841,0.9727149,1.0857565,1.0464637,0.98119587,0.9906536,0.9414297,0.94164515,1.123626,1.0922232,0.82526016,1.0224189,0.9197721,0.8974676,0.99740756,0.63904303,1.1072949,0.9149406,0.9433446,0.9296069,0.7720675,0.96487725,0.8369825,1.1237108,1.02522,1.0990272,0.90838826,1.1027842,0.86766624,0.8561985,0.92868036,1.2114329,0.9123557,1.0118471,0.8556267,1.0938855,1.1326414,0.9895315,0.7160739,0.9505909,0.90790963,0.9440019,1.1093531,0.9675783,0.63842064,1.201729,0.9676966
bucket,1.4506857,1.0255458,0.81974113,0.94256204,1.3171192,0.6668508,0.51796144,0.9793261,0.558177,1.2187383,1.3692458,0.7062414,0.88310134,1.3845687,1.0509883,1.2947791,1.1374047,0.7761496,0.45430064,0.4692759,0.91818404,0.856699,1.0262675,0.0,0.86502826,0.29272044,1.0417283,0.8855901,1.29595,0.7275098,1.0137873,0.69625896,1.2186147,1.2542222,1.1398185,0.97567374,0.873079,0.8866736,1.340574,1.25282,0.6919017,1.1163849,0.29792702,0.9312554,0.9089191,1.224087,0.95694935,1.0780554,0.87148106,1.4330992,1.0843116,0.79521215,1.4130099,1.0771987,0.9729696,0.9722956,0.8526597,1.1243536,0.68973356,0.79871184,1.218637,1.032745,1.0643823,1.0356125,1.2087845,0.78440607,1.3460815,1.2116134,0.71831024,1.0724667,1.1518931,1.375345,0.55625105,1.3046118,0.7229532,1.2342823,0.6844125,0.8107985,1.3264656,1.0364159,0.868043,1.403578,0.9374367,1.1151227,1.3292392,0.8894166,0.5579537,0.8205005,0.90094197,0.86217356,0.9864899,1.2025441,1.416061,1.3181605,1.0990558,0.67711616,0.7327899,0.84814143,1.1454352,0.75006825,0.86523724,0.88035214,0.7674273,1.0561495,0.7340872,0.816788,0.46330178,0.99928856,0.80386496,1.3366001,0.9870019,1.4430157,1.0333974,1.1490409,0.6397407,1.0996274,0.6124247,1.2907392,0.76022303,1.3527986,0.43069297,0.78945136,0.9546963,0.60809886,0.7908653,1.1680934,0.7713911,1.1258343,1.4273698,1.2521412,0.3923998,1.0216006,0.9838647,0.99280864,0.64567137,0.70997626,1.1390746,1.2063552,1.0910332,0.6862184,0.7858952,1.1636257
butterfly,1.3930643,1.0144902,0.4792893,0.97601986,1.3668381,0.67451155,0.54007155,0.65105486,0.9822226,1.3741002,1.4891503,0.49287796,1.3125863,1.391841,0.6912411,1.4362983,1.3149757,0.991096,0.51825404,0.9011806,1.4170005,0.5069859,1.0919995,0.86502826,0.0,0.67409027,1.138145,0.8500551,1.2350295,1.1048777,0.7458488,0.5504066,1.3496132,1.1863074,1.414571,0.9987681,0.8408874,0.7770859,1.4369719,1.0201373,0.41225016,1.4148943,0.5879955,0.90563107,1.2716231,1.1856205,0.971544,1.2693233,1.2692477,1.2729635,0.7293238,0.59123325,1.1379365,0.8695413,1.0118355,0.71796876,0.81026417,0.8313751,0.5038246,0.5280465,1.0532577,1.4087491,0.49875224,1.1336646,1.2364185,0.96722615,1.1453756,1.2479677,0.5610818,1.1109934,1.3944243,1.3384845,1.226523,1.4004964,0.6269981,1.4704282,0.564178,0.713339,1.3491709,1.2471211,1.2989239,1.398783,1.0911697,0.7031177,1.3162216,0.46475214,0.5923027,0.42491132,0.6226287,0.48507667,1.3948898,1.1690686,1.4007218,1.3615068,1.3289716,0.47204798,0.4678927,0.6139908,1.3302747,0.9752567,0.64630663,0.7410528,0.93979466,1.1056798,0.6135894,1.1785148,0.62096226,1.4188333,0.63312066,1.2692697,0.90833044,1.397635,0.98009497,1.3045543,0.45872748,1.090342,1.0088267,1.4932983,0.3711589,1.2973886,0.6395301,1.1984216,1.3020523,0.67324257,1.0051146,1.0808614,0.46908784,1.2454586,1.3449826,1.5540736,0.62644994,0.70479614,0.90878296,1.2482499,0.6117042,0.824456,1.2963457,1.1121421,1.0975597,0.97018516,0.30040914,1.2699456
can,1.4786454,0.97323644,0.7845214,0.9434145,1.3597175,0.8430602,0.48744255,0.98621523,0.45098442,1.208356,1.3841724,0.40337443,0.7826586,1.4862553,0.78780794,1.355657,1.3334323,0.8319449,0.33696783,0.6665093,1.013052,0.68624973,1.0148325,0.29272044,0.67409027,0.0,1.2080497,0.60805047,1.2296982,0.52043545,0.94436157,0.5959378,1.2028055,1.3187433,1.126873,0.92856574,0.91747993,0.8546761,1.3851933,1.1915957,0.51146626,1.1208513,0.25136757,0.91481984,1.234909,1.2141873,1.0875192,0.9415037,0.94142014,1.4917655,0.93787616,0.760653,1.5121372,0.94863313,0.9988426,0.9391535,0.6902328,0.89591646,0.5040605,0.8145722,1.1434445,1.2750148,0.89816535,1.1278275,1.3043404,0.9802555,1.4401511,1.2651081,0.6532125,1.1446086,1.2630872,1.4930186,0.7877506,1.3329761,0.4889642,1.2964973,0.552216,0.6030937,1.2897243,1.2043447,1.0615398,1.4568448,1.0688785,1.0988032,1.3414044,0.72664803,0.25454795,0.5313002,0.6819063,0.8115769,1.11981,1.2392073,1.5300303,1.2907366,1.2047611,0.47844142,0.4948116,0.63916147,1.2658703,0.63354576,0.7403224,0.5886156,0.83630645,0.9772711,0.7972453,0.85149574,0.44460303,1.0916326,0.6814335,1.4329414,1.0259304,1.5813155,0.9718055,1.1960427,0.33589995,1.2033008,0.65138084,1.446058,0.47523093,1.3347253,0.5435856,0.779436,1.1828784,0.5641539,0.8230232,1.3125194,0.62723094,1.2269291,1.5237844,1.448312,0.5253899,0.8797459,1.0123149,1.1710911,0.30922866,0.9281313,1.2990193,1.243362,1.1127713,0.5351243,0.5394507,1.137655
car,0.9028871,1.3091178,1.1991886,1.2948843,0.9831463,1.0786457,1.1841438,1.0925713,1.136609,0.7517103,0.7797682,1.0137587,0.84364533,0.9328087,0.9345315,0.8800938,0.6573807,0.95531833,1.190592,1.1239156,0.8787948,1.2038306,1.0068295,1.0417283,1.138145,1.2080497,0.0,1.0562452,0.9326137,1.1189648,1.1476676,1.1707536,0.89210016,0.90055156,0.97968304,0.802282,1.2224779,1.1928908,0.8329141,1.1159092,1.1671243,0.85193735,1.2133622,1.1781467,0.96636,0.9704559,0.9008116,0.9901214,0.89697033,0.9113363,1.1965644,1.2993144,0.8323153,1.3389821,0.6647217,0.59566104,1.2096605,1.2825438,1.1802437,0.9872554,0.84469604,0.7926502,1.0742086,0.9063513,0.7224368,0.90381706,0.8186755,1.1697222,1.0648137,0.95036006,0.9029294,0.7590606,1.1909999,0.78186214,1.0687151,0.90571964,1.2350936,1.1560509,1.0873297,1.2013441,1.1083071,1.0141851,0.46650147,1.0382674,1.0612811,1.1755103,1.1820469,1.2397113,1.3272185,1.2295679,0.7743635,0.92096615,0.76500523,0.84354734,0.9169261,1.0984584,1.1905122,1.2301958,1.0193257,1.0797337,1.201092,1.2501047,1.116915,1.111431,1.2576634,0.89793134,0.92546904,0.8414894,1.1429188,0.6981499,1.0819061,0.77074337,1.0227126,0.8230373,1.313179,0.73599726,0.8294064,0.73709476,1.1805156,0.6423136,1.2021644,1.196176,1.193429,1.2862024,1.0884888,0.9492326,1.2396259,0.48488158,0.82599765,0.9008402,1.1531324,1.3162541,1.1643761,1.0495206,1.2312816,0.91699415,1.0106215,0.8800849,0.5716733,1.1425495,1.1469142,0.82344866
