,zebra,giraffe,deer,pony,horse,pig,rooster,penguin,bird,duck,fish,butterfly,frog,alligator,owl,elephant,bear,cat,dog,face,hair,arm,hand,leg,foot,ankle,finger,toe,tooth,ear,nose,eye,mouth,stroller,motorcycle,tricycle,truck,car,lamp,chair,bench,drawer,ladder,window,door,closet,shower,refrigerator,oven,crib,bed,couch,table,bathtub,sink,boat,slide,hose,sprinkler,swing,grass,tree,snow,helicopter,firetruck,clock,ball,balloon,pumpkin,egg,orange,apple,potato,strawberry,hat,slipper,watch,nail,raisin,glasses,necklace,carrot,vacuum,broom,mop,stick,shovel,scissors,spoon,fork,knife,pencil,pen,crayon,plant,flower,soap,bottle,cup,can,belt,radio,basket,milk,jar,bucket,tape,bowl,plate,corn,pickle,banana,melon,bread,cookie,toast,cracker,sandwich,chips,pizza,hamburger,muffin,pastry,meat,pasta,sauce,soup,applesauce,glass,coffee,dish,tray,box,book,paper,rock,comb,toothbrush,gum,toy,doll,mitten,glove,sock,shoe,purse,pillow,towel,napkin,blanket,dress,pajamas,bib,scarf,coat,jacket,sweater,shirt,jeans,pants,shorts,cloud,game
zebra,0.0,0.6469179391860962,0.9258447885513306,0.7677463889122009,0.7080200910568237,0.7609118223190308,0.7903808951377869,0.8614665865898132,0.740824818611145,0.9028822779655457,0.9978444576263428,0.8954762816429138,0.8456335067749023,0.6676954627037048,0.9408231377601624,0.7617437243461609,0.748786449432373,0.7798622846603394,0.8656133413314819,0.9294173717498779,0.9559721946716309,0.9008122086524963,0.8726963996887207,1.0536729097366333,1.0259525775909424,1.0252363681793213,1.1034398078918457,1.1205823421478271,1.0896011590957642,1.0141681432724,1.0525486469268799,1.0762100219726562,1.0884371995925903,0.9819476008415222,0.9299546480178833,1.005858063697815,0.8525192141532898,0.9562685489654541,1.084929347038269,1.1086604595184326,1.0311897993087769,1.1474062204360962,0.9700410962104797,1.0852376222610474,1.0739355087280273,1.0540193319320679,1.0372614860534668,1.073503851890564,1.1009074449539185,0.9502028822898865,0.9279282093048096,1.0321357250213623,0.9277241826057434,1.0096032619476318,1.0592761039733887,0.838240921497345,0.8819201588630676,0.8976472616195679,0.9736324548721313,,0.877799928188324,0.9675888419151306,0.9140059351921082,0.9667283296585083,,1.0944875478744507,1.0795987844467163,1.0447437763214111,0.986037015914917,1.0854377746582031,0.9776903986930847,1.0945079326629639,,1.0789042711257935,1.0317398309707642,1.1461021900177002,1.1406351327896118,1.1842055320739746,1.0813497304916382,1.132741093635559,1.097996711730957,0.9844508767127991,1.0216532945632935,0.9378776550292969,,0.9391707181930542,1.0494866371154785,0.9358004331588745,1.0428961515426636,0.9540163278579712,0.9892234802246094,1.0756938457489014,1.078250527381897,1.1196236610412598,1.1210681200027466,1.0534942150115967,1.1521427631378174,1.0718035697937012,1.1212671995162964,1.1803932189941406,1.064690351486206,1.1522592306137085,1.1143323183059692,0.9693900942802429,1.001049280166626,1.079667091369629,1.1092933416366577,1.102120280265808,1.0308454036712646,0.8717085123062134,1.040356159210205,0.9072418212890625,0.920311689376831,1.1433861255645752,1.1051383018493652,,0.7984104752540588,0.8585876226425171,1.0207808017730713,0.8017587661743164,0.8976781964302063,1.0445961952209473,0.8900496363639832,0.8847342133522034,,,1.0749471187591553,1.0484877824783325,0.9212355017662048,1.106791377067566,1.0116089582443237,0.9848507642745972,1.0674222707748413,0.9568158984184265,0.9781954288482666,0.8793234825134277,0.8823676109313965,0.87711101770401,1.021665096282959,1.051802635192871,0.8988946676254272,0.8431318998336792,0.9097987413406372,0.9544297456741333,1.0030827522277832,1.0287072658538818,1.1196681261062622,1.0686734914779663,1.0887283086776733,0.8688802719116211,0.9966557621955872,0.8421787023544312,0.8108078241348267,0.93470299243927,0.8974151611328125,0.8172587752342224,0.8920502662658691,0.9036911725997925,0.8546535968780518,0.9514520168304443,0.9794870615005493,,0.9267106056213379
giraffe,0.6469179391860962,0.0,0.6347616910934448,0.5731154680252075,0.5500297546386719,0.6131572723388672,0.6718176603317261,0.7869637608528137,0.7510036826133728,0.8532288074493408,0.9287503361701965,0.8175004124641418,0.7250121831893921,0.6746041178703308,0.9243208169937134,0.9176238179206848,1.0351570844650269,0.907178521156311,0.7168167233467102,1.0267738103866577,1.0300898551940918,1.0293899774551392,1.0597987174987793,1.127284288406372,1.0708308219909668,1.1487445831298828,1.134483814239502,1.1340548992156982,1.085216760635376,0.9460570812225342,1.050803780555725,1.0366356372833252,1.046026349067688,0.9964004755020142,0.9892982244491577,1.1132827997207642,0.9496541023254395,0.9661405086517334,1.0167454481124878,1.0885310173034668,1.0442668199539185,1.0602738857269287,0.9938021302223206,1.0756638050079346,1.1112021207809448,1.061686396598816,1.0136429071426392,1.0723520517349243,1.0739796161651611,0.9851270318031311,0.9894179701805115,1.033288598060608,0.978675127029419,1.0104738473892212,1.0352013111114502,0.9079738855361938,0.9728415012359619,0.9099668860435486,1.0075486898422241,,0.9955525398254395,0.9144697785377502,0.9965174794197083,1.0176401138305664,,1.00644052028656,1.056317925453186,1.0948909521102905,1.0231807231903076,1.0969842672348022,1.0398154258728027,1.0696488618850708,,1.0221935510635376,1.071826457977295,1.0674937963485718,1.086155891418457,1.137594223022461,1.0904123783111572,1.055289387702942,0.9869652986526489,1.141146183013916,1.0522377490997314,1.0481994152069092,,1.0484708547592163,1.0094852447509766,0.9458402991294861,1.0592488050460815,1.0352869033813477,1.054647445678711,1.0475250482559204,1.0196930170059204,1.1162233352661133,1.0882911682128906,1.0033071041107178,1.1381051540374756,1.0745487213134766,1.077010154724121,1.1363213062286377,1.0737316608428955,1.0368114709854126,1.0309075117111206,0.9350090026855469,0.9811232089996338,1.0666872262954712,1.046258807182312,1.0704768896102905,0.9990779757499695,1.0376930236816406,1.0587607622146606,1.0115454196929932,0.9903622269630432,1.0180495977401733,1.0012997388839722,,0.9678800702095032,1.0442516803741455,1.0105475187301636,0.9372345805168152,0.9949283003807068,0.8884612917900085,0.8692617416381836,0.9135861396789551,,,1.030785083770752,1.0747241973876953,0.9500586986541748,1.0414706468582153,1.0145905017852783,1.0062536001205444,1.022599458694458,0.9234559535980225,0.9293246269226074,0.9720960259437561,1.0608433485031128,1.1125398874282837,1.1157389879226685,1.0244709253311157,0.9221060276031494,1.0485903024673462,1.1003776788711548,1.084264874458313,0.9821882247924805,1.0039138793945312,1.0756536722183228,1.0832020044326782,1.0832736492156982,0.9892184734344482,1.0505623817443848,1.022650122642517,0.9824892282485962,1.0107008218765259,0.9787421226501465,0.9698196053504944,0.9947202205657959,1.0333771705627441,1.0698440074920654,1.0599411725997925,1.096686601638794,,0.7964377999305725
deer,0.9258447885513306,0.6347616910934448,0.0,0.6057811975479126,0.5930781364440918,0.7716424465179443,0.6310095191001892,0.9161984920501709,0.6355625987052917,0.8609137535095215,0.7014932036399841,0.7502789497375488,0.7596783638000488,0.9122651815414429,0.99532151222229,1.0260992050170898,1.0026406049728394,0.9082553386688232,0.7811020612716675,0.9947156310081482,0.946086049079895,1.1170347929000854,1.0483907461166382,0.9926750659942627,0.963154137134552,1.002711534500122,0.9985060691833496,0.9785650372505188,0.9141651391983032,0.8816195726394653,0.9528872966766357,0.8631722927093506,0.9597137570381165,0.9181846380233765,0.8969066739082336,0.8709802031517029,0.9203181862831116,0.8484874367713928,0.9567877054214478,1.035792350769043,1.1161558628082275,1.0156426429748535,0.9676394462585449,1.1034371852874756,1.026124119758606,1.068861722946167,1.0221548080444336,1.0121002197265625,1.0203192234039307,1.0426585674285889,1.1438701152801514,1.0632390975952148,1.095631718635559,1.0652683973312378,0.9909815192222595,1.0261021852493286,1.0837335586547852,0.9965997934341431,0.8225120306015015,,0.9289687871932983,0.9870728850364685,0.9460094571113586,0.862204909324646,,0.9462377429008484,0.9723847508430481,1.0130589008331299,0.9701867699623108,0.980917751789093,0.9819002151489258,0.9729609489440918,,0.9310768842697144,0.9730082154273987,0.9418788552284241,0.9644839763641357,0.9502101540565491,0.9547407031059265,0.8754919171333313,0.9730339050292969,0.9996070265769958,0.8583663702011108,1.0570019483566284,,0.9725538492202759,0.8935129642486572,0.9576204419136047,0.9186854362487793,0.7794751524925232,0.8274472951889038,0.9060595631599426,0.8820595741271973,0.9059550762176514,1.00639808177948,0.9760522246360779,0.9790859818458557,0.8723685145378113,0.9927480220794678,0.980320930480957,0.9959321618080139,0.9347387552261353,0.9942110776901245,1.0292959213256836,0.910899817943573,0.9920220971107483,0.9995555877685547,0.9974908828735352,0.9815016984939575,1.0127047300338745,1.0775128602981567,1.0171769857406616,1.0732545852661133,0.9243582487106323,0.89243483543396,,0.9246237277984619,1.0392857789993286,0.9510056376457214,0.9752464294433594,1.0447274446487427,0.9286413788795471,0.9352177977561951,0.9948587417602539,,,1.0450483560562134,1.0380935668945312,0.9995898008346558,1.0423994064331055,0.9384838938713074,1.011543869972229,1.051793098449707,1.0246831178665161,1.0042933225631714,1.0110805034637451,0.9687750339508057,0.9676036834716797,0.9333615899085999,0.9308696389198303,0.8538832068443298,1.0695886611938477,0.9991011023521423,1.041731834411621,0.9671980738639832,1.0768721103668213,1.0051509141921997,0.9570022821426392,0.962554931640625,1.160449504852295,0.9603320360183716,1.0887807607650757,1.0944797992706299,1.08590567111969,1.0507218837738037,1.1460285186767578,1.1157358884811401,1.032982587814331,1.1313958168029785,1.0779807567596436,1.0067799091339111,,0.9748916029930115
pony,0.7677463889122009,0.5731154680252075,0.6057811975479126,0.0,0.1408766508102417,0.266337513923645,0.5621809959411621,0.6922317743301392,0.6298934817314148,0.8135772347450256,0.8707582950592041,0.7386223077774048,0.6436582803726196,0.7640343904495239,1.0071505308151245,0.9444419741630554,1.0636727809906006,0.9488739371299744,0.4509425759315491,1.090246319770813,1.1119647026062012,1.1442985534667969,1.1373584270477295,1.0949293375015259,0.9891433119773865,1.057187795639038,1.0877604484558105,1.0508726835250854,1.0446912050247192,0.9779403209686279,1.02877676486969,1.0761022567749023,1.0444865226745605,0.9272239804267883,0.9829527735710144,1.0577263832092285,1.0025551319122314,0.9138508439064026,0.9721620678901672,1.0357619524002075,1.075352430343628,1.0950103998184204,1.0128698348999023,1.0797960758209229,1.1339176893234253,1.130157470703125,1.038275957107544,1.1061656475067139,1.0885202884674072,1.0476256608963013,1.0918059349060059,1.031794548034668,1.059295415878296,1.0725197792053223,1.0652400255203247,0.9622109532356262,1.021132469177246,0.9779932498931885,0.9650626182556152,,1.0191270112991333,0.9965671300888062,1.0337233543395996,0.9823286533355713,,0.9490786790847778,0.9432494640350342,0.9678154587745667,0.9363535642623901,0.960305392742157,0.9233299493789673,0.9534563422203064,,0.9173004627227783,1.0364665985107422,0.9968088269233704,1.055140733718872,1.0241721868515015,1.0159095525741577,1.0180978775024414,1.0310356616973877,1.0467945337295532,1.0560815334320068,1.1539666652679443,,1.0575746297836304,0.943317711353302,0.8973476886749268,0.9727635383605957,1.0083091259002686,1.050875186920166,1.0063378810882568,1.0024266242980957,0.9737108945846558,1.0590862035751343,0.9449616074562073,1.0268495082855225,1.023470401763916,0.9974390268325806,1.0778065919876099,1.1099363565444946,0.9918081760406494,1.0452138185501099,0.9767191410064697,1.0142782926559448,1.0560340881347656,0.9611356854438782,1.026570439338684,0.9545435309410095,1.0316554307937622,1.0055186748504639,1.0175424814224243,0.9806660413742065,0.9749023914337158,0.937065064907074,,1.0404839515686035,1.1053038835525513,0.9655526876449585,1.0843315124511719,1.0185439586639404,0.9886018633842468,0.8156942129135132,1.0678735971450806,,,0.9685314893722534,1.027191400527954,0.9989834427833557,1.0369176864624023,0.9973320960998535,1.0049151182174683,1.0123462677001953,0.9673396348953247,0.9615519642829895,0.9010147452354431,1.0993727445602417,1.0759260654449463,1.0189396142959595,0.851081132888794,0.8396534323692322,1.0951684713363647,1.0794591903686523,1.0189021825790405,0.9912927746772766,1.0617365837097168,1.0166001319885254,1.0947539806365967,1.0507043600082397,1.114250898361206,1.0389585494995117,1.1498439311981201,1.131293773651123,1.1638621091842651,1.0789881944656372,1.11440110206604,1.0961980819702148,1.134353756904602,1.163348913192749,1.1094332933425903,1.1387238502502441,,0.8922809958457947
horse,0.7080200910568237,0.5500297546386719,0.5930781364440918,0.1408766508102417,0.0,0.28213632106781006,0.5180292129516602,0.6556455492973328,0.5780218839645386,0.7948557138442993,0.8541867733001709,0.7358665466308594,0.623051106929779,0.6931790113449097,0.9915527105331421,0.8785926103591919,1.0302553176879883,0.8777457475662231,0.5268535017967224,1.0449467897415161,1.0614579916000366,1.1135777235031128,1.11907958984375,1.0875458717346191,0.9883530735969543,1.0373307466506958,1.1111849546432495,1.0722925662994385,1.0746769905090332,0.977944016456604,1.0440363883972168,1.0575577020645142,1.0939624309539795,0.9337581396102905,0.9318276643753052,0.9954847097396851,0.9794567227363586,0.8390889167785645,0.9918615818023682,0.9708217978477478,1.013790488243103,1.0886961221694946,0.9644598364830017,1.054984450340271,1.0735336542129517,1.0844967365264893,1.0525420904159546,1.0554795265197754,1.063214659690857,1.0089466571807861,1.0200692415237427,0.9636956453323364,1.0100516080856323,1.051456093788147,1.058163046836853,0.9750036001205444,1.0078527927398682,0.9742199182510376,0.9365138411521912,,0.9824299216270447,0.9614705443382263,0.9400334358215332,0.9487642049789429,,0.9661506414413452,1.0004298686981201,1.0328960418701172,0.9531968832015991,1.024775743484497,0.9654094576835632,1.0110971927642822,,0.9507176280021667,1.0327601432800293,1.002601146697998,1.058449625968933,1.0742706060409546,1.0259034633636475,1.027719259262085,1.031981110572815,1.0799522399902344,1.0085328817367554,1.104681134223938,,1.0285429954528809,0.9677650332450867,0.9258615970611572,0.9939010143280029,0.996908962726593,1.0159664154052734,1.0442930459976196,1.0383076667785645,1.0294034481048584,1.0294181108474731,0.9818934202194214,1.0681989192962646,1.019907832145691,1.0568506717681885,1.0519038438796997,1.0669677257537842,1.0035877227783203,1.0382254123687744,1.0012315511703491,1.0079314708709717,1.0844595432281494,1.0400997400283813,1.0771949291229248,0.9971106648445129,1.0855313539505005,1.0790880918502808,1.0557277202606201,1.0197769403457642,1.0007319450378418,1.0069143772125244,,1.0145291090011597,1.0793803930282593,0.9874876737594604,1.066695213317871,1.0027753114700317,0.9673278331756592,0.796677827835083,1.0342423915863037,,,1.0004490613937378,1.0683716535568237,1.0037918090820312,1.0075159072875977,1.0079165697097778,1.0270311832427979,1.0468772649765015,0.9469596147537231,0.9468951225280762,0.9764311909675598,1.058939814567566,1.0791375637054443,1.0470376014709473,0.9233043789863586,0.8035442233085632,1.1015677452087402,1.0469831228256226,1.0232517719268799,0.9505865573883057,1.0369510650634766,0.9775994420051575,1.0419292449951172,1.0207234621047974,1.0496243238449097,0.9981490969657898,1.0904747247695923,1.1120028495788574,1.106987714767456,1.0132105350494385,1.046877145767212,1.0247478485107422,1.0570636987686157,1.0767688751220703,1.0306353569030762,1.0617951154708862,,0.8700534105300903
pig,0.7609118223190308,0.6131572723388672,0.7716424465179443,0.266337513923645,0.28213632106781006,0.0,0.6658880710601807,0.6382657289505005,0.6743175387382507,0.8335869312286377,0.8465491533279419,0.8141961097717285,0.6970927119255066,0.8468504548072815,1.0160539150238037,0.9915764927864075,1.1005403995513916,1.0759942531585693,0.6928149461746216,1.1336712837219238,1.144088625907898,1.174615502357483,1.1405580043792725,1.1114189624786377,1.0204808712005615,1.0531628131866455,1.0125246047973633,0.9684589505195618,1.0175925493240356,0.9718759059906006,0.9943943023681641,1.0972106456756592,1.0377118587493896,0.984187126159668,1.0793766975402832,1.1121889352798462,1.0276024341583252,0.9652658700942993,0.9714779853820801,1.0029462575912476,1.086230754852295,1.0903578996658325,0.9859060645103455,1.0623646974563599,1.155748724937439,1.1314418315887451,1.063985824584961,1.1161224842071533,1.0914297103881836,1.059154748916626,1.109039068222046,1.0322517156600952,1.05050790309906,1.073150396347046,1.0546327829360962,1.0605608224868774,1.040303349494934,1.0464965105056763,1.0447053909301758,,1.035077691078186,0.9689023494720459,1.0454800128936768,1.0347851514816284,,0.9187833070755005,0.937795877456665,0.9107186794281006,0.8854706883430481,0.9294949173927307,0.8642244935035706,0.9232817888259888,,0.8544783592224121,0.9759049415588379,0.9938440918922424,1.0326480865478516,0.9579793810844421,1.0037639141082764,0.9884886741638184,1.0277560949325562,0.9942100048065186,1.1169804334640503,1.1506038904190063,,1.0390762090682983,0.954910397529602,0.9681491851806641,0.9407284259796143,1.0361294746398926,1.1016820669174194,0.9741163849830627,0.9953064322471619,0.9113084673881531,1.0607460737228394,0.9538297057151794,0.9485527276992798,1.0146435499191284,0.9408147931098938,1.0514912605285645,1.061065435409546,0.9881448745727539,1.0058907270431519,0.9539204835891724,1.0074634552001953,1.0037106275558472,0.9123321771621704,0.9535259008407593,0.9150158762931824,1.0468709468841553,0.952605128288269,0.9870961904525757,0.9705228805541992,0.9785755276679993,0.9703556299209595,,1.0756086111068726,1.162045955657959,0.9726980924606323,1.0966662168502808,1.0459749698638916,0.9938176870346069,0.7521805763244629,1.0666038990020752,,,0.9171828031539917,1.0075302124023438,1.0612695217132568,1.011955976486206,1.0096923112869263,1.0137145519256592,1.0049760341644287,0.9378481507301331,0.9326037168502808,1.0345503091812134,1.1246740818023682,1.0733561515808105,0.9764888286590576,0.8493114709854126,0.8607949018478394,1.1125022172927856,1.069174885749817,1.0258084535598755,1.0404644012451172,1.1023612022399902,0.9515699744224548,1.0895744562149048,1.0208488702774048,1.1450588703155518,1.071327805519104,1.1788034439086914,1.1419578790664673,1.1843812465667725,1.0776890516281128,1.1201835870742798,1.1121095418930054,1.1326717138290405,1.218859314918518,1.1728613376617432,1.1625908613204956,,0.8876115083694458
rooster,0.7903808951377869,0.6718176603317261,0.6310095191001892,0.5621809959411621,0.5180292129516602,0.6658880710601807,0.0,0.8435749411582947,0.4880085587501526,0.7808775305747986,0.6828467845916748,0.6400259733200073,0.6304147243499756,0.6415605545043945,0.8233010172843933,0.9203488826751709,0.8764584064483643,0.6943264007568359,0.6928460597991943,0.837984025478363,0.7654976844787598,1.0579346418380737,1.0254464149475098,0.9797146916389465,0.9049296975135803,0.9742348194122314,1.0224134922027588,0.9397620558738708,0.921996533870697,0.893451452255249,0.935995876789093,0.8763669729232788,0.9592821598052979,1.0088461637496948,0.9256464242935181,0.8568310737609863,0.9103538990020752,0.8805233240127563,0.9206411838531494,1.1711561679840088,1.1660447120666504,1.1033483743667603,1.030377984046936,1.0047093629837036,0.9913921356201172,1.0313254594802856,0.975935161113739,1.0150740146636963,1.044757604598999,1.06026029586792,1.1351478099822998,1.1219483613967896,1.1456471681594849,1.1103256940841675,1.135519027709961,1.0329622030258179,1.090258240699768,0.982929527759552,0.8778581619262695,,0.8258794546127319,0.9355296492576599,0.9657247066497803,0.8686997294425964,,0.9974503517150879,1.0144460201263428,1.0276442766189575,0.9449789524078369,1.0662615299224854,0.9870398640632629,1.010162353515625,,0.8898866176605225,0.8952435255050659,0.8985096216201782,0.993691623210907,0.9487349987030029,0.8478009700775146,0.8614108562469482,0.9405597448348999,1.0382287502288818,0.9659109115600586,0.9917537569999695,,0.959012508392334,0.8948595523834229,0.9575788974761963,0.9742558598518372,0.8334349989891052,0.8679038286209106,0.991170346736908,0.9630854725837708,0.9997314214706421,1.0250054597854614,0.8906416893005371,1.021165370941162,1.0115829706192017,1.0953238010406494,1.1093707084655762,1.05026376247406,0.9870498776435852,1.0626672506332397,1.114013671875,1.0120856761932373,1.163870930671692,1.1398324966430664,1.1584711074829102,1.0765933990478516,1.0642644166946411,1.105281114578247,1.0792120695114136,1.0853346586227417,0.8707257509231567,0.8992568254470825,,0.8972146511077881,0.9915669560432434,0.9502554535865784,0.953509509563446,1.01027250289917,0.7738616466522217,0.8560464382171631,0.8680685758590698,,,1.0722782611846924,1.0621181726455688,0.9525662660598755,1.0605511665344238,1.0894200801849365,1.1607484817504883,1.1185214519500732,1.044600248336792,0.9667248725891113,0.9942699074745178,0.9171894788742065,1.0092402696609497,0.98338782787323,1.0447224378585815,0.7496488094329834,1.0448269844055176,0.9766597151756287,1.055897831916809,0.8968116044998169,1.0933841466903687,1.1052720546722412,1.0634416341781616,1.0488629341125488,1.1307132244110107,0.914316713809967,0.9940630793571472,1.0564051866531372,1.005813717842102,0.9327163696289062,1.0368709564208984,0.9760944843292236,0.9341863393783569,1.0218825340270996,0.9788247346878052,0.9304407835006714,,0.995343029499054
penguin,0.8614665865898132,0.7869637608528137,0.9161984920501709,0.6922317743301392,0.6556455492973328,0.6382657289505005,0.8435749411582947,0.0,0.6004034876823425,0.8569209575653076,0.867477297782898,0.8437619209289551,0.670275866985321,0.853164792060852,1.0011390447616577,0.9415843486785889,1.0296987295150757,1.0403378009796143,0.769040584564209,1.1345362663269043,1.1344906091690063,1.177227258682251,1.0642725229263306,1.1019492149353027,1.0085034370422363,0.9879234433174133,1.0152325630187988,1.0003963708877563,1.0411468744277954,0.9394789934158325,1.044859528541565,1.054150938987732,1.0318307876586914,0.993749737739563,0.999980628490448,0.9977362751960754,0.9862422943115234,0.9149953126907349,0.9545201659202576,1.0047471523284912,1.0443023443222046,1.0620694160461426,1.0032565593719482,1.0718461275100708,1.0794364213943481,1.0900557041168213,1.0018595457077026,1.0380516052246094,1.060193657875061,1.0489099025726318,1.049304485321045,0.9952218532562256,1.042838215827942,1.0651122331619263,1.1034549474716187,1.05032479763031,1.0063412189483643,1.0061575174331665,0.9769975543022156,,1.0401161909103394,0.9713006615638733,1.0191277265548706,0.9722570776939392,,0.9851133227348328,0.8685548901557922,0.9098373055458069,0.8761606812477112,0.8390519618988037,0.8471850156784058,0.9067832827568054,,0.9718006253242493,0.9961466789245605,1.0535188913345337,1.0856308937072754,1.045867681503296,1.0196614265441895,1.06045401096344,1.0740083456039429,1.006319522857666,1.0399532318115234,1.1108626127243042,,1.0552488565444946,0.9472294449806213,0.9625377655029297,0.9188700914382935,1.0005834102630615,1.0326642990112305,1.0070157051086426,1.0120621919631958,0.9877477288246155,1.0676134824752808,0.9823762774467468,0.9703879356384277,0.9771472215652466,0.9786705374717712,1.0219043493270874,1.0218623876571655,1.040951132774353,1.0338499546051025,0.9579036235809326,0.9860096573829651,0.979659914970398,0.9624404907226562,0.9871113896369934,0.9431037306785583,1.0093574523925781,0.9582295417785645,0.9192208051681519,0.9572219252586365,1.00455904006958,0.9934028387069702,,1.047959327697754,1.1145302057266235,1.054529070854187,1.0149585008621216,0.9621046185493469,0.9931267499923706,0.8381279706954956,1.0555775165557861,,,0.8779361248016357,0.9185664057731628,1.0896245241165161,1.0296549797058105,0.9968606233596802,1.0590112209320068,1.0430834293365479,0.9804220199584961,0.9235125780105591,0.9815323352813721,1.0794426202774048,1.0192168951034546,0.960823655128479,0.8411240577697754,0.8189947605133057,1.0317481756210327,0.987930417060852,1.0097174644470215,1.036503791809082,1.0928136110305786,0.9559094905853271,1.0538427829742432,1.0125945806503296,1.087620735168457,1.0429285764694214,1.1524721384048462,1.1005231142044067,1.0919866561889648,1.0849883556365967,1.108783483505249,1.124407410621643,1.1265292167663574,1.1410702466964722,1.1073780059814453,1.0872141122817993,,0.8206571340560913
bird,0.740824818611145,0.7510036826133728,0.6355625987052917,0.6298934817314148,0.5780218839645386,0.6743175387382507,0.4880085587501526,0.6004034876823425,0.0,0.6321151256561279,0.5740593671798706,0.6078336238861084,0.49287861585617065,0.6029515266418457,0.934079647064209,0.8680534958839417,0.8961183428764343,0.7398831248283386,0.7418003678321838,1.0169689655303955,0.9561856985092163,1.0986809730529785,1.0141932964324951,0.914981484413147,0.8674567341804504,0.8784354329109192,1.021602988243103,0.9696561098098755,1.0150396823883057,0.9291837215423584,1.0151312351226807,0.9069997072219849,1.0446829795837402,0.9209768176078796,0.822547197341919,0.8085578083992004,0.8962588906288147,0.7955881357192993,0.8924189805984497,1.0602141618728638,1.1496087312698364,1.0802583694458008,0.9791692495346069,1.066300630569458,0.9507663249969482,1.0132988691329956,1.0143651962280273,1.0074033737182617,1.0652515888214111,1.0468336343765259,1.1370586156845093,1.109266996383667,1.1219077110290527,1.1086199283599854,1.1149545907974243,1.0016882419586182,1.0606720447540283,0.9419941902160645,0.7220667004585266,,0.8826602101325989,0.9448672533035278,0.9302366375923157,0.7203032374382019,,0.9701676964759827,0.9873868227005005,0.9856509566307068,0.9941695928573608,1.028084635734558,1.0116114616394043,1.0100786685943604,,0.923515796661377,0.9335924983024597,0.9352329969406128,1.021169662475586,1.0494177341461182,0.9059488773345947,0.9761002659797668,1.0494520664215088,1.0046987533569336,0.8253703117370605,0.9752143025398254,,0.8798668384552002,0.8072977066040039,0.850884199142456,0.8437656164169312,0.7084379196166992,0.7180358171463013,0.8745903968811035,0.8555737733840942,0.9196101427078247,1.0369696617126465,0.9477871656417847,1.0055111646652222,0.9197341799736023,1.0732256174087524,1.0317398309707642,1.018950343132019,0.9908888936042786,1.059523105621338,1.0960415601730347,1.0129886865615845,1.0869815349578857,1.1022436618804932,1.080195665359497,1.0144388675689697,1.0447310209274292,1.0531306266784668,1.0108096599578857,1.0530198812484741,0.9912175536155701,0.9506596326828003,,0.8768315315246582,0.9807405471801758,0.9545072317123413,0.9364176988601685,0.9196093082427979,0.9191714525222778,0.7578912973403931,0.9597452878952026,,,1.0437302589416504,1.0543107986450195,0.9751091599464417,1.1256334781646729,1.0287220478057861,1.1175057888031006,1.0849262475967407,0.9929639101028442,0.923528254032135,1.0119593143463135,0.8820021748542786,0.9041745662689209,0.9281255006790161,0.9683542251586914,0.6914104223251343,0.9685084223747253,0.8587348461151123,0.95953768491745,0.864596426486969,1.0730026960372925,1.0082855224609375,0.9132730960845947,0.9115405082702637,1.1047935485839844,0.974959671497345,1.0193710327148438,1.098418116569519,1.080274224281311,0.9887903332710266,1.0906645059585571,1.0656789541244507,1.0082521438598633,0.9956338405609131,0.926677405834198,0.8906530141830444,,0.9763025641441345
duck,0.9028822779655457,0.8532288074493408,0.8609137535095215,0.8135772347450256,0.7948557138442993,0.8335869312286377,0.7808775305747986,0.8569209575653076,0.6321151256561279,0.0,0.782897412776947,0.7573622465133667,0.6810743808746338,0.794908881187439,0.8997617959976196,1.0106793642044067,0.9780201315879822,0.9165542125701904,0.9176731705665588,1.0310178995132446,0.9961016774177551,1.1281793117523193,1.044315218925476,0.9609395265579224,0.9269458055496216,1.0073540210723877,1.0238037109375,0.9656940698623657,0.9242252111434937,0.9710693359375,0.9871422052383423,0.9027501344680786,0.9695073366165161,1.0175846815109253,0.9679650068283081,0.9009764194488525,0.8860714435577393,0.8727307915687561,0.9084545373916626,1.0641766786575317,1.107725739479065,1.0156575441360474,0.9912656545639038,1.0455665588378906,1.0138053894042969,1.0536420345306396,1.0379408597946167,1.0109243392944336,1.0149855613708496,1.05741286277771,1.1215052604675293,1.0492970943450928,1.1435530185699463,1.066208839416504,1.0431225299835205,1.0670808553695679,1.0805721282958984,1.0128908157348633,0.8241167068481445,,0.9284374713897705,0.9389761090278625,1.0267975330352783,0.935569703578949,,0.9224319458007812,0.9304407835006714,0.9271355867385864,0.9371072053909302,0.900056779384613,0.8716528415679932,0.9108002185821533,,0.8570529222488403,0.9709042310714722,0.8975815176963806,0.9387654662132263,0.922533392906189,0.9731890559196472,0.9537706971168518,0.9607247114181519,0.9080755114555359,0.9758253693580627,0.9641931653022766,,0.8776894211769104,0.8544179797172546,0.8803983926773071,0.8596868515014648,0.8325272798538208,0.8534922003746033,0.9605240225791931,0.9634974598884583,0.9448960423469543,0.9895551800727844,0.8854836821556091,0.9060382843017578,0.946230411529541,0.9686076641082764,0.977316677570343,1.052725076675415,0.9792406558990479,1.0091838836669922,1.0796735286712646,0.9964994192123413,1.0604817867279053,0.993384063243866,0.9689879417419434,0.9146921634674072,0.965630054473877,0.9394229650497437,0.8997703194618225,0.9640643000602722,0.8194509148597717,0.8412405252456665,,0.8357731699943542,1.0464656352996826,0.8550631403923035,1.0166765451431274,0.8614246845245361,0.8305866122245789,0.6187658309936523,0.9803141355514526,,,0.9500184059143066,0.9229896664619446,1.0205570459365845,1.1089682579040527,0.9717976450920105,1.1439483165740967,1.123375654220581,1.0490292310714722,0.9563426971435547,1.0153993368148804,0.8770312070846558,0.9772847294807434,0.9585878849029541,0.9504794478416443,0.8500714302062988,1.0467127561569214,1.0657963752746582,1.0665738582611084,0.8981577754020691,1.103996753692627,0.9798476099967957,0.9969661831855774,0.9700045585632324,1.1417690515518188,1.0299748182296753,1.1121069192886353,1.1054415702819824,1.141052007675171,1.0358635187149048,1.1240938901901245,1.0955218076705933,1.0553650856018066,1.096392273902893,1.0247266292572021,0.9827737212181091,,1.020298719406128
fish,0.9978444576263428,0.9287503361701965,0.7014932036399841,0.8707582950592041,0.8541867733001709,0.8465491533279419,0.6828467845916748,0.867477297782898,0.5740593671798706,0.782897412776947,0.0,0.5070522427558899,0.6032939553260803,0.9239825010299683,0.8948112726211548,1.0830061435699463,0.9906710982322693,0.847847580909729,0.9310344457626343,1.06174898147583,0.9604139924049377,1.2409038543701172,0.9838305115699768,0.7402924299240112,0.7758845686912537,0.8245491981506348,0.7952327728271484,0.7114389538764954,0.7509922981262207,0.8147362470626831,0.9210444092750549,0.7319381833076477,0.9439719915390015,1.1964792013168335,1.0570337772369385,0.7998197078704834,0.9644554257392883,0.8140883445739746,0.7962616086006165,1.1851509809494019,1.2689409255981445,1.0001624822616577,1.1417551040649414,1.1274888515472412,1.117246389389038,1.234593152999878,1.178338646888733,1.1705530881881714,1.1113975048065186,1.242079257965088,1.329935073852539,1.2447491884231567,1.3305320739746094,1.195149540901184,1.0546443462371826,1.1858255863189697,1.2727950811386108,1.124057412147522,0.8059622049331665,,0.9036719799041748,0.9911726117134094,1.0246468782424927,0.865216851234436,,0.7357763051986694,0.8438367247581482,0.78714919090271,0.9230829477310181,0.849286675453186,0.8331316709518433,0.7969633936882019,,0.6891794204711914,0.7338417768478394,0.6541922092437744,0.7482503652572632,0.6172836422920227,0.7689564228057861,0.6461079716682434,0.8375680446624756,0.7702261209487915,0.9612707495689392,1.1115931272506714,,0.9584869146347046,0.727344810962677,0.9321252107620239,0.5784342885017395,0.5184005498886108,0.6050354242324829,0.5509235262870789,0.5440216064453125,0.505434513092041,0.9615997672080994,0.852242112159729,0.5572509169578552,0.6706562042236328,0.7409592270851135,0.8579552173614502,0.6402482986450195,0.8799654245376587,0.9817103147506714,1.144855260848999,0.8981531858444214,0.9570541381835938,0.8723049163818359,0.8310487270355225,0.7635593414306641,0.9457129240036011,0.8492968678474426,0.8689174652099609,1.072175145149231,0.7529089450836182,0.7065103650093079,,0.805702805519104,1.0383743047714233,0.8341038823127747,0.9890251159667969,0.922295093536377,0.8597753047943115,0.859330415725708,0.9833722114562988,,,0.8547868132591248,0.9302401542663574,1.1143072843551636,1.0394777059555054,1.0799742937088013,1.224299669265747,1.1307750940322876,1.0031222105026245,0.9738070368766785,1.103781819343567,0.9065355062484741,0.9052352905273438,0.7138539552688599,0.9156767129898071,0.9057677984237671,1.045102834701538,0.8230728507041931,1.003563404083252,0.8913012146949768,1.1794977188110352,0.7990327477455139,0.8966150283813477,0.7887513041496277,1.3047077655792236,1.03646719455719,1.2209699153900146,1.2168303728103638,1.1563975811004639,1.1495990753173828,1.258720874786377,1.2327430248260498,1.1339327096939087,1.1555367708206177,1.0886327028274536,0.863395631313324,,1.0995755195617676
butterfly,0.8954762816429138,0.8175004124641418,0.7502789497375488,0.7386223077774048,0.7358665466308594,0.8141961097717285,0.6400259733200073,0.8437619209289551,0.6078336238861084,0.7573622465133667,0.5070522427558899,0.0,0.47193896770477295,0.779517650604248,0.8766639828681946,1.0962492227554321,1.0414406061172485,0.99235600233078,0.8956896066665649,1.0313628911972046,1.0008028745651245,1.2571018934249878,1.0929884910583496,1.002048134803772,0.9410017132759094,0.9794102311134338,1.001172423362732,0.9590150117874146,0.9544944763183594,0.9414933919906616,1.0043153762817383,0.8434964418411255,0.9646223783493042,1.0692344903945923,1.0020878314971924,0.9449852108955383,0.9716132283210754,0.898838222026825,0.8307367563247681,1.1127820014953613,1.145850419998169,1.0199579000473022,1.0548030138015747,1.0664751529693604,1.0661982297897339,1.0985989570617676,1.127968430519104,1.1298352479934692,1.1113646030426025,1.110490322113037,1.1886112689971924,1.1311962604522705,1.1767222881317139,1.1653858423233032,1.1041733026504517,1.099971890449524,1.1370331048965454,1.0704940557479858,0.9283754825592041,,1.0147066116333008,0.9802742600440979,0.9778458476066589,0.8842324614524841,,0.7874852418899536,0.8953890204429626,0.8371691107749939,0.9256142377853394,0.9398130774497986,0.8621107935905457,0.9077669382095337,,0.7225198745727539,0.7867480516433716,0.8901288509368896,0.9724509716033936,0.8753403425216675,0.8676140308380127,0.8769425749778748,0.9653885960578918,0.970537006855011,0.9898251295089722,1.1340481042861938,,1.040356159210205,0.772602915763855,0.8291575908660889,0.8014512062072754,0.7330403327941895,0.8308659791946411,0.8129762411117554,0.793009877204895,0.7824144959449768,0.9538534879684448,0.7968916893005371,0.7966940999031067,0.84012770652771,0.8854653835296631,1.0091077089309692,0.8994898796081543,0.9164153337478638,0.9695741534233093,1.0657964944839478,0.9079158306121826,0.9552494883537292,0.8865947723388672,0.946688175201416,0.8270384073257446,1.0095502138137817,0.94065260887146,1.024564266204834,1.046115756034851,0.8806246519088745,0.7275146245956421,,0.9454960823059082,1.0887269973754883,0.9834388494491577,1.0349369049072266,0.9265128970146179,0.8710010051727295,0.8095427751541138,1.027431607246399,,,0.9786649346351624,1.02110755443573,1.0737186670303345,0.9996501207351685,1.046654224395752,1.1305487155914307,1.0176650285720825,0.9030364155769348,0.9197101593017578,1.0588035583496094,0.9946098327636719,0.9951304197311401,0.8839768171310425,0.8493802547454834,0.783949613571167,1.0766102075576782,0.9648257493972778,1.0297921895980835,0.9755358099937439,1.0783429145812988,0.9704551100730896,0.966087281703949,0.9343733191490173,1.1814279556274414,1.0285775661468506,1.1752853393554688,1.1596873998641968,1.1189801692962646,1.075732707977295,1.1510783433914185,1.1581834554672241,1.1136468648910522,1.182141900062561,1.1266754865646362,1.019579529762268,,1.0128365755081177
frog,0.8456335067749023,0.7250121831893921,0.7596783638000488,0.6436582803726196,0.623051106929779,0.6970927119255066,0.6304147243499756,0.670275866985321,0.49287861585617065,0.6810743808746338,0.6032939553260803,0.47193896770477295,0.0,0.502510130405426,0.8932162523269653,1.0069911479949951,0.9765260219573975,1.0183253288269043,0.8022096157073975,1.0912935733795166,1.0706218481063843,1.1258771419525146,0.9309468865394592,1.121995210647583,0.9130721688270569,1.009145736694336,0.9706933498382568,1.0086737871170044,0.9978686571121216,0.9923931956291199,1.1047978401184082,1.003469467163086,1.0697358846664429,0.9689849615097046,0.9278044700622559,0.9059190154075623,1.0171231031417847,0.8911386728286743,0.960133969783783,1.1860121488571167,1.1734216213226318,1.1279902458190918,1.1060240268707275,1.1756283044815063,1.2139285802841187,1.1953527927398682,1.1537891626358032,1.2379292249679565,1.199596643447876,1.1396247148513794,1.148697853088379,1.1544045209884644,1.0664277076721191,1.1072633266448975,1.0898408889770508,0.9101395010948181,0.9960294961929321,0.9123156070709229,0.8897106051445007,,1.0026956796646118,0.9604128003120422,1.0486392974853516,0.9388907551765442,,0.8846550583839417,0.8605374693870544,0.8497443199157715,0.9096499085426331,0.9657790064811707,0.8909051418304443,0.8480507731437683,,0.7282708287239075,0.8456987142562866,0.9568912982940674,1.0978988409042358,1.0480082035064697,0.8347222805023193,1.0384211540222168,1.0733938217163086,0.9319552779197693,1.0602608919143677,1.1530327796936035,,1.0474196672439575,0.9002755880355835,0.7082339525222778,0.9313027262687683,0.8571501970291138,0.9227017760276794,0.8475351333618164,0.8553646802902222,0.8183483481407166,1.0631810426712036,0.7896897792816162,0.9532183408737183,0.9486596584320068,1.0144774913787842,1.1665722131729126,1.0622715950012207,0.9730986952781677,1.0205641984939575,1.0304633378982544,1.0439777374267578,1.0427055358886719,0.9078884124755859,0.9951155781745911,0.8019418716430664,0.9093626737594604,0.7724500894546509,0.7727562189102173,0.7613621950149536,0.9087343215942383,0.741261899471283,,0.8035428524017334,0.8959439396858215,0.9301881790161133,0.8971476554870605,0.8401750326156616,0.8784829378128052,0.6867406368255615,0.9760913252830505,,,0.8276803493499756,0.8475672006607056,1.035071611404419,1.0699282884597778,0.8867567777633667,0.9812463521957397,1.009045958518982,0.8347946405410767,0.9048862457275391,0.974087119102478,0.9965696334838867,0.8587008714675903,0.659796416759491,0.6533383131027222,0.5975180864334106,0.7435749173164368,0.7965803146362305,0.9550966024398804,0.918380618095398,1.0419598817825317,1.048744559288025,1.0126068592071533,0.9794803857803345,1.0763932466506958,1.0874788761138916,1.075495719909668,0.9687643051147461,1.0798215866088867,1.1108818054199219,1.0877774953842163,1.134955644607544,1.1081793308258057,1.1457961797714233,1.1507693529129028,1.077466368675232,,0.837887167930603
