,rooster,fish,frog,alligator,cat,dog,face,hair,arm,hand,finger,toe,tooth,car,lamp,chair,bench,drawer,window,door,refrigerator,crib,bed,couch,table,bathtub,sink,clock,ball,balloon,orange,apple,hat,slipper,watch,nail,glasses,vacuum,shovel,scissors,spoon,knife,pencil,pen,crayon,plant,flower,bottle,cup,can,belt,basket,bucket,tape,bowl,plate,banana,cracker,pizza,glass,tray,box,book,paper,gum,toy,doll,mitten,glove,shoe,purse,pillow,towel,napkin,blanket,pajamas,bib,jacket,shirt,jeans,shorts
rooster,0.0,0.6457425951957703,0.5396963357925415,0.5464922189712524,0.5762519240379333,0.5296882390975952,0.8863966464996338,0.8678281307220459,1.0729578733444214,1.0432485342025757,1.0774253606796265,1.0124540328979492,0.9798066020011902,0.8622692227363586,0.9400337934494019,1.1596158742904663,1.1377387046813965,1.1077824831008911,1.0390625,1.050792932510376,1.0493565797805786,1.0010521411895752,1.1091690063476562,1.0982075929641724,1.1141650676727295,1.0902045965194702,1.1133379936218262,1.0109039545059204,1.0380882024765015,1.0514968633651733,1.0031965970993042,1.0138920545578003,0.9050379991531372,0.950474739074707,1.0306721925735474,1.0157675743103027,0.9229167103767395,0.9767892360687256,0.9580861330032349,0.9280470013618469,0.9988391399383545,0.9350289106369019,1.0237765312194824,0.9965797066688538,1.024743914604187,1.054587721824646,0.9000905156135559,1.0304882526397705,1.1170806884765625,1.1498854160308838,1.0696942806243896,1.0633105039596558,1.1696114540100098,1.1129873991012573,1.1673049926757812,1.0787707567214966,1.0404874086380005,0.8700348138809204,0.859876811504364,0.865574061870575,1.0916576385498047,1.1017372608184814,0.9817596673965454,0.973239541053772,0.99126136302948,0.9837912917137146,0.737247109413147,1.0266129970550537,1.0244325399398804,0.9461215734481812,1.047683596611023,1.0998990535736084,1.1034681797027588,1.1038557291030884,1.1037718057632446,1.04158616065979,1.0413167476654053,1.0078628063201904,0.9812491536140442,1.0558103322982788,0.9965566396713257
fish,0.6457425951957703,0.0,0.5036080479621887,0.8381850123405457,0.8729764819145203,0.8520810604095459,1.1232866048812866,1.0503215789794922,1.2708663940429688,1.0619316101074219,0.8681347370147705,0.760588526725769,0.7848474979400635,0.8129597902297974,0.8197314739227295,1.1869733333587646,1.246506929397583,1.024957299232483,1.12447190284729,1.150269865989685,1.1978657245635986,1.2031606435775757,1.328878402709961,1.2236690521240234,1.2838611602783203,1.148741364479065,1.0532017946243286,0.7185845375061035,0.8122493028640747,0.7128934264183044,0.7639219164848328,0.8009387254714966,0.7134760618209839,0.7122446298599243,0.7906783223152161,0.6810397505760193,0.7302317023277283,1.0028035640716553,0.7775755524635315,0.8895896673202515,0.6223104596138,0.6724299192428589,0.6113975048065186,0.619242787361145,0.5298061370849609,0.9948659539222717,0.7945446968078613,0.6839942336082458,0.7360050082206726,0.9388251304626465,0.7290612459182739,0.9692022800445557,0.9352245926856995,0.8154271841049194,0.8250234127044678,0.7730457186698914,0.8822639584541321,0.836403489112854,0.9997679591178894,1.0719687938690186,1.1527355909347534,1.0976333618164062,1.026693344116211,0.995228111743927,0.7220704555511475,0.8341388702392578,0.9264366626739502,1.07181978225708,0.8563685417175293,0.9226163625717163,1.1737909317016602,0.8211746215820312,0.9543487429618835,0.8609963059425354,1.3150837421417236,1.2834465503692627,1.245160698890686,1.278810977935791,1.1984599828720093,1.2179855108261108,0.9682255983352661
frog,0.5396963357925415,0.5036080479621887,0.0,0.39810752868652344,0.865376353263855,0.6988859176635742,1.0812321901321411,1.0728955268859863,1.1304640769958496,0.9233288168907166,0.9714093208312988,1.019487738609314,1.0265740156173706,0.9112891554832458,0.9843703508377075,1.2091965675354004,1.1826765537261963,1.1354719400405884,1.1810935735702515,1.217753529548645,1.2483315467834473,1.1332283020019531,1.1498217582702637,1.1536681652069092,1.0668381452560425,1.0659657716751099,1.0927281379699707,0.8793231248855591,0.8462437391281128,0.8818355798721313,0.8822153210639954,0.8505860567092896,0.8425905704498291,0.971897542476654,1.0952180624008179,1.059329628944397,1.0172873735427856,1.0493841171264648,0.9137515425682068,0.6819170117378235,0.9044084548950195,0.9073286652565002,0.8792669177055359,0.8797910809516907,0.8494313955307007,1.0925498008728027,0.7827907800674438,0.9413794875144958,1.0208696126937866,1.1838855743408203,1.0919721126556396,1.0308854579925537,1.051335334777832,0.8989157676696777,1.020684838294983,0.7955411672592163,0.7501737475395203,0.7598855495452881,0.8162285089492798,0.9825555682182312,0.9556463360786438,0.9877152442932129,0.7864007353782654,0.8942140340805054,0.6734293699264526,0.6118123531341553,0.551088273525238,0.7648544907569885,0.834606409072876,0.917646050453186,1.0338096618652344,1.0706509351730347,1.0661287307739258,1.038008213043213,1.0971617698669434,1.080496072769165,0.936995267868042,1.0425622463226318,1.114286184310913,1.1696187257766724,1.1066902875900269
alligator,0.5464922189712524,0.8381850123405457,0.39810752868652344,0.0,0.575568437576294,0.6659857630729675,0.840900719165802,0.8813384771347046,0.6922096014022827,0.8060487508773804,1.1815365552902222,1.2786273956298828,1.2829943895339966,0.9010591506958008,1.0997639894485474,1.0529674291610718,0.979422926902771,1.1079987287521362,0.9993367195129395,0.9930211901664734,1.015122890472412,0.8567536473274231,0.7440657615661621,0.9726720452308655,0.7632062435150146,0.8377195000648499,1.0888975858688354,1.0847885608673096,1.1834545135498047,1.2570486068725586,1.210932970046997,1.2219210863113403,1.0799072980880737,1.2633070945739746,1.3361339569091797,1.4169771671295166,1.2830829620361328,0.9481785893440247,1.0511234998703003,0.773283839225769,1.164817214012146,1.0147501230239868,1.1350291967391968,1.1091938018798828,1.2534042596817017,1.0704305171966553,0.9308831691741943,1.2623279094696045,1.3601847887039185,1.3195821046829224,1.2507445812225342,1.0937597751617432,1.2815053462982178,1.2877306938171387,1.3227810859680176,1.1279710531234741,0.9148640632629395,0.7527467608451843,0.5348925590515137,0.7194424271583557,0.8692020177841187,0.948637843132019,0.649375319480896,0.7487264275550842,1.0979799032211304,1.0768781900405884,0.6791566014289856,0.7460438013076782,0.9677723050117493,0.9928464293479919,0.8311012387275696,1.1661694049835205,1.0657180547714233,1.1050622463226318,0.6422644257545471,0.6823760867118835,0.6566126942634583,0.526429295539856,0.7195069193840027,0.744621753692627,1.0049406290054321
cat,0.5762519240379333,0.8729764819145203,0.865376353263855,0.575568437576294,0.0,0.46006280183792114,0.7020760774612427,0.7067151069641113,0.6477856636047363,0.7763277888298035,1.0686956644058228,1.0403459072113037,1.0945981740951538,0.7419858574867249,1.1482725143432617,1.113156795501709,1.041038155555725,1.0904524326324463,0.9603347182273865,0.8629406094551086,0.902643620967865,0.9294772148132324,0.8087195158004761,1.0067671537399292,0.9625335931777954,0.8629106283187866,1.0778560638427734,1.1298567056655884,1.1878407001495361,1.2334115505218506,1.2228602170944214,1.1850340366363525,1.09592604637146,1.0436813831329346,1.0589268207550049,1.1836762428283691,1.0415363311767578,0.9825224876403809,1.139416217803955,1.0566802024841309,1.1499919891357422,0.9442060589790344,1.1636451482772827,1.1006324291229248,1.250364065170288,1.076847791671753,1.041747808456421,1.1832088232040405,1.2814475297927856,1.1578539609909058,0.9838270545005798,1.1934411525726318,1.2885959148406982,1.315889596939087,1.2793749570846558,1.2609846591949463,1.0464870929718018,0.7649492621421814,0.7005572319030762,0.7289279103279114,1.0586435794830322,1.18483567237854,1.082031011581421,1.0344271659851074,1.12373948097229,1.3004099130630493,0.9025070667266846,0.7665520906448364,0.898453950881958,0.9114980697631836,0.895860493183136,1.0418709516525269,1.0509213209152222,1.1128950119018555,0.695825457572937,0.6154485940933228,0.7341432571411133,0.6569438576698303,0.677646815776825,0.5986756086349487,0.7450013160705566
dog,0.5296882390975952,0.8520810604095459,0.6988859176635742,0.6659857630729675,0.46006280183792114,0.0,0.9645528793334961,0.9839113354682922,1.041513442993164,1.0639927387237549,1.1350758075714111,1.1114391088485718,1.118059754371643,0.8914194107055664,1.0072516202926636,1.0458860397338867,1.0342028141021729,1.084728717803955,1.0599106550216675,1.050832986831665,1.0357500314712524,0.950626790523529,0.9793874621391296,0.9740580320358276,1.0090994834899902,0.9999564290046692,1.0564038753509521,0.9716663956642151,1.0256706476211548,1.1109458208084106,1.0691183805465698,1.0660767555236816,0.9969655871391296,0.9835480451583862,1.1006795167922974,1.1448042392730713,1.0280786752700806,1.016061782836914,0.9918603301048279,0.9565417170524597,1.0129910707473755,1.0360409021377563,1.0833823680877686,1.056020736694336,1.1176973581314087,1.0466115474700928,0.9263548851013184,1.0762163400650024,1.0996949672698975,1.0885273218154907,1.1157853603363037,1.0744516849517822,1.0968892574310303,1.041224479675293,1.0851879119873047,1.0589725971221924,0.9989421367645264,0.9710212349891663,0.8974463939666748,0.8481302857398987,0.9772290587425232,1.0402722358703613,0.9706579446792603,0.9782534241676331,1.0906662940979004,0.9653903245925903,0.8065166473388672,1.0153701305389404,1.0317137241363525,0.9251689314842224,0.9772011041641235,1.010761022567749,1.0690593719482422,1.0785939693450928,0.9980478882789612,1.0220330953598022,0.9874992966651917,0.9239236116409302,1.0128235816955566,1.0345149040222168,1.0433305501937866
face,0.8863966464996338,1.1232866048812866,1.0812321901321411,0.840900719165802,0.7020760774612427,0.9645528793334961,0.0,0.14221209287643433,0.6288163661956787,0.8030918836593628,0.970661997795105,1.0295534133911133,0.9528502821922302,0.9590084552764893,1.0767133235931396,1.0890192985534668,1.0139663219451904,1.0601801872253418,0.8633174300193787,0.8106998205184937,0.8622032999992371,0.998845100402832,0.8893802165985107,0.9600155353546143,1.0415568351745605,1.0099211931228638,1.1405686140060425,1.1035351753234863,1.1593765020370483,1.1656851768493652,1.1094765663146973,1.1208562850952148,0.8837016224861145,1.1251182556152344,1.0534390211105347,1.0776431560516357,0.8304197788238525,1.0226354598999023,1.1784613132476807,1.1135960817337036,1.1820062398910522,1.0704303979873657,1.1134306192398071,1.1088439226150513,1.1675567626953125,0.9078525900840759,1.068518042564392,1.0962870121002197,1.1613566875457764,1.0613243579864502,1.000573992729187,1.2060613632202148,1.1872373819351196,1.1961745023727417,1.208885669708252,1.2436816692352295,1.0999442338943481,0.8484666347503662,0.7910630702972412,0.8924323916435242,1.1939573287963867,1.1653313636779785,1.081304907798767,1.0131306648254395,1.037313461303711,1.2550336122512817,0.9544333219528198,0.9019059538841248,1.001274585723877,1.0805916786193848,0.8697372078895569,1.0431387424468994,1.043980598449707,1.1238007545471191,0.8270226120948792,0.570986807346344,0.568199634552002,0.5449354648590088,0.37427204847335815,0.6970075368881226,0.7455697655677795
hair,0.8678281307220459,1.0503215789794922,1.0728955268859863,0.8813384771347046,0.7067151069641113,0.9839113354682922,0.14221209287643433,0.0,0.6329243183135986,0.756292998790741,0.89854496717453,0.9362020492553711,0.9110069274902344,0.94159334897995,1.010191559791565,1.078276515007019,1.0398125648498535,1.0531679391860962,0.8200267553329468,0.7759053707122803,0.8545341491699219,1.0097706317901611,0.9358199834823608,0.956909716129303,1.0618542432785034,1.0586695671081543,1.1435412168502808,1.0852055549621582,1.1639702320098877,1.1389448642730713,1.085737705230713,1.0852051973342896,0.6977322101593018,1.0723639726638794,0.9557222723960876,1.0079057216644287,0.6775305271148682,0.9915586709976196,1.129921793937683,1.1024173498153687,1.1460543870925903,1.0027998685836792,1.040854573249817,1.0278751850128174,1.097814917564392,0.813957691192627,1.0192371606826782,1.0480833053588867,1.122084617614746,1.034778118133545,0.9561224579811096,1.1860041618347168,1.1568375825881958,1.1926392316818237,1.1771109104156494,1.224654197692871,1.0880064964294434,0.8099398612976074,0.7943780422210693,0.8962783217430115,1.2253334522247314,1.1444841623306274,1.0794771909713745,0.9845982789993286,0.9622451663017273,1.2424776554107666,0.9085142612457275,0.8977872729301453,0.9334266185760498,1.0747853517532349,0.9018265008926392,0.9779487252235413,0.9923169016838074,1.0621968507766724,0.9107241630554199,0.6256045699119568,0.6444042921066284,0.6842307448387146,0.42148298025131226,0.7377508878707886,0.6641870737075806
arm,1.0729578733444214,1.2708663940429688,1.1304640769958496,0.6922096014022827,0.6477856636047363,1.041513442993164,0.6288163661956787,0.6329243183135986,0.0,0.40883779525756836,0.9403720498085022,1.0721255540847778,1.237909197807312,1.0363248586654663,1.2524888515472412,1.0306717157363892,0.9335058331489563,1.0145233869552612,0.889680027961731,0.8542072772979736,0.7974578142166138,0.928486168384552,0.6351330876350403,0.9125522375106812,0.6721140742301941,0.6316267251968384,0.8800564408302307,1.2291114330291748,1.3108627796173096,1.3346325159072876,1.288027048110962,1.2680150270462036,1.2355687618255615,1.2931804656982422,1.1751492023468018,1.3642945289611816,1.2607873678207397,0.9846017360687256,1.1549996137619019,0.9754382371902466,1.281890869140625,1.0372568368911743,1.2018377780914307,1.2074558734893799,1.3576191663742065,1.0501091480255127,1.1850917339324951,1.3380950689315796,1.3919389247894287,1.2482655048370361,1.1644972562789917,1.227657437324524,1.2787435054779053,1.3580427169799805,1.3150529861450195,1.2444727420806885,0.9466472268104553,0.8318175077438354,0.6359168291091919,0.7089632153511047,0.7989578247070312,1.0072237253189087,0.9422991275787354,0.8633742332458496,1.1286238431930542,1.3784162998199463,0.9737899899482727,0.6144502758979797,0.8027251958847046,1.0553972721099854,0.7329742908477783,1.1263819932937622,1.0491389036178589,1.1480967998504639,0.4997575283050537,0.254876971244812,0.38126224279403687,0.4193119406700134,0.3612644672393799,0.35620927810668945,0.6567095518112183
hand,1.0432485342025757,1.0619316101074219,0.9233288168907166,0.8060487508773804,0.7763277888298035,1.0639927387237549,0.8030918836593628,0.756292998790741,0.40883779525756836,0.0,0.42883598804473877,0.7064120173454285,0.9279830455780029,1.0363091230392456,1.240731954574585,1.1500312089920044,1.0864135026931763,1.0779097080230713,1.095916748046875,1.1061995029449463,1.1264184713363647,1.1109745502471924,0.9532389044761658,1.0889607667922974,0.899766743183136,0.8610939979553223,0.964072048664093,1.1398584842681885,1.1083984375,1.1151100397109985,1.0739879608154297,1.0174366235733032,1.0411064624786377,1.0406734943389893,0.9234331250190735,1.1293246746063232,1.0040233135223389,1.0981628894805908,1.0262280702590942,0.8395886421203613,1.0688226222991943,0.816348671913147,0.9841564297676086,1.0203913450241089,1.0740165710449219,1.1593422889709473,1.1412802934646606,1.1857813596725464,1.2307437658309937,1.215244174003601,0.9632843732833862,1.2277376651763916,1.1589982509613037,1.218251347541809,1.1644929647445679,1.0285546779632568,0.7154872417449951,0.6147651672363281,0.6155551671981812,0.8057001829147339,0.8544646501541138,1.0343736410140991,0.8337298631668091,0.8301262855529785,0.6626195311546326,1.1383639574050903,0.8457205295562744,0.4645066261291504,0.5939275026321411,0.9157177805900574,0.7954420447349548,1.1065407991409302,1.0885604619979858,1.089369535446167,0.8010596036911011,0.5407376289367676,0.5056843757629395,0.7498985528945923,0.7599233984947205,0.6918444037437439,0.8129477500915527
finger,1.0774253606796265,0.8681347370147705,0.9714093208312988,1.1815365552902222,1.0686956644058228,1.1350758075714111,0.970661997795105,0.89854496717453,0.9403720498085022,0.42883598804473877,0.0,0.27464795112609863,0.560190737247467,1.1272168159484863,1.031245470046997,1.0952086448669434,1.1538074016571045,1.0455845594406128,1.1170868873596191,1.137801170349121,1.2205352783203125,1.2380740642547607,1.219900131225586,1.1119540929794312,1.2151485681533813,1.1701056957244873,1.0729179382324219,0.9568209648132324,0.8440888524055481,0.806081235408783,0.7866255640983582,0.6879228949546814,0.8255221843719482,0.6517174243927002,0.5356836318969727,0.569053053855896,0.6235893368721008,1.1368612051010132,0.9379407167434692,0.9549397230148315,0.853216290473938,0.7526592016220093,0.6694403290748596,0.7339646816253662,0.6210943460464478,1.0332894325256348,1.0436981916427612,0.8964722156524658,0.8327109813690186,0.9362989068031311,0.7203850746154785,1.0657085180282593,0.9557055234909058,0.9378433227539062,0.8898611068725586,0.8970259428024292,0.7753462791442871,0.7693438529968262,1.0591768026351929,1.1936891078948975,1.1563003063201904,1.104195237159729,0.9795034527778625,0.9667724370956421,0.4925096035003662,0.9388658404350281,0.9883795380592346,0.7825725078582764,0.6242102980613708,0.8715383410453796,1.0887118577957153,0.8327873945236206,0.982446014881134,0.919859766960144,1.1972756385803223,1.0370055437088013,1.0451802015304565,1.1753520965576172,1.1343345642089844,1.0864920616149902,0.9371694326400757
toe,1.0124540328979492,0.760588526725769,1.019487738609314,1.2786273956298828,1.0403459072113037,1.1114391088485718,1.0295534133911133,0.9362020492553711,1.0721255540847778,0.7064120173454285,0.27464795112609863,0.0,0.43946385383605957,1.1055258512496948,0.9894244074821472,1.160038709640503,1.1969852447509766,1.0945039987564087,1.1903440952301025,1.1762940883636475,1.2685550451278687,1.3101192712783813,1.272077202796936,1.1610773801803589,1.2981727123260498,1.2722821235656738,1.1660290956497192,0.9127463698387146,0.7849550247192383,0.767824649810791,0.7442762851715088,0.6651467084884644,0.7609610557556152,0.3185070753097534,0.3681814670562744,0.3635687828063965,0.46672558784484863,1.1676288843154907,0.9455505013465881,1.0882353782653809,0.8002958297729492,0.790444016456604,0.6842207908630371,0.7300411462783813,0.5670647621154785,1.0538408756256104,1.0376434326171875,0.8055526614189148,0.7400984764099121,0.8839423656463623,0.632294237613678,1.0445823669433594,0.9636005163192749,0.9224632978439331,0.8312528729438782,0.915418803691864,0.9123020172119141,0.8628756999969482,1.118598461151123,1.267009973526001,1.2648916244506836,1.2071454524993896,1.0821034908294678,1.0814963579177856,0.5663819909095764,0.9403035640716553,0.9767875075340271,0.8388833403587341,0.5442327260971069,0.5829412937164307,1.2160669565200806,0.7334482073783875,0.9966934323310852,0.9363697171211243,1.261799931526184,1.0632281303405762,1.1293575763702393,1.2870217561721802,1.1767947673797607,1.077196717262268,0.8064162731170654
tooth,0.9798066020011902,0.7848474979400635,1.0265740156173706,1.2829943895339966,1.0945981740951538,1.118059754371643,0.9528502821922302,0.9110069274902344,1.237909197807312,0.9279830455780029,0.560190737247467,0.43946385383605957,0.0,1.030701994895935,0.920373797416687,1.1569112539291382,1.1715030670166016,1.0156365633010864,1.1504590511322021,1.1400384902954102,1.2030593156814575,1.233034372329712,1.3224458694458008,1.16741943359375,1.2987982034683228,1.2383276224136353,1.0563342571258545,0.9148030281066895,0.8221414089202881,0.7767854928970337,0.8099943995475769,0.6814228892326355,0.7608339786529541,0.5343746542930603,0.4027078151702881,0.2955983281135559,0.3560258150100708,1.1092188358306885,0.8978344202041626,1.0650115013122559,0.7740839719772339,0.7637190818786621,0.6730893850326538,0.7095844745635986,0.5226365923881531,1.0227638483047485,1.0194824934005737,0.7572217583656311,0.7137389183044434,0.8838940262794495,0.5896196365356445,0.9811555743217468,0.9225428104400635,0.85504150390625,0.7866600751876831,0.8350437879562378,0.9006953835487366,0.7979202270507812,1.0663870573043823,1.2194381952285767,1.1887423992156982,1.167014718055725,1.0891971588134766,1.1266087293624878,0.4788886308670044,0.8842620849609375,1.0657047033309937,1.043963074684143,0.8437767624855042,0.8860113024711609,1.2564842700958252,0.8387022018432617,1.0745831727981567,1.0105921030044556,1.3551844358444214,1.2247395515441895,1.1417561769485474,1.3199317455291748,1.1822569370269775,1.2181826829910278,0.9043799042701721
car,0.8622692227363586,0.8129597902297974,0.9112891554832458,0.9010591506958008,0.7419858574867249,0.8914194107055664,0.9590084552764893,0.94159334897995,1.0363248586654663,1.0363091230392456,1.1272168159484863,1.1055258512496948,1.030701994895935,0.0,0.912831723690033,0.8613197803497314,0.9048789143562317,0.9133073091506958,0.9555943012237549,0.8146081566810608,0.7982833385467529,0.8535210490226746,0.9432291388511658,0.8873304724693298,0.997664213180542,1.025152325630188,1.0007818937301636,1.0086506605148315,1.1074162721633911,1.1027840375900269,1.1273199319839478,1.154844045639038,1.021947979927063,0.9947935342788696,1.0137274265289307,1.0938814878463745,0.9634144306182861,0.616298496723175,1.006134271621704,0.8309555053710938,1.0115829706192017,0.7463665008544922,0.9191738963127136,0.8651124238967896,0.936604917049408,0.9052889943122864,1.0044373273849487,0.7957950234413147,1.0463452339172363,0.8721250295639038,0.8838785290718079,0.9003548622131348,0.965741753578186,1.0531624555587769,1.064448595046997,1.0467101335525513,1.1003646850585938,0.8831111192703247,0.8455772995948792,0.8619261980056763,1.0423085689544678,1.0009608268737793,0.9248852729797363,0.9917030334472656,0.9602276086807251,0.9311631917953491,0.8895364999771118,1.053780198097229,0.9631842970848083,0.9220176339149475,0.8715560436248779,0.9196582436561584,0.808074414730072,0.847476601600647,0.9617360234260559,1.0288691520690918,1.1084257364273071,1.018263816833496,0.9034234285354614,0.8551507592201233,0.8127537369728088
lamp,0.9400337934494019,0.8197314739227295,0.9843703508377075,1.0997639894485474,1.1482725143432617,1.0072516202926636,1.0767133235931396,1.010191559791565,1.2524888515472412,1.240731954574585,1.031245470046997,0.9894244074821472,0.920373797416687,0.912831723690033,0.0,0.8704070448875427,1.0163705348968506,0.8148859739303589,0.8237835168838501,0.8757551908493042,0.9361892342567444,0.9725252389907837,1.1365995407104492,0.9557554721832275,1.0794299840927124,1.0886589288711548,0.9063020944595337,0.6030369997024536,0.9003390073776245,0.8492013216018677,0.8835936784744263,0.931808590888977,0.7387205362319946,0.9096362590789795,0.8912835121154785,0.7819403409957886,0.7972831726074219,0.7178617715835571,0.7666271328926086,0.8413622379302979,0.7394704818725586,0.7778826951980591,0.6965398192405701,0.6866989135742188,0.6821152567863464,0.7514054775238037,0.700937032699585,0.6188532114028931,0.58576899766922,0.6830161809921265,0.8991184830665588,0.8131996393203735,0.7084540724754333,0.6667755842208862,0.6683616042137146,0.7807676196098328,1.1260441541671753,1.1779942512512207,1.230980634689331,1.009295105934143,1.0493669509887695,0.8729446530342102,0.969075620174408,0.9141716361045837,0.977349579334259,0.7978506684303284,1.0414029359817505,1.302506923675537,1.1704225540161133,1.1197344064712524,1.12598717212677,0.7344792485237122,0.9139499068260193,0.8076636791229248,1.270215630531311,1.300984501838684,1.3212060928344727,1.2050738334655762,1.1447075605392456,1.2643537521362305,1.1183867454528809
chair,1.1596158742904663,1.1869733333587646,1.2091965675354004,1.0529674291610718,1.113156795501709,1.0458860397338867,1.0890192985534668,1.078276515007019,1.0306717157363892,1.1500312089920044,1.0952086448669434,1.160038709640503,1.1569112539291382,0.8613197803497314,0.8704070448875427,0.0,0.3089710474014282,0.6702798008918762,0.8237900733947754,0.629011332988739,0.6396747827529907,0.45938360691070557,0.5504167079925537,0.3678181767463684,0.5040085315704346,0.8325885534286499,0.8566100001335144,1.0422184467315674,1.1837389469146729,1.115575909614563,1.1939215660095215,1.2101718187332153,1.0913162231445312,1.1589715480804443,1.194159746170044,1.192995309829712,1.1841206550598145,0.6266618967056274,0.9813867211341858,1.0523087978363037,1.086524486541748,1.0208158493041992,1.0544893741607666,1.0463532209396362,1.0723177194595337,0.6878324747085571,1.0194960832595825,0.9827685356140137,0.9691373705863953,0.6417145729064941,1.0638678073883057,0.7579576373100281,0.8214565515518188,1.002643346786499,0.9470682144165039,1.0603337287902832,1.173997163772583,1.2074315547943115,1.164715051651001,1.0411896705627441,0.9163603782653809,0.6645179986953735,0.8685331344604492,0.9070525169372559,1.2193397283554077,0.9908252954483032,1.0359872579574585,1.142043948173523,1.156339168548584,1.1010446548461914,0.8646211624145508,0.6319262385368347,0.666741132736206,0.6844576597213745,0.6561084389686584,1.0070291757583618,1.124260425567627,0.9164474606513977,0.9281603693962097,0.8693333268165588,0.9706088900566101
bench,1.1377387046813965,1.246506929397583,1.1826765537261963,0.979422926902771,1.041038155555725,1.0342028141021729,1.0139663219451904,1.0398125648498535,0.9335058331489563,1.0864135026931763,1.1538074016571045,1.1969852447509766,1.1715030670166016,0.9048789143562317,1.0163705348968506,0.3089710474014282,0.0,0.7674140334129333,0.8891985416412354,0.7365903258323669,0.7597391605377197,0.43899381160736084,0.22148633003234863,0.2009899616241455,0.5916653871536255,0.8590601086616516,0.9798353910446167,1.0858216285705566,1.1562174558639526,1.1279938220977783,1.2071549892425537,1.220558762550354,1.158793568611145,1.210355281829834,1.229607105255127,1.245009422302246,1.2483100891113281,0.8359897136688232,1.1440753936767578,1.0933226346969604,1.2415581941604614,1.1616827249526978,1.1834558248519897,1.1820086240768433,1.1915338039398193,0.8655171990394592,1.0304806232452393,1.1477038860321045,1.1144804954528809,0.8256997466087341,1.1402137279510498,0.8851455450057983,0.9854719638824463,1.0780233144760132,1.104177713394165,1.1419495344161987,1.1226109266281128,1.1098699569702148,1.0396603345870972,0.9971122741699219,0.9182769656181335,0.7166855931282043,0.8992446660995483,0.9827296733856201,1.1645524501800537,1.0332801342010498,1.02314293384552,0.9571354985237122,1.135361671447754,1.0970455408096313,0.8550217151641846,0.6915041208267212,0.8046668767929077,0.8756383657455444,0.3806735873222351,0.8471475839614868,0.9723444581031799,0.799791693687439,0.8501263856887817,0.7304053902626038,0.9287185668945312
drawer,1.1077824831008911,1.024957299232483,1.1354719400405884,1.1079987287521362,1.0904524326324463,1.084728717803955,1.0601801872253418,1.0531679391860962,1.0145233869552612,1.0779097080230713,1.0455845594406128,1.0945039987564087,1.0156365633010864,0.9133073091506958,0.8148859739303589,0.6702798008918762,0.7674140334129333,0.0,0.8318598866462708,0.6179028749465942,0.5582548379898071,0.6890905499458313,0.8569035530090332,0.8446194529533386,0.7928195595741272,0.6604906916618347,0.6410444974899292,0.8926563858985901,1.1283113956451416,1.0922331809997559,1.1101680994033813,1.1205857992172241,1.0457273721694946,1.0726767778396606,1.023929476737976,1.0153183937072754,1.0361775159835815,0.7260410785675049,0.9387345910072327,0.9599461555480957,0.9737041592597961,0.9086812734603882,0.9459536075592041,0.926004946231842,0.971187949180603,0.8872489333152771,0.9971858859062195,0.9488091468811035,0.9097393751144409,0.6972430348396301,0.9798142910003662,0.7207085490226746,0.7615150213241577,0.902105987071991,0.8255810737609863,0.9502128958702087,1.130443811416626,1.0887410640716553,1.1659159660339355,1.0288362503051758,0.8157159090042114,0.5202450752258301,0.9348437786102295,0.8474485874176025,1.1124571561813354,1.000962734222412,1.106138825416565,1.1756328344345093,1.171930193901062,1.0742404460906982,0.9561687111854553,0.8838984370231628,0.7632290720939636,0.7828448414802551,0.9605985283851624,1.0617060661315918,1.1268596649169922,1.0314099788665771,1.0583715438842773,1.0163313150405884,1.0397275686264038
window,1.0390625,1.12447190284729,1.1810935735702515,0.9993367195129395,0.9603347182273865,1.0599106550216675,0.8633174300193787,0.8200267553329468,0.889680027961731,1.095916748046875,1.1170868873596191,1.1903440952301025,1.1504590511322021,0.9555943012237549,0.8237835168838501,0.8237900733947754,0.8891985416412354,0.8318598866462708,0.0,0.5294804573059082,0.6796681880950928,0.7308484315872192,0.8697952032089233,0.8435385227203369,0.8584802150726318,0.8153600692749023,0.9623177647590637,0.9819326400756836,1.147965908050537,1.1197152137756348,1.1179195642471313,1.1501414775848389,1.012715220451355,1.2549843788146973,1.1513185501098633,1.1517084836959839,1.1029949188232422,0.8808140158653259,1.0745071172714233,1.1087535619735718,1.1569280624389648,1.1106853485107422,1.1418942213058472,1.1075626611709595,1.1598243713378906,0.5647910833358765,0.9517679810523987,1.0733983516693115,1.0812649726867676,0.8879050016403198,1.1096527576446533,0.9777259230613708,1.023130178451538,1.0892022848129272,1.060283899307251,1.1344071626663208,1.1466789245605469,1.1144061088562012,1.1112020015716553,0.9958787560462952,1.0505383014678955,0.9392372369766235,1.0620530843734741,0.9164710640907288,1.2076181173324585,1.1433111429214478,1.0692343711853027,1.147286295890808,1.1706876754760742,1.1761454343795776,1.0083128213882446,0.9880795478820801,0.8805966377258301,0.9303677082061768,0.9490691423416138,0.966209352016449,1.0415350198745728,0.9668499827384949,0.8460677862167358,0.9549232721328735,0.9584255218505859
door,1.050792932510376,1.150269865989685,1.217753529548645,0.9930211901664734,0.8629406094551086,1.050832986831665,0.8106998205184937,0.7759053707122803,0.8542072772979736,1.1061995029449463,1.137801170349121,1.1762940883636475,1.1400384902954102,0.8146081566810608,0.8757551908493042,0.629011332988739,0.7365903258323669,0.6179028749465942,0.5294804573059082,0.0,0.2920401096343994,0.6337753534317017,0.7408403158187866,0.705994725227356,0.7601970434188843,0.8203552961349487,0.9777345657348633,1.0529322624206543,1.2364063262939453,1.1980926990509033,1.2171995639801025,1.230025291442871,1.1067203283309937,1.251218318939209,1.1839946508407593,1.1668531894683838,1.1488229036331177,0.6309847831726074,1.1084386110305786,1.1169945001602173,1.185333251953125,1.0370852947235107,1.1398673057556152,1.10386061668396,1.1736152172088623,0.6684448719024658,0.9774876236915588,1.027779459953308,1.095298171043396,0.7329651117324829,1.0843532085418701,0.9159068465232849,0.9866345524787903,1.1767030954360962,1.096725344657898,1.2253857851028442,1.2421941757202148,1.0963211059570312,1.052872657775879,0.9536571502685547,1.0747132301330566,0.8139528036117554,1.0237376689910889,0.9289461970329285,1.1977037191390991,1.173844575881958,0.999330461025238,1.1417367458343506,1.1637849807739258,1.158988356590271,0.935135543346405,0.9554811120033264,0.7640548944473267,0.8522382378578186,0.829391598701477,0.8722308278083801,1.0517691373825073,0.8711346387863159,0.7272406816482544,0.7889142036437988,0.8527764678001404
refrigerator,1.0493565797805786,1.1978657245635986,1.2483315467834473,1.015122890472412,0.902643620967865,1.0357500314712524,0.8622032999992371,0.8545341491699219,0.7974578142166138,1.1264184713363647,1.2205352783203125,1.2685550451278687,1.2030593156814575,0.7982833385467529,0.9361892342567444,0.6396747827529907,0.7597391605377197,0.5582548379898071,0.6796681880950928,0.2920401096343994,0.0,0.5927651524543762,0.7483084201812744,0.7454962134361267,0.7154970169067383,0.755885899066925,0.8091800212860107,1.1007575988769531,1.2361502647399902,1.2207906246185303,1.2351781129837036,1.2191263437271118,1.1995301246643066,1.3161962032318115,1.2367868423461914,1.2375684976577759,1.2081525325775146,0.5844365358352661,1.0535951852798462,1.0796098709106445,1.1731308698654175,1.0346728563308716,1.1871697902679443,1.1497355699539185,1.2381852865219116,0.781068742275238,1.0207173824310303,1.0192615985870361,1.119212031364441,0.7285413146018982,1.1584223508834839,0.858814001083374,0.9358357191085815,1.1974941492080688,1.0914523601531982,1.1974499225616455,1.2158137559890747,1.123363971710205,1.02363920211792,0.8791844844818115,0.9348493814468384,0.7823114991188049,1.0417089462280273,0.9368231296539307,1.2684732675552368,1.197534203529358,1.056493878364563,1.1991817951202393,1.2502591609954834,1.2131562232971191,0.9555394649505615,1.0261614322662354,0.74638432264328,0.8706746101379395,0.8506615161895752,0.8783013820648193,1.0453718900680542,0.8475147485733032,0.7368236780166626,0.7927623987197876,0.9059357047080994
crib,1.0010521411895752,1.2031606435775757,1.1332283020019531,0.8567536473274231,0.9294772148132324,0.950626790523529,0.998845100402832,1.0097706317901611,0.928486168384552,1.1109745502471924,1.2380740642547607,1.3101192712783813,1.233034372329712,0.8535210490226746,0.9725252389907837,0.45938360691070557,0.43899381160736084,0.6890905499458313,0.7308484315872192,0.6337753534317017,0.5927651524543762,0.0,0.5162855982780457,0.5118050575256348,0.5997571349143982,0.7686706781387329,0.9516770839691162,1.1323519945144653,1.2244044542312622,1.2352771759033203,1.25079345703125,1.2669308185577393,1.1992459297180176,1.326075553894043,1.3088752031326294,1.3253076076507568,1.2995834350585938,0.6960165500640869,1.0795135498046875,1.021080732345581,1.2442817687988281,1.1122944355010986,1.2388062477111816,1.2088624238967896,1.2622201442718506,0.8001093864440918,1.0165672302246094,1.1429075002670288,1.1912373304367065,0.8503754138946533,1.2428404092788696,0.6970282793045044,0.9505537152290344,1.1574697494506836,1.1100435256958008,1.1652253866195679,1.1305763721466064,1.0369212627410889,0.9772135019302368,0.7819973826408386,0.8084977269172668,0.6111370325088501,0.9105039834976196,0.9358078837394714,1.2192578315734863,1.0332986116409302,0.981110692024231,1.0364710092544556,1.1947956085205078,1.1656385660171509,0.8603184223175049,0.9552294611930847,0.820334255695343,0.9125487804412842,0.6285899877548218,0.8778484463691711,0.961041271686554,0.8040387630462646,0.8322535753250122,0.8054738640785217,0.9930285811424255
bed,1.1091690063476562,1.328878402709961,1.1498217582702637,0.7440657615661621,0.8087195158004761,0.9793874621391296,0.8893802165985107,0.9358199834823608,0.6351330876350403,0.9532389044761658,1.219900131225586,1.272077202796936,1.3224458694458008,0.9432291388511658,1.1365995407104492,0.5504167079925537,0.22148633003234863,0.8569035530090332,0.8697952032089233,0.7408403158187866,0.7483084201812744,0.5162855982780457,0.0,0.30387675762176514,0.45146167278289795,0.667100191116333,0.99823397397995,1.1546016931533813,1.243112564086914,1.255044937133789,1.2825982570648193,1.3071540594100952,1.2742964029312134,1.3640986680984497,1.354824423789978,1.3801684379577637,1.3701386451721191,0.9254190921783447,1.2617814540863037,1.0498355627059937,1.3620355129241943,1.256403923034668,1.304246425628662,1.2778687477111816,1.393718957901001,0.9707518815994263,1.1025991439819336,1.353604793548584,1.3113970756530762,1.085761547088623,1.274051308631897,1.0350310802459717,1.1926264762878418,1.2455207109451294,1.2531012296676636,1.2377612590789795,1.1562047004699707,1.1072463989257812,0.8756292462348938,0.8323984146118164,0.8192795515060425,0.7925258278846741,0.8527851700782776,0.913366973400116,1.2866233587265015,1.1925275325775146,0.9663069248199463,0.8510556221008301,1.1544315814971924,1.1503301858901978,0.7983789443969727,0.8013753890991211,0.9197474122047424,1.0244710445404053,0.1340886354446411,0.5188065767288208,0.6836987137794495,0.4962814450263977,0.6429672241210938,0.5445681810379028,0.9387821555137634
couch,1.0982075929641724,1.2236690521240234,1.1536681652069092,0.9726720452308655,1.0067671537399292,0.9740580320358276,0.9600155353546143,0.956909716129303,0.9125522375106812,1.0889607667922974,1.1119540929794312,1.1610773801803589,1.16741943359375,0.8873304724693298,0.9557554721832275,0.3678181767463684,0.2009899616241455,0.8446194529533386,0.8435385227203369,0.705994725227356,0.7454962134361267,0.5118050575256348,0.30387675762176514,0.0,0.708601713180542,0.9514402747154236,1.0447548627853394,1.0685397386550903,1.1561862230300903,1.1656653881072998,1.1723296642303467,1.1983656883239746,1.1267318725585938,1.2112261056900024,1.195794701576233,1.2058151960372925,1.1962467432022095,0.8581364750862122,1.1452405452728271,1.1268856525421143,1.2121180295944214,1.177203893661499,1.174052119255066,1.1662781238555908,1.1859629154205322,0.7545816898345947,1.0071128606796265,1.120827317237854,1.1003735065460205,0.8622480630874634,1.12473726272583,0.9281219840049744,1.034022569656372,1.0961484909057617,1.1004842519760132,1.2025028467178345,1.1626423597335815,1.135374903678894,1.0639067888259888,1.0097593069076538,1.0096405744552612,0.8382951021194458,0.9424474239349365,1.0219932794570923,1.1757190227508545,1.0636448860168457,0.9461703300476074,1.026893138885498,1.1365277767181396,1.1213598251342773,0.9315869212150574,0.5378353595733643,0.836495041847229,0.9111207127571106,0.5279040932655334,0.8532020449638367,0.9969810247421265,0.796808660030365,0.7968094944953918,0.7861645221710205,0.9286913871765137
table,1.1141650676727295,1.2838611602783203,1.0668381452560425,0.7632062435150146,0.9625335931777954,1.0090994834899902,1.0415568351745605,1.0618542432785034,0.6721140742301941,0.899766743183136,1.2151485681533813,1.2981727123260498,1.2987982034683228,0.997664213180542,1.0794299840927124,0.5040085315704346,0.5916653871536255,0.7928195595741272,0.8584802150726318,0.7601970434188843,0.7154970169067383,0.5997571349143982,0.45146167278289795,0.708601713180542,0.0,0.4602254629135132,0.7704962491989136,1.1256788969039917,1.2169221639633179,1.2412595748901367,1.2575596570968628,1.278052806854248,1.2757251262664795,1.3619868755340576,1.362555980682373,1.378759741783142,1.3649907112121582,0.7652617692947388,1.077647089958191,0.7903270125389099,1.2150145769119263,1.135174036026001,1.1806455850601196,1.1567130088806152,1.3056750297546387,0.9193716049194336,1.0340837240219116,1.2953907251358032,1.2683565616607666,1.0740500688552856,1.3587054014205933,0.9540541768074036,1.083194613456726,1.1512569189071655,1.1242189407348633,0.9591194987297058,1.0803788900375366,1.1169930696487427,0.8814176321029663,0.7290549278259277,0.4643399715423584,0.6207795739173889,0.7199733853340149,0.791577160358429,1.202195644378662,1.013400912284851,0.9596587419509888,0.9229525327682495,1.191709280014038,1.1366788148880005,0.8178715109825134,1.1455658674240112,0.9863554835319519,1.0454785823822021,0.49931764602661133,0.663071870803833,0.6905444860458374,0.6374049186706543,0.7928137183189392,0.6893179416656494,1.055551290512085
bathtub,1.0902045965194702,1.148741364479065,1.0659657716751099,0.8377195000648499,0.8629106283187866,0.9999564290046692,1.0099211931228638,1.0586695671081543,0.6316267251968384,0.8610939979553223,1.1701056957244873,1.2722821235656738,1.2383276224136353,1.025152325630188,1.0886589288711548,0.8325885534286499,0.8590601086616516,0.6604906916618347,0.8153600692749023,0.8203552961349487,0.755885899066925,0.7686706781387329,0.667100191116333,0.9514402747154236,0.4602254629135132,0.0,0.34484201669692993,1.0998181104660034,1.211456060409546,1.175803780555725,1.2188977003097534,1.2363641262054443,1.2683769464492798,1.3487961292266846,1.319650650024414,1.3024139404296875,1.3371517658233643,0.8772863149642944,0.8676204681396484,0.8382192850112915,0.9808939695358276,1.0221503973007202,1.1846843957901,1.1895344257354736,1.2961387634277344,1.1198056936264038,1.091930866241455,1.3066049814224243,1.2182281017303467,1.0528264045715332,1.3080006837844849,0.9835138916969299,1.0131068229675293,1.0931694507598877,0.9383009672164917,0.8327422142028809,1.0051252841949463,1.074001431465149,0.9609842300415039,0.7158045768737793,0.33870625495910645,0.626144528388977,0.9456002712249756,0.8318437337875366,1.2258825302124023,1.1035758256912231,1.070434808731079,0.9775674343109131,1.2172441482543945,1.2011157274246216,0.9256413578987122,1.1640417575836182,1.000695824623108,1.0038459300994873,0.6828866004943848,0.756546139717102,0.6819330453872681,0.779675304889679,0.8950133919715881,0.8347688317298889,1.1326225996017456
