,rooster,fish,frog,alligator,cat,dog,face,hair,arm,hand,finger,toe,tooth,car,lamp,chair,bench,drawer,window,door,refrigerator,crib,bed,couch,table,bathtub,sink,clock,ball,balloon,orange,apple,hat,slipper,watch,nail,glasses,vacuum,shovel,scissors,spoon,knife,pencil,pen,crayon,plant,flower,bottle,cup,can,belt,basket,bucket,tape,bowl,plate,banana,cracker,pizza,glass,tray,box,book,paper,gum,toy,doll,mitten,glove,shoe,purse,pillow,towel,napkin,blanket,pajamas,bib,jacket,shirt,jeans,shorts
rooster,0.0,0.86366206407547,0.6061478853225708,0.5693463683128357,0.5433722138404846,0.6030411124229431,0.8600733280181885,0.8344945907592773,0.7707246541976929,0.7646899819374084,1.0503233671188354,0.8868542909622192,0.9533578753471375,0.9271490573883057,1.080682635307312,0.8560978174209595,0.8996098041534424,1.000102162361145,0.9500977396965027,0.8845773935317993,0.8437828421592712,0.8261531591415405,0.7374473810195923,0.8956817984580994,0.7103794813156128,0.8574390411376953,1.0841244459152222,1.064586877822876,0.8033919930458069,0.934413731098175,0.9886215925216675,0.8362547755241394,0.9916942119598389,0.9615797400474548,0.8679384589195251,1.037215232849121,1.047906756401062,0.8663918972015381,1.0994359254837036,0.7821242809295654,1.0861040353775024,0.6993457078933716,0.9741643071174622,0.9532493948936462,0.9520155191421509,0.9967522025108337,0.9503677487373352,1.0699858665466309,1.1567323207855225,1.031318187713623,1.029302716255188,0.869277834892273,1.1244878768920898,1.0867193937301636,1.0422544479370117,1.0798343420028687,0.9563324451446533,0.5656898021697998,0.5877202153205872,0.7839506268501282,1.0421923398971558,0.9616718292236328,0.9392472505569458,0.8758196830749512,0.8311927318572998,0.8245156407356262,0.7263882160186768,0.6415998339653015,0.9464669823646545,0.7827035188674927,0.8056183457374573,0.9624128341674805,0.9738101363182068,0.9855422973632812,0.6614198684692383,0.7668381929397583,0.7677270770072937,0.8810152411460876,0.8001061677932739,0.7426271438598633,0.9441627860069275
fish,0.86366206407547,0.0,0.9497424364089966,1.0481364727020264,1.0139284133911133,1.013718843460083,1.093511939048767,0.9807752966880798,1.1824297904968262,0.9997203946113586,0.7801582217216492,0.6843373775482178,0.753275990486145,1.0497279167175293,0.5326035618782043,1.243140697479248,1.2252075672149658,1.002705454826355,1.1685619354248047,1.219543218612671,1.1429119110107422,1.2478015422821045,1.2814100980758667,1.1894268989562988,1.2919176816940308,1.147031307220459,1.0439927577972412,0.8350067138671875,0.8309115171432495,0.8673270344734192,0.7468132972717285,0.8393428325653076,0.9801902770996094,0.8215622901916504,0.74365234375,0.6196632981300354,0.7676007747650146,1.1103967428207397,1.0356923341751099,1.1000272035598755,1.0163620710372925,0.9270534515380859,0.6936177015304565,0.6019145846366882,0.6206137537956238,1.1126067638397217,1.0770784616470337,0.9453539252281189,0.874164342880249,0.918095588684082,0.8971548080444336,1.1616857051849365,1.0589519739151,0.9878255724906921,1.0265250205993652,1.0496788024902344,0.9060800671577454,0.9802579879760742,1.1116317510604858,1.0994497537612915,1.1504426002502441,1.16379714012146,1.1005644798278809,0.8454365730285645,0.740114688873291,1.0253944396972656,1.0214433670043945,1.0302058458328247,0.9252535104751587,0.9941127300262451,1.0051029920578003,0.9173139333724976,0.9915124773979187,0.9461183547973633,1.1909239292144775,1.1679555177688599,1.1308411359786987,1.1450002193450928,1.1509721279144287,1.1094834804534912,1.1161860227584839
frog,0.6061478853225708,0.9497424364089966,0.0,0.27221691608428955,0.5757479071617126,0.44013476371765137,0.95201176404953,0.966961145401001,0.895371675491333,0.8422046899795532,1.1768310070037842,0.993432343006134,1.1136244535446167,0.9474156498908997,1.1593971252441406,0.8400778770446777,1.0211766958236694,0.995757520198822,1.0772041082382202,1.050487995147705,1.068961501121521,0.8398184776306152,0.7038359045982361,0.9675398468971252,0.7183440923690796,0.9913615584373474,1.1295729875564575,1.1269710063934326,0.8788937330245972,0.9654329419136047,1.1270167827606201,0.9315643906593323,1.0246318578720093,1.1173924207687378,1.073229432106018,1.1228293180465698,1.132778525352478,0.9778804779052734,1.1315909624099731,0.7520034313201904,1.1055456399917603,0.8947585821151733,1.2280405759811401,1.1961926221847534,1.2288295030593872,1.1121423244476318,0.9725433588027954,1.2445530891418457,1.2548775672912598,1.165738821029663,1.1410034894943237,0.7168630957603455,1.1025103330612183,1.0213271379470825,1.0294469594955444,1.2059909105300903,0.8212745189666748,0.6317352652549744,0.6903319358825684,0.9069512486457825,0.9577021598815918,0.7803483605384827,0.8337638974189758,0.704032301902771,0.9421198964118958,0.571391224861145,0.5228116512298584,0.4454546570777893,0.9232379198074341,0.9007006883621216,0.8762578368186951,0.9838236570358276,1.0388717651367188,1.0510798692703247,0.628143310546875,0.8523763418197632,0.6964410543441772,0.8805968761444092,0.9200851321220398,0.82649827003479,0.9774655699729919
alligator,0.5693463683128357,1.0481364727020264,0.27221691608428955,0.0,0.43855637311935425,0.41410744190216064,0.8009687662124634,0.8597232699394226,0.6412968635559082,0.7603991031646729,1.2934165000915527,1.1370642185211182,1.1293081045150757,0.9158845543861389,1.224839687347412,0.6164802312850952,0.8192880153656006,0.9528796672821045,0.9201386570930481,0.8323838114738464,0.9605105519294739,0.6458507180213928,0.4503081440925598,0.811830461025238,0.4899846911430359,0.7719714641571045,1.0714397430419922,1.1993298530578613,0.9706162214279175,1.0670140981674194,1.2040889263153076,0.9379675984382629,0.9470139145851135,1.1564866304397583,1.1832826137542725,1.2641773223876953,1.194006085395813,0.9327181577682495,1.2583990097045898,0.7663983702659607,1.245663046836853,0.8360110521316528,1.2736237049102783,1.2737376689910889,1.3492602109909058,1.0390291213989258,0.9587620496749878,1.3334448337554932,1.4263405799865723,1.1966042518615723,1.1891329288482666,0.6438039541244507,1.1705176830291748,1.2045007944107056,1.0537718534469604,1.2129566669464111,0.9878599047660828,0.5179229974746704,0.5480347871780396,0.7988523244857788,1.0007975101470947,0.7974963188171387,0.8237940073013306,0.7131205797195435,1.1269551515579224,0.8486615419387817,0.5261247754096985,0.3233265280723572,0.8754608631134033,0.7970949411392212,0.8773051500320435,0.89544677734375,0.9379903674125671,1.008981466293335,0.3179807662963867,0.6174452304840088,0.5185897350311279,0.6704167127609253,0.6890374422073364,0.5414518117904663,0.8432219624519348
cat,0.5433722138404846,1.0139284133911133,0.5757479071617126,0.43855637311935425,0.0,0.36480003595352173,0.7851914167404175,0.7604483962059021,0.5579109191894531,0.6622220277786255,1.1783980131149292,0.974600076675415,1.0538893938064575,0.9223116636276245,1.1992055177688599,0.5735183358192444,0.7920006513595581,0.9405305981636047,0.86208176612854,0.8003101348876953,0.8676632046699524,0.5600736737251282,0.5275835990905762,0.7595728635787964,0.6100093126296997,0.7278082370758057,1.0585349798202515,1.189666748046875,0.9329224824905396,1.0294324159622192,1.1869608163833618,0.847925066947937,0.898423969745636,1.0565035343170166,1.0381935834884644,1.154237151145935,1.0804568529129028,0.9124807119369507,1.1374212503433228,0.7801920771598816,1.2015143632888794,0.7633928060531616,1.2510182857513428,1.1624239683151245,1.2655720710754395,0.9776449203491211,0.9471399784088135,1.2508089542388916,1.2924728393554688,1.0486575365066528,1.0357894897460938,0.5585916042327881,1.0496975183486938,1.230437159538269,0.8951204419136047,1.1261054277420044,0.8665262460708618,0.49655818939208984,0.6276418566703796,0.76185142993927,1.0203498601913452,0.8026124238967896,0.9806485176086426,0.910224437713623,1.0191510915756226,0.978696346282959,0.5472104549407959,0.4641265273094177,0.8575718402862549,0.7910178899765015,0.7399436235427856,0.7031896114349365,0.9362679123878479,0.985248863697052,0.4333529472351074,0.6450279951095581,0.5458970069885254,0.680455207824707,0.6608079075813293,0.6052751541137695,0.776694118976593
dog,0.6030411124229431,1.013718843460083,0.44013476371765137,0.41410744190216064,0.36480003595352173,0.0,0.9443573355674744,0.8971452713012695,0.737454891204834,0.7548776865005493,1.1535356044769287,0.9833712577819824,1.1125096082687378,0.921880841255188,1.2126601934432983,0.7215521931648254,0.9520708918571472,0.9865847826004028,0.995651364326477,0.9622716307640076,0.983329713344574,0.7583746910095215,0.6300705075263977,0.8419013619422913,0.6608988046646118,1.0195465087890625,1.1123782396316528,1.1746070384979248,0.944896399974823,0.9286403059959412,1.137739896774292,0.9123550057411194,0.9210816025733948,0.9865544438362122,0.9822462797164917,1.1230419874191284,1.0868124961853027,0.9665806293487549,1.1162604093551636,0.8784602880477905,1.107062578201294,0.9369710683822632,1.168077826499939,1.2047622203826904,1.2184524536132812,1.0594334602355957,0.9920361042022705,1.226684808731079,1.2716243267059326,1.0661200284957886,1.021070957183838,0.5967141389846802,0.9868429899215698,1.151320457458496,0.9491006135940552,1.10188627243042,0.8845292329788208,0.610942542552948,0.7238146066665649,0.9146307706832886,0.9707072377204895,0.6303368806838989,0.8778066039085388,0.8927454948425293,1.084208607673645,0.7228977680206299,0.1803288459777832,0.3918493390083313,0.834746241569519,0.8279368877410889,0.8847038745880127,0.7399941682815552,0.944627046585083,0.9589284658432007,0.5129245519638062,0.7981231212615967,0.6731985807418823,0.7841202020645142,0.8398566246032715,0.7019361853599548,0.8428624868392944
face,0.8600733280181885,1.093511939048767,0.95201176404953,0.8009687662124634,0.7851914167404175,0.9443573355674744,0.0,0.19511914253234863,0.5686160326004028,0.72599858045578,1.0319005250930786,1.1195169687271118,0.9941724538803101,1.0034950971603394,1.0891705751419067,0.8182281255722046,0.8133580684661865,0.9432904124259949,0.6438854932785034,0.655282735824585,0.8377737998962402,0.7800836563110352,0.82967209815979,0.8275723457336426,0.8434988856315613,0.8679826259613037,1.059726595878601,1.0490937232971191,1.048722505569458,1.038826823234558,1.0537160634994507,0.8822687864303589,0.5608425140380859,1.1059001684188843,1.0630501508712769,1.0605648756027222,0.6897599101066589,0.9327980279922485,1.1149483919143677,1.0125019550323486,1.1738691329956055,0.968896746635437,1.130746603012085,1.1169904470443726,1.1354271173477173,0.8541066646575928,0.9308644533157349,1.1219288110733032,1.1696828603744507,1.0967499017715454,1.1033252477645874,1.0360791683197021,1.1367394924163818,1.1117538213729858,1.081133484840393,1.061335563659668,1.0533668994903564,0.8211535811424255,0.8987411260604858,0.8803058862686157,1.0834180116653442,1.0755939483642578,0.9641475677490234,1.0269345045089722,0.9998686909675598,1.1497154235839844,0.9879096746444702,0.7882556915283203,0.9280509948730469,0.9513075947761536,0.95107501745224,1.0111349821090698,1.040892243385315,1.05805504322052,0.7953699827194214,0.5619913339614868,0.4963577389717102,0.5310245752334595,0.34576714038848877,0.7329281568527222,0.8204373717308044
hair,0.8344945907592773,0.9807752966880798,0.966961145401001,0.8597232699394226,0.7604483962059021,0.8971452713012695,0.19511914253234863,0.0,0.6394126415252686,0.6423381567001343,0.913792610168457,1.0098737478256226,0.9085334539413452,1.0014909505844116,1.0628005266189575,0.8841844201087952,0.9073154926300049,0.9433751106262207,0.5844553709030151,0.6586806774139404,0.8377729654312134,0.8523402810096741,0.9398301243782043,0.8365640640258789,0.964849591255188,0.9497169852256775,1.0731017589569092,1.0480201244354248,1.0659664869308472,1.041346788406372,1.0432744026184082,0.7700753808021545,0.30027079582214355,1.0025461912155151,0.9619191884994507,0.9419659972190857,0.43677401542663574,0.9043513536453247,1.1226125955581665,1.0211474895477295,1.1475515365600586,0.9683966040611267,1.0203135013580322,1.0066313743591309,1.0566458702087402,0.8104590177536011,0.8910201787948608,1.1362278461456299,1.175905466079712,1.0661565065383911,0.9805599451065063,1.0559844970703125,1.1438331604003906,1.13069486618042,1.1000264883041382,1.0721216201782227,1.0213674306869507,0.8423654437065125,0.9401592016220093,0.8990793228149414,1.094245195388794,1.0684884786605835,0.9838950037956238,1.0542606115341187,0.9258444905281067,1.153425693511963,0.8927980065345764,0.7545179128646851,0.7991840839385986,0.8992890119552612,0.9301637411117554,0.9678595066070557,1.002243995666504,1.0047848224639893,0.8919724225997925,0.6407743692398071,0.6502696871757507,0.5988496541976929,0.4690120816230774,0.7914258241653442,0.8616868853569031
arm,0.7707246541976929,1.1824297904968262,0.895371675491333,0.6412968635559082,0.5579109191894531,0.737454891204834,0.5686160326004028,0.6394126415252686,0.0,0.46453428268432617,1.0114835500717163,1.126465916633606,0.996364414691925,0.9515735507011414,1.2564440965652466,0.6227095723152161,0.6893616914749146,0.8892409801483154,0.7066683173179626,0.6169663667678833,0.7594965100288391,0.44460350275039673,0.559893786907196,0.7461796998977661,0.6237597465515137,0.7884054780006409,1.0681816339492798,1.1541738510131836,1.0406543016433716,1.102616310119629,1.1480112075805664,0.9071605205535889,0.8437098264694214,1.094244122505188,1.0997792482376099,1.1673351526260376,1.075575590133667,0.8701666593551636,1.1760127544403076,0.9099471569061279,1.2025847434997559,0.9166979193687439,1.228151559829712,1.1976752281188965,1.2260113954544067,0.9139676094055176,0.9387325644493103,1.2132402658462524,1.2765774726867676,1.0365592241287231,1.0022966861724854,0.8325802683830261,1.0719449520111084,1.2106608152389526,1.0488225221633911,1.0825748443603516,0.9633922576904297,0.7001519203186035,0.6874698400497437,0.7294501662254333,1.0042455196380615,0.8859462738037109,0.8772680163383484,0.9896878004074097,0.9973870515823364,1.125367283821106,0.8169547319412231,0.5953981280326843,0.8771191239356995,0.8073010444641113,0.9102686643600464,0.9037967920303345,0.8929720520973206,0.9603393077850342,0.4994889497756958,0.45801877975463867,0.437843918800354,0.44975513219833374,0.3783953785896301,0.4500613212585449,0.5718501806259155
hand,0.7646899819374084,0.9997203946113586,0.8422046899795532,0.7603991031646729,0.6622220277786255,0.7548776865005493,0.72599858045578,0.6423381567001343,0.46453428268432617,0.0,0.6253228187561035,0.7901654243469238,0.8778635263442993,1.0289965867996216,1.2940647602081299,0.9219573140144348,0.9626647233963013,1.0246776342391968,0.9588207602500916,0.9440178275108337,0.9574399590492249,0.9096317291259766,0.9402865171432495,0.9335411787033081,0.8822601437568665,0.9307414293289185,1.068284034729004,1.1544495820999146,0.9344122409820557,1.0239078998565674,1.1423537731170654,0.6560748815536499,0.8430918455123901,0.870839536190033,0.8924196362495422,0.9920521378517151,0.9385821223258972,0.9687995314598083,1.1076374053955078,0.9853790998458862,1.072959065437317,0.8875716924667358,1.061013102531433,1.0195926427841187,1.062921404838562,1.0839264392852783,1.0915261507034302,1.139917254447937,1.1543575525283813,1.0530571937561035,0.9287385940551758,0.979952871799469,1.1081207990646362,1.1737018823623657,0.9719054698944092,1.0611543655395508,0.9192935824394226,0.674139142036438,0.7431070804595947,0.9095324873924255,1.0518497228622437,1.0189080238342285,0.8677428364753723,1.0555695295333862,0.8007407784461975,1.0891302824020386,0.8054770827293396,0.5353175401687622,0.7403609156608582,0.7651804089546204,0.9294326305389404,0.9483065009117126,0.9684600830078125,1.00462806224823,0.7704365253448486,0.6207814812660217,0.5824196338653564,0.8349599838256836,0.6603643894195557,0.5601294040679932,0.6792563199996948
finger,1.0503233671188354,0.7801582217216492,1.1768310070037842,1.2934165000915527,1.1783980131149292,1.1535356044769287,1.0319005250930786,0.913792610168457,1.0114835500717163,0.6253228187561035,0.0,0.4742782711982727,0.6759634017944336,1.1460670232772827,1.0349305868148804,1.330944538116455,1.219285249710083,1.0861806869506836,1.1738044023513794,1.228954553604126,1.1335257291793823,1.2868388891220093,1.3409253358840942,1.1647865772247314,1.3384690284729004,1.2293968200683594,1.1812299489974976,0.974757730960846,0.8236515522003174,0.9091813564300537,0.8707877993583679,0.7558798789978027,0.9777737855911255,0.5996747016906738,0.6725308895111084,0.6002839803695679,0.7147780656814575,1.1770676374435425,0.9925558567047119,1.2418140172958374,0.9655520915985107,1.0991172790527344,0.6935336589813232,0.710030734539032,0.6073505878448486,1.1173878908157349,1.1453579664230347,0.8423575758934021,0.7532771825790405,0.9076474905014038,0.7958743572235107,1.2816684246063232,1.0394967794418335,0.8959187865257263,1.0082565546035767,1.028572916984558,0.9701134562492371,1.1322877407073975,1.0927857160568237,1.1410243511199951,1.1377253532409668,1.2068740129470825,1.0053330659866333,1.2271119356155396,0.6223366260528564,1.0793194770812988,1.1312758922576904,1.0759285688400269,0.9090588092803955,0.9626529812812805,1.25634765625,0.9984773993492126,1.0275828838348389,1.0114902257919312,1.269829511642456,1.167258381843567,1.1493706703186035,1.169507384300232,1.1457583904266357,1.0930761098861694,1.0546952486038208
toe,0.8868542909622192,0.6843373775482178,0.993432343006134,1.1370642185211182,0.974600076675415,0.9833712577819824,1.1195169687271118,1.0098737478256226,1.126465916633606,0.7901654243469238,0.4742782711982727,0.0,0.697916567325592,1.1378533840179443,0.9228597283363342,1.2721654176712036,1.2095497846603394,1.0893633365631104,1.231674313545227,1.2753270864486694,1.2128628492355347,1.2505087852478027,1.2778465747833252,1.156233310699463,1.3086477518081665,1.1962556838989258,1.161260724067688,0.9524654150009155,0.5544310212135315,0.7908626794815063,0.7774622440338135,0.5697634220123291,0.9521442651748657,0.5856742858886719,0.5374143123626709,0.5078861713409424,0.7431009411811829,1.1957515478134155,0.9180424213409424,1.1790924072265625,0.928765058517456,0.9998723864555359,0.6849152445793152,0.6603851318359375,0.6047168970108032,1.18448805809021,1.1412445306777954,0.8999035954475403,0.820183515548706,0.9574983716011047,0.7728232741355896,1.1331121921539307,1.07425856590271,0.9531636834144592,0.9613306522369385,1.0502216815948486,0.9748048186302185,1.0561950206756592,1.1099932193756104,1.1743499040603638,1.1863744258880615,1.214667558670044,1.0926657915115356,1.145041584968567,0.6284304857254028,0.9816725254058838,0.9607195854187012,0.8607694506645203,0.8164474964141846,0.9188200831413269,1.110907793045044,0.8511648178100586,1.0064727067947388,0.9840123057365417,1.170006513595581,1.1940813064575195,1.182854175567627,1.19319748878479,1.1956199407577515,1.0493141412734985,1.0404268503189087
tooth,0.9533578753471375,0.753275990486145,1.1136244535446167,1.1293081045150757,1.0538893938064575,1.1125096082687378,0.9941724538803101,0.9085334539413452,0.996364414691925,0.8778635263442993,0.6759634017944336,0.697916567325592,0.0,1.061008334159851,0.9865465760231018,1.1409225463867188,1.0522600412368774,1.021078109741211,1.123533844947815,1.1254855394363403,1.0271978378295898,1.1135218143463135,1.170141577720642,1.0825341939926147,1.179850697517395,1.0691957473754883,1.1022685766220093,1.0614778995513916,0.8911347389221191,0.9402881264686584,0.8406658172607422,0.7586559653282166,0.9621506333351135,0.7739338278770447,0.723039448261261,0.6917946338653564,0.711904764175415,1.0863590240478516,1.027828335762024,1.0549837350845337,1.0275678634643555,0.936603844165802,0.7172009944915771,0.6770919561386108,0.6645472049713135,1.062201976776123,1.049106478691101,0.9012555480003357,0.8452550768852234,0.8442299962043762,0.8410507440567017,1.1135841608047485,0.9670736789703369,1.014509677886963,0.9585127234458923,1.0185043811798096,0.9008098244667053,0.9533773064613342,1.0578230619430542,1.0047569274902344,1.0791116952896118,1.0834912061691284,0.9320611953735352,1.035007357597351,0.6238725185394287,1.0700781345367432,1.0454378128051758,1.0522725582122803,0.9119796752929688,0.9875114560127258,1.0323797464370728,0.9251180291175842,0.9825408458709717,1.0102965831756592,1.1101189851760864,1.0627855062484741,1.0589845180511475,1.0998766422271729,1.0316840410232544,1.1079884767532349,1.0090713500976562
car,0.9271490573883057,1.0497279167175293,0.9474156498908997,0.9158845543861389,0.9223116636276245,0.921880841255188,1.0034950971603394,1.0014909505844116,0.9515735507011414,1.0289965867996216,1.1460670232772827,1.1378533840179443,1.061008334159851,0.0,1.0704145431518555,0.826461911201477,0.8934109210968018,0.9387115240097046,0.8985385894775391,0.8286042213439941,0.7822139859199524,0.7775406837463379,0.8308693170547485,0.9002078771591187,0.8496955037117004,0.8845573663711548,0.9790737628936768,1.0738110542297363,1.0247745513916016,1.0830940008163452,1.0492278337478638,1.110944390296936,1.0495290756225586,1.0531913042068481,1.084976077079773,1.0624072551727295,1.1018755435943604,0.6917991638183594,1.0764436721801758,0.900137186050415,1.082935094833374,0.8131546974182129,1.0736624002456665,1.1277883052825928,1.1121121644973755,0.9667167663574219,0.9578704237937927,1.0612142086029053,1.142473816871643,1.0284000635147095,1.068785309791565,0.9033443331718445,1.0346169471740723,1.0147234201431274,1.0722219944000244,1.1471773386001587,1.0150244235992432,0.8866511583328247,0.9089246988296509,0.8030195236206055,0.9745866656303406,0.9064886569976807,0.9742518067359924,0.9102250337600708,1.05355966091156,0.8001645803451538,0.9484464526176453,1.0061956644058228,0.9404575824737549,0.8643919229507446,0.7681739926338196,1.0541658401489258,0.960929811000824,0.9380978345870972,0.8867529034614563,0.9190976023674011,0.9928870797157288,0.939674437046051,0.9342453479766846,0.9537121057510376,1.0045223236083984
lamp,1.080682635307312,0.5326035618782043,1.1593971252441406,1.224839687347412,1.1992055177688599,1.2126601934432983,1.0891705751419067,1.0628005266189575,1.2564440965652466,1.2940647602081299,1.0349305868148804,0.9228597283363342,0.9865465760231018,1.0704145431518555,0.0,1.162571907043457,1.1150028705596924,0.9868675470352173,0.9956369400024414,1.0334532260894775,1.119248867034912,1.2164095640182495,1.247281789779663,1.1329820156097412,1.237043023109436,1.0335296392440796,0.7903403043746948,0.35004496574401855,0.90601646900177,0.7836430072784424,0.7117099761962891,1.0917432308197021,0.9453105330467224,1.0599726438522339,0.9133031368255615,0.7928217053413391,0.8528070449829102,1.0292210578918457,0.9627707004547119,1.1091564893722534,0.9411430954933167,1.0137206315994263,0.8069573044776917,0.7330516576766968,0.8194266557693481,0.9852877855300903,0.9751640558242798,0.8974811434745789,0.8027015924453735,0.936078667640686,0.965218186378479,1.2129253149032593,1.080775260925293,0.854687511920929,1.0225560665130615,0.822109580039978,1.0324254035949707,1.2147471904754639,1.198332667350769,1.06814706325531,1.1645859479904175,1.1948983669281006,1.1301149129867554,0.7287551164627075,1.049128770828247,1.1493334770202637,1.2081844806671143,1.2891194820404053,1.1611912250518799,1.2082064151763916,0.9647389054298401,0.9560443758964539,0.9973541498184204,0.9183377623558044,1.2837775945663452,1.238073706626892,1.2922821044921875,1.1460539102554321,1.1767854690551758,1.2580339908599854,1.1875108480453491
chair,0.8560978174209595,1.243140697479248,0.8400778770446777,0.6164802312850952,0.5735183358192444,0.7215521931648254,0.8182281255722046,0.8841844201087952,0.6227095723152161,0.9219573140144348,1.330944538116455,1.2721654176712036,1.1409225463867188,0.826461911201477,1.162571907043457,0.0,0.29994750022888184,0.7248883843421936,0.6514204144477844,0.5218290090560913,0.7003288269042969,0.2999640107154846,0.28642308712005615,0.29309552907943726,0.2951465845108032,0.621944010257721,0.9118985533714294,1.1830987930297852,1.121712565422058,1.2075823545455933,1.2527251243591309,1.0916731357574463,0.9845081567764282,1.2703555822372437,1.2770490646362305,1.2775763273239136,1.193528652191162,0.6739907264709473,1.1883234977722168,0.8059574961662292,1.2818074226379395,0.8917645812034607,1.285097599029541,1.298022985458374,1.357221245765686,0.7048512697219849,0.77215975522995,1.2905422449111938,1.2968395948410034,0.9993982315063477,1.1805428266525269,0.6033487319946289,0.9876419305801392,1.1979923248291016,1.0001521110534668,1.1041107177734375,1.0243957042694092,0.7232858538627625,0.6888910531997681,0.7876889705657959,0.95172119140625,0.7461193799972534,0.9382204413414001,0.9419951438903809,1.1733143329620361,1.0569480657577515,0.7820019721984863,0.7365008592605591,0.9972221851348877,0.9129688739776611,0.7456533908843994,0.6641508340835571,0.8854316473007202,0.9640183448791504,0.4789091944694519,0.62554931640625,0.7225388884544373,0.7015711069107056,0.6613998413085938,0.7411497235298157,0.8682135939598083
bench,0.8996098041534424,1.2252075672149658,1.0211766958236694,0.8192880153656006,0.7920006513595581,0.9520708918571472,0.8133580684661865,0.9073154926300049,0.6893616914749146,0.9626647233963013,1.219285249710083,1.2095497846603394,1.0522600412368774,0.8934109210968018,1.1150028705596924,0.29994750022888184,0.0,0.7163493037223816,0.6683526039123535,0.4910505414009094,0.6354727149009705,0.3861790895462036,0.4401228427886963,0.3713616728782654,0.4085221290588379,0.4456692337989807,0.8871259689331055,1.11720609664917,1.118996500968933,1.164754033088684,1.1776604652404785,1.1008211374282837,1.0602139234542847,1.1501606702804565,1.162666916847229,1.1791117191314697,1.1530815362930298,0.6401662826538086,1.0703632831573486,0.8751673698425293,1.193211317062378,0.8294651508331299,1.1198396682739258,1.1480786800384521,1.1374155282974243,0.7002815008163452,0.7904810309410095,1.102207064628601,1.0873433351516724,0.9151303768157959,1.0870813131332397,0.8759592771530151,1.0127307176589966,1.1593073606491089,1.0293340682983398,1.0323209762573242,1.0796703100204468,0.823922872543335,0.807268500328064,0.790885329246521,0.9619410037994385,0.8755934834480286,0.9139472842216492,0.98509681224823,1.0092852115631104,1.0668126344680786,1.0120794773101807,0.9319111108779907,1.078652024269104,0.876589834690094,0.7309179902076721,0.7582576274871826,0.8743161559104919,0.9329544901847839,0.6308495402336121,0.7168078422546387,0.8504052758216858,0.797470211982727,0.7191919088363647,0.8048818111419678,0.8602043390274048
drawer,1.000102162361145,1.002705454826355,0.995757520198822,0.9528796672821045,0.9405305981636047,0.9865847826004028,0.9432904124259949,0.9433751106262207,0.8892409801483154,1.0246776342391968,1.0861806869506836,1.0893633365631104,1.021078109741211,0.9387115240097046,0.9868675470352173,0.7248883843421936,0.7163493037223816,0.0,0.8441354036331177,0.684860348701477,0.5769204497337341,0.7360948920249939,0.8171017169952393,0.7354800701141357,0.8482952117919922,0.8581434488296509,0.7938743233680725,0.9368562698364258,1.077621579170227,1.0305477380752563,1.060939073562622,1.0375419855117798,1.0301533937454224,1.0579237937927246,1.134847640991211,1.0930224657058716,1.0279072523117065,0.738998293876648,1.0510027408599854,0.9747006297111511,1.0937516689300537,0.945336103439331,1.0799835920333862,1.0581438541412354,1.0930593013763428,0.8986468315124512,0.9351693391799927,0.9883003830909729,0.9917740225791931,0.7743998765945435,1.0271271467208862,0.8750498294830322,0.8753113150596619,1.0687297582626343,0.9627933502197266,0.9720814228057861,0.9908722043037415,0.8680720329284668,1.0133064985275269,0.8925352096557617,0.9592304229736328,0.7811912298202515,0.9304215908050537,0.8781636357307434,0.9935255646705627,1.013114333152771,0.9975614547729492,1.013038158416748,1.0578889846801758,0.9141483902931213,0.844982385635376,0.8810685276985168,0.8023865222930908,0.838758111000061,0.8706367015838623,0.9852893948554993,0.9199984073638916,0.91264408826828,0.9549061059951782,0.998007595539093,0.9360123872756958
window,0.9500977396965027,1.1685619354248047,1.0772041082382202,0.9201386570930481,0.86208176612854,0.995651364326477,0.6438854932785034,0.5844553709030151,0.7066683173179626,0.9588207602500916,1.1738044023513794,1.231674313545227,1.123533844947815,0.8985385894775391,0.9956369400024414,0.6514204144477844,0.6683526039123535,0.8441354036331177,0.0,0.3643789291381836,0.6315128803253174,0.6247391104698181,0.7637107372283936,0.6385511159896851,0.8032962083816528,0.7546511292457581,0.9737250804901123,1.075271487236023,1.1572901010513306,1.103310227394104,1.1121230125427246,1.0110344886779785,0.6722670197486877,1.2597466707229614,1.1820613145828247,1.1836190223693848,0.9567866325378418,0.7316655516624451,1.1937388181686401,0.9882116317749023,1.230455756187439,1.020051121711731,1.1390819549560547,1.1748607158660889,1.2282681465148926,0.46993714570999146,0.6173967123031616,1.1532901525497437,1.214778184890747,0.990039050579071,1.0530915260314941,0.9311888217926025,1.0511362552642822,1.1611326932907104,1.124754548072815,1.0183130502700806,1.0440869331359863,0.9541646242141724,0.9509252309799194,0.7486382722854614,1.0141820907592773,0.9243307113647461,0.9698604345321655,1.007336974143982,1.1033604145050049,1.173239827156067,0.9705422520637512,0.9484153985977173,0.931251585483551,1.028723120689392,0.8548498153686523,0.9477860331535339,0.9511092901229858,0.9648730158805847,0.8998756408691406,0.7644356489181519,0.9144997596740723,0.6264021396636963,0.6307852268218994,0.9449120759963989,0.9748252630233765
door,0.8845773935317993,1.219543218612671,1.050487995147705,0.8323838114738464,0.8003101348876953,0.9622716307640076,0.655282735824585,0.6586806774139404,0.6169663667678833,0.9440178275108337,1.228954553604126,1.2753270864486694,1.1254855394363403,0.8286042213439941,1.0334532260894775,0.5218290090560913,0.4910505414009094,0.684860348701477,0.3643789291381836,0.0,0.4313986897468567,0.47470831871032715,0.6206388473510742,0.5970261096954346,0.6949300765991211,0.5511230230331421,0.813614010810852,1.0911067724227905,1.1710805892944336,1.0796464681625366,1.1293370723724365,1.0424796342849731,0.83940589427948,1.2762975692749023,1.225311517715454,1.2332522869110107,1.0796436071395874,0.600354790687561,1.1599317789077759,0.8436383605003357,1.2059133052825928,0.8783777952194214,1.1681907176971436,1.2069776058197021,1.249367594718933,0.6775385141372681,0.7608543634414673,1.1756070852279663,1.2464046478271484,0.9556635618209839,1.0918035507202148,0.9375924468040466,1.0609608888626099,1.1931482553482056,1.143676519393921,1.044364094734192,1.049213171005249,0.866958737373352,0.9101648926734924,0.6722257137298584,1.0271415710449219,0.8918777704238892,0.9641448259353638,0.9360319972038269,1.1309142112731934,1.143578052520752,0.9719961285591125,0.9612176418304443,1.0592480897903442,0.9523903727531433,0.7373860478401184,0.9344282746315002,0.8650931119918823,0.8975563645362854,0.7557446360588074,0.6833040714263916,0.8493168354034424,0.6342862844467163,0.5853302478790283,0.8755026459693909,0.9285123348236084
refrigerator,0.8437828421592712,1.1429119110107422,1.068961501121521,0.9605105519294739,0.8676632046699524,0.983329713344574,0.8377737998962402,0.8377729654312134,0.7594965100288391,0.9574399590492249,1.1335257291793823,1.2128628492355347,1.0271978378295898,0.7822139859199524,1.119248867034912,0.7003288269042969,0.6354727149009705,0.5769204497337341,0.6315128803253174,0.4313986897468567,0.0,0.642784833908081,0.8038845062255859,0.6370967626571655,0.7929602265357971,0.72755366563797,0.8596168756484985,1.1297507286071777,1.1909360885620117,1.0812488794326782,1.147493839263916,1.0042378902435303,1.0018267631530762,1.0701731443405151,1.1354525089263916,1.175015926361084,1.1060065031051636,0.4951789975166321,1.0875563621520996,0.8956791162490845,1.1153056621551514,0.884607195854187,1.1020253896713257,1.1486645936965942,1.139724612236023,0.769072949886322,0.8208357095718384,0.9659547209739685,1.0688996315002441,0.7180365324020386,0.9959685206413269,0.9628863334655762,0.8633339405059814,1.1492680311203003,1.016555905342102,1.0161759853363037,0.9842529296875,0.8829009532928467,0.9764342308044434,0.6940866112709045,0.9151961803436279,0.8010118007659912,0.9056907296180725,0.936970055103302,0.9307668209075928,1.0029360055923462,0.9755321145057678,1.0246350765228271,1.0565388202667236,0.7812765836715698,0.6987699270248413,1.0404131412506104,0.8338915705680847,0.8790504932403564,0.8857426643371582,0.8591299653053284,0.9473652839660645,0.7878633737564087,0.7759748697280884,0.9389275908470154,0.8857522010803223
crib,0.8261531591415405,1.2478015422821045,0.8398184776306152,0.6458507180213928,0.5600736737251282,0.7583746910095215,0.7800836563110352,0.8523402810096741,0.44460350275039673,0.9096317291259766,1.2868388891220093,1.2505087852478027,1.1135218143463135,0.7775406837463379,1.2164095640182495,0.2999640107154846,0.3861790895462036,0.7360948920249939,0.6247391104698181,0.47470831871032715,0.642784833908081,0.0,0.25105202198028564,0.5114549994468689,0.4041253924369812,0.5620530247688293,1.0039441585540771,1.177112340927124,1.0453464984893799,1.1576652526855469,1.1733980178833008,1.059708833694458,1.0208410024642944,1.2697441577911377,1.2413256168365479,1.2610366344451904,1.1947053670883179,0.7226177453994751,1.1644407510757446,0.7781292796134949,1.2640979290008545,0.7679731845855713,1.2980117797851562,1.3050179481506348,1.3085706233978271,0.7728554606437683,0.8115829825401306,1.2484360933303833,1.2944775819778442,0.9979062676429749,1.121174693107605,0.611064076423645,0.9937620162963867,1.191765308380127,1.0794323682785034,1.1260697841644287,0.9286668300628662,0.7533813118934631,0.7276763916015625,0.5881620645523071,0.8820556998252869,0.7161340713500977,0.9377807974815369,0.9230754375457764,1.068642258644104,0.9592344164848328,0.8282400369644165,0.7663137912750244,1.029657244682312,0.8889462947845459,0.7425425052642822,0.8735695481300354,0.9393879771232605,0.9893515110015869,0.479539692401886,0.5937616229057312,0.6567378640174866,0.6140376329421997,0.5653799772262573,0.7617759704589844,0.8355498313903809
bed,0.7374473810195923,1.2814100980758667,0.7038359045982361,0.4503081440925598,0.5275835990905762,0.6300705075263977,0.82967209815979,0.9398301243782043,0.559893786907196,0.9402865171432495,1.3409253358840942,1.2778465747833252,1.170141577720642,0.8308693170547485,1.247281789779663,0.28642308712005615,0.4401228427886963,0.8171017169952393,0.7637107372283936,0.6206388473510742,0.8038845062255859,0.25105202198028564,0.0,0.4856088161468506,0.17007243633270264,0.61163729429245,0.9888731837272644,1.1797072887420654,0.9961153268814087,1.1857433319091797,1.2329589128494263,1.1187939643859863,1.0393586158752441,1.2648210525512695,1.3077694177627563,1.3481099605560303,1.2641496658325195,0.8060077428817749,1.2248611450195312,0.7399871349334717,1.2775952816009521,0.8194968700408936,1.3530240058898926,1.3717933893203735,1.4064022302627563,0.9168263077735901,0.9094483852386475,1.3473877906799316,1.3594324588775635,1.1240146160125732,1.2323272228240967,0.5156010985374451,1.0400248765945435,1.1422414779663086,1.0322197675704956,1.1211066246032715,0.9804885387420654,0.6501629948616028,0.378986656665802,0.7655596733093262,0.8758420348167419,0.722154974937439,0.9950097799301147,0.8665245771408081,1.195290207862854,0.9158470034599304,0.7371878623962402,0.6074838638305664,1.0401231050491333,0.8978130221366882,0.8094809651374817,0.8812377452850342,1.0224465131759644,1.0925114154815674,0.1857815384864807,0.5681014060974121,0.5639045238494873,0.6477791666984558,0.6452640295028687,0.5888299345970154,0.8800622820854187
couch,0.8956817984580994,1.1894268989562988,0.9675398468971252,0.811830461025238,0.7595728635787964,0.8419013619422913,0.8275723457336426,0.8365640640258789,0.7461796998977661,0.9335411787033081,1.1647865772247314,1.156233310699463,1.0825341939926147,0.9002078771591187,1.1329820156097412,0.29309552907943726,0.3713616728782654,0.7354800701141357,0.6385511159896851,0.5970261096954346,0.6370967626571655,0.5114549994468689,0.4856088161468506,0.0,0.5202927589416504,0.7602463364601135,0.9855657815933228,1.1470437049865723,1.0758213996887207,1.1490083932876587,1.2190476655960083,1.0341609716415405,0.9561140537261963,1.149135947227478,1.1704423427581787,1.1659494638442993,1.0819164514541626,0.7377285361289978,1.1981233358383179,0.9893618822097778,1.2363473176956177,1.0035521984100342,1.1486937999725342,1.1657179594039917,1.1985682249069214,0.6676983833312988,0.7511141300201416,1.17653489112854,1.1468619108200073,0.860108494758606,1.1080435514450073,0.7683184146881104,0.916732907295227,1.112771987915039,0.9674049019813538,1.0696313381195068,1.0418422222137451,0.7967054843902588,0.7555162310600281,0.8589566946029663,0.9449169635772705,0.7788401246070862,0.9389891624450684,0.9840474128723145,1.0527819395065308,0.9991042017936707,0.8574745059013367,0.8659507036209106,0.9843409061431885,0.9324197769165039,0.8374667167663574,0.5765933394432068,0.9137775301933289,0.9652206897735596,0.664047360420227,0.7027392387390137,0.8454494476318359,0.786034882068634,0.7171592712402344,0.8417544960975647,0.9555634260177612
table,0.7103794813156128,1.2919176816940308,0.7183440923690796,0.4899846911430359,0.6100093126296997,0.6608988046646118,0.8434988856315613,0.964849591255188,0.6237597465515137,0.8822601437568665,1.3384690284729004,1.3086477518081665,1.179850697517395,0.8496955037117004,1.237043023109436,0.2951465845108032,0.4085221290588379,0.8482952117919922,0.8032962083816528,0.6949300765991211,0.7929602265357971,0.4041253924369812,0.17007243633270264,0.5202927589416504,0.0,0.6023807525634766,0.9276736378669739,1.1731584072113037,1.0339847803115845,1.2117940187454224,1.2572191953659058,1.1418229341506958,1.0959409475326538,1.2469998598098755,1.3287220001220703,1.3692387342453003,1.3140794038772583,0.7674696445465088,1.2265450954437256,0.6402571201324463,1.2735830545425415,0.7792456150054932,1.3445849418640137,1.3442044258117676,1.3902902603149414,0.8895691633224487,0.8853050470352173,1.3402259349822998,1.346795678138733,1.0747894048690796,1.208174467086792,0.5172931551933289,1.0151885747909546,1.153437614440918,1.0210585594177246,1.028977870941162,1.0415349006652832,0.6321852207183838,0.36468005180358887,0.6454514265060425,0.8029189109802246,0.695469856262207,0.907138466835022,0.8876826763153076,1.2044777870178223,0.9015893340110779,0.7985658645629883,0.6366226673126221,1.061974287033081,0.8143749237060547,0.8242988586425781,0.9915251731872559,1.0520957708358765,1.11692214012146,0.3404906988143921,0.5410625338554382,0.6179569959640503,0.7681533098220825,0.6611053347587585,0.5570874214172363,0.8435840606689453
bathtub,0.8574390411376953,1.147031307220459,0.9913615584373474,0.7719714641571045,0.7278082370758057,1.0195465087890625,0.8679826259613037,0.9497169852256775,0.7884054780006409,0.9307414293289185,1.2293968200683594,1.1962556838989258,1.0691957473754883,0.8845573663711548,1.0335296392440796,0.621944010257721,0.4456692337989807,0.8581434488296509,0.7546511292457581,0.5511230230331421,0.72755366563797,0.5620530247688293,0.61163729429245,0.7602463364601135,0.6023807525634766,0.0,0.6920090913772583,1.0513166189193726,1.1095019578933716,1.1074861288070679,1.164017677307129,1.110738754272461,1.1313974857330322,1.2539472579956055,1.192829966545105,1.1425615549087524,1.2142648696899414,0.7437591552734375,1.1184158325195312,0.7061851024627686,1.168798804283142,0.6684837937355042,1.1699961423873901,1.06675386428833,1.1809682846069336,0.9099900126457214,0.9532780647277832,1.1754071712493896,1.1338553428649902,0.9762253165245056,1.1340233087539673,0.8790756464004517,1.057472825050354,1.1444525718688965,0.9911432266235352,0.9631547331809998,1.0335166454315186,0.8185268640518188,0.8103158473968506,0.7062637805938721,0.9694826006889343,0.9178143739700317,1.0244821310043335,0.9441965222358704,1.0759735107421875,1.1547366380691528,1.081252932548523,0.9613365530967712,1.0812079906463623,0.9169197678565979,0.7488064169883728,0.9857959747314453,1.0459933280944824,1.0563278198242188,0.7436943054199219,0.7345629930496216,0.8439502716064453,0.894305944442749,0.7691559791564941,0.7815302610397339,0.8789972066879272
