,pony,horse,rooster,bird,fish,butterfly,frog,alligator,owl,elephant,cat,dog,face,hair,arm,hand,leg,foot,ankle,finger,toe,tooth,ear,nose,mouth,stroller,motorcycle,truck,car,lamp,chair,bench,drawer,ladder,window,door,closet,shower,refrigerator,oven,crib,bed,couch,table,bathtub,sink,boat,slide,hose,sprinkler,tree,snow,clock,ball,balloon,pumpkin,egg,orange,apple,strawberry,hat,slipper,watch,nail,raisin,glasses,necklace,carrot,vacuum,broom,shovel,scissors,spoon,fork,knife,pencil,pen,crayon,plant,flower,soap,bottle,cup,can,belt,radio,basket,milk,jar,bucket,tape,bowl,plate,corn,pickle,banana,melon,bread,cookie,cracker,pizza,hamburger,muffin,meat,soup,glass,coffee,dish,tray,box,book,paper,comb,toothbrush,gum,toy,doll,mitten,glove,sock,shoe,purse,pillow,towel,napkin,blanket,dress,pajamas,bib,scarf,coat,jacket,sweater,shirt,jeans,pants,shorts
pony,0.0,0.1940430998802185,0.3718124032020569,0.523977518081665,0.8896567225456238,0.7113395929336548,0.6149932742118835,0.663341224193573,0.9191042184829712,0.8974430561065674,0.7959401607513428,0.4675754904747009,1.049683928489685,1.1024837493896484,1.181230902671814,1.1706740856170654,0.9981182217597961,1.0591377019882202,1.0910218954086304,1.1082593202590942,1.1104496717453003,1.0428240299224854,1.0074406862258911,1.0107989311218262,1.0010771751403809,0.947332501411438,0.9151915907859802,0.9065648317337036,0.8316734433174133,0.9916374683380127,0.9578058123588562,1.0213574171066284,1.0347241163253784,0.9286893606185913,1.0556222200393677,1.0835886001586914,1.0832518339157104,1.0813571214675903,1.0592259168624878,1.0394761562347412,0.9835000038146973,1.0496728420257568,1.0307843685150146,1.0446507930755615,1.1217405796051025,1.1230480670928955,0.9375859498977661,1.0187878608703613,0.9336531758308411,0.9595073461532593,0.9223401546478271,1.1183357238769531,0.9503469467163086,0.9707784056663513,0.9968535304069519,0.9487342238426208,1.0192482471466064,0.9934298396110535,0.9808847904205322,0.9698690176010132,1.0268490314483643,1.0363848209381104,1.1216531991958618,1.074815273284912,1.0260138511657715,1.0231763124465942,1.0726561546325684,1.0525407791137695,0.9673081636428833,1.0017350912094116,0.9428073167800903,0.9001947045326233,0.9431902170181274,0.9391046762466431,1.0195565223693848,1.0260145664215088,1.032934308052063,1.0082606077194214,0.9633143544197083,0.9174013137817383,1.0209320783615112,0.9886637330055237,0.9901639819145203,1.081224799156189,1.1061123609542847,0.9773675203323364,1.0530519485473633,0.9591329097747803,0.950330913066864,1.0159642696380615,0.9933683276176453,1.021155834197998,0.9987186193466187,0.9894622564315796,1.0117307901382446,0.9073237180709839,0.9729588031768799,1.0450595617294312,1.0184898376464844,1.0634938478469849,0.9317694902420044,0.9717880487442017,1.091577172279358,0.9556968212127686,1.0001410245895386,1.1008681058883667,1.083513855934143,0.9967849850654602,1.0287295579910278,1.033864140510559,0.9975826144218445,1.0484821796417236,1.151636004447937,1.0072896480560303,1.0069377422332764,0.7896877527236938,0.9153169393539429,1.1129212379455566,1.0669877529144287,1.0574655532836914,0.9969375133514404,1.0144481658935547,1.006820559501648,1.0114277601242065,0.9964348673820496,1.0343997478485107,1.0070676803588867,1.1390737295150757,1.0952914953231812,0.9616489410400391,1.0587139129638672,1.120896339416504,1.1030997037887573,1.1182513236999512,1.1107988357543945,1.0911924839019775,1.0906782150268555
horse,0.1940430998802185,0.0,0.37221062183380127,0.5143965482711792,0.8336073160171509,0.5439010858535767,0.5839195251464844,0.6673363447189331,0.9798523187637329,1.0087530612945557,1.0360538959503174,0.8165380954742432,1.0778324604034424,1.1346068382263184,1.218435287475586,1.1699604988098145,1.059552788734436,1.068679690361023,1.0645508766174316,1.0718892812728882,1.0679490566253662,0.9819937348365784,1.0124906301498413,1.000148892402649,1.0309295654296875,1.0335845947265625,1.015597939491272,0.9708425402641296,0.8755354881286621,0.9193680882453918,1.0220106840133667,1.1040452718734741,1.0637387037277222,0.9838907122612,1.0910543203353882,1.1189464330673218,1.1309094429016113,1.1108644008636475,1.100385069847107,1.0739399194717407,1.0591853857040405,1.10756254196167,1.0756430625915527,1.0987097024917603,1.146146297454834,1.104356050491333,1.0034730434417725,1.087933897972107,0.9834352731704712,1.0307008028030396,0.967078447341919,1.174776315689087,0.8798645734786987,0.9485604166984558,0.9457688331604004,0.9129881858825684,0.9485233426094055,0.8992000222206116,0.8852485418319702,0.8625259399414062,0.9799000024795532,0.9655457139015198,1.0326035022735596,0.9602295160293579,0.9103175401687622,0.9264581203460693,1.0342066287994385,0.9517149329185486,1.0008496046066284,1.0623887777328491,0.8896722197532654,0.911434531211853,0.8970610499382019,0.8805766105651855,0.994541347026825,0.9581744074821472,0.9511302709579468,0.9177277684211731,0.9915892481803894,0.9137561321258545,0.9382736086845398,0.9112553596496582,0.9176281094551086,1.063622236251831,1.0122543573379517,0.918494462966919,1.052584171295166,0.9794291853904724,0.9217750430107117,1.0049203634262085,0.9347758293151855,0.9596455693244934,0.9606760740280151,0.9710409045219421,0.9438669085502625,0.8847458362579346,0.9375618696212769,0.9882575869560242,0.9650319814682007,1.0744506120681763,0.9179294109344482,1.0127604007720947,1.0677276849746704,0.980212926864624,0.9711501002311707,1.1465420722961426,1.0656907558441162,1.0137505531311035,1.0595479011535645,1.0757372379302979,0.9720898866653442,1.0732754468917847,1.1826813220977783,1.0762227773666382,0.9793319702148438,0.8471106290817261,1.0226765871047974,1.186845302581787,1.1044280529022217,1.0983060598373413,1.0742448568344116,1.04207181930542,0.9808900356292725,1.0315577983856201,1.015002965927124,1.1277074813842773,1.0866690874099731,1.1910773515701294,1.1621869802474976,1.1360116004943848,1.0966007709503174,1.1772940158843994,1.1366426944732666,1.1547542810440063,1.1866363286972046,1.161653757095337,1.1405560970306396
rooster,0.3718124032020569,0.37221062183380127,0.0,0.3303813934326172,0.6169570684432983,0.3689478635787964,0.4295291304588318,0.5534819960594177,0.7912572026252747,1.087446689605713,0.9472047090530396,0.8355574011802673,1.0921272039413452,1.0728038549423218,1.2963424921035767,1.220496416091919,1.0848515033721924,0.9981546401977539,1.1335203647613525,1.1675156354904175,1.0657289028167725,1.0341219902038574,1.001834511756897,1.0154460668563843,1.0259288549423218,0.9025018811225891,0.8391672372817993,0.9254699945449829,0.733501672744751,0.9330384731292725,1.1024144887924194,1.173574447631836,1.067757487297058,1.0234047174453735,1.0769391059875488,1.1039581298828125,1.1153717041015625,1.0910192728042603,1.1333439350128174,1.136905550956726,1.0835323333740234,1.1760751008987427,1.1456414461135864,1.1981637477874756,1.1587846279144287,1.1615492105484009,1.0226548910140991,1.1869720220565796,0.9808505773544312,0.8658058643341064,0.973854660987854,1.1258094310760498,0.802872896194458,0.941656231880188,1.00377357006073,0.9362051486968994,1.0722473859786987,0.996382474899292,0.9576725363731384,0.8686466813087463,0.9457278251647949,0.9109106063842773,1.0656535625457764,1.016219973564148,0.8933026790618896,0.9210028648376465,1.083235263824463,0.9974192380905151,0.7317227125167847,0.8521474599838257,0.813979983329773,0.8020166158676147,0.9008663892745972,0.9117066264152527,0.9716390371322632,0.9152984619140625,0.9013301134109497,0.8905600309371948,0.8782581090927124,0.6748132109642029,0.912305474281311,0.908825695514679,1.0269544124603271,1.0548992156982422,1.0854238271713257,0.8922145366668701,1.049546718597412,1.089342474937439,1.0258530378341675,1.073615550994873,1.0279124975204468,1.0830134153366089,1.0671695470809937,0.9693202376365662,1.064092755317688,0.9204918146133423,1.0900973081588745,1.0190809965133667,0.9294034242630005,0.9490386843681335,0.9599891304969788,1.0479228496551514,0.9489403367042542,1.0515927076339722,1.0318750143051147,1.0777255296707153,1.1278846263885498,1.0040810108184814,1.155119776725769,1.122119426727295,1.0143128633499146,1.1004717350006104,1.0138978958129883,0.9559587836265564,0.9619478583335876,0.7314896583557129,0.8047986626625061,1.103811502456665,1.026432991027832,1.145452857017517,0.9745498299598694,0.9867908358573914,1.0374621152877808,1.0719304084777832,1.0888700485229492,1.1758772134780884,1.0531765222549438,1.2414535284042358,1.200884222984314,1.1068764925003052,1.0079158544540405,1.181170105934143,1.2059749364852905,1.1816956996917725,1.2323765754699707,1.1727465391159058,1.1382286548614502
bird,0.523977518081665,0.5143965482711792,0.3303813934326172,0.0,0.5153619050979614,0.440962553024292,0.5351479053497314,0.4964703917503357,0.5282889604568481,0.8189277648925781,0.6713740229606628,0.7249094843864441,1.015861988067627,0.9816478490829468,1.0451040267944336,1.1305091381072998,1.024876356124878,0.9844485521316528,1.0776128768920898,1.1651264429092407,1.0591658353805542,1.041800856590271,1.0723700523376465,0.9972180128097534,1.0632894039154053,1.0100350379943848,0.9291902184486389,0.9842138290405273,0.8785884380340576,0.8649736642837524,1.1083147525787354,1.124362826347351,1.0836474895477295,1.077772617340088,1.051268219947815,1.0877841711044312,1.0756809711456299,1.0754023790359497,1.1119376420974731,1.1124581098556519,1.1135910749435425,1.0872212648391724,1.0676871538162231,1.1069039106369019,1.1199957132339478,1.2067711353302002,1.0160107612609863,1.0690021514892578,0.9478050470352173,0.7724831104278564,0.8900578618049622,0.926443874835968,0.7998760342597961,0.9785537123680115,1.0188990831375122,1.0252124071121216,1.0596380233764648,1.0516619682312012,1.0588847398757935,1.0168187618255615,0.9255037903785706,0.9822938442230225,1.089496374130249,1.0577501058578491,0.9717651009559631,0.9937986135482788,1.0934977531433105,1.0507501363754272,0.9333388209342957,0.9885929226875305,0.8555803298950195,0.8131637573242188,0.9302412867546082,0.9566853046417236,0.9092841148376465,0.9497275948524475,0.9060055613517761,0.9488705992698669,0.9958170652389526,0.8697282075881958,1.0115875005722046,0.9963527917861938,1.0582327842712402,1.1734826564788818,1.0390814542770386,1.0145100355148315,1.1401351690292358,1.0863349437713623,1.096436619758606,1.1458795070648193,1.1071258783340454,1.1076322793960571,1.0819989442825317,1.0199509859085083,1.0904372930526733,0.9645630717277527,1.0595955848693848,1.0637255907058716,0.9709870219230652,0.9423831105232239,0.9480656981468201,0.9855433702468872,0.9264293313026428,0.9938589334487915,1.0107982158660889,1.041883111000061,1.1255677938461304,1.0335159301757812,1.1433216333389282,1.171277642250061,1.107953429222107,1.0485678911209106,0.9398771524429321,0.8792270421981812,1.0312861204147339,0.9323768019676208,0.9044229388237,0.9502069354057312,0.9532721638679504,1.0023365020751953,0.9737399220466614,1.043061375617981,1.0247678756713867,1.023905873298645,1.0338884592056274,0.9417806267738342,0.9240199327468872,1.0009326934814453,0.9768152832984924,0.8689038753509521,1.0189621448516846,1.034842610359192,1.043911337852478,1.0183385610580444,1.0194405317306519,1.0374459028244019,1.0494003295898438
fish,0.8896567225456238,0.8336073160171509,0.6169570684432983,0.5153619050979614,0.0,0.5043236613273621,0.48446035385131836,0.7165258526802063,0.6358240246772766,0.9934432506561279,0.8405570983886719,1.0233560800552368,1.1271506547927856,1.0673595666885376,1.1952037811279297,0.9983955025672913,1.0347955226898193,0.8159400224685669,0.9128469228744507,0.9536505937576294,0.7882153987884521,0.7775536775588989,0.9732387065887451,0.8781055808067322,0.9337372779846191,1.1839300394058228,1.078049898147583,1.073363184928894,0.8101904392242432,0.9152419567108154,1.2884504795074463,1.2846214771270752,1.076709508895874,1.2388839721679688,1.218214511871338,1.255723237991333,1.2656197547912598,1.1870481967926025,1.2903791666030884,1.233388900756836,1.2595524787902832,1.288574457168579,1.2702746391296387,1.2928425073623657,1.1841031312942505,1.1507967710494995,1.0369222164154053,1.1659142971038818,1.0391433238983154,0.8301594257354736,1.0631343126296997,0.9745656251907349,0.7734924554824829,0.773944079875946,0.7256755828857422,1.0088633298873901,0.8868371248245239,0.9356197714805603,0.857947826385498,0.7800608277320862,0.8638393878936768,0.7106496691703796,0.9172204732894897,0.7846250534057617,0.7774016857147217,0.7982378602027893,0.9637762308120728,0.7791717052459717,1.1043877601623535,1.09513258934021,0.7801806330680847,0.8252869844436646,0.8042762279510498,0.8153097629547119,0.8562524914741516,0.8097345232963562,0.711809515953064,0.6655910015106201,1.0608594417572021,0.8686444759368896,0.800774335861206,0.9150124192237854,0.9365176558494568,1.0205178260803223,0.7697953581809998,1.0450927019119263,1.1651769876480103,1.1921356916427612,1.163778305053711,1.0763790607452393,0.9663329720497131,0.9721100330352783,0.9806549549102783,0.8614869713783264,0.9126578569412231,0.8971526026725769,0.9741299152374268,0.872524619102478,0.8169698715209961,0.8246777653694153,1.0213453769683838,1.018967628479004,0.7380834817886353,1.0052341222763062,0.9870766997337341,1.044295072555542,1.1339402198791504,1.043569564819336,1.2278411388397217,1.291346788406372,1.1154712438583374,1.1097986698150635,0.815630316734314,0.8285431861877441,0.6854442954063416,0.9277149438858032,0.8828063607215881,0.826134204864502,0.7388423681259155,0.8968601226806641,0.8899556398391724,1.126733422279358,0.9250351786613464,0.9726296663284302,0.9605512022972107,1.0780224800109863,1.0025317668914795,1.035443902015686,0.9996281862258911,1.035069465637207,1.1353228092193604,1.2071263790130615,1.245373010635376,1.1661489009857178,1.1305948495864868,1.1269140243530273,1.0889933109283447
butterfly,0.7113395929336548,0.5439010858535767,0.3689478635787964,0.440962553024292,0.5043236613273621,0.0,0.32422584295272827,0.5782610177993774,0.7853940725326538,1.1718573570251465,1.1176332235336304,1.057995080947876,1.1364620923995972,1.139685869216919,1.2606897354125977,1.140883207321167,1.1394243240356445,1.022525429725647,1.077197790145874,1.0497636795043945,1.0234988927841187,0.9491162300109863,1.0618621110916138,1.0083919763565063,1.0383219718933105,1.088049292564392,1.054877519607544,1.0176922082901,0.8816820979118347,0.8761984705924988,1.133009910583496,1.201241135597229,1.0339573621749878,1.079974889755249,1.1414573192596436,1.1725021600723267,1.173569917678833,1.1582093238830566,1.1878931522369385,1.1944364309310913,1.118471622467041,1.188215970993042,1.1722073554992676,1.1856929063796997,1.1518765687942505,1.1365379095077515,1.0310639142990112,1.1581625938415527,1.051741600036621,0.9240546226501465,1.0322902202606201,1.136783242225647,0.7208857536315918,0.9032965302467346,0.8862786889076233,0.978453516960144,0.9873716831207275,0.958270788192749,0.9140204787254333,0.7833325862884521,0.9272772669792175,0.889020562171936,0.9937423467636108,0.9094377756118774,0.8466932773590088,0.8948630690574646,1.02486252784729,0.9053102135658264,0.9550460577011108,1.017390251159668,0.8077950477600098,0.7039029598236084,0.8067143559455872,0.7863186597824097,0.8565325736999512,0.8096125721931458,0.7713594436645508,0.7391074895858765,0.9287948608398438,0.6403728723526001,0.8600571155548096,0.9370465278625488,0.9875375032424927,1.0965123176574707,1.0065789222717285,0.8694984316825867,1.0582383871078491,1.0601813793182373,1.0401599407196045,1.0694565773010254,0.9597770571708679,1.0099283456802368,0.9555540680885315,0.933390736579895,0.9649695754051208,0.8892003297805786,1.046167254447937,0.9748219847679138,0.8726873993873596,0.897374153137207,0.945358395576477,1.0490176677703857,0.970443844795227,1.0136568546295166,0.9636999368667603,1.1194463968276978,1.109407901763916,0.9525114893913269,1.1478641033172607,1.1052732467651367,1.0006707906723022,1.0642950534820557,1.0055071115493774,0.925416111946106,0.8443044424057007,0.8062223196029663,0.9330273866653442,1.1012396812438965,1.0420671701431274,1.113108515739441,1.0422948598861694,1.0340338945388794,0.9800501465797424,1.0563684701919556,1.0383597612380981,1.1480236053466797,1.127642035484314,1.210215449333191,1.1670165061950684,1.1274323463439941,1.1044121980667114,1.2104626893997192,1.2443411350250244,1.2251298427581787,1.2521910667419434,1.217172384262085,1.2015186548233032
frog,0.6149932742118835,0.5839195251464844,0.4295291304588318,0.5351479053497314,0.48446035385131836,0.32422584295272827,0.0,0.587989091873169,0.7117272615432739,1.131195068359375,1.0712764263153076,0.9491578936576843,1.173473596572876,1.226660966873169,1.2754156589508057,1.0551080703735352,1.1920512914657593,0.9730221629142761,1.0966118574142456,1.0446512699127197,1.0082917213439941,0.974930465221405,1.0895981788635254,1.0553189516067505,1.0581908226013184,1.0446288585662842,1.0274156332015991,1.030706524848938,0.8491103053092957,0.9677757024765015,1.1953800916671753,1.2566308975219727,1.0671393871307373,1.1219632625579834,1.2206714153289795,1.2612066268920898,1.2523797750473022,1.2075035572052002,1.2670865058898926,1.238680124282837,1.1163337230682373,1.2061148881912231,1.21565580368042,1.0603196620941162,1.1591603755950928,1.1498034000396729,0.935875415802002,1.0371055603027344,0.9919081926345825,0.889116644859314,1.0489301681518555,1.1461842060089111,0.7821558117866516,0.8472372889518738,0.8528350591659546,0.9910050630569458,0.9733503460884094,0.9772024750709534,0.9477161169052124,0.8355987071990967,0.9844963550567627,0.9170867800712585,1.080670952796936,1.0241607427597046,0.8830162286758423,0.9700440764427185,1.0677533149719238,0.8555501103401184,1.0116214752197266,1.0192053318023682,0.8503925800323486,0.5505518913269043,0.7867635488510132,0.9060413241386414,0.9725516438484192,0.8964959979057312,0.899867057800293,0.783760666847229,0.983506441116333,0.7084027528762817,0.9002515077590942,1.0028250217437744,1.0222240686416626,1.1756671667099,1.1053279638290405,0.9318177700042725,1.0983964204788208,0.9851184487342834,1.0417073965072632,1.0494930744171143,0.8731597661972046,0.9588246941566467,0.8561367988586426,0.8815542459487915,0.8434147834777832,0.7486832141876221,0.9177579879760742,1.0377721786499023,0.8289411067962646,0.9316340684890747,0.9701342582702637,0.8868060111999512,0.9592549204826355,0.9803372025489807,0.9224808812141418,1.1293343305587769,1.0818861722946167,0.7946910262107849,1.0176438093185425,1.0250334739685059,0.9313718676567078,0.9779399633407593,1.1091846227645874,0.8107746839523315,0.6960932016372681,0.49878907203674316,0.764818549156189,0.9263826012611389,0.9611886739730835,1.0162805318832397,0.9462863802909851,1.0740166902542114,1.10123872756958,1.0909518003463745,1.056722640991211,1.1287264823913574,1.1919353008270264,1.1737289428710938,1.0613822937011719,1.101335883140564,1.1576184034347534,1.1820768117904663,1.2952640056610107,1.2923188209533691,1.2852787971496582,1.2880196571350098,1.2597887516021729
alligator,0.663341224193573,0.6673363447189331,0.5534819960594177,0.4964703917503357,0.7165258526802063,0.5782610177993774,0.587989091873169,0.0,0.7971442937850952,0.8577315807342529,0.7721156477928162,0.765098512172699,1.0390549898147583,1.012549877166748,0.9698352813720703,1.0864149332046509,0.9233900308609009,1.045996069908142,1.075074315071106,1.130508303642273,1.1192268133163452,1.1156713962554932,1.113140344619751,1.0518250465393066,1.133056402206421,1.0037014484405518,0.9858816862106323,0.9736257791519165,0.9168747067451477,0.8552762269973755,1.0251795053482056,1.057310700416565,0.986724853515625,0.9623291492462158,0.9246562719345093,0.9727999567985535,1.019935965538025,0.980705976486206,1.016741156578064,1.0607972145080566,1.0200605392456055,1.0026596784591675,1.0382819175720215,1.0265421867370605,0.9474934935569763,0.9965276122093201,0.9684094190597534,0.9891155958175659,0.9520100951194763,0.8806418180465698,0.8932133913040161,0.9540973901748657,0.8385324478149414,1.114290714263916,1.1022320985794067,1.1569410562515259,1.1586360931396484,1.166832447052002,1.1478333473205566,1.0525206327438354,1.0270196199417114,1.0412025451660156,1.0735867023468018,1.1335349082946777,1.0162205696105957,1.015536904335022,1.099780797958374,1.1123178005218506,0.862916111946106,0.9344283938407898,0.918049156665802,0.8453696966171265,0.9406930208206177,0.9371250867843628,0.8846778869628906,0.9554114937782288,0.9255891442298889,0.9809213280677795,0.9462469816207886,0.9319435358047485,1.038805365562439,1.0631438493728638,1.105810284614563,1.112879753112793,1.0390501022338867,0.9449219107627869,1.1055574417114258,1.1212884187698364,1.1248356103897095,1.1416577100753784,1.1571948528289795,1.1146303415298462,1.0682849884033203,1.0188153982162476,1.0990772247314453,1.0300264358520508,1.114895224571228,1.1240121126174927,1.0924924612045288,0.960822582244873,0.9686140418052673,1.0282093286514282,1.0413717031478882,1.0105705261230469,1.0525321960449219,1.0645735263824463,1.0730152130126953,1.0618231296539307,1.074156403541565,1.0348055362701416,0.9554948806762695,0.964048445224762,1.025463581085205,0.9518454670906067,1.1316943168640137,0.9705833196640015,0.9461079239845276,1.0416393280029297,0.9942982196807861,1.0285875797271729,1.0102965831756592,1.0355628728866577,0.9502792358398438,0.9910873174667358,0.9930166602134705,0.9255402088165283,0.9769241809844971,1.048752784729004,1.044411540031433,0.9148114919662476,0.9939473867416382,0.9585479497909546,1.0221151113510132,1.0155466794967651,1.032863974571228,1.0361521244049072,1.0527830123901367
owl,0.9191042184829712,0.9798523187637329,0.7912572026252747,0.5282889604568481,0.6358240246772766,0.7853940725326538,0.7117272615432739,0.7971442937850952,0.0,0.6024044752120972,0.46344298124313354,0.7834206223487854,0.8524868488311768,0.8254171013832092,0.8033989667892456,0.9209398031234741,0.9397279024124146,1.005942463874817,1.1762759685516357,1.1511116027832031,1.0929330587387085,1.041620135307312,1.0436928272247314,1.073936939239502,1.0254838466644287,1.013982892036438,0.9351239204406738,0.9848520159721375,0.9538700580596924,1.1334174871444702,1.101231575012207,1.0292205810546875,1.1258041858673096,1.0835989713668823,1.0292283296585083,1.0360512733459473,0.9983874559402466,0.9979978799819946,1.087254285812378,1.1011098623275757,1.0063241720199585,0.8906097412109375,0.9754407405853271,0.9797477126121521,1.0116832256317139,1.2440605163574219,0.9387033581733704,0.9036116600036621,0.9386795163154602,0.7883545756340027,0.8342503309249878,0.6276525259017944,1.0008951425552368,1.0012304782867432,1.105798602104187,1.0642495155334473,1.1859426498413086,1.1867893934249878,1.2214272022247314,1.1124870777130127,1.0274944305419922,1.164969563484192,1.2114832401275635,1.1687182188034058,1.0985442399978638,1.1668862104415894,1.1227874755859375,1.1397088766098022,1.101958990097046,1.1011261940002441,1.1634306907653809,1.0067235231399536,1.1920305490493774,1.1324355602264404,1.0731967687606812,1.204993724822998,1.175384283065796,1.2203428745269775,1.0561467409133911,0.9767439961433411,1.2311170101165771,1.2452400922775269,1.2857344150543213,1.3100923299789429,1.1144088506698608,1.19948148727417,1.161484718322754,1.1423426866531372,1.1793361902236938,1.265128493309021,1.2639896869659424,1.277066946029663,1.1556165218353271,1.0329264402389526,1.2381258010864258,1.0964667797088623,1.1449732780456543,1.051190733909607,1.0352675914764404,0.7858142256736755,0.8879690170288086,0.7604673504829407,0.6187974810600281,0.7768993377685547,0.9829981923103333,0.8750333786010742,1.1295493841171265,0.9743561744689941,1.114670753479004,1.1557989120483398,1.1394492387771606,0.9581321477890015,0.7245288491249084,0.8756691813468933,1.0298372507095337,1.00545072555542,0.6620087623596191,0.6078627109527588,0.8898634314537048,0.9502748847007751,0.9273326396942139,1.0170958042144775,1.0276410579681396,1.0504634380340576,1.0887255668640137,0.6389986276626587,0.7349667549133301,0.6480182409286499,0.5588765740394592,0.6198599934577942,0.9558859467506409,0.7867739796638489,0.8471445441246033,0.8221701383590698,0.7761663198471069,0.858055591583252,0.9130671620368958
elephant,0.8974430561065674,1.0087530612945557,1.087446689605713,0.8189277648925781,0.9934432506561279,1.1718573570251465,1.131195068359375,0.8577315807342529,0.6024044752120972,0.0,0.39312422275543213,0.666921079158783,0.7277758717536926,0.7565552592277527,0.5194334387779236,0.9109587669372559,0.6944154500961304,1.0094428062438965,1.0794401168823242,1.133074164390564,1.1039948463439941,1.1925230026245117,1.0806864500045776,1.1426362991333008,1.1104391813278198,0.9666700959205627,0.900901734828949,0.9437875151634216,1.092171549797058,1.23911452293396,0.9902220964431763,0.8641233444213867,1.1253080368041992,0.9370484948158264,0.8886499404907227,0.9163640737533569,0.8471316695213318,0.7800484299659729,0.8582465648651123,0.9084252119064331,0.9017223119735718,0.7054065465927124,0.7887001037597656,0.8092608451843262,0.8310176730155945,1.1535816192626953,0.8915483951568604,0.6960608959197998,0.9281957745552063,0.928290843963623,0.7395036816596985,0.4682846665382385,1.182538390159607,1.1539090871810913,1.1904394626617432,1.1479350328445435,1.2081996202468872,1.1904757022857666,1.2604131698608398,1.2843003273010254,1.1355382204055786,1.2375123500823975,1.2659327983856201,1.2445731163024902,1.2664953470230103,1.264613389968872,1.1559607982635498,1.2399276494979858,1.108195185661316,1.0743356943130493,1.2317140102386475,1.1460084915161133,1.2622429132461548,1.2217540740966797,1.1135027408599854,1.307748794555664,1.315901517868042,1.360377550125122,1.141683578491211,1.2250792980194092,1.3291658163070679,1.3101640939712524,1.2920827865600586,1.2757467031478882,1.1390048265457153,1.276075839996338,1.229821801185608,1.1424328088760376,1.1739014387130737,1.2504043579101562,1.3046832084655762,1.2907077074050903,1.2110389471054077,1.1289145946502686,1.240045428276062,1.1435887813568115,1.1119133234024048,1.195209264755249,1.2252018451690674,1.0286169052124023,1.0224295854568481,0.9205802083015442,0.9893168210983276,0.9646031260490417,1.0659396648406982,0.8899757862091064,1.153357982635498,1.0933456420898438,1.043868064880371,1.0936695337295532,1.1959896087646484,0.9701893329620361,0.8619376420974731,0.9722154140472412,1.261584758758545,1.2240313291549683,0.9939300417900085,0.7550470232963562,0.9442430734634399,0.8938414454460144,0.9199005365371704,1.086480975151062,1.0618170499801636,1.0647835731506348,1.1151169538497925,0.5616275668144226,0.6648714542388916,0.4901324510574341,0.5722994208335876,0.6347997188568115,0.8695532083511353,0.5485899448394775,0.5247395038604736,0.550060510635376,0.4084464907646179,0.5169081687927246,0.6919406652450562
cat,0.7959401607513428,1.0360538959503174,0.9472047090530396,0.6713740229606628,0.8405570983886719,1.1176332235336304,1.0712764263153076,0.7721156477928162,0.46344298124313354,0.39312422275543213,0.0,0.29822391271591187,0.8070715665817261,0.7339414358139038,0.6311570405960083,0.9113948345184326,0.7275053858757019,1.0177661180496216,1.1492345333099365,1.1597477197647095,1.139941692352295,1.1606367826461792,1.0272364616394043,1.0231233835220337,1.0645675659179688,0.9156972765922546,0.8134213089942932,0.9215565919876099,0.9826957583427429,1.2282809019088745,0.9460082054138184,0.8630964756011963,1.1296579837799072,0.9625003337860107,0.9002550840377808,0.9042019844055176,0.8623026013374329,0.8592873215675354,0.9126338362693787,0.966821551322937,0.8998719453811646,0.7624533772468567,0.8362590670585632,0.8452666997909546,0.860925018787384,1.175737977027893,0.8907629251480103,0.782629132270813,0.9267880916595459,0.8731168508529663,0.7952290773391724,0.5091763734817505,1.212164282798767,1.1486703157424927,1.248515009880066,1.1252717971801758,1.251564860343933,1.2542028427124023,1.2970908880233765,1.2737414836883545,1.1381287574768066,1.2063839435577393,1.2427176237106323,1.2762023210525513,1.1976407766342163,1.251866340637207,1.1844106912612915,1.212807059288025,1.0192581415176392,0.9873255491256714,1.2265040874481201,1.1425672769546509,1.2677723169326782,1.211175799369812,1.0724499225616455,1.2881536483764648,1.2715442180633545,1.3475162982940674,1.0720078945159912,1.1338121891021729,1.325279712677002,1.2888453006744385,1.3160476684570312,1.2203476428985596,1.1024179458618164,1.272576093673706,1.1781855821609497,1.1266570091247559,1.1952118873596191,1.239640474319458,1.3616852760314941,1.304595708847046,1.2306402921676636,1.066645622253418,1.2576498985290527,1.1193431615829468,1.1350853443145752,1.0801808834075928,1.2019877433776855,0.8603507876396179,0.964130699634552,0.8433512449264526,0.7889609336853027,0.8340612649917603,1.0523432493209839,0.8285363912582397,1.1518497467041016,1.078513264656067,1.0285825729370117,1.0685691833496094,1.1519562005996704,0.9321438670158386,0.7178584337234497,0.9032991528511047,1.1979237794876099,1.1619288921356201,0.8313409686088562,0.6785085201263428,0.8753531575202942,0.9412513971328735,0.9060328602790833,0.9586199522018433,0.9853140115737915,1.0085773468017578,1.0236642360687256,0.4892580509185791,0.6558127403259277,0.6025403738021851,0.571628987789154,0.4975699186325073,0.873947024345398,0.6408628225326538,0.6984719634056091,0.7115840911865234,0.6052623987197876,0.7233941555023193,0.8425775170326233
dog,0.4675754904747009,0.8165380954742432,0.8355574011802673,0.7249094843864441,1.0233560800552368,1.057995080947876,0.9491578936576843,0.765098512172699,0.7834206223487854,0.666921079158783,0.29822391271591187,0.0,0.9001576900482178,0.9209052324295044,0.8496506810188293,1.0565418004989624,0.8308136463165283,1.093971848487854,1.1803995370864868,1.1647652387619019,1.1935473680496216,1.1612690687179565,1.0591826438903809,1.0299867391586304,1.0396370887756348,0.8525596857070923,0.8360368609428406,0.9293137788772583,1.0046584606170654,1.1145656108856201,0.8595449924468994,0.8246554136276245,1.0419154167175293,0.8738030791282654,0.9449754953384399,0.9211987853050232,0.882164478302002,0.9258345365524292,0.9003125429153442,0.9197675585746765,0.8471517562866211,0.7985662221908569,0.8159637451171875,0.8190705180168152,0.9282244443893433,1.125577449798584,0.8590049743652344,0.813001811504364,0.8989838361740112,0.9290734529495239,0.8289342522621155,0.8452402353286743,1.1043727397918701,1.0648739337921143,1.1648616790771484,1.0603026151657104,1.1425576210021973,1.1551910638809204,1.1705212593078613,1.1804661750793457,1.1424298286437988,1.2099324464797974,1.235984206199646,1.2257213592529297,1.1927543878555298,1.2312692403793335,1.144904613494873,1.1872906684875488,0.977265477180481,0.9542808532714844,1.1397584676742554,0.9978974461555481,1.1243833303451538,1.1450625658035278,1.080858588218689,1.185164213180542,1.2119888067245483,1.2285526990890503,1.006397008895874,1.0570824146270752,1.212327241897583,1.1834936141967773,1.1587873697280884,1.1733336448669434,1.20078444480896,1.1194132566452026,1.0831198692321777,0.9506489634513855,1.0158153772354126,1.0722233057022095,1.1432567834854126,1.145776629447937,1.0764453411102295,1.0601505041122437,1.136444091796875,1.0173040628433228,1.0374401807785034,1.1055781841278076,1.127500057220459,0.9999784827232361,0.9197210669517517,0.9007452130317688,1.0423451662063599,0.8220782279968262,0.9957528114318848,0.9550415873527527,1.0538049936294556,0.9802323579788208,0.930883526802063,0.956068754196167,1.0586436986923218,0.9580599069595337,1.0361757278442383,0.9268110394477844,1.1179383993148804,0.9558194279670715,0.9164403080940247,0.9192326068878174,1.0257641077041626,1.011960506439209,0.9494383931159973,0.9533530473709106,1.0361543893814087,1.0176175832748413,1.0060418844223022,0.6781131029129028,0.8050621747970581,0.8537493944168091,0.8201366662979126,0.5905783176422119,0.9637216925621033,0.8274639844894409,0.8211504220962524,0.8712753653526306,0.7966340184211731,0.8737612962722778,0.9755120873451233
face,1.049683928489685,1.0778324604034424,1.0921272039413452,1.015861988067627,1.1271506547927856,1.1364620923995972,1.173473596572876,1.0390549898147583,0.8524868488311768,0.7277758717536926,0.8070715665817261,0.9001576900482178,0.0,0.19676709175109863,0.6212680339813232,0.9415303468704224,0.9009246230125427,1.0254970788955688,1.0698704719543457,1.0187695026397705,1.0520519018173218,1.0232068300247192,0.8300408124923706,0.8820229172706604,0.7371636033058167,1.040543794631958,1.0100557804107666,0.9804908633232117,1.049288034439087,1.1275973320007324,1.0422978401184082,1.0147249698638916,1.055458664894104,1.0103427171707153,0.7580156922340393,0.79864501953125,0.8581474423408508,0.8141263723373413,0.8611077666282654,0.9396465420722961,1.0160125494003296,0.8987641334533691,0.8961833119392395,1.0327305793762207,0.9671427607536316,1.197559118270874,1.0963338613510132,1.016668677330017,1.0586060285568237,1.0133839845657349,0.9049367904663086,0.8710242509841919,1.1314449310302734,1.133275032043457,1.1790988445281982,1.1354756355285645,1.1605581045150757,1.145423173904419,1.1886966228485107,1.192989468574524,0.7987657785415649,1.1785789728164673,1.0957616567611694,1.1025876998901367,1.1421639919281006,0.8978101015090942,0.7797703742980957,1.1648139953613281,1.0602059364318848,1.0664219856262207,1.2540007829666138,1.2074332237243652,1.2479747533798218,1.1483346223831177,1.1597938537597656,1.1939700841903687,1.1944701671600342,1.2387853860855103,1.010642170906067,1.1080390214920044,1.188169002532959,1.14509117603302,1.1839954853057861,1.190070390701294,1.1138197183609009,1.1487690210342407,1.2478594779968262,1.08881676197052,1.0677300691604614,1.2085249423980713,1.2470018863677979,1.2628083229064941,1.2813711166381836,1.1342017650604248,1.2388811111450195,1.147297978401184,1.1057746410369873,1.118417501449585,1.1721733808517456,1.0671775341033936,1.0531435012817383,1.0066989660263062,1.0036706924438477,1.028032898902893,1.0801703929901123,0.929260790348053,1.1556005477905273,1.187267780303955,1.1880522966384888,1.1692548990249634,1.163841962814331,1.0380158424377441,0.8808437585830688,1.0554336309432983,1.1592025756835938,1.2634518146514893,1.0396777391433716,0.9261255264282227,0.9888558387756348,1.040570855140686,1.0543688535690308,1.120410680770874,1.050329327583313,1.063766598701477,1.1190203428268433,0.8824269771575928,0.6368099451065063,0.6586006283760071,0.6465121507644653,0.6961349248886108,0.8401402831077576,0.6603236794471741,0.40504515171051025,0.39367759227752686,0.6866625547409058,0.7185426950454712,0.7781600952148438
hair,1.1024837493896484,1.1346068382263184,1.0728038549423218,0.9816478490829468,1.0673595666885376,1.139685869216919,1.226660966873169,1.012549877166748,0.8254171013832092,0.7565552592277527,0.7339414358139038,0.9209052324295044,0.19676709175109863,0.0,0.589052677154541,0.9023483991622925,0.8952702283859253,0.9878514409065247,1.0225348472595215,1.0176830291748047,1.0276106595993042,1.0300486087799072,0.7507232427597046,0.9061357975006104,0.8002338409423828,1.0378581285476685,0.9883473515510559,0.9567059874534607,0.9921507835388184,1.0965744256973267,1.041628360748291,1.013627290725708,1.0607924461364746,1.0346018075942993,0.7272618412971497,0.7771381139755249,0.8196115493774414,0.8493682742118835,0.8568739891052246,0.9623057246208191,1.0318509340286255,0.9306018948554993,0.9048876166343689,1.0763287544250488,0.9764600992202759,1.213986873626709,1.1440664529800415,1.0509122610092163,1.0625666379928589,0.9788769483566284,0.9332162141799927,0.8617109656333923,1.1493562459945679,1.180643081665039,1.211371660232544,1.1799616813659668,1.1963196992874146,1.1819744110107422,1.22176194190979,1.218747615814209,0.6732549667358398,1.1432883739471436,1.0233055353164673,1.1155375242233276,1.0966837406158447,0.8315200209617615,0.7844889163970947,1.1575596332550049,1.0178587436676025,1.0343871116638184,1.20722234249115,1.2267838716506958,1.2690728902816772,1.1549352407455444,1.1560474634170532,1.2002860307693481,1.1776278018951416,1.2413264513015747,0.9337157607078552,1.0507769584655762,1.1808135509490967,1.1436887979507446,1.221498727798462,1.1766055822372437,1.0459697246551514,1.1382455825805664,1.2270842790603638,1.1359683275222778,1.1158783435821533,1.238245964050293,1.320064902305603,1.3114440441131592,1.336985468864441,1.1117208003997803,1.2747011184692383,1.1915643215179443,1.147428035736084,1.1034491062164307,1.2052050828933716,1.0049307346343994,1.0749459266662598,1.0627363920211792,0.928803563117981,1.0351922512054443,1.116951823234558,0.8967873454093933,1.1398372650146484,1.233680009841919,1.2277445793151855,1.2057461738586426,1.216797113418579,1.0677467584609985,0.7838207483291626,1.047536849975586,1.1775593757629395,1.3215745687484741,1.0354564189910889,0.9018941521644592,0.9332211017608643,1.0264489650726318,1.0383044481277466,1.0922490358352661,1.0222574472427368,1.080035924911499,1.1476091146469116,0.8754116296768188,0.5715298652648926,0.6520541310310364,0.6704565286636353,0.626427948474884,0.7720941305160522,0.6724655628204346,0.41432684659957886,0.3960306644439697,0.6562842130661011,0.6527689099311829,0.6835334300994873
arm,1.181230902671814,1.218435287475586,1.2963424921035767,1.0451040267944336,1.1952037811279297,1.2606897354125977,1.2754156589508057,0.9698352813720703,0.8033989667892456,0.5194334387779236,0.6311570405960083,0.8496506810188293,0.6212680339813232,0.589052677154541,0.0,0.5119842290878296,0.8320721387863159,1.0013668537139893,1.0562160015106201,0.9767192602157593,1.1384634971618652,1.2345465421676636,1.0835919380187988,1.2376714944839478,1.1478151082992554,0.9950305223464966,0.9365071654319763,1.0234941244125366,1.2046537399291992,1.3689337968826294,0.8947803378105164,0.810215950012207,1.0849652290344238,0.9499450922012329,0.7712246775627136,0.8240480422973633,0.8209707140922546,0.8221771717071533,0.7590947151184082,0.8477108478546143,0.8600983023643494,0.6667916774749756,0.7277284860610962,0.5808188319206238,0.7709828615188599,1.0887277126312256,0.9067569375038147,0.6714605093002319,0.9330688714981079,1.0008450746536255,0.8745635747909546,0.616838812828064,1.3255348205566406,1.3030459880828857,1.352502465248108,1.2353698015213013,1.35185968875885,1.3427562713623047,1.3955491781234741,1.3955905437469482,1.1580262184143066,1.3654686212539673,1.1646218299865723,1.3869205713272095,1.3409210443496704,1.337144374847412,1.072977900505066,1.2457637786865234,1.1048524379730225,1.0705031156539917,1.2994967699050903,1.1026225090026855,1.280237078666687,1.2170917987823486,1.04035222530365,1.2623555660247803,1.343419075012207,1.4332354068756104,1.0963786840438843,1.1980799436569214,1.5025030374526978,1.4039260149002075,1.408834457397461,1.3128392696380615,1.1950392723083496,1.2999745607376099,1.151599645614624,1.091779112815857,1.163892149925232,1.2609727382659912,1.4087767601013184,1.3335423469543457,1.1796404123306274,1.214804768562317,1.3076385259628296,1.2176854610443115,1.1198817491531372,1.2451144456863403,1.3399349451065063,0.9863905310630798,0.9428960084915161,0.8718441724777222,1.0074337720870972,0.9010499715805054,1.0598113536834717,0.784682035446167,1.1477880477905273,0.9859215617179871,0.8304675221443176,0.9203143119812012,0.9670530557632446,0.6647385358810425,0.7590924501419067,0.7762831449508667,1.220741868019104,1.281569480895996,0.9807264804840088,0.6524938941001892,0.8135528564453125,0.8208737373352051,0.9918801188468933,0.9918460845947266,1.046804666519165,1.09373140335083,1.1244803667068481,0.5657300353050232,0.5063908100128174,0.3037220239639282,0.3668404817581177,0.6016696691513062,0.7755085825920105,0.4216417074203491,0.33121228218078613,0.32235974073410034,0.3146343231201172,0.4874383211135864,0.5943540334701538
