,rooster,bird,fish,frog,alligator,owl,cat,dog,face,hair,arm,hand,leg,foot,finger,toe,tooth,ear,nose,stroller,motorcycle,car,lamp,chair,bench,drawer,ladder,window,door,closet,refrigerator,oven,crib,bed,couch,table,bathtub,sink,boat,slide,sprinkler,clock,ball,balloon,pumpkin,egg,orange,apple,hat,slipper,watch,nail,glasses,necklace,carrot,vacuum,shovel,scissors,spoon,fork,knife,pencil,pen,crayon,plant,flower,bottle,cup,can,belt,radio,basket,bucket,tape,bowl,plate,pickle,banana,melon,bread,cracker,pizza,hamburger,muffin,glass,tray,box,book,paper,comb,toothbrush,gum,toy,doll,mitten,glove,sock,shoe,purse,pillow,towel,napkin,blanket,dress,pajamas,bib,scarf,jacket,sweater,shirt,jeans,pants,shorts
rooster,0.0,0.31870514154434204,0.7079423666000366,0.6188184022903442,0.6462017297744751,0.7425936460494995,0.6875029802322388,0.48606008291244507,0.8851532936096191,0.7326362133026123,1.0309593677520752,0.9485284090042114,0.8294739127159119,0.9161908626556396,1.0226094722747803,1.0160678625106812,0.8769243955612183,0.9303287863731384,0.9996534585952759,0.7829686403274536,0.6998271942138672,0.8685104846954346,0.9575707912445068,1.0434545278549194,1.0643190145492554,1.0534956455230713,1.0075403451919556,0.9923354983329773,0.915650486946106,0.946392834186554,1.0469709634780884,1.1063095331192017,1.065903902053833,1.0874171257019043,1.0347408056259155,1.1635113954544067,1.1893632411956787,1.2256062030792236,1.0915528535842896,1.1563584804534912,0.7183624505996704,1.063679814338684,1.0726056098937988,1.0921978950500488,1.044211745262146,1.1871209144592285,1.1298115253448486,1.0484354496002197,0.7353833317756653,0.8507943153381348,1.00626540184021,1.0663961172103882,0.9590919613838196,1.0026237964630127,0.9537655115127563,0.7557675838470459,1.0027748346328735,0.9434311389923096,0.9874900579452515,0.867038905620575,0.9290107488632202,1.0013262033462524,0.9715598821640015,0.970937192440033,0.4317883253097534,0.5514664649963379,0.9582342505455017,1.165127158164978,0.9779798984527588,1.012669563293457,1.0261439085006714,1.0765193700790405,1.1841102838516235,1.1673239469528198,1.2698485851287842,1.2286019325256348,1.0871117115020752,1.0371836423873901,1.0963624715805054,1.0206878185272217,0.9394696950912476,0.8978574275970459,1.0824286937713623,0.9206648468971252,0.924470067024231,1.2299413681030273,1.165421724319458,1.0825603008270264,0.9869170784950256,0.698819637298584,0.9456279873847961,0.9326227903366089,0.9949997663497925,0.7219483256340027,0.741326630115509,0.7598047256469727,0.9933934211730957,0.8244795799255371,0.9016481041908264,0.935026228427887,0.8077598810195923,0.8853209018707275,1.0087201595306396,0.879727840423584,0.998429000377655,1.0856223106384277,0.8285878300666809,0.9005950093269348,0.938014030456543,0.8655536770820618,0.9226193428039551,0.8900367021560669,0.7790355682373047
bird,0.31870514154434204,0.0,0.650081217288971,0.6195061802864075,0.6586620807647705,0.7182406187057495,0.7402380108833313,0.6054505109786987,0.9188365936279297,0.8495108485221863,1.0435781478881836,1.0501728057861328,0.8646369576454163,0.9954186081886292,1.1233047246932983,1.0945408344268799,0.9051443934440613,0.9981760382652283,1.1104967594146729,0.7991119623184204,0.7743610143661499,0.8437508344650269,0.9655091166496277,1.0547045469284058,1.014330506324768,1.0561789274215698,0.9556983709335327,0.9881529211997986,0.9357151985168457,0.979004442691803,1.0414148569107056,1.075021743774414,1.045973300933838,1.0164716243743896,1.0025357007980347,1.0963999032974243,1.089115023612976,1.1420691013336182,0.9645084142684937,1.0634264945983887,0.6777360439300537,1.000497817993164,1.102761149406433,1.1371773481369019,1.0551546812057495,1.1880271434783936,1.183566689491272,1.1311777830123901,0.8945540189743042,0.945212721824646,1.1187788248062134,1.137864589691162,1.0713456869125366,1.1027475595474243,1.056017518043518,0.8317975997924805,1.001389980316162,0.8772385120391846,0.9824507236480713,0.9041492342948914,0.9535099864006042,1.0179805755615234,0.9735179543495178,0.9706702828407288,0.6108390092849731,0.7177495956420898,1.002174973487854,1.1488548517227173,1.0516395568847656,1.1151405572891235,1.0281739234924316,1.1050798892974854,1.166301965713501,1.1232776641845703,1.167419672012329,1.1171671152114868,1.0871117115020752,0.9910256862640381,1.1269373893737793,0.9873105883598328,0.8699181079864502,0.8913701176643372,1.0438412427902222,0.9196983575820923,0.9260507225990295,1.1380248069763184,1.1432496309280396,1.075373888015747,0.9388458728790283,0.7476010322570801,0.9027422666549683,0.9544510841369629,1.0340207815170288,0.8849053978919983,0.8020517826080322,0.8932532072067261,1.0322322845458984,0.88006991147995,0.9838505983352661,0.9755330681800842,0.7504045963287354,0.8203362226486206,0.9386987090110779,0.9196425676345825,0.957200288772583,1.0545654296875,0.8567569255828857,0.8760313391685486,0.9287475347518921,0.8795629143714905,0.8921890258789062,0.8987799882888794,0.925052285194397
fish,0.7079423666000366,0.650081217288971,0.0,0.556609034538269,1.0522525310516357,0.8859950304031372,0.8881177306175232,0.945609450340271,1.066144585609436,1.0455772876739502,1.3086442947387695,1.0662999153137207,0.9120625257492065,0.9596142768859863,0.8532338738441467,0.7082371711730957,0.47459250688552856,0.8407266139984131,0.7297490835189819,1.164250373840332,1.1231225728988647,0.8606442213058472,0.6968804001808167,1.235735297203064,1.3563945293426514,1.1238797903060913,1.3306639194488525,1.1963412761688232,1.2413456439971924,1.2746732234954834,1.2842848300933838,1.2026112079620361,1.3099321126937866,1.3537225723266602,1.3226873874664307,1.372617244720459,1.2660099267959595,1.222242832183838,1.0879343748092651,1.2678954601287842,0.8299392461776733,0.6579622030258179,0.7282299995422363,0.7898253202438354,0.8580529689788818,0.7581322193145752,0.7154430150985718,0.6204756498336792,0.6375245451927185,0.45994019508361816,0.6221164464950562,0.5285205841064453,0.6658543348312378,0.7296918630599976,0.6675854325294495,1.1380071640014648,0.9059281945228577,0.890407383441925,0.838553249835968,0.6790972948074341,0.9251666069030762,0.6115624904632568,0.4901599884033203,0.41496098041534424,0.7441336512565613,0.7451387643814087,0.6810040473937988,0.7148480415344238,0.844996988773346,0.5716443061828613,1.0001946687698364,1.1460258960723877,1.0247235298156738,0.7176992893218994,0.9798104763031006,0.9844155311584473,0.7309731245040894,0.8457502126693726,0.9035679697990417,0.7209690809249878,0.7965294122695923,0.94144207239151,0.9960035085678101,0.7266594171524048,1.197743535041809,1.2593786716461182,1.3175655603408813,1.0999666452407837,1.1312073469161987,0.9017196893692017,1.0744425058364868,0.6107451915740967,0.8524657487869263,1.064810037612915,0.9771488904953003,0.7927898168563843,0.9648285508155823,0.9611387848854065,1.1543593406677246,0.9002518057823181,0.8218125700950623,0.7467861175537109,1.2779964208602905,1.1777375936508179,1.2400860786437988,1.1948554515838623,1.1192771196365356,1.2733991146087646,1.2909364700317383,1.2060331106185913,1.230855941772461,1.196639060974121,0.9755963683128357
frog,0.6188184022903442,0.6195061802864075,0.556609034538269,0.0,0.5057142972946167,0.7063201665878296,1.1000475883483887,0.7309647798538208,1.0350444316864014,1.1461634635925293,1.284317970275879,1.0288225412368774,1.1030184030532837,1.0225701332092285,1.0216031074523926,1.0185884237289429,0.8366839289665222,1.0251301527023315,1.0332728624343872,1.052251935005188,1.0112531185150146,0.8956871628761292,0.9646278619766235,1.2189548015594482,1.3057167530059814,1.1007596254348755,1.2015631198883057,1.2330800294876099,1.2376347780227661,1.2066580057144165,1.2645066976547241,1.2201720476150513,1.0906329154968262,1.1959797143936157,1.2286410331726074,1.2296550273895264,1.1240676641464233,1.1090701818466187,0.7949976921081543,0.9558517336845398,0.7625719308853149,0.7514932155609131,0.8854467868804932,0.8888136148452759,0.9597944617271423,0.9627938866615295,0.9723058342933655,0.8942165970802307,0.845084547996521,0.8611700534820557,1.0197237730026245,0.9829842448234558,0.9856398105621338,1.0289251804351807,0.8673892617225647,1.1324958801269531,0.9070327281951904,0.5844595432281494,0.8453837037086487,0.838904082775116,0.9629853963851929,0.8791804909706116,0.877233624458313,0.7700693011283875,0.8582719564437866,0.8232158422470093,0.966339111328125,0.9650254249572754,1.11226224899292,1.0404791831970215,0.9983980059623718,0.9987366199493408,0.9947875738143921,0.8000473976135254,0.9952095746994019,0.9503766298294067,0.8598563075065613,0.7976682186126709,0.8977789878845215,0.8918009400367737,0.7702035903930664,0.8789271116256714,0.888391375541687,0.7942819595336914,1.107803463935852,1.0141037702560425,1.0276998281478882,0.8821431398391724,0.9893065690994263,1.0452412366867065,0.8501045107841492,0.684471845626831,0.6121019721031189,0.6932625770568848,0.8691152334213257,0.9129107594490051,1.0557374954223633,0.9168551564216614,0.9933951497077942,1.1045228242874146,0.9499621391296387,0.9423417448997498,1.2133009433746338,1.1695005893707275,1.1313035488128662,1.0524916648864746,1.1508398056030273,1.1704902648925781,1.2310874462127686,1.209593653678894,1.2195181846618652,1.2091892957687378,1.1284546852111816
alligator,0.6462017297744751,0.6586620807647705,1.0522525310516357,0.5057142972946167,0.0,0.5824023485183716,0.654517412185669,0.3890455961227417,0.8437861800193787,0.9000339508056641,0.6585218906402588,0.7672820687294006,1.0043556690216064,1.0601438283920288,1.1908639669418335,1.29561185836792,1.2159230709075928,1.1829551458358765,1.3552316427230835,0.8242025375366211,0.8171873688697815,1.0731844902038574,1.3672019243240356,1.078721284866333,0.8463255763053894,1.0034241676330566,0.7517638206481934,0.9762994647026062,0.9551650285720825,0.8608397245407104,1.0368965864181519,1.0075496435165405,0.6663132309913635,0.6470819711685181,0.8490051031112671,0.7984803915023804,0.7657407522201538,0.8905556201934814,0.6794711351394653,0.6196656227111816,0.8587813377380371,1.204945683479309,1.2989954948425293,1.2681381702423096,1.0809601545333862,1.370867371559143,1.3199312686920166,1.3725587129592896,1.2658225297927856,1.4159481525421143,1.4809825420379639,1.4973605871200562,1.4094161987304688,1.315993309020996,1.1387361288070679,1.0102556943893433,1.039548635482788,0.7411192655563354,1.0612891912460327,1.1057697534561157,0.9718858599662781,1.2796753644943237,1.3379006385803223,1.355870246887207,1.0221055746078491,1.1177607774734497,1.4068617820739746,1.4519251585006714,1.414023995399475,1.3897161483764648,1.2258220911026,0.9345582723617554,1.215203046798706,1.3542935848236084,1.1610918045043945,1.0299322605133057,1.1776859760284424,0.9693775177001953,1.0028419494628906,1.117783784866333,0.8029859662055969,0.6537522077560425,0.9984470009803772,0.9960899353027344,0.7037717700004578,0.7744112014770508,0.8121438026428223,0.8810288310050964,0.7123311758041382,0.7607923746109009,0.6365892887115479,1.0663095712661743,1.033448576927185,0.6575711369514465,0.5755319595336914,0.9854661226272583,1.051285743713379,0.9300029873847961,0.8150594234466553,1.0679678916931152,0.9735531806945801,1.0778566598892212,0.615419328212738,0.8262326717376709,0.5896297693252563,0.6234909892082214,0.7350727915763855,0.5245569944381714,0.6853752732276917,0.766954779624939,0.6614579558372498,0.8096757531166077,1.04445481300354
owl,0.7425936460494995,0.7182406187057495,0.8859950304031372,0.7063201665878296,0.5824023485183716,0.0,0.5504006743431091,0.5671900510787964,0.7759554386138916,0.8522089123725891,0.7720510959625244,0.7018135786056519,0.8605160117149353,0.8610255718231201,0.9633257985115051,0.9133204817771912,0.8764437437057495,0.9226246476173401,1.0299646854400635,1.0027414560317993,0.9583128094673157,1.0307469367980957,1.2685245275497437,1.2003592252731323,1.022126317024231,1.0802208185195923,1.046250581741333,1.0674055814743042,1.0929428339004517,1.0553078651428223,1.154160737991333,1.0856071710586548,0.9679970741271973,0.8901378512382507,0.9888215661048889,1.0329558849334717,0.9766134023666382,1.053072452545166,0.8596389293670654,0.8830768465995789,0.9472990036010742,1.1059783697128296,1.079013705253601,1.0756347179412842,0.8682494163513184,1.092431664466858,1.0448031425476074,1.1272516250610352,1.0536065101623535,1.0693820714950562,1.1114457845687866,1.1231756210327148,1.0941572189331055,1.0142273902893066,0.960041344165802,1.175653100013733,1.0876904726028442,0.9900012016296387,1.0950947999954224,1.0749117136001587,1.076839804649353,1.200507402420044,1.1901679039001465,1.1802619695663452,1.026001214981079,1.0671297311782837,1.2554692029953003,1.2722835540771484,1.2732224464416504,1.0688400268554688,1.2082130908966064,1.1034268140792847,1.1860466003417969,1.1760717630386353,1.1378432512283325,1.0854859352111816,1.0735199451446533,0.9980433583259583,0.9461683034896851,1.0034557580947876,0.9349337816238403,0.7718160152435303,0.948875367641449,0.9860435128211975,0.8649066686630249,0.9918049573898315,1.0411428213119507,1.0221210718154907,0.9179874062538147,0.845390796661377,0.8135930299758911,0.9056093692779541,1.0360240936279297,0.7286619544029236,0.5710789561271667,0.7755022644996643,0.8914495706558228,0.8569109439849854,0.9191347360610962,0.9540330767631531,0.9652619957923889,1.0575621128082275,0.7438465356826782,0.8418696522712708,0.6261860132217407,0.635297954082489,0.7315219044685364,0.715494692325592,0.8065770864486694,0.8107237815856934,0.7199698686599731,0.8458109498023987,0.8924410343170166
cat,0.6875029802322388,0.7402380108833313,0.8881177306175232,1.1000475883483887,0.654517412185669,0.5504006743431091,0.0,0.5064699053764343,0.71286940574646,0.6578088998794556,0.5541871190071106,0.7332589626312256,0.7129507660865784,0.9367114901542664,1.009674072265625,1.017127513885498,0.9428670406341553,0.9779977798461914,1.0245908498764038,0.8447577953338623,0.8011826276779175,1.026930332183838,1.1435747146606445,0.9877355694770813,0.7307188510894775,0.9933804273605347,0.8404930830001831,0.8135557770729065,0.8156394362449646,0.854141116142273,0.9948369860649109,1.0124720335006714,0.894885241985321,0.7296573519706726,0.7891937494277954,0.8660750985145569,0.8326337933540344,0.9537613391876221,0.9420257210731506,0.8960279822349548,0.8541059494018555,1.2456570863723755,1.1782171726226807,1.1822150945663452,1.0728681087493896,1.2454719543457031,1.1903963088989258,1.223078966140747,1.1192169189453125,1.1069155931472778,1.1467593908309937,1.1675277948379517,1.123854398727417,1.023447036743164,1.0999884605407715,0.9193902015686035,1.1490074396133423,1.1068475246429443,1.169555902481079,1.0627925395965576,1.0143877267837524,1.23905348777771,1.165294885635376,1.2379355430603027,0.895614504814148,1.0669275522232056,1.2598809003829956,1.31130850315094,1.1134350299835205,0.9759120345115662,1.195138931274414,1.1488057374954224,1.2557588815689087,1.3433287143707275,1.2032948732376099,1.173541784286499,1.1747753620147705,1.1945030689239502,1.037620186805725,1.1267869472503662,0.9922208786010742,0.8255741596221924,1.1816104650497437,1.037955403327942,0.7064105272293091,1.053561806678772,1.0662287473678589,1.1546993255615234,0.8909830451011658,0.5639675855636597,0.8508298993110657,1.0775940418243408,1.307845950126648,1.0145574808120728,0.6202285289764404,0.8733310699462891,0.9017043113708496,0.9211838245391846,0.940762996673584,0.7906892895698547,0.963425874710083,1.036978006362915,0.5780897736549377,0.7465335130691528,0.6058217883110046,0.754455029964447,0.6782286167144775,0.5254154205322266,0.5983396768569946,0.640491247177124,0.49349451065063477,0.6457017660140991,0.7790787816047668
dog,0.48606008291244507,0.6054505109786987,0.945609450340271,0.7309647798538208,0.3890455961227417,0.5671900510787964,0.5064699053764343,0.0,0.7774754762649536,0.7392604351043701,0.7034351825714111,0.7924608588218689,0.816686749458313,0.8182573914527893,1.0880297422409058,1.0386759042739868,1.076651930809021,0.9664828777313232,1.1790523529052734,0.7261102795600891,0.7298351526260376,0.9339635372161865,1.3189305067062378,1.0198191404342651,0.8259541988372803,1.08803391456604,0.9164184331893921,0.9892256259918213,0.9582262635231018,0.9394125938415527,1.0868287086486816,1.0861071348190308,0.8916633129119873,0.7693939208984375,0.7657750844955444,0.9079737067222595,0.9556646347045898,1.0650948286056519,0.862054705619812,0.8759562373161316,0.8984682559967041,1.271529197692871,1.2422435283660889,1.2443581819534302,0.9699200391769409,1.3115814924240112,1.2464393377304077,1.2758357524871826,0.9858537912368774,1.0945168733596802,1.20265793800354,1.3162376880645752,1.178687334060669,1.1065160036087036,1.0626356601715088,0.9213714003562927,1.1091523170471191,1.023148775100708,1.152448296546936,1.1293525695800781,1.0688797235488892,1.2453619241714478,1.229560136795044,1.2841002941131592,0.8780514001846313,0.9907132387161255,1.277713656425476,1.3914291858673096,1.1852812767028809,1.1311979293823242,1.169471263885498,1.0440093278884888,1.2516601085662842,1.3569059371948242,1.2561471462249756,1.1553795337677002,1.1986526250839233,1.085633635520935,1.0814764499664307,1.0034128427505493,0.8871191143989563,0.7432062029838562,0.9931929707527161,0.9027619957923889,0.8347859978675842,0.968403160572052,1.006889820098877,0.9829010963439941,0.9005301594734192,0.7878146767616272,0.8602598905563354,1.0943217277526855,1.0831670761108398,0.5312105417251587,0.5116126537322998,0.7300382852554321,0.8554513454437256,0.756632924079895,0.7213464379310608,0.7596246004104614,0.8164145946502686,0.9420222043991089,0.589837908744812,0.7681485414505005,0.620477557182312,0.7188060283660889,0.6416388750076294,0.5727989077568054,0.6783526539802551,0.7146526575088501,0.6068357229232788,0.7574986219406128,0.8215322494506836
face,0.8851532936096191,0.9188365936279297,1.066144585609436,1.0350444316864014,0.8437861800193787,0.7759554386138916,0.71286940574646,0.7774754762649536,0.0,0.23421579599380493,0.6966854333877563,0.790307343006134,0.9478910565376282,0.9747053384780884,0.9199604392051697,0.9868325591087341,1.014496088027954,0.8410420417785645,0.7766377925872803,0.9906863570213318,0.9464210271835327,1.0510984659194946,1.1282910108566284,1.0943183898925781,0.9853004217147827,1.0557448863983154,1.0018454790115356,0.8531445860862732,0.880253255367279,0.9189698696136475,1.03047513961792,1.024861454963684,1.0258135795593262,0.9420456886291504,0.9328972101211548,1.040152907371521,1.0132743120193481,1.0933210849761963,1.0350966453552246,1.0185434818267822,0.9919470548629761,1.1119564771652222,1.1292792558670044,1.1424293518066406,1.0438357591629028,1.128876805305481,1.102503776550293,1.1479789018630981,1.0438005924224854,1.1446993350982666,1.0518888235092163,1.0948768854141235,0.7617536187171936,0.8355705142021179,1.0451865196228027,1.050485610961914,1.2044868469238281,1.1393401622772217,1.1608550548553467,1.1048238277435303,1.132595181465149,1.1653225421905518,1.1572980880737305,1.2008998394012451,0.956547737121582,1.0507261753082275,1.1980457305908203,1.2212488651275635,1.1945191621780396,1.1033167839050293,1.1583094596862793,1.1974323987960815,1.245589017868042,1.2418997287750244,1.1895049810409546,1.194421410560608,1.1519192457199097,1.2018227577209473,1.109850525856018,1.065040111541748,1.0165168046951294,0.9364766478538513,1.0821380615234375,1.0330371856689453,0.7566663026809692,1.131727695465088,1.1698310375213623,1.1527960300445557,1.0312926769256592,0.8098388314247131,0.9564786553382874,1.0740386247634888,1.266871690750122,0.9048731923103333,0.8570284843444824,0.9908338785171509,1.0249571800231934,1.0269725322723389,1.0567905902862549,1.0254958868026733,1.1602520942687988,1.2109946012496948,0.8879350423812866,0.6105008125305176,0.6968789100646973,0.7093281149864197,0.6856311559677124,0.7429567575454712,0.6144062280654907,0.5884835124015808,0.7309141159057617,0.7835623025894165,0.8511874675750732
hair,0.7326362133026123,0.8495108485221863,1.0455772876739502,1.1461634635925293,0.9000339508056641,0.8522089123725891,0.6578088998794556,0.7392604351043701,0.23421579599380493,0.0,0.5723000764846802,0.7019045352935791,0.8498469591140747,0.9452604651451111,0.8924140930175781,0.9490451216697693,0.9903690218925476,0.7092275619506836,0.8057361841201782,0.9070736765861511,0.8447788953781128,1.074725866317749,1.073745846748352,1.0115591287612915,0.9378030300140381,1.0546860694885254,0.9490578174591064,0.7483698725700378,0.7633506655693054,0.8511170744895935,0.9633833169937134,1.013619303703308,0.993258535861969,0.9215319156646729,0.881913959980011,1.005278468132019,1.017403483390808,1.1084340810775757,1.1735767126083374,1.0458418130874634,0.959821879863739,1.1915138959884644,1.1611335277557373,1.1660481691360474,1.083086371421814,1.187570333480835,1.1410846710205078,1.1480433940887451,0.9662941694259644,1.1043301820755005,0.993808925151825,1.0727485418319702,0.7020704746246338,0.7794593572616577,1.0399967432022095,0.9169979691505432,1.2464993000030518,1.2077357769012451,1.1807740926742554,1.0802898406982422,1.1407387256622314,1.1387474536895752,1.131063461303711,1.199952483177185,0.7455328702926636,0.9209617376327515,1.1476235389709473,1.251920223236084,1.1271955966949463,1.0450502634048462,1.1792433261871338,1.187107801437378,1.2977852821350098,1.3312424421310425,1.252610206604004,1.26750648021698,1.2043577432632446,1.233060359954834,1.134486436843872,1.089850664138794,1.0681676864624023,0.9248455762863159,1.1427334547042847,1.035310983657837,0.7374221086502075,1.1705704927444458,1.1973466873168945,1.201047420501709,1.0299869775772095,0.7205070853233337,0.9324585795402527,1.0553359985351562,1.2956106662750244,0.9090043902397156,0.8382666110992432,0.9402798414230347,1.0089508295059204,1.0579173564910889,1.0580697059631348,0.9523482918739319,1.1215500831604004,1.1983646154403687,0.8920203447341919,0.5169404149055481,0.6241018772125244,0.6803874969482422,0.6133170127868652,0.6869431734085083,0.46705329418182373,0.39532268047332764,0.6412572860717773,0.6444352865219116,0.6607502698898315
arm,1.0309593677520752,1.0435781478881836,1.3086442947387695,1.284317970275879,0.6585218906402588,0.7720510959625244,0.5541871190071106,0.7034351825714111,0.6966854333877563,0.5723000764846802,0.0,0.4428998827934265,0.7406988143920898,0.8819323778152466,0.912965714931488,1.0443845987319946,1.1940423250198364,1.0489511489868164,1.2398757934570312,0.8630460500717163,0.8490279316902161,1.2516133785247803,1.380053997039795,0.9340501427650452,0.6260201930999756,0.9832545518875122,0.7948592305183411,0.8337923288345337,0.7970335483551025,0.8196937441825867,0.8893420696258545,0.8726249933242798,0.756831169128418,0.5723261833190918,0.6520103812217712,0.610289454460144,0.657741904258728,0.7903964519500732,0.9588252305984497,0.7478744387626648,1.0673123598098755,1.3592286109924316,1.3318190574645996,1.3248052597045898,1.1666141748428345,1.3383699655532837,1.3078172206878662,1.3952959775924683,1.3444907665252686,1.4023053646087646,1.2587693929672241,1.3716034889221191,1.2690449953079224,1.1510703563690186,1.1138030290603638,0.942177414894104,1.1464133262634277,1.0715765953063965,1.1690593957901,1.19816255569458,0.9993219971656799,1.2493934631347656,1.3443279266357422,1.4177335500717163,1.1018671989440918,1.2152352333068848,1.401674509048462,1.4220151901245117,1.313624382019043,1.2275058031082153,1.265484094619751,1.0528520345687866,1.2522670030593872,1.4687618017196655,1.150367021560669,1.0690217018127441,1.2691848278045654,1.14548659324646,1.08961820602417,1.2104865312576294,1.0497044324874878,0.7508127689361572,1.1226369142532349,1.1849666833877563,0.6003384590148926,0.7660688161849976,0.8782642483711243,1.0071802139282227,0.7486609220504761,0.7416222095489502,0.6363593339920044,1.1325173377990723,1.3403242826461792,0.9322026968002319,0.6391903758049011,0.8723971247673035,0.8367187976837158,1.0025256872177124,0.8796788454055786,0.9411839842796326,1.1291664838790894,1.2206498384475708,0.4915050268173218,0.48429369926452637,0.2803531885147095,0.3674514889717102,0.4992237091064453,0.3785105347633362,0.27053236961364746,0.3048059940338135,0.28570395708084106,0.45534658432006836,0.6777220368385315
hand,0.9485284090042114,1.0501728057861328,1.0662999153137207,1.0288225412368774,0.7672820687294006,0.7018135786056519,0.7332589626312256,0.7924608588218689,0.790307343006134,0.7019045352935791,0.4428998827934265,0.0,0.7576925754547119,0.7135350108146667,0.3820071816444397,0.648417592048645,0.8606294989585876,0.7953382730484009,0.9784175157546997,1.0406907796859741,1.0154210329055786,1.1957637071609497,1.301827073097229,1.125230312347412,1.0203499794006348,1.0754905939102173,1.134352684020996,1.0787752866744995,1.10581374168396,1.1351619958877563,1.1829639673233032,1.1047288179397583,1.0266499519348145,0.9831015467643738,1.0289216041564941,0.9371344447135925,0.8788217306137085,0.8994139432907104,1.0502725839614868,0.9455121159553528,0.9801034331321716,1.205493450164795,1.125886082649231,1.111537218093872,0.9791529774665833,1.1056880950927734,1.0647820234298706,1.1516437530517578,1.1264729499816895,1.0923893451690674,0.9739054441452026,1.131021499633789,1.0127800703048706,0.9592797756195068,0.7599992752075195,1.1197850704193115,0.98984295129776,0.8696611523628235,0.9304842352867126,0.9278872013092041,0.8201848268508911,0.9107003808021545,1.037150263786316,1.103796362876892,1.0875515937805176,1.1321687698364258,1.21856689453125,1.19331955909729,1.227239727973938,1.027434229850769,1.1998391151428223,1.101131558418274,1.0956473350524902,1.212467074394226,1.0161328315734863,0.9647786617279053,1.0084203481674194,0.9153805375099182,0.8579360842704773,0.9447503089904785,0.872096836566925,0.6587032079696655,0.9418537020683289,0.9643617272377014,0.6969884037971497,0.8406270742416382,0.9909532070159912,0.8892728090286255,0.7338342070579529,0.7976993322372437,0.48339271545410156,0.6826026439666748,1.1176568269729614,0.8393058180809021,0.49632686376571655,0.5934644341468811,0.690281867980957,0.8603110313415527,0.9078983068466187,1.0303666591644287,1.06794273853302,1.0848042964935303,0.8823211789131165,0.8480322360992432,0.5057464838027954,0.4989573359489441,0.7491590976715088,0.7394118309020996,0.7587137222290039,0.7146776914596558,0.6874748468399048,0.8366612195968628,0.8156788945198059
leg,0.8294739127159119,0.8646369576454163,0.9120625257492065,1.1030184030532837,1.0043556690216064,0.8605160117149353,0.7129507660865784,0.816686749458313,0.9478910565376282,0.8498469591140747,0.7406988143920898,0.7576925754547119,0.0,0.5183426737785339,0.8120895624160767,0.6899276971817017,0.7694119811058044,0.9216826558113098,0.9895927906036377,0.8569177985191345,0.7955792546272278,1.0136693716049194,1.093842625617981,0.9160462617874146,0.8660393953323364,0.9954181909561157,0.9622493982315063,1.053317904472351,0.9385935664176941,1.0478874444961548,1.0618327856063843,1.0181269645690918,1.079415202140808,1.0459741353988647,0.9549098610877991,1.0123450756072998,1.015946626663208,1.0486328601837158,1.1067156791687012,1.0687133073806763,0.8630509376525879,1.160720705986023,1.062261700630188,1.0688687562942505,1.0286043882369995,1.0664111375808716,1.0102887153625488,1.1016627550125122,0.975604236125946,0.8028987050056458,0.8840335011482239,0.9801336526870728,1.0078619718551636,0.9265937805175781,0.7991713285446167,0.8101333975791931,0.9956151843070984,1.0397285223007202,0.9973757863044739,0.9399363994598389,0.8805937170982361,0.9715180397033691,0.9321666955947876,0.9268895387649536,0.8922688961029053,1.0687733888626099,0.997246503829956,1.062389612197876,0.8447741270065308,0.8538221120834351,1.1457362174987793,1.1184582710266113,1.0660011768341064,1.071265697479248,1.1389942169189453,1.1278108358383179,1.0246483087539673,0.9588103294372559,1.047672152519226,1.0615500211715698,1.0232890844345093,0.9893496632575989,1.148750901222229,1.0883095264434814,1.0102070569992065,1.1348555088043213,1.1616889238357544,1.0874885320663452,0.9272398352622986,0.7459414601325989,0.8215411901473999,0.8741495609283447,1.1139910221099854,0.9281704425811768,0.694292426109314,0.6520183682441711,0.5306469798088074,0.6739141345024109,1.042625069618225,0.9031656384468079,0.9190940856933594,0.9689876437187195,0.9560261368751526,0.8237414360046387,0.7898108959197998,0.8786182999610901,0.8133673667907715,0.9612666368484497,0.8798164129257202,0.739750862121582,0.5829796195030212,0.565763533115387,0.49871617555618286
foot,0.9161908626556396,0.9954186081886292,0.9596142768859863,1.0225701332092285,1.0601438283920288,0.8610255718231201,0.9367114901542664,0.8182573914527893,0.9747053384780884,0.9452604651451111,0.8819323778152466,0.7135350108146667,0.5183426737785339,0.0,0.6463421583175659,0.27490103244781494,0.8239433169364929,0.814012885093689,0.8584779500961304,1.041567087173462,1.072967767715454,1.1446948051452637,1.1154060363769531,1.120687484741211,1.0990300178527832,1.0489777326583862,1.1906870603561401,1.1827410459518433,1.1230723857879639,1.1761950254440308,1.1641128063201904,1.0833799839019775,1.1831135749816895,1.129594087600708,1.0854889154434204,1.1812529563903809,1.1921987533569336,1.2096762657165527,1.1358897686004639,1.1724833250045776,1.014577865600586,1.1207194328308105,0.989828884601593,1.0087305307388306,0.9037928581237793,0.9832931756973267,0.9908747673034668,1.0093222856521606,0.8699829578399658,0.658414363861084,0.7670636177062988,0.9289819598197937,0.8780426979064941,0.850311815738678,0.8333635330200195,1.0862302780151367,1.0046777725219727,1.0784447193145752,1.0363456010818481,1.0328097343444824,1.0273926258087158,0.997887134552002,1.0011094808578491,0.9697291254997253,1.046937108039856,1.0781242847442627,1.0356062650680542,1.0629620552062988,0.991066575050354,0.856624960899353,1.1087357997894287,1.1260913610458374,1.0712440013885498,1.0542311668395996,1.175484538078308,1.1709647178649902,1.0169947147369385,0.9985857009887695,1.030602216720581,0.9674315452575684,1.008383870124817,1.0258722305297852,1.099890947341919,0.9838870763778687,1.1066310405731201,1.1751432418823242,1.1864159107208252,1.028552532196045,1.0241577625274658,1.0230907201766968,0.9919258952140808,0.8839077353477478,1.0548863410949707,0.8473111391067505,0.6664316654205322,0.5557025074958801,0.3348555564880371,0.3996620774269104,0.9860447645187378,0.9239312410354614,0.9329597353935242,0.9721198081970215,1.0089454650878906,1.0313365459442139,0.8597657084465027,0.9416034817695618,0.9410988688468933,1.0806028842926025,1.060532808303833,0.9676050543785095,0.7937365770339966,0.848867654800415,0.6673243045806885
finger,1.0226094722747803,1.1233047246932983,0.8532338738441467,1.0216031074523926,1.1908639669418335,0.9633257985115051,1.009674072265625,1.0880297422409058,0.9199604392051697,0.8924140930175781,0.912965714931488,0.3820071816444397,0.8120895624160767,0.6463421583175659,0.0,0.2778246998786926,0.5550336837768555,0.6398268938064575,0.6228844523429871,1.2364884614944458,1.2334392070770264,1.1321027278900146,0.976984977722168,1.1640448570251465,1.2409276962280273,1.1152805089950562,1.3486289978027344,1.1531065702438354,1.179936408996582,1.2163162231445312,1.2526270151138306,1.1967713832855225,1.2650883197784424,1.2535161972045898,1.1821917295455933,1.267745018005371,1.2185266017913818,1.1716572046279907,1.2821128368377686,1.2544025182724,1.0521843433380127,0.9770609140396118,0.8350075483322144,0.8385685086250305,0.866883397102356,0.7163858413696289,0.7712669968605042,0.7584110498428345,0.8483225107192993,0.6437626481056213,0.5182508230209351,0.6205282211303711,0.617202639579773,0.6999927759170532,0.5145336985588074,1.2275995016098022,1.0467734336853027,1.0097322463989258,0.9641943573951721,0.8862482905387878,0.935269296169281,0.643778383731842,0.7101557850837708,0.681301474571228,1.0402644872665405,1.006878137588501,0.9386063814163208,0.9051245450973511,0.935297966003418,0.7137660980224609,1.0953521728515625,1.1459295749664307,1.0825713872909546,0.9318270087242126,1.0643470287322998,1.089198350906372,0.8055188059806824,0.9146600961685181,0.874334454536438,0.790820300579071,0.9315159916877747,0.9571825265884399,0.9964538812637329,0.8916014432907104,1.114491581916809,1.2025566101074219,1.2379709482192993,0.9948323965072632,1.014963984489441,0.9994596838951111,0.8885761499404907,0.5550382137298584,1.0145525932312012,1.0227203369140625,0.8455208539962769,0.6353057026863098,0.6415305137634277,0.8979383111000061,1.1433870792388916,0.8967766761779785,0.9939831495285034,0.9532366991043091,1.200955867767334,1.183628797531128,1.0178346633911133,1.019792914390564,1.0498443841934204,1.1871918439865112,1.185908555984497,1.117894172668457,1.1054604053497314,1.1454954147338867,0.8953035473823547
toe,1.0160678625106812,1.0945408344268799,0.7082371711730957,1.0185884237289429,1.29561185836792,0.9133204817771912,1.017127513885498,1.0386759042739868,0.9868325591087341,0.9490451216697693,1.0443845987319946,0.648417592048645,0.6899276971817017,0.27490103244781494,0.2778246998786926,0.0,0.45919013023376465,0.6153594851493835,0.5320457816123962,1.2462670803070068,1.2604258060455322,1.1074261665344238,0.9382598996162415,1.2496585845947266,1.3027704954147339,1.1459156274795532,1.3934746980667114,1.2679002285003662,1.2415883541107178,1.280126929283142,1.2864969968795776,1.1946866512298584,1.3084869384765625,1.2917855978012085,1.2286655902862549,1.3476297855377197,1.3156839609146118,1.2935256958007812,1.2631075382232666,1.2933127880096436,1.0809049606323242,0.9520723819732666,0.7737961411476135,0.8270431756973267,0.7796151041984558,0.6548901796340942,0.7088234424591064,0.6368002891540527,0.7300479412078857,0.37689870595932007,0.3890514373779297,0.4383770823478699,0.5097629427909851,0.5960958003997803,0.5807490348815918,1.2909319400787354,1.0508427619934082,1.129440426826477,1.0410932302474976,0.9566433429718018,1.0707660913467407,0.7061436772346497,0.6965792179107666,0.6152423620223999,1.0365984439849854,0.9974541068077087,0.8529300689697266,0.8268935680389404,0.8946334719657898,0.5874906778335571,1.1102185249328613,1.169657826423645,1.0982965230941772,0.8815972208976746,1.113722324371338,1.1458885669708252,0.8590630888938904,0.9818322062492371,0.9357898235321045,0.7925756573677063,1.0029029846191406,1.039555549621582,1.0668483972549438,0.8869103789329529,1.2589216232299805,1.2954776287078857,1.303205966949463,1.056738018989563,1.1259845495224,1.1017398834228516,1.0868924856185913,0.6330376863479614,0.9373225569725037,0.971164345741272,0.8801356554031372,0.6211438179016113,0.503262996673584,0.7215319871902466,1.18468177318573,0.8803125619888306,0.9872430562973022,0.9597206115722656,1.2366396188735962,1.1903691291809082,1.036501169204712,1.0653808116912842,1.0899131298065186,1.3063454627990723,1.2460802793502808,1.1438755989074707,1.0831233263015747,1.1135680675506592,0.7972056269645691
tooth,0.8769243955612183,0.9051443934440613,0.47459250688552856,0.8366839289665222,1.2159230709075928,0.8764437437057495,0.9428670406341553,1.076651930809021,1.014496088027954,0.9903690218925476,1.1940423250198364,0.8606294989585876,0.7694119811058044,0.8239433169364929,0.5550336837768555,0.45919013023376465,0.0,0.6740792989730835,0.5200276374816895,1.2097429037094116,1.159427285194397,0.9773635864257812,0.8347723484039307,1.309989094734192,1.369384527206421,1.1361117362976074,1.3924270868301392,1.2781119346618652,1.2876780033111572,1.3263567686080933,1.325219750404358,1.23982834815979,1.3314781188964844,1.385866641998291,1.3337738513946533,1.3931293487548828,1.2879023551940918,1.2201162576675415,1.1474696397781372,1.2916417121887207,0.8778756260871887,0.8027441501617432,0.7515951991081238,0.8335590958595276,0.8894609212875366,0.6681636571884155,0.76656574010849,0.6092300415039062,0.702886700630188,0.3479834198951721,0.3792310953140259,0.3430434465408325,0.5146349668502808,0.587965726852417,0.5827208161354065,1.2482333183288574,0.9277843236923218,0.9504183530807495,0.8679627180099487,0.7227199673652649,0.8681220412254333,0.5661961436271667,0.5124750733375549,0.42367255687713623,0.9077134132385254,0.918620765209198,0.7418191432952881,0.7154903411865234,0.8542011976242065,0.5393881797790527,1.0499056577682495,1.1332165002822876,1.0670435428619385,0.7774079442024231,1.0017123222351074,0.9944471120834351,0.7024167776107788,0.8701306581497192,0.8676357865333557,0.7409942746162415,0.8579481244087219,0.938302755355835,0.9514886736869812,0.8131468296051025,1.1541482210159302,1.2433080673217773,1.3024640083312988,1.0474421977996826,1.0640413761138916,0.8846470713615417,0.8817530870437622,0.4261983633041382,0.8819675445556641,1.0742809772491455,0.8899636268615723,0.677764892578125,0.826755940914154,0.8772256374359131,1.143305778503418,0.9775788187980652,0.934152364730835,0.8543872833251953,1.341313123703003,1.2053430080413818,1.1931740045547485,1.115631103515625,1.0699747800827026,1.378807544708252,1.3022987842559814,1.2057756185531616,1.200425386428833,1.182595133781433,0.9107919931411743
ear,0.9303287863731384,0.9981760382652283,0.8407266139984131,1.0251301527023315,1.1829551458358765,0.9226246476173401,0.9779977798461914,0.9664828777313232,0.8410420417785645,0.7092275619506836,1.0489511489868164,0.7953382730484009,0.9216826558113098,0.814012885093689,0.6398268938064575,0.6153594851493835,0.6740792989730835,0.0,0.5110101699829102,1.0618963241577148,1.037914752960205,0.9634814262390137,0.9648485779762268,1.1172001361846924,1.2011853456497192,1.07953679561615,1.1717371940612793,1.087592363357544,1.089737057685852,1.1340582370758057,1.1465470790863037,1.1276577711105347,1.1648905277252197,1.2063660621643066,1.1649099588394165,1.2256770133972168,1.1766026020050049,1.1558127403259277,1.1507648229599,1.1861768960952759,1.0136513710021973,1.0059666633605957,0.9431530237197876,0.9464424252510071,0.899608314037323,0.8325415253639221,0.8612309694290161,0.8498287200927734,0.7775507569313049,0.709257185459137,0.6378361582756042,0.6851937770843506,0.5331863164901733,0.6330370903015137,0.7627807259559631,1.1254783868789673,1.1356637477874756,1.12337064743042,1.0355712175369263,0.9608780145645142,1.0890589952468872,0.8923404812812805,0.8722656965255737,0.8795462846755981,0.9460341930389404,0.9508817195892334,0.9515312314033508,0.9729777574539185,0.9912002682685852,0.7796754837036133,1.076545000076294,1.1362454891204834,1.115857481956482,0.9926920533180237,1.0743370056152344,1.0937327146530151,0.9281339645385742,1.0303720235824585,0.9707040190696716,0.8440196514129639,1.0113542079925537,1.0091782808303833,0.9480706453323364,0.8855727314949036,1.0488879680633545,1.1604140996932983,1.2165964841842651,1.107651710510254,1.1356478929519653,0.9489712119102478,1.0265343189239502,0.7679944038391113,1.0185166597366333,0.9261294007301331,0.917985737323761,0.802825927734375,0.8706375360488892,0.9502195715904236,1.1195952892303467,0.9678382873535156,1.0832371711730957,1.08750319480896,1.2049742937088013,1.066707730293274,1.0181735754013062,0.9956361651420593,0.9582222104072571,1.1825565099716187,1.0894771814346313,0.9771019220352173,1.0892513990402222,1.040935754776001,0.8403220176696777
