,rooster,fish,frog,alligator,owl,cat,dog,face,hair,arm,hand,finger,toe,tooth,nose,stroller,car,lamp,chair,bench,drawer,window,door,refrigerator,oven,crib,bed,couch,table,bathtub,sink,slide,clock,ball,balloon,pumpkin,egg,orange,apple,hat,slipper,watch,nail,glasses,necklace,carrot,vacuum,shovel,scissors,spoon,fork,knife,pencil,pen,crayon,plant,flower,bottle,cup,can,belt,basket,bucket,tape,bowl,plate,banana,bread,cracker,pizza,hamburger,glass,tray,box,book,paper,comb,toothbrush,gum,toy,doll,mitten,glove,sock,shoe,purse,pillow,towel,napkin,blanket,pajamas,bib,scarf,jacket,sweater,shirt,jeans,pants,shorts
rooster,0.0,0.7871413826942444,0.43826329708099365,0.36347848176956177,0.6462901830673218,0.7757341861724854,0.5813425183296204,1.0267735719680786,1.0615909099578857,1.0924209356307983,1.0645112991333008,1.1326231956481934,1.074748158454895,1.0111799240112305,1.1158661842346191,0.90760338306427,1.0502245426177979,0.7596182823181152,0.9190545082092285,1.0046170949935913,1.0377599000930786,0.9464564323425293,1.0329515933990479,1.0433311462402344,1.0817657709121704,0.9299700856208801,0.9866836667060852,1.005645990371704,0.9792712926864624,1.0240802764892578,1.032543659210205,0.9314436316490173,0.9415120482444763,0.9888390302658081,0.9059263467788696,0.9122525453567505,0.9980785250663757,1.025080919265747,0.9547891616821289,0.9862127304077148,1.0417729616165161,1.165018916130066,1.0786067247390747,1.0568108558654785,1.0861670970916748,1.0011392831802368,1.0044119358062744,0.9381492137908936,0.7273995876312256,0.9520152807235718,0.9803019762039185,1.0208971500396729,1.0883311033248901,1.0793466567993164,1.1177324056625366,0.7721445560455322,0.731263279914856,1.0312331914901733,1.0331286191940308,1.174966812133789,1.1773403882980347,0.9966630935668945,1.0601980686187744,1.025854229927063,1.0263543128967285,0.9614987969398499,0.9023350477218628,0.8978906869888306,0.878527820110321,0.8705931901931763,0.9093239307403564,0.9496179223060608,0.9496779441833496,0.9950515031814575,0.9004641771316528,0.9061787128448486,1.044567346572876,0.9305722117424011,0.9930010437965393,0.7805222272872925,0.6204404830932617,0.8971260190010071,0.9910147190093994,1.0463745594024658,0.9815800189971924,0.9633609652519226,1.0203722715377808,1.0119643211364746,1.0188791751861572,1.020139217376709,1.1022555828094482,0.939250111579895,1.0801719427108765,0.9757007360458374,1.0337715148925781,1.0731942653656006,1.0795621871948242,1.0727970600128174,1.1582103967666626
fish,0.7871413826942444,0.0,0.5473961234092712,0.7116149663925171,0.7058152556419373,0.8480691313743591,0.8772327899932861,0.9526767730712891,1.0174446105957031,0.9786399602890015,0.754866361618042,0.8576332330703735,0.7698801755905151,0.6949906349182129,1.0073515176773071,1.0919183492660522,1.125292420387268,0.9860830307006836,1.1529498100280762,1.1291170120239258,1.1550874710083008,1.2028049230575562,1.2813092470169067,1.2363554239273071,1.233112096786499,1.1581302881240845,1.060133934020996,1.0764195919036865,0.9651618599891663,1.0138660669326782,0.9330728054046631,0.9700647592544556,0.9785210490226746,0.8509788513183594,0.9418047666549683,0.8797937035560608,0.9295991659164429,0.9014416933059692,0.9106011390686035,0.9064573049545288,0.7091017961502075,0.7671619653701782,0.8847476840019226,0.9905235767364502,0.9121575951576233,0.8164330124855042,1.316999912261963,0.8497293591499329,0.7902010679244995,0.7973520755767822,0.8530799150466919,0.8804402351379395,0.8559449911117554,0.8180211186408997,0.8264657855033875,1.0237338542938232,0.8589502573013306,1.1208664178848267,1.035445213317871,1.2919516563415527,0.823698103427887,1.1408857107162476,1.1268641948699951,0.9844997525215149,0.9694122076034546,0.9329453110694885,0.7993180751800537,0.9244656562805176,0.6338699460029602,0.9404700398445129,0.74909907579422,0.8637836575508118,0.8927773237228394,1.1579080820083618,1.0188485383987427,0.9286617040634155,0.8376343250274658,0.6947582364082336,0.6995719075202942,0.847036600112915,0.86165452003479,0.7291624546051025,0.751896858215332,0.8591263890266418,0.830856442451477,1.0293915271759033,0.9175348877906799,1.0145260095596313,0.9931119680404663,0.9398213624954224,0.8674617409706116,0.7601007223129272,1.0252420902252197,1.014605164527893,1.0589077472686768,1.0516753196716309,0.9613744020462036,1.0196967124938965,1.0564279556274414
frog,0.43826329708099365,0.5473961234092712,0.0,0.3678473234176636,0.5319400429725647,0.9208487272262573,0.7993149757385254,1.0352859497070312,1.129653811454773,1.0642306804656982,0.8599964380264282,1.058181643486023,1.0567735433578491,0.8911340832710266,1.1341506242752075,0.9088188409805298,1.1859614849090576,0.9674186706542969,1.0512621402740479,1.0144742727279663,1.12183678150177,1.1122093200683594,1.223388910293579,1.1932309865951538,1.1970345973968506,0.9617542028427124,1.032089352607727,1.0686588287353516,0.9777901768684387,0.9670472741127014,1.0270211696624756,0.7642896175384521,1.017241358757019,0.8055098056793213,0.922551691532135,0.7517255544662476,1.007873296737671,0.9824744462966919,0.9058849215507507,0.9639637470245361,0.9465044736862183,1.1006743907928467,1.1624159812927246,1.1230531930923462,1.0843350887298584,0.8944905996322632,1.1321349143981934,0.9636663794517517,0.5093872547149658,1.003097653388977,1.0594055652618408,1.040616750717163,1.1202701330184937,1.1178977489471436,1.040022373199463,0.8032105565071106,0.6203107833862305,1.0616720914840698,1.0469880104064941,1.2766625881195068,1.1287477016448975,1.0338096618652344,1.0224292278289795,0.9543443322181702,0.985686182975769,1.0026063919067383,0.6404896974563599,0.9915987253189087,0.7804034352302551,0.9414463639259338,0.6807058453559875,0.9316660165786743,0.8296374082565308,0.9987337589263916,0.8274533748626709,0.8885399103164673,0.9435341954231262,0.6919268369674683,0.576993465423584,0.33935922384262085,0.46566104888916016,0.6428724527359009,0.7627346515655518,0.9066616296768188,0.9137576222419739,0.9677236080169678,0.9640364050865173,0.9479536414146423,0.9694749712944031,0.949332058429718,0.9591477513313293,0.6009518504142761,1.037512183189392,1.027431607246399,1.089056134223938,1.1055494546890259,1.041920781135559,1.0499823093414307,1.1624342203140259
alligator,0.36347848176956177,0.7116149663925171,0.3678473234176636,0.0,0.5742934942245483,0.5620943903923035,0.45638227462768555,0.8467581272125244,0.91399747133255,0.7464749813079834,0.9030551910400391,1.2412582635879517,1.2783098220825195,1.1739156246185303,1.2062915563583374,0.7557002902030945,1.0458624362945557,1.0360071659088135,0.7661356925964355,0.8095637559890747,1.0397677421569824,0.7813276052474976,0.8830845952033997,0.8766288757324219,0.9829150438308716,0.6812453866004944,0.6431131958961487,0.7183313965797424,0.7615159749984741,0.8220810890197754,0.8599454164505005,0.603293776512146,1.1313776969909668,1.1639801263809204,1.0842616558074951,0.9916605353355408,1.2558445930480957,1.1935334205627441,1.2017848491668701,1.0611340999603271,1.2046291828155518,1.3570544719696045,1.416245460510254,1.145153522491455,1.197821021080017,1.1164809465408325,0.9007930755615234,0.9854519963264465,0.7286549806594849,1.1024953126907349,1.1056468486785889,1.1123155355453491,1.2527233362197876,1.2531039714813232,1.3149514198303223,0.7736946940422058,0.8352617025375366,1.0715315341949463,1.1212162971496582,1.21102774143219,1.2832592725753784,1.0018863677978516,1.0234068632125854,1.1985328197479248,1.1078740358352661,1.0368741750717163,0.8673412203788757,1.06318998336792,0.8771306872367859,0.9486755728721619,0.7651877999305725,0.8291356563568115,0.7631702423095703,0.8807368278503418,0.8068516254425049,0.7823028564453125,0.8987739682197571,0.7719672322273254,1.055651068687439,0.8043395280838013,0.6227307319641113,0.6612866520881653,0.7882107496261597,0.9521852135658264,0.9341256618499756,0.8019655346870422,0.8214211463928223,0.8810119032859802,0.9505245685577393,0.5970306396484375,0.7397506237030029,0.6101500988006592,0.8169159889221191,0.6353884935379028,0.7017327547073364,0.7889610528945923,0.69045490026474,0.7496625781059265,0.916833221912384
owl,0.6462901830673218,0.7058152556419373,0.5319400429725647,0.5742934942245483,0.0,0.6054912209510803,0.6170629858970642,0.897041380405426,0.9851478934288025,0.9481663107872009,0.8852691650390625,1.0624690055847168,1.031577229499817,0.9701411724090576,1.10355806350708,0.9806773066520691,0.992526113986969,0.9319210052490234,0.9822142720222473,1.0006405115127563,1.1138849258422852,1.001631259918213,1.1199711561203003,1.0957543849945068,1.1178438663482666,0.9599143266677856,0.9447091817855835,0.9853265881538391,0.944587767124176,1.0566352605819702,0.971321702003479,0.8559843897819519,0.9802430272102356,0.9831202626228333,0.9968867897987366,0.8723496198654175,1.051079273223877,1.0250592231750488,0.9989472031593323,0.8906926512718201,0.9740319848060608,1.0054746866226196,1.128683090209961,0.9966441988945007,0.9747071266174316,1.0191664695739746,1.1119681596755981,0.9895840287208557,0.8338987827301025,0.9975793361663818,1.0009939670562744,0.9846898913383484,1.0232008695602417,1.0103163719177246,1.0653692483901978,0.9243704080581665,0.8813679814338684,0.9765264987945557,0.9857240915298462,1.15488600730896,0.972130537033081,0.9665221571922302,0.9730708003044128,1.0288716554641724,0.9865670204162598,0.9403162002563477,0.9105325937271118,0.8906059265136719,0.8114864230155945,0.8402958512306213,0.8066467046737671,0.9695923328399658,0.8881464004516602,0.986075222492218,0.828650712966919,0.9159027934074402,0.912995457649231,0.8769190907478333,0.9269188642501831,0.7986981272697449,0.6296555399894714,0.7204058170318604,0.7729998230934143,0.887819230556488,0.8594233989715576,0.879438042640686,0.8726468086242676,0.8773928880691528,0.9267698526382446,0.8732778429985046,0.8587818741798401,0.5091120004653931,0.8691997528076172,0.8217636346817017,0.905785083770752,0.9422522187232971,0.9076403379440308,0.9451456069946289,1.0299137830734253
cat,0.7757341861724854,0.8480691313743591,0.9208487272262573,0.5620943903923035,0.6054912209510803,0.0,0.28060948848724365,0.739557683467865,0.7252727746963501,0.679774820804596,0.8725049495697021,1.0951707363128662,1.0696033239364624,1.094247817993164,1.056280255317688,0.8550915718078613,0.951211154460907,1.1118546724319458,0.7852513194084167,0.8232636451721191,1.0265922546386719,0.774854302406311,0.7658616900444031,0.7956247925758362,0.8898521065711975,0.7666128873825073,0.6433649063110352,0.6646827459335327,0.8274780511856079,0.7949223518371582,0.8390410542488098,0.7514996528625488,1.1326632499694824,1.1510450839996338,1.0961294174194336,1.0879319906234741,1.1749341487884521,1.139338493347168,1.1742264032363892,0.9897650480270386,1.0347059965133667,1.1322031021118164,1.2026467323303223,1.0299663543701172,1.1013591289520264,1.162654161453247,0.9576659202575684,1.0982861518859863,1.0266060829162598,1.1572110652923584,1.1378575563430786,1.1334433555603027,1.1499258279800415,1.147653341293335,1.2395228147506714,0.9547587633132935,1.0723655223846436,1.0998282432556152,1.1330029964447021,1.0953410863876343,1.127135157585144,1.0499533414840698,1.0692312717437744,1.2068357467651367,1.1150261163711548,1.0561221837997437,1.1004658937454224,1.0573651790618896,0.9736837148666382,1.0235315561294556,0.9786021113395691,0.8836634755134583,0.8747193813323975,0.9605101346969604,0.9864197969436646,0.9485335350036621,0.9132586717605591,0.9285809993743896,1.193234920501709,1.0922956466674805,0.9065262675285339,0.7639798521995544,0.8018357157707214,0.8863320350646973,0.8365039825439453,0.8816062211990356,0.7974958419799805,0.9857025742530823,1.0652104616165161,0.5618395209312439,0.6259440183639526,0.7651970386505127,0.6898953914642334,0.5562189817428589,0.5480782389640808,0.6637710332870483,0.5348494052886963,0.6331040859222412,0.7784242033958435
dog,0.5813425183296204,0.8772327899932861,0.7993149757385254,0.45638227462768555,0.6170629858970642,0.28060948848724365,0.0,0.8889168500900269,0.8705424666404724,0.844748854637146,0.9729734659194946,1.127727746963501,1.096049189567566,1.0643891096115112,1.053118348121643,0.8148554563522339,1.0207608938217163,1.0777649879455566,0.8608819246292114,0.8594008684158325,1.0367908477783203,0.8571725487709045,0.8791821599006653,0.8839899301528931,0.9520013332366943,0.7814834713935852,0.7675087451934814,0.756806492805481,0.8946589231491089,0.8822845816612244,0.9249460101127625,0.7537303566932678,1.0901991128921509,1.1143393516540527,1.0605469942092896,0.998113214969635,1.1164896488189697,1.123085618019104,1.1257432699203491,1.0488531589508057,1.050006628036499,1.163638710975647,1.1906476020812988,1.0121341943740845,1.114225149154663,1.100433111190796,0.9868565201759338,1.034904956817627,0.8976563811302185,1.080592155456543,1.074981689453125,1.0921354293823242,1.1481516361236572,1.1599023342132568,1.2183903455734253,0.9441590309143066,0.9969474077224731,1.087776780128479,1.0762063264846802,1.133420467376709,1.2094659805297852,0.9856898784637451,1.053718090057373,1.1213645935058594,1.0555765628814697,0.9908827543258667,1.016788125038147,0.9044870138168335,0.9148776531219482,0.882378339767456,0.8697580099105835,0.8984878659248352,0.8759819269180298,0.9785894751548767,0.9806528091430664,0.9788305163383484,0.9557648301124573,0.9042719602584839,1.1044864654541016,0.9503329992294312,0.8183547258377075,0.8177497386932373,0.8946199417114258,0.9353342056274414,0.8674818277359009,0.9082403182983398,0.9216447472572327,0.9916675686836243,1.0539135932922363,0.7429215312004089,0.8280161619186401,0.832726001739502,0.866273045539856,0.6451388597488403,0.7197311520576477,0.8510116934776306,0.6884438395500183,0.7960759997367859,0.9181503057479858
face,1.0267735719680786,0.9526767730712891,1.0352859497070312,0.8467581272125244,0.897041380405426,0.739557683467865,0.8889168500900269,0.0,0.2372710108757019,0.6145696640014648,0.8218318819999695,1.0240845680236816,1.0686286687850952,1.0037580728530884,0.6134639382362366,1.0258795022964478,0.9786844849586487,1.097362995147705,1.018701434135437,1.0082334280014038,1.058016061782837,0.8317012190818787,0.8076273202896118,0.9094469547271729,1.0014621019363403,0.9463700652122498,0.8149073719978333,0.8317538499832153,0.9007391333580017,0.9937350749969482,0.9606619477272034,0.9736577272415161,1.1145280599594116,1.1569218635559082,1.0999141931533813,1.117037057876587,1.1568626165390015,1.125004768371582,1.1754531860351562,0.8111172318458557,1.1004220247268677,1.0651129484176636,1.1358416080474854,0.5506190061569214,0.7138893604278564,1.1872867345809937,1.037099838256836,1.1642134189605713,1.123405933380127,1.1738157272338867,1.1597639322280884,1.2098312377929688,1.1367303133010864,1.1746957302093506,1.2547513246536255,1.0259108543395996,1.140101671218872,1.132932186126709,1.1777223348617554,1.200613021850586,1.0693176984786987,1.2248896360397339,1.1742253303527832,1.2051697969436646,1.1872884035110474,1.135300636291504,1.1396756172180176,1.1338136196136475,0.9925026893615723,1.088033676147461,0.9985485076904297,0.6012532711029053,1.0484074354171753,1.0788381099700928,1.048967957496643,0.9914801716804504,0.9895579218864441,0.8951642513275146,1.131900668144226,1.2008486986160278,1.0169347524642944,0.9085316061973572,0.9055087566375732,0.9792734384536743,0.9548142552375793,0.9881891012191772,0.8763887882232666,1.0995147228240967,1.1471513509750366,0.6942437887191772,0.5681248903274536,0.6298028230667114,0.47687578201293945,0.41768407821655273,0.3821314573287964,0.29035526514053345,0.6528218984603882,0.6841221451759338,0.7409013509750366
hair,1.0615909099578857,1.0174446105957031,1.129653811454773,0.91399747133255,0.9851478934288025,0.7252727746963501,0.8705424666404724,0.2372710108757019,0.0,0.6267871856689453,0.8047993183135986,1.017476201057434,1.048218846321106,1.0579302310943604,0.6586841940879822,0.9979515671730042,0.9807477593421936,1.0764434337615967,1.0007632970809937,1.052028775215149,1.0759375095367432,0.8174254894256592,0.7681236863136292,0.8814535737037659,0.981985330581665,0.9321154952049255,0.8112790584564209,0.7828019857406616,0.9205561280250549,1.0096133947372437,0.978756844997406,0.9909305572509766,1.1092904806137085,1.224291443824768,1.1168736219406128,1.210012435913086,1.2171813249588013,1.185283899307251,1.2344887256622314,0.7320684194564819,1.1163839101791382,1.0746053457260132,1.160291075706482,0.5305393934249878,0.7656731605529785,1.2483572959899902,0.9853415489196777,1.1846165657043457,1.171998381614685,1.2146323919296265,1.1916695833206177,1.2423436641693115,1.1147873401641846,1.1623495817184448,1.281509280204773,0.9857809543609619,1.1523159742355347,1.177921175956726,1.2305275201797485,1.1717207431793213,1.1073144674301147,1.2452504634857178,1.208308458328247,1.2800875902175903,1.241477370262146,1.181126594543457,1.2133843898773193,1.1963361501693726,1.0683972835540771,1.1503366231918335,1.0472530126571655,0.6536117792129517,1.086277961730957,1.070467233657837,1.0946015119552612,0.9878643751144409,1.0183846950531006,0.916208803653717,1.1598327159881592,1.260421872138977,1.0600757598876953,0.9655065536499023,0.9484567642211914,1.0058382749557495,1.0246034860610962,1.0244765281677246,0.8861218094825745,1.1641464233398438,1.2101116180419922,0.7440102696418762,0.6063253879547119,0.7556121349334717,0.4656537175178528,0.49328988790512085,0.43412864208221436,0.3969235420227051,0.6851261854171753,0.6895281672477722,0.709513783454895
arm,1.0924209356307983,0.9786399602890015,1.0642306804656982,0.7464749813079834,0.9481663107872009,0.679774820804596,0.844748854637146,0.6145696640014648,0.6267871856689453,0.0,0.5589367151260376,0.9950550198554993,1.0982046127319336,1.1857378482818604,1.0884889364242554,0.890782356262207,1.0644432306289673,1.213085651397705,0.7240216135978699,0.8331160545349121,1.02418851852417,0.6772351264953613,0.7182502746582031,0.7376782894134521,0.870790958404541,0.7368121147155762,0.395967960357666,0.5733215808868408,0.35743260383605957,0.7786001563072205,0.6531696319580078,0.70830899477005,1.2196599245071411,1.273808240890503,1.1764452457427979,1.1278190612792969,1.2320410013198853,1.2086482048034668,1.2715802192687988,1.1086015701293945,1.2145994901657104,1.223034143447876,1.3067917823791504,1.0391535758972168,0.9961759448051453,1.210321068763733,0.9727916121482849,1.034003734588623,1.016381859779358,1.0983929634094238,1.0961331129074097,1.0673637390136719,1.1557190418243408,1.2358942031860352,1.3480907678604126,1.0828945636749268,1.1602115631103516,1.0388959646224976,1.0968143939971924,1.1080169677734375,1.2059013843536377,1.055884599685669,1.0017285346984863,1.2404433488845825,1.0266432762145996,0.8888630867004395,1.0555895566940308,1.1593835353851318,0.9965765476226807,1.0016626119613647,0.8631851673126221,0.7107051610946655,0.5725144147872925,0.8555220365524292,0.8256134986877441,0.638481616973877,0.900935709476471,0.7236902117729187,1.1455082893371582,1.1857539415359497,0.9700455665588379,0.6956408619880676,0.6979305148124695,0.8513237237930298,0.9768767356872559,0.73747318983078,0.7941130995750427,0.8639246225357056,0.9256988167762756,0.35933876037597656,0.34266823530197144,0.5180593729019165,0.40430277585983276,0.32619374990463257,0.31420034170150757,0.31025445461273193,0.32667505741119385,0.3990177512168884,0.5222517848014832
hand,1.0645112991333008,0.754866361618042,0.8599964380264282,0.9030551910400391,0.8852691650390625,0.8725049495697021,0.9729734659194946,0.8218318819999695,0.8047993183135986,0.5589367151260376,0.0,0.4078347682952881,0.5902666449546814,0.8108737468719482,0.8823261857032776,1.0214554071426392,1.2124900817871094,1.2620126008987427,1.0411423444747925,1.049763560295105,1.11565363407135,1.1122891902923584,1.1201528310775757,1.0941745042800903,1.087206244468689,1.0434412956237793,0.9173619747161865,0.9377536773681641,0.8278710246086121,0.9365546107292175,0.8835015296936035,0.863700270652771,1.1805903911590576,1.0651556253433228,1.0823938846588135,0.96573805809021,1.0425844192504883,1.0435034036636353,1.0753469467163086,1.0540530681610107,0.9559749364852905,0.9675606489181519,1.083460807800293,1.0017327070236206,0.9221678972244263,0.9588361382484436,1.1978611946105957,1.0298112630844116,0.8757423758506775,1.0049420595169067,1.0070502758026123,0.9986951351165771,1.0001314878463745,1.095416784286499,1.1563299894332886,1.1889119148254395,1.1647673845291138,1.1291418075561523,1.0843595266342163,1.1864099502563477,1.0847570896148682,1.1560062170028687,1.0970368385314941,1.1270735263824463,1.0436409711837769,0.9574143290519714,0.8352487087249756,1.0749735832214355,0.7024829387664795,0.9887802004814148,0.7212129831314087,0.813082754611969,0.7151170372962952,1.0329843759536743,0.8913038372993469,0.7362232208251953,0.8086425065994263,0.48149603605270386,0.7568755149841309,0.9545605182647705,0.7978426218032837,0.5826464891433716,0.5221326947212219,0.6646773219108582,0.9110877513885498,0.9868507981300354,0.894328236579895,0.9942770004272461,0.9987122416496277,0.7571227550506592,0.4323587417602539,0.5784584879875183,0.6885103583335876,0.8104984760284424,0.8252637982368469,0.8163906931877136,0.7296121120452881,0.8069952726364136,0.8964714407920837
finger,1.1326231956481934,0.8576332330703735,1.058181643486023,1.2412582635879517,1.0624690055847168,1.0951707363128662,1.127727746963501,1.0240845680236816,1.017476201057434,0.9950550198554993,0.4078347682952881,0.0,0.20834016799926758,0.5052542090415955,0.695058286190033,1.199160099029541,1.1787054538726807,1.0837907791137695,1.2075862884521484,1.1946861743927002,1.1125777959823608,1.2762848138809204,1.2613677978515625,1.2584069967269897,1.1468533277511597,1.2712346315383911,1.2543225288391113,1.1722511053085327,1.1865917444229126,1.2208762168884277,1.1775647401809692,1.2476913928985596,1.0054364204406738,0.816268801689148,0.8765773773193359,0.9073940515518188,0.6678064465522766,0.7803213000297546,0.7477869987487793,0.9195013642311096,0.68753582239151,0.5991261601448059,0.5404503345489502,0.8037703633308411,0.6950734257698059,0.6683496832847595,1.3200570344924927,1.0962806940078735,0.9965043663978577,0.9383440017700195,0.9316450953483582,0.9268374443054199,0.7449447512626648,0.8224490880966187,0.7542175054550171,1.185570478439331,1.148025393486023,1.0986679792404175,0.9957966208457947,1.0866577625274658,0.8003678321838379,1.1170185804367065,1.1623733043670654,0.9389710426330566,1.011036992073059,1.0271896123886108,0.8498938679695129,0.9049487113952637,0.6748824119567871,0.9919261932373047,0.9040523767471313,1.0554883480072021,1.1379671096801758,1.1906274557113647,1.0890742540359497,1.0390552282333374,1.0461782217025757,0.8134068250656128,0.6957240700721741,1.036275029182434,0.9760760068893433,0.9225012063980103,0.7664182186126709,0.7675083875656128,0.9799436926841736,1.2209707498550415,1.0109297037124634,1.087120532989502,1.036258339881897,1.1879613399505615,0.901644766330719,1.0472412109375,1.036503553390503,1.1598920822143555,1.1742610931396484,1.1301629543304443,1.1135039329528809,1.1378567218780518,1.1106518507003784
toe,1.074748158454895,0.7698801755905151,1.0567735433578491,1.2783098220825195,1.031577229499817,1.0696033239364624,1.096049189567566,1.0686286687850952,1.048218846321106,1.0982046127319336,0.5902666449546814,0.20834016799926758,0.0,0.45131629705429077,0.6748257875442505,1.2176097631454468,1.1756521463394165,1.0585042238235474,1.2708390951156616,1.2291147708892822,1.140188455581665,1.3345274925231934,1.3193128108978271,1.3199964761734009,1.1887576580047607,1.3012803792953491,1.2895160913467407,1.2115471363067627,1.239230990409851,1.2898125648498535,1.2623648643493652,1.2963683605194092,0.9619041085243225,0.7561094164848328,0.870281457901001,0.8567666411399841,0.5831246972084045,0.7270771265029907,0.6577163934707642,0.8209317922592163,0.46257710456848145,0.4819070100784302,0.368023157119751,0.7785588502883911,0.6464776992797852,0.6327937841415405,1.369394302368164,1.1651768684387207,1.0542832612991333,0.9661098122596741,0.9757471084594727,0.965790867805481,0.7324443459510803,0.7593733072280884,0.6758558750152588,1.20562744140625,1.1249561309814453,1.1021419763565063,1.0083732604980469,1.1118786334991455,0.7413321733474731,1.2005629539489746,1.1917643547058105,0.9390660524368286,1.0461344718933105,1.0932782888412476,0.9494600892066956,0.8805738091468811,0.7266288995742798,1.0616897344589233,1.0412017107009888,1.1547112464904785,1.2535271644592285,1.2365254163742065,1.153159499168396,1.1093767881393433,1.124293565750122,0.9635170698165894,0.7498464584350586,1.0310477018356323,0.9119337201118469,0.8859822750091553,0.7391495704650879,0.6213201284408569,0.8675276041030884,1.2769956588745117,1.0210777521133423,1.1126891374588013,1.0667047500610352,1.2178627252578735,0.9298189282417297,1.1083433628082275,1.0684646368026733,1.2242810726165771,1.2300629615783691,1.1733646392822266,1.1400643587112427,1.1568665504455566,1.0874451398849487
tooth,1.0111799240112305,0.6949906349182129,0.8911340832710266,1.1739156246185303,0.9701411724090576,1.094247817993164,1.0643891096115112,1.0037580728530884,1.0579302310943604,1.1857378482818604,0.8108737468719482,0.5052542090415955,0.45131629705429077,0.0,0.5775483846664429,1.2141153812408447,1.1846444606781006,1.0168704986572266,1.2961722612380981,1.2094745635986328,1.1141598224639893,1.3479173183441162,1.3701144456863403,1.3133448362350464,1.2141001224517822,1.2659757137298584,1.3189419507980347,1.248422622680664,1.2418726682662964,1.2144145965576172,1.1909852027893066,1.2310044765472412,0.8903334140777588,0.7463890314102173,0.817950963973999,0.8725794553756714,0.6375235915184021,0.8098783493041992,0.7110140323638916,0.8022624850273132,0.5448434948921204,0.43554461002349854,0.40930771827697754,0.7336537837982178,0.5711797475814819,0.7645443677902222,1.324155569076538,1.062546968460083,0.8289495706558228,0.846746563911438,0.8604557514190674,0.8755625486373901,0.7073385119438171,0.7132495641708374,0.6726289987564087,1.1481213569641113,0.9732158780097961,1.1275092363357544,0.9847314357757568,1.1208080053329468,0.6559858322143555,1.0890681743621826,1.1515954732894897,0.8380869626998901,0.9539043307304382,1.0408049821853638,0.8850006461143494,0.8557397127151489,0.6229013204574585,1.0139856338500977,0.8952189087867737,0.9993608593940735,1.2000824213027954,1.2328884601593018,1.1774393320083618,1.174229621887207,1.0036414861679077,0.8263883590698242,0.575567901134491,0.8842471241950989,0.9097627401351929,0.9438714981079102,0.8543705344200134,0.8849397301673889,0.8962103724479675,1.2345389127731323,1.0480808019638062,1.1176633834838867,1.065176010131836,1.266442894935608,1.0670084953308105,1.0231283903121948,1.0754151344299316,1.1880836486816406,1.213465690612793,1.1657733917236328,1.1764941215515137,1.17435884475708,1.1330482959747314
nose,1.1158661842346191,1.0073515176773071,1.1341506242752075,1.2062915563583374,1.10355806350708,1.056280255317688,1.053118348121643,0.6134639382362366,0.6586841940879822,1.0884889364242554,0.8823261857032776,0.695058286190033,0.6748257875442505,0.5775483846664429,0.0,1.1548597812652588,1.0949459075927734,1.0569334030151367,1.2307796478271484,1.1721813678741455,1.0537011623382568,1.1590056419372559,1.138265609741211,1.1309465169906616,1.087242841720581,1.1822631359100342,1.1938015222549438,1.1661887168884277,1.1517170667648315,1.18674898147583,1.1418178081512451,1.2518596649169922,1.009111762046814,0.9544584155082703,0.9582485556602478,1.0231748819351196,0.8744895458221436,0.9345295429229736,0.9269402623176575,0.8057268857955933,0.8502089977264404,0.7280961871147156,0.6704768538475037,0.4589414596557617,0.5922135710716248,0.9976919889450073,1.1950855255126953,1.1559025049209595,1.1420260667800903,1.0399260520935059,1.0475705862045288,1.1016932725906372,0.9683297276496887,0.989272952079773,0.9754038453102112,1.1450637578964233,1.157017707824707,1.1225194931030273,1.0867960453033447,1.1366381645202637,0.9062411189079285,1.1825675964355469,1.2009307146072388,1.0521003007888794,1.097000002861023,1.0972946882247925,1.0948377847671509,1.0201514959335327,0.9197943806648254,1.094061255455017,1.0755820274353027,0.7727693319320679,1.213153600692749,1.1880782842636108,1.1666882038116455,1.1601471900939941,1.1105225086212158,1.0424325466156006,0.8718904256820679,1.13530695438385,1.0993400812149048,1.112593173980713,1.0317314863204956,1.021361231803894,1.0370615720748901,1.1877144575119019,1.0841628313064575,1.1711220741271973,1.1550116539001465,1.1607825756072998,1.015014410018921,1.0691369771957397,0.9195200204849243,1.0300532579421997,1.0121744871139526,0.9585071802139282,1.1238919496536255,1.1048336029052734,1.0479731559753418
stroller,0.90760338306427,1.0919183492660522,0.9088188409805298,0.7557002902030945,0.9806773066520691,0.8550915718078613,0.8148554563522339,1.0258795022964478,0.9979515671730042,0.890782356262207,1.0214554071426392,1.199160099029541,1.2176097631454468,1.2141153812408447,1.1548597812652588,0.0,0.8325719833374023,1.1255824565887451,0.7503019571304321,0.7565144896507263,1.0044759511947632,0.7667158246040344,0.8053184151649475,0.8263189196586609,0.8951966166496277,0.6068637371063232,0.6505433320999146,0.6105490922927856,0.8334824442863464,0.8295468091964722,0.9246907234191895,0.6479558944702148,1.0709505081176758,1.219617486000061,1.155448079109192,1.1306724548339844,1.2784053087234497,1.258470892906189,1.2710161209106445,1.110864520072937,1.1091207265853882,1.232391595840454,1.2941339015960693,1.1693354845046997,1.2187974452972412,1.2570970058441162,0.6189874410629272,0.9806455373764038,0.8586825132369995,1.193447232246399,1.2134339809417725,1.1750907897949219,1.2641799449920654,1.2548835277557373,1.3158127069473267,0.8708049654960632,0.9719778895378113,1.0406614542007446,1.141348958015442,0.9657104015350342,1.1873526573181152,0.9700338244438171,0.9687632322311401,1.1901994943618774,1.1282553672790527,1.080665946006775,1.0670720338821411,1.1857929229736328,1.1517868041992188,1.0873875617980957,0.9601442217826843,0.9557896256446838,0.8724590539932251,0.8284156322479248,0.9133154153823853,0.9417746663093567,1.008313536643982,0.923227071762085,1.1243267059326172,0.8845258355140686,0.8611823320388794,0.8545874953269958,0.9083459377288818,0.9398181438446045,0.8537870645523071,0.677971601486206,0.8312729597091675,0.9242919683456421,0.997550904750824,0.6913318634033203,0.8636813163757324,0.8760461807250977,0.8722115755081177,0.8387035131454468,0.8365483283996582,0.9220564961433411,0.750691294670105,0.7684413194656372,0.8881567716598511
car,1.0502245426177979,1.125292420387268,1.1859614849090576,1.0458624362945557,0.992526113986969,0.951211154460907,1.0207608938217163,0.9786844849586487,0.9807477593421936,1.0644432306289673,1.2124900817871094,1.1787054538726807,1.1756521463394165,1.1846444606781006,1.0949459075927734,0.8325719833374023,0.0,0.9749834537506104,0.6974461078643799,0.9710900783538818,0.973987877368927,0.6233762502670288,0.8864195346832275,0.9254000782966614,0.9157346487045288,0.9413473606109619,0.938208818435669,0.9539946913719177,0.9527385830879211,1.027301549911499,0.8406426906585693,1.0461479425430298,0.9685018062591553,1.1188690662384033,1.0780918598175049,1.047096848487854,1.0900903940200806,1.0315531492233276,1.0239629745483398,0.7896238565444946,0.9831720590591431,0.8402570486068726,1.0412547588348389,0.8917553424835205,0.9296166896820068,1.0780367851257324,0.7102075219154358,0.8520098924636841,1.0183990001678467,0.9231086373329163,0.8825011253356934,0.8354061841964722,0.8577151298522949,0.8318449258804321,0.8408342003822327,0.6964795589447021,0.8333473205566406,0.7306638956069946,0.813667356967926,0.6216769814491272,0.7334966659545898,0.7731356024742126,0.7738486528396606,0.9791407585144043,0.8912068605422974,0.8442702293395996,1.065195083618164,0.8774168491363525,1.1442550420761108,0.9105758666992188,1.0664070844650269,0.9393236637115479,1.0094943046569824,0.8356139659881592,0.8649595975875854,1.0046181678771973,0.9943852424621582,1.1893699169158936,1.1479218006134033,1.1706821918487549,1.0901931524276733,1.153563380241394,1.002610206604004,1.1203022003173828,1.0242887735366821,0.742723822593689,0.7675122022628784,0.7769287824630737,0.7652032375335693,0.9920694828033447,1.1514043807983398,1.0785248279571533,1.0172306299209595,1.0158337354660034,0.9937489032745361,0.9912938475608826,1.08171546459198,1.0866950750350952,1.0232617855072021
lamp,0.7596182823181152,0.9860830307006836,0.9674186706542969,1.0360071659088135,0.9319210052490234,1.1118546724319458,1.0777649879455566,1.097362995147705,1.0764434337615967,1.213085651397705,1.2620126008987427,1.0837907791137695,1.0585042238235474,1.0168704986572266,1.0569334030151367,1.1255824565887451,0.9749834537506104,0.0,1.0263487100601196,1.0495811700820923,0.9217118620872498,0.9804099202156067,1.0454078912734985,1.122101902961731,1.0696231126785278,1.0691367387771606,1.1669913530349731,1.1598918437957764,1.1062899827957153,1.0951666831970215,1.0594182014465332,1.1109659671783447,0.5295729637145996,0.8125114440917969,0.5823149681091309,0.9173609018325806,0.8001515865325928,0.8218222856521606,0.8242689967155457,0.8301102519035339,0.9989553689956665,0.943120539188385,0.8224673867225647,0.8574860692024231,0.8787168264389038,0.9287442564964294,1.0484728813171387,0.90727299451828,0.9585922956466675,0.8446919918060303,0.8317567110061646,0.9211056232452393,0.8648760318756104,0.8115338087081909,0.8329942226409912,0.775017499923706,0.8187242746353149,0.9349802732467651,0.8898521065711975,1.0034373998641968,0.835986316204071,0.8843956589698792,0.9620627164840698,0.7644007205963135,0.8848463892936707,0.9110334515571594,0.9818527102470398,0.8845281600952148,1.0884780883789062,0.9041723012924194,1.002429723739624,1.0095951557159424,1.101028561592102,1.058322548866272,1.0877183675765991,1.1458570957183838,1.1515600681304932,1.1942487955093384,1.0219871997833252,0.9557738900184631,1.0959901809692383,1.281132698059082,1.2865437269210815,1.215356469154358,1.1117267608642578,1.1456971168518066,1.192463994026184,1.0679115056991577,1.0352379083633423,1.2394359111785889,1.2745997905731201,1.2018734216690063,1.1821011304855347,1.1285573244094849,1.151578426361084,1.1411023139953613,1.2439603805541992,1.19655179977417,1.1809899806976318
chair,0.9190545082092285,1.1529498100280762,1.0512621402740479,0.7661356925964355,0.9822142720222473,0.7852513194084167,0.8608819246292114,1.018701434135437,1.0007632970809937,0.7240216135978699,1.0411423444747925,1.2075862884521484,1.2708390951156616,1.2961722612380981,1.2307796478271484,0.7503019571304321,0.6974461078643799,1.0263487100601196,0.0,0.5107648372650146,0.841715395450592,0.4762458801269531,0.6921018362045288,0.7314790487289429,0.8434757590293884,0.48308372497558594,0.41995978355407715,0.6138426661491394,0.545020580291748,0.6870700120925903,0.4814620614051819,0.5907093286514282,1.0069400072097778,1.2091822624206543,1.0582752227783203,1.0471640825271606,1.194509744644165,1.1309995651245117,1.1739360094070435,0.9458500742912292,1.1585686206817627,1.2169275283813477,1.2670173645019531,1.0584321022033691,1.077429175376892,1.1376594305038452,0.6648046970367432,0.861449122428894,0.8988956212997437,0.9493981003761292,0.904106855392456,0.8704493641853333,1.060579776763916,1.0932062864303589,1.1367297172546387,0.7620221376419067,0.9508830308914185,0.7932521104812622,0.8676568269729614,0.7154399752616882,0.9973169565200806,0.6883552074432373,0.7134343385696411,1.026249885559082,0.850788950920105,0.739468514919281,1.038865327835083,1.0132228136062622,1.1560993194580078,0.9220647811889648,1.0096406936645508,0.9157797694206238,0.5787335634231567,0.712034285068512,0.7371975183486938,0.7765892148017883,0.923489511013031,1.0166337490081787,1.2384260892868042,1.0443326234817505,0.9535713195800781,0.9191803932189941,0.8888036608695984,0.9956192374229431,0.9951133131980896,0.5507068634033203,0.6167725920677185,0.6942914724349976,0.717943549156189,0.5359302163124084,0.9034252166748047,0.8589162230491638,0.7676448822021484,0.766358494758606,0.7613805532455444,0.8575785160064697,0.7732888460159302,0.7983963489532471,0.8883686661720276
bench,1.0046170949935913,1.1291170120239258,1.0144742727279663,0.8095637559890747,1.0006405115127563,0.8232636451721191,0.8594008684158325,1.0082334280014038,1.052028775215149,0.8331160545349121,1.049763560295105,1.1946861743927002,1.2291147708892822,1.2094745635986328,1.1721813678741455,0.7565144896507263,0.9710900783538818,1.0495811700820923,0.5107648372650146,0.0,0.7627454400062561,0.7388070821762085,0.5920385122299194,0.7155332565307617,0.8058621883392334,0.39116984605789185,0.6061850786209106,0.7104488611221313,0.8089437484741211,0.5199613571166992,0.7162426710128784,0.46293461322784424,1.0097461938858032,1.1960668563842773,1.1292685270309448,1.0937321186065674,1.1984065771102905,1.1490229368209839,1.2343356609344482,1.1705710887908936,1.1834386587142944,1.311702013015747,1.2758214473724365,1.1468842029571533,1.1403143405914307,1.0969334840774536,0.7064990997314453,1.025654673576355,0.9498336315155029,1.1461912393569946,1.1012122631072998,1.1083017587661743,1.1868808269500732,1.199554681777954,1.239532709121704,0.9648404121398926,1.0858831405639648,1.0558459758758545,1.0991849899291992,0.87874835729599,1.1716179847717285,0.8182058334350586,0.9528613686561584,1.1126221418380737,1.0676240921020508,1.0307508707046509,1.0449873208999634,1.123897910118103,1.0766953229904175,1.0468237400054932,1.029033899307251,1.0568963289260864,0.7905403971672058,0.7628899812698364,0.9232735633850098,0.9347084760665894,0.892889142036438,0.9618967771530151,1.213061809539795,0.9654117822647095,0.992018461227417,0.9845622181892395,1.0226672887802124,0.9907905459403992,0.9235360622406006,0.8697882294654846,0.9060467481613159,0.9839966297149658,1.0306510925292969,0.6559677720069885,0.8723910450935364,0.8722699880599976,0.919589638710022,0.8193581104278564,0.7864806056022644,0.8832054734230042,0.7232764959335327,0.6998780965805054,0.8416728973388672
drawer,1.0377599000930786,1.1550874710083008,1.12183678150177,1.0397677421569824,1.1138849258422852,1.0265922546386719,1.0367908477783203,1.058016061782837,1.0759375095367432,1.02418851852417,1.11565363407135,1.1125777959823608,1.140188455581665,1.1141598224639893,1.0537011623382568,1.0044759511947632,0.973987877368927,0.9217118620872498,0.841715395450592,0.7627454400062561,0.0,0.8863766193389893,0.6297405958175659,0.6904609203338623,0.6757655739784241,0.819277822971344,0.8972746133804321,0.8819255232810974,1.0343066453933716,0.8076682090759277,0.9276845455169678,1.0056248903274536,0.8533135652542114,1.1251423358917236,1.0718191862106323,1.111877202987671,1.1159073114395142,1.0907796621322632,1.1206815242767334,1.0831704139709473,1.0580939054489136,1.0656875371932983,1.095337152481079,1.0457665920257568,1.0232083797454834,1.0753943920135498,0.7809072732925415,0.9981246590614319,1.0494277477264404,1.0440073013305664,0.9956058859825134,0.9990159869194031,1.0223088264465332,1.0079149007797241,1.0677921772003174,0.9726906418800354,1.045799970626831,1.0257452726364136,1.052412986755371,0.795542299747467,0.9526824355125427,0.9098785519599915,0.9632073640823364,1.0479111671447754,1.0429660081863403,1.045824408531189,1.1070353984832764,1.0556507110595703,1.1137062311172485,1.0399197340011597,1.1061170101165771,1.118135690689087,1.018030047416687,0.8575369119644165,1.0291030406951904,1.02364182472229,0.9871993064880371,1.1360981464385986,1.2196044921875,1.1274495124816895,1.0773063898086548,1.0790742635726929,1.0823936462402344,1.0704020261764526,0.9807665944099426,0.9784913659095764,0.9497813582420349,0.9757441878318787,0.9848960041999817,0.9398466348648071,1.026168942451477,1.1570250988006592,1.03086256980896,1.0201936960220337,0.9805746674537659,1.036255955696106,0.9363431334495544,0.9386325478553772,0.9352741837501526
