,rooster,fish,frog,alligator,cat,dog,face,hair,arm,hand,finger,toe,tooth,car,lamp,chair,bench,drawer,window,door,refrigerator,crib,bed,couch,table,bathtub,sink,clock,ball,balloon,orange,apple,hat,slipper,watch,nail,glasses,vacuum,shovel,scissors,spoon,knife,pencil,pen,crayon,plant,flower,bottle,cup,can,belt,basket,bucket,tape,bowl,plate,banana,cracker,pizza,glass,tray,box,book,paper,gum,toy,doll,mitten,glove,shoe,purse,pillow,towel,napkin,blanket,pajamas,bib,jacket,shirt,jeans,shorts
rooster,0.0,0.8112123012542725,0.532619059085846,0.593313455581665,0.9873626828193665,0.7107126116752625,1.098217248916626,1.10836660861969,1.2089896202087402,1.1955177783966064,1.1605342626571655,1.1784660816192627,1.1738120317459106,0.8859109282493591,0.5878121852874756,1.025895357131958,1.076271414756775,1.0033409595489502,0.8896401524543762,0.9727447032928467,1.1053546667099,1.0839990377426147,1.1346415281295776,1.0954152345657349,1.0883578062057495,1.130924940109253,1.0949023962020874,0.5748308897018433,1.009824514389038,0.9178547263145447,1.0762994289398193,1.0090374946594238,0.8869926333427429,1.1022981405258179,1.0846585035324097,1.0804691314697266,0.9815488457679749,0.7832920551300049,0.935781717300415,0.8418694138526917,0.9585387110710144,1.0319944620132446,1.0271155834197998,1.0029160976409912,1.0253262519836426,0.7312434315681458,0.6190022230148315,0.9621758460998535,1.0519940853118896,1.0505207777023315,1.0319898128509521,0.9085636138916016,1.057511806488037,1.0201218128204346,1.052020788192749,1.0069267749786377,0.9566963315010071,0.956113338470459,0.8981282711029053,1.0250086784362793,1.0138425827026367,1.0369759798049927,0.936760663986206,1.0469497442245483,1.0376540422439575,0.9129437208175659,0.9002560973167419,1.0973178148269653,1.134944200515747,1.0542140007019043,0.7978476881980896,1.0263981819152832,0.957518994808197,0.9644768834114075,1.1105728149414062,1.2428456544876099,1.228349208831787,1.1020448207855225,1.1620978116989136,1.281226634979248,1.1489695310592651
fish,0.8112123012542725,0.0,0.6426845788955688,0.9055066108703613,0.8544666171073914,0.887467622756958,1.1645218133926392,1.1632146835327148,1.3142480850219727,1.1112475395202637,0.887580156326294,0.8475024700164795,0.6983580589294434,0.8988292217254639,0.9486046433448792,1.2504940032958984,1.2806980609893799,1.1208158731460571,1.204774260520935,1.280531644821167,1.2879788875579834,1.3489208221435547,1.3271723985671997,1.2998201847076416,1.3087527751922607,1.3132681846618652,1.1032215356826782,0.8953976035118103,0.7496274709701538,0.7080296874046326,0.6464287042617798,0.539819598197937,0.6232200860977173,0.5892297029495239,0.7472628951072693,0.513166069984436,0.8557398915290833,1.21564519405365,1.0605945587158203,0.9372516870498657,0.7503829002380371,0.8233604431152344,0.6485364437103271,0.5774423480033875,0.4793788194656372,1.038793683052063,0.8822368383407593,0.8663552403450012,0.7941555976867676,1.0664806365966797,0.6101508736610413,1.1528149843215942,1.0970172882080078,0.8025399446487427,0.9055512547492981,0.9413542151451111,0.7892982959747314,0.8842415809631348,0.8371043801307678,1.184906005859375,1.2516415119171143,1.2987581491470337,1.046126127243042,1.23478102684021,0.6360641717910767,0.9414852857589722,1.067354679107666,1.0902788639068604,0.9262607097625732,0.9467628598213196,1.1475305557250977,0.9792514443397522,0.9338591694831848,0.8764535188674927,1.2474746704101562,1.228606104850769,1.2067618370056152,1.2335821390151978,1.2721232175827026,1.2159528732299805,1.1016424894332886
frog,0.532619059085846,0.6426845788955688,0.0,0.37433677911758423,1.029165506362915,0.6981518268585205,1.1206310987472534,1.1905601024627686,1.110498309135437,0.9453039169311523,1.0313313007354736,1.045852541923523,1.0253068208694458,0.9851956367492676,1.01197350025177,1.1845613718032837,1.213482141494751,1.1662750244140625,1.1811283826828003,1.2727149724960327,1.2543962001800537,1.1087384223937988,1.1701687574386597,1.1956441402435303,1.080811858177185,1.136025309562683,1.1999866962432861,0.9360305070877075,0.842337429523468,0.8932586908340454,0.9498307108879089,0.8762742280960083,0.973582923412323,1.0118069648742676,1.1301692724227905,1.1159613132476807,1.1068549156188965,1.0855799913406372,0.8700644969940186,0.5643434524536133,0.9346623420715332,1.060988187789917,1.044057011604309,1.0589262247085571,0.97690349817276,1.0411138534545898,0.9129660129547119,0.9933876991271973,1.1062242984771729,1.2182159423828125,1.1491774320602417,1.0425902605056763,1.0060100555419922,0.9833133220672607,1.0394494533538818,0.93278568983078,0.6607630252838135,0.8045744895935059,0.7382152676582336,1.0599193572998047,0.9470509886741638,0.9912307858467102,0.8601868152618408,0.9130176305770874,0.7559866905212402,0.5663278102874756,0.6676627397537231,0.7486488819122314,0.8564122319221497,0.866396427154541,0.9768754243850708,1.1800798177719116,1.0610543489456177,1.0410161018371582,1.061632752418518,1.045443058013916,0.9920751452445984,1.106325387954712,1.2055329084396362,1.1099299192428589,1.2072925567626953
alligator,0.593313455581665,0.9055066108703613,0.37433677911758423,0.0,0.6521843671798706,0.4441410303115845,0.9025161862373352,0.9543903470039368,0.7575143575668335,0.954873263835907,1.2326040267944336,1.2367565631866455,1.2988104820251465,0.9301671385765076,0.9732313752174377,0.9913869500160217,0.9092934727668762,1.1356860399246216,0.880104660987854,0.951233983039856,1.0210069417953491,0.8599602580070496,0.7460508346557617,0.8982089161872864,0.8286238312721252,0.9171508550643921,1.1615906953811646,1.043989896774292,1.1602036952972412,1.1901034116744995,1.2684540748596191,1.287034273147583,1.1950690746307373,1.3037489652633667,1.3288309574127197,1.411413311958313,1.2506093978881836,0.9514562487602234,0.9327265620231628,0.7801520228385925,1.142325520515442,1.1043381690979004,1.2723329067230225,1.2777659893035889,1.3354301452636719,0.9703308939933777,0.9254503846168518,1.2087557315826416,1.3329925537109375,1.2779185771942139,1.2902048826217651,1.0281726121902466,1.1611146926879883,1.3261075019836426,1.2576841115951538,1.1521509885787964,0.9963128566741943,0.955532968044281,0.8421983122825623,0.9136513471603394,0.9625096321105957,0.9274123311042786,0.9529919624328613,0.6600072383880615,1.2186617851257324,0.9704468250274658,0.8362938165664673,0.7225677967071533,1.0083715915679932,0.9893593192100525,0.8927674293518066,1.0739964246749878,1.065901517868042,1.086917757987976,0.6733524203300476,0.7845909595489502,0.8104168176651001,0.738898515701294,0.8417538404464722,0.8111101388931274,1.014583945274353
cat,0.9873626828193665,0.8544666171073914,1.029165506362915,0.6521843671798706,0.0,0.40071702003479004,0.7793945074081421,0.7853330373764038,0.7681679725646973,0.8567819595336914,1.0115224123001099,1.0216730833053589,1.0953933000564575,0.8989400863647461,1.053269624710083,0.995525598526001,0.8795313835144043,1.1010875701904297,0.8922790288925171,0.8776547908782959,0.8995367288589478,0.9672908782958984,0.7058144807815552,0.8480786085128784,0.9268689751625061,0.9113866090774536,1.0416979789733887,1.15008544921875,1.1110506057739258,1.1381356716156006,1.1063389778137207,1.1410319805145264,1.0989705324172974,1.096398115158081,1.144095778465271,1.1185060739517212,1.1273434162139893,1.084855079650879,1.0972260236740112,1.0980275869369507,1.1310170888900757,1.0275136232376099,1.1712138652801514,1.149949312210083,1.2279645204544067,1.0878459215164185,1.1271367073059082,1.2358192205429077,1.2277073860168457,1.1677688360214233,1.011125087738037,1.1576467752456665,1.2239632606506348,1.267763376235962,1.2065294981002808,1.2268818616867065,1.1607701778411865,1.1313692331314087,1.0800868272781372,0.9706372618675232,1.1594868898391724,1.132480502128601,1.2272002696990967,0.9558510184288025,1.2428706884384155,1.2472351789474487,1.0674540996551514,0.8171544075012207,0.9934499263763428,0.9921548366546631,1.0984262228012085,0.9498676061630249,1.1536016464233398,1.1585912704467773,0.7124040126800537,0.7511193752288818,0.8513215780258179,0.6776829957962036,0.7753790616989136,0.6860326528549194,0.8947877287864685
dog,0.7107126116752625,0.887467622756958,0.6981518268585205,0.4441410303115845,0.40071702003479004,0.0,0.933863639831543,0.9412333369255066,0.9215183258056641,1.0285924673080444,1.125521183013916,1.0665462017059326,1.1892708539962769,0.8474653363227844,1.0147398710250854,0.9631154537200928,0.9321238994598389,1.143865704536438,0.9885958433151245,1.0294007062911987,0.9984100461006165,0.96169114112854,0.8764969706535339,0.9019049406051636,0.9340083599090576,1.0438261032104492,1.1061556339263916,1.0678995847702026,1.0967754125595093,1.1101658344268799,1.1376354694366455,1.1177313327789307,1.0382742881774902,1.0602861642837524,1.1578116416931152,1.1966805458068848,1.0829150676727295,1.013201355934143,0.9801591038703918,0.9391040205955505,1.0581984519958496,1.0719335079193115,1.1836521625518799,1.1661303043365479,1.2025079727172852,1.0206170082092285,0.9736553430557251,1.1028552055358887,1.1492196321487427,1.1465398073196411,1.1489675045013428,1.04255211353302,1.1170450448989868,1.196561336517334,1.1140871047973633,1.0550237894058228,0.9998921751976013,0.9987291693687439,0.9225534200668335,0.996867299079895,1.0053939819335938,1.0721784830093384,1.0610872507095337,0.9800896644592285,1.1926560401916504,1.000528335571289,0.8543035984039307,0.8842830657958984,0.9894431829452515,0.9250378608703613,0.9668442606925964,0.9877925515174866,1.0707488059997559,1.0724483728408813,0.8579344153404236,0.8797509670257568,0.9495680332183838,0.8629887104034424,0.9214446544647217,0.8735839128494263,0.9742491841316223
face,1.098217248916626,1.1645218133926392,1.1206310987472534,0.9025161862373352,0.7793945074081421,0.933863639831543,0.0,0.25819653272628784,0.6476742029190063,0.8646061420440674,1.0084843635559082,1.0420171022415161,1.0241955518722534,1.0565075874328613,1.0101277828216553,1.070654273033142,1.0201306343078613,1.1425724029541016,0.7571315169334412,0.8488993644714355,0.937990665435791,1.0603861808776855,0.875050961971283,0.9506726264953613,0.9523045420646667,0.9957440495491028,1.138102412223816,1.129923939704895,1.1534323692321777,1.1649816036224365,1.1220345497131348,1.1678022146224976,0.9883055090904236,1.1664130687713623,1.1244564056396484,1.123025894165039,0.7411959767341614,1.0944552421569824,1.1713082790374756,1.1708275079727173,1.1603360176086426,1.1386604309082031,1.1728630065917969,1.1914458274841309,1.2408658266067505,1.0266621112823486,1.0609800815582275,1.2050999402999878,1.2112120389938354,1.2364263534545898,1.1246423721313477,1.2021926641464233,1.2519396543502808,1.237607717514038,1.2166613340377808,1.1874864101409912,1.1667534112930298,1.0836127996444702,1.000272512435913,0.8706342577934265,1.1847991943359375,1.1840341091156006,1.1704210042953491,0.9419147372245789,1.191030740737915,1.2858154773712158,1.0598464012145996,0.8998372554779053,1.035258412361145,1.0983037948608398,1.135286569595337,1.1368604898452759,1.2115806341171265,1.2274448871612549,0.86795973777771,0.6456058025360107,0.6031802892684937,0.6708211898803711,0.4548468589782715,0.7443491220474243,0.841793417930603
hair,1.10836660861969,1.1632146835327148,1.1905601024627686,0.9543903470039368,0.7853330373764038,0.9412333369255066,0.25819653272628784,0.0,0.5489986538887024,0.7381659150123596,0.9774815440177917,1.028926134109497,1.0229127407073975,1.0866551399230957,0.9742334485054016,1.027672290802002,1.0081719160079956,1.109134316444397,0.7290595769882202,0.7778498530387878,0.912862241268158,1.0444585084915161,0.9078789949417114,0.9441487789154053,0.9310030341148376,1.0143648386001587,1.1564487218856812,1.162521243095398,1.2141648530960083,1.2038124799728394,1.1399009227752686,1.1994397640228271,0.9251139163970947,1.2057194709777832,1.0960861444473267,1.1378850936889648,0.705222487449646,1.0213009119033813,1.2096703052520752,1.19099760055542,1.207505464553833,1.1535210609436035,1.1352245807647705,1.1718897819519043,1.2479392290115356,0.9587811827659607,1.0169495344161987,1.214115023612976,1.2553430795669556,1.2272498607635498,1.1099330186843872,1.216456413269043,1.3179569244384766,1.3175674676895142,1.272651195526123,1.2510737180709839,1.1998927593231201,1.0958425998687744,1.0129718780517578,0.8648556470870972,1.2271398305892944,1.21135413646698,1.2232997417449951,0.93973308801651,1.1920416355133057,1.3408658504486084,0.9646553993225098,0.8513543605804443,1.0057063102722168,1.1551387310028076,1.0874489545822144,1.1229393482208252,1.1853139400482178,1.2157306671142578,0.8987259268760681,0.5264990329742432,0.5093765258789062,0.5320793986320496,0.3871331810951233,0.7226990461349487,0.7456843256950378
arm,1.2089896202087402,1.3142480850219727,1.110498309135437,0.7575143575668335,0.7681679725646973,0.9215183258056641,0.6476742029190063,0.5489986538887024,0.0,0.46056604385375977,0.9273175597190857,0.9850938320159912,1.178375244140625,1.1658111810684204,1.1342933177947998,0.888321042060852,0.7998436093330383,1.0808887481689453,0.7879797220230103,0.791732668876648,0.7884012460708618,0.8389768600463867,0.6316461563110352,0.7868005633354187,0.5830346345901489,0.7614613771438599,1.0050783157348633,1.221590518951416,1.2254061698913574,1.269960641860962,1.2016619443893433,1.3111178874969482,1.2714509963989258,1.29412841796875,1.1956326961517334,1.3285996913909912,1.1760249137878418,1.0176924467086792,0.9572789072990417,0.9796136021614075,1.2125802040100098,1.0610307455062866,1.2023388147354126,1.2828903198242188,1.360578179359436,1.1045048236846924,1.1398476362228394,1.268168568611145,1.3207279443740845,1.249047040939331,1.236772060394287,1.1341021060943604,1.1776213645935059,1.3866947889328003,1.1963953971862793,1.13477623462677,1.0968624353408813,1.049729824066162,0.9778717756271362,0.7870553731918335,0.9006669521331787,0.9473952651023865,1.0887417793273926,0.5972952842712402,1.2168970108032227,1.2054945230484009,0.9735044836997986,0.6138162612915039,0.8015925884246826,1.0749530792236328,1.0198463201522827,1.1302242279052734,1.1705843210220337,1.1834096908569336,0.6344844102859497,0.2766852378845215,0.3267170190811157,0.4772101640701294,0.2819528579711914,0.3652881383895874,0.671074390411377
hand,1.1955177783966064,1.1112475395202637,0.9453039169311523,0.954873263835907,0.8567819595336914,1.0285924673080444,0.8646061420440674,0.7381659150123596,0.46056604385375977,0.0,0.3897489309310913,0.5880525708198547,0.761654794216156,1.1717915534973145,1.2234257459640503,1.0984365940093994,1.0863094329833984,1.1474921703338623,1.111973762512207,1.138024091720581,1.0990995168685913,1.126947045326233,0.9758633375167847,1.0337650775909424,0.8917986154556274,1.0105104446411133,1.0539730787277222,1.1786537170410156,1.0305839776992798,1.1360032558441162,1.0281398296356201,1.091850996017456,1.0946965217590332,0.973691999912262,0.9432198405265808,1.0754456520080566,1.0032013654708862,1.1960391998291016,0.9220587015151978,0.793177604675293,1.023779034614563,0.8839939832687378,0.9037818908691406,1.011942744255066,1.0608067512512207,1.230452060699463,1.249725103378296,1.173999547958374,1.1675306558609009,1.2353214025497437,1.0279431343078613,1.1952688694000244,1.1376612186431885,1.1804919242858887,1.0774035453796387,1.014078140258789,0.9543754458427429,0.8744074106216431,0.8906987905502319,0.8594841957092285,0.9543187022209167,1.0419262647628784,1.001372218132019,0.7236701846122742,0.7948735952377319,1.0295451879501343,0.8937622904777527,0.4625730514526367,0.5493929386138916,0.8785783052444458,1.091485619544983,1.1310334205627441,1.1292030811309814,1.0926100015640259,0.9335388541221619,0.4949638843536377,0.47368305921554565,0.8076333999633789,0.7860077619552612,0.676413893699646,0.9714502692222595
finger,1.1605342626571655,0.887580156326294,1.0313313007354736,1.2326040267944336,1.0115224123001099,1.125521183013916,1.0084843635559082,0.9774815440177917,0.9273175597190857,0.3897489309310913,0.0,0.30844271183013916,0.45082229375839233,1.1197932958602905,1.1070727109909058,1.1470223665237427,1.2074557542800903,1.1030316352844238,1.193068504333496,1.2162364721298218,1.2274818420410156,1.3264975547790527,1.2409600019454956,1.1414332389831543,1.2334524393081665,1.2349103689193726,1.1111890077590942,1.0473852157592773,0.8629584312438965,0.8798786997795105,0.7738580703735352,0.725861668586731,0.8374305367469788,0.5750473141670227,0.5666337013244629,0.5558291673660278,0.7052481174468994,1.2538566589355469,1.12799870967865,0.9931191205978394,0.870023250579834,0.8125912547111511,0.6119089126586914,0.6736923456192017,0.6404298543930054,1.1188433170318604,1.1348965167999268,1.0432406663894653,0.8854594230651855,1.1095560789108276,0.6789842844009399,1.1881273984909058,1.1340991258621216,0.9236618876457214,0.9558759927749634,0.9975408911705017,0.9040826559066772,0.8380823135375977,0.9338512420654297,1.0842899084091187,1.212354063987732,1.2492645978927612,1.0258796215057373,1.110945224761963,0.5731924772262573,1.083635926246643,1.050449013710022,0.8057621121406555,0.6033260226249695,0.880046010017395,1.2250802516937256,0.9701039791107178,0.9874183535575867,0.9271870851516724,1.2167998552322388,0.9904104471206665,0.9458825588226318,1.230657696723938,1.1297333240509033,1.0704859495162964,1.0298244953155518
toe,1.1784660816192627,0.8475024700164795,1.045852541923523,1.2367565631866455,1.0216730833053589,1.0665462017059326,1.0420171022415161,1.028926134109497,0.9850938320159912,0.5880525708198547,0.30844271183013916,0.0,0.5451629757881165,1.1664729118347168,1.119748830795288,1.192484974861145,1.2204365730285645,1.1056803464889526,1.2526317834854126,1.2676348686218262,1.2535855770111084,1.3391493558883667,1.2253118753433228,1.1380078792572021,1.2663732767105103,1.2515414953231812,1.1778594255447388,1.0632656812667847,0.8509470820426941,0.8844014406204224,0.815805196762085,0.7370511293411255,0.7895172834396362,0.32937175035476685,0.5896722078323364,0.569877564907074,0.7245594263076782,1.2402782440185547,1.1193335056304932,1.0379033088684082,0.9359258413314819,0.923113226890564,0.7337465286254883,0.7617285251617432,0.6980494260787964,1.1433078050613403,1.1588430404663086,1.0076425075531006,0.8777380585670471,1.0941450595855713,0.7051413059234619,1.16885507106781,1.113071084022522,0.9272639155387878,0.9813222289085388,1.0114399194717407,0.9333505630493164,0.9334439039230347,0.9988910555839539,1.1798598766326904,1.2334729433059692,1.2579315900802612,1.0267837047576904,1.1422703266143799,0.7048439383506775,1.0427554845809937,0.9667813777923584,0.7751299142837524,0.5127653479576111,0.6115075945854187,1.2042267322540283,0.9411115646362305,0.9740287065505981,0.9216654896736145,1.1837671995162964,0.9726194739341736,0.9579357504844666,1.2431858777999878,1.1534721851348877,0.9721702933311462,0.9417127370834351
tooth,1.1738120317459106,0.6983580589294434,1.0253068208694458,1.2988104820251465,1.0953933000564575,1.1892708539962769,1.0241955518722534,1.0229127407073975,1.178375244140625,0.761654794216156,0.45082229375839233,0.5451629757881165,0.0,1.0636345148086548,1.0846116542816162,1.2450283765792847,1.2887078523635864,1.0907574892044067,1.2465490102767944,1.2521750926971436,1.2523081302642822,1.3382362127304077,1.3688955307006836,1.2612345218658447,1.3132290840148926,1.3080739974975586,1.0988868474960327,1.0519987344741821,0.8561379313468933,0.8835323452949524,0.7226211428642273,0.6110467910766602,0.7304650545120239,0.47202974557876587,0.45571571588516235,0.34771251678466797,0.5924257636070251,1.2438137531280518,1.118746042251587,0.9515858888626099,0.7736552357673645,0.794491708278656,0.5679959654808044,0.5879650115966797,0.47824370861053467,1.1923166513442993,1.1531939506530762,0.903253436088562,0.8039395213127136,1.0887178182601929,0.6173187494277954,1.1632323265075684,1.12165367603302,0.8277173638343811,0.9196106195449829,0.9681968688964844,0.8424324989318848,0.8246871829032898,0.9252442121505737,1.1035984754562378,1.2118293046951294,1.271674394607544,1.072282314300537,1.1995480060577393,0.41546565294265747,0.9879226684570312,1.0135431289672852,0.9246417284011841,0.6930924654006958,0.891945481300354,1.2744476795196533,1.0675984621047974,0.9978212714195251,0.9265081286430359,1.3672938346862793,1.133042335510254,1.0603787899017334,1.2740637063980103,1.2160656452178955,1.211508870124817,1.0679720640182495
car,0.8859109282493591,0.8988292217254639,0.9851956367492676,0.9301671385765076,0.8989400863647461,0.8474653363227844,1.0565075874328613,1.0866551399230957,1.1658111810684204,1.1717915534973145,1.1197932958602905,1.1664729118347168,1.0636345148086548,0.0,0.9244821667671204,0.8273634910583496,0.8638772964477539,0.8859919309616089,0.8585559129714966,0.8249422311782837,0.8620800971984863,0.8712215423583984,0.9827346801757812,0.9442368745803833,1.0098282098770142,0.9943342804908752,0.8717341423034668,0.9098466038703918,1.032983422279358,1.0245205163955688,1.0734968185424805,1.0199159383773804,0.9532361626625061,1.030518889427185,1.0029631853103638,1.0107991695404053,1.0187668800354004,0.8193031549453735,0.9343788623809814,0.9630240797996521,0.9880297183990479,0.9807248115539551,1.022262692451477,0.965246856212616,0.9509387016296387,0.9222447872161865,0.8382383584976196,0.8312261700630188,0.9253029227256775,0.7960237264633179,0.9470099806785583,0.9061591625213623,0.885724663734436,0.9816190600395203,0.9844905734062195,1.0206904411315918,1.0557010173797607,1.0749542713165283,1.0600146055221558,0.9683296084403992,0.9832584857940674,0.9492199420928955,0.952195942401886,1.0751333236694336,1.0470417737960815,0.9143656492233276,0.9972308278083801,1.1883515119552612,1.1484434604644775,1.0408340692520142,0.8949394226074219,0.9287036061286926,0.9311267733573914,0.9615263938903809,1.0332911014556885,1.1333937644958496,1.1593626737594604,0.9367572665214539,1.0491422414779663,1.0878076553344727,0.9647990465164185
lamp,0.5878121852874756,0.9486046433448792,1.01197350025177,0.9732313752174377,1.053269624710083,1.0147398710250854,1.0101277828216553,0.9742334485054016,1.1342933177947998,1.2234257459640503,1.1070727109909058,1.119748830795288,1.0846116542816162,0.9244821667671204,0.0,0.8585373163223267,0.9158040881156921,0.8749822378158569,0.6680393218994141,0.7016564011573792,0.9362971186637878,1.013430118560791,0.9892142415046692,0.9429349899291992,1.0193897485733032,1.0229864120483398,0.9648482799530029,0.6735908389091492,1.0133417844772339,0.8885120749473572,1.0309311151504517,1.0162405967712402,0.8476755619049072,1.0575679540634155,0.9317421913146973,0.9793347716331482,0.852950930595398,0.6556587219238281,0.9753311276435852,0.9185754060745239,0.8534839153289795,0.8751122951507568,0.8606747388839722,0.8259979486465454,0.8790345191955566,0.6663034558296204,0.6276483535766602,0.9179858565330505,0.9066148400306702,0.9612575173377991,0.9241092205047607,0.9512907266616821,1.0447747707366943,0.911993682384491,0.9943307638168335,1.0020804405212402,1.084334373474121,1.0912977457046509,1.0888652801513672,0.963477373123169,1.081770896911621,1.0315730571746826,0.9785022139549255,1.086747169494629,1.090925693511963,1.0602202415466309,1.0834689140319824,1.2387781143188477,1.2230627536773682,1.1670212745666504,0.9090868234634399,0.901738166809082,0.9258795380592346,0.9281182289123535,1.052975058555603,1.1942564249038696,1.2204196453094482,1.0852676630020142,1.0229159593582153,1.217026948928833,1.0802375078201294
chair,1.025895357131958,1.2504940032958984,1.1845613718032837,0.9913869500160217,0.995525598526001,0.9631154537200928,1.070654273033142,1.027672290802002,0.888321042060852,1.0984365940093994,1.1470223665237427,1.192484974861145,1.2450283765792847,0.8273634910583496,0.8585373163223267,0.0,0.25847673416137695,0.6970455646514893,0.672551155090332,0.5808498859405518,0.6516569256782532,0.40075039863586426,0.5333532691001892,0.45414990186691284,0.3743642568588257,0.7424572110176086,0.8491991758346558,0.9525102376937866,1.145933747291565,1.1181511878967285,1.1402192115783691,1.1900444030761719,1.152967929840088,1.214811086654663,1.116834282875061,1.1997627019882202,1.119845986366272,0.6383166313171387,1.0008604526519775,1.0599867105484009,1.0332444906234741,0.9777137637138367,1.129759669303894,1.116170883178711,1.1438912153244019,0.7603392601013184,0.81907057762146,0.9673896431922913,0.9588505029678345,0.7808250188827515,1.0513784885406494,0.8042572140693665,0.8740016222000122,1.083976149559021,0.984239935874939,0.9830784201622009,1.1677826642990112,1.1028985977172852,1.1150230169296265,0.9481040239334106,0.8275800943374634,0.7441624402999878,0.8636544942855835,0.8577045202255249,1.254340648651123,1.0108530521392822,1.021636962890625,1.148519515991211,1.1509795188903809,1.0936352014541626,0.8507801294326782,0.6588944792747498,0.8089160919189453,0.8719502091407776,0.6950929164886475,0.9135609269142151,0.9906415939331055,0.8530995845794678,0.8606631755828857,0.8747900724411011,0.9351494908332825
bench,1.076271414756775,1.2806980609893799,1.213482141494751,0.9092934727668762,0.8795313835144043,0.9321238994598389,1.0201306343078613,1.0081719160079956,0.7998436093330383,1.0863094329833984,1.2074557542800903,1.2204365730285645,1.2887078523635864,0.8638772964477539,0.9158040881156921,0.25847673416137695,0.0,0.6495299339294434,0.6898454427719116,0.5480494499206543,0.6517525911331177,0.36998867988586426,0.23814111948013306,0.23783349990844727,0.3224487900733948,0.5766701698303223,0.8744819760322571,1.023943305015564,1.225743055343628,1.234674334526062,1.2198395729064941,1.2899280786514282,1.2857738733291626,1.284368634223938,1.2109707593917847,1.2855526208877563,1.2305868864059448,0.7332375049591064,1.0380275249481201,1.0896551609039307,1.185577630996704,1.0712263584136963,1.2561311721801758,1.232121229171753,1.2886650562286377,0.8319911360740662,0.9434025883674622,1.161933183670044,1.1538102626800537,0.8713862895965576,1.1288665533065796,0.9127352237701416,1.0004522800445557,1.1940466165542603,1.1262130737304688,1.0794581174850464,1.2505905628204346,1.1295832395553589,1.1462771892547607,1.0012716054916382,0.825402021408081,0.7041610479354858,0.9043992757797241,0.7836614847183228,1.37729012966156,1.085023045539856,1.0773265361785889,1.0817413330078125,1.1927694082260132,1.1073558330535889,0.9283368587493896,0.6233822107315063,0.8977153301239014,0.9768819808959961,0.4424377679824829,0.759361743927002,0.9098433256149292,0.7240506410598755,0.7840006947517395,0.6496034860610962,0.8770300149917603
drawer,1.0033409595489502,1.1208158731460571,1.1662750244140625,1.1356860399246216,1.1010875701904297,1.143865704536438,1.1425724029541016,1.109134316444397,1.0808887481689453,1.1474921703338623,1.1030316352844238,1.1056803464889526,1.0907574892044067,0.8859919309616089,0.8749822378158569,0.6970455646514893,0.6495299339294434,0.0,0.8445616364479065,0.7013307809829712,0.6312965154647827,0.693737804889679,0.8179382085800171,0.8154407739639282,0.84574955701828,0.7803242206573486,0.778001070022583,0.7929472923278809,1.1049343347549438,1.0836036205291748,1.089281678199768,1.0944582223892212,1.119102954864502,1.090954303741455,1.0078339576721191,1.040395975112915,1.0534944534301758,0.8353085517883301,1.063854694366455,1.1035081148147583,1.0246641635894775,0.981056272983551,1.0293896198272705,1.0024176836013794,1.0398110151290894,0.8782206773757935,0.9315598011016846,1.0060241222381592,0.980593204498291,0.6956871151924133,0.9506670236587524,0.8312636613845825,0.9259647727012634,0.9793515205383301,1.0141648054122925,1.076481819152832,1.1070138216018677,1.0662020444869995,1.085478663444519,1.0696780681610107,0.9145862460136414,0.6183867454528809,0.9106088280677795,0.9425120949745178,1.1744216680526733,1.0830851793289185,1.0921289920806885,1.1973960399627686,1.17528235912323,1.08570396900177,0.9271702766418457,0.8492992520332336,0.7861423492431641,0.8650504350662231,0.9144870042800903,1.0738571882247925,1.1407873630523682,1.0398569107055664,1.074763536453247,1.0494651794433594,0.9865350723266602
window,0.8896401524543762,1.204774260520935,1.1811283826828003,0.880104660987854,0.8922790288925171,0.9885958433151245,0.7571315169334412,0.7290595769882202,0.7879797220230103,1.111973762512207,1.193068504333496,1.2526317834854126,1.2465490102767944,0.8585559129714966,0.6680393218994141,0.672551155090332,0.6898454427719116,0.8445616364479065,0.0,0.3080024719238281,0.6330353021621704,0.6715673208236694,0.6657176613807678,0.702875018119812,0.7375165820121765,0.7826407551765442,0.9816736578941345,0.9627264142036438,1.1609108448028564,1.1396665573120117,1.1450163125991821,1.2075480222702026,1.115684986114502,1.3378092050552368,1.223313808441162,1.2154802083969116,1.0667065382003784,0.7346435785293579,1.1062570810317993,1.1479766368865967,1.1839781999588013,1.1464717388153076,1.2369428873062134,1.2233606576919556,1.2571873664855957,0.6744694709777832,0.749031662940979,1.1199121475219727,1.1580076217651367,0.9931294322013855,1.1786220073699951,1.0253427028656006,1.089979887008667,1.1831638813018799,1.1691670417785645,1.1491955518722534,1.168900489807129,1.1242268085479736,1.1011184453964233,0.948341429233551,1.0421594381332397,0.9388439059257507,1.0802932977676392,0.9047648906707764,1.2911816835403442,1.1901443004608154,1.0667014122009277,1.121808648109436,1.2543871402740479,1.2212294340133667,0.9991782307624817,0.9516008496284485,1.0245046615600586,1.0774884223937988,0.8003311157226562,0.8807164430618286,0.9511836171150208,0.7214633822441101,0.6632357835769653,0.9348508715629578,0.9134238362312317
door,0.9727447032928467,1.280531644821167,1.2727149724960327,0.951233983039856,0.8776547908782959,1.0294007062911987,0.8488993644714355,0.7778498530387878,0.791732668876648,1.138024091720581,1.2162364721298218,1.2676348686218262,1.2521750926971436,0.8249422311782837,0.7016564011573792,0.5808498859405518,0.5480494499206543,0.7013307809829712,0.3080024719238281,0.0,0.37942761182785034,0.5819493532180786,0.5629193782806396,0.6193540692329407,0.7135521173477173,0.6852864027023315,0.9932141304016113,0.9820647239685059,1.2383437156677246,1.2123843431472778,1.2138874530792236,1.2718788385391235,1.2521138191223145,1.3580362796783447,1.2312346696853638,1.2497034072875977,1.170867681503296,0.5922324061393738,1.116878628730774,1.192193865776062,1.2396869659423828,1.1375812292099,1.2543301582336426,1.243379831314087,1.299027919769287,0.7338202595710754,0.8407680988311768,1.1245174407958984,1.2043625116348267,0.8751686811447144,1.1724772453308105,1.0335994958877563,1.1166191101074219,1.257270097732544,1.2635058164596558,1.2516443729400635,1.2735861539840698,1.1752287149429321,1.1778717041015625,0.9538504481315613,1.1095300912857056,0.9085042476654053,1.1316297054290771,0.9105324149131775,1.3728764057159424,1.2568905353546143,1.0821033716201782,1.1399537324905396,1.2782520055770874,1.2218180894851685,0.9643995761871338,0.9322859048843384,1.0015292167663574,1.0702251195907593,0.7817779779434204,0.8677747249603271,1.0007737874984741,0.6430895924568176,0.6448904275894165,0.8482311367988586,0.8433513641357422
refrigerator,1.1053546667099,1.2879788875579834,1.2543962001800537,1.0210069417953491,0.8995367288589478,0.9984100461006165,0.937990665435791,0.912862241268158,0.7884012460708618,1.0990995168685913,1.2274818420410156,1.2535855770111084,1.2523081302642822,0.8620800971984863,0.9362971186637878,0.6516569256782532,0.6517525911331177,0.6312965154647827,0.6330353021621704,0.37942761182785034,0.0,0.5811840295791626,0.6420386433601379,0.6925989985466003,0.7175534963607788,0.6108553409576416,0.7278925180435181,1.0835086107254028,1.2216397523880005,1.2421808242797852,1.2012757062911987,1.2431014776229858,1.3553441762924194,1.3484275341033936,1.235619306564331,1.266260027885437,1.1975903511047363,0.764094352722168,0.9376978278160095,1.1154873371124268,1.1343157291412354,1.0352027416229248,1.25528883934021,1.247611165046692,1.321112871170044,0.9674447178840637,1.041825771331787,1.1166765689849854,1.171424150466919,0.6786920428276062,1.199501395225525,0.9827536940574646,0.9777270555496216,1.2541439533233643,1.1622960567474365,1.1689553260803223,1.1894336938858032,1.1256202459335327,1.1019439697265625,0.8784652948379517,0.9261935949325562,0.8024513721466064,1.1255433559417725,0.8802108764648438,1.3310234546661377,1.2112910747528076,1.1232130527496338,1.159877061843872,1.2867026329040527,1.2149540185928345,0.9994535446166992,1.0308040380477905,0.9986684322357178,1.0691773891448975,0.8168383240699768,0.8512091636657715,0.9724247455596924,0.7380513548851013,0.725820779800415,0.8145157098770142,0.8782407641410828
crib,1.0839990377426147,1.3489208221435547,1.1087384223937988,0.8599602580070496,0.9672908782958984,0.96169114112854,1.0603861808776855,1.0444585084915161,0.8389768600463867,1.126947045326233,1.3264975547790527,1.3391493558883667,1.3382362127304077,0.8712215423583984,1.013430118560791,0.40075039863586426,0.36998867988586426,0.693737804889679,0.6715673208236694,0.5819493532180786,0.5811840295791626,0.0,0.3985806703567505,0.5395874977111816,0.4941951036453247,0.4414184093475342,0.8803293704986572,1.0567797422409058,1.2094770669937134,1.2498337030410767,1.2815461158752441,1.3460735082626343,1.3851741552352905,1.4488722085952759,1.3615823984146118,1.412196397781372,1.3274235725402832,0.6343898177146912,0.9885738492012024,0.9556279182434082,1.3043336868286133,1.2714898586273193,1.4079108238220215,1.4024051427841187,1.4219385385513306,0.8920151591300964,1.0073375701904297,1.1586976051330566,1.2661011219024658,0.8718149662017822,1.3433066606521606,0.5972223877906799,0.8369697332382202,1.2490687370300293,1.1665254831314087,1.1573604345321655,1.1916991472244263,1.1498149633407593,1.154157280921936,1.028213381767273,0.7387906312942505,0.45109349489212036,0.9431608319282532,0.7593344449996948,1.3687641620635986,0.8320819735527039,0.9286839365959167,1.0867542028427124,1.2531137466430664,1.1374943256378174,0.822399377822876,0.9474663734436035,1.0240997076034546,1.1206889152526855,0.5985187292098999,0.794581413269043,0.9226858615875244,0.7107257843017578,0.8486994504928589,0.7877973318099976,1.006898045539856
bed,1.1346415281295776,1.3271723985671997,1.1701687574386597,0.7460508346557617,0.7058144807815552,0.8764969706535339,0.875050961971283,0.9078789949417114,0.6316461563110352,0.9758633375167847,1.2409600019454956,1.2253118753433228,1.3688955307006836,0.9827346801757812,0.9892142415046692,0.5333532691001892,0.23814111948013306,0.8179382085800171,0.6657176613807678,0.5629193782806396,0.6420386433601379,0.3985806703567505,0.0,0.2021062970161438,0.3908088803291321,0.5257475972175598,1.012091875076294,1.115700364112854,1.239579200744629,1.287179708480835,1.2616993188858032,1.383958101272583,1.3977854251861572,1.4179657697677612,1.3673896789550781,1.4078510999679565,1.3466167449951172,0.8351444005966187,1.065721869468689,1.0435956716537476,1.3309438228607178,1.2054182291030884,1.4383939504623413,1.4204227924346924,1.4795218706130981,0.9507982134819031,1.0771769285202026,1.3247181177139282,1.357407808303833,1.1009371280670166,1.3148547410964966,0.9937196373939514,1.119813323020935,1.3269957304000854,1.2723941802978516,1.1941938400268555,1.2754014730453491,1.1451246738433838,1.1200450658798218,0.9785640239715576,0.8908452987670898,0.7126450538635254,0.9976081252098083,0.6451714634895325,1.446237325668335,1.1140297651290894,1.0146610736846924,0.9275620579719543,1.1855363845825195,1.1152020692825317,0.9483262300491333,0.6867285370826721,1.0411630868911743,1.1331006288528442,0.19075000286102295,0.578353226184845,0.763285219669342,0.5267199277877808,0.6701446175575256,0.49985694885253906,0.9342747926712036
couch,1.0954152345657349,1.2998201847076416,1.1956441402435303,0.8982089161872864,0.8480786085128784,0.9019049406051636,0.9506726264953613,0.9441487789154053,0.7868005633354187,1.0337650775909424,1.1414332389831543,1.1380078792572021,1.2612345218658447,0.9442368745803833,0.9429349899291992,0.45414990186691284,0.23783349990844727,0.8154407739639282,0.702875018119812,0.6193540692329407,0.6925989985466003,0.5395874977111816,0.2021062970161438,0.0,0.49567848443984985,0.7238680124282837,1.0265750885009766,1.0722295045852661,1.211629867553711,1.2407335042953491,1.223874568939209,1.2947317361831665,1.2861156463623047,1.2743034362792969,1.229027509689331,1.2810840606689453,1.2251667976379395,0.8200405836105347,1.085435390472412,1.1166090965270996,1.2539324760437012,1.1776574850082397,1.329791784286499,1.3090420961380005,1.351489782333374,0.8384381532669067,0.9750778079032898,1.2016372680664062,1.196541666984558,0.9868565797805786,1.1973923444747925,1.0054147243499756,1.0942150354385376,1.206897258758545,1.1710366010665894,1.1334251165390015,1.2400883436203003,1.1246373653411865,1.1263585090637207,0.9794440865516663,0.9462276101112366,0.8026911020278931,1.0031574964523315,0.8411592245101929,1.3458486795425415,1.1099872589111328,0.9999535083770752,1.0161199569702148,1.1507834196090698,1.0692802667617798,0.9888733625411987,0.5467285513877869,1.029088020324707,1.0993804931640625,0.39916568994522095,0.728522539138794,0.8962481021881104,0.6863654851913452,0.7562053203582764,0.6353683471679688,0.9243504405021667
table,1.0883578062057495,1.3087527751922607,1.080811858177185,0.8286238312721252,0.9268689751625061,0.9340083599090576,0.9523045420646667,0.9310030341148376,0.5830346345901489,0.8917986154556274,1.2334524393081665,1.2663732767105103,1.3132290840148926,1.0098282098770142,1.0193897485733032,0.3743642568588257,0.3224487900733948,0.84574955701828,0.7375165820121765,0.7135521173477173,0.7175534963607788,0.4941951036453247,0.3908088803291321,0.49567848443984985,0.0,0.5906803607940674,0.8509040474891663,1.063791275024414,1.1922353506088257,1.259574055671692,1.1996227502822876,1.2972283363342285,1.3446215391159058,1.3878155946731567,1.2923986911773682,1.3420705795288086,1.2410008907318115,0.8311095237731934,0.9283568859100342,0.9543749094009399,1.0817095041275024,1.0390530824661255,1.2738044261932373,1.2940090894699097,1.361027717590332,0.939922034740448,0.9943248629570007,1.1094332933425903,1.1283527612686157,1.0712350606918335,1.3070002794265747,0.9060324430465698,0.9569618105888367,1.2394757270812988,0.9695083498954773,0.8069039583206177,1.15371572971344,1.0310238599777222,0.9719900488853455,0.8138442039489746,0.5335472822189331,0.6597558259963989,0.8242130279541016,0.5650370121002197,1.2547849416732788,1.0042757987976074,1.0355304479599,0.991885244846344,1.1851248741149902,1.1577541828155518,0.9177447557449341,0.9671619534492493,1.0729999542236328,1.1049126386642456,0.5390424728393555,0.6201246976852417,0.7259215116500854,0.6733217835426331,0.6839103102684021,0.6614506244659424,0.975041925907135
bathtub,1.130924940109253,1.3132681846618652,1.136025309562683,0.9171508550643921,0.9113866090774536,1.0438261032104492,0.9957440495491028,1.0143648386001587,0.7614613771438599,1.0105104446411133,1.2349103689193726,1.2515414953231812,1.3080739974975586,0.9943342804908752,1.0229864120483398,0.7424572110176086,0.5766701698303223,0.7803242206573486,0.7826407551765442,0.6852864027023315,0.6108553409576416,0.4414184093475342,0.5257475972175598,0.7238680124282837,0.5906803607940674,0.0,0.49786585569381714,1.0963594913482666,1.2483333349227905,1.273360013961792,1.2821331024169922,1.3534562587738037,1.419392704963684,1.394106149673462,1.3025908470153809,1.3598337173461914,1.3125081062316895,0.8454425930976868,0.9658817052841187,0.9168645143508911,1.221012830734253,1.141883134841919,1.3317599296569824,1.3237766027450562,1.4005722999572754,1.0909850597381592,1.1715521812438965,1.2957937717437744,1.252024531364441,0.8124033212661743,1.290834903717041,0.734034538269043,0.7507210969924927,1.1908211708068848,1.0553743839263916,1.0738569498062134,1.1762781143188477,1.1409461498260498,1.1224164962768555,1.0166691541671753,0.7152993679046631,0.4760820269584656,1.0728843212127686,0.7407422065734863,1.3564856052398682,1.037428617477417,1.1615879535675049,1.0985291004180908,1.2652924060821533,1.146749496459961,0.9485607147216797,1.1307369470596313,1.119259238243103,1.1590720415115356,0.7009376883506775,0.7887389659881592,0.8937698602676392,0.7843964695930481,0.85565185546875,0.7293193340301514,1.0066039562225342
