,rooster,fish,frog,alligator,cat,dog,face,hair,arm,hand,finger,toe,tooth,car,lamp,chair,bench,drawer,window,door,refrigerator,crib,bed,couch,table,bathtub,sink,clock,ball,balloon,orange,apple,hat,slipper,watch,nail,glasses,vacuum,shovel,scissors,spoon,knife,pencil,pen,crayon,plant,flower,bottle,cup,can,belt,basket,bucket,tape,bowl,plate,banana,cracker,pizza,glass,tray,box,book,paper,gum,toy,doll,mitten,glove,shoe,purse,pillow,towel,napkin,blanket,pajamas,bib,jacket,shirt,jeans,shorts
rooster,0.0,0.6169570684432983,0.4295291304588318,0.5534819960594177,0.9472047090530396,0.8355574011802673,1.0921272039413452,1.0728038549423218,1.2963424921035767,1.220496416091919,1.1675156354904175,1.0657289028167725,1.0341219902038574,0.733501672744751,0.9330384731292725,1.1024144887924194,1.173574447631836,1.067757487297058,1.0769391059875488,1.1039581298828125,1.1333439350128174,1.0835323333740234,1.1760751008987427,1.1456414461135864,1.1981637477874756,1.1587846279144287,1.1615492105484009,0.802872896194458,0.941656231880188,1.00377357006073,0.996382474899292,0.9576725363731384,0.9457278251647949,0.9109106063842773,1.0656535625457764,1.016219973564148,0.9210028648376465,0.7317227125167847,0.813979983329773,0.8020166158676147,0.9008663892745972,0.9716390371322632,0.9152984619140625,0.9013301134109497,0.8905600309371948,0.8782581090927124,0.6748132109642029,0.908825695514679,1.0269544124603271,1.0548992156982422,1.0854238271713257,1.049546718597412,1.073615550994873,1.0279124975204468,1.0830134153366089,1.0671695470809937,0.9204918146133423,0.9490386843681335,0.9599891304969788,1.0777255296707153,1.155119776725769,1.122119426727295,1.0143128633499146,1.1004717350006104,0.9619478583335876,0.7314896583557129,0.8047986626625061,1.103811502456665,1.026432991027832,0.9745498299598694,0.9867908358573914,1.0374621152877808,1.0719304084777832,1.0888700485229492,1.1758772134780884,1.2414535284042358,1.200884222984314,1.181170105934143,1.1816956996917725,1.2323765754699707,1.1382286548614502
fish,0.6169570684432983,0.0,0.48446035385131836,0.7165258526802063,0.8405570983886719,1.0233560800552368,1.1271506547927856,1.0673595666885376,1.1952037811279297,0.9983955025672913,0.9536505937576294,0.7882153987884521,0.7775536775588989,0.8101904392242432,0.9152419567108154,1.2884504795074463,1.2846214771270752,1.076709508895874,1.218214511871338,1.255723237991333,1.2903791666030884,1.2595524787902832,1.288574457168579,1.2702746391296387,1.2928425073623657,1.1841031312942505,1.1507967710494995,0.7734924554824829,0.773944079875946,0.7256755828857422,0.9356197714805603,0.857947826385498,0.8638393878936768,0.7106496691703796,0.9172204732894897,0.7846250534057617,0.7982378602027893,1.1043877601623535,0.7801806330680847,0.8252869844436646,0.8042762279510498,0.8562524914741516,0.8097345232963562,0.711809515953064,0.6655910015106201,1.0608594417572021,0.8686444759368896,0.9150124192237854,0.9365176558494568,1.0205178260803223,0.7697953581809998,1.1651769876480103,1.0763790607452393,0.9663329720497131,0.9721100330352783,0.9806549549102783,0.8971526026725769,0.8246777653694153,1.0213453769683838,1.044295072555542,1.2278411388397217,1.291346788406372,1.1154712438583374,1.1097986698150635,0.6854442954063416,0.9277149438858032,0.8828063607215881,0.826134204864502,0.7388423681259155,0.8899556398391724,1.126733422279358,0.9250351786613464,0.9726296663284302,0.9605512022972107,1.0780224800109863,1.035443902015686,0.9996281862258911,1.2071263790130615,1.1661489009857178,1.1305948495864868,1.0889933109283447
frog,0.4295291304588318,0.48446035385131836,0.0,0.587989091873169,1.0712764263153076,0.9491578936576843,1.173473596572876,1.226660966873169,1.2754156589508057,1.0551080703735352,1.0446512699127197,1.0082917213439941,0.974930465221405,0.8491103053092957,0.9677757024765015,1.1953800916671753,1.2566308975219727,1.0671393871307373,1.2206714153289795,1.2612066268920898,1.2670865058898926,1.1163337230682373,1.2061148881912231,1.21565580368042,1.0603196620941162,1.1591603755950928,1.1498034000396729,0.7821558117866516,0.8472372889518738,0.8528350591659546,0.9772024750709534,0.9477161169052124,0.9844963550567627,0.9170867800712585,1.080670952796936,1.0241607427597046,0.9700440764427185,1.0116214752197266,0.8503925800323486,0.5505518913269043,0.7867635488510132,0.9725516438484192,0.8964959979057312,0.899867057800293,0.783760666847229,0.983506441116333,0.7084027528762817,1.0028250217437744,1.0222240686416626,1.1756671667099,1.1053279638290405,1.0983964204788208,1.0494930744171143,0.8731597661972046,0.9588246941566467,0.8561367988586426,0.7486832141876221,0.9316340684890747,0.9701342582702637,1.1293343305587769,1.0176438093185425,1.0250334739685059,0.9313718676567078,0.9779399633407593,0.6960932016372681,0.49878907203674316,0.764818549156189,0.9263826012611389,0.9611886739730835,0.9462863802909851,1.0740166902542114,1.10123872756958,1.0909518003463745,1.056722640991211,1.1287264823913574,1.1737289428710938,1.0613822937011719,1.1820768117904663,1.2923188209533691,1.2852787971496582,1.2597887516021729
alligator,0.5534819960594177,0.7165258526802063,0.587989091873169,0.0,0.7721156477928162,0.765098512172699,1.0390549898147583,1.012549877166748,0.9698352813720703,1.0864149332046509,1.130508303642273,1.1192268133163452,1.1156713962554932,0.9168747067451477,0.8552762269973755,1.0251795053482056,1.057310700416565,0.986724853515625,0.9246562719345093,0.9727999567985535,1.016741156578064,1.0200605392456055,1.0026596784591675,1.0382819175720215,1.0265421867370605,0.9474934935569763,0.9965276122093201,0.8385324478149414,1.114290714263916,1.1022320985794067,1.166832447052002,1.1478333473205566,1.0270196199417114,1.0412025451660156,1.0735867023468018,1.1335349082946777,1.015536904335022,0.862916111946106,0.918049156665802,0.8453696966171265,0.9406930208206177,0.8846778869628906,0.9554114937782288,0.9255891442298889,0.9809213280677795,0.9462469816207886,0.9319435358047485,1.0631438493728638,1.105810284614563,1.112879753112793,1.0390501022338867,1.1055574417114258,1.1416577100753784,1.1571948528289795,1.1146303415298462,1.0682849884033203,1.0300264358520508,0.960822582244873,0.9686140418052673,1.0645735263824463,1.074156403541565,1.0348055362701416,0.9554948806762695,0.964048445224762,1.1316943168640137,0.9705833196640015,0.9461079239845276,1.0416393280029297,0.9942982196807861,1.0102965831756592,1.0355628728866577,0.9502792358398438,0.9910873174667358,0.9930166602134705,0.9255402088165283,1.048752784729004,1.044411540031433,0.9585479497909546,1.0155466794967651,1.032863974571228,1.0527830123901367
cat,0.9472047090530396,0.8405570983886719,1.0712764263153076,0.7721156477928162,0.0,0.29822391271591187,0.8070715665817261,0.7339414358139038,0.6311570405960083,0.9113948345184326,1.1597477197647095,1.139941692352295,1.1606367826461792,0.9826957583427429,1.2282809019088745,0.9460082054138184,0.8630964756011963,1.1296579837799072,0.9002550840377808,0.9042019844055176,0.9126338362693787,0.8998719453811646,0.7624533772468567,0.8362590670585632,0.8452666997909546,0.860925018787384,1.175737977027893,1.212164282798767,1.1486703157424927,1.248515009880066,1.2542028427124023,1.2970908880233765,1.1381287574768066,1.2063839435577393,1.2427176237106323,1.2762023210525513,1.251866340637207,1.0192581415176392,1.2265040874481201,1.1425672769546509,1.2677723169326782,1.0724499225616455,1.2881536483764648,1.2715442180633545,1.3475162982940674,1.0720078945159912,1.1338121891021729,1.2888453006744385,1.3160476684570312,1.2203476428985596,1.1024179458618164,1.1781855821609497,1.239640474319458,1.3616852760314941,1.304595708847046,1.2306402921676636,1.1193431615829468,0.8603507876396179,0.964130699634552,0.8285363912582397,1.0285825729370117,1.0685691833496094,1.1519562005996704,0.9321438670158386,1.1979237794876099,1.1619288921356201,0.8313409686088562,0.6785085201263428,0.8753531575202942,0.9060328602790833,0.9586199522018433,0.9853140115737915,1.0085773468017578,1.0236642360687256,0.4892580509185791,0.6025403738021851,0.571628987789154,0.6408628225326538,0.7115840911865234,0.6052623987197876,0.8425775170326233
dog,0.8355574011802673,1.0233560800552368,0.9491578936576843,0.765098512172699,0.29822391271591187,0.0,0.9001576900482178,0.9209052324295044,0.8496506810188293,1.0565418004989624,1.1647652387619019,1.1935473680496216,1.1612690687179565,1.0046584606170654,1.1145656108856201,0.8595449924468994,0.8246554136276245,1.0419154167175293,0.9449754953384399,0.9211987853050232,0.9003125429153442,0.8471517562866211,0.7985662221908569,0.8159637451171875,0.8190705180168152,0.9282244443893433,1.125577449798584,1.1043727397918701,1.0648739337921143,1.1648616790771484,1.1551910638809204,1.1705212593078613,1.1424298286437988,1.2099324464797974,1.235984206199646,1.2257213592529297,1.2312692403793335,0.977265477180481,1.1397584676742554,0.9978974461555481,1.1243833303451538,1.080858588218689,1.185164213180542,1.2119888067245483,1.2285526990890503,1.006397008895874,1.0570824146270752,1.1834936141967773,1.1587873697280884,1.1733336448669434,1.20078444480896,1.0831198692321777,1.0722233057022095,1.1432567834854126,1.145776629447937,1.0764453411102295,1.0173040628433228,0.9999784827232361,0.9197210669517517,0.9550415873527527,0.930883526802063,0.956068754196167,1.0586436986923218,0.9580599069595337,1.1179383993148804,0.9558194279670715,0.9164403080940247,0.9192326068878174,1.0257641077041626,0.9494383931159973,0.9533530473709106,1.0361543893814087,1.0176175832748413,1.0060418844223022,0.6781131029129028,0.8537493944168091,0.8201366662979126,0.8274639844894409,0.8712753653526306,0.7966340184211731,0.9755120873451233
face,1.0921272039413452,1.1271506547927856,1.173473596572876,1.0390549898147583,0.8070715665817261,0.9001576900482178,0.0,0.19676709175109863,0.6212680339813232,0.9415303468704224,1.0187695026397705,1.0520519018173218,1.0232068300247192,1.049288034439087,1.1275973320007324,1.0422978401184082,1.0147249698638916,1.055458664894104,0.7580156922340393,0.79864501953125,0.8611077666282654,1.0160125494003296,0.8987641334533691,0.8961833119392395,1.0327305793762207,0.9671427607536316,1.197559118270874,1.1314449310302734,1.133275032043457,1.1790988445281982,1.145423173904419,1.1886966228485107,0.7987657785415649,1.1785789728164673,1.0957616567611694,1.1025876998901367,0.8978101015090942,1.0602059364318848,1.2540007829666138,1.2074332237243652,1.2479747533798218,1.1597938537597656,1.1939700841903687,1.1944701671600342,1.2387853860855103,1.010642170906067,1.1080390214920044,1.14509117603302,1.1839954853057861,1.190070390701294,1.1138197183609009,1.2478594779968262,1.2085249423980713,1.2470018863677979,1.2628083229064941,1.2813711166381836,1.147297978401184,1.0671775341033936,1.0531435012817383,0.929260790348053,1.1880522966384888,1.1692548990249634,1.163841962814331,1.0380158424377441,1.1592025756835938,1.2634518146514893,1.0396777391433716,0.9261255264282227,0.9888558387756348,1.0543688535690308,1.120410680770874,1.050329327583313,1.063766598701477,1.1190203428268433,0.8824269771575928,0.6586006283760071,0.6465121507644653,0.6603236794471741,0.39367759227752686,0.6866625547409058,0.7781600952148438
hair,1.0728038549423218,1.0673595666885376,1.226660966873169,1.012549877166748,0.7339414358139038,0.9209052324295044,0.19676709175109863,0.0,0.589052677154541,0.9023483991622925,1.0176830291748047,1.0276106595993042,1.0300486087799072,0.9921507835388184,1.0965744256973267,1.041628360748291,1.013627290725708,1.0607924461364746,0.7272618412971497,0.7771381139755249,0.8568739891052246,1.0318509340286255,0.9306018948554993,0.9048876166343689,1.0763287544250488,0.9764600992202759,1.213986873626709,1.1493562459945679,1.180643081665039,1.211371660232544,1.1819744110107422,1.22176194190979,0.6732549667358398,1.1432883739471436,1.0233055353164673,1.1155375242233276,0.8315200209617615,1.0178587436676025,1.20722234249115,1.2267838716506958,1.2690728902816772,1.1560474634170532,1.2002860307693481,1.1776278018951416,1.2413264513015747,0.9337157607078552,1.0507769584655762,1.1436887979507446,1.221498727798462,1.1766055822372437,1.0459697246551514,1.2270842790603638,1.238245964050293,1.320064902305603,1.3114440441131592,1.336985468864441,1.1915643215179443,1.0049307346343994,1.0749459266662598,0.8967873454093933,1.2277445793151855,1.2057461738586426,1.216797113418579,1.0677467584609985,1.1775593757629395,1.3215745687484741,1.0354564189910889,0.9018941521644592,0.9332211017608643,1.0383044481277466,1.0922490358352661,1.0222574472427368,1.080035924911499,1.1476091146469116,0.8754116296768188,0.6520541310310364,0.6704565286636353,0.6724655628204346,0.3960306644439697,0.6562842130661011,0.6835334300994873
arm,1.2963424921035767,1.1952037811279297,1.2754156589508057,0.9698352813720703,0.6311570405960083,0.8496506810188293,0.6212680339813232,0.589052677154541,0.0,0.5119842290878296,0.9767192602157593,1.1384634971618652,1.2345465421676636,1.2046537399291992,1.3689337968826294,0.8947803378105164,0.810215950012207,1.0849652290344238,0.7712246775627136,0.8240480422973633,0.7590947151184082,0.8600983023643494,0.6667916774749756,0.7277284860610962,0.5808188319206238,0.7709828615188599,1.0887277126312256,1.3255348205566406,1.3030459880828857,1.352502465248108,1.3427562713623047,1.3955491781234741,1.1580262184143066,1.3654686212539673,1.1646218299865723,1.3869205713272095,1.337144374847412,1.1048524379730225,1.2994967699050903,1.1026225090026855,1.280237078666687,1.04035222530365,1.2623555660247803,1.343419075012207,1.4332354068756104,1.0963786840438843,1.1980799436569214,1.4039260149002075,1.408834457397461,1.3128392696380615,1.1950392723083496,1.151599645614624,1.2609727382659912,1.4087767601013184,1.3335423469543457,1.1796404123306274,1.2176854610443115,0.9863905310630798,0.9428960084915161,0.784682035446167,0.8304675221443176,0.9203143119812012,0.9670530557632446,0.6647385358810425,1.220741868019104,1.281569480895996,0.9807264804840088,0.6524938941001892,0.8135528564453125,0.9918801188468933,0.9918460845947266,1.046804666519165,1.09373140335083,1.1244803667068481,0.5657300353050232,0.3037220239639282,0.3668404817581177,0.4216417074203491,0.32235974073410034,0.3146343231201172,0.5943540334701538
hand,1.220496416091919,0.9983955025672913,1.0551080703735352,1.0864149332046509,0.9113948345184326,1.0565418004989624,0.9415303468704224,0.9023483991622925,0.5119842290878296,0.0,0.36563819646835327,0.6353588104248047,0.8555538058280945,1.1849645376205444,1.2872977256774902,1.164888620376587,1.1455018520355225,1.1371837854385376,1.1620886325836182,1.1555827856063843,1.1669278144836426,1.1370594501495361,1.0813735723495483,1.1120765209197998,0.8487666845321655,1.066577434539795,1.1185299158096313,1.2400507926940918,1.0308873653411865,1.0938547849655151,1.1502783298492432,1.137819766998291,1.053619384765625,1.020070195198059,0.9204214811325073,1.1247291564941406,1.096789836883545,1.1756365299224854,1.0956478118896484,0.9220068454742432,1.0058441162109375,0.9052973985671997,0.9508935213088989,1.0733039379119873,1.069524884223938,1.2158598899841309,1.1690270900726318,1.2192409038543701,1.2095071077346802,1.200212836265564,1.0231925249099731,1.183288812637329,1.12646484375,1.1160613298416138,1.1129822731018066,0.9730115532875061,0.9918127059936523,0.8634642362594604,0.9718397259712219,0.8883382678031921,0.885007917881012,1.0233094692230225,0.8816465735435486,0.7290980219841003,0.7359171509742737,1.020050048828125,0.8348433971405029,0.5254653096199036,0.5681452751159668,0.8535521030426025,1.088829517364502,1.1204392910003662,1.0831230878829956,1.065966010093689,0.9404981136322021,0.5455362796783447,0.567799985408783,0.8762534856796265,0.9247388243675232,0.8218519687652588,0.9530506134033203
finger,1.1675156354904175,0.9536505937576294,1.0446512699127197,1.130508303642273,1.1597477197647095,1.1647652387619019,1.0187695026397705,1.0176830291748047,0.9767192602157593,0.36563819646835327,0.0,0.35092419385910034,0.48538804054260254,1.154787302017212,0.9355360269546509,1.229254126548767,1.2746286392211914,1.0684089660644531,1.2309463024139404,1.2005091905593872,1.2608009576797485,1.3149676322937012,1.3063663244247437,1.2309074401855469,1.2745840549468994,1.2536094188690186,1.0902715921401978,0.982077956199646,0.8596407175064087,0.8112223744392395,0.8770689368247986,0.795160710811615,0.8891567587852478,0.6849791407585144,0.5853652358055115,0.6277936697006226,0.6998252868652344,1.193339467048645,0.9724692702293396,1.034684658050537,0.8977279663085938,0.9100513458251953,0.6607860922813416,0.7277414798736572,0.6828768849372864,1.1505731344223022,1.1580791473388672,0.9669445753097534,0.8902780413627625,0.9481132626533508,0.7074935436248779,1.1630035638809204,1.048777461051941,0.8616180419921875,0.9321934580802917,1.0051378011703491,0.9543424248695374,0.9942337870597839,1.1154357194900513,1.1462947130203247,1.2140508890151978,1.2316603660583496,1.0122636556625366,1.0765756368637085,0.5983481407165527,1.101324439048767,1.0460867881774902,0.8870288133621216,0.6577798128128052,0.9564448595046997,1.2448046207427979,0.9743937849998474,1.0053684711456299,0.9782307744026184,1.2640477418899536,0.9763680100440979,1.0383243560791016,1.235763669013977,1.1864310503005981,1.1462230682373047,1.1040661334991455
toe,1.0657289028167725,0.7882153987884521,1.0082917213439941,1.1192268133163452,1.139941692352295,1.1935473680496216,1.0520519018173218,1.0276106595993042,1.1384634971618652,0.6353588104248047,0.35092419385910034,0.0,0.4687230587005615,1.121290683746338,0.9021990299224854,1.3033137321472168,1.30167555809021,1.0934325456619263,1.3156635761260986,1.2479345798492432,1.3170679807662964,1.3573440313339233,1.3426355123519897,1.273354172706604,1.378814697265625,1.334690809249878,1.1965073347091675,0.9316501021385193,0.7586456537246704,0.7706886529922485,0.7997310161590576,0.6978258490562439,0.7545348405838013,0.3258965015411377,0.47474128007888794,0.4450100064277649,0.55560702085495,1.1713427305221558,0.974981963634491,1.0902241468429565,0.9435262084007263,1.0204120874404907,0.738756000995636,0.7175061702728271,0.6280304193496704,1.1867835521697998,1.1781338453292847,0.8866916298866272,0.8433617353439331,0.9399003982543945,0.6039706468582153,1.195732831954956,1.1095036268234253,0.8813904523849487,0.9443283677101135,1.0951664447784424,0.9810687303543091,1.0504134893417358,1.221428632736206,1.2903461456298828,1.3355002403259277,1.3355973958969116,1.1364998817443848,1.2337318658828735,0.6704398393630981,1.0617889165878296,0.9633042812347412,0.8350116610527039,0.575713574886322,0.7089927196502686,1.3022791147232056,0.9399211406707764,1.035466194152832,1.031023383140564,1.2965567111968994,0.9729697704315186,1.077017068862915,1.3474853038787842,1.1834144592285156,1.1093294620513916,1.0064947605133057
tooth,1.0341219902038574,0.7775536775588989,0.974930465221405,1.1156713962554932,1.1606367826461792,1.1612690687179565,1.0232068300247192,1.0300486087799072,1.2345465421676636,0.8555538058280945,0.48538804054260254,0.4687230587005615,0.0,1.0275812149047852,0.8222672939300537,1.3194739818572998,1.3170026540756226,1.0577304363250732,1.30576753616333,1.2743680477142334,1.3212003707885742,1.3092106580734253,1.3653476238250732,1.3035598993301392,1.371258020401001,1.3226969242095947,1.0746450424194336,0.8399548530578613,0.7908803820610046,0.727059006690979,0.8270825743675232,0.6711038947105408,0.746688961982727,0.4917224049568176,0.4627048373222351,0.3167475461959839,0.38378340005874634,1.1856930255889893,0.9611199498176575,0.9819273352622986,0.880668044090271,0.9758585691452026,0.6214977502822876,0.5622027516365051,0.498401939868927,1.2081760168075562,1.0849980115890503,0.8111085891723633,0.7512752413749695,0.936599850654602,0.5838502645492554,1.1144250631332397,1.010855793952942,0.7983205318450928,0.8523420095443726,0.9843040108680725,0.9468421339988708,0.9782628417015076,1.1044247150421143,1.1364514827728271,1.2961130142211914,1.2900012731552124,1.1031475067138672,1.175360918045044,0.4933258891105652,0.9937703013420105,1.0744725465774536,0.9870176911354065,0.7452083826065063,0.9648318886756897,1.268998146057129,0.9860535860061646,1.0371901988983154,1.0203239917755127,1.3500628471374512,1.147059679031372,1.1078826189041138,1.3969142436981201,1.234363079071045,1.2691456079483032,1.1285407543182373
car,0.733501672744751,0.8101904392242432,0.8491103053092957,0.9168747067451477,0.9826957583427429,1.0046584606170654,1.049288034439087,0.9921507835388184,1.2046537399291992,1.1849645376205444,1.154787302017212,1.121290683746338,1.0275812149047852,0.0,0.9645277261734009,0.8998751640319824,0.9710851311683655,0.9197221994400024,0.8805140256881714,0.9434624314308167,0.955164909362793,0.9325454235076904,1.0753989219665527,1.0152850151062012,1.1910085678100586,1.0622235536575317,0.9301801919937134,0.9501458406448364,1.032111406326294,1.0433623790740967,1.102797508239746,1.0552284717559814,0.9262456893920898,0.9809985160827637,0.9687029123306274,1.0176600217819214,0.9079864025115967,0.7260295152664185,0.8951886892318726,0.9990141987800598,1.0594574213027954,0.9633501768112183,0.97870934009552,0.8940582871437073,0.8825420141220093,0.8268333673477173,0.8816859722137451,0.7389861345291138,0.9653582572937012,0.7269372940063477,0.9347015619277954,0.9032183885574341,0.9094173312187195,1.0219331979751587,1.0670135021209717,1.145575761795044,1.0430467128753662,0.9590718746185303,1.0173546075820923,0.9175286293029785,1.1386821269989014,0.9745995402336121,0.9336885213851929,1.099600911140442,0.9649736881256104,0.7565440535545349,0.9514188766479492,1.1253751516342163,0.9961188435554504,0.9848596453666687,0.8996130228042603,0.9056251049041748,0.9957535862922668,1.0377322435379028,1.1145212650299072,1.1988177299499512,1.2024813890457153,1.0630648136138916,1.0278983116149902,1.088670015335083,0.9430572986602783
lamp,0.9330384731292725,0.9152419567108154,0.9677757024765015,0.8552762269973755,1.2282809019088745,1.1145656108856201,1.1275973320007324,1.0965744256973267,1.3689337968826294,1.2872977256774902,0.9355360269546509,0.9021990299224854,0.8222672939300537,0.9645277261734009,0.0,1.0507992506027222,1.1394418478012085,0.8770298361778259,0.9488428831100464,1.02161705493927,1.096362829208374,1.2489182949066162,1.2524940967559814,1.1263675689697266,1.347192645072937,1.1078615188598633,0.789681077003479,0.39395350217819214,0.8743091821670532,0.7021820545196533,0.8019711971282959,0.7808053493499756,0.7933969497680664,0.7558132410049438,0.7415499091148376,0.6167219877243042,0.6542397737503052,0.9000369906425476,0.7872279286384583,1.0396685600280762,0.8208529353141785,0.9084562659263611,0.658069372177124,0.5506904125213623,0.5865824222564697,0.7856226563453674,0.8557379245758057,0.5604218244552612,0.46821773052215576,0.6941392421722412,0.7419756650924683,1.0349570512771606,0.7760577201843262,0.5882329940795898,0.6976086497306824,0.9108816981315613,1.0315357446670532,1.1027604341506958,1.2089978456497192,1.2359271049499512,1.264685869216919,1.153477668762207,1.0468065738677979,1.1674915552139282,0.9563103914260864,1.0566364526748657,1.2123068571090698,1.4265625476837158,1.1889731884002686,1.2035887241363525,1.1843382120132446,0.8205086588859558,0.884498119354248,0.8554294109344482,1.328718662261963,1.411407709121704,1.462203025817871,1.3375492095947266,1.2249482870101929,1.3562400341033936,1.194835901260376
chair,1.1024144887924194,1.2884504795074463,1.1953800916671753,1.0251795053482056,0.9460082054138184,0.8595449924468994,1.0422978401184082,1.041628360748291,0.8947803378105164,1.164888620376587,1.229254126548767,1.3033137321472168,1.3194739818572998,0.8998751640319824,1.0507992506027222,0.0,0.24127328395843506,0.7863593101501465,0.7083287835121155,0.6001875400543213,0.6206653118133545,0.41179120540618896,0.4651675820350647,0.4443385601043701,0.6056650876998901,0.722868800163269,0.8413726091384888,1.2490593194961548,1.2659008502960205,1.2315096855163574,1.256824254989624,1.289907455444336,1.1834237575531006,1.294854760169983,1.2175352573394775,1.3096048831939697,1.3154501914978027,0.7333223819732666,1.028265357017517,1.0881847143173218,1.1784355640411377,1.011951208114624,1.2323429584503174,1.2380354404449463,1.271338939666748,0.7509793043136597,0.9851454496383667,1.128889560699463,1.119734525680542,0.7840948104858398,1.2045490741729736,0.7461883425712585,0.9569759964942932,1.1894404888153076,1.1285675764083862,1.1353448629379272,1.2062108516693115,1.1523680686950684,1.0246024131774902,0.9905920028686523,0.835627555847168,0.642970085144043,0.8523310422897339,0.8605741262435913,1.323737621307373,1.0225391387939453,0.9913116693496704,1.1019567251205444,1.1936347484588623,1.0638922452926636,0.7109944820404053,0.7551883459091187,0.8563843965530396,0.8695952892303467,0.6353131532669067,0.9528533816337585,1.0301371812820435,0.6898171901702881,0.8670656681060791,0.804262638092041,0.8860710859298706
bench,1.173574447631836,1.2846214771270752,1.2566308975219727,1.057310700416565,0.8630964756011963,0.8246554136276245,1.0147249698638916,1.013627290725708,0.810215950012207,1.1455018520355225,1.2746286392211914,1.30167555809021,1.3170026540756226,0.9710851311683655,1.1394418478012085,0.24127328395843506,0.0,0.846596360206604,0.729594349861145,0.5918623208999634,0.6540615558624268,0.48272788524627686,0.3252370357513428,0.265697717666626,0.5127263069152832,0.6287105083465576,0.8651279211044312,1.234940767288208,1.2645487785339355,1.2871639728546143,1.2699100971221924,1.3255410194396973,1.266763687133789,1.3118276596069336,1.2506694793701172,1.3210268020629883,1.3665915727615356,0.8366028666496277,1.188960075378418,1.1037760972976685,1.2729771137237549,1.048630714416504,1.2831993103027344,1.2853522300720215,1.3513762950897217,0.8649551868438721,1.0622844696044922,1.2558176517486572,1.2269612550735474,0.9260411262512207,1.226897120475769,0.8044871687889099,1.0951671600341797,1.2259929180145264,1.2027007341384888,1.1606807708740234,1.273383617401123,1.1066888570785522,1.0099462270736694,0.9566156268119812,0.7769700288772583,0.6195006370544434,0.8560752868652344,0.8603220582008362,1.330908179283142,1.0731728076934814,1.0120412111282349,1.0624109506607056,1.2318086624145508,1.0448397397994995,0.7539772987365723,0.7790781259536743,0.9117462635040283,0.9375086426734924,0.48079943656921387,0.8114895820617676,0.9241509437561035,0.6429901123046875,0.8087445497512817,0.6391040682792664,0.8127508163452148
drawer,1.067757487297058,1.076709508895874,1.0671393871307373,0.986724853515625,1.1296579837799072,1.0419154167175293,1.055458664894104,1.0607924461364746,1.0849652290344238,1.1371837854385376,1.0684089660644531,1.0934325456619263,1.0577304363250732,0.9197221994400024,0.8770298361778259,0.7863593101501465,0.846596360206604,0.0,0.8830400705337524,0.7458657026290894,0.6886523962020874,0.7545703053474426,0.8817221522331238,0.9694265723228455,1.0159587860107422,0.8018081784248352,0.7864307165145874,0.9132542014122009,1.0679678916931152,1.0488446950912476,1.038755178451538,1.062838077545166,1.080989122390747,1.0594037771224976,1.0174241065979004,1.0295816659927368,1.0424911975860596,0.8770995140075684,1.0589818954467773,1.0399724245071411,1.053220272064209,1.0100454092025757,0.966522216796875,0.9591773748397827,0.9800129532814026,0.9295020699501038,1.0083671808242798,0.9586485028266907,0.9610525965690613,0.7137966156005859,1.0192790031433105,0.8184329867362976,0.8743434548377991,0.9816739559173584,1.0198725461959839,1.0922993421554565,1.0792454481124878,1.0472452640533447,1.0875693559646606,1.0679566860198975,1.0180177688598633,0.7506315112113953,0.954138457775116,0.9725039601325989,1.0979664325714111,1.036911964416504,1.0915607213974,1.1663196086883545,1.124346375465393,1.051597237586975,0.9630424976348877,1.002135157585144,0.8427822589874268,0.8828029632568359,1.030460000038147,1.1156432628631592,1.1991807222366333,1.017409086227417,1.0687730312347412,1.019242525100708,0.9793860912322998
window,1.0769391059875488,1.218214511871338,1.2206714153289795,0.9246562719345093,0.9002550840377808,0.9449754953384399,0.7580156922340393,0.7272618412971497,0.7712246775627136,1.1620886325836182,1.2309463024139404,1.3156635761260986,1.30576753616333,0.8805140256881714,0.9488428831100464,0.7083287835121155,0.729594349861145,0.8830400705337524,0.0,0.4190407395362854,0.4892422556877136,0.734519362449646,0.6601325273513794,0.6487942934036255,0.8580561280250549,0.7301783561706543,0.9511999487876892,1.1061025857925415,1.249291181564331,1.2123175859451294,1.1808273792266846,1.2191377878189087,1.066946268081665,1.3765902519226074,1.2495238780975342,1.2568868398666382,1.1883069276809692,0.817823052406311,1.1236244440078735,1.193820834159851,1.2207850217819214,1.0991408824920654,1.2678841352462769,1.2457231283187866,1.2987046241760254,0.6187609434127808,0.8856839537620544,1.0943490266799927,1.1417949199676514,1.009539008140564,1.172717809677124,1.0061568021774292,1.0420241355895996,1.2378202676773071,1.1853562593460083,1.1952667236328125,1.1585782766342163,1.139500379562378,1.0248621702194214,0.9224845170974731,1.0155197381973267,0.9212169647216797,1.035648226737976,0.97125643491745,1.3002269268035889,1.2331048250198364,1.130853295326233,1.1244198083877563,1.200002908706665,1.204274296760559,0.9603415727615356,0.9203103184700012,0.9655726552009583,1.0155693292617798,0.8063299655914307,0.9613658785820007,1.0294725894927979,0.6925367712974548,0.6778270602226257,0.8298786282539368,0.832112193107605
door,1.1039581298828125,1.255723237991333,1.2612066268920898,0.9727999567985535,0.9042019844055176,0.9211987853050232,0.79864501953125,0.7771381139755249,0.8240480422973633,1.1555827856063843,1.2005091905593872,1.2479345798492432,1.2743680477142334,0.9434624314308167,1.02161705493927,0.6001875400543213,0.5918623208999634,0.7458657026290894,0.4190407395362854,0.0,0.41493654251098633,0.6071097254753113,0.5678849220275879,0.6363768577575684,0.8250278830528259,0.6010289788246155,0.9781065583229065,1.175410509109497,1.2498605251312256,1.2594746351242065,1.251611351966858,1.2877966165542603,1.1718413829803467,1.3194762468338013,1.2429442405700684,1.2329412698745728,1.2601567506790161,0.7044658064842224,1.2006486654281616,1.1841193437576294,1.299737572669983,1.1301711797714233,1.2663037776947021,1.253382921218872,1.2927048206329346,0.8000280261039734,0.9870922565460205,1.1631622314453125,1.192511796951294,0.8905755877494812,1.2342702150344849,0.9953426718711853,1.056660771369934,1.2710942029953003,1.272768259048462,1.2996022701263428,1.2312291860580444,1.122037410736084,1.1133226156234741,0.9572757482528687,1.0561258792877197,0.832707941532135,1.0625009536743164,0.9505035877227783,1.3050196170806885,1.176904320716858,1.0371986627578735,1.1087512969970703,1.2020046710968018,1.1127735376358032,0.9203366041183472,1.0286121368408203,0.9337351322174072,1.000531554222107,0.7906289100646973,0.9221706986427307,1.0392767190933228,0.6284743547439575,0.6843945980072021,0.7460877895355225,0.7938249707221985
refrigerator,1.1333439350128174,1.2903791666030884,1.2670865058898926,1.016741156578064,0.9126338362693787,0.9003125429153442,0.8611077666282654,0.8568739891052246,0.7590947151184082,1.1669278144836426,1.2608009576797485,1.3170679807662964,1.3212003707885742,0.955164909362793,1.096362829208374,0.6206653118133545,0.6540615558624268,0.6886523962020874,0.4892422556877136,0.41493654251098633,0.0,0.6144912838935852,0.592542827129364,0.6434992551803589,0.7502649426460266,0.6794025897979736,0.8787248134613037,1.182076096534729,1.2602061033248901,1.2892340421676636,1.219961404800415,1.2428609132766724,1.2484866380691528,1.386013388633728,1.2782607078552246,1.2701873779296875,1.2946854829788208,0.767586350440979,1.1230363845825195,1.1285922527313232,1.1796270608901978,1.038870096206665,1.2957230806350708,1.2739771604537964,1.3324100971221924,0.8749853372573853,0.983548641204834,1.1012730598449707,1.1736735105514526,0.9304313063621521,1.27203369140625,0.9447110295295715,0.9686315655708313,1.2754617929458618,1.1739418506622314,1.1693462133407593,1.1695423126220703,1.073622703552246,0.961848795413971,0.8265144228935242,0.9012671113014221,0.7653489708900452,1.0220731496810913,0.9131829738616943,1.2759360074996948,1.2003321647644043,1.1347023248672485,1.151699423789978,1.2668728828430176,1.1944365501403809,0.9467577338218689,1.0735342502593994,0.9843859076499939,1.042271375656128,0.8204132914543152,0.9309350252151489,1.024923324584961,0.6736063957214355,0.6999964714050293,0.7447928190231323,0.8089281320571899
crib,1.0835323333740234,1.2595524787902832,1.1163337230682373,1.0200605392456055,0.8998719453811646,0.8471517562866211,1.0160125494003296,1.0318509340286255,0.8600983023643494,1.1370594501495361,1.3149676322937012,1.3573440313339233,1.3092106580734253,0.9325454235076904,1.2489182949066162,0.41179120540618896,0.48272788524627686,0.7545703053474426,0.734519362449646,0.6071097254753113,0.6144912838935852,0.0,0.23466694355010986,0.6066111326217651,0.5169069766998291,0.5427169799804688,0.871397852897644,1.2797001600265503,1.2310603857040405,1.264154314994812,1.2660558223724365,1.3116751909255981,1.2857489585876465,1.423522710800171,1.3396689891815186,1.3471596240997314,1.397560715675354,0.8095239400863647,1.2119404077529907,0.9845322966575623,1.2542561292648315,1.165346622467041,1.3531030416488647,1.364781379699707,1.3615639209747314,0.9514058232307434,0.9806437492370605,1.277116060256958,1.2722887992858887,1.008347511291504,1.3723077774047852,0.6742051839828491,1.0059806108474731,1.2375731468200684,1.192586064338684,1.1473487615585327,1.1896169185638428,1.0788156986236572,1.0281950235366821,0.8276408910751343,0.7400676012039185,0.4830027222633362,0.8969261646270752,0.7842159271240234,1.2052078247070312,0.8240484595298767,0.8165304660797119,1.008773922920227,1.2500629425048828,1.1118336915969849,0.7574363946914673,1.0161058902740479,0.9969390034675598,1.0523741245269775,0.5982664823532104,0.8422374129295349,0.8687465190887451,0.6091301441192627,0.8902716040611267,0.814537763595581,0.9887921214103699
bed,1.1760751008987427,1.288574457168579,1.2061148881912231,1.0026596784591675,0.7624533772468567,0.7985662221908569,0.8987641334533691,0.9306018948554993,0.6667916774749756,1.0813735723495483,1.3063663244247437,1.3426355123519897,1.3653476238250732,1.0753989219665527,1.2524940967559814,0.4651675820350647,0.3252370357513428,0.8817221522331238,0.6601325273513794,0.5678849220275879,0.592542827129364,0.23466694355010986,0.0,0.3119065761566162,0.4229692220687866,0.5589725375175476,1.0227829217910767,1.2710906267166138,1.2965936660766602,1.3411860466003418,1.3209446668624878,1.382012128829956,1.3162026405334473,1.4553468227386475,1.3857375383377075,1.3897017240524292,1.4619390964508057,0.9289908409118652,1.3217476606369019,1.1089959144592285,1.3549840450286865,1.1835391521453857,1.395371675491333,1.4133038520812988,1.4735150337219238,0.9789971113204956,1.0807987451553345,1.386348009109497,1.3530645370483398,1.1753078699111938,1.3679273128509521,0.85366290807724,1.1939964294433594,1.3313848972320557,1.300875186920166,1.2067444324493408,1.2782163619995117,1.1207584142684937,1.005476713180542,0.8585209846496582,0.7874716520309448,0.6366043090820312,0.9202335476875305,0.7806371450424194,1.3495723009109497,1.0662440061569214,0.8508543372154236,0.9469410181045532,1.2491559982299805,1.0972884893417358,0.7855245471000671,0.8357241153717041,0.9645951986312866,1.025652527809143,0.30394279956817627,0.6331363916397095,0.7087352275848389,0.4366428256034851,0.7187445163726807,0.5951923727989197,0.8821072578430176
couch,1.1456414461135864,1.2702746391296387,1.21565580368042,1.0382819175720215,0.8362590670585632,0.8159637451171875,0.8961833119392395,0.9048876166343689,0.7277284860610962,1.1120765209197998,1.2309074401855469,1.273354172706604,1.3035598993301392,1.0152850151062012,1.1263675689697266,0.4443385601043701,0.265697717666626,0.9694265723228455,0.6487942934036255,0.6363768577575684,0.6434992551803589,0.6066111326217651,0.3119065761566162,0.0,0.5654671788215637,0.754937469959259,1.0306838750839233,1.2227003574371338,1.2452672719955444,1.2664015293121338,1.2427475452423096,1.283535361289978,1.1994582414627075,1.3351354598999023,1.255629539489746,1.297360897064209,1.3223958015441895,0.8872047662734985,1.2019232511520386,1.1384811401367188,1.2829444408416748,1.156431794166565,1.3121761083602905,1.3180341720581055,1.3723564147949219,0.828779399394989,1.0118285417556763,1.2415062189102173,1.2218098640441895,1.0354385375976562,1.2296704053878784,0.8806917667388916,1.1138639450073242,1.2451159954071045,1.1880241632461548,1.154131293296814,1.2396643161773682,1.1643187999725342,0.9794308543205261,0.9270615577697754,0.8102413415908813,0.6963294148445129,0.9069067239761353,0.8924561738967896,1.3013261556625366,1.1037596464157104,0.9343146085739136,1.022275686264038,1.188118577003479,1.0797510147094727,0.7836306691169739,0.6304317712783813,0.984108567237854,1.0262150764465332,0.4199894070625305,0.7773327827453613,0.8427777886390686,0.555066704750061,0.7114180326461792,0.646313488483429,0.8518765568733215
table,1.1981637477874756,1.2928425073623657,1.0603196620941162,1.0265421867370605,0.8452666997909546,0.8190705180168152,1.0327305793762207,1.0763287544250488,0.5808188319206238,0.8487666845321655,1.2745840549468994,1.378814697265625,1.371258020401001,1.1910085678100586,1.347192645072937,0.6056650876998901,0.5127263069152832,1.0159587860107422,0.8580561280250549,0.8250278830528259,0.7502649426460266,0.5169069766998291,0.4229692220687866,0.5654671788215637,0.0,0.6055458784103394,0.9262238144874573,1.2592967748641968,1.238732099533081,1.2974066734313965,1.3000741004943848,1.3689919710159302,1.3899798393249512,1.4813446998596191,1.4337608814239502,1.4435219764709473,1.492999792098999,1.0666571855545044,1.2443400621414185,0.8433931469917297,1.1327364444732666,1.0302194356918335,1.2893855571746826,1.3736006021499634,1.4088129997253418,1.0649220943450928,0.9917895197868347,1.351796269416809,1.292533040046692,1.2844021320343018,1.456207036972046,0.8203930854797363,1.0729305744171143,1.2219403982162476,1.0487205982208252,0.7848647832870483,1.1622812747955322,0.9894415736198425,0.8133895397186279,0.7214060425758362,0.2595376968383789,0.43331146240234375,0.6175973415374756,0.39979833364486694,1.140820860862732,0.8488149642944336,0.9206023216247559,0.8887732028961182,1.2430733442306519,1.1052576303482056,0.8222522735595703,1.185634970664978,1.119431734085083,1.0855529308319092,0.5155040621757507,0.6469377279281616,0.6472263336181641,0.5633865594863892,0.8391980528831482,0.6951503753662109,1.0024443864822388
bathtub,1.1587846279144287,1.1841031312942505,1.1591603755950928,0.9474934935569763,0.860925018787384,0.9282244443893433,0.9671427607536316,0.9764600992202759,0.7709828615188599,1.066577434539795,1.2536094188690186,1.334690809249878,1.3226969242095947,1.0622235536575317,1.1078615188598633,0.722868800163269,0.6287105083465576,0.8018081784248352,0.7301783561706543,0.6010289788246155,0.6794025897979736,0.5427169799804688,0.5589725375175476,0.754937469959259,0.6055458784103394,0.0,0.42710310220718384,1.145705223083496,1.2958073616027832,1.277336597442627,1.298180341720581,1.3322285413742065,1.344250202178955,1.4028056859970093,1.3693301677703857,1.3504705429077148,1.4085540771484375,0.9045021533966064,1.2399386167526245,0.9819230437278748,1.1904281377792358,1.0534881353378296,1.2888052463531494,1.3096108436584473,1.3700566291809082,1.0577706098556519,1.0746711492538452,1.3279187679290771,1.2546846866607666,1.0096561908721924,1.3455394506454468,0.9334022998809814,0.954136312007904,1.1891354322433472,1.0943167209625244,1.0059194564819336,1.2415833473205566,1.0776556730270386,0.9995020627975464,0.8339964151382446,0.7160787582397461,0.6284769773483276,0.956107497215271,0.7405929565429688,1.2795794010162354,1.0519423484802246,1.0318344831466675,1.0453693866729736,1.3017739057540894,1.0868853330612183,0.8892470598220825,1.1756106615066528,0.9617037177085876,0.9900054931640625,0.6942952871322632,0.8470492362976074,0.9003996253013611,0.6901957988739014,0.8810237646102905,0.7853459119796753,0.9690209031105042
