,rooster,fish,frog,alligator,owl,cat,dog,face,hair,arm,hand,finger,toe,tooth,nose,stroller,car,lamp,chair,bench,drawer,window,door,refrigerator,oven,crib,bed,couch,table,bathtub,sink,slide,clock,ball,balloon,pumpkin,egg,orange,apple,hat,slipper,watch,nail,glasses,necklace,carrot,vacuum,shovel,scissors,spoon,fork,knife,pencil,pen,crayon,plant,flower,bottle,cup,can,belt,basket,bucket,tape,bowl,plate,banana,bread,cracker,pizza,hamburger,glass,tray,box,book,paper,comb,toothbrush,gum,toy,doll,mitten,glove,sock,shoe,purse,pillow,towel,napkin,blanket,pajamas,bib,scarf,jacket,sweater,shirt,jeans,pants,shorts
rooster,0.0,0.5207825899124146,0.66205894947052,1.0207111835479736,0.7328348159790039,0.8549839854240417,0.7210879325866699,1.0970592498779297,0.9870204329490662,1.2546803951263428,1.1077461242675781,1.0296223163604736,0.9459850788116455,0.770866334438324,0.7018991708755493,1.0593695640563965,0.9081791043281555,0.7709226012229919,1.1638458967208862,1.1489871740341187,1.092315912246704,1.0416916608810425,1.0618343353271484,1.1512064933776855,1.1629891395568848,1.2148932218551636,1.2249373197555542,1.2282710075378418,1.2931427955627441,1.2134991884231567,1.1779730319976807,1.1464626789093018,0.7663452625274658,0.9096964001655579,0.9625530242919922,0.9434812068939209,0.9100629091262817,0.9395309090614319,0.8501816391944885,0.8429135680198669,0.7525120973587036,0.9141521453857422,0.8657824993133545,0.9482691884040833,0.9611048102378845,0.8577415943145752,1.059903621673584,0.8549498915672302,0.9212341904640198,0.848814845085144,0.8513778448104858,0.8137907385826111,0.7156568169593811,0.738899827003479,0.786298394203186,0.9331603050231934,0.7198328971862793,0.871461033821106,0.930802583694458,1.0189275741577148,0.9789795279502869,1.1120235919952393,1.119232416152954,0.9727254509925842,1.0200424194335938,1.016400694847107,0.9204277992248535,0.884110152721405,1.0651389360427856,0.9692299962043762,1.0304781198501587,1.0759716033935547,1.2077080011367798,1.2054989337921143,1.046982765197754,1.1424591541290283,1.055046558380127,1.067417860031128,0.9677819609642029,0.8936862349510193,0.9328919053077698,1.1055477857589722,1.0004488229751587,1.090072751045227,1.0138273239135742,1.0035399198532104,0.9997896552085876,0.9816099405288696,0.9758478999137878,1.2424798011779785,1.2764091491699219,1.2570109367370605,1.1473023891448975,1.1775662899017334,1.2011128664016724,1.1794207096099854,1.302369475364685,1.1883466243743896,1.141944408416748
fish,0.5207825899124146,0.0,0.6302386522293091,1.0756841897964478,0.8888267278671265,0.945110023021698,1.0617014169692993,1.1413154602050781,1.1201039552688599,1.2586151361465454,1.0511140823364258,0.8878607749938965,0.7898156642913818,0.5951092839241028,0.7067829370498657,1.2608035802841187,1.0033061504364014,0.8031785488128662,1.2229551076889038,1.1535251140594482,1.1050326824188232,1.1477757692337036,1.23380708694458,1.241766333580017,1.232268214225769,1.2634618282318115,1.299087405204773,1.3125779628753662,1.2883944511413574,1.1625665426254272,1.0845308303833008,1.0781223773956299,0.7990549206733704,0.8123016357421875,0.8667798042297363,0.9029732346534729,0.7680613994598389,0.8099801540374756,0.7343940734863281,0.9518502354621887,0.6312887668609619,0.831076443195343,0.6811014413833618,0.9860981106758118,0.8598895072937012,0.7687391042709351,1.2198179960250854,0.8440862894058228,0.9041123390197754,0.8151847124099731,0.8604291081428528,0.7938069701194763,0.5818220973014832,0.586502194404602,0.5701302886009216,1.1228671073913574,0.9380249381065369,0.8517615795135498,0.8198058009147644,0.9861290454864502,0.7830307483673096,1.10765540599823,1.0049927234649658,0.835464358329773,0.906779944896698,0.9474209547042847,0.8099433183670044,0.8506417870521545,1.0287718772888184,0.999548077583313,1.021104335784912,1.1467772722244263,1.167243242263794,1.2618966102600098,1.1442036628723145,1.1489837169647217,1.0333017110824585,0.9016367793083191,0.8288487195968628,0.8273858428001404,1.1829057931900024,1.0156358480453491,0.9116004109382629,0.9825156927108765,0.923398494720459,1.0689127445220947,1.0208384990692139,0.9424192309379578,0.9022185206413269,1.2382992506027222,1.2558937072753906,1.240151286125183,1.1047589778900146,1.1766331195831299,1.279388427734375,1.2470932006835938,1.2092869281768799,1.1866331100463867,1.1269240379333496
frog,0.66205894947052,0.6302386522293091,0.0,0.7918943166732788,0.7418597936630249,1.0666224956512451,0.8457967638969421,1.192937970161438,1.250800371170044,1.2505772113800049,1.0326164960861206,1.0501713752746582,1.041358470916748,0.988946259021759,0.9471495747566223,1.083487868309021,1.068566918373108,0.9726907014846802,1.1405174732208252,1.0607566833496094,1.1321247816085815,1.155624270439148,1.277150273323059,1.2567349672317505,1.2197227478027344,1.0558972358703613,1.1633492708206177,1.1631869077682495,1.1264679431915283,1.030074119567871,1.0282528400421143,0.8602402806282043,0.6701517701148987,0.8568284511566162,0.8345258235931396,0.896742582321167,0.9089528918266296,0.8931786417961121,0.8442944884300232,0.999570369720459,0.851320743560791,1.0758635997772217,1.054654598236084,1.1057252883911133,1.056943416595459,0.9216657280921936,1.1314114332199097,0.9172511100769043,0.7173351049423218,0.8569773435592651,0.9334051609039307,1.0007292032241821,0.9412912726402283,1.0139012336730957,0.8499191999435425,1.0210061073303223,0.8763269782066345,0.9386517405509949,0.9307821989059448,1.092949390411377,1.113767147064209,0.9916104078292847,0.8856348395347595,0.8517717719078064,0.9235449433326721,0.8732779622077942,0.6932439804077148,0.8979542255401611,0.8802488446235657,0.8385902643203735,0.8279902935028076,1.0987224578857422,0.9274585843086243,0.997340738773346,0.8586464524269104,0.9659597873687744,0.9882612824440002,0.823951780796051,0.7179952263832092,0.49396902322769165,0.8017275333404541,0.8622340559959412,1.0302075147628784,1.062990427017212,0.8981977701187134,0.9465305209159851,1.0679515600204468,1.0136475563049316,1.0012156963348389,1.1541615724563599,1.1685104370117188,1.090753436088562,0.9784500598907471,1.110507845878601,1.2098294496536255,1.2759289741516113,1.198839783668518,1.2351629734039307,1.2295420169830322
alligator,1.0207111835479736,1.0756841897964478,0.7918943166732788,0.0,0.6714391708374023,0.6865220665931702,0.7265322208404541,0.9096471071243286,0.9932873845100403,0.6832839846611023,0.9350610971450806,1.2837860584259033,1.3251967430114746,1.4137428998947144,1.3248403072357178,0.7815504670143127,1.0231246948242188,1.2496099472045898,0.9002863168716431,0.8225932121276855,1.0461149215698242,0.8386523723602295,0.8562642335891724,0.7937207221984863,0.8438499569892883,0.6876983046531677,0.6277657151222229,0.654720664024353,0.6262540221214294,0.6056005954742432,0.8588327169418335,0.8214643001556396,1.0912775993347168,1.2672290802001953,1.1886687278747559,1.256369948387146,1.323967695236206,1.2517883777618408,1.3754816055297852,1.2223505973815918,1.3590729236602783,1.3873982429504395,1.5217095613479614,1.2930209636688232,1.3241686820983887,1.2660996913909912,0.8875304460525513,1.0504555702209473,0.9280766844749451,1.0591888427734375,1.0780669450759888,1.0981807708740234,1.412930965423584,1.4647293090820312,1.475548505783081,0.8882172107696533,0.9522777795791626,1.3246870040893555,1.4080781936645508,1.2158477306365967,1.3564562797546387,0.9871106743812561,1.1206626892089844,1.3561604022979736,1.2090387344360352,1.1036224365234375,0.9886277318000793,1.1852507591247559,0.7256540060043335,0.8983093500137329,0.8414631485939026,0.7360650897026062,0.7987426519393921,0.8971823453903198,0.9621365666389465,0.6323709487915039,0.7668413519859314,0.8692265152931213,1.266286849975586,1.1894423961639404,0.8486460447311401,0.7392476797103882,1.0422182083129883,1.0117865800857544,0.9874732494354248,0.7401818037033081,0.987079918384552,0.9178087711334229,0.9586806893348694,0.570570170879364,0.5747578144073486,0.6214907765388489,0.823214054107666,0.6393910646438599,0.6760959625244141,0.7530425190925598,0.6727133989334106,0.7601405382156372,0.9004337787628174
owl,0.7328348159790039,0.8888267278671265,0.7418597936630249,0.6714391708374023,0.0,0.7096076011657715,0.7122170329093933,0.9152660369873047,0.9451744556427002,0.9547632336616516,0.9862761497497559,1.1311984062194824,1.11233651638031,0.989639937877655,0.936445951461792,0.9763560891151428,0.9715551137924194,1.0815026760101318,1.1084641218185425,1.0076910257339478,1.1129553318023682,0.9417095184326172,1.0519520044326782,0.9944440722465515,0.995769202709198,1.0302141904830933,0.9820253849029541,1.046706199645996,1.0629386901855469,1.0007100105285645,1.1055588722229004,1.142317533493042,0.8444277048110962,1.1017085313796997,1.1015390157699585,1.037648320198059,1.1004104614257812,1.0973155498504639,1.1322803497314453,1.0119740962982178,1.078696846961975,1.1371887922286987,1.14118492603302,1.0433703660964966,1.0932315587997437,1.0349589586257935,1.0872490406036377,1.06392240524292,1.0302191972732544,1.023342251777649,0.940741777420044,1.00485098361969,1.1282027959823608,1.1442681550979614,1.2402443885803223,0.9855452179908752,0.8829332590103149,1.101575255393982,1.147003412246704,1.1256128549575806,1.0369670391082764,1.0645567178726196,1.1667591333389282,1.1762006282806396,1.0988508462905884,1.0386455059051514,1.0330920219421387,0.905826985836029,0.8148835301399231,0.8539324998855591,0.8274717330932617,0.8567923903465271,1.0858947038650513,1.1160837411880493,1.0242234468460083,0.8775984644889832,0.9385550022125244,1.0941619873046875,1.1526434421539307,1.1861622333526611,0.8397496938705444,0.870476245880127,1.0016080141067505,1.061076045036316,0.9700291752815247,0.8376380205154419,0.8793181777000427,0.9414472579956055,0.968774676322937,0.8716574907302856,0.8644943833351135,0.7981945276260376,0.9355745911598206,0.8505431413650513,0.9368355870246887,0.9324115514755249,0.9717928171157837,0.9495567679405212,0.974857747554779
cat,0.8549839854240417,0.945110023021698,1.0666224956512451,0.6865220665931702,0.7096076011657715,0.0,0.3446728587150574,0.88875412940979,0.875954806804657,0.8362552523612976,0.9158021807670593,1.0878018140792847,1.1012035608291626,1.1531823873519897,0.9545729160308838,0.8017097115516663,0.9179427027702332,1.1213176250457764,0.9480359554290771,0.9007576107978821,1.0741996765136719,0.811808168888092,0.9128938913345337,0.928650438785553,0.9548178911209106,0.8547987937927246,0.7887510657310486,0.8074105978012085,0.8712195158004761,0.7821970582008362,1.0322920083999634,1.0053651332855225,1.0447242259979248,1.1280531883239746,1.1459883451461792,1.1413381099700928,1.2162784337997437,1.1665419340133667,1.1871871948242188,1.0340043306350708,1.1013323068618774,1.123260498046875,1.1947935819625854,1.1265437602996826,1.1675117015838623,1.1921277046203613,0.9846078157424927,1.1470624208450317,1.1409262418746948,1.1285858154296875,1.124158263206482,1.0797529220581055,1.166732668876648,1.1742658615112305,1.2724716663360596,0.947772741317749,1.0294350385665894,1.2143770456314087,1.2550479173660278,1.071319341659546,1.0172698497772217,1.0065374374389648,1.14212167263031,1.2491785287857056,1.178596019744873,1.1925560235977173,1.0752999782562256,1.1624863147735596,0.8789201974868774,1.0473442077636719,1.0218249559402466,0.8568216562271118,1.06436026096344,1.0261400938034058,1.0685739517211914,0.8792641758918762,0.8328132629394531,1.0317693948745728,1.2417113780975342,1.2399870157241821,0.9086527228355408,0.8515957593917847,0.9958031177520752,0.9354871511459351,0.9668546319007874,0.8303195834159851,0.8497587442398071,1.0328571796417236,1.0479546785354614,0.6720979809761047,0.7423239350318909,0.803694486618042,0.9674903750419617,0.7297250032424927,0.8026362061500549,0.8696426153182983,0.817107081413269,0.8394725322723389,0.865051805973053
dog,0.7210879325866699,1.0617014169692993,0.8457967638969421,0.7265322208404541,0.7122170329093933,0.3446728587150574,0.0,0.9990921020507812,0.9994255304336548,0.9841235876083374,1.0009368658065796,1.1209684610366821,1.0564721822738647,1.1784206628799438,0.9007861614227295,0.7633762359619141,1.0006214380264282,1.1148841381072998,1.0042740106582642,0.949487566947937,1.0848369598388672,0.9783681631088257,1.0478227138519287,1.0756316184997559,1.0565890073776245,0.9340190291404724,0.8502392768859863,0.8425500988960266,0.9552158713340759,0.9733105897903442,1.0883604288101196,1.0389704704284668,0.8816784620285034,1.082088589668274,1.1087206602096558,0.9833464026451111,1.166733741760254,1.161062479019165,1.1524202823638916,0.9151405096054077,0.8983559012413025,1.073369026184082,1.213037133216858,1.061354637145996,1.1360421180725098,1.1343963146209717,1.0054019689559937,1.0349698066711426,1.0332250595092773,1.0428485870361328,1.0894631147384644,1.0215643644332886,1.1120834350585938,1.1392323970794678,1.1900503635406494,0.9838628768920898,0.9828245639801025,1.11101233959198,1.1621060371398926,1.0482813119888306,1.1066721677780151,0.9642702341079712,1.1238832473754883,1.134630799293518,1.104369878768921,1.064128041267395,0.9758507609367371,0.9776684641838074,0.7891813516616821,0.8991959691047668,0.845019519329071,1.0034157037734985,1.0029306411743164,0.9710567593574524,0.9032955765724182,0.9284131526947021,0.971856951713562,1.0507569313049316,1.1171886920928955,1.0159939527511597,0.5558490753173828,0.7641245126724243,0.8838890790939331,0.8609646558761597,0.8249009847640991,0.7662769556045532,0.7884875535964966,0.9656322598457336,0.98093181848526,0.8193382024765015,0.868124783039093,0.8680511713027954,0.9642809629440308,0.8445462584495544,0.9202304482460022,1.0314799547195435,0.9494531750679016,0.9687293171882629,0.9715290069580078
face,1.0970592498779297,1.1413154602050781,1.192937970161438,0.9096471071243286,0.9152660369873047,0.88875412940979,0.9990921020507812,0.0,0.25393223762512207,0.618234395980835,0.8952502012252808,1.040717601776123,1.077189326286316,1.0648987293243408,1.0176348686218262,1.0156683921813965,0.9926693439483643,1.149344563484192,1.0561317205429077,1.0166054964065552,1.166707992553711,0.9082018733024597,0.8956288695335388,0.9366671442985535,0.9934236407279968,1.096693754196167,0.9304084777832031,0.971194326877594,0.9758446216583252,1.0084869861602783,1.1363673210144043,1.09011709690094,1.1773207187652588,1.167372465133667,1.1567152738571167,1.2093716859817505,1.1487171649932861,1.1391669511795044,1.1823055744171143,0.7578678131103516,1.2322196960449219,1.0838769674301147,1.0891728401184082,0.5398447513580322,0.8606250882148743,1.0973000526428223,1.078618049621582,1.156813383102417,1.128226637840271,1.1529617309570312,1.0809537172317505,1.1135292053222656,1.1317734718322754,1.1332484483718872,1.2156773805618286,0.9572536945343018,1.0808850526809692,1.1777772903442383,1.1968798637390137,1.198945164680481,1.010614275932312,1.2252681255340576,1.193187952041626,1.212345004081726,1.2094566822052002,1.1619651317596436,1.154643177986145,1.1346404552459717,1.000291109085083,1.0423918962478638,1.0343776941299438,0.8828840255737305,1.1208367347717285,1.135175108909607,1.1030124425888062,0.9398319721221924,0.9504374265670776,1.0100113153457642,1.1316895484924316,1.3023781776428223,1.0670214891433716,0.9349854588508606,1.0465275049209595,1.0635589361190796,1.1059657335281372,1.042288899421692,1.0768930912017822,1.1840758323669434,1.187089204788208,0.9024786949157715,0.6001524329185486,0.5559382438659668,0.7342265844345093,0.7840181589126587,0.532286524772644,0.4053047299385071,0.6880186796188354,0.720842182636261,0.6845446825027466
hair,0.9870204329490662,1.1201039552688599,1.250800371170044,0.9932873845100403,0.9451744556427002,0.875954806804657,0.9994255304336548,0.25393223762512207,0.0,0.6497789025306702,0.8744386434555054,0.9873794913291931,1.0342036485671997,1.0130798816680908,0.9571959972381592,1.0144239664077759,1.0110400915145874,1.0204969644546509,1.0450624227523804,1.0446726083755493,1.1628385782241821,0.8594915866851807,0.8042917251586914,0.9450558423995972,0.9981765151023865,1.1472095251083374,0.9529983401298523,0.9781282544136047,1.0472079515457153,1.0739338397979736,1.1379828453063965,1.0952236652374268,1.126901388168335,1.1723569631576538,1.1563540697097778,1.1774711608886719,1.1759237051010132,1.1502307653427124,1.161731481552124,0.5250211358070374,1.1680577993392944,0.9888374209403992,1.0607393980026245,0.4690539240837097,0.8123237490653992,1.1026551723480225,1.0726745128631592,1.1503690481185913,1.1839263439178467,1.1740219593048096,1.1137280464172363,1.0917960405349731,1.0879604816436768,1.0947353839874268,1.2055795192718506,0.8122355341911316,0.9484015107154846,1.1605205535888672,1.2017855644226074,1.1780904531478882,0.9442389607429504,1.2497814893722534,1.2412383556365967,1.2526582479476929,1.24832022190094,1.228729486465454,1.1913992166519165,1.1674518585205078,1.0664088726043701,1.1235334873199463,1.1315767765045166,0.9548261761665344,1.2267826795578003,1.1895886659622192,1.1782184839248657,1.0630170106887817,0.9778189063072205,1.099222183227539,1.1578413248062134,1.331088900566101,1.0555405616760254,0.9732509255409241,1.0132287740707397,1.0377379655838013,1.1234544515609741,1.0509077310562134,1.0011450052261353,1.1711513996124268,1.1833925247192383,0.9498558044433594,0.7314902544021606,0.7125089168548584,0.8384301662445068,0.8694655299186707,0.6069381237030029,0.5254838466644287,0.8335964679718018,0.7640084028244019,0.736676812171936
arm,1.2546803951263428,1.2586151361465454,1.2505772113800049,0.6832839846611023,0.9547632336616516,0.8362552523612976,0.9841235876083374,0.618234395980835,0.6497789025306702,0.0,0.5759135484695435,0.9643447995185852,1.0339436531066895,1.2796752452850342,1.2702877521514893,0.922783613204956,1.0528844594955444,1.2679814100265503,0.8982848525047302,0.7916224002838135,1.1452494859695435,0.8341737389564514,0.8227412104606628,0.7911782264709473,0.813589334487915,0.9066295623779297,0.6919788122177124,0.7220523357391357,0.6582735776901245,0.7749674916267395,0.9036800861358643,1.0227742195129395,1.304309368133545,1.281922459602356,1.2396454811096191,1.2850141525268555,1.2795281410217285,1.2393927574157715,1.309414029121399,1.1004822254180908,1.3871111869812012,1.0763953924179077,1.2868517637252808,1.0302848815917969,1.0321332216262817,1.1697741746902466,1.0157898664474487,1.2205716371536255,1.134808897972107,1.186640739440918,1.1093531847000122,1.096376657485962,1.241050362586975,1.2788398265838623,1.3887656927108765,0.9479831457138062,1.055294394493103,1.2938638925552368,1.36171555519104,1.2427171468734741,1.0484442710876465,1.1103582382202148,1.2046945095062256,1.3975703716278076,1.2287542819976807,1.1508891582489014,1.1748778820037842,1.2512351274490356,0.8740024566650391,1.013598084449768,1.0535155534744263,0.7725728750228882,0.8706294298171997,1.02874755859375,0.9992982149124146,0.692991316318512,0.8235989212989807,0.8524683713912964,1.143007755279541,1.4195280075073242,0.9884365797042847,0.7483935356140137,0.8599696159362793,0.8829839825630188,1.1279551982879639,0.910270094871521,0.9302550554275513,1.1005712747573853,1.101210355758667,0.6395712494850159,0.32700973749160767,0.3535209894180298,0.669152021408081,0.6122638583183289,0.3411102294921875,0.29436635971069336,0.3693283796310425,0.47439777851104736,0.418690025806427
hand,1.1077461242675781,1.0511140823364258,1.0326164960861206,0.9350610971450806,0.9862761497497559,0.9158021807670593,1.0009368658065796,0.8952502012252808,0.8744386434555054,0.5759135484695435,0.0,0.375372052192688,0.6036052107810974,1.0270916223526,1.0800634622573853,1.0655604600906372,1.1739375591278076,1.25135338306427,1.1310220956802368,1.0760488510131836,1.1717755794525146,1.1270930767059326,1.1443270444869995,1.1170827150344849,1.0629714727401733,1.0932186841964722,1.0897529125213623,1.1059544086456299,0.9637263417243958,1.004204273223877,1.001242756843567,1.0077091455459595,1.1801894903182983,1.121619462966919,1.0900695323944092,1.1385071277618408,1.0783402919769287,1.0662403106689453,1.1139845848083496,1.0512495040893555,1.1060824394226074,0.9617571830749512,1.0914140939712524,1.0063717365264893,0.9961302876472473,0.8574608564376831,1.1870343685150146,1.0739617347717285,0.9277054667472839,0.9887558221817017,0.9267325401306152,0.9439371824264526,1.0209074020385742,1.0683939456939697,1.0967108011245728,1.140425205230713,1.1445400714874268,1.2191457748413086,1.2189372777938843,1.1963622570037842,0.9770012497901917,1.1457901000976562,1.1193821430206299,1.200385332107544,1.0937294960021973,1.0201596021652222,1.0547889471054077,1.1067979335784912,0.6798667907714844,0.8679112792015076,0.9890440702438354,0.9505735039710999,0.922922670841217,1.0452077388763428,0.8706628680229187,0.7030888199806213,0.7410398721694946,0.5886712074279785,0.7090790271759033,1.129825472831726,0.9125348925590515,0.5688061714172363,0.7058819532394409,0.7048583030700684,0.9473539590835571,0.994747519493103,1.0525250434875488,1.0665724277496338,1.0194792747497559,0.9566075205802917,0.6456612348556519,0.5931441783905029,1.0050482749938965,0.9227719306945801,0.9512766003608704,0.9388667941093445,0.8176884651184082,0.9384113550186157,0.7855130434036255
finger,1.0296223163604736,0.8878607749938965,1.0501713752746582,1.2837860584259033,1.1311984062194824,1.0878018140792847,1.1209684610366821,1.040717601776123,0.9873794913291931,0.9643447995185852,0.375372052192688,0.0,0.26667213439941406,0.6172589659690857,0.79783034324646,1.2783749103546143,1.1562625169754028,1.0017964839935303,1.1605898141860962,1.173282504081726,1.071174144744873,1.2142518758773804,1.1742632389068604,1.2294998168945312,1.1773247718811035,1.275313138961792,1.2307043075561523,1.2329107522964478,1.2645574808120728,1.244348168373108,1.123879313468933,1.1065226793289185,1.0491145849227905,0.8730912208557129,0.8784385919570923,0.9591405391693115,0.7761743664741516,0.8236188888549805,0.7866831421852112,0.8991926908493042,0.7453725337982178,0.6289589405059814,0.5594292879104614,0.7942595481872559,0.7523809671401978,0.5914890766143799,1.2347602844238281,1.0538800954818726,1.0142302513122559,0.9856287837028503,0.9393723607063293,0.8780902028083801,0.6949561834335327,0.6991908550262451,0.6769559383392334,1.1593657732009888,1.1543068885803223,1.0400123596191406,0.9423115253448486,1.0236831903457642,0.7097562551498413,1.1362454891204834,1.1430357694625854,0.9553287625312805,1.0347132682800293,1.0562176704406738,0.9955390095710754,0.9407830834388733,0.8669372200965881,0.9440983533859253,1.1067520380020142,1.2100645303726196,1.1932005882263184,1.1857295036315918,0.9637843370437622,1.0709222555160522,0.9960954189300537,0.8277719020843506,0.6158239245414734,0.9825313091278076,1.0357187986373901,0.881272554397583,0.7114020586013794,0.700005829334259,0.9509504437446594,1.171648383140564,0.9633129835128784,1.0257424116134644,0.9777193665504456,1.1914939880371094,1.0442194938659668,1.0513758659362793,1.2110143899917603,1.1628198623657227,1.2346537113189697,1.2040115594863892,1.1451313495635986,1.1695399284362793,0.9870073795318604
toe,0.9459850788116455,0.7898156642913818,1.041358470916748,1.3251967430114746,1.11233651638031,1.1012035608291626,1.0564721822738647,1.077189326286316,1.0342036485671997,1.0339436531066895,0.6036052107810974,0.26667213439941406,0.0,0.5651493668556213,0.6619409918785095,1.3001421689987183,1.2000802755355835,1.0143338441848755,1.265039324760437,1.2095496654510498,1.103190541267395,1.2969202995300293,1.273045539855957,1.3105862140655518,1.215672492980957,1.342109203338623,1.2808371782302856,1.3147737979888916,1.3529183864593506,1.3437596559524536,1.218719244003296,1.1497758626937866,0.9949106574058533,0.8027281165122986,0.870215892791748,0.8353196382522583,0.6891118288040161,0.7421526908874512,0.6936407685279846,0.8139117360115051,0.48600339889526367,0.4827561378479004,0.4381387233734131,0.7644503712654114,0.6793322563171387,0.5659059286117554,1.3260798454284668,1.041536808013916,1.1161690950393677,1.011049747467041,0.9925856590270996,0.9683883786201477,0.6550665497779846,0.6591812372207642,0.6338806748390198,1.2239991426467896,1.1886701583862305,0.9625111818313599,0.8702516555786133,1.0169308185577393,0.5906826257705688,1.1397650241851807,1.158504605293274,0.9172645807266235,1.0428340435028076,1.092028260231018,0.9922075867652893,0.8650729656219482,0.9182264804840088,1.0148764848709106,1.1412625312805176,1.3196923732757568,1.2773545980453491,1.2687592506408691,1.0387681722640991,1.1862413883209229,1.0859966278076172,0.9789617657661438,0.7184514999389648,0.9326949715614319,0.9325937032699585,0.8367736339569092,0.5996927618980408,0.5201236009597778,0.7837657928466797,1.214796543121338,0.9591966867446899,1.0330569744110107,1.0047509670257568,1.2433443069458008,1.0654579401016235,1.0954203605651855,1.2552273273468018,1.235369086265564,1.2144315242767334,1.2103065252304077,1.128319501876831,1.158488154411316,0.9023343324661255
tooth,0.770866334438324,0.5951092839241028,0.988946259021759,1.4137428998947144,0.989639937877655,1.1531823873519897,1.1784206628799438,1.0648987293243408,1.0130798816680908,1.2796752452850342,1.0270916223526,0.6172589659690857,0.5651493668556213,0.0,0.5180618762969971,1.3495678901672363,1.0582326650619507,0.7910423278808594,1.3108930587768555,1.2454231977462769,1.0222673416137695,1.237951636314392,1.230126142501831,1.2588268518447876,1.2240862846374512,1.3602285385131836,1.3750358819961548,1.3997784852981567,1.4298757314682007,1.3448803424835205,1.14823317527771,1.1927071809768677,0.8125869631767273,0.8375177383422852,0.9089990258216858,0.8387359976768494,0.661514937877655,0.804355800151825,0.6534069776535034,0.8426268696784973,0.5783413052558899,0.5601388216018677,0.2923537492752075,0.6789543628692627,0.5645458102226257,0.6061703562736511,1.2781654596328735,0.9316874146461487,1.0286427736282349,0.8755646347999573,0.797805666923523,0.77590411901474,0.42011308670043945,0.39116203784942627,0.4716021418571472,1.2015330791473389,1.081712245941162,0.9059855937957764,0.7798480987548828,0.983274519443512,0.6249961853027344,1.1051644086837769,1.1788002252578735,0.82395339012146,0.9255560040473938,0.9946922659873962,0.9555717706680298,0.7390885353088379,1.0591437816619873,1.0124380588531494,1.055855631828308,1.2742297649383545,1.2750587463378906,1.3087090253829956,1.1692078113555908,1.3011900186538696,1.140164852142334,1.0257469415664673,0.7490977644920349,0.9800091981887817,1.171409010887146,1.194513201713562,0.9101380109786987,1.0000241994857788,1.06715726852417,1.2702832221984863,1.0202500820159912,1.017406940460205,0.9797252416610718,1.381993055343628,1.3483140468597412,1.2966086864471436,1.243987798690796,1.3530266284942627,1.3221485614776611,1.265326738357544,1.3387466669082642,1.2532498836517334,1.1204557418823242
nose,0.7018991708755493,0.7067829370498657,0.9471495747566223,1.3248403072357178,0.936445951461792,0.9545729160308838,0.9007861614227295,1.0176348686218262,0.9571959972381592,1.2702877521514893,1.0800634622573853,0.79783034324646,0.6619409918785095,0.5180618762969971,0.0,1.2507197856903076,1.0695018768310547,0.8425636291503906,1.2584267854690552,1.2436118125915527,1.000898838043213,1.1611244678497314,1.2059532403945923,1.2478454113006592,1.180479645729065,1.2877264022827148,1.3018898963928223,1.3501896858215332,1.3757178783416748,1.3385790586471558,1.2104461193084717,1.205974817276001,0.815528929233551,0.7436646223068237,0.8787617683410645,0.7249062061309814,0.6791452765464783,0.7840864062309265,0.663921594619751,0.6929157972335815,0.5259464979171753,0.5554713010787964,0.4764086604118347,0.6949594616889954,0.7033160924911499,0.692151665687561,1.231485366821289,0.9539504051208496,1.092236042022705,0.9514331817626953,0.9517403244972229,0.9291513562202454,0.6277474164962769,0.6218491792678833,0.6787216067314148,1.1237763166427612,1.0592830181121826,0.9380914568901062,0.8279170393943787,0.9764716625213623,0.6575812101364136,1.0899221897125244,1.1782519817352295,0.7782851457595825,0.9319356083869934,0.9960828423500061,0.9052505493164062,0.7309874892234802,1.031482458114624,1.0326552391052246,1.0641286373138428,1.2744829654693604,1.2376612424850464,1.2453649044036865,1.1577165126800537,1.301708459854126,1.1714309453964233,1.2372219562530518,0.9118074178695679,0.9363073110580444,1.0413755178451538,1.1598634719848633,0.9351451992988586,0.9469112753868103,0.9937299489974976,1.1731282472610474,0.9801247119903564,1.1008310317993164,1.0710828304290771,1.309175968170166,1.3000491857528687,1.233364224433899,1.205583930015564,1.2781695127487183,1.25588059425354,1.2167555093765259,1.2801604270935059,1.1870708465576172,1.0602022409439087
stroller,1.0593695640563965,1.2608035802841187,1.083487868309021,0.7815504670143127,0.9763560891151428,0.8017097115516663,0.7633762359619141,1.0156683921813965,1.0144239664077759,0.922783613204956,1.0655604600906372,1.2783749103546143,1.3001421689987183,1.3495678901672363,1.2507197856903076,0.0,0.7960344552993774,1.2153234481811523,0.7202093005180359,0.8103846907615662,0.9790334701538086,0.8880382180213928,0.7388315200805664,0.8126250505447388,0.840308427810669,0.6535021066665649,0.5513134598731995,0.6182525157928467,0.6692800521850586,0.7913969159126282,0.9751388430595398,0.881341814994812,1.1437228918075562,1.2513203620910645,1.2403240203857422,1.227223515510559,1.373182773590088,1.3052678108215332,1.359262466430664,1.115688443183899,1.1597669124603271,1.2390133142471313,1.3929407596588135,1.2331552505493164,1.2904078960418701,1.277772068977356,0.5669234991073608,1.1410630941390991,1.015959620475769,1.2053208351135254,1.204625129699707,1.1777760982513428,1.3744996786117554,1.3630108833312988,1.3622372150421143,0.9157204627990723,1.024384617805481,1.0491268634796143,1.2663835287094116,0.8203030228614807,1.1961970329284668,0.8306249976158142,0.8657500743865967,1.2507742643356323,1.1908948421478271,1.193716287612915,1.1358333826065063,1.337422490119934,1.066345453262329,1.183605432510376,1.058321475982666,0.8958694338798523,0.9372509121894836,0.7966669797897339,1.0048279762268066,0.8918300271034241,0.9133460521697998,1.0148570537567139,1.1652945280075073,1.0435185432434082,0.6743584871292114,0.7920663356781006,0.9580889940261841,0.9839364290237427,0.8307175636291504,0.607465922832489,0.8935065269470215,0.8622849583625793,0.9424303770065308,0.5845929384231567,0.7581727504730225,0.863686740398407,0.8889044523239136,0.5662357807159424,0.7976371645927429,0.8469264507293701,0.7237913012504578,0.7050076127052307,0.8639655113220215
car,0.9081791043281555,1.0033061504364014,1.068566918373108,1.0231246948242188,0.9715551137924194,0.9179427027702332,1.0006214380264282,0.9926693439483643,1.0110400915145874,1.0528844594955444,1.1739375591278076,1.1562625169754028,1.2000802755355835,1.0582326650619507,1.0695018768310547,0.7960344552993774,0.0,0.938414990901947,0.7256516218185425,0.769495964050293,0.8173568248748779,0.6028532981872559,0.8564671277999878,0.8176465630531311,0.9118496775627136,0.7578648328781128,0.9036992788314819,0.9159555435180664,0.9709900617599487,0.9236040711402893,0.9356279969215393,0.9498456716537476,0.9946960806846619,1.1105304956436157,1.0860048532485962,1.0648428201675415,1.1084880828857422,1.112756371498108,1.0806548595428467,0.8923566937446594,1.0513205528259277,1.0850316286087036,1.0911848545074463,1.0056301355361938,1.0725985765457153,1.099618911743164,0.5826762318611145,1.0126947164535522,1.0206108093261719,1.0190914869308472,1.0018686056137085,0.9030439853668213,1.0414196252822876,0.9928618669509888,1.0204590559005737,0.7438353300094604,0.801447331905365,0.8287336826324463,0.9418626427650452,0.7964808940887451,0.9336437582969666,0.7622841000556946,0.8369975090026855,1.0354814529418945,0.9756380319595337,1.0241531133651733,0.9691177606582642,1.068522572517395,1.2100443840026855,1.1229417324066162,1.062145471572876,0.8496050238609314,1.0329095125198364,0.9290299415588379,0.9842443466186523,1.037039041519165,0.9794763922691345,1.1064199209213257,1.1264469623565674,1.0302306413650513,1.0252825021743774,1.1414499282836914,0.9688969254493713,1.1085424423217773,1.0613858699798584,0.9098331928253174,0.8990989923477173,0.8369724750518799,0.8554677367210388,0.94428950548172,1.127549409866333,1.1422370672225952,0.9989731311798096,0.8714781403541565,0.9742180705070496,0.9729766845703125,1.0431588888168335,0.9413842558860779,1.0205647945404053
lamp,0.7709226012229919,0.8031785488128662,0.9726907014846802,1.2496099472045898,1.0815026760101318,1.1213176250457764,1.1148841381072998,1.149344563484192,1.0204969644546509,1.2679814100265503,1.25135338306427,1.0017964839935303,1.0143338441848755,0.7910423278808594,0.8425636291503906,1.2153234481811523,0.938414990901947,0.0,0.9010334610939026,1.019667387008667,0.8596750497817993,0.876146137714386,0.8801620602607727,1.0873454809188843,1.1436975002288818,1.126037836074829,1.1051058769226074,1.073466181755066,1.1586248874664307,1.091671347618103,0.9553148150444031,1.1167058944702148,0.5969260334968567,0.8409141302108765,0.7960518002510071,0.9608203768730164,0.8327091336250305,0.9078416228294373,0.8363831043243408,0.8301071524620056,0.8180679082870483,0.877061665058136,0.7724748849868774,0.8800349235534668,0.9050112366676331,1.048852562904358,0.8757776021957397,0.78940349817276,0.9931871294975281,0.8071202039718628,0.8979934453964233,0.8498393893241882,0.69260573387146,0.678054928779602,0.6728116273880005,0.8735486268997192,0.8078163862228394,0.7296559810638428,0.6286964416503906,0.8134444355964661,0.8997817039489746,0.9809774160385132,0.9279810786247253,0.6345380544662476,0.8740949630737305,0.906036913394928,1.0584392547607422,0.9517199397087097,1.2313470840454102,1.1227922439575195,1.058034896850586,1.025334358215332,1.1594468355178833,0.9975487589836121,0.9972202181816101,1.229143738746643,1.1223753690719604,1.104297399520874,1.0276823043823242,0.8732824325561523,1.1588715314865112,1.3698515892028809,1.1858127117156982,1.1724095344543457,1.1050788164138794,1.1081547737121582,0.9170376062393188,0.957266092300415,0.9473338723182678,1.1869430541992188,1.3536262512207031,1.3946006298065186,1.1394811868667603,1.2180882692337036,1.1766371726989746,1.1658893823623657,1.3033791780471802,1.2241936922073364,1.2595386505126953
chair,1.1638458967208862,1.2229551076889038,1.1405174732208252,0.9002863168716431,1.1084641218185425,0.9480359554290771,1.0042740106582642,1.0561317205429077,1.0450624227523804,0.8982848525047302,1.1310220956802368,1.1605898141860962,1.265039324760437,1.3108930587768555,1.2584267854690552,0.7202093005180359,0.7256516218185425,0.9010334610939026,0.0,0.2672445774078369,0.7823807597160339,0.6752656102180481,0.7059847712516785,0.7810474634170532,0.8464343547821045,0.4874436855316162,0.5490442514419556,0.47278231382369995,0.4654958248138428,0.6757699251174927,0.7975112199783325,0.7451000213623047,1.095466136932373,1.158553123474121,1.103563666343689,1.1916334629058838,1.23525071144104,1.1505916118621826,1.2440803050994873,1.0691173076629639,1.240044116973877,1.1459190845489502,1.273837924003601,1.0992534160614014,1.102561354637146,1.272792935371399,0.5136216878890991,1.02712082862854,0.9620621800422668,1.0918607711791992,1.0764285326004028,1.0143649578094482,1.1849961280822754,1.1724826097488403,1.2046704292297363,0.7562012076377869,0.8629127144813538,1.0482982397079468,1.0624208450317383,0.7697018384933472,1.0815191268920898,0.67055344581604,0.8404121398925781,1.1350359916687012,1.0691173076629639,1.0036031007766724,1.0909758806228638,1.1856977939605713,1.1727771759033203,1.107378602027893,1.0601520538330078,0.823652446269989,0.8860097527503967,0.6569576859474182,0.8514479398727417,0.8140304684638977,0.8275895714759827,1.0316380262374878,1.258660912513733,1.0752930641174316,1.034346103668213,1.131701111793518,1.10164475440979,1.0739785432815552,1.0407061576843262,0.7095164060592651,0.6804256439208984,0.8225753307342529,0.8106070756912231,0.6398755311965942,0.9411309361457825,0.9699789881706238,0.8099167346954346,0.6980074644088745,0.8348643779754639,0.8883248567581177,0.836664080619812,0.8552790284156799,0.9966309666633606
bench,1.1489871740341187,1.1535251140594482,1.0607566833496094,0.8225932121276855,1.0076910257339478,0.9007576107978821,0.949487566947937,1.0166054964065552,1.0446726083755493,0.7916224002838135,1.0760488510131836,1.173282504081726,1.2095496654510498,1.2454231977462769,1.2436118125915527,0.8103846907615662,0.769495964050293,1.019667387008667,0.2672445774078369,0.0,0.8895971179008484,0.6494925022125244,0.8079348206520081,0.853785514831543,0.8659455180168152,0.4671851396560669,0.4154021739959717,0.3426330089569092,0.49068760871887207,0.6391468048095703,0.8822728395462036,0.714402437210083,1.1053663492202759,1.1247717142105103,1.095213770866394,1.2003034353256226,1.2228522300720215,1.1278026103973389,1.2091903686523438,1.1378564834594727,1.2348967790603638,1.1885128021240234,1.2436285018920898,1.1581060886383057,1.0929135084152222,1.2637555599212646,0.7970415949821472,1.1639174222946167,1.0192108154296875,1.1757378578186035,1.138193964958191,1.1512564420700073,1.230471134185791,1.2381266355514526,1.244041085243225,0.8392537236213684,0.9892187118530273,1.1600173711776733,1.1864930391311646,0.9942682385444641,1.1090164184570312,0.7029205560684204,1.0054941177368164,1.1670417785644531,1.14853835105896,1.042788028717041,1.1081918478012085,1.170541763305664,1.0590094327926636,1.065815806388855,1.043564796447754,0.8910958766937256,0.8802006840705872,0.7463887929916382,0.8642762899398804,0.7647930979728699,0.7687824964523315,0.9508918523788452,1.1635162830352783,1.052539587020874,0.9967630505561829,0.9819384813308716,1.109818458557129,1.026435375213623,1.0118944644927979,0.7889208793640137,0.6816314458847046,0.9029221534729004,0.9023118019104004,0.5057641863822937,0.7345808744430542,0.8227661848068237,0.7167969346046448,0.6718198657035828,0.7292599678039551,0.8058457374572754,0.6541792154312134,0.744839072227478,0.858684241771698
drawer,1.092315912246704,1.1050326824188232,1.1321247816085815,1.0461149215698242,1.1129553318023682,1.0741996765136719,1.0848369598388672,1.166707992553711,1.1628385782241821,1.1452494859695435,1.1717755794525146,1.071174144744873,1.103190541267395,1.0222673416137695,1.000898838043213,0.9790334701538086,0.8173568248748779,0.8596750497817993,0.7823807597160339,0.8895971179008484,0.0,0.9246978759765625,0.816232442855835,0.7200192213058472,0.7341643571853638,0.578782856464386,0.8669413328170776,0.8842487335205078,0.9236039519309998,0.829718291759491,0.8309434652328491,1.0138908624649048,0.9465329647064209,1.0150614976882935,1.0388154983520508,1.035517692565918,1.064177393913269,1.0638254880905151,1.0267654657363892,1.0779482126235962,1.028580904006958,1.0007922649383545,1.0291656255722046,1.0516117811203003,0.9488325715065002,1.1183613538742065,0.7390928268432617,0.9885542392730713,1.0506736040115356,0.9898101091384888,1.0458734035491943,0.993289589881897,0.9949138760566711,0.9561827182769775,0.9874513745307922,0.912644624710083,0.959564208984375,0.95527583360672,0.9516119956970215,0.6916651725769043,0.9526799917221069,0.5283088684082031,0.8566064238548279,0.9322823286056519,0.9341367483139038,1.0302480459213257,1.0305792093276978,1.0167258977890015,1.0899109840393066,1.0706604719161987,1.0382091999053955,1.0332099199295044,0.95296710729599,0.6806691288948059,0.9749525189399719,1.0504268407821655,1.063520908355713,1.1679537296295166,1.1702544689178467,1.033866047859192,1.0772236585617065,1.2172349691390991,1.0840586423873901,1.0736455917358398,1.0147325992584229,0.9555704593658447,0.9194183349609375,0.8488330841064453,0.8862544894218445,0.9723921418190002,1.1274948120117188,1.1931157112121582,1.1317576169967651,1.0267821550369263,1.1221016645431519,1.117003321647644,1.087588906288147,1.0123181343078613,1.1033031940460205
