,rooster,fish,frog,alligator,owl,cat,dog,face,hair,arm,hand,finger,toe,tooth,nose,stroller,car,lamp,chair,bench,drawer,window,door,refrigerator,oven,crib,bed,couch,table,bathtub,sink,slide,clock,ball,balloon,pumpkin,egg,orange,apple,hat,slipper,watch,nail,glasses,necklace,carrot,vacuum,shovel,scissors,spoon,fork,knife,pencil,pen,crayon,plant,flower,bottle,cup,can,belt,basket,bucket,tape,bowl,plate,banana,bread,cracker,pizza,hamburger,glass,tray,box,book,paper,comb,toothbrush,gum,toy,doll,mitten,glove,sock,shoe,purse,pillow,towel,napkin,blanket,pajamas,bib,scarf,jacket,sweater,shirt,jeans,pants,shorts
rooster,0.0,0.6786890029907227,0.7413538694381714,0.9301496148109436,0.9383090138435364,1.0619373321533203,1.0437198877334595,1.0588852167129517,1.0540223121643066,1.057644248008728,1.0577248334884644,1.051560401916504,1.1025753021240234,1.0311980247497559,1.049999713897705,0.9015774726867676,0.8903337717056274,1.0033836364746094,0.9991317391395569,0.9999540448188782,1.0393985509872437,1.028218388557434,1.0446217060089111,0.9657701849937439,0.9919568300247192,0.9658328294754028,0.9840055108070374,1.0104840993881226,0.9854033589363098,0.9837685227394104,0.9814817905426025,1.0240217447280884,0.9120147824287415,0.9885448217391968,1.0210429430007935,0.9560887217521667,1.0117849111557007,1.013033390045166,0.9712764620780945,1.0488953590393066,1.0371025800704956,0.9984970688819885,1.0195646286010742,0.9892840385437012,1.0437910556793213,0.9356863498687744,1.0326515436172485,0.9783509969711304,0.8847401142120361,0.9644638299942017,0.9889853596687317,1.030836582183838,1.0751819610595703,1.0768581628799438,1.0442042350769043,0.9671804904937744,0.9091966152191162,0.9949928522109985,1.0232601165771484,1.074598789215088,1.0554072856903076,0.9377332329750061,0.9452312588691711,1.029146432876587,1.0281858444213867,0.9764712452888489,1.0017510652542114,1.0097362995147705,0.9629229307174683,0.9062293171882629,0.9477726817131042,0.9515787959098816,0.9934855699539185,0.9937841296195984,0.9190032482147217,0.9408212304115295,1.065016269683838,1.0319634675979614,1.0789375305175781,0.9340334534645081,0.9726471304893494,1.0147526264190674,1.1297756433486938,1.0883837938308716,0.9912834763526917,1.0044784545898438,1.0544543266296387,1.0402414798736572,1.0352132320404053,1.024356484413147,1.0513217449188232,1.0626931190490723,1.0485773086547852,1.0234438180923462,1.0196470022201538,1.0550740957260132,1.1007497310638428,1.0112313032150269,1.0878757238388062
fish,0.6786890029907227,0.0,0.7329339981079102,0.9756144285202026,0.8840330839157104,0.9357296824455261,0.9688413143157959,1.056825041770935,1.0204050540924072,1.078421950340271,1.0522372722625732,1.065245270729065,0.9723581075668335,0.9367767572402954,1.0151360034942627,0.9853130578994751,0.8913352489471436,1.044560194015503,1.0823105573654175,1.094346523284912,1.1566954851150513,1.0696364641189575,1.1054595708847046,1.0770010948181152,1.048048734664917,1.0420868396759033,1.0827112197875977,1.1109678745269775,1.1297857761383057,1.0781493186950684,1.098009705543518,1.0280576944351196,0.8652092218399048,0.9642610549926758,0.9566481709480286,0.9127230644226074,0.935734748840332,0.8962885141372681,0.8228648900985718,1.035844326019287,0.8288369178771973,0.9537503719329834,0.9198184609413147,1.0349695682525635,1.0080163478851318,0.754524290561676,1.0672930479049683,0.9202897548675537,0.7655683755874634,0.8871058225631714,0.9049502015113831,1.0008182525634766,0.9724581837654114,0.9651716351509094,0.8236263990402222,0.9964435696601868,0.9090114235877991,0.9938765168190002,1.0639300346374512,1.1653923988342285,0.907247006893158,1.0524851083755493,1.0681298971176147,0.9900201559066772,1.0746159553527832,1.0403552055358887,0.9376327991485596,0.9567896127700806,0.95885169506073,0.8553872108459473,0.997416079044342,1.0395197868347168,1.069455862045288,1.0717540979385376,1.0058513879776,1.007728099822998,0.8870044350624084,0.842653751373291,0.8880840539932251,0.9781914949417114,0.9338982105255127,0.8770853281021118,1.022415280342102,0.9687093496322632,0.8865382075309753,1.0182174444198608,1.0164588689804077,0.9813928008079529,1.0301573276519775,1.0676015615463257,1.054560899734497,1.0310683250427246,0.9986643195152283,1.0684542655944824,1.102494716644287,1.1079875230789185,0.9947340488433838,1.0427325963974,0.9623568654060364
frog,0.7413538694381714,0.7329339981079102,0.0,0.6246219873428345,0.9081885814666748,1.0203173160552979,0.9170024394989014,1.035111665725708,1.0232585668563843,1.0219053030014038,1.0591354370117188,1.1173796653747559,1.2190438508987427,1.1739907264709473,1.124906063079834,0.9077005386352539,0.9384710788726807,1.1199640035629272,1.005353569984436,0.9611832499504089,1.0807896852493286,0.9454861283302307,1.0168098211288452,0.9818356037139893,1.0595123767852783,0.8759253025054932,0.853809654712677,0.9411705732345581,0.9379928708076477,1.0187969207763672,1.0736703872680664,0.9871208667755127,1.0543583631515503,1.0079561471939087,1.0902103185653687,0.972702145576477,1.1222519874572754,1.1430180072784424,1.048561930656433,1.0507911443710327,1.1324185132980347,1.1873611211776733,1.139981985092163,1.1728886365890503,1.130652904510498,0.9953701496124268,0.9246490001678467,1.013824462890625,0.8210457563400269,1.1614547967910767,1.1617919206619263,1.2207953929901123,1.2271907329559326,1.2377963066101074,1.1928565502166748,0.8198114037513733,0.7108689546585083,1.0916727781295776,1.2208079099655151,1.1997225284576416,1.2231171131134033,0.9443244338035583,1.0111466646194458,1.0169559717178345,1.2064244747161865,1.118221640586853,0.8800612688064575,1.1834464073181152,1.0082873106002808,0.9014528393745422,0.880586564540863,0.9871422052383423,0.9070034027099609,0.8208483457565308,0.9122769236564636,0.8810039758682251,0.908943235874176,0.8970713019371033,1.0596212148666382,0.7495864629745483,0.6297428607940674,0.8446443676948547,1.0445843935012817,1.1198010444641113,1.0268890857696533,0.823384165763855,1.0940660238265991,1.0629464387893677,1.0942142009735107,0.8568182587623596,1.0103023052215576,0.985815703868866,1.0133339166641235,0.9456439018249512,0.9989232420921326,1.0050630569458008,1.0433772802352905,1.0060701370239258,1.0581148862838745
alligator,0.9301496148109436,0.9756144285202026,0.6246219873428345,0.0,0.9794780611991882,0.5895858407020569,0.6527119874954224,0.7922112941741943,0.8254499435424805,0.5294063091278076,0.8031680583953857,1.0884242057800293,1.2216216325759888,1.2989833354949951,1.1680136919021606,1.030617356300354,1.0869590044021606,1.229975938796997,0.8577630519866943,0.6504436135292053,1.0140128135681152,0.759518027305603,0.822702944278717,0.7638495564460754,0.8923238515853882,0.5937113761901855,0.48599833250045776,0.7656795978546143,0.7057400941848755,0.6758695840835571,0.9004478454589844,0.7395498752593994,1.2301665544509888,1.1030482053756714,1.2382458448410034,1.1864591836929321,1.2058491706848145,1.2833585739135742,1.3143227100372314,1.0227500200271606,1.170678734779358,1.2870360612869263,1.3607288599014282,1.2502975463867188,1.2263574600219727,0.9933415055274963,0.8385938405990601,1.0072379112243652,0.774105429649353,1.3207014799118042,1.279261827468872,1.2528423070907593,1.3906221389770508,1.3973615169525146,1.3952138423919678,0.7120051980018616,0.6502442359924316,1.2184276580810547,1.4004309177398682,1.1337535381317139,1.339314579963684,0.8810551166534424,1.0037611722946167,1.2644414901733398,1.329939603805542,1.2127333879470825,1.1238831281661987,1.358332872390747,1.120008945465088,1.0329257249832153,1.0313310623168945,0.7355676889419556,0.830075740814209,0.58447265625,0.9189196228981018,0.8459464907646179,0.677731454372406,0.8656262755393982,1.298904299736023,0.8486381769180298,0.7874410152435303,0.6784486174583435,0.8752691149711609,0.9895083904266357,0.946307361125946,0.8042183518409729,1.1877806186676025,1.0968424081802368,1.1355913877487183,0.546535849571228,0.5630961656570435,0.6581936478614807,0.9213784337043762,0.53267902135849,0.6402053833007812,0.6314910650253296,0.5850854516029358,0.5641085505485535,0.9064012169837952
owl,0.9383090138435364,0.8840330839157104,0.9081885814666748,0.9794780611991882,0.0,0.8790150284767151,0.8845025300979614,0.9630324840545654,0.9849600195884705,1.039650321006775,0.9682546257972717,0.946263313293457,0.9622206687927246,0.8764870762825012,0.9972559809684753,0.9728893041610718,1.0482820272445679,0.9904740452766418,0.9940230846405029,1.0086945295333862,1.083716869354248,0.969688892364502,1.0822138786315918,1.1005346775054932,1.0180542469024658,0.9998326897621155,0.9644790291786194,0.9998487234115601,1.0468746423721313,1.0617653131484985,1.0454775094985962,0.9199512004852295,0.8719020485877991,0.9439979791641235,0.9517098069190979,0.9031080007553101,0.9640433192253113,0.9400883913040161,0.9320876598358154,0.922775149345398,0.8939962387084961,0.9698821306228638,0.9028117060661316,0.9691411256790161,0.9133790135383606,0.9165123701095581,1.0842533111572266,0.9872449040412903,1.0521018505096436,0.8910439610481262,0.8814947605133057,1.0013762712478638,0.9207398891448975,0.9550197124481201,0.9380418062210083,0.9080636501312256,0.8703973293304443,1.0312399864196777,0.9214412569999695,1.0509768724441528,0.8590514063835144,0.9705651998519897,0.9668315649032593,0.9450292587280273,0.9648787975311279,0.979427695274353,0.9000900983810425,0.820037305355072,0.8053357601165771,0.8211466073989868,0.8552645444869995,1.0843034982681274,1.1126035451889038,1.1143622398376465,0.9920030236244202,1.0415431261062622,1.030552864074707,1.1024680137634277,0.9966888427734375,1.031417727470398,0.9811597466468811,0.9577617049217224,0.9483134746551514,0.9727727174758911,0.9867165088653564,0.9860484004020691,0.8852388858795166,0.8936129808425903,0.942484974861145,0.9209009408950806,0.9746788740158081,1.0290138721466064,0.9754977226257324,0.9959437847137451,0.9624300003051758,0.9973934292793274,0.9813977479934692,0.9337816834449768,1.034888505935669
cat,1.0619373321533203,0.9357296824455261,1.0203173160552979,0.5895858407020569,0.8790150284767151,0.0,0.26336073875427246,0.7249972820281982,0.7643717527389526,0.6116904020309448,0.6932976245880127,0.9564294219017029,0.9002083539962769,1.13068425655365,1.0259326696395874,1.129345178604126,1.1256505250930786,1.1591957807540894,0.9860211610794067,0.8196755051612854,1.1699923276901245,0.9232010245323181,0.8233808279037476,0.9013563394546509,0.9597367644309998,0.8462055325508118,0.6398657560348511,0.8657770156860352,0.9416308403015137,0.7180231809616089,1.0760364532470703,0.6328690052032471,1.1651368141174316,1.1049654483795166,1.190874695777893,1.204665184020996,1.1763784885406494,1.1863605976104736,1.2377649545669556,0.9397954344749451,0.8918853998184204,1.107311487197876,1.1804648637771606,1.095815896987915,1.1545617580413818,0.8130703568458557,0.9466336965560913,1.1418029069900513,0.9549958109855652,1.1527645587921143,1.1004739999771118,1.1342142820358276,1.210731029510498,1.1918082237243652,1.2598938941955566,0.9723387360572815,0.8775677680969238,1.2062803506851196,1.3126791715621948,1.143298864364624,1.1080206632614136,1.0669569969177246,1.1352739334106445,1.2804715633392334,1.376094102859497,1.2249999046325684,1.063965916633606,1.1339783668518066,1.0200177431106567,0.921286404132843,1.15656316280365,0.7588216066360474,1.1364867687225342,1.009141445159912,1.1623488664627075,1.0072240829467773,0.597941517829895,0.9023810029029846,1.1385501623153687,1.1216285228729248,0.9264323115348816,0.5379096269607544,0.6903073191642761,0.7935081124305725,0.8468682765960693,0.8802222609519958,0.9928017258644104,1.021378517150879,1.0551260709762573,0.6624165773391724,0.4794749617576599,0.627740204334259,0.702470064163208,0.6883096694946289,0.6618645191192627,0.661878228187561,0.3820505738258362,0.605908989906311,0.739901602268219
dog,1.0437198877334595,0.9688413143157959,0.9170024394989014,0.6527119874954224,0.8845025300979614,0.26336073875427246,0.0,0.6779967546463013,0.706439733505249,0.6545174717903137,0.7266330718994141,0.9726260304450989,0.8745419979095459,1.1501154899597168,1.0610097646713257,1.1354551315307617,1.13288152217865,1.199124813079834,0.923224151134491,0.7765146493911743,1.1930432319641113,0.917453408241272,0.8838352560997009,0.9453352689743042,1.0251867771148682,0.828296959400177,0.6503227353096008,0.7979773879051208,0.9155994653701782,0.7920868396759033,1.1326322555541992,0.6854100227355957,1.133995771408081,1.122019648551941,1.2139720916748047,1.1594492197036743,1.1975542306900024,1.1774052381515503,1.187900185585022,0.8385394811630249,0.781230628490448,1.1146631240844727,1.196475625038147,0.9881464242935181,1.1144428253173828,0.8938480615615845,0.9279841184616089,1.1032627820968628,0.9876835942268372,1.1259524822235107,1.0958657264709473,1.1241848468780518,1.1711618900299072,1.1473414897918701,1.2374436855316162,0.934736430644989,0.8819386959075928,1.2045581340789795,1.2450014352798462,1.0922054052352905,1.0688689947128296,1.0558241605758667,1.1052873134613037,1.2219502925872803,1.3236658573150635,1.1678671836853027,0.9683651328086853,1.0509916543960571,0.9801269769668579,0.9081178903579712,1.1297261714935303,0.7264041900634766,1.098150610923767,1.005714774131775,1.0681357383728027,0.9677733778953552,0.7164561748504639,0.9472503662109375,1.1520347595214844,1.0559014081954956,0.7193785905838013,0.6043850183486938,0.6436347365379333,0.7740141153335571,0.7478070855140686,0.7908849716186523,0.884095311164856,0.9036980867385864,0.9631552696228027,0.6153197288513184,0.43992531299591064,0.6597332954406738,0.7217280268669128,0.6584073305130005,0.631827712059021,0.6531678438186646,0.4021546244621277,0.6147251725196838,0.7796543836593628
face,1.0588852167129517,1.056825041770935,1.035111665725708,0.7922112941741943,0.9630324840545654,0.7249972820281982,0.6779967546463013,0.0,0.16298174858093262,0.6600868701934814,0.7521679997444153,0.8954490423202515,1.0283528566360474,1.0140198469161987,0.7331240177154541,1.0712623596191406,1.0765256881713867,1.0590766668319702,0.9071475267410278,0.8797386288642883,1.1462211608886719,0.7521747350692749,0.7438111901283264,0.8532324433326721,1.0043725967407227,0.8745457530021667,0.7787976264953613,0.8543850183486938,0.8782786726951599,0.849520206451416,1.0681504011154175,0.8131421804428101,1.1031337976455688,1.0640302896499634,1.0791621208190918,1.0821540355682373,1.0782694816589355,1.0918869972229004,1.101718544960022,0.7118727564811707,1.07891845703125,1.0968393087387085,1.1249505281448364,0.5841516852378845,0.8336023092269897,0.998369574546814,0.976331889629364,1.061780333518982,0.9983437061309814,1.107530117034912,1.1005994081497192,1.1271811723709106,1.1274114847183228,1.1170161962509155,1.1942994594573975,0.8590352535247803,0.8098583221435547,1.1345560550689697,1.1708598136901855,1.1118392944335938,1.1341432332992554,1.147542953491211,1.182511806488037,1.1570687294006348,1.2681515216827393,1.1308417320251465,1.0474987030029297,1.0815986394882202,1.0407592058181763,0.9198650121688843,1.107942819595337,0.5634521842002869,1.104330062866211,1.0226268768310547,1.1065667867660522,1.0612527132034302,0.8307538032531738,0.9894770979881287,1.1237304210662842,1.1577996015548706,1.0336103439331055,0.8689016699790955,0.7810872197151184,0.9848988652229309,1.0733046531677246,1.0547930002212524,1.0695158243179321,1.0916563272476196,1.1252225637435913,0.8239209651947021,0.531917929649353,0.42473530769348145,0.8811472058296204,0.5092911720275879,0.375211238861084,0.27438080310821533,0.6930619478225708,0.7351799607276917,0.830793023109436
hair,1.0540223121643066,1.0204050540924072,1.0232585668563843,0.8254499435424805,0.9849600195884705,0.7643717527389526,0.706439733505249,0.16298174858093262,0.0,0.7309520840644836,0.7731812000274658,0.8394776582717896,1.0205557346343994,1.017098069190979,0.7791056632995605,1.0823756456375122,1.0992573499679565,1.019727110862732,0.8809523582458496,0.8787972927093506,1.1218724250793457,0.6911134719848633,0.7113642692565918,0.8380457162857056,0.9583757519721985,0.860298752784729,0.8189520239830017,0.8343154788017273,0.9202735424041748,0.8076772689819336,1.0324859619140625,0.8658375144004822,1.0557440519332886,1.0681442022323608,1.076085090637207,1.1004509925842285,1.0883839130401611,1.0997592210769653,1.0754613876342773,0.6808888912200928,1.0654804706573486,1.048791527748108,1.086625576019287,0.5587583184242249,0.872769296169281,1.0075407028198242,0.9497745037078857,1.0203149318695068,0.9775152802467346,1.0753554105758667,1.0672036409378052,1.1190582513809204,1.1211283206939697,1.1205761432647705,1.1860922574996948,0.780685544013977,0.7849491834640503,1.1369433403015137,1.1653926372528076,1.1232044696807861,1.0987548828125,1.1657090187072754,1.2048710584640503,1.1631274223327637,1.248968243598938,1.1429810523986816,1.0290849208831787,1.0634102821350098,0.9874429702758789,0.8809996843338013,1.1107771396636963,0.6277373433113098,1.1190762519836426,1.0428173542022705,1.1185822486877441,1.0483258962631226,0.8442771434783936,0.9594943523406982,1.0934505462646484,1.1856036186218262,1.0471938848495483,0.9125560522079468,0.7925420999526978,1.01723313331604,1.093473196029663,1.021124005317688,0.9856339693069458,1.0155616998672485,1.0544947385787964,0.8180862665176392,0.6427497863769531,0.5147169828414917,0.8345023393630981,0.5811814665794373,0.49388551712036133,0.4306095838546753,0.7649085521697998,0.760082483291626,0.7964938879013062
arm,1.057644248008728,1.078421950340271,1.0219053030014038,0.5294063091278076,1.039650321006775,0.6116904020309448,0.6545174717903137,0.6600868701934814,0.7309520840644836,0.0,0.48850470781326294,0.7713738083839417,0.9922894835472107,1.1026999950408936,1.0295192003250122,1.115726351737976,1.147544264793396,1.1639575958251953,0.8285666704177856,0.6964534521102905,1.0104488134384155,0.8561409115791321,0.8040030002593994,0.7893204092979431,0.9070588946342468,0.7622497081756592,0.6113013625144958,0.8007569313049316,0.6257624626159668,0.7472572326660156,0.8268526792526245,0.6659612655639648,1.1449570655822754,1.0329720973968506,1.1653140783309937,1.1020640134811401,1.0346252918243408,1.1408311128616333,1.1736572980880737,0.9740158915519714,1.0861129760742188,1.0751571655273438,1.2030569314956665,1.059813380241394,1.017289161682129,1.0612454414367676,0.9667774438858032,1.045295238494873,0.8623262643814087,1.1489734649658203,1.1214689016342163,1.1066814661026,1.1704930067062378,1.1572668552398682,1.2630802392959595,0.8663302063941956,0.8385837078094482,1.1492321491241455,1.1684980392456055,1.1050071716308594,1.2050429582595825,1.0088350772857666,1.1181690692901611,1.2120585441589355,1.2129520177841187,1.0210920572280884,1.160928726196289,1.1750953197479248,1.062186598777771,0.9790164232254028,1.089475154876709,0.7447074055671692,0.8486263155937195,0.6989803314208984,0.9292786717414856,0.8604221940040588,0.7490421533584595,0.9099001884460449,1.1065274477005005,1.0766059160232544,0.9697349667549133,0.6957694292068481,0.6274641752243042,0.6837340593338013,0.9654337167739868,1.015854835510254,1.083679437637329,1.0005100965499878,1.0028319358825684,0.6799782514572144,0.35562849044799805,0.5710437893867493,0.8451594114303589,0.4678158760070801,0.4782513380050659,0.4531205892562866,0.45378971099853516,0.5616570711135864,0.8638594150543213
hand,1.0577248334884644,1.0522372722625732,1.0591354370117188,0.8031680583953857,0.9682546257972717,0.6932976245880127,0.7266330718994141,0.7521679997444153,0.7731812000274658,0.48850470781326294,0.0,0.39127349853515625,0.682220458984375,0.8940732479095459,0.8489142656326294,1.1072736978530884,1.0865273475646973,1.1795586347579956,1.0455597639083862,0.974233865737915,1.1345399618148804,1.0439995527267456,1.0396567583084106,1.0723315477371216,1.0424283742904663,1.0537972450256348,0.9606510400772095,1.004662036895752,0.766599178314209,0.9329522252082825,0.8329535722732544,0.7857134342193604,1.0902889966964722,0.8718063235282898,1.0639352798461914,1.0642693042755127,0.8623545169830322,1.069926381111145,1.1019597053527832,0.8804935216903687,0.9074478149414062,0.9186492562294006,1.1084636449813843,0.9297602772712708,0.8996738195419312,0.8375464677810669,1.146348237991333,1.0019259452819824,0.7783659100532532,0.9740179777145386,0.951900839805603,0.9671082496643066,0.9562428593635559,0.9371245503425598,1.0699896812438965,1.0783284902572632,1.0537958145141602,1.0674422979354858,1.0210936069488525,1.1593334674835205,1.1292519569396973,1.1423174142837524,1.149795413017273,1.1435611248016357,1.1628715991973877,0.8288446664810181,0.9918324947357178,1.0394290685653687,0.8703001141548157,0.6818901896476746,1.0628108978271484,0.7685450315475464,0.9052065014839172,0.9018017053604126,0.9049621224403381,0.7913466095924377,0.7908790707588196,0.7501629590988159,0.7759048938751221,1.0737329721450806,0.8980147838592529,0.5494792461395264,0.35054636001586914,0.6630026698112488,0.8917418718338013,1.0516963005065918,0.9988148808479309,0.9371982216835022,0.8753576278686523,0.9492471218109131,0.46042174100875854,0.724689245223999,0.8814738988876343,0.768782377243042,0.688288688659668,0.6885764598846436,0.6558992862701416,0.8389644622802734,0.8759948015213013
finger,1.051560401916504,1.065245270729065,1.1173796653747559,1.0884242057800293,0.946263313293457,0.9564294219017029,0.9726260304450989,0.8954490423202515,0.8394776582717896,0.7713738083839417,0.39127349853515625,0.0,0.5517518520355225,0.5889797210693359,0.6409255862236023,1.0878922939300537,1.0579205751419067,0.8641080260276794,1.0744010210037231,1.110485315322876,0.9967204332351685,1.0936942100524902,1.078683853149414,1.1318790912628174,1.1131428480148315,1.1997027397155762,1.1715792417526245,1.1209686994552612,1.084694266319275,0.9902216792106628,0.9228798151016235,0.9256705045700073,0.8285080194473267,0.8527499437332153,0.7431933879852295,0.9263454675674438,0.7504271268844604,0.7981690168380737,0.8065212965011597,0.8399044871330261,0.7518517971038818,0.6694855093955994,0.7584271430969238,0.6909562349319458,0.7391213774681091,0.8495900630950928,1.1739349365234375,1.024605393409729,0.9478511810302734,0.8099158406257629,0.8206782341003418,0.8294666409492493,0.665824830532074,0.696584939956665,0.7414005398750305,1.105534315109253,1.119775652885437,1.0227831602096558,0.845774233341217,1.0431220531463623,0.8413248062133789,1.114609956741333,1.171470284461975,0.947999894618988,0.9218340516090393,0.8588865995407104,0.8892261385917664,0.7758102416992188,0.7220430374145508,0.5478885173797607,0.9754245281219482,0.9235551953315735,1.0072904825210571,1.0777443647384644,0.8690786361694336,0.7694640159606934,0.9308018088340759,0.9709190130233765,0.5772519111633301,1.150516390800476,1.051177978515625,0.9385579228401184,0.5302600264549255,0.6724616289138794,0.9201362729072571,1.1205596923828125,0.8325141072273254,0.8561083078384399,0.7654940485954285,1.1512974500656128,0.8086260557174683,0.9925987720489502,0.9952687621116638,1.0693459510803223,1.0295685529708862,1.0131739377975464,0.9650490283966064,1.0966514348983765,0.9647796154022217
toe,1.1025753021240234,0.9723581075668335,1.2190438508987427,1.2216216325759888,0.9622206687927246,0.9002083539962769,0.8745419979095459,1.0283528566360474,1.0205557346343994,0.9922894835472107,0.682220458984375,0.5517518520355225,0.0,0.623851478099823,0.7101962566375732,1.0445071458816528,1.1100401878356934,0.8968579173088074,1.164411187171936,1.161306381225586,1.0973501205444336,1.2361125946044922,1.188961148262024,1.2629165649414062,1.1711312532424927,1.2422645092010498,1.20911705493927,1.1490345001220703,1.2573225498199463,1.1050587892532349,1.2059392929077148,0.9616391658782959,0.8104880452156067,0.8851887583732605,0.7912306785583496,0.9072593450546265,0.8241040706634521,0.7631794214248657,0.7847321033477783,0.9240627884864807,0.48071807622909546,0.6014940738677979,0.6866174340248108,0.7562955617904663,0.712716281414032,0.7921268939971924,1.256601095199585,1.0800319910049438,1.095730185508728,0.8579169511795044,0.8853713274002075,0.8773743510246277,0.6578853726387024,0.6780945062637329,0.6901105046272278,1.2702122926712036,1.2545965909957886,0.9982423186302185,0.8469301462173462,1.0049233436584473,0.7328529953956604,1.128330945968628,1.1183258295059204,0.9195624589920044,0.9608676433563232,0.9890332818031311,0.9277320504188538,0.696581244468689,0.7784985303878784,0.7941470146179199,0.9676677584648132,1.0427031517028809,1.1658291816711426,1.2501803636550903,0.9732126593589783,0.9089933037757874,0.9690199494361877,1.0155823230743408,0.6632068157196045,1.0933997631072998,0.9823359251022339,0.9858708381652832,0.7660667300224304,0.5908041000366211,0.6665925979614258,1.2024654150009155,0.833487868309021,0.9299589395523071,0.9037941694259644,1.2154303789138794,0.8482792377471924,1.106151819229126,1.062499761581421,1.2517294883728027,1.1583452224731445,1.1022508144378662,0.8779455423355103,1.122316598892212,1.0767632722854614
tooth,1.0311980247497559,0.9367767572402954,1.1739907264709473,1.2989833354949951,0.8764870762825012,1.13068425655365,1.1501154899597168,1.0140198469161987,1.017098069190979,1.1026999950408936,0.8940732479095459,0.5889797210693359,0.623851478099823,0.0,0.5419905185699463,1.0475497245788574,1.0336635112762451,0.6882236003875732,1.0859895944595337,1.190602421760559,1.0170750617980957,1.1426033973693848,1.180418610572815,1.2551095485687256,1.1641477346420288,1.2047414779663086,1.2708104848861694,1.1540031433105469,1.1684620380401611,1.1907148361206055,1.0305914878845215,1.1043012142181396,0.5746477842330933,0.8330649137496948,0.6596366167068481,0.7571231126785278,0.6432470083236694,0.55476313829422,0.5464808940887451,0.952793538570404,0.6495528817176819,0.6063411831855774,0.4880579113960266,0.6436740756034851,0.6841750144958496,0.8637715578079224,1.1672883033752441,1.0695387125015259,1.1678614616394043,0.6464158296585083,0.7028232216835022,0.7950731515884399,0.4751480221748352,0.5072547793388367,0.5288068056106567,1.1658648252487183,1.1343532800674438,0.8970009088516235,0.698141872882843,0.9847593903541565,0.6681638956069946,1.044061303138733,1.0785033702850342,0.8018516302108765,0.7094290256500244,0.796195387840271,0.7868902087211609,0.4486158490180969,0.5679775476455688,0.5837039947509766,0.8805726170539856,1.0553086996078491,1.068408727645874,1.220825433731079,0.9422672986984253,0.9168263673782349,1.111122965812683,1.126399040222168,0.4934677481651306,1.0869791507720947,1.0801541805267334,1.1387712955474854,0.9079615473747253,0.9258010983467102,0.9939466714859009,1.2948765754699707,0.8116574287414551,0.8859336972236633,0.8307734727859497,1.2726556062698364,1.110816478729248,1.1659010648727417,1.0934598445892334,1.2610341310501099,1.1556752920150757,1.1470311880111694,1.173259973526001,1.190445065498352,1.0879226922988892
nose,1.049999713897705,1.0151360034942627,1.124906063079834,1.1680136919021606,0.9972559809684753,1.0259326696395874,1.0610097646713257,0.7331240177154541,0.7791056632995605,1.0295192003250122,0.8489142656326294,0.6409255862236023,0.7101962566375732,0.5419905185699463,0.0,0.9733116626739502,0.9626305103302002,0.8410241603851318,1.0909453630447388,1.1110239028930664,1.0087122917175293,1.093033790588379,1.047617793083191,1.088149070739746,1.0715430974960327,1.1401373147964478,1.1599200963974,1.0867185592651367,1.1321752071380615,1.0788772106170654,1.0617700815200806,1.1212866306304932,0.7813950777053833,0.9123464822769165,0.8114590644836426,0.9353042840957642,0.8240631818771362,0.7905774116516113,0.8057628870010376,0.8707932233810425,0.8183610439300537,0.778539776802063,0.6406658887863159,0.46338099241256714,0.6336225867271423,0.9175454378128052,1.1165940761566162,1.1263550519943237,1.0910444259643555,0.8820364475250244,0.9027998447418213,0.9710153341293335,0.7956336736679077,0.8071060180664062,0.8202085494995117,1.1764614582061768,1.1250078678131104,1.0159556865692139,0.9141823053359985,1.0933066606521606,0.8950493335723877,1.0928043127059937,1.1298366785049438,0.9690993428230286,0.9950972199440002,0.9868563413619995,0.9591299891471863,0.7391224503517151,0.7601868510246277,0.7876561880111694,0.972580075263977,0.8762937188148499,1.1051675081253052,1.1815638542175293,1.0550658702850342,1.0059350728988647,1.0240293741226196,1.0765904188156128,0.6563331484794617,1.0631177425384521,1.0405064821243286,1.1049431562423706,0.921946108341217,1.0025343894958496,1.0137840509414673,1.1610575914382935,0.9511059522628784,1.008902907371521,0.9843159914016724,1.1687572002410889,0.9910339117050171,1.047181248664856,1.009253740310669,1.1353094577789307,1.043518304824829,0.9637693762779236,1.0931079387664795,1.0960696935653687,1.0241020917892456
stroller,0.9015774726867676,0.9853130578994751,0.9077005386352539,1.030617356300354,0.9728893041610718,1.129345178604126,1.1354551315307617,1.0712623596191406,1.0823756456375122,1.115726351737976,1.1072736978530884,1.0878922939300537,1.0445071458816528,1.0475497245788574,0.9733116626739502,0.0,0.8513883948326111,0.9895840883255005,1.004503846168518,1.0380761623382568,1.0019221305847168,1.0006458759307861,1.0266761779785156,1.042995572090149,1.0908277034759521,0.9635857343673706,1.0199662446975708,1.0501703023910522,1.0145070552825928,1.0403386354446411,1.0191493034362793,0.9897604584693909,0.9938518404960632,0.986842691898346,1.0459285974502563,1.003495454788208,1.021220088005066,1.057031273841858,1.0019490718841553,1.0244561433792114,1.0495706796646118,1.0342966318130493,0.9972279667854309,1.0304206609725952,0.9499290585517883,0.9926611185073853,1.0203160047531128,1.0366816520690918,0.9794626832008362,1.075933814048767,1.074708104133606,1.0760477781295776,1.0839176177978516,1.0822902917861938,0.9952034950256348,1.0698450803756714,1.0301071405410767,1.004154086112976,0.9423093795776367,0.9860734939575195,1.0440280437469482,0.8956477046012878,0.8022938966751099,0.8995541930198669,0.9564868211746216,1.016601800918579,0.8972842693328857,1.0506064891815186,1.0018349885940552,1.025713562965393,0.933749794960022,1.0692729949951172,0.9316443800926208,0.9775928854942322,0.9779901504516602,1.0484514236450195,1.081827163696289,1.0002681016921997,0.9829216599464417,0.6680821776390076,1.028364896774292,1.096923589706421,1.161350965499878,1.0071645975112915,1.0306882858276367,0.9628349542617798,1.078446865081787,1.0752876996994019,1.079695701599121,1.0952603816986084,1.0868220329284668,1.0762640237808228,1.0849854946136475,1.0998784303665161,1.0857192277908325,1.0801695585250854,1.1082872152328491,1.1024870872497559,1.1502569913864136
car,0.8903337717056274,0.8913352489471436,0.9384710788726807,1.0869590044021606,1.0482820272445679,1.1256505250930786,1.13288152217865,1.0765256881713867,1.0992573499679565,1.147544264793396,1.0865273475646973,1.0579205751419067,1.1100401878356934,1.0336635112762451,0.9626305103302002,0.8513883948326111,0.0,1.0017728805541992,0.9444407820701599,1.0171138048171997,0.9937899112701416,0.9409362077713013,0.9774309992790222,0.972222089767456,0.9657143354415894,0.982147753238678,1.0987337827682495,0.9918645024299622,1.0483977794647217,1.0521117448806763,0.9951422810554504,1.154297947883606,0.9462226629257202,0.9834853410720825,1.028006911277771,1.0448172092437744,1.069266438484192,1.0704493522644043,1.0187666416168213,1.1262420415878296,1.0220946073532104,1.0173078775405884,0.9815053939819336,0.9943686723709106,1.0532711744308472,0.9904155135154724,0.9162791967391968,1.008531928062439,0.9703332185745239,0.9932105541229248,1.0070387125015259,1.0043548345565796,1.0491199493408203,1.0369746685028076,0.9653297066688538,1.0008397102355957,0.997528076171875,0.9045133590698242,0.9877099990844727,0.9800099730491638,1.00360107421875,0.9244582653045654,0.9109385013580322,0.9978379607200623,1.010439157485962,0.9878775477409363,0.9965630173683167,1.050029993057251,0.954493522644043,0.9895422458648682,0.9277781844139099,1.031767725944519,0.9691187739372253,1.0244249105453491,0.9599325060844421,0.9951328635215759,1.0049312114715576,1.008005976676941,0.9334704875946045,0.8557072877883911,1.0251531600952148,1.0288712978363037,1.066314458847046,1.0542078018188477,1.0018601417541504,0.9104323983192444,1.0105618238449097,1.0242292881011963,1.0199438333511353,1.0749752521514893,1.179778814315796,1.1447489261627197,1.055053472518921,1.0497393608093262,1.0562927722930908,1.1260230541229248,1.1443493366241455,1.0706713199615479,1.0186679363250732
lamp,1.0033836364746094,1.044560194015503,1.1199640035629272,1.229975938796997,0.9904740452766418,1.1591957807540894,1.199124813079834,1.0590766668319702,1.019727110862732,1.1639575958251953,1.1795586347579956,0.8641080260276794,0.8968579173088074,0.6882236003875732,0.8410241603851318,0.9895840883255005,1.0017728805541992,0.0,1.015474557876587,1.103131651878357,0.8692680597305298,0.954649031162262,0.9610797166824341,1.1193264722824097,1.126940369606018,1.1020127534866333,1.1591805219650269,1.0722473859786987,1.2128522396087646,1.037562370300293,1.066636562347412,1.1464143991470337,0.6398608088493347,0.8761570453643799,0.767441987991333,0.9296362996101379,0.8296346664428711,0.8047687411308289,0.7657895088195801,0.9137513637542725,0.8187758922576904,0.796370804309845,0.5948522686958313,0.8006476163864136,0.8188506364822388,0.9268338680267334,0.9809602499008179,1.0630438327789307,1.0378178358078003,0.6679015159606934,0.6987136602401733,0.7302868962287903,0.5803322792053223,0.590231716632843,0.5161856412887573,0.9907511472702026,0.9797254204750061,0.9185764789581299,0.693103551864624,0.8839357495307922,0.7167874574661255,1.0492842197418213,1.0092626810073853,0.659166157245636,0.7736654281616211,0.9146150946617126,0.9787806868553162,0.7595524787902832,0.8087010383605957,0.9055636525154114,0.8697165250778198,1.1978559494018555,1.102813482284546,1.1613863706588745,0.9067283272743225,0.8465397953987122,1.158687949180603,1.0902342796325684,0.7790237665176392,1.058738350868225,1.176216721534729,1.2301685810089111,1.2235288619995117,1.1158528327941895,1.046409249305725,1.2024915218353271,0.8586683869361877,0.9681989550590515,0.83331298828125,1.2085622549057007,1.2260828018188477,1.185122013092041,1.1336143016815186,1.2085018157958984,1.1576149463653564,1.169506311416626,1.2264784574508667,1.1927905082702637,1.1387206315994263
chair,0.9991317391395569,1.0823105573654175,1.005353569984436,0.8577630519866943,0.9940230846405029,0.9860211610794067,0.923224151134491,0.9071475267410278,0.8809523582458496,0.8285666704177856,1.0455597639083862,1.0744010210037231,1.164411187171936,1.0859895944595337,1.0909453630447388,1.004503846168518,0.9444407820701599,1.015474557876587,0.0,0.25771236419677734,0.7705821990966797,0.6437240839004517,0.6067411303520203,0.7673689126968384,0.783402144908905,0.3679494261741638,0.5589516162872314,0.45826786756515503,0.5583333969116211,0.812142014503479,0.9055680632591248,0.9770020246505737,1.0867528915405273,1.0765172243118286,1.1424425840377808,1.0233545303344727,1.1257972717285156,1.1244778633117676,1.17146897315979,0.9555656313896179,1.043441653251648,1.0394920110702515,1.1228629350662231,1.0579248666763306,1.0462822914123535,1.0775948762893677,0.6464290022850037,0.9582499265670776,1.0577242374420166,1.004398226737976,0.993806004524231,0.9072998762130737,0.9673527479171753,0.9834701418876648,1.0685837268829346,0.6572072505950928,0.7261348962783813,1.0412448644638062,1.012329339981079,0.6998110413551331,0.9982694387435913,0.8034254312515259,0.9535565972328186,1.0995274782180786,1.0542387962341309,0.9849941730499268,1.1655185222625732,1.1306461095809937,1.119815468788147,1.0561457872390747,1.0334287881851196,0.9424901604652405,0.829332709312439,0.7928703427314758,0.8099014759063721,0.8516764044761658,0.9494649767875671,1.0926241874694824,1.1759843826293945,1.0248749256134033,1.0325559377670288,1.0758912563323975,1.0462439060211182,1.0150146484375,0.9878705143928528,0.7966408729553223,0.7454574704170227,0.7952555418014526,0.8228333592414856,0.6085073351860046,0.8765321969985962,0.9188553094863892,0.929022490978241,0.7790393829345703,0.7799524664878845,0.8374134302139282,0.8393027782440186,0.8259402513504028,0.957783043384552
bench,0.9999540448188782,1.094346523284912,0.9611832499504089,0.6504436135292053,1.0086945295333862,0.8196755051612854,0.7765146493911743,0.8797386288642883,0.8787972927093506,0.6964534521102905,0.974233865737915,1.110485315322876,1.161306381225586,1.190602421760559,1.1110239028930664,1.0380761623382568,1.0171138048171997,1.103131651878357,0.25771236419677734,0.0,0.7757858037948608,0.5990573763847351,0.564106822013855,0.6557517051696777,0.7274646162986755,0.30675697326660156,0.30443769693374634,0.3127070665359497,0.5322918891906738,0.6328902244567871,0.8762750029563904,0.8876359462738037,1.1789560317993164,1.0853499174118042,1.1967213153839111,1.1050875186920166,1.1608467102050781,1.1931135654449463,1.266732931137085,0.9852014780044556,1.1072992086410522,1.1991678476333618,1.2495336532592773,1.1587456464767456,1.1057847738265991,1.074652075767517,0.6449335813522339,0.9999106526374817,1.014009952545166,1.1516833305358887,1.126590371131897,1.0181422233581543,1.1483417749404907,1.1488209962844849,1.2358790636062622,0.6100809574127197,0.6748098134994507,1.1730947494506836,1.175355076789856,0.7623713612556458,1.1283046007156372,0.8252954483032227,0.9915885329246521,1.1638163328170776,1.1852915287017822,1.0507644414901733,1.1938297748565674,1.2317315340042114,1.1463264226913452,1.0869073867797852,1.0684891939163208,0.9156356453895569,0.8241197466850281,0.6700600981712341,0.8192591667175293,0.8357982635498047,0.8823978304862976,1.0499117374420166,1.271939992904663,0.9661239385604858,0.9300119280815125,0.959304690361023,1.0249630212783813,0.97475266456604,0.9454147219657898,0.7764090299606323,0.7734702825546265,0.8612297773361206,0.9247291088104248,0.3857375979423523,0.6866831183433533,0.8157498836517334,0.8877741694450378,0.6682623028755188,0.6926661729812622,0.7419866323471069,0.6565502285957336,0.6305451989173889,0.919540286064148
drawer,1.0393985509872437,1.1566954851150513,1.0807896852493286,1.0140128135681152,1.083716869354248,1.1699923276901245,1.1930432319641113,1.1462211608886719,1.1218724250793457,1.0104488134384155,1.1345399618148804,0.9967204332351685,1.0973501205444336,1.0170750617980957,1.0087122917175293,1.0019221305847168,0.9937899112701416,0.8692680597305298,0.7705821990966797,0.7757858037948608,0.0,0.8974795937538147,0.825883150100708,0.7648172378540039,0.6074913740158081,0.7367883324623108,1.0116690397262573,1.0090618133544922,0.9556400179862976,0.8854930400848389,0.7134205102920532,1.1204183101654053,0.9932248592376709,1.0506004095077515,1.0545337200164795,1.0447258949279785,1.0561467409133911,1.0439926385879517,1.100314736366272,1.086749792098999,1.0211234092712402,0.9753365516662598,1.0173653364181519,1.0688577890396118,1.0192140340805054,1.0904040336608887,0.7861734628677368,0.9002517461776733,1.033689260482788,0.9420667886734009,0.9417146444320679,0.8659379482269287,0.957346498966217,0.9457768201828003,0.9159265756607056,0.9058935046195984,1.033789873123169,0.9170309901237488,0.9234709739685059,0.6040053963661194,0.9850879311561584,0.7300903797149658,0.8916373252868652,0.9712154269218445,0.789958119392395,0.9453932046890259,1.0606582164764404,1.018038272857666,1.008321762084961,1.10013747215271,0.8553639054298401,1.1042873859405518,0.8122583627700806,0.7064047455787659,0.8658236265182495,0.90497225522995,1.0025933980941772,1.1192301511764526,1.040497899055481,0.8896646499633789,1.140135645866394,1.1733086109161377,1.0926870107650757,1.0085886716842651,0.9664925336837769,0.8990283012390137,1.0052249431610107,0.9146322011947632,0.8717768788337708,1.069091558456421,1.1764802932739258,1.1449651718139648,1.115392804145813,1.0130339860916138,1.08305823802948,1.1014666557312012,1.1250402927398682,1.0563727617263794,1.0918697118759155
