,horse,rooster,bird,fish,butterfly,frog,alligator,owl,elephant,cat,dog,face,hair,arm,hand,leg,foot,ankle,finger,toe,tooth,ear,nose,stroller,motorcycle,car,lamp,chair,bench,drawer,ladder,window,door,closet,shower,refrigerator,oven,crib,bed,couch,table,bathtub,sink,boat,slide,hose,sprinkler,clock,ball,balloon,pumpkin,egg,orange,apple,strawberry,hat,slipper,watch,nail,glasses,necklace,carrot,vacuum,shovel,scissors,spoon,fork,knife,pencil,pen,crayon,plant,flower,soap,bottle,cup,can,belt,radio,basket,milk,jar,bucket,tape,bowl,plate,corn,pickle,banana,melon,bread,cookie,cracker,pizza,hamburger,muffin,glass,coffee,tray,box,book,paper,comb,toothbrush,gum,toy,doll,mitten,glove,sock,shoe,purse,pillow,towel,napkin,blanket,dress,pajamas,bib,scarf,jacket,sweater,shirt,jeans,pants,shorts
horse,0.0,0.4607127904891968,0.5141854882240295,0.7616270184516907,0.6584739089012146,0.5612100958824158,0.6599908471107483,0.7260519862174988,0.8764545321464539,0.9244669675827026,0.5245597958564758,1.016144037246704,1.0353519916534424,1.1397545337677002,1.1329113245010376,1.0613346099853516,0.9800300598144531,1.0188391208648682,1.0745395421981812,1.0195095539093018,0.9877140522003174,1.014702558517456,1.0244073867797852,0.8770989179611206,0.9366567730903625,0.9486017823219299,1.0193512439727783,1.0081268548965454,1.1275612115859985,1.1337114572525024,1.0006293058395386,1.1013598442077637,1.1284042596817017,1.1269701719284058,1.0837693214416504,1.1469848155975342,1.1188369989395142,1.1310791969299316,1.1169790029525757,1.1031651496887207,1.1022175550460815,1.1449267864227295,1.1512830257415771,0.948428750038147,1.0418778657913208,1.0009328126907349,0.9547430276870728,0.9135388135910034,1.0194116830825806,1.0027211904525757,0.9139910340309143,1.0048960447311401,0.975018322467804,0.988759458065033,0.8664055466651917,0.9539708495140076,0.9224834442138672,0.9799745678901672,0.9832304120063782,0.9428592324256897,0.9543821811676025,1.0583593845367432,1.055840253829956,0.9993034601211548,0.8616439700126648,0.9781976342201233,0.9608938694000244,1.0403516292572021,1.0140562057495117,1.0095765590667725,0.9859138131141663,1.0760623216629028,0.9396234750747681,1.0247318744659424,1.008215069770813,1.0311503410339355,1.0574172735214233,1.0041813850402832,0.969996988773346,1.0275143384933472,1.062686800956726,1.0040843486785889,1.0560853481292725,1.055873990058899,1.0818418264389038,1.0353928804397583,1.0637950897216797,1.0284312963485718,0.9951173663139343,1.0945109128952026,0.965498149394989,0.8799110651016235,0.955141007900238,0.8956437110900879,1.0448923110961914,0.9037064909934998,1.0761855840682983,1.0281786918640137,1.06172513961792,1.1179847717285156,0.9402666687965393,1.047520399093628,1.0254896879196167,1.1231563091278076,1.0341036319732666,0.890901505947113,0.8141806125640869,1.0439202785491943,1.036987066268921,1.0496906042099,0.9355565905570984,1.0016471147537231,1.0087928771972656,1.0559154748916626,1.0648442506790161,1.0972224473953247,1.0052968263626099,1.0785455703735352,1.056517481803894,1.0610233545303345,1.0877201557159424,1.0253806114196777,1.0507806539535522,1.1088805198669434,1.0945179462432861,1.0748146772384644
rooster,0.4607127904891968,0.0,0.43400144577026367,0.44395339488983154,0.7123255133628845,0.5873916149139404,0.7756755352020264,0.7625433206558228,1.0731892585754395,0.6859370470046997,0.5765248537063599,0.945721447467804,0.8365281820297241,1.139309287071228,1.0539155006408691,1.1060370206832886,0.9528297185897827,1.0426627397537231,1.0316948890686035,0.9819600582122803,0.8428797721862793,0.8049529790878296,0.9361070990562439,0.7857054471969604,0.7964165210723877,0.6933200359344482,0.9635342359542847,1.0312639474868774,1.1500849723815918,1.1196386814117432,1.0565828084945679,1.004373550415039,1.0543982982635498,1.0916602611541748,1.109324336051941,1.1191110610961914,1.1899737119674683,1.1520532369613647,1.2001760005950928,1.1042866706848145,1.3068362474441528,1.2552721500396729,1.1923729181289673,1.0298099517822266,1.195083498954773,1.0977537631988525,0.8586310744285583,0.960652768611908,1.0276647806167603,1.0098718404769897,0.8689080476760864,1.0409725904464722,0.9995719790458679,0.9626697301864624,0.8411012887954712,0.6555548310279846,0.7582181692123413,0.8378045558929443,0.8927686214447021,0.751296877861023,0.8403275012969971,0.9222018718719482,0.9104397892951965,0.8559830188751221,0.9162901639938354,0.9257186651229858,0.7587494850158691,0.8957091569900513,0.8666348457336426,0.8157627582550049,0.8321292996406555,0.8700840473175049,0.6052902340888977,0.8923789858818054,0.8629221320152283,1.0232930183410645,0.9512781500816345,0.8249471783638,0.8609257936477661,0.9158546924591064,1.1174485683441162,0.9905692934989929,1.0274180173873901,1.0956021547317505,1.1270520687103271,1.0905545949935913,0.8559859991073608,0.9739473462104797,0.9699498414993286,1.1086217164993286,0.8249658346176147,0.8994601964950562,0.8368669748306274,0.8276403546333313,1.0106534957885742,0.6943031549453735,0.9913704991340637,1.091956615447998,1.2220475673675537,1.1602237224578857,1.0470942258834839,1.1269361972808838,0.903559684753418,0.9608856439590454,0.8864926695823669,0.9738205075263977,0.7547545433044434,0.949287474155426,0.7967865467071533,1.0643413066864014,0.8547480702400208,0.86072838306427,0.7562437653541565,0.9504964351654053,0.9773823022842407,1.1390529870986938,0.9271697402000427,1.142386794090271,1.0609169006347656,0.9881463050842285,0.9810553789138794,1.0087743997573853,0.9850144982337952,1.0943446159362793,1.0471997261047363,0.9305295944213867
bird,0.5141854882240295,0.43400144577026367,0.0,0.4826706051826477,0.7345694303512573,0.5554378628730774,0.6189162135124207,0.4995166063308716,0.8399889469146729,0.7114156484603882,0.5056705474853516,0.9927185773849487,0.9810826778411865,1.1029549837112427,1.087340235710144,1.0784635543823242,0.9257192611694336,1.0249894857406616,1.0936079025268555,1.0110398530960083,1.0144603252410889,0.9255086779594421,1.0425434112548828,0.8381413221359253,0.8263217806816101,0.8403684496879578,0.9851891994476318,1.0146503448486328,1.073718786239624,1.1087238788604736,0.9922334551811218,1.0500849485397339,1.0197685956954956,1.0378690958023071,0.9789738059043884,1.0567898750305176,1.0727776288986206,1.0596038103103638,1.048366904258728,1.0760129690170288,1.0987472534179688,1.0415014028549194,1.1258589029312134,0.9697577953338623,1.0078039169311523,0.9740734100341797,0.8081120252609253,0.9702395796775818,0.9869214296340942,1.0339280366897583,0.938825786113739,1.0209113359451294,1.0119707584381104,1.0193982124328613,0.9310802817344666,0.9220709204673767,0.9245740175247192,1.0356414318084717,1.0498582124710083,1.0441240072250366,1.035622239112854,1.019209623336792,0.9936802983283997,0.9373515248298645,0.8574514389038086,0.9783089756965637,0.8805248737335205,1.0046929121017456,1.0414036512374878,1.0146900415420532,1.0185960531234741,1.0785504579544067,0.899803876876831,0.9837027192115784,1.030990481376648,1.1339181661605835,1.095117449760437,1.0997127294540405,1.0525472164154053,1.0390472412109375,1.0693657398223877,1.0613336563110352,1.1205452680587769,1.1402963399887085,1.1659519672393799,1.0841069221496582,0.9629518389701843,1.0294060707092285,0.9324755072593689,0.9894052743911743,0.9472544193267822,0.8599493503570557,0.8483335375785828,0.8946269750595093,0.9599531292915344,0.783588171005249,0.9844257831573486,1.070066213607788,1.0755715370178223,1.1187809705734253,1.0324748754501343,0.9895573854446411,0.8899656534194946,0.95769864320755,0.9718822240829468,0.9603697061538696,0.7897818088531494,0.8355984687805176,0.8749738931655884,0.9802987575531006,0.8712608814239502,0.9705173969268799,0.9690479040145874,0.9598815441131592,0.9848328232765198,0.9945340752601624,0.9476434588432312,1.019663691520691,1.009968876838684,0.946025013923645,0.9766418933868408,0.9688310027122498,0.9799357056617737,0.9970836639404297,0.9913755655288696,0.9928613305091858
fish,0.7616270184516907,0.44395339488983154,0.4826706051826477,0.0,0.7870112657546997,0.5541967153549194,0.7812192440032959,0.7695905566215515,1.0291959047317505,0.6785617470741272,0.7164561748504639,1.0539748668670654,1.0145727396011353,1.1963533163070679,1.0025898218154907,0.9997109174728394,0.922073483467102,0.9779973030090332,0.9214158654212952,0.8512091636657715,0.681536853313446,0.7819580435752869,0.8581503629684448,1.007284164428711,0.8959527015686035,0.7263635396957397,0.8949349522590637,1.1938104629516602,1.2728830575942993,1.215437412261963,1.2034765481948853,1.1878889799118042,1.1856334209442139,1.2248334884643555,1.2011452913284302,1.2353795766830444,1.2267125844955444,1.2907097339630127,1.2976109981536865,1.254441261291504,1.3246362209320068,1.2180125713348389,1.0925133228302002,1.0131717920303345,1.2124793529510498,1.0928809642791748,0.7783925533294678,0.8091306686401367,0.7774680852890015,0.7783521413803101,0.8237089514732361,0.8302441239356995,0.8271774053573608,0.7726940512657166,0.8097257614135742,0.6807166337966919,0.6252561807632446,0.8474248647689819,0.6833640933036804,0.8213813304901123,0.8375557661056519,0.6980751752853394,1.0680369138717651,0.7961920499801636,0.8289648294448853,0.7820797562599182,0.6276167035102844,0.7534012794494629,0.6929631233215332,0.6404337286949158,0.604629397392273,1.0210649967193604,0.7560861110687256,0.6628707647323608,0.7955119609832764,0.9156480431556702,0.9943370223045349,0.6724599003791809,0.9971567988395691,1.0740035772323608,1.1921725273132324,1.039007306098938,1.004079818725586,0.9271241426467896,0.9464240670204163,0.9372819662094116,0.7343422174453735,0.730591893196106,0.7983449101448059,0.8664045333862305,0.7130436897277832,0.7980422973632812,0.7469277381896973,0.8551002740859985,0.9464244842529297,0.6315978765487671,1.0032036304473877,0.9570709466934204,1.204433798789978,1.269511103630066,1.1400179862976074,1.1272203922271729,0.8631064295768738,0.7809090614318848,0.6057187914848328,0.9073296785354614,0.8997890949249268,0.8162192106246948,0.6929454803466797,0.962140679359436,0.8698596954345703,1.0418623685836792,0.7379376888275146,0.9304254651069641,0.9160804152488708,1.1798458099365234,1.0803766250610352,1.159807562828064,1.0815701484680176,1.0733270645141602,1.145761489868164,1.1230913400650024,1.072351336479187,1.086953043937683,1.0856842994689941,0.9783161282539368
butterfly,0.6584739089012146,0.7123255133628845,0.7345694303512573,0.7870112657546997,0.0,0.5733240842819214,0.7433340549468994,0.7113760113716125,1.0594865083694458,1.0716533660888672,0.8554595708847046,1.0483009815216064,1.0780138969421387,1.1360750198364258,1.061988353729248,1.0955976247787476,1.0490639209747314,1.046081781387329,1.0359331369400024,1.0609447956085205,1.0498435497283936,1.0321907997131348,1.0492396354675293,1.0223411321640015,1.054579496383667,1.0260529518127441,0.9966924786567688,1.0982555150985718,1.1267682313919067,1.072170615196228,1.1152631044387817,1.019429087638855,1.0695748329162598,1.081459879875183,1.1039676666259766,1.0810068845748901,1.1256892681121826,1.110054850578308,1.1134610176086426,1.1080933809280396,1.0731464624404907,1.1169216632843018,1.1303473711013794,0.9295457601547241,1.1083080768585205,1.0416169166564941,0.9372594952583313,0.8670405745506287,0.9790520071983337,0.9417313933372498,0.953312873840332,1.0126022100448608,0.9227148294448853,0.9605792164802551,0.7769343852996826,0.9522643685340881,1.0398832559585571,0.9728384613990784,1.040303111076355,1.0173025131225586,0.9983422756195068,1.0189834833145142,1.096081256866455,1.05426824092865,0.8745975494384766,1.0141538381576538,0.9742189049720764,0.9876830577850342,0.9639471173286438,0.9851382374763489,0.9515445232391357,0.9295408725738525,0.8047374486923218,0.9548643827438354,0.9981939792633057,1.0208173990249634,1.0925118923187256,1.0159833431243896,0.9817304611206055,1.0455878973007202,0.9644761681556702,0.9070079922676086,1.0034124851226807,1.0133904218673706,1.0423680543899536,0.9947890639305115,0.9749428033828735,0.9748589396476746,0.9813151359558105,1.0463815927505493,0.9849918484687805,0.868265688419342,0.9215261936187744,0.8928345441818237,1.0321708917617798,0.881149172782898,1.1170135736465454,0.9973227977752686,0.9977540373802185,1.0308817625045776,0.7787508964538574,0.920153796672821,0.9938711524009705,1.0663241147994995,0.9396308064460754,0.8582576513290405,0.9046697020530701,1.034005880355835,1.0942304134368896,1.053742527961731,1.0206173658370972,1.014237403869629,1.0596702098846436,1.044777274131775,1.0295592546463013,1.0954580307006836,1.0818159580230713,1.1192119121551514,1.1077325344085693,1.1060519218444824,1.0770103931427002,1.111119270324707,1.1277966499328613,1.1540040969848633,1.1245872974395752,1.0812755823135376
frog,0.5612100958824158,0.5873916149139404,0.5554378628730774,0.5541967153549194,0.5733240842819214,0.0,0.3964064121246338,0.5263262987136841,1.0515213012695312,0.9180154800415039,0.49841123819351196,1.0803743600845337,1.142513394355774,1.171389102935791,0.9800427556037903,1.168237328529358,1.0135390758514404,1.075108289718628,1.0694985389709473,1.0599651336669922,0.9671870470046997,1.0519945621490479,1.1019757986068726,0.9275609254837036,0.9549868106842041,0.9743219614028931,1.0667445659637451,1.2153093814849854,1.2249653339385986,1.1890995502471924,1.132761001586914,1.1983226537704468,1.1657427549362183,1.205395221710205,1.1422353982925415,1.1585793495178223,1.224015235900879,1.1950762271881104,1.1636453866958618,1.1924641132354736,1.028753399848938,1.1597367525100708,1.2050426006317139,0.9564822912216187,1.0450794696807861,1.031720757484436,0.5745853781700134,0.9350764751434326,0.8074164986610413,0.8123234510421753,0.9325066208839417,0.9347426295280457,0.9574188590049744,0.8875913023948669,0.8315780162811279,0.9406933188438416,0.9898020029067993,1.0171658992767334,1.0709046125411987,1.1219017505645752,1.0473289489746094,0.9534565806388855,1.1379338502883911,0.9722059369087219,0.5710317492485046,0.9392596483230591,0.9474489688873291,1.0149462223052979,1.0513030290603638,1.053943395614624,0.9788157343864441,1.0679656267166138,0.8487579822540283,0.9817025661468506,1.033044695854187,1.0916566848754883,1.1962679624557495,1.1783945560455322,1.0622907876968384,1.1597416400909424,1.0563769340515137,0.951874315738678,1.078019618988037,0.9556150436401367,1.0278159379959106,0.9650307893753052,0.9038646221160889,0.8306652307510376,0.737175464630127,0.7574571967124939,1.013997197151184,0.8096912503242493,0.8352187871932983,0.8345128297805786,0.8974114656448364,0.826852560043335,1.022669792175293,0.9225168824195862,0.9333623051643372,1.0802526473999023,0.838272213935852,0.9473024606704712,0.9325981736183167,0.7826505899429321,0.6902145743370056,0.39565765857696533,0.41962242126464844,0.6106979846954346,0.7909348011016846,0.9547479748725891,0.9221327304840088,1.0462039709091187,1.1366318464279175,1.026859164237976,1.045698642730713,1.0947037935256958,1.0807912349700928,1.0712239742279053,1.0224545001983643,1.068678379058838,1.1641615629196167,1.109926462173462,1.1414319276809692,1.1599948406219482,1.161537766456604,1.1316028833389282
alligator,0.6599908471107483,0.7756755352020264,0.6189162135124207,0.7812192440032959,0.7433340549468994,0.3964064121246338,0.0,0.5297434329986572,0.6825641393661499,0.5827646851539612,0.3136807084083557,0.9480149745941162,0.9846560955047607,0.7651177048683167,0.9355630874633789,1.110606074333191,1.0277150869369507,1.1225706338882446,1.2224133014678955,1.2199139595031738,1.3282028436660767,1.1829882860183716,1.3443756103515625,0.7675206065177917,0.8494350910186768,1.0220242738723755,1.196643590927124,0.8860087990760803,0.8681497573852539,1.037550687789917,0.8739582300186157,0.9987507462501526,0.9828650951385498,0.9182981848716736,0.8906383514404297,0.9729233980178833,1.0388559103012085,0.7537503242492676,0.6295170783996582,0.8292036652565002,0.6458302736282349,0.7278515696525574,1.0611435174942017,0.7720765471458435,0.7142536044120789,0.857987105846405,0.9627828598022461,1.1927316188812256,1.166541337966919,1.2427632808685303,1.1692501306533813,1.3220019340515137,1.293462872505188,1.2986725568771362,1.158664584159851,1.2043899297714233,1.282309889793396,1.2793241739273071,1.4178377389907837,1.3627862930297852,1.260176658630371,1.2847354412078857,1.119327425956726,1.1402390003204346,0.8308327198028564,1.1622247695922852,1.181366205215454,1.0988731384277344,1.3464717864990234,1.3400284051895142,1.3869893550872803,1.1100850105285645,0.975507378578186,1.3534306287765503,1.3266828060150146,1.3603119850158691,1.2179080247879028,1.3221718072891235,1.248549461364746,1.1126878261566162,1.0091314315795898,1.02463698387146,1.2259790897369385,1.343418836593628,1.2825062274932861,1.1438134908676147,1.143196940422058,1.2083913087844849,1.032684564590454,0.9332973957061768,1.2260642051696777,1.0794689655303955,0.907505214214325,0.8246827721595764,0.9434194564819336,0.9612305760383606,0.8183518052101135,1.1031562089920044,0.8383636474609375,0.8915990591049194,0.7962042093276978,0.6336221694946289,0.9342987537384033,0.9202642440795898,1.1952224969863892,0.9171808362007141,0.4722602367401123,0.45660245418548584,0.7589960694313049,0.9324013590812683,0.9621738195419312,0.8294152617454529,1.0981528759002686,0.8251249194145203,0.9012508988380432,0.5100657343864441,0.8284274935722351,0.6779688000679016,0.7265679240226746,0.6842890977859497,0.6451799869537354,0.7390684485435486,0.8374150991439819,0.7577404975891113,0.8036304116249084,0.9285507798194885
owl,0.7260519862174988,0.7625433206558228,0.4995166063308716,0.7695905566215515,0.7113760113716125,0.5263262987136841,0.5297434329986572,0.0,0.7243525981903076,0.7785667181015015,0.5573620796203613,0.9597615003585815,1.0523899793624878,1.034470796585083,1.0338801145553589,1.1503937244415283,1.0665276050567627,1.0988394021987915,1.167436122894287,1.1409019231796265,1.1416244506835938,1.0621894598007202,1.1440712213516235,0.9615651369094849,1.0068625211715698,1.0232678651809692,1.0642179250717163,1.0749484300613403,1.1411607265472412,1.1629667282104492,1.0046935081481934,1.0780556201934814,1.114085078239441,1.089609146118164,1.0060539245605469,1.0999243259429932,1.0947349071502686,0.992107093334198,0.969692051410675,1.1169590950012207,0.9195843935012817,0.9370760321617126,1.1183137893676758,0.8494790196418762,0.9178738594055176,1.0229911804199219,0.9134502410888672,0.9770182371139526,1.0187095403671265,1.030331015586853,0.9829729795455933,1.0689477920532227,1.0454599857330322,1.1437078714370728,1.004059076309204,1.0956579446792603,1.1921714544296265,1.1551909446716309,1.1881312131881714,1.2002376317977905,1.1558934450149536,1.1513240337371826,1.1607449054718018,1.07390558719635,0.9671784043312073,1.0906474590301514,1.0568146705627441,1.156198263168335,1.193499207496643,1.212329626083374,1.2128982543945312,1.1548622846603394,0.9947002530097961,1.1295875310897827,1.1815178394317627,1.2004379034042358,1.2553359270095825,1.2018113136291504,1.13596773147583,1.1056879758834839,1.0123413801193237,1.02910315990448,1.1680817604064941,1.1653621196746826,1.1702594757080078,1.071998953819275,1.0013611316680908,1.1562750339508057,1.000098705291748,0.9404288530349731,0.9795254468917847,0.9105499982833862,0.8354098796844482,0.7888357639312744,0.7879840731620789,0.7618826031684875,0.9735686779022217,1.0403406620025635,0.9197976589202881,1.1001155376434326,0.8963066339492798,0.8863120675086975,0.9414021968841553,0.9935028553009033,1.0414377450942993,0.844285249710083,0.617294430732727,0.7734463214874268,0.996895432472229,1.072832703590393,1.0234601497650146,1.04170823097229,1.1366055011749268,0.9938904047012329,1.045121669769287,0.8627184629440308,0.9364033937454224,0.934363842010498,0.8935995101928711,0.8686879873275757,0.9883425831794739,0.9590330719947815,1.0134665966033936,1.024932861328125,1.0506253242492676,1.0705307722091675
elephant,0.8764545321464539,1.0731892585754395,0.8399889469146729,1.0291959047317505,1.0594865083694458,1.0515213012695312,0.6825641393661499,0.7243525981903076,0.0,0.5187138319015503,0.6721367239952087,0.8682855367660522,0.9110631346702576,0.7742589712142944,0.990729808807373,0.8956265449523926,0.9567611217498779,0.9854471683502197,1.1240530014038086,1.0692659616470337,1.1879749298095703,1.0535624027252197,1.1133791208267212,0.8944268226623535,0.8631318211555481,0.9769154787063599,1.0425857305526733,0.8754058480262756,0.8860809206962585,1.0300019979476929,0.8278087973594666,0.940715491771698,0.9232156276702881,0.9138240814208984,0.7306850552558899,0.900870144367218,0.8071526288986206,0.8074789047241211,0.7089016437530518,0.8903601169586182,0.7648436427116394,0.6828312873840332,0.9555200338363647,0.7608059644699097,0.6148541569709778,0.8007044792175293,1.0495679378509521,1.0511078834533691,1.0924495458602905,1.1371042728424072,1.1127089262008667,1.1660091876983643,1.1210882663726807,1.2101209163665771,1.157200813293457,1.1675255298614502,1.1743123531341553,1.1629984378814697,1.1844751834869385,1.1853020191192627,1.145517110824585,1.244845986366272,1.0870743989944458,1.1709117889404297,1.075512409210205,1.155561923980713,1.134713053703308,1.1461057662963867,1.3022148609161377,1.3001941442489624,1.3234758377075195,1.1595737934112549,1.1514134407043457,1.2851628065109253,1.317345142364502,1.2504321336746216,1.1630144119262695,1.1043096780776978,1.1832361221313477,1.068973422050476,1.1063504219055176,1.1558972597122192,1.2148289680480957,1.2565925121307373,1.1958205699920654,1.1321468353271484,1.1547126770019531,1.2668726444244385,1.1922168731689453,1.0601222515106201,1.1649439334869385,1.0985662937164307,1.0759536027908325,1.0135409832000732,0.9505015015602112,1.0319390296936035,0.8060532808303833,1.0514522790908813,0.9615181684494019,1.0521267652511597,1.124003291130066,0.8857201933860779,0.9248651266098022,1.0269137620925903,1.2787280082702637,1.245865821838379,1.0303019285202026,0.8613207936286926,1.005601406097412,0.9789907932281494,0.971731424331665,1.0502543449401855,1.1363979578018188,0.9593546390533447,1.0518523454666138,0.6538468599319458,0.8034601807594299,0.6331915259361267,0.7762589454650879,0.6455865502357483,0.719516396522522,0.6799322366714478,0.7448924779891968,0.6189749836921692,0.6969971656799316,0.8470057249069214
cat,0.9244669675827026,0.6859370470046997,0.7114156484603882,0.6785617470741272,1.0716533660888672,0.9180154800415039,0.5827646851539612,0.7785667181015015,0.5187138319015503,0.0,0.43397390842437744,0.7154101133346558,0.6717777252197266,0.6961150765419006,0.7591555714607239,0.840200662612915,0.8001527786254883,0.8874269723892212,1.0056397914886475,0.942356288433075,1.0773875713348389,0.8346114158630371,1.0458698272705078,0.7283840775489807,0.6479525566101074,0.6144841909408569,1.076127052307129,0.9042642116546631,0.8753639459609985,1.0483492612838745,0.9426701664924622,0.9291245341300964,0.8489508628845215,0.8615100383758545,0.7648221850395203,0.9261646270751953,0.9889923334121704,0.8292026519775391,0.7282242774963379,0.8682767152786255,0.8907404541969299,0.7354931831359863,1.0435351133346558,0.8304551839828491,0.8089696168899536,0.9251874089241028,0.931361198425293,1.24222731590271,1.1055549383163452,1.2205820083618164,1.100555181503296,1.2309556007385254,1.2003575563430786,1.1937806606292725,1.1882526874542236,0.9526293873786926,0.9835325479507446,1.1157019138336182,1.143842101097107,1.1155765056610107,1.0604997873306274,1.1018767356872559,0.9717349410057068,1.0836215019226074,1.1075150966644287,1.154362678527832,0.9753414392471313,0.9729505181312561,1.2315068244934082,1.161555290222168,1.208852767944336,1.1437357664108276,1.0439802408218384,1.1962816715240479,1.209617257118225,1.3028957843780518,1.0242971181869507,0.9471254944801331,1.222148060798645,1.0783883333206177,1.1703184843063354,1.1092814207077026,1.2076164484024048,1.3262206315994263,1.2970545291900635,1.2124793529510498,0.9320238828659058,1.1569957733154297,1.1545414924621582,0.9959390163421631,1.108776330947876,1.1627987623214722,0.8914005756378174,0.9166294932365417,1.0071940422058105,0.8430094718933105,0.6692954897880554,1.0743639469146729,1.0644108057022095,1.0400192737579346,1.1168930530548096,0.8369727730751038,0.8106774091720581,0.7177056074142456,1.034321665763855,1.261009931564331,0.833337664604187,0.5685427188873291,0.6358271837234497,0.827437698841095,0.8431109189987183,0.8745721578598022,0.8875381946563721,0.921150267124176,1.0019525289535522,0.6502804756164551,0.6654266119003296,0.6123855113983154,0.6426210403442383,0.5290404558181763,0.5714670419692993,0.5577985048294067,0.5719259977340698,0.5005040168762207,0.5633532404899597,0.6013952493667603
dog,0.5245597958564758,0.5765248537063599,0.5056705474853516,0.7164561748504639,0.8554595708847046,0.49841123819351196,0.3136807084083557,0.5573620796203613,0.6721367239952087,0.43397390842437744,0.0,0.889906108379364,0.9111311435699463,0.8934597969055176,0.9253780841827393,0.981540858745575,0.7749081254005432,0.9045202136039734,1.0781240463256836,0.9468888640403748,1.1269705295562744,0.9779223203659058,1.1599239110946655,0.7402706146240234,0.8322564959526062,0.8784462809562683,1.1292364597320557,0.9645641446113586,0.9128185510635376,1.0674384832382202,0.9625800251960754,1.0611811876296997,1.0434260368347168,1.0127582550048828,0.9562639594078064,1.0344797372817993,1.0839247703552246,0.9329519271850586,0.771708607673645,0.8938046097755432,0.8462420701980591,0.9382021427154541,1.2171599864959717,0.890472948551178,0.8919380903244019,0.974210798740387,0.9522077441215515,1.1662023067474365,1.071595549583435,1.1662343740463257,1.0080207586288452,1.1540814638137817,1.1487025022506714,1.1647872924804688,1.0709675550460815,0.9792361855506897,0.9429805278778076,1.1420429944992065,1.1662402153015137,1.1426302194595337,1.0996922254562378,1.1308232545852661,1.0925474166870117,1.1151700019836426,0.9574796557426453,1.1532970666885376,1.1063381433486938,1.1365940570831299,1.2411754131317139,1.2237539291381836,1.2227870225906372,1.1715373992919922,1.0502300262451172,1.2248139381408691,1.2030699253082275,1.2537117004394531,1.1058299541473389,1.1411155462265015,1.1525087356567383,1.1095000505447388,1.12046217918396,1.0806535482406616,1.1964242458343506,1.2316088676452637,1.2692805528640747,1.1736129522323608,1.0480051040649414,1.148309350013733,1.0339717864990234,0.995817244052887,1.0516074895858765,0.9868952035903931,0.8675131797790527,0.8461159467697144,0.9530059695243835,0.8403683304786682,0.9169023633003235,1.1056851148605347,0.9978821873664856,1.010115385055542,0.9280739426612854,0.834219217300415,0.9843346476554871,0.9567086696624756,1.0378628969192505,0.8967471122741699,0.4390649199485779,0.49246084690093994,0.6307864189147949,0.7768895626068115,0.7642617225646973,0.8944607377052307,0.9476839303970337,0.9126995205879211,0.9971397519111633,0.6727074980735779,0.7584383487701416,0.6983349919319153,0.7468994855880737,0.715155839920044,0.767754077911377,0.7228075265884399,0.7797725200653076,0.7304944396018982,0.7762227058410645,0.8231235146522522
face,1.016144037246704,0.945721447467804,0.9927185773849487,1.0539748668670654,1.0483009815216064,1.0803743600845337,0.9480149745941162,0.9597615003585815,0.8682855367660522,0.7154101133346558,0.889906108379364,0.0,0.14238578081130981,0.6187204122543335,0.8068246245384216,0.9653942584991455,0.9920850992202759,1.0146963596343994,0.9965239763259888,1.023121953010559,0.9846041798591614,0.7389270067214966,0.7897257208824158,0.9455472826957703,0.9126867651939392,0.8861474990844727,1.0410951375961304,0.9929476380348206,1.0005500316619873,1.0759187936782837,1.0002551078796387,0.8412054777145386,0.9146775007247925,0.8719470500946045,0.8732102513313293,0.9392682313919067,1.0385524034500122,0.9547767639160156,0.9242268800735474,0.9375972151756287,0.9616515040397644,0.9988996386528015,1.148555874824524,1.0425913333892822,0.9419248700141907,1.0344921350479126,1.0294092893600464,1.179092288017273,1.0819661617279053,1.1381365060806274,1.1251810789108276,1.145129680633545,1.1184587478637695,1.1446092128753662,1.1442993879318237,0.7656248211860657,1.106432557106018,1.0436654090881348,1.1052968502044678,0.7396794557571411,0.7776657342910767,1.144350290298462,1.0346559286117554,1.1657594442367554,1.1692166328430176,1.1759731769561768,1.094730257987976,1.1043587923049927,1.178365707397461,1.169343113899231,1.17776358127594,1.0648534297943115,1.0874146223068237,1.1692737340927124,1.1340959072113037,1.1670405864715576,1.1176055669784546,1.0479990243911743,1.2058453559875488,1.157015323638916,1.0703333616256714,1.0556801557540894,1.147871732711792,1.2058953046798706,1.212694525718689,1.207929015159607,1.0116828680038452,1.1554278135299683,1.1406886577606201,1.0470802783966064,1.1294310092926025,1.148132562637329,1.0303202867507935,0.9684016108512878,1.0446738004684448,1.0259474515914917,0.7595310211181641,1.061671257019043,1.113033413887024,1.08677339553833,1.0749338865280151,0.9200029373168945,0.9635567665100098,0.8637968301773071,1.0358678102493286,1.2380211353302002,0.9437639713287354,0.8149682283401489,0.8730217218399048,0.9681635499000549,1.044845461845398,1.008691430091858,1.0491437911987305,1.1159229278564453,1.1486750841140747,0.9311621785163879,0.542479932308197,0.5298215746879578,0.351579487323761,0.40090465545654297,0.7129838466644287,0.4281368851661682,0.40234023332595825,0.6708603501319885,0.6856279373168945,0.6133602857589722
hair,1.0353519916534424,0.8365281820297241,0.9810826778411865,1.0145727396011353,1.0780138969421387,1.142513394355774,0.9846560955047607,1.0523899793624878,0.9110631346702576,0.6717777252197266,0.9111311435699463,0.14238578081130981,0.0,0.6054072380065918,0.8343024253845215,0.9641886353492737,0.9440820217132568,0.9963527917861938,0.9811563491821289,0.9997832775115967,0.9714785814285278,0.6609264016151428,0.8095563650131226,0.9457280039787292,0.8886606693267822,0.8397997617721558,0.9650035500526428,0.9278615117073059,0.9526728391647339,1.0395880937576294,0.98301100730896,0.7367706298828125,0.8285607099533081,0.7941998243331909,0.8453959226608276,0.8928152322769165,1.027978777885437,0.9150351881980896,0.9027060270309448,0.8754023909568787,1.0345826148986816,1.0183955430984497,1.140697956085205,1.0830997228622437,0.9738882184028625,1.0361250638961792,1.0400458574295044,1.1704726219177246,1.1222906112670898,1.1498143672943115,1.1024268865585327,1.1691218614578247,1.113210678100586,1.145853877067566,1.1569714546203613,0.7077397704124451,1.0728418827056885,0.9803522229194641,1.0799400806427002,0.6637920141220093,0.7137762904167175,1.1287137269973755,0.9903004765510559,1.1414968967437744,1.206115484237671,1.1711190938949585,1.0486717224121094,1.0930801630020142,1.1565667390823364,1.1373833417892456,1.1578248739242554,0.9700063467025757,0.9760981798171997,1.1526118516921997,1.115566372871399,1.1646045446395874,1.092401385307312,0.962007999420166,1.142307162284851,1.0667610168457031,1.0598504543304443,1.0682873725891113,1.1472065448760986,1.2376189231872559,1.2248876094818115,1.2320425510406494,0.9943782687187195,1.1636043787002563,1.1718133687973022,1.094774842262268,1.1085059642791748,1.1566863059997559,1.0435162782669067,0.9796667695045471,1.1124587059020996,1.010506510734558,0.7685160636901855,1.0750666856765747,1.1713358163833618,1.092444896697998,1.1308279037475586,0.9714670777320862,0.9192078113555908,0.9030985236167908,1.0652753114700317,1.311860203742981,1.0068209171295166,0.8477649688720703,0.859990119934082,0.9596003293991089,1.026857614517212,0.972859799861908,0.9445527791976929,1.07646906375885,1.1250581741333008,0.9147794246673584,0.5187563896179199,0.609563410282135,0.4734249711036682,0.4435631036758423,0.6774068474769592,0.45880722999572754,0.41129839420318604,0.664908230304718,0.6514566540718079,0.5577497482299805
arm,1.1397545337677002,1.139309287071228,1.1029549837112427,1.1963533163070679,1.1360750198364258,1.171389102935791,0.7651177048683167,1.034470796585083,0.7742589712142944,0.6961150765419006,0.8934597969055176,0.6187204122543335,0.6054072380065918,0.0,0.5014216303825378,0.9292885661125183,0.9984427094459534,1.031998872756958,0.9989674091339111,1.1033527851104736,1.2762236595153809,1.0434746742248535,1.2343530654907227,0.925858736038208,0.8999627232551575,0.999809741973877,1.167510986328125,0.8516690135002136,0.859177827835083,0.9924752116203308,0.9103065729141235,0.874838650226593,0.8703206777572632,0.8644108176231384,0.7726975679397583,0.7798187136650085,0.8665689826011658,0.8209571242332458,0.7128715515136719,0.8458803296089172,0.4925771951675415,0.6611995697021484,0.8504250049591064,0.9133164882659912,0.7062022686004639,0.9106482267379761,1.1068040132522583,1.2698742151260376,1.2866078615188599,1.3300774097442627,1.2613197565078735,1.33140230178833,1.282347321510315,1.3060952425003052,1.2824008464813232,1.1909499168395996,1.3316701650619507,1.1576182842254639,1.3530961275100708,1.1886382102966309,1.090866208076477,1.2550580501556396,1.0203653573989868,1.1006134748458862,1.1388962268829346,1.1296582221984863,1.1397305727005005,1.0011405944824219,1.2777855396270752,1.3152124881744385,1.3837792873382568,1.093590259552002,1.1288408041000366,1.3885972499847412,1.2716701030731201,1.2839734554290771,1.1589888334274292,1.2097997665405273,1.2796039581298828,1.1138193607330322,0.9820736646652222,1.0790976285934448,1.204941749572754,1.3532285690307617,1.206740140914917,1.0562543869018555,1.160221815109253,1.2936785221099854,1.1527106761932373,1.0054548978805542,1.2587919235229492,1.2771086692810059,0.9708144664764404,0.8112009763717651,0.8895923495292664,1.156185507774353,0.5170581340789795,1.1206668615341187,0.7611722350120544,0.8975907564163208,0.858660876750946,0.552437424659729,0.9284972548484802,0.7235441207885742,1.1568189859390259,1.3270812034606934,0.9656941890716553,0.7255679368972778,0.8571610450744629,0.9613209366798401,1.1302207708358765,0.9241330623626709,1.1640167236328125,1.0177154541015625,1.0317559242248535,0.6971625089645386,0.45530152320861816,0.3274507522583008,0.37783849239349365,0.4364519715309143,0.564182698726654,0.3479715585708618,0.3705584406852722,0.4564577341079712,0.4823572635650635,0.5386449694633484
hand,1.1329113245010376,1.0539155006408691,1.087340235710144,1.0025898218154907,1.061988353729248,0.9800427556037903,0.9355630874633789,1.0338801145553589,0.990729808807373,0.7591555714607239,0.9253780841827393,0.8068246245384216,0.8343024253845215,0.5014216303825378,0.0,0.8826866149902344,0.7676816582679749,0.6973385810852051,0.3614867925643921,0.595564603805542,0.922964870929718,0.7621464729309082,0.9348083138465881,1.1232117414474487,1.0584673881530762,1.046067237854004,1.187585473060608,1.1740498542785645,1.1037064790725708,1.1124188899993896,1.17012357711792,1.1285018920898438,1.1226547956466675,1.152961254119873,1.096208095550537,1.1190638542175293,1.1217646598815918,1.1688222885131836,1.0892575979232788,1.1273002624511719,0.8635768890380859,0.9656773209571838,1.0367624759674072,1.0041377544403076,1.0576611757278442,1.1070499420166016,0.9687289595603943,1.1918764114379883,1.048651099205017,1.1276806592941284,1.115513801574707,1.0674134492874146,1.1067627668380737,1.0413613319396973,1.1355581283569336,1.018402099609375,1.0309505462646484,0.9392679929733276,1.0899057388305664,1.0220221281051636,0.9249294400215149,0.9059285521507263,1.1645958423614502,1.037872552871704,0.9703040719032288,1.0096087455749512,0.9374243021011353,0.8669154644012451,1.0750099420547485,1.0966194868087769,1.0919150114059448,1.1647459268569946,1.1517928838729858,1.223624587059021,1.212918996810913,1.1930779218673706,1.1588313579559326,1.057734489440918,1.2338119745254517,1.244218349456787,1.061514973640442,1.0488121509552002,1.1729841232299805,1.1531082391738892,1.1080104112625122,1.0138640403747559,0.9204742908477783,1.0336567163467407,0.9556959867477417,0.7768642902374268,1.046514868736267,1.1258180141448975,0.7575783729553223,0.7621933221817017,0.8000580072402954,0.994942843914032,0.7145848274230957,1.0109257698059082,0.8791241645812988,1.0414942502975464,0.8632650375366211,0.7056419849395752,0.9025724530220032,0.5541754364967346,0.7159252166748047,1.0707154273986816,0.8381212949752808,0.6080155372619629,0.6313150525093079,0.7278677821159363,0.9684692025184631,1.034160852432251,1.041358232498169,1.0408121347427368,1.0024555921554565,1.009856939315796,0.9123623967170715,0.7457053065299988,0.6588883399963379,0.7934620380401611,0.9423515796661377,0.8304353952407837,0.8472849130630493,0.8520690202713013,0.8989314436912537,0.7804308533668518
leg,1.0613346099853516,1.1060370206832886,1.0784635543823242,0.9997109174728394,1.0955976247787476,1.168237328529358,1.110606074333191,1.1503937244415283,0.8956265449523926,0.840200662612915,0.981540858745575,0.9653942584991455,0.9641886353492737,0.9292885661125183,0.8826866149902344,0.0,0.4679621458053589,0.5105141401290894,0.77466881275177,0.5812772512435913,0.8138648867607117,0.8877993226051331,0.8413092494010925,0.9760586619377136,0.9785356521606445,0.9240541458129883,0.9153164029121399,0.9127267003059387,0.8392142057418823,0.8520636558532715,0.9525606632232666,1.1033661365509033,0.9661389589309692,1.0730805397033691,1.0316106081008911,1.0366791486740112,0.9785334467887878,1.0345309972763062,1.003798246383667,0.9838349223136902,1.053853988647461,1.0000773668289185,1.0067555904388428,1.1024987697601318,1.0381451845169067,0.978309690952301,1.0339927673339844,1.0619555711746216,0.9004068374633789,0.9267232418060303,0.8768333792686462,0.8590793013572693,0.8835362195968628,0.8983632922172546,1.018504023551941,0.9593302011489868,0.6479620337486267,0.8356191515922546,0.8001935482025146,0.9011321067810059,0.8148032426834106,0.8075897693634033,0.9082575440406799,0.9596301913261414,1.0706266164779663,0.9789027571678162,0.9048588275909424,0.8592304587364197,0.8241979479789734,0.8038626909255981,0.8080721497535706,0.9405160546302795,1.1028752326965332,0.871312141418457,0.8345131874084473,0.7581587433815002,0.7039312720298767,0.7622816562652588,1.0442183017730713,0.9463951587677002,1.0219672918319702,0.9677127599716187,0.8238650560379028,0.8637291789054871,0.9205517172813416,1.0218840837478638,0.8441368341445923,0.9306280016899109,1.0363633632659912,1.0460078716278076,0.9780574440956116,1.0562843084335327,0.9996155500411987,1.1077749729156494,1.0821444988250732,1.049286127090454,1.0093899965286255,0.9290561079978943,1.1587142944335938,0.9192488193511963,0.9919976592063904,0.9043228030204773,0.9923081994056702,0.9277582168579102,0.8729643821716309,1.0579811334609985,1.0777674913406372,0.951590359210968,0.7752537131309509,0.5407848358154297,0.6892876625061035,1.0774527788162231,0.8834620714187622,0.9025079011917114,0.8927731513977051,1.024864912033081,0.8917853236198425,0.8500909805297852,0.9210737347602844,0.9191147685050964,0.9977270364761353,0.8943698406219482,0.8604236245155334,0.6779379844665527,0.661778450012207,0.6197878122329712
