,rooster,fish,frog,alligator,owl,cat,dog,face,hair,arm,hand,finger,toe,tooth,nose,stroller,car,lamp,chair,bench,drawer,window,door,refrigerator,oven,crib,bed,couch,table,bathtub,sink,slide,clock,ball,balloon,pumpkin,egg,orange,apple,hat,slipper,watch,nail,glasses,necklace,carrot,vacuum,shovel,scissors,spoon,fork,knife,pencil,pen,crayon,plant,flower,bottle,cup,can,belt,basket,bucket,tape,bowl,plate,banana,bread,cracker,pizza,hamburger,glass,tray,box,book,paper,comb,toothbrush,gum,toy,doll,mitten,glove,sock,shoe,purse,pillow,towel,napkin,blanket,pajamas,bib,scarf,jacket,sweater,shirt,jeans,pants,shorts
rooster,0.0,0.6417557001113892,0.5038641095161438,0.6019072532653809,0.7899057865142822,0.5824904441833496,0.48800426721572876,0.9944280982017517,0.9369471669197083,1.1523616313934326,1.1501275300979614,1.0986459255218506,1.038883090019226,0.9847462773323059,0.9465551972389221,0.8626757860183716,0.7861102819442749,0.821666955947876,0.964153528213501,1.1345089673995972,1.1017969846725464,0.9189630150794983,1.0386706590652466,1.1240785121917725,1.1355677843093872,1.0805251598358154,1.1706794500350952,1.132720947265625,1.1715059280395508,1.173097848892212,1.1140453815460205,1.1310423612594604,0.9258795976638794,0.995574414730072,0.9319332838058472,0.8570816516876221,1.029500961303711,0.9516199231147766,0.934509813785553,0.6826024055480957,0.8730207085609436,0.9311392903327942,1.0183130502700806,0.9598709344863892,0.9952113032341003,1.0409058332443237,0.7937965393066406,0.6619058847427368,0.9213851094245911,0.9365779757499695,0.9396477341651917,0.957659125328064,0.9350009560585022,0.9296974539756775,0.9623746871948242,0.7799825668334961,0.7312886714935303,0.8440108895301819,0.9894378781318665,1.019742488861084,0.9877552390098572,1.0809955596923828,1.1477993726730347,1.1065406799316406,1.0232791900634766,1.0778751373291016,0.9621267914772034,0.8124158978462219,0.9628439545631409,0.9412127137184143,0.8896242380142212,1.0144418478012085,1.0831890106201172,1.1342417001724243,1.022735834121704,1.085892915725708,0.9429095387458801,1.0961602926254272,1.0531080961227417,0.9220514297485352,0.5462572574615479,0.9039522409439087,0.8786026239395142,1.0750800371170044,0.9383224844932556,0.7742936611175537,0.9506409168243408,0.8553636074066162,0.8941815495491028,1.1173878908157349,1.2001615762710571,1.170562982559204,1.0615010261535645,1.0870676040649414,1.0980993509292603,1.0612071752548218,1.1707868576049805,1.0811699628829956,1.0092387199401855
fish,0.6417557001113892,0.0,0.5692942142486572,0.9277152419090271,0.9106976985931396,0.9686049818992615,0.9588286280632019,1.118021011352539,1.1231108903884888,1.3304742574691772,1.1678194999694824,0.9558374881744385,0.8523215055465698,0.7224271297454834,0.7985957860946655,1.12409508228302,0.7015249729156494,0.7962133884429932,1.0855395793914795,1.3151589632034302,1.13472580909729,1.1100082397460938,1.2509207725524902,1.2502703666687012,1.1749975681304932,1.3285531997680664,1.3388495445251465,1.2880263328552246,1.304640769958496,1.28165602684021,1.024741291999817,1.2611308097839355,0.6238613724708557,0.7292173504829407,0.712730348110199,0.8548064231872559,0.7304657101631165,0.7234248518943787,0.6468552350997925,0.6702563762664795,0.5604655146598816,0.6235593557357788,0.6316177248954773,0.9515751600265503,0.8125894069671631,0.734889566898346,1.1623387336730957,0.8251305818557739,1.0141396522521973,0.8350220918655396,0.7896937131881714,0.8226393461227417,0.6001982688903809,0.5597596764564514,0.519458532333374,0.9726483225822449,0.8555572032928467,0.7194130420684814,0.7283143997192383,0.9835814237594604,0.5534664988517761,1.241441011428833,1.0912134647369385,0.8283909559249878,0.8723458051681519,0.9295715093612671,0.8237346410751343,0.6632518768310547,0.9927432537078857,0.947542667388916,0.8148480653762817,1.118993878364563,1.2423499822616577,1.3051245212554932,1.0649460554122925,1.1141254901885986,0.9717082977294922,1.0497902631759644,0.695419430732727,0.9484947919845581,1.0151270627975464,1.0438026189804077,0.8677717447280884,1.0389325618743896,0.9773743748664856,1.103513479232788,0.9151579141616821,0.8932030200958252,0.892109215259552,1.2599962949752808,1.3395707607269287,1.2566856145858765,1.1626728773117065,1.2768654823303223,1.2877838611602783,1.2294946908950806,1.2518761157989502,1.2058894634246826,1.0688174962997437
frog,0.5038641095161438,0.5692942142486572,0.0,0.5820863246917725,0.8402835130691528,0.8851490020751953,0.7758171558380127,1.1415700912475586,1.1738301515579224,1.230665922164917,1.0930893421173096,1.0638481378555298,1.0602197647094727,1.0087535381317139,1.048575758934021,0.9877933859825134,0.9616845846176147,0.912312924861908,1.091780185699463,1.218430519104004,1.1274468898773193,1.129798173904419,1.2335340976715088,1.2042713165283203,1.1851171255111694,1.107722282409668,1.152450680732727,1.1332242488861084,1.1374332904815674,1.190596580505371,1.114797830581665,1.035783052444458,0.829788327217102,0.831121563911438,0.8848781585693359,0.9040051102638245,1.0009119510650635,1.0122040510177612,0.905436635017395,0.8922863006591797,0.9740768671035767,1.089735746383667,1.0809365510940552,1.0844054222106934,1.094655990600586,1.0434942245483398,1.058090090751648,0.912235677242279,0.6943458318710327,0.9332815408706665,0.9674415588378906,0.9943230152130127,0.9803239107131958,0.9784599542617798,0.9014167785644531,1.0110359191894531,0.8383892774581909,0.9959471225738525,1.0410305261611938,1.1948184967041016,1.0820258855819702,1.09684419631958,1.053883671760559,0.9030694961547852,1.037405252456665,0.9580336809158325,0.7567107677459717,0.8746947050094604,0.933364748954773,0.883186936378479,0.8746011257171631,1.085572600364685,1.026282548904419,1.0634968280792236,0.8565715551376343,0.9205970168113708,1.1094105243682861,0.9435549974441528,0.7765527963638306,0.5694946050643921,0.6132044792175293,0.9039398431777954,1.0043638944625854,1.0697170495986938,0.9037326574325562,1.0048413276672363,1.0156253576278687,0.9780083298683167,0.9656655192375183,1.1314811706542969,1.1893327236175537,1.0863430500030518,1.1653751134872437,1.2091777324676514,1.2167364358901978,1.2073633670806885,1.2253767251968384,1.2051467895507812,1.1485904455184937
alligator,0.6019072532653809,0.9277152419090271,0.5820863246917725,0.0,0.3607175350189209,0.5922757983207703,0.6256248950958252,0.9343938827514648,0.9426058530807495,0.784696638584137,1.0617904663085938,1.2980320453643799,1.3499432802200317,1.3886926174163818,1.3105244636535645,0.7719099521636963,1.0108627080917358,0.9810765981674194,0.7951719760894775,0.738567054271698,1.012757420539856,0.704010009765625,0.8538457155227661,0.9405738115310669,1.0238474607467651,0.6315116882324219,0.5601223111152649,0.7176474928855896,0.7381954789161682,0.7507317066192627,1.0642520189285278,0.5163512229919434,1.1785591840744019,1.2428181171417236,1.2233306169509888,1.1088255643844604,1.4219105243682861,1.375044584274292,1.3888039588928223,1.1950099468231201,1.4107296466827393,1.4802749156951904,1.4955275058746338,1.238826870918274,1.3285855054855347,1.3432576656341553,0.8497987389564514,1.100829005241394,0.7680056095123291,1.2376874685287476,1.2299330234527588,1.189560055732727,1.3232427835464478,1.3293405771255493,1.4233808517456055,0.7783059477806091,0.7722635269165039,1.3343489170074463,1.413811445236206,1.3033891916275024,1.3394086360931396,0.9735061526298523,1.2080421447753906,1.367445707321167,1.3419897556304932,1.213305115699768,1.0455347299575806,1.2341405153274536,0.6416068077087402,1.0275696516036987,1.1440825462341309,0.9225552082061768,0.9526782631874084,0.9216493964195251,0.9519073963165283,0.823783278465271,0.8229197859764099,0.9581608772277832,1.3098241090774536,1.0770316123962402,0.7397582530975342,0.6524239182472229,1.0468090772628784,1.0602720975875854,0.9655025005340576,0.9133915901184082,0.8734805583953857,0.9025901556015015,1.0661615133285522,0.5144367218017578,0.8058000802993774,0.7965371608734131,0.8619126677513123,0.7324094772338867,0.7826454639434814,0.8621692061424255,0.8253745436668396,0.8744999170303345,1.0480868816375732
owl,0.7899057865142822,0.9106976985931396,0.8402835130691528,0.3607175350189209,0.0,0.7645072937011719,0.8341516256332397,0.8430511355400085,0.8878035545349121,0.8881256580352783,1.032449722290039,1.2062852382659912,1.1753222942352295,1.1968052387237549,1.0708926916122437,0.9655727744102478,1.0489636659622192,0.9520316123962402,1.0229055881500244,1.0087480545043945,1.102419137954712,0.9086470603942871,1.0194060802459717,1.0312484502792358,1.0528326034545898,0.9556437134742737,0.793704628944397,0.9387792944908142,0.9869911670684814,0.9408915042877197,1.1202023029327393,0.7782076597213745,1.0497523546218872,1.0839331150054932,1.128889799118042,0.946455180644989,1.2187273502349854,1.1984554529190063,1.2310514450073242,1.0041635036468506,1.2299227714538574,1.2437329292297363,1.2727057933807373,1.1067191362380981,1.1386746168136597,1.1821523904800415,1.0943984985351562,1.0749547481536865,0.9885647892951965,1.169572353363037,1.156009316444397,1.1925396919250488,1.2406281232833862,1.2391328811645508,1.3125790357589722,0.9385023713111877,0.923436164855957,1.2091503143310547,1.2554590702056885,1.283142328262329,1.1684916019439697,1.0552359819412231,1.1962589025497437,1.2303996086120605,1.2392727136611938,1.2020487785339355,1.0602142810821533,1.071336269378662,0.5385540723800659,1.0333890914916992,1.0156406164169312,0.9334864616394043,1.1467909812927246,1.1424355506896973,1.0932414531707764,0.9623119235038757,0.8028212785720825,1.003371000289917,1.1703646183013916,1.1683427095413208,0.8728660345077515,0.5884393453598022,0.9277843236923218,0.9947256445884705,0.9596639275550842,1.0680807828903198,0.8805843591690063,0.8756299614906311,1.0461912155151367,0.6362370252609253,0.8177391290664673,0.7590379118919373,0.8153256177902222,0.8188993334770203,0.8405260443687439,0.8361548185348511,0.8374068737030029,0.9180173873901367,0.9919825196266174
cat,0.5824904441833496,0.9686049818992615,0.8851490020751953,0.5922757983207703,0.7645072937011719,0.0,0.060153305530548096,0.9391814470291138,0.9104856252670288,0.9598912596702576,1.0636341571807861,1.0982484817504883,1.0330344438552856,1.1734082698822021,1.0482892990112305,0.8584847450256348,0.9108049273490906,1.0097633600234985,0.9183464050292969,0.8828399181365967,1.0494073629379272,0.8730591535568237,0.9477996230125427,0.9487419128417969,0.9881114959716797,0.9061357975006104,0.8367807269096375,0.8644771575927734,0.9552090167999268,0.9186739921569824,1.0449745655059814,0.868829071521759,1.073463797569275,1.1031843423843384,1.1027371883392334,1.0384904146194458,1.1872586011886597,1.1336934566497803,1.1199672222137451,0.9760963916778564,1.0028196573257446,1.116186499595642,1.147627592086792,1.018990397453308,1.0995404720306396,1.2064193487167358,0.9000066518783569,0.958821177482605,1.0053050518035889,1.0862778425216675,1.0885895490646362,1.0631338357925415,1.0979105234146118,1.095973014831543,1.1798932552337646,0.946570873260498,0.9812616109848022,1.0728230476379395,1.1258840560913086,1.0257611274719238,1.0525206327438354,0.9896597862243652,1.0991110801696777,1.1904187202453613,1.1017919778823853,1.1119269132614136,1.0677186250686646,1.0771660804748535,0.9513003826141357,1.0480353832244873,1.0952963829040527,0.9716114401817322,1.0440682172775269,1.0327646732330322,1.058416724205017,1.0218111276626587,0.9322541356086731,1.07266366481781,1.1858974695205688,1.089393973350525,0.859785258769989,0.9110448360443115,0.9843205809593201,0.9908210635185242,0.8970412611961365,0.9043440818786621,0.9459572434425354,0.970178484916687,1.0443724393844604,0.7928557395935059,0.9163488149642944,0.9914853572845459,0.95639568567276,0.8801277279853821,0.9000605344772339,0.9350506663322449,0.8789864778518677,0.9153188467025757,0.9966376423835754
dog,0.48800426721572876,0.9588286280632019,0.7758171558380127,0.6256248950958252,0.8341516256332397,0.060153305530548096,0.0,0.9885683059692383,0.9621345400810242,1.0312060117721558,1.092511534690857,1.1087727546691895,1.0173101425170898,1.146220088005066,1.0443856716156006,0.7893326282501221,0.8879691362380981,0.9992143511772156,0.93003910779953,0.9295567274093628,1.0758002996444702,0.960129976272583,1.0130836963653564,0.9998164176940918,1.0179837942123413,0.9399087429046631,0.9171260595321655,0.9077397584915161,0.9914147853851318,1.0112452507019043,1.0822259187698364,0.9193702936172485,1.051519513130188,1.0762317180633545,1.0777919292449951,1.0269763469696045,1.1690759658813477,1.1261743307113647,1.1050513982772827,0.9272454977035522,0.9635209441184998,1.0806622505187988,1.135267734527588,0.9877430200576782,1.0767982006072998,1.2093961238861084,0.8620025515556335,0.8896070718765259,0.9597046971321106,1.0384236574172974,1.0618770122528076,1.0379695892333984,1.0741475820541382,1.0723097324371338,1.1321032047271729,0.96938157081604,0.9764278531074524,1.0147881507873535,1.0819422006607056,1.0165331363677979,1.0568557977676392,0.9934084415435791,1.0752050876617432,1.1441367864608765,1.0678378343582153,1.0834059715270996,1.0509147644042969,1.044256567955017,1.0139881372451782,1.0145037174224854,1.0547518730163574,0.985736072063446,1.0122278928756714,1.0416276454925537,1.0243934392929077,1.0351183414459229,1.0139153003692627,1.077392816543579,1.1488637924194336,0.959465742111206,0.7133980989456177,0.9327383041381836,0.9580010175704956,0.9742172360420227,0.8593180179595947,0.8691103458404541,0.9631562829017639,0.952244758605957,0.9996656179428101,0.8791384696960449,0.9764644503593445,1.032731533050537,0.984184205532074,0.9456006288528442,0.9586800336837769,0.9898829460144043,0.9398155212402344,0.959567129611969,1.0029271841049194
face,0.9944280982017517,1.118021011352539,1.1415700912475586,0.9343938827514648,0.8430511355400085,0.9391814470291138,0.9885683059692383,0.0,0.1419103741645813,0.6092557907104492,0.8790932893753052,1.0525729656219482,1.0900133848190308,0.9850121140480042,0.7947158217430115,1.0572583675384521,1.0420950651168823,1.0890777111053467,1.1650974750518799,1.0360181331634521,1.0906041860580444,0.8015384078025818,0.8383103609085083,0.9331966638565063,1.0240432024002075,1.0782369375228882,0.9180795550346375,0.9328718185424805,1.059889554977417,0.9610333442687988,1.1767780780792236,0.9807945489883423,1.1306833028793335,1.181649088859558,1.1793818473815918,1.1384307146072388,1.181203007698059,1.15532648563385,1.1937224864959717,0.8580718040466309,1.1808724403381348,1.0518395900726318,1.108015537261963,0.49624425172805786,0.7842288017272949,1.1476432085037231,1.0963486433029175,1.1666414737701416,1.1271625757217407,1.1595468521118164,1.1102060079574585,1.1710853576660156,1.1610336303710938,1.157745599746704,1.2260688543319702,0.9772933125495911,1.0537986755371094,1.1782976388931274,1.2329641580581665,1.2414562702178955,1.0789730548858643,1.268504023551941,1.2488079071044922,1.2625162601470947,1.2652426958084106,1.2692933082580566,1.1625343561172485,1.1830625534057617,0.9139688014984131,1.070043921470642,1.0456010103225708,0.7153830528259277,1.2285206317901611,1.2019472122192383,1.1696479320526123,1.0483098030090332,0.8215576410293579,0.9565272331237793,1.094412922859192,1.323488473892212,1.0515356063842773,0.8789596557617188,0.9267417788505554,1.0766847133636475,1.1193974018096924,1.1033343076705933,1.1265195608139038,1.2190260887145996,1.2548482418060303,0.9556653499603271,0.5497212409973145,0.4760991334915161,0.4485543370246887,0.44995546340942383,0.4727088212966919,0.37855851650238037,0.6878674626350403,0.7163407802581787,0.7782264947891235
hair,0.9369471669197083,1.1231108903884888,1.1738301515579224,0.9426058530807495,0.8878035545349121,0.9104856252670288,0.9621345400810242,0.1419103741645813,0.0,0.6019265055656433,0.8856903910636902,1.0539225339889526,1.0797446966171265,1.0287762880325317,0.825764536857605,1.041688323020935,1.0550315380096436,1.0383083820343018,1.1053552627563477,0.9907746911048889,1.0494626760482788,0.7615870833396912,0.7584564685821533,0.8976024985313416,1.0028630495071411,1.0489403009414673,0.9255759716033936,0.9205800294876099,1.0316791534423828,0.9637302160263062,1.1559765338897705,1.0218467712402344,1.1095952987670898,1.1917476654052734,1.1499525308609009,1.1345535516738892,1.1952385902404785,1.147406816482544,1.1818078756332397,0.7085174918174744,1.159144401550293,1.039361834526062,1.119856357574463,0.5096674561500549,0.7646784782409668,1.1448343992233276,1.0165315866470337,1.14085054397583,1.155400037765503,1.1949536800384521,1.1438804864883423,1.1839196681976318,1.136367917060852,1.133804202079773,1.2201111316680908,0.8441601991653442,0.9505246877670288,1.1652249097824097,1.227067470550537,1.194966197013855,1.0830910205841064,1.251747965812683,1.2521198987960815,1.2984669208526611,1.2644177675247192,1.2828892469406128,1.1768170595169067,1.1743391752243042,0.9259458780288696,1.0780431032180786,1.05070960521698,0.753485918045044,1.2321699857711792,1.1692911386489868,1.1742794513702393,1.0490179061889648,0.7905481457710266,0.9938423037528992,1.114534616470337,1.3521358966827393,1.047446846961975,0.8931245803833008,0.9307808876037598,1.0714023113250732,1.1432725191116333,1.0254764556884766,1.0991511344909668,1.1865856647491455,1.231580376625061,0.9602261185646057,0.5845834016799927,0.5345215797424316,0.4508378505706787,0.4941915273666382,0.4597088694572449,0.3822118043899536,0.690178394317627,0.6735158562660217,0.7244252562522888
arm,1.1523616313934326,1.3304742574691772,1.230665922164917,0.784696638584137,0.8881256580352783,0.9598912596702576,1.0312060117721558,0.6092557907104492,0.6019265055656433,0.0,0.5085010528564453,0.9384363889694214,1.1037259101867676,1.2704074382781982,1.1814769506454468,1.0553230047225952,1.2321765422821045,1.1978074312210083,1.0073118209838867,0.7639448642730713,1.0100525617599487,0.7750876545906067,0.7715665102005005,0.8346719741821289,0.9358605742454529,0.8536350131034851,0.636404275894165,0.721778929233551,0.7102054357528687,0.7445027828216553,1.0249828100204468,0.6719355583190918,1.291569709777832,1.3083302974700928,1.2785911560058594,1.2838685512542725,1.3488402366638184,1.334682822227478,1.3660694360733032,1.238003134727478,1.39317786693573,1.276665210723877,1.337967872619629,1.0464816093444824,1.0955302715301514,1.2214689254760742,1.0344536304473877,1.13865327835083,0.9617191553115845,1.1946263313293457,1.159792184829712,1.1184676885604858,1.2398602962493896,1.2761659622192383,1.3750375509262085,0.9756178259849548,1.047369360923767,1.3541350364685059,1.391343593597412,1.2718677520751953,1.2286746501922607,1.1448146104812622,1.2181199789047241,1.389372706413269,1.2876672744750977,1.1906018257141113,1.177564263343811,1.323404312133789,0.8465277552604675,1.0655566453933716,1.2173045873641968,0.8356804847717285,0.9897658228874207,0.9706041812896729,1.0126951932907104,0.7470264434814453,0.7950563430786133,0.7516051530838013,1.169464349746704,1.3208686113357544,1.0924654006958008,0.7354529500007629,0.8221240043640137,0.9288824796676636,1.1359821557998657,1.0692614316940308,1.0369013547897339,1.1795140504837036,1.2168701887130737,0.6784976124763489,0.29509562253952026,0.4224766492843628,0.5683425664901733,0.3751227855682373,0.33790159225463867,0.3533441424369812,0.4188315272331238,0.5370064377784729,0.7142396569252014
hand,1.1501275300979614,1.1678194999694824,1.0930893421173096,1.0617904663085938,1.032449722290039,1.0636341571807861,1.092511534690857,0.8790932893753052,0.8856903910636902,0.5085010528564453,0.0,0.3228757381439209,0.6406253576278687,0.9767937064170837,0.9195008873939514,1.200965404510498,1.227850079536438,1.2377991676330566,1.1651673316955566,1.1337122917175293,1.097347378730774,1.1441552639007568,1.1546764373779297,1.1645452976226807,1.1319811344146729,1.1597607135772705,1.0957865715026855,1.1038767099380493,0.9984530806541443,1.0570690631866455,1.0418319702148438,1.0302032232284546,1.1644840240478516,1.0918468236923218,1.1567140817642212,1.1702419519424438,1.1000769138336182,1.152773380279541,1.151497721672058,1.0797408819198608,1.0579172372817993,0.9747558832168579,1.0765522718429565,0.9787099957466125,0.9584885239601135,0.9232537746429443,1.2261544466018677,0.9907411336898804,0.8882865905761719,0.9526110887527466,0.91175377368927,0.9150890707969666,0.9865232110023499,1.0098626613616943,1.0389138460159302,1.1505075693130493,1.1643218994140625,1.2106821537017822,1.1676254272460938,1.1816726922988892,1.0191609859466553,1.1793478727340698,1.1148631572723389,1.1420875787734985,1.0798767805099487,0.9803260564804077,1.012592077255249,1.1037462949752808,0.8760842084884644,0.9435494542121887,1.0488908290863037,0.9398103356361389,1.020464301109314,1.092494249343872,0.9115691184997559,0.749848484992981,0.8743083477020264,0.591022789478302,0.7539622783660889,1.119291067123413,0.9960968494415283,0.6232009530067444,0.5686744451522827,0.7295420169830322,0.9190509915351868,1.111836552619934,1.1300350427627563,1.1130274534225464,1.0584163665771484,1.0497957468032837,0.6642599701881409,0.7129844427108765,0.8838378190994263,0.9750866889953613,0.9444804191589355,0.9030794501304626,0.8333408832550049,0.9597956538200378,0.9283426403999329
finger,1.0986459255218506,0.9558374881744385,1.0638481378555298,1.2980320453643799,1.2062852382659912,1.0982484817504883,1.1087727546691895,1.0525729656219482,1.0539225339889526,0.9384363889694214,0.3228757381439209,0.0,0.37389320135116577,0.6209574341773987,0.651543140411377,1.2990776300430298,1.1349351406097412,1.056342363357544,1.0987269878387451,1.2261178493499756,1.095542311668396,1.205146074295044,1.2137031555175781,1.224733591079712,1.1673929691314697,1.3017810583114624,1.272719144821167,1.1876795291900635,1.233231544494629,1.2442610263824463,1.0823192596435547,1.2642927169799805,0.9345442056655884,0.8410842418670654,0.8740333914756775,0.9684827327728271,0.7266017198562622,0.8174290060997009,0.7834632992744446,0.8475139141082764,0.6512985229492188,0.5944410562515259,0.5871783494949341,0.8343048095703125,0.7186284065246582,0.6675114631652832,1.242537498474121,0.9452016353607178,1.0430954694747925,0.8773202896118164,0.849334716796875,0.855309784412384,0.7219469547271729,0.7283927798271179,0.6711322069168091,1.1508654356002808,1.1647440195083618,0.9730892777442932,0.8501731157302856,0.9573207497596741,0.7382005453109741,1.1696531772613525,1.0905137062072754,0.8879866600036621,0.8910288214683533,0.9565869569778442,0.9261631965637207,0.860657811164856,1.0285184383392334,0.9821463823318481,1.0340850353240967,1.1244088411331177,1.2046176195144653,1.1737394332885742,0.9735665321350098,0.9539415240287781,1.0872985124588013,0.8474292159080505,0.6344180703163147,1.036271572113037,1.0911754369735718,0.8508681058883667,0.6888973712921143,0.7086590528488159,0.9052500128746033,1.1503517627716064,1.0182701349258423,0.9958030581474304,0.9224544763565063,1.225633144378662,1.0673284530639648,1.1097614765167236,1.1285138130187988,1.2623090744018555,1.2498624324798584,1.2125303745269775,1.1267402172088623,1.1940419673919678,1.0622961521148682
toe,1.038883090019226,0.8523215055465698,1.0602197647094727,1.3499432802200317,1.1753222942352295,1.0330344438552856,1.0173101425170898,1.0900133848190308,1.0797446966171265,1.1037259101867676,0.6406253576278687,0.37389320135116577,0.0,0.6189271211624146,0.6076323986053467,1.2526062726974487,1.11637282371521,1.0522384643554688,1.1641037464141846,1.2828171253204346,1.1162337064743042,1.2776105403900146,1.2882766723632812,1.2503159046173096,1.1599621772766113,1.333204984664917,1.308945655822754,1.2484259605407715,1.3083175420761108,1.3287179470062256,1.1995022296905518,1.3216856718063354,0.8696826696395874,0.7887132167816162,0.8776555061340332,0.9226751923561096,0.6860347986221313,0.7692621946334839,0.7370485067367554,0.7428350448608398,0.37080609798431396,0.5182089805603027,0.5026421546936035,0.8342695832252502,0.6850383877754211,0.654033899307251,1.2548434734344482,0.933814525604248,1.1298283338546753,0.8982030153274536,0.9198882579803467,0.9240527153015137,0.7247064113616943,0.7231845259666443,0.6541215777397156,1.1968847513198853,1.2231168746948242,0.8906534910202026,0.8067997694015503,0.9430146217346191,0.6912188529968262,1.1833001375198364,1.119594931602478,0.8773394227027893,0.9091895222663879,1.0169100761413574,0.9698153734207153,0.8113078474998474,1.0790716409683228,1.0450104475021362,0.9825476408004761,1.212965726852417,1.259263515472412,1.2422089576721191,1.0382335186004639,1.065983533859253,1.132729411125183,1.0382778644561768,0.6964996457099915,0.9895427823066711,1.0078703165054321,0.7933609485626221,0.5968842506408691,0.44613802433013916,0.6166362166404724,1.1996124982833862,0.9982613921165466,0.9971884489059448,0.9485066533088684,1.2473618984222412,1.0805233716964722,1.162886381149292,1.1772035360336304,1.3067736625671387,1.2762255668640137,1.2078113555908203,1.0550568103790283,1.1461517810821533,0.958091676235199
tooth,0.9847462773323059,0.7224271297454834,1.0087535381317139,1.3886926174163818,1.1968052387237549,1.1734082698822021,1.146220088005066,0.9850121140480042,1.0287762880325317,1.2704074382781982,0.9767937064170837,0.6209574341773987,0.6189271211624146,0.0,0.4073280096054077,1.235670804977417,0.9551454782485962,0.9625236988067627,1.133811354637146,1.311328411102295,1.0680571794509888,1.2391796112060547,1.2442638874053955,1.2209727764129639,1.1398279666900635,1.3338595628738403,1.4004435539245605,1.2774821519851685,1.3221997022628784,1.3377361297607422,1.0873908996582031,1.4117951393127441,0.7688152194023132,0.7924553155899048,0.8290755748748779,0.8818008899688721,0.6077774167060852,0.6741535067558289,0.6007307171821594,0.6834313869476318,0.4375365972518921,0.3556146025657654,0.3152490258216858,0.6568121910095215,0.4758960008621216,0.657680869102478,1.2353483438491821,0.9291746020317078,1.1620447635650635,0.8348389863967896,0.7867789268493652,0.8493989706039429,0.5919238328933716,0.5653356313705444,0.4943256974220276,1.1424788236618042,1.094326138496399,0.7655705809593201,0.6820752024650574,0.8857770562171936,0.58345627784729,1.1612931489944458,1.0919451713562012,0.7894371747970581,0.7994787096977234,0.9546526670455933,0.9026628732681274,0.6985786557197571,1.1142865419387817,0.9616111516952515,0.8127340078353882,1.1138699054718018,1.2247247695922852,1.2448855638504028,1.0477502346038818,1.122144341468811,1.0602861642837524,1.0266355276107788,0.5357078909873962,0.9682921171188354,1.11720871925354,1.1603262424468994,0.8791555762290955,1.002089023590088,1.012476921081543,1.1746668815612793,1.067440390586853,1.0249332189559937,0.9530847668647766,1.392467975616455,1.2892048358917236,1.213805913925171,1.0920491218566895,1.3198928833007812,1.2951260805130005,1.220525860786438,1.25719153881073,1.2177278995513916,1.0667492151260376
nose,0.9465551972389221,0.7985957860946655,1.048575758934021,1.3105244636535645,1.0708926916122437,1.0482892990112305,1.0443856716156006,0.7947158217430115,0.825764536857605,1.1814769506454468,0.9195008873939514,0.651543140411377,0.6076323986053467,0.4073280096054077,0.0,1.2029670476913452,0.9891974925994873,0.9258151650428772,1.164360523223877,1.2972819805145264,1.0788323879241943,1.1492555141448975,1.1548024415969849,1.190459132194519,1.1264488697052002,1.3368817567825317,1.359268069267273,1.2599003314971924,1.3241243362426758,1.289496898651123,1.0915311574935913,1.399993658065796,0.7861709594726562,0.7796732783317566,0.8407086133956909,0.903409481048584,0.6560320854187012,0.7359052300453186,0.712530791759491,0.6122213006019592,0.5473079681396484,0.4973134994506836,0.49035346508026123,0.5473763346672058,0.5146594643592834,0.7301692962646484,1.214599370956421,0.9533339142799377,1.2189661264419556,0.9356062412261963,0.9170222878456116,0.9726266860961914,0.8066883087158203,0.7722662091255188,0.7518190145492554,1.1012003421783447,1.1043176651000977,0.9307938814163208,0.8557788133621216,0.9651005268096924,0.7035613656044006,1.2393606901168823,1.162736177444458,0.9158846735954285,0.929253339767456,1.0222514867782593,1.0203412771224976,0.7810453176498413,1.0793383121490479,1.0319747924804688,0.9178974032402039,1.0336686372756958,1.263948678970337,1.263163685798645,1.1607177257537842,1.1789820194244385,1.0260233879089355,1.1101254224777222,0.7134637236595154,1.103597640991211,1.0655096769332886,1.0260342359542847,0.8528458476066589,0.9698842763900757,1.0200672149658203,1.148017406463623,1.0609251260757446,1.0554314851760864,1.0229004621505737,1.3088490962982178,1.2078523635864258,1.152169942855835,1.0022447109222412,1.210519790649414,1.188796043395996,1.1058156490325928,1.1779060363769531,1.1383308172225952,0.9962643384933472
stroller,0.8626757860183716,1.12409508228302,0.9877933859825134,0.7719099521636963,0.9655727744102478,0.8584847450256348,0.7893326282501221,1.0572583675384521,1.041688323020935,1.0553230047225952,1.200965404510498,1.2990776300430298,1.2526062726974487,1.235670804977417,1.2029670476913452,0.0,0.6658908128738403,1.065649151802063,0.6695767641067505,0.6972800493240356,0.963363766670227,0.8607175350189209,0.7988948822021484,0.8637844324111938,0.8937147259712219,0.5876381993293762,0.7627342939376831,0.783249020576477,0.8183488249778748,0.9101296067237854,1.0910943746566772,0.6987102627754211,1.2001757621765137,1.1836940050125122,1.1969233751296997,1.1543524265289307,1.3581287860870361,1.2585511207580566,1.30027174949646,1.1314549446105957,1.2042274475097656,1.269099235534668,1.3171930313110352,1.1464979648590088,1.2814974784851074,1.2227295637130737,0.46553194522857666,1.058322548866272,0.867492139339447,1.2287731170654297,1.2241450548171997,1.221182107925415,1.2616729736328125,1.2477952241897583,1.2298176288604736,0.923721194267273,1.0049006938934326,1.0581172704696655,1.227949857711792,0.9089895486831665,1.164731502532959,0.7952988147735596,0.913252055644989,1.191481113433838,1.2467132806777954,1.190650463104248,1.1015968322753906,1.2823492288589478,1.0495507717132568,1.1255260705947876,1.1019566059112549,0.9740217328071594,0.8946678638458252,0.8603395819664001,1.0050795078277588,1.06525456905365,0.8508827686309814,1.0585089921951294,1.1347808837890625,0.7957210540771484,0.7473256587982178,0.9901333451271057,0.9911574125289917,1.0423827171325684,0.8591632843017578,0.6909287571907043,0.9811108708381653,0.9331520199775696,1.0245896577835083,0.797986626625061,0.9425387978553772,1.0168633460998535,0.8805537223815918,0.8216685652732849,0.8760766983032227,0.914506196975708,0.829986572265625,0.8017532825469971,0.8762161731719971
car,0.7861102819442749,0.7015249729156494,0.9616845846176147,1.0108627080917358,1.0489636659622192,0.9108049273490906,0.8879691362380981,1.0420950651168823,1.0550315380096436,1.2321765422821045,1.227850079536438,1.1349351406097412,1.11637282371521,0.9551454782485962,0.9891974925994873,0.6658908128738403,0.0,0.9434942007064819,0.8988421559333801,0.9287980198860168,0.9757072925567627,0.8308679461479187,0.9001519680023193,0.9374510049819946,0.9300311207771301,1.008504867553711,1.0702626705169678,0.9952633380889893,1.0903980731964111,1.0334177017211914,0.9145123958587646,1.0538136959075928,0.8946784138679504,1.0597416162490845,1.046681523323059,1.1003925800323486,1.1126561164855957,1.0568467378616333,1.0177710056304932,0.8644065856933594,0.8683322072029114,0.867318332195282,0.9452152252197266,0.96843022108078,1.0167179107666016,1.0695819854736328,0.7725925445556641,0.9786981344223022,1.0770409107208252,1.0261367559432983,0.9522940516471863,0.963087797164917,0.8976529836654663,0.8515712022781372,0.8448596000671387,0.8587371706962585,0.8986753821372986,0.7085261344909668,0.845221996307373,0.7575730085372925,0.7582868337631226,0.9596384167671204,0.9008067846298218,0.9409330487251282,0.9900351762771606,1.0297932624816895,1.0419949293136597,0.9928850531578064,1.1151528358459473,0.9992610216140747,0.8789135813713074,0.9788439273834229,1.0008357763290405,0.9717123508453369,0.9366505146026611,1.0972949266433716,0.8570595979690552,1.1389133930206299,0.9167228937149048,0.9279181957244873,0.9868118166923523,1.230043888092041,1.024992823600769,1.1721782684326172,0.9931427836418152,0.8284060955047607,0.8971507549285889,0.8845682740211487,0.92119300365448,1.0811923742294312,1.2523183822631836,1.236248254776001,1.0498672723770142,1.0544582605361938,1.1005539894104004,1.076371431350708,1.1095092296600342,1.0094313621520996,0.9508481621742249
lamp,0.821666955947876,0.7962133884429932,0.912312924861908,0.9810765981674194,0.9520316123962402,1.0097633600234985,0.9992143511772156,1.0890777111053467,1.0383083820343018,1.1978074312210083,1.2377991676330566,1.056342363357544,1.0522384643554688,0.9625236988067627,0.9258151650428772,1.065649151802063,0.9434942007064819,0.0,0.7999595999717712,1.0010589361190796,0.9237539768218994,0.8645557165145874,0.8668409585952759,0.9741086363792419,0.9873550534248352,1.0318920612335205,1.0802521705627441,1.0244332551956177,1.0020256042480469,0.9827503561973572,0.8227628469467163,1.083050012588501,0.5690877437591553,0.7629740834236145,0.5616623163223267,0.8895642757415771,0.8313002586364746,0.882912814617157,0.8734879493713379,0.7926933169364929,0.8756946921348572,0.8817023634910583,0.8540278077125549,0.9641947746276855,0.9432193636894226,1.0473254919052124,0.762249231338501,0.7292910814285278,0.9007006883621216,0.751520574092865,0.7812352776527405,0.7893218994140625,0.7086337804794312,0.7355789542198181,0.8209066390991211,0.8004016280174255,0.7001103758811951,0.7351940870285034,0.7313570976257324,0.8670810461044312,0.9472895264625549,1.0436064004898071,0.9243077039718628,0.748170018196106,0.7661835551261902,0.8131192922592163,0.977785587310791,0.9327898621559143,1.1295063495635986,1.0179790258407593,1.0567071437835693,0.9031740427017212,0.9845092296600342,0.9815073013305664,0.9939006567001343,1.00802743434906,1.0551121234893799,1.058570146560669,1.0225639343261719,0.9628438949584961,1.0616755485534668,1.2159702777862549,1.2061893939971924,1.0948518514633179,1.0723909139633179,0.9768301844596863,0.8990654945373535,0.9115381240844727,0.8725042343139648,1.1396816968917847,1.2731125354766846,1.267148494720459,1.1841601133346558,1.1367162466049194,1.1026254892349243,1.1382001638412476,1.2266860008239746,1.1687874794006348,1.1331121921539307
chair,0.964153528213501,1.0855395793914795,1.091780185699463,0.7951719760894775,1.0229055881500244,0.9183464050292969,0.93003910779953,1.1650974750518799,1.1053552627563477,1.0073118209838867,1.1651673316955566,1.0987269878387451,1.1641037464141846,1.133811354637146,1.164360523223877,0.6695767641067505,0.8988421559333801,0.7999595999717712,0.0,0.39018166065216064,0.795225977897644,0.7682017087936401,0.7145252227783203,0.7970601916313171,0.8716120719909668,0.5710344910621643,0.6577966213226318,0.6432246565818787,0.42032402753829956,0.7264738082885742,0.7422924041748047,0.5874831080436707,1.0645160675048828,1.0988255739212036,0.935039222240448,1.093611717224121,1.1322996616363525,1.1040607690811157,1.1197201013565063,1.0544719696044922,1.1007057428359985,1.1311990022659302,1.1209205389022827,1.1059238910675049,1.135270357131958,1.1055957078933716,0.5385082364082336,0.9188319444656372,0.9547806978225708,1.0403352975845337,1.0388884544372559,1.0139007568359375,1.0625919103622437,1.0729925632476807,1.097826600074768,0.7757574915885925,0.8602985739707947,0.986003041267395,0.9860960841178894,0.7518674731254578,1.045857310295105,0.8397542238235474,0.9323751330375671,1.0009578466415405,0.9583753943443298,0.8959920406341553,1.0468538999557495,1.108945608139038,1.1362159252166748,1.0591886043548584,1.1708652973175049,0.93040931224823,0.7997139692306519,0.7735980153083801,0.8868823051452637,0.9048283100128174,0.988865077495575,1.1254147291183472,1.2274038791656494,1.0316344499588013,1.006592869758606,1.1204923391342163,1.1482288837432861,1.0352935791015625,0.9895243048667908,0.7828085422515869,0.7574329376220703,0.8323869705200195,0.8698683381080627,0.7517836689949036,1.0522394180297852,1.072199821472168,1.0253204107284546,0.9362059831619263,0.9166655540466309,1.0041234493255615,0.9515237808227539,0.9192792773246765,0.9827136993408203
bench,1.1345089673995972,1.3151589632034302,1.218430519104004,0.738567054271698,1.0087480545043945,0.8828399181365967,0.9295567274093628,1.0360181331634521,0.9907746911048889,0.7639448642730713,1.1337122917175293,1.2261178493499756,1.2828171253204346,1.311328411102295,1.2972819805145264,0.6972800493240356,0.9287980198860168,1.0010589361190796,0.39018166065216064,0.0,0.7123197317123413,0.5835633873939514,0.48932671546936035,0.6682734489440918,0.7821125388145447,0.40833717584609985,0.23671364784240723,0.2371530532836914,0.30477195978164673,0.5206905007362366,0.8724568486213684,0.5244187116622925,1.218057632446289,1.260105013847351,1.19426691532135,1.194709300994873,1.3398903608322144,1.2832471132278442,1.3279377222061157,1.3167264461517334,1.3414971828460693,1.331262469291687,1.308968424797058,1.1987063884735107,1.2613575458526611,1.275414228439331,0.5783408284187317,1.2392637729644775,0.9867424368858337,1.260390281677246,1.234738826751709,1.1696736812591553,1.246830701828003,1.2499678134918213,1.3320317268371582,0.7287291288375854,0.8755775094032288,1.2499687671661377,1.2499935626983643,0.8940514326095581,1.2183847427368164,0.8187385201454163,1.0699732303619385,1.2289605140686035,1.201465368270874,1.1031147241592407,1.2156901359558105,1.3651684522628784,1.0576672554016113,1.1578882932662964,1.2952513694763184,0.9532870054244995,0.7354269027709961,0.5916606187820435,0.853192150592804,0.8202751874923706,0.9031458497047424,1.1059176921844482,1.3285843133926392,1.133204460144043,1.0284205675125122,1.0992321968078613,1.2277257442474365,1.0899138450622559,1.0840413570404053,0.8354131579399109,0.7158106565475464,0.9707817435264587,1.0630680322647095,0.43700307607650757,0.7393203377723694,0.8886252045631409,0.8960499167442322,0.6721692085266113,0.6592123508453369,0.7926928400993347,0.6592885851860046,0.6925362348556519,0.9022212624549866
drawer,1.1017969846725464,1.13472580909729,1.1274468898773193,1.012757420539856,1.102419137954712,1.0494073629379272,1.0758002996444702,1.0906041860580444,1.0494626760482788,1.0100525617599487,1.097347378730774,1.095542311668396,1.1162337064743042,1.0680571794509888,1.0788323879241943,0.963363766670227,0.9757072925567627,0.9237539768218994,0.795225977897644,0.7123197317123413,0.0,0.8743407130241394,0.6370132565498352,0.5392261147499084,0.49694550037384033,0.6852129697799683,0.8433013558387756,0.8846797943115234,0.8597947359085083,0.6154020428657532,0.7246683835983276,0.937934935092926,0.9892202019691467,1.0988264083862305,1.0639572143554688,1.0634210109710693,1.1424473524093628,1.0941470861434937,1.1150249242782593,1.1602940559387207,1.1136285066604614,1.0761692523956299,1.074710726737976,1.0908100605010986,1.0738353729248047,1.103256106376648,0.7817500233650208,1.0662012100219727,0.9840599298477173,1.095787525177002,1.067828893661499,0.9974738359451294,0.9904149174690247,0.9944860339164734,1.075570821762085,0.9268181324005127,0.9203384518623352,1.0100796222686768,1.0448743104934692,0.7584426403045654,1.0523098707199097,0.8412018418312073,0.924730658531189,1.0602883100509644,1.0804542303085327,1.0594159364700317,1.0803706645965576,1.1641790866851807,1.055405855178833,1.088148593902588,1.1422324180603027,1.0439167022705078,0.9189024567604065,0.675904393196106,0.9822196364402771,0.9093038439750671,0.9674444794654846,1.050315022468567,1.1755914688110352,1.0934739112854004,1.0664126873016357,1.1718721389770508,1.1837074756622314,1.0860867500305176,1.0586624145507812,0.9683443307876587,0.9903977513313293,0.9354466795921326,0.9767771363258362,0.9744982123374939,1.0340664386749268,1.1368045806884766,1.0863773822784424,0.9902756214141846,0.994829535484314,1.0573698282241821,0.9429721832275391,0.8351939916610718,0.9298869967460632
