,rooster,fish,frog,alligator,owl,cat,dog,face,hair,arm,hand,finger,toe,tooth,nose,stroller,car,lamp,chair,bench,drawer,window,door,refrigerator,oven,crib,bed,couch,table,bathtub,sink,slide,clock,ball,balloon,pumpkin,egg,orange,apple,hat,slipper,watch,nail,glasses,necklace,carrot,vacuum,shovel,scissors,spoon,fork,knife,pencil,pen,crayon,plant,flower,bottle,cup,can,belt,basket,bucket,tape,bowl,plate,banana,bread,cracker,pizza,hamburger,glass,tray,box,book,paper,comb,toothbrush,gum,toy,doll,mitten,glove,sock,shoe,purse,pillow,towel,napkin,blanket,pajamas,bib,scarf,jacket,sweater,shirt,jeans,pants,shorts
rooster,0.0,0.8463349938392639,0.6435070037841797,0.5487710237503052,0.7813931107521057,0.583296537399292,0.5810105204582214,0.8425657153129578,0.7851923704147339,1.0236215591430664,0.8489581346511841,0.9036229252815247,0.8637943863868713,0.8541936874389648,0.8752214908599854,0.858322024345398,0.7012200951576233,0.9329448938369751,0.9584960341453552,0.915763258934021,1.0889723300933838,0.9829069375991821,0.9532668590545654,0.9686533808708191,0.9388246536254883,0.9714654684066772,0.971882700920105,0.9962009191513062,1.0101410150527954,1.0947030782699585,1.0517845153808594,0.9727723598480225,1.0062850713729858,0.8809317350387573,0.9390855431556702,0.9018611907958984,1.1032023429870605,0.9702364802360535,0.8091676831245422,0.7636963725090027,0.8488172292709351,0.9683248996734619,0.9277154207229614,0.9013453722000122,0.9647985100746155,0.6919121742248535,0.783270001411438,0.954332709312439,0.8963958024978638,1.016209602355957,0.8153024315834045,0.9085018038749695,0.9654598236083984,0.8908346891403198,0.8402903079986572,0.7453510761260986,0.6524590253829956,0.8146107792854309,0.856640100479126,0.9579717516899109,0.8408118486404419,1.0071187019348145,0.9541610479354858,0.9653710126876831,1.0384712219238281,0.9747782945632935,0.8996084928512573,0.9377373456954956,0.9273161292076111,0.8981125354766846,0.8231648802757263,0.9218055009841919,1.0459494590759277,0.9105450510978699,0.7976059913635254,0.8538551330566406,0.8079279661178589,0.8942512273788452,0.7885916829109192,0.8631244897842407,0.6246843934059143,0.7298343777656555,0.6783018112182617,0.899658203125,0.7740993499755859,0.7725684642791748,0.849266767501831,0.6465409994125366,0.9088152647018433,0.9427778124809265,0.8571360111236572,0.8134499788284302,0.7376316785812378,0.8460241556167603,0.8653045892715454,0.8941671848297119,0.8896082639694214,0.7450965046882629,0.7490409016609192
fish,0.8463349938392639,0.0,0.7623465061187744,0.8445591926574707,1.0545333623886108,0.9706271290779114,0.9301822185516357,1.0022468566894531,0.9606618285179138,1.1821517944335938,1.088269829750061,0.8580664396286011,0.8030563592910767,0.8778073787689209,0.7405797839164734,1.0480152368545532,0.9078882336616516,0.6404440402984619,1.0886856317520142,1.2027268409729004,1.010938286781311,1.1115097999572754,1.123067855834961,1.178505778312683,1.1034594774246216,1.1766397953033447,1.1996511220932007,1.1299269199371338,1.2384980916976929,1.1397621631622314,1.0074270963668823,1.1507551670074463,0.5051311254501343,1.0193171501159668,0.9175084233283997,0.7992986440658569,0.8071244359016418,0.9464679956436157,0.7030512094497681,0.5773845314979553,0.5839376449584961,0.6657429933547974,0.5798457860946655,0.6388922929763794,0.8712446689605713,0.9004415273666382,0.9416989088058472,1.1126230955123901,1.0976051092147827,1.0041998624801636,0.8095548748970032,1.0319286584854126,0.7996964454650879,0.5643310546875,0.5203549861907959,0.5750613808631897,0.6319690346717834,0.6367072463035583,0.6628063917160034,0.803528904914856,0.9001365303993225,1.053031325340271,1.050690770149231,0.6820650100708008,0.7963349223136902,0.8742949962615967,0.9393036365509033,0.9824840426445007,1.0929673910140991,1.171313762664795,0.68421870470047,1.074018120765686,1.260007381439209,1.207661747932434,1.0385117530822754,1.15596604347229,0.9705187678337097,1.1575427055358887,0.9442058801651001,0.9752174615859985,1.0843232870101929,1.134689211845398,0.9934858083724976,1.0587154626846313,1.0135189294815063,1.069211483001709,0.9612954258918762,0.7680122256278992,0.8779147267341614,1.2286856174468994,1.1499265432357788,1.179701805114746,1.052443027496338,1.1443449258804321,1.1196423768997192,1.0996274948120117,1.1725317239761353,1.081362009048462,1.0454357862472534
frog,0.6435070037841797,0.7623465061187744,0.0,0.4455745816230774,0.9218900799751282,0.9734550714492798,0.9336429238319397,1.0136953592300415,1.0228923559188843,1.081827998161316,0.8198783993721008,0.8823336958885193,0.9174617528915405,0.8625273108482361,0.8777549266815186,1.0418299436569214,0.8847945928573608,0.9696063995361328,1.0737769603729248,1.0537141561508179,1.1096019744873047,1.0974183082580566,1.1167609691619873,1.2186813354492188,1.1648588180541992,1.186308741569519,0.9463015198707581,1.0624406337738037,0.9102934002876282,1.0737223625183105,1.0340789556503296,0.7931545972824097,0.9172723889350891,0.7545835971832275,0.9046204090118408,0.9171282649040222,0.8632813692092896,0.8473953604698181,0.6673668026924133,0.7861686944961548,0.8763560056686401,1.0447295904159546,0.935314953327179,0.9919705390930176,0.9605780839920044,0.8082485198974609,1.0408036708831787,1.0151234865188599,0.7482427358627319,0.9199377298355103,0.7883464097976685,0.8705101609230042,0.968586802482605,0.8535014390945435,0.7942702174186707,0.8324767351150513,0.737541913986206,0.9042006731033325,0.8418710231781006,1.0764373540878296,0.9977659583091736,1.0387126207351685,0.9313039779663086,0.8623147010803223,0.8552807569503784,0.7739971876144409,0.7136802673339844,0.9366410970687866,0.8891371488571167,0.8082895874977112,0.9959284067153931,0.9398519992828369,0.8778484463691711,0.9792118668556213,0.7324830293655396,0.8065201640129089,0.9124710559844971,0.801163375377655,0.6954312324523926,0.5430774688720703,0.6809836030006409,0.6804749965667725,0.7031592130661011,0.9334635734558105,0.7911455631256104,0.9609847068786621,1.010877251625061,0.905670166015625,0.9327861666679382,0.9305300116539001,0.9444521069526672,0.8617734313011169,1.007743000984192,0.9644063115119934,1.0102653503417969,1.0476083755493164,0.947492241859436,1.0511587858200073,1.0754538774490356
alligator,0.5487710237503052,0.8445591926574707,0.4455745816230774,0.0,0.8032048344612122,0.7867462635040283,0.7585738897323608,0.9153323173522949,0.8216738700866699,0.9488648176193237,0.8607842922210693,0.9929224252700806,1.0137939453125,0.9500946402549744,1.1057924032211304,0.895948052406311,0.7772895693778992,0.9275989532470703,0.915113091468811,0.899350106716156,1.0517669916152954,0.9388880729675293,0.878753125667572,0.9331603050231934,0.9506918787956238,0.8861163854598999,0.8508347272872925,0.9098613858222961,0.8605437278747559,0.8755286335945129,0.9930123686790466,0.8120403289794922,1.0633269548416138,0.9295529723167419,1.0012649297714233,1.0139762163162231,1.0708599090576172,0.9866909980773926,0.8563348054885864,0.9739530682563782,1.0601176023483276,1.1838513612747192,1.0952775478363037,1.0939216613769531,1.1293424367904663,0.8439517617225647,0.7512774467468262,0.8647275567054749,0.7618098258972168,0.8652945756912231,0.7907481789588928,0.7850077152252197,1.0290957689285278,1.0080821514129639,0.9779669046401978,0.8278182148933411,0.8253786563873291,0.9703781604766846,1.0001243352890015,1.0667483806610107,1.0911520719528198,1.031694769859314,0.9871698617935181,1.0821442604064941,1.0557175874710083,0.9820111989974976,0.8319376111030579,1.0191112756729126,0.9501813650131226,0.8026111125946045,1.0540685653686523,0.8868846297264099,0.8893264532089233,0.8850994110107422,0.7875488996505737,0.757940948009491,0.8235471248626709,0.7597070336341858,0.8463722467422485,0.8353228569030762,0.6823201179504395,0.6714073419570923,0.7425241470336914,0.9517994523048401,0.8550565838813782,0.8656865358352661,0.9219256639480591,0.7663071155548096,0.8286807537078857,0.8355798125267029,0.8571195006370544,0.8135738372802734,0.8234790563583374,0.7194395065307617,0.837644636631012,0.8830159902572632,0.8531790375709534,0.8886657357215881,0.9277182817459106
owl,0.7813931107521057,1.0545333623886108,0.9218900799751282,0.8032048344612122,0.0,0.6419926881790161,0.870246410369873,0.7259089946746826,0.7285724878311157,0.6677796840667725,0.7750062942504883,1.0492061376571655,0.9579175114631653,1.0296292304992676,1.164926528930664,0.8990803360939026,0.8303288817405701,1.0617097616195679,0.9233803153038025,0.9019677639007568,1.0635126829147339,0.9149258136749268,0.9083386659622192,0.8544025421142578,0.8540201783180237,0.8539590835571289,0.7478830814361572,0.8832579851150513,0.8136498928070068,0.8726866245269775,0.9424171447753906,0.9263490438461304,1.151313066482544,1.0156620740890503,1.0812002420425415,1.0797275304794312,1.165781855583191,1.031437635421753,1.0118097066879272,0.9925531148910522,1.1523377895355225,1.1373398303985596,1.1545524597167969,1.1141893863677979,1.0071989297866821,0.8060356378555298,0.8988375663757324,0.8001315593719482,1.0160597562789917,1.0794235467910767,1.0274865627288818,0.8788906335830688,1.1003758907318115,1.1175501346588135,1.190241813659668,0.90902179479599,0.869798481464386,1.0560524463653564,1.1134394407272339,1.082238793373108,0.8963974714279175,1.1127595901489258,1.008079171180725,1.1743563413619995,1.124509572982788,1.0301344394683838,1.0027655363082886,0.9441630840301514,0.9989380240440369,0.5820246338844299,0.9884893894195557,0.8108965754508972,0.9243064522743225,0.9508920907974243,0.998281717300415,0.8789698481559753,0.9029815793037415,0.7946365475654602,1.0064125061035156,1.0702471733093262,0.6954583525657654,0.6637085676193237,0.7468217611312866,0.9139330387115479,0.9387639164924622,0.7359000444412231,0.9072554707527161,0.7587571144104004,0.957862377166748,0.5998646020889282,0.4676700830459595,0.4993740916252136,0.6238396167755127,0.6387105584144592,0.6403074860572815,0.6410362124443054,0.5948805809020996,0.5331660509109497,0.6184408664703369
cat,0.583296537399292,0.9706271290779114,0.9734550714492798,0.7867462635040283,0.6419926881790161,0.0,0.30674195289611816,0.7958255410194397,0.6484004259109497,0.7863508462905884,0.8079763650894165,0.9712610840797424,0.8481852412223816,0.8891763687133789,0.9345412254333496,0.8896090388298035,0.8033589124679565,1.0071039199829102,0.8566964268684387,0.9179023504257202,1.0793484449386597,0.853713870048523,0.9246703386306763,0.9170684814453125,0.9227210879325867,0.8655641078948975,0.7825604677200317,0.7626742124557495,0.9949546456336975,0.9773504734039307,1.042193055152893,1.0674059391021729,1.134087085723877,1.0472644567489624,1.1100842952728271,1.1295526027679443,1.1935758590698242,1.1184966564178467,1.02394437789917,0.9202054738998413,0.8532087802886963,1.0156859159469604,1.0971301794052124,0.9432597160339355,0.9682943820953369,0.9034317135810852,0.8964019417762756,0.8673709630966187,1.08454430103302,1.0936533212661743,0.9732775688171387,0.9046781659126282,1.0759615898132324,1.0599943399429321,1.184478521347046,0.7765416502952576,0.8290380239486694,1.0038549900054932,1.0943188667297363,0.995899498462677,0.8862957954406738,1.1400783061981201,1.122946858406067,1.1426267623901367,1.1612353324890137,1.0833832025527954,1.0504313707351685,0.98072350025177,1.0350804328918457,0.7302833199501038,0.9245891571044922,0.9348407983779907,1.0955973863601685,1.0428390502929688,1.0414681434631348,0.972158670425415,0.8442626595497131,0.9106517434120178,1.0322333574295044,1.1443781852722168,0.6624054908752441,0.7272018194198608,0.7106208205223083,0.8525596261024475,0.7690277695655823,0.6637880206108093,0.45529282093048096,0.7371450662612915,0.8636209964752197,0.6823710203170776,0.7002983093261719,0.7059195041656494,0.6590152978897095,0.7199913263320923,0.8100034594535828,0.75933837890625,0.7517696619033813,0.7208982110023499,0.7278029322624207
dog,0.5810105204582214,0.9301822185516357,0.9336429238319397,0.7585738897323608,0.870246410369873,0.30674195289611816,0.0,0.9066436290740967,0.8118508458137512,0.9673810601234436,1.0047383308410645,1.0908701419830322,0.9837594628334045,0.9410615563392639,0.9954139590263367,0.8770307898521423,0.8055095672607422,0.9989448189735413,0.9165100455284119,0.9452093243598938,1.1032984256744385,0.9667274355888367,0.9759496450424194,0.9945524334907532,0.968493640422821,0.9373881220817566,0.9076250791549683,0.8858098983764648,1.0128803253173828,1.0275602340698242,1.1261265277862549,0.9870010614395142,1.023131251335144,1.008465051651001,1.0978378057479858,1.0682228803634644,1.102921962738037,1.0980777740478516,1.068164348602295,0.9331885576248169,0.8664391040802002,1.0450143814086914,1.1150134801864624,0.9568568468093872,0.9933621287345886,0.9747117757797241,0.9172561764717102,0.9988023638725281,1.048396110534668,1.0165774822235107,1.0206515789031982,1.0483840703964233,1.0838981866836548,1.0611181259155273,1.133577585220337,0.8567317128181458,0.8461693525314331,0.9561837911605835,1.0820468664169312,1.0376778841018677,1.0055694580078125,1.0495095252990723,1.105366826057434,1.0991499423980713,1.1203789710998535,1.0788586139678955,1.0365558862686157,1.025014877319336,1.0565000772476196,0.9153283834457397,0.9544377326965332,0.9962536692619324,1.0517139434814453,1.0798053741455078,1.0298874378204346,1.0338064432144165,0.9350557327270508,0.9662095904350281,1.068739652633667,1.014582633972168,0.6741259098052979,0.8637536764144897,0.8338741064071655,0.9408842325210571,0.7455424070358276,0.8553073406219482,0.7567726969718933,0.8660702705383301,0.9797559380531311,0.8821805715560913,0.9034243822097778,0.8875574469566345,0.8447701334953308,0.8561153411865234,0.8911468982696533,0.9012110233306885,0.9614036679267883,0.8593716025352478,0.8630040287971497
face,0.8425657153129578,1.0022468566894531,1.0136953592300415,0.9153323173522949,0.7259089946746826,0.7958255410194397,0.9066436290740967,0.0,0.19794553518295288,0.600102424621582,0.8378729224205017,0.9717471599578857,0.964332103729248,0.9539791345596313,1.0116024017333984,0.9662723541259766,0.9480539560317993,1.0457441806793213,1.036467432975769,1.0509047508239746,1.0772500038146973,0.9201464653015137,0.8641517162322998,0.8751953840255737,0.9376645684242249,0.9418596029281616,0.8669129610061646,0.8544743657112122,0.9765318036079407,0.9666433334350586,0.9875667095184326,1.0434931516647339,1.0592767000198364,1.0343986749649048,1.0849647521972656,1.0580871105194092,1.0910989046096802,1.0363330841064453,1.040177822113037,0.9352816939353943,1.090998888015747,1.0575892925262451,1.0676794052124023,0.7811293601989746,0.7728759050369263,0.9289993643760681,0.9826061129570007,0.9008954763412476,1.0213080644607544,1.1074590682983398,1.0451380014419556,0.881138026714325,1.0285197496414185,1.0556968450546265,1.1211128234863281,0.9026792645454407,0.9334360957145691,1.0396366119384766,1.0206960439682007,1.121113657951355,0.8916642665863037,1.122913122177124,1.1325286626815796,1.1226940155029297,1.105498194694519,1.0218348503112793,1.0100057125091553,1.0211259126663208,0.9827769994735718,0.8120778799057007,0.9404635429382324,0.9425035715103149,1.0161433219909668,1.0654720067977905,0.9923624396324158,0.9118996262550354,0.9361979365348816,0.8933098912239075,1.0028018951416016,1.1448298692703247,0.8468679189682007,0.8848993182182312,0.9039971232414246,1.0179380178451538,1.0115669965744019,0.9506067037582397,0.9018599987030029,0.9827809929847717,1.1001209020614624,0.8603494167327881,0.634545087814331,0.5398758053779602,0.7898291945457458,0.688003420829773,0.44633448123931885,0.4393107295036316,0.7911572456359863,0.7413643598556519,0.6652858257293701
hair,0.7851923704147339,0.9606618285179138,1.0228923559188843,0.8216738700866699,0.7285724878311157,0.6484004259109497,0.8118508458137512,0.19794553518295288,0.0,0.5289885997772217,0.8123347163200378,0.9755756258964539,0.9660443663597107,0.9471721649169922,1.0479270219802856,0.9135782718658447,0.8990820646286011,0.9659667015075684,0.856074333190918,0.9682819247245789,1.0577809810638428,0.8656349778175354,0.787039577960968,0.7855774760246277,0.8993538618087769,0.8591395616531372,0.7277059555053711,0.6435351371765137,0.9479252099990845,0.9693191051483154,0.9971553087234497,1.0466773509979248,1.065366506576538,1.0155450105667114,1.080300211906433,1.051588535308838,1.1467134952545166,1.0534374713897705,1.0439200401306152,0.892219603061676,1.0861111879348755,1.0551977157592773,1.0875474214553833,0.7878603935241699,0.8267085552215576,0.9279937744140625,0.8883734345436096,0.8470202088356018,1.035866618156433,1.1256648302078247,1.0032838582992554,0.8861238360404968,1.0414440631866455,1.087989091873169,1.143665075302124,0.8207917213439941,0.8740513920783997,1.0097687244415283,1.0396742820739746,1.0924118757247925,0.8838356137275696,1.1053093671798706,1.158992052078247,1.1702816486358643,1.161062240600586,1.0749294757843018,1.0189061164855957,1.0227906703948975,0.9938831329345703,0.7789164781570435,0.9241374731063843,0.9268408417701721,1.0215204954147339,0.970308780670166,0.9664595127105713,0.8943983316421509,0.8984390497207642,0.888317883014679,0.9958750009536743,1.1572344303131104,0.7374892830848694,0.8741376996040344,0.8797370195388794,1.031900405883789,1.0090323686599731,0.8700189590454102,0.6599153280258179,0.9039156436920166,1.0760151147842407,0.7448093891143799,0.5525861978530884,0.5282691717147827,0.7006179094314575,0.5945313572883606,0.458609938621521,0.32366371154785156,0.766636312007904,0.6658076047897339,0.5693438053131104
arm,1.0236215591430664,1.1821517944335938,1.081827998161316,0.9488648176193237,0.6677796840667725,0.7863508462905884,0.9673810601234436,0.600102424621582,0.5289885997772217,0.0,0.6672952771186829,0.983329176902771,0.9877643585205078,1.1312322616577148,1.2218669652938843,1.0183436870574951,1.1130205392837524,1.1381269693374634,0.8612470626831055,0.8561990261077881,1.0910272598266602,0.88804030418396,0.7188643217086792,0.7042075395584106,0.8808501362800598,0.8153529763221741,0.48014354705810547,0.5636298656463623,0.6336638331413269,0.7781057357788086,0.9582142233848572,0.9120122194290161,1.239624261856079,1.0841243267059326,1.136964201927185,1.1541093587875366,1.1688027381896973,1.0835330486297607,1.1226869821548462,1.2499843835830688,1.305797815322876,1.1703675985336304,1.2650771141052246,1.1640114784240723,0.9964497089385986,1.0066828727722168,1.0151957273483276,0.7028482556343079,0.9487829208374023,1.1667070388793945,1.1479547023773193,0.7343626618385315,1.080781102180481,1.2280778884887695,1.3007469177246094,1.1191587448120117,1.073251485824585,1.2357971668243408,1.2227637767791748,1.2228646278381348,0.9648739099502563,1.1081147193908691,1.1613818407058716,1.3261055946350098,1.1993516683578491,1.145817518234253,1.0281310081481934,0.959797203540802,0.9498569965362549,0.49614250659942627,1.1582649946212769,0.8811384439468384,0.7789033651351929,0.8410763740539551,0.9172916412353516,0.7246240377426147,1.0264828205108643,0.7528486251831055,0.9914774894714355,1.1630076169967651,0.8036901354789734,0.8728192448616028,0.9472018480300903,0.8875533938407898,1.1241817474365234,0.9119553565979004,0.801372766494751,1.1182265281677246,1.1602821350097656,0.486896276473999,0.4025951027870178,0.40924322605133057,0.8242920637130737,0.5093636512756348,0.382377028465271,0.2995898723602295,0.5355790853500366,0.6277198195457458,0.6049756407737732
hand,0.8489581346511841,1.088269829750061,0.8198783993721008,0.8607842922210693,0.7750062942504883,0.8079763650894165,1.0047383308410645,0.8378729224205017,0.8123347163200378,0.6672952771186829,0.0,0.35592329502105713,0.46090924739837646,0.7803177833557129,1.0383247137069702,1.1023027896881104,0.9767671823501587,1.155163288116455,1.0711458921432495,0.9883403778076172,1.1234074831008911,1.0112298727035522,1.1061084270477295,1.1259042024612427,1.0718275308609009,1.101397156715393,0.9095889329910278,1.0036031007766724,0.7807832360267639,0.9785879254341125,0.9125199317932129,0.8968610763549805,1.1320830583572388,0.8621522188186646,0.9658479690551758,1.0054880380630493,1.0395095348358154,0.8536166548728943,0.8363820314407349,0.959618091583252,1.0156357288360596,0.9293915033340454,0.9499819874763489,0.9363720417022705,0.864589512348175,0.7415387034416199,1.0972013473510742,0.8396190404891968,0.750688374042511,1.0234696865081787,0.8361066579818726,0.5666391253471375,0.8776408433914185,0.9306247234344482,0.9338813424110413,1.0055803060531616,0.9238816499710083,1.00911283493042,0.8241331577301025,1.0702956914901733,0.8066082000732422,1.0724605321884155,0.9215192198753357,1.087307333946228,0.8915070295333862,0.8295343518257141,0.8312540650367737,0.6746363639831543,0.6481338739395142,0.6854945421218872,0.9416316151618958,0.8482950329780579,0.7441889047622681,0.8237156867980957,0.6882115602493286,0.5975618362426758,0.8720676898956299,0.5128974914550781,0.5362640023231506,0.8442360758781433,0.6827296018600464,0.602935791015625,0.6086868047714233,0.6374648809432983,0.8290539383888245,0.846574068069458,0.8911857604980469,0.8534392714500427,0.8957788944244385,0.8509427905082703,0.7007983326911926,0.5036751627922058,0.8280625343322754,0.8405860066413879,0.867591917514801,0.8565863966941833,0.8104740381240845,0.828677773475647,0.8575563430786133
finger,0.9036229252815247,0.8580664396286011,0.8823336958885193,0.9929224252700806,1.0492061376571655,0.9712610840797424,1.0908701419830322,0.9717471599578857,0.9755756258964539,0.983329176902771,0.35592329502105713,0.0,0.2727851867675781,0.7170111536979675,0.7997115254402161,1.1018667221069336,0.9553900957107544,0.935649037361145,1.0616017580032349,1.1751066446304321,1.0095316171646118,1.1018846035003662,1.1500558853149414,1.2693549394607544,1.1430449485778809,1.2278538942337036,1.2241809368133545,1.1654858589172363,1.167464256286621,1.1321110725402832,0.9112626314163208,1.1209700107574463,0.8658291101455688,0.8465299606323242,0.7674514055252075,0.8053412437438965,0.8883053660392761,0.7887256145477295,0.5985355377197266,0.6708334684371948,0.6518489718437195,0.5418434143066406,0.4764036536216736,0.6261796951293945,0.7051094770431519,0.6989562511444092,1.0370361804962158,1.0633864402770996,0.9070872068405151,0.9854834675788879,0.743998110294342,0.7624118328094482,0.6720399260520935,0.6087759137153625,0.5199305415153503,0.8550471067428589,0.8192968368530273,0.7600812911987305,0.5493331551551819,0.7803201675415039,0.6014938354492188,1.0098631381988525,0.8932479619979858,0.8046190738677979,0.7892284393310547,0.7507176995277405,0.904198408126831,0.6518733501434326,0.7773314714431763,1.0938440561294556,0.6957422494888306,1.0304768085479736,1.0758963823318481,0.9896495938301086,0.8061875104904175,0.8714539408683777,0.8201725482940674,0.8682171106338501,0.5799719095230103,0.8548398613929749,0.9428120851516724,0.7916946411132812,0.6634145975112915,0.5740401744842529,0.8526079654693604,0.8870676755905151,0.9054868817329407,0.7293698787689209,0.7437012195587158,1.2115836143493652,1.0893030166625977,0.9276349544525146,0.947307288646698,1.1273399591445923,1.1696799993515015,1.1420772075653076,1.1238574981689453,1.0209640264511108,0.9893612265586853
toe,0.8637943863868713,0.8030563592910767,0.9174617528915405,1.0137939453125,0.9579175114631653,0.8481852412223816,0.9837594628334045,0.964332103729248,0.9660443663597107,0.9877643585205078,0.46090924739837646,0.2727851867675781,0.0,0.7634238004684448,0.683164119720459,1.1348435878753662,0.9973604679107666,1.02299165725708,1.1143018007278442,1.1870156526565552,1.0285283327102661,1.1368613243103027,1.1954333782196045,1.2945082187652588,1.1196770668029785,1.235482096672058,1.180959939956665,1.1488525867462158,1.1918165683746338,1.217090368270874,1.0317988395690918,1.1580560207366943,0.9029974937438965,0.9243247509002686,0.8276590704917908,0.8218200206756592,0.9355828166007996,0.8428974151611328,0.6231042742729187,0.6430419683456421,0.4819328188896179,0.4532395601272583,0.4497601389884949,0.5730034112930298,0.5997611284255981,0.7655168771743774,1.0568608045578003,1.0427517890930176,1.0054738521575928,1.0301774740219116,0.8284298181533813,0.8822809457778931,0.756754994392395,0.6233919858932495,0.6169999241828918,0.8659290671348572,0.8304724097251892,0.8037002086639404,0.6691243052482605,0.8006072044372559,0.496448278427124,1.0788404941558838,0.9806154370307922,0.8415225744247437,0.8603554964065552,0.8265628218650818,0.9860395789146423,0.6475273966789246,0.8766145706176758,1.0449609756469727,0.6225049495697021,1.1428860425949097,1.1469486951828003,1.1162350177764893,0.946092426776886,1.0235761404037476,0.9501453638076782,0.9800788760185242,0.7447687983512878,0.9260587692260742,0.8518295288085938,0.7847602367401123,0.5941528081893921,0.3822000026702881,0.6728277802467346,0.8791767954826355,0.837429940700531,0.7154477834701538,0.8083398342132568,1.1342395544052124,0.957477331161499,0.9045422077178955,0.9303524494171143,1.094138264656067,1.1278988122940063,1.1249070167541504,1.1062743663787842,0.9435736536979675,0.8642095327377319
tooth,0.8541936874389648,0.8778073787689209,0.8625273108482361,0.9500946402549744,1.0296292304992676,0.8891763687133789,0.9410615563392639,0.9539791345596313,0.9471721649169922,1.1312322616577148,0.7803177833557129,0.7170111536979675,0.7634238004684448,0.0,0.8120907545089722,1.0815712213516235,0.8086443543434143,0.9914223551750183,1.0864667892456055,0.9454658031463623,1.045342206954956,1.0220075845718384,1.1018620729446411,1.0469924211502075,1.0018608570098877,1.0461795330047607,1.075883388519287,1.0833871364593506,0.936924397945404,1.0837103128433228,0.9884008765220642,0.8921958208084106,0.9888990521430969,0.8377365469932556,0.8814095258712769,0.962736964225769,1.0357199907302856,0.9078914523124695,0.7504281401634216,0.7821206450462341,0.7791650891304016,0.8090193271636963,0.7126280665397644,0.7954633235931396,0.8872503042221069,0.7210865020751953,0.9961400628089905,0.9780039191246033,0.8114966750144958,0.926705002784729,0.7292741537094116,0.7835200428962708,0.8316328525543213,0.7589796781539917,0.7057160139083862,0.8473886847496033,0.6984263062477112,0.7891389727592468,0.6391169428825378,0.9262750148773193,0.8488664031028748,0.814240574836731,0.7626293897628784,0.7457411289215088,0.7302260398864746,0.74187171459198,0.7879079580307007,0.8069660663604736,0.7012787461280823,1.0263665914535522,0.7395268082618713,0.9360371232032776,0.8312700986862183,0.8360320329666138,0.8029415011405945,0.8623275756835938,0.6674844026565552,0.6000832915306091,0.5537382364273071,0.6254674196243286,0.8237667083740234,0.6545703411102295,0.6770442724227905,0.8882481455802917,0.821223258972168,0.8686742782592773,0.9636338949203491,0.7968239784240723,0.823456883430481,1.0662647485733032,1.0367673635482788,0.9036834836006165,0.9035730361938477,1.1390533447265625,1.1063705682754517,1.0934207439422607,1.0368026494979858,0.9862756133079529,0.9970505237579346
nose,0.8752214908599854,0.7405797839164734,0.8777549266815186,1.1057924032211304,1.164926528930664,0.9345412254333496,0.9954139590263367,1.0116024017333984,1.0479270219802856,1.2218669652938843,1.0383247137069702,0.7997115254402161,0.683164119720459,0.8120907545089722,0.0,1.1100420951843262,0.9314388036727905,0.9001203775405884,1.1480668783187866,1.1674989461898804,0.950518012046814,1.1150810718536377,1.2036383152008057,1.249959111213684,1.1199455261230469,1.208031415939331,1.220526933670044,1.1697463989257812,1.248580813407898,1.206725001335144,1.0074365139007568,1.153887391090393,0.749626874923706,0.9470977187156677,0.8990412950515747,0.8770672082901001,0.8914743661880493,0.8910600543022156,0.7599989175796509,0.5981534719467163,0.46937745809555054,0.5568100214004517,0.5412073135375977,0.5501513481140137,0.6455658674240112,0.94440758228302,1.0941087007522583,1.1926151514053345,1.1178258657455444,1.0777957439422607,0.8733294010162354,1.0950181484222412,0.8134638071060181,0.6136637926101685,0.6255815029144287,0.8719816207885742,0.866061806678772,0.8019062876701355,0.6780233383178711,0.7804369926452637,0.696709156036377,1.0940179824829102,1.067591667175293,0.7111831903457642,0.7800106406211853,0.7830246686935425,1.0062960386276245,0.8876868486404419,1.0343208312988281,1.1950262784957886,0.623744785785675,1.1972260475158691,1.197006106376648,1.1729780435562134,1.021600604057312,1.1365156173706055,1.0253357887268066,1.1798301935195923,0.9345753192901611,0.9472424387931824,1.0794637203216553,1.0551947355270386,0.8863279819488525,0.9114784002304077,0.8395065069198608,0.97426837682724,0.9383904933929443,0.9105598330497742,0.9177098274230957,1.225090742111206,1.156002163887024,1.1401400566101074,1.121017336845398,1.2055126428604126,1.1976145505905151,1.170485019683838,1.1583529710769653,1.0956175327301025,1.0256221294403076
stroller,0.858322024345398,1.0480152368545532,1.0418299436569214,0.895948052406311,0.8990803360939026,0.8896090388298035,0.8770307898521423,0.9662723541259766,0.9135782718658447,1.0183436870574951,1.1023027896881104,1.1018667221069336,1.1348435878753662,1.0815712213516235,1.1100420951843262,0.0,0.686375081539154,0.8371543288230896,0.4502381682395935,0.8621144890785217,0.9403682947158813,0.9070597887039185,0.768420398235321,0.7648274302482605,0.768471360206604,0.6181886196136475,1.0207089185714722,0.9447842836380005,1.0782086849212646,0.9490253329277039,0.9005274176597595,1.054358720779419,1.121842622756958,1.099299430847168,1.0973402261734009,1.0929203033447266,1.1826478242874146,1.1281447410583496,1.0883123874664307,1.0530081987380981,1.0156384706497192,1.102130651473999,1.1474113464355469,1.0207668542861938,1.1131892204284668,1.0516263246536255,0.4503340721130371,0.8689621090888977,0.969103991985321,0.9312825798988342,0.9442203640937805,0.9722037315368652,1.02057683467865,1.076236605644226,1.1081500053405762,0.876432478427887,0.9805328845977783,0.8765534162521362,1.0303030014038086,0.7718998193740845,1.0102202892303467,0.9847456812858582,0.9076570868492126,1.0750453472137451,1.160162091255188,1.1663093566894531,1.0469566583633423,1.1147202253341675,1.137249231338501,1.0465749502182007,1.0106464624404907,0.9105436205863953,1.0698134899139404,0.9222529530525208,1.0275466442108154,1.0022904872894287,0.8379783630371094,1.0048199892044067,1.0506668090820312,1.0769404172897339,0.9766280651092529,1.0283790826797485,0.9426506757736206,1.0785585641860962,0.8849526643753052,0.8565077781677246,0.909805417060852,0.7986041307449341,0.9603832960128784,0.9867157936096191,1.0482964515686035,1.0359561443328857,0.8946802020072937,0.9187833070755005,0.9979417324066162,0.9624877572059631,1.0185433626174927,0.7703044414520264,0.8564709424972534
car,0.7012200951576233,0.9078882336616516,0.8847945928573608,0.7772895693778992,0.8303288817405701,0.8033589124679565,0.8055095672607422,0.9480539560317993,0.8990820646286011,1.1130205392837524,0.9767671823501587,0.9553900957107544,0.9973604679107666,0.8086443543434143,0.9314388036727905,0.686375081539154,0.0,0.760932445526123,0.8149867057800293,0.8604671955108643,0.9688806533813477,0.8279919028282166,0.8840819597244263,0.8325833082199097,0.7954814434051514,0.7956146001815796,1.0817608833312988,1.0424833297729492,1.025572657585144,0.9870771765708923,0.8056475520133972,0.9294025301933289,0.9639852046966553,0.8938997983932495,0.9792802333831787,0.9291054010391235,1.137888789176941,1.0262603759765625,0.8992612957954407,0.8127729892730713,0.8908584713935852,0.9729127287864685,0.9349563121795654,0.9253978133201599,1.0888491868972778,0.768393874168396,0.5540861487388611,0.9107381105422974,0.9799469113349915,0.9723353981971741,0.7683428525924683,0.9420692920684814,0.8978747129440308,0.8712343573570251,0.8615168333053589,0.6996640563011169,0.7099087238311768,0.6274551749229431,0.7647854089736938,0.8196601867675781,0.9405068159103394,0.9622663259506226,0.8275989890098572,0.8996021151542664,0.9396077394485474,0.9704395532608032,0.931044340133667,1.0815670490264893,0.9873846173286438,1.0518149137496948,0.8307427763938904,0.8330404758453369,1.0271285772323608,0.8926271200180054,0.8975725173950195,0.973051905632019,0.560186505317688,0.833474338054657,0.8365178108215332,0.7884336113929749,0.7843272686004639,0.8104950189590454,0.7084143757820129,1.0600613355636597,0.7915699481964111,0.766128659248352,0.9645613431930542,0.6079208850860596,0.8763492703437805,1.0618947744369507,1.0146231651306152,0.9473752379417419,0.8461390733718872,0.9322277903556824,0.9746474623680115,0.9829539656639099,0.9945476651191711,0.7301744222640991,0.8572266101837158
lamp,0.9329448938369751,0.6404440402984619,0.9696063995361328,0.9275989532470703,1.0617097616195679,1.0071039199829102,0.9989448189735413,1.0457441806793213,0.9659667015075684,1.1381269693374634,1.155163288116455,0.935649037361145,1.02299165725708,0.9914223551750183,0.9001203775405884,0.8371543288230896,0.760932445526123,0.0,0.9261148571968079,1.0842440128326416,0.8623569011688232,0.8016631603240967,0.794837236404419,0.9306515455245972,0.9514732956886292,0.9774513840675354,1.188637137413025,1.0963224172592163,1.2327193021774292,0.9772599935531616,0.8793312907218933,1.1629198789596558,0.6247949600219727,0.9719306826591492,0.9145454168319702,0.8768073320388794,0.9191133975982666,1.0472851991653442,0.89365553855896,0.7512180805206299,0.8306825160980225,0.8406732678413391,0.831039547920227,0.7920927405357361,0.953569233417511,1.0480272769927979,0.5274707078933716,0.95106041431427,1.0595135688781738,0.9094266295433044,0.8003332614898682,0.9722219705581665,0.8603518009185791,0.7544544339179993,0.7364945411682129,0.6288299560546875,0.7470274567604065,0.7295203804969788,0.7971032857894897,0.734168529510498,0.9750699400901794,0.9891915917396545,1.032132863998413,0.8143601417541504,0.9622029066085815,0.9410542845726013,1.0864850282669067,1.1727977991104126,1.1413989067077637,1.22745680809021,0.8558182120323181,1.0427922010421753,1.2224133014678955,1.107689619064331,1.0493876934051514,1.1242642402648926,0.9005002975463867,1.1804182529449463,1.0460293292999268,1.0699448585510254,1.1450910568237305,1.1886420249938965,1.0588858127593994,1.1356747150421143,1.0865648984909058,0.9648222327232361,0.9335975646972656,0.7697129249572754,0.8140620589256287,1.2194910049438477,1.211165428161621,1.2105077505111694,1.065095067024231,1.109755516052246,1.1007400751113892,1.0773372650146484,1.206827163696289,1.0052542686462402,0.9680636525154114
chair,0.9584960341453552,1.0886856317520142,1.0737769603729248,0.915113091468811,0.9233803153038025,0.8566964268684387,0.9165100455284119,1.036467432975769,0.856074333190918,0.8612470626831055,1.0711458921432495,1.0616017580032349,1.1143018007278442,1.0864667892456055,1.1480668783187866,0.4502381682395935,0.8149867057800293,0.9261148571968079,0.0,0.5440599322319031,0.8462985754013062,0.9051547050476074,0.6734114289283752,0.7047428488731384,0.8199348449707031,0.5021353960037231,0.5890019536018372,0.36570823192596436,0.8648890852928162,0.824329137802124,0.8776568174362183,0.8753551244735718,1.1471550464630127,1.1057463884353638,1.0886926651000977,1.1132069826126099,1.1501284837722778,1.1045268774032593,1.095715045928955,1.1118093729019165,1.077690601348877,1.1659914255142212,1.120905876159668,1.1302701234817505,1.0949875116348267,1.084225058555603,0.6291530132293701,0.849473237991333,1.0543091297149658,1.0545473098754883,1.0711301565170288,1.002738356590271,1.0849608182907104,1.1223163604736328,1.1083979606628418,0.9568077325820923,0.9687209129333496,1.0321694612503052,1.103334665298462,0.7542723417282104,1.028228759765625,0.9629533886909485,0.852349042892456,1.108832836151123,1.0963739156723022,1.1376700401306152,1.0507458448410034,1.0673551559448242,1.121119499206543,0.8886175751686096,1.0845177173614502,1.0589863061904907,0.9889386296272278,0.6304423809051514,0.9823406934738159,0.9847906231880188,0.8856724500656128,1.002949595451355,1.0854631662368774,1.0183169841766357,0.8684591054916382,0.9568934440612793,0.9773134589195251,1.0323777198791504,0.9809900522232056,0.8237298727035522,0.49874192476272583,0.7700674533843994,0.8763542771339417,0.6147271394729614,0.8305360078811646,0.9695211052894592,0.8747272491455078,0.7836216688156128,0.9113575220108032,0.8138973116874695,0.8064995408058167,0.8391479849815369,0.9090299010276794
bench,0.915763258934021,1.2027268409729004,1.0537141561508179,0.899350106716156,0.9019677639007568,0.9179023504257202,0.9452093243598938,1.0509047508239746,0.9682819247245789,0.8561990261077881,0.9883403778076172,1.1751066446304321,1.1870156526565552,0.9454658031463623,1.1674989461898804,0.8621144890785217,0.8604671955108643,1.0842440128326416,0.5440599322319031,0.0,0.8832516074180603,0.8820738792419434,0.7314115762710571,0.7241968512535095,0.8447344303131104,0.5571673512458801,0.5921674966812134,0.6398159265518188,0.6062031388282776,0.6818874478340149,0.881263017654419,0.5233381390571594,1.2316522598266602,1.0047658681869507,1.06446373462677,1.117074728012085,1.1513240337371826,1.0155079364776611,1.1423941850662231,1.2223889827728271,1.2544775009155273,1.2838339805603027,1.2102911472320557,1.2837529182434082,1.2089459896087646,0.8997907042503357,0.8509777784347534,0.8005079627037048,0.9698554277420044,1.0764122009277344,1.008057951927185,0.8831335306167603,1.1488127708435059,1.1921427249908447,1.0838440656661987,1.11653470993042,1.0178495645523071,1.1442890167236328,1.154301404953003,0.9644758701324463,1.1190775632858276,0.9473230838775635,0.839384138584137,1.1321203708648682,1.0477102994918823,1.0833534002304077,0.8569169044494629,1.0243505239486694,0.8815982341766357,0.8150818347930908,1.1233118772506714,0.9377617835998535,0.726888120174408,0.580422043800354,0.9036003947257996,0.8670319318771362,0.8550801277160645,0.7269805073738098,0.9402731657028198,0.8029087781906128,0.8541101217269897,0.8572511076927185,0.9590800404548645,1.0139182806015015,1.0519227981567383,0.9581126570701599,0.8660072088241577,0.9166342616081238,0.9417815208435059,0.5919455885887146,0.7931406497955322,0.8408765196800232,0.8219711780548096,0.7661839723587036,0.8615301251411438,0.8524401187896729,0.6922236680984497,0.7894109487533569,0.9182895421981812
drawer,1.0889723300933838,1.010938286781311,1.1096019744873047,1.0517669916152954,1.0635126829147339,1.0793484449386597,1.1032984256744385,1.0772500038146973,1.0577809810638428,1.0910272598266602,1.1234074831008911,1.0095316171646118,1.0285283327102661,1.045342206954956,0.950518012046814,0.9403682947158813,0.9688806533813477,0.8623569011688232,0.8462985754013062,0.8832516074180603,0.0,0.8667458295822144,0.6950310468673706,0.7795641422271729,0.6728131771087646,0.7439428567886353,1.06350576877594,0.9886109232902527,1.1301906108856201,0.9293793439865112,0.8864534497261047,1.0877864360809326,0.9502691030502319,1.0686862468719482,1.0044339895248413,1.0386803150177002,1.0831893682479858,1.0659421682357788,1.0609803199768066,1.069840431213379,0.9740545153617859,0.9671384692192078,0.9461027383804321,0.9440556764602661,0.9636761546134949,1.0798465013504028,0.9266377687454224,1.0830146074295044,1.17906653881073,1.0496878623962402,1.0266510248184204,1.0547000169754028,1.030043601989746,1.0201047658920288,0.9863826632499695,0.952289342880249,1.0259318351745605,0.9995243549346924,1.0025959014892578,0.7529571056365967,0.9312052726745605,1.0057615041732788,1.0424164533615112,0.9712259769439697,1.0637552738189697,1.1221109628677368,1.0884069204330444,1.0703301429748535,1.0659949779510498,1.1176187992095947,0.8945280313491821,1.100459337234497,1.1030869483947754,0.8832269906997681,1.0768201351165771,1.0858008861541748,0.9674856066703796,1.1758493185043335,1.1162042617797852,1.139696717262268,1.134721040725708,1.1434299945831299,1.1071927547454834,1.0624232292175293,1.0711822509765625,1.0082476139068604,0.9351287484169006,0.9543918371200562,0.9656190276145935,1.0387572050094604,1.119897723197937,1.1715656518936157,1.0167685747146606,1.070467233657837,1.1437616348266602,1.1217236518859863,1.0669535398483276,0.9444037675857544,0.9558926820755005
