,rooster,fish,frog,alligator,owl,cat,dog,face,hair,arm,hand,finger,toe,tooth,nose,stroller,car,lamp,chair,bench,drawer,window,door,refrigerator,oven,crib,bed,couch,table,bathtub,sink,slide,clock,ball,balloon,pumpkin,egg,orange,apple,hat,slipper,watch,nail,glasses,necklace,carrot,vacuum,shovel,scissors,spoon,fork,knife,pencil,pen,crayon,plant,flower,bottle,cup,can,belt,basket,bucket,tape,bowl,plate,banana,bread,cracker,pizza,hamburger,glass,tray,box,book,paper,comb,toothbrush,gum,toy,doll,mitten,glove,sock,shoe,purse,pillow,towel,napkin,blanket,pajamas,bib,scarf,jacket,sweater,shirt,jeans,pants,shorts
rooster,0.0,0.7442052960395813,0.6063323020935059,0.7570706605911255,0.6956663727760315,0.8972124457359314,0.6824235320091248,1.0174164772033691,0.9496594667434692,1.0610246658325195,1.0328896045684814,0.9874825477600098,1.0157431364059448,1.0135501623153687,1.109941840171814,0.9415453672409058,0.923919141292572,1.0049631595611572,1.0553017854690552,1.0952210426330566,1.0743446350097656,0.9772071242332458,1.0411487817764282,1.0248459577560425,1.0369746685028076,1.0434638261795044,1.0758352279663086,1.0595365762710571,1.0429173707962036,1.0506670475006104,1.0751277208328247,0.9828736782073975,1.0581406354904175,0.9882365465164185,1.0057947635650635,0.9884751439094543,1.0159696340560913,1.0538769960403442,0.9836702346801758,0.938029944896698,1.0496774911880493,1.1618428230285645,1.0179498195648193,1.067109227180481,1.0700783729553223,0.98417729139328,1.0502957105636597,1.011265516281128,0.8673545718193054,1.0181952714920044,1.0136092901229858,1.06026291847229,1.1340829133987427,1.1335387229919434,1.116805911064148,0.9437210559844971,0.9026168584823608,1.120395302772522,1.1070231199264526,1.1352579593658447,1.1183693408966064,1.044743299484253,1.0999161005020142,1.1233453750610352,1.1245331764221191,0.9761509299278259,0.9754117727279663,0.9547272324562073,0.9776958227157593,0.8641906976699829,0.9276484847068787,1.0537359714508057,1.0257627964019775,1.1041700839996338,1.006759762763977,1.0687227249145508,1.0902669429779053,1.0104867219924927,1.044980525970459,0.8283304572105408,0.7700824737548828,0.9513424634933472,1.0315476655960083,1.045650601387024,1.0159027576446533,0.9709800481796265,1.113135814666748,1.0564430952072144,1.01963472366333,1.063993215560913,1.0471738576889038,1.019154667854309,0.9487414360046387,1.0090570449829102,1.0086922645568848,1.0318468809127808,1.0545532703399658,1.0641478300094604,1.0489788055419922
fish,0.7442052960395813,0.0,0.5878267884254456,0.8417767286300659,0.886803150177002,0.8578388094902039,1.0392388105392456,1.073069453239441,1.094165325164795,1.1128064393997192,0.9279679656028748,0.9439232349395752,0.9135664701461792,0.9418647289276123,0.989575207233429,1.160969853401184,0.9705095291137695,1.026542067527771,1.0798455476760864,1.1464574337005615,1.1181069612503052,1.0872695446014404,1.1722190380096436,1.1759032011032104,1.1333011388778687,1.0582796335220337,1.1139577627182007,1.1414251327514648,1.073216199874878,0.8953933715820312,1.004907488822937,0.9536241292953491,0.9345199465751648,0.7446835041046143,0.7325462102890015,0.9915394186973572,0.8875805139541626,0.8405493497848511,0.8312884569168091,0.8926700353622437,0.9769854545593262,1.042387843132019,0.9182993769645691,0.9997782707214355,1.0457276105880737,0.8462383151054382,1.1818472146987915,1.0438742637634277,0.7833196520805359,0.9573649764060974,0.914534330368042,1.0135746002197266,0.9628230929374695,0.9323542714118958,0.8292681574821472,1.103857398033142,1.0326213836669922,1.0090001821517944,0.9725714921951294,1.1443392038345337,0.9197313785552979,1.0698593854904175,1.0665323734283447,0.8947034478187561,1.0079439878463745,0.8617309331893921,0.938624382019043,0.9329667687416077,0.8277862071990967,0.8233810663223267,1.0124754905700684,0.9851787090301514,1.0010426044464111,1.176378846168518,1.0793113708496094,1.081918478012085,0.9564949870109558,0.8800321817398071,0.718747615814209,0.8050426840782166,0.9689003825187683,0.9078713655471802,0.9600955247879028,0.9919163584709167,1.018202543258667,1.0881116390228271,1.007265567779541,1.0722055435180664,1.0688908100128174,1.0402277708053589,1.0427944660186768,0.9624139666557312,1.0180586576461792,1.0789772272109985,1.1465277671813965,1.1037687063217163,1.0545713901519775,1.1153699159622192,1.0229051113128662
frog,0.6063323020935059,0.5878267884254456,0.0,0.7847195267677307,0.6625903844833374,1.0208736658096313,0.9011003375053406,1.1139235496520996,1.1528925895690918,1.1646158695220947,0.9409834742546082,1.008876085281372,1.0344902276992798,1.013999581336975,1.1417021751403809,0.9958019852638245,0.9718672633171082,1.0540722608566284,1.1419708728790283,1.1617993116378784,1.1848405599594116,1.150713324546814,1.260711431503296,1.1862255334854126,1.1639158725738525,1.0815165042877197,1.0797324180603027,1.098131537437439,1.0670877695083618,1.0746558904647827,1.1120696067810059,0.9740498661994934,0.9003502726554871,0.9849715232849121,1.0242480039596558,0.995901882648468,0.9472315907478333,1.0072261095046997,0.9590717554092407,0.9129863381385803,0.9693292379379272,1.0926742553710938,1.0989634990692139,1.1223928928375244,1.0862154960632324,0.9360499382019043,1.1590194702148438,1.021133303642273,0.6838882565498352,0.9313175082206726,0.9184470176696777,0.9661872386932373,1.0416619777679443,1.0499345064163208,0.9909001588821411,1.0664865970611572,1.0200552940368652,1.1057074069976807,1.0662975311279297,1.2216262817382812,1.107009768486023,1.0697839260101318,1.1518850326538086,0.9561883211135864,1.109139323234558,0.828100323677063,0.6172277927398682,0.8794500231742859,0.7483492493629456,0.8323846459388733,0.9323067665100098,0.9716653227806091,0.9574337005615234,1.1615079641342163,0.9384616613388062,1.099199652671814,1.1194878816604614,0.8954641222953796,0.8111430406570435,0.627409040927887,0.7663007974624634,0.8430542945861816,0.9539910554885864,0.966972827911377,0.9671680331230164,0.9698433876037598,1.0005226135253906,1.0411057472229004,0.9416401982307434,1.0629122257232666,1.0521667003631592,0.9240609407424927,0.9813651442527771,1.0848078727722168,1.1662062406539917,1.1596765518188477,1.1353257894515991,1.1960219144821167,1.1278194189071655
alligator,0.7570706605911255,0.8417767286300659,0.7847195267677307,0.0,0.8258381485939026,0.7117400169372559,0.6588610410690308,0.9242420792579651,0.8963947892189026,0.7166783809661865,0.8975958824157715,1.2381280660629272,1.3294870853424072,1.3408246040344238,1.3309242725372314,0.794876754283905,1.0875214338302612,1.1475348472595215,0.8377386331558228,0.7027592658996582,0.996944010257721,0.8430297374725342,0.8518283367156982,0.8385643362998962,0.9240471720695496,0.6267781853675842,0.6023789644241333,0.8067577481269836,0.6299226880073547,0.7411274313926697,1.0382739305496216,0.6209291219711304,1.3209668397903442,1.0658880472183228,1.1609114408493042,1.0548126697540283,1.3059251308441162,1.2151410579681396,1.1829733848571777,1.1435483694076538,1.4046440124511719,1.4712070226669312,1.3716918230056763,1.4079535007476807,1.3355658054351807,1.2648963928222656,0.8623983860015869,0.9314908981323242,0.8344653844833374,1.160616397857666,1.0843071937561035,1.1189532279968262,1.2640868425369263,1.3536534309387207,1.4193079471588135,0.9341428875923157,0.9025588035583496,1.296926498413086,1.345468521118164,1.1657395362854004,1.3546403646469116,1.0117391347885132,1.1324243545532227,1.2991013526916504,1.3749024868011475,0.9102914929389954,0.9837855696678162,1.0762288570404053,0.9362167119979858,0.856592059135437,0.9506439566612244,0.7241300344467163,0.6901521682739258,0.9217445254325867,0.8666934967041016,0.7101662158966064,0.9694206714630127,0.7669750452041626,1.1229534149169922,0.7852315902709961,0.7839441895484924,0.6575125455856323,0.9863023161888123,0.8565254807472229,1.0158659219741821,0.7551378011703491,1.0033557415008545,1.1847807168960571,1.1428145170211792,0.5335196256637573,0.6547739505767822,0.720399022102356,0.8027852773666382,0.6532477140426636,0.7541822195053101,0.7393165826797485,0.6731764078140259,0.7425905466079712,0.9168064594268799
owl,0.6956663727760315,0.886803150177002,0.6625903844833374,0.8258381485939026,0.0,0.9583954811096191,0.8095977306365967,1.0220991373062134,0.9907500743865967,1.01546311378479,0.760144054889679,0.96324223279953,1.0262250900268555,1.0186973810195923,1.1551135778427124,0.9269695281982422,0.9757357239723206,1.0566833019256592,1.1168357133865356,1.0951193571090698,1.1532862186431885,1.1059004068374634,1.1573331356048584,1.1189583539962769,1.1225242614746094,1.0474127531051636,1.0470081567764282,1.0419203042984009,1.0426712036132812,0.9969542622566223,1.1249701976776123,0.8774104118347168,1.097438931465149,1.0217292308807373,1.0942156314849854,0.9561789035797119,1.0460416078567505,1.0062570571899414,1.0876796245574951,1.0990716218948364,1.1037585735321045,1.1826478242874146,1.1918067932128906,1.152686357498169,1.1077369451522827,1.0180158615112305,1.065654993057251,0.9648557901382446,0.8359570503234863,0.9625959992408752,0.9683886766433716,0.9997058510780334,1.1079460382461548,1.1433207988739014,1.0963298082351685,1.0641450881958008,1.0502527952194214,1.1373651027679443,1.1588619947433472,1.1689982414245605,1.187114953994751,1.1093673706054688,1.13446044921875,1.0769717693328857,1.1593369245529175,0.9230813384056091,0.9114223122596741,0.9723703265190125,0.8050459027290344,0.9203115105628967,0.925299346446991,0.9068260788917542,0.9541201591491699,1.174479365348816,1.0366642475128174,1.051720142364502,0.9686887264251709,0.8359401822090149,0.9478837847709656,0.7131469249725342,0.7913174033164978,0.8333965539932251,0.9220573306083679,0.8849322199821472,0.9114277362823486,1.0091012716293335,1.032744288444519,1.0980157852172852,1.0462350845336914,0.9902613759040833,0.9237799644470215,0.8690011501312256,0.8803976774215698,1.0379393100738525,1.0277644395828247,1.0641871690750122,1.0609185695648193,1.0726292133331299,1.071974277496338
cat,0.8972124457359314,0.8578388094902039,1.0208736658096313,0.7117400169372559,0.9583954811096191,0.0,0.5206376314163208,0.9182143807411194,0.7062971591949463,0.868583619594574,0.8993464112281799,1.0074667930603027,0.9864344596862793,1.1463426351547241,1.0786246061325073,0.9335986971855164,1.083702564239502,1.1205788850784302,0.9493594765663147,0.8303102254867554,1.010202407836914,0.8513714075088501,0.8737678527832031,1.0088623762130737,1.0894296169281006,0.9775494337081909,0.774137020111084,0.9272613525390625,0.9237943291664124,0.8240054845809937,1.1141667366027832,0.8584319353103638,1.1640704870224,1.0155808925628662,1.0993543863296509,1.0603045225143433,1.2311303615570068,1.1209313869476318,1.1738661527633667,0.9638985395431519,1.0322041511535645,1.113402247428894,1.1725537776947021,1.038766622543335,1.0921331644058228,1.133408546447754,1.0368483066558838,1.0979702472686768,1.1288028955459595,1.1706303358078003,0.923072874546051,1.1058155298233032,1.1438555717468262,1.1343998908996582,1.235559105873108,1.0077645778656006,1.0470588207244873,1.2013269662857056,1.2582111358642578,1.1636903285980225,1.0277220010757446,1.1695395708084106,1.280238151550293,1.2589943408966064,1.2371790409088135,1.0604556798934937,1.2257099151611328,1.0764671564102173,1.0243370532989502,0.9630176424980164,0.9825283288955688,0.9249753355979919,1.068799614906311,1.2141919136047363,1.0813288688659668,1.0056195259094238,0.8562288880348206,1.0415133237838745,1.1424323320388794,1.1425273418426514,0.978033721446991,0.7430373430252075,0.8630830645561218,0.7830554246902466,0.8246895670890808,1.029976487159729,0.9731876254081726,1.1581835746765137,1.1917966604232788,0.713883101940155,0.8021857738494873,0.9121458530426025,0.9132667779922485,0.8400049209594727,0.8296346664428711,0.8382291793823242,0.7414268851280212,0.7693563103675842,0.857469916343689
dog,0.6824235320091248,1.0392388105392456,0.9011003375053406,0.6588610410690308,0.8095977306365967,0.5206376314163208,0.0,0.734262228012085,0.4839114546775818,0.7255292534828186,0.9270022511482239,1.1212244033813477,1.1292059421539307,1.1382416486740112,1.1632169485092163,0.6890515685081482,0.9804444313049316,1.1163159608840942,0.8862645030021667,0.8131263852119446,0.9876984357833862,0.8769661784172058,0.8256140947341919,0.7612422704696655,0.8693650960922241,0.8257659077644348,0.7118373513221741,0.8276963233947754,0.8026803135871887,0.8998845815658569,1.123725175857544,0.7824339270591736,1.2499959468841553,1.0797539949417114,1.180182933807373,1.151991367340088,1.2530300617218018,1.1768730878829956,1.2425744533538818,1.0589686632156372,1.155809998512268,1.2120978832244873,1.2561713457107544,1.0875813961029053,1.1103821992874146,1.1802836656570435,0.9331606030464172,1.0579925775527954,1.0471323728561401,1.187422275543213,1.049329400062561,1.1742063760757446,1.2229660749435425,1.263631820678711,1.3141729831695557,0.9591841697692871,0.8783250451087952,1.2234631776809692,1.2938599586486816,1.1477501392364502,1.2433210611343384,1.0839394330978394,1.195030689239502,1.3169602155685425,1.3066473007202148,1.096453070640564,1.1479246616363525,1.09200119972229,1.0278759002685547,0.971506655216217,0.8719944357872009,0.8675308227539062,0.9300386309623718,1.0745879411697388,1.04004967212677,1.0191688537597656,0.8735975027084351,0.9481035470962524,1.185750961303711,0.9100340604782104,0.6726107597351074,0.7482625842094421,0.9164335131645203,0.8993344306945801,0.9038094282150269,0.9581311345100403,1.0258026123046875,1.1706873178482056,1.1658570766448975,0.7033630609512329,0.6140275597572327,0.735044002532959,0.7458146810531616,0.5941399335861206,0.5916172862052917,0.5799872875213623,0.7082788944244385,0.720234751701355,0.9528485536575317
face,1.0174164772033691,1.073069453239441,1.1139235496520996,0.9242420792579651,1.0220991373062134,0.9182143807411194,0.734262228012085,0.0,0.34665733575820923,0.8057066202163696,0.8452574610710144,1.005746841430664,1.0553462505340576,1.0023235082626343,0.870140016078949,0.9497628808021545,1.0366398096084595,1.0494613647460938,0.9787428379058838,0.8686617612838745,1.022745966911316,0.8148602247238159,0.8507190942764282,0.9251677989959717,1.0413784980773926,0.9637569785118103,0.7765954732894897,0.8561533689498901,0.9075548648834229,0.9654683470726013,1.1914130449295044,0.8482077717781067,1.1042896509170532,1.001935601234436,1.0491740703582764,1.1093827486038208,1.1011056900024414,1.0625914335250854,1.1501197814941406,0.9148675799369812,1.1689749956130981,1.1133984327316284,1.1022541522979736,0.9278532266616821,0.8994678854942322,1.1125543117523193,0.9921346306800842,1.1051620244979858,1.0601152181625366,1.1855159997940063,1.1113061904907227,1.1415376663208008,1.1364625692367554,1.164260745048523,1.1870787143707275,0.897148847579956,0.9535869359970093,1.1453306674957275,1.1525098085403442,1.1374561786651611,1.1549110412597656,1.1686716079711914,1.1618120670318604,1.1472039222717285,1.209937334060669,1.0707409381866455,1.0910184383392334,1.1103415489196777,1.0099267959594727,0.9915817379951477,0.9285890460014343,0.8025671243667603,1.052138090133667,1.1385798454284668,1.0642478466033936,0.9291472434997559,0.8382605314254761,0.9983634948730469,1.0777864456176758,1.0847644805908203,0.8834316730499268,0.88355952501297,1.0144855976104736,0.9493531584739685,1.0297679901123047,1.0691628456115723,0.9860424399375916,1.1678967475891113,1.18209707736969,0.7656148672103882,0.49213236570358276,0.538542628288269,0.5835680961608887,0.4934203028678894,0.5374277830123901,0.41481953859329224,0.8062008619308472,0.828472375869751,0.9478873610496521
hair,0.9496594667434692,1.094165325164795,1.1528925895690918,0.8963947892189026,0.9907500743865967,0.7062971591949463,0.4839114546775818,0.34665733575820923,0.0,0.6284079551696777,0.868980884552002,1.0525912046432495,1.0967142581939697,1.0015512704849243,0.9730433821678162,0.9224438071250916,1.0119524002075195,1.028683066368103,1.0258616209030151,0.9226590991020203,1.0239061117172241,0.7473191618919373,0.824730396270752,0.8555231094360352,1.0172284841537476,0.9893185496330261,0.8385784029960632,0.8935192227363586,0.9544748067855835,0.8917626738548279,1.1333248615264893,0.8371197581291199,1.1212495565414429,1.0865495204925537,1.1653259992599487,1.1026110649108887,1.2253246307373047,1.151461124420166,1.2068544626235962,1.020195722579956,1.1864336729049683,1.1127407550811768,1.1552621126174927,0.8581221699714661,0.8697629570960999,1.1974902153015137,1.0466394424438477,1.129834532737732,1.1400701999664307,1.1911081075668335,0.9661901593208313,1.1135231256484985,1.1623311042785645,1.1831800937652588,1.2330750226974487,0.8699012994766235,0.895844578742981,1.1667454242706299,1.2381699085235596,1.1925753355026245,1.1601406335830688,1.2096878290176392,1.2414214611053467,1.2780327796936035,1.2746752500534058,1.1471048593521118,1.183424949645996,1.1260321140289307,1.0664334297180176,0.964323878288269,0.923331081867218,0.8146492838859558,1.1193504333496094,1.2194914817810059,1.2074851989746094,1.029488205909729,0.7418889999389648,0.9939222931861877,1.1608790159225464,1.1946752071380615,0.8777151107788086,0.8966843485832214,1.028997778892517,0.9974619746208191,0.9982578754425049,1.1303205490112305,1.1284579038619995,1.2809089422225952,1.3145173788070679,0.7980644702911377,0.4751269817352295,0.6040949821472168,0.6048867702484131,0.43729400634765625,0.42571336030960083,0.3361304998397827,0.6612211465835571,0.6562039256095886,0.7855678796768188
arm,1.0610246658325195,1.1128064393997192,1.1646158695220947,0.7166783809661865,1.01546311378479,0.868583619594574,0.7255292534828186,0.8057066202163696,0.6284079551696777,0.0,0.7108112573623657,1.0850756168365479,1.2522436380386353,1.2066773176193237,1.2491426467895508,0.8680034875869751,1.1595464944839478,1.169694185256958,0.7896344661712646,0.7052530646324158,0.873997688293457,0.7458103895187378,0.7638133764266968,0.6350691318511963,0.6963292360305786,0.6385026574134827,0.6231682300567627,0.7457919120788574,0.64708012342453,0.6528960466384888,0.8709487915039062,0.5879980325698853,1.213897943496704,1.1423847675323486,1.2016007900238037,1.1270498037338257,1.2298122644424438,1.19557523727417,1.2571451663970947,1.2480895519256592,1.3915492296218872,1.253129005432129,1.305078387260437,1.2609834671020508,1.1605502367019653,1.2659974098205566,0.9232407212257385,0.8919053673744202,1.0251682996749878,1.120957612991333,1.1519949436187744,1.031117558479309,1.2512346506118774,1.302621841430664,1.3638708591461182,0.9544859528541565,0.9038585424423218,1.3189363479614258,1.2922868728637695,1.0207492113113403,1.275553584098816,1.0098003149032593,1.0925326347351074,1.2344169616699219,1.2480082511901855,0.9429918527603149,1.1288942098617554,1.1997796297073364,0.9974658489227295,0.942304790019989,0.9385414123535156,0.7155803442001343,0.6768733263015747,0.9021743535995483,1.058929443359375,0.7993850111961365,0.8893262147903442,0.7906802892684937,1.1524174213409424,1.0772674083709717,0.9392637014389038,0.8108311891555786,0.9282301068305969,0.9549211859703064,1.1055521965026855,0.9515841603279114,1.0413293838500977,1.301008701324463,1.2805484533309937,0.5954304337501526,0.4587549567222595,0.5891547203063965,0.6743208765983582,0.5118918418884277,0.4700731039047241,0.4191848039627075,0.46825987100601196,0.5627585649490356,0.7704999446868896
hand,1.0328896045684814,0.9279679656028748,0.9409834742546082,0.8975958824157715,0.760144054889679,0.8993464112281799,0.9270022511482239,0.8452574610710144,0.868980884552002,0.7108112573623657,0.0,0.3932979106903076,0.6841467022895813,0.9325976371765137,1.0049457550048828,1.0446385145187378,1.2172223329544067,1.2165607213974,1.0514165163040161,1.0089201927185059,1.1158844232559204,1.15151846408844,1.1530059576034546,1.0680629014968872,1.0886890888214111,1.0125055313110352,0.972105085849762,1.0052320957183838,0.9188794493675232,0.8876336216926575,1.1180715560913086,0.7949736714363098,1.1918644905090332,0.9367741942405701,1.0189688205718994,0.9920428395271301,1.0213485956192017,0.8525882959365845,1.0765410661697388,1.1263728141784668,1.1157755851745605,1.0952140092849731,1.1242324113845825,1.113196849822998,1.0752896070480347,0.9662482738494873,1.218895435333252,0.9742163419723511,0.8050736784934998,0.9507765769958496,0.9303954839706421,0.8212829828262329,0.9847569465637207,1.1641972064971924,1.046862006187439,1.1575350761413574,1.1349711418151855,1.294162631034851,1.2398757934570312,1.2000985145568848,1.1546697616577148,1.1750298738479614,1.1993552446365356,1.1167510747909546,1.1909409761428833,0.8045469522476196,0.9362289905548096,0.9422218799591064,0.7802456617355347,0.9157702326774597,0.7021381855010986,0.7787309885025024,0.7824941873550415,1.1542803049087524,0.9941280484199524,0.8313398361206055,1.0147141218185425,0.6425809860229492,0.667166531085968,0.890746533870697,0.9255342483520508,0.5385067462921143,0.5423488616943359,0.6284159421920776,0.8911920785903931,1.0485033988952637,1.0760035514831543,1.2128994464874268,1.1693899631500244,0.8476736545562744,0.623894214630127,0.5438569784164429,0.7248956561088562,0.9429873824119568,0.9476765394210815,0.8705308437347412,0.8109377026557922,0.929868221282959,0.9943926930427551
finger,0.9874825477600098,0.9439232349395752,1.008876085281372,1.2381280660629272,0.96324223279953,1.0074667930603027,1.1212244033813477,1.005746841430664,1.0525912046432495,1.0850756168365479,0.3932979106903076,0.0,0.20528960227966309,0.5759979486465454,0.6401444673538208,1.1711112260818481,1.095017433166504,1.0136040449142456,1.1542023420333862,1.214166283607483,1.1464061737060547,1.260450839996338,1.2594916820526123,1.1888456344604492,1.1706417798995972,1.2678591012954712,1.2460891008377075,1.1540707349777222,1.2237693071365356,1.1604942083358765,1.1105308532714844,1.1630187034606934,1.013895034790039,0.8321256637573242,0.8320639133453369,0.8951140642166138,0.7694148421287537,0.7571300268173218,0.8410041928291321,0.957071840763092,0.6829485893249512,0.6724916696548462,0.6764249205589294,0.6945651769638062,0.794451117515564,0.7084960341453552,1.2542974948883057,1.1274317502975464,0.9594077467918396,0.9040089249610901,0.8098458051681519,0.8282965421676636,0.7605611085891724,0.8242397904396057,0.6523393392562866,1.13277268409729,1.1671336889266968,1.0112956762313843,0.936781108379364,1.069663643836975,0.825859785079956,1.1286319494247437,1.0909380912780762,0.9369726181030273,0.8936899304389954,1.0256595611572266,0.983731746673584,0.7808612585067749,0.8556432127952576,0.9308851361274719,0.8432633876800537,1.124232530593872,1.174987554550171,1.1998661756515503,1.0572761297225952,1.0801492929458618,1.1187255382537842,0.8938652873039246,0.5488160252571106,1.0901693105697632,1.1117337942123413,0.7891602516174316,0.5672245025634766,0.6711190342903137,0.8709219694137573,1.1667836904525757,0.9558541774749756,1.0087876319885254,0.9814006090164185,1.1546170711517334,1.0592037439346313,0.9785754680633545,1.044907569885254,1.2233322858810425,1.2242614030838013,1.1534217596054077,1.1200662851333618,1.1780816316604614,1.0832017660140991
toe,1.0157431364059448,0.9135664701461792,1.0344902276992798,1.3294870853424072,1.0262250900268555,0.9864344596862793,1.1292059421539307,1.0553462505340576,1.0967142581939697,1.2522436380386353,0.6841467022895813,0.20528960227966309,0.0,0.4752695560455322,0.5415104627609253,1.1651688814163208,1.0561918020248413,1.013094425201416,1.2117550373077393,1.2707492113113403,1.1447417736053467,1.3353755474090576,1.2858611345291138,1.2492409944534302,1.1944575309753418,1.3558961153030396,1.3314845561981201,1.211425542831421,1.3342783451080322,1.29155695438385,1.1375985145568848,1.277883529663086,0.9598191380500793,0.7329251766204834,0.7065593004226685,0.858449399471283,0.6416221857070923,0.716559648513794,0.7071196436882019,0.7642492055892944,0.3647669553756714,0.5010852217674255,0.45793044567108154,0.5094853639602661,0.6732245683670044,0.6082810759544373,1.2709290981292725,1.1497571468353271,1.0608711242675781,0.9084511995315552,0.7382925152778625,0.8943288326263428,0.7141752243041992,0.6856982111930847,0.5001867413520813,1.179948091506958,1.1803559064865112,0.8016684055328369,0.7502797842025757,1.0202049016952515,0.6269985437393188,1.1413919925689697,1.0262569189071655,0.824182391166687,0.7114157676696777,1.1082532405853271,1.0058430433273315,0.797002375125885,0.9207621216773987,1.0175464153289795,0.9195698499679565,1.2111859321594238,1.3160319328308105,1.2262532711029053,1.0864427089691162,1.174865961074829,1.082625389099121,1.0102444887161255,0.5234728455543518,1.088220238685608,1.0964850187301636,0.8129847049713135,0.4815368056297302,0.5799925923347473,0.6713908314704895,1.2149099111557007,0.9130612015724182,0.8351043462753296,0.8378503322601318,1.276110053062439,1.1840523481369019,1.1033408641815186,1.1341608762741089,1.3008131980895996,1.308936595916748,1.2199523448944092,1.1686584949493408,1.1759624481201172,1.054024338722229
tooth,1.0135501623153687,0.9418647289276123,1.013999581336975,1.3408246040344238,1.0186973810195923,1.1463426351547241,1.1382416486740112,1.0023235082626343,1.0015512704849243,1.2066773176193237,0.9325976371765137,0.5759979486465454,0.4752695560455322,0.0,0.5086197853088379,1.1810649633407593,0.9623884558677673,0.9418098330497742,1.1579645872116089,1.263242244720459,1.0886787176132202,1.2449951171875,1.2257262468338013,1.1530704498291016,1.1011923551559448,1.2254765033721924,1.2964929342269897,1.189298391342163,1.2477556467056274,1.155624270439148,0.9726424217224121,1.2013523578643799,0.8091087341308594,0.8573027849197388,0.8147273659706116,0.9085078239440918,0.6890952587127686,0.8401732444763184,0.8040816783905029,0.849371075630188,0.5681480169296265,0.5464799404144287,0.5138447880744934,0.47049087285995483,0.6113568544387817,0.6923887729644775,1.2282068729400635,1.0926880836486816,0.997490644454956,0.8197360634803772,0.7356626987457275,0.8151696920394897,0.7138793468475342,0.7147092819213867,0.5220789313316345,1.1654329299926758,1.1143872737884521,0.8319140672683716,0.789649248123169,1.0313737392425537,0.6946842074394226,1.0210884809494019,0.9756489396095276,0.8655554056167603,0.7462062835693359,0.9939254522323608,0.9232732653617859,0.8722522258758545,0.9331592917442322,0.9797573089599609,0.9747747182846069,1.157214879989624,1.2037566900253296,1.1334941387176514,1.10905921459198,1.1738530397415161,1.0007821321487427,0.9645197987556458,0.5231672525405884,1.1143816709518433,1.1299562454223633,1.0916105508804321,0.9068033695220947,1.0095356702804565,0.9584997296333313,1.191897988319397,1.0338720083236694,0.8938527703285217,0.8882871270179749,1.2780483961105347,1.1479988098144531,1.0366315841674805,1.0450327396392822,1.1662249565124512,1.1759124994277954,1.084600567817688,1.1451841592788696,1.1272913217544556,1.0448802709579468
nose,1.109941840171814,0.989575207233429,1.1417021751403809,1.3309242725372314,1.1551135778427124,1.0786246061325073,1.1632169485092163,0.870140016078949,0.9730433821678162,1.2491426467895508,1.0049457550048828,0.6401444673538208,0.5415104627609253,0.5086197853088379,0.0,1.1530730724334717,0.9722871780395508,0.9505106210708618,1.1583492755889893,1.1956678628921509,1.0851387977600098,1.138193130493164,1.1593350172042847,1.124656319618225,1.1235816478729248,1.2328978776931763,1.2496609687805176,1.142311930656433,1.2487390041351318,1.2520623207092285,1.1331284046173096,1.2491650581359863,0.7835988402366638,0.8936958909034729,0.8665751218795776,0.959286093711853,0.8082550168037415,0.8317626118659973,0.7955524921417236,0.7903838753700256,0.6004143953323364,0.6094608902931213,0.5444883108139038,0.3863168954849243,0.6385145783424377,0.8381420373916626,1.1801879405975342,1.1900177001953125,1.1427257061004639,0.9991823434829712,0.848857581615448,1.045805811882019,0.7891125679016113,0.7218925952911377,0.6373162269592285,1.0882686376571655,1.0594041347503662,0.7700543999671936,0.7906174063682556,1.0000360012054443,0.6756303310394287,1.0848324298858643,1.0376843214035034,0.9010615944862366,0.8159623146057129,1.1533710956573486,1.0666956901550293,0.9314287900924683,1.0355623960494995,1.0957955121994019,1.0160019397735596,1.2083622217178345,1.284220814704895,1.1681848764419556,1.1378486156463623,1.1888248920440674,1.1012510061264038,1.180264949798584,0.7309916019439697,1.1372365951538086,1.1494067907333374,1.1437932252883911,0.974087655544281,1.033843994140625,0.9697390794754028,1.2013845443725586,1.0444531440734863,0.9571440815925598,1.0272287130355835,1.2830760478973389,1.1710394620895386,1.1240077018737793,1.0500407218933105,1.1816188097000122,1.1633988618850708,1.115363359451294,1.1882587671279907,1.1518141031265259,1.0285913944244385
stroller,0.9415453672409058,1.160969853401184,0.9958019852638245,0.794876754283905,0.9269695281982422,0.9335986971855164,0.6890515685081482,0.9497628808021545,0.9224438071250916,0.8680034875869751,1.0446385145187378,1.1711112260818481,1.1651688814163208,1.1810649633407593,1.1530730724334717,0.0,0.885100245475769,1.105992317199707,0.7117174863815308,0.7172672748565674,0.9931513071060181,0.8678362369537354,0.7930746078491211,0.7999502420425415,0.896970808506012,0.6290201544761658,0.7439276576042175,0.7400270700454712,0.7221319675445557,0.9436480402946472,1.093066930770874,0.8189302086830139,1.2575021982192993,1.0668386220932007,1.1116013526916504,1.1612334251403809,1.243448257446289,1.1836241483688354,1.2371129989624023,1.0367405414581299,1.1433918476104736,1.1682112216949463,1.2451761960983276,1.1871365308761597,1.1214956045150757,1.223960280418396,0.544584333896637,0.9653217792510986,0.9903315305709839,1.196164608001709,1.0983222723007202,1.141210675239563,1.1707267761230469,1.1513962745666504,1.2260876893997192,0.8474211692810059,0.8687111139297485,1.163041114807129,1.2232908010482788,0.9330263733863831,1.1393852233886719,0.8926569819450378,1.0121495723724365,1.187336802482605,1.2522778511047363,1.1235597133636475,1.1009489297866821,1.1914410591125488,1.1248530149459839,1.003045678138733,1.072005033493042,0.8987115621566772,0.7993997931480408,0.8414247035980225,0.8684423565864563,0.8883205652236938,0.9272204637527466,0.9359647035598755,1.156447410583496,0.7486910820007324,0.6612401008605957,0.8718178868293762,0.9465661644935608,0.9234734773635864,0.9268252849578857,0.7044991254806519,0.881333589553833,0.9513318538665771,0.9647896885871887,0.7852616906166077,0.8344319462776184,0.8540148138999939,0.8567100167274475,0.8318910598754883,0.8373309969902039,0.9158489108085632,0.9203213453292847,0.8872866034507751,1.0039340257644653
car,0.923919141292572,0.9705095291137695,0.9718672633171082,1.0875214338302612,0.9757357239723206,1.083702564239502,0.9804444313049316,1.0366398096084595,1.0119524002075195,1.1595464944839478,1.2172223329544067,1.095017433166504,1.0561918020248413,0.9623884558677673,0.9722871780395508,0.885100245475769,0.0,0.8846072554588318,1.0377131700515747,1.0715669393539429,0.977362334728241,0.9239618182182312,0.9200490117073059,1.0180147886276245,0.9834133982658386,1.0735092163085938,1.174055576324463,1.0390738248825073,1.1081194877624512,1.1203120946884155,0.9029613733291626,1.1523100137710571,0.9226574301719666,1.029480218887329,1.02419114112854,1.0584362745285034,1.0406657457351685,1.0749679803848267,0.9658253788948059,0.8914968967437744,0.9554212689399719,0.9065319299697876,0.948813259601593,0.9028692245483398,0.9688777923583984,1.0405573844909668,0.9190793633460999,1.0552997589111328,1.0256094932556152,0.9830073714256287,0.9604998230934143,0.992889404296875,0.9511512517929077,0.9066705703735352,0.8863033652305603,0.8533951640129089,0.9107810258865356,0.7720693349838257,0.8715543746948242,0.9699099063873291,0.8982399702072144,0.8977698087692261,0.8691156506538391,0.9740232825279236,0.9334394931793213,1.0938382148742676,0.9882723093032837,1.0830466747283936,1.1185319423675537,0.9457621574401855,1.088672399520874,1.1114442348480225,1.0965592861175537,0.9251053333282471,0.9096315503120422,1.0754575729370117,0.8998985290527344,1.0962574481964111,1.0797566175460815,0.9557433128356934,0.952273428440094,1.2210502624511719,1.1535054445266724,1.1500582695007324,1.0723525285720825,0.9596001505851746,1.0057973861694336,0.9109059572219849,0.9365653395652771,1.1810017824172974,1.177268385887146,1.1309596300125122,1.1315724849700928,1.0917925834655762,1.082425832748413,1.1020605564117432,1.2097649574279785,1.1275012493133545,1.024160385131836
lamp,1.0049631595611572,1.026542067527771,1.0540722608566284,1.1475348472595215,1.0566833019256592,1.1205788850784302,1.1163159608840942,1.0494613647460938,1.028683066368103,1.169694185256958,1.2165607213974,1.0136040449142456,1.013094425201416,0.9418098330497742,0.9505106210708618,1.105992317199707,0.8846072554588318,0.0,1.0098414421081543,1.0377601385116577,0.9073366522789001,0.8488067388534546,0.8653911352157593,1.0633012056350708,1.0134668350219727,1.0697635412216187,1.0987590551376343,1.037892460823059,1.0995465517044067,1.038323163986206,0.8707398772239685,1.1568703651428223,0.6747071146965027,0.9409128427505493,0.9207904934883118,1.0453284978866577,0.8747808933258057,0.9726254940032959,0.9357722997665405,0.9631989002227783,0.9191350340843201,0.8657692670822144,0.8824508190155029,0.8599996566772461,0.8720337152481079,0.9656380414962769,0.9552914500236511,1.0230096578598022,0.9984349012374878,0.8659099340438843,0.9262048602104187,0.9557740092277527,0.8135197758674622,0.8041607141494751,0.8452297449111938,0.7975127696990967,0.8537121415138245,0.7396767139434814,0.8312159776687622,0.947519063949585,0.9636339545249939,0.9714308381080627,0.9143824577331543,0.9132480621337891,0.8563971519470215,1.0476826429367065,1.0371809005737305,1.0528039932250977,1.0654197931289673,1.1098484992980957,1.1169816255569458,1.1453133821487427,1.1438766717910767,0.9366458654403687,1.0079433917999268,1.07489812374115,1.030597448348999,1.0533299446105957,1.0643072128295898,1.0594419240951538,1.1257903575897217,1.2473087310791016,1.1932793855667114,1.1455063819885254,1.1327424049377441,1.083221197128296,1.004839301109314,0.8929564952850342,0.905709445476532,1.1430935859680176,1.203192949295044,1.2071137428283691,1.168961524963379,1.1166149377822876,1.0098974704742432,1.0721197128295898,1.1731345653533936,1.1130025386810303,1.0568493604660034
chair,1.0553017854690552,1.0798455476760864,1.1419708728790283,0.8377386331558228,1.1168357133865356,0.9493594765663147,0.8862645030021667,0.9787428379058838,1.0258616209030151,0.7896344661712646,1.0514165163040161,1.1542023420333862,1.2117550373077393,1.1579645872116089,1.1583492755889893,0.7117174863815308,1.0377131700515747,1.0098414421081543,0.0,0.45732182264328003,0.8000077605247498,0.8158142566680908,0.748977780342102,0.7413132786750793,0.7554441094398499,0.5676155686378479,0.556525707244873,0.6409266591072083,0.2601531744003296,0.5542165040969849,0.8551474809646606,0.6315780878067017,1.206899642944336,1.0856366157531738,1.0409862995147705,1.1615666151046753,1.1390467882156372,1.130678415298462,1.163270115852356,1.066210150718689,1.1862719058990479,1.1996134519577026,1.2141671180725098,1.2290539741516113,1.152566909790039,1.1363633871078491,0.7185150384902954,0.9285799860954285,0.9939640760421753,1.0616133213043213,1.1246777772903442,1.0737638473510742,1.0900275707244873,1.090623378753662,1.1898951530456543,0.8199872374534607,0.8827831149101257,1.1364063024520874,1.0561060905456543,0.6472790241241455,1.1160808801651,0.8460403680801392,0.8629344701766968,1.011174201965332,1.0016403198242188,0.8236664533615112,1.1254650354385376,1.188954472541809,1.1096923351287842,1.0671378374099731,1.0273433923721313,0.9179701805114746,0.6837952733039856,0.746063232421875,0.8292657136917114,0.7866820693016052,0.9596099257469177,0.9786954522132874,1.1511486768722534,0.9407675266265869,0.9740880131721497,0.9432839751243591,1.0406594276428223,1.0183912515640259,1.068324327468872,0.7644141912460327,0.8421259522438049,1.0104553699493408,0.976812481880188,0.6651329398155212,0.8409236669540405,0.8738642334938049,0.9541741013526917,0.8336958885192871,0.7887084484100342,0.8333275318145752,0.6111844778060913,0.7548163533210754,0.9472142457962036
bench,1.0952210426330566,1.1464574337005615,1.1617993116378784,0.7027592658996582,1.0951193571090698,0.8303102254867554,0.8131263852119446,0.8686617612838745,0.9226590991020203,0.7052530646324158,1.0089201927185059,1.214166283607483,1.2707492113113403,1.263242244720459,1.1956678628921509,0.7172672748565674,1.0715669393539429,1.0377601385116577,0.45732182264328003,0.0,0.6865209937095642,0.5603417158126831,0.5976516604423523,0.7806739807128906,0.843166708946228,0.531580924987793,0.1580817699432373,0.21973776817321777,0.3158789873123169,0.6805146336555481,1.0076543092727661,0.6751255393028259,1.2415971755981445,1.1315116882324219,1.1694625616073608,1.227211356163025,1.2478960752487183,1.2200560569763184,1.2780232429504395,1.192940592765808,1.2887297868728638,1.2953025102615356,1.273685336112976,1.2963058948516846,1.2068235874176025,1.2495484352111816,0.7348265647888184,1.066153883934021,1.1048916578292847,1.2814425230026245,1.2049232721328735,1.2239378690719604,1.2189749479293823,1.2154886722564697,1.3654274940490723,0.7304913997650146,0.8797040581703186,1.3104214668273926,1.2659473419189453,0.9614143371582031,1.1761502027511597,0.9864288568496704,1.1460161209106445,1.1927934885025024,1.2659659385681152,1.007155179977417,1.2092872858047485,1.2521781921386719,1.1401110887527466,1.036183476448059,1.0594574213027954,0.8354573845863342,0.7288773655891418,0.8163127899169922,0.7608168125152588,0.7117042541503906,0.9548079967498779,0.9990507364273071,1.306557297706604,1.027483344078064,0.9567317366600037,0.9044554233551025,1.09260094165802,0.9321680665016174,1.039440631866455,0.869775652885437,0.6750898361206055,1.1314420700073242,1.1181929111480713,0.3208223581314087,0.6437926292419434,0.8638742566108704,0.9156657457351685,0.6635802984237671,0.7008906006813049,0.7557592391967773,0.5904944539070129,0.6470566987991333,1.0200647115707397
drawer,1.0743446350097656,1.1181069612503052,1.1848405599594116,0.996944010257721,1.1532862186431885,1.010202407836914,0.9876984357833862,1.022745966911316,1.0239061117172241,0.873997688293457,1.1158844232559204,1.1464061737060547,1.1447417736053467,1.0886787176132202,1.0851387977600098,0.9931513071060181,0.977362334728241,0.9073366522789001,0.8000077605247498,0.6865209937095642,0.0,0.8332879543304443,0.5362082123756409,0.6010309457778931,0.5451679825782776,0.7152982950210571,0.7726629376411438,0.8410555124282837,0.8158285617828369,0.7942931056022644,0.8404868245124817,1.0041829347610474,0.9890820980072021,1.0858745574951172,1.080247163772583,1.1212403774261475,1.1119961738586426,1.108350396156311,1.0606780052185059,1.1178339719772339,1.0750843286514282,1.0504038333892822,1.059202790260315,1.0444715023040771,1.05298912525177,1.113542914390564,0.827163815498352,0.9977706074714661,1.0908961296081543,1.110721230506897,1.1160154342651367,1.0920524597167969,1.0547500848770142,1.0594935417175293,1.1260933876037598,0.9024747014045715,0.861770749092102,1.0590518712997437,1.0578081607818604,0.7875205278396606,0.980479896068573,0.8470349311828613,0.9153610467910767,1.0538803339004517,1.024673581123352,1.01323664188385,1.1207386255264282,1.1055480241775513,1.1433354616165161,1.0053044557571411,1.052707314491272,1.0624526739120483,0.942956805229187,0.6528782844543457,0.9246375560760498,0.8858752846717834,1.0454633235931396,1.0801208019256592,1.2154921293258667,1.128112554550171,1.1059342622756958,1.109239935874939,1.1491858959197998,1.1193796396255493,1.0735985040664673,0.9694495797157288,1.0279490947723389,0.8803878426551819,0.8854512572288513,0.8364033102989197,0.9689042568206787,1.1054760217666626,1.1001940965652466,0.9428986310958862,0.8808435201644897,0.9389498829841614,0.8765773773193359,0.8432149291038513,1.0246262550354004
