,rooster,bird,fish,frog,alligator,owl,cat,dog,face,hair,arm,hand,leg,foot,finger,toe,tooth,ear,nose,stroller,motorcycle,car,lamp,chair,bench,drawer,ladder,window,door,closet,refrigerator,oven,crib,bed,couch,table,bathtub,sink,boat,slide,sprinkler,clock,ball,balloon,pumpkin,egg,orange,apple,hat,slipper,watch,nail,glasses,necklace,carrot,vacuum,shovel,scissors,spoon,fork,knife,pencil,pen,crayon,plant,flower,bottle,cup,can,belt,radio,basket,bucket,tape,bowl,plate,pickle,banana,melon,bread,cracker,pizza,hamburger,muffin,glass,tray,box,book,paper,comb,toothbrush,gum,toy,doll,mitten,glove,sock,shoe,purse,pillow,towel,napkin,blanket,dress,pajamas,bib,scarf,jacket,sweater,shirt,jeans,pants,shorts
rooster,0.0,1.0472203493118286,0.9549347758293152,0.6908998489379883,1.050451636314392,0.9663802981376648,1.1319451332092285,0.6626355051994324,1.0974005460739136,1.1612153053283691,1.205775260925293,1.1736390590667725,0.9800513386726379,1.0010756254196167,1.0908863544464111,0.9737478494644165,1.006849765777588,1.0547468662261963,1.1299781799316406,0.9587928056716919,0.8282449841499329,0.9979454278945923,0.8687343597412109,1.1042438745498657,1.1293842792510986,1.1091136932373047,1.0976721048355103,1.0987584590911865,1.0860265493392944,1.0463975667953491,1.0822594165802002,1.0327181816101074,1.1395127773284912,1.1396723985671997,1.125847578048706,1.1250629425048828,1.1255781650543213,1.0583745241165161,0.9665155410766602,1.1385893821716309,1.0061023235321045,0.9018610119819641,0.9765244126319885,0.8746841549873352,1.01725435256958,0.9631645679473877,0.9288225173950195,0.8940883874893188,0.7668853998184204,0.7164082527160645,0.9934585690498352,0.8690724968910217,0.9701701998710632,1.0192843675613403,0.8130449056625366,0.8252246379852295,0.8079601526260376,0.7173342704772949,0.9244891405105591,0.9199070930480957,0.9499715566635132,0.8467108607292175,0.8893443942070007,0.8004675507545471,0.8643589019775391,0.571033775806427,0.9536247849464417,0.9904906153678894,1.0141124725341797,1.0258334875106812,0.9662328362464905,1.0255038738250732,1.0051053762435913,0.9315603971481323,0.9973782896995544,0.9080570936203003,0.8575442433357239,0.892184317111969,1.1078680753707886,0.9531933069229126,0.927503228187561,0.9324135184288025,1.0692089796066284,0.8119423389434814,1.0587385892868042,1.061448097229004,1.0832698345184326,0.9984346628189087,1.0879113674163818,1.034623384475708,1.0149892568588257,0.9655853509902954,0.9010335206985474,0.9747386574745178,1.1771717071533203,1.0627026557922363,1.0362355709075928,0.8041714429855347,0.9185981750488281,1.1000981330871582,1.12387216091156,1.021619200706482,1.1550811529159546,1.0368762016296387,1.15715491771698,1.1652823686599731,0.9880475401878357,1.1128711700439453,1.1350371837615967,1.188723087310791,1.1610679626464844,1.1407184600830078,1.2109578847885132
bird,1.0472203493118286,0.0,0.953300416469574,0.9228097200393677,0.9147436618804932,0.968445897102356,0.7152248620986938,1.0457011461257935,0.9183697700500488,0.9003271460533142,0.9634230136871338,0.9334269762039185,0.9720621109008789,1.0292701721191406,1.0697205066680908,1.0723204612731934,1.015946388244629,0.9620909690856934,1.0710710287094116,1.0999298095703125,0.9778872132301331,0.7493074536323547,1.0962481498718262,0.9496456980705261,0.9267560839653015,0.9386036992073059,0.8505609631538391,1.073191523551941,0.9729663133621216,1.099165916442871,1.0173176527023315,1.0329140424728394,0.8855099081993103,0.9350725412368774,0.9603058695793152,0.8800445795059204,0.9984784126281738,0.956767737865448,0.994861900806427,0.8762975931167603,0.8420073390007019,1.0559637546539307,1.0285621881484985,1.0583301782608032,0.9002734422683716,1.080832600593567,1.054404377937317,0.9890781044960022,1.1020023822784424,1.0463719367980957,1.0937809944152832,1.0547388792037964,1.058569073677063,1.0353490114212036,1.0475139617919922,0.9669679999351501,1.0284512042999268,1.025299310684204,1.088209867477417,0.9305133819580078,1.0378104448318481,0.946708083152771,0.9717161059379578,0.9246244430541992,1.0592507123947144,1.0204331874847412,0.9177724123001099,1.0208699703216553,0.9510287642478943,1.0669894218444824,1.0740283727645874,0.9480180144309998,0.9178563952445984,1.0677930116653442,1.033919095993042,1.015507698059082,0.9759402275085449,0.9325249195098877,0.8956105709075928,1.0277117490768433,0.9509155750274658,0.996823251247406,0.9422158002853394,0.9326866269111633,0.8538778424263,0.992492139339447,0.8781793713569641,0.9340452551841736,0.7721574306488037,0.9793215990066528,0.9675948619842529,0.944337010383606,0.9498558044433594,0.9932136535644531,0.8906388878822327,0.9417316317558289,0.965869665145874,1.0563130378723145,1.0609582662582397,0.9639376401901245,0.9344750642776489,0.9192439317703247,0.9898618459701538,0.8980700373649597,0.8483213782310486,0.8504326343536377,1.0056071281433105,0.9036991000175476,0.8270015716552734,0.8081486225128174,0.9015515446662903,0.8672438263893127,0.9274539947509766
fish,0.9549347758293152,0.953300416469574,0.0,0.8468679785728455,0.7514519691467285,0.894781231880188,0.9163239002227783,1.0290395021438599,1.0134159326553345,1.119245171546936,0.9089429378509521,0.9114238023757935,0.9478616714477539,0.9183124899864197,1.00784432888031,1.0155426263809204,0.9752638339996338,1.051510214805603,1.086827278137207,1.0085804462432861,1.0341895818710327,0.9714171290397644,1.0698155164718628,1.0403358936309814,1.090489387512207,1.1148202419281006,1.0915262699127197,1.1790761947631836,1.1115829944610596,1.008415699005127,1.037685751914978,1.1011639833450317,1.061207890510559,1.1219507455825806,1.1597150564193726,0.9336560964584351,1.0325725078582764,0.9668946266174316,0.9773029088973999,1.0138609409332275,0.9366528987884521,0.9132887125015259,0.9605942964553833,0.9564816355705261,0.9334818720817566,0.9736824035644531,1.0028126239776611,0.9726697206497192,0.9754921793937683,0.8961107730865479,1.0317991971969604,1.0242761373519897,1.1071841716766357,1.057493805885315,0.7469974160194397,0.9968326091766357,0.8482272624969482,0.9024165868759155,0.8731619119644165,0.7422095537185669,0.7909718751907349,0.9271467924118042,0.8837341070175171,0.9009333848953247,1.1557390689849854,1.0283461809158325,0.9831817746162415,1.0530822277069092,1.0651772022247314,0.9530102610588074,1.0251845121383667,0.9522809386253357,1.0342849493026733,1.0608497858047485,0.977672815322876,0.9140721559524536,0.8649029731750488,0.8566415309906006,0.8956717252731323,0.8373556137084961,0.6816726922988892,0.8637866973876953,0.8907689452171326,0.9274088740348816,0.9414523839950562,0.9422675967216492,1.039445400238037,1.0048974752426147,0.8868576288223267,0.9381455183029175,0.8521080017089844,0.9322633147239685,1.0155977010726929,1.0342621803283691,0.8571749329566956,0.805274486541748,0.978290855884552,0.8861078023910522,0.9230278730392456,0.9933151006698608,0.8822022676467896,0.7008508443832397,1.0192151069641113,0.9255627393722534,1.0161008834838867,0.9247809052467346,1.030530333518982,0.9985437989234924,1.0848585367202759,1.027564287185669,0.9931660294532776,1.0519229173660278,0.9920052289962769
frog,0.6908998489379883,0.9228097200393677,0.8468679785728455,0.0,0.744687557220459,0.7651823163032532,1.0204472541809082,0.801949143409729,1.1124004125595093,1.1783273220062256,1.0462571382522583,0.9697429537773132,0.8952618837356567,0.8235466480255127,1.0118852853775024,1.0468177795410156,1.0148534774780273,1.0884522199630737,1.107507348060608,1.0500562191009521,1.0523488521575928,0.9075568318367004,0.9726737141609192,1.0506433248519897,1.0138972997665405,1.1331058740615845,0.9552826881408691,1.0970430374145508,1.1069051027297974,1.0840480327606201,1.1206486225128174,1.1228015422821045,0.9472863674163818,0.970724880695343,0.9991269707679749,0.8897755742073059,1.0175591707229614,0.9446844458580017,0.8371754884719849,0.8902875185012817,0.9167788624763489,0.9746821522712708,0.7092747688293457,0.8324768543243408,0.9531950950622559,0.8882526755332947,0.8652663826942444,0.6275389194488525,0.9377121925354004,0.8555331230163574,1.1324819326400757,1.04149329662323,1.0573142766952515,1.0879896879196167,0.7670159339904785,1.1169520616531372,0.9822520613670349,0.6412510871887207,0.8548223376274109,1.0047190189361572,0.9353328943252563,0.9308885931968689,0.9512678980827332,0.8934934139251709,0.9880445003509521,0.7992883920669556,1.0159220695495605,1.0175087451934814,1.1479525566101074,1.0533148050308228,1.0171855688095093,0.9084226489067078,0.9638199210166931,0.8790213465690613,0.8761261105537415,0.7818030118942261,0.5550416707992554,0.4270181655883789,0.6266200542449951,0.7677878737449646,0.7265536785125732,0.7001186609268188,0.7775082588195801,0.6048112511634827,0.9225449562072754,0.9553907513618469,0.8779312372207642,0.8488109707832336,0.9514526128768921,1.0765413045883179,0.8163977861404419,0.6450880765914917,0.5174124240875244,0.7174348831176758,0.8706487417221069,0.9097353219985962,0.9378824830055237,0.7910422086715698,1.0618066787719727,0.938583493232727,0.9889411330223083,0.8901163935661316,1.0580555200576782,0.9637578725814819,1.0051738023757935,0.8101768493652344,0.9931390285491943,1.0133436918258667,0.9612689018249512,1.127756953239441,1.1265795230865479,1.0841922760009766,1.2039577960968018
alligator,1.050451636314392,0.9147436618804932,0.7514519691467285,0.744687557220459,0.0,0.8090105056762695,0.5366806387901306,0.9189875721931458,0.7876668572425842,0.8431923389434814,0.7169378399848938,0.8296762108802795,0.8237388730049133,0.8877162337303162,1.1636489629745483,1.3186759948730469,1.1770986318588257,1.1240721940994263,1.1129399538040161,0.8386718034744263,0.8088735342025757,1.0383104085922241,1.2145272493362427,0.8004581928253174,0.709267258644104,1.109784483909607,0.7895277142524719,0.7956507802009583,0.7690228223800659,0.7565609216690063,0.7802531719207764,0.9904999136924744,0.7776837348937988,0.7134191989898682,0.7530739307403564,0.7110306620597839,0.8173178434371948,0.8562628626823425,0.8682507276535034,0.8164039850234985,0.8736134171485901,1.2870410680770874,1.1089327335357666,1.2866796255111694,0.9447189569473267,1.288987159729004,1.2254475355148315,1.1327100992202759,1.15632963180542,1.3135284185409546,1.3898824453353882,1.4633276462554932,1.231980800628662,1.2644035816192627,1.0438284873962402,0.9768874645233154,0.950787365436554,0.9759945869445801,1.1431950330734253,1.121694803237915,1.1068593263626099,1.0975143909454346,1.1406452655792236,1.2977004051208496,0.9809771180152893,0.9492591619491577,1.1290055513381958,1.21662437915802,1.1900399923324585,1.2695841789245605,1.1458631753921509,0.8591745495796204,1.042063593864441,1.2478241920471191,0.9979208111763,1.039573073387146,0.9682948589324951,0.8505153059959412,0.6964238882064819,0.9165982007980347,0.7026175856590271,0.723772406578064,0.7259944677352905,0.958126425743103,0.856926679611206,0.8174445629119873,0.8830931782722473,0.9116265177726746,0.6789678335189819,1.0195209980010986,0.8930036425590515,1.0602174997329712,1.0316832065582275,0.6978836059570312,0.5800794363021851,0.8183699250221252,0.8485487699508667,0.9891854524612427,0.9030092358589172,0.767697811126709,0.6641541719436646,0.8030164241790771,0.6508411765098572,0.7675516605377197,0.7084879875183105,0.6384527683258057,0.8720715641975403,0.6032116413116455,0.7313023209571838,0.690906822681427,0.6911849975585938,0.7560952305793762,0.8618137836456299
owl,0.9663802981376648,0.968445897102356,0.894781231880188,0.7651823163032532,0.8090105056762695,0.0,0.6945347785949707,0.9424504637718201,0.7359235286712646,1.0319169759750366,1.0126054286956787,0.9594724178314209,0.545050859451294,0.7743867635726929,1.0321446657180786,1.0520861148834229,0.9986573457717896,0.9990599751472473,0.9867302775382996,1.0150268077850342,1.084621787071228,1.0996885299682617,0.9818577170372009,1.0358585119247437,0.956801176071167,1.070009708404541,1.0557138919830322,1.0432296991348267,1.0871881246566772,0.9622347354888916,1.1128056049346924,1.1188452243804932,0.9671024680137634,0.8632027506828308,0.9132209420204163,0.9773868322372437,0.9861330389976501,1.0009907484054565,0.886043906211853,1.0078685283660889,1.0588645935058594,0.9328005313873291,0.9563865661621094,1.0736258029937744,1.0037989616394043,1.0649590492248535,1.0624600648880005,1.1147005558013916,1.0454795360565186,1.04978346824646,1.0991039276123047,1.1279029846191406,1.0433937311172485,0.9607450366020203,1.118180751800537,1.1943217515945435,1.0762442350387573,0.9729793667793274,1.0683903694152832,1.0749807357788086,1.1525795459747314,1.057592511177063,1.08479905128479,1.1273936033248901,1.0890518426895142,1.0492315292358398,1.164642333984375,1.1121857166290283,1.2150534391403198,0.9621816277503967,1.0622872114181519,1.0073587894439697,1.124657154083252,1.103047251701355,1.0508347749710083,1.008617877960205,1.106504201889038,1.0595420598983765,0.9176249504089355,0.9579519033432007,0.9168684482574463,0.8608725070953369,0.8453476428985596,0.9312477707862854,1.0421792268753052,1.0802205801010132,1.04201340675354,0.9729937314987183,0.9645025134086609,1.0692836046218872,1.0657165050506592,1.0177327394485474,1.0283783674240112,0.928338348865509,0.8449980020523071,0.8273468017578125,0.8751630783081055,0.9508388638496399,0.9284298419952393,0.846579372882843,0.7891591787338257,0.8807249665260315,0.7945371270179749,0.8300322890281677,0.9388608336448669,0.7077577114105225,0.9484887719154358,0.49950265884399414,0.9072892069816589,0.9472576975822449,0.978032648563385,0.94190514087677,1.0167866945266724
cat,1.1319451332092285,0.7152248620986938,0.9163239002227783,1.0204472541809082,0.5366806387901306,0.6945347785949707,0.0,0.9233013987541199,0.6115567684173584,0.7473148703575134,0.8076331615447998,0.8758702278137207,0.7113159894943237,0.8239829540252686,1.1786367893218994,1.2205427885055542,1.1622626781463623,1.0066144466400146,1.02480149269104,0.9043989777565002,0.878652811050415,0.8574589490890503,1.1549584865570068,0.8878158330917358,0.6710028648376465,1.1219158172607422,0.7045533657073975,0.8824222087860107,0.8594305515289307,0.8908721804618835,0.8707561492919922,1.1474609375,0.6304464340209961,0.6333149075508118,0.7181139588356018,0.8367179036140442,0.6978760957717896,0.9381147623062134,0.8039841055870056,0.639735758304596,0.824662446975708,1.252542495727539,1.0895060300827026,1.2402286529541016,0.919748067855835,1.2463356256484985,1.1668481826782227,1.2425259351730347,1.1668071746826172,1.3061333894729614,1.2918431758880615,1.3506865501403809,1.2159563302993774,1.2272181510925293,1.1564998626708984,1.09511137008667,1.180445909500122,1.0685656070709229,1.3172954320907593,1.2149778604507446,1.2959041595458984,1.2254149913787842,1.2521226406097412,1.3356679677963257,1.111257553100586,1.102769374847412,1.2504597902297974,1.3275816440582275,1.260871410369873,1.2294005155563354,1.145715355873108,0.980823814868927,1.1418282985687256,1.298839807510376,1.1975756883621216,1.2137877941131592,1.1727604866027832,1.119726300239563,0.8567366600036621,1.1246923208236694,0.8802708983421326,0.9509912133216858,0.8439413905143738,1.0921097993850708,0.7749099135398865,0.9283766746520996,0.8461635112762451,0.9211625456809998,0.7406190633773804,1.0201671123504639,1.0985726118087769,1.115643858909607,1.0484108924865723,0.7700731158256531,0.6548945307731628,0.8621482253074646,0.7062351703643799,1.070510983467102,0.9652146697044373,0.7733443975448608,0.8378705978393555,1.049943447113037,0.6470457315444946,0.8720039129257202,0.6678658723831177,0.6416150331497192,0.8677297830581665,0.47995251417160034,0.6431408524513245,0.6624320149421692,0.6674313545227051,0.7028374671936035,0.7592865824699402
dog,0.6626355051994324,1.0457011461257935,1.0290395021438599,0.801949143409729,0.9189875721931458,0.9424504637718201,0.9233013987541199,0.0,1.0195236206054688,1.06792414188385,1.1441631317138672,1.1175131797790527,0.9633280038833618,0.946834921836853,1.0779271125793457,1.0140721797943115,0.9924952983856201,1.064692497253418,1.0456212759017944,0.9564144015312195,0.9479876756668091,1.0151926279067993,0.9290405511856079,1.0180405378341675,0.9688930511474609,1.08626389503479,1.0488191843032837,0.9303197860717773,0.9945809841156006,0.9192705750465393,0.9659284353256226,1.0015422105789185,1.0165696144104004,0.9079261422157288,0.934014618396759,1.0444433689117432,1.0140140056610107,1.0118498802185059,0.9522433280944824,1.0293571949005127,1.0704760551452637,0.9812926650047302,0.9851118922233582,1.0327560901641846,1.0250908136367798,1.008960247039795,0.9643513560295105,1.0181925296783447,0.9402454495429993,0.9302229285240173,1.0139005184173584,1.0479789972305298,0.9400419592857361,1.066879153251648,1.0242103338241577,0.9650407433509827,1.0307753086090088,0.9401739239692688,1.0728954076766968,1.0274128913879395,1.0410680770874023,0.9671024680137634,0.9980542659759521,1.0021625757217407,0.9280017018318176,0.9047232270240784,1.0096677541732788,1.0438565015792847,1.0413469076156616,1.0345618724822998,0.9817483425140381,0.9951639771461487,1.0025527477264404,0.9938977956771851,1.0048341751098633,0.9723007082939148,0.9766139388084412,0.9479328393936157,1.041823387145996,0.9592379927635193,0.9479780793190002,0.8811295628547668,1.0091265439987183,0.8404847383499146,1.053498387336731,0.9983024597167969,1.0138295888900757,0.9045791625976562,1.0269806385040283,1.0441806316375732,1.0489377975463867,0.9798833131790161,0.9621754288673401,0.9034033417701721,1.080161452293396,1.0571995973587036,1.0493806600570679,0.8982618451118469,0.9556714296340942,0.9066162109375,0.9747047424316406,0.9947726726531982,0.8825430870056152,1.0090832710266113,1.1041518449783325,1.0366642475128174,0.9545845985412598,0.9703932404518127,1.059118628501892,1.1004040241241455,1.1092232465744019,1.0320988893508911,1.1077980995178223
face,1.0974005460739136,0.9183697700500488,1.0134159326553345,1.1124004125595093,0.7876668572425842,0.7359235286712646,0.6115567684173584,1.0195236206054688,0.0,0.5793557167053223,0.915063738822937,0.9460667967796326,0.8364090919494629,0.9211312532424927,1.0835109949111938,1.095426321029663,0.9751151204109192,0.9250156879425049,0.6762635707855225,1.1151233911514282,1.0818002223968506,1.0762401819229126,1.109885811805725,1.10055410861969,1.005481481552124,1.1720292568206787,1.0671706199645996,0.9431899785995483,1.006783127784729,1.0155155658721924,1.0213887691497803,1.15625,1.0574427843093872,0.9388456344604492,0.95991450548172,1.0470139980316162,1.0007734298706055,1.0776829719543457,0.9533949494361877,1.0232441425323486,1.0695186853408813,1.0583819150924683,1.0992050170898438,1.1931700706481934,0.8760430812835693,1.1461255550384521,1.1310774087905884,1.1994765996932983,1.0791810750961304,1.1157467365264893,1.082176685333252,1.1484487056732178,0.8174564838409424,0.8860529661178589,1.1208295822143555,1.1755344867706299,1.0950443744659424,1.1720207929611206,1.189774751663208,1.122424602508545,1.2203431129455566,1.0858808755874634,1.1580109596252441,1.2417198419570923,1.0933222770690918,1.0519312620162964,1.2252333164215088,1.2474268674850464,1.2604588270187378,1.0430535078048706,1.1054461002349854,1.1518075466156006,1.2496389150619507,1.248950719833374,1.1760950088500977,1.1748988628387451,1.1761362552642822,1.1179121732711792,0.9449672102928162,0.9917534589767456,0.8979001045227051,0.942340075969696,0.8932098150253296,1.0682727098464966,0.9930833578109741,1.1441692113876343,1.1751585006713867,1.113512635231018,0.9797618389129639,1.038927435874939,1.1634745597839355,1.2180860042572021,1.2692924737930298,0.9498145580291748,0.7724213600158691,0.8212509155273438,0.8949077129364014,1.0188287496566772,1.0140063762664795,0.8782327175140381,0.9827606081962585,1.0423725843429565,0.8697015047073364,0.8860260844230652,0.798940896987915,0.7520172595977783,0.9549751281738281,0.6335804462432861,0.8242821097373962,0.6937146186828613,0.7318557500839233,0.8073127269744873,0.7936680316925049
hair,1.1612153053283691,0.9003271460533142,1.119245171546936,1.1783273220062256,0.8431923389434814,1.0319169759750366,0.7473148703575134,1.06792414188385,0.5793557167053223,0.0,0.7183022499084473,0.8297688364982605,1.021783709526062,1.0055601596832275,1.0573937892913818,1.1683940887451172,1.0316193103790283,0.7247254252433777,0.8812074661254883,1.0053292512893677,0.9824345111846924,0.9663424491882324,1.0161223411560059,0.9336368441581726,0.9602952599525452,1.1102378368377686,0.9156007766723633,0.7179738283157349,0.7513819336891174,0.9150969982147217,0.7610071897506714,0.9459381699562073,0.9511394500732422,0.9059397578239441,0.8672638535499573,0.9707674384117126,0.9730918407440186,1.0499707460403442,1.0419588088989258,0.9484133720397949,0.8831617832183838,1.1576173305511475,1.1000350713729858,1.1754794120788574,0.8944926261901855,1.1867320537567139,1.1319317817687988,1.1731510162353516,0.9983514547348022,1.2989161014556885,1.1287925243377686,1.1815277338027954,0.7790486812591553,0.9853190779685974,1.1826286315917969,1.0318235158920288,1.1607755422592163,1.1915581226348877,1.23887038230896,1.121333360671997,1.1845983266830444,1.0915474891662598,1.1364598274230957,1.2317496538162231,0.8734543919563293,0.9564467668533325,1.0941479206085205,1.1919327974319458,1.1170072555541992,1.192643642425537,1.1668227910995483,1.1433961391448975,1.1354529857635498,1.253404140472412,1.1505327224731445,1.1967103481292725,1.1924556493759155,1.1726782321929932,1.0500155687332153,1.0793957710266113,0.9928014278411865,1.0194679498672485,0.9334477782249451,1.0943551063537598,0.967427670955658,1.0781937837600708,1.086834192276001,1.1021528244018555,0.9481599926948547,1.0359270572662354,1.052628755569458,1.1938669681549072,1.2167630195617676,0.8860634565353394,0.8753918409347534,1.0439295768737793,1.016916275024414,1.211229920387268,1.051433801651001,0.9771091938018799,1.0062596797943115,1.1742937564849854,0.8783571720123291,0.8403232097625732,0.6720642447471619,0.7068962454795837,0.769035816192627,0.7706905603408813,0.6398062705993652,0.4435650110244751,0.7008689045906067,0.7619748711585999,0.7350450158119202
arm,1.205775260925293,0.9634230136871338,0.9089429378509521,1.0462571382522583,0.7169378399848938,1.0126054286956787,0.8076331615447998,1.1441631317138672,0.915063738822937,0.7183022499084473,0.0,0.45942574739456177,1.006510615348816,0.9711211323738098,0.8843486905097961,1.108500361442566,1.1487597227096558,0.9970132112503052,1.0642781257629395,0.9452926516532898,0.938802182674408,1.024640679359436,1.134855031967163,0.680343747138977,0.714240550994873,0.9318856596946716,0.7981246709823608,0.8644099831581116,0.8413426876068115,0.9421834349632263,0.7212927341461182,0.8509432077407837,0.7591160535812378,0.796588659286499,0.7849717140197754,0.4690168499946594,0.8535385727882385,0.7461590766906738,0.9806873798370361,0.8082873225212097,0.9381540417671204,1.1961541175842285,0.9929036498069763,1.179548978805542,0.9536846876144409,1.1476455926895142,1.1200706958770752,1.0776699781417847,1.163240909576416,1.3230010271072388,1.0960689783096313,1.2635912895202637,1.117182731628418,1.1472153663635254,1.0172886848449707,1.0457955598831177,0.9511284828186035,0.9781369566917419,0.964586615562439,1.0594017505645752,0.8575921654701233,0.9282536506652832,0.8575302362442017,1.1413321495056152,0.9668796062469482,0.9924696087837219,0.9675794839859009,1.0476100444793701,0.9964994788169861,1.1844507455825806,1.1169713735580444,0.7485825419425964,0.8371413350105286,1.1425065994262695,0.8764768242835999,0.9252934455871582,1.0663352012634277,0.9849725365638733,0.9311697483062744,0.965573787689209,0.8581671714782715,0.9029837846755981,0.788129985332489,1.1096574068069458,0.8397500514984131,0.7039045691490173,0.7543184757232666,0.8402206301689148,0.5489010810852051,1.0163871049880981,0.6103885173797607,0.8668612241744995,0.9501972198486328,0.8642264008522034,0.6547238826751709,0.8401709794998169,0.8535218834877014,1.0668703317642212,0.9215627908706665,0.8925840854644775,0.7725934982299805,0.8631341457366943,0.8197177648544312,0.8653765320777893,0.531466007232666,0.520366907119751,0.9057672619819641,0.8023284673690796,0.6079569458961487,0.4737924337387085,0.567750096321106,0.6920709609985352,0.7707544565200806
hand,1.1736390590667725,0.9334269762039185,0.9114238023757935,0.9697429537773132,0.8296762108802795,0.9594724178314209,0.8758702278137207,1.1175131797790527,0.9460667967796326,0.8297688364982605,0.45942574739456177,0.0,0.99947190284729,0.8620654940605164,0.4168471693992615,0.859721302986145,0.9876274466514587,0.818804919719696,0.9427653551101685,1.069098711013794,1.1279460191726685,0.9864441752433777,1.1463730335235596,0.883979856967926,0.9444423317909241,0.9721011519432068,0.9596202969551086,1.0875612497329712,1.01589834690094,1.0775456428527832,0.9751493334770203,1.0046749114990234,0.9417778253555298,1.0008217096328735,1.0370293855667114,0.7068897485733032,0.9027526378631592,0.7889496088027954,1.0084078311920166,0.8836836814880371,0.9910626411437988,1.1055799722671509,0.8301560878753662,1.1343756914138794,0.8590521812438965,0.9878438115119934,0.9814768433570862,0.9659833908081055,1.0882728099822998,1.1562892198562622,1.019162893295288,1.1217846870422363,1.020106315612793,1.0693700313568115,0.8430178761482239,1.0864410400390625,1.0232281684875488,0.8393022418022156,0.8086645007133484,0.9526327848434448,0.7737904787063599,0.7415698170661926,0.6836063861846924,1.0227611064910889,1.1460368633270264,1.0943834781646729,0.9547981023788452,0.93879234790802,0.967566967010498,1.1064622402191162,1.0937609672546387,0.8392805457115173,0.8189293146133423,0.9744186401367188,0.82845139503479,0.7973196506500244,0.9828630685806274,0.8921001553535461,0.8070168495178223,0.6633961796760559,0.7427016496658325,0.8133991956710815,0.6815909743309021,0.9561678171157837,0.9347214102745056,0.7872573137283325,0.8156850934028625,0.7802544236183167,0.6073786616325378,0.8956230878829956,0.5350794792175293,0.6786214113235474,0.8613929152488708,0.8651540875434875,0.6159512400627136,0.7014694213867188,0.7621917724609375,1.074355959892273,0.9646679162979126,0.9958286881446838,0.8958523273468018,0.8476651310920715,1.0486034154891968,0.9233601689338684,0.731925368309021,0.6356016397476196,0.9116963148117065,0.9423049688339233,0.8474535346031189,0.7940093278884888,0.7953778505325317,0.9698719382286072,0.8772573471069336
leg,0.9800513386726379,0.9720621109008789,0.9478616714477539,0.8952618837356567,0.8237388730049133,0.545050859451294,0.7113159894943237,0.9633280038833618,0.8364090919494629,1.021783709526062,1.006510615348816,0.99947190284729,0.0,0.9357271194458008,1.085558295249939,1.0950884819030762,1.0080618858337402,1.036487340927124,1.0213426351547241,1.0624902248382568,1.0027222633361816,1.0355206727981567,1.045471429824829,1.0490086078643799,0.9874966144561768,1.0497297048568726,1.0350122451782227,1.0520215034484863,1.0897592306137085,1.048875093460083,1.0526645183563232,1.0964407920837402,1.002737283706665,0.939900279045105,0.9665146470069885,0.9864057898521423,0.9274783134460449,0.9401547312736511,0.9010874032974243,0.951844334602356,1.0004326105117798,1.0608431100845337,1.0430219173431396,1.0923559665679932,1.0572583675384521,1.0637221336364746,1.0717917680740356,1.0961761474609375,1.037653923034668,1.0337857007980347,1.0673538446426392,1.1062325239181519,1.0773593187332153,1.0110269784927368,1.021537184715271,1.1317402124404907,1.01703679561615,0.9973523616790771,1.0499358177185059,1.0238385200500488,1.0854582786560059,1.0594412088394165,1.094244122505188,1.102587342262268,1.0866297483444214,1.0189963579177856,1.150788426399231,1.0592129230499268,1.1679273843765259,1.1158376932144165,1.0166270732879639,1.0555846691131592,1.0804755687713623,1.0857224464416504,1.027772068977356,1.0183182954788208,1.0533279180526733,1.0310513973236084,0.9562451839447021,0.953515350818634,0.9087400436401367,0.8745381832122803,0.8544965982437134,0.9968153238296509,0.9719330072402954,1.007604956626892,1.0106581449508667,1.0221067667007446,1.0004364252090454,1.0730228424072266,1.0196102857589722,1.0443928241729736,1.017883062362671,0.966795802116394,0.9069985151290894,0.9706364274024963,0.8716588020324707,0.9695703387260437,1.0191290378570557,0.9859864115715027,1.003631591796875,0.9804932475090027,0.9528799057006836,1.0013338327407837,0.95327228307724,0.9220829010009766,1.0213714838027954,0.6964568495750427,0.9206883311271667,0.9915501475334167,1.001216173171997,0.9370870590209961,1.058064341545105
foot,1.0010756254196167,1.0292701721191406,0.9183124899864197,0.8235466480255127,0.8877162337303162,0.7743867635726929,0.8239829540252686,0.946834921836853,0.9211312532424927,1.0055601596832275,0.9711211323738098,0.8620654940605164,0.9357271194458008,0.0,0.9420393109321594,0.8461713790893555,1.0710667371749878,0.9270331859588623,1.046332597732544,0.9411516785621643,1.0082950592041016,1.0354504585266113,1.0961841344833374,0.9769647717475891,0.8651230931282043,1.0318117141723633,0.9765310287475586,1.0132606029510498,1.0453009605407715,0.9928251504898071,1.050376296043396,1.075366497039795,0.9142827987670898,0.7335929870605469,0.8425769805908203,0.9768112301826477,1.0262001752853394,1.068171501159668,0.9313102960586548,1.0155692100524902,0.9725854396820068,1.0789604187011719,0.9677874445915222,1.0879368782043457,1.03157377243042,1.083126187324524,1.0559474229812622,1.0701062679290771,0.9637895226478577,0.9257692098617554,1.0265088081359863,1.1304060220718384,1.0731711387634277,1.05035400390625,0.983218252658844,1.021349549293518,1.0696187019348145,0.8908677697181702,1.0473835468292236,1.0842795372009277,1.0454814434051514,1.0099231004714966,1.0201754570007324,1.0903894901275635,1.0543397665023804,1.0622543096542358,1.0426080226898193,1.0591717958450317,1.0919628143310547,1.0282729864120483,1.0486518144607544,0.9293811321258545,1.0253366231918335,1.002772331237793,1.063415765762329,1.0582756996154785,1.0269243717193604,0.9846162796020508,0.882560670375824,0.9861964583396912,0.8494582176208496,1.0046160221099854,0.8452284336090088,0.9924790263175964,1.0290526151657104,1.043845772743225,1.011048436164856,0.8890297412872314,0.9001703858375549,0.9276052713394165,0.9819384813308716,0.8730001449584961,0.9168798923492432,0.7121170163154602,0.5205141305923462,0.6158930063247681,0.5774686336517334,0.7022225856781006,0.9239835143089294,0.6459084749221802,0.8510648608207703,0.9172534942626953,0.6785199642181396,0.9896207451820374,0.8934658765792847,0.788367509841919,0.8489125370979309,0.8108853101730347,0.8990886211395264,0.995019793510437,0.9337396025657654,0.9708453416824341,1.009952425956726
finger,1.0908863544464111,1.0697205066680908,1.00784432888031,1.0118852853775024,1.1636489629745483,1.0321446657180786,1.1786367893218994,1.0779271125793457,1.0835109949111938,1.0573937892913818,0.8843486905097961,0.4168471693992615,1.085558295249939,0.9420393109321594,0.0,0.47002512216567993,0.7776889801025391,0.7651819586753845,0.7749863266944885,1.17259681224823,1.2504069805145264,1.1682491302490234,0.9813289642333984,1.1391916275024414,1.2550188302993774,0.9409576654434204,1.225900411605835,1.1625579595565796,1.1391355991363525,1.112261414527893,1.1742199659347534,1.036167025566101,1.2316011190414429,1.2208974361419678,1.2275549173355103,1.14926016330719,1.179675579071045,1.0937052965164185,1.1868410110473633,1.233512282371521,1.187909722328186,0.8975015878677368,0.7797943353652954,0.893099844455719,0.9190050363540649,0.7186322212219238,0.7639392614364624,0.7885507941246033,0.9906891584396362,0.7998470664024353,0.6889187693595886,0.663142204284668,0.7989553213119507,0.7901692390441895,0.666569709777832,1.122963547706604,1.0848002433776855,0.9286280870437622,0.8133368492126465,0.8715706467628479,0.7993353009223938,0.6962206363677979,0.6456743478775024,0.7498471736907959,1.1079703569412231,1.1093908548355103,0.9444805383682251,0.8560928106307983,0.9138599038124084,0.8081191778182983,0.955275297164917,1.0876325368881226,1.004698634147644,0.8808075189590454,0.951457679271698,0.9239381551742554,0.8456422686576843,0.8779588937759399,0.9727439284324646,0.5879577398300171,0.9055107235908508,0.9201106429100037,0.8912141919136047,0.8808366060256958,1.2450544834136963,1.1478826999664307,1.1349364519119263,0.985659658908844,1.044325828552246,0.9576192498207092,0.7975765466690063,0.8068970441818237,1.0201544761657715,1.0765105485916138,0.9351152181625366,0.7737482786178589,0.8762126564979553,1.0437846183776855,1.115969181060791,1.044080376625061,1.1235716342926025,0.9501993656158447,1.2294378280639648,1.1039724349975586,1.1536842584609985,1.1041905879974365,1.0203344821929932,1.2010786533355713,1.2211778163909912,1.2030227184295654,1.173517107963562,1.1953307390213013,1.0951130390167236
toe,0.9737478494644165,1.0723204612731934,1.0155426263809204,1.0468177795410156,1.3186759948730469,1.0520861148834229,1.2205427885055542,1.0140721797943115,1.095426321029663,1.1683940887451172,1.108500361442566,0.859721302986145,1.0950884819030762,0.8461713790893555,0.47002512216567993,0.0,0.7618234157562256,0.8689974546432495,0.7983278036117554,1.2468160390853882,1.2312222719192505,1.185123085975647,0.9618603587150574,1.2612898349761963,1.3101115226745605,0.9540562629699707,1.2744979858398438,1.2385286092758179,1.2620943784713745,1.2122700214385986,1.2589781284332275,1.0889462232589722,1.3067221641540527,1.2622041702270508,1.2794549465179443,1.2614350318908691,1.2358956336975098,1.2311851978302002,1.1940958499908447,1.2990305423736572,1.2180832624435425,0.8007879257202148,0.8338707685470581,0.7741836309432983,0.9765352010726929,0.6575946807861328,0.7352121472358704,0.7956680059432983,0.8707393407821655,0.4997953176498413,0.5087059140205383,0.4610271453857422,0.7485086917877197,0.6240326166152954,0.6240569353103638,1.1287174224853516,1.0883264541625977,0.9626837372779846,0.8264455199241638,0.8821039795875549,0.8833630084991455,0.7766432762145996,0.7376970052719116,0.6728684902191162,1.143818974494934,1.1046921014785767,0.9380759000778198,0.8726321458816528,0.929207980632782,0.6826308965682983,0.9347472190856934,1.1660468578338623,1.0908654928207397,0.8221905827522278,1.037622094154358,1.0010040998458862,0.864288330078125,0.9550013542175293,1.082087755203247,0.7011681795120239,1.0158178806304932,1.0087710618972778,1.062837839126587,0.8957546949386597,1.2644240856170654,1.3009196519851685,1.25849187374115,1.094599723815918,1.1864570379257202,1.0157058238983154,1.0420277118682861,0.9395093321800232,1.0625436305999756,1.1953128576278687,0.977597713470459,0.7870879173278809,0.780974268913269,0.8253473043441772,1.1631888151168823,1.0816725492477417,1.2276211977005005,1.0491424798965454,1.2605417966842651,1.1519973278045654,1.239883303642273,1.2492223978042603,1.0703121423721313,1.255420207977295,1.293421745300293,1.2892796993255615,1.1802122592926025,1.1785333156585693,1.0301862955093384
tooth,1.006849765777588,1.015946388244629,0.9752638339996338,1.0148534774780273,1.1770986318588257,0.9986573457717896,1.1622626781463623,0.9924952983856201,0.9751151204109192,1.0316193103790283,1.1487597227096558,0.9876274466514587,1.0080618858337402,1.0710667371749878,0.7776889801025391,0.7618234157562256,0.0,0.7964810132980347,0.5310888886451721,1.1654548645019531,1.1629501581192017,1.0546897649765015,0.9679909348487854,1.1741050481796265,1.241276741027832,1.0452536344528198,1.163055419921875,1.1827255487442017,1.1463171243667603,1.1366848945617676,1.1265534162521362,1.047107219696045,1.21529221534729,1.2574046850204468,1.2528457641601562,1.1987004280090332,1.159614086151123,1.133657455444336,1.1456081867218018,1.1568841934204102,1.1100268363952637,0.8734951019287109,0.9429304599761963,0.9319124221801758,0.9955354928970337,0.860781192779541,0.9511213898658752,0.8798012733459473,0.9192471504211426,0.7360597848892212,0.6783732175827026,0.612907350063324,0.6786924600601196,0.6944465041160583,0.8953254818916321,1.12723970413208,1.0594291687011719,1.0439205169677734,0.9239323735237122,0.8827693462371826,0.9316108822822571,0.859539270401001,0.8462319374084473,0.8396961688995361,1.114294409751892,1.0895307064056396,1.0071009397506714,0.9560408592224121,1.0095207691192627,0.8163100481033325,0.9673515558242798,1.131178379058838,1.0707945823669434,0.9809539914131165,1.012621521949768,1.0456676483154297,0.9452371597290039,0.9820798635482788,1.0700483322143555,0.7979001402854919,0.9688804149627686,0.9914904832839966,1.0546276569366455,0.9235994815826416,1.1308200359344482,1.1685625314712524,1.1676112413406372,1.1021322011947632,1.224506139755249,1.0152382850646973,0.9980818033218384,0.968884289264679,1.044938564300537,1.1485331058502197,1.1405065059661865,0.9743840098381042,1.091176986694336,1.0148999691009521,1.1151939630508423,1.1392854452133179,1.2148170471191406,1.0581177473068237,1.2328592538833618,1.1433730125427246,1.2186609506607056,1.215964436531067,1.098124623298645,1.1342759132385254,1.196722388267517,1.1612412929534912,1.1979352235794067,1.130653977394104,1.109570860862732
ear,1.0547468662261963,0.9620909690856934,1.051510214805603,1.0884522199630737,1.1240721940994263,0.9990599751472473,1.0066144466400146,1.064692497253418,0.9250156879425049,0.7247254252433777,0.9970132112503052,0.818804919719696,1.036487340927124,0.9270331859588623,0.7651819586753845,0.8689974546432495,0.7964810132980347,0.0,0.80577152967453,1.1195876598358154,1.0770630836486816,0.9502019882202148,1.0362050533294678,1.0985954999923706,1.1014399528503418,1.0460638999938965,1.0280307531356812,1.0426440238952637,1.0284597873687744,1.1010876893997192,1.0388778448104858,1.0314046144485474,1.0682408809661865,1.0698204040527344,1.0587607622146606,1.082277536392212,1.073374629020691,1.0627977848052979,1.1240017414093018,1.0625247955322266,1.0172650814056396,1.0051175355911255,0.9793274402618408,1.0306334495544434,0.8855549097061157,0.929131269454956,0.9194031357765198,1.0029925107955933,0.992132306098938,0.9684327244758606,0.8998094797134399,0.9116822481155396,0.8369731307029724,0.9260122776031494,0.9743022322654724,1.0639662742614746,1.110132098197937,1.0215693712234497,1.0984984636306763,1.0185799598693848,1.0933470726013184,1.0214169025421143,1.0075418949127197,1.0701212882995605,1.0775338411331177,1.0937974452972412,0.9934659004211426,1.0622819662094116,1.0744706392288208,0.9950845837593079,1.111677885055542,1.1492536067962646,1.0522966384887695,1.0358790159225464,1.0595945119857788,1.0668308734893799,1.0759353637695312,1.049031376838684,1.0403354167938232,0.9615377187728882,1.001722812652588,1.0631568431854248,1.0630046129226685,1.034285545349121,1.0621813535690308,1.1201889514923096,1.0833803415298462,1.0881696939468384,1.06466805934906,0.9667648077011108,0.97837895154953,0.9564048647880554,1.0400105714797974,0.982852041721344,0.9371391534805298,0.9191955327987671,1.0096631050109863,1.034345269203186,1.1338764429092407,1.0673856735229492,1.086651086807251,1.1296567916870117,1.0777121782302856,1.0552105903625488,0.9405060410499573,0.9684978723526001,0.9125384092330933,0.9982536435127258,0.9159228801727295,0.937710702419281,1.00969660282135,1.0202198028564453,0.9954460263252258
