,zebra,giraffe,deer,pony,horse,pig,rooster,penguin,bird,duck,fish,butterfly,frog,alligator,owl,elephant,bear,cat,dog,face,hair,arm,hand,leg,foot,ankle,finger,toe,tooth,ear,nose,eye,mouth,stroller,motorcycle,tricycle,truck,car,lamp,chair,bench,drawer,ladder,window,door,closet,shower,refrigerator,oven,crib,bed,couch,table,bathtub,sink,boat,slide,hose,sprinkler,swing,grass,tree,snow,helicopter,firetruck,clock,ball,balloon,pumpkin,egg,orange,apple,potato,strawberry,hat,slipper,watch,nail,raisin,glasses,necklace,carrot,vacuum,broom,mop,stick,shovel,scissors,spoon,fork,knife,pencil,pen,crayon,plant,flower,soap,bottle,cup,can,belt,radio,basket,milk,jar,bucket,tape,bowl,plate,corn,pickle,banana,melon,bread,cookie,toast,cracker,sandwich,chips,pizza,hamburger,muffin,pastry,meat,pasta,sauce,soup,applesauce,glass,coffee,dish,tray,box,book,paper,rock,comb,toothbrush,gum,toy,doll,mitten,glove,sock,shoe,purse,pillow,towel,napkin,blanket,dress,pajamas,bib,scarf,coat,jacket,sweater,shirt,jeans,pants,shorts,cloud,game
zebra,0.0,0.5346488952636719,0.7401117086410522,0.5153895020484924,0.5622376799583435,0.6368136405944824,0.8374385833740234,0.8065512180328369,0.7991402745246887,0.9065321087837219,0.9090988039970398,0.8190767168998718,0.8267185091972351,0.8535416126251221,0.8739230632781982,0.8351998329162598,1.028259515762329,1.049594759941101,0.8291502594947815,1.0318949222564697,1.0592535734176636,1.118740439414978,1.0757200717926025,1.0665576457977295,1.0225328207015991,0.9939374923706055,1.0202419757843018,1.0170108079910278,1.0116403102874756,0.9979395866394043,0.997860312461853,0.9858103394508362,1.0017262697219849,1.0342538356781006,1.0720387697219849,,1.055941104888916,1.057060718536377,0.9811123609542847,1.0628412961959839,1.0860873460769653,1.0586434602737427,1.0058039426803589,1.0357797145843506,1.0571105480194092,1.0616233348846436,1.0301529169082642,1.0764269828796387,1.050178050994873,1.0902111530303955,1.0976977348327637,1.0976694822311401,1.0819004774093628,1.1298367977142334,1.128964900970459,0.9814493656158447,1.034571647644043,0.9786814451217651,0.9879869818687439,0.9291932582855225,0.7813093066215515,0.9188966751098633,1.0441032648086548,0.9050984382629395,0.92167067527771,0.894271969795227,0.9546356797218323,0.9505060911178589,0.9251722097396851,0.975935697555542,0.9554606676101685,0.933465301990509,1.014155387878418,0.9136759638786316,0.9635170102119446,0.9972661733627319,0.9967287182807922,1.0010285377502441,0.9914164543151855,0.9791889786720276,1.0053106546401978,1.0197746753692627,1.0860885381698608,1.0786784887313843,1.0715742111206055,1.035814642906189,1.011414647102356,0.9632904529571533,0.9966086745262146,1.0037028789520264,1.0592209100723267,1.0206369161605835,1.0348536968231201,0.9972348213195801,1.0160633325576782,0.9602133631706238,1.0179089307785034,1.006309151649475,1.0089161396026611,1.0597163438796997,1.0333718061447144,1.0256882905960083,1.0358046293258667,1.015354871749878,1.0098583698272705,1.0348654985427856,1.0295270681381226,1.0710992813110352,1.087430715560913,1.0007381439208984,1.013960361480713,1.0024116039276123,1.0300016403198242,1.0393691062927246,0.9499543905258179,1.029913306236267,1.018088698387146,1.037853717803955,1.0443964004516602,1.053938865661621,1.0163713693618774,1.0375044345855713,0.9456667304039001,1.0142862796783447,0.933709442615509,1.0292060375213623,1.033698320388794,1.0385668277740479,1.1313562393188477,1.0413572788238525,1.1013113260269165,1.0673521757125854,1.0715707540512085,1.0204848051071167,1.052987813949585,0.8639635443687439,0.9507547616958618,1.1117653846740723,1.053663730621338,0.9245601892471313,0.935015082359314,1.0182451009750366,1.062585711479187,1.028619408607483,1.0294133424758911,1.0840808153152466,1.0134190320968628,1.0290402173995972,1.0215187072753906,1.0784053802490234,1.077135682106018,1.0993447303771973,1.097529649734497,1.1152504682540894,1.0481224060058594,1.1322156190872192,1.0815223455429077,1.111836314201355,1.1469924449920654,1.1379295587539673,1.116464376449585,0.9589948058128357,0.9250110387802124
giraffe,0.5346488952636719,0.0,0.6067297458648682,0.46004390716552734,0.46847546100616455,0.6109159588813782,0.8170416355133057,0.8099799156188965,0.7597309350967407,0.9796569347381592,0.9790120720863342,0.6742121577262878,0.6755396127700806,0.6471290588378906,0.7468384504318237,0.9294192790985107,0.9997227787971497,1.055672287940979,0.7825609445571899,1.0051065683364868,1.04556405544281,0.9781650900840759,1.0178574323654175,1.0989832878112793,1.0839866399765015,1.089900016784668,1.13490891456604,1.146240234375,1.13429594039917,1.1032452583312988,1.1142204999923706,1.094422459602356,1.0897037982940674,0.985026478767395,1.0297412872314453,,1.0222824811935425,1.0414868593215942,1.054187536239624,1.0094536542892456,1.061276912689209,1.0575308799743652,0.9666340351104736,0.9976078867912292,1.0416851043701172,1.0153319835662842,1.0116991996765137,1.0138139724731445,1.0205732583999634,0.9996880888938904,1.0105133056640625,1.0442577600479126,0.9034400582313538,0.9895383715629578,1.074885606765747,0.8589488863945007,0.9509835839271545,0.9585292935371399,0.9576736092567444,0.8889389038085938,0.9700892567634583,0.9024913311004639,1.0750172138214111,0.9602496027946472,0.7044419050216675,0.9950906038284302,1.0986393690109253,1.066943645477295,1.0652499198913574,1.1064521074295044,1.0654243230819702,1.0947734117507935,1.098513126373291,0.9821316599845886,1.1624176502227783,1.1864256858825684,1.0880502462387085,1.188651442527771,1.1352449655532837,1.1219289302825928,1.096995234489441,1.1479575634002686,1.064079999923706,1.0653012990951538,1.030227541923523,1.0633878707885742,1.037757396697998,0.9201956391334534,1.017045497894287,1.0988645553588867,1.0573468208312988,1.1312865018844604,1.1600558757781982,1.1619479656219482,1.0359606742858887,0.9636344313621521,1.1479709148406982,1.1439557075500488,1.1407426595687866,1.1250054836273193,1.1675376892089844,1.113224744796753,1.060044527053833,0.9691303968429565,0.9862281084060669,1.084972620010376,1.1252105236053467,1.095759391784668,1.0365664958953857,1.1239699125289917,1.0944011211395264,0.9994109869003296,1.0175833702087402,1.0768589973449707,0.9816672205924988,0.9241116046905518,0.9253109693527222,0.9187490940093994,1.0196921825408936,0.8485602140426636,1.0174471139907837,1.0118179321289062,0.8150066137313843,0.8579773306846619,0.9016156792640686,1.0409711599349976,0.9704639911651611,1.0344609022140503,0.9729773998260498,1.033671259880066,0.9849412441253662,0.8744009733200073,0.9878936409950256,0.7821218371391296,0.8311275839805603,1.0205280780792236,1.0527094602584839,1.0352083444595337,1.090117335319519,0.9180538654327393,0.8610907196998596,1.02566659450531,1.176701545715332,1.1048787832260132,1.0912193059921265,1.0470257997512817,1.1759612560272217,1.133458137512207,1.1257193088531494,1.026363492012024,1.0013755559921265,0.9860177040100098,0.9935789704322815,1.015235424041748,1.0158414840698242,1.0520662069320679,0.9761213064193726,1.0296590328216553,1.0572024583816528,1.045738935470581,1.0813279151916504,0.9564862847328186,0.8228628039360046
deer,0.7401117086410522,0.6067297458648682,0.0,0.4195546507835388,0.3798958659172058,0.6517205238342285,0.5605449676513672,0.782274603843689,0.5895830392837524,0.7803019285202026,0.8107095956802368,0.8031834959983826,0.7518410682678223,0.8122063279151917,0.8398959636688232,0.9832620024681091,1.0647379159927368,0.9695420265197754,0.7517969608306885,1.0231943130493164,0.9997403621673584,1.1020325422286987,1.131589651107788,1.0348562002182007,1.010969877243042,1.0365996360778809,1.0956453084945679,1.0739710330963135,1.0487688779830933,1.0267136096954346,1.0531705617904663,0.9985791444778442,1.0726003646850586,0.9266741275787354,0.9323136806488037,,0.9928022623062134,0.9811294078826904,0.8922443389892578,0.9516273736953735,1.0576566457748413,1.0870888233184814,0.9871921539306641,0.985643208026886,1.023720383644104,1.0385029315948486,1.060469388961792,1.0374209880828857,1.0759857892990112,1.0741961002349854,1.0839693546295166,1.051741361618042,1.0758564472198486,1.0929142236709595,1.042443037033081,0.938307523727417,1.045528769493103,0.9708680510520935,0.87880539894104,0.9872654676437378,1.0024975538253784,0.9259844422340393,1.0788555145263672,0.9243680238723755,0.9465595483779907,0.8776185512542725,1.064915418624878,1.068563461303711,0.9602668881416321,1.0340861082077026,1.0385783910751343,1.0280998945236206,1.0422147512435913,0.9171309471130371,0.9758062958717346,0.989749550819397,1.0199061632156372,1.042336344718933,1.0140231847763062,0.9488256573677063,0.9705761671066284,1.0916876792907715,0.9380702972412109,0.9645070433616638,0.9391172528266907,0.9736182689666748,0.8681174516677856,0.8661919236183167,0.8640592098236084,0.9087378978729248,0.9566405415534973,0.9968897104263306,0.9951248168945312,1.0334361791610718,0.9556086659431458,0.8234111070632935,1.02890944480896,0.9809538722038269,1.0117127895355225,1.0136933326721191,1.0122984647750854,0.9053260684013367,0.942528486251831,0.9790066480636597,0.946027934551239,0.9949700832366943,1.0510292053222656,1.0199452638626099,1.0017292499542236,1.0633612871170044,1.0267918109893799,0.9735701084136963,1.0690137147903442,0.9782590270042419,0.8952941298484802,0.9028541445732117,0.9849709868431091,1.0147514343261719,1.0099430084228516,0.9499441981315613,1.0215506553649902,0.9299286603927612,0.8325529098510742,0.8570302724838257,1.0098083019256592,1.0706896781921387,0.9832680821418762,1.0968869924545288,0.9674903154373169,1.0043036937713623,1.0011929273605347,1.0090631246566772,1.0648672580718994,0.9640597105026245,1.0555741786956787,1.0131155252456665,0.9784256219863892,1.0603842735290527,1.0804303884506226,1.000864863395691,0.9828677177429199,1.1033806800842285,1.088015079498291,1.0909181833267212,0.9485375285148621,0.8715034127235413,0.9881789684295654,1.0026137828826904,1.0005780458450317,1.069277048110962,1.02785325050354,1.0936062335968018,1.07725989818573,1.0551503896713257,0.9955343008041382,1.0189348459243774,1.0548145771026611,1.060442566871643,1.1220353841781616,1.0939733982086182,1.0822672843933105,0.9747249484062195,0.9513607025146484
pony,0.5153895020484924,0.46004390716552734,0.4195546507835388,0.0,0.10910320281982422,0.28282177448272705,0.6049070954322815,0.6619200706481934,0.5846361517906189,0.8218863606452942,0.84684157371521,0.67160964012146,0.5806373357772827,0.7082473635673523,0.7792233824729919,0.9642370939254761,1.1127266883850098,1.0968153476715088,0.5754815340042114,1.093790888786316,1.1284756660461426,1.1705193519592285,1.180580496788025,1.0553845167160034,0.9899415969848633,1.0243747234344482,1.0959653854370117,1.0401620864868164,1.0229156017303467,1.0815201997756958,1.0446840524673462,1.0423208475112915,1.0571812391281128,0.9198814630508423,0.9795922040939331,,1.0155035257339478,1.012656331062317,0.9905939698219299,1.0316742658615112,1.1169486045837402,1.0953576564788818,1.0131702423095703,1.0762072801589966,1.1347832679748535,1.1489129066467285,1.1222119331359863,1.1301101446151733,1.0991123914718628,1.1466996669769287,1.140621304512024,1.096643090248108,1.1133577823638916,1.1807628870010376,1.1356041431427002,0.9703341722488403,1.080615520477295,1.0060328245162964,0.9910280704498291,0.9578335285186768,1.040412187576294,0.8958023190498352,1.15401291847229,0.9468979239463806,0.9011476635932922,0.9077804088592529,0.9956408739089966,0.9531881213188171,0.8929425477981567,0.9563248753547668,0.9271707534790039,0.946359395980835,0.9980884790420532,0.8540257215499878,0.9956809878349304,0.964599609375,0.9803626537322998,0.9971585273742676,1.0046203136444092,0.989948034286499,0.9800929427146912,1.021248698234558,1.0425820350646973,1.03994882106781,1.016614556312561,1.0176146030426025,0.9836270213127136,0.8764405250549316,0.956821858882904,0.9918376803398132,1.0482850074768066,0.989303469657898,1.000317096710205,0.9700095057487488,1.0406380891799927,0.9463706016540527,0.9922816753387451,0.9845945835113525,0.9759464263916016,1.0435445308685303,1.0340392589569092,0.9567087888717651,1.0166672468185425,1.0308009386062622,1.0041035413742065,1.0211591720581055,0.9905979633331299,1.020469069480896,1.0073575973510742,1.0729199647903442,0.9749224781990051,0.9330326914787292,1.064908742904663,0.9631949067115784,0.8585153222084045,0.9380252361297607,0.9770874977111816,0.9806337356567383,0.9795620441436768,0.9560511112213135,1.0139459371566772,0.9664292931556702,0.7708172798156738,0.8953201174736023,0.9792393445968628,1.0390617847442627,0.9811103940010071,1.0442230701446533,1.1607404947280884,1.0247093439102173,1.057316541671753,1.0394811630249023,1.0846539735794067,0.927331268787384,1.0543172359466553,1.030564546585083,1.0713313817977905,1.1654083728790283,1.0492275953292847,0.8394355773925781,0.7970688343048096,1.0571337938308716,1.0559823513031006,1.0194151401519775,0.9901188611984253,1.0368735790252686,0.9956104755401611,1.0167114734649658,1.0125088691711426,1.1248869895935059,1.0427836179733276,1.118881344795227,1.1062841415405273,1.135546326637268,1.0491092205047607,1.1535345315933228,1.0906888246536255,1.103035569190979,1.1602482795715332,1.1306867599487305,1.1150479316711426,1.0253616571426392,0.9108568429946899
horse,0.5622376799583435,0.46847546100616455,0.3798958659172058,0.10910320281982422,0.0,0.33389872312545776,0.4607127904891968,0.6989834904670715,0.5141854882240295,0.7893917560577393,0.7616270184516907,0.6584739089012146,0.5612100958824158,0.6599908471107483,0.7260519862174988,0.8764545321464539,1.0644254684448242,0.9244669675827026,0.5245597958564758,1.016144037246704,1.0353519916534424,1.1397545337677002,1.1329113245010376,1.0613346099853516,0.9800300598144531,1.0188391208648682,1.0745395421981812,1.0195095539093018,0.9877140522003174,1.014702558517456,1.0244073867797852,1.0169308185577393,1.038116455078125,0.8770989179611206,0.9366567730903625,,0.9697748422622681,0.9486017823219299,1.0193512439727783,1.0081268548965454,1.1275612115859985,1.1337114572525024,1.0006293058395386,1.1013598442077637,1.1284042596817017,1.1269701719284058,1.0837693214416504,1.1469848155975342,1.1188369989395142,1.1310791969299316,1.1169790029525757,1.1031651496887207,1.1022175550460815,1.1449267864227295,1.1512830257415771,0.948428750038147,1.0418778657913208,1.0009328126907349,0.9547430276870728,0.954596221446991,0.9908987879753113,0.8996491432189941,1.067798137664795,0.949983537197113,0.8594511151313782,0.9135388135910034,1.0194116830825806,1.0027211904525757,0.9139910340309143,1.0048960447311401,0.975018322467804,0.988759458065033,1.0068514347076416,0.8664055466651917,0.9539708495140076,0.9224834442138672,0.9799745678901672,0.9832304120063782,0.9360473155975342,0.9428592324256897,0.9543821811676025,1.0583593845367432,1.055840253829956,1.062578797340393,1.0330657958984375,1.0228878259658813,0.9993034601211548,0.8616439700126648,0.9781976342201233,0.9608938694000244,1.0403516292572021,1.0140562057495117,1.0095765590667725,0.9859138131141663,1.0760623216629028,0.9396234750747681,1.0247318744659424,1.008215069770813,1.0311503410339355,1.0574172735214233,1.0041813850402832,0.969996988773346,1.0275143384933472,1.062686800956726,1.0040843486785889,1.0560853481292725,1.055873990058899,1.0818418264389038,1.0353928804397583,1.0637950897216797,1.0284312963485718,0.9951173663139343,1.0945109128952026,0.965498149394989,0.8799110651016235,0.9167240858078003,0.955141007900238,0.9639462828636169,0.993324875831604,0.8956437110900879,1.0448923110961914,0.9037064909934998,0.7997605800628662,0.8574095964431763,1.0234309434890747,1.0446782112121582,1.0045188665390015,1.060368299484253,1.0761855840682983,1.0281786918640137,1.084930658340454,1.06172513961792,1.1179847717285156,0.9402666687965393,1.047520399093628,1.060268521308899,1.0254896879196167,1.1231563091278076,1.0341036319732666,0.890901505947113,0.8141806125640869,1.0439202785491943,1.036987066268921,1.0496906042099,0.9355565905570984,1.0016471147537231,1.0087928771972656,1.0559154748916626,1.0648442506790161,1.0972224473953247,1.0052968263626099,1.0785455703735352,1.056517481803894,1.0610233545303345,0.9750722646713257,1.0877201557159424,1.0253806114196777,1.0507806539535522,1.1088805198669434,1.0945179462432861,1.0748146772384644,1.0241889953613281,0.9159541726112366
pig,0.6368136405944824,0.6109159588813782,0.6517205238342285,0.28282177448272705,0.33389872312545776,0.0,0.6246179342269897,0.7031800746917725,0.6073958873748779,0.8150541186332703,0.7381026148796082,0.7195632457733154,0.5617483854293823,0.6889859437942505,0.7268757820129395,0.8848837614059448,1.0362000465393066,1.0128445625305176,0.5368378162384033,1.1116828918457031,1.148604393005371,1.1624101400375366,1.0888022184371948,1.072960376739502,0.9741203188896179,0.9936478137969971,1.000946283340454,0.9553704857826233,0.9230108261108398,0.9922107458114624,1.008830189704895,1.0164339542388916,1.0044817924499512,1.020505666732788,1.041818380355835,,1.0032601356506348,1.0193716287612915,1.0580589771270752,1.08317232131958,1.1708738803863525,1.1327842473983765,1.0310951471328735,1.1311954259872437,1.1943926811218262,1.1960821151733398,1.1277023553848267,1.1697816848754883,1.1336205005645752,1.1804277896881104,1.191369652748108,1.1391061544418335,1.0962594747543335,1.1793923377990723,1.1199103593826294,1.011300802230835,1.0885183811187744,1.0662870407104492,0.9945740103721619,0.9861711859703064,1.0572469234466553,0.9474246501922607,1.1395254135131836,0.9367412328720093,0.9120124578475952,0.9455553889274597,0.9665473103523254,0.9065989851951599,0.8000065088272095,0.9191277623176575,0.8764966726303101,0.9119160175323486,0.9739752411842346,0.8347184658050537,0.9377387762069702,0.9250519871711731,0.9362464547157288,0.941501259803772,0.9015247225761414,0.9649869203567505,0.9668518900871277,0.8720071911811829,1.1012182235717773,1.1051357984542847,1.069772720336914,1.0121835470199585,0.9301002621650696,0.8110814690589905,0.9028277397155762,0.9598615169525146,1.0151433944702148,1.0022671222686768,1.0110046863555908,0.9403773546218872,1.0911985635757446,1.0258724689483643,1.0024558305740356,1.0114442110061646,0.9542942643165588,1.0527607202529907,1.0098845958709717,0.9635311961174011,1.0544943809509277,1.0340880155563354,0.9710683822631836,1.006201148033142,0.9405790567398071,0.9524813294410706,0.9696144461631775,1.0614597797393799,0.953292727470398,0.9017010927200317,1.0333688259124756,0.886040985584259,0.8302966356277466,0.9745320677757263,0.9294851422309875,0.9873963594436646,0.9779291152954102,0.9179744720458984,1.0011224746704102,0.8742694854736328,0.7211131453514099,0.8557208776473999,0.971997082233429,0.9085289239883423,0.929891049861908,0.9480975270271301,1.1149088144302368,0.9703161716461182,0.9870935678482056,0.9908798336982727,1.0945905447006226,0.952159583568573,1.0644686222076416,0.9870820045471191,1.063126564025879,1.0774545669555664,0.95381760597229,0.7828812003135681,0.7548976540565491,0.9398618936538696,0.9508005380630493,0.9842445850372314,0.9835497736930847,1.067298173904419,0.9558001756668091,1.02499520778656,1.010334849357605,1.1582993268966675,1.0716685056686401,1.1309378147125244,1.1086541414260864,1.1349644660949707,1.0517946481704712,1.1948109865188599,1.1102111339569092,1.1216003894805908,1.1667102575302124,1.1448835134506226,1.097048044204712,1.0196589231491089,0.8938584327697754
rooster,0.8374385833740234,0.8170416355133057,0.5605449676513672,0.6049070954322815,0.4607127904891968,0.6246179342269897,0.0,0.8259404301643372,0.43400144577026367,0.6114064455032349,0.44395339488983154,0.7123255133628845,0.5873916149139404,0.7756755352020264,0.7625433206558228,1.0731892585754395,1.0587986707687378,0.6859370470046997,0.5765248537063599,0.945721447467804,0.8365281820297241,1.139309287071228,1.0539155006408691,1.1060370206832886,0.9528297185897827,1.0426627397537231,1.0316948890686035,0.9819600582122803,0.8428797721862793,0.8049529790878296,0.9361070990562439,0.8384883999824524,0.9751853942871094,0.7857054471969604,0.7964165210723877,,0.7913525104522705,0.6933200359344482,0.9635342359542847,1.0312639474868774,1.1500849723815918,1.1196386814117432,1.0565828084945679,1.004373550415039,1.0543982982635498,1.0916602611541748,1.109324336051941,1.1191110610961914,1.1899737119674683,1.1520532369613647,1.2001760005950928,1.1042866706848145,1.3068362474441528,1.2552721500396729,1.1923729181289673,1.0298099517822266,1.195083498954773,1.0977537631988525,0.8586310744285583,1.0203609466552734,1.0288891792297363,0.9647674560546875,1.056176781654358,0.9898201823234558,0.9577882289886475,0.960652768611908,1.0276647806167603,1.0098718404769897,0.8689080476760864,1.0409725904464722,0.9995719790458679,0.9626697301864624,0.9474503397941589,0.8411012887954712,0.6555548310279846,0.7582181692123413,0.8378045558929443,0.8927686214447021,0.6637135744094849,0.751296877861023,0.8403275012969971,0.9222018718719482,0.9104397892951965,0.9513102173805237,0.9735075235366821,0.8953062295913696,0.8559830188751221,0.9162901639938354,0.9257186651229858,0.7587494850158691,0.8957091569900513,0.8666348457336426,0.8157627582550049,0.8321292996406555,0.8700840473175049,0.6052902340888977,0.8923789858818054,0.8629221320152283,1.0232930183410645,0.9512781500816345,0.8249471783638,0.8609257936477661,0.9158546924591064,1.1174485683441162,0.9905692934989929,1.0274180173873901,1.0956021547317505,1.1270520687103271,1.0905545949935913,0.8559859991073608,0.9739473462104797,0.9699498414993286,1.1086217164993286,0.8249658346176147,0.8994601964950562,0.9697988629341125,0.8368669748306274,1.0246108770370483,0.9509238600730896,0.8276403546333313,1.0106534957885742,0.6943031549453735,0.8865857720375061,0.7859387397766113,1.147911787033081,1.1058416366577148,1.0987383127212524,1.0173732042312622,0.9913704991340637,1.091956615447998,1.1678640842437744,1.2220475673675537,1.1602237224578857,1.0470942258834839,1.1269361972808838,1.0429097414016724,0.903559684753418,0.9608856439590454,0.8864926695823669,0.9738205075263977,0.7547545433044434,0.949287474155426,0.7967865467071533,1.0643413066864014,0.8547480702400208,0.86072838306427,0.7562437653541565,0.9504964351654053,0.9773823022842407,1.1390529870986938,0.9271697402000427,1.142386794090271,1.0609169006347656,0.9881463050842285,0.797174870967865,0.9810553789138794,1.0087743997573853,0.9850144982337952,1.0943446159362793,1.0471997261047363,0.9305295944213867,0.9685962200164795,0.9985145330429077
penguin,0.8065512180328369,0.8099799156188965,0.782274603843689,0.6619200706481934,0.6989834904670715,0.7031800746917725,0.8259404301643372,0.0,0.568377673625946,0.5297481417655945,0.7949431538581848,0.7596975564956665,0.6165409088134766,0.8346099257469177,0.6456027030944824,1.0289807319641113,1.0587925910949707,1.1124274730682373,0.7944416999816895,1.0912784337997437,1.1324466466903687,1.1937912702560425,1.1012524366378784,1.0890651941299438,0.9820267558097839,0.9639294147491455,1.041967749595642,0.9977522492408752,1.007766604423523,1.0047028064727783,1.0449213981628418,1.0177621841430664,1.0810506343841553,0.9802698493003845,1.0438249111175537,,1.0567713975906372,1.0066527128219604,0.9225133061408997,1.0994248390197754,1.1067055463790894,1.071374773979187,1.0706812143325806,1.0930290222167969,1.0449979305267334,1.1108832359313965,1.0751076936721802,1.0274994373321533,1.0414221286773682,1.1400078535079956,1.1402274370193481,1.1195988655090332,1.084659457206726,1.1230738162994385,1.0959585905075073,0.9842265844345093,1.075171947479248,1.0357704162597656,0.8705061078071594,0.9896547794342041,1.0692118406295776,0.9398926496505737,1.0931814908981323,0.9048145413398743,0.8910253047943115,0.8987297415733337,0.8368657827377319,0.8394268751144409,0.9037949442863464,0.8518387079238892,0.8719896078109741,0.8917005062103271,0.8988785743713379,0.9302043318748474,0.8998405933380127,0.9842222929000854,0.9738755226135254,1.0098226070404053,1.0279611349105835,1.0396816730499268,1.0209741592407227,0.9931933879852295,0.9694482684135437,0.9671875238418579,0.9576007127761841,1.0121846199035645,0.9384036064147949,0.8664584755897522,0.9475236535072327,0.9907563328742981,1.0139981508255005,0.9972013235092163,1.0120571851730347,0.9815124273300171,1.0647952556610107,0.9875935912132263,0.8800101280212402,0.8930252194404602,0.9046775102615356,0.9736931920051575,1.0155792236328125,0.9824805855751038,1.021316409111023,0.9369253516197205,0.9333453178405762,0.8928917646408081,0.9304305911064148,0.9762210249900818,0.9797210693359375,1.0304224491119385,0.9557962417602539,0.854871392250061,0.9242351055145264,0.9891691207885742,0.9037169814109802,1.0001972913742065,1.042609691619873,1.0130802392959595,1.0065168142318726,1.0633405447006226,0.9759354591369629,0.9889638423919678,0.8359963297843933,1.0519931316375732,0.9273092746734619,0.9700814485549927,0.9640046954154968,1.0275956392288208,1.139847755432129,0.9173749685287476,0.9805225729942322,1.0314953327178955,1.0489169359207153,0.9463711977005005,1.0404020547866821,0.9585462212562561,1.0370746850967407,1.0436456203460693,0.9486345648765564,0.7420861721038818,0.813040018081665,1.0023499727249146,1.0040738582611084,0.9543777108192444,1.0043152570724487,1.0444878339767456,0.9756805896759033,1.016832709312439,0.9940761923789978,1.14520263671875,1.0414621829986572,1.1390509605407715,1.0881513357162476,1.1438918113708496,1.0904232263565063,1.1737987995147705,1.1447430849075317,1.1400692462921143,1.1613982915878296,1.1349313259124756,1.1076874732971191,0.9753211736679077,0.8736511468887329
bird,0.7991402745246887,0.7597309350967407,0.5895830392837524,0.5846361517906189,0.5141854882240295,0.6073958873748779,0.43400144577026367,0.568377673625946,0.0,0.5715618133544922,0.4826706051826477,0.7345694303512573,0.5554378628730774,0.6189162135124207,0.4995166063308716,0.8399889469146729,0.8882251381874084,0.7114156484603882,0.5056705474853516,0.9927185773849487,0.9810826778411865,1.1029549837112427,1.087340235710144,1.0784635543823242,0.9257192611694336,1.0249894857406616,1.0936079025268555,1.0110398530960083,1.0144603252410889,0.9255086779594421,1.0425434112548828,1.0110857486724854,1.0833171606063843,0.8381413221359253,0.8263217806816101,,0.8715837597846985,0.8403684496879578,0.9851891994476318,1.0146503448486328,1.073718786239624,1.1087238788604736,0.9922334551811218,1.0500849485397339,1.0197685956954956,1.0378690958023071,0.9789738059043884,1.0567898750305176,1.0727776288986206,1.0596038103103638,1.048366904258728,1.0760129690170288,1.0987472534179688,1.0415014028549194,1.1258589029312134,0.9697577953338623,1.0078039169311523,0.9740734100341797,0.8081120252609253,0.9941684007644653,0.98826003074646,0.9336592555046082,0.9180479049682617,0.9499472975730896,0.9116289019584656,0.9702395796775818,0.9869214296340942,1.0339280366897583,0.938825786113739,1.0209113359451294,1.0119707584381104,1.0193982124328613,0.9776036739349365,0.9310802817344666,0.9220709204673767,0.9245740175247192,1.0356414318084717,1.0498582124710083,0.9521161913871765,1.0441240072250366,1.035622239112854,1.019209623336792,0.9936802983283997,0.9959678053855896,0.9533723592758179,0.9955298900604248,0.9373515248298645,0.8574514389038086,0.9783089756965637,0.8805248737335205,1.0046929121017456,1.0414036512374878,1.0146900415420532,1.0185960531234741,1.0785504579544067,0.899803876876831,0.9837027192115784,1.030990481376648,1.1339181661605835,1.095117449760437,1.0997127294540405,1.0525472164154053,1.0390472412109375,1.0693657398223877,1.0613336563110352,1.1205452680587769,1.1402963399887085,1.1659519672393799,1.0841069221496582,0.9629518389701843,1.0294060707092285,0.9324755072593689,0.9894052743911743,0.9472544193267822,0.8599493503570557,0.9378350973129272,0.8483335375785828,0.9728004336357117,0.9335088729858398,0.8946269750595093,0.9599531292915344,0.783588171005249,0.7158699631690979,0.8716177940368652,1.0135513544082642,1.0658001899719238,1.0389236211776733,1.0428228378295898,0.9844257831573486,1.070066213607788,1.0332547426223755,1.0755715370178223,1.1187809705734253,1.0324748754501343,0.9895573854446411,0.8802449107170105,0.8899656534194946,0.95769864320755,0.9718822240829468,0.9603697061538696,0.7897818088531494,0.8355984687805176,0.8749738931655884,0.9802987575531006,0.8712608814239502,0.9705173969268799,0.9690479040145874,0.9598815441131592,0.9848328232765198,0.9945340752601624,0.9476434588432312,1.019663691520691,1.009968876838684,0.946025013923645,0.8846243619918823,0.9766418933868408,0.9688310027122498,0.9799357056617737,0.9970836639404297,0.9913755655288696,0.9928613305091858,0.9485297203063965,1.0149437189102173
duck,0.9065321087837219,0.9796569347381592,0.7803019285202026,0.8218863606452942,0.7893917560577393,0.8150541186332703,0.6114064455032349,0.5297481417655945,0.5715618133544922,0.0,0.7291398048400879,0.8867846727371216,0.7892799377441406,0.9301299452781677,0.7775381803512573,1.0144741535186768,1.0265220403671265,0.9515636563301086,0.7800219058990479,1.021555781364441,0.9794855117797852,1.1667753458023071,1.1510560512542725,1.125322699546814,0.9991551637649536,1.036544680595398,1.0910736322402954,1.0487475395202637,0.9957159161567688,0.8681955337524414,1.0266972780227661,0.9232140183448792,1.0998821258544922,0.9421877861022949,0.9471031427383423,,0.964530885219574,0.9252296090126038,0.9270183444023132,1.0179290771484375,1.0749964714050293,1.016574740409851,1.0105170011520386,0.9702061414718628,1.055788516998291,1.0753450393676758,1.0844134092330933,1.0570075511932373,1.0514822006225586,1.072333812713623,1.1099786758422852,1.064035177230835,1.173394799232483,1.1205260753631592,1.0383435487747192,1.0420653820037842,1.1187454462051392,1.038211464881897,0.9507957696914673,1.0166548490524292,1.0497779846191406,0.95433509349823,1.1038005352020264,0.9187490344047546,1.0602967739105225,0.8847782015800476,0.956457257270813,0.9338003396987915,0.8730952143669128,0.9219838380813599,0.9194626808166504,0.9330979585647583,0.8947656750679016,0.9026253819465637,0.7207335829734802,0.8708869218826294,0.8947492241859436,0.951687216758728,0.866655707359314,0.9033889770507812,0.9460691809654236,0.9666481614112854,0.942154586315155,0.9954879283905029,0.9818764925003052,0.9526840448379517,0.8815081715583801,0.922663688659668,0.9542977809906006,0.9090114831924438,0.9856939911842346,0.9269536137580872,0.9102637767791748,0.9391225576400757,0.9396246671676636,0.8839664459228516,0.8494876027107239,0.8948746919631958,0.9524707198143005,0.9200059175491333,0.9442528486251831,0.8205028176307678,0.9388263821601868,1.0475162267684937,0.9952410459518433,0.9445094466209412,0.9784419536590576,1.0245511531829834,1.0255188941955566,0.9818171262741089,0.963505744934082,0.881188690662384,1.0430351495742798,0.8354606628417969,0.8698305487632751,1.040346384048462,0.953071653842926,1.0029081106185913,0.9652820229530334,0.9936091899871826,0.9027389883995056,0.8189178705215454,0.8899259567260742,0.9738956689834595,1.0247714519500732,1.0499216318130493,1.051229476928711,1.0267671346664429,1.0961565971374512,1.0647859573364258,1.0836492776870728,1.1104713678359985,1.07297682762146,1.0528206825256348,1.1267478466033936,0.9612705111503601,0.9908121228218079,1.0898867845535278,1.0193843841552734,0.9383503794670105,0.8878642916679382,1.021651029586792,0.9321876168251038,1.0357820987701416,0.9208323955535889,0.9165787696838379,0.8380203247070312,0.9558318257331848,0.9535958170890808,1.0848772525787354,1.013289451599121,1.1345856189727783,1.0921032428741455,1.0529909133911133,1.0086854696273804,1.0523600578308105,1.0817725658416748,1.071837306022644,1.139005184173584,1.1131017208099365,1.0585216283798218,0.99708491563797,1.027258038520813
fish,0.9090988039970398,0.9790120720863342,0.8107095956802368,0.84684157371521,0.7616270184516907,0.7381026148796082,0.44395339488983154,0.7949431538581848,0.4826706051826477,0.7291398048400879,0.0,0.7870112657546997,0.5541967153549194,0.7812192440032959,0.7695905566215515,1.0291959047317505,0.9577469825744629,0.6785617470741272,0.7164561748504639,1.0539748668670654,1.0145727396011353,1.1963533163070679,1.0025898218154907,0.9997109174728394,0.922073483467102,0.9779973030090332,0.9214158654212952,0.8512091636657715,0.681536853313446,0.7819580435752869,0.8581503629684448,0.7503557205200195,0.956801176071167,1.007284164428711,0.8959527015686035,,0.8895015120506287,0.7263635396957397,0.8949349522590637,1.1938104629516602,1.2728830575942993,1.215437412261963,1.2034765481948853,1.1878889799118042,1.1856334209442139,1.2248334884643555,1.2011452913284302,1.2353795766830444,1.2267125844955444,1.2907097339630127,1.2976109981536865,1.254441261291504,1.3246362209320068,1.2180125713348389,1.0925133228302002,1.0131717920303345,1.2124793529510498,1.0928809642791748,0.7783925533294678,1.1307936906814575,0.9774272441864014,1.0718977451324463,1.0061787366867065,0.9818690419197083,1.0394569635391235,0.8091306686401367,0.7774680852890015,0.7783521413803101,0.8237089514732361,0.8302441239356995,0.8271774053573608,0.7726940512657166,0.758352518081665,0.8097257614135742,0.6807166337966919,0.6252561807632446,0.8474248647689819,0.6833640933036804,0.7025144100189209,0.8213813304901123,0.8375557661056519,0.6980751752853394,1.0680369138717651,1.056635856628418,1.0309330224990845,0.9709833860397339,0.7961920499801636,0.8289648294448853,0.7820797562599182,0.6276167035102844,0.7534012794494629,0.6929631233215332,0.6404337286949158,0.604629397392273,1.0210649967193604,0.7560861110687256,0.6628707647323608,0.7955119609832764,0.9156480431556702,0.9943370223045349,0.6724599003791809,0.9971567988395691,1.0740035772323608,1.1921725273132324,1.039007306098938,1.004079818725586,0.9271241426467896,0.9464240670204163,0.9372819662094116,0.7343422174453735,0.730591893196106,0.7983449101448059,0.8664045333862305,0.7130436897277832,0.7980422973632812,0.9826254844665527,0.7469277381896973,1.0144745111465454,0.851121187210083,0.8551002740859985,0.9464244842529297,0.6315978765487671,0.799127459526062,0.8565900325775146,1.167697787284851,0.9912047386169434,0.9526982307434082,0.9493353366851807,1.0032036304473877,0.9570709466934204,1.0532739162445068,1.204433798789978,1.269511103630066,1.1400179862976074,1.1272203922271729,0.8616114854812622,0.8631064295768738,0.7809090614318848,0.6057187914848328,0.9073296785354614,0.8997890949249268,0.8162192106246948,0.6929454803466797,0.962140679359436,0.8698596954345703,1.0418623685836792,0.7379376888275146,0.9304254651069641,0.9160804152488708,1.1798458099365234,1.0803766250610352,1.159807562828064,1.0815701484680176,1.0733270645141602,0.9981327652931213,1.145761489868164,1.1230913400650024,1.072351336479187,1.086953043937683,1.0856842994689941,0.9783161282539368,0.9816527366638184,1.0716373920440674
butterfly,0.8190767168998718,0.6742121577262878,0.8031834959983826,0.67160964012146,0.6584739089012146,0.7195632457733154,0.7123255133628845,0.7596975564956665,0.7345694303512573,0.8867846727371216,0.7870112657546997,0.0,0.5733240842819214,0.7433340549468994,0.7113760113716125,1.0594865083694458,1.077713966369629,1.0716533660888672,0.8554595708847046,1.0483009815216064,1.0780138969421387,1.1360750198364258,1.061988353729248,1.0955976247787476,1.0490639209747314,1.046081781387329,1.0359331369400024,1.0609447956085205,1.0498435497283936,1.0321907997131348,1.0492396354675293,1.0057250261306763,1.10438072681427,1.0223411321640015,1.054579496383667,,1.0061269998550415,1.0260529518127441,0.9966924786567688,1.0982555150985718,1.1267682313919067,1.072170615196228,1.1152631044387817,1.019429087638855,1.0695748329162598,1.081459879875183,1.1039676666259766,1.0810068845748901,1.1256892681121826,1.110054850578308,1.1134610176086426,1.1080933809280396,1.0731464624404907,1.1169216632843018,1.1303473711013794,0.9295457601547241,1.1083080768585205,1.0416169166564941,0.9372594952583313,0.9226776361465454,1.0166914463043213,0.9262518286705017,1.1224236488342285,0.9850735664367676,0.8247023224830627,0.8670405745506287,0.9790520071983337,0.9417313933372498,0.953312873840332,1.0126022100448608,0.9227148294448853,0.9605792164802551,1.0584324598312378,0.7769343852996826,0.9522643685340881,1.0398832559585571,0.9728384613990784,1.040303111076355,1.0233403444290161,1.0173025131225586,0.9983422756195068,1.0189834833145142,1.096081256866455,1.076392650604248,1.0573511123657227,1.0814865827560425,1.05426824092865,0.8745975494384766,1.0141538381576538,0.9742189049720764,0.9876830577850342,0.9639471173286438,0.9851382374763489,0.9515445232391357,0.9295408725738525,0.8047374486923218,0.9548643827438354,0.9981939792633057,1.0208173990249634,1.0925118923187256,1.0159833431243896,0.9817304611206055,1.0455878973007202,0.9644761681556702,0.9070079922676086,1.0034124851226807,1.0133904218673706,1.0423680543899536,0.9947890639305115,0.9749428033828735,0.9748589396476746,0.9813151359558105,1.0463815927505493,0.9849918484687805,0.868265688419342,0.9452221989631653,0.9215261936187744,0.9553849697113037,0.9441081881523132,0.8928345441818237,1.0321708917617798,0.881149172782898,0.8194320797920227,0.9201166033744812,0.9864608645439148,1.0026192665100098,0.9732563495635986,1.1027557849884033,1.1170135736465454,0.9973227977752686,1.0244685411453247,0.9977540373802185,1.0308817625045776,0.7787508964538574,0.920153796672821,1.0190277099609375,0.9938711524009705,1.0663241147994995,0.9396308064460754,0.8582576513290405,0.9046697020530701,1.034005880355835,1.0942304134368896,1.053742527961731,1.0206173658370972,1.014237403869629,1.0596702098846436,1.044777274131775,1.0295592546463013,1.0954580307006836,1.0818159580230713,1.1192119121551514,1.1077325344085693,1.1060519218444824,1.0733709335327148,1.0770103931427002,1.111119270324707,1.1277966499328613,1.1540040969848633,1.1245872974395752,1.0812755823135376,0.8990612626075745,0.9093810319900513
