,horse,rooster,bird,fish,butterfly,frog,alligator,owl,cat,dog,face,hair,arm,hand,leg,foot,ankle,finger,toe,tooth,ear,nose,stroller,motorcycle,car,lamp,chair,bench,drawer,ladder,window,door,closet,refrigerator,oven,crib,bed,couch,table,bathtub,sink,boat,slide,hose,sprinkler,clock,ball,balloon,pumpkin,egg,orange,apple,strawberry,hat,slipper,watch,nail,glasses,necklace,carrot,vacuum,shovel,scissors,spoon,fork,knife,pencil,pen,crayon,plant,flower,soap,bottle,cup,can,belt,radio,basket,milk,bucket,tape,bowl,plate,pickle,banana,melon,bread,cracker,pizza,hamburger,muffin,glass,tray,box,book,paper,comb,toothbrush,gum,toy,doll,mitten,glove,sock,shoe,purse,pillow,towel,napkin,blanket,dress,pajamas,bib,scarf,jacket,sweater,shirt,jeans,pants,shorts
horse,0.0,0.5211252570152283,0.5652381777763367,0.8494031429290771,0.7567154169082642,0.7123590111732483,0.4892534613609314,0.7371551990509033,0.5859402418136597,0.58589106798172,0.863080620765686,0.8404960036277771,0.9181296825408936,0.9674644470214844,0.990236759185791,0.9289646148681641,0.9848865270614624,1.0791997909545898,1.0319397449493408,1.0599018335342407,0.9965373277664185,1.054101586341858,0.8674742579460144,0.9067338705062866,0.9632695317268372,0.9638987183570862,0.8569420576095581,0.9194476008415222,1.0733637809753418,0.8294049501419067,0.9162726998329163,0.9958238005638123,0.9733896851539612,1.0224320888519287,1.0736995935440063,0.8471679091453552,0.8506215810775757,0.8512534499168396,0.9463570713996887,1.013982892036438,1.0128189325332642,1.048266887664795,0.8373758792877197,0.8438406586647034,0.9551904797554016,0.9966537952423096,1.0749585628509521,0.9967798590660095,1.0420057773590088,1.0729284286499023,1.0819112062454224,1.0753828287124634,0.906051516532898,0.9217714667320251,1.002037525177002,1.1219505071640015,1.108674168586731,0.9573585987091064,1.0533770322799683,1.0804272890090942,1.019079327583313,1.036847472190857,0.8675786852836609,1.0970479249954224,1.0908275842666626,1.1104329824447632,1.0956971645355225,1.097322940826416,1.1140642166137695,0.9284361600875854,0.9793823957443237,1.1370676755905151,1.0661187171936035,1.0769847631454468,1.1684685945510864,1.1101865768432617,1.0855578184127808,1.0709439516067505,1.0160447359085083,1.1058353185653687,1.1260603666305542,1.1176645755767822,1.0691167116165161,1.0488914251327515,1.055567741394043,1.063286542892456,1.0474498271942139,0.9641241431236267,0.9925569295883179,0.9662315249443054,1.0255661010742188,0.9371593594551086,0.9807043671607971,1.0250332355499268,0.9404957294464111,0.9114183783531189,1.0733567476272583,0.9813829660415649,1.0800882577896118,0.9474019408226013,0.7027980089187622,0.9269953966140747,0.9173789024353027,0.908801794052124,0.9351835250854492,1.0264374017715454,0.9543167948722839,1.0517640113830566,1.092410683631897,0.8658847212791443,0.8040543794631958,0.8636878132820129,0.8780403137207031,0.9036658406257629,0.7792552709579468,0.773116946220398,0.8626874685287476,0.8342616558074951,0.8477306962013245,0.9536727070808411
rooster,0.5211252570152283,0.0,0.46849095821380615,0.7871413826942444,0.43739205598831177,0.43826329708099365,0.36347848176956177,0.6462901830673218,0.7757341861724854,0.5813425183296204,1.0267735719680786,1.0615909099578857,1.0924209356307983,1.0645112991333008,1.13350510597229,0.9969550371170044,1.101813554763794,1.1326231956481934,1.074748158454895,1.0111799240112305,1.0126702785491943,1.1158661842346191,0.90760338306427,0.8936846256256104,1.0502245426177979,0.7596182823181152,0.9190545082092285,1.0046170949935913,1.0377599000930786,0.9443010687828064,0.9464564323425293,1.0329515933990479,1.0070033073425293,1.0433311462402344,1.0817657709121704,0.9299700856208801,0.9866836667060852,1.005645990371704,0.9792712926864624,1.0240802764892578,1.032543659210205,1.03596830368042,0.9314436316490173,0.9012390375137329,0.8664482831954956,0.9415120482444763,0.9888390302658081,0.9059263467788696,0.9122525453567505,0.9980785250663757,1.025080919265747,0.9547891616821289,0.76567542552948,0.9862127304077148,1.0417729616165161,1.165018916130066,1.0786067247390747,1.0568108558654785,1.0861670970916748,1.0011392831802368,1.0044119358062744,0.9381492137908936,0.7273995876312256,0.9520152807235718,0.9803019762039185,1.0208971500396729,1.0883311033248901,1.0793466567993164,1.1177324056625366,0.7721445560455322,0.731263279914856,1.1402019262313843,1.0312331914901733,1.0331286191940308,1.174966812133789,1.1773403882980347,0.9975848197937012,0.9966630935668945,0.9734159708023071,1.0601980686187744,1.025854229927063,1.0263543128967285,0.9614987969398499,0.9543774724006653,0.9023350477218628,0.9633010625839233,0.8978906869888306,0.878527820110321,0.8705931901931763,0.9093239307403564,0.8610705733299255,0.9496179223060608,0.9496779441833496,0.9950515031814575,0.9004641771316528,0.9061787128448486,1.044567346572876,0.9305722117424011,0.9930010437965393,0.7805222272872925,0.6204404830932617,0.8971260190010071,0.9910147190093994,1.0463745594024658,0.9815800189971924,0.9633609652519226,1.0203722715377808,1.0119643211364746,1.0188791751861572,1.020139217376709,1.0094045400619507,1.1022555828094482,0.939250111579895,1.0801719427108765,0.9757007360458374,1.0337715148925781,1.0731942653656006,1.0795621871948242,1.0727970600128174,1.1582103967666626
bird,0.5652381777763367,0.46849095821380615,0.0,0.8023914694786072,0.6131964921951294,0.6785933375358582,0.547701358795166,0.7431578636169434,0.730150580406189,0.710033655166626,1.019311785697937,1.045983076095581,1.170089602470398,1.0967509746551514,1.025122880935669,0.8572771549224854,0.9958971738815308,1.1199012994766235,1.0538791418075562,1.0235027074813843,0.9746931791305542,1.080234169960022,0.8966967463493347,0.8913909196853638,0.9782299995422363,0.895706295967102,0.9888036251068115,0.9999368786811829,0.9646037220954895,0.9586407542228699,1.0008386373519897,1.0036319494247437,1.0428838729858398,0.9863701462745667,1.0333409309387207,0.9635355472564697,1.0542705059051514,1.0446929931640625,1.118213176727295,0.9981282353401184,1.0705912113189697,1.0380630493164062,0.9697481989860535,0.8830755352973938,0.826740026473999,1.008758783340454,1.0979573726654053,1.018446683883667,1.076098918914795,1.116632342338562,1.1226760149002075,1.1139334440231323,0.9424587488174438,0.904801607131958,0.9297008514404297,1.1124722957611084,1.1379350423812866,1.0398852825164795,1.1034038066864014,1.0771450996398926,0.9467144012451172,0.9199628829956055,0.8682612180709839,1.0239216089248657,1.0426510572433472,1.0533708333969116,1.0813428163528442,1.0297718048095703,1.124834418296814,0.9768801927566528,0.9485663175582886,1.16367769241333,1.0881770849227905,1.1220107078552246,1.114230751991272,1.074829339981079,0.967719316482544,1.0356571674346924,1.0252017974853516,1.0906717777252197,1.1317616701126099,1.1597695350646973,1.1303741931915283,1.0792787075042725,0.990814208984375,1.0786888599395752,1.0031545162200928,0.9576160907745361,1.0145528316497803,1.0023295879364014,1.020338535308838,1.0474294424057007,1.104956030845642,1.0544649362564087,0.996897280216217,0.9719899892807007,1.0105704069137573,0.9973829984664917,1.1427537202835083,0.9826363325119019,0.7890488505363464,0.9387931823730469,0.955286979675293,0.9507594108581543,0.8220939636230469,0.999988853931427,1.0070850849151611,1.0204603672027588,1.0288323163986206,1.0254106521606445,1.0352482795715332,1.077650547027588,1.0185091495513916,1.0952951908111572,1.0413801670074463,1.070246934890747,1.117781400680542,1.0581027269363403,1.067699670791626,1.1166836023330688
fish,0.8494031429290771,0.7871413826942444,0.8023914694786072,0.0,0.7673174142837524,0.5473961234092712,0.7116149663925171,0.7058152556419373,0.8480691313743591,0.8772327899932861,0.9526767730712891,1.0174446105957031,0.9786399602890015,0.754866361618042,0.8810328841209412,0.8665638566017151,0.8546414971351624,0.8576332330703735,0.7698801755905151,0.6949906349182129,0.8725020885467529,1.0073515176773071,1.0919183492660522,1.0590261220932007,1.125292420387268,0.9860830307006836,1.1529498100280762,1.1291170120239258,1.1550874710083008,1.240721583366394,1.2028049230575562,1.2813092470169067,1.196406364440918,1.2363554239273071,1.233112096786499,1.1581302881240845,1.060133934020996,1.0764195919036865,0.9651618599891663,1.0138660669326782,0.9330728054046631,0.8618727326393127,0.9700647592544556,0.8572948575019836,0.8003025054931641,0.9785210490226746,0.8509788513183594,0.9418047666549683,0.8797937035560608,0.9295991659164429,0.9014416933059692,0.9106011390686035,0.833177387714386,0.9064573049545288,0.7091017961502075,0.7671619653701782,0.8847476840019226,0.9905235767364502,0.9121575951576233,0.8164330124855042,1.316999912261963,0.8497293591499329,0.7902010679244995,0.7973520755767822,0.8530799150466919,0.8804402351379395,0.8559449911117554,0.8180211186408997,0.8264657855033875,1.0237338542938232,0.8589502573013306,0.9376471042633057,1.1208664178848267,1.035445213317871,1.2919516563415527,0.823698103427887,1.1484475135803223,1.1408857107162476,1.0723665952682495,1.1268641948699951,0.9844997525215149,0.9694122076034546,0.9329453110694885,0.7089155912399292,0.7993180751800537,0.7496829032897949,0.9244656562805176,0.6338699460029602,0.9404700398445129,0.74909907579422,0.831274151802063,0.8637836575508118,0.8927773237228394,1.1579080820083618,1.0188485383987427,0.9286617040634155,0.8376343250274658,0.6947582364082336,0.6995719075202942,0.847036600112915,0.86165452003479,0.7291624546051025,0.751896858215332,0.8591263890266418,0.830856442451477,1.0293915271759033,0.9175348877906799,1.0145260095596313,0.9931119680404663,0.9398213624954224,0.982366144657135,0.8674617409706116,0.7601007223129272,1.0252420902252197,1.014605164527893,1.0589077472686768,1.0516753196716309,0.9613744020462036,1.0196967124938965,1.0564279556274414
butterfly,0.7567154169082642,0.43739205598831177,0.6131964921951294,0.7673174142837524,0.0,0.575473427772522,0.6191927194595337,0.6927793025970459,0.9675227403640747,0.8791786432266235,1.0484431982040405,1.0889711380004883,1.1432156562805176,1.0954281091690063,1.1676572561264038,1.057883858680725,1.1321461200714111,1.1075713634490967,1.1212825775146484,1.0727081298828125,1.072140097618103,1.122904896736145,1.0286288261413574,0.9906651973724365,1.0908329486846924,0.5474884510040283,1.073346734046936,1.0281404256820679,1.0117073059082031,1.0509798526763916,1.0144847631454468,1.0840961933135986,1.0405173301696777,1.0704413652420044,1.0546748638153076,1.0221751928329468,1.1290643215179443,1.1151295900344849,1.085147738456726,1.0762784481048584,1.0849250555038452,1.012581467628479,1.0196839570999146,0.982966423034668,0.8653143644332886,0.8478922843933105,0.94627445936203,0.7985556125640869,0.9337784051895142,1.0173012018203735,0.9712696075439453,0.93871009349823,0.8252129554748535,0.9369224309921265,1.0707796812057495,1.1037416458129883,1.072615385055542,0.957828164100647,0.9886552095413208,0.9785623550415039,1.057464599609375,0.9106489419937134,0.8350250720977783,0.8935456275939941,0.9047338962554932,1.0074630975723267,0.9699257016181946,0.9325351119041443,1.0049880743026733,0.8153660297393799,0.7489041686058044,1.015317678451538,1.0155649185180664,1.004621982574463,1.1798434257507324,1.0257114171981812,0.9671646356582642,0.9730509519577026,1.013831615447998,1.0438246726989746,0.9853748679161072,1.0269739627838135,1.0042279958724976,0.9897353649139404,0.9431012868881226,0.976533055305481,0.9559710621833801,0.9553956389427185,0.8825075626373291,0.9052528142929077,0.9687820672988892,0.9705266952514648,1.0362293720245361,1.0376331806182861,0.9623638391494751,0.9764981865882874,1.0701384544372559,0.9817125797271729,0.9961922764778137,0.8683803081512451,0.8744097352027893,1.0717512369155884,1.1179205179214478,1.1157712936401367,1.0137715339660645,1.0477646589279175,1.112696886062622,1.0726876258850098,1.061519980430603,1.1427053213119507,1.0966557264328003,1.1439239978790283,0.9544552564620972,1.1230833530426025,1.0720757246017456,1.117879033088684,1.118709683418274,1.1596450805664062,1.127193570137024,1.16122305393219
frog,0.7123590111732483,0.43826329708099365,0.6785933375358582,0.5473961234092712,0.575473427772522,0.0,0.3678473234176636,0.5319400429725647,0.9208487272262573,0.7993149757385254,1.0352859497070312,1.129653811454773,1.0642306804656982,0.8599964380264282,1.1494077444076538,0.9578133225440979,1.0471683740615845,1.058181643486023,1.0567735433578491,0.8911340832710266,1.0577778816223145,1.1341506242752075,0.9088188409805298,0.9617795944213867,1.1859614849090576,0.9674186706542969,1.0512621402740479,1.0144742727279663,1.12183678150177,1.0945876836776733,1.1122093200683594,1.223388910293579,1.10908842086792,1.1932309865951538,1.1970345973968506,0.9617542028427124,1.032089352607727,1.0686588287353516,0.9777901768684387,0.9670472741127014,1.0270211696624756,0.8526008129119873,0.7642896175384521,0.6918817758560181,0.8794990181922913,1.017241358757019,0.8055098056793213,0.922551691532135,0.7517255544662476,1.007873296737671,0.9824744462966919,0.9058849215507507,0.7691423892974854,0.9639637470245361,0.9465044736862183,1.1006743907928467,1.1624159812927246,1.1230531930923462,1.0843350887298584,0.8944905996322632,1.1321349143981934,0.9636663794517517,0.5093872547149658,1.003097653388977,1.0594055652618408,1.040616750717163,1.1202701330184937,1.1178977489471436,1.040022373199463,0.8032105565071106,0.6203107833862305,0.9093375205993652,1.0616720914840698,1.0469880104064941,1.2766625881195068,1.1287477016448975,1.0874664783477783,1.0338096618652344,0.9936660528182983,1.0224292278289795,0.9543443322181702,0.985686182975769,1.0026063919067383,0.5419222116470337,0.6404896974563599,0.6158978939056396,0.9915987253189087,0.7804034352302551,0.9414463639259338,0.6807058453559875,0.8122953176498413,0.9316660165786743,0.8296374082565308,0.9987337589263916,0.8274533748626709,0.8885399103164673,0.9435341954231262,0.6919268369674683,0.576993465423584,0.33935922384262085,0.46566104888916016,0.6428724527359009,0.7627346515655518,0.9066616296768188,0.9137576222419739,0.9677236080169678,0.9640364050865173,0.9479536414146423,0.9694749712944031,0.949332058429718,0.9173018932342529,0.9591477513313293,0.6009518504142761,1.037512183189392,1.027431607246399,1.089056134223938,1.1055494546890259,1.041920781135559,1.0499823093414307,1.1624342203140259
alligator,0.4892534613609314,0.36347848176956177,0.547701358795166,0.7116149663925171,0.6191927194595337,0.3678473234176636,0.0,0.5742934942245483,0.5620943903923035,0.45638227462768555,0.8467581272125244,0.91399747133255,0.7464749813079834,0.9030551910400391,1.0956610441207886,0.9574863314628601,1.1979538202285767,1.2412582635879517,1.2783098220825195,1.1739156246185303,1.130408763885498,1.2062915563583374,0.7557002902030945,0.8146495223045349,1.0458624362945557,1.0360071659088135,0.7661356925964355,0.8095637559890747,1.0397677421569824,0.7345222234725952,0.7813276052474976,0.8830845952033997,0.8372913002967834,0.8766288757324219,0.9829150438308716,0.6812453866004944,0.6431131958961487,0.7183313965797424,0.7615159749984741,0.8220810890197754,0.8599454164505005,0.8636102080345154,0.603293776512146,0.622281551361084,0.9893854856491089,1.1313776969909668,1.1639801263809204,1.0842616558074951,0.9916605353355408,1.2558445930480957,1.1935334205627441,1.2017848491668701,0.9648894667625427,1.0611340999603271,1.2046291828155518,1.3570544719696045,1.416245460510254,1.145153522491455,1.197821021080017,1.1164809465408325,0.9007930755615234,0.9854519963264465,0.7286549806594849,1.1024953126907349,1.1056468486785889,1.1123155355453491,1.2527233362197876,1.2531039714813232,1.3149514198303223,0.7736946940422058,0.8352617025375366,1.220644474029541,1.0715315341949463,1.1212162971496582,1.21102774143219,1.2832592725753784,1.0257362127304077,1.0018863677978516,0.9014087915420532,1.0234068632125854,1.1985328197479248,1.1078740358352661,1.0368741750717163,0.8386972546577454,0.8673412203788757,0.8768178820610046,1.06318998336792,0.8771306872367859,0.9486755728721619,0.7651877999305725,0.8613886833190918,0.8291356563568115,0.7631702423095703,0.8807368278503418,0.8068516254425049,0.7823028564453125,0.8987739682197571,0.7719672322273254,1.055651068687439,0.8043395280838013,0.6227307319641113,0.6612866520881653,0.7882107496261597,0.9521852135658264,0.9341256618499756,0.8019655346870422,0.8214211463928223,0.8810119032859802,0.9505245685577393,0.5970306396484375,0.7342391014099121,0.7397506237030029,0.6101500988006592,0.8169159889221191,0.6353884935379028,0.7017327547073364,0.7889610528945923,0.69045490026474,0.7496625781059265,0.916833221912384
owl,0.7371551990509033,0.6462901830673218,0.7431578636169434,0.7058152556419373,0.6927793025970459,0.5319400429725647,0.5742934942245483,0.0,0.6054912209510803,0.6170629858970642,0.897041380405426,0.9851478934288025,0.9481663107872009,0.8852691650390625,1.076935052871704,0.8848696947097778,1.0046941041946411,1.0624690055847168,1.031577229499817,0.9701411724090576,1.0048928260803223,1.10355806350708,0.9806773066520691,0.9963805675506592,0.992526113986969,0.9319210052490234,0.9822142720222473,1.0006405115127563,1.1138849258422852,1.0374820232391357,1.001631259918213,1.1199711561203003,1.0451356172561646,1.0957543849945068,1.1178438663482666,0.9599143266677856,0.9447091817855835,0.9853265881538391,0.944587767124176,1.0566352605819702,0.971321702003479,0.9714171886444092,0.8559843897819519,0.9330811500549316,1.014028787612915,0.9802430272102356,0.9831202626228333,0.9968867897987366,0.8723496198654175,1.051079273223877,1.0250592231750488,0.9989472031593323,0.8857282400131226,0.8906926512718201,0.9740319848060608,1.0054746866226196,1.128683090209961,0.9966441988945007,0.9747071266174316,1.0191664695739746,1.1119681596755981,0.9895840287208557,0.8338987827301025,0.9975793361663818,1.0009939670562744,0.9846898913383484,1.0232008695602417,1.0103163719177246,1.0653692483901978,0.9243704080581665,0.8813679814338684,1.0484172105789185,0.9765264987945557,0.9857240915298462,1.15488600730896,0.972130537033081,1.0055054426193237,0.9665221571922302,0.9366152286529541,0.9730708003044128,1.0288716554641724,0.9865670204162598,0.9403162002563477,0.8885812759399414,0.9105325937271118,0.9045084714889526,0.8906059265136719,0.8114864230155945,0.8402958512306213,0.8066467046737671,0.7714551091194153,0.9695923328399658,0.8881464004516602,0.986075222492218,0.828650712966919,0.9159027934074402,0.912995457649231,0.8769190907478333,0.9269188642501831,0.7986981272697449,0.6296555399894714,0.7204058170318604,0.7729998230934143,0.887819230556488,0.8594233989715576,0.879438042640686,0.8726468086242676,0.8773928880691528,0.9267698526382446,0.8732778429985046,0.8061002492904663,0.8587818741798401,0.5091120004653931,0.8691997528076172,0.8217636346817017,0.905785083770752,0.9422522187232971,0.9076403379440308,0.9451456069946289,1.0299137830734253
cat,0.5859402418136597,0.7757341861724854,0.730150580406189,0.8480691313743591,0.9675227403640747,0.9208487272262573,0.5620943903923035,0.6054912209510803,0.0,0.28060948848724365,0.739557683467865,0.7252727746963501,0.679774820804596,0.8725049495697021,0.8995943665504456,0.8182955980300903,0.9769877195358276,1.0951707363128662,1.0696033239364624,1.094247817993164,0.9253110289573669,1.056280255317688,0.8550915718078613,0.9064843654632568,0.951211154460907,1.1118546724319458,0.7852513194084167,0.8232636451721191,1.0265922546386719,0.796295166015625,0.774854302406311,0.7658616900444031,0.8018463850021362,0.7956247925758362,0.8898521065711975,0.7666128873825073,0.6433649063110352,0.6646827459335327,0.8274780511856079,0.7949223518371582,0.8390410542488098,0.974112868309021,0.7514996528625488,0.7594127058982849,0.9628720879554749,1.1326632499694824,1.1510450839996338,1.0961294174194336,1.0879319906234741,1.1749341487884521,1.139338493347168,1.1742264032363892,1.0517407655715942,0.9897650480270386,1.0347059965133667,1.1322031021118164,1.2026467323303223,1.0299663543701172,1.1013591289520264,1.162654161453247,0.9576659202575684,1.0982861518859863,1.0266060829162598,1.1572110652923584,1.1378575563430786,1.1334433555603027,1.1499258279800415,1.147653341293335,1.2395228147506714,0.9547587633132935,1.0723655223846436,1.1834170818328857,1.0998282432556152,1.1330029964447021,1.0953410863876343,1.127135157585144,1.0278865098953247,1.0499533414840698,0.9346396327018738,1.0692312717437744,1.2068357467651367,1.1150261163711548,1.0561221837997437,1.0377544164657593,1.1004658937454224,1.0357586145401,1.0573651790618896,0.9736837148666382,1.0235315561294556,0.9786021113395691,0.9234561920166016,0.8836634755134583,0.8747193813323975,0.9605101346969604,0.9864197969436646,0.9485335350036621,0.9132586717605591,0.9285809993743896,1.193234920501709,1.0922956466674805,0.9065262675285339,0.7639798521995544,0.8018357157707214,0.8863320350646973,0.8365039825439453,0.8816062211990356,0.7974958419799805,0.9857025742530823,1.0652104616165161,0.5618395209312439,0.6924095153808594,0.6259440183639526,0.7651970386505127,0.6898953914642334,0.5562189817428589,0.5480782389640808,0.6637710332870483,0.5348494052886963,0.6331040859222412,0.7784242033958435
dog,0.58589106798172,0.5813425183296204,0.710033655166626,0.8772327899932861,0.8791786432266235,0.7993149757385254,0.45638227462768555,0.6170629858970642,0.28060948848724365,0.0,0.8889168500900269,0.8705424666404724,0.844748854637146,0.9729734659194946,1.0424230098724365,0.9065576195716858,1.0593173503875732,1.127727746963501,1.096049189567566,1.0643891096115112,0.9426898956298828,1.053118348121643,0.8148554563522339,0.8431017398834229,1.0207608938217163,1.0777649879455566,0.8608819246292114,0.8594008684158325,1.0367908477783203,0.8401913642883301,0.8571725487709045,0.8791821599006653,0.8699191808700562,0.8839899301528931,0.9520013332366943,0.7814834713935852,0.7675087451934814,0.756806492805481,0.8946589231491089,0.8822845816612244,0.9249460101127625,0.9576408267021179,0.7537303566932678,0.8078230619430542,1.0554587841033936,1.0901991128921509,1.1143393516540527,1.0605469942092896,0.998113214969635,1.1164896488189697,1.123085618019104,1.1257432699203491,0.965916633605957,1.0488531589508057,1.050006628036499,1.163638710975647,1.1906476020812988,1.0121341943740845,1.114225149154663,1.100433111190796,0.9868565201759338,1.034904956817627,0.8976563811302185,1.080592155456543,1.074981689453125,1.0921354293823242,1.1481516361236572,1.1599023342132568,1.2183903455734253,0.9441590309143066,0.9969474077224731,1.1574794054031372,1.087776780128479,1.0762063264846802,1.133420467376709,1.2094659805297852,0.9890890121459961,0.9856898784637451,0.9534755945205688,1.053718090057373,1.1213645935058594,1.0555765628814697,0.9908827543258667,0.9918676018714905,1.016788125038147,1.02385675907135,0.9044870138168335,0.9148776531219482,0.882378339767456,0.8697580099105835,0.8533346652984619,0.8984878659248352,0.8759819269180298,0.9785894751548767,0.9806528091430664,0.9788305163383484,0.9557648301124573,0.9042719602584839,1.1044864654541016,0.9503329992294312,0.8183547258377075,0.8177497386932373,0.8946199417114258,0.9353342056274414,0.8674818277359009,0.9082403182983398,0.9216447472572327,0.9916675686836243,1.0539135932922363,0.7429215312004089,0.8371549844741821,0.8280161619186401,0.832726001739502,0.866273045539856,0.6451388597488403,0.7197311520576477,0.8510116934776306,0.6884438395500183,0.7960759997367859,0.9181503057479858
face,0.863080620765686,1.0267735719680786,1.019311785697937,0.9526767730712891,1.0484431982040405,1.0352859497070312,0.8467581272125244,0.897041380405426,0.739557683467865,0.8889168500900269,0.0,0.2372710108757019,0.6145696640014648,0.8218318819999695,0.8308120965957642,0.9496289491653442,0.9786521792411804,1.0240845680236816,1.0686286687850952,1.0037580728530884,0.7738270163536072,0.6134639382362366,1.0258795022964478,1.0475223064422607,0.9786844849586487,1.097362995147705,1.018701434135437,1.0082334280014038,1.058016061782837,0.9723719954490662,0.8317012190818787,0.8076273202896118,0.8863977193832397,0.9094469547271729,1.0014621019363403,0.9463700652122498,0.8149073719978333,0.8317538499832153,0.9007391333580017,0.9937350749969482,0.9606619477272034,1.0336277484893799,0.9736577272415161,0.9576078653335571,1.0356107950210571,1.1145280599594116,1.1569218635559082,1.0999141931533813,1.117037057876587,1.1568626165390015,1.125004768371582,1.1754531860351562,1.1370184421539307,0.8111172318458557,1.1004220247268677,1.0651129484176636,1.1358416080474854,0.5506190061569214,0.7138893604278564,1.1872867345809937,1.037099838256836,1.1642134189605713,1.123405933380127,1.1738157272338867,1.1597639322280884,1.2098312377929688,1.1367303133010864,1.1746957302093506,1.2547513246536255,1.0259108543395996,1.140101671218872,1.2153476476669312,1.132932186126709,1.1777223348617554,1.200613021850586,1.0693176984786987,1.0983099937438965,1.2248896360397339,1.0147814750671387,1.1742253303527832,1.2051697969436646,1.1872884035110474,1.135300636291504,1.0375349521636963,1.1396756172180176,1.0481597185134888,1.1338136196136475,0.9925026893615723,1.088033676147461,0.9985485076904297,0.9703526496887207,0.6012532711029053,1.0484074354171753,1.0788381099700928,1.048967957496643,0.9914801716804504,0.9895579218864441,0.8951642513275146,1.131900668144226,1.2008486986160278,1.0169347524642944,0.9085316061973572,0.9055087566375732,0.9792734384536743,0.9548142552375793,0.9881891012191772,0.8763887882232666,1.0995147228240967,1.1471513509750366,0.6942437887191772,0.6548275947570801,0.5681248903274536,0.6298028230667114,0.47687578201293945,0.41768407821655273,0.3821314573287964,0.29035526514053345,0.6528218984603882,0.6841221451759338,0.7409013509750366
hair,0.8404960036277771,1.0615909099578857,1.045983076095581,1.0174446105957031,1.0889711380004883,1.129653811454773,0.91399747133255,0.9851478934288025,0.7252727746963501,0.8705424666404724,0.2372710108757019,0.0,0.6267871856689453,0.8047993183135986,0.7864799499511719,0.9882060885429382,0.9895795583724976,1.017476201057434,1.048218846321106,1.0579302310943604,0.6741479635238647,0.6586841940879822,0.9979515671730042,1.0297964811325073,0.9807477593421936,1.0764434337615967,1.0007632970809937,1.052028775215149,1.0759375095367432,0.9744694828987122,0.8174254894256592,0.7681236863136292,0.888609766960144,0.8814535737037659,0.981985330581665,0.9321154952049255,0.8112790584564209,0.7828019857406616,0.9205561280250549,1.0096133947372437,0.978756844997406,1.0745831727981567,0.9909305572509766,0.9673576354980469,0.9776803851127625,1.1092904806137085,1.224291443824768,1.1168736219406128,1.210012435913086,1.2171813249588013,1.185283899307251,1.2344887256622314,1.1903457641601562,0.7320684194564819,1.1163839101791382,1.0746053457260132,1.160291075706482,0.5305393934249878,0.7656731605529785,1.2483572959899902,0.9853415489196777,1.1846165657043457,1.171998381614685,1.2146323919296265,1.1916695833206177,1.2423436641693115,1.1147873401641846,1.1623495817184448,1.281509280204773,0.9857809543609619,1.1523159742355347,1.223270297050476,1.177921175956726,1.2305275201797485,1.1717207431793213,1.1073144674301147,1.101495385169983,1.2452504634857178,1.0255763530731201,1.208308458328247,1.2800875902175903,1.241477370262146,1.181126594543457,1.0834847688674927,1.2133843898773193,1.0840357542037964,1.1963361501693726,1.0683972835540771,1.1503366231918335,1.0472530126571655,1.0252164602279663,0.6536117792129517,1.086277961730957,1.070467233657837,1.0946015119552612,0.9878643751144409,1.0183846950531006,0.916208803653717,1.1598327159881592,1.260421872138977,1.0600757598876953,0.9655065536499023,0.9484567642211914,1.0058382749557495,1.0246034860610962,1.0244765281677246,0.8861218094825745,1.1641464233398438,1.2101116180419922,0.7440102696418762,0.6518120765686035,0.6063253879547119,0.7556121349334717,0.4656537175178528,0.49328988790512085,0.43412864208221436,0.3969235420227051,0.6851261854171753,0.6895281672477722,0.709513783454895
arm,0.9181296825408936,1.0924209356307983,1.170089602470398,0.9786399602890015,1.1432156562805176,1.0642306804656982,0.7464749813079834,0.9481663107872009,0.679774820804596,0.844748854637146,0.6145696640014648,0.6267871856689453,0.0,0.5589367151260376,0.8031062483787537,0.9130091071128845,0.9721442461013794,0.9950550198554993,1.0982046127319336,1.1857378482818604,1.0725512504577637,1.0884889364242554,0.890782356262207,0.948634922504425,1.0644432306289673,1.213085651397705,0.7240216135978699,0.8331160545349121,1.02418851852417,0.8075328469276428,0.6772351264953613,0.7182502746582031,0.7770934104919434,0.7376782894134521,0.870790958404541,0.7368121147155762,0.395967960357666,0.5733215808868408,0.35743260383605957,0.7786001563072205,0.6531696319580078,0.7450821995735168,0.70830899477005,0.7244784832000732,1.1955327987670898,1.2196599245071411,1.273808240890503,1.1764452457427979,1.1278190612792969,1.2320410013198853,1.2086482048034668,1.2715802192687988,1.236491084098816,1.1086015701293945,1.2145994901657104,1.223034143447876,1.3067917823791504,1.0391535758972168,0.9961759448051453,1.210321068763733,0.9727916121482849,1.034003734588623,1.016381859779358,1.0983929634094238,1.0961331129074097,1.0673637390136719,1.1557190418243408,1.2358942031860352,1.3480907678604126,1.0828945636749268,1.1602115631103516,1.269992709159851,1.0388959646224976,1.0968143939971924,1.1080169677734375,1.2059013843536377,1.0792313814163208,1.055884599685669,0.8828641176223755,1.0017285346984863,1.2404433488845825,1.0266432762145996,0.8888630867004395,0.9567278623580933,1.0555895566940308,0.971648097038269,1.1593835353851318,0.9965765476226807,1.0016626119613647,0.8631851673126221,0.9212676286697388,0.7107051610946655,0.5725144147872925,0.8555220365524292,0.8256134986877441,0.638481616973877,0.900935709476471,0.7236902117729187,1.1455082893371582,1.1857539415359497,0.9700455665588379,0.6956408619880676,0.6979305148124695,0.8513237237930298,0.9768767356872559,0.73747318983078,0.7941130995750427,0.8639246225357056,0.9256988167762756,0.35933876037597656,0.5238564014434814,0.34266823530197144,0.5180593729019165,0.40430277585983276,0.32619374990463257,0.31420034170150757,0.31025445461273193,0.32667505741119385,0.3990177512168884,0.5222517848014832
hand,0.9674644470214844,1.0645112991333008,1.0967509746551514,0.754866361618042,1.0954281091690063,0.8599964380264282,0.9030551910400391,0.8852691650390625,0.8725049495697021,0.9729734659194946,0.8218318819999695,0.8047993183135986,0.5589367151260376,0.0,0.710533618927002,0.7828389406204224,0.6445040702819824,0.4078347682952881,0.5902666449546814,0.8108737468719482,0.8500378131866455,0.8823261857032776,1.0214554071426392,1.0693224668502808,1.2124900817871094,1.2620126008987427,1.0411423444747925,1.049763560295105,1.11565363407135,1.1422162055969238,1.1122891902923584,1.1201528310775757,1.0960561037063599,1.0941745042800903,1.087206244468689,1.0434412956237793,0.9173619747161865,0.9377536773681641,0.8278710246086121,0.9365546107292175,0.8835015296936035,0.9133356213569641,0.863700270652771,0.8448745012283325,1.1188310384750366,1.1805903911590576,1.0651556253433228,1.0823938846588135,0.96573805809021,1.0425844192504883,1.0435034036636353,1.0753469467163086,1.0917638540267944,1.0540530681610107,0.9559749364852905,0.9675606489181519,1.083460807800293,1.0017327070236206,0.9221678972244263,0.9588361382484436,1.1978611946105957,1.0298112630844116,0.8757423758506775,1.0049420595169067,1.0070502758026123,0.9986951351165771,1.0001314878463745,1.095416784286499,1.1563299894332886,1.1889119148254395,1.1647673845291138,1.1653944253921509,1.1291418075561523,1.0843595266342163,1.1864099502563477,1.0847570896148682,1.076005458831787,1.1560062170028687,0.9879282116889954,1.0970368385314941,1.1270735263824463,1.0436409711837769,0.9574143290519714,0.6852197051048279,0.8352487087249756,0.7689838409423828,1.0749735832214355,0.7024829387664795,0.9887802004814148,0.7212129831314087,0.8342615365982056,0.813082754611969,0.7151170372962952,1.0329843759536743,0.8913038372993469,0.7362232208251953,0.8086425065994263,0.48149603605270386,0.7568755149841309,0.9545605182647705,0.7978426218032837,0.5826464891433716,0.5221326947212219,0.6646773219108582,0.9110877513885498,0.9868507981300354,0.894328236579895,0.9942770004272461,0.9987122416496277,0.7571227550506592,0.7319800853729248,0.4323587417602539,0.5784584879875183,0.6885103583335876,0.8104984760284424,0.8252637982368469,0.8163906931877136,0.7296121120452881,0.8069952726364136,0.8964714407920837
leg,0.990236759185791,1.13350510597229,1.025122880935669,0.8810328841209412,1.1676572561264038,1.1494077444076538,1.0956610441207886,1.076935052871704,0.8995943665504456,1.0424230098724365,0.8308120965957642,0.7864799499511719,0.8031062483787537,0.710533618927002,0.0,0.5505963563919067,0.430292010307312,0.7569277286529541,0.6251598596572876,0.8799867630004883,0.751824140548706,0.8776354789733887,1.0362768173217773,1.0433908700942993,1.0707377195358276,1.206111192703247,1.1069589853286743,1.072635531425476,1.0257766246795654,1.0502663850784302,1.1521165370941162,1.0484017133712769,1.1321837902069092,1.0959794521331787,1.0015647411346436,1.0528324842453003,1.0934653282165527,1.032178521156311,1.139338493347168,1.1577563285827637,1.154374122619629,1.1718860864639282,1.1590633392333984,0.9449195265769958,0.9597793221473694,1.1656726598739624,1.1226365566253662,1.129380464553833,1.1402188539505005,1.0795916318893433,1.0826131105422974,1.1275293827056885,1.1087299585342407,0.9355111718177795,0.6342779994010925,0.7627757787704468,0.9835124015808105,0.9058144092559814,0.8578522205352783,0.9829314947128296,1.0021942853927612,1.0331366062164307,1.1640825271606445,1.0833923816680908,1.0889922380447388,1.0677144527435303,0.9377512335777283,0.9835761785507202,1.033563256263733,1.090749740600586,1.2401695251464844,1.2004504203796387,1.1279091835021973,1.1877471208572388,1.031679630279541,0.8852418065071106,1.1154536008834839,1.2320778369903564,1.0604422092437744,1.2100327014923096,1.2208629846572876,1.2307329177856445,1.2042349576950073,1.048928141593933,1.1023457050323486,1.0817463397979736,1.1795917749404907,0.8607114553451538,1.1698790788650513,1.0929985046386719,1.0665682554244995,1.009346842765808,1.1665759086608887,1.1668453216552734,1.1222867965698242,1.0078822374343872,0.9263640642166138,0.9111433029174805,1.0882980823516846,1.2041579484939575,0.9856469631195068,0.8047150373458862,0.6472573280334473,0.5062485933303833,0.654511570930481,1.1090915203094482,0.908539891242981,1.1239736080169678,1.126610279083252,0.9700983166694641,0.9086997509002686,0.7407268285751343,0.975692629814148,0.7734813690185547,0.945017397403717,0.9152747988700867,0.861019492149353,0.7885208129882812,0.7965334057807922,0.7205813527107239
foot,0.9289646148681641,0.9969550371170044,0.8572771549224854,0.8665638566017151,1.057883858680725,0.9578133225440979,0.9574863314628601,0.8848696947097778,0.8182955980300903,0.9065576195716858,0.9496289491653442,0.9882060885429382,0.9130091071128845,0.7828389406204224,0.5505963563919067,0.0,0.34367430210113525,0.8307561874389648,0.6545361280441284,0.9385591745376587,1.0183924436569214,1.0328530073165894,0.8965500593185425,0.9432308077812195,1.0634880065917969,1.1360868215560913,0.9862263798713684,0.9812667369842529,1.0320312976837158,1.0035570859909058,1.103715181350708,1.0724118947982788,1.0483726263046265,1.1265686750411987,1.0737476348876953,1.0063616037368774,0.9682477712631226,0.9151211977005005,1.0359950065612793,1.0941402912139893,1.0754832029342651,1.069120168685913,0.9729893207550049,0.8527988791465759,0.9975680708885193,1.13508939743042,1.0436333417892456,1.0641740560531616,1.0490853786468506,1.0833185911178589,1.1137431859970093,1.0979790687561035,0.9965704679489136,0.9351560473442078,0.4918442964553833,0.9119465947151184,1.0676597356796265,1.0235135555267334,1.0050615072250366,1.0443615913391113,0.9883585572242737,1.017949104309082,0.9508833289146423,1.0878138542175293,1.1073871850967407,1.0434439182281494,1.0641518831253052,1.0736229419708252,1.1001719236373901,1.043601393699646,1.1393405199050903,1.1169131994247437,1.0034841299057007,1.035871148109436,1.015052080154419,0.9849292039871216,1.0408717393875122,1.0874264240264893,0.9685219526290894,1.0128264427185059,1.0834250450134277,1.1176488399505615,1.0906169414520264,0.9812564253807068,0.9996136426925659,1.0240336656570435,1.0849143266677856,0.897192656993866,1.0826271772384644,0.9958827495574951,0.981990396976471,1.0404298305511475,1.0331398248672485,1.0074505805969238,0.969217836856842,0.9632828235626221,0.9313039779663086,0.8341519236564636,1.0402073860168457,0.9688623547554016,0.8381383419036865,0.5364598035812378,0.4612032175064087,0.30088406801223755,0.22101837396621704,0.897165060043335,0.8127099871635437,0.90910404920578,0.9655351638793945,0.7963042259216309,0.9107468128204346,0.6908057928085327,0.8448089361190796,0.8386487364768982,0.9396504163742065,0.9432283639907837,0.9499421119689941,0.7045046091079712,0.8080795407295227,0.8152636885643005
ankle,0.9848865270614624,1.101813554763794,0.9958971738815308,0.8546414971351624,1.1321461200714111,1.0471683740615845,1.1979538202285767,1.0046941041946411,0.9769877195358276,1.0593173503875732,0.9786521792411804,0.9895795583724976,0.9721442461013794,0.6445040702819824,0.430292010307312,0.34367430210113525,0.0,0.5301923751831055,0.3199716806411743,0.7212812304496765,0.825382649898529,0.8080774545669556,1.0779069662094116,1.0987285375595093,1.1325329542160034,1.0951273441314697,1.1431151628494263,1.1258143186569214,1.0839773416519165,1.2366467714309692,1.2827847003936768,1.2327152490615845,1.2211438417434692,1.2672805786132812,1.1377489566802979,1.2128865718841553,1.1506595611572266,1.0915676355361938,1.1696399450302124,1.2229437828063965,1.1644980907440186,1.1184360980987549,1.2006860971450806,1.032618522644043,1.0604491233825684,1.04994797706604,0.9125202894210815,0.9791705012321472,0.945388913154602,0.8658243417739868,0.9274043440818787,0.9061446189880371,0.9462406635284424,0.7602118253707886,0.33721721172332764,0.5891297459602356,0.7514877319335938,0.8883942365646362,0.7764911651611328,0.8431991934776306,1.2451996803283691,1.0749232769012451,1.0335462093353271,1.0357002019882202,1.0767138004302979,0.9993892312049866,0.9229061603546143,0.9432040452957153,0.9126307368278503,1.1772760152816772,1.2012405395507812,1.0322420597076416,1.0430017709732056,1.0068817138671875,1.0297876596450806,0.7802518606185913,1.0980411767959595,1.1824599504470825,1.074520468711853,1.0764508247375488,0.9435474872589111,1.0622048377990723,1.0963152647018433,0.9249144792556763,0.9681942462921143,0.976987898349762,1.0213768482208252,0.8522720336914062,1.1008317470550537,1.0698939561843872,0.983289897441864,1.0847280025482178,1.1499643325805664,1.1504319906234741,1.0689647197723389,1.032483458518982,1.0257257223129272,0.9280344843864441,0.907198965549469,1.0290876626968384,0.8830677270889282,0.6950018405914307,0.5049406886100769,0.29288578033447266,0.5255290269851685,1.0718177556991577,0.8621534109115601,1.0322322845458984,1.0047850608825684,1.0048619508743286,0.9986317157745361,0.7728416919708252,0.9525309801101685,0.8794564008712769,1.1151450872421265,1.0979198217391968,1.0569502115249634,0.9191319346427917,0.9885129332542419,0.8598847389221191
