,rooster,fish,frog,alligator,owl,cat,dog,face,hair,arm,hand,finger,toe,tooth,nose,stroller,car,lamp,chair,bench,drawer,window,door,refrigerator,oven,crib,bed,couch,table,bathtub,sink,slide,clock,ball,balloon,pumpkin,egg,orange,apple,hat,slipper,watch,nail,glasses,necklace,carrot,vacuum,shovel,scissors,spoon,fork,knife,pencil,pen,crayon,plant,flower,bottle,cup,can,belt,basket,bucket,tape,bowl,plate,banana,bread,cracker,pizza,hamburger,glass,tray,box,book,paper,comb,toothbrush,gum,toy,doll,mitten,glove,sock,shoe,purse,pillow,towel,napkin,blanket,pajamas,bib,scarf,jacket,sweater,shirt,jeans,pants,shorts
rooster,0.0,0.8301441669464111,0.7331662178039551,0.7529034614562988,0.9013758301734924,0.8316354751586914,0.6756496429443359,1.0296132564544678,1.005879282951355,1.1498857736587524,1.0851181745529175,1.0657612085342407,1.0283328294754028,0.9662206172943115,1.0310779809951782,0.9995484352111816,0.8447446823120117,0.9957550168037415,1.0505034923553467,1.07962965965271,1.0419774055480957,1.030954122543335,0.9981645941734314,1.0520422458648682,1.0479356050491333,1.057264804840088,1.1069486141204834,1.0565745830535889,1.135304570198059,1.1578612327575684,1.0795313119888306,1.1093493700027466,0.9603330492973328,0.9399630427360535,0.9418547749519348,0.9150564074516296,0.9847383499145508,0.9380743503570557,0.8883836269378662,0.8542871475219727,0.9649453163146973,0.9727864861488342,0.9514663219451904,0.8695546388626099,0.9018572568893433,0.9502508044242859,0.9147634506225586,1.0199986696243286,0.9469900131225586,0.9983481168746948,1.008280634880066,1.0024166107177734,1.000322937965393,1.011356234550476,0.9995474815368652,0.9304355382919312,0.7580571174621582,0.9749072194099426,1.0158427953720093,1.0220705270767212,0.9880701303482056,1.0069897174835205,1.0237840414047241,1.0760908126831055,1.0400267839431763,1.0560717582702637,0.9597339034080505,0.8934925198554993,1.0033166408538818,0.952607274055481,0.9583265781402588,0.9730218648910522,1.0632672309875488,1.0505167245864868,1.0455834865570068,1.0831897258758545,1.0605981349945068,0.9975255131721497,0.9453790187835693,0.8425601124763489,0.8443077802658081,1.0305448770523071,1.0239540338516235,1.062012791633606,1.0135533809661865,0.8865622878074646,0.936314046382904,0.9428801536560059,0.9925957322120667,1.1327005624771118,1.1032148599624634,1.0365045070648193,0.9860315322875977,1.0941928625106812,1.08962082862854,1.0760993957519531,1.1777030229568481,1.0993947982788086,1.0441480875015259
fish,0.8301441669464111,0.0,0.44980108737945557,0.5277188420295715,0.709378182888031,0.8820826411247253,1.0197837352752686,1.090476632118225,1.0296489000320435,1.2037224769592285,1.064318299293518,0.9387313723564148,0.8039920330047607,0.712138295173645,1.0009421110153198,1.1700555086135864,0.8300939798355103,0.939775824546814,1.253359317779541,1.2694045305252075,1.0867807865142822,1.128838300704956,1.1603105068206787,1.1961052417755127,1.1391085386276245,1.309043049812317,1.332926630973816,1.3040332794189453,1.2531633377075195,1.2414151430130005,0.9970954656600952,1.2821884155273438,0.8428235054016113,0.7353640198707581,0.7761509418487549,0.8038041591644287,0.686874508857727,0.6932293176651001,0.6523967981338501,0.672317624092102,0.6558433771133423,0.6716439723968506,0.5502395629882812,0.6310684084892273,0.6721199154853821,0.7114443778991699,1.1562176942825317,0.794226884841919,0.8443292379379272,0.7375566363334656,0.6341748833656311,0.750068724155426,0.6141238212585449,0.5873469114303589,0.576350212097168,0.9311382174491882,0.6970343589782715,0.7974355220794678,0.761542797088623,0.9786112904548645,0.6998690962791443,1.0708913803100586,1.0802123546600342,0.8936131000518799,0.9158335328102112,0.889525830745697,0.6990560293197632,0.6112797260284424,0.8060996532440186,0.8873304128646851,0.8968881964683533,1.0472116470336914,1.200918197631836,1.225416898727417,1.1107627153396606,1.054638385772705,1.0449539422988892,0.916729748249054,0.6164416670799255,0.8993778228759766,1.1263009309768677,0.9785422086715698,0.8424607515335083,0.9246118068695068,0.9808727502822876,1.076633334159851,0.8992741107940674,0.9147664904594421,0.8617560863494873,1.1987301111221313,1.1634111404418945,1.0200268030166626,1.067458152770996,1.1507182121276855,1.1682329177856445,1.118992805480957,1.135506510734558,1.0944299697875977,0.9881070256233215
frog,0.7331662178039551,0.44980108737945557,0.0,0.24518120288848877,0.7204177379608154,1.0602121353149414,0.8771225810050964,1.1328483819961548,1.1716878414154053,1.264829158782959,1.1127861738204956,1.0789786577224731,1.01405668258667,0.9716014862060547,1.128302812576294,0.9688461422920227,0.8504512310028076,1.0246062278747559,1.199582576751709,1.2146023511886597,1.1022928953170776,1.1371756792068481,1.0701861381530762,1.1552329063415527,1.1771529912948608,1.1915826797485352,1.2600815296173096,1.2513107061386108,1.1431776285171509,1.1938307285308838,1.0548999309539795,1.2021348476409912,0.889737069606781,0.8740832209587097,0.9006379842758179,0.9962890148162842,0.902925968170166,0.94969242811203,0.9218974113464355,0.8005205988883972,0.8923688530921936,0.9645563364028931,0.8922499418258667,0.8602215051651001,0.8930063843727112,0.9205181002616882,1.0253640413284302,0.8766547441482544,0.6123925447463989,0.8214490413665771,0.778398871421814,0.8333009481430054,0.8455591201782227,0.8281465768814087,0.7708122134208679,0.9134036898612976,0.6253789067268372,0.8995196223258972,0.9183340072631836,1.081620454788208,0.9940284490585327,1.0187171697616577,1.0226776599884033,0.9045863151550293,1.014553427696228,0.9049431681632996,0.7773948907852173,0.8666338920593262,0.8719480037689209,0.8870528936386108,0.9164372682571411,1.0214356184005737,1.0297489166259766,1.0673019886016846,0.9416284561157227,1.0182472467422485,1.0835483074188232,0.9276627898216248,0.6992249488830566,0.47633612155914307,0.7207545042037964,0.9745805263519287,0.9013451933860779,0.9918257594108582,0.9120811223983765,0.9947834610939026,1.0810691118240356,0.9061132073402405,0.8702967166900635,1.205523133277893,1.190905213356018,1.0392389297485352,1.058390736579895,1.2201902866363525,1.2245306968688965,1.2146399021148682,1.2147858142852783,1.2087959051132202,1.1454600095748901
alligator,0.7529034614562988,0.5277188420295715,0.24518120288848877,0.0,0.6774201393127441,0.7667874097824097,0.6561928987503052,0.9827702641487122,0.9439951181411743,0.9149421453475952,1.0347015857696533,1.1926982402801514,1.1594780683517456,1.1016454696655273,1.1957274675369263,0.9164986610412598,0.8914593458175659,0.9851822853088379,1.0651847124099731,1.0022485256195068,1.0682802200317383,0.940060019493103,0.9448176622390747,0.9769997596740723,1.0597116947174072,0.9794498085975647,0.9537360072135925,1.0457353591918945,0.8770269751548767,0.9558504223823547,1.073060393333435,0.9645533561706543,0.9992407560348511,1.0867024660110474,1.0618561506271362,1.1244202852249146,1.1788990497589111,1.1555469036102295,1.1410298347473145,0.9695565104484558,1.122106909751892,1.1493011713027954,1.1287184953689575,1.0704001188278198,1.0332612991333008,1.0955405235290527,0.9874343276023865,0.9750778079032898,0.8583399653434753,0.9445481896400452,0.8615434765815735,0.9100270867347717,1.0053397417068481,0.9907008409500122,1.0215409994125366,0.8272453546524048,0.6950030326843262,1.0599262714385986,1.0834836959838867,1.1255908012390137,1.065155267715454,1.0430834293365479,1.0959817171096802,1.139190435409546,1.1357735395431519,1.0190485715866089,0.9367736577987671,0.9584468007087708,0.8219066858291626,0.7229076623916626,0.9603745937347412,0.8844396471977234,0.9175794720649719,0.9773073196411133,0.9418053030967712,0.8920817971229553,0.9631299376487732,0.9282332062721252,0.9926613569259644,0.8685726523399353,0.7627140283584595,0.8036521673202515,0.8981742262840271,1.0822656154632568,0.9773173928260803,0.9267805814743042,1.0425256490707397,0.8160538673400879,0.8538903594017029,0.8315838575363159,0.8828040957450867,0.8760985732078552,0.8566116690635681,0.8763217926025391,0.8985500335693359,0.908283531665802,0.9289118051528931,0.9540089964866638,0.9957295656204224
owl,0.9013758301734924,0.709378182888031,0.7204177379608154,0.6774201393127441,0.0,0.7738337516784668,0.8386548757553101,0.8849529027938843,0.855248212814331,0.9428233504295349,0.9993873834609985,1.132843255996704,1.0380780696868896,1.0359795093536377,1.1064473390579224,1.0486341714859009,0.8739913105964661,0.9851122498512268,1.142189383506775,1.0956671237945557,1.1241750717163086,0.9743344187736511,0.9525682330131531,1.00049889087677,1.0902701616287231,1.0561107397079468,0.9969388842582703,1.0828982591629028,1.0921669006347656,1.0835233926773071,1.1676311492919922,1.04659104347229,0.9456325173377991,0.8977900743484497,0.9203152060508728,0.9626378417015076,1.0177894830703735,1.0184510946273804,1.064928412437439,0.9117139577865601,1.0461982488632202,1.0689146518707275,1.012069582939148,1.0116572380065918,0.9113039970397949,1.0424388647079468,1.0501112937927246,0.9772185683250427,1.0513570308685303,0.9832851886749268,0.9287803173065186,1.0372213125228882,1.0840826034545898,1.0819522142410278,1.0884329080581665,0.9709810018539429,0.8583347797393799,1.0671501159667969,1.103904366493225,1.152922511100769,0.9702115654945374,1.0456020832061768,1.122244119644165,1.133488416671753,1.1216137409210205,1.0288732051849365,0.9931491017341614,0.8462808132171631,0.7812691926956177,0.7577779293060303,0.9390584230422974,0.8438910841941833,1.1167232990264893,1.1620652675628662,1.082664966583252,1.052211046218872,0.8733421564102173,0.9350926280021667,0.9776150584220886,0.9655676484107971,0.8515516519546509,0.7111871242523193,0.9079843759536743,0.9608432650566101,0.9753557443618774,0.9624994397163391,0.9135465621948242,0.9080249071121216,0.9761993288993835,0.8250600695610046,0.8427869081497192,0.7380600571632385,0.740491509437561,0.8466665744781494,0.879740834236145,0.818916380405426,0.8737515211105347,0.8883135318756104,0.8443577885627747
cat,0.8316354751586914,0.8820826411247253,1.0602121353149414,0.7667874097824097,0.7738337516784668,0.0,0.5139394998550415,0.794754147529602,0.7206780910491943,0.7316732406616211,0.953089714050293,1.087587594985962,1.065619707107544,1.02531099319458,1.019325613975525,0.9241843819618225,0.8780746459960938,0.9786663055419922,0.9947393536567688,0.8689625263214111,1.0917465686798096,0.854550838470459,1.0122497081756592,0.9932359457015991,1.0727401971817017,0.8635082244873047,0.6961473822593689,0.8258742094039917,0.9081205129623413,0.8419860601425171,1.1692075729370117,0.7525618076324463,1.1122946739196777,1.1237385272979736,1.1310197114944458,1.1295123100280762,1.178198218345642,1.1164178848266602,1.130721926689148,1.0856412649154663,1.062717318534851,1.0476739406585693,1.0860775709152222,1.0630252361297607,1.1072336435317993,1.0982471704483032,0.9520718455314636,1.1520813703536987,1.2587236166000366,1.1746125221252441,1.0613895654678345,1.1261783838272095,1.145432949066162,1.139647126197815,1.2088842391967773,0.9645332098007202,1.0525020360946655,1.2075762748718262,1.2159911394119263,1.1383066177368164,1.0186926126480103,1.1338151693344116,1.2409489154815674,1.287667989730835,1.2435228824615479,1.253662347793579,1.143174648284912,1.0381256341934204,0.9684311151504517,0.9502583146095276,1.1082892417907715,0.8811295032501221,1.1382036209106445,1.1288156509399414,1.2144405841827393,1.078909158706665,0.8157285451889038,0.9626168608665466,1.176669955253601,1.2634034156799316,1.0068672895431519,0.7686290740966797,1.0179061889648438,1.047940969467163,0.9757689833641052,1.0029652118682861,0.9139220118522644,1.0712100267410278,1.1138217449188232,0.5767658948898315,0.756746768951416,0.9129271507263184,0.8698762655258179,0.6976273059844971,0.7618345022201538,0.756274938583374,0.6411873698234558,0.7210960388183594,0.8441027402877808
dog,0.6756496429443359,1.0197837352752686,0.8771225810050964,0.6561928987503052,0.8386548757553101,0.5139394998550415,0.0,0.8495090007781982,0.8582410216331482,0.9135674238204956,1.1211473941802979,1.2465287446975708,1.1945288181304932,1.1613746881484985,1.1125211715698242,0.7386196851730347,0.8588209748268127,1.034936785697937,0.8701205253601074,0.8594788908958435,1.0748987197875977,0.8841413855552673,0.9081881046295166,0.9046642184257507,0.9613327980041504,0.7780321836471558,0.7382899522781372,0.7751756906509399,0.8987610936164856,0.954128623008728,1.1507790088653564,0.747008204460144,1.0506713390350342,1.1424663066864014,1.125831961631775,1.1210983991622925,1.2352381944656372,1.203713059425354,1.1769901514053345,1.039426565170288,1.159641981124878,1.2305190563201904,1.240295171737671,1.1395301818847656,1.175861120223999,1.2241352796554565,0.8245189189910889,1.1015188694000244,1.1054185628890991,1.141506552696228,1.1627111434936523,1.1343371868133545,1.2223666906356812,1.2254682779312134,1.2558858394622803,0.9078353047370911,0.962528645992279,1.1690037250518799,1.2131516933441162,1.1266640424728394,1.1452144384384155,1.0231915712356567,1.114572525024414,1.2256684303283691,1.2037618160247803,1.1901919841766357,1.1148865222930908,1.0833072662353516,1.012311339378357,0.9795793890953064,1.0397238731384277,0.885378897190094,0.9756042957305908,1.0289579629898071,1.103998064994812,1.1147552728652954,1.0321791172027588,1.0129621028900146,1.2177165746688843,0.9098784327507019,0.6668215394020081,0.870489239692688,1.046875238418579,1.066829800605774,0.9457162618637085,0.9267808198928833,1.0555459260940552,1.0333061218261719,1.111318826675415,0.7607665657997131,0.8464903235435486,0.9335523247718811,0.8880255222320557,0.8319734334945679,0.7922714352607727,0.8529446125030518,0.8188053965568542,0.8258473873138428,0.9468002915382385
face,1.0296132564544678,1.090476632118225,1.1328483819961548,0.9827702641487122,0.8849529027938843,0.794754147529602,0.8495090007781982,0.0,0.17417579889297485,0.6438544988632202,0.8165919780731201,1.0068014860153198,1.0470131635665894,0.9788995385169983,0.6871145963668823,1.0006667375564575,0.9706532955169678,0.9296070337295532,1.0834879875183105,1.0039424896240234,1.069517970085144,0.7819504141807556,0.8648072481155396,0.8958169221878052,0.9997311234474182,0.961666464805603,0.8895612359046936,0.9161613583564758,0.919913113117218,0.9645192623138428,1.1476165056228638,0.8921812176704407,1.0546398162841797,1.1078072786331177,1.1300376653671265,1.0620148181915283,1.1450673341751099,1.103633165359497,1.152234435081482,0.9540971517562866,1.168798804283142,1.0980010032653809,1.119812250137329,0.9393396377563477,0.9575695395469666,1.0920913219451904,1.0098340511322021,1.1635295152664185,1.2175472974777222,1.1447070837020874,1.0753718614578247,1.1447913646697998,1.162492275238037,1.171917200088501,1.197198510169983,0.9371446967124939,1.0441025495529175,1.1096479892730713,1.1717238426208496,1.1635104417800903,1.1155955791473389,1.2427278757095337,1.1248154640197754,1.196143388748169,1.193544626235962,1.1868211030960083,1.154891014099121,1.1080571413040161,0.97836834192276,0.9234367609024048,1.1141750812530518,0.849679172039032,1.1108510494232178,1.1403965950012207,1.1282384395599365,1.0450977087020874,0.8557038307189941,0.9324166774749756,1.103420376777649,1.2153629064559937,0.9089659452438354,0.7784338593482971,0.9574998617172241,1.039250135421753,1.0626890659332275,1.0748587846755981,1.0548315048217773,1.0669113397598267,1.1171059608459473,0.7640514969825745,0.5839189291000366,0.5870972871780396,0.5704281330108643,0.4458922743797302,0.391085684299469,0.39903223514556885,0.7142432928085327,0.7246640920639038,0.7432647943496704
hair,1.005879282951355,1.0296489000320435,1.1716878414154053,0.9439951181411743,0.855248212814331,0.7206780910491943,0.8582410216331482,0.17417579889297485,0.0,0.5726877450942993,0.7619577050209045,0.9710361361503601,0.9936949610710144,0.9894757270812988,0.752081036567688,0.97760409116745,0.9495599269866943,0.891547441482544,1.075634241104126,0.9883960485458374,1.0709073543548584,0.7453763484954834,0.816651463508606,0.8941875696182251,1.0390201807022095,0.9493208527565002,0.8746370077133179,0.8862205147743225,0.9473615288734436,0.9415615797042847,1.1764470338821411,0.9014289975166321,1.0150853395462036,1.1300196647644043,1.134833812713623,1.0932846069335938,1.1774417161941528,1.123139500617981,1.1699317693710327,0.8569895029067993,1.1624560356140137,1.0424659252166748,1.0823168754577637,0.8541615605354309,0.908399224281311,1.100667953491211,1.00912344455719,1.1879632472991943,1.2629528045654297,1.1658695936203003,1.040047287940979,1.1548504829406738,1.1446613073349,1.145149827003479,1.1991175413131714,0.8320732116699219,0.9440683722496033,1.1442115306854248,1.2150499820709229,1.1868572235107422,1.0804927349090576,1.2879841327667236,1.2117081880569458,1.2769596576690674,1.2524523735046387,1.2372112274169922,1.2157148122787476,1.1078789234161377,0.9779136180877686,0.8978570699691772,1.1469247341156006,0.8335563540458679,1.187516212463379,1.1780303716659546,1.1942766904830933,1.0615240335464478,0.8345195651054382,0.9043334722518921,1.0718472003936768,1.3170411586761475,0.9420247673988342,0.7218375205993652,0.9552897214889526,1.0852088928222656,1.1108635663986206,1.081696629524231,0.9733209013938904,1.0782134532928467,1.1514337062835693,0.7161413431167603,0.4873601794242859,0.5345156192779541,0.5091671347618103,0.4218676686286926,0.3444841504096985,0.33733493089675903,0.6688506603240967,0.6285672783851624,0.622774064540863
arm,1.1498857736587524,1.2037224769592285,1.264829158782959,0.9149421453475952,0.9428233504295349,0.7316732406616211,0.9135674238204956,0.6438544988632202,0.5726877450942993,0.0,0.532112181186676,0.9524684548377991,1.0656075477600098,1.2410433292388916,1.0943313837051392,0.92706298828125,1.1452550888061523,1.0534082651138306,0.8582854866981506,0.7795423865318298,1.053038239479065,0.8069082498550415,0.8975474238395691,0.7561885118484497,0.8992260694503784,0.7877663969993591,0.6239734888076782,0.7360758781433105,0.5298452377319336,0.7289860248565674,1.1244702339172363,0.6477270722389221,1.2228466272354126,1.2766202688217163,1.2371810674667358,1.1962013244628906,1.3305976390838623,1.2729263305664062,1.3289321660995483,1.246576189994812,1.3215866088867188,1.194364070892334,1.2993038892745972,1.2703704833984375,1.194675326347351,1.1520166397094727,1.005258560180664,1.2027204036712646,1.2646255493164062,1.2119344472885132,1.1660553216934204,1.1218236684799194,1.2394108772277832,1.2550116777420044,1.329213261604309,0.9763758778572083,1.1736582517623901,1.2745355367660522,1.307119607925415,1.2021973133087158,1.1663252115249634,1.2055567502975464,1.155327558517456,1.3362325429916382,1.224352478981018,1.2061350345611572,1.204382061958313,1.2411378622055054,0.9789339900016785,0.8201054334640503,1.1679350137710571,0.8290432095527649,0.854812741279602,0.9834752678871155,0.9768288135528564,0.7764477729797363,0.8275920152664185,0.856560468673706,1.2799865007400513,1.3929462432861328,0.9697495698928833,0.6553850173950195,0.8112590909004211,0.9819600582122803,1.0823789834976196,0.9847567677497864,1.0070964097976685,1.0415257215499878,1.0879169702529907,0.4717056155204773,0.3454437255859375,0.5605885982513428,0.6497564911842346,0.42510777711868286,0.353610098361969,0.3466717004776001,0.3825990557670593,0.514118492603302,0.6411606669425964
hand,1.0851181745529175,1.064318299293518,1.1127861738204956,1.0347015857696533,0.9993873834609985,0.953089714050293,1.1211473941802979,0.8165919780731201,0.7619577050209045,0.532112181186676,0.0,0.34350889921188354,0.6105793714523315,0.9529212117195129,0.7955425977706909,1.1261658668518066,1.1215264797210693,1.1701658964157104,1.1428909301757812,1.148606777191162,1.1104017496109009,1.1222710609436035,1.1565711498260498,1.072330355644226,1.0771254301071167,1.1832846403121948,1.1363279819488525,1.1072291135787964,0.933198094367981,1.1078932285308838,1.1634061336517334,1.065832495689392,1.1453649997711182,1.0260075330734253,1.0515470504760742,1.0465619564056396,0.9863227009773254,1.0835171937942505,1.1149970293045044,1.0180583000183105,0.9818847179412842,0.963667631149292,1.0064820051193237,0.9754242300987244,0.9447392225265503,0.8233474493026733,1.1943796873092651,1.0615047216415405,1.0318914651870728,0.9720590710639954,0.9217692017555237,0.9554029703140259,1.045508861541748,1.0679630041122437,1.0568888187408447,1.1833837032318115,1.1867303848266602,1.1378957033157349,1.1397210359573364,1.1384764909744263,0.9678025841712952,1.2272052764892578,1.0870416164398193,1.1173622608184814,1.0704572200775146,1.0207056999206543,1.007656455039978,1.0444865226745605,0.790245532989502,0.8331175446510315,1.0914533138275146,0.9365819692611694,0.9764721989631653,1.1518161296844482,0.9357020854949951,0.8348517417907715,0.9111525416374207,0.7090505361557007,0.8145597577095032,1.1636691093444824,0.9388414621353149,0.5889756679534912,0.450298011302948,0.7638134956359863,0.924146831035614,1.0411527156829834,0.9185209274291992,0.9019396901130676,0.8989291191101074,0.8672246336936951,0.6509485244750977,0.670175313949585,0.831712543964386,0.8621602058410645,0.8878360986709595,0.8316295742988586,0.762892484664917,0.9485727548599243,0.8116636276245117
finger,1.0657612085342407,0.9387313723564148,1.0789786577224731,1.1926982402801514,1.132843255996704,1.087587594985962,1.2465287446975708,1.0068014860153198,0.9710361361503601,0.9524684548377991,0.34350889921188354,0.0,0.36580437421798706,0.6372642517089844,0.5392453670501709,1.2839512825012207,1.1304845809936523,1.0700932741165161,1.1713736057281494,1.20866858959198,1.0195940732955933,1.1754238605499268,1.1572566032409668,1.198319673538208,1.1446516513824463,1.3031511306762695,1.2883148193359375,1.161869764328003,1.243678092956543,1.2457690238952637,1.0252362489700317,1.2778749465942383,1.0018062591552734,0.818608283996582,0.8731727600097656,0.8518983125686646,0.6468724608421326,0.7796753644943237,0.7781552672386169,0.7849370241165161,0.6122821569442749,0.5760196447372437,0.590214729309082,0.6203055381774902,0.6586520671844482,0.5960413217544556,1.2406553030014038,1.0274102687835693,0.9486317038536072,0.9034991264343262,0.8553833365440369,0.8617686033248901,0.7619490623474121,0.7674288749694824,0.7192639708518982,1.1394339799880981,1.0691580772399902,0.9781580567359924,0.8735650777816772,0.9802440404891968,0.6961491107940674,1.1259256601333618,1.0720210075378418,0.8844528794288635,0.9067444801330566,0.956892192363739,0.9405326247215271,0.8642340302467346,0.9014619588851929,1.0568318367004395,1.1004812717437744,1.1675103902816772,1.200416088104248,1.1930956840515137,0.9862213134765625,0.9737234115600586,1.1023168563842773,0.972654402256012,0.6347157955169678,1.118335485458374,1.1895017623901367,0.9268817901611328,0.5972692370414734,0.7537747621536255,0.9478664398193359,1.1531009674072266,0.8089901208877563,0.9681874513626099,0.9020986557006836,1.1953926086425781,1.1198028326034546,1.048630714416504,1.0802462100982666,1.207521915435791,1.2277891635894775,1.1680656671524048,1.0854108333587646,1.2020549774169922,0.9818127155303955
toe,1.0283328294754028,0.8039920330047607,1.01405668258667,1.1594780683517456,1.0380780696868896,1.065619707107544,1.1945288181304932,1.0470131635665894,0.9936949610710144,1.0656075477600098,0.6105793714523315,0.36580437421798706,0.0,0.5166337490081787,0.607113778591156,1.2372840642929077,1.0579313039779663,1.1233177185058594,1.2067769765853882,1.2098523378372192,0.99517422914505,1.2702748775482178,1.19780695438385,1.235192894935608,1.1605123281478882,1.3805923461914062,1.3446924686431885,1.2151676416397095,1.3433327674865723,1.3400036096572876,1.0702415704727173,1.340994119644165,1.002872347831726,0.7167963981628418,0.8455289602279663,0.7687739729881287,0.5876033306121826,0.697160005569458,0.6796290278434753,0.6533316969871521,0.3017411231994629,0.3849223256111145,0.43549954891204834,0.4427086114883423,0.5587775111198425,0.5613799095153809,1.1819566488265991,0.9715499877929688,0.9259081482887268,0.8814646005630493,0.7897083759307861,0.8233375549316406,0.6742733716964722,0.6654852628707886,0.6156042218208313,1.1526296138763428,1.0397025346755981,0.8467498421669006,0.7687563300132751,0.920992910861969,0.5275224447250366,1.1055134534835815,1.0816344022750854,0.8755711317062378,0.8703343868255615,0.9815173745155334,0.9460630416870117,0.7897977828979492,0.9684326648712158,1.1290385723114014,1.1373944282531738,1.2033382654190063,1.2935717105865479,1.286733627319336,1.0371627807617188,1.0266002416610718,1.1363749504089355,1.0117274522781372,0.5601831674575806,1.0047249794006348,1.1091305017471313,0.9056124091148376,0.5254113078117371,0.6325997114181519,0.7206693291664124,1.145339012145996,0.6740042567253113,0.9445652365684509,0.9618802070617676,1.227603554725647,1.1101970672607422,0.9821189641952515,1.0252554416656494,1.2844313383102417,1.2445013523101807,1.1645808219909668,1.0019137859344482,1.087688684463501,0.7755018472671509
tooth,0.9662206172943115,0.712138295173645,0.9716014862060547,1.1016454696655273,1.0359795093536377,1.02531099319458,1.1613746881484985,0.9788995385169983,0.9894757270812988,1.2410433292388916,0.9529212117195129,0.6372642517089844,0.5166337490081787,0.0,0.4857763648033142,1.2139012813568115,0.945610761642456,1.032291293144226,1.198773980140686,1.20078706741333,0.9513325691223145,1.1994428634643555,1.105412483215332,1.1490569114685059,1.0754413604736328,1.2830137014389038,1.341078519821167,1.2255663871765137,1.2876017093658447,1.2640960216522217,0.9887816905975342,1.328019380569458,0.8629997968673706,0.7264798879623413,0.8559788465499878,0.8183982372283936,0.6096964478492737,0.6867165565490723,0.640835165977478,0.6848416328430176,0.43593430519104004,0.42560404539108276,0.3358185291290283,0.43603551387786865,0.40822505950927734,0.628185510635376,1.1109771728515625,0.9078567028045654,0.9051341414451599,0.7979481220245361,0.7212588787078857,0.8029890060424805,0.6446510553359985,0.6277485489845276,0.5695338845252991,1.0825080871582031,0.952017068862915,0.7847188115119934,0.6919817328453064,0.8617806434631348,0.5848506689071655,0.970015823841095,1.0200029611587524,0.8485299944877625,0.8196156620979309,0.8818240761756897,0.8618869781494141,0.7217181921005249,0.8471892476081848,1.055466651916504,1.0194017887115479,1.1479767560958862,1.1799498796463013,1.1670615673065186,1.056465744972229,1.0709010362625122,1.0012881755828857,0.9712687730789185,0.48299920558929443,0.9903889298439026,1.1917356252670288,1.0912551879882812,0.8476884365081787,0.938767671585083,0.9322524070739746,1.110695481300354,0.8707380294799805,0.9937105774879456,0.9514207243919373,1.3123226165771484,1.2259916067123413,1.0871638059616089,1.0703071355819702,1.248216152191162,1.1993714570999146,1.1520304679870605,1.1920877695083618,1.1177982091903687,0.8955568671226501
nose,1.0310779809951782,1.0009421110153198,1.128302812576294,1.1957274675369263,1.1064473390579224,1.019325613975525,1.1125211715698242,0.6871145963668823,0.752081036567688,1.0943313837051392,0.7955425977706909,0.5392453670501709,0.607113778591156,0.4857763648033142,0.0,1.1508121490478516,1.0065966844558716,1.0232539176940918,1.1680964231491089,1.1328530311584473,1.0314135551452637,1.0621545314788818,1.0734071731567383,1.1087406873703003,1.110980749130249,1.1979305744171143,1.1963447332382202,1.1038403511047363,1.1929032802581787,1.1781668663024902,1.046782374382019,1.1974897384643555,0.9908642172813416,0.8939780592918396,0.9650788903236389,0.8712452054023743,0.7888418436050415,0.8461531400680542,0.8267621994018555,0.7529425621032715,0.7155280113220215,0.6313419342041016,0.612608790397644,0.5118753910064697,0.562086820602417,0.822632908821106,1.1139869689941406,1.0479586124420166,1.017897129058838,0.9498286843299866,0.9156931042671204,0.9651033878326416,0.895013153553009,0.885384202003479,0.8652991056442261,1.093145489692688,1.056251883506775,0.9940711855888367,0.9283573627471924,1.0178382396697998,0.7839100360870361,1.1484133005142212,1.0764856338500977,0.9793972969055176,0.9690430164337158,0.9952743649482727,1.0268101692199707,0.8887671232223511,0.9879724979400635,1.066105842590332,1.113329291343689,1.041351556777954,1.1625981330871582,1.174323320388794,1.081020474433899,1.0863527059555054,1.029221534729004,1.0351448059082031,0.7260676026344299,1.1193833351135254,1.1480724811553955,1.0086618661880493,0.8856704831123352,0.9624518752098083,1.0124659538269043,1.1197515726089478,0.9198570251464844,1.0715943574905396,1.0302602052688599,1.1691453456878662,1.1102519035339355,1.0256385803222656,0.9975040555000305,1.0912998914718628,1.0704991817474365,1.0458322763442993,1.109399437904358,1.0750887393951416,0.9347146153450012
stroller,0.9995484352111816,1.1700555086135864,0.9688461422920227,0.9164986610412598,1.0486341714859009,0.9241843819618225,0.7386196851730347,1.0006667375564575,0.97760409116745,0.92706298828125,1.1261658668518066,1.2839512825012207,1.2372840642929077,1.2139012813568115,1.1508121490478516,0.0,0.8141909241676331,1.094948172569275,0.7253199815750122,0.8209620118141174,0.9515323638916016,0.9457515478134155,0.9159270524978638,0.8661295175552368,0.9415780901908875,0.6673304438591003,0.7477546334266663,0.8026323318481445,0.8229106068611145,0.9352930784225464,1.0788652896881104,0.671025276184082,1.1584080457687378,1.1205036640167236,1.1213316917419434,1.1847003698349,1.2823454141616821,1.242273211479187,1.2438719272613525,1.1604009866714478,1.2134113311767578,1.2816829681396484,1.2517385482788086,1.223922610282898,1.2532422542572021,1.2746524810791016,0.6367638111114502,1.0717037916183472,0.9841349720954895,1.1790947914123535,1.199446678161621,1.1569494009017944,1.2105023860931396,1.2194424867630005,1.2359142303466797,0.9483636021614075,1.000730276107788,1.1157888174057007,1.226747989654541,1.065545678138733,1.2237249612808228,0.8628510236740112,1.0503664016723633,1.2311731576919556,1.212500810623169,1.2202109098434448,1.1241531372070312,1.2429927587509155,1.0692081451416016,1.043981671333313,1.1156554222106934,0.9207400679588318,0.909370481967926,0.9059200286865234,1.0205631256103516,1.0259813070297241,0.9478779435157776,0.896164059638977,1.1490557193756104,0.6919366121292114,0.5708048343658447,0.9279995560646057,1.0577934980392456,1.0639013051986694,0.9219669103622437,0.7788975238800049,1.092629075050354,0.983142077922821,1.0757017135620117,0.7485101819038391,0.7729092836380005,0.889128565788269,0.9404406547546387,0.8530862331390381,0.824531078338623,0.8713991641998291,0.7993170022964478,0.7339128255844116,0.9351411461830139
car,0.8447446823120117,0.8300939798355103,0.8504512310028076,0.8914593458175659,0.8739913105964661,0.8780746459960938,0.8588209748268127,0.9706532955169678,0.9495599269866943,1.1452550888061523,1.1215264797210693,1.1304845809936523,1.0579313039779663,0.945610761642456,1.0065966844558716,0.8141909241676331,0.0,1.0477391481399536,0.8943938612937927,0.966244637966156,0.843738317489624,0.8615027666091919,0.8280079364776611,0.9372365474700928,0.9265564680099487,0.9703570008277893,1.1125400066375732,0.989362359046936,1.1257288455963135,1.1418380737304688,0.8354943990707397,1.0242220163345337,0.9402961134910583,0.9635438323020935,1.0381379127502441,1.0294550657272339,1.05771005153656,0.9937285780906677,0.9769774675369263,0.836656391620636,0.9456331133842468,0.9541252255439758,0.9600362181663513,0.8764099478721619,0.9840137362480164,0.9784619808197021,0.6668764352798462,0.8955352306365967,0.9309931397438049,0.9534502625465393,0.8480565547943115,0.9241050481796265,0.9495493769645691,0.9348357915878296,0.909500241279602,0.8164541125297546,0.7867622375488281,0.6848044395446777,0.8630366325378418,0.768355667591095,0.9180356860160828,0.8751267790794373,0.9019118547439575,1.0090855360031128,0.978512167930603,0.9940772652626038,0.9539203643798828,0.9370214343070984,0.9771677851676941,1.0108989477157593,0.9972788095474243,0.8419210314750671,1.0277667045593262,0.9480654001235962,0.9116929769515991,1.0712767839431763,0.8059017062187195,0.7627874612808228,0.8592246770858765,0.8203603625297546,0.8241217136383057,1.1040394306182861,1.0068610906600952,1.0233585834503174,0.9443221688270569,0.8405108451843262,0.9091792106628418,0.9211505651473999,0.9875746965408325,1.1632475852966309,1.094154953956604,1.0764589309692383,1.0442110300064087,0.9835706353187561,1.01235830783844,0.9758858680725098,1.051557183265686,0.880856990814209,0.8805229663848877
lamp,0.9957550168037415,0.939775824546814,1.0246062278747559,0.9851822853088379,0.9851122498512268,0.9786663055419922,1.034936785697937,0.9296070337295532,0.891547441482544,1.0534082651138306,1.1701658964157104,1.0700932741165161,1.1233177185058594,1.032291293144226,1.0232539176940918,1.094948172569275,1.0477391481399536,0.0,1.035756230354309,0.9349629878997803,0.9747723340988159,0.7774634957313538,0.849916934967041,0.9808836579322815,0.98259437084198,1.0322589874267578,0.9851871132850647,0.9894535541534424,1.01435387134552,0.8559078574180603,0.9560582637786865,1.052666425704956,0.6437004208564758,0.9421408772468567,0.8098679780960083,1.0238105058670044,0.9356038570404053,0.9554582834243774,0.9981974959373474,0.9550572633743286,1.0779789686203003,1.034976840019226,0.989410400390625,0.9477618336677551,0.9162889719009399,1.0770689249038696,1.0431914329528809,0.962578535079956,1.0498716831207275,0.8726200461387634,0.8596954941749573,0.9596138596534729,0.9578165411949158,0.9593943357467651,1.0326471328735352,0.8281805515289307,0.8990944027900696,1.0148262977600098,0.9518111944198608,0.9898054003715515,1.0374113321304321,1.0756893157958984,0.9843831658363342,0.8743936419487,0.9515547156333923,0.8675947189331055,1.087109923362732,1.0017622709274292,1.1053497791290283,1.0675066709518433,0.9625056982040405,0.8387123346328735,1.0376510620117188,1.0350403785705566,1.0422141551971436,0.998573362827301,0.9817574620246887,1.1108357906341553,1.1081101894378662,1.1366101503372192,1.140685796737671,1.1703665256500244,1.2569420337677002,1.0913584232330322,1.108844518661499,1.1065491437911987,1.05229651927948,1.0904425382614136,1.0309913158416748,1.0652506351470947,1.1380654573440552,1.137000560760498,0.9951627254486084,0.9616784453392029,0.9738413691520691,0.9714680314064026,1.089300274848938,1.0644316673278809,1.0845004320144653
chair,1.0505034923553467,1.253359317779541,1.199582576751709,1.0651847124099731,1.142189383506775,0.9947393536567688,0.8701205253601074,1.0834879875183105,1.075634241104126,0.8582854866981506,1.1428909301757812,1.1713736057281494,1.2067769765853882,1.198773980140686,1.1680964231491089,0.7253199815750122,0.8943938612937927,1.035756230354309,0.0,0.34832096099853516,0.5699836015701294,0.7900747060775757,0.6825165152549744,0.717437207698822,0.6246280670166016,0.29351359605789185,0.5447965860366821,0.5403262376785278,0.725944459438324,0.6754354238510132,0.7090604901313782,0.5860225558280945,1.124805212020874,1.196717619895935,1.1292016506195068,1.1485260725021362,1.2299333810806274,1.1737054586410522,1.2006915807724,1.1419957876205444,1.1844565868377686,1.1974835395812988,1.2328015565872192,1.2218989133834839,1.2404245138168335,1.1816380023956299,0.5716019868850708,0.9946237206459045,1.062934398651123,1.10509192943573,1.1097761392593384,1.0092047452926636,1.1008868217468262,1.1151325702667236,1.1444005966186523,0.8029427528381348,0.9749792814254761,1.0198198556900024,1.0171533823013306,0.6756914854049683,1.0900654792785645,0.7344759106636047,0.8485974073410034,1.0954973697662354,0.9982801079750061,1.0584052801132202,1.11972177028656,1.1514803171157837,1.078004002571106,1.0851726531982422,1.1300405263900757,0.9128831624984741,0.7786231637001038,0.6033530831336975,0.8118671178817749,0.8377940654754639,0.9579662680625916,1.0288156270980835,1.2993335723876953,1.0521326065063477,0.8747658729553223,1.1619223356246948,1.15257728099823,1.0772556066513062,1.079832673072815,0.7929849624633789,0.8577542901039124,0.8764896988868713,0.9334381818771362,0.8360403776168823,0.9099498987197876,1.052024245262146,1.042121171951294,0.8875827789306641,0.8611621260643005,0.9018955230712891,0.8605921268463135,0.8103607892990112,0.9578436613082886
bench,1.07962965965271,1.2694045305252075,1.2146023511886597,1.0022485256195068,1.0956671237945557,0.8689625263214111,0.8594788908958435,1.0039424896240234,0.9883960485458374,0.7795423865318298,1.148606777191162,1.20866858959198,1.2098523378372192,1.20078706741333,1.1328530311584473,0.8209620118141174,0.966244637966156,0.9349629878997803,0.34832096099853516,0.0,0.6354438066482544,0.7650408744812012,0.7271718978881836,0.7900295257568359,0.7666041851043701,0.4243384003639221,0.3037351369857788,0.3125842809677124,0.6697075366973877,0.4547605514526367,0.7478285431861877,0.5503755807876587,1.152099609375,1.2294840812683105,1.1767387390136719,1.188860535621643,1.2857334613800049,1.2291007041931152,1.2522460222244263,1.2713596820831299,1.2340736389160156,1.2322205305099487,1.2420800924301147,1.2730681896209717,1.229201316833496,1.1860699653625488,0.7132377028465271,1.1292517185211182,1.1329690217971802,1.1658263206481934,1.1280877590179443,1.0514370203018188,1.136792778968811,1.1374850273132324,1.2076317071914673,0.836085319519043,1.049721121788025,1.1915271282196045,1.164819598197937,0.8784705400466919,1.171659231185913,0.8941406607627869,1.029682993888855,1.1230884790420532,1.109405755996704,1.1064376831054688,1.2094987630844116,1.1733253002166748,1.1049209833145142,1.0270048379898071,1.1668343544006348,0.9073777794837952,0.7680679559707642,0.6016737222671509,0.8188090324401855,0.8160731196403503,0.9395586252212524,1.0470167398452759,1.2916443347930908,1.166437029838562,0.9634783267974854,1.0729880332946777,1.2020492553710938,1.1061345338821411,1.046261191368103,0.8597822189331055,0.7842490077018738,0.9173724055290222,0.9820235967636108,0.6215381026268005,0.8147729635238647,1.006169319152832,0.9233830571174622,0.7957948446273804,0.7693756818771362,0.824341356754303,0.7128666043281555,0.6978919506072998,0.909070611000061
drawer,1.0419774055480957,1.0867807865142822,1.1022928953170776,1.0682802200317383,1.1241750717163086,1.0917465686798096,1.0748987197875977,1.069517970085144,1.0709073543548584,1.053038239479065,1.1104017496109009,1.0195940732955933,0.99517422914505,0.9513325691223145,1.0314135551452637,0.9515323638916016,0.843738317489624,0.9747723340988159,0.5699836015701294,0.6354438066482544,0.0,0.8529676795005798,0.6274128556251526,0.7474740147590637,0.5463313460350037,0.6937812566757202,0.8732384443283081,0.8295971155166626,0.9679585695266724,0.8605942130088806,0.6048794984817505,0.9892290830612183,0.9682101607322693,1.0422868728637695,1.0455340147018433,1.0506168603897095,1.066312313079834,1.030532717704773,1.0616627931594849,0.9982454180717468,0.9548889994621277,0.9211918115615845,0.9810299277305603,0.9628816246986389,0.9944916367530823,1.0126676559448242,0.69950270652771,0.9454322457313538,0.9874944090843201,1.002916932106018,0.9522718191146851,0.8880503177642822,0.8855493664741516,0.8743941187858582,0.9214666485786438,0.8457088470458984,0.9126212000846863,0.8449013233184814,0.8899192810058594,0.5977469682693481,0.9077127575874329,0.6295737028121948,0.8702200055122375,0.9768245816230774,0.9129971265792847,1.0427279472351074,1.025255560874939,1.0151548385620117,0.9819955229759216,1.1007076501846313,1.0825990438461304,1.0214463472366333,0.8609544634819031,0.4841894507408142,0.8141977787017822,0.8637356162071228,0.9642075896263123,1.023437261581421,1.021747350692749,1.0383254289627075,0.9758201241493225,1.1717708110809326,1.0563609600067139,1.0357725620269775,1.0315613746643066,0.8215252161026001,0.8212090134620667,0.7707462906837463,0.8745837211608887,1.0403035879135132,1.0776370763778687,1.155157446861267,1.0922939777374268,1.0225491523742676,1.0014406442642212,1.0213202238082886,1.0410633087158203,0.8892519474029541,0.9372422695159912
