,alligator,apple,arm,ball,balloon,banana,basket,bathtub,bed,belt,bench,bib,bird,blanket,boat,book,bottle,bowl,box,bread,bucket,can,car,carrot,cat,chair,clock,closet,coat,coffee,comb,cookie,corn,couch,cracker,crayon,crib,cup,deer,dish,dog,doll,door,drawer,dress,ear,egg,face,finger,fish,flower,foot,fork,frog,glass,glasses,glove,grass,gum,hair,hamburger,hand,hat,jacket,jar,jeans,knife,ladder,lamp,melon,milk,mitten,motorcycle,mouth,muffin,nail,napkin,necklace,nose,orange,oven,owl,pajamas,pants,paper,pen,pencil,pickle,pillow,pizza,plant,plate,pony,pumpkin,purse,radio,raisin,refrigerator,rooster,sandwich,sauce,scarf,scissors,shirt,shoe,shorts,shovel,sink,slide,slipper,soap,sock,soup,spoon,sprinkler,strawberry,stroller,sweater,table,tape,toe,tooth,toothbrush,towel,toy,tray,tree,vacuum,watch,window
alligator,0.0,1.2201848,0.83011377,1.1855856,1.1405716,0.780798,0.8997796,0.8733059,0.6970142,1.2754028,0.7007717,0.5638856,0.48943007,0.42341346,0.80716217,0.76378906,1.3785025,1.1976293,0.76860535,1.1776344,1.1836541,1.332364,0.8470889,0.99323,0.80272317,0.8743893,1.2203249,0.99405926,1.1261016,1.3509662,0.75006855,1.0318922,0.86845,0.7985258,1.0251385,1.2641296,0.60207784,1.4393667,0.84489155,1.029131,0.6847831,0.6908901,1.0800425,1.2307045,0.60834754,1.0872375,1.262107,0.91649336,1.3555572,0.3811925,1.3235235,0.5933696,1.3642795,0.6251608,0.7849438,1.3672894,0.8266461,0.9464783,0.9310276,0.94140685,1.3413894,0.99249053,1.150144,0.77972025,1.0139318,0.65926224,1.2432039,0.8441451,1.2853878,0.87232566,1.1067239,0.6006766,0.974646,1.3375885,1.2279924,1.4027221,1.3050337,1.4259535,1.2590337,1.1000814,0.98745286,0.6946293,0.5758221,0.80942667,0.7907798,1.130338,1.213674,0.9503487,0.9260194,0.9507215,1.1976845,1.2053294,1.0628649,1.1278933,0.82266957,1.2064918,1.320133,1.106193,1.2899302,1.1085415,0.9077972,0.84050673,0.99416363,0.8426766,0.43373775,0.7479322,1.0698429,0.97345567,0.94661325,1.2729138,1.2197468,0.8165089,1.1162839,1.3419845,1.1072359,1.2988904,0.62918323,0.8748047,0.6801306,1.2475579,1.4356713,1.3595157,1.1745789,1.1220721,0.734274,0.87508214,0.9952112,1.2925241,1.3315462,0.8893999
apple,1.2201848,0.0,1.3352838,0.24450445,0.41383082,0.75447816,1.1485504,1.319231,1.3284757,0.8491593,1.4597747,1.2147052,1.2217804,1.3614475,1.2383034,1.0817189,0.65420794,1.0224231,1.2237597,0.7963385,0.77033454,0.82223034,1.0332656,0.98324096,1.2661074,1.415277,0.9532226,1.1478113,1.1093345,0.84140885,1.25731,0.79368997,0.852713,1.3839957,0.91368735,0.60211957,1.3947921,0.69395244,1.1138817,1.1266693,1.1217401,1.186379,1.2806621,0.9877689,1.3681403,0.9331379,0.3489008,1.1314807,0.7592026,1.0620433,0.73269,1.1391548,0.95584273,0.6062004,1.1034024,0.8331504,1.1333953,1.037231,0.6610138,1.136011,0.86174697,1.1262581,0.8654267,1.3028209,0.9350302,1.3876734,1.1051071,1.206827,0.89130443,0.613724,1.1567092,1.0587027,1.1111454,0.8807476,0.7602156,0.50398743,0.86500734,0.77823126,0.88236964,0.5907109,0.99145997,0.96733785,1.390012,1.2145411,1.1362431,1.0380224,0.9456181,0.95746577,1.0065988,1.1358559,0.7373158,1.0226506,1.161585,0.63145,1.134455,0.7002469,0.5858651,1.2484338,0.78228754,0.9650321,1.1154011,1.2550169,0.9138062,1.2984314,1.340332,1.3050781,1.1837878,1.3283559,1.2358301,0.74583364,0.7916459,1.1125287,1.1366025,0.9676715,0.98267895,0.56340396,1.2528715,1.2923572,1.3727965,0.4592266,0.6317781,0.6780618,0.93464655,1.0008137,0.684968,1.1511173,1.0178297,0.8829898,0.8156076,1.358285
arm,0.83011377,1.3352838,0.0,1.3494856,1.3398006,1.1832218,1.2315509,0.5522338,0.57195795,1.3457078,0.620496,0.68610066,0.9446774,0.5754719,0.5821152,0.99631643,1.4623859,1.1355033,0.9372381,1.3088999,1.3723264,1.3742247,1.0518548,0.75142723,0.86963934,0.712605,1.3761859,1.0917419,1.1727685,1.331101,0.89014864,1.3220971,0.8448356,0.71620846,1.1911675,1.4247266,0.76383793,1.466414,1.0563562,0.9139312,1.0171616,0.66763866,1.0171938,1.276045,0.6162629,1.0704242,1.2284167,0.81601876,0.9328451,0.8420463,1.311236,0.975623,1.1231164,1.2267607,1.0515901,1.2529004,0.4830919,0.9920091,1.14526,0.86297214,1.2806545,0.34191978,1.27658,0.53640574,1.2033529,0.44922388,1.0173253,0.634428,1.3542094,1.0664887,1.1056123,0.5603593,0.93082905,1.0745617,1.0388855,1.3710029,1.2745609,1.2870712,1.0324837,1.2832035,1.1013969,1.0998764,0.4539662,0.5287191,0.79122496,0.90796286,1.0399874,0.87545013,1.0972314,0.92230177,1.4505911,1.134618,0.98403454,1.0443547,1.156204,1.4182018,1.4024594,1.0217417,1.3323116,1.1608434,0.9335222,0.7206536,1.0944188,0.4860673,0.7117033,0.49094146,0.761089,0.6101582,0.59617805,1.2977763,1.3365052,0.7401316,1.0731425,1.1507376,1.0973471,1.157687,0.80303365,0.4438312,0.5246754,1.4918095,1.1618973,1.3713353,1.0621163,1.1187946,1.1972948,0.8520651,0.8921702,1.4120826,1.3221071,0.76305795
ball,1.1855856,0.24450445,1.3494856,0.0,0.3984717,0.89695156,1.1338001,1.3296168,1.3080522,0.8719827,1.4282539,1.1937808,1.1164784,1.2781541,1.2045132,1.0716468,0.6668278,1.1052378,1.1743395,0.8420801,0.7282907,0.8490265,1.0708067,1.1427199,1.2423699,1.4168754,0.94669044,1.1365974,1.0107466,0.87216437,1.2500372,0.8588688,0.7262842,1.334171,0.9375394,0.6049724,1.3551382,0.6713141,1.1630832,1.1444001,1.1046746,1.1594504,1.28841,1.0223618,1.3526719,0.98010993,0.4212029,1.0983092,0.8272118,1.0826329,0.6934596,1.136729,1.0271221,0.7135415,1.0953019,0.8200505,1.16412,1.06174,0.6870024,1.1041594,0.8539863,1.2140832,0.7927233,1.3024657,0.8991572,1.3754884,1.2508631,1.2404153,0.82229614,0.52102894,1.1524998,1.0257366,1.1064415,0.94727045,0.75892645,0.5093161,0.865221,0.81867975,0.8913199,0.65954727,0.9930041,0.98997855,1.319396,1.2473785,1.1322145,1.0781152,1.0111125,1.1032407,1.0547363,1.0954528,0.7670462,1.1080009,1.1424869,0.6714414,1.1246161,0.7341063,0.5855759,1.2390245,0.69642097,0.98769486,1.2425294,1.2245612,0.8739568,1.2797867,1.2336248,1.2713938,1.2255137,1.3465679,1.2193748,0.74880934,0.78191036,1.03662,1.1947467,1.1064179,0.8808804,0.5393646,1.157705,1.2891536,1.3382943,0.45952505,0.69177437,0.735893,0.877227,1.0293167,0.522242,1.1586794,1.0380144,0.85356164,0.81858844,1.3120258
balloon,1.1405716,0.41383082,1.3398006,0.3984717,0.0,0.8472831,0.96711874,1.164978,1.1861252,0.9430214,1.3251233,1.1107606,1.1910896,1.2712753,1.0275321,0.9368552,0.81209314,0.93666846,1.0255795,0.90361106,0.54526573,0.99679893,1.2097807,1.0704333,1.3661942,1.3112898,0.9840274,1.0493948,1.1205716,0.7624673,1.2301112,0.8989852,0.84125626,1.418326,0.9527554,0.7048942,1.299993,0.73769253,1.0446441,1.0156403,1.0761696,1.0524348,1.242115,0.96733785,1.3487843,1.0214238,0.6711192,1.2168571,1.0387623,1.0577154,0.8882292,1.1037945,0.9475092,0.7316569,0.908752,1.1166229,1.182824,1.022925,0.5572275,1.2122254,1.0187668,1.2224319,0.71029085,1.3537179,0.78598404,1.4052563,1.1562616,1.2466427,0.79674226,0.677534,0.8489076,1.0296831,1.1453972,1.0126258,0.8111551,0.8056023,0.84172434,1.0727962,1.1417137,0.50033367,0.9276922,1.117815,1.3351216,1.2238712,1.0337977,1.0013446,0.9560587,1.0110817,1.0317161,1.074609,0.8338325,0.9362033,1.193228,0.69229513,0.95411617,0.71702254,0.7520331,1.112685,0.892412,0.96776235,1.0857596,1.247083,0.8157296,1.3016849,1.2496421,1.3286605,1.1302685,1.1754036,1.0654287,0.9595451,0.6276988,1.0841265,1.0224586,0.9469837,0.82611525,0.6621315,1.1907023,1.2583435,1.1892982,0.40651637,0.96742016,0.97540766,0.86693865,0.81545854,0.5092874,0.9592966,1.0654492,0.9024827,1.0051762,1.2659829
banana,0.780798,0.75447816,1.1832218,0.89695156,0.8472831,0.0,1.0475994,1.114126,1.1451614,0.9692418,1.105951,1.0543311,1.0943534,1.0819201,1.1121587,0.83545494,0.92713666,0.87961817,0.9801687,0.60908926,0.85149723,0.97102964,1.0283359,0.8032528,1.1634218,1.2284424,0.94840664,1.2404917,1.1556568,1.0263634,0.9726313,0.61672103,0.7557603,1.2762254,0.56836444,0.78433985,1.1606778,1.0390261,1.1108166,1.0354373,1.1579285,1.1699715,1.1595794,0.98326594,1.1809258,1.0302237,0.77259314,1.126921,1.051745,0.73178303,1.0900477,1.1554909,0.9978237,0.6157209,0.9965535,1.039988,0.95419294,1.0415559,0.73482007,1.1302471,1.0144762,1.1568145,1.109373,1.1897678,0.859592,1.1448362,0.92228734,1.0514147,1.080053,0.66814613,0.9312519,0.9261149,0.9393243,1.0690211,0.9744746,1.028523,1.0021667,0.9627001,1.0574439,0.6783742,0.9898311,0.9032463,1.2041305,1.1104752,0.993704,0.96258825,0.8754591,0.80016136,1.0291911,0.8201123,0.9496271,0.87784284,1.1406603,0.6075089,1.1300459,1.0807643,0.955591,1.158758,1.0597095,0.69595677,0.9713824,1.1010654,0.88432026,1.2347735,0.9902103,1.1888214,1.0124775,1.1442875,1.1284828,0.90566736,1.0250535,0.9981482,0.93224025,0.9258383,1.1209098,1.0341026,1.0852787,1.2228479,1.136343,0.85811365,1.0466294,0.94335943,1.0130124,1.1056656,0.7721598,0.8852825,1.0700812,1.0674521,1.0325443,1.2232927
basket,0.8997796,1.1485504,1.2315509,1.1338001,0.96711874,1.0475994,0.0,1.2606056,1.0810876,0.9338448,0.99315804,1.0066398,0.94211406,0.98501253,1.095827,0.8443622,0.95982623,0.8228658,0.59711766,1.0683581,0.6409753,0.9763679,1.0983671,1.1176643,1.1832418,0.7938901,0.84224784,0.87019694,1.0015851,0.8717812,0.78141034,1.1233245,1.0768714,0.9979387,1.1129619,1.0169687,0.6863411,0.80625063,0.8948652,1.0099524,0.9441519,0.9851464,0.87133074,0.6624286,1.0967416,1.1203973,1.2149947,1.2225335,1.2304984,1.0393249,1.1236184,0.9960586,0.9176714,1.0345277,0.8217301,1.2276294,1.1070629,1.0659276,0.9256231,1.2065436,1.0139356,1.25845,0.8187052,1.1354758,0.86286557,1.1164746,0.9681274,1.0360148,0.9206901,1.0630567,0.64368623,1.0925131,0.9593628,1.2170475,1.2098866,1.2113891,0.83310753,1.1689949,1.2601312,0.9470984,0.74320567,1.0285461,1.0864304,1.1669376,0.9473396,0.9811828,0.9684748,1.0581038,0.7816017,1.0366873,0.8669795,0.9109551,1.0316842,0.9887575,0.62001127,0.79651225,1.0764366,0.7293185,1.0585046,1.0187633,0.9975339,1.0814812,1.0030136,1.2364633,0.8663029,1.1404766,1.0965891,1.1731334,1.2254633,1.0401455,0.6894584,1.0100374,0.86968565,0.84431046,0.93292034,1.0804237,0.93805784,1.2257977,1.0987982,0.77705634,1.2577152,1.1730585,0.9824145,0.68959373,0.8701773,0.88681895,1.1096766,0.6639524,0.94192064,1.0644385
bathtub,0.8733059,1.319231,0.5522338,1.3296168,1.164978,1.114126,1.2606056,0.0,0.30358517,1.3785946,0.26483828,0.72798693,0.805742,0.62762916,0.3496766,0.98636925,1.453599,0.8291987,0.9496971,1.2429521,1.3378099,1.3623166,1.0394273,0.94394535,0.7959254,0.6561718,1.3718315,0.9852481,1.128977,1.2659526,1.0131671,1.1948756,0.8721802,0.6822354,1.0788804,1.4906021,0.7398469,1.4524368,1.0062428,0.65418184,1.0416414,0.90491045,0.93723,1.3397946,0.5395545,1.2172173,1.2885557,0.9401248,1.3089288,0.8530439,1.2381735,0.8914871,1.153737,1.2137017,1.0597917,1.3863181,1.0089487,0.83459055,1.2393255,0.9531563,1.369001,0.79750955,1.381619,0.7547706,1.1367322,0.5885705,1.0021393,0.80723053,1.1407355,1.0373398,1.1028931,0.85346496,1.0388563,1.1929454,1.1229814,1.4048223,1.3678669,1.4472349,1.3265159,1.2454817,1.2131069,1.1279142,0.61493933,0.6290763,0.79617804,1.112456,1.1277826,1.0003517,1.2538564,0.7899829,1.4863975,0.7480134,1.0286579,1.1637533,1.1117492,1.2803755,1.3372011,1.0349127,1.3889767,1.1232551,0.8034211,0.5834064,1.1263002,0.54160976,0.81583196,0.761636,0.60978425,0.11961365,0.37154162,1.4957147,1.1642058,0.94679606,0.88284934,1.0270586,1.0563595,1.3327084,0.821296,0.4952948,0.23774832,1.2484206,1.4054188,1.3586395,1.1694416,1.2337315,1.2003838,0.62096775,0.8490909,1.4926951,1.4835479,0.74009514
bed,0.6970142,1.3284757,0.57195795,1.3080522,1.1861252,1.1451614,1.0810876,0.30358517,0.0,1.1627573,0.20027077,0.5785568,0.7184489,0.37115002,0.34350914,0.8904243,1.4427879,1.0386044,0.84338444,1.2573566,1.1644423,1.2815821,1.0140226,1.0744077,0.72766644,0.46923763,1.3818845,0.92509747,1.0067874,1.2493224,1.0188235,1.2746816,0.8895445,0.4982608,1.2512541,1.3873842,0.53101486,1.4031551,1.0306005,0.83978605,0.9909246,0.91504383,0.8898222,1.2494934,0.51276624,1.2763405,1.3794165,0.99511886,1.3694057,0.75217104,1.2924716,0.8808232,1.2546868,1.1989954,0.99796736,1.3755283,0.94713366,0.7867464,1.2211301,1.0282304,1.3275828,0.9419155,1.2582753,0.6839448,1.1739994,0.39442235,1.0813512,0.7373506,1.2737471,0.9848949,1.1158612,0.7819276,0.96731734,1.240553,1.2725221,1.4095953,1.2176926,1.4409901,1.3354229,1.2537148,1.1262025,1.1048341,0.5123268,0.36985344,0.84362614,1.1309409,1.1965916,1.059684,0.95246285,0.9510929,1.4340281,0.9832127,0.95909196,1.151931,0.9772004,1.2214237,1.4915,1.0380557,1.4651446,1.0765319,0.9329629,0.6961403,1.1310393,0.6282667,0.64673984,0.6871316,0.83876115,0.55838144,0.32284403,1.402405,1.2834115,0.8517369,1.1129112,1.176251,1.2069325,1.3957492,0.6828507,0.58642644,0.3231759,1.3051257,1.4516027,1.3373756,1.2641875,1.0495867,1.0792744,0.7249682,0.9095169,1.3864354,1.4376585,0.6385235
belt,1.2754028,0.8491593,1.3457078,0.8719827,0.9430214,0.9692418,0.9338448,1.3785946,1.1627573,0.0,1.1616786,1.3536624,1.2778343,1.3386266,1.2446227,1.0419794,0.44370174,1.0718533,1.2634703,0.66500103,0.6165979,0.28768134,0.8846221,1.120715,1.0000281,1.0594549,0.5757618,1.0793703,0.609369,0.62652,1.1721737,0.6524141,1.2988218,1.1639532,1.0209159,0.35906363,1.364454,0.34349644,1.2475448,1.2338358,1.2822058,1.4691688,0.98350215,0.57999235,1.3831131,1.1205611,0.9584186,1.2855375,0.7990272,1.2373497,0.67544436,1.296972,0.7328614,1.0292915,1.1841096,0.5066402,1.1238565,1.0747073,1.0741434,1.2491987,0.56466013,1.3457766,0.671736,1.2094877,1.0816615,1.0402586,0.6761495,1.2838275,0.72470737,1.0511663,1.0728698,1.395165,0.8824488,0.86666197,1.1292303,0.54279804,0.4102614,0.47353286,0.8454922,0.8962115,0.9478774,1.0177295,1.3776436,0.9810803,1.3590746,0.983671,0.9477778,1.0493829,0.43427205,1.2482371,0.47895467,1.0059161,0.9988902,1.0100071,1.0052998,0.4412608,0.804923,1.0529224,0.7200449,0.8126973,1.3197019,1.2212404,0.9512165,1.4188946,1.2969458,1.2619684,1.2220528,1.4062781,1.0417532,0.33556116,0.9642772,1.1101604,1.2309629,0.80151707,1.1834049,0.9489725,1.2492731,1.4029171,1.4795315,0.76803815,0.6055205,0.40224463,0.96610755,0.6877049,1.1308992,1.3304536,1.1521089,0.50519615,0.4101107,1.2151797
bench,0.7007717,1.4597747,0.620496,1.4282539,1.3251233,1.105951,0.99315804,0.26483828,0.20027077,1.1616786,0.0,0.7814608,0.742002,0.53047264,0.44672698,0.951282,1.4277551,1.0379984,0.8244964,1.2820458,1.2431474,1.2398853,0.9975749,0.9910217,0.6974746,0.38374645,1.2543161,0.9033458,1.0140214,1.2066696,0.87084943,1.2879673,0.93298435,0.51198643,1.2253693,1.3687183,0.5725115,1.3786869,1.0289658,0.8785349,1.0294255,0.98079973,0.7448537,1.1016996,0.5285706,1.2769526,1.4335725,1.0398194,1.3789308,0.8135544,1.2445056,0.884421,1.2136818,1.2518399,1.0277886,1.3464866,0.96287435,0.8226502,1.2878454,1.0290531,1.2667483,0.9822345,1.2859648,0.7350029,1.184835,0.45166045,0.96088016,0.69999033,1.1293248,1.0710325,1.0610886,0.8477051,0.95495677,1.2665235,1.2997632,1.4379792,1.1676846,1.4325235,1.3292998,1.2865977,1.1109608,1.0441202,0.642631,0.52974397,0.87187284,1.0869987,1.1202437,0.99960566,0.98163515,0.9306279,1.3814526,0.9846904,1.0236471,1.2265601,0.90132153,1.1814537,1.4076887,0.91634595,1.3862801,1.1169381,0.9097712,0.5325996,1.0499799,0.69589204,0.6769251,0.7508116,0.811476,0.44016135,0.44587332,1.3618922,1.2392867,0.8273064,1.0572022,1.1022476,1.1682694,1.4156983,0.7716065,0.6527828,0.3650425,1.3510648,1.4524803,1.3158708,1.1554892,1.0259037,1.2071532,0.7327484,0.9026711,1.29596,1.3337594,0.6666063
bib,0.5638856,1.2147052,0.68610066,1.1937808,1.1107606,1.0543311,1.0066398,0.72798693,0.5785568,1.3536624,0.7814608,0.0,0.69223136,0.25107402,0.6398612,0.42069602,1.4461117,0.9972106,0.63711715,1.3272705,1.1532402,1.4657826,1.0818408,1.1134439,0.9642698,0.9277071,1.3453928,1.1078957,1.1513699,1.2705834,1.0449253,1.1942314,0.85140985,0.8046781,1.1784588,1.3948152,0.50361794,1.486087,1.0028225,0.77042025,0.8600129,0.64848185,1.1869147,1.3920527,0.57922643,1.226822,1.256419,0.8597394,1.258013,0.6665833,1.3451332,0.8231821,1.3020089,0.8656925,0.9042808,1.3219147,0.7965975,0.9597415,0.9152582,0.8934624,1.3917799,0.7988781,1.1179298,0.66272116,0.8697994,0.5999595,1.235144,0.9184571,1.3794966,0.95224214,1.0372622,0.6052439,0.9850933,1.2243869,1.1718256,1.3796391,1.4502155,1.3712928,1.177071,1.0607778,1.1236906,0.87226933,0.3977083,0.7013846,0.44481587,1.0409877,1.1219215,1.1306242,1.0575113,0.9543809,1.4161853,1.0045273,1.0736078,1.090469,0.9912646,1.3030195,1.3713291,1.1391518,1.4356058,1.1562703,1.0320398,0.9040894,1.0512774,0.639188,0.45885015,0.69701767,0.88600767,0.8424164,0.7536174,1.3377757,1.2943547,0.7586162,1.0523125,1.2812132,1.1082908,1.2690848,0.4355662,0.6637041,0.43232644,1.2559606,1.3915093,1.4130833,1.2041283,1.235373,0.6669749,0.70281804,0.7951225,1.4469142,1.452301,0.8836718
bird,0.48943007,1.2217804,0.9446774,1.1164784,1.1910896,1.0943534,0.94211406,0.805742,0.7184489,1.2778343,0.742002,0.69223136,0.0,0.5066775,0.90696716,0.992762,1.2531364,1.2096462,0.87750626,1.2656422,1.2317475,1.2618499,0.60258836,0.95716095,0.63991994,0.8921862,1.1861384,0.745855,0.8191927,1.2984593,0.7339693,1.2059648,0.90708077,0.7130355,1.134934,1.364312,0.6274545,1.3318257,0.95960253,1.1134303,0.84264237,0.79162014,0.92722344,1.2174878,0.5993296,1.0829659,1.1945524,0.8882329,1.2911085,0.4070797,1.130623,0.726549,1.3698881,0.88942385,0.7533896,1.2389343,0.9621707,0.9088586,1.0732182,0.9324222,1.2735003,1.0733987,1.2749635,0.76808816,1.0289898,0.73287344,1.2738535,0.9237119,1.145808,0.9882083,1.1811278,0.6994486,0.963971,1.2394711,1.0508876,1.2358624,1.2669238,1.3533459,1.2199696,1.2254364,1.0505378,0.62639534,0.6137473,0.86546725,0.8371122,1.2013962,1.2489907,1.1259612,0.97375834,0.8973235,1.182463,1.2593414,0.85739243,1.1715505,0.87343943,1.2244396,1.1866016,0.9438734,1.183128,1.1691206,1.0538834,0.8018361,1.1517982,0.7806765,0.46084052,0.8390305,0.9582417,0.94015104,0.9326841,1.3045886,1.250139,0.87793314,1.123579,1.337896,1.2251137,1.1017013,0.63147163,0.85475576,0.7102949,1.2167122,1.3290385,1.2543373,1.1902639,1.1023858,0.9741018,1.0487705,0.9367861,1.2216761,1.2987648,0.8201846
blanket,0.42341346,1.3614475,0.5754719,1.2781541,1.2712753,1.0819201,0.98501253,0.62762916,0.37115002,1.3386266,0.53047264,0.25107402,0.5066775,0.0,0.57979196,0.66206205,1.5399942,1.091826,0.7036371,1.3603592,1.2507377,1.4816308,1.0261188,1.0899134,0.8165113,0.7196448,1.3716176,1.06889,1.1151356,1.381244,0.90273356,1.2338557,0.880564,0.5559597,1.2219069,1.479976,0.4432242,1.5760396,1.0499042,0.8836796,0.9028792,0.6837311,1.0515851,1.3714039,0.36643463,1.2609975,1.3516738,0.87984467,1.3067417,0.53188336,1.391355,0.8245373,1.4427323,0.9781163,0.87244266,1.3653874,0.7093454,0.8982047,1.0957199,0.92081016,1.4267378,0.8609094,1.219083,0.4806983,0.9920613,0.30347383,1.2758535,0.75199956,1.4506555,0.99338156,1.1656425,0.50522035,0.8782228,1.2770611,1.2899964,1.4692895,1.4134257,1.4485576,1.191989,1.2566133,1.1415328,0.8155919,0.19570208,0.4651057,0.6639973,1.1067642,1.2160095,1.1163485,0.85662,0.96021533,1.4648443,1.1195655,1.00019,1.2250595,0.8311307,1.3571117,1.4337635,1.1019976,1.4624554,1.1503282,0.9743251,0.69711584,1.1283362,0.59487385,0.30480146,0.45325798,0.8995631,0.8181058,0.6702795,1.347249,1.4201795,0.6413056,1.0650696,1.3568655,1.199054,1.3798231,0.40995133,0.6219879,0.4112327,1.4073645,1.4624164,1.4587979,1.3012738,1.1457675,0.80463445,0.7806982,0.8582079,1.4415869,1.4534652,0.7532772
boat,0.80716217,1.2383034,0.5821152,1.2045132,1.0275321,1.1121587,1.095827,0.3496766,0.34350914,1.2446227,0.44672698,0.6398612,0.90696716,0.57979196,0.0,0.80428386,1.3999865,0.9148802,0.756678,1.2321755,1.011111,1.4043878,1.0551493,1.0337181,0.9547678,0.76511705,1.4350626,1.028955,1.1288103,1.2378432,1.0781511,1.3004394,0.74060714,0.85144114,1.1511378,1.2735643,0.68303275,1.368757,1.0182092,0.7198392,1.0330318,0.849246,1.0684059,1.3247652,0.68871975,1.250959,1.3577509,0.9810927,1.270892,0.8186773,1.273225,0.9500825,1.0980555,1.1364847,0.98147345,1.3622208,0.93853444,0.7504512,0.98510903,1.0413376,1.3988622,0.74362063,1.1787436,0.8307431,1.1154015,0.6291852,0.9894687,0.94222355,1.2352543,0.94303614,1.0363419,0.83044744,1.0088491,1.1428001,1.1527618,1.3668851,1.3493634,1.3969789,1.2883658,1.2276132,1.1826234,1.2072021,0.5966942,0.55374205,0.7382065,0.921372,0.9675182,0.9732013,1.1957638,0.88322186,1.4224519,0.87702847,1.0836043,1.0485585,1.0223442,1.2005222,1.4464109,1.1187552,1.4350158,1.0269618,0.90479445,0.8709541,0.9975033,0.6865866,0.8029281,0.78560805,0.7793232,0.48940802,0.27394456,1.4113173,1.2278682,0.9402224,1.0223097,1.0416405,0.9945817,1.2401075,0.8238241,0.62514985,0.34179974,1.1878694,1.4256475,1.3466685,1.1430644,1.1520914,0.8951924,0.5727284,0.76271987,1.4759597,1.4589553,0.83337456
book,0.76378906,1.0817189,0.99631643,1.0716468,0.9368552,0.83545494,0.8443622,0.98636925,0.8904243,1.0419794,0.951282,0.42069602,0.992762,0.66206205,0.80428386,0.0,1.1543441,0.94075316,0.39670885,1.1310948,0.8780606,1.2090971,1.1262012,1.0810472,1.249865,1.0942744,1.0669924,1.1727115,1.1363698,1.0261159,0.9686559,0.99550533,0.9509258,1.141306,1.0725299,0.95136756,0.69210464,1.1564052,1.1200562,0.77676845,1.0896162,0.98380613,1.2102545,1.0241424,0.96143764,1.2711244,1.2540324,1.0420202,1.2260356,0.89157975,1.1742848,1.0462115,1.0382514,0.75739384,0.8824453,1.232395,0.98529714,1.0156684,0.605176,1.0506732,1.2015327,0.9660983,1.0218916,0.97035265,0.62771744,0.9169649,1.0165775,1.0486132,1.1615704,0.9689668,0.8199914,0.9389992,1.0015856,1.1535861,1.2458327,1.2300066,1.2359924,1.2598901,1.1954502,0.91024935,0.9180932,0.96795744,0.7962971,0.9235846,0.27870142,0.83611006,0.91404164,1.0148805,1.0459743,0.96738935,1.0905831,0.8945033,1.204977,1.14856,1.0138289,1.0114542,1.2378564,1.0060132,1.2873597,1.1066458,1.1307701,1.0921563,0.8857415,0.9921958,0.7236598,0.9699195,0.9654943,1.0127133,0.8862224,1.1532748,1.0938498,0.91351736,1.0473068,1.1218721,1.0908446,1.1623319,0.7583306,0.97392243,0.6260388,1.0546353,1.3016403,1.2130687,0.9969204,1.1021467,0.5273597,0.5679505,0.81397057,1.1644123,1.2479799,1.0921636
bottle,1.3785025,0.65420794,1.4623859,0.6668278,0.81209314,0.92713666,0.95982623,1.453599,1.4427879,0.44370174,1.4277551,1.4461117,1.2531364,1.5399942,1.3999865,1.1543441,0.0,1.0970341,1.2795488,0.74505746,0.5367803,0.32273388,1.0151335,1.1743469,1.1436689,1.2498411,0.5746609,0.9919349,0.83083415,0.67322725,1.2071095,0.85678446,1.172192,1.2988958,1.0168856,0.31962836,1.3995504,0.14607179,1.1906718,1.2643868,1.224041,1.3852344,1.0222224,0.74885476,1.3916664,1.0030013,0.76975363,1.1954799,0.79333425,1.2776017,0.29156208,1.2831938,0.7633536,1.0339204,1.1135777,0.46691704,1.3142269,1.1267303,1.0121986,1.137119,0.59115756,1.3812734,0.6849216,1.4109335,0.907114,1.4897894,0.90255314,1.3329692,0.6043631,1.0443416,0.87225974,1.4392821,1.0602671,0.8717865,0.9954164,0.2673707,0.5217161,0.41435432,0.8983097,0.86152905,0.847777,1.0351756,1.5187793,1.4001734,1.3493556,1.0923222,1.0276252,1.1976349,0.87338823,1.1708857,0.31981122,1.0651125,0.9620727,0.9339938,1.0603268,0.42453086,0.64168096,0.9271712,0.40573895,0.96409774,1.3212712,1.2387365,1.0444095,1.4196448,1.4234556,1.4638515,1.2451978,1.3684607,1.2604616,0.509277,0.5792171,1.2413576,1.2161505,0.89804435,0.99298525,0.82822967,1.3839949,1.416713,1.5659254,0.5698932,0.5360582,0.2574246,0.83092546,0.76705617,1.0452236,1.362361,1.1350232,0.3765105,0.33540857,1.2677065
bowl,1.1976293,1.0224231,1.1355033,1.1052378,0.93666846,0.87961817,0.8228658,0.8291987,1.0386044,1.0718533,1.0379984,0.9972106,1.2096462,1.091826,0.9148802,0.94075316,1.0970341,0.0,0.96014506,0.75745815,0.8026795,1.0938993,1.2648969,1.0289271,1.2854295,1.1588604,1.0641221,1.1981509,1.2661858,0.9720948,1.2491691,0.78674257,1.0990674,1.2052935,0.6585719,1.1586584,1.0620393,0.9886355,0.9161663,0.31285715,0.9918021,1.0626118,1.2185895,1.065533,1.1539115,1.0307066,1.0227274,1.1443034,1.2437856,1.0960252,1.126481,1.0359001,0.7209356,1.0175078,1.066972,1.1929382,1.0687068,1.065899,0.99736947,1.1750259,1.1882843,1.0676152,1.0656338,1.1962508,0.93431497,1.1152978,0.7074004,1.2269133,1.0447073,1.0938126,0.8202038,1.1424868,1.0940412,1.1551591,0.9878642,1.197524,1.1246841,1.1234025,1.1750121,0.9238952,1.0705568,1.2088276,1.1156833,1.0416758,0.9233306,0.95007575,0.8409387,0.9997364,1.1618698,0.725247,1.2087489,0.052640557,1.0685532,0.96049714,0.9802994,1.0242349,0.9713792,1.12099,1.1201327,0.67891884,0.4577762,1.1324605,1.121389,1.1256906,1.1513952,1.1526214,0.51730907,0.72211576,0.9881289,1.1519499,0.86833775,1.1109824,0.22614908,0.34800267,0.85404027,1.127702,0.9816004,1.0801144,0.90915173,0.7503811,1.2269028,1.1045997,1.1439587,1.092715,1.0156436,0.5308595,1.0349951,1.1721718,1.1210077,1.2127671
box,0.76860535,1.2237597,0.9372381,1.1743395,1.0255795,0.9801687,0.59711766,0.9496971,0.84338444,1.2634703,0.8244964,0.63711715,0.87750626,0.7036371,0.756678,0.39670885,1.2795488,0.96014506,0.0,1.3383191,0.8706065,1.2881913,1.0571481,0.96858823,1.156034,0.79083705,1.251816,0.9252457,1.1005056,1.1118286,0.834415,1.2132671,0.8016561,0.8597934,1.2017698,1.118264,0.45441556,1.2409288,0.9457326,0.84124583,0.97359073,0.784418,0.92969406,0.853884,0.9293749,1.2149469,1.3404813,1.0337149,1.2854097,0.90162724,1.2995124,0.9477504,1.1478986,1.0485668,0.71661067,1.371495,0.94802237,1.0804163,0.62913597,1.0938755,1.2880945,0.920844,1.108755,0.94939667,0.7610363,0.93992126,1.0273546,0.87941104,1.1759287,0.94577545,0.76433057,0.81442034,0.95336354,1.1731325,1.2105129,1.4056735,1.28605,1.3749712,1.2633629,1.131661,0.8461578,1.0482173,0.7898054,1.0048168,0.46919793,0.7379558,0.7759918,1.0007017,1.1042118,0.98618376,1.2372146,0.9912017,1.0876225,1.1293656,0.88081056,1.1182901,1.3306749,0.78391826,1.3869712,1.2139275,0.9998841,1.0669203,0.8411566,0.97080266,0.640961,0.93547374,1.005117,0.9279426,1.0011356,1.3358455,1.0492917,0.946592,0.9792562,1.138352,0.972212,1.218858,0.75314045,0.9481399,0.54319674,1.108207,1.4087824,1.3675506,0.8789245,1.0859437,0.556314,0.3597082,0.88367087,1.1272484,1.3525918,0.91846913
bread,1.1776344,0.7963385,1.3088999,0.8420801,0.90361106,0.60908926,1.0683581,1.2429521,1.2573566,0.66500103,1.2820458,1.3272705,1.2656422,1.3603592,1.2321755,1.1310948,0.74505746,0.75745815,1.3383191,0.0,0.7976378,0.6086095,1.1252726,1.0488402,1.0709684,1.330231,0.79949456,1.214824,0.9660159,0.78470325,1.1788471,0.45986736,1.0935488,1.3728341,0.18064225,0.64228606,1.4504813,0.71628845,1.1204199,1.0705439,1.1485169,1.4009761,1.207331,0.8971186,1.3305838,0.9230876,0.68666506,1.232404,0.87447226,1.0642921,0.7839012,1.2039341,0.73917305,0.85763085,1.2480347,0.7739309,1.1948262,1.0227383,0.9656836,1.1946982,0.726846,1.2054114,1.0272311,1.3582703,1.024184,1.2702388,0.7752446,1.303757,0.89598215,0.8687875,1.0206043,1.3124573,1.0847106,0.9273977,0.71491635,0.7261828,0.771596,0.6569911,0.9251231,0.78480935,1.020021,1.0362537,1.3771455,1.1446189,1.226886,1.0434343,0.9598552,0.84226984,0.96987563,0.62775624,0.8305978,0.73436797,0.9874596,0.7483202,1.1452111,0.8848482,0.7254282,1.247089,0.78702366,0.24956709,0.96802515,1.2846428,1.0505238,1.3326381,1.4189094,1.316097,1.0248867,1.2345593,1.1248355,0.75732195,0.9411291,1.1811972,0.7933259,0.6945252,1.0369419,0.8066234,1.3070991,1.3229898,1.3921746,0.7793845,0.7527959,0.59127146,1.0537583,1.0180886,1.1040729,1.1532583,1.1219963,0.9420401,0.75302887,1.2726197
bucket,1.1836541,0.77033454,1.3723264,0.7282907,0.54526573,0.85149723,0.6409753,1.3378099,1.1644423,0.6165979,1.2431474,1.1532402,1.2317475,1.2507377,1.011111,0.8780606,0.5367803,0.8026795,0.8706065,0.7976378,0.0,0.6667998,1.2568775,1.1896899,1.3186569,1.1840197,0.8228646,1.1495094,0.9423813,0.6879238,1.2405431,0.9342507,0.96792907,1.3647044,0.9973063,0.48159873,1.2006379,0.36688852,1.1981518,0.9996083,1.1913195,1.1992784,1.1594615,0.811619,1.3821838,1.1121079,1.0061114,1.3274539,1.0218041,1.1545686,0.8261825,1.2585096,0.77315414,0.8728781,0.8961369,0.91043425,1.1126742,1.0763527,0.6288823,1.3194418,0.89333713,1.3150786,0.6086184,1.3755376,0.8455517,1.3178997,0.8983573,1.324044,0.8249982,0.8693757,0.656876,1.1572114,1.0257951,1.1026808,1.1171734,0.76525664,0.68762904,0.81230927,1.1115055,0.727204,0.8757004,1.1399798,1.325175,1.1692178,1.124876,0.8579715,0.79496026,1.1862452,0.929019,1.1764834,0.6977923,0.8401017,1.0379575,0.8167261,0.9792441,0.6766212,0.894431,1.1099226,0.7450187,0.78700554,1.168099,1.3083723,0.82649255,1.4552782,1.1374475,1.3840954,1.1039639,1.332037,1.1003189,0.71659493,0.62513834,1.116076,1.0753411,0.77761227,0.8847784,0.86921334,1.0586555,1.4122298,1.3043486,0.452173,0.94947463,0.7566714,0.8088232,0.7581648,0.56568295,0.92918545,1.1242087,0.664094,0.69809353,1.340984
can,1.332364,0.82223034,1.3742247,0.8490265,0.99679893,0.97102964,0.9763679,1.3623166,1.2815821,0.28768134,1.2398853,1.4657826,1.2618499,1.4816308,1.4043878,1.2090971,0.32273388,1.0938993,1.2881913,0.6086095,0.6667998,0.0,0.95300615,1.1116153,0.9301163,1.041003,0.5164627,1.0233063,0.6338813,0.668743,1.1642543,0.6891408,1.2713677,1.0934436,0.9601493,0.42077982,1.3668182,0.25322974,1.2414924,1.2849672,1.2403398,1.4780204,0.8521322,0.56807476,1.3351715,1.0354246,0.7642219,1.2291806,0.76193464,1.3205863,0.55864614,1.2675475,0.7236258,1.1019945,1.2495806,0.44100386,1.2541984,1.1166601,1.1800978,1.1570102,0.39009452,1.391395,0.7834301,1.2992771,1.0942535,1.2958047,0.7613597,1.2495596,0.60487413,1.0288445,1.03846,1.4489758,0.9763394,0.92843163,1.0345553,0.4648928,0.37073493,0.39596713,0.86554873,0.9059119,0.9175505,1.0303838,1.4759895,1.2733918,1.4063468,1.1205744,1.0124371,1.0841677,0.615709,1.2528604,0.4865799,1.0313358,0.9166641,0.94275707,1.0541621,0.5539948,0.69691193,1.0052227,0.5422652,0.8485169,1.2498367,1.1546882,1.0103185,1.3614781,1.3994445,1.4137611,1.234781,1.3156619,1.2088456,0.4495564,0.80518806,1.2541206,1.1965212,0.85443854,1.1237473,0.9684684,1.3269545,1.3730782,1.5208914,0.6957704,0.49078077,0.3021773,0.8643999,0.762473,1.2330682,1.3682289,1.198806,0.43134975,0.39770186,1.1473155
car,0.8470889,1.0332656,1.0518548,1.0708067,1.2097807,1.0283359,1.0983671,1.0394273,1.0140226,0.8846221,0.9975749,1.0818408,0.60258836,1.0261188,1.0551493,1.1262012,1.0151335,1.2648969,1.0571481,1.1252726,1.2568775,0.95300615,0.0,0.6185764,0.62388325,0.9591667,1.1239871,0.80598295,0.63642657,1.1968704,0.577968,0.95934975,0.98265624,0.8688659,1.1286672,1.0410193,0.96608317,1.0887979,0.9162042,1.190638,0.99129176,0.8955995,0.9093062,1.0492315,0.9646255,0.9482497,0.98936445,0.77078485,0.97334194,0.76008207,0.9817623,0.9326421,1.1930791,0.90521336,0.9030394,0.8587883,0.95001525,0.95783365,0.94651055,0.88215363,0.9700251,0.99642926,1.1820648,0.91404754,1.1623745,0.9090686,1.0893137,0.93541205,1.0817981,1.0450536,1.3301498,0.951699,0.81655437,0.8532436,0.945475,0.93786025,1.0944843,0.9641476,0.8656909,1.1799535,1.0240241,0.6571961,1.0042217,0.90266836,1.0311131,1.0687748,1.0900736,0.89744914,0.82214373,1.014661,0.94356805,1.2639925,0.8901633,1.1344545,1.1567928,1.0338266,1.1408364,0.9391723,1.0580461,1.1480806,1.0791978,0.9920538,1.1636916,0.98749554,0.8211952,0.97515833,1.2153664,1.1121113,0.96978927,0.9644802,1.2916,1.1091899,1.1937306,1.2389575,1.2466516,0.9408462,0.9890424,1.0578177,1.031512,1.1593537,0.9224722,0.92893565,1.1716627,1.1400719,1.1517994,1.1711044,0.9803694,1.0298673,1.0388259,0.9361135
carrot,0.99323,0.98324096,0.75142723,1.1427199,1.0704333,0.8032528,1.1176643,0.94394535,1.0744077,1.120715,0.9910217,1.1134439,0.95716095,1.0899134,1.0337181,1.0810472,1.1743469,1.0289271,0.96858823,1.0488402,1.1896899,1.1116153,0.6185764,0.0,0.9237679,1.0151231,1.1919292,1.0011362,1.0882556,1.1840231,0.64930725,0.9311704,0.94508106,0.9788086,0.96913975,1.0192001,1.1006408,1.2084213,0.99053425,1.1016451,1.065892,0.9011314,1.0759419,0.96686494,1.0879042,0.94595164,0.94508064,0.9143329,0.68131757,0.8424759,1.1443076,1.0604864,0.9727891,1.0239918,0.899271,1.0142412,0.72041035,1.0456322,0.8372684,1.017368,1.0122542,0.5845317,1.3424321,1.0003744,1.1439172,0.91909474,0.7664909,0.81943536,1.2903538,1.060386,1.1359286,0.7864145,0.9010763,0.83827925,0.84131217,1.0261229,1.0956504,1.0121406,0.85130656,1.0005503,1.0538731,0.8858863,1.0185819,0.9580936,0.96116513,0.71151483,0.77404857,0.45565265,0.9552955,0.9263558,1.1984708,1.0885152,0.9742115,0.90662795,1.2026927,1.271216,1.1035509,1.1451321,1.2416023,1.0638173,0.8991732,1.0278682,0.9685573,1.0259418,0.95507497,0.89905727,0.919237,0.91600335,1.0835066,0.97077054,1.2286799,0.9240795,0.9442158,0.916778,1.1418192,0.87028605,1.0507133,1.0282038,0.95166713,1.1857104,0.81526136,1.0161287,0.89870363,1.0310215,1.1317111,0.9496351,1.1450541,1.185739,1.0661762,1.0857008
cat,0.80272317,1.2661074,0.86963934,1.2423699,1.3661942,1.1634218,1.1832418,0.7959254,0.72766644,1.0000281,0.6974746,0.9642698,0.63991994,0.8165113,0.9547678,1.249865,1.1436689,1.2854295,1.156034,1.0709684,1.3186569,0.9301163,0.62388325,0.9237679,0.0,0.71078324,1.0897666,0.83155817,0.66827756,1.1147993,0.8431692,1.1570537,1.0146061,0.5587225,1.1115494,1.2661785,0.8755952,1.2045171,0.7790524,1.1948577,0.66833663,0.9451627,0.73289347,1.1337739,0.7082701,0.7936897,1.1418102,0.9906501,1.0912861,0.9217204,1.0416577,0.7454204,1.2363806,1.1019621,1.0908738,0.9980755,0.89119893,0.860198,1.3619728,0.95652133,1.0235016,1.0214312,1.1763557,0.7571258,1.2237048,0.7327214,1.1268816,1.0015473,1.0443478,1.084143,1.2861066,0.921229,0.85242903,1.1242504,1.0318044,1.1452003,1.0513836,1.0261216,1.0423836,1.2512538,1.1681858,0.8078089,0.87822384,0.8180236,1.1717224,1.1850613,1.229316,1.0863618,0.8451636,1.0166479,1.0980673,1.2683012,0.5767083,1.1104469,0.9786677,1.1489238,0.9922878,0.9357866,1.0166607,1.0549395,0.94603026,0.83380276,1.1836883,0.8804659,0.8397449,0.9544861,1.0769607,0.93690217,0.79496753,1.0732138,1.294214,0.9063741,1.097846,1.2202405,1.276484,1.1551068,0.9344115,0.91531754,0.8457953,1.3039668,1.0646063,1.0411857,1.2185253,1.1478735,1.3463826,1.2412381,0.933531,1.0790992,1.0427586,0.8085292
chair,0.8743893,1.415277,0.712605,1.4168754,1.3112898,1.2284424,0.7938901,0.6561718,0.46923763,1.0594549,0.38374645,0.9277071,0.8921862,0.7196448,0.76511705,1.0942744,1.2498411,1.1588604,0.79083705,1.330231,1.1840197,1.041003,0.9591667,1.0151231,0.71078324,0.0,1.1449304,0.6863748,0.85126376,1.1061279,0.78992736,1.2598357,1.0513325,0.27056777,1.3302976,1.3147771,0.42050576,1.202054,0.9090086,1.0669255,0.956845,0.8162882,0.4463979,0.8736133,0.69069654,1.1809326,1.3312502,0.9866331,1.2638788,1.0522473,1.2332604,0.91071826,1.2117789,1.3756946,0.9768145,1.2664633,0.9226441,0.89958185,1.355743,0.97532153,1.1341385,1.0227834,1.1338983,0.6710381,1.174211,0.68646896,1.0726258,0.5312276,0.9707349,1.1713045,0.9391906,0.8865228,0.92054665,1.2031398,1.2946615,1.3939524,0.9708647,1.31457,1.2212869,1.2965686,0.9991486,1.0992382,0.8084941,0.7741923,1.0217748,1.1214203,1.1531242,1.0262938,0.7577417,1.1026268,1.1348253,1.1679561,1.020861,1.191766,0.83791274,1.0981939,1.3460835,0.636735,1.2282904,1.1904852,0.99295557,0.7292966,1.1398346,0.72007334,0.8503585,0.81455266,1.0738312,0.739904,0.7941599,1.2519331,1.1322378,0.9468161,1.0796932,1.1473475,1.1513287,1.3480061,0.85898197,0.6881056,0.64461595,1.3143394,1.3132734,1.2783939,1.143321,0.87104964,1.3128272,0.94463307,1.014878,0.94468546,1.1943885,0.43218917
clock,1.2203249,0.9532226,1.3761859,0.94669044,0.9840274,0.94840664,0.84224784,1.3718315,1.3818845,0.5757618,1.2543161,1.3453928,1.1861384,1.3716176,1.4350626,1.0669924,0.5746609,1.0641221,1.251816,0.79949456,0.8228646,0.5164627,1.1239871,1.1919292,1.0897666,1.1449304,0.0,0.99114466,0.82726216,0.7135448,1.1429338,0.81763536,1.2601216,1.2528769,0.9420185,0.6276546,1.2844551,0.5167608,1.0750896,1.1958413,1.1217424,1.3976523,0.87160766,0.67677236,1.3219831,0.90772325,0.93961596,1.2326927,0.90966994,1.2365954,0.7213708,1.1576666,0.61237127,0.84605,1.1262907,0.7876216,1.2641408,1.1052729,1.1459423,1.1760076,0.55225325,1.3146739,0.76325476,1.2345254,0.8525232,1.3113737,0.82774127,1.2817256,0.44413465,1.1496449,0.84927225,1.3954014,1.0872636,1.0073185,0.97977716,0.7556123,0.50126934,0.690995,1.0232897,0.8279772,0.8697188,0.93567157,1.4173614,1.3132339,1.2213225,1.0019361,0.95778286,1.1301656,0.7831099,1.1998395,0.41972125,0.99832016,1.0093713,0.9915498,0.8135895,0.6584121,0.59058523,0.90240663,0.51396155,0.9509736,1.1708246,1.1330687,0.85398805,1.3524358,1.3131994,1.3174152,1.0683627,1.2871263,1.224759,0.69016415,0.7030142,1.179459,1.0579269,0.792211,0.95891666,0.9004829,1.2690918,1.3662071,1.487602,0.81296635,0.79667157,0.6781565,0.78178453,0.71818423,1.1526078,1.3083096,1.0669308,0.37785435,0.5415678,1.1848695
closet,0.99405926,1.1478113,1.0917419,1.1365974,1.0493948,1.2404917,0.87019694,0.9852481,0.92509747,1.0793703,0.9033458,1.1078957,0.745855,1.06889,1.028955,1.1727115,0.9919349,1.1981509,0.9252457,1.214824,1.1495094,1.0233063,0.80598295,1.0011362,0.83155817,0.6863748,0.99114466,0.0,0.7737261,0.9607421,0.88446677,1.1597183,1.0338882,0.7001069,1.1778337,1.2092671,0.85264724,0.98842824,0.7277633,1.1390427,0.81142807,0.97169054,0.35146743,0.88152343,0.950301,0.9450987,1.2372925,0.885563,1.2224467,0.97702056,0.99583566,0.7795374,1.150566,1.1928976,0.7912224,1.1593664,1.3199453,0.96591043,1.1897922,0.92681736,0.9910273,1.0997833,1.0421354,1.0599464,0.9602131,1.120096,1.2356052,0.88369167,0.80014616,1.0860822,0.9530301,1.1485813,1.2145922,1.0486008,0.9412457,1.1447095,0.9778367,1.2590809,1.2248074,1.1030358,0.922204,1.0058765,1.0357666,1.2008265,1.122633,1.1749078,1.2444909,1.0242214,0.999456,0.9397112,0.9113422,1.1933439,1.0067139,1.108707,0.67482984,0.932073,1.0650723,0.5300331,1.1143354,1.1824629,1.0648801,1.1216804,1.1347208,0.8924498,1.0595125,1.049389,1.2171197,0.90357673,1.1082036,1.3105967,0.914666,1.2525787,1.049881,1.1880196,0.99146307,0.97627634,1.1055698,0.933786,0.92766213,1.0987575,1.1744896,1.1344017,1.0615056,0.8642406,1.2213608,1.0711819,1.0879261,0.8462987,1.1851759,0.48119968
coat,1.1261016,1.1093345,1.1727685,1.0107466,1.1205716,1.1556568,1.0015851,1.128977,1.0067874,0.609369,1.0140214,1.1513699,0.8191927,1.1151356,1.1288103,1.1363698,0.83083415,1.2661858,1.1005056,0.9660159,0.9423813,0.6338813,0.63642657,1.0882556,0.66827756,0.85126376,0.82726216,0.7737261,0.0,0.85093695,0.931889,0.9405055,1.1420257,0.82727027,1.1335337,0.8742963,1.0566849,0.7942945,1.0941943,1.2631497,1.0913597,1.1074572,0.70179725,0.776412,1.1090356,1.0912187,1.0995917,0.98414534,1.0241067,1.0596424,0.9354635,1.0810952,1.0385776,1.0497936,1.0079618,0.8060528,1.0849127,0.921039,1.1347461,0.9906018,0.86585814,1.2409524,0.88595694,0.8695725,1.083523,1.0062218,1.0223526,1.0295835,0.8445678,1.0705533,1.0467119,1.1612623,0.86567265,1.0340862,1.1087178,0.9337895,0.7685957,0.841368,0.9819041,1.0429496,1.0221992,0.85656756,1.1275841,1.0228045,1.1504725,1.1140049,1.0806069,1.160017,0.77303493,1.1098592,0.7352226,1.2459747,0.8634012,1.0663995,0.99996483,0.8667684,1.0236917,0.7738808,0.90975654,0.9646199,1.2705793,1.0331128,1.0721871,1.0244887,1.0075599,1.1338103,1.1939566,1.1848787,0.946709,0.79356915,1.0603585,1.1456054,1.252475,1.1440935,1.1811364,1.0015007,1.0473589,1.0674248,1.1719456,1.0521576,0.9229981,0.8513329,1.0391599,0.9328768,1.1926957,1.286105,1.023777,0.7467147,0.83180606,0.9040435
