,alligator,ankle,apple,applesauce,arm,ball,balloon,banana,basket,bathtub,bear,bed,belt,bench,bib,bird,blanket,boat,book,bottle,bowl,box,bread,broom,bucket,can,car,carrot,cat,chair,clock,closet,coat,coffee,comb,cookie,corn,couch,cracker,crayon,crib,cup,deer,dish,dog,doll,door,drawer,dress,ear,egg,elephant,face,finger,fish,flower,fork,frog,game,giraffe,glass,glasses,glove,grass,gum,hair,hamburger,hand,hat,horse,hose,jacket,jar,jeans,knife,ladder,lamp,meat,melon,milk,mitten,motorcycle,mouth,muffin,nail,napkin,necklace,nose,orange,oven,owl,pajamas,pants,paper,pen,pencil,pickle,pillow,pizza,plant,plate,pony,pumpkin,purse,radio,refrigerator,rooster,sandwich,scarf,scissors,shirt,shoe,shorts,shovel,sink,slide,slipper,snow,soap,sock,soup,spoon,sprinkler,strawberry,stroller,sweater,table,tape,toe,tooth,toothbrush,towel,toy,tray,tree,vacuum,watch,window
alligator,0.0,0.8958971,1.1894087,1.0281966,0.98048365,1.2298421,1.0989546,0.9302505,0.81531286,1.0325041,1.0017745,0.94585675,0.9189365,1.0180418,0.82357836,0.9390987,0.8930683,0.999187,0.8965812,1.0554185,1.0430483,0.91415703,1.1701372,0.97599924,0.9756957,1.0989971,0.85666895,1.1696513,0.9329622,0.9807705,0.9108906,1.1175873,0.9603347,1.0695714,0.9408853,1.1535186,0.9164933,1.0795268,1.0177969,1.0764045,0.92354167,1.0886675,0.7819067,0.9523221,0.8762409,0.9855566,1.0160866,0.99219453,0.9397549,1.1118447,1.150782,0.92195493,1.0877401,1.20845,0.9671673,1.0146605,0.9436347,0.9229988,1.0103695,0.8684817,0.9084102,1.1646836,1.0047473,0.9358079,0.9761247,1.102887,0.9906086,1.0376747,1.1702334,1.0276495,0.9853928,1.0014775,1.1025804,0.9757899,0.99358785,0.892122,0.9512162,0.9805006,1.084232,0.8801894,1.074226,1.0395814,1.2472833,1.1727763,1.2195096,1.0232985,1.0610442,1.1578978,1.0674446,1.0129184,0.8347025,0.9422275,1.0608369,0.8603141,1.1264784,0.9296445,1.0013945,0.87120855,0.90453434,0.8953899,1.0231501,1.0531144,1.0684698,0.86454934,0.9312622,0.9391731,0.91126156,1.0261757,0.9324894,0.9997447,0.9865426,0.924885,1.0378305,0.9157488,1.0243976,0.9174075,1.0449517,1.0059788,1.1579413,1.0426238,1.0967937,0.98792017,0.8801441,1.1394732,1.0392452,1.0608268,0.975953,1.0628407,1.2342523,1.1944901,0.9653075,1.061293,0.99549186,0.9774444,0.8567652,0.8871819,1.1858728,1.0321071
ankle,0.8958971,0.0,0.87670326,1.1212246,1.2721037,0.79895955,0.7308127,0.9885377,0.8038528,1.1200278,1.0062476,1.2774998,0.6221082,0.9832488,1.2432892,1.1781591,1.243777,1.2112657,1.0579866,0.8207003,0.7722354,1.2808605,0.83987814,0.86715394,0.8206606,0.73572695,1.1360074,1.0303149,1.0522332,1.0668248,0.75220823,1.2155526,0.7877542,0.8927582,0.9366903,0.80034614,0.94174427,1.2876002,1.0472211,0.78413725,1.3043754,0.83096486,0.8473183,1.0149052,1.0753899,0.9465733,1.0862209,1.0617167,1.1965617,0.926667,0.7645499,1.1504902,1.2893803,0.99725187,0.77735233,0.83742714,0.7980403,1.0062484,1.1501256,1.0806525,1.2253518,0.8866816,0.87482595,1.0154282,0.98440963,1.2198142,1.0403161,1.1482534,0.79842436,1.2610457,0.98358047,1.1790676,1.0405452,1.2481955,0.72365326,1.0468856,0.85738546,1.1758523,1.1503624,0.79157513,1.1477319,1.1692866,1.1326058,1.1694554,0.82063156,0.7058016,0.82172257,1.1551,0.7923657,0.9020684,1.1035285,1.2383553,1.1468717,1.1859863,0.76289743,0.7581531,0.90503675,0.7239125,1.1101545,0.79332376,0.87875915,0.8343083,0.90407324,0.87195516,1.0177758,0.93684834,0.7159474,1.1794744,1.1854155,0.9675383,1.3062767,1.123312,1.1440836,1.05572,1.1358246,1.1372792,0.6950504,1.142132,1.0074697,0.8396558,0.87835145,0.75911236,0.8405209,0.76415193,1.124621,1.1786809,1.2989988,0.7857729,0.913307,0.8039156,1.0429724,0.7830676,1.0763013,1.1677232,1.024771,0.93792236,0.8280414,1.0685593
apple,1.1894087,0.87670326,0.0,1.1462115,1.4295418,0.41895598,0.4344898,0.74502075,1.0072927,1.3353301,1.0120502,1.4455252,0.6142933,0.9426383,1.5252888,1.2538056,1.4496387,1.1850806,1.0195242,0.58938336,0.6686075,1.4404099,0.54172164,0.790813,0.9144865,0.76388395,1.2884417,0.57372963,1.3187118,1.3976924,0.6329632,1.2504709,0.98528194,0.88038504,1.1855953,0.2785226,0.8332528,1.4357755,0.9436628,0.33336717,1.5602121,0.64086944,0.9338796,0.92851555,1.1952498,1.1046463,1.315464,1.0863631,1.3691406,0.7732254,0.5469949,1.3068094,1.1823381,0.6642492,0.753705,0.506953,0.8339075,0.71489125,1.1714884,1.2728355,1.3162401,0.5545698,1.1725994,1.1976014,0.73318255,1.1604999,0.8345148,1.1864442,0.75013804,1.2214355,1.2455945,1.4806733,1.0058318,1.4006829,0.71730083,1.3321774,1.0210295,1.2181247,0.72231835,1.0110515,1.2295136,1.286351,0.8272219,0.8426706,0.26150644,0.6819688,0.73591924,0.9539513,0.54779285,0.8051179,1.3185096,1.4850667,1.2647567,1.4279315,0.47036946,0.88485515,0.56578517,0.807132,1.0630703,0.74125063,0.6226944,0.7619709,0.9198663,1.1792928,1.0296609,1.1636437,0.702302,1.0264145,1.3575312,1.0974698,1.3843327,1.3439736,1.3151026,1.0715652,1.3171604,1.3025236,0.61757195,1.3388686,0.641815,1.0482713,0.86563885,0.70933855,0.8393599,0.4081136,1.3331997,1.3125131,1.3249266,0.49265134,0.6032209,0.41628492,1.225441,0.56878555,1.0021194,1.1926304,1.1140423,1.0394156,0.38720345,1.3311262
applesauce,1.0281966,1.1212246,1.1462115,0.0,0.7887107,1.1065061,1.1673607,0.7905866,1.1188618,0.95059234,1.1506307,0.83086854,1.3358295,1.1021295,0.6495303,0.9089545,0.8865959,0.6580403,1.0104825,0.9559809,0.96179664,0.735332,1.0527712,1.321693,0.79343116,1.3176451,0.9346415,1.1746994,1.0227494,1.0253825,1.348788,0.82511306,1.2563441,1.0470114,1.1154898,1.3100662,1.1180633,0.88563085,1.0175322,1.3133502,0.7991602,0.7867969,1.1768305,0.924353,0.96173805,0.8470247,1.0822082,0.9678306,0.900129,1.1804249,1.1383398,0.97843534,0.938251,1.2131685,1.2761942,1.2426119,0.9033223,0.8231372,0.8882891,1.003077,0.7032606,1.4085729,0.75075567,0.9525796,0.85989565,1.0212561,0.73807734,0.72410053,1.2786171,0.9321102,1.0267643,0.9548417,0.5163665,0.82481253,1.1617439,1.029233,1.210974,0.88331366,0.6505942,0.8985844,0.6019808,0.9143515,1.1726065,0.86574346,1.3233001,1.295591,1.2221403,1.0548007,1.1238785,1.2763534,0.9138512,0.8815339,0.976403,0.74220145,1.2442551,1.1011466,0.8920661,1.3633192,0.7458838,1.2377509,0.9624609,1.280935,0.9490727,1.0032604,1.0409853,1.1689179,1.2841556,0.74423707,0.93298227,0.9592241,0.84251875,0.8291068,0.9150158,0.77304405,0.78972745,0.8553127,1.342963,0.9003793,1.3073081,1.1571066,1.0119169,0.9673943,1.2380761,1.2791373,0.8333407,0.98216295,0.71246314,1.2341801,1.2853172,1.2389963,0.7646209,1.3444922,0.8363211,0.8129393,1.0326015,1.162378,1.3735603,1.0332376
arm,0.98048365,1.2721037,1.4295418,0.7887107,0.0,1.3196952,1.4725152,1.1736394,1.3816342,0.58745736,0.9796955,0.58152634,1.4568264,0.96692365,0.3948244,0.821301,0.6183318,0.7796211,1.2421439,1.4034204,1.4361769,0.7688333,1.3402717,1.3014166,1.3400358,1.4047225,0.8634802,0.8896126,0.67748415,0.8265079,1.5118973,0.79991347,1.1950892,1.2701412,0.8980241,1.4618738,1.0947704,0.45195067,1.0721296,1.4794625,0.5554789,1.3665895,1.2720356,1.1238222,0.8075439,1.0560243,0.9316934,1.0819713,0.597206,1.2096891,1.3066225,0.6791514,0.7156935,0.96506053,1.1333028,1.3327466,1.1082559,1.2747161,0.8982789,0.76680887,0.7942803,1.3342755,0.6392527,0.90955657,1.29685,0.7623229,1.1145808,0.44785678,1.2193358,0.77059686,0.8033424,0.5133889,1.0088713,0.42818987,1.2919548,0.9562456,1.2129438,0.9002189,0.80858195,1.2024791,0.5156863,0.8831536,1.0010631,0.87148607,1.3788337,1.3756868,1.2065754,0.89225817,1.2831682,1.3608681,0.7179898,0.32086337,0.55143964,0.61126566,1.3135614,1.1597254,1.294333,1.2698312,1.0638504,1.3779085,1.40149,1.2361873,1.069277,1.1403916,1.1862648,1.0679854,1.4620011,0.85393,0.7171103,1.0680366,0.4021315,0.86752564,0.41705155,0.9803747,0.6298517,0.81807876,1.4377449,0.7824863,1.1777153,0.8463376,1.1521275,1.2151201,1.3475504,1.5085723,0.87061065,0.53544164,0.6346441,1.5844276,1.0911015,1.3329283,0.7258681,1.3928185,1.251798,1.0233856,0.87284476,1.2075121,1.434139,0.7984772
ball,1.2298421,0.79895955,0.41895598,1.1065061,1.3196952,0.0,0.39520383,0.88428146,1.0014879,1.2881491,1.1994747,1.3926907,0.92090136,1.182883,1.4061826,1.1742243,1.3716323,1.1230779,1.0653963,0.6844977,0.8462434,1.3986305,0.6670342,0.9493984,0.9187757,0.9227672,1.3089379,0.77336854,1.2935975,1.3092501,0.84579265,1.1793967,1.0583302,0.8511419,1.2475011,0.5836426,0.92152023,1.3332285,1.1056741,0.81129247,1.4809699,0.67041194,0.9293501,0.63718414,1.0373893,0.845413,1.235944,1.1594286,1.2950038,0.7971081,0.09745437,1.2931023,1.0398067,0.7487018,0.8904639,0.7891934,1.0346384,0.8026017,0.9880358,1.2984492,1.2726314,0.76897,0.96498185,1.2094862,0.9422234,1.0138298,0.99739766,1.1099836,0.7007261,1.220751,1.2358913,1.3191665,0.8527403,1.3117036,0.97230554,1.3118002,0.89109254,1.1411759,0.81467885,0.9233571,1.0127926,1.2943318,0.95723575,0.9111246,0.5485266,0.76524925,0.83798605,0.8467283,0.25000072,1.0010047,1.2645055,1.3456659,1.2687085,1.3670706,0.819862,0.98746073,0.8309153,0.87675256,1.0953621,0.8939072,0.77154726,0.686646,0.5420561,1.0295128,1.0599648,1.1441805,0.6951604,1.1344652,1.252589,1.127834,1.2637838,1.2298799,1.2176644,1.0845315,1.302728,1.2261426,0.62032825,1.2556444,0.66188717,1.0195676,0.8551799,0.89896035,0.8296971,0.66428304,1.1459663,1.1594282,1.3872837,0.6011174,0.58682114,0.77567667,1.2459582,0.7495297,0.94796455,1.053254,1.1737773,1.0517775,0.60905206,1.292289
balloon,1.0989546,0.7308127,0.4344898,1.1673607,1.4725152,0.39520383,0.0,0.88140184,0.85290956,1.3197758,1.156286,1.5008396,0.66564953,1.1753966,1.5084281,1.2811086,1.4403477,1.3611579,1.0050305,0.42700732,0.70371896,1.4206758,0.72326696,0.66441983,0.7289886,0.64894605,1.2883021,0.8105624,1.3351088,1.2176795,0.5309913,1.2570453,0.7576904,0.9252573,1.142825,0.518139,0.93875986,1.4895893,1.074177,0.534925,1.5503719,0.51697534,0.7139262,0.91188955,1.1544402,0.9310969,1.1229125,1.1178645,1.3995854,0.7508677,0.39134228,1.3260034,1.2313118,0.79407483,0.78042656,0.5606791,0.8908927,0.9038675,1.1385008,1.3211482,1.2717745,0.64558184,1.1351163,1.2357217,0.8023757,1.1436379,1.0744056,1.2492211,0.7506444,1.2912072,1.0861412,1.3753897,0.9315511,1.4883943,0.81476086,1.1108173,0.6661328,1.1268814,1.0866246,0.762552,1.3598127,1.2338713,1.1174064,1.0765096,0.46306598,0.6510662,0.70163226,0.99132156,0.51513183,0.7357338,1.3696666,1.478236,1.400358,1.4269166,0.6477148,0.9060539,0.75619096,0.7333567,1.1428872,0.5658221,0.727348,0.5763634,0.94960386,1.119881,0.98714936,0.95888466,0.46634054,1.2057172,1.2555585,0.99823153,1.4158463,1.2038319,1.3996563,1.0716581,1.3205402,1.2298278,0.5786381,1.2516661,0.7373814,1.1022072,0.9854956,0.83922577,0.56819415,0.5080157,1.234592,1.2653899,1.4980254,0.5771861,0.6570765,0.625749,1.1951759,0.63219714,0.9495101,1.164401,1.1785513,0.76112145,0.5308124,1.2216103
banana,0.9302505,0.9885377,0.74502075,0.7905866,1.1736394,0.88428146,0.88140184,0.0,0.9815073,1.229642,1.2383733,1.2044318,1.0199318,1.1399889,1.1786826,0.95421827,1.1737739,0.7492788,0.9596395,0.9099184,0.83161783,1.0370275,0.6060832,1.0998979,0.9004527,1.2244754,1.0781317,0.8754446,1.2605813,1.3708581,1.0219611,1.0793425,1.1273811,0.9545985,1.1201292,0.86375105,0.8924329,1.3493145,0.78436404,0.81349826,1.2672814,0.94291204,0.94643104,0.8441256,1.0564532,0.8587277,1.2347448,1.0300027,1.1851364,1.1033962,0.9490804,1.2222792,1.0681483,1.0111603,0.98766434,1.1077591,0.87333167,0.27759665,1.0486913,1.082243,1.015027,1.1147971,0.9163536,1.1840478,0.57797855,1.1548615,0.6531966,0.90898186,1.1106405,1.152094,1.0295355,1.299176,0.8348139,1.1769056,0.90819675,1.1753924,1.1248256,0.9918383,0.60841924,0.9903126,0.89662826,1.0578858,0.9206822,0.7615504,1.0698836,1.0536791,1.1317681,1.0677797,0.7257375,1.1609163,1.0855814,1.2738237,1.242123,1.0966947,0.93985236,0.9213981,0.28517425,1.1712189,0.7269843,1.0762694,0.7417526,0.9793727,0.8812821,0.9411747,0.938995,1.2193348,0.99419814,0.8417936,1.1865985,0.76197314,1.197782,0.99016833,1.202532,0.8548831,1.1023841,0.9620053,0.8908919,1.0214553,0.9720215,1.1915857,0.8618503,0.71391886,1.0541791,0.9255142,1.108503,1.2381938,1.1307635,0.5849796,1.088143,1.0282445,0.7555174,0.91405916,0.64893115,0.97230494,1.0993773,1.0260842,1.0088229,1.2927418
basket,0.81531286,0.8038528,1.0072927,1.1188618,1.3816342,1.0014879,0.85290956,0.9815073,0.0,1.2588081,1.1285784,1.2223026,0.76806223,1.0722044,1.2369856,1.0976752,1.189348,1.2288737,0.88429743,0.68107855,0.64322513,1.0158156,0.8895496,0.74746454,0.753671,0.7227341,1.1159077,1.2602813,1.1605022,0.82526034,0.58145523,1.0846893,0.98320895,0.8722032,0.9922687,0.82631147,0.898363,1.2669023,0.9338672,0.948572,1.0612457,0.68775165,0.7626138,1.0181781,0.9592058,1.0065955,0.8400961,0.99132264,1.1322612,0.98197424,0.8969549,1.1952692,1.2806399,1.2387742,1.0392171,0.74115545,0.94328153,1.0096872,1.0654454,0.91375494,1.1233369,0.9915807,1.1699866,1.0655774,1.0097994,1.2314205,0.8346238,1.3596749,1.1157887,1.1905286,0.9929583,1.2284298,1.0395702,1.4055352,0.8601757,0.7270171,0.7056492,1.0882707,1.2608558,0.662784,1.3442647,1.1744468,1.2931584,1.1018994,0.95416325,0.68718517,0.8878704,1.2266886,0.83944595,0.62818784,0.9739326,1.2944298,1.4286523,1.1173546,1.0352999,0.9034928,0.91685855,0.729313,0.855529,0.5969232,0.8182598,0.89167696,0.9806579,0.7687234,0.92056566,0.7100631,0.59774244,1.0797153,1.0693673,1.0858399,1.3464668,1.1563128,1.389442,0.9975339,1.2529925,1.1829685,0.84107375,1.110226,1.0383933,1.0860723,0.9417091,1.0119035,0.6612048,0.8913009,1.0440953,1.247191,1.251858,0.8210878,1.1363434,0.8795978,1.3641908,0.74585545,0.97509974,0.99517107,1.0224823,0.64756674,0.9242126,0.9293554
bathtub,1.0325041,1.1200278,1.3353301,0.95059234,0.58745736,1.2881491,1.3197758,1.229642,1.2588081,0.0,0.72964793,0.75179803,1.243168,0.637602,0.70521486,0.8911664,0.81056875,0.6163449,1.1307524,1.3340901,1.0237001,0.879375,1.3687074,1.1252325,1.2055974,1.1328511,0.790805,1.1155425,0.5909568,0.66412693,1.2138247,0.7958592,1.0494884,1.0204221,0.84458756,1.3555082,1.1549792,0.5223695,1.0235152,1.3286276,0.6417035,1.2717022,1.1630971,1.1514809,0.9976886,1.2376933,0.6920724,0.8635963,0.77442527,1.2541723,1.2226409,0.78337395,0.9834597,1.1517555,1.027817,1.2093855,1.0612929,1.383891,1.0662585,0.7485424,0.81188893,1.2521908,0.91094935,0.8167764,1.3362601,1.0129598,1.2283711,0.94077647,1.1349262,0.76765734,0.693339,0.6989559,0.9569526,0.6067033,1.1087642,0.77855873,0.9581466,0.9887627,0.9545292,1.1492035,0.84845895,0.94438726,1.1852388,1.0278993,1.2868919,1.0078042,1.2404854,1.1253086,1.2618939,1.154993,0.8226882,0.6469896,0.5918922,0.6977097,1.3066251,1.1399822,1.2248826,1.0127094,1.1565585,1.2086645,0.93943024,1.2339338,1.0459769,1.0977412,1.2527335,1.0497903,1.3067467,1.0730628,0.85988307,1.1519111,0.7125708,1.03,0.71366876,0.9592891,0.11773509,0.8539235,1.3257893,0.71467376,1.2739182,0.8803886,0.94972426,1.0492927,1.0908586,1.3194803,1.0485071,0.80288094,0.58851576,1.2790489,1.2374337,1.1841824,0.95898247,1.1164125,1.3005811,1.1093065,0.8884632,1.1598303,1.3410486,0.680385
bear,1.0017745,1.0062476,1.0120502,1.1506307,0.9796955,1.1994747,1.156286,1.2383733,1.1285784,0.72964793,0.0,0.8707416,0.8463063,0.6636796,0.9502863,0.9734514,0.88896406,0.94390714,1.1414917,1.1477233,1.0552936,1.1039971,1.136066,0.9486905,1.1420653,0.93041646,0.7791426,1.0448681,0.5586345,1.0129943,0.99140173,0.9503328,0.89447725,1.0635767,0.9238979,1.001356,1.046081,0.8170514,0.96167505,0.9936707,0.90243614,1.1563138,1.0543027,1.1531885,0.99181044,1.2527933,1.0254798,1.0884326,0.95255953,1.0802532,1.1790961,0.7797539,1.0494256,1.1023371,0.83999705,0.88239706,1.0295049,1.1776865,1.0803312,0.8997706,0.86687636,0.9716611,1.1927859,0.70343095,1.2311175,1.0207635,1.1695923,1.1660029,1.0337286,0.9425756,0.90539783,0.88671786,1.1391637,0.90909123,0.97899854,1.0269631,1.043524,1.0790057,1.0738387,1.1424621,1.1223093,0.95035475,1.0977967,1.0591519,0.9503901,0.9297475,1.0177637,1.1704428,1.2430294,0.9961737,0.8368617,0.93270844,0.74019945,0.96998304,1.0437949,1.0125061,1.1574577,0.81859446,1.1945994,0.93163985,1.0925041,1.104872,1.1033115,1.0440876,1.1076143,0.9847993,1.008163,1.1963326,0.99083126,1.1636331,0.91586816,1.062738,0.9275311,1.0838335,0.8269401,0.97981346,1.1189685,0.8626399,1.0840353,0.8905443,1.0604942,1.0516298,0.96583235,0.9484492,1.1392024,0.9362176,0.8834125,1.1472406,1.1111919,0.9347506,1.1093024,0.9683255,1.2648075,1.163912,0.7377558,1.1008189,1.0303787,0.8607409
bed,0.94585675,1.2774998,1.4455252,0.83086854,0.58152634,1.3926907,1.5008396,1.2044318,1.2223026,0.75179803,0.8707416,0.0,1.4851315,0.89140064,0.4505676,0.9190529,0.16013324,0.6607605,0.74536586,1.4550388,1.458997,0.34393048,1.4329818,1.3883705,1.0551769,1.4861314,0.51652795,1.2327317,0.7811428,0.7972678,1.4553803,0.81684875,1.3395593,1.077663,1.0257558,1.41541,1.2343386,0.5184827,1.1082073,1.4776707,0.1631425,1.4251463,1.279472,0.88506,0.80861455,0.87138146,0.9696634,0.9132841,0.54492843,1.2710574,1.3847488,0.81887454,0.85931027,1.4046575,1.3444941,1.3641094,1.3532177,1.0052468,0.79904133,0.64926314,0.4780283,1.5355417,1.0398457,0.7610246,1.0425221,0.96976185,1.1547945,0.9350727,1.3966815,0.893334,0.8062428,0.6249484,0.92881817,0.5424577,1.5282128,0.99723417,1.2918546,0.76949733,0.95360273,1.1226361,0.5847678,0.4231581,1.1331091,1.0109446,1.492661,1.466324,1.5228064,1.1993551,1.3935168,1.3181908,0.5468514,0.44479895,0.7348825,0.4158393,1.5117352,1.3586963,1.3862271,1.3386929,1.061835,1.3759017,1.3051586,1.5225487,1.0723588,0.9696512,0.8330713,1.0868074,1.510311,0.9224508,0.9062035,0.9697111,0.5677457,0.48967582,0.6640935,0.9998,0.83970004,0.67222595,1.4956467,0.5422392,1.3361896,1.1450455,1.1801703,1.280601,1.3220334,1.4902359,0.6852398,0.68034816,0.2624483,1.393419,1.5063486,1.387604,0.76299185,1.498566,0.666886,0.51986235,0.8607707,1.2757014,1.5645852,0.84303725
belt,0.9189365,0.6221082,0.6142933,1.3358295,1.4568264,0.92090136,0.66564953,1.0199318,0.76806223,1.243168,0.8463063,1.4851315,0.0,0.8760273,1.4088424,1.2604332,1.3657544,1.3923899,0.9897477,0.6576768,0.54342884,1.4914659,0.8211975,0.44669014,0.9203663,0.34686083,1.2194635,0.97596854,1.168796,1.0591917,0.3878585,1.2377481,0.5969367,1.0194367,0.9076421,0.57932746,0.8114646,1.3657097,1.0505922,0.3795843,1.5274124,0.6692755,0.76183844,1.2827985,1.2219818,1.1902995,1.0634339,0.98934394,1.3940454,0.8501025,0.92221284,1.2030274,1.3041246,0.86692035,0.56938934,0.47244847,0.6202108,1.0513345,1.1872642,1.2333686,1.3868735,0.4373272,1.167285,1.1278738,1.0173895,1.2212827,0.9699688,1.332359,0.64730805,1.1858065,1.1138752,1.376519,1.3182167,1.3688123,0.34896594,1.0047989,0.7972239,1.1029717,1.3190508,0.92750114,1.5520599,1.3260074,0.95099264,1.2597046,0.49159175,0.4305055,0.48684072,1.1553928,0.9343592,0.5141642,1.290862,1.4413488,1.1501054,1.4170923,0.34937453,0.5888319,0.79825276,0.33098507,1.074331,0.45969272,0.6653743,0.71772647,1.2093996,0.99490243,1.0182855,0.7678577,0.49361634,1.1801864,1.2379651,1.0530769,1.4338129,1.2543561,1.2882917,1.0849719,1.2421422,1.3199351,0.50719076,1.3556023,0.9202642,0.75757045,1.0467075,0.69337213,0.63179564,0.43089795,1.229971,1.3454766,1.4421294,0.6683304,0.791407,0.50291926,1.2915975,0.40248764,1.2157704,1.3441894,1.1147314,0.76104474,0.36628813,1.1166863
bench,1.0180418,0.9832488,0.9426383,1.1021295,0.96692365,1.182883,1.1753966,1.1399889,1.0722044,0.637602,0.6636796,0.89140064,0.8760273,0.0,1.0626848,1.0247796,0.99482405,0.88051987,1.0627387,1.2129402,0.92654735,1.0120708,1.0811958,0.8127651,1.0232077,0.7815058,0.92064375,1.0426466,0.86443144,0.6620229,1.0028867,0.95005035,0.9757924,0.921041,0.9730758,0.97622776,1.1353453,0.6854363,1.0075853,0.89862776,0.8646904,1.2162505,1.1631093,1.0721811,1.027755,1.2354062,0.83251595,0.8238441,1.0369953,1.2682325,1.2313854,0.9321919,1.0138836,1.2057806,0.77562976,1.1144042,0.73393226,1.0840261,1.1503068,0.8982781,1.0121001,1.0893121,1.1084312,0.8661376,1.0535351,1.0457155,1.060066,1.2163043,0.9447994,0.8048162,0.8572591,0.91592145,1.0566537,0.93493795,0.84914744,0.7677026,0.9770798,1.1615897,0.8750754,1.1522774,1.0177327,1.0766789,1.0501885,1.2090244,1.1054758,0.9156612,1.1412283,1.2328669,1.1738933,0.8540512,1.0628488,0.9783054,0.6721946,1.0578511,1.0519304,0.91521144,0.9491039,0.7591523,1.2070612,1.0200021,0.99334943,1.2488437,1.049811,0.94887084,1.1156943,0.93535376,1.1889312,1.1252688,1.022632,1.0754994,0.9950166,1.1277564,0.946038,0.78287745,0.7037213,1.0113515,1.0956157,1.0277815,1.2042339,0.8172005,0.92835474,0.6481739,1.1146473,0.960345,0.9934347,0.9779687,0.53620416,0.9982651,1.2533492,1.0779256,0.96405095,0.906219,1.1068245,1.1358236,0.9364757,1.0066514,1.1055287,0.79543096
bib,0.82357836,1.2432892,1.5252888,0.6495303,0.3948244,1.4061826,1.5084281,1.1786826,1.2369856,0.70521486,0.9502863,0.4505676,1.4088424,1.0626848,0.0,0.852723,0.39835715,0.6831063,1.0155714,1.3965175,1.4399422,0.6042446,1.4217978,1.3963667,1.1767411,1.4319885,0.7675989,1.2414081,0.73796433,0.9207071,1.4122021,0.8143009,1.1920735,1.2672706,0.9603208,1.5376935,1.1680206,0.5716208,1.0581243,1.6107538,0.4824794,1.2903566,1.2516844,1.0251426,0.8662379,0.9802427,0.983923,1.049892,0.44208837,1.22407,1.3829622,0.744747,0.74033546,1.3166242,1.3229518,1.3704479,1.138206,1.1241285,0.8619627,0.75758326,0.64772385,1.4737282,0.7565634,0.84725165,1.1856313,0.83965534,1.0615278,0.733125,1.2986125,0.8601859,0.80475,0.49834,0.86530715,0.41402054,1.4562366,1.0014473,1.2261826,0.67627823,0.8837493,1.0706927,0.5324084,0.7305776,1.1379551,0.97102493,1.5047724,1.4541352,1.1888725,1.0358276,1.3530772,1.3902869,0.53248143,0.29561567,0.6286238,0.4621396,1.4899087,1.2887949,1.3881712,1.3102124,0.9692627,1.3580213,1.3334651,1.3709211,1.0671334,0.9926584,1.0252682,1.0799786,1.4453535,0.8180491,0.63019776,1.0502931,0.30915964,0.6155097,0.54520464,1.0403581,0.6985357,0.76920366,1.5112004,0.78052247,1.3091187,0.9792145,1.1994872,1.2932366,1.3288903,1.4793391,0.7696427,0.56821287,0.53887284,1.5408828,1.3803463,1.446642,0.8433038,1.5139586,1.0141435,0.8397924,0.87829316,1.2637058,1.5698168,0.8995395
bird,0.9390987,1.1781591,1.2538056,0.9089545,0.821301,1.1742243,1.2811086,0.95421827,1.0976752,0.8911664,0.9734514,0.9190529,1.2604332,1.0247796,0.852723,0.0,0.95130706,0.8516769,1.2313676,1.3111111,1.2226032,0.912796,1.0625312,1.2804949,1.2936205,1.289655,0.59141475,1.0452782,0.50934154,0.971208,1.202224,0.5677749,1.0143784,1.2058624,0.67698884,1.3274124,1.0748333,0.7377347,0.7245857,1.284125,0.73458034,1.2671344,0.95091116,1.0475154,0.859927,0.9828573,0.9182433,1.13995,0.90020597,1.1935906,1.224258,0.7410941,0.773921,1.1043065,0.80595696,1.2008699,1.1905581,0.9563062,1.0381461,0.778748,0.649017,1.2155958,1.0011322,0.9939478,1.1150293,0.88164014,1.0153751,0.9450702,1.1810884,0.5945165,0.90247345,0.6963795,1.1449738,0.70503837,1.1742102,1.0297817,1.1337869,0.9928066,0.87458897,1.2711669,0.8690363,0.9360179,0.9640117,0.9198891,1.2316236,1.2151437,1.2459921,0.99653095,1.2254475,1.2411551,0.7660421,0.89547515,0.8062894,0.89563,1.2757137,1.1949735,1.0359731,1.1741742,0.83901525,1.2278891,1.2440221,0.9551448,0.8961766,0.9333971,1.0989473,1.1125399,1.0493436,0.9109764,0.968376,1.0503837,0.747465,0.9673931,0.8493376,1.0000867,0.8691257,0.8952724,1.2468513,0.6910965,1.0959623,0.9358534,1.0709456,1.215929,1.1179618,1.2472827,0.90131634,0.86071634,0.970284,1.2483532,1.1330485,1.282579,0.8903684,1.2076536,1.1949188,1.1449288,0.9510729,1.2202944,1.2474025,0.8652599
blanket,0.8930683,1.243777,1.4496387,0.8865959,0.6183318,1.3716323,1.4403477,1.1737739,1.189348,0.81056875,0.88896406,0.16013324,1.3657544,0.99482405,0.39835715,0.95130706,0.0,0.75508404,0.7873365,1.4225695,1.4587257,0.54825103,1.3372617,1.3904718,1.0396223,1.3827722,0.6337365,1.182764,0.83209026,0.87525415,1.4153678,0.8399016,1.1770672,1.1527641,1.0104414,1.4031787,1.1143947,0.6001453,0.9877319,1.4598358,0.37854445,1.4349651,1.272418,0.94853663,0.85066855,0.8201895,1.0357708,1.0020489,0.47297502,1.2102768,1.3504959,0.9269609,0.93438166,1.3394475,1.313393,1.3800263,1.3599494,0.98579776,0.7964314,0.7457163,0.6403143,1.4718841,0.9055373,0.80003166,1.0121142,1.0107557,1.1164823,0.8904063,1.2768159,0.91109663,0.8630322,0.6103084,0.98342943,0.5262422,1.4685485,1.0786963,1.3240241,0.5228548,0.96983063,1.1419251,0.5524031,0.58920616,1.0805835,0.9774817,1.488649,1.3756809,1.3693547,1.1796256,1.3350546,1.3701124,0.4652574,0.351636,0.6529703,0.45696115,1.4368112,1.2914454,1.3639798,1.2270776,0.9942945,1.3794876,1.3237503,1.4061579,1.1062124,0.9251682,0.86585414,1.11974,1.4562979,0.89872646,0.7678878,0.96290475,0.6359737,0.45320237,0.5818796,1.0245872,0.9282218,0.7884071,1.3552907,0.6638415,1.2890112,1.0037366,1.1566753,1.3299341,1.3232284,1.3863436,0.779017,0.7289015,0.36622405,1.3520062,1.4210241,1.4155269,0.80165565,1.4337964,0.71675205,0.6300181,0.93821406,1.3184634,1.4921722,0.92650485
boat,0.999187,1.2112657,1.1850806,0.6580403,0.7796211,1.1230779,1.3611579,0.7492788,1.2288737,0.6163449,0.94390714,0.6607605,1.3923899,0.88051987,0.6831063,0.8516769,0.75508404,0.0,0.9736696,1.3398578,1.1258638,0.6752091,1.0839804,1.2930818,1.1075475,1.4414153,0.83795774,1.2071569,0.9297792,1.0595267,1.3432302,0.88115364,1.2827001,1.0738571,1.031711,1.263802,1.094979,0.8081462,1.0061774,1.3091434,0.6882661,1.2404044,1.1813382,0.8339479,1.0133123,1.112853,1.0590801,0.92919594,0.78727853,1.2218678,1.1581918,0.89949656,0.8976158,1.3068546,1.2451558,1.3164184,0.9976237,0.79286516,0.9896695,0.7716251,0.7754406,1.4278157,0.93684185,0.83983946,1.0583174,1.0252005,0.7496027,0.93707323,1.2993865,0.95066917,0.9073357,0.82638264,0.7823571,0.6084889,1.2685201,1.0265591,1.1667285,0.93491054,0.70228666,1.1481063,0.6695267,0.8714518,1.0684556,0.8422793,1.3900001,1.2999686,1.3675592,1.1264211,1.004036,1.3507857,0.84684515,0.82054853,0.7749811,0.6868336,1.3764498,1.0672053,0.94406205,1.2985746,0.8334526,1.3313934,0.80762124,1.4548509,0.88035697,0.97653353,1.1475097,1.2263138,1.3711481,0.6936722,0.9903273,0.9921437,0.74163294,0.87131333,0.8634323,0.8867486,0.4664529,0.8273936,1.310484,0.7150517,1.2673284,1.1432803,1.0317236,0.91789836,1.2431792,1.3436323,0.91352034,0.87487286,0.517119,1.1070261,1.3943694,1.3540297,0.86702037,1.2715954,0.9054956,0.82398987,0.86368304,1.2000885,1.4241443,1.0609602
book,0.8965812,1.0579866,1.0195242,1.0104825,1.2421439,1.0653963,1.0050305,0.9596395,0.88429743,1.1307524,1.1414917,0.74536586,0.9897477,1.0627387,1.0155714,1.2313676,0.7873365,0.9736696,0.0,1.024911,0.88670856,0.50339794,1.0634145,0.9336455,0.7141557,1.0185739,0.9327276,1.1345718,1.3386718,1.0429145,0.9234147,1.1466984,1.1547337,0.6147016,1.0743928,0.9703632,1.099252,1.2380476,1.0406343,0.86991626,0.9463875,0.9546251,1.0384762,0.64912724,1.0791963,0.8737831,1.1261785,0.5007807,1.1405764,1.173626,1.040361,1.1696272,1.1167196,1.1950557,1.145025,1.0380194,1.0132577,0.8562327,0.71959907,1.0771246,0.9303476,1.1870477,1.1259516,1.0707384,0.4800442,1.1992176,0.9859509,1.0540531,1.1534824,1.1438758,1.0083698,1.2702246,0.96429926,1.1807756,1.0119728,1.0564826,1.0340048,0.7540253,1.1432316,0.78737825,1.0931965,0.8391577,1.1014185,1.164533,1.0899469,0.9642574,1.1960465,1.1809652,1.0058551,0.84575975,1.1108595,1.1137583,1.2298551,0.6072061,0.96180934,0.95054996,1.0173224,1.0383892,0.76847374,1.0473281,0.7349545,1.2903609,1.1346599,0.9877253,0.64378333,0.95977885,1.0884631,1.0097153,1.1818658,0.8914113,1.1926687,0.7941347,1.1675017,0.82993305,1.1353323,0.9452703,0.96960324,1.1027634,1.1072415,1.1730381,0.9128599,0.9485859,1.081378,1.0362226,0.98144686,1.1831841,0.7604437,0.7544022,1.2448379,1.0864493,0.8913452,0.99833447,0.43605614,0.2873354,1.112476,1.0238241,1.1269252,1.2184138
bottle,1.0554185,0.8207003,0.58938336,0.9559809,1.4034204,0.6844977,0.42700732,0.9099184,0.68107855,1.3340901,1.1477233,1.4550388,0.6576768,1.2129402,1.3965175,1.3111111,1.4225695,1.3398578,1.024911,0.0,0.5860981,1.2707254,0.8309435,0.70640004,0.4655018,0.6234793,1.3030589,0.9826652,1.3784201,1.0845151,0.62556005,1.0787072,0.8147419,0.99659985,1.1928122,0.59993875,0.8503065,1.4122573,1.1458822,0.5862994,1.4133794,0.17239511,0.7774333,1.104512,1.1553354,0.9999189,1.0825685,1.0443492,1.3071785,0.81740904,0.61404127,1.3093983,1.2450902,0.9171669,1.0543125,0.5069604,0.84300053,0.9610775,1.1905969,1.2534996,1.2609657,0.759296,1.1158365,1.2037842,0.8903797,1.1814443,0.8841959,1.2625958,0.8767767,1.3298056,1.1980524,1.3190484,0.8077492,1.438353,0.7335423,1.0238025,0.787248,1.186149,1.1511358,0.50348115,1.3331593,1.2136143,1.1693932,1.0703841,0.5397071,0.57096994,0.7465066,1.1559763,0.7461867,0.60119134,1.2847446,1.4250076,1.4415929,1.3754857,0.66222167,0.9183731,0.7655731,0.7804287,1.0366541,0.50625336,0.6587083,0.70180315,1.1365764,1.066004,0.9594198,0.8463785,0.5178532,1.1057326,1.1653849,1.0209051,1.3612107,1.210499,1.3883979,1.0419241,1.2983332,1.167907,0.61442256,1.233144,0.92526144,1.1881783,1.0488243,0.91013527,0.6308987,0.60299486,1.1241313,1.282234,1.4489136,0.69282895,0.8030502,0.53523815,1.2028998,0.58820266,0.9472157,1.1822977,1.1325788,0.58597034,0.5754757,1.1703354
bowl,1.0430483,0.7722354,0.6686075,0.96179664,1.4361769,0.8462434,0.70371896,0.83161783,0.64322513,1.0237001,1.0552936,1.458997,0.54342884,0.92654735,1.4399422,1.2226032,1.4587257,1.1258638,0.88670856,0.5860981,0.0,1.2388617,0.78536123,0.7538165,0.6429324,0.5344392,1.2078397,1.0032527,1.3136374,1.002258,0.6365894,1.2169338,0.9233234,0.7307724,1.0773213,0.669352,0.8516844,1.3547888,1.0414035,0.5970064,1.3769288,0.45688134,0.88078237,1.0888081,1.156314,1.0920087,1.0975384,0.77319294,1.3448467,1.0449525,0.79477763,1.2271006,1.3569877,0.99381745,0.81319445,0.670176,0.6327367,0.99758464,1.1483691,1.2095357,1.2506001,0.7827825,1.1116861,1.14132,0.905717,1.3301636,0.68873656,1.2783802,0.9316028,1.0583515,1.2034425,1.465738,0.8918474,1.3898871,0.42806935,0.9600314,0.8368788,1.1316102,1.1184288,0.75993764,1.4032638,1.3783994,1.1117245,1.1624125,0.6973214,0.38756657,0.7787394,1.1969743,0.78695655,0.64760387,1.2678856,1.4628959,1.3143661,1.2998343,0.6386735,0.7638835,0.5950537,0.58640474,0.8208056,0.6847247,0.24952757,0.812665,0.996943,0.9832215,1.0878699,0.88570946,0.694347,0.9959476,1.2111529,1.1146257,1.4713854,1.3793244,1.3753397,0.8494282,0.9283963,1.2142067,0.6664046,1.2645681,1.0442399,0.9942812,0.821153,0.597473,0.66941285,0.6808644,1.2437079,1.3939898,1.2991486,0.542064,0.941949,0.6848054,1.2977011,0.4460045,1.0410461,1.1326265,1.1737585,0.8319416,0.6479715,1.1411002
box,0.91415703,1.2808605,1.4404099,0.735332,0.7688333,1.3986305,1.4206758,1.0370275,1.0158156,0.879375,1.1039971,0.34393048,1.4914659,1.0120708,0.6042446,0.912796,0.54825103,0.6752091,0.50339794,1.2707254,1.2388617,0.0,1.3420823,1.244277,0.75602627,1.3641143,0.6922178,1.2657361,1.0143244,0.8638798,1.3959193,0.86898845,1.3070709,0.9036756,1.0038928,1.3794534,1.2291062,0.76946485,1.0476758,1.3517797,0.3467766,1.2267876,1.1583095,0.79223526,0.92986184,0.8899839,0.93040466,0.572542,0.7944043,1.299654,1.3683617,0.8508708,0.9256091,1.4171331,1.4765894,1.3781112,1.2339084,0.94662815,0.7809133,0.6934647,0.5787989,1.5625403,1.066599,0.9148865,0.7454033,1.0795767,1.0346694,0.9134846,1.4051462,0.94643795,0.7814214,0.8180168,0.81718564,0.7716129,1.4156896,0.86761624,1.1337414,0.8347977,0.98458666,0.8978726,0.7054512,0.5036917,1.1687886,1.0122267,1.5189381,1.4434419,1.4928741,1.197689,1.2951105,1.1467807,0.7886006,0.73177445,0.9895155,0.44318318,1.4311405,1.1883076,1.261891,1.435286,0.9099112,1.3586853,1.1544408,1.562858,1.1140865,0.8923838,0.69444704,0.9967027,1.4432533,0.93413866,0.9830887,0.7884954,0.78701514,0.5462678,0.88475,0.83143365,0.84704006,0.56664395,1.4550147,0.66197866,1.3131309,1.2971253,1.0936705,1.2001975,1.288972,1.4656513,0.6984619,0.8734308,0.41074228,1.1827278,1.5502139,1.3994703,0.6258732,1.4843735,0.45976967,0.37348795,0.9208876,1.0407104,1.5708525,1.0058572
bread,1.1701372,0.83987814,0.54172164,1.0527712,1.3402717,0.6670342,0.72326696,0.6060832,0.8895496,1.3687074,1.136066,1.4329818,0.8211975,1.0811958,1.4217978,1.0625312,1.3372617,1.0839804,1.0634145,0.8309435,0.78536123,1.3420823,0.0,0.97411716,0.9518083,0.86524653,1.4020041,0.5870645,1.2969468,1.3562639,0.8860303,1.1454538,0.9804847,0.7970703,1.1087668,0.5275623,0.682603,1.3589926,0.5314232,0.63854045,1.5361779,0.842892,0.9950282,0.89521515,1.0582249,0.9514135,1.3222747,1.0408101,1.2366719,0.86686075,0.7088551,1.2086761,1.1612718,0.6155643,0.7644999,0.98390526,0.88456124,0.65918267,0.9826921,1.2938396,1.4292039,0.7776828,0.9746693,1.1880229,0.6899905,1.0995258,0.65385103,0.8915861,0.85724336,1.0018015,1.3641942,1.3599448,1.0151528,1.2880082,0.7263568,1.3071854,1.1900862,1.0136976,0.8880252,1.0685749,1.1292611,1.3166888,0.70673025,0.57632315,0.70288664,0.8943582,0.7768392,0.8935474,0.5388558,1.0104071,1.1624724,1.3648775,1.1460863,1.3019645,0.6512402,0.82952774,0.42009848,1.0727375,0.81957173,1.0447168,0.790687,0.7062723,0.78337866,1.0145359,1.0743041,1.2030034,0.85513496,0.8148477,1.1057402,1.0357357,1.338939,1.3062596,1.1861963,1.0119375,1.3003712,1.385968,0.72166324,1.3791581,0.6115352,0.9480498,0.7692428,0.7671453,1.0824782,0.63014805,1.2658231,1.2636218,1.2759831,0.62335134,0.626717,0.78852797,1.1200616,0.79321,0.97805256,1.0893458,1.2043719,1.1401763,0.69789594,1.3559215
broom,0.97599924,0.86715394,0.790813,1.321693,1.3014166,0.9493984,0.66441983,1.0998979,0.74746454,1.1252325,0.9486905,1.3883705,0.44669014,0.8127651,1.3963667,1.2804949,1.3904718,1.2930818,0.9336455,0.70640004,0.7538165,1.244277,0.97411716,0.0,0.9471414,0.38095105,1.2377119,1.0175835,1.1853477,0.9398962,0.41819215,1.2232232,0.67259437,0.9384582,0.9041023,0.6346859,0.9475473,1.2782693,1.0758187,0.44546974,1.3606414,0.7919855,0.78780043,1.2079269,1.173293,1.2855413,0.90284467,0.7735017,1.3402703,0.9218552,0.938194,1.1530011,1.1964269,0.92262256,0.76779234,0.60483825,0.6577214,1.1404058,1.2024151,1.1182775,1.2998319,0.59170437,1.2980514,1.1236353,1.0652649,1.1701485,1.1387978,1.3089561,0.8134945,1.2356136,0.9589038,1.2499361,1.2577773,1.3996658,0.5370765,0.7401584,0.5007909,1.2073328,1.2749792,0.91154444,1.5538232,1.2549081,1.0892109,1.1932586,0.6585323,0.60122746,0.70379066,1.0885997,0.96833086,0.31882322,1.3118196,1.4113154,1.228013,1.2977593,0.5249597,0.5413244,0.88660127,0.54345644,1.1971194,0.47760606,0.82753456,0.89618474,1.1653657,1.0558105,1.0356646,0.7581228,0.56044817,1.3036666,1.1921377,0.92868286,1.3569344,1.2924069,1.3503611,0.9450885,1.0965999,1.0791401,0.7024654,1.2888104,0.907109,0.9654873,1.0558946,0.72460854,0.6355032,0.5980654,1.2382798,1.2301481,1.2706461,0.8129016,0.86391187,0.6464147,1.1527,0.46116662,1.1837323,1.2247356,1.0234443,0.4934982,0.57739675,1.044393
bucket,0.9756957,0.8206606,0.9144865,0.79343116,1.3400358,0.9187757,0.7289886,0.9004527,0.753671,1.2055974,1.1420653,1.0551769,0.9203663,1.0232077,1.1767411,1.2936205,1.0396223,1.1075475,0.7141557,0.4655018,0.6429324,0.75602627,0.9518083,0.9471414,0.0,0.7529477,1.1245348,1.1104299,1.4056368,0.96441025,0.9654601,1.0869457,0.9406189,0.7517888,1.310667,0.8108305,1.034512,1.2763882,1.1432655,0.8248117,1.0933572,0.42490482,0.94840735,0.88501453,1.0931946,0.85822237,1.0621582,0.7815376,1.2073838,1.0415634,0.8669612,1.2433214,1.267687,1.2280864,1.2658722,0.9578546,0.96239537,0.8596992,1.0836139,1.1300125,1.049139,1.170502,1.061054,1.0595429,0.59799486,1.2746223,0.96048105,1.1930698,0.944856,1.2025294,1.0881369,1.1991173,0.6828941,1.2799678,0.9962697,1.0011873,0.9727951,0.9767939,1.1629648,0.4865737,1.0621148,0.99370307,1.2580805,1.146486,1.0034066,0.901829,1.0395501,1.2458081,0.8341576,0.82936716,1.1150196,1.1872467,1.2401508,1.0601301,0.9621869,0.96800876,0.94070446,0.9630701,1.0082159,0.87620986,0.7849232,1.1392825,1.0272074,0.8592874,0.76063365,0.92026716,0.9234888,1.1306759,1.1057435,0.7759267,1.2947043,0.8844144,1.2349565,0.8601208,1.1772798,0.89550453,0.80547404,1.098259,1.1666347,1.1811373,0.9041917,0.9343693,0.88023967,0.9114962,1.0102223,1.1766791,0.97289306,0.6158706,1.1922584,0.98707104,0.94096065,0.9914048,0.46352905,0.7727227,1.1736208,0.7826841,0.99914634,1.1855386
can,1.0989971,0.73572695,0.76388395,1.3176451,1.4047225,0.9227672,0.64894605,1.2244754,0.7227341,1.1328511,0.93041646,1.4861314,0.34686083,0.7815058,1.4319885,1.289655,1.3827722,1.4414153,1.0185739,0.6234793,0.5344392,1.3641143,0.86524653,0.38095105,0.7529477,0.0,1.3100535,1.0257906,1.1621406,0.8026038,0.5255115,1.0993018,0.5183977,0.9550999,0.9608061,0.66911566,0.9025961,1.1842835,1.1009258,0.50330746,1.4062359,0.62517196,0.90641487,1.2574474,1.2051053,1.1874449,0.87452203,0.7607567,1.267365,0.89836556,0.9090306,1.196056,1.299499,0.8746323,0.7487367,0.6499686,0.76161385,1.2624528,1.2279352,1.269141,1.4256728,0.53647506,1.1225785,1.152085,1.0604889,1.2094691,1.0726213,1.3465014,0.56655115,1.0177453,1.1387556,1.1125585,1.2264459,1.2911508,0.4547472,0.78528345,0.7363052,1.1468374,1.3437979,0.8665639,1.4867382,1.4023827,1.0093174,1.3341812,0.6182823,0.3729424,0.5269329,1.1247989,0.9552077,0.29623783,1.3409423,1.3369906,0.9849054,1.4212449,0.53152406,0.69439,0.8665703,0.39938837,1.238719,0.5107172,0.80126727,0.7179558,1.1504693,0.8942322,1.0318952,0.5972967,0.5930213,1.2216588,1.0490056,1.0702393,1.377602,1.373289,1.1762601,1.0957534,1.1702029,1.3271718,0.54869604,1.4326471,0.9530413,0.6688757,1.0447153,0.8532345,0.7533082,0.49761474,1.139503,1.2309641,1.3754905,0.7636898,0.75324214,0.626182,1.3506098,0.36972958,1.214772,1.3256893,1.1614454,0.60562193,0.50434184,0.9536005
car,0.85666895,1.1360074,1.2884417,0.9346415,0.8634802,1.3089379,1.2883021,1.0781317,1.1159077,0.790805,0.7791426,0.51652795,1.2194635,0.92064375,0.7675989,0.59141475,0.6337365,0.83795774,0.9327276,1.3030589,1.2078397,0.6922178,1.4020041,1.2377119,1.1245348,1.3100535,0.0,1.1625578,0.4334817,0.97663456,1.189327,0.68260014,1.0651166,1.0665057,0.54301035,1.2336392,1.2624083,0.7895727,0.78460044,1.2133576,0.44751942,1.2458607,1.1093748,1.0003924,0.96468925,0.9894934,0.9666439,1.012337,0.82182515,1.2301512,1.3392409,0.7965567,0.8694184,1.3458384,1.0003136,1.1353132,1.3243895,0.9972194,0.9450032,0.60563225,0.16206205,1.2696874,1.2714369,0.80588233,0.938172,0.9948768,1.1770505,1.1299295,1.3358479,0.8607563,0.7398248,0.78869545,1.0769044,0.82744133,1.3223147,0.94216645,1.1818687,0.867528,1.0510173,1.1385853,0.9664635,0.63055944,1.1942513,1.0598117,1.2638522,1.2604884,1.4338412,1.2419623,1.361761,1.1223522,0.65601975,0.86357754,0.894001,0.72042525,1.3340738,1.19845,1.2314909,1.1125349,0.76214325,1.1820141,1.1743705,1.2539182,1.1686001,1.1369767,0.79749024,0.9871861,1.2288686,1.0802178,1.0469115,1.0287434,0.7315191,0.77500606,0.92195374,1.1785161,0.8353955,0.6995825,1.4327719,0.50690967,1.2687514,1.1498727,1.1047,1.2809328,1.0727816,1.2905535,0.967328,0.8961923,0.7296672,1.2199352,1.399219,1.2145145,0.8443753,1.2482245,0.9577534,0.86382544,0.8971447,1.2323806,1.322757,0.7152214
carrot,1.1696513,1.0303149,0.57372963,1.1746994,0.8896126,0.77336854,0.8105624,0.8754446,1.2602813,1.1155425,1.0448681,1.2327317,0.97596854,1.0426466,1.2414081,1.0452782,1.182764,1.2071569,1.1345718,0.9826652,1.0032527,1.2657361,0.5870645,1.0175835,1.1104299,1.0257906,1.1625578,0.0,1.1230499,1.2782305,1.0225857,0.99636614,0.98150927,0.9353224,1.0132059,0.59445596,0.8461597,1.1425433,0.6933342,0.57957625,1.3305728,1.0166515,1.1582595,0.965221,1.1496896,1.001586,1.2331098,1.0869329,1.166428,0.8485707,0.8358667,1.066253,0.98637253,0.38463473,0.7072843,0.9504083,0.9602882,0.97930956,1.071285,1.1875651,1.1852145,0.71249783,0.8783174,1.2029088,0.75897944,0.90559334,1.0186882,0.6803978,0.88018906,0.8999464,1.1578618,1.2096751,1.1927902,1.0884368,0.88034123,1.2631559,1.2197031,1.0017313,0.88820213,1.2066107,0.9356526,1.1435759,0.7217207,0.6909479,0.5773204,0.95820355,0.8434446,0.69737107,0.7481987,1.0623468,1.1421216,1.0103049,0.9692395,1.1772418,0.57905436,0.86864394,0.7235164,1.0847731,0.9587504,1.171868,0.9841928,0.7236929,0.9899434,1.2733474,1.1145911,1.3154323,1.1147517,0.9880057,1.0695678,1.069694,1.1297303,1.1983356,0.9206888,1.0985882,1.1418291,1.1413076,0.8396844,1.2606457,0.5587867,0.87830013,0.8634907,0.8885271,1.0904633,0.7747929,1.3285142,1.0981054,1.1781807,0.83293784,0.45669997,0.70463645,0.84780383,0.85869336,1.1126665,1.1724422,1.1910889,1.259247,0.6821574,1.2134418
