,alligator,ankle,apple,applesauce,arm,ball,balloon,banana,basket,bathtub,bed,belt,bench,bib,bird,blanket,book,bottle,bowl,box,bread,broom,bucket,can,car,carrot,cat,chair,chips,clock,coat,coffee,comb,couch,cracker,crayon,crib,cup,dish,dog,doll,door,drawer,dress,ear,egg,elephant,face,finger,fish,flower,fork,frog,glass,glasses,glove,grass,gum,hair,hamburger,hand,hat,horse,jacket,jar,jeans,knife,ladder,lamp,meat,melon,milk,mitten,motorcycle,muffin,nail,napkin,necklace,nose,orange,oven,owl,pajamas,pants,paper,pastry,pen,pencil,penguin,pickle,pig,pillow,pizza,plant,plate,pony,pumpkin,purse,radio,refrigerator,rock,rooster,sandwich,scarf,scissors,shirt,shoe,shorts,shovel,shower,sink,slide,slipper,snow,soap,sock,soup,spoon,stroller,sweater,table,tape,toe,tooth,toothbrush,towel,toy,tray,tree,truck,vacuum,watch,window,zebra
alligator,0.0,0.96828735,0.94087434,1.1862271,1.2335573,1.0118146,1.0377883,0.8216672,0.8507811,1.234169,1.1962242,0.9345095,1.2531109,1.197181,0.20514476,1.1913688,0.78010595,0.90269804,1.0652884,1.0396117,0.90150523,1.169126,0.79841626,0.9496737,0.9470348,1.0940104,1.1340786,1.2583158,0.9794644,0.8337601,1.1159075,0.94826204,1.1529963,1.182099,1.0708995,0.8176622,1.2058282,0.79433155,1.1721232,0.60089076,0.8199911,1.2293886,1.2464747,1.1354206,1.1621275,0.9635434,1.1151268,1.1805661,1.1693742,0.764462,0.7874395,0.81106114,0.3733759,1.0680001,1.1184102,0.9868304,1.0257918,0.84828854,1.2374676,1.1026917,1.2374518,0.98744744,0.56484234,1.2639394,1.1281785,1.3258802,0.68991435,1.3249077,0.90920335,1.2728131,0.912017,0.9587232,1.1560394,0.9795585,1.0238296,1.0760622,0.9605094,0.94029045,1.0610275,0.83840007,1.1812143,0.65260684,1.2639023,1.3650975,0.97802484,0.8769528,0.7380501,1.0097076,0.9393584,1.1485904,0.7285981,0.95220953,1.0440125,0.87710667,0.9347185,0.67810744,0.8549622,1.197503,0.9040704,1.0956259,1.1903418,0.6738194,1.1083269,1.175962,0.7236823,1.3196003,0.84215873,1.0091401,0.6994396,1.1004436,1.1450083,1.1144544,0.9821478,1.1579924,0.90156335,1.0480049,1.0586035,0.5750081,1.2187281,1.2633712,1.2291442,0.8048572,1.0271006,1.0248936,0.9047408,0.8739054,0.8120662,1.14262,1.0708842,0.91923904,1.0746464,0.9993303,1.088524,0.69928855
ankle,0.96828735,0.0,1.0870667,0.8114468,0.85148805,0.9729663,1.0658334,1.1349435,0.9213505,1.1871464,1.0633719,0.896222,1.0503099,1.0992771,1.080363,0.9998058,1.1312848,0.91471815,1.1448323,1.1371825,1.0736326,1.1657177,0.94535506,0.88188154,1.1188467,0.9372742,1.0576662,0.9578426,1.0565112,0.9732341,1.040777,0.88939476,0.8242927,1.0642993,1.1991527,0.93314797,1.1864202,0.8505104,1.218713,1.0583408,1.0080497,1.1042738,1.1366551,0.9691673,0.76890314,1.0587138,0.9590211,1.129838,0.7042583,1.0138868,1.0822533,0.97169644,1.0913094,1.2966577,0.8279978,0.6321444,1.1632197,0.96846485,0.99510825,1.1705656,0.70296,0.71667475,0.9262287,1.0293957,1.2262179,1.0108175,0.8453549,1.1591845,0.9232067,1.1262136,1.0242558,1.1097784,0.88998413,1.1850649,1.0944841,0.902094,1.0994897,0.8499718,0.9415575,1.0522655,1.0879366,0.9469729,1.0753052,0.94065,1.0583694,1.0844488,0.856603,0.895291,0.93978727,0.89248085,0.893959,0.7927593,1.1283522,1.1204252,1.0987071,1.1070786,0.9635109,1.0075849,0.82845616,1.1198156,1.1220112,0.8884229,1.1040298,0.6080787,0.8737321,1.0901864,0.81469727,0.6654082,0.7814094,1.1158302,1.1860495,1.186918,0.58256,1.1081561,1.0548949,0.35389102,1.1438131,0.89449424,1.0839516,1.0633222,1.2460299,0.9966547,0.6901048,1.0460975,0.91978025,0.83616006,1.1845711,1.1966908,1.1176901,1.0990081,0.92337596,0.88234496,1.1373999,0.9182854
apple,0.94087434,1.0870667,0.0,0.6913471,1.2177105,0.50762403,0.592421,0.5705694,1.0993758,1.3621339,1.3888433,0.62297624,1.4181316,0.94021076,0.8943361,1.3843144,1.1218088,0.7106388,0.95349574,1.1855927,0.6448427,1.2271057,1.0466058,0.91814566,1.1546371,0.8841114,1.1220267,1.2793252,0.96828556,0.9412345,1.1292939,1.0216205,1.2663584,1.3626931,1.0852269,0.66917825,1.3611956,0.8820599,1.0474734,1.1846597,1.055687,1.2278022,1.1533899,1.0517262,0.8778678,0.4941799,1.1314011,1.0209566,0.7340208,0.66879684,0.59054565,1.0246334,0.6979471,1.1325834,0.7542317,0.8320359,1.2401481,0.87432706,1.1217675,0.98997897,0.9769509,0.73062575,1.0089669,1.323561,0.97043526,1.3273977,1.0037135,1.3686955,0.9039617,1.1939014,0.45139337,1.0759575,1.171246,0.9964391,0.72676075,0.58720523,1.1250719,0.760992,0.48867196,0.3028052,1.367225,0.9969297,1.352361,1.3007581,1.1370299,0.76301956,0.7943907,0.9062031,0.85622424,1.0679123,1.0214577,1.1078082,0.88354284,0.8723812,0.8809034,0.901277,0.63192594,1.2907894,0.93162656,1.3553162,1.2034369,1.0233365,0.93821275,0.99320936,0.91647315,1.333234,0.9935557,1.1480983,1.1464051,1.178145,1.1745092,1.2908043,0.7043251,1.1937706,0.72616994,1.024247,0.92249036,0.93400353,1.294562,1.3274949,1.3166953,0.6305236,0.60623944,0.73872894,0.88840497,1.0905561,0.7647971,1.2579715,1.1469989,1.0455811,1.2298485,0.69635063,1.1967815,1.0401943
applesauce,1.1862271,0.8114468,0.6913471,0.0,0.87888044,0.8180419,0.80475944,0.98757505,1.2570317,1.1885408,1.2245113,0.9210023,1.1517701,0.9161761,1.1810322,1.2143263,1.2456832,1.020171,1.0296528,1.2267848,0.80532527,1.0766848,1.223874,1.1038218,1.0586212,0.7737018,1.1323404,1.1239953,0.9490119,1.1479067,0.94183296,1.172486,1.1379282,1.1998663,1.0079309,0.9915079,1.2782314,1.1894909,1.0486059,1.2488844,1.1285806,1.096578,1.0119747,0.9652605,0.3567387,0.77321047,0.9477504,0.95141834,0.35517538,0.9788235,1.0621674,1.1348302,1.072942,1.2166209,0.6116281,0.51646686,1.143182,1.048224,0.89605767,0.9082581,0.47006476,0.61400104,1.061624,1.0606741,0.98427534,0.9800851,1.1749583,1.1855268,1.0389347,1.078526,0.8122505,1.1482201,0.82877153,1.1666671,0.8143672,0.667561,1.0049038,0.7464309,0.81585336,0.85166895,1.2478025,1.1598711,1.137413,0.9221017,1.1885077,0.9295711,1.0228418,0.86411893,1.0105058,0.8070086,0.9802339,1.0148238,0.91187763,1.1153121,1.1281838,0.98305255,0.99791455,1.1899818,1.179136,1.263422,0.9398908,0.9916665,0.85130996,0.76058984,1.1569157,1.0254939,0.9459893,1.0395064,1.1035484,1.066095,1.085821,1.1778791,0.65165216,1.0644917,1.1428611,0.70149225,0.96292305,1.1033338,1.2355459,1.1230413,1.1700162,1.0030757,0.49117553,1.0084677,1.0050563,0.9615998,1.1040441,1.218925,1.1836339,1.1450562,1.1669102,0.84383595,1.177245,1.0720114
arm,1.2335573,0.85148805,1.2177105,0.87888044,0.0,1.1819426,1.094523,1.1092508,1.316634,0.7398251,0.7941707,1.1443374,0.7219148,0.9941032,1.2848654,0.81717473,1.25014,1.2877337,1.1718545,1.1478856,1.167919,0.8971375,1.2559886,1.256881,0.9551795,0.98573494,0.81197214,0.87469137,0.992393,1.2444335,0.850984,1.1221988,0.89205503,0.793203,0.8843154,1.2945286,0.89873385,1.3244704,1.040364,0.9457875,1.0100856,0.79531974,0.9972978,0.8049565,0.788446,1.2460382,0.6014942,0.800235,0.7648537,1.2737796,1.3481504,1.196186,1.3038831,0.9831039,0.958906,0.87955093,1.0463135,1.3352908,0.78692406,1.0331396,0.53537256,1.0400726,1.1005286,0.5431466,0.93341655,0.7054919,1.1331949,0.7271366,1.1340431,0.98150355,1.2351745,1.124887,0.64405036,1.0773141,1.0141939,1.1268762,1.0205972,1.0918847,1.1625345,1.2502431,0.8641361,1.2403774,0.6446247,0.4905926,0.9662835,1.0635165,1.2172462,0.9975022,1.1389695,0.75198185,1.0129387,0.97878593,1.0265538,1.154664,1.2991168,1.2191985,1.1403728,0.94818795,1.2964897,0.81433994,0.8005179,1.00114,1.011787,0.9008306,1.2410768,0.38472986,1.196684,0.95570517,1.0579075,0.9925427,1.0317211,0.7924825,1.1116054,0.86518276,1.2491176,0.81403446,1.1166478,1.2458925,1.0053835,0.48139483,0.9033203,1.3382756,1.032643,1.2155514,1.1458776,1.0086341,1.307426,0.9394147,0.9912311,1.192223,0.93873006,1.1424018,0.84581196,1.1624818
ball,1.0118146,0.9729663,0.50762403,0.8180419,1.1819426,0.0,0.17373621,0.9473054,0.99146646,1.3021439,1.182589,0.6700214,1.2421087,1.0803833,1.0207181,1.1381097,1.0823741,0.66030437,0.92114544,1.101312,0.80385494,1.246164,0.9451909,0.8602459,1.090439,1.0351028,1.0687783,1.2627337,1.1083386,0.7831722,1.1516901,0.9264846,1.1723633,1.182931,1.1775162,0.7033799,1.2639277,0.8087384,1.1609277,1.0977491,0.9497776,1.2884066,1.0508215,1.1493621,0.95841265,0.5966748,1.1092775,1.1177311,0.79505956,0.77716243,0.73488224,1.1884533,0.9044564,1.2229222,0.87349606,0.8218119,1.1052651,0.749554,1.1306322,1.0421536,1.0060158,0.76843274,1.0562377,1.2601974,1.1115427,1.2334197,1.0877342,1.3402772,1.0377101,1.150618,0.6736705,1.1260172,1.1086686,1.1069454,0.8265238,0.604009,1.0188439,0.852122,0.5829463,0.56948936,1.3857899,0.87361485,1.2079406,1.2286043,1.2278149,0.9722664,0.79843926,0.89858574,0.9153767,1.1552141,1.0803897,0.9347701,1.0864674,0.9132895,0.80465794,0.95724946,0.7541428,1.2008492,0.9521426,1.3671288,1.0009056,1.0579029,1.077788,0.92017204,0.89527714,1.2779814,0.9515833,1.0270085,1.053576,1.1281675,1.1414341,1.1883866,0.74399865,1.1120806,0.75931233,0.98680097,1.0293366,0.9724259,1.2446399,1.2327561,1.228714,0.5619163,0.7251128,0.7211677,0.9131227,1.0495543,0.7375623,1.1350242,1.0899234,1.0565844,1.2655277,0.71116084,1.167999,0.9243552
balloon,1.0377883,1.0658334,0.592421,0.80475944,1.094523,0.17373621,0.0,0.9192858,0.97363883,1.150288,1.142339,0.85157645,1.1118302,1.0930884,1.0378147,1.0993432,1.0698706,0.9274494,0.82721484,0.9625405,0.86211157,1.0458618,0.93077403,0.9664871,1.0997146,1.0109608,1.0980636,1.1927218,0.9707493,0.81903744,1.0893595,0.9646798,1.0330168,1.1152623,1.0513716,0.9130007,1.1883146,0.9374486,1.0019523,1.0550473,0.9678861,1.1821533,0.85609555,1.0611886,1.0205022,0.7821635,1.0901953,1.0801615,0.8542664,0.9634108,0.90636766,1.2140522,0.92603856,1.194957,1.0457048,0.90773904,1.0094601,0.69584465,1.1088423,1.0001922,0.90348256,0.9606893,1.0976808,1.2032962,1.0260973,1.1862001,1.1010046,1.2127005,1.0761813,1.0806756,0.77264065,1.0316933,1.0722494,1.0825748,0.82435656,0.88691163,0.92634475,0.9087436,0.855798,0.72796315,1.3018918,0.9946231,1.1689924,1.176001,1.1411321,0.9892652,0.9800068,1.0113581,1.0202601,1.0567963,1.0873424,0.95912206,1.0440445,1.0510887,0.8057872,0.9158132,0.8506957,1.0807171,1.0615658,1.2950176,0.9333204,1.0811089,1.081122,0.9549147,0.98336834,1.1945897,0.94735616,1.0067251,1.0216011,1.0873537,0.9842749,1.0547224,0.95897096,1.0365267,0.92524785,1.066263,0.93038064,1.0419531,1.1521573,1.1722549,1.1450055,0.63994324,0.9224005,1.007267,1.0463282,1.0818889,0.6993182,0.9318552,1.0921493,1.0344927,1.177103,1.0099279,1.1266985,0.92022127
banana,0.8216672,1.1349435,0.5705694,0.98757505,1.1092508,0.9473054,0.9192858,0.0,1.0166309,1.0811011,1.2130101,0.8898135,1.1956145,1.019095,0.82734084,1.1781934,1.0549319,1.0410345,0.6626904,1.0318081,0.6095512,0.9929333,0.9352656,1.1112615,1.146519,1.1418927,1.1408281,1.3314342,0.55529046,0.962385,1.1105914,1.0363925,1.0809968,1.2036843,0.9183691,0.9621064,1.1671946,0.95517194,0.764926,1.0284334,1.079694,1.1553853,1.085797,1.1700397,1.1431952,0.78006625,1.0390179,1.0997083,1.1243839,0.9222967,0.8082204,0.6929517,0.7074154,1.0390753,1.1213804,1.1411024,1.0865991,0.8485939,1.1903589,0.7574662,1.1250551,1.1394334,1.0010651,1.2590128,0.8269261,1.2419187,0.73014414,1.2113252,1.0031002,1.1882883,0.7608724,0.96034366,1.1505377,1.0232475,0.69329447,1.0454125,0.910696,1.0659131,0.9942508,0.50478435,1.087188,1.0268897,1.2392571,1.2801874,0.888453,0.6893665,0.9498902,1.0442575,1.0830809,0.9110893,1.1768724,1.1328969,0.74345803,1.0040065,0.7911607,0.9940822,0.6944516,1.1661594,1.0293565,1.0803148,1.014438,0.97421443,0.75611603,1.1918303,0.9417995,1.2581244,1.0457331,1.1674433,1.0369166,1.0875603,0.9498048,1.027246,1.1077147,1.123382,0.97206354,1.1486478,0.6666476,0.8018146,1.21278,1.2204621,1.0506299,0.87102437,1.0684954,1.0219369,1.0536758,0.93400264,0.88005435,0.9530706,1.0413508,1.0818292,1.0716912,1.0608385,1.0716453,1.0336024
basket,0.8507811,0.9213505,1.0993758,1.2570317,1.316634,0.99146646,0.97363883,1.0166309,0.0,1.1672332,1.0824523,0.90314806,1.1861196,1.0666268,0.9103855,1.0069299,0.6221283,0.79571295,0.87790257,0.5739759,1.0330459,1.0510118,0.52903426,0.6750455,1.2475196,1.081622,1.2261715,0.9885015,1.030842,0.8123869,1.2367339,0.75007117,0.7943015,1.0666314,1.0479472,0.9042395,0.9525335,0.58533573,1.0195152,1.0886506,0.91948026,1.1406336,0.8824776,1.0234777,1.2959065,1.0602418,1.2866656,1.2285974,1.162411,1.0010368,0.8882859,0.87372684,0.92528176,0.87979245,1.2265947,1.0987604,1.0101249,0.46038038,1.3096006,1.1086526,1.1939874,1.1239113,1.00649,1.2795155,0.99649066,1.2377777,0.8285898,1.1208681,0.8941761,1.1155666,1.0860786,0.6921512,1.2067233,0.9921083,1.1444237,1.1189101,0.9207989,1.0793247,1.0941689,1.0251348,1.0455086,0.6726985,1.2002814,1.3734218,0.80394584,1.0942374,0.8601522,1.1186203,1.0002792,1.2608204,0.921867,0.87038404,1.1260478,1.0198654,0.8442824,0.9258381,0.9014633,0.90642977,0.67124474,0.9313305,1.0713325,1.0701995,1.150249,1.0556544,0.8332114,1.3310869,0.93368655,0.85321546,0.69820577,1.0233814,0.97525465,1.0801133,1.0396549,1.213171,0.9234226,1.0111486,1.0433929,0.8087802,0.90194464,1.273793,1.0473399,0.6591372,1.1047326,1.0259948,0.90906596,0.9427164,0.7644354,0.7726598,1.0503695,0.7761016,0.96488786,1.1040775,1.1183279,0.910656
bathtub,1.234169,1.1871464,1.3621339,1.1885408,0.7398251,1.3021439,1.150288,1.0811011,1.1672332,0.0,0.6203802,1.3822465,0.45641196,1.0881077,1.1510108,0.78110105,1.1372712,1.4592649,0.703711,0.99022025,1.2738343,0.7722002,0.99869955,1.2653438,0.6074485,1.2578716,0.73598725,0.7617272,0.8898518,1.2155883,0.7889207,1.139643,0.8506012,0.69263756,0.9927291,1.4636172,0.5354666,1.1641622,0.48636246,0.96114355,1.2415171,0.50101924,0.8859016,1.2161105,1.1088982,1.2891489,0.67368746,0.8833262,1.2726837,1.4477886,1.3662167,0.9901215,1.3509748,0.83215743,1.2707009,1.5038636,0.59148204,1.2086849,0.81386214,1.0285449,1.1063368,1.4058764,1.1193428,0.64795434,0.98054165,0.73561096,1.0575954,0.5452411,1.0524688,0.8617958,1.313992,0.8877504,1.0906452,1.0510061,1.2043188,1.3941627,0.872207,1.3926337,1.3208903,1.3806474,0.47498065,1.2425883,0.7287083,0.67419887,0.78310716,1.150717,1.3711327,1.2164252,1.2570584,0.7959031,1.3267721,1.2919428,1.1518998,1.2575424,0.9634379,1.2141247,1.2235323,0.8110727,1.1749054,0.52385634,0.7147432,1.020763,1.0784417,1.2700751,1.277971,0.6160546,1.1783297,1.2729149,1.0488778,0.4158461,0.3158639,0.56751245,1.4660169,0.6436814,1.276109,1.3298248,0.9103836,1.128092,0.9158337,0.65078926,0.44272345,1.3001457,1.4283938,1.264278,1.2290226,1.1173351,1.3094226,0.6358429,0.7793221,1.1674954,0.8502494,1.416683,0.66493905,1.1303415
bed,1.1962242,1.0633719,1.3888433,1.2245113,0.7941707,1.182589,1.142339,1.2130101,1.0824523,0.6203802,0.0,1.336101,0.59248245,0.848901,1.0684011,0.16154325,0.8202466,1.4388909,1.174056,0.7099526,1.3709056,0.8825908,1.1061045,1.4379753,0.8696194,1.3279116,0.9142601,0.79753155,1.0423311,1.109023,0.77513945,1.0681276,0.91320556,0.048445344,0.99537146,1.5019867,0.472382,1.2994554,0.9152862,0.70018226,0.8259926,0.81211907,0.7450713,0.9518404,1.2030855,1.5264823,0.7444937,0.7697711,1.3259434,1.5077813,1.301187,1.3178799,1.2083843,0.8512671,1.2476448,1.3329761,0.7387794,1.0949349,0.6543982,1.0565429,1.0428293,1.323279,1.1567984,0.4466287,0.96437895,0.56291425,1.3177907,0.5774097,1.3781197,0.49946523,1.38354,1.0381677,0.8741179,0.996752,1.2547762,1.4021885,1.0716403,1.4157884,1.3486457,1.3972147,0.90396416,1.1751525,0.2776575,0.688884,0.80404294,1.2424741,1.4598653,1.1866753,1.3529252,1.0789648,1.1696185,0.7209101,1.1259263,1.2026949,1.1798112,1.0512718,1.3505483,0.6477355,1.2981712,0.8322223,0.85652554,1.0860933,1.106813,0.97052085,1.3951578,0.50481737,1.1152788,1.0776118,1.2238883,0.86773354,0.9079841,0.33958995,1.4680793,0.7335515,1.3592871,1.1019098,1.139269,1.4295516,0.629078,0.38002455,0.41617167,1.4151834,1.4262875,1.2616081,1.3671653,1.2193167,0.9875714,0.66391623,0.7612957,1.00746,1.0671731,1.4075735,0.66223884,1.0689199
belt,0.9345095,0.896222,0.62297624,0.9210023,1.1443374,0.6700214,0.85157645,0.8898135,0.90314806,1.3822465,1.336101,0.0,1.2809356,1.103515,1.0442995,1.1773597,1.0156429,0.40483904,1.0855757,1.1996123,0.7476951,1.4156221,1.0287771,0.69631726,1.0872126,0.9339183,1.0970358,1.1305467,1.1965507,0.911108,1.2685041,0.8778676,1.1118463,1.3582088,1.2410054,0.3987391,1.3603,0.75687915,1.2839198,1.2583164,1.1029985,1.2484615,1.2959142,1.0917555,0.99091893,0.5209587,1.1904008,1.2507718,0.7135291,0.5404438,0.69505036,0.8302551,0.99072576,1.1356659,0.8143309,0.7269957,1.2875055,0.778822,1.3139017,1.1742837,1.1054442,0.7094636,0.9942094,1.3772924,1.1266365,1.3502976,0.72245973,1.3687474,0.72548175,1.2702277,0.7851957,1.1398414,1.2107028,1.0788532,0.95514625,0.465428,1.1269121,0.7278286,0.4595996,0.5491369,1.2451885,0.7713146,1.2548406,1.2416427,1.2420733,0.7710289,0.52536684,0.7673543,0.7295987,1.1726688,0.8548,0.7397778,1.0179147,0.9442443,0.9788229,1.021985,0.62598723,1.3391902,0.6151867,1.2318765,1.1855142,1.0527153,1.0922139,0.94700474,0.6967379,1.3450861,1.0573072,0.7569841,0.88165057,1.0942638,1.2819562,1.3532981,0.53926474,1.1857954,0.61348045,0.83166206,1.1443024,0.6961844,1.3769743,1.3222636,1.3670781,0.61763316,0.57337564,0.52708036,0.5667949,0.8185368,0.96922165,1.3530924,1.1114348,1.0464096,1.1078717,0.4930802,1.206516,1.1021527
bench,1.2531109,1.0503099,1.4181316,1.1517701,0.7219148,1.2421087,1.1118302,1.1956145,1.1861196,0.45641196,0.59248245,1.2809356,0.0,1.0973198,1.1966571,0.60068023,1.0035251,1.3991048,1.077935,0.8580363,1.4153322,0.7037099,1.1726729,1.1362574,0.61758566,1.174893,0.8607109,0.4117363,1.1050147,1.1551007,0.54775053,1.1450161,0.7666004,0.59017456,0.9501898,1.4020833,0.5162321,1.2982744,0.87811303,0.9683536,1.1833904,0.5722171,0.76739323,1.0095335,1.0907351,1.395556,0.80506617,0.88556963,1.2045017,1.3980806,1.5033412,1.1581755,1.3785665,1.0171199,1.223413,1.2435246,0.7495472,1.2313914,0.82467556,1.1059732,0.9975419,1.273595,1.1805074,0.49943656,0.9780039,0.44607782,1.1852653,0.35609108,1.1311597,0.6018086,1.3467742,1.0381619,0.79842687,1.0618042,1.2434987,1.332416,1.0520474,1.2661729,1.3671978,1.457355,0.5109915,1.3547139,0.7134047,0.50814384,0.9459336,1.1602559,1.3415873,1.1693761,1.1582235,0.6878325,1.1132375,0.9484988,1.1629037,1.2442276,1.1692972,1.2229773,1.2860385,0.5258859,1.1199007,0.6321142,0.8196956,1.1181412,1.1596644,0.99750847,1.2337179,0.6023278,1.0177287,0.94830513,1.1288097,0.7732932,0.7411617,0.6079314,1.319135,0.7131841,1.3127582,1.0548002,1.1231879,1.31788,0.64639676,0.57006156,0.7231203,1.388846,1.3830237,1.2837894,1.2606139,1.0081648,1.2093136,0.7717382,0.86642754,1.098483,0.710132,1.3499274,0.77640915,1.1127807
bib,1.197181,1.0992771,0.94021076,0.9161761,0.9941032,1.0803833,1.0930884,1.019095,1.0666268,1.0881077,0.848901,1.103515,1.0973198,0.0,1.0758286,0.81660867,0.8374778,1.0266993,1.1985306,0.93589157,1.0790561,0.9235308,1.2699028,1.0440336,1.1172436,0.7595947,0.87851155,0.99093777,1.1008227,1.1744535,1.0376012,1.1607435,1.0344483,0.8864365,0.85463166,1.0186766,0.9356878,1.2499144,1.0779927,1.0827491,0.9565911,0.9950894,0.87174773,0.7040074,0.8749327,0.9576516,1.0254735,0.9208178,0.9662909,0.933272,1.0002332,1.1728549,1.0384866,0.7109498,0.8150999,0.8870418,0.9618188,1.0817794,0.8801382,0.9443047,0.9595937,0.8931409,1.1670494,0.89772344,0.9613071,0.87491226,1.3132744,0.96688044,1.0821223,0.79206324,0.9617943,1.1652668,0.8100918,0.7364731,1.0912632,0.9276453,1.0895085,0.9220191,0.9414754,1.027155,1.1140311,1.1595303,0.7902613,0.8146358,0.9408522,1.1585221,1.1150093,0.920945,1.0345783,1.0616641,1.0231031,0.96278673,0.81056833,0.84062505,1.2066236,0.9976945,1.0913645,0.93065876,1.1080256,1.1724426,1.0297301,1.1805102,0.9201049,0.8784856,1.0883702,0.8689454,1.0760791,0.9909897,1.3404392,1.1574454,1.1579822,0.89237857,0.93559176,1.0278553,0.9298878,0.91457546,1.0708284,1.3060904,0.8614269,0.91981703,0.9063494,1.0928366,0.9905335,0.9264357,0.9878154,1.0571237,0.8759982,0.9552231,1.0388836,1.0872452,1.1101059,0.89421195,1.0216106,1.0985314
bird,0.20514476,1.080363,0.8943361,1.1810322,1.2848654,1.0207181,1.0378147,0.82734084,0.9103855,1.1510108,1.0684011,1.0442995,1.1966571,1.0758286,0.0,1.1346774,0.86421394,0.99934345,1.0861807,0.99988925,0.96247697,1.0754186,0.92537993,1.0250461,0.9528833,1.1243352,1.0974034,1.184127,1.0492691,0.8906733,0.98627263,1.0210903,1.2179066,1.0513684,0.95403045,0.9341646,1.0426352,0.9404094,1.1138786,0.5368833,0.79372895,1.1260616,1.1676466,1.052791,1.1681077,1.003448,1.0433888,1.0218849,1.2605193,0.8340174,0.7962393,0.8719363,0.31903088,0.93552965,1.0912815,1.0488657,0.9446124,0.9254581,1.0943477,1.04501,1.2559515,0.977947,0.7590672,1.1222401,1.033795,1.168504,0.8587841,1.1879523,1.0235869,1.0684841,0.89555913,1.0355902,1.0825596,0.88639945,1.0344332,1.1145301,1.0275629,1.0146053,1.1083899,0.8725902,1.1517974,0.7576409,1.1645002,1.2895517,1.0483896,0.9575931,0.8715668,1.0505444,1.1032546,1.1266136,0.8967212,0.9553548,0.97815543,0.8959958,0.96608144,0.71690035,0.9772723,1.0740333,0.9515939,1.0929528,1.1855733,0.7635433,1.1047941,1.1080124,0.9339597,1.2144217,0.84618294,1.0593905,0.847391,1.1131612,1.111429,1.0469723,1.0795949,1.0233033,0.9673344,1.12328,1.0720628,0.7194665,1.0792481,1.1566815,1.1183995,0.85887873,1.0939428,1.0221138,0.9634182,0.9977804,0.8145844,1.0978159,1.0178456,0.94181496,1.1512574,1.0415461,1.0327883,0.81817126
blanket,1.1913688,0.9998058,1.3843144,1.2143263,0.81717473,1.1381097,1.0993432,1.1781934,1.0069299,0.78110105,0.16154325,1.1773597,0.60068023,0.81660867,1.1346774,0.0,0.7314004,1.415709,1.1997614,0.67408377,1.2912189,0.8769202,1.1425213,1.353781,0.9516452,1.2474425,0.95065707,0.8725822,1.013017,1.1063211,0.90347826,1.0694026,0.8635435,0.2551751,0.9409909,1.416727,0.6333414,1.3140327,0.9626038,0.7914755,0.84324676,0.9662755,0.7614696,0.90663123,1.1936808,1.4987319,0.8282406,0.9590477,1.2626563,1.416481,1.289272,1.2789996,1.1980284,0.8799913,1.2913978,1.1627393,0.7605815,1.0511674,0.8485596,0.9934855,1.01089,1.3362179,1.1750547,0.60774696,0.96893656,0.5328076,1.2826357,0.6812431,1.3759917,0.5426035,1.340098,1.0957209,0.7098627,1.0044051,1.200226,1.3813661,0.99683595,1.3195801,1.3655806,1.3722129,0.960195,1.0801609,0.31693137,0.6730823,0.8109849,1.166468,1.3697104,1.2191631,1.3295853,1.0303888,1.084418,0.53227115,1.0177027,1.2093883,1.1869314,1.0076109,1.3234907,0.61453426,1.2993566,0.9355653,0.80247855,1.1573851,1.0489258,0.83772683,1.3304751,0.61517,1.002541,0.83978283,1.1897562,0.93003064,0.984533,0.45236766,1.3767455,0.7667293,1.3866327,0.97927475,1.1061497,1.3868327,0.6895831,0.5525085,0.5521726,1.3545312,1.4126773,1.3071029,1.3748596,1.0197545,0.93298763,0.69541454,0.7899352,0.9739562,1.1011083,1.3998814,0.7456556,1.068534
book,0.78010595,1.1312848,1.1218088,1.2456832,1.25014,1.0823741,1.0698706,1.0549319,0.6221283,1.1372712,0.8202466,1.0156429,1.0035251,0.8374778,0.86421394,0.7314004,0.0,1.0260155,1.0866922,0.44824344,1.1623633,0.99394786,0.8551756,1.029307,1.0954872,1.0357786,1.1860025,0.96348906,1.0751469,0.9625521,1.1585633,0.9437932,0.85294724,0.87979114,0.9797065,0.94177157,0.8809693,0.9255375,1.0430933,0.9585759,0.872203,1.1996826,0.7374176,0.9870788,1.2192162,1.1485475,1.1905812,1.153168,1.1696283,1.0635588,0.91320175,0.97663367,0.8903885,0.81944907,1.1864413,1.0756565,0.9114615,0.77265847,1.1367065,1.1057131,1.1378614,1.1619354,0.9464576,1.1496829,1.0067556,0.9907747,0.96282816,0.9846083,1.0978248,1.0014642,1.1269876,0.9204031,1.0246439,1.0054752,1.214428,1.1563481,1.0706557,1.0646591,1.2007886,1.0792115,1.0468168,0.8568722,0.9291632,1.1625178,0.6008895,1.0921563,0.9181513,0.93712455,1.0903138,1.2433524,0.88249683,0.951309,1.0607728,1.062181,1.0042845,0.8183201,1.0867705,0.89366287,0.9018599,0.95617396,1.04603,1.0338268,1.1216072,1.0766419,0.88161004,1.1601312,0.876921,0.90360993,1.0027674,1.0852249,1.034242,0.8054179,1.1381348,1.1113977,1.0706972,1.0482358,1.09784,0.94618773,0.8583264,1.1477396,0.7318134,0.9136258,1.191541,1.058585,1.0254232,1.1162763,0.6517045,0.6371106,0.9872721,0.8323528,1.0256568,1.1255647,0.9839586,0.9280418
bottle,0.90269804,0.91471815,0.7106388,1.020171,1.2877337,0.66030437,0.9274494,1.0410345,0.79571295,1.4592649,1.4388909,0.40483904,1.3991048,1.0266993,0.99934345,1.415709,1.0260155,0.0,1.09767,1.2643815,0.93754137,1.3981316,0.85356414,0.30929285,1.1143937,0.8292197,1.0053339,1.0392904,1.3825228,0.86704123,1.2237724,0.7315767,1.1116216,1.4340684,1.3636515,0.23222429,1.3327515,0.50746906,1.4244488,1.3284752,1.1063169,1.1922083,1.3250923,1.0891235,1.0204655,0.4240743,1.3049538,1.2526612,0.8030937,0.34394968,0.5421785,0.83708704,1.0138848,1.0792143,0.6915996,0.79650754,1.3354132,0.85633016,1.294965,1.2895797,1.2664331,0.5426532,0.9733681,1.3713878,1.2242825,1.3940945,0.8263229,1.3801603,0.5096056,1.296416,0.7531232,0.9682697,1.3126879,0.99141216,1.1497204,0.3433392,1.1028184,0.6786097,0.33258867,0.5522492,1.1530466,0.76085055,1.4105234,1.2851347,1.2612064,1.1136866,0.36810613,0.6040937,0.5125312,1.2779886,0.88110065,0.9149904,1.1673217,0.651808,0.9819965,1.1168555,0.5556352,1.3518424,0.49825323,1.1378689,1.2797574,1.0173783,1.227046,0.989784,0.53813475,1.4190183,1.0735266,0.8968143,0.7857841,1.103731,1.330802,1.4383593,0.37397736,1.2602996,0.30254376,0.8052503,1.2183981,0.6923006,1.2827954,1.4035672,1.4693272,0.5649892,0.5242678,0.24808955,0.3128621,0.7515944,0.95672834,1.4796004,1.1370723,1.0552464,0.87455,0.25707877,1.2074615,1.0802718
bowl,1.0652884,1.1448323,0.95349574,1.0296528,1.1718545,0.92114544,0.82721484,0.6626904,0.87790257,0.703711,1.174056,1.0855757,1.077935,1.1985306,1.0861807,1.1997614,1.0866922,1.09767,0.0,0.9863081,0.61025834,0.91660607,0.6387843,0.96759886,1.0866476,1.2616297,1.1143095,1.2142875,0.54669106,0.8619144,1.1606662,0.97625095,1.0052658,1.1712086,1.1251684,1.1905897,1.0633978,0.684079,0.34586298,1.080988,1.1722893,1.01293,1.0443786,1.2939408,1.2465546,0.78491056,1.0763328,1.0785992,1.231771,1.1718657,1.0367287,0.7249424,1.157898,1.0612378,1.3067634,1.3315804,0.9808244,0.8650141,1.1242348,0.56611925,1.1415266,1.270462,1.0440352,1.2699416,0.9384697,1.282383,0.7937676,1.0869375,0.9507154,1.2021471,0.9585654,0.7226221,1.3284571,1.1826986,0.7011703,1.2109623,0.56302786,1.2732408,1.110435,0.8797541,0.9394815,0.98559195,1.202879,1.2854266,0.81896603,0.87902355,1.1086462,1.1483681,1.0758557,0.9372369,1.316624,1.1720572,0.84890455,1.217606,0.40786743,1.0947956,0.9242865,1.1410389,1.0219632,0.96302223,0.6721382,0.9574405,0.7010699,1.2224021,1.0685949,1.2034259,1.1043903,1.208533,0.79798925,0.8432207,0.28852612,1.0549163,1.2712275,1.0340751,0.99556494,1.2778981,0.2643404,0.7085972,1.1847255,1.1995379,0.70900327,0.8187276,1.1992767,1.0956095,1.1450726,1.026554,1.2068974,0.76979685,1.0244955,1.082821,1.108975,1.2472011,1.0534453,1.0412679
box,1.0396117,1.1371825,1.1855927,1.2267848,1.1478856,1.101312,0.9625405,1.0318081,0.5739759,0.99022025,0.7099526,1.1996123,0.8580363,0.93589157,0.99988925,0.67408377,0.44824344,1.2643815,0.9863081,0.0,1.1533506,0.73852986,0.6432331,1.0489064,1.247094,1.1517506,1.269768,0.7985002,0.93423796,1.0187256,0.9932328,0.9420342,0.7896867,0.6718897,0.80419374,1.3338035,0.5163337,0.8849615,0.91135293,0.8953899,0.8265383,1.02952,0.47408235,0.86711055,1.2914495,1.4102991,1.1300478,0.99750626,1.3487009,1.4278042,1.1114568,1.1704624,1.027287,0.73132783,1.3303051,1.1836989,0.8627957,0.76569295,1.0563827,0.9489647,1.0724252,1.3372012,1.0788126,0.9812416,0.6676436,0.88554686,1.1231254,0.70912623,1.279722,0.7458585,1.3039365,0.8281647,0.9156185,0.95484275,1.1273836,1.3746101,0.95546573,1.2708112,1.3256104,1.2321929,0.958058,0.96787685,0.8589672,1.0811157,0.6823961,1.1365632,1.2994739,1.2157046,1.2844392,1.1082591,1.020869,0.85150206,1.0153575,1.200458,1.0360489,0.9076613,1.2300701,0.50859475,1.0507909,0.8853423,0.9914595,1.1585785,1.0152193,1.0803536,1.1903088,1.0168108,0.82893115,0.97426987,0.9993295,1.0733207,0.9146478,0.6445381,1.3541152,1.0964835,1.3428729,1.1439193,1.0335505,1.1703831,0.5321371,0.94200486,0.6932292,1.0788231,1.3937085,1.3004594,1.302616,1.2287368,0.67344385,0.4960866,1.0631468,0.81826603,0.95790553,1.3942443,1.0026634,0.90777504
bread,0.90150523,1.0736326,0.6448427,0.80532527,1.167919,0.80385494,0.86211157,0.6095512,1.0330459,1.2738343,1.3709056,0.7476951,1.4153322,1.0790561,0.96247697,1.2912189,1.1623633,0.93754137,0.61025834,1.1533506,0.0,1.236872,0.9337826,1.0710993,1.2180076,1.0886406,1.1985391,1.3964982,0.5755441,0.94517946,1.236412,0.9810225,1.2814776,1.3622026,0.95023,0.9437935,1.4210317,0.85097986,0.82598674,1.0600011,0.9692095,1.3439348,1.1719381,1.1842804,1.0243014,0.61427534,1.1157644,1.1416384,0.9642033,0.88018245,0.76853395,0.91579396,0.84325856,1.1379169,1.0151597,0.97092885,1.1165055,0.78161144,1.2264125,0.2930436,1.0363672,0.9567453,0.9744918,1.4077168,0.86779535,1.3819773,0.8665267,1.3885192,1.0035645,1.2948139,0.76271605,1.0087206,1.2066832,1.1254435,0.16017336,0.88288784,0.7649714,1.0141705,0.8477613,0.540481,1.3391969,0.86901855,1.3160133,1.4082823,1.0979159,0.43865347,0.93797886,1.0903898,0.9897913,0.98789144,0.994603,0.99348354,0.3508495,1.0399377,0.77749556,0.92399025,0.7719351,1.3749641,1.0169073,1.3295009,0.88003397,1.0091136,0.3200289,1.0629785,1.0031513,1.3374652,1.0029258,1.0642934,0.9415381,1.1824323,0.99917656,1.2948877,0.96470416,1.202887,0.93692136,1.1051984,0.44011247,0.8099103,1.3816276,1.3124986,1.1064811,0.74035144,0.85947526,0.94220483,1.1169927,0.99284,0.9928696,1.1610138,1.1112458,0.97146577,1.3743274,0.9208834,1.2032444,1.0163515
broom,1.169126,1.1657177,1.2271057,1.0766848,0.8971375,1.246164,1.0458618,0.9929333,1.0510118,0.7722002,0.8825908,1.4156221,0.7037099,0.9235308,1.0754186,0.8769202,0.99394786,1.3981316,0.91660607,0.73852986,1.236872,0.0,1.0617082,1.0995103,1.0137907,0.9387764,1.0460566,0.7590004,0.8841659,1.1603872,0.8559319,1.1751492,0.81506574,0.83130014,0.716372,1.3222594,0.76078844,1.2604312,0.8405721,0.84705913,0.9581779,0.6867439,0.6389084,0.8808088,1.0747577,1.3246349,0.88372004,0.94360673,1.1823575,1.2865607,1.2296321,0.98831844,1.0936866,0.97675157,1.2044184,1.0865203,0.89132994,1.2050631,0.91567856,0.8866555,0.87449735,1.281566,1.0634379,0.8067467,0.8903098,0.7548219,1.054326,0.52881736,1.1483254,0.7165365,1.1360171,1.0491421,0.7494306,0.9954251,1.0637516,1.3533943,0.998469,1.1235706,1.3622816,1.347226,0.70232266,1.2677456,0.8893703,0.8225205,0.8802344,1.1872282,1.2577192,1.0272282,1.2991161,0.77254915,1.1307902,1.0845543,0.89414954,1.0987166,1.0758051,0.98384076,1.2657936,0.6237035,1.2676764,0.7467725,0.94475037,0.9687641,0.90849113,1.0368359,1.1938055,0.8191452,1.0017536,1.0924934,1.0316067,1.0208672,0.7945674,0.7286076,1.3518472,0.8402086,1.3294393,1.1181633,0.90995896,1.1055185,0.5832929,0.84664464,0.83685315,1.2895693,1.3780112,1.2842577,1.1262954,1.0124788,0.9389954,0.68577397,1.0497451,1.0352315,0.6075841,1.337876,0.93530524,1.0303189
bucket,0.79841626,0.94535506,1.0466058,1.223874,1.2559886,0.9451909,0.93077403,0.9352656,0.52903426,0.99869955,1.1061045,1.0287771,1.1726729,1.2699028,0.92537993,1.1425213,0.8551756,0.85356414,0.6387843,0.6432331,0.9337826,1.0617082,0.0,0.76185536,1.1135303,1.2347025,1.2030926,1.0096055,0.95704913,0.76062775,1.207332,0.59589386,0.9408157,1.0642936,1.143033,1.0765059,0.95137167,0.2034005,0.9161757,0.9452035,0.9002212,1.0541755,1.0902483,1.1076144,1.3267734,1.0898474,1.2069106,1.1351357,1.3006191,1.1560298,0.90492904,0.9128329,0.9832801,0.98669755,1.3103495,1.2357649,1.1336918,0.7032443,1.2253602,1.0446774,1.245022,1.1641092,0.9279996,1.2663857,0.97641,1.3476605,0.75455797,1.0749909,0.847572,1.241851,1.082916,0.3500483,1.2742717,1.0606046,1.038025,1.2491143,0.7903685,1.2634315,1.1154801,0.97766954,0.88307697,0.7069324,1.1737319,1.3686031,0.7592159,1.0618513,0.97110575,1.2047849,1.0219204,1.1305453,1.0357465,0.9895088,1.1810274,1.116634,0.7156162,0.9120995,0.9691887,0.9380063,0.7334663,0.8117919,1.0891275,0.94837636,1.0543963,1.1838886,0.83565634,1.2428058,0.940723,1.1100715,0.6661645,0.92932945,0.7528964,0.97673464,1.1639993,1.2518134,1.0243526,1.1288745,0.85538757,0.70840645,0.9035606,1.1901067,1.031108,0.78099036,1.1652043,1.1374981,1.0393963,0.9510253,0.8599583,0.9263726,1.0599008,0.84663963,0.8335972,1.218637,1.045531,0.7815649
can,0.9496737,0.88188154,0.91814566,1.1038218,1.256881,0.8602459,0.9664871,1.1112615,0.6750455,1.2653438,1.4379753,0.69631726,1.1362574,1.0440336,1.0250461,1.353781,1.029307,0.30929285,0.96759886,1.0489064,1.0710993,1.0995103,0.76185536,0.0,1.0657325,0.6694054,0.9739036,0.7762953,1.3163443,0.88980913,1.1247096,0.79482245,0.98779577,1.3986145,1.229212,0.47086865,1.1999747,0.5209351,1.2971631,1.3100255,1.2216628,1.0031004,1.1163158,1.0808101,1.0822487,0.5820419,1.3023715,1.2836833,0.8993187,0.50713927,0.85300386,0.83303535,1.1143458,1.1189687,0.82764274,0.7693058,1.2214369,0.99199915,1.3326905,1.2320969,1.209861,0.7212062,1.0687565,1.2618845,1.2311358,1.1722652,0.8827948,1.1975126,0.4783098,1.1956297,0.8172606,0.8990212,1.139127,1.0363456,1.2080204,0.66059244,0.9684967,0.70629406,0.6379226,0.79889905,0.8324322,0.9061796,1.4506185,1.1317225,1.1704121,1.1666485,0.5293077,0.8027042,0.4841379,1.0563697,0.963021,0.9129733,1.1798964,0.7401148,0.92408645,1.1964471,0.63723946,1.0504147,0.45340872,0.93830144,1.2304572,1.0659662,1.2296989,0.9810655,0.64631355,1.3521785,0.9997011,0.7794041,0.6973415,1.0635403,1.126663,1.3900955,0.48361623,1.1867316,0.46055937,0.79519963,1.1148536,0.79421425,1.0814261,1.3469489,1.4159218,0.66968584,0.715993,0.5849084,0.5800291,0.6086372,1.0497278,1.3362098,1.2430179,1.0598791,0.69148463,0.5449373,1.2397538,1.0823239
car,0.9470348,1.1188467,1.1546371,1.0586212,0.9551795,1.090439,1.0997146,1.146519,1.2475196,0.6074485,0.8696194,1.0872126,0.61758566,1.1172436,0.9528833,0.9516452,1.0954872,1.1143937,1.0866476,1.247094,1.2180076,1.0137907,1.1135303,1.0657325,0.0,0.99215657,0.6463665,0.9000298,1.163653,1.0581009,0.854022,1.1330551,1.0206536,0.9292083,1.101478,1.0427036,0.84039515,1.1185168,1.0206773,0.96466047,1.1465617,0.7932132,1.1213202,1.2500848,0.93239284,1.0069659,0.8547112,1.0276155,1.0294343,0.9687685,1.1682158,0.99665964,1.067071,1.0475751,0.966048,1.1679237,0.76838434,1.2613401,0.9365652,1.2034096,1.1433569,1.0181491,0.91908455,0.8067311,1.1876992,0.8318263,1.0275221,0.92709273,0.87651604,1.0326849,1.0388639,0.9870664,1.0459089,1.0156457,1.1463609,1.0462654,1.1224209,1.0650352,1.0381924,1.1343046,0.6906849,1.1248819,0.9266363,0.7519965,1.1173047,1.0464375,1.044307,1.0714477,0.9817117,0.9675217,1.0387647,1.2191403,1.1727982,1.023963,1.0813782,1.1244111,1.0148572,0.9621479,0.9385175,0.81896085,1.0006554,0.8790629,1.1709177,1.1496778,1.0027044,0.85966265,0.99993116,1.1405602,1.0888579,0.74415743,0.85293114,0.8809806,1.0345979,0.7388655,0.9587844,1.120241,1.1453809,0.99636257,1.052565,0.89728683,0.9511474,1.1067785,1.084478,1.0052629,0.9613677,0.9435971,1.1226158,1.0731076,0.8183631,0.9532654,0.87364584,1.0094603,0.80766207,1.0733129
carrot,1.0940104,0.9372742,0.8841114,0.7737018,0.98573494,1.0351028,1.0109608,1.1418927,1.081622,1.2578716,1.3279116,0.9339183,1.174893,0.7595947,1.1243352,1.2474425,1.0357786,0.8292197,1.2616297,1.1517506,1.0886406,0.9387764,1.2347025,0.6694054,0.99215657,0.0,0.88204074,0.95191926,1.1739769,1.1399585,1.1573001,1.0979607,0.98977715,1.3057681,0.9056319,0.6578549,1.2717338,1.1062543,1.2866795,1.2811147,1.1096863,1.084909,0.89599687,0.91632414,0.5970428,0.7389907,1.0709751,1.0985261,0.57467103,0.5923926,0.9161895,1.0016046,0.979613,1.1639861,0.538666,0.5050459,1.0261527,1.164508,1.0217046,1.1468289,0.7839495,0.6145257,1.0747522,1.1034054,1.2115407,0.965534,1.1260804,1.2175366,0.78931856,1.1577909,0.727347,1.1278803,0.77315176,0.93530715,1.0962225,0.6630428,1.2053379,0.3808406,0.79574454,0.9338254,1.0401437,1.113387,1.2144578,0.86174273,1.2833531,1.0101144,0.8166672,0.72427887,0.7142112,1.0339867,0.9169083,1.1029053,0.9733285,0.78776693,1.1807563,1.0582882,0.82176113,1.0500306,0.86282647,1.1624299,1.2465302,1.0797687,1.0333933,0.87628233,0.8724643,1.0854517,0.961522,0.82373935,1.0313523,1.1933708,1.2422211,1.2394841,0.4988013,1.0677624,0.75067997,0.67347777,1.1610637,1.1023104,1.1101277,1.1470255,1.3371351,0.9038292,0.6191006,0.85475826,0.7684522,0.8935766,0.9487263,1.2058984,1.1692357,1.0853634,0.9318573,0.60400844,1.1484479,1.1222517
cat,1.1340786,1.0576662,1.1220267,1.1323404,0.81197214,1.0687783,1.0980636,1.1408281,1.2261715,0.73598725,0.9142601,1.0970358,0.8607109,0.87851155,1.0974034,0.95065707,1.1860025,1.0053339,1.1143095,1.269768,1.1985391,1.0460566,1.2030926,0.9739036,0.6463665,0.88204074,0.0,1.0039532,1.1885245,1.1577384,1.0219824,1.1621695,0.96006507,0.9939965,1.0571643,0.9819111,0.8853849,1.15524,1.0827352,0.938441,1.1101404,0.74677956,1.1584538,0.96232057,0.9776076,0.95804524,0.8738402,0.9511793,0.96076417,0.8097787,1.1373945,1.1051112,1.1111822,0.83652735,0.9270701,1.1001939,0.9698526,1.2922114,0.85645235,1.1583744,1.0816772,0.97817564,1.0609933,0.8449046,1.0351585,0.9228738,1.1512805,0.9329378,0.72256505,1.0389097,0.9273774,1.029173,0.9778503,0.8210847,1.0331374,0.99426305,1.0820343,0.9802249,0.9212966,1.1263222,0.7872381,1.1059927,0.8283577,0.58413935,1.1161518,1.0720422,1.0656328,0.959878,0.6550387,0.98067397,1.0723743,1.1707244,1.134471,0.811867,1.175348,1.1730273,0.94650537,1.1108794,1.033012,0.87038475,1.0230482,1.090745,1.1327707,1.0068532,1.0466073,0.78022814,1.1491601,1.1496072,1.2212158,0.84776926,0.9866682,0.95300394,0.94388235,0.74688977,0.7954939,1.1082014,1.1076292,1.1722696,1.0874895,0.8725184,1.0278411,1.1758798,1.0227836,0.8973214,0.9401995,1.0007123,1.2220315,1.1892273,0.86340886,1.1142675,0.91956556,0.86057115,0.7789504,1.0345706
chair,1.2583158,0.9578426,1.2793252,1.1239953,0.87469137,1.2627337,1.1927218,1.3314342,0.9885015,0.7617272,0.79753155,1.1305467,0.4117363,0.99093777,1.184127,0.8725822,0.96348906,1.0392904,1.2142875,0.7985002,1.3964982,0.7590004,1.0096055,0.7762953,0.9000298,0.95191926,1.0039532,0.0,1.3098986,1.1408749,0.56708074,0.9983521,0.7860817,0.7308898,1.0160062,1.1658869,0.6302594,1.0421689,1.1286244,1.062179,1.0469657,0.5740557,0.7305862,0.86791795,1.0929179,1.1880991,1.0501324,0.94422114,1.1106514,1.2111653,1.2829517,1.1432357,1.3402393,1.0187973,1.050302,0.98577464,1.0695931,1.2701651,0.9436422,1.2130138,1.0353931,0.9563816,1.1659324,0.629037,1.0132594,0.6261253,1.158638,0.33608592,0.83880806,0.6290921,1.2775214,1.0042735,0.88535076,1.0482508,1.3239255,1.1179016,1.1636343,1.0611765,1.1705816,1.3050364,0.5944242,1.2480981,0.94840086,0.6760318,1.0226079,1.2632158,1.141468,1.0244623,0.9745674,0.8713232,0.9202136,0.8232707,1.1632062,1.1225095,1.2044874,1.1775379,1.0938892,0.58380437,0.8407566,0.6530363,1.1536065,1.1992153,1.2234389,0.9032263,1.0451288,0.78615654,1.0245279,0.8182704,0.9274511,0.9122557,0.9324982,0.85854375,1.0390419,1.0289207,1.1237035,0.85294056,1.2770518,1.22788,0.5210544,0.73351836,0.903553,1.1897291,1.138017,1.0639987,1.0402191,0.9817693,1.1085794,0.9995285,1.1271241,1.0163412,0.5113301,1.0994914,0.93521947,1.1045873
