,alligator,ankle,apple,applesauce,arm,ball,balloon,banana,basket,bathtub,bear,bed,belt,bench,bib,bird,blanket,boat,book,bottle,bowl,box,bread,broom,bucket,can,car,carrot,cat,chair,chips,clock,closet,coat,coffee,comb,cookie,corn,couch,cracker,crayon,crib,cup,deer,dish,dog,doll,door,drawer,dress,duck,ear,egg,elephant,face,finger,firetruck,fish,flower,foot,fork,frog,glass,glasses,glove,grass,gum,hair,hand,hat,horse,hose,jacket,jar,jeans,knife,ladder,lamp,leg,meat,melon,milk,mitten,motorcycle,muffin,nail,napkin,necklace,nose,orange,oven,owl,pajamas,pants,paper,pen,pencil,penguin,pickle,pillow,plant,plate,pony,pumpkin,purse,radio,refrigerator,rock,rooster,sandwich,scarf,scissors,shirt,shoe,shorts,shovel,sink,slide,slipper,snow,soap,sock,soup,spoon,sprinkler,stick,strawberry,stroller,sweater,swing,table,tape,toe,tooth,toothbrush,towel,toy,tray,tree,vacuum,watch,window,zebra
alligator,0.0,1.1845391,1.1469542,1.1607151,0.8182361,1.1288906,1.1755366,0.97375196,1.0967424,0.915805,0.7509398,0.76596403,1.2349107,1.0656743,0.63040507,1.1499605,0.7307903,0.9639942,1.1253685,1.188824,1.2324663,1.1019672,1.0598773,1.0982356,1.2380791,1.1313037,0.89375746,1.1824343,0.80905175,1.2137358,0.98213524,1.1335192,0.9770221,0.98297197,1.130094,0.9398243,1.0177814,1.0800852,0.7978264,1.0868247,1.2324659,0.9338056,1.3177658,1.1263647,1.1179211,0.7038623,1.0527191,1.0749652,1.154191,0.8036752,0.899675,1.3065231,1.2232778,0.67362297,0.8973976,1.3153551,0.8588285,0.9786347,0.5691149,1.0828271,1.1111683,0.55573577,0.8301642,1.2160298,1.239172,0.79022133,1.1911381,0.98425096,1.1200453,1.2785181,0.7826173,0.7247565,0.8875985,1.0274993,0.89227295,1.183603,0.98943233,1.1176383,1.2078973,0.9680291,0.78882915,0.9819821,0.8397627,0.9564693,0.95986646,1.266131,1.2296365,1.316463,0.99853855,1.241565,1.1540954,0.7379298,0.83027565,1.0009826,0.9381397,1.2014133,1.2023884,0.886395,0.9996816,0.94118875,0.5033774,1.1198721,0.8640113,1.1192248,1.0563879,1.1193727,0.932167,0.6690356,1.0411634,1.1038433,0.89733124,0.9960423,0.86726224,1.0101953,0.980877,0.87702405,1.1530403,0.7817544,1.3110921,0.65595764,1.1777903,1.2293576,1.1172907,1.0410647,0.85777986,0.7855897,1.0210524,1.1484265,0.88744104,0.86438894,0.87037516,1.1104414,1.3437805,1.1726847,1.0234483,1.1934108,1.1173892,1.0816045,0.857218,1.1285269,1.3547734,0.86036503,0.88520944
ankle,1.1845391,0.0,0.8012963,0.9366473,1.0849802,0.81812,0.8810265,0.8679698,1.2045343,1.278239,0.9675234,1.3090737,0.5704445,1.1178215,1.2700183,0.5825645,1.1433953,0.93381506,0.9032125,0.75077236,1.0514767,1.3615581,1.1380376,0.98695695,1.0302452,0.88264245,1.1302902,0.79520917,0.8588284,0.980497,1.1159538,0.82840043,1.3237253,1.1166143,0.9353833,0.9375267,1.0008202,0.814373,1.3051643,1.0835061,0.49779987,1.4380975,0.7544913,0.5637526,1.2580626,0.88132507,1.1633251,0.9431557,0.9986392,1.2514616,1.0290859,0.7558157,0.8200339,1.0503833,1.1597956,0.7033801,1.1692846,0.63614804,1.3352413,0.893184,0.61573017,1.2382808,1.3686581,0.7714434,0.5789908,1.2916722,0.77004325,1.1298416,0.9914754,0.62898797,0.9855573,1.1849122,1.2629802,1.2531712,1.052526,0.57321894,1.2622553,0.63783914,0.83333814,1.0088685,1.2608832,1.152569,1.1927322,1.3077908,1.0650612,0.6033421,0.70763075,0.7166705,0.9499807,0.88953274,0.89659894,1.0577086,1.2637647,1.0728924,1.2149925,0.54142404,0.59436154,0.8656136,0.75597054,0.81677675,1.2531229,1.0606997,0.9099239,0.81979316,1.2162936,0.94370663,1.3089501,1.0826657,0.84830725,1.2003468,1.0521178,0.8916401,1.2301292,1.026657,1.096531,1.2050173,0.9223724,1.3682549,0.48396146,1.1648844,0.5758091,0.4370818,1.0563455,0.8996804,1.2688107,1.1719555,0.84459996,1.1156701,1.2763183,1.3095565,1.4718225,0.7281741,0.6509926,0.8288022,1.0478451,0.7569567,1.0349396,1.3835759,1.0457842,0.94827765,0.53547245,1.1375071,0.9576712
apple,1.1469542,0.8012963,0.0,0.7343192,1.3410519,0.35134333,0.4615475,0.6735795,1.2809892,1.3963535,1.032239,1.5313442,0.5619789,1.393624,1.2482085,0.56196064,1.4937654,1.1482124,0.9185848,0.5380881,0.70925516,1.2705033,0.9722992,1.1035903,0.7387393,1.0182773,1.2114036,0.4721582,1.17516,1.179775,1.1090174,0.748636,1.3569155,1.2642355,0.75581884,1.2979774,0.9390428,0.8339233,1.4876173,1.0765646,0.40224433,1.524083,0.5078641,0.8432099,1.0949062,1.0274668,1.0867538,1.1574713,1.094104,1.3966224,1.1764774,0.71058136,0.31242228,1.2638721,1.1174539,0.613369,1.2015998,0.44032383,1.0321641,0.96804726,0.835402,1.0114408,1.1885831,0.71276695,0.76614034,1.356312,0.4473381,1.1668026,1.0242789,0.4942252,1.0819983,1.2050346,1.3991771,0.9888275,1.3946836,0.8185114,1.4299482,0.7663918,0.8212191,1.0817516,0.83882093,1.1842854,1.141972,1.2454139,0.97303057,0.27032793,0.8461537,0.8059833,0.76405567,0.31620944,1.0836093,1.2272602,1.4740226,1.3406625,1.1879524,0.5707358,0.6758287,0.77434,0.54482025,1.1894252,0.9781947,0.9863428,0.90072346,0.3225006,1.3298187,0.8065709,1.3171121,1.3585563,0.9922757,1.1807581,1.087297,0.9117592,1.4012611,1.2318231,1.2031579,1.1785711,0.90885866,1.34572,0.4539895,1.3571796,0.41835523,0.9152295,1.0075676,0.98639673,1.2582309,1.2526708,0.20786023,1.3183556,1.3973327,1.2378885,1.4539905,0.45510638,0.5332148,0.62334424,1.0656874,0.9667794,0.6177572,1.2508693,1.1372359,1.144401,0.43930578,1.2670299,1.2011313
applesauce,1.1607151,0.9366473,0.7343192,0.0,1.3041177,0.50011706,0.6647154,0.67383724,0.9630807,1.14411,1.2079676,1.256606,0.98945975,1.1375955,1.1422899,0.9495838,1.2291853,0.8215288,0.92862993,0.7137359,0.60985845,1.0250723,0.86794984,1.1508881,0.7330298,0.82651216,1.2449759,1.0816673,1.2068826,1.1686294,0.91930676,0.6060884,1.1307712,1.216089,0.49454635,1.0247834,0.8235378,0.6947193,1.2211504,0.88936305,0.82249933,1.2819066,0.6287217,1.1242497,0.8099593,1.150579,0.9216667,1.1356223,1.038651,1.3225491,0.96294516,0.9031967,0.4904073,1.1150593,1.1597328,0.99611807,1.1688327,0.8181848,1.0720143,1.059356,0.8486799,1.0737263,1.0879402,1.0535955,0.92999697,1.1946793,0.6947061,1.2386081,1.1127366,0.8587225,1.1549453,1.1700277,1.3558863,0.9432986,1.2803216,0.83973217,1.276153,0.8514905,0.9999456,1.1611408,0.88237226,0.8759807,1.0741357,1.2019651,0.8310596,0.8656559,0.8893278,1.0914202,0.96742356,0.5851544,0.9665061,1.1839243,1.2932726,1.3327805,1.1722294,0.8515258,0.85635364,0.94301957,1.0052778,1.0895216,1.1845224,0.6952547,0.99292606,0.9399167,1.138864,0.885015,1.2224413,1.1391486,1.1420343,1.0047545,1.2639854,0.8909625,1.3532395,0.91385955,1.2998071,1.0207019,0.9182775,1.2010158,0.8439218,1.1259907,0.8019288,0.9620475,0.65034556,0.8042523,0.9525873,1.1633012,0.8935307,1.241454,1.3303134,1.1772019,1.2090131,0.6816334,0.9797444,0.96044433,1.039672,0.9613626,0.77013636,0.9210135,1.1027322,1.142695,0.87612945,1.2105649,1.0984527
arm,0.8182361,1.0849802,1.3410519,1.3041177,0.0,1.3800718,1.3259597,1.2733438,1.1529998,0.8824397,0.8639651,0.58936954,1.3442643,0.91622543,0.7027985,1.3829043,0.61145043,1.0991452,1.3034788,1.4633608,1.4391428,1.0702127,1.0683713,1.0693355,1.421071,1.2775502,0.84802794,1.1878468,0.73670673,0.9735821,1.0809759,1.3998891,0.8449484,0.7343302,1.3344281,0.7174513,1.0490713,1.1147901,0.65242267,1.0914556,1.4330807,0.7234539,1.5244012,1.1286217,1.2392693,0.9489091,0.9974732,0.9266574,1.1158173,0.5749561,1.0670311,1.0577936,1.3616066,0.7183567,0.8080658,0.91211873,0.98574257,1.3687749,1.062861,0.7487439,1.2366005,1.0178547,0.88691616,1.0893469,1.0125369,0.78282833,1.4325684,0.7768588,0.572066,1.2738976,0.89389056,0.85291135,0.42051935,1.209644,0.47698867,1.2662902,0.75965846,1.3603114,0.7977938,0.7373868,0.94124067,1.119987,0.5821972,0.8663945,1.0333662,1.3438785,1.2362815,0.87503624,1.1238725,1.2922703,1.1162218,0.7549486,0.43161273,0.42704087,0.86303806,1.3176507,1.2362486,1.2651796,1.4341851,0.85591745,1.0200032,1.3706427,1.127249,1.1454189,0.8413362,1.3924512,0.7896007,0.77971196,0.86904067,0.9383192,0.8249011,1.1633072,0.40799314,0.95961136,0.5962768,1.0617216,1.3289297,0.8159858,1.4058247,0.7108662,1.4496257,0.96181214,1.2003701,1.2482255,0.91270167,0.74811465,1.3308724,0.8860849,0.44338053,0.92425245,0.72029674,1.5236318,1.0524551,1.0012609,0.75967443,1.0689781,1.4811745,1.1113503,0.9187567,1.0172963,1.2687364,0.80171615,0.7680489
ball,1.1288906,0.81812,0.35134333,0.50011706,1.3800718,0.0,0.22836518,0.68004113,1.182476,1.2991464,1.0097216,1.4046391,0.7746913,1.3756835,1.1891959,0.7311121,1.3538268,0.97961205,0.9915716,0.6028396,0.74867284,1.2342646,0.95566547,1.2381576,0.83266973,1.0805025,1.222713,0.79945034,1.150377,1.2771497,1.0289642,0.5690686,1.3369153,1.2607152,0.6539856,1.2096592,0.8571837,0.808741,1.3717356,0.9847415,0.562765,1.4728441,0.53655636,0.8760546,1.0143836,0.9301876,1.0376656,1.1576673,1.1467845,1.349583,0.9761454,0.88657844,0.09227258,1.2056235,1.1322613,0.8128779,1.2080603,0.48504227,1.0844492,0.92828494,0.8555566,0.9991214,1.1979599,0.92516536,0.81440103,1.2130017,0.4281829,1.1963599,1.1466516,0.6311945,1.0405381,1.1720433,1.3982364,0.9860073,1.387509,0.87468857,1.4734442,0.755868,0.9709332,1.2487364,0.83188707,1.0335472,1.1941543,1.2450641,0.90845937,0.4602486,0.81097084,1.0396158,0.8613176,0.29032576,1.1372247,1.1694709,1.3899573,1.3514086,1.1892543,0.659257,0.7215672,0.75527596,0.73890746,1.1055605,1.1090169,0.8620173,0.8256529,0.5027181,1.3520476,0.83572036,1.3536654,1.2131252,1.1087428,1.1344361,1.253089,1.0420835,1.3669329,1.1813622,1.2568506,1.1844541,0.9432539,1.3117024,0.57828474,1.2371006,0.50616086,0.9149167,0.90845484,0.9860434,1.1238344,1.210178,0.55342364,1.3286519,1.3673009,1.1846285,1.3923941,0.48260963,0.7161684,0.78505236,1.102025,0.93034077,0.609144,1.1941983,1.1417868,1.2766707,0.6459569,1.2776845,1.1447401
balloon,1.1755366,0.8810265,0.4615475,0.6647154,1.3259597,0.22836518,0.0,0.79500437,1.0617503,1.2950873,0.9266584,1.3999463,0.79056,1.2159356,1.239978,0.7368732,1.3552939,1.0625092,0.96791685,0.73363453,0.7173823,1.1126782,1.1003946,1.13569,0.6790359,1.1007144,1.2168608,0.7848134,1.1711051,1.2066334,1.1100429,0.735665,1.2888236,1.201143,0.7108021,1.1444099,1.0125421,0.8278708,1.3620695,1.115188,0.636737,1.3664203,0.6164028,0.8521548,0.99212736,0.9515213,0.96585107,1.1469778,1.1242776,1.2760026,0.9641964,0.9270196,0.29894185,1.2199421,1.1044992,0.8269398,1.171105,0.55095196,0.9795335,1.0464256,0.9249861,0.94354737,1.1622181,0.9561005,0.7304021,1.1855454,0.5310183,1.1770866,1.0941675,0.6952672,0.9784287,1.0543303,1.3072622,0.9243253,1.2949885,0.93971086,1.3351023,0.83068097,1.0235039,1.20194,0.8945332,1.0878987,1.0689648,1.1524922,1.004041,0.61957866,0.8913201,1.0173234,0.86173904,0.40973663,1.0769099,1.179485,1.3261881,1.2875116,1.1521108,0.75862026,0.79171824,0.7600587,0.7219378,1.164732,0.98728985,0.9700227,0.7859272,0.67129177,1.17421,0.829023,1.306397,1.2050182,1.141418,1.176151,1.0887051,0.9154618,1.2836974,1.1394967,1.190757,1.053528,0.9955349,1.2722574,0.673844,1.2363833,0.7017377,0.88399804,0.939256,0.9544343,1.0993398,1.240828,0.64952546,1.2269881,1.2943292,1.0794812,1.3506896,0.54515755,0.8011466,0.80132633,1.0198061,0.9714063,0.5837866,1.1620581,1.1204586,1.181126,0.75773394,1.2085054,1.0475875
banana,0.97375196,0.8679698,0.6735795,0.67383724,1.2733438,0.68004113,0.79500437,0.0,1.1197288,1.3171463,1.1499219,1.4108992,0.9210471,1.1932396,1.0946923,0.76627815,1.3398157,0.8287886,0.89014053,0.78476,0.7092578,1.1147861,0.61922556,1.1996379,0.8381393,1.0522681,1.2683189,0.82116574,1.2838469,1.2424732,0.88193715,0.86874115,1.3106003,1.2316977,0.73805463,1.0939543,0.67175364,0.2729833,1.366037,0.6757661,0.62371176,1.4309595,0.78504264,0.9089665,0.8111254,1.1081582,0.9192126,1.1695936,0.9199472,1.3794206,0.8834579,0.98109514,0.65689147,1.2514303,1.1600858,0.8810049,1.2021661,0.64688855,0.9524934,1.0794904,0.77351,0.7899459,1.218541,1.015729,0.8399365,1.281816,0.53876096,1.2533758,1.0275558,0.9036031,1.1506057,1.0055369,1.4266359,0.91878873,1.3534414,0.7725169,1.3932554,0.83791053,1.0562836,1.1100516,0.71599454,0.97696817,1.0514741,1.1852549,0.6705087,0.8022368,0.82119143,1.088419,0.8958924,0.5850858,1.0577497,1.1457329,1.4239643,1.3704877,1.2180514,0.70109916,0.70994693,1.0104566,0.7832594,1.0347632,0.9584711,0.7701318,0.9769034,0.7587579,1.1989875,0.92050934,1.3232403,1.2717015,1.088021,0.96428406,1.0079061,0.74899745,1.4303303,1.058923,1.3056669,0.9326256,0.98592234,1.1434737,0.763703,1.2951705,0.70446026,0.91388047,0.74273837,0.7366217,1.0851964,1.0660526,0.71486354,1.2860839,1.4101194,1.2108153,1.3343756,0.61688703,0.90226704,0.8708018,0.96307933,0.90543157,0.60675967,0.9353089,1.1928169,1.207291,0.8629621,1.3035493,1.231247
basket,1.0967424,1.2045343,1.2809892,0.9630807,1.1529998,1.182476,1.0617503,1.1197288,0.0,0.48197544,1.3301222,0.89499474,1.3379343,0.65275544,0.9334732,1.2811757,0.9817631,0.9022807,0.84557784,1.0853381,0.58502495,0.3034309,1.1320093,0.91527367,0.63675636,0.6913855,0.8646451,1.3572345,1.1477901,0.97930896,1.0660121,0.811166,0.56409013,1.0300491,0.9080581,0.79417706,1.2274541,0.9447163,0.86464614,1.0664113,1.2534292,0.520919,0.94038457,1.3429909,0.5710838,1.3164144,0.90897125,1.0088108,0.84619445,1.1071656,0.8904883,1.3090372,1.1982673,1.0688648,1.0615581,1.4398166,0.81285703,1.3154457,0.8653445,1.3677511,0.9354663,0.98730826,0.65080416,1.3625456,1.3616393,0.82793254,1.1193874,1.1046306,1.220658,1.284266,1.3024634,0.91578805,1.0817964,0.63436615,1.1635425,0.99727607,0.7327823,1.02153,1.3173614,1.157071,0.9700947,0.7837612,1.0629768,0.8713932,1.0840461,1.3496497,1.1341268,1.271,1.1734985,1.1761796,0.8464812,1.0314046,1.0515146,1.2503716,0.84815097,1.2668037,1.213269,1.2427704,1.2083731,1.2363514,0.9390901,0.46341497,1.2413341,1.4097593,0.5877714,0.84024626,0.79454374,0.97628796,1.227084,0.86820817,1.0205567,0.7633505,1.0864732,0.9029936,1.253129,0.71630937,0.77278924,0.67982495,1.3248911,0.9503146,1.3420527,1.3054255,0.69993174,0.72991836,0.9323256,0.8764624,1.1710626,0.96097285,1.0549597,0.7425771,0.6350366,1.0570195,1.4913883,1.3888438,1.0734789,1.1361874,0.7960824,0.40226042,0.8844794,0.8790339,1.4126225,0.8854216,1.0034839
bathtub,0.915805,1.278239,1.3963535,1.14411,0.8824397,1.2991464,1.2950873,1.3171463,0.48197544,0.0,1.074258,0.5920372,1.2846882,0.75390685,0.742606,1.358268,0.6797787,0.92065406,0.98811454,1.1340853,1.0059863,0.6458218,1.1498327,1.080092,1.0592041,0.77053994,0.61768174,1.4185246,0.8739236,0.9088351,1.1156557,0.94937605,0.6131571,0.8398667,1.1370324,0.81837094,1.214793,1.2268218,0.65099317,1.126479,1.380716,0.37508917,1.1342496,1.2313083,0.83378077,1.1316096,1.2097607,0.7763387,0.707131,0.90018266,0.89255387,1.3942509,1.3276341,0.8790643,0.9942972,1.3906193,0.85549366,1.3478444,1.0369507,1.2091154,1.085755,1.1352047,0.5085447,1.3437129,1.4112659,0.8010374,1.4092349,1.0132287,1.1925166,1.3718301,1.1255734,0.97610736,0.8003286,0.9704431,0.9047259,1.1090435,0.682345,0.9976617,1.181141,1.0167474,0.9882018,0.71574044,1.0941523,0.81606054,1.2363224,1.380325,1.1190482,1.2741499,1.2894157,1.3757304,0.69450265,0.9241537,0.8120033,0.94720477,0.81457174,1.2725134,1.2369,1.1787308,1.3034486,0.97743094,1.0454313,0.70027745,1.2002176,1.4370127,0.76118445,1.0283691,0.49787652,0.85972726,1.1426766,0.93061286,1.210722,1.0961797,0.8218508,0.94754064,0.9545234,0.96249235,0.6248109,0.6632359,1.3614907,0.782258,1.3206513,1.3262758,0.9072621,0.9189097,0.8700464,0.789035,1.2744457,0.7828139,0.8032924,0.89643943,0.51246166,1.3277545,1.4201066,1.3284664,1.0269762,1.1503733,1.2767546,0.65825105,0.7743328,0.974766,1.3943591,0.6469388,1.0369145
bear,0.7509398,0.9675234,1.032239,1.2079676,0.8639651,1.0097216,0.9266584,1.1499219,1.3301222,1.074258,0.0,1.033347,0.8133149,1.19884,0.88567173,0.9238433,0.88761234,1.1599767,1.1548071,1.2073166,1.2821833,1.2586894,1.0587533,1.1061918,1.2074647,1.1502631,0.96428007,0.7948787,0.673885,1.1354682,1.0458386,1.2319462,1.110055,1.0795152,1.1339266,1.0448633,0.98522305,1.1613089,1.0746726,1.1147523,1.0521804,1.1040787,1.251116,0.6149401,1.3090303,0.49549466,1.2272662,1.1754947,1.0449374,0.8637649,0.98781717,0.973057,1.0361458,0.80445224,1.0819484,0.9174473,1.0982975,0.79235053,1.0780771,0.7080542,1.086582,0.813541,1.0319035,0.9755959,0.80599964,0.9609343,1.0166593,0.9963088,0.9534411,1.0343456,0.48670614,0.9654737,0.9006202,1.1879628,0.70707935,1.1557755,1.1410929,1.2297679,1.0427598,0.72236776,1.0243942,1.181221,0.87723017,0.97890633,1.035143,0.9983066,1.0865211,0.98982257,1.0373176,1.073583,1.1598501,0.7177483,0.91398513,0.74294305,1.0163298,1.033506,1.0761805,0.7002331,0.89262056,0.89648765,0.9981514,1.3372436,0.6353555,0.84868264,1.0831145,1.185936,1.0859445,0.8082917,0.8995787,1.1412288,0.9684115,1.0561333,0.89053935,0.96951926,0.6400904,1.0870746,1.1706208,1.0802523,0.9376852,0.7796966,1.0481579,0.85238004,1.1718501,1.140815,0.93286633,1.032945,1.0522559,0.99721676,0.9373473,1.1380225,1.1151426,1.0655712,0.8960451,0.8320357,1.070778,1.081515,1.2508758,1.3288958,1.0866706,1.2156532,0.9583168,1.093575,0.8045117
bed,0.76596403,1.3090737,1.5313442,1.256606,0.58936954,1.4046391,1.3999463,1.4108992,0.89499474,0.5920372,1.033347,0.0,1.3973031,0.7693546,0.6319752,1.465944,0.18023413,1.059726,1.1386654,1.4725332,1.3567626,0.76624423,1.1990923,0.95041245,1.3679667,1.2105005,0.8043877,1.4249333,0.74588597,0.86215806,1.1098711,1.3621328,0.5098563,0.7812925,1.3034886,0.9113848,1.2052455,1.3598316,0.04485607,1.1220796,1.5752895,0.41703427,1.5299388,1.34708,0.9738179,0.904288,0.90403706,0.92076826,1.0389105,0.5369483,0.9548345,1.3298944,1.4517922,0.5639396,0.86156046,1.3348732,0.9259513,1.4441619,0.98232985,1.025171,1.482152,0.96173,0.783317,1.2775136,1.312022,0.3233438,1.4966841,0.8041202,1.0266447,1.4368105,0.9682803,0.75715005,0.4445989,1.0792853,0.6076595,1.4848192,0.5573971,1.3793976,1.0717838,0.9131079,0.99753046,1.0364861,0.7617614,0.7536485,1.2209295,1.4765022,1.2909373,1.2616054,1.2278354,1.4331721,1.0966303,0.7544461,0.37258136,0.6292391,0.73898166,1.4960736,1.4176772,1.2518874,1.4012568,0.6367144,0.97711694,1.2096387,1.1692959,1.3536032,0.6919683,1.2663329,0.6366894,0.62236536,0.92100143,0.96752936,0.97637117,1.3213012,0.5230307,0.85940284,0.7308993,0.9393102,1.1088567,0.5560852,1.4867356,0.54754925,1.5517695,1.2626793,1.1256791,1.378147,0.7609106,0.7928657,1.4473453,0.76043296,0.50353956,0.60039806,0.32406253,1.5349307,1.3846755,1.2918428,1.0166879,1.0571579,1.3086424,0.82285583,0.83128285,0.9703035,1.4736814,0.6923623,0.8971633
belt,1.2349107,0.5704445,0.5619789,0.98945975,1.3442643,0.7746913,0.79056,0.9210471,1.3379343,1.2846882,0.8133149,1.3973031,0.0,1.3170446,1.368406,0.2693982,1.2696166,1.0557988,0.824656,0.52473503,1.0066941,1.353868,1.1483073,0.96625763,0.9299572,0.83352506,1.0763835,0.4588421,0.8748481,1.010489,1.0514338,0.90427095,1.3274027,1.1061466,1.0129473,1.2702433,1.0442834,1.0363487,1.3703523,1.1653713,0.28377813,1.465922,0.5877369,0.51311785,1.293612,0.8639567,1.2733096,1.0555078,0.95085704,1.2595234,1.212161,0.7040099,0.7448401,1.0999862,1.2198138,0.6603182,1.1054387,0.44399875,1.2927575,0.9728332,0.63692194,1.2475226,1.3310816,0.6387779,0.5751529,1.3532703,0.75187564,1.1568053,1.1069382,0.48495883,0.953599,1.2404995,1.2873441,1.2207339,1.0781994,0.5739872,1.356844,0.651652,0.80053437,1.0008959,1.3353882,1.2063792,1.3600354,1.2177521,1.1819878,0.36915517,0.6712257,0.76361775,0.9563091,0.7754054,0.91267467,1.107268,1.3437314,1.1075155,1.1974176,0.34962785,0.48853803,0.6646795,0.4533444,0.9006036,1.1829532,1.1371555,0.8637864,0.61370486,1.3108237,0.8464381,1.2911497,1.2144411,0.8686227,1.2440631,1.1204557,1.0200998,1.2651244,1.0948454,1.0330801,1.2120193,0.70838225,1.4271969,0.19696367,1.2413417,0.40118682,0.6377661,1.1473927,0.9622297,1.2939898,1.2881192,0.6419441,1.1103301,1.2874699,1.3197336,1.5203441,0.6776267,0.52748674,0.7277931,1.0506339,0.7996962,0.9784453,1.4400759,1.1349026,1.0112396,0.23077309,1.209104,1.0197959
bench,1.0656743,1.1178215,1.393624,1.1375955,0.91622543,1.3756835,1.2159356,1.1932396,0.65275544,0.75390685,1.19884,0.7693546,1.3170446,0.0,1.1286651,1.1544559,0.86086416,0.7825466,0.8613299,1.1821705,0.96066594,0.6805978,1.0801586,0.68758345,0.91306555,0.8120184,0.79845166,1.3772247,1.0281625,0.5048751,0.9582287,1.0894922,0.8361218,0.8671336,1.0213809,0.8640313,1.1401134,1.0396013,0.8365476,1.0256193,1.3021485,0.5088825,1.1437335,1.1338512,0.92485917,1.1013923,0.91916925,0.6546091,0.77995235,0.90042686,0.9786627,1.2714465,1.4198778,1.0416952,1.0342245,1.318813,0.8835862,1.2889129,0.9172981,1.2127376,1.0369978,1.1369036,0.90364075,1.3493686,1.2051291,0.8301115,1.230045,1.0648843,1.0302497,1.3725805,1.0601616,0.90062296,0.95771265,0.9448136,0.91645575,1.0011194,0.44019264,0.9841891,1.162138,0.9396341,1.0180432,0.85564554,0.95946383,0.8006772,1.0390408,1.4528434,1.0575659,1.1789978,1.2059871,1.3566985,0.67768496,1.059792,0.9102713,0.95513064,0.84857786,1.254961,1.1939895,1.1534077,1.1718556,0.9565334,0.96437126,0.95433474,1.0540643,1.437924,0.72280276,1.0427724,0.7472482,0.93339574,1.1188154,0.9602474,0.8800544,0.89886665,0.98851895,0.9813192,1.0029335,0.7812097,0.9176657,0.8185131,1.3423401,0.91874325,1.2755402,1.0967609,0.9501834,0.8795888,1.0239449,0.9131091,1.3064665,0.6749811,0.9892732,0.8510612,0.6903644,1.1821845,1.4108139,1.2998519,1.0665199,0.99229425,1.0929291,0.7546875,0.7812102,0.5923937,1.4111545,0.6984987,0.974125
bib,0.63040507,1.2700183,1.2482085,1.1422899,0.7027985,1.1891959,1.239978,1.0946923,0.9334732,0.742606,0.88567173,0.6319752,1.368406,1.1286651,0.0,1.3951988,0.62201434,1.0540091,1.081303,1.231334,1.1624457,0.8487841,1.029118,1.1864157,1.132048,1.1474062,0.87343055,1.1900051,0.9639571,1.2433274,1.0583214,1.2877991,0.8532442,0.89527667,1.2498741,0.6878995,1.087182,1.0792416,0.6344059,1.0143962,1.3810246,0.7874882,1.3262789,1.2500367,0.9893218,1.0138837,0.93279624,1.2954571,1.180282,0.67938244,0.7378004,1.2328053,1.2173762,0.78162825,0.8951445,1.179169,0.9590613,1.2335304,0.874002,0.91724235,1.329606,0.5985911,0.6558234,1.1679549,1.15,0.76008785,1.1320696,0.88108957,0.94425833,1.2777629,1.0513616,0.87208486,0.67572314,0.8071464,0.7855921,1.3749001,0.9860884,1.4541885,1.1452053,0.942216,0.7805984,0.90112096,0.6486172,0.955095,1.065895,1.3052607,1.2312721,1.1518041,1.0935204,1.2682487,1.2569138,0.6720164,0.56933266,0.8210207,0.75158525,1.4132454,1.3937547,1.2342654,1.2382804,0.96471095,0.8702426,1.0450777,1.1764711,1.1278658,0.79900837,1.1736412,0.90300804,0.733392,0.9853355,0.9226556,0.97439057,1.0984217,0.65591705,0.9040722,0.8328408,0.96471703,1.2527288,0.51980114,1.375749,0.68331873,1.344773,1.1603636,1.0460703,1.2516749,0.7032202,0.8050977,1.2530524,1.1545566,0.67068094,0.8166682,0.6300745,1.2105911,1.2559793,1.1323279,0.8637655,1.1732109,1.0480082,0.79108334,0.98212266,1.2641968,1.3631736,1.0028068,0.9127326
bird,1.1499605,0.5825645,0.56196064,0.9495838,1.3829043,0.7311121,0.7368732,0.76627815,1.2811757,1.358268,0.9238433,1.465944,0.2693982,1.1544559,1.3951988,0.0,1.3534255,1.0533508,0.7478591,0.46992218,0.892483,1.295031,1.0374979,0.84695876,0.8225398,0.88871527,1.1471498,0.57077056,1.0825875,0.89941293,0.9884988,0.9024663,1.4027767,1.1516278,0.93679035,1.300151,0.9564368,0.9166566,1.4449198,1.0600039,0.28342438,1.4631586,0.5091181,0.6020691,1.2001464,0.8757448,1.1096698,1.0200905,0.9747541,1.2871848,1.2062349,0.78537333,0.726342,1.2100875,1.255577,0.7722242,1.0497903,0.3751335,1.0409502,1.1228997,0.61558104,1.1210693,1.3695233,0.76339823,0.5551892,1.4077234,0.6797938,1.232063,1.1452935,0.5407386,0.97144663,1.2211608,1.4007955,1.1179198,1.2253768,0.55520785,1.2723465,0.57412755,0.8644444,1.0133065,1.2369019,1.176045,1.3082435,1.2194909,1.0105869,0.42919683,0.613744,0.86690813,0.9248816,0.7546518,0.9299812,1.2541091,1.4298528,1.2371651,1.1831616,0.33208758,0.45996428,0.64900124,0.50390834,0.9075851,0.977824,1.0902745,0.7947186,0.6472299,1.321219,0.7979192,1.2879847,1.2550352,0.93104696,1.2327989,1.0936582,0.86705494,1.3993424,1.1649479,1.130229,1.0887244,0.76117694,1.4511682,0.30667293,1.292392,0.38866377,0.6578648,1.0740502,0.86174524,1.3006732,1.2530475,0.60468054,1.1426958,1.3906933,1.3024396,1.5089281,0.6324431,0.64850223,0.8214575,1.0348616,0.7650993,0.812772,1.3750498,1.127848,0.88290274,0.38206184,1.2310398,1.1550198
blanket,0.7307903,1.1433953,1.4937654,1.2291853,0.61145043,1.3538268,1.3552939,1.3398157,0.9817631,0.6797787,0.88761234,0.18023413,1.2696166,0.86086416,0.62201434,1.3534255,0.0,0.87821966,1.1652193,1.4606663,1.3669338,0.95387477,1.1511035,1.0720596,1.3523124,1.0993103,0.9010848,1.3439509,0.65756005,0.9703567,1.0254862,1.3212018,0.68364024,0.78046906,1.2937534,0.9272428,1.1448519,1.293777,0.28856122,1.0743951,1.4794092,0.6174214,1.4967155,1.2017266,1.0418545,0.7967086,0.97885764,1.0023745,1.0532074,0.57647216,0.9028821,1.2570589,1.4103451,0.43979347,0.9642019,1.279743,0.9946626,1.2382663,1.0641644,0.95598245,1.3667004,1.0175252,0.9503843,1.2350264,1.1275424,0.54515636,1.4688208,0.940043,1.0519747,1.3593912,0.8904176,0.8798598,0.54157627,1.1943661,0.5619285,1.4053957,0.7856695,1.3493657,1.0453442,0.8459195,1.0384107,1.076926,0.6820457,0.9360332,1.1675726,1.4100755,1.05732,1.208699,1.1740898,1.3988729,1.089714,0.6842628,0.4631846,0.639153,0.81733656,1.4245027,1.3780394,1.159257,1.3385165,0.3860681,1.0608575,1.2251233,1.0793462,1.257838,0.6719615,1.310895,0.8261383,0.43034106,0.8929417,0.9941728,0.9948807,1.3139087,0.5920197,0.7716665,0.75458103,1.078402,1.1289158,0.7587887,1.3314283,0.4343084,1.4630214,1.0184447,1.1047732,1.323747,0.8979702,0.86438656,1.4413091,0.84032714,0.63120615,0.8453407,0.6372832,1.4887289,1.3235728,1.2394476,1.1405915,0.7671552,1.3795426,0.97305846,0.8550638,1.0885228,1.3950179,0.7791711,0.74347055
boat,0.9639942,0.93381506,1.1482124,0.8215288,1.0991452,0.97961205,1.0625092,0.8287886,0.9022807,0.92065406,1.1599767,1.059726,1.0557988,0.7825466,1.0540091,1.0533508,0.87821966,0.0,0.87324095,0.9007253,1.0004367,1.1029211,0.919001,1.1775246,1.0657855,0.7865004,1.0375037,1.2537535,1.0371237,1.0156674,0.8029497,0.74293494,1.1698102,0.98716605,0.91121405,0.8977778,0.87952536,0.80423486,1.1148652,0.8525974,0.94972664,1.0781891,0.91658264,1.0219746,1.0288583,1.0497333,1.0113014,0.8652365,0.8477909,1.2279143,0.8621777,1.167563,1.0371963,0.96605796,1.1559478,1.1710801,1.0750268,0.9388381,1.0627946,1.091126,0.6765221,1.1947899,1.1093676,1.2275305,0.995553,1.2048057,1.0778472,1.1960459,1.1545389,1.0971975,1.0871651,1.1072785,1.1757861,1.2100347,1.0864806,0.68860674,1.09466,0.7633393,1.165579,1.0872684,1.0418152,0.72980344,1.0305972,1.0851539,0.9169042,1.1133513,0.55588156,1.0882955,1.0647403,1.0550203,0.748005,1.0726112,1.1740384,1.1634375,0.9522187,0.8466408,0.8368495,0.9732009,1.1271167,0.733597,1.146225,0.8122771,0.9850622,1.2550195,0.9657047,1.0243379,1.0731424,0.91336244,1.2305163,0.9781349,1.0285372,0.92420805,1.1656164,0.78641945,1.1382618,0.96859145,0.8064509,1.0951809,0.97085124,0.88238,0.93528605,0.89509296,1.0216277,0.69425124,1.0402448,1.0510169,1.0974222,1.0037282,1.1750158,1.1923645,1.1459736,1.048906,1.2011966,1.116417,1.0447701,0.58577573,1.0984814,1.0498326,0.9344341,0.972211,1.1193581,0.9967953,0.9968123
book,1.1253685,0.9032125,0.9185848,0.92862993,1.3034788,0.9915716,0.96791685,0.89014053,0.84557784,0.98811454,1.1548071,1.1386654,0.824656,0.8613299,1.081303,0.7478591,1.1652193,0.87324095,0.0,0.75176764,0.8274004,0.7393085,1.0156418,0.77195024,0.79578376,0.9307835,1.0472279,1.0038674,1.2651179,0.821602,0.9901722,0.99940264,1.0902472,1.098922,0.8833155,1.0293727,0.9645836,0.9610327,1.0817387,0.9598351,0.74406624,1.0854564,0.79472023,0.9335007,0.9644274,1.1362672,0.99479556,1.0296171,0.74403167,1.2533509,0.9551467,1.0320244,0.9696365,1.3051876,1.202471,1.0535071,1.0892247,0.90891266,0.96896464,1.1807947,0.8218031,0.9814085,1.1051207,1.0782266,0.95122707,1.186675,0.7690396,1.209503,1.0713874,0.96681976,1.1137097,1.202059,1.2870766,0.9328524,1.2345366,0.75498044,1.0048089,0.8271499,1.0618995,0.9122752,1.1495994,0.8618008,1.1467326,1.054378,0.986474,0.9711537,0.74111813,1.0459402,1.068505,0.90232545,0.699438,1.1710174,1.2644527,1.272392,0.48154688,0.73108387,0.745179,0.995247,0.92048186,0.9809786,0.96373457,0.91292685,1.0305065,1.0139195,0.952537,0.7224474,0.9713514,1.1733587,0.9898541,1.061913,0.95832664,0.7931044,1.3368962,0.88627815,1.1901731,0.9569601,0.877723,1.1301718,0.8510211,1.183682,0.85568166,0.9912351,0.9753802,0.8809125,1.1701782,1.0716321,0.8905224,1.0284964,1.2916799,1.0720158,1.0266206,0.7499958,1.0644634,1.1155964,1.0674728,0.83286226,0.7705061,0.83032846,1.0633408,0.75939906,0.94159967,1.116888,1.2248806
bottle,1.188824,0.75077236,0.5380881,0.7137359,1.4633608,0.6028396,0.73363453,0.78476,1.0853381,1.1340853,1.2073166,1.4725332,0.52473503,1.1821705,1.231334,0.46992218,1.4606663,0.9007253,0.75176764,0.0,0.779796,1.139681,1.0426145,0.98329365,0.69716895,0.7552,1.0611614,0.82697374,1.1847064,0.9457859,1.0320648,0.612216,1.2708397,1.1861455,0.7829566,1.1022886,1.048482,0.80773216,1.4228654,1.0834587,0.35303998,1.3509815,0.22822964,0.82474333,1.1518103,1.0584693,1.0995506,0.8918676,0.9871631,1.3589847,1.1237483,0.9169101,0.6383558,1.2976619,1.2300695,0.92067957,1.0020525,0.5901154,1.0631039,1.2617173,0.6627388,1.2277094,1.0233827,0.8926772,0.7615385,1.439815,0.6829511,1.224427,1.2607834,0.53443986,1.1231216,1.3185527,1.4471477,0.9789344,1.4608828,0.4946885,1.2507402,0.4791062,0.9721016,1.297631,1.0899165,0.644163,1.4180703,1.1693897,1.0640485,0.44293892,0.5590333,0.94509,1.0489632,0.7549807,0.75626034,1.3460823,1.4796183,1.4489654,1.1735429,0.44941163,0.5993668,0.66870713,0.7007651,1.0960639,1.0677403,0.85369205,0.89481354,0.8207171,1.3086034,0.5401585,1.0538067,1.2757087,1.0994743,1.1887689,1.203387,0.9541464,1.424082,1.13756,1.3010819,1.1483842,0.53769976,1.3079386,0.44683063,1.3107574,0.26104116,0.87181705,1.0180569,0.79911715,1.1519008,1.2454857,0.5898755,1.1313039,1.4145354,1.3033671,1.3547844,0.5781328,0.79902077,0.924573,0.96556705,0.7747582,0.7211461,1.2100946,1.099048,0.8870851,0.4456854,1.187282,1.2415915
bowl,1.2324663,1.0514767,0.70925516,0.60985845,1.4391428,0.74867284,0.7173823,0.7092578,0.58502495,1.0059863,1.2821833,1.3567626,1.0066941,0.96066594,1.1624457,0.892483,1.3669338,1.0004367,0.8274004,0.779796,0.0,0.6376361,0.81500036,1.0051148,0.22664952,0.6191318,1.1338581,0.9479851,1.336077,1.1308801,0.93040675,0.6148473,1.0030947,1.2738645,0.42831427,1.1118965,0.89809614,0.7627145,1.3120714,0.86042136,0.82697767,1.1130486,0.42122483,1.1769861,0.47943848,1.3316172,0.94035983,1.1668754,0.97749525,1.4232111,0.992999,1.0370781,0.70716435,1.273391,1.2205299,1.1488111,1.045881,0.8381598,0.91677785,1.322195,0.91395986,0.9820861,0.8647698,1.1998699,1.1125432,1.1545283,0.6139134,1.3242304,1.169739,0.99925196,1.3670609,0.96807176,1.4469817,0.5720732,1.4462612,0.94922274,1.207043,0.8716187,1.1792363,1.0897986,0.8188796,0.8757684,1.1017923,1.1661296,0.88311654,0.9254681,0.9796969,1.2155484,1.0153025,0.66190565,0.9306274,1.3201586,1.457298,1.4699333,1.0871698,0.9507194,0.93033606,1.0978175,0.88826126,1.2459029,0.9973609,0.3436666,1.1332786,0.98750824,0.9720417,0.77957886,1.1598878,1.2632657,1.1894207,0.8955696,1.1709785,0.54240197,1.4722729,1.0836734,1.4009614,0.75072,0.65122664,0.9641653,0.8996274,1.249539,0.93554795,1.1712546,0.32873815,0.71114373,1.0360445,0.96822023,0.8292151,1.2579961,1.4371343,0.98248416,1.0205083,0.5138778,1.1648575,1.1320558,1.0948505,1.0682366,0.51941323,0.44294447,1.1741775,1.0723238,1.0570021,1.2336063,1.2488366
box,1.1019672,1.3615581,1.2705033,1.0250723,1.0702127,1.2342646,1.1126782,1.1147861,0.3034309,0.6458218,1.2586894,0.76624423,1.353868,0.6805978,0.8487841,1.295031,0.95387477,1.1029211,0.7393085,1.139681,0.6376361,0.0,1.0470169,0.7524081,0.6061199,0.87934995,0.91381663,1.2533662,1.2157378,0.87412053,0.99877626,1.1521895,0.45915198,0.9864471,0.95074564,1.0076005,1.1741418,1.0320877,0.724528,1.0241388,1.2911065,0.5344236,1.0352868,1.3337471,0.600883,1.2989168,0.84217405,1.0924402,0.815825,0.9877286,0.9028935,1.2721335,1.2315112,1.0962548,1.032134,1.3899143,0.77906805,1.4189959,0.796067,1.294197,1.2906742,0.83411956,0.6469771,1.3312206,1.3923919,0.68869984,1.0467694,1.0464753,1.1404331,1.3583987,1.2039138,0.8053874,0.96840835,0.5001006,1.0881622,1.2477279,0.63389385,1.2738308,1.2246393,1.012128,0.9868224,0.7943869,0.98829776,0.8084302,1.0606341,1.3951323,1.2261512,1.2766864,1.1876864,1.1295431,0.93806446,1.0535078,0.943737,1.1054784,0.74495625,1.3332704,1.2490928,1.28194,1.217038,1.2575623,0.83957285,0.8225263,1.2442513,1.3025893,0.53889394,0.8837025,0.74415815,1.0480562,1.1087313,0.8302582,0.93786806,0.85508645,1.0248339,0.9390964,1.1446939,0.71876425,1.0039613,0.56761813,1.387048,1.0232114,1.3884299,1.4030577,0.7976863,1.1374172,0.93249476,0.9135051,1.2003568,0.88653874,0.9650752,0.621316,0.50571984,1.0703732,1.4294258,1.3677192,1.0789535,1.2105865,0.69726646,0.27785718,1.0143,0.79646176,1.433079,1.0146701,1.1223048
bread,1.0598773,1.1380376,0.9722992,0.86794984,1.0683713,0.95566547,1.1003946,0.61922556,1.1320093,1.1498327,1.0587533,1.1990923,1.1483073,1.0801586,1.029118,1.0374979,1.1511035,0.919001,1.0156418,1.0426145,0.81500036,1.0470169,0.0,1.1568576,1.0032754,1.0834256,1.1502527,0.9496697,1.2404754,1.1481806,0.34580088,0.99530065,1.1729741,1.1898872,0.8083167,1.0989182,0.19529343,0.73873866,1.2081034,0.09065759,1.0772033,1.2047195,0.994021,1.1016225,0.7559133,1.1677395,1.003751,1.1456501,0.95693773,1.1669649,0.969815,0.9438496,0.9032805,1.0952628,1.0970703,0.9542184,1.1598344,0.9588698,1.041629,0.8425485,1.1170995,0.96633977,0.99598944,1.0834476,1.0976968,1.1697631,0.77183044,1.1417189,0.9116384,1.1775151,1.1555195,1.1020571,1.2471217,0.94947594,1.2775934,1.1363927,1.2113224,1.0731275,1.01761,0.81780064,0.66559964,0.8654541,0.95988643,1.1278617,0.24734306,1.0879484,0.95861185,1.0612445,0.98258984,0.84358436,1.1422404,1.0574504,1.2621152,1.2381141,1.0833788,1.095501,1.0698469,1.0777458,1.0371643,0.9808923,1.0830712,0.7426901,1.0811182,0.85537,1.0906751,1.0677347,1.1067448,1.1205865,1.0366099,0.47721827,1.0709081,1.0954691,1.2930905,1.0606258,1.1811367,1.0983864,1.1166276,1.1172518,1.13266,1.0719423,1.0167036,1.0934865,0.7795713,0.9748265,0.9136119,0.9614778,1.0218018,1.1686584,1.2417954,1.1224289,1.0716896,0.8948258,0.9835386,0.8800403,1.0665292,1.0061179,1.0072157,0.81520647,1.0679594,1.2262291,1.0869178,1.150955,1.1755234
broom,1.0982356,0.98695695,1.1035903,1.1508881,1.0693355,1.2381576,1.13569,1.1996379,0.91527367,1.080092,1.1061918,0.95041245,0.96625763,0.68758345,1.1864157,0.84695876,1.0720596,1.1775246,0.77195024,0.98329365,1.0051148,0.7524081,1.1568576,0.0,0.817848,0.86765766,1.0923982,0.94841105,1.1081783,0.4029081,1.0480782,1.2329412,0.7443469,0.9929949,1.1179456,1.1157192,1.1155617,1.1338834,0.95258,1.1509852,0.969952,0.83300316,0.96073604,0.8465537,1.0499423,1.1529081,0.90934044,0.7662599,0.901045,0.9973282,1.1724893,0.84126973,1.1901491,1.1580755,1.1766002,1.0414582,0.8265918,1.1925182,0.8049485,1.1240042,0.97881716,1.0798476,1.0601226,1.017396,0.94369227,0.9009278,1.171206,1.0598565,1.0593823,1.0372897,1.0643693,0.84805197,1.1076062,0.8575371,1.0425959,0.88839,0.44547993,0.883381,0.8816277,0.9168426,1.1804452,0.99205047,1.0475878,0.9823153,1.118292,1.0918672,0.9177973,0.96265286,1.0568343,1.2073443,0.90358,1.1975216,1.1133583,1.0042411,0.87692237,0.9409484,0.91232705,1.1303203,0.9180582,0.95274085,0.71196866,1.2179505,1.1228664,1.0969316,0.9440917,0.86300355,0.82676935,1.1513233,0.87221605,1.1388049,0.6761896,0.8790482,1.1635551,1.0610102,1.084401,0.59488755,1.1058195,0.99655694,1.033035,1.2366662,0.99764264,0.86440593,1.1022949,1.0119432,1.076877,0.9734697,1.0464156,0.7460719,1.142077,0.7292918,0.93414545,1.030506,1.0233805,1.1312652,0.99704015,0.9089959,0.9875404,1.0370117,1.1127836,0.12986857,1.0066199,0.98906857,1.0879487
bucket,1.2380791,1.0302452,0.7387393,0.7330298,1.421071,0.83266973,0.6790359,0.8381393,0.63675636,1.0592041,1.2074647,1.3679667,0.9299572,0.91306555,1.132048,0.8225398,1.3523124,1.0657855,0.79578376,0.69716895,0.22664952,0.6061199,1.0032754,0.817848,0.0,0.5359548,1.1955087,0.851742,1.3199697,0.93806523,1.0065502,0.78514504,0.99610966,1.1942204,0.5898466,1.1394417,1.0789582,0.81838703,1.3201022,1.0470666,0.82339877,1.1061864,0.37250346,1.075622,0.661704,1.2513789,0.83148754,1.1304885,0.93223983,1.352701,1.0164756,0.9865019,0.78600234,1.2747505,1.199297,1.0861735,1.0239892,0.85687745,0.8794663,1.2977439,1.0003049,0.95854425,0.9832821,1.0949956,0.8752975,1.192197,0.68631667,1.2825253,1.1591778,0.8682698,1.2456831,0.9287485,1.3748503,0.47446114,1.3478425,0.98065114,1.1150688,0.8831961,1.0776802,1.0851856,1.0010462,0.84750515,0.9993936,1.111572,1.0080062,0.91991717,0.8720399,1.1311967,0.9618438,0.70154417,0.912822,1.3067781,1.4203689,1.3482206,1.104363,0.9776789,0.9756755,1.034962,0.82848656,1.190881,0.930945,0.68427265,1.0312552,0.9129745,0.825731,0.5780898,1.1834061,1.2613021,1.183452,1.0794829,1.0012203,0.59295565,1.4186822,1.0239835,1.3266335,0.75820446,0.8404896,0.98925734,0.8470839,1.296969,0.8685615,0.9667665,0.57603794,0.835343,1.1034641,1.1464572,0.831305,1.1076605,1.3834479,0.97684723,1.1426187,0.4914239,1.0860373,1.1574391,1.1027919,0.9361564,0.4224049,0.6563987,1.2397971,0.9025784,1.0009642,1.2852255,1.20032
can,1.1313037,0.88264245,1.0182773,0.82651216,1.2775502,1.0805025,1.1007144,1.0522681,0.6913855,0.77053994,1.1502631,1.2105005,0.83352506,0.8120184,1.1474062,0.88871527,1.0993103,0.7865004,0.9307835,0.7552,0.6191318,0.87934995,1.0834256,0.86765766,0.5359548,0.0,0.9209162,1.0143725,1.0047541,0.822251,0.98556477,0.6000261,0.975833,1.0622431,0.7775066,0.99344844,1.1225088,0.9006866,1.2449024,1.0901144,0.88746625,0.90184665,0.590133,0.93288064,0.89579105,1.2176628,1.224628,0.80683315,0.7944691,1.2983377,1.0860549,1.0017942,1.0771406,1.063284,1.1937157,1.1041269,0.8845211,1.012176,1.1908705,1.1471397,0.67829883,1.3764455,0.8971093,1.0784025,1.0255276,1.234143,1.0685935,1.2106276,1.2000802,0.9714215,1.2440492,1.072098,1.2656683,0.86319137,1.0801339,0.70132697,0.986752,0.6749845,0.9674945,1.0871776,1.1195964,0.7473719,1.227395,1.0830446,1.1633784,0.99535984,0.8035642,1.0771619,1.102003,1.0756572,0.6368558,1.2270192,1.331596,1.1322879,1.0986112,0.90436906,0.9199603,1.0467606,0.8477242,0.9671842,1.1948509,0.63260144,1.1446167,1.1535022,0.91380113,0.82906497,0.9854794,1.0832945,1.1980282,1.0366539,1.1730043,0.83350956,1.2534285,0.9054391,1.171046,0.8956813,0.5876491,1.0813452,0.8549307,1.1034682,0.83187866,0.8662242,0.6844762,0.6642398,1.2167548,1.030947,1.0073242,0.9179493,1.2812641,1.2261347,1.153496,0.7752571,1.0941738,1.1895481,1.1671658,0.8711492,1.0427239,0.90510523,1.0621988,0.805719,0.968559,1.0447276,1.037009
car,0.89375746,1.1302902,1.2114036,1.2449759,0.84802794,1.222713,1.2168608,1.2683189,0.8646451,0.61768174,0.96428007,0.8043877,1.0763835,0.79845166,0.87343055,1.1471498,0.9010848,1.0375037,1.0472279,1.0611614,1.1338581,0.91381663,1.1502527,1.0923982,1.1955087,0.9209162,0.0,1.2282878,0.56426144,0.94356537,1.1593214,0.96853715,0.863622,0.8481189,1.1444741,0.8552477,1.2497386,1.261237,0.8669561,1.2306528,1.2489209,0.5045217,1.1562781,1.1575711,1.1469178,0.9291606,1.2687507,0.7864946,0.9177973,0.76601416,1.0098778,1.2189054,1.2638056,0.8819089,0.8532374,1.2742398,0.4999832,1.1670661,1.0135328,1.0375301,1.0912699,1.0388035,0.55261123,1.1387534,1.3364794,0.8339976,1.2344944,0.8692132,1.115907,1.2006916,0.9962933,1.0434088,0.8519136,0.89730847,0.9544081,1.0633543,0.7609581,0.99248713,1.1312428,0.9319932,0.94300926,0.9083569,1.1397116,0.65571564,1.2262012,1.1915416,1.1529737,1.1287253,1.1260955,1.3115215,0.68737394,0.9648309,0.7761216,0.948866,0.928064,1.1912144,1.2350495,1.1016011,1.1624445,1.0294396,0.9538014,0.95631295,1.0592154,1.2330531,0.999831,0.9532508,0.6382674,0.9372234,0.97647005,1.038401,1.1541667,1.2513043,0.7438648,1.1031518,0.85469866,1.1702625,0.72084093,0.75343513,1.2246042,0.8758927,1.1142938,1.3180403,1.0881869,1.0441823,1.0301111,0.9954743,1.2394283,0.8258978,0.80858815,0.91491455,0.73669213,1.2078345,1.2548869,1.1629959,1.1178108,1.2495213,1.2320278,0.9544403,0.7490773,0.9664977,1.1956232,0.6161587,0.9129013
