,alligator,ankle,apple,applesauce,arm,ball,balloon,banana,basket,bathtub,bear,bed,belt,bench,bib,bird,blanket,boat,book,bottle,bowl,box,bread,broom,bucket,butterfly,can,car,carrot,cat,chair,chips,clock,closet,coffee,comb,cookie,corn,couch,cracker,crayon,crib,cup,dish,dog,doll,door,drawer,dress,ear,egg,elephant,eye,face,finger,firetruck,fish,flower,foot,fork,frog,glass,glasses,glove,grass,gum,hair,hamburger,hand,hat,horse,hose,jacket,jar,jeans,knife,ladder,lamp,meat,melon,milk,mitten,motorcycle,mouth,muffin,nail,napkin,necklace,nose,orange,oven,owl,pajamas,pants,paper,pastry,pen,pencil,penguin,pickle,pig,pillow,pizza,plant,plate,pony,potato,pumpkin,purse,radio,refrigerator,rock,rooster,scarf,scissors,shirt,shoe,shorts,shovel,shower,sink,slide,slipper,snow,soap,sock,soup,spoon,sprinkler,stick,strawberry,stroller,sweater,table,tape,toe,tooth,toothbrush,towel,toy,tray,tree,tricycle,truck,vacuum,watch,window
alligator,0.0,1.4234786,1.4278998,1.1584743,0.6266607,1.267364,1.3036082,1.1718875,1.1653284,0.7036781,0.79398215,0.6025162,1.3566803,0.7443653,0.49487007,1.0928936,0.5637195,0.8916526,0.9187561,1.5392212,1.4727256,0.9740715,1.2398655,1.2704465,1.4506702,0.99142253,1.4748899,1.3487166,1.0300919,0.8404948,1.0554203,1.2430829,1.2253617,0.73988515,1.1259539,0.93217164,0.93090886,0.6672859,0.609203,0.8341094,1.441618,0.77330154,1.5658332,0.9690198,0.8560573,0.7897631,1.058552,1.1553378,0.7850245,1.0353687,1.1608491,0.8880086,1.2874181,0.9130324,1.2412288,0.9042184,1.1304138,1.1156949,1.0840974,1.2226038,0.6158591,0.72320986,1.2937387,1.103103,0.5842889,1.1207994,0.83891964,1.3417557,0.7797602,1.246356,0.60313797,0.69501185,0.7290979,1.1376911,0.60427636,1.3303013,0.8328489,1.427107,0.7729572,0.8311111,0.9908629,0.5328884,0.90373695,1.0082729,1.0946363,1.4877979,1.1500978,1.2684661,1.2579229,1.2783263,0.9969889,1.1487187,0.5589987,0.77194,0.81982356,0.776175,1.4136239,1.4483061,0.95163363,1.0318482,0.64538294,0.8522121,0.9405666,0.88214517,1.4453695,0.85363936,1.2280364,0.97669196,0.978816,1.2615666,1.0066183,0.81131816,0.77411264,0.9463276,1.0265406,0.71933854,0.9117796,1.0144488,1.2375965,0.8960668,1.0190172,0.58266497,1.4377607,0.804328,1.4397125,1.1776127,0.8456241,1.2890906,0.7307823,1.1775591,1.1871285,0.96597993,0.73661137,0.67323554,1.4641147,1.3610014,1.223286,1.0831834,1.0802507,1.1417036,0.75396776,0.9532281,0.830018,1.0609214,1.0625603,1.4090854,0.88967365
ankle,1.4234786,0.0,0.66401154,0.9693831,1.0363413,0.8354553,0.68938875,0.8651607,1.1731492,1.4231471,1.0525438,1.3934505,0.55912364,1.3252308,1.3661981,0.6646461,1.3562329,1.2236222,1.1034218,0.592061,0.8084349,1.2618513,0.8362341,0.7039763,0.8091986,0.9153457,0.5597323,0.8077043,0.75196445,0.9931539,1.0270126,0.9079281,0.9056522,1.4566373,0.9229675,1.1972336,1.0581205,1.2703909,1.3721774,1.2698476,0.5477708,1.475555,0.5976491,1.3408872,0.94137424,0.97253484,1.1654987,0.9149138,1.1948874,0.58978045,1.0650171,1.0832634,0.5629314,1.0672225,0.4091028,1.231828,0.70595753,0.98174906,0.4614988,0.7841927,1.0658153,1.478595,0.46590292,0.49805415,1.4658725,0.82451475,1.0107117,0.722425,0.8983417,0.3667606,1.1854949,1.3204712,1.1991378,1.0273136,1.204412,0.6413009,1.3131977,0.68402624,1.334821,1.3480775,1.1974815,1.0992302,1.2215152,0.8440423,1.0242105,0.4963085,0.8320056,0.45377982,0.51899993,0.88220054,1.2143492,0.7246003,1.3198612,1.0566573,1.2660867,1.2012317,0.5349678,0.51247156,1.0128738,1.0196596,1.1810505,1.0167472,0.97120285,1.0622698,0.83600855,1.1586686,0.76332796,1.1318798,1.133358,0.9946072,1.3662804,1.2038509,1.1638225,0.98421353,0.8313738,1.1097056,0.9134197,0.6763353,0.8537135,1.3440398,1.2070677,1.4240574,0.25537848,1.3143958,0.6767887,0.33197963,1.2401127,0.7592265,1.3460351,0.865389,0.85221905,1.20045,1.1440446,1.49616,0.6651294,0.3094107,0.59722304,0.8653741,0.810849,1.0082288,1.4780062,1.2561938,1.3543919,1.0842235,0.9967464,0.30843925,1.2957132
apple,1.4278998,0.66401154,0.0,0.5095447,1.3756704,0.49795294,0.3111019,0.40337706,1.0865972,1.513638,1.2490815,1.5151346,0.7261187,1.60906,1.5142591,0.7173103,1.4958386,1.1466115,1.0177053,0.52639693,0.562485,1.1833779,0.60659766,1.0020908,0.75090873,0.7771511,0.83776045,0.7440792,0.7363275,1.2453258,1.3992628,0.6307361,0.76800716,1.5053458,0.7430816,1.2916654,0.84216154,1.0131065,1.5222726,1.0472412,0.4454375,1.4459703,0.4961121,1.1084605,1.0856364,1.0611513,1.3305364,1.1638861,1.3609824,0.9307749,0.7120226,1.1795778,0.70103747,1.1174699,0.69749063,1.1577849,0.54540527,0.65623736,1.0150907,0.8061582,0.73242277,1.3132799,0.7241119,0.81329906,1.3808056,0.47498953,1.2294713,0.5160154,1.171118,0.6649839,1.2216169,1.4219201,1.4728358,0.943467,1.495155,0.7771643,1.5492578,0.7367656,1.1229745,0.8622714,1.1301708,1.1892788,1.3445132,0.9569125,0.7317982,0.38035667,1.0379196,0.8906256,0.62786245,0.1581105,1.4003394,0.83424234,1.523695,1.4018102,1.1408877,0.9939791,0.5786555,0.54277045,0.9520053,0.6312996,1.2083786,1.2191733,1.0878392,0.89343905,0.54224277,1.0517128,0.71007186,0.60012573,1.2327337,1.0068185,1.424327,1.2214351,0.80894464,1.199807,0.8879479,1.4259056,1.1708045,1.1599795,0.8446129,1.3934748,1.2075946,1.4374532,0.566041,1.290555,0.57646865,0.9823292,1.2120465,0.6924805,1.2897089,0.9831208,0.585963,1.3599021,1.4143168,1.5078038,0.34439683,0.5733466,0.64184076,0.8998182,1.0730977,0.6754084,1.2866256,1.1562103,1.364507,1.0070963,1.3583555,0.57452464,1.3268487
applesauce,1.1584743,0.9693831,0.5095447,0.0,1.1153817,0.7081996,0.6514791,0.65465355,0.9653335,1.1534282,1.2109277,1.2371655,1.0241343,1.263124,1.2393558,0.974648,1.2451394,1.0579889,1.0518249,0.8012038,0.66795456,1.0454835,0.5981778,1.0838573,0.6872742,1.0183619,0.9872249,1.0347503,0.9030553,1.2474234,1.2257247,0.6372005,0.89739615,1.2782983,0.8513026,1.1046112,0.8064107,0.8962549,1.2302345,0.95852894,0.9200776,1.1734123,0.7387133,0.90679455,1.1364322,1.0373399,1.2250271,1.1485835,1.2230463,1.0996327,0.633291,1.1464822,1.056734,1.1736526,0.99488324,1.1703181,0.91800237,0.8391316,1.1043851,0.8989717,0.8734925,1.0668471,1.125847,0.9511409,1.1768012,0.7643781,1.2019807,0.9065194,1.101117,0.98565054,1.1008084,1.1684343,1.3165908,0.7413629,1.2742506,0.94143707,1.3166379,0.9535412,1.0232074,0.46419573,0.9883856,1.0447078,1.2667971,1.01421,0.7258433,0.92948973,0.9919498,1.0832742,0.96831644,0.42779505,1.1596216,1.0314987,1.2731946,1.2885058,1.0343459,0.94409746,0.9419586,0.9396542,0.852903,0.49481642,1.1017729,1.1221435,1.1897463,1.0264229,0.75735533,0.9952549,0.8171523,0.7181893,1.1677612,0.93582284,1.1215672,0.9619918,0.9628575,1.2189504,1.0230707,1.266006,1.1252193,1.1949995,0.96015954,1.2156614,0.8669468,1.083367,1.0136849,1.1654241,0.75524163,1.044112,0.9692502,0.8137202,1.0750414,1.0206705,0.8882581,1.2582678,1.251478,1.2076951,0.6215035,0.98315185,1.0673137,1.0816875,1.0691867,0.9024667,0.99028486,1.087559,1.287297,1.06377,1.2319113,1.0424882,1.2075844
arm,0.6266607,1.0363413,1.3756704,1.1153817,0.0,1.3130322,1.3790127,1.2560372,1.252999,0.7078159,0.8993006,0.60848427,1.2945764,0.57539654,0.5142764,1.3253272,0.6689683,0.79097176,1.1340128,1.4206481,1.4149324,1.0594802,1.1895787,1.2058889,1.3616033,1.268729,1.2691712,1.4038982,0.7545145,0.86364144,0.86701995,1.253293,1.3380368,0.7476436,1.1890233,1.0171624,1.1552572,0.77513266,0.56186587,0.83538723,1.3572786,0.83067894,1.4417422,1.1404918,0.9980258,0.80942273,0.88688815,1.0469738,0.71515375,0.79723454,1.1061715,0.9889937,1.1663381,0.82032967,0.7659615,1.0685188,1.2323226,1.3062143,0.5473363,1.3078444,1.2871487,0.86245394,1.077773,0.97727334,0.8420029,1.2505085,0.67849827,1.3896401,0.3774076,1.1213912,0.90344137,0.8580785,0.6571805,1.203432,0.49914902,1.2361212,0.74207103,1.3290708,0.7917481,0.96350276,1.0272893,0.5612552,1.0017298,0.8677184,1.0297459,1.3113198,1.0440731,1.019812,1.0623494,1.2383447,0.8781486,1.2987199,0.47526282,0.6252072,0.8741919,1.0615062,1.3258569,1.272291,1.2025089,1.1559811,0.8747457,0.8199981,0.83685887,1.2389375,1.4680597,1.0843482,1.0789869,1.0568506,1.081818,1.1470113,0.90654284,0.87478364,1.1208142,0.96117145,1.2702575,0.4639297,1.0560043,0.80064285,1.2274233,0.85040116,1.0188988,0.7630043,1.2064457,0.944348,1.381531,0.7677988,0.8810049,1.3393617,0.902822,1.0561564,1.3597085,1.0364656,0.492837,0.66435915,1.4663734,0.9274005,1.0853101,0.9978807,1.0464399,1.3933944,0.9243106,0.98197305,0.9524791,1.0915465,1.0334395,1.1438386,0.83051085
ball,1.267364,0.8354553,0.49795294,0.7081996,1.3130322,0.0,0.3775968,0.88697875,0.9154389,1.2989094,1.1054492,1.2112784,0.9587216,1.351268,1.226776,0.882217,1.2012259,1.1047086,0.9990795,0.7598001,0.81820416,1.010545,0.8453605,1.1000725,0.7916781,0.9410474,1.0279531,0.88736856,1.0823052,1.2010933,1.263771,0.93702847,0.67312807,1.2846683,0.7778194,1.1611708,0.8601123,0.9853161,1.2281764,1.2075869,0.82013154,1.1821249,0.70240635,1.0110519,0.96065515,0.89667124,1.2195535,1.2810295,1.2014592,1.1101767,0.6236712,1.1165937,0.9288647,1.1382215,0.98738015,1.135497,0.86773145,0.78142524,1.087695,0.936846,0.8184481,1.0950794,1.0646745,0.8507403,1.0985138,0.6594789,1.2064614,0.9212004,1.1540303,0.77594507,0.98748887,1.1275101,1.2935158,0.8269734,1.3389487,0.990241,1.3383448,0.91548103,1.1589239,0.90985954,1.040725,1.0476029,1.0973434,1.0531032,0.7552107,0.73958516,1.0373611,1.0428208,0.86404765,0.554399,1.2653102,0.82037544,1.3081434,1.3324099,0.98959553,0.9210601,0.87455595,0.92158955,0.8634275,0.98152333,0.9769453,1.0911918,1.2022779,0.9397272,0.8539841,0.93434095,0.9069913,0.756497,0.97986203,0.7956178,1.2336154,1.0425603,0.8825681,1.1523541,0.9143394,1.3020349,0.9612375,1.1223474,0.9858019,1.2216254,1.0901945,1.1264846,0.92389965,1.1312277,0.82183284,0.98641825,0.98263294,0.85473245,1.0993602,0.998132,0.6766025,1.1375337,1.2981282,1.1894792,0.51656306,0.912658,1.0441107,1.0854423,1.0915208,0.5818762,1.0971941,1.0804746,1.1355133,1.1650658,1.1764753,0.94586563,1.2149751
balloon,1.3036082,0.68938875,0.3111019,0.6514791,1.3790127,0.3775968,0.0,0.7429249,1.0452781,1.4119064,1.1766744,1.4056835,0.75690126,1.441365,1.3994378,0.7247652,1.3525493,1.1340168,0.9876864,0.5899875,0.71808463,1.0944773,0.85779583,0.9030967,0.68252087,0.76834124,0.78724694,0.78405875,0.8806941,1.171624,1.217513,0.8377614,0.73847246,1.4092642,0.6770464,1.164436,1.0186331,0.9736435,1.3963382,1.2170871,0.5795603,1.3038422,0.54357433,1.0854104,1.0563158,1.0494934,1.243847,1.1210551,1.2794914,1.0282073,0.6749982,1.1247313,0.83643854,1.200181,0.8721428,1.088169,0.62111485,0.7655861,1.0787896,0.9215691,0.74184346,1.2876084,0.89408827,0.6640979,1.2733603,0.49028313,1.2233955,0.68992645,1.2335091,0.61979926,1.0971215,1.2805882,1.3257196,0.8811846,1.4026898,0.8663018,1.4116087,0.7793323,1.167333,0.8900581,1.1440583,1.0372703,1.2268624,1.0819892,0.90007716,0.54611576,0.9475167,0.93313175,0.78404874,0.45739895,1.3202487,0.83398974,1.4470434,1.2983568,1.0783265,1.1042767,0.64953816,0.7047607,0.89908457,0.809359,1.1330326,1.0814865,1.120242,0.84226966,0.71999186,0.9862507,0.92851985,0.81500894,1.089327,1.008568,1.3553138,1.1434357,0.77816856,1.1139828,0.8134752,1.3686876,1.1105826,1.0154216,0.8514352,1.3136089,1.1499962,1.210641,0.70901537,1.210789,0.5784918,0.8388066,1.1320046,0.79521954,1.1738944,0.97046185,0.6366218,1.2641034,1.3535671,1.3847039,0.4106986,0.7869132,0.84580016,0.8722236,0.9573864,0.63963646,1.2529423,1.1818539,1.2587926,1.0135926,1.1637032,0.7203257,1.2719014
banana,1.1718875,0.8651607,0.40337706,0.65465355,1.2560372,0.88697875,0.7429249,0.0,0.9666387,1.4448539,1.2357837,1.4411561,0.83886963,1.4918985,1.4021856,0.72889143,1.3913114,1.1558759,0.9862377,0.7008265,0.59323883,1.1008986,0.5139577,0.96717095,0.81063884,0.76844215,0.9259747,0.84056413,0.7423805,1.313276,1.2869768,0.42744046,0.91611946,1.4140898,1.037189,1.1218861,0.76267505,0.776795,1.4337304,0.8326049,0.6490838,1.3683738,0.7237395,1.0565348,1.0653063,0.9722262,1.3332661,1.1205604,1.2584188,0.9916952,0.9409488,1.1949959,0.88253975,1.1603178,0.8684963,1.1095927,0.70628476,0.5778955,1.0477102,0.67680424,0.68798363,1.251651,0.8958511,0.7899504,1.3489734,0.6703563,1.2859979,0.6450248,1.1252191,0.8906758,1.1936185,1.2506557,1.3759419,0.9302637,1.3279228,0.6788235,1.3877003,0.8658061,1.0768081,0.79581213,1.0220811,1.0556871,1.2357125,1.0347098,0.7514856,0.7410705,0.9518664,0.9712314,0.9054954,0.45129395,1.3148358,0.8414711,1.3782179,1.2979646,1.169795,0.9245871,0.6911042,0.6807486,0.93657696,0.540576,1.1874274,1.1701373,1.180987,0.73888975,0.64568955,1.030759,0.6159725,0.63295,1.0663068,0.9836798,1.3110281,1.180598,0.8607854,1.0434601,0.7669708,1.4095484,1.0459713,1.0742575,0.81230825,1.3375213,1.1349052,1.2851504,0.79645026,1.3579973,0.76438236,0.9824725,1.1295897,0.6410354,1.1804366,0.96258795,0.79245794,1.1855825,1.382999,1.4124582,0.5636678,0.83077264,0.8325513,0.95492107,0.9443689,0.74812603,1.0749291,1.1635119,1.2892779,0.9793215,1.1947873,0.79328364,1.3268485
basket,1.1653284,1.1731492,1.0865972,0.9653335,1.252999,0.9154389,1.0452781,0.9666387,0.0,1.0411887,1.2306011,1.1297829,1.0276097,1.1017121,1.1291445,0.97507864,1.1131107,1.1250932,0.55905026,0.77165693,0.65607107,0.4117183,0.96468043,0.77306736,0.4764712,1.1119398,0.8306547,0.76216835,1.3339304,1.2935193,0.8416579,0.8239893,0.6934688,1.0041326,1.0699024,0.57158697,1.0199435,0.91655594,1.1618631,0.9850152,1.0089561,0.82604384,0.7392087,0.67163557,1.2000585,1.0234413,0.95040035,0.8322123,1.1198068,1.370762,0.81673944,1.1269954,1.2727057,1.2515612,1.2956156,0.9499787,1.1180031,0.78051686,1.2851644,0.75556576,0.9434993,0.7882779,1.3356605,1.0416828,1.100889,0.83638704,1.3100443,0.9946327,1.2189062,1.2291932,1.0473003,1.0441313,1.2981077,0.63139546,1.3442855,0.881021,0.9458483,0.7890619,1.1132536,0.80788136,0.6566085,1.2061807,1.0029402,1.282879,0.8894574,1.1746097,0.7224779,1.1027672,1.2276894,1.0332297,0.8992888,0.86899626,1.221877,1.4093071,0.83363104,1.0454478,0.92894757,1.026483,0.9809014,0.92777765,1.0574629,1.000968,1.1895975,0.80634236,0.68715763,1.0463423,1.1181612,1.0745766,0.7051139,0.6034538,0.74486727,1.1246905,1.0584023,1.0235755,0.8412764,1.3394698,0.9017537,1.0557564,0.86764765,1.0312451,0.7446502,0.92593396,1.212533,1.1684995,0.78997976,1.1819546,1.0744053,0.75367945,1.0445305,0.95745933,0.8233063,0.86348546,1.3559585,0.9900233,0.8204402,1.2783515,1.3282678,0.9744721,0.81529915,0.61960506,0.58939916,0.93996376,1.0308228,0.90485275,0.7693334,1.2825081,0.9748751
bathtub,0.7036781,1.4231471,1.513638,1.1534282,0.7078159,1.2989094,1.4119064,1.4448539,1.0411887,0.0,0.6637155,0.47362745,1.3220251,0.43628109,0.61582744,1.3247924,0.62807834,0.69646996,1.149641,1.4421558,1.3124394,1.0203959,1.3515614,1.2391411,1.2355009,1.3059688,1.233042,1.2600245,1.1695057,0.66847074,0.827493,1.2921944,1.1104232,0.41435254,1.1107496,0.8315865,1.1729379,1.041482,0.52059054,1.0668743,1.4069486,0.504232,1.3961798,0.8160172,1.2683623,1.2721802,0.45902824,0.93081975,0.9185988,1.2423887,1.0993776,0.5907071,1.311058,0.8878695,1.3420697,0.922255,1.3619704,1.2620034,1.2723141,1.2424021,1.2888256,0.5776433,1.3001897,1.499582,0.56183445,1.4611708,0.80647206,1.4074435,1.0318415,1.4309018,0.90258867,0.56402683,0.55398476,1.1900787,0.64529634,1.2507304,0.55299336,1.0856199,0.84750223,0.82547164,0.9335701,1.0786699,0.84867024,1.0565317,1.328595,1.4100105,1.1618441,1.3717332,1.3229955,1.368711,0.49860054,1.3335496,0.63541794,0.71099913,0.873329,1.0521647,1.3469262,1.3611789,1.139695,1.0977216,1.0370953,1.0042223,0.9787752,1.2571094,1.2846375,1.1050148,1.3253013,1.2023807,1.1198165,1.060279,0.4377467,0.60081804,1.2262052,1.1367693,1.2032788,0.5979973,1.1948293,1.1864365,1.17054,0.41727364,0.5455152,0.3610747,1.4749825,0.44240105,1.393254,1.2941401,0.7710128,1.291383,0.6534188,1.0313374,1.3680118,0.9399025,0.594828,0.46570313,1.4233683,1.4300678,1.3461915,1.116429,1.1690134,1.3192397,0.6682055,0.71104836,0.6862208,1.1072737,0.87296605,1.4226213,0.47644943
bear,0.79398215,1.0525438,1.2490815,1.2109277,0.8993006,1.1054492,1.1766744,1.2357837,1.2306011,0.6637155,0.0,0.5662519,1.0825269,0.7965512,0.6677877,1.0970674,0.58090985,0.89982134,1.2214626,1.2338889,1.2745392,1.2574146,1.1554358,1.1404405,1.3706801,1.1287365,1.2106296,1.0947579,1.1343075,0.41947776,1.0878903,1.1586703,1.1766415,0.89851135,1.0070722,1.017247,1.0226808,1.1058187,0.6332725,1.0494471,1.145085,0.94434124,1.2623099,1.0739467,0.85872775,1.1650553,0.8824055,1.18623,0.89826614,1.1220143,1.1867998,0.31120145,1.030365,0.98346734,1.1192815,0.9306546,0.99658555,1.1486571,1.050257,1.1937529,1.1626208,1.0044531,1.0972139,1.0541424,0.5904161,1.2978615,0.9164324,1.1908646,1.1065193,1.0990207,0.93822753,0.8277279,0.593228,1.2872908,0.642322,1.2049658,0.9544482,1.1086379,1.0425087,1.1704371,1.0687605,0.9928648,0.9858355,1.0625106,1.1521924,1.0748625,1.1019593,1.164221,1.0909301,1.2216473,1.028214,0.9883466,0.62196016,0.70386636,1.1428969,0.9555504,1.1523093,1.1410384,1.0268319,1.2024816,0.96826816,0.77978694,0.84856296,1.1102055,1.2546245,1.0831138,1.1766993,1.1209295,1.1054999,1.1612583,1.00396,0.6069082,1.1687987,0.9396568,1.1906496,0.70367026,1.098984,0.867306,1.2066774,0.876096,1.0473995,0.7561396,1.1028506,0.4352138,1.2251438,0.9526482,0.8959091,1.2817147,1.0200279,1.0815413,1.2053622,1.0834932,0.73174506,0.87322235,1.2591943,1.1260295,1.0867709,1.1768228,0.98580855,1.2531505,1.1285994,0.7712834,0.9252314,1.1293426,1.1129552,1.0707223,0.7727303
bed,0.6025162,1.3934505,1.5151346,1.2371655,0.60848427,1.2112784,1.4056835,1.4411561,1.1297829,0.47362745,0.5662519,0.0,1.435368,0.36594057,0.26609576,1.425105,0.11646783,0.6257708,1.0195732,1.538971,1.4796548,0.90840316,1.3404999,1.215458,1.474081,1.2702124,1.4628935,1.3459536,1.2630507,0.80478585,0.72255874,1.3565353,1.3060777,0.41354054,1.2868044,1.0442861,1.0099664,0.98074013,0.056081653,0.9856502,1.5394206,0.4254439,1.5548832,0.91762197,0.92532146,0.89475036,0.8408764,1.0824996,0.6037077,1.1455816,1.1971989,0.86698693,1.3086367,0.8049336,1.3413804,0.9641626,1.3996716,1.276819,1.13997,1.4147028,1.2585584,0.74024796,1.3147829,1.2981223,0.3499217,1.4052167,0.7548576,1.3881534,0.9525113,1.2973516,0.86613566,0.6671847,0.44579613,1.2438486,0.41844428,1.5123081,0.57186234,1.4576392,0.85274494,1.0325471,0.9459227,0.82078975,0.7870208,1.0356681,1.1374671,1.424706,1.1401079,1.3611195,1.3441119,1.3828285,0.86600614,1.2066684,0.28720355,0.62339914,0.85232735,0.86487186,1.5697789,1.5374833,1.1238683,1.2860231,0.8647522,0.54498136,0.8211533,1.1879231,1.4851679,0.982041,1.2963041,1.0685006,0.94298023,1.146939,0.7446743,0.667357,1.2087111,0.91261286,1.3603684,0.5072973,1.0580515,0.9636268,1.3825994,0.58142155,0.9843744,0.53337634,1.4810354,0.55092597,1.4790595,1.0990726,0.8453859,1.509483,0.8820434,1.1965533,1.3792994,0.8130008,0.47809708,0.33828342,1.4989413,1.4026945,1.3832822,1.3221382,1.0353531,1.1861347,0.77867895,0.8079596,0.5546856,1.1866744,0.9798673,1.4512203,0.66610134
belt,1.3566803,0.55912364,0.7261187,1.0241343,1.2945764,0.9587216,0.75690126,0.83886963,1.0276097,1.3220251,1.0825269,1.435368,0.0,1.3018258,1.5020933,0.5621979,1.363317,1.2687731,0.9238187,0.51028,0.6306529,1.1780673,0.9772305,0.6158236,0.71141976,0.7967948,0.3035391,0.585732,0.8769227,0.77524817,1.0807651,0.8010628,0.8085884,1.4356564,0.81687,1.0011988,1.1915448,1.2958323,1.4320668,1.296894,0.32432127,1.4533155,0.46363717,1.262216,0.9355227,1.2795963,1.0513005,0.6340717,1.3580801,0.90070677,1.1456707,0.8658871,0.6317707,1.2178645,0.6972306,1.0727466,0.55267954,0.9011018,0.8753764,0.68072355,0.9747321,1.4955271,0.62834793,0.6556305,1.3540778,0.8586555,1.2377752,0.6826503,1.180661,0.7045417,1.2151288,1.2789824,1.2648047,0.9850567,1.2262151,0.54128325,1.3347732,0.4910394,1.1641796,1.278021,1.1919398,1.3447757,1.1648647,1.0572026,1.1557591,0.48135257,0.7280873,0.5918148,0.7991997,0.9324965,1.0122308,0.7763766,1.419584,1.0475762,1.0764638,1.2410804,0.3092596,0.32472795,0.96742547,0.86056066,1.2262003,0.9425281,1.0676247,0.9817326,0.5584204,1.1906972,0.91007483,1.2336994,1.0881336,1.0124273,1.2571228,1.2311805,1.1684648,1.0482314,0.7190039,1.2915201,0.9415914,0.7884403,0.73363996,1.323775,1.0179195,1.4238849,0.27476943,1.1493075,0.64900917,0.5723863,1.2931117,0.6806802,1.1354582,0.86499774,0.78055465,1.1536021,1.3011348,1.5036111,0.72432077,0.6378027,0.56059223,0.6802516,0.6760067,0.9638089,1.3150182,1.155257,1.3086863,1.0146067,0.9492675,0.4193585,1.1752806
bench,0.7443653,1.3252308,1.60906,1.263124,0.57539654,1.351268,1.441365,1.4918985,1.1017121,0.43628109,0.7965512,0.36594057,1.3018258,0.0,0.5152788,1.3817141,0.37280542,0.56308126,1.1475507,1.5459604,1.4638762,0.86959964,1.3640959,0.9870395,1.3596859,1.2313792,1.1168633,1.3773065,1.0887173,0.8042824,0.39085138,1.3450766,1.370742,0.39013153,1.1245549,0.8044579,1.1482494,0.9793545,0.3221748,0.9117625,1.5271411,0.4180417,1.5355743,0.97818756,0.95266503,0.97729933,0.5960543,0.6261172,0.67278683,1.101891,1.2111824,0.871826,1.2754878,0.93705225,1.2602648,0.97341514,1.4440649,1.4337168,1.0041944,1.3849375,1.4114391,0.79461956,1.2779155,1.2423166,0.55069584,1.5162816,0.8433913,1.4250752,0.896155,1.3369963,0.9186414,0.71999574,0.5318791,1.2296654,0.43033957,1.3165526,0.28888935,1.3162372,0.77187234,1.0170987,1.0188186,0.74301493,0.7316685,1.0502732,1.2381178,1.484036,1.0082953,1.208595,1.3072927,1.4546071,0.49257004,1.2901981,0.4944123,0.5090071,0.97236156,0.99556386,1.4823973,1.4630468,1.0432991,1.2432262,0.88780296,0.61886215,0.8322806,1.2675122,1.4828699,1.038225,1.3438883,1.1290662,0.9227338,1.1296166,0.58964634,0.74902636,1.2214737,0.98120105,1.3341546,0.58433056,0.99717003,0.9127062,1.2296662,0.4810667,0.75128233,0.5904586,1.3737011,0.6778858,1.4521208,0.9436334,0.9381502,1.4692733,0.8622725,1.051669,1.4828843,0.73464525,0.56431866,0.42034376,1.5727588,1.3853798,1.2399936,1.203973,0.95497316,1.3871585,0.780172,0.89330304,0.6788575,1.0064032,0.72920704,1.4095013,0.6735666
bib,0.49487007,1.3661981,1.5142591,1.2393558,0.5142764,1.226776,1.3994378,1.4021856,1.1291445,0.61582744,0.6677877,0.26609576,1.5020933,0.5152788,0.0,1.454709,0.23359305,0.67181003,1.0163505,1.5679655,1.5311251,0.91427577,1.357551,1.3620491,1.4270165,1.2898864,1.5545039,1.4132384,1.1767801,0.8445813,0.91297257,1.3424995,1.336909,0.59296167,1.2988449,1.0320282,1.0060333,0.77315867,0.27723944,0.79052955,1.6052356,0.5151403,1.6106989,0.90009964,0.9203534,0.70841676,1.0014892,1.223173,0.36698925,1.0663995,1.1142786,0.8944367,1.3310958,0.7989273,1.2690116,1.0365413,1.3664564,1.2936461,1.042243,1.4754364,1.1427268,0.63621587,1.3251315,1.1056917,0.45851886,1.2295756,0.7215127,1.4131204,0.7535109,1.2164795,0.78779566,0.74724174,0.42883945,1.1857481,0.3671127,1.5756423,0.72390145,1.605565,0.72527236,0.931689,0.90465,0.50215447,0.92759675,0.9965578,1.0673223,1.493748,1.0862664,1.2049725,1.2961652,1.346263,0.9761511,1.1936028,0.12430662,0.5893124,0.7967733,0.8472016,1.6240112,1.6218204,1.1285123,1.219954,0.7753281,0.6251551,0.7832449,1.1467907,1.5342711,0.9321732,1.27087,0.96150786,0.85765976,1.2021126,0.88901114,0.7229276,1.059668,0.6846111,1.3093282,0.40086615,0.95981276,0.8206398,1.4456387,0.7600013,1.0753257,0.49068344,1.5273823,0.72543865,1.4874082,1.0686874,0.77994895,1.5392368,0.87524533,1.3162796,1.309571,0.9152996,0.46083665,0.44396913,1.4954847,1.3827293,1.3087435,1.2081237,1.0249821,1.1537611,0.73806,0.8948871,0.6537779,1.1289389,1.143333,1.4462757,0.8261644
bird,1.0928936,0.6646461,0.7173103,0.974648,1.3253272,0.882217,0.7247652,0.72889143,0.97507864,1.3247924,1.0970674,1.425105,0.5621979,1.3817141,1.454709,0.0,1.3847121,1.2979409,0.9043907,0.52370226,0.6960441,1.2014139,0.8757133,0.7703439,0.8084489,0.69899917,0.65538335,0.45127648,1.0384452,0.99966365,1.0947291,0.7423731,0.6904467,1.4060462,0.88392925,1.0536355,1.0530342,1.2172495,1.4191921,1.1925306,0.49994284,1.3683095,0.5773032,1.2296376,0.8830227,1.1198888,1.2076406,0.943231,1.308942,1.1380634,1.0588096,1.003804,0.8350289,1.2849615,0.90635127,1.0859311,0.4056607,0.68297976,1.0081612,0.52482086,0.606981,1.3429699,0.8931508,0.7041918,1.3669821,0.8411368,1.2728503,0.65258867,1.2542398,0.75934356,0.972242,1.203574,1.3544905,0.88181305,1.374507,0.5153118,1.2730744,0.5339237,1.2361177,1.1925738,1.1601906,1.3131922,1.0426332,1.1889827,1.1051462,0.6589645,0.8845686,0.7944654,0.9391426,0.9269277,1.134073,0.5616735,1.4484801,1.2602367,1.129647,1.1816789,0.4371754,0.50597495,0.68352574,0.9745729,1.0718596,1.0428767,1.1668462,0.74272656,0.70462203,0.9939283,0.9191898,1.2242488,1.0887873,0.92258185,1.2531872,1.2237983,0.90520704,1.0588653,0.5761044,1.3663553,1.0030769,0.96338737,0.5478602,1.284827,1.0525057,1.3455241,0.5731066,1.1643133,0.6418991,0.8370102,1.221163,0.5141975,1.1055917,0.7530532,0.79826283,1.0099512,1.3755308,1.4671123,0.6320895,0.8163086,0.8787414,0.8023571,0.85792875,0.8756453,1.3560958,1.0532067,1.2189014,1.0461662,0.88669777,0.6822846,1.0988913
blanket,0.5637195,1.3562329,1.4958386,1.2451394,0.6689683,1.2012259,1.3525493,1.3913114,1.1131107,0.62807834,0.58090985,0.11646783,1.363317,0.37280542,0.23359305,1.3847121,0.0,0.66312486,0.9604973,1.5255675,1.4574955,0.8657655,1.3085374,1.1711822,1.4469165,1.2236243,1.4177449,1.3534681,1.2291344,0.83534884,0.7925501,1.2963859,1.2889478,0.5603248,1.24371,1.0050973,0.9526146,0.9291083,0.18280095,0.8881177,1.5014522,0.54162484,1.5472734,0.97525877,0.8673508,0.8309356,0.94763905,1.037287,0.49082315,1.1199255,1.2413882,0.85632765,1.2734802,0.9174167,1.3119245,1.0155567,1.3204675,1.2575276,1.1187137,1.3898171,1.1490922,0.820041,1.2977898,1.1671433,0.3765248,1.2977388,0.8708628,1.334809,0.9329978,1.2546748,0.82340807,0.7786382,0.5362013,1.218635,0.43265402,1.4858699,0.67863995,1.4897926,0.8092823,1.0232966,0.95877934,0.6778327,0.89241195,1.050498,1.102798,1.4191388,1.0398673,1.2384621,1.297776,1.3714263,0.9269304,1.1338991,0.26021385,0.65310603,0.8636685,0.8012522,1.5281498,1.5170891,1.0854065,1.222979,0.78379923,0.38381785,0.80910796,1.1319566,1.4701927,1.004872,1.2912927,1.0160477,0.8584075,1.1752638,0.89024746,0.6953243,1.1482621,0.8264188,1.3034481,0.61545515,0.97030365,0.8093445,1.3866855,0.68243635,1.0350873,0.59967875,1.4227408,0.65685713,1.4600561,1.0124292,0.8626884,1.4924414,0.945378,1.2041671,1.3025954,0.9103107,0.6299428,0.4830439,1.4623246,1.3957952,1.305279,1.3086379,0.89732033,1.1278955,0.7872555,0.87259877,0.7034428,1.1760981,1.0527651,1.4031844,0.7696912
boat,0.8916526,1.2236222,1.1466115,1.0579889,0.79097176,1.1047086,1.1340168,1.1558759,1.1250932,0.69646996,0.89982134,0.6257708,1.2687731,0.56308126,0.67181003,1.2979409,0.66312486,0.0,1.0595345,1.3030937,1.2432674,0.9348145,1.1728556,1.1592492,1.1676722,1.1715021,1.1656882,1.1698662,1.0356624,0.8518431,0.87513113,1.1396375,1.2310051,0.5818504,1.0447321,0.9813619,1.0813267,0.957885,0.5956304,0.8075901,1.3639295,0.6459676,1.3025161,1.0359491,1.0426321,1.0303261,0.74609077,1.0222204,0.90127873,1.0689914,0.9954609,0.9143112,1.2003596,0.865561,1.2368112,0.9662848,1.2615696,1.1591185,1.0969286,1.3539209,1.2366436,0.8147805,1.1728755,1.1826283,0.7743572,1.2529664,0.8255073,1.1805502,1.0035039,1.1130998,0.93739,0.9820681,0.7082118,1.0265934,0.7308688,1.3781873,0.73815,1.2654318,0.74140596,0.89665395,0.92884684,0.8754162,0.844911,1.0430903,1.0223516,1.2302756,1.0642383,1.2547767,1.2001381,0.9588081,0.7587893,1.2200456,0.7270808,0.7047452,0.98906875,1.0434773,1.3884573,1.3576645,0.98081946,1.0808811,1.0560325,0.7898499,0.90871656,1.1385221,1.2335641,1.0506217,1.149137,0.8211039,1.0464158,1.1295193,0.78361917,0.86516726,1.1194217,1.0331373,1.3559977,0.73539174,1.0223844,1.0476214,1.3193547,0.6908165,0.9075944,0.7815722,1.3178968,0.74813557,1.2808628,1.0426824,0.896268,1.345921,1.0454212,1.2182266,1.2714496,0.9221415,0.6749844,0.7107362,1.2357165,1.2781374,1.1996166,1.2828329,1.0724417,1.2659154,0.9484375,0.9740505,0.8623992,0.95024085,1.032785,1.2897257,0.8131249
book,0.9187561,1.1034218,1.0177053,1.0518249,1.1340128,0.9990795,0.9876864,0.9862377,0.55905026,1.149641,1.2214626,1.0195732,0.9238187,1.1475507,1.0163505,0.9043907,0.9604973,1.0595345,0.0,0.85089016,0.83448815,0.37167376,1.0374964,0.8241461,0.81844884,0.97918326,0.98793995,0.80327034,1.0979371,1.3075585,0.9805534,0.93693656,0.7791712,1.1909764,1.0698286,0.95723116,1.0475298,0.9936974,1.0147828,1.0004296,0.8388721,1.0202409,0.863502,0.915119,1.0900811,0.90554404,1.2053667,0.8432947,1.0578306,1.1544464,1.1004579,1.2246324,1.1280565,1.170078,1.0982673,1.0151194,0.9497959,0.8433137,1.1911317,0.8080425,0.7028519,1.0085293,1.1378192,0.98935544,0.97949314,0.6556659,1.2122335,0.7997073,1.033703,1.1245116,0.8158933,1.1278156,1.240479,0.80214894,1.1714796,0.8421805,1.0979129,0.96877456,0.99801594,0.9939777,0.796273,1.1038327,1.1153406,1.1690743,0.99650437,1.0052968,0.8609502,1.0032408,1.1247774,1.0308155,1.0976374,0.95922714,1.0821229,1.2516441,0.42766505,1.0646944,0.8053814,0.87486863,1.0193902,1.0056334,0.90620905,0.9511184,1.0166053,0.9025754,0.74983966,0.98382425,1.0855402,1.107863,0.8595351,0.85264444,1.0162941,1.1650968,0.9147166,1.0529866,0.78423846,1.2827966,0.9020132,0.9787617,0.9770922,1.2135653,1.031363,1.0250751,1.0290955,1.2041162,0.92485833,1.0791488,1.0975007,0.8028761,1.1089108,1.0138919,0.8422315,1.0649031,1.2756358,0.9030391,0.86560464,1.1018896,1.151778,0.8865762,0.8833092,0.5611583,0.663219,1.0177342,1.0401738,0.95238197,1.0010729,1.0783174,1.1032479
bottle,1.5392212,0.592061,0.52639693,0.8012038,1.4206481,0.7598001,0.5899875,0.7008265,0.77165693,1.4421558,1.2338889,1.538971,0.51028,1.5459604,1.5679655,0.52370226,1.5255675,1.3030937,0.85089016,0.0,0.42506588,1.021865,0.8105552,0.646268,0.28510475,0.8958466,0.39586365,0.4500749,0.9945042,1.2158234,1.1187112,0.6568055,0.6396868,1.4328845,0.9612362,1.0869951,1.1109653,1.2896727,1.5483363,1.3126729,0.24820411,1.4806195,0.081071675,1.1014359,1.1607823,1.2297298,1.1016273,1.0088494,1.3205352,1.1429266,0.9739469,1.1486192,0.769775,1.3041742,0.8349884,1.0818378,0.51050574,0.66435,1.0396138,0.641137,0.94336593,1.3880484,0.7772946,0.7343613,1.4898837,0.59159005,1.3694369,0.57019955,1.3389199,0.7779621,1.2142313,1.286613,1.4530938,0.57661545,1.5379343,0.5443341,1.356425,0.4130268,1.322192,1.1373562,0.898826,1.4654816,1.1766496,1.2193657,1.0283586,0.29506963,0.7272164,0.7274738,0.8484682,0.8108685,1.1604017,0.6120172,1.5594316,1.4148319,1.0990148,1.2519333,0.2945689,0.31763637,0.9507945,0.88884443,1.3342091,1.1488307,1.1712176,0.8388405,0.45322973,1.1298828,0.9409118,1.206491,1.0026759,0.7666199,1.1190352,1.2681993,1.1740777,1.0121001,0.66129375,1.4881259,1.0526912,0.99827445,0.4577757,1.2601658,1.0175643,1.4294538,0.45047498,1.3157512,0.21948802,0.842018,1.2442377,0.5453355,1.1547768,0.80317837,0.608302,1.1412268,1.4986436,1.497054,0.36373675,0.6261572,0.8059838,0.5534273,0.74253935,0.64734,1.3605261,1.1130302,1.2857156,1.0022519,0.8666756,0.50891954,1.2557584
bowl,1.4727256,0.8084349,0.562485,0.66795456,1.4149324,0.81820416,0.71808463,0.59323883,0.65607107,1.3124394,1.2745392,1.4796548,0.6306529,1.4638762,1.5311251,0.6960441,1.4574955,1.2432674,0.83448815,0.42506588,0.0,0.9665702,0.6345825,0.74320114,0.39923465,0.9816601,0.5765889,0.5650458,1.0825994,1.2487714,1.1501101,0.541464,0.6342449,1.4493659,0.83431274,0.9975293,0.97114253,1.1250999,1.5000925,1.1150402,0.49614298,1.3437383,0.29715943,0.85438895,1.2271227,1.2432675,1.1968955,0.8944708,1.4073864,1.1855605,0.7587924,1.1323689,0.9262545,1.3026797,0.96826565,1.1132381,0.66431427,0.70101196,1.1515228,0.48005605,0.932341,1.1970501,0.94651616,0.92594767,1.42041,0.67597705,1.4016136,0.5622252,1.3104258,0.9315668,1.246149,1.2732811,1.5538731,0.6645568,1.5637733,0.5248101,1.375823,0.48439825,1.1679978,0.8280518,0.94283867,1.4627044,1.3173559,1.1839521,0.8268926,0.5876472,0.7756891,0.8978375,0.9744614,0.72167766,1.1126069,0.76529074,1.5493014,1.4927697,1.04737,1.1255417,0.47617579,0.4780233,0.9567508,0.607167,1.3001366,1.0727329,1.1597855,0.8731232,0.1417839,1.0955389,0.82177603,1.0883205,1.1597767,0.72487736,1.1181479,1.1614343,1.1328977,1.1685331,0.78408265,1.5085084,1.0912409,1.1109006,0.6473262,1.3230994,0.7145451,1.3397479,0.65116763,1.2708752,0.5753056,1.0003182,0.9590675,0.36848497,1.159095,0.8432703,0.6619151,1.2523836,1.5346223,1.3545251,0.41922152,0.85105115,0.89722294,0.8493835,0.8296945,0.75043523,0.9776986,1.1171376,1.3449271,0.97199,1.0454025,0.7566482,1.23437
box,0.9740715,1.2618513,1.1833779,1.0454835,1.0594802,1.010545,1.0944773,1.1008986,0.4117183,1.0203959,1.2574146,0.90840316,1.1780673,0.86959964,0.91427577,1.2014139,0.8657655,0.9348145,0.37167376,1.021865,0.9665702,0.0,1.0789623,0.8319259,0.67269325,1.1103456,0.95802927,1.0692176,1.1848651,1.3474789,0.71449196,1.0616237,0.90171194,0.9105357,1.0937725,0.9015389,1.050008,0.97314566,0.8854401,0.9305764,1.2106347,0.67291677,0.9977163,0.6568402,1.1380177,0.81473464,0.97519183,0.74989605,0.873232,1.2435937,0.9431526,1.2597928,1.2994303,1.1545545,1.3114411,0.922737,1.3597815,0.9687038,1.1724085,1.0435431,0.9225246,0.84868884,1.3256333,1.11002,0.9223473,0.8583747,1.2022374,1.0745366,1.085961,1.2713873,0.87787676,1.0314221,1.1083915,0.6841472,1.0864456,1.0956508,0.80201924,1.0893385,0.94018656,0.8964887,0.50434935,1.0013627,0.930997,1.197866,0.90297294,1.2812262,0.8459697,1.1401125,1.2276428,1.0279183,0.8640688,1.1099112,0.97926176,1.1825562,0.6980487,1.0340277,1.1902679,1.2382457,0.98521256,1.0391756,0.9448536,0.9117689,1.0812078,0.93082595,0.9981045,0.9956159,1.1510686,0.9117047,0.5716517,0.6635637,0.7510139,1.0760953,0.944201,1.0256431,0.9855001,1.1812642,0.88424575,1.0477023,1.1209584,0.9550467,0.88252956,0.86753625,1.3091421,1.2119737,1.0182558,1.1393923,1.0580975,1.0296638,1.1066164,1.0470374,0.9801476,0.7959557,1.1613553,0.7436226,1.0062463,1.3243387,1.3635727,1.1469922,0.9293336,0.5389124,0.47318012,1.0055219,0.8596518,0.87957746,0.8209657,1.3556757,1.0054021
bread,1.2398655,0.8362341,0.60659766,0.5981778,1.1895787,0.8453605,0.85779583,0.5139577,0.96468043,1.3515614,1.1554358,1.3404999,0.9772305,1.3640959,1.357551,0.8757133,1.3085374,1.1728556,1.0374964,0.8105552,0.6345825,1.0789623,0.0,1.0804214,0.89298904,0.9135996,1.0015993,0.9784927,0.7487085,1.244885,1.2540143,0.42506933,0.91096026,1.3757658,0.87507135,1.1274946,0.2430712,0.97030854,1.3571072,0.70094144,0.82005453,1.3618183,0.7911096,0.9655868,0.99459743,1.0009127,1.2775726,1.1007042,1.2698394,1.0297503,0.77564746,1.1481388,0.955408,1.1955161,0.89868295,1.234216,0.75904316,0.8902696,0.91547054,0.7222725,0.89473706,1.2734712,1.0206007,0.89755136,1.3169532,0.8210795,1.2566946,0.6686942,1.1018622,0.9522697,1.1959666,1.2299287,1.3999248,0.9552674,1.3687594,0.6901108,1.3809355,0.88508934,1.1777118,0.80854106,1.0599782,1.1121039,1.2668376,1.0450497,0.45430696,0.83689713,0.87438935,1.0769572,0.8773367,0.6233724,1.2423314,0.8930259,1.4101152,1.3346937,1.106637,0.5198813,0.8326122,0.8037191,0.9047663,0.6381171,1.0510899,1.1234404,1.2468426,1.0856453,0.60506237,1.0500312,0.44772387,0.756287,1.0534542,0.83705354,1.2436384,0.99567467,0.98718774,1.2530735,0.9491515,1.4126276,0.88271856,1.1764687,0.90640914,1.2658684,1.0777215,1.3391325,0.818897,1.2524375,0.7844824,0.9731908,0.9012185,0.6715572,1.2282826,0.7919884,0.81653714,1.217662,1.3779545,1.3335185,0.67613745,0.78735304,0.951067,1.1652174,0.93293107,0.8726605,0.97290826,1.1340123,1.3514245,1.1077641,1.2631469,0.90559995,1.2967799
broom,1.2704465,0.7039763,1.0020908,1.0838573,1.2058889,1.1000725,0.9030967,0.96717095,0.77306736,1.2391411,1.1404405,1.215458,0.6158236,0.9870395,1.3620491,0.7703439,1.1711822,1.1592492,0.8241461,0.646268,0.74320114,0.8319259,1.0804214,0.0,0.64151657,0.9497302,0.3709349,0.7846946,1.0578363,0.98417574,0.5159147,0.97298324,0.9589952,1.0538712,1.0294863,0.84953016,1.2440261,1.2412189,1.1967397,1.2047216,0.71012557,1.0963695,0.6219781,1.1669062,0.93866473,1.0392622,0.79737735,0.51706517,1.1123482,1.0370116,1.1865493,1.0263168,0.8688917,1.2752993,0.9371136,0.89779186,1.0150548,0.88725084,0.97585833,0.7646357,1.0669065,1.3786213,0.87901264,0.7712362,1.1627976,1.0543563,1.2737888,0.86001,1.2068803,0.90697265,1.1020749,1.154085,1.2018098,0.88266104,1.1923156,0.63045233,0.74516404,0.5758944,1.2546788,1.2715447,1.0121405,1.2444998,1.021477,1.2013807,1.1362287,0.83478117,0.7395334,0.65434813,0.97191197,1.1076393,0.85783935,0.7555407,1.2684243,1.0733867,1.1154246,1.2954688,0.62735534,0.6306074,1.0079299,0.9833879,1.1514587,0.9057312,1.1223288,0.77026993,0.8254898,1.1504257,1.1338317,1.2647264,0.9621203,0.9945663,0.90904635,1.244307,1.1773006,0.8604131,0.7801869,1.2319826,1.0656022,0.8270191,0.5972349,1.0561603,1.0522242,1.1858499,0.6814339,1.2071456,0.6999651,0.68516755,1.2893741,0.75762355,1.2058,0.70395815,0.890245,0.88143474,1.2443757,1.1262969,0.9056297,0.88569796,0.8855256,0.833076,0.71611416,0.9137052,1.1525362,1.1535224,1.102905,0.836228,0.3742448,0.7863261,1.0055848
bucket,1.4506702,0.8091986,0.75090873,0.6872742,1.3616033,0.7916781,0.68252087,0.81063884,0.4764712,1.2355009,1.3706801,1.474081,0.71141976,1.3596859,1.4270165,0.8084489,1.4469165,1.1676722,0.81844884,0.28510475,0.39923465,0.67269325,0.89298904,0.64151657,0.0,1.0314226,0.37318337,0.68287873,1.1489521,1.3014538,0.9387374,0.7683054,0.61760736,1.2911375,0.91772246,0.90341103,1.1388524,1.172543,1.4528805,1.2196921,0.66915214,1.1459938,0.20819438,0.80135417,1.2770544,1.1556121,0.983541,0.88448596,1.2497816,1.2509023,0.7389518,1.2047014,1.0434971,1.3564131,1.0753888,1.082088,0.89793056,0.74406034,1.1264389,0.7817478,0.9505999,1.0804812,1.0808074,0.8103169,1.4261477,0.66170925,1.4172418,0.79526216,1.3057697,0.95320195,1.1563277,1.1920829,1.4175819,0.38963258,1.4920596,0.7725234,1.1926645,0.5325413,1.1987969,0.83871496,0.66584766,1.325191,1.1408353,1.2531598,0.9494416,0.76028883,0.61546206,0.9012803,1.0467522,0.8277154,0.9478258,0.7996494,1.4945971,1.409771,1.027105,1.2401836,0.64644706,0.7114951,0.9074228,0.7598094,1.3059561,1.0686188,1.2386806,0.86092174,0.51052094,1.1187919,1.0151476,1.0503949,0.8274184,0.58581,0.86682737,1.1742289,1.1266353,1.0548986,0.7747284,1.4533358,0.98973936,1.0766698,0.67843723,1.162544,0.7044159,1.125108,0.8085553,1.3544222,0.36722076,0.9112829,1.1080992,0.64031327,1.0897056,0.93842936,0.7270461,1.0230991,1.466193,1.305716,0.47313058,0.9647757,1.0907272,0.8061532,0.7193808,0.6254516,0.9651685,1.1156739,1.2159847,0.9343864,0.77506554,0.91853416,1.1739655
butterfly,0.99142253,0.9153457,0.7771511,1.0183619,1.268729,0.9410474,0.76834124,0.76844215,1.1119398,1.3059688,1.1287365,1.2702124,0.7967948,1.2313792,1.2898864,0.69899917,1.2236243,1.1715021,0.97918326,0.8958466,0.9816601,1.1103456,0.9135996,0.9497302,1.0314226,0.0,0.9088133,0.8208996,0.8995277,1.0411369,1.0701163,0.93308336,0.8888596,1.2448792,0.8585274,1.0782074,0.93486065,1.0764984,1.2754022,1.0801766,0.8143907,1.2073771,0.9225,1.1083366,0.7740518,0.8978115,1.1549238,0.9768629,1.0727482,0.9707673,1.0853795,1.1547241,0.85139924,0.9128512,0.9712668,0.79129493,0.7644936,0.8824338,0.9961822,0.9210242,0.623776,1.2267723,0.8917938,0.7808297,1.1495266,0.8222005,1.0822889,0.69581056,1.136509,0.8281442,0.96415293,1.1947601,1.1763966,1.0845515,1.1583743,0.90166587,1.1666775,0.9491626,1.1143386,1.1370363,1.1371654,1.0158278,0.99130243,1.1317906,1.0574434,0.8544364,0.99464375,1.0098058,0.92399645,0.8718171,1.2618394,0.777329,1.2430637,1.1090894,1.0728569,0.9848463,0.8191986,0.8456365,0.77759635,0.93494046,0.88465434,1.0598985,0.9770265,0.81878185,0.859331,0.89813155,0.86675215,0.8087668,0.95375204,1.0978862,1.3157235,1.2264296,0.5441028,0.99400365,0.8089694,1.1942873,0.9083392,1.0245618,0.9568361,1.1378467,1.2320104,1.2700098,0.775708,1.039767,0.81795347,0.9655994,1.1805964,0.90383935,1.1059012,1.0062093,0.9092986,0.9479101,1.2089757,1.2760081,0.8252634,0.90467596,0.83865404,0.91670775,0.94206405,0.8867613,1.2400645,1.1505781,1.1213096,0.86542106,1.0818359,0.8905449,1.1938565
