,zebra,giraffe,deer,pony,horse,pig,rooster,penguin,bird,duck,fish,butterfly,frog,alligator,owl,elephant,bear,cat,dog,face,hair,arm,hand,leg,foot,ankle,finger,toe,tooth,ear,nose,eye,mouth,stroller,motorcycle,tricycle,truck,car,lamp,chair,bench,drawer,ladder,window,door,closet,shower,refrigerator,oven,crib,bed,couch,table,bathtub,sink,boat,slide,hose,sprinkler,swing,grass,tree,snow,helicopter,firetruck,clock,ball,balloon,pumpkin,egg,orange,apple,potato,strawberry,hat,slipper,watch,nail,raisin,glasses,necklace,carrot,vacuum,broom,mop,stick,shovel,scissors,spoon,fork,knife,pencil,pen,crayon,plant,flower,soap,bottle,cup,can,belt,radio,basket,milk,jar,bucket,tape,bowl,plate,corn,pickle,banana,melon,bread,cookie,toast,cracker,sandwich,chips,pizza,hamburger,muffin,pastry,meat,pasta,sauce,soup,applesauce,glass,coffee,dish,tray,box,book,paper,rock,comb,toothbrush,gum,toy,doll,mitten,glove,sock,shoe,purse,pillow,towel,napkin,blanket,dress,pajamas,bib,scarf,coat,jacket,sweater,shirt,jeans,pants,shorts,cloud,game
zebra,0.0,0.7075396776199341,1.1221545934677124,0.9579501748085022,0.9344006776809692,0.9061081409454346,1.1903197765350342,1.0754680633544922,1.171773076057434,1.0987590551376343,1.0509682893753052,1.2023038864135742,1.1877562999725342,0.8242837190628052,0.622765064239502,0.5938022136688232,0.5757995843887329,0.9187582731246948,1.0167502164840698,1.0047578811645508,1.0327198505401611,0.8201811909675598,0.9921653270721436,0.8654624223709106,0.9781036972999573,1.0960471630096436,1.1147854328155518,1.2039453983306885,1.1236180067062378,1.1096854209899902,1.173701286315918,1.1419875621795654,1.1035112142562866,0.8690179586410522,0.7704873085021973,1.0510456562042236,0.7732846736907959,0.8696460723876953,1.1897125244140625,0.9122625589370728,0.7587682604789734,1.02678382396698,0.8839670419692993,0.7922713756561279,0.9622296690940857,0.9120650887489319,0.814014732837677,0.8306778073310852,0.8577030897140503,0.74773108959198,0.5915737152099609,0.7464144229888916,0.8224131464958191,0.6704381108283997,1.0048630237579346,0.8022331595420837,0.6118423342704773,0.8501051068305969,1.1998885869979858,0.8532061576843262,0.7409201860427856,0.6901624798774719,0.6302037239074707,0.851736307144165,0.9078943133354187,1.1977708339691162,1.2238916158676147,1.2402958869934082,1.2079342603683472,1.2733150720596313,1.2672748565673828,1.257952332496643,1.1337891817092896,1.2565028667449951,1.1889324188232422,1.153259038925171,1.1434335708618164,1.156221628189087,1.154333233833313,1.138597846031189,1.0791279077529907,1.015389323234558,1.1066174507141113,1.0721075534820557,,1.1064918041229248,1.2042603492736816,1.0216084718704224,1.2552616596221924,1.1400246620178223,1.086134433746338,1.1629801988601685,1.1311171054840088,1.1683673858642578,0.9880176186561584,1.067822813987732,1.3946229219436646,1.2205071449279785,1.2561328411102295,1.0925028324127197,0.9892197251319885,1.1917531490325928,1.000685453414917,1.1502399444580078,1.2435013055801392,1.20164155960083,1.2891234159469604,1.287318229675293,1.2589194774627686,1.015753984451294,1.256212592124939,1.2192367315292358,1.1712539196014404,1.3031030893325806,1.217330813407898,,0.9264695644378662,0.825061023235321,1.2691415548324585,1.196021556854248,1.2748876810073853,1.0151300430297852,1.1209771633148193,0.889367401599884,,1.1107239723205566,1.1215766668319702,1.281512975692749,0.9395960569381714,1.0479869842529297,1.1839181184768677,1.1127349138259888,0.9843843579292297,1.108625054359436,0.9230149984359741,0.7779922485351562,0.768135666847229,0.8899619579315186,1.193820834159851,1.2565371990203857,1.1672016382217407,0.9171175956726074,0.977604329586029,0.8881698846817017,0.9038059115409851,1.033336877822876,0.8686131238937378,1.0143779516220093,1.0730223655700684,0.5107302665710449,0.7201908230781555,0.6077211499214172,0.6794795989990234,0.6705191731452942,0.7604446411132812,0.6446222066879272,0.7384675741195679,0.6900297403335571,0.7070309519767761,0.7669378519058228,0.8090407848358154,0.8364949226379395,0.9844639897346497
giraffe,0.7075396776199341,0.0,1.037822961807251,0.922401487827301,0.8705111742019653,0.9019215106964111,1.0557771921157837,0.9345396757125854,0.9204305410385132,1.0533820390701294,0.9278274178504944,0.968296468257904,0.8977915644645691,0.6304757595062256,0.7283217906951904,0.758743166923523,0.7463876605033875,0.9261631369590759,0.9955466389656067,0.9124014377593994,0.9868501424789429,0.9124634265899658,1.0601195096969604,0.9724239110946655,1.1769638061523438,1.2943227291107178,1.2047357559204102,1.2637206315994263,1.1421208381652832,1.1000187397003174,1.1599671840667725,1.1176495552062988,1.1130073070526123,0.881881594657898,0.8368809223175049,0.877497673034668,0.9685450196266174,0.97478848695755,1.0622891187667847,1.0794668197631836,0.9955503344535828,1.1606998443603516,0.773330569267273,0.644920825958252,0.971578061580658,0.8828873634338379,0.8738990426063538,0.8871694803237915,0.9556258320808411,0.9174401760101318,0.835577130317688,0.9160230755805969,0.9133092164993286,0.9207609295845032,1.1503721475601196,0.8318645358085632,0.6784260869026184,0.7313784956932068,0.9681686162948608,0.540023684501648,0.6587700843811035,0.4619024991989136,0.7816588878631592,0.7794848084449768,0.885720431804657,1.1275137662887573,1.0923054218292236,1.1102508306503296,1.1016273498535156,1.2331643104553223,1.151807188987732,1.134509801864624,1.2916380167007446,1.1432452201843262,1.1978683471679688,1.201000452041626,1.2073732614517212,1.152944564819336,1.2145860195159912,1.153868556022644,1.2000607252120972,1.085013747215271,1.0123707056045532,0.8925726413726807,,0.9215247631072998,1.1827583312988281,0.8744106888771057,1.1766759157180786,1.0874048471450806,1.0614638328552246,1.0727479457855225,1.0627790689468384,1.0563040971755981,0.9316346049308777,0.8806477189064026,1.2347644567489624,1.136087417602539,1.2040138244628906,1.2408032417297363,1.1243882179260254,1.2506310939788818,1.1109806299209595,0.9305930137634277,1.1570067405700684,1.1987358331680298,1.2120020389556885,1.1889569759368896,1.1236358880996704,0.7091225385665894,1.0729695558547974,0.8640167117118835,0.948570966720581,1.0669596195220947,1.070345163345337,,0.8523399233818054,0.9295057654380798,0.8561636209487915,0.8222230076789856,1.1318392753601074,0.851941704750061,0.9098594188690186,0.8677524328231812,,1.097131609916687,0.9557367563247681,1.0939865112304688,0.971445620059967,1.142040491104126,1.0567691326141357,1.1389201879501343,1.0870455503463745,1.0367801189422607,0.9521623849868774,0.8131060004234314,0.8438042998313904,0.7586384415626526,1.0280237197875977,0.9954622983932495,1.0535956621170044,0.9253092408180237,1.1258889436721802,1.0894103050231934,1.066510796546936,1.1583571434020996,0.9872745871543884,1.024271011352539,1.0990465879440308,0.7459458112716675,0.9792123436927795,0.8708792924880981,0.8949360847473145,0.8887864947319031,0.9519519805908203,0.9113883376121521,0.9748924374580383,0.9220321774482727,0.9990729093551636,1.049917459487915,1.1477748155593872,0.7357385158538818,0.8790522813796997
deer,1.1221545934677124,1.037822961807251,0.0,0.7145308256149292,0.7748704552650452,1.0634052753448486,0.6858518123626709,0.7536153197288513,0.6777051687240601,0.844001829624176,0.6328637599945068,0.5440647602081299,0.6638120412826538,1.2659732103347778,1.2334575653076172,1.305525779724121,1.2903058528900146,1.1239023208618164,1.0705238580703735,1.2541059255599976,1.1865119934082031,1.327077865600586,1.1827081441879272,1.2720942497253418,0.9730111360549927,0.8404766321182251,0.8218215107917786,0.7899707555770874,0.7386634349822998,0.8886183500289917,0.7716647386550903,0.8519997000694275,0.9006159901618958,1.300526738166809,1.2535384893417358,1.0001633167266846,1.0483112335205078,0.93023681640625,0.6878728270530701,0.9994041919708252,1.2572981119155884,0.9868037700653076,1.2989377975463867,1.074062466621399,1.119657039642334,1.1642149686813354,1.2835007905960083,1.2756441831588745,1.3073711395263672,1.2717074155807495,1.3861510753631592,1.2952207326889038,1.382250189781189,1.3962507247924805,1.0017011165618896,1.1704494953155518,1.4221292734146118,1.3248310089111328,0.6897490620613098,0.9816719889640808,1.0962684154510498,0.977505087852478,1.3262187242507935,1.2146737575531006,1.1842570304870605,0.6704248189926147,0.8553017377853394,0.7406721115112305,0.782723069190979,0.8283265829086304,0.7785269618034363,0.7072751522064209,0.8757675886154175,0.6024278402328491,0.7622676491737366,0.6745280623435974,0.7081069946289062,0.7706451416015625,0.8223951458930969,0.9512543082237244,0.6968536376953125,0.9176909923553467,0.9759454131126404,0.8457202911376953,,1.037428379058838,0.6755908131599426,1.0906002521514893,0.6471130847930908,0.6465902924537659,0.7564575672149658,0.6360381245613098,0.6318469047546387,0.6145201921463013,0.5057942867279053,0.6685777902603149,0.654849648475647,0.6259576082229614,0.6491036415100098,0.6557862162590027,0.657072126865387,0.6714138984680176,0.729004979133606,1.051371455192566,1.0126256942749023,0.8286959528923035,0.8232468962669373,0.7386208772659302,0.818404495716095,1.0932083129882812,0.7753708362579346,0.8335344791412354,1.0155425071716309,0.7534873485565186,1.0060575008392334,,1.2073076963424683,1.1389689445495605,0.8058948516845703,0.9036858081817627,0.7213473320007324,1.0247986316680908,0.9820164442062378,0.8128747344017029,,1.1055821180343628,0.9657699465751648,0.8054162263870239,1.284771203994751,1.0278617143630981,1.1131858825683594,1.2118322849273682,1.0526230335235596,0.7883074283599854,1.0107327699661255,0.9243991374969482,1.1274396181106567,1.2387983798980713,0.865616500377655,0.8753819465637207,0.9340413212776184,1.3377339839935303,1.0013078451156616,1.0382144451141357,1.0929654836654663,0.8275167346000671,0.735346794128418,0.6839818954467773,0.6373612880706787,1.355898380279541,1.3406424522399902,1.3975778818130493,1.3695533275604248,1.3530919551849365,1.3159916400909424,1.3658764362335205,1.375632643699646,1.3716039657592773,1.3888049125671387,1.3155992031097412,1.1642467975616455,1.0121963024139404,1.08749520778656
pony,0.9579501748085022,0.922401487827301,0.7145308256149292,0.0,0.403134286403656,0.6037552356719971,0.6195245981216431,0.46017348766326904,0.5683553218841553,0.8409938216209412,0.8295027017593384,0.6996198892593384,0.5365796089172363,0.7463372945785522,0.924598753452301,1.0040416717529297,0.7641369104385376,0.699288010597229,0.6291051506996155,1.0584667921066284,1.013868808746338,1.1662782430648804,1.1063222885131836,1.1088756322860718,0.9693241119384766,1.0159056186676025,1.0400912761688232,1.021960735321045,0.9712811708450317,1.0386478900909424,0.996619462966919,0.9753702282905579,1.0186845064163208,0.9742328524589539,1.0329039096832275,0.8675282001495361,0.9717953205108643,0.9401087760925293,0.946644127368927,0.9950275421142578,1.0941990613937378,1.0889112949371338,1.0863709449768066,0.9763250946998596,1.1201332807540894,1.0972572565078735,1.1106500625610352,1.1378754377365112,1.1493947505950928,1.0577707290649414,1.1321232318878174,1.0741218328475952,1.1583130359649658,1.2090669870376587,1.0889776945114136,1.0255773067474365,1.08250093460083,1.0478625297546387,0.7983856201171875,0.9427971243858337,0.9925916194915771,0.9431155323982239,1.1153491735458374,1.0367405414581299,1.045527458190918,0.974760115146637,0.9737517237663269,0.9432909488677979,1.0460773706436157,1.076289176940918,1.0621200799942017,1.023332118988037,1.074823260307312,0.9361714124679565,0.9056986570358276,1.0206125974655151,1.0143976211547852,1.077343463897705,0.8994813561439514,1.0682246685028076,1.0305625200271606,1.06206214427948,0.9553242921829224,0.9668469429016113,,0.9354496002197266,0.9573439359664917,0.946650505065918,0.9821822047233582,0.951537013053894,1.0046634674072266,0.9984539151191711,0.9772483110427856,0.9813763499259949,0.7833073139190674,0.8622275590896606,1.0064271688461304,0.9873799085617065,1.0164624452590942,1.029415488243103,1.0088822841644287,0.9085333347320557,0.9702686667442322,0.9806424379348755,1.0225962400436401,0.9922609329223633,1.0033440589904785,1.0318989753723145,1.071316123008728,1.060081958770752,1.004968523979187,0.9565154910087585,1.0501017570495605,0.98732590675354,1.0188156366348267,,1.0500301122665405,1.0833897590637207,0.9618973135948181,1.0174813270568848,0.9714071750640869,0.9928907155990601,0.9149494171142578,0.7480759024620056,,1.1276860237121582,1.0568503141403198,1.0547102689743042,1.170677900314331,1.0222026109695435,1.1095075607299805,1.128284215927124,1.0208992958068848,0.8695313930511475,1.0326924324035645,1.0405657291412354,0.9873200058937073,1.114315152168274,0.9216092824935913,0.8140400648117065,0.8074513077735901,0.9678353667259216,0.8909568190574646,1.0093191862106323,0.8919919729232788,0.8756380677223206,0.9006611108779907,0.9348343014717102,0.962556779384613,1.023535966873169,1.1329936981201172,1.1363357305526733,1.163747787475586,1.0425184965133667,1.083385944366455,1.0738195180892944,1.112858772277832,1.136043906211853,1.1246380805969238,1.076287031173706,1.098582148551941,1.031538963317871,1.0483611822128296
horse,0.9344006776809692,0.8705111742019653,0.7748704552650452,0.403134286403656,0.0,0.7231112718582153,0.38017702102661133,0.5361448526382446,0.42805713415145874,0.6131446361541748,0.8505838513374329,0.6252842545509338,0.6179977655410767,0.8242766857147217,0.8905075192451477,0.7886323928833008,0.712124228477478,0.7139639854431152,0.6630396842956543,0.9703274965286255,0.8646723628044128,1.1054173707962036,1.124077320098877,1.0833823680877686,1.0593416690826416,0.996084988117218,1.0671738386154175,0.9777965545654297,1.0554291009902954,1.0087441205978394,0.9749815464019775,1.0074740648269653,1.091620683670044,0.9071219563484192,0.9081109762191772,0.8660655617713928,0.9465250372886658,0.7880651950836182,0.841126024723053,0.9982873797416687,1.1784764528274536,1.3046032190322876,1.0804622173309326,0.8907039761543274,1.0962333679199219,1.0317091941833496,1.0035229921340942,1.1021416187286377,1.1872626543045044,1.1252732276916504,1.0909783840179443,1.1098296642303467,1.1854381561279297,1.1689056158065796,1.1639173030853271,0.9391826391220093,0.9578062891960144,1.1739387512207031,0.8037881851196289,0.779022216796875,0.8710657358169556,0.7985110282897949,0.9503220915794373,0.9893807768821716,0.9920241832733154,0.9457452893257141,0.9643482565879822,0.943199634552002,1.0208792686462402,1.0562036037445068,0.9740976095199585,0.9020103216171265,0.9871855974197388,0.8181676864624023,0.7266815900802612,0.9451895952224731,0.9164537191390991,0.9670931696891785,0.8972747325897217,0.9941253662109375,0.9971080422401428,1.1252208948135376,0.9121343493461609,1.0871070623397827,,0.9697341918945312,0.8392866849899292,0.9480140805244446,0.9616166949272156,0.9245648980140686,1.0495623350143433,0.9819205403327942,0.992143452167511,0.9632742404937744,0.7418785095214844,0.8496236801147461,0.9485012292861938,0.8298030495643616,0.93671715259552,1.0591084957122803,0.9742621779441833,0.9260943531990051,0.9858537912368774,1.091673493385315,1.1305091381072998,1.0078849792480469,1.0269321203231812,1.0421568155288696,1.1967582702636719,1.1210203170776367,1.1124366521835327,0.9952186942100525,1.1241495609283447,0.9757323265075684,1.1276222467422485,,1.196974754333496,1.054769515991211,0.9516704678535461,1.0393190383911133,1.028412103652954,1.0360386371612549,0.8837824463844299,0.8492590188980103,,1.2045872211456299,1.203620195388794,1.1295804977416992,1.02503502368927,1.1414209604263306,1.1573985815048218,1.2795794010162354,1.2445082664489746,0.9933961629867554,1.1951849460601807,0.9467669725418091,1.1171815395355225,1.210196852684021,1.1120268106460571,0.8851776719093323,0.742255687713623,1.0791301727294922,0.9299421906471252,1.2073373794555664,1.0694080591201782,0.8130536079406738,0.9623010158538818,0.9829638004302979,0.9925346374511719,1.0591604709625244,0.9909667372703552,1.043349266052246,1.101977825164795,1.0518814325332642,0.9510069489479065,0.9023592472076416,0.9319413304328918,0.982977032661438,1.0633134841918945,0.9891370534896851,1.0632249116897583,0.8985263109207153,1.050126075744629
pig,0.9061081409454346,0.9019215106964111,1.0634052753448486,0.6037552356719971,0.7231112718582153,0.0,0.8739655613899231,0.8524726629257202,0.8940809369087219,1.05862295627594,1.1390520334243774,0.9708292484283447,0.7440004348754883,0.5938423871994019,0.7211968302726746,0.8906981945037842,0.6527078747749329,0.7645237445831299,0.7370028495788574,0.8948661088943481,0.9854030609130859,0.871006965637207,0.8736540079116821,0.9076448082923889,1.0489001274108887,1.1617839336395264,1.1311147212982178,1.2001185417175293,1.2426326274871826,1.1179206371307373,1.1334036588668823,1.0984954833984375,1.1523778438568115,0.8348293304443359,0.9536835551261902,0.9495463371276855,1.0729448795318604,1.137606143951416,1.2219483852386475,1.0490097999572754,0.954164445400238,1.0208501815795898,0.9505987167358398,0.917830228805542,1.0106207132339478,0.9590069055557251,0.9565155506134033,0.9826850295066833,1.006615400314331,0.8480840921401978,0.8134852647781372,0.8368381261825562,0.8275769948959351,0.9528405070304871,1.1640417575836182,0.9384718537330627,0.795280933380127,0.83455890417099,1.1110656261444092,0.9173083901405334,0.8877137303352356,0.9422912001609802,0.9152524471282959,0.9141858816146851,0.9648804664611816,1.2016687393188477,1.0910364389419556,1.1182527542114258,1.0850721597671509,1.1841871738433838,1.1858001947402954,1.2331502437591553,1.099904179573059,1.1384985446929932,1.150864839553833,1.3166851997375488,1.300113320350647,1.2542635202407837,1.0370441675186157,1.1288199424743652,1.2617932558059692,1.0574884414672852,1.101599097251892,1.1173450946807861,,1.0576363801956177,1.275483250617981,0.9451385140419006,1.325850009918213,1.2972640991210938,1.3031542301177979,1.3173502683639526,1.300534725189209,1.3101845979690552,1.173549771308899,1.0797920227050781,1.265752911567688,1.3210229873657227,1.2915658950805664,1.3275641202926636,1.3078714609146118,1.154990553855896,1.061537504196167,0.9135330319404602,0.9772076606750488,1.0981978178024292,1.1408214569091797,1.2631477117538452,1.27239990234375,1.0990992784500122,1.2721097469329834,1.2072818279266357,1.0795247554779053,1.1565930843353271,0.9553512930870056,,0.8638023734092712,1.0255167484283447,1.1396114826202393,1.0983250141143799,1.1897969245910645,0.8570709824562073,0.9474044442176819,0.7463740110397339,,0.9274156093597412,1.0783885717391968,1.1705322265625,0.9258512258529663,0.9676885008811951,0.9080169200897217,0.9137889742851257,0.8597425222396851,0.8662782907485962,0.8371570110321045,1.000555396080017,1.0412235260009766,1.0229744911193848,1.0145602226257324,0.8566238880157471,0.6700843572616577,0.6519895792007446,0.9580990076065063,1.0121545791625977,0.8556699752807617,0.989835798740387,1.0744563341140747,1.2281914949417114,1.2903285026550293,0.7842974662780762,0.9395023584365845,0.8226256966590881,0.8682495355606079,0.91384357213974,0.9220402240753174,0.9271718263626099,0.9337354898452759,0.9209038019180298,0.8979336023330688,0.9907470345497131,1.0519464015960693,1.0022222995758057,0.9735769033432007
rooster,1.1903197765350342,1.0557771921157837,0.6858518123626709,0.6195245981216431,0.38017702102661133,0.8739655613899231,0.0,0.49484384059906006,0.30991244316101074,0.5184915065765381,0.7955853939056396,0.5617131590843201,0.5853351950645447,0.932173490524292,0.9812461137771606,1.1000170707702637,1.0105767250061035,0.707110583782196,0.6266986131668091,1.1552650928497314,0.989264965057373,1.1918103694915771,1.1277512311935425,1.02330482006073,0.9384778141975403,0.8570093512535095,0.9764664769172668,0.8897069692611694,1.0222476720809937,1.0127873420715332,0.8382412195205688,0.9297434091567993,1.0999813079833984,1.0888490676879883,1.0265930891036987,0.9125674962997437,1.0683475732803345,0.8909531235694885,0.6543444395065308,0.8379039764404297,1.1793477535247803,1.2100971937179565,1.0871347188949585,1.0224711894989014,1.0364192724227905,1.0880190134048462,1.166076898574829,1.1471707820892334,1.2213701009750366,1.2066670656204224,1.3378922939300537,1.2661752700805664,1.3237760066986084,1.3211669921875,1.1089370250701904,1.2017841339111328,1.3168519735336304,1.2247661352157593,0.6599332690238953,1.0230085849761963,1.117144227027893,1.0936107635498047,1.205717921257019,1.1089104413986206,1.1118190288543701,0.8966819643974304,0.8889021277427673,0.8022258281707764,0.8562251329421997,0.9211812019348145,0.905718982219696,0.8361213207244873,0.7886197566986084,0.7135077714920044,0.5625295639038086,0.8513391017913818,0.8058286905288696,0.9545430541038513,0.7322644591331482,0.9434089660644531,0.854697585105896,0.9617488384246826,0.6951758861541748,0.9292923212051392,,0.9320963621139526,0.5999720096588135,0.9029332399368286,0.7142900228500366,0.7635817527770996,0.9071506261825562,0.885243833065033,0.9080344438552856,0.930007815361023,0.534416139125824,0.6763507723808289,0.7835769653320312,0.7371163964271545,0.8215256929397583,0.8458764553070068,0.9316540956497192,0.7022755742073059,0.8234089612960815,1.1207218170166016,0.8903627395629883,0.8225963115692139,0.9095046520233154,0.8600872755050659,1.0421667098999023,1.1060490608215332,0.9588601589202881,0.9093726873397827,1.0307788848876953,0.7987537980079651,0.9807673096656799,,1.197875738143921,1.1286720037460327,0.8722158074378967,1.0153189897537231,0.8561363816261292,0.8628600239753723,0.793692409992218,0.777655839920044,,1.089673638343811,1.1419123411178589,0.8923451900482178,1.0468870401382446,0.9713909029960632,1.0549386739730835,1.154907464981079,1.2285990715026855,1.064058780670166,1.3060753345489502,0.9687379002571106,1.1048017740249634,1.2165186405181885,1.0900030136108398,0.837857186794281,0.568962574005127,0.9564836025238037,0.6840875148773193,1.0037921667099,0.9223452210426331,0.614757776260376,0.8091751337051392,0.7606196999549866,0.7430496215820312,1.241608738899231,1.1537368297576904,1.3005672693252563,1.2800536155700684,1.2182749509811401,1.1193625926971436,1.2215245962142944,1.2151174545288086,1.2065858840942383,1.2424815893173218,1.130521535873413,1.0773403644561768,1.067997932434082,1.1526834964752197
penguin,1.0754680633544922,0.9345396757125854,0.7536153197288513,0.46017348766326904,0.5361448526382446,0.8524726629257202,0.49484384059906006,0.0,0.33177947998046875,0.7080055475234985,0.5924925804138184,0.6182106733322144,0.5064749121665955,0.7995451092720032,0.8956882357597351,0.9900102019309998,0.7696006894111633,0.5830283164978027,0.532753586769104,1.0937131643295288,1.0253316164016724,1.1486455202102661,1.0990264415740967,1.014731526374817,0.8085495829582214,0.8849364519119263,0.94060218334198,0.8632367849349976,0.8811637759208679,0.9134944081306458,0.8109735250473022,0.8085570335388184,0.9655656814575195,1.1257299184799194,1.0156879425048828,0.9931289553642273,1.0715253353118896,0.9247063994407654,0.7518078088760376,1.0874582529067993,1.248003602027893,1.170494556427002,1.2107346057891846,1.1188615560531616,1.184626817703247,1.2191448211669922,1.187248706817627,1.2267919778823853,1.2387640476226807,1.2475109100341797,1.2713332176208496,1.2098201513290405,1.3261573314666748,1.2620295286178589,1.0590022802352905,1.0760231018066406,1.2342356443405151,1.172839879989624,0.6533571481704712,1.0779043436050415,1.0809820890426636,1.068839430809021,1.127877950668335,1.049006700515747,1.1872708797454834,0.8616489768028259,0.8085068464279175,0.7832272052764893,0.8952418565750122,0.8658075332641602,0.9083585739135742,0.8577613830566406,0.9171881675720215,0.8808525800704956,0.6775570511817932,0.8304657936096191,0.8200846314430237,0.9137271642684937,0.7124423384666443,0.9340400099754333,0.8912919163703918,0.9467657804489136,0.9777838587760925,1.0143489837646484,,0.9483365416526794,0.7593178153038025,0.9661332368850708,0.8115617036819458,0.8385854959487915,0.9038635492324829,0.8953178524971008,0.8636800646781921,0.8691087961196899,0.7579866647720337,0.8651807308197021,0.857619047164917,0.8456153869628906,0.8847886323928833,0.9060652852058411,0.8850567936897278,0.8417729139328003,1.0390126705169678,1.0597505569458008,1.0408793687820435,0.916054368019104,0.877334713935852,0.9404569268226624,0.9889542460441589,1.131549596786499,0.861723780632019,0.8129931688308716,0.9718156456947327,0.8300602436065674,0.9234917759895325,,1.0619704723358154,0.9733650088310242,0.9000542163848877,0.9960368275642395,0.8563358783721924,0.8691908717155457,0.8447216153144836,0.7846156358718872,,1.1713156700134277,0.9658189415931702,0.9336652755737305,1.1649807691574097,1.0000754594802856,1.1680829524993896,1.2749285697937012,1.2089192867279053,1.0163825750350952,1.1217427253723145,0.817878782749176,1.0058507919311523,1.102665901184082,0.9435974955558777,0.8577073812484741,0.8677719831466675,0.9159572720527649,0.6913092732429504,0.8870625495910645,0.7753201723098755,0.8820600509643555,0.7956602573394775,0.7555510401725769,0.7830215692520142,1.0913169384002686,1.1481553316116333,1.2549512386322021,1.2038124799728394,1.0729191303253174,1.1649610996246338,1.1441526412963867,1.1701927185058594,1.1888720989227295,1.1599979400634766,1.068954348564148,1.0482149124145508,1.0258638858795166,1.1980628967285156
bird,1.171773076057434,0.9204305410385132,0.6777051687240601,0.5683553218841553,0.42805713415145874,0.8940809369087219,0.30991244316101074,0.33177947998046875,0.0,0.42379069328308105,0.4862905740737915,0.3408886194229126,0.3613002300262451,0.8166366219520569,0.9181026220321655,1.073807954788208,0.882296621799469,0.5772228240966797,0.5120885372161865,1.2227246761322021,1.1639384031295776,1.2757232189178467,1.2915682792663574,1.142118215560913,1.031180739402771,1.0152177810668945,1.0922571420669556,0.9694985747337341,0.9711470603942871,1.0906676054000854,0.9348032474517822,0.8615596890449524,1.114622712135315,1.0673466920852661,1.0332705974578857,0.8941265344619751,1.050642967224121,0.739760160446167,0.514156699180603,0.9250689148902893,1.2264145612716675,1.1450215578079224,1.1678286790847778,1.0112321376800537,1.1800029277801514,1.2106318473815918,1.172372579574585,1.2390505075454712,1.2461652755737305,1.2338796854019165,1.3049564361572266,1.2417287826538086,1.3570257425308228,1.3002214431762695,0.9530397653579712,0.9296403527259827,1.2618811130523682,1.165144443511963,0.4413769841194153,0.9252287149429321,1.0001659393310547,0.9950620532035828,1.1635359525680542,0.9696924686431885,1.154495120048523,0.7251673340797424,0.7291896343231201,0.6954816579818726,0.781741201877594,0.8812549114227295,0.8241707682609558,0.7253572940826416,0.9839849472045898,0.704588770866394,0.631653904914856,0.7434531450271606,0.747516930103302,0.8831437230110168,0.7593898773193359,1.0171600580215454,0.9636879563331604,1.0972696542739868,0.7369962930679321,0.8782000541687012,,0.9703927040100098,0.6001574993133545,0.8061535358428955,0.579190731048584,0.5966277122497559,0.7341642379760742,0.689851701259613,0.6712462902069092,0.7023491859436035,0.6348890066146851,0.8140360116958618,0.6403988599777222,0.6285881400108337,0.6952155828475952,0.8257545828819275,0.7651848793029785,0.6211839318275452,0.8819966316223145,1.149336814880371,1.0231562852859497,0.7918012142181396,0.7110593914985657,0.7397200465202332,0.8616891503334045,1.0814405679702759,0.8673989176750183,0.7425284385681152,0.9909025430679321,0.7203699946403503,0.9912973046302795,,1.1631182432174683,1.0470786094665527,0.7322036623954773,0.8927798271179199,0.8429585695266724,0.8996037840843201,0.8140358924865723,0.8831539750099182,,1.1726164817810059,1.0724666118621826,0.8822809457778931,1.136507272720337,0.976300835609436,1.1346060037612915,1.2249943017959595,1.2647854089736938,0.9705997109413147,1.21852707862854,0.8311392664909363,1.0839804410934448,1.1571986675262451,1.019316554069519,0.7261258363723755,0.7622149586677551,1.0980879068374634,0.8166581392288208,1.0580317974090576,0.9330087900161743,0.7532095909118652,0.6829369068145752,0.6895812749862671,0.6927884221076965,1.179053783416748,1.306588888168335,1.3982563018798828,1.4222095012664795,1.2621076107025146,1.236220359802246,1.276639461517334,1.3074760437011719,1.3450076580047607,1.3375062942504883,1.246307373046875,1.2352981567382812,0.9906468391418457,1.1695077419281006
duck,1.0987590551376343,1.0533820390701294,0.844001829624176,0.8409938216209412,0.6131446361541748,1.05862295627594,0.5184915065765381,0.7080055475234985,0.42379069328308105,0.0,0.8183233141899109,0.6910988092422485,0.7258573770523071,1.0446760654449463,1.0658868551254272,1.0907716751098633,1.0308177471160889,0.8326468467712402,0.7503908276557922,1.1905194520950317,1.1779214143753052,1.2410224676132202,1.2398954629898071,1.204321265220642,1.0743995904922485,1.0524300336837769,1.1378045082092285,1.049309492111206,1.0860815048217773,1.1226701736450195,1.1076608896255493,0.9292178153991699,1.1676870584487915,1.0297701358795166,0.9293835163116455,0.7169907093048096,1.080056071281433,0.7099080681800842,0.5814037919044495,0.763272762298584,1.0760053396224976,1.0815448760986328,1.034060001373291,0.971500039100647,1.0866641998291016,1.098106026649475,1.0684173107147217,1.0738575458526611,1.0487810373306274,1.1017897129058838,1.1944894790649414,1.1654530763626099,1.1623855829238892,1.1690388917922974,0.8062483072280884,0.8830757141113281,1.1308226585388184,1.0547579526901245,0.5235550403594971,0.8654389381408691,0.9250165820121765,0.9442044496536255,1.0887224674224854,1.0075162649154663,1.145163655281067,0.7637225389480591,0.8289875984191895,0.8191015720367432,0.9688518047332764,1.0108143091201782,0.985546886920929,0.8569196462631226,1.0200262069702148,0.8711846470832825,0.8263241648674011,0.9107287526130676,0.8626704216003418,1.054478645324707,0.9462063312530518,1.0572524070739746,1.0780398845672607,1.299160122871399,0.6653318405151367,0.9423334002494812,,1.0147442817687988,0.7047597169876099,0.8281427621841431,0.6742997765541077,0.667633056640625,0.8414102792739868,0.8427971005439758,0.8619540333747864,0.8937181830406189,0.7531839609146118,0.8581724166870117,0.684233546257019,0.6866258382797241,0.705656111240387,0.8212531805038452,0.8677430748939514,0.6744964122772217,0.7144525051116943,1.0306178331375122,0.8447210788726807,0.6761461496353149,0.7050063610076904,0.6684049367904663,0.8853583931922913,1.0510464906692505,0.8772306442260742,0.8674613833427429,0.971365749835968,0.9305335283279419,1.0686888694763184,,1.24004328250885,1.0518897771835327,0.8192249536514282,1.0017313957214355,0.9486487507820129,1.0895973443984985,0.7395015954971313,1.129284381866455,,1.0465608835220337,1.1198140382766724,0.9105715751647949,0.9777575135231018,0.9127779603004456,1.0444438457489014,0.9714589715003967,1.1013718843460083,0.9534343481063843,1.2256146669387817,0.8282095193862915,1.1301017999649048,1.2409964799880981,1.1287113428115845,0.7275885343551636,0.7585997581481934,1.2091140747070312,0.9264039993286133,1.105378270149231,0.9379165172576904,0.6836509704589844,0.7177181839942932,0.7803924083709717,0.730338454246521,1.182920217514038,1.2162437438964844,1.2942018508911133,1.32951819896698,1.272873044013977,1.2137329578399658,1.2337275743484497,1.231161117553711,1.2703008651733398,1.2894973754882812,1.2251110076904297,1.1769545078277588,0.9687497019767761,1.0501312017440796
fish,1.0509682893753052,0.9278274178504944,0.6328637599945068,0.8295027017593384,0.8505838513374329,1.1390520334243774,0.7955853939056396,0.5924925804138184,0.4862905740737915,0.8183233141899109,0.0,0.4967513680458069,0.5145370960235596,1.162321925163269,1.0324687957763672,1.1554055213928223,1.0469599962234497,0.9801332354545593,0.9827403426170349,1.234624981880188,1.2085344791412354,1.3361543416976929,1.2385601997375488,1.1950337886810303,0.9816888570785522,0.8598154187202454,0.8736450672149658,0.7851545810699463,0.5990331172943115,0.9841485619544983,0.6971649527549744,0.6513895392417908,0.8560911417007446,1.2304425239562988,1.0786021947860718,1.1151930093765259,0.844918966293335,0.6547271609306335,0.589832067489624,1.1244947910308838,1.2734413146972656,1.0909202098846436,1.3711313009262085,1.1401472091674805,1.2740668058395386,1.3995705842971802,1.3064067363739014,1.3518962860107422,1.3375016450881958,1.4529404640197754,1.371314525604248,1.3245285749435425,1.478690266609192,1.2918483018875122,0.7870625853538513,0.9575121998786926,1.370835304260254,1.3195656538009644,0.5873187780380249,1.0744673013687134,1.0481277704238892,1.0259356498718262,1.1589915752410889,1.1306538581848145,1.1422606706619263,0.62823885679245,0.5826974511146545,0.49765121936798096,0.7163511514663696,0.6658123731613159,0.5939921140670776,0.5267802476882935,0.9570205211639404,0.6019712686538696,0.5966649055480957,0.44426608085632324,0.49087411165237427,0.5548756718635559,0.7646084427833557,0.8531991243362427,0.6728240251541138,0.8066264986991882,1.1015994548797607,0.8751874566078186,,1.008095145225525,0.5985445380210876,0.9922714829444885,0.493500292301178,0.5088982582092285,0.5453971028327942,0.42526787519454956,0.3466225862503052,0.3587782382965088,0.7775591611862183,0.8680989146232605,0.5399888753890991,0.538070797920227,0.570175051689148,0.6178062558174133,0.3308558464050293,0.5805208683013916,1.064735770225525,1.2970293760299683,1.1760057210922241,0.8201889991760254,0.634185791015625,0.6414927244186401,0.635593056678772,1.0044833421707153,0.6639193296432495,0.6461805105209351,0.9543187022209167,0.5892388820648193,0.9346540570259094,,1.1433395147323608,0.9522913098335266,0.6664279699325562,0.7366175651550293,0.6211351156234741,0.9584444761276245,0.8909621238708496,0.7330393195152283,,1.2402136325836182,0.7677193880081177,0.7213607430458069,1.2392789125442505,0.955322265625,1.1719433069229126,1.3286205530166626,1.3388667106628418,0.9381610155105591,1.1291276216506958,0.7967959642410278,0.902241587638855,0.9935598373413086,0.6861364841461182,0.8616211414337158,1.1105139255523682,1.1948089599609375,0.7359858751296997,0.8619630336761475,1.027801752090454,1.0672061443328857,0.6012895703315735,0.5556091070175171,0.5650495290756226,1.225074291229248,1.4211173057556152,1.4373208284378052,1.4414677619934082,1.244109869003296,1.3254106044769287,1.3337533473968506,1.390337586402893,1.3961513042449951,1.318547010421753,1.2775986194610596,1.1534912586212158,0.8944594860076904,1.1805660724639893
butterfly,1.2023038864135742,0.968296468257904,0.5440647602081299,0.6996198892593384,0.6252842545509338,0.9708292484283447,0.5617131590843201,0.6182106733322144,0.3408886194229126,0.6910988092422485,0.4967513680458069,0.0,0.28476011753082275,1.1975746154785156,1.140802025794983,1.2804815769195557,1.1694910526275635,1.061945915222168,1.0018978118896484,1.164861798286438,1.1711307764053345,1.4276800155639648,1.3051848411560059,1.3647401332855225,1.0518726110458374,0.9578455686569214,0.9599592685699463,0.8604037761688232,0.7615596652030945,0.9534189701080322,0.8175567388534546,0.6540486812591553,0.908915638923645,1.2129716873168945,1.08478844165802,1.0075668096542358,1.0148320198059082,0.8502331376075745,0.4466206431388855,1.1516575813293457,1.4359939098358154,1.0732332468032837,1.321170687675476,1.1903114318847656,1.266744613647461,1.3183164596557617,1.2232180833816528,1.3648737668991089,1.3575044870376587,1.3602558374404907,1.4692126512527466,1.4093239307403564,1.4861314296722412,1.424910068511963,1.0208523273468018,1.1050684452056885,1.4153008460998535,1.2811295986175537,0.5338952541351318,0.9990337491035461,1.1654473543167114,1.0724823474884033,1.3019661903381348,0.9675147533416748,1.152802586555481,0.5320675373077393,0.6269463300704956,0.572545051574707,0.6852413415908813,0.735370397567749,0.6544487476348877,0.5773782134056091,0.8899062871932983,0.5268546342849731,0.6068118214607239,0.5990747809410095,0.5853919386863708,0.723394513130188,0.7279207706451416,0.8148273825645447,0.7647897601127625,0.9683269262313843,0.982903242111206,0.8426877856254578,,1.0369460582733154,0.5801962614059448,0.781033992767334,0.5153236985206604,0.5045077204704285,0.6608762741088867,0.5267749428749084,0.5106521844863892,0.5195848941802979,0.5921983122825623,0.6742509603500366,0.5435143113136292,0.5715566873550415,0.6035973429679871,0.7596940994262695,0.6322824358940125,0.5877626538276672,0.8794121742248535,1.1693377494812012,1.1120965480804443,0.8039467334747314,0.5743522644042969,0.7028408050537109,0.7710422277450562,1.0791842937469482,0.710335910320282,0.5942834615707397,0.9463726282119751,0.6389220952987671,0.8749337196350098,,1.248008131980896,1.1425503492355347,0.6183701753616333,0.8056426644325256,0.7099158763885498,1.0497033596038818,0.8821293711662292,0.9387809634208679,,1.1370635032653809,1.012229323387146,0.8273600339889526,1.2236313819885254,1.0649956464767456,1.0969810485839844,1.2657779455184937,1.2451223134994507,0.8540751934051514,1.1596217155456543,1.024338722229004,1.0427470207214355,1.1426842212677002,0.847633957862854,0.6405718922615051,0.8463695645332336,1.3225162029266357,0.9615406394004822,1.1210572719573975,1.0395344495773315,0.8133633136749268,0.7140651345252991,0.7482381463050842,0.6706170439720154,1.3891867399215698,1.4118883609771729,1.4850175380706787,1.4667210578918457,1.3371543884277344,1.3377418518066406,1.3823082447052002,1.4221031665802002,1.4369902610778809,1.4859569072723389,1.4089536666870117,1.3256099224090576,1.0983260869979858,1.20673406124115
