,zebra,giraffe,deer,pony,horse,pig,rooster,penguin,bird,duck,fish,butterfly,frog,alligator,owl,elephant,bear,cat,dog,face,hair,arm,hand,leg,foot,ankle,finger,toe,tooth,ear,nose,eye,mouth,stroller,motorcycle,tricycle,truck,car,lamp,chair,bench,drawer,ladder,window,door,closet,shower,refrigerator,oven,crib,bed,couch,table,bathtub,sink,boat,slide,hose,sprinkler,swing,grass,tree,snow,helicopter,firetruck,clock,ball,balloon,pumpkin,egg,orange,apple,potato,strawberry,hat,slipper,watch,nail,raisin,glasses,necklace,carrot,vacuum,broom,mop,stick,shovel,scissors,spoon,fork,knife,pencil,pen,crayon,plant,flower,soap,bottle,cup,can,belt,radio,basket,milk,jar,bucket,tape,bowl,plate,corn,pickle,banana,melon,bread,cookie,toast,cracker,sandwich,chips,pizza,hamburger,muffin,pastry,meat,pasta,sauce,soup,applesauce,glass,coffee,dish,tray,box,book,paper,rock,comb,toothbrush,gum,toy,doll,mitten,glove,sock,shoe,purse,pillow,towel,napkin,blanket,dress,pajamas,bib,scarf,coat,jacket,sweater,shirt,jeans,pants,shorts,cloud,game
zebra,0.0,0.831070065498352,1.150045394897461,1.080945611000061,0.9242684841156006,1.1235053539276123,1.135164737701416,1.0038533210754395,1.0373073816299438,1.0543327331542969,1.16287100315094,1.063535213470459,1.1464570760726929,0.9119719862937927,0.7275069355964661,0.5354023575782776,0.6341036558151245,0.9963902235031128,1.043147087097168,0.957904040813446,0.9533765912055969,0.7710855007171631,1.0260151624679565,0.8536190390586853,0.9771130681037903,0.9226455092430115,1.0488495826721191,1.061429738998413,1.0557544231414795,1.083632230758667,1.0568280220031738,0.9761742353439331,1.0373510122299194,1.1479523181915283,1.1256725788116455,,1.0627962350845337,1.1079916954040527,1.0687427520751953,1.0441303253173828,0.8993135690689087,1.0969043970108032,1.0576332807540894,0.9312206506729126,1.0414187908172607,0.9584430456161499,0.8415267467498779,0.9920889735221863,1.0616172552108765,0.8542587757110596,0.6762906312942505,0.8411591649055481,0.9105181097984314,0.7336133718490601,0.9696757793426514,0.960680365562439,0.6444863677024841,0.9635987281799316,1.0253491401672363,0.9211885929107666,0.7954840064048767,0.9372243285179138,0.6874655485153198,,0.9748496413230896,1.0605826377868652,1.0051836967468262,1.0777552127838135,1.090354084968567,1.0501729249954224,1.0861371755599976,1.089254379272461,1.1000155210494995,1.1527512073516846,1.1320757865905762,1.0958458185195923,1.076032280921936,1.059852957725525,1.1109970808029175,1.0527056455612183,1.0432329177856445,1.1274601221084595,1.201045036315918,1.0608314275741577,,1.0644670724868774,1.2024827003479004,0.9880130290985107,1.1141448020935059,1.0560816526412964,1.1053719520568848,1.1243531703948975,1.1134413480758667,1.1475605964660645,1.1292619705200195,1.1550532579421997,1.1474835872650146,1.1799564361572266,1.1659824848175049,1.173296332359314,1.058607816696167,1.1835932731628418,0.9736475944519043,1.1366018056869507,1.0906339883804321,1.112621545791626,1.0952273607254028,1.1376891136169434,1.1277127265930176,0.915237545967102,1.1843852996826172,1.0709244012832642,0.9904888272285461,1.172087550163269,1.1382837295532227,,1.00799560546875,1.0222513675689697,1.1215555667877197,1.1598340272903442,1.102616548538208,1.074361801147461,0.9957944750785828,1.0063430070877075,1.083685040473938,1.0692124366760254,1.1538643836975098,1.0992000102996826,1.0452940464019775,1.0178223848342896,1.0231831073760986,1.1604899168014526,1.1292892694473267,1.1496251821517944,1.0070536136627197,0.7483837604522705,0.8433419466018677,0.9887500405311584,1.2643917798995972,1.1965487003326416,1.1112267971038818,0.9379294514656067,0.9995899200439453,0.8383619785308838,0.9865704774856567,1.155429482460022,0.9242686033248901,1.0526463985443115,1.0728591680526733,0.655213475227356,0.910733699798584,0.7004646062850952,0.7183849811553955,0.9558248519897461,0.8983829617500305,0.7354220151901245,0.7751126289367676,0.7203632593154907,0.7563614249229431,0.7829004526138306,0.778815746307373,,1.0219324827194214
giraffe,0.831070065498352,0.0,1.148380994796753,1.0585776567459106,0.8893626928329468,0.9923647046089172,1.052616834640503,0.997292697429657,0.9473540782928467,1.010171890258789,1.046426773071289,1.0039900541305542,0.9789568185806274,0.7759413123130798,0.8502477407455444,0.7243686318397522,0.8891419768333435,1.0370686054229736,1.0597710609436035,0.8097978234291077,0.8985905647277832,0.7947633862495422,1.0574462413787842,0.9053827524185181,1.198987603187561,1.1985925436019897,1.1381295919418335,1.1918892860412598,1.115501880645752,1.122631549835205,1.1631848812103271,1.0608452558517456,1.0584557056427002,1.197615146636963,1.1068580150604248,,0.8834658861160278,1.037992238998413,0.9782842397689819,1.0561412572860718,0.9159724712371826,1.059424638748169,0.8574854731559753,0.6336445808410645,0.9207478761672974,0.8191125988960266,0.7716172337532043,0.88460773229599,0.9869346022605896,0.8053793907165527,0.7290429472923279,0.8466747999191284,0.7677117586135864,0.7703975439071655,1.0961660146713257,0.9247073531150818,0.5773528814315796,0.8956048488616943,0.8771172761917114,0.4400280714035034,0.7669044733047485,0.5649837255477905,0.7458668351173401,,0.8635009527206421,1.1300358772277832,1.0344640016555786,1.0717405080795288,1.0472782850265503,1.124049425125122,1.0872642993927002,1.1080546379089355,1.2350043058395386,1.1503456830978394,1.241918683052063,1.2257577180862427,1.2025938034057617,1.1240228414535522,1.202994465827942,1.1103554964065552,1.1903027296066284,1.1232337951660156,1.0806077718734741,0.9082677960395813,,0.8996841907501221,1.1397762298583984,0.8368881940841675,1.1201493740081787,1.1216169595718384,1.0765886306762695,1.0941588878631592,1.1208372116088867,1.1116946935653687,0.9401165246963501,0.9184467196464539,1.163248896598816,1.146959662437439,1.1572353839874268,1.2343864440917969,1.1661293506622314,1.2229350805282593,1.1033447980880737,1.025156855583191,1.0186805725097656,1.095518708229065,1.1376322507858276,1.153884768486023,1.120954990386963,0.9128235578536987,1.0985726118087769,0.9345796704292297,1.0274138450622559,1.1125082969665527,1.026293396949768,,0.8983209729194641,0.874253511428833,0.9102247357368469,1.0365864038467407,1.0290955305099487,0.9905332922935486,0.9051273465156555,0.9430670738220215,1.0845123529434204,1.04936945438385,1.0079216957092285,1.020019769668579,0.9430068731307983,0.9579198360443115,0.9438774585723877,1.062338948249817,0.9965015053749084,1.0408216714859009,0.8880391120910645,0.8188888430595398,0.988721489906311,0.8947741389274597,1.1750576496124268,1.033374547958374,1.094668984413147,1.0037504434585571,1.1510429382324219,1.1470128297805786,1.205356478691101,1.2134602069854736,1.1267800331115723,1.161643624305725,1.164659023284912,0.8270341157913208,1.0301096439361572,0.8341562747955322,0.8205181360244751,1.1092846393585205,0.88608717918396,0.7878061532974243,0.8306558132171631,0.8379833102226257,0.958236813545227,1.0058495998382568,1.079180359840393,,0.9920982122421265
deer,1.150045394897461,1.148380994796753,0.0,0.636742889881134,0.6941450834274292,0.9271665215492249,0.518566906452179,0.7155635356903076,0.5697910785675049,0.636282742023468,0.817550539970398,0.7433347702026367,0.8458182215690613,0.8113190531730652,0.9207150340080261,1.0851770639419556,1.1178526878356934,0.61808842420578,0.5695161819458008,1.0382771492004395,1.025123953819275,1.2017916440963745,1.1737122535705566,1.0291742086410522,0.9816055297851562,1.031315803527832,1.139496922492981,1.0105842351913452,1.0130571126937866,0.9706185460090637,0.8910492658615112,0.9562771916389465,1.0854579210281372,0.7699989080429077,0.7979501485824585,,1.0338027477264404,0.9268468022346497,0.7160614728927612,0.843231737613678,1.0162270069122314,1.0131726264953613,0.8287138938903809,0.8955910801887512,0.8175085186958313,0.9201329946517944,0.9706865549087524,0.9255774021148682,0.9811716675758362,1.0237475633621216,1.118597149848938,1.0236058235168457,1.1126179695129395,1.1583857536315918,1.0510157346725464,0.9932810068130493,1.2571676969528198,0.9921631813049316,0.9455469846725464,1.05757474899292,1.015228271484375,1.003149151802063,1.1065411567687988,,0.9442272186279297,0.8860533833503723,1.098054051399231,1.0224717855453491,0.956524670124054,1.0706331729888916,1.052690029144287,1.0580565929412842,0.9761993885040283,1.0411115884780884,0.9306941032409668,0.9840174317359924,1.0104222297668457,1.0750501155853271,0.933099627494812,0.990835428237915,0.9587108492851257,0.982246994972229,0.7077445983886719,0.7755507230758667,,0.9280889630317688,0.7849738001823425,1.1512075662612915,0.9569193720817566,0.912830114364624,0.9647347927093506,1.0264041423797607,1.0067903995513916,1.0553947687149048,0.6418749094009399,0.6721627712249756,0.9777001738548279,0.9009577035903931,0.9946719408035278,0.8623351454734802,0.9813995957374573,0.9320375919342041,1.0501223802566528,1.0530107021331787,1.003912329673767,1.1401604413986206,1.1836057901382446,1.072288155555725,1.1027311086654663,1.0622386932373047,0.9891145825386047,1.032508134841919,1.1256300210952759,0.922170877456665,1.013926386833191,,1.016007900238037,1.0388602018356323,1.0107755661010742,0.9040591716766357,0.9346963167190552,0.9127305150032043,0.9858129024505615,1.0212782621383667,0.7918413877487183,1.043060302734375,0.9882294535636902,1.1376290321350098,0.998445451259613,0.9225447177886963,1.163108468055725,1.1411516666412354,1.185309886932373,1.212917685508728,1.237988829612732,1.0771077871322632,1.0709697008132935,1.1439979076385498,1.2273852825164795,1.1255137920379639,0.7774167060852051,1.096118450164795,1.122463583946228,1.0840731859207153,1.0688995122909546,0.8201999664306641,0.8446314334869385,0.8345375657081604,0.8700350522994995,1.0734405517578125,0.9025921821594238,1.1639466285705566,1.2232041358947754,0.9639004468917847,0.9749599099159241,1.138127088546753,1.1469290256500244,1.1382112503051758,1.1375683546066284,1.0416862964630127,1.0526636838912964,,1.1579872369766235
pony,1.080945611000061,1.0585776567459106,0.636742889881134,0.0,0.28233230113983154,0.6563111543655396,0.19740134477615356,0.3599749207496643,0.3550664186477661,0.6516554355621338,0.7376765608787537,0.4815570116043091,0.4827423691749573,0.7223608493804932,0.8695209622383118,1.1658196449279785,1.0187809467315674,0.5688558220863342,0.3012028932571411,1.1252940893173218,1.1479837894439697,1.2876156568527222,1.221977710723877,1.1566295623779297,1.02650785446167,0.9919708371162415,1.1311933994293213,1.0378212928771973,1.0858569145202637,1.071871280670166,1.0165687799453735,1.020522117614746,1.1090315580368042,0.7267395257949829,0.6512417793273926,,0.8398832678794861,0.7496157288551331,0.8227910995483398,0.898017406463623,1.1886377334594727,1.1049138307571411,1.0143476724624634,1.1225881576538086,1.1517430543899536,1.1618833541870117,1.1930246353149414,1.1092309951782227,1.0724563598632812,1.0855165719985962,1.2390923500061035,1.1970460414886475,1.1759066581726074,1.272735595703125,1.1853573322296143,0.9168025851249695,1.192233681678772,1.0469120740890503,0.8692753314971924,1.009863257408142,1.0505660772323608,1.059519648551941,1.173063039779663,,1.0307753086090088,0.8676648139953613,0.854123592376709,0.8634573221206665,0.8193938136100769,0.9732455611228943,0.9608031511306763,0.9610720276832581,1.0135083198547363,0.9621794819831848,0.8278025984764099,0.9432961940765381,1.0081861019134521,1.0824146270751953,0.9448363780975342,1.05764639377594,1.095067024230957,1.0460013151168823,0.784030556678772,0.9358581900596619,,1.0086770057678223,0.7860966920852661,0.9783511161804199,0.8516846299171448,0.9002837538719177,0.9479715824127197,0.9661993384361267,0.9615963101387024,0.9860919117927551,0.7766848802566528,0.7449396252632141,0.9176020622253418,0.8674530982971191,0.878368616104126,0.9099394083023071,0.9786567687988281,0.8032540082931519,0.9917105436325073,0.9351722598075867,0.9580785036087036,0.9999667406082153,0.8289045691490173,0.9238505363464355,0.9684760570526123,1.173901915550232,0.9468666315078735,0.9271948933601379,1.075113296508789,0.8386526107788086,0.8528504371643066,,1.096968173980713,1.1925593614578247,0.9143342971801758,0.8305220603942871,0.9402259588241577,0.8711841106414795,0.9735742807388306,1.0940444469451904,0.9116929173469543,1.0058610439300537,1.0168015956878662,1.0719869136810303,1.0641226768493652,1.0150176286697388,1.0315320491790771,1.0016560554504395,1.0480329990386963,0.8902202248573303,1.0768070220947266,1.0774768590927124,1.2418564558029175,1.2152149677276611,0.9692034125328064,0.6881450414657593,0.42824339866638184,1.0947357416152954,1.0049114227294922,1.0795718431472778,0.7959229350090027,0.6920599937438965,0.8080244660377502,0.8314036130905151,0.8150724172592163,1.1600077152252197,0.9523353576660156,1.2874634265899658,1.2546720504760742,1.1496354341506958,1.1025011539459229,1.2062052488327026,1.219429612159729,1.2299799919128418,1.2218314409255981,1.1659642457962036,1.1330974102020264,,1.0644667148590088
horse,0.9242684841156006,0.8893626928329468,0.6941450834274292,0.28233230113983154,0.0,0.8167790174484253,0.2905482053756714,0.4583243131637573,0.3669229745864868,0.7941118478775024,0.7195696830749512,0.45147812366485596,0.6303622126579285,0.844412624835968,0.8327073454856873,0.9813907742500305,0.8738210201263428,0.7121902108192444,0.5018050074577332,0.9944530129432678,1.041042447090149,1.2475054264068604,1.2414077520370483,1.2556991577148438,1.059657335281372,1.0790610313415527,1.1053842306137085,0.9814251661300659,1.0042327642440796,1.0941165685653687,1.0225034952163696,0.9326355457305908,1.0772631168365479,0.8848872780799866,0.650516927242279,,0.8689659833908081,0.6534693837165833,0.6949586272239685,0.9827061891555786,1.2663816213607788,1.2355809211730957,1.121349811553955,0.961807906627655,1.160386085510254,1.1738367080688477,1.1545668840408325,1.063686490058899,1.0926716327667236,1.1649807691574097,1.1874737739562988,1.1902306079864502,1.2347794771194458,1.2469841241836548,1.17833411693573,0.8149716854095459,1.1311988830566406,1.092942237854004,0.9521333575248718,0.8359420895576477,0.933022141456604,0.8491566181182861,1.054030418395996,,1.0985528230667114,0.6757706999778748,0.9180840253829956,0.8681396842002869,0.842520534992218,0.9410370588302612,0.8876881003379822,0.8907526731491089,1.1312453746795654,0.8985785245895386,0.7502604126930237,0.8458800315856934,0.865155041217804,0.9409059286117554,0.8542046546936035,0.9658620953559875,0.9891023635864258,1.1063768863677979,0.8138191103935242,0.9363901019096375,,0.9383471012115479,0.7864700555801392,1.0179963111877441,0.8201044797897339,0.7999923229217529,0.9003575444221497,0.8638055920600891,0.8301377892494202,0.8898836970329285,0.7012053728103638,0.6546385288238525,0.8764348030090332,0.7261067628860474,0.7801491022109985,0.8870572447776794,0.8857685923576355,0.7664461135864258,1.082275629043579,0.9508644342422485,1.0191724300384521,1.1002719402313232,0.8717123866081238,0.9364355206489563,1.0393872261047363,1.203467845916748,0.9602013826370239,0.9900131225585938,1.2001148462295532,0.8531728386878967,0.9184274077415466,,1.2144914865493774,1.2211204767227173,0.9611427187919617,0.8682202100753784,0.9649043083190918,1.0081000328063965,1.0493181943893433,1.226356029510498,0.9863002300262451,1.0608540773391724,1.1645535230636597,1.149570345878601,1.0321329832077026,1.1394306421279907,1.1176350116729736,1.1546481847763062,1.176672339439392,0.9259942173957825,1.1162745952606201,0.9409921169281006,1.2914527654647827,1.2245081663131714,1.045290470123291,0.8012679815292358,0.6695263981819153,1.2700467109680176,1.1796588897705078,1.2035548686981201,0.8924445509910583,0.7975021600723267,0.7705462574958801,0.8719093203544617,0.882672905921936,1.1136420965194702,0.9480276107788086,1.2490179538726807,1.2292141914367676,1.1950607299804688,1.0141475200653076,1.0858827829360962,1.144667625427246,1.1362414360046387,1.2458775043487549,1.2204928398132324,1.1944336891174316,,1.1176893711090088
pig,1.1235053539276123,0.9923647046089172,0.9271665215492249,0.6563111543655396,0.8167790174484253,0.0,0.7125207185745239,0.7739410400390625,0.731964111328125,0.8154416084289551,0.9310846924781799,0.7912130355834961,0.4943607449531555,0.5748764872550964,0.6051303148269653,1.011255145072937,0.95780348777771,0.7799049615859985,0.7169172763824463,0.7530525922775269,0.8685958385467529,0.9657437205314636,0.9356404542922974,0.9581558108329773,1.0883231163024902,1.1412192583084106,1.0660442113876343,1.1082308292388916,1.0979194641113281,0.8808115720748901,0.8227501511573792,1.0241339206695557,0.9415500164031982,1.024192452430725,0.9210934638977051,,0.9562281966209412,1.1035819053649902,1.1729010343551636,1.161903738975525,1.0464179515838623,1.0897389650344849,1.0878690481185913,1.095914363861084,1.1513038873672485,1.0812286138534546,1.0553195476531982,1.1880382299423218,1.2201077938079834,0.9831936359405518,0.957649290561676,0.9640970230102539,0.9817736148834229,1.068168044090271,1.2159764766693115,1.1245418787002563,0.9641165733337402,0.9905484318733215,0.9370735883712769,1.0040321350097656,1.0246270895004272,1.0463156700134277,1.0090394020080566,,0.8906422257423401,1.137210488319397,0.7636221051216125,0.9337618350982666,0.8095147609710693,1.025948405265808,1.0633573532104492,0.9932782649993896,1.0252994298934937,1.0649231672286987,1.0439170598983765,1.164641261100769,1.1721535921096802,1.0945138931274414,1.0179983377456665,0.9710405468940735,1.1542761325836182,1.0639811754226685,1.1575725078582764,1.176735758781433,,1.1200549602508545,1.1645185947418213,0.8984291553497314,1.2000200748443604,1.2667977809906006,1.2815184593200684,1.2531273365020752,1.262090802192688,1.2112481594085693,1.133475661277771,1.1011135578155518,1.1519042253494263,1.209778070449829,1.236688256263733,1.3515795469284058,1.2506181001663208,1.1646682024002075,1.164247989654541,1.070306658744812,1.077457308769226,1.1582449674606323,1.0482664108276367,1.2028874158859253,1.1351064443588257,1.0258214473724365,1.0760176181793213,0.9105430841445923,0.9046185612678528,1.0584897994995117,0.8681222796440125,,0.974422812461853,0.941932737827301,0.9775044322013855,1.0728729963302612,0.8403736352920532,0.7351958751678467,0.7729629278182983,0.8126586675643921,0.8449194431304932,1.0361006259918213,0.9475155472755432,0.9707305431365967,0.927843451499939,0.9755538702011108,0.9571342468261719,1.0618808269500732,1.0519739389419556,1.0378804206848145,0.9293856024742126,0.9768742322921753,1.0334174633026123,1.0040016174316406,0.976269543170929,0.7854609489440918,0.6412677764892578,0.7566426396369934,0.9330253601074219,1.168184757232666,1.049744725227356,1.0655721426010132,1.150648593902588,1.1937241554260254,1.1846871376037598,0.9813408851623535,1.1308703422546387,0.9223909974098206,0.8787719011306763,0.9839617609977722,1.0078831911087036,0.9840162992477417,0.9464655518531799,0.9297277331352234,0.9596564769744873,1.0221834182739258,1.0777947902679443,,0.9266102910041809
rooster,1.135164737701416,1.052616834640503,0.518566906452179,0.19740134477615356,0.2905482053756714,0.7125207185745239,0.0,0.37968873977661133,0.213836669921875,0.5840839743614197,0.6484866142272949,0.33920371532440186,0.4516405463218689,0.7746593356132507,0.8016506433486938,1.189527988433838,1.0901941061019897,0.5309551954269409,0.31976962089538574,1.097167730331421,1.1157928705215454,1.3608976602554321,1.270237684249878,1.261230230331421,1.0402897596359253,0.9863337278366089,1.1065399646759033,0.952636182308197,1.0564870834350586,1.0393363237380981,1.0203078985214233,0.9468914866447449,1.1988966464996338,0.673891544342041,0.5545551180839539,,0.8622729182243347,0.6600513458251953,0.6681956052780151,0.8805798292160034,1.303647518157959,1.1649569272994995,1.0146164894104004,1.0668147802352905,1.1113759279251099,1.1784294843673706,1.1973075866699219,1.0822033882141113,1.0928212404251099,1.1395740509033203,1.316420316696167,1.2716718912124634,1.2830394506454468,1.3716838359832764,1.259636402130127,0.89222651720047,1.299936056137085,1.1062453985214233,0.8836761116981506,0.9987825155258179,1.061216115951538,1.0167838335037231,1.2037174701690674,,1.0235042572021484,0.7443064451217651,0.7944132685661316,0.7887206077575684,0.650637149810791,0.8615111708641052,0.8291001319885254,0.8211496472358704,1.0057668685913086,0.8506342172622681,0.6939623355865479,0.8287942409515381,0.865217387676239,0.9636842012405396,0.8427606821060181,1.0079727172851562,1.0549379587173462,1.0301058292388916,0.6407952904701233,0.8433399200439453,,0.9932234883308411,0.6405810117721558,1.0483099222183228,0.7510166168212891,0.8038943409919739,0.8747549653053284,0.8785003423690796,0.8539289236068726,0.8860665559768677,0.5742752552032471,0.5061361789703369,0.8085513710975647,0.7039834260940552,0.7521817684173584,0.8319364786148071,0.9493497610092163,0.7053084373474121,0.9996016621589661,1.000282645225525,0.9986386299133301,1.057261347770691,0.7930572032928467,0.8922297358512878,0.9924386143684387,1.2561625242233276,0.9054323434829712,0.904503583908081,1.1409618854522705,0.746245801448822,0.8549927473068237,,1.177454948425293,1.3180220127105713,0.943674623966217,0.7828301787376404,0.8482827544212341,0.8428530693054199,0.983966052532196,1.154544472694397,0.8241003751754761,1.081504225730896,1.060808777809143,1.175218105316162,1.0535902976989746,1.133621096611023,1.1143754720687866,1.0730446577072144,1.1547445058822632,0.9493728280067444,1.2083896398544312,1.1122660636901855,1.3066153526306152,1.280843734741211,0.9897143840789795,0.6585963368415833,0.39277875423431396,1.1862797737121582,1.0556461811065674,1.1430151462554932,0.8097900152206421,0.6573375463485718,0.745449423789978,0.79301917552948,0.7988901734352112,1.2225035429000854,1.0162383317947388,1.3766765594482422,1.3674252033233643,1.2239106893539429,1.0636508464813232,1.2743033170700073,1.292646884918213,1.2960126399993896,1.3528509140014648,1.288607120513916,1.2795031070709229,,1.080949306488037
penguin,1.0038533210754395,0.997292697429657,0.7155635356903076,0.3599749207496643,0.4583243131637573,0.7739410400390625,0.37968873977661133,0.0,0.45762747526168823,0.7657811045646667,0.8699172735214233,0.583078145980835,0.648003339767456,0.7651059627532959,0.851418137550354,1.0693938732147217,0.9922610521316528,0.6767659783363342,0.5055275559425354,1.1072044372558594,1.0935434103012085,1.2300783395767212,1.184441089630127,1.1184468269348145,1.0547993183135986,1.0067832469940186,1.1123816967010498,1.0167618989944458,1.094407081604004,0.9916197061538696,0.9700563549995422,0.9044494032859802,1.1417839527130127,0.8265591859817505,0.7623473405838013,,0.938815712928772,0.8284956216812134,0.7448699474334717,0.9375168085098267,1.201645016670227,1.0545653104782104,1.0380419492721558,1.0767712593078613,1.0535030364990234,1.1164435148239136,1.0786939859390259,1.0175881385803223,0.9931640028953552,1.0870418548583984,1.1792025566101074,1.1655865907669067,1.1362485885620117,1.1508158445358276,1.0542500019073486,0.9493692517280579,1.100018858909607,1.0059906244277954,0.778862714767456,0.9707481265068054,1.1023672819137573,1.052483081817627,1.121455430984497,,1.0202714204788208,0.8511598706245422,0.8391072750091553,0.8304965496063232,0.8751200437545776,0.9453465342521667,0.9739673137664795,0.9629650115966797,1.0683965682983398,1.0004225969314575,0.809246838092804,0.917893648147583,0.9475064277648926,1.028658151626587,0.884667694568634,1.0302526950836182,1.0732672214508057,1.0886746644973755,0.7183401584625244,0.9071705341339111,,0.9535481333732605,0.7442575693130493,0.8931767344474792,0.8228962421417236,0.8648273944854736,0.9179660677909851,0.9830735325813293,0.9574847221374512,0.9882412552833557,0.8182290196418762,0.7853027582168579,0.9391390085220337,0.8284174203872681,0.8409959673881531,0.8844224214553833,1.0327171087265015,0.7853530645370483,1.0110381841659546,0.8925362229347229,0.9234851598739624,0.921170711517334,0.8193076848983765,0.8875673413276672,0.9471040368080139,1.2311348915100098,1.0113236904144287,0.9297874569892883,1.092464566230774,0.9246091246604919,0.9339122772216797,,1.1572930812835693,1.2437374591827393,0.9138184785842896,0.9290964603424072,1.032053828239441,0.9880467057228088,1.0029011964797974,1.2257846593856812,1.0214018821716309,1.154067039489746,1.0365263223648071,1.0735893249511719,1.016710877418518,1.0573678016662598,0.9600511193275452,1.020465612411499,1.0825064182281494,0.9922252893447876,1.0690603256225586,0.98802250623703,1.2422611713409424,1.0993081331253052,1.0361961126327515,0.7417932748794556,0.651327908039093,1.094986081123352,1.0215269327163696,1.0460087060928345,0.7919827103614807,0.7479698061943054,0.8598740100860596,0.8393600583076477,0.8235688209533691,1.113276481628418,0.9070256352424622,1.2588646411895752,1.2190967798233032,1.1551835536956787,1.0281375646591187,1.1719714403152466,1.1813087463378906,1.191831350326538,1.2195247411727905,1.176459789276123,1.1803011894226074,,1.0929009914398193
bird,1.0373073816299438,0.9473540782928467,0.5697910785675049,0.3550664186477661,0.3669229745864868,0.731964111328125,0.213836669921875,0.45762747526168823,0.0,0.4061650037765503,0.6112604141235352,0.39671385288238525,0.54887855052948,0.5240218639373779,0.6117139458656311,0.8688902854919434,0.8265091180801392,0.4254143238067627,0.3354548215866089,1.0085314512252808,1.0315896272659302,1.1166353225708008,1.2032426595687866,1.0669267177581787,1.1296403408050537,1.1688331365585327,1.1972707509994507,1.1379753351211548,1.0772316455841064,1.0971920490264893,1.0714863538742065,1.0112648010253906,1.221085548400879,0.7911124229431152,0.6738135814666748,,0.8671374320983887,0.7272915244102478,0.8081246614456177,0.9548214077949524,1.1061314344406128,1.1266982555389404,1.010108470916748,0.9510707259178162,1.0690208673477173,1.1053038835525513,1.0564416646957397,1.0281914472579956,1.0455398559570312,0.9994903206825256,1.0526938438415527,1.0864065885543823,1.0944485664367676,1.1039493083953857,1.06519615650177,0.7316033244132996,1.0379385948181152,0.9598553776741028,0.8203522562980652,0.9304921627044678,0.8143299221992493,0.912097692489624,0.9190143942832947,,0.935004472732544,0.8981561660766602,0.9522087574005127,0.9695243239402771,0.8774640560150146,1.0456504821777344,1.015318512916565,0.9800819158554077,1.1580705642700195,1.0374963283538818,0.8775221109390259,0.9540347456932068,1.0074962377548218,1.0713680982589722,0.9539652466773987,1.107750654220581,1.2146732807159424,1.1664423942565918,0.8369157314300537,0.8528525233268738,,0.9412598013877869,0.7952550649642944,0.9353734254837036,0.8716970682144165,0.8760408163070679,0.8881877064704895,0.9601234197616577,0.9346809983253479,1.0043957233428955,0.7056640386581421,0.6742646098136902,0.9496781826019287,0.9225469827651978,0.9604514241218567,1.0263270139694214,0.9821249842643738,0.876449704170227,1.0966770648956299,1.105518102645874,1.0930644273757935,1.1727325916290283,0.9944836497306824,1.0062521696090698,1.0200152397155762,1.039526104927063,0.9669477939605713,0.9447705149650574,1.124451994895935,0.8859947919845581,0.9405698776245117,,1.0089095830917358,1.1341300010681152,0.9766003489494324,0.8473271727561951,0.9067463278770447,0.8503519296646118,0.9676326513290405,0.9930102229118347,0.8860185742378235,1.1395094394683838,1.0177228450775146,1.1399099826812744,0.9668483734130859,1.0400384664535522,1.107415795326233,1.09872305393219,1.1970864534378052,1.0365849733352661,1.098522424697876,0.8466175198554993,1.0248712301254272,1.1461460590362549,1.096135139465332,0.9081729650497437,0.7078529000282288,1.0844181776046753,1.0288169384002686,1.2231969833374023,0.9343546628952026,0.8259176015853882,0.8168368339538574,0.8863425850868225,0.9100940227508545,0.9992339611053467,1.0663256645202637,1.1781446933746338,1.203406572341919,1.150917649269104,1.0272654294967651,1.0976858139038086,1.1007193326950073,1.1031874418258667,1.13477623462677,1.1339141130447388,1.19668447971344,,1.1128478050231934
duck,1.0543327331542969,1.010171890258789,0.636282742023468,0.6516554355621338,0.7941118478775024,0.8154416084289551,0.5840839743614197,0.7657811045646667,0.4061650037765503,0.0,0.9644038677215576,0.8005651235580444,0.8311653733253479,0.5139060020446777,0.6932661533355713,0.8814833760261536,0.9640094637870789,0.2395949363708496,0.2856740951538086,0.9417609572410583,0.9671412706375122,0.9833746552467346,1.127075433731079,0.8433940410614014,1.1902858018875122,1.1923409700393677,1.3441753387451172,1.3156342506408691,1.3207323551177979,1.1878325939178467,1.1172683238983154,1.1970332860946655,1.2509644031524658,0.7710994482040405,0.8122134208679199,,0.824732780456543,0.8837888836860657,1.0627306699752808,0.9126815795898438,0.7596744894981384,1.0013278722763062,0.8783841729164124,0.9058352708816528,0.9091742038726807,0.9171086549758911,0.8925817012786865,0.9086644053459167,1.0008684396743774,0.7832484245300293,0.8216601610183716,0.8054539561271667,0.7937660217285156,0.9299094676971436,1.0138444900512695,0.878405749797821,0.9382159113883972,0.7958945035934448,0.8623976111412048,0.9830130934715271,0.6959478855133057,0.9112652540206909,0.8099148869514465,,0.85280841588974,1.19290292263031,0.9809241890907288,1.0679776668548584,1.0164785385131836,1.1978492736816406,1.192110300064087,1.1830425262451172,1.206394910812378,1.2874057292938232,1.206275224685669,1.2492165565490723,1.3189195394515991,1.278022050857544,1.1485531330108643,1.2498902082443237,1.3978608846664429,1.3211345672607422,0.9257694482803345,0.877180814743042,,1.0926299095153809,1.0188275575637817,1.0335532426834106,1.117116093635559,1.183824062347412,1.130220890045166,1.2668882608413696,1.2674956321716309,1.3099424839019775,0.8416233062744141,0.864467978477478,1.1525280475616455,1.1913611888885498,1.1832293272018433,1.207943081855774,1.2399882078170776,1.0884275436401367,0.9608809947967529,1.019758939743042,0.9066363573074341,1.1049219369888306,1.1232850551605225,1.0411653518676758,0.9915347099304199,0.9703736305236816,1.108877182006836,1.0902345180511475,1.0436207056045532,1.0347580909729004,0.9865872859954834,,0.8811668157577515,0.966076135635376,1.0058280229568481,0.8052998781204224,1.023018479347229,0.7713022232055664,0.8979417085647583,0.8167119026184082,1.032099723815918,1.0417147874832153,0.8338093757629395,0.9441649317741394,0.817990243434906,0.7561172246932983,0.9015414714813232,0.8945064544677734,0.9749287366867065,1.0791082382202148,1.029911994934082,0.8370212316513062,0.9509565234184265,1.162263035774231,1.18115234375,1.0607376098632812,0.8089324235916138,0.9047545194625854,1.0488486289978027,1.1763269901275635,0.993335485458374,0.8643028736114502,0.94612056016922,1.0289256572723389,1.054599642753601,0.8339534401893616,1.0790234804153442,0.9435253739356995,1.0222859382629395,1.1484174728393555,1.051918387413025,0.9689862728118896,0.9141222238540649,0.9612618684768677,0.9376320838928223,0.9648325443267822,1.0592910051345825,,0.9230055809020996
fish,1.16287100315094,1.046426773071289,0.817550539970398,0.7376765608787537,0.7195696830749512,0.9310846924781799,0.6484866142272949,0.8699172735214233,0.6112604141235352,0.9644038677215576,0.0,0.5222175121307373,0.5308342576026917,1.080896019935608,1.0835508108139038,1.2873138189315796,0.9468750953674316,1.0127078294754028,0.9562588334083557,1.2128126621246338,1.2610422372817993,1.475705623626709,1.2595694065093994,1.382836937904358,0.8700428009033203,0.9412479996681213,0.8482496738433838,0.7330640554428101,0.48938727378845215,0.8262679576873779,0.8120489120483398,0.6883814334869385,0.9573072791099548,1.0815365314483643,0.9039024710655212,,1.0681512355804443,0.6661343574523926,0.7348670959472656,1.0944626331329346,1.5206828117370605,1.2542152404785156,1.3695203065872192,1.2545969486236572,1.3933167457580566,1.4976410865783691,1.450060248374939,1.4120129346847534,1.2665090560913086,1.5043487548828125,1.4812698364257812,1.4366174936294556,1.5348089933395386,1.4698169231414795,1.0563570261001587,0.7387434244155884,1.4531800746917725,1.3428033590316772,1.192021369934082,1.0642443895339966,1.064709186553955,1.118611216545105,1.260614037513733,,1.1803390979766846,0.5385645627975464,0.7614583969116211,0.6799505949020386,0.7098330855369568,0.566489040851593,0.5336509346961975,0.44625091552734375,0.7508512139320374,0.4670366048812866,0.5074930191040039,0.41136133670806885,0.5224382877349854,0.5404800176620483,0.6539894938468933,0.8485605716705322,0.7162044644355774,0.6318780779838562,1.0606582164764404,1.0456984043121338,,0.8999915719032288,0.8634687662124634,1.1300021409988403,0.6017733216285706,0.606133222579956,0.6319706439971924,0.43177688121795654,0.39943790435791016,0.3490726947784424,0.8297966122627258,0.7584294080734253,0.41316860914230347,0.5346947312355042,0.6148106455802917,0.6876678466796875,0.3763049840927124,0.6540136933326721,1.221358060836792,1.1423949003219604,1.2113558053970337,1.0673052072525024,0.6331472396850586,0.7364706993103027,0.8264777660369873,0.941108226776123,0.4375673532485962,0.623042643070221,0.8025127649307251,0.5668554306030273,0.7622973918914795,,1.0940415859222412,1.1443501710891724,0.9166114330291748,0.8491231799125671,0.7988455891609192,0.9321434497833252,1.0465556383132935,1.1506154537200928,0.7595635056495667,0.732638418674469,0.9973352551460266,1.094612956047058,1.333743691444397,1.4212650060653687,1.243741512298584,1.240774154663086,1.3632173538208008,0.8391117453575134,1.1623950004577637,1.1040771007537842,1.1506069898605347,1.1195474863052368,0.5487442016601562,0.7503843307495117,0.9893330931663513,1.2740297317504883,0.9458913803100586,1.0718634128570557,0.8865388631820679,1.0855815410614014,0.7165696024894714,0.6624482870101929,0.6897968053817749,1.3074250221252441,1.124714970588684,1.526452898979187,1.47296142578125,1.1726889610290527,1.2811802625656128,1.4501043558120728,1.4778765439987183,1.4514501094818115,1.3972723484039307,1.3631927967071533,1.2950316667556763,,1.2235215902328491
butterfly,1.063535213470459,1.0039900541305542,0.7433347702026367,0.4815570116043091,0.45147812366485596,0.7912130355834961,0.33920371532440186,0.583078145980835,0.39671385288238525,0.8005651235580444,0.5222175121307373,0.0,0.4259595274925232,0.8849732875823975,0.9085155129432678,1.2290613651275635,1.0609557628631592,0.895500123500824,0.7383009195327759,1.176663875579834,1.204953670501709,1.3721567392349243,1.2816020250320435,1.3093531131744385,1.0460385084152222,1.0412323474884033,1.0721940994262695,0.9819369912147522,0.949286162853241,1.0230884552001953,1.0245412588119507,0.9029036164283752,1.0994046926498413,0.9586407542228699,0.7619619965553284,,0.9790183901786804,0.7398025393486023,0.5637395977973938,0.9560306668281555,1.3541085720062256,1.0259977579116821,1.1359728574752808,1.1360344886779785,1.1943376064300537,1.2540314197540283,1.2795082330703735,1.2057714462280273,1.144121527671814,1.1814019680023193,1.3306529521942139,1.344069480895996,1.2893844842910767,1.2723212242126465,1.0354299545288086,0.8230536580085754,1.2666231393814087,1.067753553390503,0.9216898083686829,0.9573359489440918,1.1250419616699219,1.0307025909423828,1.188269853591919,,1.1247271299362183,0.5637120604515076,0.7634991407394409,0.6742172241210938,0.7395990490913391,0.8307873606681824,0.8384951949119568,0.80308997631073,1.047913908958435,0.8170763254165649,0.7431715130805969,0.8049535751342773,0.8589389324188232,0.9298176169395447,0.7880653142929077,1.0309756994247437,0.999640941619873,1.0523041486740112,0.8195863962173462,0.8398658633232117,,0.8422526121139526,0.7499779462814331,0.9086629748344421,0.6531994342803955,0.6806625127792358,0.7342174053192139,0.7536040544509888,0.7355489134788513,0.792364239692688,0.6046777963638306,0.5119422078132629,0.7379745244979858,0.7386246919631958,0.7261301279067993,0.8395609259605408,0.8746877908706665,0.7183337807655334,0.973440945148468,0.9479116201400757,0.9820944666862488,0.9726038575172424,0.6869440078735352,0.772894024848938,0.7680116891860962,1.0536986589431763,0.8217992186546326,0.8327968716621399,0.9715813994407654,0.7347410917282104,0.7163534760475159,,1.0384489297866821,1.212617039680481,0.8901640176773071,0.7562269568443298,0.9289297461509705,0.8635339140892029,0.8997804522514343,1.14698326587677,0.8750724196434021,0.8898547291755676,0.9178426265716553,1.001197099685669,1.0081837177276611,1.1819686889648438,0.9308793544769287,0.9975156188011169,1.1064558029174805,0.7964102029800415,0.9662533402442932,1.0407172441482544,1.1839487552642822,1.1456786394119263,0.7967637777328491,0.7104343175888062,0.7436190843582153,1.2161635160446167,1.1190228462219238,1.0926792621612549,0.7940118908882141,0.8094516396522522,0.7318031787872314,0.775363028049469,0.7354039549827576,1.2206766605377197,1.0751286745071411,1.425237774848938,1.3081600666046143,1.223435401916504,1.2226812839508057,1.330589771270752,1.352308750152588,1.3486660718917847,1.4135568141937256,1.384481430053711,1.3487728834152222,,1.0959463119506836
frog,1.1464570760726929,0.9789568185806274,0.8458182215690613,0.4827423691749573,0.6303622126579285,0.4943607449531555,0.4516405463218689,0.648003339767456,0.54887855052948,0.8311653733253479,0.5308342576026917,0.4259595274925232,0.0,0.6510934233665466,0.7744816541671753,1.2473278045654297,1.0510668754577637,0.8751025199890137,0.7249141931533813,1.0273839235305786,1.1655280590057373,1.314976453781128,1.1546955108642578,1.2988840341567993,1.0807818174362183,1.1333329677581787,1.1143550872802734,1.0968347787857056,1.0423589944839478,1.0326744318008423,1.001700758934021,0.988451361656189,1.0789754390716553,0.9632568955421448,0.7907936573028564,,0.9217907190322876,0.8627691864967346,0.9054964780807495,1.0952961444854736,1.338240146636963,1.137594223022461,1.1911824941635132,1.2194888591766357,1.3068848848342896,1.290116548538208,1.297692060470581,1.3001067638397217,1.2582664489746094,1.1501166820526123,1.2331644296646118,1.2404028177261353,1.2184669971466064,1.312851071357727,1.2237316370010376,0.9045336246490479,1.1684670448303223,1.0602028369903564,0.8963016271591187,0.9330741167068481,1.0882903337478638,1.0760009288787842,1.1876001358032227,,1.0701786279678345,0.8336348533630371,0.7017421126365662,0.7914342880249023,0.6768732666969299,0.9023330807685852,0.9199768900871277,0.78182053565979,0.9446719884872437,0.9272087812423706,0.8648890256881714,0.9704487323760986,1.0513752698898315,1.0809364318847656,0.9587491750717163,1.0274773836135864,1.1161590814590454,1.0234769582748413,1.0101090669631958,1.0519057512283325,,0.985960066318512,0.988578736782074,0.8112646341323853,0.8113535642623901,0.9190585613250732,0.944791853427887,0.9322676062583923,0.9347794055938721,0.906548023223877,0.8249858617782593,0.7327152490615845,0.8186395168304443,0.9457738399505615,0.9580944180488586,1.0929813385009766,1.0202354192733765,0.8709719777107239,1.0359139442443848,1.032165765762329,1.0429292917251587,1.016844630241394,0.7037426233291626,0.9343518018722534,0.8619577884674072,0.9650281667709351,0.7120898962020874,0.578145444393158,0.7108219861984253,0.789277195930481,0.6448965668678284,,0.9856348037719727,1.06576669216156,0.8392914533615112,0.7955419421195984,0.7117519378662109,0.7833579182624817,0.6554198265075684,0.9986532330513,0.7510420083999634,0.8833227753639221,0.8172128796577454,0.8799975514411926,1.0630714893341064,1.2004276514053345,0.8971644639968872,0.9383932948112488,1.0402764081954956,0.7712535262107849,0.9406739473342896,1.060846209526062,1.2087956666946411,1.025609016418457,0.6431602239608765,0.4226788878440857,0.5065814256668091,0.9727588295936584,0.9779796004295349,1.1621358394622803,0.8400793671607971,0.899398684501648,0.8645344972610474,0.8848615288734436,0.8576948046684265,1.1108635663986206,1.1334396600723267,1.2661850452423096,1.124563217163086,1.1671836376190186,1.2538774013519287,1.2875442504882812,1.2800772190093994,1.281847596168518,1.322380781173706,1.340005874633789,1.3290146589279175,,0.8427214026451111
