,alligator,ankle,apple,arm,ball,balloon,banana,basket,bathtub,bear,bed,belt,bench,bib,bird,blanket,book,bottle,bowl,box,bread,broom,bucket,can,car,carrot,cat,chair,clock,closet,coffee,comb,cookie,couch,cracker,crayon,crib,cup,dog,doll,door,drawer,dress,ear,egg,elephant,eye,face,finger,fish,flower,foot,fork,frog,glass,glasses,glove,grass,gum,hair,hamburger,hand,hat,horse,hose,jacket,jar,jeans,knife,ladder,lamp,leg,meat,milk,mitten,motorcycle,mouth,muffin,nail,napkin,necklace,nose,orange,oven,owl,pajamas,pants,paper,pen,pencil,penguin,pickle,pillow,pizza,plant,plate,pony,pumpkin,purse,radio,raisin,refrigerator,rock,rooster,sandwich,sauce,scarf,scissors,shirt,shoe,shorts,shovel,shower,sink,slide,slipper,snow,soap,sock,soup,spoon,stick,stroller,sweater,table,tape,toe,tooth,toothbrush,towel,toy,tray,vacuum,watch,window
alligator,0.0,1.1963236,1.2859687,0.7215556,1.33125,1.3855493,0.9158807,1.359098,0.8138515,0.5334819,0.4848681,1.480748,0.49844933,0.4241451,1.257409,0.5072764,0.719618,1.4970446,1.3258463,0.85300535,1.0498825,0.66425574,1.5291317,1.4155917,0.88391304,1.3279834,0.45545614,1.2940738,1.4839733,0.9556974,1.1685905,0.9902348,0.9987354,0.8949576,0.82158536,1.5209097,0.5335547,1.5459988,0.59102297,0.793263,1.0308897,1.2706348,0.5019017,1.2291976,1.2448355,0.9762478,1.1943091,0.88842475,1.2638724,0.8142742,1.179358,1.1747713,1.4307344,1.0892589,0.7774481,1.3066487,0.80742204,0.71305794,1.141552,0.6422623,0.8249235,0.76358455,1.4422642,0.80817366,0.9393967,0.5860686,1.1674643,0.46197748,1.3974216,1.3332039,1.5938656,0.7592486,0.8260822,1.1484387,0.6525109,0.8354583,1.0241594,1.0910819,1.4499493,1.1030806,1.41957,1.2131373,1.0952657,1.3793042,0.9630127,0.39138687,0.5488883,0.5751853,1.5074716,1.4603443,0.8791028,0.9167491,1.3435323,0.6531917,1.3233615,1.3861829,0.6508331,1.2737726,1.0210648,1.4883953,1.321146,1.1123804,0.5224101,1.2774953,0.7421377,1.0495152,0.61483413,1.2377028,0.5198747,0.60824275,0.6439664,1.0605024,0.9438363,1.1126361,0.708892,1.5055461,0.6455573,1.4710871,1.1560862,0.9655971,1.2756983,0.8535252,0.7527761,0.5132686,0.6839688,1.506821,1.3629559,1.321134,1.1739808,1.3758676,1.1883711,0.6904413,1.2663457,1.5378735,1.1780198
ankle,1.1963236,0.0,0.7449509,1.1290684,0.8768068,0.99970853,1.0907565,1.0209738,1.2164168,1.0910245,1.1578376,0.66671073,1.1288682,1.2743568,0.8011587,1.1949043,1.1885178,0.86506784,1.0796244,1.1401834,0.96019346,1.1694925,0.9330256,0.81231564,1.2225035,0.54568875,1.0903286,1.2323837,0.8728501,1.0841262,1.1597878,1.1547692,1.0264627,1.0342667,1.0633736,0.61111623,1.200813,0.84068984,1.1279418,1.1700907,1.1234069,0.81231785,1.2577137,0.69103086,0.71261007,0.9832487,0.939063,0.89549905,0.7009638,1.0038646,1.1717362,0.44688284,1.0100058,1.0030541,1.150636,0.6189545,0.9976643,1.0990528,1.0043993,1.0297037,0.97488225,1.0597243,0.6335361,0.9115986,1.0708003,1.1214707,1.1298635,1.0531821,0.8928522,1.0023929,0.8710467,0.90785605,1.2180989,1.1901596,1.1159916,1.2326059,1.1882075,1.0915865,0.5397496,1.0034931,0.6309842,0.7155533,1.1696213,1.0121952,1.0579214,1.2391536,1.0315924,1.205876,0.6668395,0.71753436,1.0433321,0.86265063,0.5881679,1.1845765,0.9881669,0.9997433,1.2029669,0.86353374,1.0643867,0.79263484,0.8505756,1.1128013,1.0201375,0.8238231,1.1149998,1.1754088,1.1449046,1.0800781,1.1962694,1.1167667,0.8739705,1.1544564,1.1670879,1.0207945,1.2199819,0.5531129,1.1753901,0.8237265,1.0000892,1.176786,1.1181724,1.0217644,1.1929381,1.146684,1.1864393,0.90794766,0.49383295,0.62932754,1.0571877,0.8878917,1.0516402,1.1068109,0.9601429,0.509292,1.0561953
apple,1.2859687,0.7449509,0.0,1.1405118,0.31507254,0.4629647,0.8224622,1.1116018,1.2918868,1.1187849,1.3239491,0.6040486,1.3653293,1.2323744,0.8006896,1.225339,1.1502675,0.8115709,0.9803257,1.2486889,0.98789823,1.1114993,0.90054446,0.91300726,1.113687,0.700664,1.2139872,1.2148501,0.65092844,1.2623308,0.9038655,1.1840175,1.1109413,1.2947999,1.1312451,0.633628,1.4601116,0.74979633,1.1883647,1.045747,1.1667845,1.0644398,1.3135651,0.77059346,0.6278904,1.0274829,0.90511113,0.9173223,0.69720846,0.80226326,1.0304551,0.80225694,1.0149531,0.82237494,1.1391077,0.77939767,1.0643804,1.1518595,0.76149714,1.198696,1.0087024,1.0168207,0.5914077,1.0508996,1.0736438,1.1587969,1.0291046,1.2638443,0.9939238,1.1507168,0.78997386,1.1852162,1.0697896,1.1465361,1.0672923,1.147259,0.81380486,0.9139616,0.38493502,1.0825564,0.78863704,0.7588276,0.8213438,1.106915,1.0190204,1.2897743,1.2468693,1.1880138,0.69450986,0.78774333,1.1229677,0.79108167,0.7709612,1.1111541,0.9181375,0.8504286,1.1782027,0.687652,1.0410628,0.7141882,0.7181935,1.26757,1.196444,0.74982035,1.1075004,1.1200647,1.1424925,1.0560118,1.2550182,1.155782,1.0928658,1.1284384,1.2220117,1.1241584,1.2265708,0.57391906,1.2277098,0.7593215,0.99378276,1.1150373,1.0349026,1.1504812,1.299211,1.2301838,1.1829495,0.6538056,0.65704525,0.6626926,0.9900489,0.9973907,0.7702634,1.2053664,1.0606976,0.6111883,1.1197791
arm,0.7215556,1.1290684,1.1405118,0.0,1.2899805,1.250866,0.9211008,1.2268088,0.90637434,1.0607167,0.7845207,1.3214358,0.84048814,0.6683707,1.3204408,0.9187453,0.9348111,1.2074153,1.0849173,0.9813965,0.88674176,1.0424407,1.1499444,1.1460439,0.98619324,1.0289272,0.9827284,1.0152365,1.4023588,1.0022999,0.97100794,1.0249776,1.0805142,0.88267255,0.8726007,1.2980274,0.8707195,1.1799269,0.93994385,0.9487676,0.99153054,1.1393168,0.7207652,0.9387051,1.0234994,0.97672087,1.0881387,0.95697856,0.7904417,1.103519,1.0667917,1.020993,1.1308725,1.2680908,0.8159784,1.1251111,0.62109923,1.1349686,1.1062129,0.83939385,0.87473965,0.39128363,1.3021717,0.92781425,1.0863858,0.81196195,0.95893633,0.71556526,1.0518705,1.1813519,1.33918,0.8555765,0.8249776,1.0237991,0.63464797,0.97667366,0.8822686,0.97734463,1.3080425,0.90980816,1.1768357,1.0481147,1.0140498,1.0797682,1.1951338,0.6420591,0.72374505,0.7691835,1.227766,1.191753,0.9589759,0.89506745,1.3019897,0.80663246,1.3008285,1.2243109,0.9989416,1.1325507,1.1293653,1.3238544,1.0536317,0.97046757,0.9734196,1.3934954,0.7399808,0.9102459,0.8901154,1.1544307,0.6230155,0.88738704,0.82290685,0.9838183,1.0655731,1.0503019,0.92728084,1.3558828,1.0049925,1.3790656,0.9371698,0.892264,0.98931044,0.9500863,0.9334518,0.6566088,0.78112864,1.3256532,0.98352814,1.1073005,1.0517281,1.2185863,1.2490119,0.9320538,1.0910051,1.2528199,0.9701578
ball,1.33125,0.8768068,0.31507254,1.2899805,0.0,0.292315,0.8269903,0.87373054,1.3065231,1.1323893,1.3313024,0.61078256,1.4418588,1.2718031,0.73111606,1.1430678,1.131212,0.66388303,0.91831297,1.2324356,0.950702,1.0219953,0.76583314,0.98086846,1.1543362,0.80691206,1.20242,1.0597616,0.5904248,1.2549819,0.9141995,1.1125629,0.99656934,1.3565383,1.148915,0.5783396,1.4735184,0.66900426,1.1379031,1.0614797,1.2396946,1.165012,1.3094946,0.9696826,0.84223384,1.0234894,0.8379234,0.95438737,0.9177174,0.75149655,0.9133384,0.9570888,0.9366168,0.66065204,1.2898602,0.92086214,1.1107148,1.1304758,0.7053887,1.3075349,1.0806549,1.3157643,0.46590972,1.0948431,1.0225624,1.1768856,1.062187,1.3902435,0.96814007,1.0152365,0.6567956,1.2744017,1.1695149,1.026637,1.1844047,1.1690233,1.0200676,0.9035068,0.3446015,1.1309505,0.8984897,0.96450746,0.81526107,0.98892725,0.9327685,1.3341532,1.3916321,1.2626126,0.65194577,0.77145284,1.0352482,1.0851972,0.7518604,1.1592634,0.72917104,0.77374566,1.0935699,0.6584735,0.8901502,0.647216,0.6644267,1.2864588,1.1602639,0.77839285,1.1491783,1.1378753,1.1340199,0.9001303,1.351248,1.0527494,1.3005211,1.101937,1.2120163,1.1545942,1.204434,0.49583125,1.2121471,0.5820815,0.78997463,1.187013,1.0832664,1.2143624,1.2284966,1.3447695,1.189726,0.40769404,0.78545,0.74525374,0.8908088,0.9078275,0.4795648,1.2825948,1.0215222,0.5364895,1.1715641
balloon,1.3855493,0.99970853,0.4629647,1.250866,0.292315,0.0,0.82720256,0.73465276,1.2366122,1.231449,1.3766975,0.7858083,1.3797318,1.325778,0.834201,1.2101667,1.1609133,0.6616458,0.8941059,1.1413794,0.91456854,0.9671026,0.6370953,1.0117389,1.1374152,0.9548213,1.2602614,0.9705294,0.73429865,1.1915176,0.74830335,1.0076609,0.93825406,1.2614061,1.1019858,0.74638087,1.4043331,0.669459,1.084653,0.97813416,1.21519,1.065294,1.3383193,1.0257379,0.8500038,1.0922192,0.9359809,1.1138237,0.9228624,0.92209446,0.75901186,1.069023,0.8589196,0.7523098,1.2175411,1.0308264,1.0146012,1.2218744,0.5791156,1.3043363,1.1163123,1.2979095,0.5399098,1.1510054,1.078634,1.2406064,0.86399245,1.3945872,0.88057184,0.921732,0.6539004,1.2592254,1.1140254,0.9036435,1.104146,1.1666309,0.7904537,0.7432134,0.6440601,1.0498757,0.91303784,1.0407305,0.8645349,0.9441454,1.0242509,1.3587298,1.3840785,1.2862515,0.81435585,0.87035507,0.9824745,1.1194893,0.8740425,1.1710634,0.68117595,0.80249524,1.0548058,0.6706226,0.9005163,0.6999836,0.5709136,1.2028792,1.231733,0.7686845,1.1153607,1.0849614,1.140094,0.75715935,1.3914921,1.0938431,1.3636649,1.0352015,1.231569,1.0310098,1.1437671,0.7093081,1.2470152,0.6497052,0.7020347,1.1193895,0.9573596,1.2159309,1.1513121,1.364826,1.249215,0.4779812,0.8588013,0.8143785,0.88904274,0.8460962,0.47930336,1.2713372,0.94662625,0.751803,1.1593566
banana,0.9158807,1.0907565,0.8224622,0.9211008,0.8269903,0.82720256,0.0,1.1365291,1.056848,1.0558221,1.0408524,1.2347617,1.1089176,0.8919137,0.8537807,0.99289244,0.8289303,1.0686145,0.9860078,1.0454974,0.5960219,1.0559647,1.1603467,1.3040113,1.067676,1.1373394,1.0279043,1.2319705,1.123237,1.1476613,0.98717195,1.1152046,0.7947287,1.2268578,0.6205512,1.1667325,1.1846823,1.1811912,1.0129454,0.78245205,1.2851455,1.247199,1.1006147,1.0706973,0.995876,1.0398604,1.0745822,0.96144074,0.89101905,0.75262177,1.0458493,1.0968331,1.1111367,0.5897697,0.7665698,1.066599,0.8818695,1.135687,0.6020988,1.0900989,0.5630505,0.781824,1.0456201,1.0677177,1.1807077,1.0109466,1.0908549,1.1170937,1.1649334,1.2452993,1.179203,1.16441,0.8979826,1.0058961,0.790153,1.00723,0.8371141,0.7737939,1.0639734,1.0318394,1.2437676,1.0991756,0.7410652,1.1776482,1.0035785,1.0215622,1.1620517,0.8486972,1.2148093,1.2128799,0.7511153,0.8174087,1.1735444,0.6412203,1.0964004,0.9001048,1.0126427,0.76179755,1.0347896,1.1444932,0.9574461,1.2926757,0.84112877,1.0248556,0.6939642,0.9314112,0.96285534,0.96858716,1.0922501,0.8265496,1.126174,1.0922967,1.2566884,1.017977,1.0097928,1.099428,1.076894,0.9132359,1.0669527,0.9511373,0.9861605,1.1910142,1.0746632,1.053813,1.0066607,0.89040697,1.0531366,0.9849602,1.0013275,1.1703389,0.6110761,1.003835,1.291194,1.1385983,1.1955212
basket,1.359098,1.0209738,1.1116018,1.2268088,0.87373054,0.73465276,1.1365291,0.0,1.1680866,1.1968844,1.275969,0.7697822,1.1930516,1.3719265,0.8538258,1.2310095,1.1429952,0.52133936,0.82768136,0.9182868,0.8629205,1.0419408,0.47239262,0.6731745,1.1638855,0.96270776,1.2565134,0.65202385,0.7138269,1.0325624,0.7841126,0.8134314,0.7924069,0.9867561,1.0168887,0.6558902,1.0559306,0.49131882,1.1822997,1.1474015,0.9864796,0.7420597,1.2163713,1.0728743,1.0189315,1.140542,1.0307215,1.232897,1.0800823,1.2538329,0.69974995,0.95087,0.7211008,0.996724,1.1866584,1.111627,1.0677739,1.1329854,0.87752426,1.3557304,1.2660598,1.3734479,0.71922165,1.25987,0.8928123,1.3551548,0.7571867,1.3649833,0.65025514,0.6092452,0.5343002,1.1351649,1.2812333,0.8643011,1.2386117,1.2307944,1.0734025,0.84122753,0.8629744,0.8649588,0.8345735,1.1523267,0.9748124,0.66805416,1.0082575,1.3468933,1.3508425,1.244239,0.6814773,0.6721147,1.0830045,1.2021224,0.77396977,1.1853776,0.61471,0.8049231,1.108605,0.8902815,0.81647724,0.5938579,0.9594713,0.8359959,1.2475299,0.81099004,1.1869286,1.1563107,1.2659163,0.7530596,1.4056342,1.1381997,1.3663752,0.9709576,1.0376436,0.9462161,1.1093192,0.69955575,1.2068344,0.5428139,0.7298712,1.1972148,0.9339325,1.1077366,1.0294302,1.4409285,1.3167324,0.67795044,0.93138194,0.85539657,0.8523685,0.56543833,0.8134296,1.05966,0.7338847,0.6892715,0.9868523
bathtub,0.8138515,1.2164168,1.2918868,0.90637434,1.3065231,1.2366122,1.056848,1.1680866,0.0,0.80413496,0.5824294,1.3241608,0.45069063,0.76195693,1.3126364,0.77407295,0.89446,1.2455117,0.9633736,0.7069567,1.2121143,1.0091716,1.142477,1.0891552,0.64897215,1.3554982,0.8216644,0.9314345,1.2504807,0.3818407,1.0207542,0.8450688,1.069384,0.7054591,1.0065924,1.3962255,0.4601742,1.245813,0.96997374,1.0812442,0.5603946,0.9145175,0.78581655,1.3543452,1.2994874,0.9536131,1.1577297,1.043121,1.3429408,1.1881925,1.1610161,1.3651962,1.0567394,1.2274234,0.79216623,1.2683117,1.2585914,0.6717878,1.2703569,0.86969626,1.0187614,0.95814705,1.4607483,0.91568696,1.0001949,0.75971663,1.0836159,0.7741543,1.141421,1.0201648,1.103895,0.88068175,0.9049659,0.872955,1.1412559,0.5868702,1.0090966,1.2876844,1.4112949,0.94754386,1.4596198,1.2345635,1.0955732,0.9396903,1.1046088,0.7770063,0.83423126,0.7746226,1.3167255,1.2720225,1.0056584,1.1901497,1.2740383,0.86795235,1.281232,1.0679346,1.0569811,1.400743,1.0790111,1.223994,1.2961885,0.5663903,0.78106105,1.4311792,0.8629334,0.9125701,1.1139646,1.0454556,0.74687576,0.9325131,0.9159317,0.79504895,0.43900907,0.22562134,0.6554476,1.5058415,0.5418854,1.2485508,1.3211739,0.9233781,0.9897509,0.74290925,0.87450194,0.77087283,0.6221552,1.2657943,1.4674022,1.3655939,0.9361163,1.246331,1.2936897,0.71034265,0.999784,1.4397838,0.84177184
bear,0.5334819,1.0910245,1.1187849,1.0607167,1.1323893,1.231449,1.0558221,1.1968844,0.80413496,0.0,0.65685564,1.1502807,0.617715,0.8360623,1.1572587,0.694636,0.9848608,1.433365,1.2192402,1.0202259,1.0992537,0.8849029,1.4593481,1.2264826,0.8454248,1.1214929,0.38465047,1.2073619,1.1779727,0.8953859,1.2289407,0.9580556,0.93133146,0.9311562,0.99886286,1.2596085,0.70464295,1.4134586,0.7807573,1.0782868,0.9418348,1.1612079,0.7370623,1.08959,1.1645241,0.65646315,0.9979992,0.86208993,1.2050415,0.8387386,1.2391343,1.0774413,1.2765948,1.0913814,1.0504955,1.142111,1.1245273,0.2928987,1.3279126,0.8255804,1.0263947,1.0103625,1.1840305,0.7647134,0.7850518,0.7323325,1.3118718,0.73968863,1.3160503,1.1942356,1.2666533,0.9406489,0.9109588,1.1462511,0.9905581,0.8216491,1.2019018,1.1925666,1.1288956,1.267172,1.2067193,1.013469,1.0293745,1.1914158,0.583614,0.769019,0.81648064,0.9444215,1.267875,1.2581048,1.054846,1.0561212,1.0403227,0.89693123,1.2444273,1.2740374,0.8293606,1.1477284,1.1201543,1.208664,1.1591182,1.0468092,0.4127071,1.1342822,0.9557388,1.0546207,0.92320466,1.2684984,0.75730914,0.9200778,0.7965145,1.0894779,0.7415895,1.0199913,0.95885897,1.2142813,0.41383094,1.3540795,1.2406824,1.0021151,1.2265881,0.9746336,1.0274298,0.7958838,0.9036655,1.2459335,1.2301679,1.1795758,1.2034241,1.2620473,1.2723098,0.99041885,1.2268066,1.2245766,0.99689156
bed,0.4848681,1.1578376,1.3239491,0.7845207,1.3313024,1.3766975,1.0408524,1.275969,0.5824294,0.65685564,0.0,1.4143453,0.38618553,0.42592072,1.3335048,0.30153275,0.49139982,1.4716642,1.1766086,0.5476929,1.2093345,0.9633099,1.4483857,1.2508645,0.7672488,1.3286269,0.63780504,1.0428238,1.3878576,0.6511727,1.089042,0.9520044,1.0767391,0.5415446,0.9377223,1.537806,0.3069964,1.4901075,0.8036487,0.7905692,0.81146574,1.1050727,0.5364829,1.3445423,1.297042,1.0403563,1.2288468,0.9087063,1.322035,1.1022971,1.2466376,1.2792964,1.3701718,1.1840383,0.8640097,1.2906847,1.0101751,0.6858587,1.3228126,0.74193215,0.9845402,0.88351536,1.4393249,0.74115944,1.0658684,0.56673276,1.1660088,0.51678175,1.3866074,1.2109857,1.4405923,0.8268714,0.8998296,1.0154864,0.865981,0.72425723,1.1451722,1.1597673,1.4618013,1.0918183,1.4668112,1.264086,1.0794014,1.2032582,1.023125,0.43518943,0.56558985,0.5423176,1.4929442,1.4411225,0.99391985,1.0694385,1.2055476,0.68506277,1.362531,1.2804029,0.8922467,1.3486339,0.9063584,1.3195922,1.3477429,0.86090326,0.54695046,1.4359779,0.823712,0.9417924,0.93898857,1.2743268,0.56289,0.60982835,0.70180583,1.0167516,0.7117563,0.90896803,0.541124,1.5268143,0.5239425,1.4861913,1.2221773,0.95266235,1.2323673,0.8378305,0.6664711,0.55119216,0.5901783,1.4214385,1.4400296,1.4752258,1.1998943,1.3755054,1.2026879,0.64437103,1.238412,1.5371149,0.89917135
belt,1.480748,0.66671073,0.6040486,1.3214358,0.61078256,0.7858083,1.2347617,0.7697822,1.3241608,1.1502807,1.4143453,0.0,1.3750635,1.509254,0.68230504,1.319222,1.2714047,0.5632269,0.9252641,1.276005,1.1615062,1.1211593,0.6172401,0.45294547,1.1806365,0.5625119,1.3008109,0.89963764,0.30533206,1.2433785,1.071908,1.1242237,1.1179348,1.0450848,1.3614938,0.21484941,1.4200224,0.49950945,1.2950722,1.3624139,1.045791,0.73200256,1.3947668,0.7150329,0.6572273,0.9577467,0.881745,1.1327468,0.7955828,0.8013278,1.0199248,0.6406921,0.71749777,0.87458587,1.4194891,0.7632469,1.0433693,1.0754861,0.9693174,1.3566389,1.3919685,1.3709269,0.37480628,1.116369,0.82127523,1.3846452,1.0920496,1.3213181,0.57564485,0.6998759,0.40043247,1.1500182,1.3744036,1.0999253,1.241896,1.3247995,1.276818,1.1520183,0.36387873,0.9016216,0.38196146,0.75783235,0.9735158,0.70954597,1.0459218,1.4811113,1.2690425,1.414086,0.26408827,0.34247243,1.2339674,0.89100707,0.30579728,1.4686034,0.7067369,0.8240056,1.1913791,0.82448786,0.90853924,0.38465828,0.9099848,1.0364181,1.3501368,0.43483377,1.4282883,1.20306,1.1697392,0.8956246,1.4011927,1.314847,1.2045292,1.084153,1.0602108,0.9503636,1.3521533,0.23241997,1.2368903,0.6196873,0.7416786,1.223745,0.9883328,1.1341889,1.3596052,1.4088982,1.4273217,0.5860653,0.57330185,0.48133302,0.90379786,0.5111313,0.94138396,1.3080726,0.69250846,0.32578313,0.9050063
bench,0.49844933,1.1288682,1.3653293,0.84048814,1.4418588,1.3797318,1.1089176,1.1930516,0.45069063,0.617715,0.38618553,1.3750635,0.0,0.6373272,1.3263553,0.5403365,0.83255076,1.4546067,1.1563269,0.56192076,1.1466306,0.89950615,1.3915012,1.0897532,0.69814044,1.4142739,0.5646011,0.9172882,1.3893871,0.49587423,1.0906756,0.9928704,0.9938811,0.5542834,0.9349475,1.5262314,0.19896603,1.4007589,0.7728233,1.0335214,0.6625286,0.91640216,0.6879546,1.4016442,1.3383831,0.97665775,1.235285,1.001019,1.3914413,1.057059,1.1911232,1.2968698,1.3453835,1.2838502,0.8741735,1.3586974,1.0425426,0.5537157,1.313848,0.75438863,0.9685626,0.89300615,1.4771563,0.93871313,0.8886914,0.62334025,1.0979269,0.48980772,1.2615737,1.0298303,1.359532,0.8073166,0.8744627,1.1206222,0.9009946,0.8033867,1.0892706,1.1836569,1.5554833,1.0503352,1.4773697,1.2918825,1.0956391,0.9526271,1.0445141,0.5902834,0.58188057,0.7147405,1.447681,1.3849561,1.0139838,1.0684915,1.2479057,0.78117293,1.3459845,1.3274661,0.85926205,1.4672116,0.93745655,1.317796,1.3586526,0.64237714,0.5845611,1.4030089,0.79484975,0.9338417,0.92963165,1.3256135,0.5961447,0.7017134,0.6846156,1.0257423,0.64927375,0.6601454,0.48278832,1.5601736,0.55685,1.5091616,1.2439244,0.9081419,1.1679524,0.73128945,0.68638647,0.58841777,0.5683415,1.4650631,1.5153513,1.3997064,1.2386472,1.3444928,1.3368077,0.6651465,1.0691106,1.560806,0.8798424
bib,0.4241451,1.2743568,1.2323744,0.6683707,1.2718031,1.325778,0.8919137,1.3719265,0.76195693,0.8360623,0.42592072,1.509254,0.6373272,0.0,1.3656911,0.3945037,0.47206122,1.4248514,1.1623127,0.6988989,1.0958523,1.0423374,1.3973634,1.4601859,0.8867797,1.2897935,0.80878836,1.1716907,1.4613608,0.9492334,0.9905776,1.0085783,1.0454148,1.0079032,0.81310344,1.5575342,0.57951987,1.4604571,0.8626238,0.5546514,1.0840678,1.3320014,0.3409016,1.2474722,1.2136871,0.9880509,1.190499,0.9302267,1.1956916,1.0876415,1.1487272,1.2594508,1.3538189,1.1752948,0.79405665,1.2668463,0.78960955,0.9046347,1.0836427,0.51998067,0.8316951,0.62699157,1.4123324,0.7836735,1.1319094,0.47480643,1.0463918,0.6057003,1.4102852,1.3663177,1.5798697,0.8725951,0.7745795,1.0083908,0.6672624,0.7860936,0.9021525,1.1052728,1.4498556,1.0892748,1.4264656,1.2206006,1.0349957,1.3303323,1.0557045,0.10228503,0.65552497,0.4446354,1.5251591,1.5002956,0.97979265,1.0705471,1.4416652,0.5332524,1.3420266,1.2424431,0.9369818,1.2297384,0.87703854,1.4346795,1.3155776,1.0981036,0.7584548,1.4649212,0.69889176,0.9172635,0.75319386,1.2306002,0.32420665,0.5135485,0.70311844,1.0512238,0.9661643,1.1267264,0.5580469,1.5412912,0.7359697,1.4546896,1.1463948,0.85894644,1.1318352,1.0286165,0.5636618,0.45767468,0.5262151,1.4120023,1.3749083,1.3228896,1.1154517,1.4429824,1.0338916,0.6585742,1.381321,1.5144024,1.0986001
bird,1.257409,0.8011587,0.8006896,1.3204408,0.73111606,0.834201,0.8537807,0.8538258,1.3126364,1.1572587,1.3335048,0.68230504,1.3263553,1.3656911,0.0,1.3845565,1.183434,0.770322,1.0061369,1.2820094,0.88419306,1.0525719,0.84389675,0.83969736,1.1409104,0.80696666,1.1200148,1.0320526,0.72910047,1.1774497,1.1662095,1.1001387,0.88683176,1.1531137,1.1459056,0.58984655,1.3143746,0.802322,1.0748584,1.1934837,1.1235169,0.9116001,1.3295473,0.8732102,0.8509867,1.0268723,0.8942385,1.1000673,0.8763504,0.7588057,0.86559963,0.80979574,0.8421284,0.66261154,1.032181,0.85475576,1.0788445,1.0800085,0.74449193,1.2435774,1.0536714,1.2592752,0.70398283,1.1239737,0.9598662,1.2937315,1.0815412,1.3172657,0.8212298,0.8224929,0.62381285,1.0790443,1.2313915,1.1567061,1.1509571,1.2299368,1.1673334,0.9242383,0.6266812,0.9094822,0.7930141,0.96484244,1.0384147,0.9586386,1.0263809,1.371551,1.277533,1.2473131,0.65453666,0.69555247,0.9012956,0.95182157,0.5551174,1.24574,0.56060135,0.85303473,1.07095,0.72950757,1.1132424,0.71372235,0.8217392,1.1454476,1.048793,0.41652536,1.2127087,1.1383072,1.086849,0.8565011,1.3373554,1.2665625,1.2357162,1.0972383,1.1558206,1.1123259,1.1739911,0.5812184,1.2649742,0.5559894,0.95781,1.1721845,1.0266263,1.0535227,1.2271545,1.3299568,1.2539674,0.68582034,0.7550237,0.65762675,0.9629812,0.6702327,0.83020407,1.2172762,0.9326956,0.6298722,1.0060924
blanket,0.5072764,1.1949043,1.225339,0.9187453,1.1430678,1.2101667,0.99289244,1.2310095,0.77407295,0.694636,0.30153275,1.319222,0.5403365,0.3945037,1.3845565,0.0,0.47574902,1.3899667,1.2235664,0.5995492,1.2009602,0.8648996,1.3513684,1.3898367,0.89576185,1.3223191,0.73624945,1.0983064,1.2986445,0.8597752,1.0172296,0.9486886,1.0374207,0.82552254,0.9256965,1.4476061,0.52276766,1.4063582,0.8623192,0.72627735,1.0425994,1.2347806,0.5590616,1.3233516,1.2651254,0.97346395,1.1624945,0.93826187,1.3479338,0.9595611,1.2210468,1.319472,1.37632,1.007854,1.0636306,1.3053012,0.84834296,0.8064926,1.1396457,0.86783797,1.0194731,0.9751285,1.2023318,0.8616283,1.0798231,0.45513034,1.1483723,0.58383656,1.3820384,1.2704139,1.447675,0.95151883,0.9322241,0.95802253,0.69852996,0.82474834,1.0306237,1.1641219,1.3608694,1.0765918,1.3970058,1.2370733,1.0388288,1.2482967,0.86425555,0.46616358,0.6846826,0.58593136,1.4436629,1.430004,1.0444701,1.0750623,1.300733,0.6960967,1.3064898,1.2611077,0.8889923,1.3127792,0.48412538,1.2990432,1.2520175,1.0879871,0.5620607,1.4266441,0.82631266,1.0049824,0.82403475,1.1532427,0.63087213,0.25167716,0.8637879,1.0391158,0.92443556,1.0406396,0.4624492,1.3747277,0.65399706,1.4462696,0.95220596,0.99796504,1.2656027,1.0630542,0.64870524,0.65338784,0.65131104,1.2372028,1.4270877,1.35975,1.1203588,1.3418587,0.8939326,0.67707723,1.2491548,1.4310989,1.131835
book,0.719618,1.1885178,1.1502675,0.9348111,1.131212,1.1609133,0.8289303,1.1429952,0.89446,0.9848608,0.49139982,1.2714047,0.83255076,0.47206122,1.183434,0.47574902,0.0,1.1820434,1.0538678,0.3434115,1.123253,1.0350076,1.1564286,1.2750397,0.94408125,1.2218031,0.9554827,1.106815,1.2110658,0.9858059,0.9573098,0.9555703,1.0977676,0.9797821,0.87755805,1.2854784,0.77331203,1.2351098,0.98032165,0.69470614,1.0927296,1.0531994,0.77966684,1.1897886,1.1703784,1.0324457,1.1829371,0.9851077,1.2040126,1.0404035,1.1127115,1.2867634,1.1515839,0.88821316,0.8170704,1.1797318,1.0042413,1.0386628,0.8788174,0.89811176,0.92341137,0.86690354,1.2258785,0.96538013,1.1415193,0.7658803,1.0556064,0.93108356,1.2072791,1.1320875,1.3053507,1.0108461,0.927884,0.86418265,0.86095023,0.87033176,1.0602796,1.0692894,1.309213,1.081114,1.3197894,1.2207081,0.93960875,1.1441056,0.88505906,0.6721817,0.9589268,0.21704787,1.2814682,1.2445675,1.0102859,1.0510359,1.2698462,0.50923467,1.1825848,1.0146044,0.96876,1.093091,0.7616367,1.1806984,1.2304105,1.0563629,0.8509737,1.236624,0.889026,0.9226146,0.94095504,1.0211537,0.84158254,0.6057441,1.0158199,1.008216,1.0282321,1.0514659,0.7124387,1.3274525,0.90921146,1.2193011,1.136246,0.92729366,1.045421,1.0357164,0.7625148,0.87337065,0.74727875,1.1600922,1.3027061,1.2100359,1.0232222,1.3014901,0.80208653,0.7075208,1.2249434,1.3289928,1.1060156
bottle,1.4970446,0.86506784,0.8115709,1.2074153,0.66388303,0.6616458,1.0686145,0.52133936,1.2455117,1.433365,1.4716642,0.5632269,1.4546067,1.4248514,0.770322,1.3899667,1.1820434,0.0,0.82615054,1.054921,0.93280214,1.1108147,0.18355775,0.5355556,1.1171728,0.84803617,1.3919668,0.7420882,0.5138281,1.1153824,0.691416,1.0585371,0.9322175,1.118476,1.1871327,0.5003021,1.423851,0.1931166,1.171851,1.1632056,1.0546358,0.8855721,1.3234345,1.0006344,0.9973242,1.1432906,0.9981359,1.2499384,0.98706406,1.2423272,0.5184574,0.90915436,0.795617,1.0137398,1.0988312,1.0114619,1.0940924,1.313582,0.73927253,1.3419344,1.2997186,1.3577787,0.6440683,1.1820902,1.0399269,1.3817841,0.56277096,1.4396563,0.7358007,0.6898013,0.38475394,1.1569817,1.2714008,0.5923327,1.337137,1.2409966,1.0281423,0.81530553,0.6303797,0.8150206,0.7587846,1.1072569,1.0447431,0.70321757,1.2224017,1.4305322,1.4095037,1.3020515,0.54064447,0.65711856,1.0391213,1.2108811,0.6644087,1.3474984,0.4393413,0.8088112,1.101924,0.87830627,0.84666455,0.43575293,0.8423081,0.90433913,1.460891,0.6581841,1.260561,1.134666,1.2699376,0.82591254,1.4369475,1.2845285,1.427356,1.010087,1.123734,0.90854007,1.270397,0.5427028,1.3500156,0.2975055,0.7265361,1.2056342,0.9913297,1.1846046,1.2147524,1.4580264,1.2599411,0.551618,0.8060243,0.6950549,0.7218378,0.49644303,0.7437844,1.2590921,0.65578896,0.47755206,0.9280058
bowl,1.3258463,1.0796244,0.9803257,1.0849173,0.91831297,0.8941059,0.9860078,0.82768136,0.9633736,1.2192402,1.1766086,0.9252641,1.1563269,1.1623127,1.0061369,1.2235664,1.0538678,0.82615054,0.0,0.99393916,0.7918133,1.0549374,0.7496092,0.9566902,0.9979016,1.1041467,1.2169416,0.898259,0.8554548,1.1381944,0.66780937,0.967234,0.9683917,1.1756119,0.8955709,0.9118081,1.1743627,0.656659,1.0789132,1.0610893,1.1627871,1.0711787,1.2599272,1.1801119,1.0240773,1.1046305,1.1329665,1.1319065,1.1735098,1.1870903,0.9019641,1.2135706,0.4944722,1.1103934,0.9800787,1.107714,1.2381464,1.1011564,1.0037228,1.1804677,0.85271645,1.1756,1.0146104,1.1481618,1.122074,1.2097491,0.737466,1.3318273,0.8351944,1.0675937,0.85174674,1.2404693,0.5304837,0.9314633,1.2664819,1.0237592,0.9306537,0.8831141,0.9565194,0.90463805,1.1089835,1.1966088,0.9436582,0.91267586,1.1347245,1.2316902,1.2480907,1.0182626,0.8531829,0.86873835,1.1044264,1.1920706,0.99776727,0.915622,0.95738995,0.19247031,1.0949733,1.0519743,1.144986,0.8719277,1.0231866,1.0241296,1.1705539,1.0215431,0.8798553,0.31117886,1.2307762,0.9312672,1.239323,1.1798615,1.259092,0.8435807,1.0964854,0.8687267,1.0985938,0.95068884,1.1054312,0.85019594,1.0644326,0.38263953,0.21612847,1.1026883,1.0494143,1.2230321,0.7558504,0.68653464,1.1518973,1.0616118,0.93058217,1.0541801,1.0042266,1.051729,1.024757,0.9670667,1.1292768
box,0.85300535,1.1401834,1.2486889,0.9813965,1.2324356,1.1413794,1.0454974,0.9182868,0.7069567,1.0202259,0.5476929,1.276005,0.56192076,0.6988989,1.2820094,0.5995492,0.3434115,1.054921,0.99393916,0.0,1.2075527,1.0451449,0.9087023,0.99858755,0.8264237,1.3608508,0.9666119,0.89322335,1.1772941,0.65740836,0.78936315,0.9594909,1.0855671,0.66627043,0.9917345,1.3644531,0.49453592,0.9683603,0.972287,0.80777085,0.81286395,0.7862465,0.870311,1.3759713,1.2720124,1.0660604,1.2428718,1.0132766,1.362982,1.1877909,0.9797666,1.3465403,1.2094833,1.0602664,0.8569878,1.293603,1.0989816,0.9907174,1.0342869,0.9290668,1.0423965,1.0295033,1.2664979,1.0630425,1.1546645,0.802153,0.81512856,0.8586932,1.1857594,0.8607292,1.1588575,0.95560807,0.9773172,0.8257572,0.9623907,0.81426877,1.0170362,1.042243,1.411025,1.0558698,1.4090376,1.3235514,0.98879725,0.81551605,0.99425745,0.78103805,0.8857101,0.48894328,1.3273591,1.2780877,1.0107987,1.1470112,1.2809219,0.7647993,1.1398506,1.1125032,0.98483574,1.1783566,0.6941178,1.0785441,1.2221962,0.6210374,0.9480886,1.3083501,0.9764116,0.92253715,1.030319,1.1281563,0.88120425,0.7086805,0.97950673,1.0076888,0.8468034,0.8040179,0.70151263,1.402848,0.9383227,1.1987312,1.101534,0.9383202,1.0701326,0.9387135,0.65534925,0.8548806,0.766867,1.1839596,1.4206016,1.3336579,1.1174599,1.2503083,0.8997366,0.7388997,0.98722094,1.3764884,0.9155375
bread,1.0498825,0.96019346,0.98789823,0.88674176,0.950702,0.91456854,0.5960219,0.8629205,1.2121143,1.0992537,1.2093345,1.1615062,1.1466306,1.0958523,0.88419306,1.2009602,1.123253,0.93280214,0.7918133,1.2075527,0.0,1.0101707,1.0421779,1.1718084,1.1716746,0.97738296,1.1067159,1.0760326,1.1250114,1.1992168,1.1004544,1.1398991,0.5246552,1.2201993,0.28945982,0.9831348,1.2477884,1.0147007,1.0037572,0.9314435,1.2900605,1.2307419,1.235778,0.9859667,1.0613939,1.175754,1.0573742,1.056625,0.8355136,1.0610551,0.91226214,0.89381015,0.97206324,0.9842777,0.8817779,1.0508258,0.91102546,1.1519662,0.77860963,1.111882,0.470536,0.8447845,0.9818824,1.11214,1.0923462,1.1156325,1.0896192,1.2318414,0.95916843,1.1795884,1.0510798,1.1991115,0.680852,1.0500184,0.98498213,1.2083373,1.0272359,0.5390722,0.9489727,0.78846633,1.0470572,1.1247637,0.9445214,1.0743082,0.99403024,1.1338775,1.2290243,0.94857585,0.98227954,1.005752,0.8911771,1.0154854,0.95935464,0.52308446,0.9487698,0.82817143,1.056622,0.8492441,1.2397027,1.0603665,0.9589731,1.2562206,0.96464735,1.0305053,0.3277564,0.8133849,1.0576689,1.0687697,1.1897995,1.1224738,1.1499118,1.1111691,1.3164902,1.1721832,1.1043684,0.9429681,1.0869328,0.828386,1.0191144,0.76149,0.913435,1.1652327,1.1488361,1.1623356,0.95499325,0.9295398,0.90696037,0.9082799,1.0231698,0.9865854,0.9618922,1.1484013,1.2639143,0.95125115,1.133349
broom,0.66425574,1.1694925,1.1114993,1.0424407,1.0219953,0.9671026,1.0559647,1.0419408,1.0091716,0.8849029,0.9633099,1.1211593,0.89950615,1.0423374,1.0525719,0.8648996,1.0350076,1.1108147,1.0549374,1.0451449,1.0101707,0.0,1.1132121,1.0954702,1.0046374,1.2442596,0.753846,1.0252352,1.1186044,1.076729,1.0086789,0.86194134,0.9321673,0.9435272,0.9687072,1.1537312,0.91623074,1.098649,0.67701626,0.93190205,1.0074838,1.1575936,1.0098093,1.2557762,1.2343732,1.1369847,1.0759016,1.0500623,1.2599455,0.8522136,0.95022154,1.2269667,1.0860609,1.0039467,1.0291365,1.2023222,0.9676246,0.9575432,0.96843165,0.9831997,1.039541,1.1134573,1.1644583,1.1073331,0.90340245,1.0700876,1.0089633,0.92440903,1.1270854,1.1054376,1.1260924,1.0407168,0.994869,1.0000741,0.9078252,0.9889765,0.91203135,0.8443341,1.1612937,1.0002419,1.2249182,1.1572974,0.9763146,1.1509016,0.97819966,1.0125535,0.97095895,0.9973138,1.1366819,1.1641849,0.8920821,1.0686715,1.1491352,1.018517,0.965269,1.1057408,0.7290076,1.1892532,1.0136105,1.1378343,1.0874629,1.0633092,0.8470273,1.0259516,0.94639784,0.96043587,0.46312332,0.89643586,1.0705941,0.9552191,1.0635976,0.8830333,1.0523983,1.00879,0.8143029,1.1688738,1.0519037,1.1427284,0.91197836,0.9776012,1.0764366,0.88511926,0.87708944,1.0000855,0.9469654,1.1114477,1.2652211,1.2057126,0.8376767,1.1111753,0.91169786,0.95347863,0.9325111,1.2325971,1.1090305
bucket,1.5291317,0.9330256,0.90054446,1.1499444,0.76583314,0.6370953,1.1603467,0.47239262,1.142477,1.4593481,1.4483857,0.6172401,1.3915012,1.3973634,0.84389675,1.3513684,1.1564286,0.18355775,0.7496092,0.9087023,1.0421779,1.1132121,0.0,0.5247646,1.1364493,0.88448143,1.480643,0.7020365,0.6531234,1.0671457,0.58664465,1.013603,1.0150158,0.96813494,1.2257335,0.6052431,1.3226304,0.16456795,1.2459564,1.1487973,0.99891615,0.7362682,1.3094518,0.9971646,0.8800931,1.1313953,1.0498434,1.2947648,0.9681591,1.2189698,0.6462571,0.9442951,0.74870485,1.0258398,1.2084476,1.0578151,1.0027293,1.3514483,0.7563097,1.3835007,1.3418334,1.3418932,0.6688551,1.3145295,1.0380441,1.3903928,0.5365757,1.4221227,0.6825894,0.6005149,0.41726005,1.1751174,1.2317641,0.5265261,1.2066126,1.2263519,0.91118187,0.9256522,0.7639984,0.7796218,0.7652865,1.0844704,0.97631687,0.6272458,1.2011198,1.3986158,1.368815,1.269137,0.6211305,0.6723492,1.0414236,1.1489655,0.72215253,1.3753912,0.58945185,0.7730246,1.1207837,0.8802668,0.8011863,0.55878097,0.89121723,0.8003752,1.4655261,0.77179885,1.2813792,1.079616,1.2777337,0.793301,1.4234862,1.2390062,1.405872,0.9890969,1.0993531,0.8191446,1.1807617,0.645976,1.3588095,0.45132166,0.6139673,1.1306207,0.87384653,1.1729708,1.1254189,1.4328684,1.280055,0.59526783,0.8206533,0.73699635,0.8124795,0.5617597,0.7491671,1.227462,0.6570965,0.63712114,0.91074985
can,1.4155917,0.81231564,0.91300726,1.1460439,0.98086846,1.0117389,1.3040113,0.6731745,1.0891552,1.2264826,1.2508645,0.45294547,1.0897532,1.4601859,0.83969736,1.3898367,1.2750397,0.5355556,0.9566902,0.99858755,1.1718084,1.0954702,0.5247646,0.0,0.9397412,0.8692889,1.2280297,0.6073476,0.5942958,0.88070023,0.9641738,1.1768073,1.0547998,0.64798224,1.2767329,0.6326401,1.072755,0.45722985,1.1664457,1.321627,0.64763045,0.4594087,1.2534783,0.90368664,0.88170743,1.0937662,1.1087077,1.1758167,0.99387383,1.0967872,0.814989,0.7625904,0.9370603,1.0994306,1.1576711,0.9659238,1.0726234,1.1335889,1.1345172,1.2093292,1.3609152,1.2473872,0.75765425,1.2322434,0.7931354,1.4075563,0.80737853,1.1493769,0.70782346,0.51617193,0.39365214,0.9765086,1.301077,1.035497,1.2509464,1.2035464,1.1364565,1.0070494,0.8287528,0.76622033,0.6121936,0.909546,0.8579358,0.44137132,1.1559968,1.3672966,1.0951669,1.3215617,0.582611,0.6166779,1.1368694,0.94606525,0.5048583,1.469036,0.7028284,1.0091866,1.1210016,0.9790321,1.0391517,0.48501235,1.0678569,0.49783456,1.4024073,0.6571139,1.4260433,1.1296699,1.134373,1.1158285,1.2633464,1.3642776,1.0756832,1.1001685,0.82446826,0.74948466,1.2147816,0.6799768,1.1821413,0.69952047,0.92060393,1.136375,1.0277853,0.9635021,1.2184504,1.2736926,1.3346184,0.8805724,0.81678575,0.7553754,1.0501708,0.46972156,1.1145369,1.1531575,0.55123675,0.65880823,0.53997564
car,0.88391304,1.2225035,1.113687,0.98619324,1.1543362,1.1374152,1.067676,1.1638855,0.64897215,0.8454248,0.7672488,1.1806365,0.69814044,0.8867797,1.1409104,0.89576185,0.94408125,1.1171728,0.9979016,0.8264237,1.1716746,1.0046374,1.1364493,0.9397412,0.0,1.4275129,0.7780619,0.7283081,1.0442888,0.61393416,1.0060005,0.99981505,1.1578997,0.7659245,1.1059049,1.3392196,0.59020585,1.1333477,0.87792146,1.021002,0.8199254,1.0175692,0.92949116,1.344993,1.2598723,0.9013215,1.1999251,0.9730536,1.4206038,0.95675945,0.903962,1.3301952,1.1797631,1.113038,0.5734943,1.2150459,1.1605316,0.7311944,1.1891001,0.8607467,1.0243744,1.0441166,1.2875066,0.8037323,1.0007865,0.73034084,0.9066293,0.8479694,1.2803364,0.98423773,1.0703121,0.9585627,0.90173405,0.96164876,1.0649445,0.5373975,1.0347519,1.0329944,1.3400732,1.0445958,1.3713248,1.2523239,0.9756104,0.72085595,0.97450536,0.91102785,0.9151725,0.92469615,1.255403,1.2820722,0.97258246,1.2612697,1.0943342,0.9860579,1.0036372,1.0443132,0.8566669,1.2445421,1.017552,0.9704848,1.2056402,0.6072037,0.9585002,1.1921967,1.0247583,0.89447546,1.0054772,1.2046691,0.7411212,1.0065838,0.9722752,0.98485494,0.5963194,0.70418274,0.85707796,1.3841103,0.7642598,1.152162,1.2569978,0.87169725,1.0575731,0.8583468,0.8311366,0.76833117,0.8439971,1.1954086,1.4594712,1.3493288,1.1446686,1.1300741,1.1893023,0.8753872,0.92563164,1.3426545,0.73564196
carrot,1.3279834,0.54568875,0.700664,1.0289272,0.80691206,0.9548213,1.1373394,0.96270776,1.3554982,1.1214929,1.3286269,0.5625119,1.4142739,1.2897935,0.80696666,1.3223191,1.2218031,0.84803617,1.1041467,1.3608508,0.97738296,1.2442596,0.88448143,0.8692889,1.4275129,0.0,1.2881293,1.1837027,0.8115889,1.2764624,1.1216257,1.1342304,1.0910802,1.266633,1.1443698,0.41042495,1.4680034,0.8257292,1.3148457,1.294788,1.0924011,0.85989964,1.2592672,0.3477136,0.5609845,0.987649,0.5262297,0.9650871,0.29366595,0.9897054,1.1744349,0.360039,0.82240814,1.0145123,1.2378718,0.4359945,0.90984726,1.1752927,0.94647783,1.1624646,1.1265838,0.8969864,0.5696625,0.9233547,0.9836792,1.2433513,1.1540176,1.180767,0.6705901,0.9314122,0.7919135,1.0429338,1.1987779,1.1496989,1.0999812,1.3395452,1.1377255,1.1700404,0.35630137,1.0494436,0.31259394,0.39064538,1.0319301,1.0218607,1.0497346,1.295184,1.1704576,1.281908,0.5085501,0.5188324,1.2001616,0.69932956,0.66944444,1.222778,0.9777506,1.0196204,1.3275664,0.69935894,1.140372,0.8494812,0.6464474,1.2540271,1.1650379,0.7515617,1.1892886,1.2633691,1.1454943,0.96385044,1.2684231,1.23234,1.0046908,1.1501644,1.2525508,1.2120056,1.3785067,0.3845423,1.2153093,0.82893515,0.8544731,1.2375017,1.0198712,1.0847051,1.364039,1.3187368,1.318677,0.81957185,0.2279576,0.48055452,0.9811693,0.79621404,1.1046194,1.2612085,0.97397274,0.33912957,1.0893651
cat,0.45545614,1.0903286,1.2139872,0.9827284,1.20242,1.2602614,1.0279043,1.2565134,0.8216644,0.38465047,0.63780504,1.3008109,0.5646011,0.80878836,1.1200148,0.73624945,0.9554827,1.3919668,1.2169416,0.9666119,1.1067159,0.753846,1.480643,1.2280297,0.7780619,1.2881293,0.0,1.1588249,1.2303814,0.8431656,1.190228,1.0276443,1.0415975,0.83414185,1.0477961,1.4034374,0.6412841,1.4399731,0.34532595,0.9472174,0.91835076,1.1901493,0.7382285,1.2072204,1.2415442,0.7909014,1.090288,0.78227097,1.315214,0.72206324,1.1609486,1.1239104,1.3198969,1.0018133,0.82414925,1.1393634,1.1122531,0.49298716,1.2895875,0.6724665,0.9516703,0.9911008,1.3054576,0.81434715,0.90500665,0.7284298,1.2060826,0.6933484,1.3808923,1.2280337,1.3394904,0.8113036,0.9535111,1.134743,0.955355,0.82858086,1.1337606,0.9677575,1.2916473,1.2961775,1.3101286,1.1244502,1.0253241,1.1845781,0.7831501,0.74719775,0.7451494,0.9367698,1.3784689,1.3645238,0.8990296,1.081749,1.1241318,0.9517502,1.1844555,1.3197147,0.55767846,1.1694561,1.1496041,1.266905,1.2046465,0.97285604,0.44148117,1.0970768,1.0098666,0.99382126,0.8341117,1.311225,0.7031521,0.8919099,0.703168,1.1194583,0.7739986,1.0415132,0.89329344,1.3601134,0.6062912,1.3265517,1.257274,1.0003573,1.1958389,0.8345166,0.96209836,0.7089522,0.8558228,1.3461366,1.3123536,1.2992147,1.2465054,1.3003721,1.2227786,0.9032505,1.2066214,1.3532224,0.9491808
chair,1.2940738,1.2323837,1.2148501,1.0152365,1.0597616,0.9705294,1.2319705,0.65202385,0.9314345,1.2073619,1.0428238,0.89963764,0.9172882,1.1716907,1.0320526,1.0983064,1.106815,0.7420882,0.898259,0.89322335,1.0760326,1.0252352,0.7020365,0.6073476,0.7283081,1.1837027,1.1588249,0.0,0.89210474,0.78140485,0.9134401,0.97989,1.0515437,0.6143815,1.1933402,0.946261,0.857387,0.73477423,1.0074692,1.0531944,0.7557893,0.88003343,1.047207,1.2071531,1.166722,1.0141271,1.0854948,1.2000253,1.1814088,1.1893609,0.6151463,1.1111231,0.83635205,1.133034,1.0539579,1.1870381,1.0471098,1.131292,1.1171155,1.1788696,1.3089552,1.2122784,1.0107961,1.1870283,0.94134456,1.1509682,0.76633006,1.0823745,0.79227495,0.625006,0.6917894,1.0968771,1.1908362,0.8877466,1.1601497,1.0241554,1.0563086,0.9061858,1.1404115,0.81425804,1.0106648,1.1315845,0.87308073,0.3649639,1.0666864,1.1504898,1.0952401,1.1984248,0.86656255,0.8854946,1.0869097,1.2342547,0.94144785,1.2574881,0.7319933,1.0023143,0.92179996,1.0253711,0.89837044,0.78238493,1.0870332,0.51146746,1.244262,1.0467194,1.2064202,1.0503991,1.0908648,0.9708044,1.0467676,1.1577406,1.2278426,0.95594704,0.885283,0.84290874,0.799393,1.0178454,1.0644346,0.94416004,0.89235365,1.0811626,0.8578404,0.9843766,0.86268485,1.1159315,0.9761496,0.9236302,1.1760013,1.1144326,0.9500605,0.71649534,0.9768992,1.0806792,0.64029247,0.98700035,0.64083207
