,alligator,apple,arm,ball,balloon,banana,basket,bathtub,bed,belt,bench,bib,bird,blanket,boat,book,bottle,bowl,box,bread,bucket,can,car,carrot,cat,chair,clock,closet,coat,comb,couch,crayon,crib,cup,dog,doll,door,drawer,dress,ear,egg,face,finger,fish,flower,fork,frog,glass,glasses,glove,gum,hair,hand,hat,horse,jacket,jeans,knife,ladder,lamp,leg,melon,milk,mitten,nail,napkin,necklace,nose,orange,oven,owl,pajamas,pants,paper,pen,pencil,pickle,pillow,pizza,plant,plate,purse,radio,refrigerator,rooster,scissors,shirt,shoe,shorts,shovel,sink,slipper,snow,sock,spoon,sprinkler,strawberry,stroller,sweater,table,tape,toe,tooth,toothbrush,towel,toy,tray,vacuum,watch,window
alligator,0.0,1.074892,1.0862098,1.1178467,1.0839518,0.92998916,0.99629366,0.9724816,1.0803003,1.1300485,0.9701527,0.8853402,1.0085545,1.1208684,1.0904114,0.82789314,1.1490796,1.0665811,0.96748567,1.0847473,1.0149013,1.1845797,0.9009103,1.0156498,1.0743173,1.0680039,0.96200126,0.955234,1.0836025,0.82665807,1.0541255,1.0590352,0.96979254,1.1546309,1.0264001,1.0419183,0.96721697,1.0331026,0.87798107,1.1074581,1.0620213,0.9401286,1.133514,0.91607964,0.90078515,0.95403475,0.64973605,0.84908783,1.0880824,0.9611527,0.9879922,0.7793146,0.9774291,1.1184024,0.79085207,1.011964,1.2196844,0.9805479,1.1149293,0.87430316,1.0128257,1.1250782,1.0240643,1.0021805,1.1766105,1.0341996,0.9441832,1.0105097,1.0523123,1.1396558,1.2296473,1.0869889,1.147252,0.8476479,0.9865409,1.0034863,0.9916716,1.1988266,1.0043151,0.7865803,1.1272334,0.874853,1.0561229,1.0511881,0.78855836,0.9019731,0.9826777,1.0120145,1.0889387,1.0051566,1.1122208,1.1292185,0.96555585,1.1496885,0.9638509,1.002319,1.0866263,0.80770695,0.9587238,1.046083,1.0860063,1.167519,1.0153285,0.8781537,1.0681417,1.0132537,0.91378844,0.86490154,1.1902167,0.93132854
apple,1.074892,0.0,1.1121708,0.56567943,0.7093886,0.5900202,1.0859028,1.4067788,1.2109582,0.9326896,1.1893679,1.0454165,0.94986343,1.1883289,1.1640179,1.0598874,1.0210065,0.944884,1.016367,0.87247264,1.0179353,1.0621693,1.0593096,0.80095947,1.2732831,1.3910184,0.82588035,1.2570702,1.1000481,1.0690907,1.1902434,0.86399746,1.3356869,0.99678504,1.1672263,0.7674412,1.3665408,1.2165394,1.2486706,0.8218944,0.5439114,0.907234,0.669845,0.8946341,0.86477304,1.1013964,0.69035894,1.0885303,0.91433877,0.86717194,0.5723465,1.0458909,0.74191713,0.75438285,1.0382998,1.1772906,1.1603969,1.1928337,1.2791266,1.1212574,1.1354803,0.86362875,0.98844117,0.9142351,0.7223693,1.0585797,0.89338416,0.80157095,0.6749901,1.1968544,1.1630354,1.1643668,1.1042368,1.1161152,1.018556,0.9878189,0.78616834,1.0589793,1.0284997,0.92451686,0.92653465,0.88845944,0.84234476,1.4214127,1.0967664,0.9330831,1.1700991,0.8419287,1.1151642,1.0629424,1.2661107,0.7864,1.1290514,1.1064272,1.0989128,0.9112151,0.94180304,1.0498911,1.1583521,1.2096872,0.7277474,0.6714952,0.9566783,1.0385815,1.0881113,0.58641964,0.97052515,1.2721655,0.83192444,1.3426666
arm,1.0862098,1.1121708,0.0,1.3083504,1.2082355,1.3124523,1.2575177,0.77312577,0.6719358,1.1560148,0.7924781,0.85600865,1.0894451,0.6242296,0.8741304,1.4664497,1.4166044,1.5283272,1.101802,1.3636332,1.1334419,1.3384991,1.0625201,1.112769,0.7382971,0.8427392,1.4049146,0.7500652,0.40739727,0.87321544,0.6999649,1.4166119,0.8768681,1.434952,0.5148119,1.0640547,0.6613451,1.1406753,0.7372819,0.94864094,1.2739717,0.7468945,0.9413422,1.1597041,1.3955368,1.331471,1.3103901,0.9636367,1.2852111,0.76656055,1.374607,0.63104856,0.7574639,1.2914569,1.3109839,0.43905556,0.3134699,1.3716773,0.6857966,1.2841632,1.0602577,1.2630093,1.0340166,0.7037479,1.1559072,1.3119371,1.3443036,0.87929523,1.2422385,0.92845345,0.7002641,0.31540185,0.37052274,1.2028239,1.3884152,1.3631746,1.3530338,0.8693491,0.77912605,1.2113698,1.5237412,1.0078995,1.1738302,0.6894178,0.7349113,1.2822009,0.47244322,1.2203628,0.55652106,1.1687824,1.0210029,1.3499053,0.7727842,0.9435114,1.4030482,1.0278891,1.3488946,1.0737432,0.3828215,0.71095157,1.4135058,0.9937843,0.9754754,1.0601045,1.3631146,1.4417807,1.0845048,1.1247358,1.219226,1.081081
ball,1.1178467,0.56567943,1.3083504,0.0,0.45276082,0.851945,1.07377,1.3366731,1.2807009,0.92093223,1.3985025,1.3776207,0.8589316,1.3092542,1.1883556,0.9796539,0.700181,0.7712722,1.1885896,0.7855959,1.0677179,0.78662443,0.96353954,0.9435573,1.1070114,1.420173,0.46717918,1.2767305,1.2385752,1.1204479,1.4835372,0.5666803,1.4031687,0.6550581,1.3159517,0.7963637,1.3612593,1.2646543,1.3022728,1.0135176,0.15428245,1.1571792,0.83307254,0.8536311,0.70126975,0.91303986,0.87178874,1.193341,0.73453647,1.196713,0.28006828,1.234641,1.1174127,0.560634,0.6863491,1.3241765,1.3441379,0.9864375,1.3669335,0.81876314,1.0016787,0.7633034,1.1280643,1.2894206,0.4747764,0.9711057,0.714591,1.0272651,0.490628,1.3027091,1.133362,1.3141148,1.3967782,1.1320915,0.7625495,0.72195065,0.7075236,1.1896089,1.189356,1.0203837,0.69549966,1.2148049,0.74269956,1.4164035,1.2193003,0.8832972,1.3390671,0.9494836,1.2420075,1.1531931,1.2165393,0.5249722,1.2097287,1.2141538,0.8888831,1.0078981,0.6275182,1.1400056,1.3808489,1.3333001,0.36791998,0.72508097,0.9567107,1.1260406,0.8767181,0.3433398,1.1082792,1.1872057,0.69289553,1.0450549
balloon,1.0839518,0.7093886,1.2082355,0.45276082,0.0,1.0133675,1.029498,1.1409695,1.200571,0.9826941,1.2372702,1.2873468,0.96056205,1.2082355,1.1562833,1.1197215,0.8095631,0.8329954,1.0783207,0.9767203,0.95039386,0.78888977,1.1884005,0.9859436,1.050501,1.2955133,0.6674563,1.0994377,1.1858902,1.2474332,1.3127369,0.8773102,1.2255261,0.72002006,1.1546346,0.88343346,1.072915,1.1110058,1.2215643,0.9097625,0.5541816,1.051084,0.9212789,0.92667145,0.8493785,0.9013055,1.0116953,1.0884597,0.8248811,1.2072674,0.696575,1.0845121,1.0379499,0.696252,0.93878907,1.287392,1.1944885,0.9445984,1.1272004,0.6389074,0.90679103,0.82132244,1.100266,1.2249405,0.69953465,0.8841472,0.886971,0.8655741,0.7362502,1.1898445,1.098806,1.2455585,1.3042501,1.0877318,0.8983627,0.854561,0.88575137,0.9111933,1.164917,0.85606194,0.8625731,1.1898583,0.9060608,1.134331,1.1336775,1.087811,1.1993184,1.0292515,1.2496374,0.9822699,0.9030255,0.8358806,1.157716,1.127328,0.8312463,0.8520707,0.7119646,0.9875341,1.2700424,1.1990546,0.7000412,0.8482367,1.0593965,1.1657227,0.8664756,0.82971954,1.1711651,1.049266,0.91795444,0.80429345
banana,0.92998916,0.5900202,1.3124523,0.851945,1.0133675,0.0,1.1666616,1.2739712,1.2910895,0.87870646,1.2998741,1.0744487,0.9264298,1.2397187,1.1364603,0.9613413,0.93767536,0.748978,1.1875558,0.65746325,1.041029,0.9389664,0.8313754,0.84208393,1.2587764,1.3559186,0.7711965,1.2962462,1.1927308,1.0711644,1.2048236,0.7133683,1.3381715,0.9547547,1.2729442,0.9810748,1.3442802,1.2150867,1.0965348,0.9356866,0.74833333,1.0178039,0.8696029,0.80660546,0.8086978,0.95756876,0.5617103,1.0285057,0.7930409,1.0499089,0.79256815,1.1235104,1.0251318,0.82628673,0.85541797,1.1542556,1.2786521,0.99650276,1.3682579,1.045111,1.1803627,0.7229532,1.0779331,1.0374972,0.79248464,0.9399291,0.8313912,0.9437605,0.7189752,1.3098588,1.166219,1.2352382,1.1929057,0.9869802,0.7606135,0.7423209,0.46692252,1.1192285,1.0389979,0.8806023,0.65828395,0.9240001,0.8428395,1.4289978,1.151411,0.85309505,1.2273214,0.936212,1.1758912,0.9150347,1.175539,0.7481537,1.1345655,1.0408041,0.94320935,0.9676116,0.8511122,1.0207664,1.1998279,1.2501558,0.7812732,0.8401715,1.047604,1.0186473,0.9181997,0.6219853,0.9751567,1.1929729,0.8499897,1.2007352
basket,0.99629366,1.0859028,1.2575177,1.07377,1.029498,1.1666616,0.0,0.831952,0.89490515,1.3040867,0.69387555,0.90191835,1.2682037,0.95193565,0.9333219,0.6184302,0.807655,0.80469894,0.38151276,0.820499,0.64544886,1.0656617,1.0696247,1.2473507,1.2285945,0.87050223,1.0199459,0.878002,1.2338083,1.0570891,0.81142527,1.1528804,0.45221078,0.8134324,1.125838,0.9432677,0.93698543,0.59181577,1.0180262,1.3198591,1.0618589,1.2394903,1.3113321,1.3028883,0.81759346,0.8642097,0.9347211,1.1016126,1.2945085,0.98706937,0.93402946,1.1844397,1.1457505,1.1689603,1.0161512,1.1908139,1.3176918,0.80811536,0.94979286,0.9129211,0.94253063,0.92747664,0.7729045,0.9147336,1.3414093,0.8676107,1.122151,1.1930562,1.0887868,0.8658731,1.0529913,1.2303537,1.2853589,0.84538543,1.1791193,1.1757574,1.2090433,0.9905305,0.9115138,0.78878105,0.93791664,1.0041786,1.0903779,0.8617286,1.025065,0.8251096,1.1604421,0.68787456,1.182522,0.952781,0.7538035,1.1433411,0.9778436,1.0238478,0.91634643,1.096441,1.101948,0.83771676,1.1554558,0.83631563,0.96267295,1.3700218,0.9062948,0.7242919,0.92989695,0.9634398,0.68424815,0.69309974,1.2205175,0.91586673
bathtub,0.9724816,1.4067788,0.77312577,1.3366731,1.1409695,1.2739712,0.831952,0.0,0.6076203,1.1832256,0.7304807,1.0223261,1.1682754,0.7524914,0.57942873,1.0426592,1.2861094,1.0269289,0.76755154,0.9811561,0.8419372,1.2096988,0.8739966,1.1950307,0.59888023,0.7634431,1.3235735,0.6772662,0.92523736,1.0326203,0.64273995,1.361574,0.6056218,1.2499985,0.75920665,1.3213527,0.4808734,0.49274755,0.82931393,1.2344152,1.2884886,1.1152889,1.3117257,1.0939701,1.3174491,1.0520815,1.1955342,0.95601785,1.3348942,1.0945575,1.4281604,0.95296115,1.1279907,1.4394013,1.2059324,0.78098816,0.85011303,0.9556117,0.8412804,0.96440804,0.9176464,1.0951862,0.93850905,0.90702593,1.4015982,0.8979816,1.3209229,1.1311214,1.1834505,0.92152655,0.8115735,0.78615355,0.9094671,0.88504845,1.1784399,1.2696228,1.1975515,0.84385264,0.92956555,1.0884904,1.1291763,1.1089239,1.3586246,0.5555644,0.9313168,1.1017004,0.8762411,1.2208279,0.8775048,0.8859825,0.39143324,1.4264107,0.6614991,0.9578839,1.0434898,1.06259,1.2424242,1.0537102,0.8794169,0.65375704,1.2965175,1.3826433,1.0956113,0.88803005,1.0160437,1.4870622,0.96886146,0.9345517,1.4152877,0.67442644
bed,1.0803003,1.2109582,0.6719358,1.2807009,1.200571,1.2910895,0.89490515,0.6076203,0.0,1.3772283,0.5750408,0.78506273,1.2836355,0.22837901,0.6609731,1.1220661,1.4257962,1.3137087,0.8056859,1.1635919,0.91712296,1.3588395,0.88668716,1.4097786,0.7701279,0.691012,1.3256361,0.5719097,0.7130326,0.9667249,0.40752316,1.4885349,0.556396,1.4131105,0.547686,1.208567,0.59157044,0.76576996,0.7851825,1.2261031,1.2014381,0.98165613,1.3839056,1.3676014,1.3135843,1.1274567,1.2715923,1.036164,1.4813209,0.8905175,1.4021971,0.8847163,1.1087698,1.4745721,1.2501438,0.6304841,0.59364086,1.1718141,0.76165533,1.0757374,1.311637,1.287921,0.99629134,0.7299801,1.4199626,1.0544522,1.4735394,1.10153,1.2576847,0.9068493,0.67373747,0.4914022,0.6971564,1.1945217,1.4653466,1.5186446,1.4365261,0.85435665,0.52530307,1.1865432,1.3355742,1.1198537,1.3452646,0.6114746,0.735813,1.1676224,0.6552279,1.0722686,0.74207115,1.1482568,0.620118,1.4863987,0.6007292,1.0589848,1.1836008,0.9980226,1.3359145,1.1136158,0.6490167,0.3547393,1.2486249,1.4383209,0.9647371,0.93467796,1.3979667,1.3429539,0.6695099,0.8613474,1.4753788,0.93409956
belt,1.1300485,0.9326896,1.1560148,0.92093223,0.9826941,0.87870646,1.3040867,1.1832256,1.3772283,0.0,1.2679996,1.0965229,0.6134293,1.3779051,1.2488497,1.07289,0.8068172,0.92120075,1.2979851,1.052477,1.159219,0.52148455,1.0706359,0.45114,0.89688456,1.125223,0.97343576,1.3530927,1.1846967,0.97213024,1.2722679,0.45869267,1.3759964,0.8223189,1.2149248,0.9732629,1.2756355,1.163893,1.2522315,0.5841063,0.99204147,0.8996979,0.45352638,0.37136865,1.1101166,1.1745929,1.0144421,1.0410274,0.29196972,1.0749992,0.9397219,1.0215837,0.89587057,0.54195243,0.9926766,1.2860758,1.1516082,1.0475061,1.1504157,1.0835768,0.8150309,0.89367753,1.1537188,1.2366858,0.4079585,1.1368147,0.4504825,0.74923706,0.9281013,0.9175998,1.1598605,1.2910337,1.105658,0.80553514,0.39894444,0.4332356,0.54389477,0.7986245,1.2589847,1.1571134,0.81665933,0.99060714,0.8562083,1.2130826,1.245717,1.0730797,1.2676401,1.1349101,1.1258281,1.0629832,1.3041744,0.4225644,1.2676387,0.99791867,1.0687077,1.275458,0.64483786,1.1626563,1.3117145,1.4305749,0.9891035,0.37080365,0.8604387,1.248773,0.6858001,0.91747224,1.3174624,1.2156837,0.35815847,1.0130081
bench,0.9701527,1.1893679,0.7924781,1.3985025,1.2372702,1.2998741,0.69387555,0.7304807,0.5750408,1.2679996,0.0,0.78173625,1.2804279,0.6922391,0.80817163,0.9967426,1.2591244,1.2929409,0.6633723,1.2419987,0.74115485,1.3327181,1.0387067,1.1935462,0.9958946,0.49032754,1.3561383,0.55209905,0.8947798,0.900536,0.40032518,1.4853405,0.26943612,1.2660298,0.67714894,1.0664498,0.59129214,0.6435492,0.7734082,1.138076,1.3804462,0.9303511,1.3414204,1.3336681,1.2753054,1.2248034,1.1701647,0.850936,1.446576,0.7805915,1.3760765,0.8396658,1.014975,1.3769941,1.2748421,0.8574611,0.7325798,1.2417536,0.5616131,1.1139846,1.1077043,1.2198156,0.8982904,0.67659026,1.4601564,1.1686199,1.3674436,1.031825,1.3643162,0.6214204,0.98477674,0.7421863,0.70434815,1.0822785,1.4664937,1.512022,1.4085383,0.92755806,0.7821225,0.96632993,1.3348439,0.7447833,1.2884198,0.53619325,0.85260916,1.1760527,0.76856434,0.72480947,0.86869824,1.0815448,0.7027205,1.3975489,0.85331047,0.8376863,1.2621835,0.9697122,1.3282194,0.869894,0.69183266,0.41583496,1.3256896,1.4021146,1.0288353,0.8242627,1.2838466,1.3269315,0.7685635,0.69345415,1.4024796,1.0157355
bib,0.8853402,1.0454165,0.85600865,1.3776207,1.2873468,1.0744487,0.90191835,1.0223261,0.78506273,1.0965229,0.78173625,0.0,1.1718724,0.6211633,1.0346131,0.95375955,1.2883769,1.303853,0.80445886,1.175783,1.0046251,1.3126683,1.1241994,1.0474545,1.0525887,0.8738582,1.3646662,0.89192855,1.0135477,0.88948,0.7672017,1.3063354,0.8752881,1.3320787,0.7276927,0.9844732,0.9639616,1.0068427,0.70230377,0.958447,1.295852,0.9018303,1.0343578,1.1727942,1.1011919,1.0829353,1.0400856,1.0047549,1.293724,0.68820995,1.2219232,0.8288066,0.8557613,1.2693226,1.2292372,0.8573779,0.7562915,1.1217226,0.88037777,1.1469336,1.000906,1.2159396,1.0140562,0.6272578,1.3050609,0.9298541,1.070063,1.0353518,1.2212397,0.96716106,0.8140203,0.80541205,0.7274445,0.8031603,1.2999899,1.2705927,1.2424248,0.87948054,0.74715394,1.0857201,1.2838907,0.891978,1.2095118,0.9617486,0.691269,1.0314943,0.66059947,0.9136117,0.7796942,0.9774529,0.9569474,1.2852712,0.9693693,0.8561045,1.1387609,1.0134238,1.4006807,1.0353227,0.77403855,0.8468642,1.3244749,1.1241212,0.77911955,0.7499073,1.015911,1.2550097,0.74487317,0.8906497,1.1417209,1.1067293
bird,1.0085545,0.94986343,1.0894451,0.8589316,0.96056205,0.9264298,1.2682037,1.1682754,1.2836355,0.6134293,1.2804279,1.1718724,0.0,1.3144687,1.16559,0.990627,0.8123156,0.89476466,1.2844584,0.97621804,1.1974918,0.6236429,1.0236051,0.8348698,1.0168885,1.1782999,0.8617586,1.271059,1.1118776,1.0574738,1.2792684,0.5568178,1.3383164,0.8019047,1.2322164,0.99422115,1.2315652,1.0809684,1.2882509,0.8771669,0.9037786,1.0651144,0.80079186,0.6780719,0.92353386,0.8453218,0.87094975,1.0588855,0.58383,1.186462,0.86716723,1.1317494,1.0686396,0.7327241,0.8604939,1.2363913,1.2259474,0.77706873,1.1195469,0.9186567,0.92121994,0.9227665,1.1017607,1.3020272,0.68503237,1.0375202,0.5724758,1.1080257,0.91348875,0.9955204,1.141628,1.2374742,1.201628,0.8159981,0.47384655,0.49201608,0.69221634,0.94247013,1.3304042,1.0570521,0.7964023,1.1207529,0.84505165,1.1927524,1.0952103,0.8037019,1.2697778,1.1994896,1.1938492,0.9583226,1.2480099,0.6797509,1.122243,1.0198289,0.80063164,1.0031688,0.68804383,1.2100686,1.2586105,1.3626499,0.92793983,0.69971764,0.9742997,1.1545746,0.80403847,0.8554082,1.2089643,1.1866417,0.73219997,0.9932514
blanket,1.1208684,1.1883289,0.6242296,1.3092542,1.2082355,1.2397187,0.95193565,0.7524914,0.22837901,1.3779051,0.6922391,0.6211633,1.3144687,0.0,0.74661887,1.2304528,1.4537482,1.3964162,0.9027988,1.1762815,1.0057292,1.402117,1.0131991,1.3726338,0.7268219,0.82992494,1.3597159,0.68749154,0.6757848,0.94064796,0.5634935,1.528301,0.70153064,1.4754577,0.44899458,1.0968064,0.7305862,0.9001246,0.7014704,1.1514324,1.2205553,0.9524942,1.308887,1.3407953,1.2744111,1.1869451,1.2910199,1.049219,1.4758754,0.7610349,1.355875,0.8366395,1.0308483,1.3940947,1.2418923,0.54196525,0.45937645,1.2283964,0.82419205,1.1538932,1.2745428,1.3391279,1.0272284,0.6042372,1.4164963,1.0288752,1.4328701,1.0789396,1.2913711,1.0286785,0.40325958,0.39181077,0.57724804,1.2105693,1.496146,1.5353652,1.4589627,0.7242427,0.48041064,1.1598244,1.4119668,0.9414493,1.3191922,0.77773297,0.618021,1.2166035,0.5165023,1.0138971,0.6287431,1.149475,0.7056128,1.4719157,0.71675986,0.8734474,1.2464042,0.96189326,1.3737234,1.0855079,0.5464331,0.548165,1.2970476,1.364018,1.0561723,0.9669112,1.2402569,1.3864213,0.8157735,0.9283671,1.4390416,1.0393182
boat,1.0904114,1.1640179,0.8741304,1.1883556,1.1562833,1.1364603,0.9333219,0.57942873,0.6609731,1.2488497,0.80817163,1.0346131,1.16559,0.74661887,0.0,1.0656934,1.2787433,0.91504264,0.8176788,0.90937066,0.71911454,1.3050598,0.85338837,1.1999292,0.8629952,0.919249,1.2187256,0.8580085,0.8920642,0.94481367,0.78648525,1.366112,0.79285467,1.2139983,0.8190636,1.2772865,0.8313873,0.73606634,0.94130594,1.1396377,1.1260178,1.0106175,1.2606989,1.2238685,1.261193,1.0854859,1.1347568,1.0413799,1.3289294,0.9989177,1.2741731,0.978452,1.0750061,1.3340336,1.2186033,0.873609,0.82311994,1.0813322,0.9308316,1.2123158,1.1501801,1.0377634,0.987353,0.8992563,1.2962842,0.9405269,1.3189477,1.0995861,1.0199097,0.9242772,0.91640276,0.7414427,0.8305479,1.0650858,1.2981293,1.3642151,1.2386901,1.0624421,0.9003299,1.1611193,1.0627649,0.9378744,1.2239119,0.8584138,0.8752948,1.0612235,0.85157466,1.014515,0.8310968,1.0377103,0.5266961,1.3143296,0.4747998,0.9518953,1.1183424,1.017504,1.214282,1.0804447,0.792989,0.6946888,1.0920895,1.3080242,1.1166267,0.96922016,1.2202299,1.2660084,0.8879499,1.1505841,1.3583974,1.0102563
book,0.82789314,1.0598874,1.4664497,0.9796539,1.1197215,0.9613413,0.6184302,1.0426592,1.1220661,1.07289,0.9967426,0.95375955,0.990627,1.2304528,1.0656934,0.0,0.6928275,0.7206731,0.6096188,0.77649605,0.9287796,0.8890764,0.8917397,1.0833565,1.312366,1.0073867,0.87283534,1.1766708,1.3767028,0.84517413,0.94159263,0.7577302,0.89578044,0.72414654,1.3422809,0.99854994,1.2424583,0.74637383,1.1604587,1.2011489,0.9344926,1.2889247,1.2128268,0.99407375,0.7223948,0.7117228,0.7371312,1.0739273,1.0353944,1.0952001,0.8098767,1.3225945,1.1822886,0.99939376,0.8387336,1.3097975,1.4362925,0.58919966,1.1633525,0.90027964,0.99942726,0.9661045,0.76437575,1.1672654,1.1379312,0.750798,0.90594375,1.274636,0.9705801,0.95155585,1.2417265,1.3874633,1.3339236,0.46385825,0.81921184,0.87765634,0.93085676,1.115902,1.1803675,0.89714766,0.701372,1.0442784,1.0019931,1.1732264,1.1431763,0.65013653,1.3172836,0.74260354,1.2212968,0.93493885,1.0388652,0.91420513,1.0806172,1.0831894,0.6935329,1.0572289,0.9132005,0.908447,1.3161993,1.0156552,0.87091714,1.2049892,0.86376524,0.6561479,0.7998787,0.718114,0.7717323,0.7255554,0.9680824,1.0285662
bottle,1.1490796,1.0210065,1.4166044,0.700181,0.8095631,0.93767536,0.807655,1.2861094,1.4257962,0.8068172,1.2591244,1.2883769,0.8123156,1.4537482,1.2787433,0.6928275,0.0,0.47555697,1.0793403,0.75361395,0.96473384,0.31506228,0.9748583,1.0167682,1.203623,1.009318,0.5216717,1.1896628,1.3299279,1.2617717,1.3052305,0.46593994,1.0751534,0.077476025,1.5204152,0.6659048,1.1737872,1.0280529,1.2607195,1.1565014,0.7891038,1.2883128,1.0517364,0.8951106,0.49844027,0.8479575,0.9699059,1.1609699,0.5697211,1.4205824,0.69464904,1.4186095,1.3704579,0.5402117,0.7008785,1.3971176,1.4864671,0.7545004,1.0719252,0.8169719,0.80512166,0.6051464,0.95183164,1.4309864,0.68156743,0.9216195,0.62762386,1.2078358,0.8086845,0.87187123,1.2521968,1.5130289,1.4522753,0.9077091,0.5366512,0.560074,0.71316355,1.011703,1.3201239,0.8244544,0.4718306,1.1430917,0.65684664,1.0560398,1.3177922,0.9605602,1.3922199,0.9695565,1.3781672,1.1012173,1.2564037,0.4858421,1.3494806,1.0648857,0.76591057,1.162873,0.3922876,0.926901,1.4165541,1.3454468,0.5685615,0.92268264,1.1025114,1.203924,0.5937357,0.58609027,1.228885,0.8867593,0.5637733,0.86131257
bowl,1.0665811,0.944884,1.5283272,0.7712722,0.8329954,0.748978,0.80469894,1.0269289,1.3137087,0.92120075,1.2929409,1.303853,0.89476466,1.3964162,0.91504264,0.7206731,0.47555697,0.0,1.0255241,0.38405263,0.8314822,0.6674936,0.9175196,1.0045744,1.1909329,1.1318101,0.70963293,1.2703243,1.4319502,1.2861965,1.2817371,0.67759526,1.0954522,0.38750756,1.5119307,0.8861552,1.2695569,0.85716736,1.2861031,1.2166507,0.75347596,1.3053834,1.1359929,0.83910954,0.6560607,0.59347373,0.8984096,1.1091063,0.76536286,1.4559352,0.8231123,1.4504775,1.3270801,0.741489,0.85963076,1.4497869,1.5224074,0.53334916,1.3076303,0.877734,0.8914738,0.4786775,0.9791954,1.4156463,0.8972122,0.59680885,0.7791463,1.229039,0.6069153,0.98689044,1.2306167,1.4986871,1.4876411,0.91031504,0.6194229,0.6989404,0.6301466,0.981521,1.2480519,0.88249725,0.1932953,1.0761615,0.83829623,1.2109966,1.345844,0.85111696,1.4826796,0.9671854,1.3111136,0.69199646,0.9096681,0.67399514,1.1574042,1.0748535,0.49777073,1.1014042,0.62734735,0.9448746,1.5046656,1.2483741,0.557248,1.073101,1.1940541,1.1231934,0.6428788,0.69574165,1.1175352,1.0710368,0.7829521,0.9469138
box,0.96748567,1.016367,1.101802,1.1885896,1.0783207,1.1875558,0.38151276,0.76755154,0.8056859,1.2979851,0.6633723,0.80445886,1.2844584,0.9027988,0.8176788,0.6096188,1.0793403,1.0255241,0.0,1.0162952,0.65975904,1.2278154,1.0332098,1.2090175,1.1787311,0.88305366,1.2206825,0.8843855,1.0788546,0.8271332,0.6178664,1.3119574,0.5441137,1.0783947,0.9690319,1.1520387,0.96511835,0.5771001,1.0009886,1.2182161,1.1252403,1.1097884,1.3033706,1.2700373,1.065232,1.0595936,0.93302214,0.9940401,1.4975864,0.766806,1.008784,1.049936,0.98049086,1.3826888,1.1932915,1.0637653,1.0642767,1.028382,0.8960263,1.1157836,1.0773835,1.116252,0.60779035,0.72993714,1.4388595,0.8910802,1.2638338,1.1406704,1.1286021,0.8205463,1.0269363,1.038826,1.0042446,0.74150467,1.3769679,1.4329216,1.3655183,1.0924653,0.80176693,0.9675628,1.1374593,0.9401401,1.2190982,0.89245844,0.95263606,0.97933054,1.0149163,0.72970647,1.0410501,1.0013804,0.713176,1.3673604,0.89870405,0.96146655,1.0839094,0.9305793,1.2874694,0.85960656,0.9554501,0.6551749,1.1116966,1.3992343,0.7579391,0.56093913,1.1104953,1.0286919,0.37412226,0.8369877,1.3323656,1.0733724
bread,1.0847473,0.87247264,1.3636332,0.7855959,0.9767203,0.65746325,0.820499,0.9811561,1.1635919,1.052477,1.2419987,1.175783,0.97621804,1.1762815,0.90937066,0.77649605,0.75361395,0.38405263,1.0162952,0.0,1.0386679,0.91185826,0.9979832,1.0564755,1.2500718,1.2083831,0.85624194,1.2520843,1.2951047,1.2363514,1.247676,0.862053,1.0959225,0.7505578,1.354574,0.9072187,1.2244778,0.8843251,1.1763337,1.1813158,0.7434186,1.2235584,1.0481619,1.0359182,0.78862965,0.64903754,0.92269874,1.1437881,0.9540331,1.3129902,0.8609568,1.3248994,1.1823232,0.9109636,0.8785749,1.3486753,1.390995,0.5953242,1.3166378,0.97041315,0.9695998,0.5087434,0.88221014,1.2878793,0.96124417,0.42018402,0.944897,1.1573029,0.6056447,1.0922129,1.1162987,1.3197805,1.3657773,0.8441997,0.84738636,0.8854913,0.64159775,0.91663134,1.1618762,0.94015396,0.3570571,1.1370456,0.89108646,1.2199495,1.3107822,0.90487325,1.3482589,0.9782996,1.2017131,0.70225835,0.9119866,0.85254395,1.0114639,1.0339055,0.61803395,1.05167,0.84240276,1.0062144,1.3438331,1.1599365,0.80688596,1.0261966,1.1350596,1.0597696,0.5505302,0.7978678,1.085288,1.1831764,0.95730513,1.0777268
bucket,1.0149013,1.0179353,1.1334419,1.0677179,0.95039386,1.041029,0.64544886,0.8419372,0.91712296,1.159219,0.74115485,1.0046251,1.1974918,1.0057292,0.71911454,0.9287796,0.96473384,0.8314822,0.65975904,1.0386679,0.0,1.1034279,0.96336526,1.1423422,1.1631439,0.96733475,1.088102,0.9150687,1.1510483,0.89400625,0.83166957,1.1538332,0.64632773,0.9024354,0.98059124,1.1829194,1.023159,0.83751965,1.0465575,1.0665658,1.0428731,1.0564879,1.2367456,1.0818579,1.1174268,1.0339017,0.9899205,0.9543753,1.2803438,0.9005039,1.0236273,1.0285599,1.1458901,1.1235538,1.0678178,1.1062295,1.1124582,1.1040676,0.98555803,1.0593814,1.1867434,0.8787487,0.78181636,0.8745893,1.2015563,1.0035572,1.2018223,1.0670955,0.9939664,0.9056972,1.0445793,1.0828875,1.1275156,0.9379223,1.1959746,1.2007312,1.1947497,1.1426586,0.9951383,0.9630413,1.0668993,0.8482303,1.1058773,0.97667146,1.0395527,0.99267954,1.1163329,0.6025816,1.1091186,0.9671286,0.6046067,1.043345,0.91099685,0.9047726,1.0756097,1.0099311,1.2056935,0.8551356,1.0859005,0.8063521,0.882734,1.2647092,0.95648974,0.7962288,1.1307536,0.990668,0.78517073,0.90354025,1.1880867,1.0526099
can,1.1845797,1.0621693,1.3384991,0.78662443,0.78888977,0.9389664,1.0656617,1.2096988,1.3588395,0.52148455,1.3327181,1.3126683,0.6236429,1.402117,1.3050598,0.8890764,0.31506228,0.6674936,1.2278154,0.91185826,1.1034279,0.0,0.98934263,0.8360059,0.93738866,1.0533726,0.623692,1.1851603,1.2501154,1.192101,1.2714653,0.32934612,1.2065476,0.32667732,1.4227707,0.87900805,1.0588462,1.069922,1.302299,0.9742774,0.85868967,1.2462122,0.91152215,0.6600981,0.6975985,0.9668784,1.0573684,1.1450622,0.4011289,1.3708096,0.83681166,1.3204241,1.2946942,0.5728733,0.7280485,1.3455327,1.3667194,0.82080394,1.0526457,0.80746967,0.87004113,0.7594583,1.0729991,1.414429,0.51340556,0.9642775,0.6039208,1.0956689,0.90929973,0.8594603,1.2040782,1.4258332,1.3614924,0.88886136,0.35876894,0.39936996,0.6742457,0.8547045,1.362519,0.9191145,0.55728275,1.2369561,0.6946801,0.9853194,1.342514,1.0683414,1.3773586,1.1303858,1.3067489,1.1094111,1.2431346,0.4526292,1.3223996,0.9662203,0.8397944,1.2440732,0.345585,1.09562,1.416825,1.4062233,0.7833843,0.755478,1.0295696,1.2615424,0.5296444,0.7208697,1.3153709,0.9100401,0.5155609,0.6846644
car,0.9009103,1.0593096,1.0625201,0.96353954,1.1884005,0.8313754,1.0696247,0.8739966,0.88668716,1.0706359,1.0387067,1.1241994,1.0236051,1.0131991,0.85338837,0.8917397,0.9748583,0.9175196,1.0332098,0.9979832,0.96336526,0.98934263,0.0,1.1050227,0.8554412,1.0301828,0.85063463,0.97682667,1.076848,0.9133501,0.8393247,0.8985795,0.93540895,1.0044439,1.0850703,1.2263979,1.0118982,0.89469814,0.95528173,1.150515,0.9209958,1.0433937,1.2281203,0.9903596,0.9677598,1.073046,0.80474234,0.87445545,0.97250634,1.1444143,1.045842,1.067699,1.2664423,1.0350322,0.90572125,0.94853354,1.0982788,1.0367732,1.204699,0.9625648,1.2311168,1.0719777,0.9736434,1.103562,1.0227774,1.1472273,1.0082476,1.1850263,0.9383715,0.9791445,1.0212818,0.9821255,1.1157713,1.0891178,0.853683,0.9661114,0.9255518,1.213954,1.0619426,1.0478657,0.8938667,0.96721375,1.0274711,1.0395745,1.0328301,0.9061305,1.02653,1.0924649,1.0589132,1.2295513,0.9691978,0.94043946,0.89835227,1.1514463,1.0443034,0.9403882,0.8840442,1.0057962,1.0359803,0.99864084,0.8538307,1.2212867,1.1204096,1.0740839,1.2038795,0.7151959,0.84845,0.9642262,1.016807,1.0054934
carrot,1.0156498,0.80095947,1.112769,0.9435573,0.9859436,0.84208393,1.2473507,1.1950307,1.4097786,0.45114,1.1935462,1.0474545,0.8348698,1.3726338,1.1999292,1.0833565,1.0167682,1.0045744,1.2090175,1.0564755,1.1423422,0.8360059,1.1050227,0.0,1.0166873,1.1180125,1.0520065,1.3252403,1.1751682,0.8395166,1.2259444,0.63199043,1.3231173,1.0012712,1.1813109,0.9189276,1.2376635,1.1368046,1.1810935,0.6658855,0.9715369,0.86069953,0.44014633,0.5023305,1.1049027,1.1359109,0.88789356,0.90317386,0.5760797,0.94110495,0.87599397,1.0359852,0.6812394,0.873225,1.0171981,1.2923222,1.13726,1.1075134,1.1128749,1.2189109,0.7873415,0.8477976,1.1492141,0.9957251,0.561622,1.0977712,0.6090605,0.7031219,0.7998667,0.87683326,1.2803944,1.2520518,1.0443943,0.83407086,0.6541338,0.6255564,0.62675095,0.79995537,1.1853671,1.1139451,0.920523,0.8455297,0.8872352,1.1693714,1.2370031,1.0098796,1.2384927,1.1106374,1.0899297,0.92602617,1.2616261,0.6386642,1.2681174,0.8695775,1.0560434,1.0464756,0.8394669,1.0699998,1.21763,1.3924963,1.03392,0.4340737,0.88647103,1.0475636,0.792523,0.9114756,1.2749547,1.2069455,0.680872,1.1344982
cat,1.0743173,1.2732831,0.7382971,1.1070114,1.050501,1.2587764,1.2285945,0.59888023,0.7701279,0.89688456,0.9958946,1.0525887,1.0168885,0.7268219,0.8629952,1.312366,1.203623,1.1909329,1.1787311,1.2500718,1.1631439,0.93738866,0.8554412,1.0166873,0.0,0.8481372,1.1519451,0.9128049,0.86747295,1.010721,0.9069208,1.1238883,0.9464819,1.1439228,0.53607607,1.1997774,0.7290647,1.0521262,0.9811017,1.0336818,1.0778784,1.0742884,1.0458688,0.8509029,1.269231,1.2671605,1.2255378,0.9797009,0.9814594,1.0185684,1.2836848,0.8514322,1.0869281,1.018065,1.013862,0.76053685,0.6677376,1.2134997,0.93475515,0.92953235,0.868222,1.1232501,1.1188533,0.91689867,1.0269433,1.1698937,1.0702626,1.0209394,1.0540963,0.980339,0.62638265,0.77830344,0.7806321,1.1653992,0.96054506,1.0682522,1.0595474,0.7762469,0.9012315,1.1457793,1.1519283,1.0500469,1.1389905,0.7805897,0.78496456,1.2439172,0.80270135,1.2597203,0.8049711,1.1167138,0.8617658,1.13217,0.9150184,0.94824713,1.2306371,1.1753662,0.9822287,1.1132493,0.9254256,0.91665334,1.2095894,1.0394084,1.1925755,1.224005,1.0456201,1.3375955,1.1481261,1.0550613,1.1086012,0.6772081
chair,1.0680039,1.3910184,0.8427392,1.420173,1.2955133,1.3559186,0.87050223,0.7634431,0.691012,1.125223,0.49032754,0.8738582,1.1782999,0.82992494,0.919249,1.0073867,1.009318,1.1318101,0.88305366,1.2083831,0.96733475,1.0533726,1.0301828,1.1180125,0.8481372,0.0,1.241193,0.60236657,0.9531266,0.99633116,0.46495748,1.3356683,0.5189851,1.0052892,0.85727394,1.0484885,0.559741,0.7825301,0.7785668,1.1488159,1.3948319,1.0546675,1.2451617,1.2062064,1.2228051,1.0809385,1.2442877,0.88448834,1.2432921,1.0212368,1.4570009,1.0204164,1.1136098,1.2276597,1.1133896,0.8708387,0.6914743,1.0473248,0.32710433,1.0164207,0.9042063,1.0535481,0.9996733,0.87627196,1.3863028,1.0619177,1.2772738,1.1147233,1.2353592,0.5432405,1.029067,0.8530557,0.66854835,1.005912,1.2077274,1.2500496,1.2702904,0.84420633,0.94114286,1.0754128,1.118047,0.90106344,1.100032,0.44644076,0.9971388,1.1693712,0.859436,1.1146803,0.8568269,0.95858485,0.8106158,1.3351734,0.9408698,0.8656274,1.0902069,1.0116585,1.2314668,0.9630535,0.80452526,0.53402436,1.2664096,1.3106312,1.1313756,1.0195777,1.0769141,1.3987997,1.0161248,0.6336181,1.1817086,0.8070972
clock,0.96200126,0.82588035,1.4049146,0.46717918,0.6674563,0.7711965,1.0199459,1.3235735,1.3256361,0.97343576,1.3561383,1.3646662,0.8617586,1.3597159,1.2187256,0.87283534,0.5216717,0.70963293,1.2206825,0.85624194,1.088102,0.623692,0.85063463,1.0520065,1.1519451,1.241193,0.0,1.1909152,1.2665163,1.2210673,1.3818152,0.5511241,1.2741628,0.5103331,1.3746711,0.7690139,1.1805444,1.127742,1.2637514,1.100166,0.53257275,1.2077017,1.0894104,0.8864221,0.48020852,0.81649494,0.7514297,1.1154325,0.60866606,1.3496008,0.54993963,1.1887155,1.3498925,0.43842578,0.54879856,1.3286176,1.4586736,0.86010855,1.2103108,0.65713054,1.0494311,0.8885089,1.0936544,1.4079533,0.63373685,1.0052062,0.8097577,1.0887351,0.81728876,1.1546595,1.215749,1.395201,1.4644353,1.1287197,0.57325876,0.54647934,0.7137773,1.1907566,1.2332829,0.75776047,0.64323765,1.0572875,0.52699584,1.198043,1.2342783,0.8974289,1.3905883,1.004496,1.4314895,1.1389902,1.2420433,0.51369125,1.1999077,1.3058426,0.7824399,0.9614633,0.5161359,0.99431217,1.3273985,1.3973017,0.48869312,0.983352,1.1580822,1.2485261,0.9099841,0.44842458,1.1811635,0.95034915,0.6556951,0.84400475
closet,0.955234,1.2570702,0.7500652,1.2767305,1.0994377,1.2962462,0.878002,0.6772662,0.5719097,1.3530927,0.55209905,0.89192855,1.271059,0.68749154,0.8580085,1.1766708,1.1896628,1.2703243,0.8843855,1.2520843,0.9150687,1.1851603,0.97682667,1.3252403,0.9128049,0.60236657,1.1909152,0.0,0.82202435,1.0070198,0.63611084,1.422013,0.5151907,1.2105191,0.77994514,1.0957396,0.2698506,0.78982395,0.7340213,1.1920013,1.272534,0.94163376,1.3537221,1.3019197,1.1006505,1.1648344,1.1933056,0.89686686,1.3886433,1.0332974,1.317548,0.8952154,1.1326842,1.3469634,1.1509082,0.7561338,0.735242,1.2024779,0.6203979,0.94941115,1.1197463,1.2158817,1.0702276,0.9110486,1.3678916,1.1783565,1.3783808,1.0291349,1.27955,0.7302164,0.94368106,0.7120201,0.7984553,1.180685,1.3892806,1.4120466,1.3601592,1.0460873,0.80221653,0.93175983,1.2938063,1.0061384,1.2172762,0.35481012,0.85476804,1.174017,0.72428507,1.039628,0.86740696,1.1389313,0.7689838,1.3973118,0.7020491,1.0960048,1.2052014,0.993421,1.2408158,0.9149694,0.6806073,0.54792404,1.2599413,1.4008082,1.0560122,1.0074397,1.3157464,1.2988133,0.8439218,0.7127948,1.4101932,0.7079917
coat,1.0836025,1.1000481,0.40739727,1.2385752,1.1858902,1.1927308,1.2338083,0.92523736,0.7130326,1.1846967,0.8947798,1.0135477,1.1118776,0.6757848,0.8920642,1.3767028,1.3299279,1.4319502,1.0788546,1.2951047,1.1510483,1.2501154,1.076848,1.1751682,0.86747295,0.9531266,1.2665163,0.82202435,0.0,0.96782166,0.8319813,1.3285149,0.9687967,1.3581618,0.6279673,1.0416698,0.8085457,1.1859916,0.76509786,1.0035385,1.2116423,0.7595683,0.9779491,1.2408453,1.2570127,1.2200036,1.2477188,0.98255616,1.2402431,0.7403285,1.282717,0.73061717,0.7535,1.2680535,1.2103772,0.2596693,0.44726288,1.255157,0.84684676,1.172737,1.1642925,1.2970569,1.0395973,0.72512496,1.1171887,1.2415959,1.2634526,0.91972053,1.2486727,1.1370476,0.696494,0.34464276,0.46255922,1.2950461,1.338733,1.3105955,1.3362329,1.1044782,0.74920493,1.1758503,1.4514061,1.0314848,1.1004074,0.910652,0.773517,1.1966883,0.43423676,1.1498077,0.62826014,1.1543276,1.0456746,1.3008446,0.85577434,0.95467865,1.2804148,0.977641,1.2353643,1.0962241,0.32484096,0.72641146,1.290446,1.0164407,1.0270853,1.0609838,1.3588264,1.2976817,0.965635,1.1431477,1.262972,1.1136004
comb,0.82665807,1.0690907,0.87321544,1.1204479,1.2474332,1.0711644,1.0570891,1.0326203,0.9667249,0.97213024,0.900536,0.88948,1.0574738,0.94064796,0.94481367,0.84517413,1.2617717,1.2861965,0.8271332,1.2363514,0.89400625,1.192101,0.9133501,0.8395166,1.010721,0.99633116,1.2210673,1.0070198,0.96782166,0.0,0.8476159,0.975532,0.8929067,1.297527,0.9265314,1.2008858,1.086022,1.0860666,0.97109383,0.9715476,1.1026396,0.8617376,1.020715,0.8319161,1.2833569,1.2254694,0.8950841,0.6517885,1.1820683,0.8422527,0.9709525,0.908506,0.9475474,1.3033434,0.98304474,0.9627616,0.8355708,1.2287371,0.97605073,1.2445561,1.1738837,1.1806953,0.9526383,0.9020659,1.0057,1.1706406,1.1267743,0.99151,1.0595543,0.9357244,1.0687213,0.854209,0.83410656,0.6947901,1.0395536,1.0892192,1.1123139,1.1066262,0.9586229,1.1684312,1.2443557,0.7218882,1.1261923,1.0345451,0.9930368,1.0162367,0.99346405,0.93838906,0.87592673,1.0993658,1.1330208,1.04467,0.91481483,0.916815,1.2478193,0.98450994,1.2228949,0.9578517,0.8534747,0.84155345,1.1408968,1.0460352,0.8383994,0.7253148,1.15228,1.0039829,0.9243034,0.9514302,1.1979961,1.1748459
couch,1.0541255,1.1902434,0.6999649,1.4835372,1.3127369,1.2048236,0.81142527,0.64273995,0.40752316,1.2722679,0.40032518,0.7672017,1.2792684,0.5634935,0.78648525,0.94159263,1.3052305,1.2817371,0.6178664,1.247676,0.83166957,1.2714653,0.8393247,1.2259444,0.9069208,0.46495748,1.3818152,0.63611084,0.8319813,0.8476159,0.0,1.4861027,0.45128262,1.2938206,0.6861829,1.1721214,0.5928989,0.6897589,0.7435653,1.1712375,1.3769,0.9231585,1.3619547,1.2874515,1.3201464,1.2606404,1.1365216,0.9797944,1.451554,0.8726531,1.4887229,0.8761806,1.1001483,1.4107796,1.3003887,0.7125007,0.5982079,1.2318449,0.56021005,1.1823015,1.2381368,1.1840543,0.8263836,0.64625156,1.4951214,1.1424177,1.4629332,1.0688561,1.2770299,0.6855725,0.8886486,0.6231741,0.598302,0.99504536,1.393611,1.4774579,1.3974236,0.79668206,0.7250422,1.091162,1.3431649,0.88464046,1.2476994,0.5362141,0.9095099,1.186778,0.7143539,1.0657817,0.75460196,1.1077389,0.7123438,1.4833643,0.7577093,0.9151884,1.2940269,1.0454377,1.3828694,1.0317618,0.6192275,0.40306997,1.3345808,1.4434614,0.9923735,0.90596366,1.3159783,1.3574975,0.7586195,0.67499983,1.4181652,0.99627644
crayon,1.0590352,0.86399746,1.4166119,0.5666803,0.8773102,0.7133683,1.1528804,1.361574,1.4885349,0.45869267,1.4853405,1.3063354,0.5568178,1.528301,1.366112,0.7577302,0.46593994,0.67759526,1.3119574,0.862053,1.1538332,0.32934612,0.8985795,0.63199043,1.1238883,1.3356683,0.5511241,1.422013,1.3285149,0.975532,1.4861027,0.0,1.4922931,0.5161386,1.5092846,0.86088467,1.4305185,1.2697138,1.408012,0.9180518,0.6188729,1.2719826,0.7251478,0.4480198,0.642249,0.9260848,0.7908683,1.1593246,0.2854929,1.2749132,0.47395307,1.3678012,1.2021595,0.55678445,0.6307251,1.438679,1.4964805,0.8317908,1.3060648,0.8885335,0.9239307,0.7563079,1.1806084,1.4478981,0.25219697,1.0541205,0.39052296,1.1331656,0.7428539,1.1301467,1.2996378,1.5029416,1.46912,0.8598295,0.18694043,0.1912893,0.39052773,1.0226895,1.347969,0.9764018,0.5523745,1.19155,0.6332878,1.4042227,1.3434445,0.764294,1.5077585,1.000167,1.3900454,1.0897001,1.4218851,0.17380017,1.3436534,1.1148088,0.8300773,1.2375627,0.3125528,1.091145,1.5521173,1.5650834,0.6597053,0.57521844,0.85625744,1.0635048,0.6242348,0.32797623,1.2222011,1.0605063,0.39201438,0.9570928
crib,0.96979254,1.3356869,0.8768681,1.4031687,1.2255261,1.3381715,0.45221078,0.6056218,0.556396,1.3759964,0.26943612,0.8752881,1.3383164,0.70153064,0.79285467,0.89578044,1.0751534,1.0954522,0.5441137,1.0959225,0.64632773,1.2065476,0.93540895,1.3231173,0.9464819,0.5189851,1.2741628,0.5151907,0.9687967,0.8929067,0.45128262,1.4922931,0.0,1.0919839,0.7919221,1.1127273,0.52557683,0.5020093,0.79872257,1.3005302,1.379032,1.0259016,1.4563181,1.3896884,1.128111,1.1351197,1.1929421,0.84136707,1.4675136,1.020192,1.4036314,0.92900306,1.1853486,1.390812,1.1578943,0.8838977,0.8954217,1.101711,0.6224397,1.0323468,1.0492398,1.0838993,0.7803451,0.8335129,1.5267878,1.0738026,1.4636089,1.0761952,1.2528,0.6158923,0.96124554,0.8440505,0.92797095,0.972548,1.4328063,1.484245,1.3840137,0.89617455,0.80888367,0.8637462,1.2051215,0.9413403,1.227755,0.4451428,0.9062567,1.1802359,0.8391409,0.86626947,0.9909144,1.0859629,0.63050073,1.4308103,0.842667,0.9824985,1.1648157,1.0261604,1.287837,0.7760369,0.7871237,0.47834843,1.2669214,1.5296854,1.110243,0.89463776,1.1959367,1.3531349,0.76762277,0.62940156,1.4933107,0.8530442
cup,1.1546309,0.99678504,1.434952,0.6550581,0.72002006,0.9547547,0.8134324,1.2499985,1.4131105,0.8223189,1.2660298,1.3320787,0.8019047,1.4754577,1.2139983,0.72414654,0.077476025,0.38750756,1.0783947,0.7505578,0.9024354,0.32667732,1.0044439,1.0012712,1.1439228,1.0052892,0.5103331,1.2105191,1.3581618,1.297527,1.2938206,0.5161386,1.0919839,0.0,1.5341369,0.6772359,1.1500847,1.037757,1.3158469,1.168026,0.73036945,1.3185012,1.0865667,0.89279234,0.526455,0.8224361,0.9444305,1.1888955,0.61106086,1.4532586,0.70898706,1.4560024,1.3796413,0.5120693,0.7185256,1.4516037,1.4882847,0.7514521,1.1013796,0.7892881,0.8074762,0.54483795,0.98119664,1.4300601,0.72614807,0.88877016,0.6507009,1.2042251,0.7477689,0.85818976,1.2754234,1.538341,1.4618645,0.92658806,0.5518641,0.58532196,0.73189056,0.9632523,1.3325281,0.82544553,0.41318578,1.1325254,0.68155587,1.0335505,1.3231814,0.9771562,1.4315882,0.9705727,1.3724145,1.0508568,1.1945922,0.50706965,1.3262239,1.0515633,0.7231581,1.140819,0.4147895,0.93416274,1.4599452,1.3310112,0.48633355,0.95323604,1.1067827,1.2050028,0.61061513,0.6056972,1.2432468,0.87719923,0.6153601,0.8099947
dog,1.0264001,1.1672263,0.5148119,1.3159517,1.1546346,1.2729442,1.125838,0.75920665,0.547686,1.2149248,0.67714894,0.7276927,1.2322164,0.44899458,0.8190636,1.3422809,1.5204152,1.5119307,0.9690319,1.354574,0.98059124,1.4227707,1.0850703,1.1813109,0.53607607,0.85727394,1.3746711,0.77994514,0.6279673,0.9265314,0.6861829,1.5092846,0.7919221,1.5341369,0.0,1.1943705,0.79346186,1.0570129,0.72789586,0.8997582,1.2831607,0.8008825,1.083829,1.2138289,1.3539804,1.3372984,1.2486039,0.977291,1.31035,0.60862917,1.2911875,0.45404547,0.8281982,1.288696,1.3203903,0.53980535,0.43467945,1.3487558,0.77461165,1.1716468,1.0900365,1.3650652,1.0400087,0.5371101,1.3115388,1.2392521,1.3184301,0.94502336,1.3023497,0.9749918,0.5540498,0.49504846,0.5453539,1.2896268,1.4671664,1.4888045,1.3889914,0.91185343,0.64280057,1.1024693,1.5435128,0.8856786,1.220189,0.7964406,0.4952047,1.1793187,0.5435127,0.96893114,0.68669385,1.0869422,0.78218085,1.4278051,0.76171696,0.899569,1.419069,1.0533704,1.3895371,1.0940717,0.5675223,0.5985545,1.3894856,1.1419594,0.96534705,0.9294575,1.3801436,1.460165,0.8574913,1.0436008,1.3469687,1.0897509
