,alligator,ankle,apple,applesauce,arm,ball,balloon,banana,basket,bathtub,bed,belt,bench,bib,blanket,book,bottle,bowl,box,bread,broom,bucket,can,car,carrot,cat,chair,chips,clock,coat,coffee,comb,cookie,corn,couch,cracker,crayon,crib,cup,dish,dog,doll,door,drawer,dress,ear,egg,elephant,face,finger,fish,flower,foot,fork,frog,glass,glasses,glove,gum,hair,hamburger,hand,hat,jacket,jar,jeans,knife,ladder,lamp,meat,melon,milk,mitten,mouth,muffin,nail,napkin,necklace,nose,orange,oven,owl,pajamas,pants,paper,pen,pencil,pickle,pillow,pizza,plant,plate,potato,pumpkin,purse,radio,refrigerator,rooster,sandwich,scarf,scissors,shirt,shoe,shorts,shovel,sink,slide,slipper,soap,sock,soup,spoon,stick,strawberry,sweater,table,tape,toe,tooth,toothbrush,towel,toy,tray,vacuum,watch,window
alligator,0.0,1.4058188,1.415966,1.1245669,0.42525077,1.0671357,1.3001852,1.141102,1.1234611,0.8621432,0.5709733,1.5162351,1.226919,0.93824905,0.80870974,1.1769071,1.5619097,1.1770387,0.91555804,0.8057418,1.2174184,1.0010263,1.6686242,1.1433437,1.5056064,0.41702008,1.3036921,0.657924,1.3595544,0.635308,1.0177635,0.8685436,0.63290566,1.1251507,1.4624506,0.91592324,1.5429485,0.5504495,1.344259,0.78100586,0.5927161,0.65646946,1.3792312,1.0349061,1.2293758,1.2619712,1.3486404,0.74370265,0.8444725,1.290265,0.32971525,1.1831708,0.89350915,1.4109623,0.8340359,0.69947785,1.415906,1.0448459,1.189601,0.72494614,0.6864936,0.8993441,1.4383398,0.60180384,0.9976212,0.56671745,1.3015838,0.8781296,1.1679833,0.6557337,0.79432297,0.9657753,0.60620105,0.86873853,0.70281804,1.3897458,1.1965817,1.6068201,1.3069278,1.4294999,1.3600713,0.6182618,0.5284884,0.6739527,1.3014503,1.5313921,1.4880605,1.2133693,0.72732353,0.8558249,1.2906059,1.5895101,1.2308248,0.78406274,0.94883025,1.4299468,1.3918529,0.8192473,0.48680145,0.62652266,1.0976496,0.6231216,1.0324957,1.0176554,1.0995957,1.4161577,0.5208745,1.5126595,1.2998908,1.0090889,1.0126258,1.3264551,1.3938526,1.4104631,0.5444522,0.502763,1.2539759,1.349844,1.3438272,1.1475875,1.4925745,0.8828029,0.77529967,1.1808586,1.5528456,1.0257316
ankle,1.4058188,0.0,0.861535,0.7576546,1.3683388,0.76287484,0.68127847,0.96799266,1.0948184,1.0865443,1.2258669,0.71139836,0.65112793,1.0721393,0.9303398,0.95535856,0.6436884,0.7583178,1.1568047,0.8722925,1.0270146,0.98777837,0.54560226,0.8988107,0.7142073,1.1705585,0.6579006,1.2203736,0.9726657,1.3000007,1.0432439,1.0380572,1.1429472,0.81838,0.5276021,1.01748,0.8344184,1.4141283,0.6881833,1.2653438,1.1651671,1.2454932,0.8228246,1.0223784,0.78955984,0.8613551,0.6243041,1.1256449,1.2338494,0.8585464,1.3320777,1.0018115,1.0869043,0.7751471,1.1311445,1.2493266,0.910058,0.71953,1.0988698,1.2840247,0.9757686,1.1936624,0.8157716,1.3662124,1.0358403,1.1466519,0.9470732,1.0326211,1.0933211,1.3291271,1.0668639,1.0243841,1.0961505,1.1860223,0.9285318,0.9171457,0.7769535,0.6606909,0.78874725,0.7181579,0.6888913,1.2247008,1.3932992,1.0915616,0.7582592,0.7891697,0.8956766,1.033612,0.8587181,1.1823238,0.92398614,0.48325872,0.8898558,0.98776364,1.044477,0.71615434,0.7643781,1.1702127,1.3155619,1.2419158,1.0721663,1.336084,0.8836536,0.83594275,0.95574135,0.58256406,1.3336926,0.70534015,0.6278054,0.7850889,0.8124915,0.86741376,0.7510576,0.8527585,1.3636782,1.3282517,0.71366096,0.7182894,0.7463693,1.2363534,0.7124748,1.2159873,1.1651633,0.8696357,0.74014926,1.1894795
apple,1.415966,0.861535,0.0,0.82664573,1.4628043,0.8217882,0.6216086,0.4390942,1.1149527,1.339702,1.4302396,0.59973526,1.2505721,0.9880805,1.3360299,1.1352239,0.6608287,1.0211596,1.2732744,1.0891781,0.98375016,1.1905997,0.64928156,1.0469604,0.39385265,1.2611127,1.0811226,1.2449222,0.4313699,1.2821099,1.130042,1.136739,1.0690161,0.82220864,0.89723074,1.1660718,0.31774044,1.431819,0.955154,1.2414805,1.1814858,1.2646037,0.9185969,1.2912844,0.899805,0.8558843,0.46283364,1.2297621,1.0780843,0.7973026,1.2967069,0.8685907,0.9710048,0.67115486,0.88650626,1.2932265,0.546692,0.8874349,0.68094105,1.2157123,1.1726859,1.1833932,0.4816386,1.3348204,0.97686243,1.4285141,0.8634403,1.2658095,0.951088,1.3299129,0.89097965,1.2161211,1.2219226,1.1836921,1.092076,0.42925972,0.7713498,0.52975655,0.59566987,0.42697936,1.0178739,1.1603189,1.459384,1.3894137,0.9414277,0.48234797,0.47428524,0.4254958,1.0135841,1.2006005,0.7749016,0.51729316,0.7270376,1.1194777,1.2121134,0.76929337,0.9780087,1.2397068,1.4413104,1.3809063,0.951277,1.314544,0.9985077,1.2561421,1.0123795,0.8255148,1.377493,0.39161974,0.73430383,1.227557,0.87800956,0.60446376,0.80383015,0.37324297,1.371827,1.4154079,0.82019836,0.67957467,0.6512609,0.7749255,0.5852064,0.9772643,1.4005375,1.1886915,0.511537,1.135823
applesauce,1.1245669,0.7576546,0.82664573,0.0,1.1697309,1.1763268,1.082844,0.6480724,1.0371532,1.0283786,1.1701919,0.9228138,1.1016017,1.0466372,1.1607369,0.9103414,0.93733716,0.8154822,1.0007616,0.83760357,1.2129306,1.201634,0.96606886,1.0958496,0.75983095,1.1699132,1.0264755,0.9301627,0.96426743,1.1576421,1.1791639,1.0629616,1.1901724,0.7527183,0.9161919,0.712705,0.8198112,1.1409862,1.0316031,1.060803,1.0798826,1.2035378,1.0909463,1.1186612,1.0049994,1.0726707,0.9790357,1.1287994,1.1054549,0.9295738,1.045778,1.1108651,0.98006785,0.88215804,0.97650945,1.1605098,0.945507,0.9555635,0.92087495,1.2244873,0.68190205,1.097944,1.0324591,1.1314887,0.92170787,1.1429278,0.9000854,1.001784,1.1050411,1.0147426,0.9917013,1.2043358,1.1403743,0.9972382,0.7930295,0.9253183,0.9486909,0.89412093,1.0000226,0.7879204,0.93199426,1.1802886,1.1882604,1.1150031,0.9253907,0.8369054,0.87504673,0.75485826,1.0979573,0.9397462,1.1178131,0.6737557,0.79192406,0.92348236,1.2408518,0.8847697,1.1165066,1.2366769,0.96078306,1.2134575,1.0031852,1.1665349,0.942414,1.1206294,0.8599028,0.85583186,1.2303522,0.7949302,0.78632164,1.0911069,0.3906951,0.6382642,0.98913735,0.8408419,1.1453922,1.056436,0.94194686,0.97098464,0.81681055,0.93885213,0.9312421,1.0687408,0.99493635,1.2313273,0.98786205,1.1751097
arm,0.42525077,1.3683388,1.4628043,1.1697309,0.0,1.1315632,1.2523985,1.1673837,1.1126151,0.8588508,0.5403397,1.4346707,0.99736094,1.0234139,0.7958398,1.221734,1.3923227,1.164642,1.0231737,1.0614605,1.2010722,0.9869971,1.5116522,1.1103007,1.4569027,0.67317,1.1087402,0.8803203,1.4199188,0.654178,0.9887582,0.7400852,0.9062023,1.0767583,1.3375387,1.0394129,1.4993682,0.61399716,1.1937344,0.7710067,0.7989594,0.83101565,1.2587901,0.92643344,1.1949707,1.1061733,1.4546468,0.7232728,0.86044616,1.0157244,0.54001725,1.242762,1.0270029,1.4049253,1.1549265,0.6356058,1.3364017,1.0618054,1.3057342,0.62464803,0.93406975,0.5373866,1.4638653,0.5000659,0.9957502,0.46096247,1.229484,0.88696146,1.1922165,0.63107497,0.8527756,0.9655814,0.7800857,0.8969492,0.9499098,1.3960501,1.343277,1.485533,1.3108262,1.5036036,1.2861209,0.7109938,0.41728663,0.5184183,1.086411,1.4752325,1.4270781,1.1656327,1.0681493,0.8823323,1.312787,1.550915,1.1310062,0.9842104,1.0365833,1.3935962,1.2675397,0.77546823,0.5106051,0.48914635,1.21609,0.53784645,1.1370324,0.8064134,1.093878,1.3250647,0.49331564,1.5476626,1.2580743,0.8212889,1.1640755,1.2506607,1.3055127,1.4279697,0.45691025,0.5338629,1.2446384,1.235597,1.3505206,1.106368,1.4455948,1.115688,0.763781,1.0152435,1.3925251,0.9943546
ball,1.0671357,0.76287484,0.8217882,1.1763268,1.1315632,0.0,0.3668223,1.1130886,1.0038348,1.0027977,1.0912291,1.0338268,0.8618406,1.1340771,1.0592182,1.0507067,0.9586415,0.6152414,1.0648676,0.78948563,0.92483985,0.88074124,1.0032698,1.0478531,1.0350969,1.1124614,0.84721845,0.9716207,0.9479115,1.1640568,1.0133921,0.9510671,0.8708947,1.0302812,1.0094231,1.091974,1.0248702,1.1635076,0.8946615,0.88808584,1.12947,1.1373812,0.98097354,1.0223333,1.166511,1.0566592,0.39668906,1.0218236,1.1020571,1.0861259,1.0493585,1.008334,1.1275157,0.99845123,0.96138054,0.89963305,1.0768954,0.9440518,0.99636114,1.1408665,0.96261704,1.1009095,0.92685306,1.1902243,1.0443724,1.0847248,0.9918052,1.1510901,0.91874844,1.0707866,0.44461173,0.9335312,0.9602161,1.1751245,0.9473869,0.9833805,0.8849579,1.0562884,0.7994009,0.9389592,1.102913,1.0731707,1.1792638,1.0812925,1.03434,1.0427164,1.0134152,1.1114273,0.742517,1.0437372,1.0185274,0.8199683,1.1257223,0.76580495,0.9103436,0.94711125,1.0252498,1.0239139,1.150763,1.1535857,1.0093977,1.1847308,1.0762897,1.0123477,0.9652943,0.7727717,0.9725327,1.0303347,0.9840697,1.0641795,1.0113161,1.10402,1.0708094,0.9584001,1.1795244,1.0481062,0.62046325,0.98146635,1.0176299,1.0961528,0.9478901,0.9150297,0.974494,0.93099093,0.9701045,0.95421886
balloon,1.3001852,0.68127847,0.6216086,1.082844,1.2523985,0.3668223,0.0,0.9101639,1.091625,1.1224469,1.2159059,0.7742842,0.96329224,1.0741404,1.146094,1.1022975,0.71185863,0.83597696,1.2451702,1.0467856,1.0591266,1.0259099,0.7037337,1.0241035,0.752127,1.2164288,0.8838535,1.1970406,0.8610356,1.2166965,1.0599014,1.0552393,1.0120579,0.82571113,0.8162447,1.2032406,0.7995439,1.2987124,0.82917535,1.057939,1.2020471,1.1775011,0.8909242,1.0867352,0.9348086,0.8923261,0.26793486,1.1110364,1.1435732,0.7723502,1.2888874,0.9782634,1.0786128,0.86353904,0.97491896,0.969578,0.8849667,0.8282971,0.891956,1.1363106,1.1128585,1.0006349,0.7458098,1.2645433,1.0704852,1.213623,0.96007466,1.1810117,0.95503926,1.1895826,0.68004495,1.1024481,1.0552572,1.2798644,1.0871146,0.82163674,0.8853997,0.75435984,0.65763026,0.6610732,0.9699124,1.0257401,1.3090957,1.1989889,0.7915431,0.8272452,0.8546199,0.9457997,0.9456829,1.1760399,0.9161633,0.64460486,0.888384,1.018567,1.1265712,0.863939,0.9249369,1.0286444,1.2843599,1.2687173,1.0374513,1.2162328,1.0406821,1.0503407,1.0105942,0.6603304,1.1567166,0.8204717,0.73019487,1.0045955,1.0703046,0.9220174,0.9171323,0.7966405,1.2280325,1.2557335,0.7250254,0.68112266,0.8512578,1.0433097,0.7529793,0.9621208,1.1512278,1.0121098,0.72204345,1.0864809
banana,1.141102,0.96799266,0.4390942,0.6480724,1.1673837,1.1130886,0.9101639,0.0,1.1841505,1.1165953,1.2896832,1.0104761,1.2997413,1.1367016,1.287184,1.0998633,0.9685774,0.97723484,1.233022,1.027016,1.1565697,1.1940697,1.101544,1.1591842,0.75626206,1.2077339,1.2546538,1.0424786,1.0090035,1.2288649,1.1899779,1.0028158,1.0533296,0.6602004,1.0747516,0.9729681,0.606627,1.0990341,1.1788933,1.0012213,1.1559805,1.2707515,1.184711,1.1420269,1.0980515,0.8389319,0.8684186,1.2018781,1.1250273,0.7254139,1.0156467,1.1799686,0.8168145,0.7309827,0.7699211,1.0317895,0.926788,0.8842317,0.5892806,1.1852717,1.0237846,0.8455564,1.0655469,1.2298291,0.9157022,1.2387705,0.6636628,1.1749321,1.1175234,1.0220419,0.67876935,1.223332,1.0916575,0.9552049,0.9798169,0.8885585,0.91934943,0.86243486,0.8676039,0.7112356,1.2040142,1.1767044,1.3021266,1.2346876,0.98837775,0.71475613,0.7048203,0.11366618,1.103678,0.9980343,1.1676586,0.7988979,0.6987652,1.0118119,1.2335643,1.1370556,1.2572542,1.2434056,1.0668428,1.2075576,0.78376746,1.2486683,0.9190775,1.2102723,0.73830205,1.000352,1.0397145,0.84720004,0.6037358,1.0593716,0.67284346,0.300785,0.8663947,0.86190915,1.257647,1.1883543,0.75607014,0.7683226,0.6735905,0.41461372,0.95570254,0.9349679,1.1565887,1.292494,0.930087,1.2292786
basket,1.1234611,1.0948184,1.1149527,1.0371532,1.1126151,1.0038348,1.091625,1.1841505,0.0,0.7871136,1.1055644,0.9649184,1.0377322,1.1665963,1.0104755,0.46019554,0.7815266,0.65025306,0.5059216,0.8445834,0.82238054,0.6921316,0.8930146,0.8633821,1.1879692,1.1925255,0.8672303,0.84999454,0.9527232,1.2164736,1.0459795,1.043068,0.93159777,1.127496,0.8180004,0.96210116,1.0525148,0.74644154,0.7557361,0.7311207,1.1185374,1.0667661,0.850196,0.8177348,1.2518767,1.2370563,1.0837071,1.0637414,1.1626896,1.2907617,1.0862448,0.8232404,0.949725,0.8164244,0.85539067,1.0021099,1.1955416,1.130978,0.7621628,1.2792096,0.9943552,1.1418953,1.0416793,1.2289851,0.80339783,1.3613949,0.8317811,1.1149848,0.8646246,1.072172,0.964473,0.6958302,1.0944501,1.0159831,1.0395849,1.1802657,0.69927436,1.2188854,1.2169082,1.0472605,0.6966189,1.1996454,1.1998622,1.372499,0.95464635,1.0357491,1.0254691,1.1875719,0.8146293,0.91422266,0.84707934,0.883482,1.3138516,0.8092003,0.79469275,0.784462,0.8603506,1.0188787,1.0482663,1.2671173,0.71372795,1.3030329,0.94601977,1.2664796,0.74714935,0.8069574,1.1079048,1.0813705,0.98361826,1.0592225,0.9428277,0.94098,1.0222865,1.0226436,1.2420212,1.0064257,0.6358554,1.3496896,1.0364387,0.8956604,0.81474257,0.81273425,0.7488391,0.7948179,1.1235466,0.7992086
bathtub,0.8621432,1.0865443,1.339702,1.0283786,0.8588508,1.0027977,1.1224469,1.1165953,0.7871136,0.0,0.5787112,1.2806618,0.7793102,1.0500693,0.94915247,0.77493376,1.0495484,0.7345412,0.49302483,1.0572451,1.1122165,0.6145725,1.1900513,1.0379069,1.3572022,0.959013,0.86712366,0.8013398,1.3531051,0.86303824,1.043195,0.9644503,1.1752023,0.9637867,1.0582439,0.8881903,1.4061493,0.3494562,0.93870336,0.7275592,0.98641324,0.9807354,1.0617338,0.67161644,1.1426466,1.2856858,1.2953763,0.9107224,1.0777254,1.3544848,0.97068584,1.1641208,1.0301598,1.3655694,1.0279055,0.76953495,1.3613654,1.2669557,1.0018561,0.98023707,0.90872717,1.0164574,1.4029968,0.81041455,0.72483885,0.8096994,1.1904844,0.84396744,1.0559876,0.7923101,0.7641083,0.6777213,1.064663,0.8821954,1.1091518,1.4169636,1.3122151,1.4258845,1.4207802,1.1953692,1.1172886,0.9144819,0.76991284,0.8237324,1.2163746,1.4040339,1.3544331,1.1102179,1.1141906,0.92896175,1.2622623,1.2152544,1.3561257,0.80312276,0.84116596,1.1986527,1.0035723,0.95250756,0.8237104,0.9424069,1.0825244,0.84294444,0.8848581,0.8767197,0.82327545,0.90469855,0.7397846,1.313806,1.0730418,1.0577104,1.0027608,1.2007425,1.2464461,1.3005501,0.77065796,0.45922494,0.8015403,1.4502733,1.3876956,1.0422496,1.3844965,0.82647705,0.43835998,0.7884166,1.4312563,0.9129403
bed,0.5709733,1.2258669,1.4302396,1.1701919,0.5403397,1.0912291,1.2159059,1.2896832,1.1055644,0.5787112,0.0,1.3375072,0.8779397,0.74734783,0.4612825,1.0238779,1.3351862,1.080894,0.80967915,1.2000446,1.1398607,0.92702496,1.3681823,1.074722,1.4210311,0.6663964,0.9818825,0.89177024,1.3495104,0.57125515,1.0115622,0.9095507,1.1012912,1.0224903,1.2032878,1.0607593,1.4808397,0.50581014,1.2085325,0.84301287,0.77208644,0.83589965,1.1807873,0.7957642,0.9762046,1.2409595,1.374676,0.64643335,0.97574055,1.265501,0.75658274,1.1793678,1.0781806,1.416309,1.1152066,0.8424839,1.3019135,1.0700046,1.2324023,0.76593935,1.0114485,0.9283003,1.3692002,0.53014135,0.9372589,0.4522881,1.3392282,0.8254856,1.0806115,0.8041887,0.9737293,0.9284973,0.84155595,0.9447841,1.2050695,1.3366054,1.2956992,1.4016458,1.3767047,1.4493968,1.1734898,0.6723505,0.43249333,0.4961933,1.1777401,1.4656572,1.4447309,1.2745471,1.0720322,0.97871286,1.2665973,1.43219,1.2262444,1.0281215,0.9691063,1.2981572,1.1311761,0.889161,0.654836,0.58034337,1.2173998,0.5349012,1.0225558,0.81217694,1.1781354,1.1543002,0.62188315,1.3713825,1.2688618,0.89319396,1.1823691,1.3704203,1.2657533,1.3749018,0.46140188,0.40332246,1.191818,1.3456246,1.3598711,1.2073462,1.4286108,1.0030571,0.61196744,1.0597825,1.3857658,0.8976281
belt,1.5162351,0.71139836,0.59973526,0.9228138,1.4346707,1.0338268,0.7742842,1.0104761,0.9649184,1.2806618,1.3375072,0.0,0.7858516,1.0534631,1.187885,0.8658159,0.6015935,1.0120533,1.218704,1.2044826,0.82294863,1.2063237,0.29996765,0.71148056,0.4833938,1.2456632,0.6423638,1.3332219,0.47003996,1.2512885,1.0708407,1.1983973,1.1899425,0.9211363,0.43465143,1.1790268,0.35596144,1.4281616,0.8203398,1.3656076,1.2012842,1.3235625,0.68398696,1.0659158,0.82605314,0.93273914,0.65341794,1.1745301,1.1359769,0.8247339,1.5076823,0.78122133,1.1906155,0.48210406,1.1450384,1.4682575,0.49194056,0.9963391,0.91076356,1.2018001,1.3495111,1.294265,0.36267936,1.3073167,1.1597689,1.2568291,0.7470847,1.1437353,0.88094014,1.4089859,1.3802898,1.2005618,1.3414303,1.2424502,1.343952,0.45763063,0.7330555,0.44722235,0.62448543,0.61889416,0.5944928,1.1723301,1.3851287,1.2371843,0.7399372,0.33000493,0.43578273,1.031072,1.1476334,1.1754464,0.6276975,0.27545917,0.8538797,1.322069,1.1586698,0.36426252,0.66134095,1.1559674,1.4155378,1.3365383,0.9266912,1.2902826,1.1162778,1.0518103,1.2473927,0.31389153,1.440846,0.33680594,0.72227263,1.1427624,1.0964845,0.88485885,0.6307206,0.49443752,1.3569059,1.3939302,0.9930463,0.8145869,0.76740074,1.0025209,0.3548491,1.1959935,1.1707535,1.0235113,0.42720884,0.99875855
bench,1.226919,0.65112793,1.2505721,1.1016017,0.99736094,0.8618406,0.96329224,1.2997413,1.0377322,0.7793102,0.8779397,0.7858516,0.0,1.0942894,0.745834,0.8447299,0.81855977,0.8972642,0.97060525,1.1462157,0.8641448,0.90513897,0.68942773,0.7802539,1.0835907,1.0005728,0.26932967,1.1631067,1.2225933,1.0606791,0.90283805,0.90045494,1.1672534,0.8679273,0.5246675,1.1017731,1.1430794,1.0561527,0.75926924,1.1357447,1.0473765,1.0983248,0.6438485,0.63614714,0.83067906,0.97706634,1.1344181,0.96742064,1.2370483,1.0627408,1.2289822,1.0023937,1.2887638,1.0373847,1.3309429,1.1637645,1.1129509,0.96809345,1.3371496,0.9869258,1.2178324,1.0922569,1.1026752,1.034904,1.0667471,0.648532,0.964883,0.7716678,0.95921755,1.12086,1.0734751,0.91633594,1.082336,1.2160804,1.2519917,1.2378633,1.0986573,0.97517264,1.0618049,1.1561255,0.72854567,1.0226866,0.9902009,0.6273864,0.8186199,1.0286942,1.1159514,1.1977477,1.2020456,1.1238436,0.9759594,0.8750241,1.2181797,1.1361768,0.8285345,0.8915638,0.5657189,1.0043952,1.0728488,0.94982725,1.1568367,1.0137784,1.0332403,0.44286835,1.1178339,0.58151567,1.0804347,1.1234007,0.8994014,0.7969166,1.1880541,1.2585926,0.82939255,1.1633337,1.0169392,0.9679155,0.90826315,1.1045536,1.1473279,1.2704138,0.94516486,1.2606456,0.8145281,0.57872295,1.0836465,0.91662526
bib,0.93824905,1.0721393,0.9880805,1.0466372,1.0234139,1.1340771,1.0741404,1.1367016,1.1665963,1.0500693,0.74734783,1.0534631,1.0942894,0.0,0.7985912,0.94161224,1.0899458,1.3484681,0.9443254,1.1801171,1.1765574,1.0711386,0.9882252,1.040894,0.8270317,0.9541529,1.1671253,1.0785621,0.86389035,0.7713884,0.98569983,1.0067536,1.0722485,1.0602653,1.0995007,0.87575495,1.0422518,0.990272,1.2432224,1.1239548,0.95525575,0.77464926,1.2114807,1.0679971,0.57172525,1.0251193,1.0777398,0.9306929,0.8346219,0.9770979,1.090812,1.0704293,0.8839339,1.1320213,0.9720614,1.1211517,0.86724985,0.8644666,1.0208505,0.9029496,0.9641309,1.0614277,0.8126897,0.8048856,1.0319476,0.81857014,1.2950941,0.98751736,1.1945767,0.90413874,1.2678717,1.1266717,0.9019489,1.0791363,1.0656719,0.843855,1.0212646,0.785484,0.98524016,0.9330448,1.0503588,0.87759715,0.7820399,0.8232553,1.102007,1.0115069,1.0343125,1.1285048,1.1180601,0.9536209,1.074332,1.1539067,0.84332854,1.1843706,0.9724696,1.0214038,1.1710682,0.94603413,0.9993546,0.7659671,1.101758,0.7819372,0.87712914,0.9362551,1.3362483,1.2323172,1.0001104,0.813831,1.2429485,0.9865932,1.2354453,1.2360097,1.1381472,0.88072896,0.8201236,0.9731718,1.3414081,0.83523834,0.96003103,1.2690258,1.057969,0.9426067,1.1569507,1.1654551,0.86279136,1.161418
blanket,0.80870974,0.9303398,1.3360299,1.1607369,0.7958398,1.0592182,1.146094,1.287184,1.0104755,0.94915247,0.4612825,1.187885,0.745834,0.7985912,0.0,0.96740335,1.1628237,1.1089801,1.0049164,1.0084956,1.0561497,1.0718793,1.0993497,0.88094616,1.2685411,0.7736398,0.9103602,1.0298791,1.2564628,0.74371314,0.9768175,1.0457033,0.990763,1.0222429,0.90445584,1.1006584,1.3547666,0.895671,1.0397421,1.1107559,0.8526361,0.83517724,0.9691926,0.7459452,0.8242873,1.1713324,1.2109389,0.67534053,1.1251166,1.1729072,0.8584918,1.0006067,0.9883493,1.1728926,1.1545794,1.0552593,1.2423564,0.7150307,1.2827455,0.9640763,1.0600718,1.0418234,1.2048922,0.8213638,1.0711566,0.57340395,1.264117,0.7118134,1.1210251,1.0099366,1.1036034,1.0320158,0.73140806,1.1081548,1.0517976,1.2525795,0.91007686,1.1672665,1.254612,1.2932215,0.8945776,0.8750583,0.69033504,0.59742725,0.9571266,1.3000658,1.350944,1.2776854,0.7906684,1.060453,1.04093,1.2325052,1.1505417,1.0029715,0.8585704,1.1601732,0.893156,0.92567694,0.8940387,0.5566486,1.1684009,0.7963784,0.91123176,0.72172415,1.1901273,1.1212164,0.97234905,1.2156827,1.1161402,0.536362,1.1665609,1.3017973,0.9702067,1.267313,0.78366745,0.9533275,1.1059924,1.1406842,1.2306826,1.3449923,1.0822686,1.1978819,1.051392,0.99426305,1.2118014,0.95609504
book,1.1769071,0.95535856,1.1352239,0.9103414,1.221734,1.0507067,1.1022975,1.0998633,0.46019554,0.77493376,1.0238779,0.8658159,0.8447299,0.94161224,0.96740335,0.0,0.78078365,0.8103156,0.3861074,0.9729485,0.89381605,0.6918987,0.80896753,0.71847165,1.0776976,1.2443353,0.7392912,0.9860818,0.9846854,1.2100289,1.0605923,1.0898795,1.0996969,0.93974733,0.69963056,0.9407156,0.95498174,0.82644075,0.81338143,0.95409226,1.1630466,1.1504825,0.8674386,0.69743526,1.1514583,1.2364161,1.1244175,1.0016736,1.1586472,1.2014633,1.1919832,0.9294231,0.9994063,0.8116156,0.9696529,1.1810439,1.1159449,1.1272383,0.7607653,1.2789123,1.0391997,1.1515316,1.031152,1.1903479,0.69527197,1.2389833,0.8126684,0.99817264,0.9492978,1.0509375,1.1056485,0.69444394,1.2192615,1.0963476,1.1597861,1.1271536,0.7924652,1.1041677,1.2137884,0.95454144,0.64831185,1.2364788,1.1714427,1.2245961,0.8762753,0.90637124,0.9289547,1.1547568,0.9789625,0.9668324,0.9300277,0.7660095,1.2394991,0.9735333,0.80950785,0.76002246,0.8586427,1.1672481,1.07027,1.2282826,0.7543683,1.2638202,0.9188365,1.1023474,0.9145225,0.7027009,1.1412076,0.96654797,0.9063716,1.054672,1.0125829,0.9721597,0.9525255,0.99090683,1.2211943,1.0159887,0.679031,1.2731835,1.0045924,0.9062863,0.822619,0.87651205,0.7045626,0.7893108,1.0395607,0.9118818
bottle,1.5619097,0.6436884,0.6608287,0.93733716,1.3923227,0.9586415,0.71185863,0.9685774,0.7815266,1.0495484,1.3351862,0.6015935,0.81855977,1.0899458,1.1628237,0.78078365,0.0,0.91260886,0.9272802,1.1475893,0.8684969,0.5973378,0.23955017,0.75467265,0.68895024,1.3790008,0.61597514,1.2864366,0.6642095,1.3481212,0.82748926,1.3231993,1.210518,0.97428524,0.42559814,1.3167386,0.60712016,1.3141767,0.21986294,1.2340412,1.2591058,1.1381173,0.3985387,0.9858639,0.80961335,1.0197667,0.70761585,1.2614005,1.1891558,1.0145798,1.4295402,0.73265696,1.0381255,0.78869104,1.1581292,1.1752806,0.8807032,1.009063,0.91535276,1.2893405,1.2988151,1.3049372,0.71668375,1.368801,0.74935186,1.3791518,0.88103706,1.0020165,0.92514765,1.3373849,1.0468705,0.65451974,1.3033595,1.2522597,1.2876959,0.8378607,0.78105724,0.7173277,0.90391195,0.77413344,0.5281722,1.3084525,1.4544172,1.3326371,0.60184836,0.6970468,0.7504825,0.90674114,1.0542054,1.3718284,0.6348214,0.5959244,0.9764847,1.0870328,0.99837965,0.55135477,0.42124915,1.1302502,1.3881087,1.3087277,0.9759533,1.3663669,1.0063362,1.0605208,0.87087667,0.62652934,1.4265935,0.6860244,0.7267707,1.0079492,1.0772325,0.8917066,0.64821714,0.67746997,1.3498304,1.3203101,0.69790494,0.9152134,0.8894742,0.9879912,0.45741713,1.0603504,1.2229197,0.4821248,0.6968632,1.0108339
bowl,1.1770387,0.7583178,1.0211596,0.8154822,1.164642,0.6152414,0.83597696,0.97723484,0.65025306,0.7345412,1.080894,1.0120533,0.8972642,1.3484681,1.1089801,0.8103156,0.91260886,0.0,0.8068576,0.703012,0.8596896,0.73904365,0.9405906,1.0673072,1.1551803,1.1654189,0.8108041,0.81295,1.059852,1.3105335,0.9621305,1.0133032,1.0367988,0.9420596,0.8716301,0.93574345,1.0495396,0.9840397,0.73512685,0.65110177,1.1143878,1.2038056,0.99582803,0.9458128,1.2742118,1.1307845,0.87023765,1.1496409,1.1932523,1.3045168,1.0541043,1.0477182,1.1209288,0.7790135,0.9408512,0.9018015,1.1982437,1.1442193,0.97629416,1.2796097,0.8320278,1.1631628,1.0929425,1.2638695,0.80142677,1.2776263,0.75140667,1.1923805,0.8320957,1.1164418,0.67727804,0.7953445,1.144216,0.9258588,0.97214526,1.193403,0.8726258,1.1760459,1.1702458,1.0692115,0.94851816,1.1959976,1.2465239,1.2756667,1.1693075,1.0225439,1.0056565,1.0316595,0.8429596,1.0235932,1.0662415,0.6372948,1.2828794,0.52780557,0.9550631,0.89736533,0.97271675,1.209018,1.0934831,1.3154553,0.84264547,1.3039746,1.0054479,1.1416278,0.42126036,0.5757018,1.04633,1.0686681,0.9123698,1.0721921,0.55245066,0.67065567,0.97215325,1.0807528,1.2580335,0.8947238,0.42636025,1.2977715,0.9506198,0.8764403,1.0291278,0.9567539,0.565561,0.84938955,1.1571254,0.99090064
box,0.91555804,1.1568047,1.2732744,1.0007616,1.0231737,1.0648676,1.2451702,1.233022,0.5059216,0.49302483,0.80967915,1.218704,0.97060525,0.9443254,1.0049164,0.3861074,0.9272802,0.8068576,0.0,0.94664204,0.9755998,0.42694694,1.0434654,0.99275136,1.288296,1.0404819,0.98446476,0.7088723,1.1830431,0.97351855,0.9919399,1.0276237,1.028308,1.1065369,1.0425165,0.81628114,1.302406,0.54623425,0.8128409,0.7730017,0.9867799,0.8794058,1.0164034,0.8699131,1.1259912,1.2271863,1.3053503,1.0319301,1.0227844,1.3764354,1.0070068,0.9569983,0.9886454,1.2385206,0.9669097,0.9301698,1.2885172,1.2512226,0.90513426,1.078128,0.8498597,1.1107049,1.2672095,0.9592988,0.3981942,1.0772953,1.1315051,0.98524976,0.9784844,0.9091505,0.9383751,0.40993643,1.0925124,0.8877288,0.9961076,1.3295876,1.1038404,1.3357052,1.369883,1.2052823,0.89701486,1.0756493,0.9286425,1.081097,1.1896122,1.3233685,1.2995396,1.1906878,1.0024503,0.9480962,1.0471245,1.1723206,1.3437142,0.77814204,0.7840885,1.0760492,0.9818734,0.9898467,0.93519616,1.0491508,0.9705143,1.0160142,0.8518285,1.1002845,0.84685534,1.0550939,0.92245555,1.2143459,1.1823002,1.0567847,0.9487622,1.1976988,1.1638839,1.1871604,0.94790167,0.6823782,0.8457292,1.4250953,1.2417431,1.0435538,1.2158608,0.73724174,0.61379486,0.79476964,1.2948723,0.8660522
bread,0.8057418,0.8722925,1.0891781,0.83760357,1.0614605,0.78948563,1.0467856,1.027016,0.8445834,1.0572451,1.2000446,1.2044826,1.1462157,1.1801171,1.0084956,0.9729485,1.1475893,0.703012,0.94664204,0.0,0.9640523,0.90899765,1.1623406,1.076143,1.1931691,1.0068756,1.2518277,0.4993431,1.0653154,1.2231449,1.054818,1.1227368,0.6768367,1.084104,1.1536548,0.64143986,1.1188837,1.1400926,0.9485726,0.9146567,1.0664107,1.1492598,1.1004295,1.1160111,1.2259275,1.0953996,0.8390856,1.0506035,1.1190466,1.2292435,0.6353688,1.0429877,0.98511857,0.9436353,0.9161942,0.9090338,1.177182,1.0082172,1.0164591,1.2324405,0.39626592,1.1574757,1.0962219,1.2582985,1.0288494,1.2398494,0.96441615,1.167068,1.0917418,0.77978003,0.7912279,0.8606966,0.97252995,0.9382151,0.29853737,1.0856023,0.6479985,1.1605568,1.0747833,0.8892914,1.1061019,1.1213368,1.2263567,1.2763338,1.0512719,1.1178654,1.0830767,1.1267855,0.33658373,0.7706785,1.0708252,0.9469288,1.1298311,0.3304,0.92726636,1.1276803,1.1115793,1.0836418,0.87620777,1.1409571,0.90501815,1.2885458,1.0861257,1.1703689,0.77701735,1.1140033,1.0565661,1.1553702,0.9865772,1.0518255,0.50591683,0.92697984,0.98318154,1.1124538,1.2582774,1.058093,0.82245886,1.1691577,0.9357501,1.0521108,0.92860293,1.0799427,1.0131005,1.0423396,1.2172263,1.0723886
broom,1.2174184,1.0270146,0.98375016,1.2129306,1.2010722,0.92483985,1.0591266,1.1565697,0.82238054,1.1122165,1.1398607,0.82294863,0.8641448,1.1765574,1.0561497,0.89381605,0.8684969,0.8596896,0.9755998,0.9640523,0.0,0.9174337,0.80009997,0.9148371,1.1138337,1.1046977,0.77841586,1.1551692,0.82845145,1.1887065,0.8677831,1.1985283,0.9190576,1.2315891,0.8183073,1.2521318,0.81706226,1.1284997,0.8134571,0.9913094,1.0738827,1.0383023,0.7193706,1.0072969,1.0354159,1.0242037,0.9562349,1.0504332,1.0891984,1.2096637,1.1038537,0.6802817,1.0283878,0.6396363,0.9646275,1.0987844,0.97618717,1.1510147,0.94498104,1.2352623,1.1386231,1.1745694,0.86713356,1.2337918,1.0856767,1.2598541,0.5507674,1.0873411,0.6347154,1.1315253,1.1025566,0.8990531,1.1726989,0.990049,1.1467303,0.9707286,0.8381921,0.9303376,1.0107828,0.98763597,0.78111225,1.1816758,1.2217257,1.2380822,1.0510253,0.7421236,0.7159181,1.1243085,0.88417774,1.1138082,0.651724,0.9697153,1.2193382,0.9716489,0.81506044,0.7770362,0.67891526,1.1612946,1.1952875,1.1976225,0.7027227,1.2396301,1.0808991,1.1178076,0.72590405,0.91757643,1.1935744,0.96227264,1.0708038,1.1167829,1.131721,0.814958,0.6396756,0.9756625,1.2727883,1.1199118,0.9487557,1.15716,0.8798848,0.7183944,0.82956773,0.9896577,0.94956666,0.65072274,0.87172246,0.79965895
bucket,1.0010263,0.98777837,1.1905997,1.201634,0.9869971,0.88074124,1.0259099,1.1940697,0.6921316,0.6145725,0.92702496,1.2063237,0.90513897,1.0711386,1.0718793,0.6918987,0.5973378,0.73904365,0.42694694,0.90899765,0.9174337,0.0,0.92566645,1.011693,1.3067055,1.121751,0.9248607,0.78899574,1.1538773,1.1096661,0.8273165,1.0690929,0.9570392,1.1692377,0.9967035,1.0719792,1.2598006,0.7838932,0.4697528,0.84638345,1.1042848,0.96825737,0.825842,0.967916,1.1687801,1.1884749,1.0737176,1.0946984,1.0599695,1.3564732,1.022323,0.9783906,1.0490682,1.1951694,1.0725625,0.806235,1.3163679,1.2482669,1.0356922,1.0684885,0.9580694,1.1160389,1.1901557,1.0537639,0.4164768,1.127814,1.0917814,0.9574292,0.933815,1.0139102,0.7703668,0.062479973,1.1492872,0.9298252,1.0220942,1.3012226,0.9759162,1.3170321,1.3295519,1.2086806,0.94491446,1.090682,1.0468392,1.1543763,0.9564456,1.3059381,1.2745979,1.1221913,0.9197361,1.1494207,1.0066315,1.1563698,1.3118562,0.668084,0.8055812,1.1059264,0.8340641,0.9517919,0.9664034,1.0423818,1.0223458,1.0927905,1.0081825,1.0502981,0.6744815,0.9844193,0.8725172,1.2868664,1.1051986,1.0204408,0.9991367,1.146731,1.0370615,1.1833491,1.0168831,0.72277445,0.71320784,1.3330151,1.2693276,1.0166104,1.063572,0.889534,0.7297077,0.53390217,1.266189,0.8786593
can,1.6686242,0.54560226,0.64928156,0.96606886,1.5116522,1.0032698,0.7037337,1.101544,0.8930146,1.1900513,1.3681823,0.29996765,0.68942773,0.9882252,1.0993497,0.80896753,0.23955017,0.9405906,1.0434654,1.1623406,0.80009997,0.92566645,0.0,0.6966706,0.5031091,1.352032,0.5452119,1.3746159,0.49122828,1.3347008,0.8636524,1.3307066,1.2431825,1.0645705,0.29968393,1.2988043,0.4399467,1.4508898,0.43683583,1.4185721,1.2709062,1.2070119,0.4064455,0.94616216,0.65352416,0.85953635,0.6628471,1.2287719,1.1780876,0.880676,1.5848681,0.7218481,1.1640972,0.61389554,1.2686346,1.4316401,0.59751076,0.9893355,1.0255083,1.249236,1.3538607,1.3447313,0.41638505,1.3918831,0.97592765,1.3348967,0.8293075,1.0657371,0.91412234,1.4474442,1.393452,0.94173485,1.3696212,1.2669208,1.3272423,0.56968284,0.7456248,0.3974259,0.73676324,0.6467407,0.44671494,1.2276196,1.4694076,1.2801486,0.67595375,0.44602752,0.5294526,1.029177,1.0985241,1.350417,0.5608945,0.4062748,0.9279755,1.226606,1.0818278,0.41225445,0.35022902,1.155856,1.5124103,1.3117148,1.0162069,1.3737984,1.0340316,0.9565197,1.0505466,0.50517094,1.5241681,0.4287066,0.847952,0.99955535,1.1531223,0.9070177,0.48723716,0.54827976,1.4162943,1.4723458,0.9037522,0.74581575,0.74269974,1.0814314,0.34167498,1.2267201,1.2692773,0.6454146,0.4286667,1.031176
car,1.1433437,0.8988107,1.0469604,1.0958496,1.1103007,1.0478531,1.0241035,1.1591842,0.8633821,1.0379069,1.074722,0.71148056,0.7802539,1.040894,0.88094616,0.71847165,0.75467265,1.0673072,0.99275136,1.076143,0.9148371,1.011693,0.6966706,0.0,0.990808,1.0057042,0.63248,1.2234856,0.88147736,1.1344087,0.9937196,1.0016086,1.1989384,0.89788306,0.55834734,1.1026671,0.9622121,1.0425768,0.7854142,1.0865505,0.9944252,1.0089207,0.6708383,0.724744,0.97279805,1.1372726,1.0351933,1.0208889,1.063999,1.1321232,1.0472567,0.853724,1.12005,0.88442373,1.174087,1.1159877,1.0088688,0.9952557,1.087347,1.0134827,1.1604812,1.1541572,0.9232802,1.1519101,1.1215663,0.9772814,1.0113344,0.6918531,1.0397654,1.1198494,1.1571608,0.94572866,1.10059,1.1826667,1.0457745,1.0050464,0.9519488,0.99938077,1.0418004,1.0020484,0.5371114,1.2358098,1.0545461,0.9951354,0.83766925,0.88746536,0.9722042,1.1812406,0.9320882,1.079803,0.79623866,0.83680916,1.084863,1.0889379,0.9400091,0.5198786,0.601877,1.0311043,0.9931469,1.1089907,1.0220543,1.0542455,1.1184038,0.80752957,1.216012,0.6741967,1.1978891,0.9393667,0.796118,1.060195,1.1854385,1.1447241,0.9432157,0.94125974,1.079142,1.169312,0.9462591,1.1035794,1.1315393,1.185322,0.81832236,1.1849911,1.0282876,0.81559396,0.97507584,0.9368864
carrot,1.5056064,0.7142073,0.39385265,0.75983095,1.4569027,1.0350969,0.752127,0.75626206,1.1879692,1.3572022,1.4210311,0.4833938,1.0835907,0.8270317,1.2685411,1.0776976,0.68895024,1.1551803,1.288296,1.1931691,1.1138337,1.3067055,0.5031091,0.990808,0.0,1.2938231,0.9986342,1.300153,0.44673514,1.2560694,1.1869715,1.1259441,1.1741571,0.8199507,0.7785444,0.995985,0.31510293,1.485698,1.0108825,1.3263327,1.2213769,1.2604091,0.93094426,1.1845165,0.70993555,0.70981294,0.5571401,1.2713189,1.0366615,0.49449933,1.4233847,0.97424537,1.0722107,0.68706334,1.0243976,1.4204571,0.29820752,0.7971794,0.78449655,1.1325936,1.2593544,1.1090919,0.38625062,1.3215204,1.1406026,1.3395981,0.92923796,1.126716,1.0898907,1.3359416,1.3021476,1.3514966,1.157304,1.1903762,1.1210344,0.29844373,0.83051836,0.2607997,0.51394564,0.32924056,0.92404115,1.1256208,1.4230366,1.2853906,0.81772304,0.388502,0.40744138,0.7333587,1.1735574,1.1813934,0.85410243,0.44655013,0.5459058,1.3444576,1.2802001,0.6736658,0.9653045,1.224083,1.4184892,1.3251989,1.013623,1.2946389,1.0002235,1.0959022,1.1510204,0.75838625,1.4282877,0.25561416,0.76385033,1.0671486,0.9877729,0.76743627,0.7793956,0.17822301,1.3559983,1.4801179,1.0627307,0.4103191,0.61719036,0.9645821,0.54671556,1.0684358,1.4548233,1.1891731,0.37544394,1.2032769
cat,0.41702008,1.1705585,1.2611127,1.1699132,0.67317,1.1124614,1.2164288,1.2077339,1.1925255,0.959013,0.6663964,1.2456632,1.0005728,0.9541529,0.7736398,1.2443353,1.3790008,1.1654189,1.0404819,1.0068756,1.1046977,1.121751,1.352032,1.0057042,1.2938231,0.0,1.1221823,1.0010642,1.2315571,0.7431975,0.979213,0.88078773,0.8443641,1.0581077,1.234548,1.0210844,1.3762879,0.828788,1.2230896,0.93207806,0.0999521,0.52246124,1.1778498,1.002687,0.99917305,1.0814369,1.2862777,0.7699622,0.8423869,1.2008476,0.45983255,1.0929248,0.9752062,1.3310727,0.9383763,0.87776655,1.1719376,0.93204194,1.2780135,0.72457236,0.9050592,0.970692,1.2372222,0.7520509,1.0643381,0.6180369,1.3300734,0.8431284,1.0946374,0.9279728,1.0262519,1.073795,0.7010163,0.9708825,0.88546276,1.2087595,1.2321575,1.2635531,1.1240473,1.2557089,1.1918961,0.6701221,0.6194464,0.725355,1.2498201,1.3592874,1.3438377,1.1939691,0.7742864,1.0060091,1.1444975,1.3991599,1.1405838,0.95846266,0.9608172,1.2296848,1.1284828,0.9582138,0.8224766,0.7544757,1.2152601,0.69061136,1.0086387,0.84490776,1.1517978,1.2754841,0.8569002,1.2729386,1.1718107,1.0509118,1.0859604,1.3014765,1.2385226,1.2860764,0.6944034,0.79485863,1.2439915,1.1778,1.2350649,1.2701031,1.3676555,0.99881464,0.97406995,1.0642393,1.2715437,0.99069184
chair,1.3036921,0.6579006,1.0811226,1.0264755,1.1087402,0.84721845,0.8838535,1.2546538,0.8672303,0.86712366,0.9818825,0.6423638,0.26932967,1.1671253,0.9103602,0.7392912,0.61597514,0.8108041,0.98446476,1.2518277,0.77841586,0.9248607,0.5452119,0.63248,0.9986342,1.1221823,0.0,1.298661,1.0202423,1.1494019,0.94846255,1.043598,1.3115102,0.95179814,0.32974535,1.2201581,0.9474857,1.0494409,0.676265,1.2002172,1.1035218,1.1228696,0.49862814,0.6066211,0.9487817,1.127408,1.0290041,0.91474086,1.2503026,1.126653,1.3188423,0.8312895,1.2560587,0.80248535,1.2485876,1.2824819,1.0552127,0.96424276,1.1982161,1.1365778,1.3774395,1.240118,0.94542253,1.1160609,1.0938568,0.84440243,0.8216338,0.83115244,0.8575463,1.283396,1.1099427,0.9390623,1.1406451,1.3083327,1.4185113,1.1130791,1.00726,0.9739181,0.9693794,1.0935539,0.56238055,1.1127813,1.1417239,0.8104085,0.8693818,0.8298542,0.91074634,1.2220268,1.1885021,1.2616668,0.78481835,0.7223691,1.2254401,1.1695846,0.8725511,0.5365535,0.45145804,1.0745412,1.1583267,1.1608965,0.9638747,1.1187869,1.0747584,0.7013428,1.0355604,0.40335155,1.0838193,0.9659863,0.9421849,0.9633528,1.2620137,1.0900513,0.7982908,0.9849466,1.092704,1.0213335,0.72587657,1.1291907,0.96586394,1.164282,0.84810525,1.1652734,0.76929617,0.47239143,0.8839423,0.8775427
chips,0.657924,1.2203736,1.2449222,0.9301627,0.8803203,0.9716207,1.1970406,1.0424786,0.84999454,0.8013398,0.89177024,1.3332219,1.1631067,1.0785621,1.0298791,0.9860818,1.2864366,0.81295,0.7088723,0.4993431,1.1551692,0.78899574,1.3746159,1.2234856,1.300153,1.0010642,1.298661,0.0,1.2447597,0.93732864,1.0836377,0.97472084,0.8359005,1.0470701,1.3109294,0.45782733,1.3230275,0.78608936,1.1592218,0.75183654,1.0585443,1.0644008,1.232016,1.07433,1.2222798,1.0941839,1.1700661,0.9461426,1.0201427,1.2522941,0.788027,1.1577305,1.1019977,1.2035115,0.95280194,0.81502706,1.2459438,1.2052484,1.0501964,0.96162343,0.6196766,1.0227576,1.2996175,0.90171736,0.8938427,0.95660895,1.1239538,1.0801426,1.0922773,0.6870232,0.7982297,0.7421618,0.9718286,0.7105308,0.599358,1.2605245,1.0235523,1.3375275,1.2786014,1.2117192,1.290766,0.8740427,0.9148397,0.9777801,1.2380931,1.3442901,1.2982173,1.0827781,0.8623495,0.678793,1.2452159,1.2072666,1.1477418,0.548675,0.9959608,1.3246744,1.2469163,0.86197793,0.74201566,0.9436657,0.9834786,0.9417728,1.1491293,1.078826,0.88618815,1.2153821,0.7535449,1.3557744,1.1363454,1.0946229,0.6600534,1.1052506,1.2035179,1.2495441,0.8752696,0.64476395,1.037349,1.3450602,1.1618946,0.9888724,1.2654004,0.9866712,0.74356425,1.1906079,1.431895,0.9914211
clock,1.3595544,0.9726657,0.4313699,0.96426743,1.4199188,0.9479115,0.8610356,1.0090035,0.9527232,1.3531051,1.3495104,0.47003996,1.2225933,0.86389035,1.2564628,0.9846854,0.6642095,1.059852,1.1830431,1.0653154,0.82845145,1.1538773,0.49122828,0.88147736,0.44673514,1.2315571,1.0202423,1.2447597,0.0,1.2154706,1.0488541,1.2547593,1.0081761,1.1173636,0.821252,1.1814127,0.30580688,1.387024,0.89679235,1.2413347,1.1428834,1.1283591,0.7889956,1.2461655,0.851668,0.9808966,0.61089426,1.2108825,1.0543158,0.96427536,1.289848,0.70244855,1.0177066,0.6293733,0.97125214,1.3543293,0.45129454,1.0669465,0.80090344,1.1768233,1.2090571,1.3448229,0.18770635,1.3139672,1.161463,1.4185164,0.8911646,1.1474745,0.8894956,1.3099875,1.3314476,1.157781,1.2770114,1.1864519,1.1386315,0.27079076,0.70231414,0.52877915,0.6835148,0.52909887,0.8536861,1.1337738,1.3699703,1.3845761,1.0065902,0.37344444,0.3628378,1.0147117,0.97099715,1.1880206,0.5755525,0.5570584,0.9088289,1.1407773,1.1033916,0.5173934,0.80679405,1.1441799,1.3578216,1.3636551,0.86970484,1.2914822,1.0838499,1.2473736,1.1308429,0.8341079,1.3839443,0.23974901,1.009826,1.2643874,1.0684546,0.8910606,0.77788806,0.30595422,1.3328685,1.3873005,1.041329,0.8226567,0.7295607,0.93744034,0.45366287,1.0010849,1.3891461,1.0725943,0.39334399,1.0289602
coat,0.635308,1.3000007,1.2821099,1.1576421,0.654178,1.1640568,1.2166965,1.2288649,1.2164736,0.86303824,0.57125515,1.2512885,1.0606791,0.7713884,0.74371314,1.2100289,1.3481212,1.3105335,0.97351855,1.2231449,1.1887065,1.1096661,1.3347008,1.1344087,1.2560694,0.7431975,1.1494019,0.93732864,1.2154706,0.0,1.0168965,0.9889685,1.0121981,1.2155447,1.2160457,1.0649468,1.3342208,0.73734426,1.2480656,1.0159191,0.82600915,0.7420795,1.1453304,0.9478012,0.8541876,1.1078498,1.3224957,0.6843186,0.6805958,1.0962145,0.90172,1.1341158,1.0430737,1.3857231,1.1625297,0.89344925,1.131214,1.1332277,1.3106937,0.6156128,1.0575644,0.9075099,1.2095857,0.17193055,1.0753508,0.5225333,1.3272537,0.88369226,1.0423973,0.81125987,1.1263963,1.0860531,0.90257984,0.97477394,1.1313641,1.1792743,1.3628838,1.2408785,1.1820168,1.3342463,1.2896985,0.62010133,0.30947578,0.5064571,1.194553,1.3382306,1.3215722,1.1773802,1.1759808,0.9122638,1.197712,1.399569,1.066897,1.1428599,0.96797955,1.2564678,1.147518,0.7958197,0.8074236,0.41374153,1.3014195,0.25319016,1.0979989,0.8405702,1.325551,1.279813,0.75050616,1.2814274,1.2684592,1.010627,1.227937,1.3822806,1.2414207,1.2431378,0.27405536,0.60653055,1.4006078,1.190583,1.318754,1.2452347,1.3705419,1.087288,0.85515934,1.1346322,1.2290568,0.99144524
