,elephant,zebra,giraffe,deer,horse,pony,pig,dog,cat,owl,bear,duck,rooster,bird,penguin,butterfly,fish,frog,alligator,tooth,mouth,ear,nose,eye,face,hair,arm,leg,foot,ankle,toe,finger,hand,sink,bathtub,shower,door,closet,refrigerator,oven,drawer,bench,chair,ladder,table,couch,bed,crib,stroller,tricycle,motorcycle,car,truck,firetruck,helicopter,lamp,window,tree,grass,snow,boat,slide,swing,hose,sprinkler,belt,shorts,pants,jeans,dress,pajamas,bib,shirt,sweater,jacket,coat,scarf,clock,watch,necklace,glasses,hat,slipper,shoe,sock,mitten,glove,rock,paper,book,napkin,towel,blanket,pillow,comb,vacuum,radio,box,purse,basket,toy,doll,applesauce,melon,pickle,banana,corn,flower,plant,strawberry,apple,pumpkin,nail,raisin,potato,egg,orange,carrot,balloon,ball,gum,scissors,knife,fork,spoon,pen,pencil,crayon,toothbrush,broom,mop,shovel,stick,tray,bowl,dish,plate,tape,soap,milk,bottle,jar,glass,coffee,cup,bucket,can,sauce,soup,pasta,chips,pizza,meat,sandwich,toast,cracker,pastry,muffin,cookie,bread,hamburger,cloud,game
elephant,0.0,0.4310854434865894,0.47302764962467914,0.668556087345678,0.6052909386817882,0.6077147784353341,0.6210900412816602,0.747653604181848,0.8310919703349473,0.8679903130233877,0.8120392096652179,0.8490437118927354,0.9404567138812802,0.8621940561592504,0.7900709875141545,0.8160178549178385,0.8342425957337484,0.8831488941467347,0.8129225651022565,1.0046098997482038,1.0000409628025897,0.97577104218787,1.0473065781635085,1.069688703935628,1.0032979738242214,0.965643495667303,1.031607347936485,1.0311063055617713,1.0767252979932052,1.1032034369157866,1.083571706157718,1.1033985405643398,1.010488605946879,1.0346769941716765,0.9974112075129566,1.0080611107441764,1.1453011141052716,1.0709466787358135,1.0437404081169597,1.0706293033382916,1.1559632481923836,1.0621883271088124,1.06673246671243,1.103721398443524,1.0137141513069179,0.9789980494678912,0.992168888692735,0.9599357343377262,0.9012128305219544,0.9467303051638662,0.9368584621244302,0.92911437083906,0.9323681965644173,0.9523843899062322,0.9912154859566604,1.0987883463054913,1.0865787299494887,0.9925560107080238,1.0592110405264539,0.9811335779861092,1.025678110414661,0.9743677472741508,0.938230289669634,0.9622037219192492,0.9860952903990947,1.084018279140907,0.9415011082656835,0.9160423672311754,0.9244654477213337,1.0190969677044595,0.9566691072606582,0.9889005530385732,0.9764778257454971,0.9775939754332766,0.974514807364489,0.9805453722603069,1.0202421611693704,1.1339536732174516,1.1353523989728258,1.106066087826474,1.048331686728013,1.068716126551772,1.1102829888613122,1.037459000485039,1.1046821097832322,0.9258911920095764,1.0214289069615357,0.9706082776139084,0.9871033812278748,0.8472863487601011,1.1070008783458793,1.0693067890813401,1.0002769890658254,1.050433771826204,1.0763940073439902,1.0112585680921171,1.0730384277854013,1.0385762579092734,1.0892151438264128,1.207099105948446,0.9079878193742347,0.9196606894805427,1.1048319024517328,1.1030711665460462,1.1912126580525766,1.0613967312203194,1.0660700780102732,0.9922892472496556,1.038224820953704,1.0834135588600209,1.1342449009992317,1.1326885243438185,1.106984759117282,1.1348679844408904,1.1539038014024847,1.1555728756654342,1.115711231338028,1.1178134074649848,1.039757987268961,1.1084781181881842,1.0589743774411027,1.0225093504518872,1.1521389251152194,1.1190243677585117,1.1289403779789862,1.1194295488797839,1.1303666063690525,1.1275872090890977,1.0631394216035377,1.1208704016051099,1.0436224180804725,1.000778738625672,1.052860500107251,1.0265645967724832,1.1701677339152647,1.1280403956617557,1.143155156615018,1.1311703286578318,1.0846683012761233,1.022456847442324,1.1766748304372943,1.1893720586288263,1.0789114673094315,1.1308718190598328,1.095114269405319,1.1144950734995671,1.0858441717179945,1.0347610610045357,1.082818473009555,1.0141892446236238,1.1269833487309617,1.0779562618546146,1.0916101169815093,1.1124065643211745,1.039528821793192,1.060065687183255,1.1086404573744533,1.14253657207094,1.1462576980298524,1.1878655556520894,1.148638606931403,0.9529178273888552,0.9263204934553798
zebra,0.4310854434865894,0.0,0.3160923253963255,0.5294932451387953,0.4455507003665502,0.44150476745099443,0.6762922160528467,0.8286957811912119,0.907446414073765,0.85633176978715,0.9420080642883647,0.8602270102447677,0.8752713696537964,0.841949933375926,0.7707238167701134,0.7192560912319372,0.9407185312715595,0.9555822536652959,0.8167779224281158,1.0561825639469868,1.0253289153752876,1.0905191816807265,1.084133989687147,1.0460386090734395,1.0507317371890856,1.042302544238286,1.062139814968871,1.0735742570717728,1.0772853014637989,1.0878265778910252,1.0957691619628547,1.1108384206917141,1.0667690390240239,1.0979634214710643,1.096945874672226,1.066191144254351,1.1261221051198695,1.075969896381735,1.0455651821801053,1.0817444044043714,1.1219613911165685,1.038427404710556,1.0406854133933936,0.9955790534008447,1.0785588430407396,1.0636566814542041,1.0463079555265151,0.9160056848976351,0.9506192947446294,0.8981134599210323,0.9746083052737871,0.9714418251975735,0.9912822520448126,0.9349590022340863,0.9553063443412055,1.0562212754581872,1.049434164620131,0.9430678806749765,1.0300620830654903,1.0325534882853322,1.0638860689179,0.990319824188924,0.9769443383417212,0.9832264415534141,1.0110405008984926,1.1051291165141959,1.0730063769358273,1.0687932423617752,1.0730421302791768,1.0448956703919998,1.002691996581572,1.0659425639983944,1.050901388307509,1.057313520193121,1.0647810230759438,1.0543561229985072,1.0095913169053277,1.0760819702222764,1.0743904882488022,1.0681906891342927,1.0575803452219028,1.0859098128080316,1.12331508687107,1.0369088208911033,1.0140780488711445,1.0492604147843063,1.0832344965247236,0.9872101362320842,1.005197713629275,0.923834116965184,1.0922482172677743,1.075832357841727,1.0375081081800237,1.0471033433281114,0.9165530419985894,1.0741612473325532,1.103542407003492,1.054469321515871,1.1065923679431033,1.0674941821307173,0.9235018331975067,0.9043462405173808,1.1865456530910101,1.1214152037200587,1.1899601662561035,1.1052187504708084,0.9615343843058237,0.9390810862006894,0.8986017655751649,1.018292836338127,1.0743872848472438,1.1008532025652127,1.1372804731745696,1.1441313370303987,1.2202829842087295,1.1685782928481634,1.1424446679271427,1.1703185187865912,0.9934591031858214,1.0321553940950434,1.0870772202273014,0.9497643169582585,1.1315048142243858,1.019065830722909,1.1061876319338921,1.0362461236255096,1.0609606784205239,1.0830179141104284,0.9908300429534749,1.0822906302826092,1.053706959830853,1.0358978933062322,1.0403062027678156,1.0795331315879526,1.148735312183061,1.064070930213521,1.1356788953529142,1.0534988555541718,1.083715342334285,0.9579129085433644,1.0578942573385,1.0905020918408996,1.035996558934149,1.1751925216683374,1.066818951617331,1.093054839297225,1.108444722839711,1.076785734990763,1.1614302867447017,0.9383154479486439,1.101568403147087,1.0787690816484385,1.0766951969116219,1.0715180426704523,1.0410137303664333,1.0336853877220145,1.123731951034945,1.1846338063247468,1.1802168680321556,1.206014086072116,1.1021172991770014,1.0229342942265531,0.975126099295077
giraffe,0.47302764962467914,0.3160923253963255,0.0,0.5166098189441306,0.5898735743926983,0.59534833939474,0.7559404588695382,0.8423746405188999,0.9068200403319857,0.772416344751015,0.97291868861456,0.7375948198129735,0.8297981340690713,0.7342044152779221,0.6610043309895874,0.7835870650012626,0.89128857555163,0.7636169327059015,0.6553738668576304,1.1139279581370327,1.070791934637972,1.0652039302995515,1.0916943024076808,1.08309244819844,1.0518007695174112,1.0793849477922113,1.06531459190236,1.0674504287071187,1.0656143815869,1.0619545557387697,1.093368970332735,1.1510462111637385,1.1269737751201525,1.1438751007401402,1.099422775569663,1.0448367970066545,1.1368491190629093,1.0817575404434092,1.0745772422609428,1.149568523191383,1.144001905148859,1.050485175980879,1.0394340077192226,0.9793861342188085,1.0799983625337444,1.0508439109586087,1.040628484354846,0.9687414112323683,0.9531931461311131,0.9128701684767262,1.0624179882584492,1.003614020345355,0.943000348184926,0.8163190056040432,0.8811062963951718,1.079094395109957,1.097464795460707,0.9485944748468076,1.0293422935551786,1.0276445630103215,1.046888948928232,0.9182762938322785,0.8787331436129401,0.979446749027472,0.9682572617057266,1.1659128977540405,1.1197517240018713,1.104424047034864,1.1047654423518187,1.023869630102291,0.9796632430466713,1.0106874444126401,1.0548504552042903,1.0659150339852739,1.1181284761739432,1.0553539187231455,0.9856738813180924,1.0734284869595851,1.1374058494521824,1.0317338945115422,1.0516152224648536,1.0806984837496867,1.087121164578681,1.0155984925038377,1.069489317007011,1.040630892051137,1.1379727220793818,0.9868229667002819,1.0618341657089625,0.8314901496122611,1.1655841163225278,1.1189184794716036,1.0624181549382605,1.0648287331465194,1.0389144707010611,1.06327353493729,1.1191301985677122,1.0474261994220904,1.121040557394844,1.1122399318366094,0.8356001141149451,0.8391531739124798,1.1496721233974028,1.1146959714422167,1.1482790948351087,1.0332343195668476,0.9575265501266377,0.9483065660178275,0.9378920148031382,1.0451820067778705,1.1348806225000567,1.074254047340572,1.1976961516508584,1.1383414513726922,1.2090425703616503,1.1609181200424783,1.130367144339556,1.1342462583379525,1.0784008826678808,1.0980141684742384,1.1778119366730768,0.9433822549433014,1.1601055643542544,1.075460906486944,1.1233866203765754,1.0731377973505507,1.075584583569364,1.0870504515259354,1.0083934735489055,1.0362609264047595,1.0570943950677485,0.9816252973909385,0.9807703100716495,1.093746058936448,1.2472852168176842,1.1843287579341242,1.1650045940379266,1.1547324290283372,1.1561425048192129,0.9540686181491316,1.0579635699392547,1.1261568165625864,1.1548609701137638,1.2245446933301962,1.1416187093584165,1.1671941688630187,1.2410169077007218,1.0964166537204612,1.155474610767406,0.9419783703623865,1.1069676524711745,0.8975208900110374,1.027823634521458,0.9775186515339955,0.977798939338436,0.9310387019463495,1.079463846545505,1.1008072800164341,1.08158440071182,1.1117572418077846,1.0498000796986386,1.0316048308712507,0.9128206783292074
deer,0.668556087345678,0.5294932451387953,0.5166098189441306,0.0,0.3596389607348528,0.46881016694363664,0.5317140885015919,0.7965703798876426,0.9113480335443088,0.8574022536769008,0.9610054644591819,0.6974387561328357,0.5867230221795753,0.49578131412330473,0.5786649842675841,0.7071145028641864,0.7817305816723161,0.7374177850735841,0.9118428654120444,1.068812107021132,1.0995611446697091,1.0556940793295189,1.0363486622842584,0.971414409587372,1.1129910486099874,1.1754039806767445,1.2436029605837553,1.1718332148975634,1.084930235026228,1.0157914287628353,1.0157406928231256,1.0546329826369238,1.1671536485034137,1.272515685405433,1.2746143680160775,1.1771699621347422,1.1114275939421898,1.1899079698460329,1.1586737302008145,1.2219361497706855,1.076894230043962,1.0909444387405345,1.0046859762305997,0.9863507942660117,1.2319578745280777,1.1952482099993325,1.2474483985948948,1.118241746467921,1.067268514538624,0.9686693299850871,1.045571769153984,0.9326870603109951,0.9815851613561909,0.9802225460140445,0.8636943627440932,0.9697914636400494,1.1365469957076881,1.0113534958124213,1.0860720036344502,1.0568635260514934,1.1213948801390576,1.1250913866562593,1.0701179024072176,1.1426986162997037,1.0796901832297237,1.149793332583561,1.175017490861793,1.2160156903212274,1.2570806455968735,1.1501865663958382,1.2411039881822925,1.288233405309314,1.2163325320770495,1.1953286433696917,1.237946102031404,1.1827712009353388,1.1828446048210477,0.8899518174888419,1.0601948494419395,1.0608781611895195,0.9662532237045001,0.9579796986534714,0.9972749120433445,1.0915261855068907,1.1820733541673314,1.1981450432706349,1.1633911566996877,1.0684789582455636,1.120698799845204,1.073727089612937,1.0840584915439972,1.1475195172433172,1.2752713606425479,1.1317722704155788,1.1467933704318876,1.197022706792734,1.0798792808135842,1.1172389058648662,1.0667452230140577,1.0387311922577216,1.1052425669669443,0.9390500669862473,1.1254445444071979,1.1089889636279422,0.9777252710218015,0.9732213336043746,0.9825202395765747,0.8398033379155017,0.8590811381154809,0.7806788499585755,0.8122514861785015,0.8086173517485107,1.0495045749184724,0.9100846853329095,0.9431553053064768,0.8983957047455506,0.8640498766898611,0.9569390086220493,0.9523847066474057,0.9113272892744064,1.1288063321744808,0.8711059374640889,1.0126812684890365,0.9015764808494021,0.9745017168103728,0.9469129909312601,0.9411062969111652,0.9638717970230175,1.0739655887062578,0.9845884586209805,1.0728428926786484,1.124746018907643,1.081361445194909,1.2354905025818863,1.1465678931203,1.1519159238572938,1.0333153666827848,1.0058049998833407,0.9162987637855968,1.0086831043419253,0.9770307824783738,1.0430987240732228,1.1675753761486922,1.068382137851506,1.0119272340075625,1.0890290109667364,1.1717779207183079,1.0976812194317063,1.1545522825666061,0.9899802267511304,1.0424242444097802,1.0268638231651135,0.9482726024034195,1.1116861571393164,1.1480788298640372,1.0448583845660941,0.9921219390984338,0.9305458738825223,0.902706786067405,0.9364683491577416,0.8012471577129452,1.0234325542596883,1.1301732699058524
horse,0.6052909386817882,0.4455507003665502,0.5898735743926983,0.3596389607348528,0.0,0.06640995290718865,0.49250342717781903,0.6098013997128625,0.7764379185812832,0.9611749583575957,0.8777776391487624,0.7489060003287842,0.6104573297087255,0.6657483983232348,0.6804882460180721,0.7689146462211962,0.8084104503526148,0.844720831271731,0.9078853518004031,1.0389521231215775,1.0462931143475391,1.0673745737835834,1.0371093417178519,0.9855482708218298,1.0596107919484445,1.0522870681497403,1.212392799545496,1.1439183436260476,1.0633440319924794,1.0458930011389016,1.0457396936042975,1.0728606690461389,1.1158687077443887,1.24650624544019,1.218299701483205,1.1422663549140528,1.1456848154877697,1.1802860663692318,1.1767027973276112,1.2102510782955822,1.1060572376503195,1.084877887015821,1.052954144755894,1.0598206228583755,1.1695970442905188,1.1495112783459884,1.1619912657771871,1.0739146759601934,0.979199255999813,0.8766720780304377,0.8804073411004816,0.9230922946401554,0.922899150313741,0.9095602741525055,0.8989336951970118,1.1006623892561362,1.1208622039811929,1.0536579551892293,1.0344066366462514,1.085946212471908,1.0885590699280212,1.0757093626549832,1.0528723797490591,1.0795236786845768,1.0879884646065474,1.0711992040015519,1.1373159935710588,1.1302617785592626,1.1257927883323342,1.109645406211484,1.16863025252658,1.192886069777184,1.1529009131491617,1.1544070813024379,1.138373985523503,1.1175527444294129,1.1093123033682635,0.9971742168790145,1.0439591616022184,1.0646978690175273,1.0005601658666081,0.9781291806413427,1.0300665027969542,1.053252688702073,1.126376879372242,1.138399973579204,1.1160013319501672,1.0588995197105167,1.1195586846544325,0.9501979200137936,1.1481700016807024,1.1497977153125367,1.1794464780860658,1.1291454466222757,1.1114204959712253,1.138521790904926,1.0990450324221177,1.093138259257891,1.023277355016883,1.1036031403252002,1.0196478860611127,0.8904956636371901,1.1480796750549178,1.1255018611514083,1.0482045810969167,1.0086207806936762,1.0399849895361906,0.9231775619941385,0.8906774234500202,0.945127163956758,0.9395153586290994,0.9327385945608152,1.0659920789786708,0.9389894614570058,1.0332770259970088,1.012391830340029,0.9595256041955081,0.9822897354884748,0.9753133593451205,0.9791844405000113,1.0874899761303332,0.9482211575425471,1.070854574880058,1.0468666009803864,1.0941784193919408,1.0220810676075984,1.017436828298504,1.010683248784544,1.1111679229704672,1.0660948873877019,1.0942469600912763,1.1215157925519836,1.0881486322680944,1.1951778414058012,1.1623672276409092,1.1636486071255978,1.1256338052573902,1.0510864478854378,1.0310416059465934,0.9967745421728025,0.9951997403578636,1.0524446418602278,1.1247582377218426,1.076779623252189,1.0740647495539606,1.096583461038132,1.1689156001925387,1.0673290167056764,1.1602593155915644,0.9881495323069499,1.037291508078298,1.06002724007002,0.9599082824033929,1.1333764063012761,1.135690499294141,1.08808392813753,1.0155180036065379,0.998959767457322,0.9939319703682163,1.0481220755327563,0.9099995035610253,1.028148635705654,1.1120847010121184
pony,0.6077147784353341,0.44150476745099443,0.59534833939474,0.46881016694363664,0.06640995290718865,0.0,0.5276278272130392,0.5889145326536331,0.781437001461154,0.9817396080278302,0.8520492127166261,0.7610813033138031,0.6931905387149246,0.7929477113067398,0.7735382309930494,0.8757914287464026,0.92447328999235,0.9320480890454603,0.9423001717441741,1.0691717093130768,1.0400686726605592,1.0643524068340395,1.0404526884630323,1.0511600354703037,1.038521849770292,0.9940216003329219,1.169409915351565,1.0940033976676924,1.053968794349988,1.0499696934073235,1.060383196939501,1.1024524334688528,1.0948294794197413,1.2000491038722407,1.164069001972183,1.1031581772614305,1.1262529283196208,1.133282104490888,1.1518023949474514,1.173264128977077,1.136371418473811,1.0510938740176767,1.0132251585656835,1.039742428209096,1.1122956728028182,1.0961967180177052,1.1154066436893328,0.9890553176949647,0.9164842343291415,0.7932708391081315,0.8619170213154767,0.9560409890265709,0.9294193237216269,0.8794265927727813,0.9291369640736205,1.1142841530178638,1.0868685350668743,1.0227648906492253,0.9960075842724704,1.0958598656466418,1.0478222559910022,1.0007082052732403,0.9828202239268068,0.996533881770028,1.0350975414256682,1.1053390945635255,1.0857743004114517,1.0894133624716722,1.0585437490588998,1.0649405774531455,1.111674172590257,1.1265660452707362,1.1215650973808178,1.1033974886397222,1.114565108304121,1.074805864342894,1.065860196831222,1.082794839011724,1.0969622677726216,1.072595693432065,1.0324124231225804,1.0277306362333571,1.0692544825078159,1.0408272444153153,1.0756401004878704,1.0493745468896967,1.1158491479708395,1.0696986286245944,1.1198090410124195,0.8948001021128202,1.1511600768470587,1.1263142292868926,1.143060013897817,1.1282012708343603,1.08557554533901,1.0577232865824047,1.1212520719169274,1.059764731736034,1.0241889750478175,1.1029208416410576,0.9108543157628214,0.7754381753706785,1.1606402037196333,1.119444276864289,1.128881595382441,1.0492167288876688,1.0331310336441155,0.9529531297130344,0.9288295261208246,1.0201329184585501,1.0042082314867706,0.9705410723315828,1.1090912272997533,1.0459723839558963,1.0808820154356895,1.0828976894062488,1.0409581952911147,1.0470147201381672,1.0145926562180212,1.0350671071599755,1.1063251129165579,0.9336847427251542,1.128202940293636,1.0863425226635273,1.1330064518867635,1.093503166507277,1.087938377075992,1.086244185286943,1.076600110744523,1.0756507262792825,1.0566498488581217,1.0849033799553787,1.0551909749657233,1.1652288020992807,1.156277211647414,1.1131423558375215,1.1529883310919389,1.0534547353059822,1.0753372993673773,0.9485541127642494,1.017414247257088,1.0618501524809016,1.1200059714414776,1.1392473206356115,1.0996844463938749,1.0969355585682623,1.1759012537151015,1.0504702509817658,1.1583942807186733,0.9508123192750111,1.0402705063838134,1.057975645599725,0.9974767769408991,1.0891062259021476,1.0818060586993283,1.0621540702090877,1.0231973065194975,1.0448176031851584,1.064407911110637,1.1148649966903441,0.9986344565279868,1.0455525926864238,1.0487391645615955
pig,0.6210900412816602,0.6762922160528467,0.7559404588695382,0.5317140885015919,0.49250342717781903,0.5276278272130392,0.0,0.6480948345018749,0.7936691134420706,0.9153398743326893,1.0044168118604038,0.716395074506456,0.6087957392658497,0.7335214601302108,0.7637327990042933,0.8986755270666467,0.7244712673651124,0.6796642932290649,0.8055270540811301,1.0421468171720611,1.0545110418257129,1.0081200375825048,0.9402229014265914,1.002443435118997,1.0028311267894932,1.091889989796375,1.1217191430944837,1.0579183939760248,0.9544132673551589,0.9326685587704169,0.9071895268752828,0.9674178884332107,1.0185286081857634,1.1871845489266781,1.171842698036308,1.1326062492995825,1.1455095611655748,1.1757580659862803,1.1222423672423738,1.120982832927843,1.0982848102389366,1.137688407147131,1.1657698436575927,1.117951269537147,1.1592869140146171,1.1572692684658683,1.170506227633079,1.0435503228720722,1.0923985024533118,0.9862574988086764,1.0308377308072867,0.9707771219889872,0.9782433073061244,0.9280478846433309,0.919482118578292,1.133214195102418,1.1772944560630074,1.12505624319805,1.038347694973105,1.145857218323249,1.1349234900316303,1.1359763180718074,1.1197583087293956,1.1171001717860578,1.1328974517374262,1.115081487430259,1.0920344829215451,1.1272470849937886,1.1228848625613246,1.0917672408223862,1.1424036016369485,1.1861847190304082,1.1678761862169886,1.151266171977835,1.2088045463834625,1.1469902335354223,1.121014669189601,1.0008667240633304,1.0545850299428488,1.1101961662891942,0.9547652527468765,1.0327912034194038,0.9730495621176972,1.073369647203692,1.0458011198922812,0.9561561619821558,1.0515489499904616,1.0865208345295672,1.1011123509551621,1.023448264298126,1.1241748215818097,1.1345117052963445,1.1845132006353367,1.1437696196482894,1.151449706262862,1.1938793664844973,1.0533966522952938,1.0978368958681406,1.108768441219028,1.0872460421306893,1.0022679021229872,0.821481201261388,1.0164180573713704,0.9706317380709536,0.9644046291089936,0.9449787660881938,0.9263811129238313,0.9624330737360246,1.034971895654917,0.8671464894880889,0.8483737030830025,0.8515792511319402,0.9624043103091019,0.9583808677192773,0.877382240113332,0.8982746352524595,0.8704902667235556,0.874153527542565,0.9637975749524157,0.9612337171374057,1.0983777680072906,0.9853025997778145,1.0371765329857556,1.0238421515148903,1.1253867858652418,1.0197393110883037,1.01693066968167,0.9848530443703967,1.1077391746545506,1.1184317726998343,1.086175682869448,1.1459001147457337,1.1067169174679308,1.183551486131569,1.153759322444704,1.1579468058628528,1.0598079466688004,1.0621221788822819,1.011263520957689,1.0300795416503512,1.0968299686808853,1.1081859221849555,1.1634171798740052,1.1556636081959535,1.1079596059507042,1.1239090761525996,1.1506352990267064,1.1287144004521878,1.1488739246965982,1.0011242072152962,1.0687889515565892,1.00220255157425,0.8087025134819031,1.0970639272470752,1.1443486202646491,1.1019463473415718,0.9237406824444301,0.8996915974940107,0.9113435545170152,0.9379446252375091,0.8146196891534088,0.993388378338675,1.0506481058102342
dog,0.747653604181848,0.8286957811912119,0.8423746405188999,0.7965703798876426,0.6098013997128625,0.5889145326536331,0.6480948345018749,0.0,0.34342146532467877,0.7441955112157198,0.781772709674286,0.7348039057136592,0.8028559648636391,0.794523527991122,0.8566896225065384,1.03543294055442,0.7772790155366227,0.766103183781458,0.7728280429793957,1.0593477623187881,1.0311641227506896,1.029363884827164,0.9754614299041942,1.0122627521879504,0.8008083473683013,0.8927037782018233,1.0332150478749185,0.9714709984425064,1.0526309417905697,1.1345747264641888,1.1137162585467968,1.1592982159556178,1.0521593857183307,1.0626999975224376,1.036084022222475,1.0033420296744489,0.9798491721554832,0.9575357737877448,0.9967702767389425,0.9583605387142621,1.1511595223994935,1.083420927607818,1.0601335044937097,1.1156497708439892,0.9641419215525084,0.8290498416574299,0.9101309263914131,0.9213725932030113,0.8933204489092161,0.9840999484263505,0.8409408089352084,0.9131497551277001,0.9035500517091285,0.9383883383790572,1.0072315685078064,1.1340713388159822,1.0324003881038926,1.0205099503902153,1.0037058759227997,0.9944762841241992,1.0197394504230892,1.0920868623429387,1.0145434293069073,1.0318650611189768,1.0318506052036662,1.142519688183965,0.9791369073681097,0.9085209883576886,0.9570454426890584,0.9283537630697637,0.9233048718158872,0.9637282878247012,0.9223112150522168,0.9124716573778079,0.9525700877803615,0.9285008865408604,1.0048864134164155,1.127090452293829,1.1324158634823267,1.167905662699995,1.0166453186008224,1.1242293628074267,1.1374829318706126,1.0358780775801781,1.0944174201804115,0.8996473725174107,1.05787641663391,1.0508258032504787,1.0768472840921857,0.9148405257836374,1.1790873114837375,1.09803493078341,0.9250825737256905,1.0198256983768714,1.1136738896437328,0.915105622731408,0.9697254523481075,1.046967037602078,1.0528625616114862,1.1578683041687583,0.9174268715768967,0.8430510453008577,1.0469197047625507,1.0667611800503245,1.0880448641682683,1.1060459547209245,1.1721791077757275,1.0218102084383698,1.035537812451764,1.152941340285773,1.098088997899988,1.083342390807932,1.1415557906093634,1.0832312901839074,1.0571242803463319,1.1042500275169496,1.0561789621511963,1.080850572280486,1.0445162419806164,1.0620227610495383,1.0889495726706393,1.2139355180369047,1.2309464822482645,1.2560915037142075,1.2771333573689105,1.2197876571642328,1.2055579704632087,1.1681021663326574,1.169713234962134,1.106252904758098,0.9824985040914567,1.1274329793541362,1.1010958001357223,1.1314703276341471,1.1689534494918628,1.1485045401752016,1.1848021734021412,1.1618267009452614,1.1802718908797074,1.090303417865966,1.1284125091657993,1.1426289998734862,1.051344999224064,1.106418145463053,1.151779988423879,1.1483533576038438,1.030433352436386,1.083639189912401,1.0946424780793786,1.0684880116640105,1.0739386653284893,1.0143459191863071,1.0135957084527625,1.0177135035788125,1.0599974700439025,1.0773405669199603,1.0142645616646822,0.9644825654725054,1.0292878455604706,1.0837407375115515,1.011426362436858,0.9753670282893232,1.0345823795336953
cat,0.8310919703349473,0.907446414073765,0.9068200403319857,0.9113480335443088,0.7764379185812832,0.781437001461154,0.7936691134420706,0.34342146532467877,0.0,0.6222166954785675,0.8142420861990156,0.7943941733108753,0.8405385238585072,0.7599617105821542,0.8109141644540564,0.967115934273378,0.7470611724276606,0.7884212969130298,0.79599121510873,1.0696308012971372,1.0660618963870325,1.0339936649987307,0.9698775736154233,0.909647321651995,0.7817570527981734,0.8486522631316076,0.9752571363669531,0.9664111985156798,1.0230012752683257,1.1193063587085774,1.1067047110643116,1.1331109683743992,1.0159600117935546,1.0076656332565384,0.9653741851621088,0.9747245008980235,0.926889170178179,0.8966026354228133,0.9731446588537834,0.923371715004153,1.0677131613630024,1.0591645735693285,1.0138573085538658,1.0843077405785773,0.9265630888618992,0.7939886136769945,0.8464085365383697,0.9400306309204833,0.9474934733644735,1.0617800641501967,0.8792558637414067,0.916939409687654,0.9706697116694311,1.014753949785112,1.025092096268091,1.0895407166536966,0.9512339446729318,1.0116860327022197,0.9974002176934815,0.9395478289792641,1.0071969385158448,1.1170853588990872,1.042737185607518,1.0584301872698572,1.0577899815401124,1.0573438345824122,0.9979705691719627,0.890796961585647,0.9067126783152236,0.9487223041232888,0.9132743476658088,0.9477426306714107,0.8742663683700369,0.879013047771854,0.9120246628948925,0.9480708106065482,1.0109175461730717,1.13117167632979,1.1036996095591987,1.1207290601033117,0.9454026050471375,1.0779444850759434,1.0692218129846154,1.0033295193270062,1.0278386995249988,0.8738603177634627,1.0048032105601117,1.0129548638158075,1.039569867877169,0.9348011967813036,1.1301665799717584,1.0536595704569356,0.8711881753696593,0.9463704894904851,1.0583413215071444,0.9032076093576022,0.9785856307308135,0.9966210593986269,1.0047578030432978,1.1350847455595587,1.0181741784371652,0.9321618399457196,1.1061584115914853,1.0679273433788576,1.0957721099991522,1.1494484746722309,1.2082406151238274,1.0406635047038486,0.9867013604364406,1.1519660296420244,1.13871695941123,1.0618775631340147,1.1202547074517315,1.0198525387937492,1.1055329228266937,1.1275202374867779,1.0883767760642047,1.1272328599022239,1.0934406196234796,1.101789300053161,1.0849635955650825,1.1963850351081384,1.1385902780617525,1.1534290529180293,1.181005552006691,1.1833667697284325,1.1947810331545619,1.1876020441005493,1.1579105758268315,1.0973858819080027,1.0071135809556142,1.1432382308406481,1.1166797688427845,1.1041821306998283,1.1445293576226734,1.1435440205847658,1.1699232843711662,1.1823110585787469,1.1668003098222643,1.0334195440591363,1.1117051564635778,1.1549629525669876,1.010903517261957,1.0472570288132135,1.153193719761436,1.1663991226075983,1.0324490141915668,1.112849664409171,1.0687665719502364,1.1132603705636568,1.1368278053723027,1.0657919946479686,1.0540712201901388,1.0826219449569907,1.0844945700882211,1.11215311719764,1.0655965489770498,0.9787539099382873,1.0514235412759005,1.0862191095970655,1.0613417325359253,1.0017157176813554,1.0473534437744934
owl,0.8679903130233877,0.85633176978715,0.772416344751015,0.8574022536769008,0.9611749583575957,0.9817396080278302,0.9153398743326893,0.7441955112157198,0.6222166954785675,0.0,0.8204700324239302,0.5591859474434441,0.6362494487946586,0.43326262482936184,0.6855372423635274,0.7724031498954169,0.7522208184621252,0.7604212804571655,0.7373908776110105,1.1435039578774664,1.119720955498633,1.0885899822065004,1.0788757544372958,0.944673439429583,0.9747653853471481,0.9626850658746264,1.0310854783972314,1.086874326517029,1.1828464514899575,1.1912501108615186,1.2036425985894141,1.181451646690733,1.0878481707570629,1.087286733647221,1.0655221655791083,1.0436000177426739,1.054197431040417,1.0280623214054994,1.0872497286480254,1.0796689676837197,1.1898897696720918,1.0493038855105596,1.139543002780229,1.0890621460388155,1.004394389125828,0.9885219755249877,0.9860479680513129,0.98849817639838,1.0851846028029581,1.0356005220441304,0.9797827732979949,0.9901151230257563,1.0200127682044284,0.9779640204108432,0.8865184496536159,1.0174827359267413,0.9661826106944653,0.8781331860737862,0.9193506655269487,0.8726660280165763,0.9567192172988063,1.0800655742973833,0.9341978152509512,1.025295922692701,1.0254602946554598,1.1612513289363315,1.0800934998894207,1.0705359619907477,1.0280668534333701,0.9600554593471389,0.9527220247243715,0.9467876312428417,0.9069725431657424,0.8492421526284457,0.9300032964803348,0.8773070492779272,0.8838451181526534,1.0196966578368707,1.1173215553428755,1.160868226960446,1.0174266448706664,1.0283510738660808,1.1165655503918581,1.043398333156874,1.1002226434060318,0.8327936772674813,0.9606852133920385,0.8654184007919018,1.0895315776427648,0.9934554276433021,1.1042165726800963,1.0188839649623218,0.8938369208786068,1.0395708397715078,0.9154987151131645,1.0392745989186278,1.0340952752863066,1.1046543454345386,1.0975040145969046,0.976092425617677,1.0587682823683469,0.979373066177678,1.0686944849219155,1.0752839275717339,1.116618642305589,1.0746860464560852,1.047104337763906,0.9438962646429399,1.0003475677381641,1.0362661348708861,1.1066570752862062,1.0532474753552654,1.1547343986033936,1.041510678573524,1.0720866499624535,1.0384332202899615,1.0447443116574215,1.1704770537795404,1.0641855060421646,1.0292430754313595,1.132693282870135,1.1049335457349945,1.1318197554823635,1.0906034051131956,1.0937389265471174,1.11286094220122,1.1126241160510604,1.1483937686859935,1.105479050831462,1.0668408742423803,1.0182675043309324,1.000446115292912,0.9579723429821592,1.1092162221202475,1.1279768770144845,1.1592598159015817,1.1254174733028965,1.1210069277556916,1.221363203581552,1.138223740170119,1.1764460135779848,1.1293260769780016,1.0765540723967024,1.0796916774149823,1.12646525802232,1.1167110558435251,1.1298519117338923,1.1105250673192124,1.017907408025711,1.0656023113618494,1.1376296035194289,1.004264746015696,0.9516610993400109,1.022706424394667,1.067030848459534,1.0898834624491616,1.0007981768401,0.9064647491256965,1.0081958957693316,1.026153135676278,1.0424191090069967,0.9364207986860845,0.9787296585602623
bear,0.8120392096652179,0.9420080642883647,0.97291868861456,0.9610054644591819,0.8777776391487624,0.8520492127166261,1.0044168118604038,0.781772709674286,0.8142420861990156,0.8204700324239302,0.0,1.0017133987291809,1.068677754182835,1.0672063054690648,1.004373675566059,1.0863704822719333,1.0642372039299857,1.1090759455778254,1.0463188397914875,0.9828169922416643,0.9586188369605051,0.9344493028414602,0.8402304237685798,0.8568739694338696,0.7751773827576824,0.7989069073090591,0.9635373283505878,0.9268087134071823,1.0455043148215777,1.026064644916597,1.0179272350892132,1.0116114407140908,1.019269851951314,1.077241519548378,1.00522757802913,1.0009668563798155,1.0388287529225926,0.9596280402626277,1.0250171046859573,1.0348780779027635,1.1791847600487584,0.9875929081048119,1.0632725195983501,1.063531882172928,1.0009386723263003,0.9541916822585634,0.9304325795332664,0.9583120870214661,1.017746148367865,1.0710288126311445,0.9615016063126125,0.9870784436335233,1.004503458735729,1.0908674195789085,1.0383160400874543,1.0150342137517827,0.9079179224618469,0.8112723941101383,0.8461188410247338,0.795143267817867,0.931112064677859,0.9624815478213645,0.8957903105690056,0.9777378883640038,0.9714575632780978,1.056132661032442,0.9970494539525572,0.937084932218502,0.9417224033913398,0.951244001480994,0.9340610855227386,0.9482074940707623,0.9024999837323713,0.9021709070104273,0.8582941495290801,0.8292651346447534,0.9341960991314997,1.1208147479256807,1.115465544942327,1.0638095829586898,0.9846480275438371,0.9581011132332953,1.0628304312537222,0.9905289160895581,1.0475591690519301,0.8065934813739302,1.036289628336746,0.8227666864711645,1.138206692678263,0.9971278868941568,1.166624222081439,1.086583859699779,0.90173593947103,1.0951676307649254,1.009772117928917,1.0045027931291886,1.1082544059860482,1.1221414582285845,1.0490088568621672,1.0923574469483794,0.9676500055112864,0.9374916623549799,1.02259433943748,1.0250255785875795,1.0753496928162734,1.1288872504081686,1.0942142275036644,0.988246159573514,1.0338125026803469,1.0217390685793237,1.0215657588859446,1.0638789021255306,0.9378723704913855,0.868010984047344,0.9275618888831637,0.986608121564489,1.0393523361891386,1.097091516616921,0.9820623123891187,0.9429151862537063,1.0082524297102957,1.1071820952833566,1.193002683475956,1.2217706278062506,1.1615827005301487,1.170475265485126,1.1564545318158588,1.1420403636009508,1.1543687591137552,1.112011149855092,1.0893718348809283,0.9908866460839604,0.9113274610389215,1.1500663412416443,1.1331561318201135,1.0608245924328978,1.191325972198664,1.1011379650317334,1.1661292651539128,1.0614656992912779,1.0882263211886953,1.0659188271397013,0.9809021028247659,0.9247917615694613,1.107574194661799,1.1252498981206664,1.0621231726916367,0.9687583359840131,1.039010414116048,1.1215620406658566,1.1604394019510116,1.1562692858802488,1.0147314416248447,1.095098432913239,1.03586680648393,1.0812971970993976,1.0784027203802673,0.9873065164123314,1.0193209036964805,1.0958008766783558,1.150820391476833,0.9518475189285778,1.0583705740806413
duck,0.8490437118927354,0.8602270102447677,0.7375948198129735,0.6974387561328357,0.7489060003287842,0.7610813033138031,0.716395074506456,0.7348039057136592,0.7943941733108753,0.5591859474434441,1.0017133987291809,0.0,0.3399905616053376,0.3407939346064537,0.5364142809141703,0.8164100551032938,0.6585299498118244,0.6823572450861639,0.7618268652682412,1.2225706280033664,1.1704414837199109,1.091931401661367,1.1302663019960324,1.0836434123734509,1.044973712723107,1.0833237187322562,1.1505034111189927,1.144232758959007,1.1145431525199594,1.1302114696353192,1.1359955932932935,1.1838489578537978,1.1749254172222316,1.0434269163762169,1.0201072836173273,1.0172881365259927,1.131575190516511,1.1225722940632208,1.1582092743735082,1.1366339398410092,1.1748400663826724,1.0641541599529514,1.156476735626923,1.124334374683529,1.1199640587772572,1.1021080241949341,1.106506652797563,1.0997917402131845,1.0488365925717247,0.9476244155514281,0.925789477837732,1.015473309115181,0.9296383957740129,0.9347751717571463,0.913675667948926,1.0605361986804502,1.1243853775406782,1.0082820195282083,1.0506774716305678,1.0462914082658863,0.8977854568997603,1.0322952437263453,1.0097756102817015,0.9791875345050706,0.7816517180782648,1.211098953555007,1.130220100091364,1.1136910875904498,1.0730689052404352,1.0342056207659243,1.087915935899939,1.074469830270817,1.0405256208836913,1.016881215288752,1.0463700004468965,1.020555988185719,1.0256511457999524,1.0184656949673767,1.1329117703101343,1.1295412425535392,1.089361594745683,1.0569566423732517,1.0384834040523678,1.0080388146956878,1.1119971387327567,0.9456064659122057,1.034928746223476,0.9557819670675418,1.1440433664699483,1.00167507045152,1.1686630659109465,1.1583681226504363,1.128171315335633,1.1587717904820618,1.135078558840131,1.042291460691795,1.1039803455194503,1.1000949719924444,1.0872013376210157,1.082418446676389,0.8840926596541496,0.853822945034082,1.0282155947852623,0.9658946710498983,1.0167020334186816,1.0039110204288646,0.9373235244118976,0.8940082706881161,1.0271605580021426,1.0646124902708294,0.9786283711114321,0.9002717931424903,1.142474057398636,1.0160186690995274,0.9686949752618044,0.9201284948743939,0.9113232948145874,1.0333327430735821,0.9476195970271472,0.9642422795563506,1.105722268931934,1.0632909268003177,1.1629600697054516,1.1210981875984742,1.1063577000465363,1.1443051132121131,1.1303576908273303,1.119249930928072,1.1385759491781628,1.0956438595253213,1.0636744146645787,0.9817147463346901,1.0869815236266755,1.0718417351065086,1.0882492559455872,1.1202608652944614,1.1054767935979737,1.092887740429787,1.0906446375810421,1.0515802528661513,1.063758433091942,1.1239878937324257,1.1230716522003714,1.148692438035558,1.1069592831669928,1.0814898331369274,1.1733625385329263,1.0640144613863238,1.0405044104000578,1.0073506009072961,1.0462331648232388,0.9995251984306682,0.9906026686201368,1.0209258885912615,1.088894224882966,1.0835994995596971,0.9334037160122624,0.9194124893526936,0.9870687404136301,1.0363433131856696,0.9565523734295835,1.0258830763232458,0.9509799902793137
