,alligator,ankle,apple,applesauce,arm,ball,balloon,banana,basket,bathtub,bed,belt,bench,bib,blanket,book,bottle,bowl,box,bread,broom,bucket,can,car,carrot,cat,chair,clock,closet,coffee,comb,cookie,corn,couch,cracker,crayon,crib,cup,dog,doll,door,drawer,dress,ear,egg,elephant,face,finger,fish,flower,foot,fork,frog,game,glass,glasses,glove,grass,gum,hair,hand,hat,horse,hose,jacket,jar,jeans,knife,ladder,lamp,leg,meat,melon,milk,mitten,motorcycle,mouth,muffin,nail,napkin,necklace,nose,orange,oven,owl,pajamas,pants,paper,pen,pencil,pickle,pillow,plant,plate,pony,pumpkin,purse,radio,raisin,refrigerator,rooster,scarf,scissors,shirt,shoe,shorts,shovel,shower,sink,slide,slipper,soap,sock,spoon,sprinkler,stick,strawberry,stroller,sweater,table,tape,toe,tooth,toothbrush,towel,toy,tray,tree,vacuum,watch,window
alligator,0.0,1.070066,1.2749133,0.849856,0.6923717,1.0530989,1.3555511,0.6824944,1.3492699,0.76622856,0.7453323,1.2542093,0.89958835,0.7466794,0.75476956,0.81024355,1.4806285,1.3697736,1.0340403,1.2866344,1.1263118,1.373429,1.4847945,0.93555117,0.8948449,0.6110829,1.1011865,1.2107371,0.8428329,1.0217224,1.0769482,0.8935053,1.0663384,1.0014225,0.7905317,1.4347316,0.8754249,1.4462202,0.61232764,1.054036,1.0929112,1.2148566,0.79805136,1.1447371,1.3288918,0.8115592,0.8222592,1.1962241,1.0568252,0.9618306,1.0250539,1.0650599,0.4719866,0.87516737,0.7224356,1.4013387,0.956187,0.9220967,1.0918112,0.8699769,0.78087443,1.3202021,0.6477105,0.73229915,0.7959112,1.157555,0.80767554,1.3904381,1.0020643,1.255225,1.3199599,0.8271305,0.71531874,1.1270144,0.6501979,1.1035845,1.0742339,0.866308,1.3521596,1.3984998,1.3473661,1.0284176,1.02865,1.1333406,0.68868285,0.7769952,0.85646176,0.8261878,1.3040893,1.4223799,0.70909995,1.3354988,1.1424454,1.1696559,0.60415065,1.0949942,0.8572086,1.3672417,1.2435547,0.97000355,0.899253,0.822005,1.2422968,0.74884343,1.0394204,0.90878177,1.4321845,1.1427372,1.0839916,0.76730597,1.3712721,1.3954195,0.9578637,1.3847113,1.2989212,1.1343306,1.1342763,1.0998864,0.7382653,0.7124748,1.2462555,1.2618964,1.090069,0.9680874,1.3704803,1.1495633,1.0527494,0.8766548,1.0973947,1.4021533,1.1001897
ankle,1.070066,0.0,0.9767175,1.0907377,0.93681175,0.7902596,0.9665139,1.175214,0.8673836,1.1721325,1.2204666,1.0216771,1.2556169,1.2059566,1.2571903,1.0160373,0.8668208,0.9299061,0.9795684,0.9587088,0.95550686,0.82623756,0.8840165,1.0399905,1.145726,1.1520461,1.0992762,0.74858284,1.105826,0.987515,0.6730343,1.0735719,1.1551095,1.2042242,1.192949,0.98573583,1.1187737,0.81542397,1.0342919,0.99485505,1.0573124,0.94122213,1.1877422,0.9852046,0.8616444,1.1121469,1.1914784,0.83512175,1.0367564,0.9373808,0.45921528,0.82838,0.9882388,1.0670801,1.1075246,1.0413257,0.39230967,1.0332694,1.0043564,1.2181447,0.9865511,0.91607165,1.1248735,1.2134764,1.1850394,0.8465417,1.2654777,0.9652993,1.1163187,0.8145232,1.0148215,1.0455709,1.1426573,0.87457156,0.9003248,0.73755133,1.1123265,1.0339284,1.0481313,0.82426286,1.1407368,1.0301418,1.045696,1.0409925,1.199413,1.2311479,1.2605579,0.9570454,0.90177536,0.9705362,1.1450984,0.9415309,0.8610193,0.9068611,1.086221,0.8523694,1.013987,0.8325689,1.0227575,1.1085808,1.1107793,1.1114796,0.90174514,1.2782553,0.17318946,1.1962727,0.87710875,1.1190815,0.9620288,1.1892362,0.538627,0.8384491,0.16984278,0.76287967,1.1166732,1.1871614,1.0762265,0.69357514,1.2525961,1.17736,0.81874394,0.7365889,1.0842632,0.9600708,0.8580619,0.88865197,1.087294,1.0504724,0.9711855,0.7668334,1.0771048
apple,1.2749133,0.9767175,0.0,0.9674596,1.2918267,0.51815486,0.40056717,0.76793075,0.8337023,1.5014421,1.481996,1.0024011,1.3960212,1.3765789,1.4114823,1.0981209,0.52975607,0.6970997,1.170136,0.46964532,1.060508,0.79593015,0.89993733,1.1682172,1.1103679,1.3836501,1.307093,0.81359833,1.288533,1.0289444,0.9088265,0.8489687,0.7329849,1.3580866,1.0170015,0.44116074,1.466607,0.5348066,1.2462814,0.9358362,1.374591,1.109863,1.3160157,0.7711645,0.5581427,1.2762241,1.12446,0.6950052,0.6785749,0.8651738,0.95185894,0.9836056,0.94274765,1.1557932,1.3578494,0.51639974,0.84288627,1.253363,0.66627264,1.0766246,1.114415,0.57554036,1.1570998,1.2187858,1.3099654,0.85788655,1.4030305,0.67825526,1.309866,0.8900491,0.7897328,1.0159054,0.81238776,1.0765648,1.19693,1.004395,0.803411,0.8834278,0.34717906,0.8655214,0.69330144,0.8271271,0.428725,1.3110057,1.3179344,1.4165053,1.381819,1.2554159,0.7111635,0.55914736,1.0564265,0.84456897,0.95375854,0.6615804,1.1517047,0.4053663,1.280593,0.8315459,0.49268126,1.4732265,1.179129,1.3001759,0.8181459,1.4178646,1.0503932,1.2565725,0.6266188,1.3217597,1.2158366,1.3539771,0.56856084,0.5622646,1.1545,0.52831393,0.75852406,1.0250881,0.54642516,1.0480036,1.3883643,1.486404,0.58262813,0.53132546,0.7410213,0.9284717,0.9007362,0.4456386,1.1599321,1.2020285,1.2856402,0.5653701,1.2691593
applesauce,0.849856,1.0907377,0.9674596,0.0,0.73348486,1.1050117,1.2708642,0.6598076,1.2522486,0.95041895,0.92844576,1.1700544,0.92290866,0.7926707,0.80801654,0.84830034,1.3322895,1.3686428,0.98223466,1.0937655,1.3263942,1.3143559,1.366513,1.0094713,0.7667675,1.0619285,1.1343261,1.3173499,1.0174803,1.0203915,0.92611915,0.92114,0.7858105,1.012799,0.74603975,1.1792464,1.0480752,1.3063293,1.0228741,1.0609949,1.192002,1.1899768,0.7436077,0.86235434,1.1528187,0.8781444,0.92470926,0.70162714,1.3287137,1.2365408,0.99922794,1.1407213,1.0383182,0.7808087,1.0636111,1.1134784,1.0825232,0.912294,0.8266195,0.884837,0.51038384,1.146953,1.0006877,0.8668993,0.7098849,1.2011875,0.8576025,1.3443809,1.0726051,1.4152124,1.1685058,0.96645707,0.7066491,1.2422421,0.72719383,1.2268472,0.61843437,0.91641974,1.076663,1.3195406,0.89024675,0.7598381,0.84291744,1.1305703,0.9534784,0.79236066,0.8787278,0.88766664,1.2713406,1.2495669,0.65642107,1.2344108,1.2323407,1.2881483,0.8480825,1.012313,0.9660244,1.3624917,1.1175225,1.07645,0.86211133,0.9340556,1.3170335,0.82007533,1.060736,0.757413,1.3849719,1.0861701,1.2374928,0.8439213,1.1753621,1.3108685,0.944112,1.3378987,1.2635962,0.9912311,0.99803567,1.2618849,0.78173894,0.9367417,1.1266108,0.8139948,0.7780077,0.93591714,1.3098652,1.1264491,1.1729195,1.0416642,1.2160379,1.1323142,1.075304
arm,0.6923717,0.93681175,1.2918267,0.73348486,0.0,1.264822,1.4202735,0.9428853,1.4077246,0.6326428,0.64103895,1.055553,0.80043364,0.59121054,0.58714455,1.0698782,1.4998999,1.4305027,1.2003003,1.2932506,1.0872419,1.4229414,1.356185,0.90546733,0.5848763,0.7857648,1.0927628,1.364923,0.918104,1.1434989,0.99454904,1.0869797,1.1456633,0.8381698,0.926821,1.388957,0.8190342,1.4837446,0.9005154,1.1508874,1.0435284,1.2396928,0.63646436,1.0667648,1.2997774,0.7104967,0.7923978,0.8296392,1.2567662,1.2647636,0.8629184,1.1183298,1.2584722,0.9711692,0.7440308,1.2850327,1.0112295,0.88582695,1.2199264,0.8169201,0.42029107,1.3683615,1.0026613,0.752586,0.6496732,1.3409276,0.5778551,1.3484324,1.0803863,1.4300585,0.9730248,0.9209988,0.8418591,1.1039196,0.5899442,1.276164,0.9387868,0.90650153,1.266567,1.3741443,1.1473556,0.84079325,1.1257967,1.076556,0.77981913,0.5161735,0.6018467,1.0231271,1.3293787,1.37134,0.80420053,1.2939461,1.2084842,1.4028591,0.7806455,1.1995603,0.82761014,1.4636322,1.3196688,0.8683641,0.8348466,0.86341596,1.3206593,0.5608383,1.0566872,0.52181613,1.4463462,0.8752672,1.095351,0.60329133,1.3935176,1.4220998,0.8366403,1.4418701,1.2350826,0.96267885,1.2519718,1.3162487,0.5827845,0.74757993,1.4599695,0.94776106,0.97329545,0.83208656,1.31647,1.4596459,1.219492,0.7790662,0.9621785,1.3068395,0.93123376
ball,1.0530989,0.7902596,0.51815486,1.1050117,1.264822,0.0,0.60476756,0.92424095,0.89261675,1.2224108,1.2449178,1.3028312,1.2019691,1.287403,1.2763004,0.9725589,0.8088161,0.83687836,0.9349768,0.8862716,1.0124372,0.7661029,1.0322196,0.978551,1.2570064,1.2046112,1.1890736,0.46685815,1.1189032,0.85794955,1.0892235,0.74069166,1.1062877,1.2262043,1.1663536,0.906674,1.2161431,0.749285,0.96562517,0.87505895,1.1450527,1.0050447,1.3073043,1.0056908,0.6404357,1.173388,1.1202637,1.121717,0.8991504,0.5835898,0.933634,0.92632765,0.8234861,0.834902,1.1288351,1.04982,0.756088,1.0906832,0.7796675,1.1752517,1.1968563,0.8241575,0.97571945,1.1723689,1.2494539,0.9329585,1.3935256,1.0218248,1.1577805,0.75040793,1.1618748,0.9474328,0.8435195,0.96909034,0.9678189,0.8336615,1.1281761,0.84265894,0.8511405,0.98295146,1.2177823,1.0170954,0.6759754,1.211642,1.0891912,1.3547131,1.3944539,0.9052895,0.92690265,0.9439038,1.0673441,0.9829693,0.9128635,0.70589656,1.0336865,0.35052013,1.1704223,0.880206,0.7009135,1.2730298,1.0884933,1.173078,0.9949697,1.3363091,0.76275104,1.3633517,1.0149794,1.2928512,1.0550299,1.1778979,0.82961076,0.7047665,0.88862807,0.7553947,1.1201239,1.2823799,0.9411012,0.8982783,1.3104595,1.191675,0.4626733,0.98209745,1.1134132,0.9742763,0.95067614,0.44905108,1.1064324,1.0693928,1.1339396,0.91874456,1.194298
balloon,1.3555511,0.9665139,0.40056717,1.2708642,1.4202735,0.60476756,0.0,1.1662455,0.6866103,1.4267268,1.4204369,0.9867703,1.2887577,1.4441885,1.4020231,1.0357503,0.29997134,0.46398145,1.0567113,0.57205725,0.9546711,0.5968263,0.5924513,1.0925893,1.3787842,1.2604369,1.1303608,0.49162143,1.1815318,1.0093718,0.9856989,0.9287693,0.98231953,1.2547847,1.2161198,0.3332733,1.3200977,0.35841608,1.2136917,0.91106236,1.1369166,0.9594812,1.3814924,1.0021114,0.55671203,1.3004797,1.2117285,1.0231245,0.5543974,0.68758297,1.047276,0.9256779,0.93050873,1.232435,1.2239449,0.5277256,0.85782826,1.1531523,0.75529075,1.2236701,1.4091947,0.5874474,1.1372237,1.3517063,1.386788,0.71211684,1.4546583,0.4167912,1.1910114,0.56958485,0.7158841,1.1864483,1.0840702,0.96471536,1.3347404,0.8533647,1.135344,1.1065652,0.4331988,0.60208154,0.8133725,1.1497428,0.8353394,1.1327558,1.3040568,1.4771395,1.4497501,1.1995702,0.561734,0.37806016,1.2250594,0.58816683,0.8109202,0.5796636,1.2650295,0.7006192,1.3218462,0.61749554,0.5112201,1.264956,1.2202214,1.3334668,0.6257774,1.4378115,1.039849,1.4092729,0.44931012,1.1647794,1.046627,1.3884089,0.5948803,0.4034472,1.1723056,0.41041505,0.57271844,1.0709547,0.72659826,0.84181106,1.4216098,1.4638178,0.5099946,0.8252433,1.0152984,0.85990965,0.6266163,0.4549821,1.0656958,1.1508166,1.0997626,0.5871519,1.1135631
banana,0.6824944,1.175214,0.76793075,0.6598076,0.9428853,0.92424095,1.1662455,0.0,1.158107,0.97649676,0.9657817,1.1849833,0.9378014,0.93855745,0.90642715,0.9429656,1.2740669,1.132814,0.98934376,0.9335869,1.2064133,1.1221807,1.3580402,1.0654615,0.8023473,1.0978605,1.1026251,1.1979415,1.1057916,1.0663767,1.0811603,0.7111839,0.5748602,1.0175178,0.46395063,1.101777,1.1084783,1.1789166,1.0257589,1.0319196,1.2895665,1.1586989,0.98058516,1.0285443,1.0122539,1.041604,0.95172936,1.0056896,1.1143064,1.0587404,1.1162273,1.0643404,0.7940299,0.8445248,1.0432107,1.1948894,0.99057597,1.060899,0.740373,0.94323784,0.82508284,1.1555405,1.0106449,0.67586905,0.96548456,1.2131629,1.0070488,1.2797405,1.1651759,1.3511807,1.2414012,0.7970009,0.44175017,1.140141,0.69576514,1.2117994,0.9053206,0.75643647,1.1201828,1.2362422,1.084549,0.9502859,0.40888697,1.1640649,0.9484378,1.0035889,1.0333834,1.0475298,1.2021598,1.2006773,0.43836766,1.1365564,1.1809603,0.9043263,0.8846459,0.8182834,0.89617157,1.2816286,1.0489283,1.2004459,0.9178062,0.98221105,1.1630177,0.9934296,1.0831066,0.9857098,1.2560128,1.1874919,1.128142,0.8467414,1.0986942,1.1816525,1.0519263,1.2106068,1.1843562,1.0215942,0.82729447,1.2553902,1.0024856,0.97752523,0.852135,1.0464073,0.8838977,0.98369515,1.2255136,0.86073256,0.8632283,1.0904028,1.2243285,1.1739259,1.1844077
basket,1.3492699,0.8673836,0.8337023,1.2522486,1.4077246,0.89261675,0.6866103,1.158107,0.0,1.2742866,1.2810693,0.8009698,1.0025743,1.3676391,1.3160347,0.815274,0.4986204,0.54350805,0.4930436,0.6851536,0.8599514,0.5302261,0.5333759,1.1327575,1.3420727,1.2994541,0.7720709,0.70417976,1.1049682,0.7999242,0.783216,1.0344605,1.0376287,1.0348605,1.1515365,0.62958026,0.8819015,0.53077376,1.1846298,0.9598763,0.9344743,0.6990342,1.3172064,1.1059059,0.8159153,1.2930648,1.2838342,1.1431499,0.93586594,0.7645732,1.053271,0.82977,1.0274333,1.0312251,1.2007108,0.8527752,0.9227649,1.0760236,0.7435229,1.289087,1.4128423,0.81905645,1.1125467,1.2856833,1.3260428,0.85680676,1.363781,0.6790616,0.80049473,0.69757384,0.8726164,1.0303997,1.190063,0.9317431,1.3023937,0.75768626,1.2028157,1.1277646,0.8876617,0.61279994,0.9965277,1.2925005,1.0154268,0.8052716,1.309422,1.4043481,1.3215339,1.015961,0.7007588,0.66656834,1.1500763,0.6396666,0.77170783,0.66110104,1.3146933,0.83560145,1.0067601,0.48395807,0.8215319,1.1172812,1.272884,1.2380689,0.7607537,1.4266357,0.85774195,1.3295617,0.6359668,1.0517436,0.8770009,1.2961462,0.71523196,0.5778609,0.9879752,0.6693164,0.7808222,0.9973235,0.8429345,0.7415726,1.3929756,1.2061281,0.55975497,1.0542997,1.1680646,1.0685529,0.6075675,0.603442,0.61271507,1.1072937,0.940518,0.71357566,1.0312555
bathtub,0.76622856,1.1721325,1.5014421,0.95041895,0.6326428,1.2224108,1.4267268,0.97649676,1.2742866,0.0,0.41394418,1.1177065,0.5762818,0.6400433,0.57360226,0.85159594,1.5072575,1.1602099,0.8108685,1.5209489,1.1227357,1.2052667,1.2936308,0.7532612,0.83762205,0.7648393,0.80643666,1.2400398,0.71456754,0.92964786,1.2228134,1.0476153,1.2967407,0.6959143,0.9751741,1.4800327,0.57155997,1.4603983,0.8550942,1.154081,0.71302915,0.85225,0.82639843,1.27512,1.3567382,0.7943838,0.8141664,1.2930019,1.3582836,1.1267959,1.2046852,1.1153623,1.1630383,0.73299354,0.5691482,1.434529,1.3910577,0.71039766,1.2117074,0.9349375,0.80276084,1.5020733,0.8707712,0.635469,0.7329869,1.3155376,0.7440432,1.3151684,0.7990311,1.1853515,1.3900363,1.038057,0.95620555,1.0739344,0.76287675,1.09713,1.1682816,1.0458477,1.4863436,1.4047382,1.3826996,1.1066519,1.2703099,0.81704766,0.7237376,0.65306264,0.7901734,0.809927,1.3018293,1.4047613,0.83138245,1.3394516,1.1632956,1.2067254,0.7719243,1.3281014,0.8349029,1.3127829,1.3684078,0.5339664,0.83339155,0.83845186,1.3392898,0.6662585,1.16379,0.8556478,1.4898046,0.51023054,0.5021988,0.48361754,1.5769973,1.427471,1.0650055,1.479719,1.2446454,1.1392474,1.3683466,1.137549,0.68941486,0.36364198,1.290902,1.442374,1.1377476,0.8640711,1.3375456,1.244921,0.818082,0.79415095,0.75585973,1.4558837,0.74730796
bed,0.7453323,1.2204666,1.481996,0.92844576,0.64103895,1.2449178,1.4204369,0.9657817,1.2810693,0.41394418,0.0,1.0308834,0.26822406,0.46173686,0.1678884,0.82108593,1.5511559,1.3272514,0.9116178,1.5327995,1.359669,1.3746872,1.4015783,0.78430414,0.9581325,0.6185832,0.61265516,1.3403704,0.67338717,0.8792407,1.4199286,1.1355412,1.2614105,0.2807055,0.8435538,1.51924,0.34377313,1.5695001,0.76208496,1.0960817,0.8718839,1.1766238,0.69801784,1.3318678,1.4791076,0.63961,0.7804322,1.3808641,1.3170376,1.1369039,1.293837,1.2359561,1.1111492,0.7533591,0.55546623,1.4347129,1.332491,0.7727532,1.2976896,0.9085088,0.8992863,1.4731076,0.786669,0.6975233,0.53778875,1.3497639,0.4500054,1.3303277,0.8587557,1.3565739,1.4417832,1.1149822,0.92938083,1.2092379,0.7841438,1.0630606,1.2013161,1.1442931,1.510561,1.4109018,1.3496823,1.2603247,1.3120198,0.8953287,0.6185612,0.39362395,0.54481196,0.7902717,1.4418406,1.4606483,0.7925918,1.0833188,1.1469982,1.409471,0.69245505,1.247729,0.70570296,1.3763822,1.4122654,0.6522163,0.9634449,0.69367325,1.5016443,0.41536272,1.2349159,0.6493827,1.547358,0.6632073,1.0170344,0.21281528,1.5928785,1.5921755,1.1307265,1.5799071,1.2001762,1.1172004,1.2731853,1.1553029,0.44721866,0.2814281,1.422535,1.4876232,1.2785275,0.98250157,1.2840805,1.259278,0.9309413,0.7999657,0.879364,1.5294873,0.8024286
belt,1.2542093,1.0216771,1.0024011,1.1700544,1.055553,1.3028312,0.9867703,1.1849833,0.8009698,1.1177065,1.0308834,0.0,0.8497901,1.0176983,0.8558157,1.0684532,0.8257085,0.80600077,0.99898547,0.7047715,0.88456416,0.8547885,0.70363164,1.1674976,0.9321691,1.1591835,0.637679,1.1880745,1.2503827,1.0546575,0.751128,1.2988281,0.9355232,0.83809197,0.9920918,0.7355892,1.0296803,0.8481076,1.2726984,1.1097852,1.0314761,0.77352905,0.9908764,1.0188825,0.9191188,0.9949826,1.2430893,0.8073374,0.8626265,1.2892785,0.9709993,1.0837526,1.119929,1.2975985,1.2884521,0.7952149,0.9259205,1.1712079,0.997319,1.1659622,1.1281763,0.8455388,1.2196879,1.1080673,0.995871,0.996812,0.8323204,0.7399188,0.97352195,1.0148311,0.7118423,0.96754926,1.2649416,0.91464156,1.1788546,1.0295708,1.0454602,1.093025,0.86008644,0.667354,0.6735114,1.0961759,1.0748364,0.76513904,1.2253469,0.92687005,0.7525659,1.2178106,0.6919608,0.6853355,1.0936977,0.5852593,1.0654669,0.8634205,1.285672,1.1840229,0.61029816,0.7715866,0.9080591,1.1247201,1.0365028,0.88675046,0.7909734,1.0052918,0.97292566,0.6844069,0.60394853,1.0205082,0.80843514,1.1287621,0.72027874,0.8947681,1.0477808,0.73276293,0.7588347,0.8551568,0.8186886,0.9902302,0.99283725,1.192724,1.1075127,0.86564904,0.87944543,1.0753624,0.66863716,1.1414479,0.7379006,1.1770203,0.9814128,0.6403196,1.0413743
bench,0.89958835,1.2556169,1.3960212,0.92290866,0.80043364,1.2019691,1.2887577,0.9378014,1.0025743,0.5762818,0.26822406,0.8497901,0.0,0.6395904,0.29033995,0.87997603,1.4046555,1.2075843,0.63445866,1.349,1.258757,1.151829,1.179326,0.9021031,0.94215757,0.85873336,0.3245741,1.2964917,0.8783129,0.805184,1.3095325,1.0911775,1.1661397,0.20461226,0.7669449,1.3532405,0.39910787,1.4388813,0.85081583,1.0927578,0.86476904,0.95807195,0.70082486,1.3320093,1.376008,0.8864087,0.9199883,1.3507507,1.3116245,1.1693501,1.2583439,1.1890275,1.1247741,0.77347577,0.816255,1.4208843,1.2771052,0.93714577,1.0249567,0.98619,0.97749716,1.378075,0.84601736,0.7800888,0.7301316,1.3827226,0.5589516,1.3105867,0.6900026,1.3430448,1.3458779,0.9916797,0.9089204,1.1266246,0.7217448,1.0841767,1.1848761,1.1025249,1.4807047,1.1882943,1.2776273,1.2778835,1.1818302,0.84868497,0.79665744,0.5826781,0.59798884,0.92063636,1.313092,1.356076,0.71736544,0.8385733,1.1665404,1.2745125,0.8755674,1.2441213,0.49399048,1.1940354,1.351954,0.7685933,0.9400233,0.7822715,1.3975443,0.6233782,1.2044427,0.6577387,1.4564154,0.8184401,0.91107035,0.38858747,1.4717411,1.4153314,1.1409383,1.5159085,1.2148681,0.9967029,1.1560271,1.1170981,0.6457187,0.4828694,1.2141742,1.4383594,1.2135344,1.0078807,1.0484151,1.1457198,0.7089142,0.9069245,0.82837594,1.4359813,0.8816825
bib,0.7466794,1.2059566,1.3765789,0.7926707,0.59121054,1.287403,1.4441885,0.93855745,1.3676391,0.6400433,0.46173686,1.0176983,0.6395904,0.0,0.41882896,0.909871,1.4845145,1.4836133,1.0729901,1.4755458,1.2389247,1.3825861,1.4070323,0.84907913,0.7612869,0.7327559,0.97117674,1.3715739,0.83369887,1.1426754,1.288927,1.1271565,1.1149253,0.73951036,0.8437754,1.5075712,0.7010268,1.5357387,0.8377131,0.9226156,1.03951,1.3396957,0.5640114,1.0860662,1.4165791,0.68940717,0.7245071,1.1118187,1.3939675,1.1726507,1.1041105,1.2190086,1.1465082,0.86007774,0.7631225,1.3388277,1.1895411,0.917471,1.2167214,0.748531,0.63130414,1.2532575,0.9216677,0.7351328,0.38023627,1.2659568,0.34883046,1.439319,0.9616301,1.4858208,1.2225864,1.0043244,0.8426311,1.0987395,0.64686793,1.0955762,0.9356386,1.0460193,1.4068979,1.2997209,1.0979807,0.9961015,1.2284665,1.0806638,0.6945933,0.27856934,0.3437841,0.7734171,1.4647762,1.5118796,0.9455019,1.3285912,1.2384142,1.5268737,0.81338346,1.2412338,0.6200856,1.5071123,1.3977128,0.88265234,0.8390523,0.6634379,1.4177942,0.2570734,1.1731219,0.3215779,1.5140951,0.8355715,1.2047437,0.5303006,1.4574163,1.5016557,1.0186731,1.531793,1.3249664,1.0830951,1.3066338,1.150559,0.35965478,0.6058039,1.4451299,1.2353361,1.0142903,0.809546,1.2299207,1.3131434,1.1690776,0.84380627,0.99104244,1.3445477,1.0031897
blanket,0.75476956,1.2571903,1.4114823,0.80801654,0.58714455,1.2763004,1.4020231,0.90642715,1.3160347,0.57360226,0.1678884,0.8558157,0.29033995,0.41882896,0.0,0.9518307,1.5494826,1.3871583,1.016904,1.4041088,1.317904,1.3757765,1.3731898,0.87159073,0.8144268,0.63741875,0.67417896,1.3946173,0.8831607,1.0117117,1.3586476,1.1246173,1.1194277,0.39700365,0.7621354,1.4405248,0.54696953,1.5889137,0.8885521,1.1287304,1.0345242,1.2241554,0.6804642,1.2344887,1.4040048,0.5291474,0.83736265,1.2040486,1.2918437,1.2104967,1.2261869,1.309131,1.1149124,0.8801525,0.7673782,1.3960018,1.2487626,0.8519774,1.1813335,0.92693347,0.7879812,1.3930663,0.8533782,0.6774573,0.41801763,1.4292452,0.3805406,1.3675224,0.984673,1.5022633,1.3136559,1.061186,0.79519403,1.1387504,0.62281966,1.1402395,1.0907834,1.0738659,1.431232,1.2801259,1.1682711,1.1621003,1.186842,0.9710794,0.64557713,0.31185836,0.45026875,0.9098281,1.3962978,1.4097475,0.757371,0.94851744,1.2825137,1.4216087,0.8004595,1.2368498,0.5205861,1.4301275,1.3517138,0.85062194,0.87394255,0.61835504,1.4479052,0.34908307,1.2314587,0.42861313,1.5186079,0.78907716,1.1028302,0.3507862,1.5215179,1.5871339,1.1161499,1.5756325,1.2362771,1.0160791,1.168737,1.2391608,0.35764313,0.555404,1.4417346,1.3783996,1.1131713,0.95989686,1.1294438,1.3584793,1.0250973,0.8459761,1.0328563,1.4290166,0.9460072
book,0.81024355,1.0160373,1.0981209,0.84830034,1.0698782,0.9725589,1.0357503,0.9429656,0.815274,0.85159594,0.82108593,1.0684532,0.87997603,0.909871,0.9518307,0.0,1.0332322,0.84479177,0.50270635,1.219568,1.2218999,1.0800483,1.1715174,0.87464756,1.1870204,1.1125772,0.93511564,1.0049325,0.8597136,0.75488853,1.0095383,1.0920576,1.0397952,0.9458946,0.91577786,0.9919103,0.7978425,1.0852675,0.94501513,0.86788195,1.0465173,0.8542063,1.0863904,1.1854,1.174651,1.0274472,0.96096087,1.2517172,1.0826051,0.9577154,1.0395142,0.9411915,0.78502715,0.657604,0.86159754,1.1130178,1.1305246,0.987059,0.7754692,1.0522981,0.99606526,1.1471447,0.91702515,0.8901385,0.8143814,1.0899049,1.0541487,1.0464488,0.96500176,1.0543921,1.2419478,1.101405,1.1187342,1.2351279,1.004801,0.93716925,1.1497812,1.2070717,1.1511748,1.1966475,1.1967438,1.2805822,1.2496142,0.88784593,1.1264981,1.0026532,1.1359938,0.41409326,0.9293194,0.95282227,0.99914265,1.0277412,0.99616694,0.8977414,0.9460487,1.0944316,1.0060184,0.92138225,1.1678939,1.0503719,1.1010466,0.9883853,1.1600091,0.97429067,0.9717679,1.1851915,1.1793069,1.097246,1.0485382,0.8532071,1.1178198,1.1514028,0.97907174,1.148083,0.99535143,1.1805414,1.0588039,0.98493105,0.93902344,0.66599596,0.95156485,1.2313265,1.2168751,0.7340106,1.1750741,0.6625839,0.7611762,1.0140858,1.028632,1.1440911,1.0954522
bottle,1.4806285,0.8668208,0.52975607,1.3322895,1.4998999,0.8088161,0.29997134,1.2740669,0.4986204,1.5072575,1.5511559,0.8257085,1.4046555,1.4845145,1.5494826,1.0332322,0.0,0.32372862,1.0034205,0.5307572,0.80643916,0.33674943,0.27171415,1.1757438,1.4160087,1.309052,1.050511,0.6174428,1.239261,1.0273644,0.87183213,1.0294753,0.989986,1.3153344,1.3177766,0.25070906,1.3299499,0.09508586,1.2783934,0.90294373,1.0544528,0.8994777,1.4192634,0.94494385,0.6554001,1.3318462,1.2923276,0.99349797,0.5623951,0.79569316,0.9004508,0.8578011,0.9926673,1.2747415,1.316196,0.38357645,0.8290886,1.184968,0.78792655,1.2822478,1.4862826,0.51010215,1.1833577,1.3867769,1.4750504,0.57734764,1.4509104,0.23994994,1.1037285,0.45570338,0.51339185,1.1895566,1.2957445,0.84771156,1.4675436,0.77327096,1.1386486,1.2788453,0.4718001,0.37568277,0.720464,1.1826694,0.9934596,0.9569608,1.4728627,1.5693026,1.4169234,1.2089972,0.4287541,0.2912612,1.3615919,0.51210976,0.69767237,0.6012025,1.3452485,0.8055184,1.3006073,0.43929422,0.5841689,1.1767491,1.2992723,1.3648841,0.47915596,1.5390612,0.9546836,1.397989,0.22263712,1.0983398,0.9484688,1.5039043,0.4541844,0.24804103,1.0880873,0.30333805,0.46996582,1.0175662,0.8028363,0.7398374,1.5278769,1.5051849,0.5168583,0.77262425,1.0614237,0.85256386,0.42527503,0.50148225,0.9493028,1.2051178,0.9462598,0.47720194,1.1092137
bowl,1.3697736,0.9299061,0.6970997,1.3686428,1.4305027,0.83687836,0.46398145,1.132814,0.54350805,1.1602099,1.3272514,0.80600077,1.2075843,1.4836133,1.3871583,0.84479177,0.32372862,0.0,0.77871895,0.6402286,0.8644917,0.36366868,0.41811228,1.0501362,1.3903408,1.3037901,0.91414845,0.62503844,1.2111,0.90931904,0.9104386,1.0213735,1.028649,1.1699256,1.189664,0.4129256,1.1629822,0.2767669,1.2555655,1.0594677,1.0957566,0.6565894,1.450559,1.1635051,0.59757674,1.2278397,1.289633,1.1655412,0.55077565,0.8064868,1.0262053,0.90685743,1.014474,1.1263878,1.1262066,0.6006083,0.9729582,1.0666159,0.8226659,1.3351216,1.4710219,0.7940469,1.1650685,1.1709021,1.4077907,0.754621,1.4762805,0.3157686,1.0883027,0.450902,0.752007,1.1217672,1.2357974,0.7595951,1.3765748,0.91265744,1.2366807,1.1998967,0.6739874,0.55589694,0.93880063,1.2642742,0.9534683,0.82040334,1.361239,1.5163288,1.4793236,1.1048849,0.42949617,0.32896078,1.1871636,0.44526345,0.78785604,0.29524797,1.2861952,0.91975164,1.2626126,0.47051787,0.7264071,1.1270031,1.2188487,1.380285,0.69976044,1.4922237,0.96218157,1.4865327,0.4199754,1.0634582,0.6625397,1.3277441,0.6535321,0.55896914,1.0974573,0.4286105,0.46554792,1.1105376,0.8476263,0.90204334,1.459312,1.2359247,0.5073751,1.0120839,1.1096114,0.89656425,0.61925375,0.58637416,0.59023255,1.1978939,1.0359261,0.7413578,1.0327712
box,1.0340403,0.9795684,1.170136,0.98223466,1.2003003,0.9349768,1.0567113,0.98934376,0.4930436,0.8108685,0.9116178,0.99898547,0.63445866,1.0729901,1.016904,0.50270635,1.0034205,0.77871895,0.0,1.15921,1.0494378,0.68345386,0.8514217,0.99749273,1.2240556,1.2390851,0.56114143,0.9240802,0.87221706,0.65613997,1.0240974,0.9773379,1.0991498,0.80565983,0.9328566,1.0925528,0.6239763,0.96596193,1.0059153,0.89874005,0.759572,0.55783594,1.1061307,1.3063524,1.089999,1.1769365,1.129959,1.3439008,1.2599063,0.9746426,1.1857668,0.91209596,0.9144017,0.62320644,0.8283852,1.3059149,1.095426,1.0505768,0.7303597,1.209777,1.1637125,1.2258489,0.9827007,1.015346,1.0459175,1.0711219,1.1606896,1.1020918,0.64662045,0.90067345,1.2840677,1.0328225,1.1013792,1.0343028,1.0241811,0.9140989,1.2303536,1.1609311,1.3169465,0.9924034,1.3534113,1.2681793,1.1164451,0.6538818,1.2274712,1.1260412,1.1723535,0.69880056,1.0396258,1.1026429,0.92576814,0.89697635,0.9649901,0.9087235,1.083142,1.0423093,0.7566997,0.71345156,1.1371555,0.830663,1.1292113,1.0385157,1.1482142,1.1339782,0.9256455,1.2290511,1.1746578,0.96242785,0.74247265,0.93636364,1.1588848,0.98688954,0.9462931,1.1460751,1.1050031,1.1287777,1.0039326,0.85542244,1.1188873,0.7059939,0.66505706,1.3347453,1.2253108,0.9989879,0.9806732,0.6875031,0.51657426,1.0678343,0.80801976,1.2066686,1.0090075
bread,1.2866344,0.9587088,0.46964532,1.0937655,1.2932506,0.8862716,0.57205725,0.9335869,0.6851536,1.5209489,1.5327995,0.7047715,1.349,1.4755458,1.4041088,1.219568,0.5307572,0.6402286,1.15921,0.0,0.84546566,0.75509,0.6808699,1.2883093,1.0240507,1.3271474,1.1928427,0.88216084,1.399225,1.0559162,0.7320845,0.9006287,0.6753176,1.3460054,0.9266721,0.41597503,1.4621756,0.49213088,1.363672,1.0044838,1.3148844,0.9246058,1.2770569,0.8478718,0.4431587,1.3220865,1.2775993,0.64511275,0.6135029,1.0640281,0.90957785,0.959941,0.94501823,1.3178909,1.4539766,0.45614493,0.79226077,1.2588276,0.7644222,1.1519223,1.2498472,0.54005563,1.1686498,1.353225,1.4074924,0.77005774,1.4080398,0.57628655,1.2122991,0.89384294,0.5541716,0.79197055,0.9673381,0.84755856,1.281586,1.1086019,0.8832729,0.75191534,0.40823478,0.60405827,0.50105953,0.8909506,0.51627433,1.1378325,1.3688921,1.4838902,1.3385186,1.3549215,0.6334047,0.4907738,1.05183,0.6398045,1.0384154,0.49293458,1.2985511,0.72613174,1.1736189,0.72249615,0.49488163,1.4486015,1.1366947,1.1960939,0.57646734,1.5046749,0.98924214,1.2118846,0.3497976,1.2608744,1.0741146,1.4937279,0.37019444,0.46703815,1.1235621,0.38899732,0.596839,0.77710795,0.44815934,1.0769566,1.4773579,1.5846947,0.685596,0.50747705,0.7431608,1.1605144,0.68595463,0.7667802,0.91729,1.2969024,1.2947981,0.3775779,1.1942776
broom,1.1263118,0.95550686,1.060508,1.3263942,1.0872419,1.0124372,0.9546711,1.2064133,0.8599514,1.1227357,1.359669,0.88456416,1.258757,1.2389247,1.317904,1.2218999,0.80643916,0.8644917,1.0494378,0.84546566,0.0,0.9040768,0.6369735,1.155974,0.85906446,1.0856992,1.0286579,0.7819743,1.1492093,0.9703015,0.71046066,0.9448094,1.0943341,1.2690837,1.2135423,0.8007364,1.1510725,0.8406671,1.1414001,1.0261091,0.8158935,0.7539795,1.1992937,0.95770985,0.7856353,1.1906693,1.1929975,0.9425925,0.89015764,0.9055934,0.855779,0.6405679,1.1298167,1.141653,1.1413748,0.98023045,0.98324656,1.1041104,1.0644735,1.182317,1.1903079,0.9630512,1.0887468,1.0808485,1.3244784,0.92849594,1.2017726,0.76442075,0.8133553,0.71916914,0.55054754,0.9615843,1.143949,0.61784756,1.1308379,1.0014206,1.0816721,0.99535227,0.99358046,0.62523836,1.007278,0.9364284,1.0292277,1.0399946,1.1549134,1.2613637,1.0988523,1.0735509,0.6419409,0.7992758,1.139982,0.88455933,0.9209502,0.8648873,1.1692219,1.1011984,1.0446535,0.83896965,0.94295096,1.0371991,1.0456188,1.1684066,0.49067414,1.3089082,0.9517481,1.1337675,0.6728215,0.957214,0.8060452,1.3447506,0.92283857,0.68843544,1.0184617,0.80582637,0.87677723,0.83030605,0.9737566,0.9328102,1.2952343,1.2639806,0.9494818,0.98293084,0.9865109,1.0101556,0.639179,1.1190567,0.92343867,1.0032424,0.5980276,0.88156945,0.9909429
bucket,1.373429,0.82623756,0.79593015,1.3143559,1.4229414,0.7661029,0.5968263,1.1221807,0.5302261,1.2052667,1.3746872,0.8547885,1.151829,1.3825861,1.3757765,1.0800483,0.33674943,0.36366868,0.68345386,0.75509,0.9040768,0.0,0.27290463,1.157867,1.3419492,1.2986736,0.76255226,0.66442287,1.1601214,0.9555565,0.91269934,0.9671202,1.0136757,1.1312627,1.2175132,0.65611583,1.1094291,0.24582136,1.2180251,0.9470348,0.9271439,0.78678656,1.371537,1.077998,0.7181031,1.2550611,1.3403356,1.144316,0.8211335,0.8716128,1.0178673,0.94553494,0.974627,1.1547486,1.1893857,0.8562807,0.8004414,1.0998181,0.7388016,1.3299189,1.397052,0.7340841,1.1522616,1.210626,1.4151946,0.7145814,1.3651711,0.6441458,0.9664208,0.53677785,0.8436351,1.0452118,1.1961598,0.71332645,1.235015,0.7559074,1.2250241,1.1683948,0.8812378,0.47946358,1.0341923,1.2049662,0.896776,0.75816417,1.4261374,1.4521408,1.3502935,1.1575534,0.717744,0.67059743,1.2364988,0.58191323,0.7385503,0.58279955,1.3387547,0.85738,1.0437104,0.50908494,0.74338645,0.95564103,1.0796621,1.2768298,0.723562,1.433044,0.8372034,1.3253664,0.54830635,1.0405655,0.65212595,1.3547539,0.6871921,0.44624972,0.9334328,0.49743044,0.8407969,1.1023934,0.885848,0.69503766,1.4415271,1.2523531,0.36131346,1.0236385,1.1376966,1.0226353,0.51154697,0.5987239,0.6681824,1.2127253,0.8177026,0.8116083,1.0606762
can,1.4847945,0.8840165,0.89993733,1.366513,1.356185,1.0322196,0.5924513,1.3580402,0.5333759,1.2936308,1.4015783,0.70363164,1.179326,1.4070323,1.3731898,1.1715174,0.27171415,0.41811228,0.8514217,0.6808699,0.6369735,0.27290463,0.0,1.1612908,1.3027849,1.2063292,0.73017776,0.72215974,1.1278443,0.9362911,0.8686105,1.1157984,1.1071899,1.0985687,1.3161932,0.5501499,1.0889848,0.3048377,1.2908943,1.0219705,0.69824636,0.6975352,1.28562,1.0308099,0.7176943,1.2125514,1.3619766,1.0374341,0.78475434,0.95060784,0.9975566,0.9528695,1.1781167,1.2705779,1.2453227,0.70205057,0.9628719,1.1063087,0.9760939,1.312181,1.4551885,0.7077726,1.1915755,1.3602946,1.4216532,0.7654776,1.2657042,0.3978939,0.84225506,0.48783165,0.50803494,1.1771549,1.3748446,0.5672531,1.4471959,0.849849,1.2156041,1.2651094,0.82705355,0.24538517,0.8927986,1.1920613,1.0669148,0.69530076,1.4186473,1.4022232,1.1991708,1.176532,0.60577,0.5450659,1.316415,0.47113216,0.7208189,0.7059327,1.3689253,1.033662,1.1272486,0.43323874,0.77243614,0.822812,1.1367543,1.3042257,0.5433444,1.4209948,0.94399637,1.1916349,0.33835316,0.832199,0.6962495,1.4284207,0.6984786,0.45519292,1.0277331,0.4673587,0.6395458,0.85943735,0.93112874,0.74797004,1.4152727,1.3168739,0.6743661,0.9777101,1.108617,1.0890522,0.3161642,0.89269984,0.76732713,1.1447554,0.7384788,0.73665285,0.86470795
car,0.93555117,1.0399905,1.1682172,1.0094713,0.90546733,0.978551,1.0925893,1.0654615,1.1327575,0.7532612,0.78430414,1.1674976,0.9021031,0.84907913,0.87159073,0.87464756,1.1757438,1.0501362,0.99749273,1.2883093,1.155974,1.157867,1.1612908,0.0,1.130297,0.8839318,0.946583,1.0170776,0.8496256,0.80077755,1.2020805,1.0442616,1.2167113,0.8595246,1.1730525,1.2213889,0.84571815,1.1913999,0.82339257,1.0449378,0.96964324,1.0861566,0.9570381,1.1318712,1.2332304,0.8520813,0.85831577,1.2430446,1.1670237,0.91537297,1.1349555,1.0089939,1.0671828,0.97173554,0.8026347,1.13123,1.1945614,0.8694572,1.2439249,0.9060435,0.99749404,1.1232426,0.8455211,0.86058366,0.8177521,1.1890543,0.94072163,1.0751393,0.98684615,1.0166321,1.2762916,1.096761,1.050396,1.0417101,1.0039173,0.840727,1.0795147,1.1401947,1.1969995,1.2570466,1.2279596,1.0777137,1.2170302,0.9212987,0.8196324,0.8266722,0.9638594,0.8633068,1.1031358,1.1551765,1.0375388,1.1755434,0.96347684,1.1019437,0.8072531,1.057197,1.036768,1.0694103,1.1225629,0.83103263,0.9656767,0.9459824,1.2541373,0.82683,1.0243518,1.0410322,1.2463287,0.93226665,1.0086576,0.77516687,1.2462162,1.2805662,0.99988467,1.2041523,1.1338773,1.2010038,1.2333194,0.8735791,0.81375825,0.7466421,1.138754,1.2500525,1.210362,0.9764796,1.2222313,1.0819365,1.0643325,0.83972055,0.9962199,1.2741191,0.9086569
carrot,0.8948449,1.145726,1.1103679,0.7667675,0.5848763,1.2570064,1.3787842,0.8023473,1.3420727,0.83762205,0.9581325,0.9321691,0.94215757,0.7612869,0.8144268,1.1870204,1.4160087,1.3903408,1.2240556,1.0240507,0.85906446,1.3419492,1.3027849,1.130297,0.0,1.0100774,1.0951369,1.3533934,1.1184256,1.1676478,0.912099,0.9480302,0.7846412,1.0429363,0.7562642,1.1271298,1.0806934,1.3716753,1.1057097,1.1572647,1.1552278,1.1206738,0.75625587,0.76898634,1.0111473,0.9885949,1.0323846,0.595961,1.1469357,1.3782117,0.9079788,1.0675082,1.2248813,0.96555877,1.0487307,1.10819,1.0614161,1.1226152,0.9637845,0.93065345,0.57014495,1.2209606,1.0695137,0.6023235,0.8722974,1.2333341,0.73821044,1.3007662,0.91633874,1.3646414,0.85253274,0.7954634,0.7995207,1.0103709,0.6395434,1.323564,0.78764987,0.7421347,1.0468131,1.1616412,0.80375177,0.6115296,0.7815846,1.2270033,0.93328196,0.8143375,0.71931374,1.0729452,1.1016009,1.2078263,0.7508296,1.2795749,1.3236794,1.1950074,1.0366093,1.1116912,0.82495445,1.4534767,1.1832886,1.1278783,0.7287448,0.8203694,0.97675043,0.8165071,1.1161456,0.59562457,1.1802874,1.0548029,1.0560553,0.8228914,1.1593144,1.2669436,1.0076405,1.2283318,1.1464803,0.6903691,1.0601692,1.2848892,0.85920846,0.94696736,1.2718805,0.8454722,0.7023921,0.798944,1.1739835,1.3611132,1.1067773,1.0356212,0.9492833,0.9264492,1.0189891
cat,0.6110829,1.1520461,1.3836501,1.0619285,0.7857648,1.2046112,1.2604369,1.0978605,1.2994541,0.7648393,0.6185832,1.1591835,0.85873336,0.7327559,0.63741875,1.1125772,1.309052,1.3037901,1.2390851,1.3271474,1.0856992,1.2986736,1.2063292,0.8839318,1.0100774,0.0,1.044829,1.1952882,0.853461,1.0004553,1.1868424,1.0679116,1.2493018,0.84681,1.0983866,1.3927771,0.73228776,1.355014,0.34170723,1.0825793,0.9084564,1.2453908,0.7948493,1.1287327,1.3194485,0.6171148,0.81914794,1.2034173,0.91942537,0.9989499,1.1352373,1.215442,0.87489676,0.9771638,0.7629733,1.1723304,1.1209348,0.75474083,1.4431266,0.8743528,0.8857933,1.2456276,0.55004704,0.90966463,0.8314017,1.1516861,0.6829218,1.1240526,1.0130568,1.1665598,1.087418,1.0587728,0.97059304,0.97630286,0.91905737,0.9993978,1.138018,1.0795465,1.2978008,1.2568076,1.2017732,1.114382,1.2649323,1.0003259,0.52513385,0.70745105,0.7428316,1.0071439,1.2739153,1.3036208,1.0523363,1.189166,1.0498463,1.3296866,0.5216216,1.2187356,0.96537805,1.2488261,1.2473769,0.7877225,0.825003,0.8238096,1.1873304,0.6980294,1.1792988,0.8336889,1.2517582,0.7350095,1.0292569,0.8143097,1.3540056,1.3568385,1.1102984,1.3333759,1.144299,0.9881157,1.2742693,0.9815416,0.70759696,0.70262235,1.4272215,1.3187451,1.1462915,1.0907619,1.2279238,1.3891411,1.1394279,0.8621783,1.0640854,1.3054618,0.8477718
chair,1.1011865,1.0992762,1.307093,1.1343261,1.0927628,1.1890736,1.1303608,1.1026251,0.7720709,0.80643666,0.61265516,0.637679,0.3245741,0.97117674,0.67417896,0.93511564,1.050511,0.91414845,0.56114143,1.1928427,1.0286579,0.76255226,0.73017776,0.946583,1.0951369,1.044829,0.0,1.1044989,0.9357531,0.7355393,1.1042725,1.2166929,1.168016,0.30378997,0.9298775,1.1474476,0.4910642,1.0973787,1.0054413,1.052006,0.7061386,0.78148353,0.8952356,1.2720242,1.243762,1.0311124,1.2278007,1.3038719,1.1469964,1.1049439,1.2539225,1.0187887,1.0394715,0.94487053,0.9923483,1.3243793,1.1202501,1.0321751,0.9973466,1.2116895,1.2064792,1.1693599,0.9998499,0.90571964,1.0510827,1.1246474,0.8015791,1.0304408,0.52081686,0.94296086,1.1493717,1.0019288,1.1858392,0.91476405,1.0268043,0.87048554,1.306296,1.2501011,1.4404566,0.8144094,1.2680082,1.3670863,1.2087312,0.5768236,1.086221,0.91640836,0.8132507,0.9125169,1.0299948,1.1183015,0.9101193,0.57190484,0.8910585,1.0242463,1.0904301,1.1868981,0.54823554,0.76299274,1.2124887,0.67016995,1.0808173,0.97781295,1.0933833,0.9299166,1.0516108,0.8740758,1.0623767,0.8472629,0.67644536,0.6975768,1.2280432,1.1782756,1.0805652,1.1419413,1.0841122,0.9746549,1.0407171,0.7814591,0.97315073,0.6249792,1.0278677,1.3874056,1.3063271,1.1518679,0.7632666,0.9982603,0.54394037,1.040696,0.634493,1.2568022,0.8689687
clock,1.2107371,0.74858284,0.81359833,1.3173499,1.364923,0.46685815,0.49162143,1.1979415,0.70417976,1.2400398,1.3403704,1.1880745,1.2964917,1.3715739,1.3946173,1.0049325,0.6174428,0.62503844,0.9240802,0.88216084,0.7819743,0.66442287,0.72215974,1.0170776,1.3533934,1.1952882,1.1044989,0.0,1.0729594,0.9053527,0.96759844,0.8379056,1.2228043,1.2424347,1.322243,0.79390174,1.1757165,0.6068151,1.063132,0.90776473,0.93627846,0.7597107,1.4169507,1.0978287,0.4959011,1.1624919,1.1784079,1.2150823,0.8366219,0.40699756,0.96489906,0.72169226,0.942378,0.98186916,1.129217,0.99180317,0.81610113,1.0966762,0.9108848,1.2588494,1.3911437,0.76941836,1.0919796,1.204382,1.3370869,0.7822746,1.4271979,0.774014,1.0757145,0.43286788,0.9878641,1.0622944,1.0833443,0.836029,1.2327847,0.7605843,1.2552824,0.9644124,0.8911884,0.7008917,1.2033823,1.2246468,0.97896814,0.95866174,1.12359,1.4323221,1.4189136,0.8705753,0.70249134,0.74238896,1.1794187,0.7938678,0.8061336,0.5417689,1.1881552,0.69499683,1.2735567,0.6218076,0.6884624,1.090034,1.2042608,1.2397873,0.7228954,1.3959892,0.7263497,1.4498738,0.7828127,1.140518,0.86749005,1.3245212,0.7808073,0.5790349,0.8943705,0.5817951,0.95967156,1.2095946,1.0429598,0.76343083,1.3613659,1.2561129,0.42302132,1.1264819,1.2390745,1.0225793,0.73797023,0.6360338,1.0108813,1.0549555,0.9824702,0.84314585,1.0175012
closet,0.8428329,1.105826,1.288533,1.0174803,0.918104,1.1189032,1.1815318,1.1057916,1.1049682,0.71456754,0.67338717,1.2503827,0.8783129,0.83369887,0.8831607,0.8597136,1.239261,1.2111,0.87221706,1.399225,1.1492093,1.1601214,1.1278443,0.8496256,1.1184256,0.853461,0.9357531,1.0729594,0.0,0.90336186,1.2128758,1.117811,1.1876547,0.7964792,0.9857657,1.3671112,0.6705477,1.2644101,0.8403642,0.9720901,0.38566637,1.0879542,0.78648734,1.1757331,1.3128612,0.9157503,0.7952782,1.3347788,1.2093816,0.98006034,1.1789429,1.0184689,1.0319024,0.9410502,0.66919345,1.256139,1.2648807,0.8311231,1.2572638,0.8433161,1.0478786,1.2108123,0.94068545,0.9835573,0.8248885,1.1188754,0.81875014,1.1763595,0.81064284,1.064845,1.2717559,1.1060517,1.1199045,1.0785564,1.0369632,0.93983865,1.1398206,1.0861772,1.282813,1.2656586,1.3261397,1.1260809,1.2298902,0.86637264,0.827827,0.74907887,0.8604812,0.79746497,1.3504095,1.3421013,0.95688146,1.2814441,0.93083423,1.304938,0.85259145,1.1609776,1.0263541,1.1103482,1.2035812,0.4305011,0.9591492,0.9039587,1.2561417,0.73414534,1.1345255,1.0151856,1.2911763,0.5901715,1.0613165,0.7674123,1.3843578,1.2421049,1.0687151,1.2815977,1.0851865,1.0569149,1.259889,0.95735914,0.7621783,0.63509303,1.2159743,1.3227015,1.1945181,1.0783347,1.2459346,1.1296172,1.1102122,0.81535345,0.8304054,1.3814735,0.711279
