,alligator,ankle,apple,arm,ball,balloon,banana,basket,bathtub,bear,bed,belt,bench,bib,bird,blanket,boat,book,bottle,bowl,box,bread,bucket,can,car,cat,chair,clock,closet,coffee,couch,cracker,crayon,crib,cup,dog,doll,door,drawer,dress,duck,ear,elephant,face,finger,fish,flower,foot,fork,frog,game,giraffe,glasses,glove,grass,gum,hair,hamburger,hand,hat,horse,hose,jacket,jeans,knife,ladder,lamp,leg,meat,melon,mitten,mouth,nail,napkin,necklace,nose,orange,oven,owl,pajamas,pants,paper,pen,pencil,pickle,pig,pillow,pizza,plant,plate,pony,pumpkin,purse,radio,refrigerator,rooster,scarf,scissors,shirt,shoe,shorts,sink,slipper,sock,spoon,sprinkler,sweater,table,tape,toe,tooth,toothbrush,towel,toy,tray,truck,vacuum,watch,window
alligator,0.0,1.293004,1.2397258,0.9604685,1.0801147,1.144325,0.6759253,1.2734108,1.1841155,0.67430454,0.8987975,1.3706111,1.1421769,0.87446624,0.6252203,0.7703217,0.8102287,0.74915785,1.3073127,1.3990188,1.0729384,1.1025515,1.3886584,1.4362514,1.0314401,0.83830523,1.220129,1.2362697,1.0617185,1.2193558,1.070777,0.79286826,1.3122222,1.1059389,1.3956198,0.5083367,0.7825217,1.1097243,1.1051457,0.91412073,0.6935441,1.2219639,0.79266965,0.9920269,1.1685381,0.5804267,0.7058382,1.0834585,1.2978671,0.35223722,0.8263533,0.94350874,1.0887268,1.1343104,0.82480115,0.9909077,1.0076385,0.9393125,0.93981665,1.2296668,0.73903894,0.82493806,0.94594014,0.89013875,1.2742915,1.1515081,1.2579241,1.1229591,0.741443,0.94049406,0.70550954,1.2228459,1.3619647,1.3185855,1.1972156,1.2378929,1.2325566,1.2408689,0.6347144,0.9142937,0.95359665,0.7625102,1.2334492,1.270577,0.9959798,0.86060315,1.3169937,0.89955544,0.91490334,1.2255769,0.7712656,1.0896667,0.85718924,0.991168,1.3048186,0.49899632,0.91745555,0.79393095,0.9249295,1.3670248,0.8349855,1.125065,1.4504533,1.2334597,1.1333227,0.9280699,0.9862171,0.9283915,1.1883934,1.2901872,1.3070841,0.8892149,1.2893453,1.0378293,1.1218623,1.0087166,1.0685506,1.349108,1.1710889
ankle,1.293004,0.0,0.8133275,0.98786026,0.8817022,0.90095025,1.0052537,0.8529027,1.142125,1.3408141,1.203486,0.95796007,0.9211923,0.98804736,1.1587664,1.1868399,1.2007779,1.235456,0.99270993,0.93470895,1.1756899,0.6918301,0.95121783,0.89882755,1.0110868,1.2379537,0.8392016,0.96087116,1.1920371,0.87954235,0.99598575,0.9471491,0.88816,1.2530396,0.91342014,1.242406,1.1042131,1.2546606,1.1550207,1.0330974,1.1907815,0.654185,1.1778475,1.1965806,0.6945714,1.0113463,1.023956,0.5172144,0.7828779,1.1016431,1.2124566,1.0909412,0.9078266,0.36598146,0.96681994,1.0277722,1.1638885,0.8797653,0.88917804,0.72163826,1.13506,1.2554085,1.2410996,1.049598,0.86201704,0.99574953,0.9375861,0.87813103,1.0765038,0.7231668,1.0003341,0.7810745,0.9866629,0.7602184,0.78110147,0.73886466,0.7058299,1.0806178,1.1958436,1.1544499,0.99691194,1.3147926,0.9336878,0.8687429,0.8889647,1.0811484,0.8096288,0.98338825,1.0372756,0.9417075,1.0762392,0.64155865,1.1559145,1.2445014,1.003037,1.2159688,1.1500155,1.1727196,1.0229902,0.503216,1.0595717,1.2098265,0.48185253,0.1546073,0.8934499,0.90198755,1.1971488,1.2666819,0.876642,0.3365445,1.0120965,0.99340045,0.7798773,1.0239415,1.0512998,1.104439,1.2371948,0.7644639,1.0818884
apple,1.2397258,0.8133275,0.0,1.3527753,0.65186787,0.57096183,1.2203617,0.7307584,1.1022327,1.2112557,1.3877096,0.57046646,1.1848426,1.2490516,1.2618759,1.4525499,1.3030477,1.1350738,0.5853197,0.48103046,1.2046875,0.67455214,0.5071212,0.5786249,0.7005923,1.2623086,1.0681348,0.52997714,1.2519239,0.60064846,1.3218659,1.0829939,0.5336807,1.1062977,0.4622764,1.2359123,1.2528584,1.1934426,0.9300763,1.3934965,1.2540302,0.7116724,1.2932007,1.2361081,0.8649508,0.8830582,0.8034894,0.99364495,0.67401886,0.96200854,1.1603229,1.1393495,0.977242,0.6893805,1.1763322,0.80751383,1.2631533,0.8579545,1.235076,0.8015008,1.0241401,1.1696396,1.3610189,1.524934,0.70126,0.9486866,0.5858363,1.016334,1.122285,1.0523665,1.3678174,0.76985836,0.49983585,0.7864126,1.0485353,0.6750276,0.45588124,1.0734056,1.2125945,1.4188182,1.4462619,1.2488444,0.66492766,0.6075188,1.2059985,1.00974,0.83924425,1.1671827,0.9453255,0.48182118,1.0165813,0.7530698,1.324628,1.0079525,0.9341859,1.2842603,1.2063696,1.1986915,1.4632571,0.6007064,1.4055569,1.0119674,0.5491782,0.8684932,0.7213613,1.0905683,1.3678356,1.4064255,0.45805115,0.72219694,0.40774643,1.1928339,0.7958009,0.7893623,0.82508904,1.1153986,1.1762455,0.6308308,0.9935242
arm,0.9604685,0.98786026,1.3527753,0.0,1.2779675,1.4364241,0.70462704,1.3999629,0.8347227,1.0110254,0.47310972,1.3761504,0.9318938,0.69213355,1.0679067,0.51627773,0.80696857,1.2276444,1.4163806,1.4965203,0.8552271,1.2826135,1.5158017,1.3656422,1.2977891,0.6600261,0.9817941,1.4344184,0.58702856,1.3401902,0.737973,0.5273163,1.4817977,0.97253925,1.4892819,1.0090916,0.7868798,0.61942047,0.8202163,0.40247107,1.0277215,1.0785766,0.7845806,0.75277376,1.0333647,1.2267365,1.0749907,0.91193044,1.1867921,1.2271703,0.92099917,0.81735384,1.1079406,1.190737,1.0637509,1.2612207,0.64692557,1.2600191,0.4485991,1.3533754,1.2427993,1.0251288,0.4899001,0.59941673,1.2530055,1.1578851,1.3676839,0.6723913,1.0180905,0.92343545,0.39432943,1.1339817,1.4009001,1.2522556,0.69341964,1.2268131,1.5142033,1.1192933,1.0647522,0.3433382,0.5652864,1.0563369,1.4558265,1.4521154,0.38832808,1.1311021,1.1136365,0.90493786,1.1743662,1.5697119,1.245338,1.187924,0.5803537,1.0024472,1.1557217,1.1198142,0.9223561,0.9923526,0.4959736,1.2108833,0.54801726,1.052776,1.3427311,1.0911204,0.9639384,0.74637413,0.43695188,0.81916267,1.5120358,1.0791581,1.3264195,0.45840573,1.2489405,1.5127858,1.2330245,1.1098919,1.0675427,1.2506031,1.0663602
ball,1.0801147,0.8817022,0.65186787,1.2779675,0.0,0.82505834,0.9861193,0.6305988,1.2534198,1.1385701,1.229905,1.0562103,1.194391,1.1646394,1.0343928,1.2307851,0.9403499,0.9276676,0.8651185,0.747202,1.1734252,0.72739816,0.784543,0.84906626,0.9622389,1.2354922,1.0169268,0.44398916,1.1759007,0.94373685,1.1776605,0.90365535,0.98885024,1.0259123,0.83464974,1.1086574,1.0500858,1.1891619,1.0117908,1.2019651,1.0614834,0.92036873,1.0845625,1.2006884,0.9523863,1.0322571,0.6832096,1.0103711,1.0437378,0.96321857,1.0046977,1.0746927,1.2317848,0.7820316,1.1174805,0.9013753,1.1714445,0.79894936,1.1566164,0.8676127,0.9540767,1.0334176,1.1303651,1.3027849,1.1993532,0.90995294,0.7213805,1.0874945,1.1056057,0.63680667,1.0490053,1.2302505,0.90305376,0.91347593,1.2773304,1.0211382,0.7152635,0.969486,1.0941284,1.1391332,1.2574208,1.0329813,0.96802926,0.98884714,1.0374401,0.8923199,1.1552447,1.046814,0.85499644,0.833493,0.9902046,0.6307926,1.130199,0.8829987,0.93353254,1.0729272,1.1524655,1.1790161,1.3039964,0.69432986,1.3033721,1.0096351,0.77080095,0.8146639,1.1410892,1.0389199,1.1564112,1.1337438,0.5949267,0.9722759,0.8725411,1.1809504,0.91341954,0.7793797,0.82329017,1.1171937,1.1738933,1.1068081,1.0258266
balloon,1.144325,0.90095025,0.57096183,1.4364241,0.82505834,0.0,1.2492082,0.77017856,1.0618948,1.157177,1.3639936,0.53248763,1.0348538,1.4088609,1.0906463,1.3387443,1.2007438,1.0666565,0.44423056,0.5019869,1.2240479,0.6814869,0.50225544,0.6524279,0.7138487,1.2687426,1.0516076,0.4395212,1.2277565,0.5581251,1.2085571,1.2752953,0.4462676,1.1276755,0.38058126,1.1652162,1.3132956,1.2010834,1.1982849,1.4031584,1.1030023,0.9649169,1.1989623,1.1763242,0.96994257,0.8270484,0.9762963,1.0780041,0.8196504,0.9635869,1.1572279,1.1940671,1.0336262,0.79910594,1.1291885,0.8564531,1.2181047,0.99013835,1.345053,0.7984212,1.0302469,1.1040463,1.2778866,1.3492373,0.72775334,0.9732341,0.6971116,1.091984,1.1082685,1.1538473,1.418719,0.86623263,0.49037224,0.6481529,1.1874617,0.85073584,0.47837675,0.9970806,1.065336,1.4003618,1.3193823,1.200699,0.5730183,0.5222676,1.331562,1.0476496,0.83592516,1.1693269,0.8694586,0.4042468,1.0397024,0.94271016,1.3007581,1.0502568,0.7015981,1.1470613,1.1657858,1.2075534,1.2971089,0.76225555,1.382649,1.0468277,0.69729155,0.87619597,0.94014627,1.2010685,1.3019651,1.3285495,0.4973135,0.95878196,0.6303074,1.2769184,0.6435306,0.78752506,0.9478759,1.050879,0.9388794,0.72636306,0.8927892
banana,0.6759253,1.0052537,1.2203617,0.70462704,0.9861193,1.2492082,0.0,1.1062235,1.1040763,0.98711276,0.7920948,1.2879448,0.98317903,0.74951756,0.9312938,0.7947207,0.9610066,1.0782758,1.2236577,1.3137859,1.08866,1.0226841,1.3759022,1.419541,1.136009,1.0087281,1.0612649,1.2358449,0.93472075,1.1504569,0.91792065,0.59545726,1.1574149,1.1414318,1.3014903,1.0026776,0.9512147,1.0914172,1.1491604,0.68522483,0.95022184,1.0652299,0.87996286,0.92669284,0.9318161,0.894195,0.94217044,0.9224489,1.1253253,0.81689405,0.8400887,0.9620193,0.9793332,1.063112,0.9527458,1.1188306,0.93044263,1.0937152,0.72036576,1.2138668,1.1389194,0.9312896,0.87077975,0.7542738,1.1079577,1.2180585,1.3348176,0.9598737,0.9970218,0.9111631,0.3170117,1.0579451,1.291341,1.2081363,0.8861538,1.1706989,1.1758615,1.2864641,0.95198625,0.7572045,0.7622328,1.0258248,1.1273252,1.1327168,0.550545,1.1512967,1.1155692,0.9609945,1.0966629,1.1365594,1.093416,0.9222684,0.8754169,1.0838087,1.3172598,0.9643458,0.9846841,0.8578439,0.8538049,1.0867254,0.6779387,1.051843,1.1634421,0.99471265,1.0770011,0.87203157,0.85412693,1.0363685,1.2039897,0.9834116,1.3073514,0.7814408,1.2152127,1.0895094,1.1105539,0.9909843,1.130204,1.1862717,1.1526006
basket,1.2734108,0.8529027,0.7307584,1.3999629,0.6305988,0.77017856,1.1062235,0.0,1.0069158,1.309742,1.3915367,0.7141323,0.8490263,1.3730319,1.248276,1.3785284,1.1638038,0.8635575,0.6322968,0.5522993,0.7384397,0.67074406,0.5309496,0.53040344,0.8612517,1.4479722,0.64210474,0.6792544,1.3541064,0.8031804,1.0395684,1.1163906,0.5813388,0.6650317,0.5583805,1.3208088,1.2704706,1.171666,0.93411714,1.4160528,1.2505251,0.9662139,1.3128716,1.3645476,0.84093714,1.0410172,0.9625746,1.064039,0.7201842,1.0564985,1.1476324,1.0389029,1.0661361,0.8145082,1.042387,0.7983823,1.382423,0.8764263,1.2944664,0.81512105,1.0496374,1.0698338,1.3858596,1.3003519,0.8566512,0.53276896,0.6672973,1.1359086,1.0657443,1.008306,1.3096464,0.90650284,0.7219953,0.61017835,1.147948,0.864828,0.6675749,0.60237706,1.1951548,1.3995552,1.2753831,1.1698589,0.63462067,0.61851496,1.1400951,1.0547173,0.7707765,1.0883123,0.8005162,0.6576729,1.0213553,0.76180255,1.1030272,0.981609,0.6727852,1.2368268,1.3280058,1.1519496,1.4436438,0.67906773,1.385183,0.98244274,0.606458,0.79935336,0.9477516,1.0741757,1.3851435,1.064354,0.627647,0.81643367,0.6144383,1.333391,0.61960155,0.597558,0.6819668,0.888458,0.94947284,0.70666367,0.83369434
bathtub,1.1841155,1.142125,1.1022327,0.8347227,1.2534198,1.0618948,1.1040763,1.0069158,0.0,1.0778295,0.80494314,0.74096996,0.54811704,1.1258209,1.2125527,0.7491068,0.9770249,1.1791639,1.0166538,0.88115007,0.6921791,1.1772519,0.86634827,0.6842021,0.915614,0.7110045,0.6551509,1.1420711,0.76915884,1.0442986,0.62317634,1.2197305,0.9248881,0.7194362,0.93582785,1.3006649,1.2894241,0.518095,0.6756707,0.8435799,1.1651216,1.2380762,1.0391399,1.1330874,1.0882405,1.1627532,1.234496,1.1517328,0.75920385,1.3063141,1.1218673,0.89190865,1.0453677,1.2242012,0.96011007,1.2339009,1.061176,1.3081108,1.1191648,1.1765394,1.2412757,0.8793464,0.92247105,0.7815883,0.896971,0.83886904,0.8892192,1.0417182,1.0806441,1.0901632,1.0607738,0.9487787,0.8851751,0.88970786,0.831513,1.1881695,1.1773508,0.7025735,1.153679,0.86724156,0.8176978,1.0477499,0.9779124,1.0090814,1.0122789,1.3468318,0.5372432,0.97872466,1.0120862,0.9720497,1.2452896,1.1922545,0.9740676,1.0098149,0.76999104,1.2989769,1.0020282,0.9121405,0.85164917,0.97305775,0.8869678,0.5953351,0.9219419,1.1738899,0.8209467,1.2031274,0.89130217,0.68337816,1.2132542,1.1724353,0.8019279,1.0087907,0.9094155,1.2298796,1.0576533,1.0473613,0.66149074,0.7640213,0.6184756
bear,0.67430454,1.3408141,1.2112557,1.0110254,1.1385701,1.157177,0.98711276,1.309742,1.0778295,0.0,0.8979979,1.2197335,1.0972801,0.99225473,0.6582488,0.86596954,0.8968739,0.9392894,1.1670431,1.2527086,1.1136334,1.1805656,1.2410643,1.2440015,1.0603039,0.8015116,1.2189885,1.1403722,0.9776693,1.1534998,1.0334728,1.0723099,1.2797154,1.0489099,1.2753924,0.60549587,0.9236615,1.0085038,1.0535843,0.8986177,0.6951741,1.1533978,0.80231696,0.9647566,1.1318601,0.96482956,0.9975212,1.1301839,1.2603165,0.91015565,0.87579584,0.93118757,1.1468608,1.3067828,0.92648107,1.1914089,0.98030174,1.0777261,1.044943,1.140457,0.5150999,0.8164838,0.9345549,0.9125793,1.2259177,1.1385908,1.1719517,0.9880305,0.77319324,1.0409365,0.91741,1.220944,1.2047223,1.2363186,1.1722208,1.1832514,1.1776003,1.1234763,0.87655175,0.9384433,0.9896597,0.8620722,1.2180042,1.2478081,1.0913899,0.7166169,1.2011045,1.0760314,0.99771595,1.1864359,0.60908055,1.1426673,1.0264263,0.98779124,1.17898,0.51500905,0.8899652,0.97290546,0.8941739,1.2634947,0.9066963,1.0217957,1.3389604,1.315087,1.1693132,0.9491971,0.9511943,0.92668056,1.1435609,1.3175561,1.1747636,1.0114,1.227792,1.1211845,1.0759319,0.95706797,0.9986602,1.3035015,1.166557
bed,0.8987975,1.203486,1.3877096,0.47310972,1.229905,1.3639936,0.7920948,1.3915367,0.80494314,0.8979979,0.0,1.382493,0.823783,0.76669985,0.9574664,0.149872,0.7722802,0.8789433,1.4001026,1.4131309,0.7252948,1.390204,1.4596548,1.4108717,1.2565706,0.58145547,0.8421838,1.3746634,0.45519453,1.305352,0.48334485,0.8575041,1.5268679,0.7838372,1.4600105,0.8707371,0.66536975,0.581408,0.9317106,0.41756976,0.9051545,1.3192737,0.68561876,0.7560464,1.196358,1.1281698,1.1580367,1.1820198,1.4004092,1.1121992,0.7891792,0.9801637,1.1626761,1.3972173,1.0517223,1.1972749,0.7341002,1.1936939,0.84923244,1.3259534,1.1060896,1.0267763,0.37621439,0.57430536,1.3117776,1.1626511,1.3092494,0.93784124,1.09382,0.9900556,0.5403328,1.2783164,1.3706598,1.3496563,1.1014012,1.4372387,1.4865597,1.0113851,0.95493925,0.26890993,0.64170235,0.7252253,1.493392,1.5066036,0.7068677,1.0775329,1.0060216,0.9960915,1.1097513,1.4635417,1.12987,1.2463664,0.6482094,0.96190566,1.1355728,0.9768135,0.68438244,1.0041219,0.4867137,1.426201,0.56866556,0.95850277,1.5036066,1.2431456,1.2245121,0.93091667,0.38773775,0.55540574,1.4548329,1.3836242,1.3312136,0.7818807,1.3425052,1.368737,1.0757607,1.1110811,1.0141071,1.4353766,1.016187
belt,1.3706111,0.95796007,0.57046646,1.3761504,1.0562103,0.53248763,1.2879448,0.7141323,0.74096996,1.2197335,1.382493,0.0,0.895143,1.3381159,1.2416267,1.4096022,1.3318361,1.1911597,0.45440626,0.38772798,1.045493,0.68512285,0.35843277,0.48154557,0.6131288,1.2049217,0.99588645,0.7490924,1.2201549,0.5961272,1.178386,1.3942628,0.20551324,1.0759763,0.32204527,1.3509485,1.424023,1.1649411,1.0366935,1.4183817,1.2185888,0.9725436,1.2914698,1.2062858,0.7795323,1.0319318,1.2089847,1.0875021,0.38417578,1.2018945,1.1756921,0.9551953,0.78589255,0.90015346,1.0959846,0.97602314,1.2366536,1.1303604,1.3112593,0.8230318,1.1757891,1.0535866,1.3375759,1.3251634,0.28729832,1.0028521,0.76485467,1.17582,1.1510499,1.3221991,1.4435232,0.44902062,0.29553437,0.66441834,0.8735978,0.7620431,0.5656717,0.98048615,1.1975174,1.4244792,1.2496897,1.2499031,0.3703822,0.35462928,1.2271326,1.2311052,0.4550224,1.1136262,1.048634,0.30895948,1.1572722,1.0295606,1.3996689,1.1613258,0.8152395,1.3141732,1.1809646,1.1593378,1.3651941,0.6348562,1.2480223,0.9239907,0.4204303,0.9654115,0.7626494,1.2303898,1.3306103,1.3575726,0.693731,0.8063253,0.3584361,1.339067,0.6930214,0.85408574,0.89765894,0.9390552,0.7889745,0.1903317,0.9224181
bench,1.1421769,0.9211923,1.1848426,0.9318938,1.194391,1.0348538,0.98317903,0.8490263,0.54811704,1.0972801,0.823783,0.895143,0.0,1.1567699,1.0892034,0.566651,1.0245495,0.9464696,1.1309944,0.99489504,0.54927355,1.0326978,1.0244884,0.8325365,0.79895943,1.0349941,0.39574337,1.1765484,1.0813118,1.0268127,0.37388897,1.1344403,0.9459505,0.5809989,1.0808325,1.1578481,1.1943058,0.91978866,0.8309464,1.0182205,1.0936694,1.2472199,1.1475729,1.2538693,0.9665464,0.9444256,1.2642133,1.0226706,0.8947282,1.1334627,1.0403098,0.93827564,1.1032372,1.135105,0.91306376,1.0704883,1.2418756,1.1791872,1.0191004,1.1455443,1.120038,0.9862417,1.040974,0.718556,0.9925803,0.7915925,1.1229312,1.0636526,1.1106985,0.9682361,1.0501715,0.9569667,1.1197424,0.8227803,1.0553453,1.2569683,1.1577489,0.66546446,1.1206684,0.94883204,0.774488,1.0239024,0.9730118,1.0736642,0.95642424,1.1558294,0.41198492,1.010965,0.98078203,0.96641535,1.0628254,1.0569175,0.8417506,1.0230101,0.96738183,1.152684,1.0973713,0.9194912,0.89847505,1.0414734,0.75919354,0.6799476,0.93147403,1.0316207,0.9547606,1.1145929,1.0330354,0.6615951,1.1345636,1.1257845,0.9516135,1.069501,0.8182888,1.0205874,0.9204243,0.899848,0.8240047,0.89132845,0.9164394
bib,0.87446624,0.98804736,1.2490516,0.69213355,1.1646394,1.4088609,0.74951756,1.3730319,1.1258209,0.99225473,0.76669985,1.3381159,1.1567699,0.0,0.9989646,0.782125,0.9696121,0.9587529,1.3989799,1.4537847,1.0548234,1.1665363,1.4918933,1.4663916,1.2999744,0.9609076,1.2206385,1.3902615,0.8098562,1.2342787,1.0328205,0.6411045,1.3873093,1.2577157,1.460619,0.9467115,0.6550931,0.99468935,0.96486074,0.57357854,0.97934204,0.77397954,0.98469144,0.55783683,1.0135071,0.9952585,0.9303926,0.8274511,1.1337569,0.9701209,0.91816556,0.9456448,0.6393674,1.1459728,0.99548334,0.9069717,0.6085519,0.9884141,0.61835366,0.981765,1.1468968,1.1144919,0.6851455,0.7830616,1.1159549,1.2831473,1.3667421,0.9241625,0.9806061,0.8263221,0.65995336,0.8823416,1.3548002,1.3431782,0.62463844,0.84753734,1.2537044,1.262239,0.91878,0.6138628,0.8220948,0.75039625,1.401571,1.3349043,0.6292496,1.0764906,1.2535558,0.8384131,1.249662,1.3381238,1.1434618,1.0118853,0.78880155,1.1383467,1.3959022,1.03545,0.647017,0.89833343,0.6857149,1.223176,0.6753335,1.0950549,1.2468555,1.0531225,1.1588529,0.88153344,0.69013995,0.9260843,1.2323613,0.88003165,1.4180875,0.7187621,1.3529015,1.1893618,1.1134058,1.0291729,1.2227247,1.1515185,1.1320143
bird,0.6252203,1.1587664,1.2618759,1.0679067,1.0343928,1.0906463,0.9312938,1.248276,1.2125527,0.6582488,0.9574664,1.2416267,1.0892034,0.9989646,0.0,0.92371553,0.84922,0.9285337,1.1743233,1.2499374,1.1341957,1.0497552,1.2576754,1.3106081,1.0860703,0.88029414,1.1928883,1.1107268,0.9553064,1.137042,1.0596246,1.0801528,1.2800459,1.105729,1.2482667,0.5990727,0.8768431,1.0910457,1.161958,0.9944614,0.07014692,1.1922674,0.80904007,0.93909866,1.1927539,0.71067613,1.0091479,1.0985359,1.2949524,0.7005847,0.93697137,1.1166975,1.0785376,1.1333687,0.9397892,1.1090989,0.94814914,0.95243394,1.0724071,1.1507868,0.81444746,0.9679862,0.9532939,0.9147664,1.2479458,1.1549757,1.1925287,1.0222306,0.8979178,0.9814378,0.9387967,1.2600105,1.1842016,1.2935655,1.2498856,1.2414706,1.0345898,1.1809002,0.65419185,1.0258731,0.99384445,0.86371255,1.2275046,1.2505698,1.1311826,0.8955391,1.271348,1.0398269,1.08306,1.1690638,0.8614017,1.0389842,0.95502174,0.9413837,1.1968548,0.10482371,0.9479755,0.9483388,0.9267651,1.2862757,0.9947785,1.075032,1.3258708,1.1381941,1.2305267,0.9433278,0.9942922,0.9602615,1.0890377,1.2821021,1.2445778,1.0054183,1.285669,1.051586,1.1450206,1.0427037,1.1015394,1.3083073,1.1208773
blanket,0.7703217,1.1868399,1.4525499,0.51627773,1.2307851,1.3387443,0.7947207,1.3785284,0.7491068,0.86596954,0.149872,1.4096022,0.566651,0.782125,0.92371553,0.0,0.7123811,0.868875,1.456177,1.4536061,0.7122181,1.355422,1.4952903,1.3917496,1.1714405,0.5599497,0.7487743,1.4047844,0.6289552,1.3074211,0.40619445,0.8605388,1.5411246,0.7396615,1.5109031,0.77107626,0.7880056,0.6970414,0.9413867,0.44916528,0.89457214,1.3946295,0.7419505,0.8819217,1.1959642,0.9947084,1.1080164,1.1511345,1.384294,1.0645039,0.7958633,0.86688566,1.183749,1.3637346,0.9277215,1.2006855,0.84643495,1.2349902,0.87972814,1.3645062,1.056013,1.0047233,0.4922337,0.4994198,1.347059,1.1411272,1.3867052,0.9952915,1.0280179,0.9115792,0.58143437,1.2781936,1.4161797,1.2556742,1.1377954,1.4864932,1.5166602,0.981985,0.87221605,0.30553424,0.5517409,0.75291884,1.5001929,1.5382969,0.7195139,1.037522,0.85573864,0.9634096,1.0836023,1.4519708,1.0569367,1.2339809,0.6235761,1.002453,1.2249478,0.92897266,0.7313281,0.98461646,0.4764049,1.4077649,0.44731134,0.9097376,1.4848737,1.2351888,1.2298536,1.0123192,0.49188793,0.53303057,1.4802902,1.4291518,1.3710926,0.8316106,1.2390444,1.3763525,1.0852945,1.0928118,1.0344965,1.4279258,1.0479777
boat,0.8102287,1.2007779,1.3030477,0.80696857,0.9403499,1.2007438,0.9610066,1.1638038,0.9770249,0.8968739,0.7722802,1.3318361,1.0245495,0.9696121,0.84922,0.7123811,0.0,0.964961,1.2360822,1.2815205,0.9297686,1.1764342,1.2583363,1.2699058,1.1958077,0.6511986,1.0592265,1.1403879,0.8097613,1.1974031,0.9008173,0.8695484,1.373882,0.8538023,1.2838075,0.79495245,0.8238685,0.85854554,0.994871,0.77474207,0.87081385,1.2787015,0.60432416,0.9496085,1.231555,1.0130279,0.96255106,1.165554,1.3007946,0.9281808,0.908525,0.9187036,1.216879,1.1160804,0.92384183,1.0062065,0.9222116,1.1078196,0.97335964,1.1986256,0.92010593,0.9672723,0.7495973,0.88503116,1.3359325,1.0974535,1.1765482,1.1204659,0.8231757,0.81148607,0.8032343,1.2852464,1.2065812,1.2123175,1.1943122,1.2893338,1.297223,1.0610226,0.8086684,0.6438061,0.8595152,0.93892634,1.35445,1.3515902,0.91302496,0.90605056,1.1821295,0.8680171,0.9402713,1.3174177,0.9755363,1.1331463,0.74775684,0.9271039,1.0984974,0.7822548,0.9149587,1.0024981,0.88047737,1.1890855,0.89198524,1.0264401,1.3272617,1.149595,1.2488172,1.0547967,0.7711656,0.7790373,1.1935979,1.3326887,1.1956736,0.9860143,1.2033938,1.1189505,1.0579462,1.0515426,1.0413779,1.3471498,1.0570732
book,0.74915785,1.235456,1.1350738,1.2276444,0.9276676,1.0666565,1.0782758,0.8635575,1.1791639,0.9392894,0.8789433,1.1911597,0.9464696,0.9587529,0.9285337,0.868875,0.964961,0.0,1.0744557,0.97937155,0.5025793,1.0116302,1.0035306,1.0986917,0.99379694,1.1968304,0.92865247,1.0024683,1.1428254,1.1150401,0.9592708,1.0718293,1.1131752,0.723006,1.0875312,0.84607494,0.71758896,1.1087844,0.97970366,1.1309601,0.9425193,1.186831,1.0713332,1.033049,1.1085795,0.90665615,0.98149204,1.1410228,1.2915757,0.7366747,0.69226635,1.1477757,1.1774505,1.2339327,1.1081506,0.6604356,1.0800443,0.758982,1.0775895,1.0260096,0.8050916,0.98238945,0.9869811,1.0390352,1.2172048,0.9311693,1.0448555,1.1793289,1.0513494,0.9783306,1.1419258,1.196651,1.1759882,1.1868936,1.3006288,1.1910654,1.0492743,0.8401946,0.95076376,1.0737815,1.1736962,0.3340205,1.0734897,1.0937222,1.1769257,0.792277,1.1803038,0.83379066,0.8962345,1.0225157,0.83306706,1.0751028,0.85432386,0.8871691,0.9632312,0.84017754,0.90321696,0.8520667,1.0731831,1.3201554,1.0881972,0.94929194,1.2836711,1.258458,1.2210975,1.0591159,1.0502499,0.57404953,0.97472745,1.2595826,1.0561459,1.0686281,1.1730552,0.70860666,0.7443862,0.83195746,0.8592793,1.3071283,1.0526416
bottle,1.3073127,0.99270993,0.5853197,1.4163806,0.8651185,0.44423056,1.2236577,0.6322968,1.0166538,1.1670431,1.4001026,0.45440626,1.1309944,1.3989799,1.1743233,1.456177,1.2360822,1.0744557,0.0,0.2751087,1.119459,0.66974765,0.21612668,0.36827856,0.9555303,1.267982,0.98406595,0.507446,1.1990594,0.66894346,1.2657474,1.3634071,0.3263592,1.0191326,0.087736845,1.2532132,1.3448803,1.1170881,1.150069,1.3860747,1.1760495,0.9791019,1.2486756,1.2424394,0.91723716,1.1437361,1.0899022,1.1214037,0.7976906,1.1536176,1.1625147,1.200973,1.0576133,0.8491026,1.1991264,0.98497224,1.2575287,1.019862,1.3961825,0.73769534,1.0164608,1.07799,1.3093562,1.3534971,0.6535711,0.7818066,0.5571369,1.0423175,1.1789631,1.2736878,1.419583,0.8671179,0.3232205,0.4917124,1.1287246,0.7639736,0.49959254,0.8876007,1.1728084,1.4161038,1.3580273,1.1739422,0.3912773,0.39744455,1.376313,1.0355169,0.8878436,1.2051382,0.8730218,0.3615582,1.0210009,1.0091431,1.3597429,0.9941408,0.4907596,1.2180451,1.2301787,1.2879813,1.3529587,0.6307819,1.4526939,1.012579,0.5870395,0.9622437,1.0088711,1.2058315,1.3160291,1.2905499,0.51926905,0.9159781,0.56390154,1.2849321,0.51308644,0.7014002,0.9226485,1.0312486,0.79453385,0.7320105,0.84006214
bowl,1.3990188,0.93470895,0.48103046,1.4965203,0.747202,0.5019869,1.3137859,0.5522993,0.88115007,1.2527086,1.4131309,0.38772798,0.99489504,1.4537847,1.2499374,1.4536061,1.2815205,0.97937155,0.2751087,0.0,0.91261274,0.68393826,0.08612764,0.26896524,0.7323053,1.3138263,0.90176964,0.45884955,1.2499491,0.6087524,1.2199011,1.442065,0.31981784,0.9048905,0.12645394,1.3593136,1.413984,1.1836913,1.0267787,1.5009956,1.221586,0.98043466,1.3007833,1.3391753,0.9561995,1.0746434,1.0660841,1.1101358,0.70542765,1.1817052,1.1856276,1.2245864,1.0762038,0.7528152,1.1965998,0.9128812,1.3417246,0.9579664,1.3998842,0.7784514,1.0638702,1.0606215,1.3740028,1.4346398,0.55561984,0.81481695,0.44885266,1.1316627,1.2103753,1.2439673,1.5388274,0.8630283,0.33998752,0.6613283,1.1404251,0.76247334,0.5153146,0.7852356,1.2243936,1.5187758,1.4362617,1.1669137,0.35416842,0.3663566,1.4018798,1.0966209,0.70759207,1.1237763,0.8979906,0.27355868,1.0678812,0.965018,1.3738191,0.94909173,0.5689991,1.3143417,1.235864,1.1573591,1.3983866,0.56792426,1.4974716,0.6818729,0.44748867,0.91351396,0.84410906,1.2170018,1.397343,1.1667769,0.44717908,0.8968595,0.40027946,1.2808384,0.677076,0.6832216,0.7579216,1.0285577,0.81634504,0.6345862,0.8315244
box,1.0729384,1.1756899,1.2046875,0.8552271,1.1734252,1.2240479,1.08866,0.7384397,0.6921791,1.1136334,0.7252948,1.045493,0.54927355,1.0548234,1.1341957,0.7122181,0.9297686,0.5025793,1.119459,0.91261274,0.0,1.1291692,0.9528954,0.8685911,1.0267532,1.04196,0.607753,1.2053293,0.9163729,1.1680244,0.67843306,0.99818015,1.0827389,0.44621134,1.0716704,1.0673535,0.9723574,0.71339965,0.5238589,0.967125,1.0969154,1.3490632,1.0743108,1.0865546,1.1743428,1.0761681,1.165245,1.2701478,1.0588679,1.106388,0.82733047,0.8824268,1.1938816,1.3008213,1.0430422,0.8560334,1.0646614,1.1197544,0.9980317,1.2439594,1.06804,1.0116849,0.849844,0.9499369,1.0712118,0.77326286,1.0456666,1.1665281,1.1051064,1.1600837,1.0416877,1.0802201,1.165928,1.1539541,1.0663676,1.2904458,1.2937664,0.5685039,1.0675046,0.8807054,0.97881943,0.69703317,1.0981469,1.1599236,0.9504433,1.0417638,0.7836888,0.9754675,0.936713,1.1210935,1.051826,1.2930762,0.5622547,0.8500759,0.78662634,1.1068861,1.0356233,0.86246413,0.9718877,1.2589483,0.9906054,0.71923715,1.1833929,1.2423916,0.9779828,0.98972327,0.88374406,0.4186319,1.174708,1.2478894,0.9170095,0.9005977,1.1549551,0.9691317,0.7392035,0.8253879,0.7289395,1.0670644,0.9615836
bread,1.1025515,0.6918301,0.67455214,1.2826135,0.72739816,0.6814869,1.0226841,0.67074406,1.1772519,1.1805656,1.390204,0.68512285,1.0326978,1.1665363,1.0497552,1.355422,1.1764342,1.0116302,0.66974765,0.68393826,1.1291692,0.0,0.65895694,0.78394634,0.95074856,1.440362,1.0247337,0.7822683,1.3517885,0.76320904,1.2257373,0.9145533,0.6233115,1.1733774,0.63366324,1.1952486,1.1565866,1.3496941,1.0909026,1.331245,1.1159048,0.8216668,1.2562376,1.3272843,0.6491582,0.82088315,0.76098573,0.8732854,0.774732,0.91735846,1.0682362,1.14416,0.95444894,0.69965875,1.1592581,1.0054965,1.3227143,0.6920813,1.0586544,0.7919483,1.0502753,1.1403674,1.4323695,1.263965,0.79120773,0.94050837,0.9238891,1.0346086,1.1374103,0.7539538,1.1806958,0.71631044,0.66257507,0.7993362,1.0333751,0.7745577,0.33817852,1.0594841,1.2043427,1.3900115,1.2859552,1.1833082,0.73636454,0.68029654,1.0465965,1.0389142,0.8804682,1.1280223,1.0383555,0.62729293,1.0001386,0.6352234,1.2408929,1.1564903,0.9322806,1.0868295,1.1558392,1.1773813,1.369414,0.67408067,1.2523723,1.1615858,0.6055966,0.6633124,1.0225272,1.1551507,1.4330666,1.3098722,0.682096,0.6361951,0.78444946,1.2176635,0.8230807,0.77919877,0.8876568,1.0336877,1.0362426,0.73737884,1.0923545
bucket,1.3886584,0.95121783,0.5071212,1.5158017,0.784543,0.50225544,1.3759022,0.5309496,0.86634827,1.2410643,1.4596548,0.35843277,1.0244884,1.4918933,1.2576754,1.4952903,1.2583363,1.0035306,0.21612668,0.08612764,0.9528954,0.65895694,0.0,0.23087549,0.8161139,1.2734424,0.8760228,0.46234936,1.2599976,0.66767794,1.2019337,1.4714837,0.33001113,0.89896536,0.11162782,1.3240535,1.3900309,1.1537195,1.0582799,1.4981828,1.2446232,0.9677673,1.2859695,1.3171496,0.9512138,1.1403208,1.0594018,1.1290743,0.70314384,1.1864067,1.1854594,1.1850307,1.0736039,0.78082407,1.1636616,0.92632616,1.3249648,0.94799906,1.4232976,0.75403076,1.0175639,1.0637928,1.3731016,1.4147,0.5891249,0.76887536,0.44593,1.1173846,1.1643597,1.2303966,1.5641227,0.88163066,0.30569327,0.58879113,1.1376276,0.7379015,0.49136418,0.7643394,1.2039742,1.5101913,1.4231441,1.1495887,0.37094587,0.39170736,1.446552,1.0378064,0.71688735,1.0869299,0.8656299,0.3049878,1.029298,0.98064417,1.3996319,0.99886996,0.505,1.2961358,1.2314451,1.2198287,1.3783514,0.6000667,1.5129206,0.86980456,0.49256027,0.9194294,0.89548284,1.2318504,1.3819587,1.18933,0.5305233,0.89404756,0.37097096,1.3401378,0.6054353,0.7075757,0.92783475,1.0280157,0.7841048,0.628402,0.79542094
can,1.4362514,0.89882755,0.5786249,1.3656422,0.84906626,0.6524279,1.419541,0.53040344,0.6842021,1.2440015,1.4108717,0.48154557,0.8325365,1.4663916,1.3106081,1.3917496,1.2699058,1.0986917,0.36827856,0.26896524,0.8685911,0.78394634,0.23087549,0.0,0.8165707,1.2379179,0.64336395,0.5699779,1.2296555,0.79816866,0.99345237,1.3608036,0.51132715,0.73521745,0.28049803,1.3629966,1.4065858,0.9221906,0.8387788,1.3728055,1.298368,0.95103663,1.3205115,1.3563743,0.86960757,1.197409,1.0403805,1.0367049,0.6628875,1.3120667,1.2381959,1.0991344,1.1206361,0.7816298,1.112799,1.0222235,1.3292637,1.0256057,1.343967,0.7868904,1.0710663,1.0375115,1.3357444,1.3100576,0.752264,0.6215931,0.41859996,1.012183,1.215239,1.1682721,1.4885141,0.8916414,0.52529246,0.518851,1.0769163,0.8272531,0.7065847,0.5415436,1.2729824,1.4079735,1.3154602,1.1714803,0.5577288,0.6068253,1.348167,1.0919366,0.69290555,1.1352443,0.803161,0.55633867,1.0788944,1.025118,1.2864071,0.9513414,0.3593583,1.3631504,1.2611841,1.2198039,1.3453408,0.58912647,1.418967,0.67401725,0.5051842,0.89372516,0.7884952,1.2047154,1.3255537,1.0819167,0.612831,0.8661643,0.44156933,1.2673447,0.537547,0.8082779,0.8440013,1.0791037,0.77458066,0.62358516,0.69292265
car,1.0314401,1.0110868,0.7005923,1.2977891,0.9622389,0.7138487,1.136009,0.8612517,0.915614,1.0603039,1.2565706,0.6131288,0.79895943,1.2999744,1.0860703,1.1714405,1.1958077,0.99379694,0.9555303,0.7323053,1.0267532,0.95074856,0.8161139,0.8165707,0.0,1.1503007,0.8879187,0.8837763,1.1990933,0.6211478,1.0040352,1.242871,0.6570765,0.8706636,0.824258,1.1181747,1.1759437,1.161693,1.0743582,1.3257442,1.0905647,1.0510126,1.1596748,1.2003821,0.8075923,0.6864585,1.0865206,1.096064,0.72180337,0.8415012,1.1124177,1.0032096,0.9896287,0.9714301,1.0346576,0.9181394,1.237714,1.0469192,1.1613767,0.93942297,1.0408396,0.9308304,1.2899879,1.2053314,0.7204752,1.0048478,0.8990707,1.1184447,1.0156451,1.1052283,1.3421736,0.7398324,0.88470316,0.86562634,1.1658925,1.0135478,0.88846,0.95440614,1.0704268,1.3322713,1.1812807,1.1598095,0.69876766,0.75094557,1.1807885,1.083575,0.7217696,1.0753893,0.8348468,0.62207097,1.0118471,0.9221514,1.2274058,0.99780035,0.9983606,1.0979772,1.1294186,0.9968157,1.307516,0.9155035,1.0812793,0.76383024,0.745189,1.0459589,0.678699,1.0722822,1.3137709,1.1893852,0.7929983,1.0260036,0.6348435,1.1853056,0.8479379,0.72958237,0.7960036,0.7988738,0.96237206,0.5961293,1.053352
cat,0.83830523,1.2379537,1.2623086,0.6600261,1.2354922,1.2687426,1.0087281,1.4479722,0.7110045,0.8015116,0.58145547,1.2049217,1.0349941,0.9609076,0.88029414,0.5599497,0.6511986,1.1968304,1.267982,1.3138263,1.04196,1.440362,1.2734424,1.2379179,1.1503007,0.0,1.1397669,1.2686929,0.5479326,1.2221599,0.8690515,0.97923595,1.4265016,0.8798701,1.3046582,0.5572213,0.8561101,0.6607524,1.032785,0.7046729,0.85508,1.220212,0.49800456,0.79488444,1.325032,1.0704126,1.0030736,1.2017585,1.313838,1.0768663,0.9999396,0.7644718,1.1310538,1.1805131,0.84398556,1.1803539,0.73999524,1.2474707,0.98623556,1.2941338,0.9754431,0.99917376,0.61218536,0.7142252,1.2139829,1.1606244,1.2231878,0.973187,0.79049563,1.0459225,0.76823324,1.2836071,1.1715828,1.2059184,1.0736051,1.3081236,1.4187605,1.1014525,0.6986164,0.5753856,0.66981685,0.9620849,1.3649263,1.3634136,0.9140284,0.8987648,1.0612439,0.8277675,1.1162509,1.3422757,0.9842704,1.2604928,0.8951043,0.9698665,1.0981694,0.8406857,0.8783111,0.9865745,0.60161734,1.2527652,0.7489578,0.9869028,1.3679209,1.2382537,1.1526316,1.0096705,0.5475946,0.7756697,1.4121876,1.3752403,1.2061572,0.9415689,1.2067139,1.4389272,1.2429681,1.2159606,1.0281732,1.2708796,1.0042198
chair,1.220129,0.8392016,1.0681348,0.9817941,1.0169268,1.0516076,1.0612649,0.64210474,0.6551509,1.2189885,0.8421838,0.99588645,0.39574337,1.2206385,1.1928883,0.7487743,1.0592265,0.92865247,0.98406595,0.90176964,0.607753,1.0247337,0.8760228,0.64336395,0.8879187,1.1397669,0.0,1.0738908,1.0308514,1.0438246,0.22920227,1.1116073,1.0148468,0.46904445,0.94930863,1.2122979,1.0390624,0.8303195,0.86420417,0.9863712,1.2007285,1.1612258,1.1268343,1.2399473,0.8839718,1.1066309,1.1747813,1.0133356,0.9485184,1.1698601,1.1025636,1.0093462,1.2134109,0.98151076,1.006863,1.1384943,1.2029426,1.1014061,1.0669484,1.0828892,1.1105042,1.1324915,1.021623,0.86896145,1.1153299,0.56924605,0.8214793,0.99462837,1.1216007,0.94138324,1.0538739,1.0878762,1.1004057,0.7974585,1.129814,1.1522045,1.1203787,0.4945987,1.1938473,0.9311281,0.93367624,1.0220128,1.0406154,1.0715272,1.0354854,1.0674547,0.6441835,1.1160152,0.75435066,1.0350999,1.0676732,1.031548,0.94099027,1.0365249,0.69240654,1.2330701,1.1235914,1.1552585,0.97211,0.9684486,1.019607,0.8048898,0.92371035,0.8513417,0.8988353,1.04451,1.0033647,0.6360091,1.1361051,1.0364645,0.90378964,1.0179164,0.80408716,0.926705,0.9487152,0.9477562,0.8940122,0.9705071,0.85936534
clock,1.2362697,0.96087116,0.52997714,1.4344184,0.44398916,0.4395212,1.2358449,0.6792544,1.1420711,1.1403722,1.3746634,0.7490924,1.1765484,1.3902615,1.1107268,1.4047844,1.1403879,1.0024683,0.507446,0.45884955,1.2053293,0.7822683,0.46234936,0.5699779,0.8837763,1.2686929,1.0738908,0.0,1.2047558,0.6986437,1.2883775,1.2106115,0.6738429,1.0268475,0.47166306,1.1461583,1.1850164,1.1637604,1.058403,1.3803043,1.129294,0.9508572,1.1767974,1.2154386,1.0169578,1.0643766,0.8021033,1.0936581,0.9037152,1.0544351,1.1192366,1.27845,1.1658556,0.7833528,1.1971838,0.90258163,1.2259185,0.82280326,1.3929685,0.81823206,0.9429521,0.82197225,1.234632,1.4000783,0.9932295,0.9023892,0.4974286,1.066109,1.2329311,1.0599267,1.3816701,1.123415,0.5920783,0.7251233,1.2702252,0.90960944,0.5822921,0.9584614,1.032731,1.3926914,1.425636,1.0718489,0.69010043,0.7101603,1.3521594,0.94596803,0.99581605,1.1832572,0.90853256,0.5421613,0.9828235,0.87131226,1.2374384,0.7681545,0.6373935,1.1476003,1.1664675,1.0733845,1.3439274,0.68098986,1.4652424,0.90706706,0.709954,0.9316671,0.98672396,1.1054543,1.2725141,1.2410315,0.45156264,1.0006411,0.6624264,1.2363092,0.72007143,0.7211833,0.88484895,1.0852604,0.9271086,0.9026086,0.86449397
closet,1.0617185,1.1920371,1.2519239,0.58702856,1.1759007,1.2277565,0.93472075,1.3541064,0.76915884,0.9776693,0.45519453,1.2201549,1.0813118,0.8098562,0.9553064,0.6289552,0.8097613,1.1428254,1.1990594,1.2499491,0.9163729,1.3517885,1.2599976,1.2296555,1.1990933,0.5479326,1.0308514,1.2047558,0.0,1.1615107,0.81877065,0.9535035,1.3805516,0.87785363,1.2466134,0.95740527,0.7573509,0.27559114,0.9481395,0.51759696,0.897365,1.1599574,0.6405198,0.51610684,1.3639597,1.1697595,1.2070833,1.2867641,1.2705032,1.1627018,1.0361863,1.0510706,1.036017,1.3722057,1.1513014,1.0999285,0.37185037,1.2621462,0.9838886,1.1714648,1.1147972,1.112953,0.40448225,0.7894373,1.1538323,1.1319497,1.2188094,0.9466448,1.0788083,1.1069347,0.7120366,1.155469,1.1967082,1.2594142,1.0457383,1.2651405,1.3030943,1.0221679,0.98997533,0.53381824,0.79571104,0.9319535,1.3957349,1.3782177,0.85866416,1.110127,1.1941425,0.9735214,1.0926192,1.2992347,1.1507542,1.2493463,0.76703745,0.9317097,0.99403864,0.99828875,0.7447144,1.1031471,0.56416386,1.3127674,0.88815117,0.9615672,1.3651932,1.2206208,1.2101052,0.8968967,0.42452317,0.76580256,1.296833,1.3317795,1.2104751,0.86844677,1.2656808,1.3102604,1.1621906,1.1238644,1.0556998,1.2792115,0.92294806
coffee,1.2193558,0.87954235,0.60064846,1.3401902,0.94373685,0.5581251,1.1504569,0.8031804,1.0442986,1.1534998,1.305352,0.5961272,1.0268127,1.2342787,1.137042,1.3074211,1.1974031,1.1150401,0.66894346,0.6087524,1.1680244,0.76320904,0.66767794,0.79816866,0.6211478,1.2221599,1.0438246,0.6986437,1.1615107,0.0,1.206855,1.2479539,0.4938879,1.1239595,0.58051854,1.2033858,1.3116958,1.2188425,1.1145973,1.3302559,1.145436,0.9254884,1.2199894,1.1384137,0.9174206,0.81861866,1.0526896,1.047584,0.7873404,0.9659567,1.2388045,1.1461321,0.896319,0.8407284,1.1377163,0.9206139,1.1536834,0.9923591,1.2876822,0.76594305,1.0271438,1.0607307,1.2790008,1.2838444,0.6751261,0.98184764,0.79437363,1.0395631,1.0967026,1.1349403,1.3547193,0.72937775,0.59907186,0.79597306,1.1315049,0.80719125,0.5444297,1.0204667,1.0947151,1.3511847,1.2305456,1.2654039,0.6305775,0.55538404,1.225127,1.117814,0.78634673,1.1605382,0.95809984,0.4631201,0.9923624,0.8564285,1.3146989,1.0611271,0.9647439,1.1625135,1.1743687,1.1376091,1.298335,0.7388362,1.2587105,0.9430451,0.6258931,0.8900436,0.9674467,1.1312816,1.2988818,1.3198082,0.5139636,0.8732136,0.71123123,1.3157473,0.806468,0.72676986,0.8397757,0.9189931,1.0433116,0.6930883,0.91560876
couch,1.070777,0.99598575,1.3218659,0.737973,1.1776605,1.2085571,0.91792065,1.0395684,0.62317634,1.0334728,0.48334485,1.178386,0.37388897,1.0328205,1.0596246,0.40619445,0.9008173,0.9592708,1.2657474,1.2199011,0.67843306,1.2257373,1.2019337,0.99345237,1.0040352,0.8690515,0.22920227,1.2883775,0.81877065,1.206855,0.0,0.9964508,1.2977765,0.62526417,1.2766483,1.0435185,0.8787297,0.71933454,0.87153035,0.71029097,1.0569494,1.2585306,0.92016035,1.0340149,1.017453,1.083364,1.1965464,1.0423422,1.1667367,1.1501229,0.9570673,0.9155764,1.2043746,1.1636723,0.9140379,1.2029847,0.99879503,1.1690136,0.94678456,1.21648,1.1529635,1.0926857,0.7328418,0.59171414,1.231234,0.8727678,1.1089424,0.9739541,1.0420897,0.93780833,0.7833225,1.1776377,1.2950374,1.0057716,1.1307008,1.3275244,1.3600233,0.6967535,1.0713403,0.60326517,0.68161345,0.92462486,1.2864447,1.3333125,0.87706316,1.0950304,0.67603576,1.0443487,0.8975877,1.2903619,1.1223934,1.1743602,0.81414914,1.0837487,0.9315787,1.1044457,0.9276502,1.1035116,0.678247,1.2018692,0.7037066,0.85227394,1.2076453,1.0079321,1.029818,0.99500716,0.70872486,0.57540953,1.3645055,1.211657,1.145523,0.9239837,1.0022235,1.1744369,1.0935522,0.9955707,0.9431203,1.177939,0.93551105
cracker,0.79286826,0.9471491,1.0829939,0.5273163,0.90365535,1.2752953,0.59545726,1.1163906,1.2197305,1.0723099,0.8575041,1.3942628,1.1344403,0.6411045,1.0801528,0.8605388,0.8695484,1.0718293,1.3634071,1.442065,0.99818015,0.9145533,1.4714837,1.3608036,1.242871,0.97923595,1.1116073,1.2106115,0.9535035,1.2479539,0.9964508,0.0,1.3751386,1.1659317,1.4076617,0.9932868,0.7538705,0.94913095,0.7875649,0.76017356,1.0591954,0.85866284,0.9253724,0.8735166,1.0076945,0.9144546,0.45638323,0.82761216,1.1724088,0.85307205,0.92766863,0.7358184,1.1095138,0.96330166,1.0482004,0.98395115,0.88074565,0.9085697,0.56744134,1.1976616,1.1216836,1.1233017,0.82682526,0.954543,1.2812328,1.1501212,1.326014,0.858081,0.9561069,0.82404464,0.4589852,1.1301197,1.3506331,1.1966993,0.8191153,1.1129901,1.2376971,1.1679766,1.0314972,0.67947507,0.84282666,1.042443,1.3883699,1.3727067,0.33238876,1.0064948,1.2084651,0.97488016,1.1269484,1.4282155,1.0833708,0.9031967,0.6243534,1.0531161,1.255067,1.079612,0.9550381,0.9640895,0.94902134,1.0812877,0.8153752,1.1899445,1.2243121,0.96409863,1.0352235,0.75932163,0.780673,1.0497464,1.2019918,0.88079536,1.2505184,0.66698927,1.181483,1.1404672,1.0767474,1.0655239,1.2522843,1.1688005,1.2067792
