,alligator,ankle,apple,applesauce,arm,ball,balloon,banana,basket,bathtub,bear,bed,belt,bench,bib,bird,blanket,boat,book,bottle,bowl,box,bread,broom,bucket,butterfly,can,car,carrot,cat,chair,clock,closet,coat,coffee,comb,cookie,couch,cracker,crayon,crib,cup,dish,dog,doll,door,drawer,dress,ear,egg,elephant,face,finger,firetruck,fish,flower,foot,fork,frog,game,glass,glasses,glove,grass,gum,hair,hamburger,hand,hat,helicopter,horse,hose,jacket,jar,jeans,knife,ladder,lamp,meat,melon,milk,mitten,motorcycle,mouth,muffin,nail,napkin,necklace,nose,orange,oven,owl,pajamas,pants,paper,pen,pencil,penguin,pickle,pig,pillow,pizza,plant,plate,pony,pumpkin,purse,radio,raisin,refrigerator,rock,rooster,scarf,scissors,shirt,shoe,shorts,shovel,shower,sink,slide,slipper,snow,soap,sock,spoon,sprinkler,stick,strawberry,stroller,sweater,swing,table,tape,toe,tooth,toothbrush,towel,toy,tray,tree,truck,vacuum,watch,window
alligator,0.0,1.236146,1.5497605,1.1158497,0.44751668,1.4420176,1.4109236,0.6905156,1.2178633,0.7616884,0.6118289,0.35104883,1.574308,0.8116629,0.46923018,0.59202754,0.369514,0.8896285,0.9050188,1.6572807,1.599351,0.8342935,1.4616578,1.0986109,1.5629838,0.98339796,1.473613,1.3199428,1.1968901,0.6481138,1.0715581,1.574098,0.7193581,1.0004197,1.0850946,1.0158699,0.87123847,0.51219785,0.8282431,1.62798,0.5747146,1.6902573,1.0301837,0.45548028,0.85755706,0.8672702,1.3021777,0.66368,0.9713337,1.500641,0.5972886,0.782583,1.3328767,0.7663915,1.5071292,1.1913092,1.0034581,1.5502468,0.7943068,0.7253238,0.7876538,1.3172264,1.1029525,0.684088,1.424851,0.7343225,1.3293114,0.79505324,1.4764926,0.73834294,0.49888605,0.793828,0.5606599,1.0088416,0.46401227,1.3269755,0.90519905,1.5207524,0.560253,0.90010035,1.0527298,0.43519807,1.2764332,1.0534065,1.4592432,1.5766447,1.2961137,1.480129,1.2624955,1.4961475,1.1885622,0.459643,0.4916426,0.439681,0.58095425,1.5547303,1.5309782,1.1565742,1.3332331,0.5004644,0.99290276,1.1721108,1.0805751,1.4750237,0.69324833,1.4508166,1.018439,1.4200095,1.1483687,1.0471767,0.9453486,1.4664161,0.89239836,0.68615615,0.55845857,0.8983,0.56561345,1.020995,0.74833345,1.0694603,0.85209775,1.5932921,0.45178026,1.4391595,1.1892744,1.5292124,0.7917831,1.2623262,1.3240299,0.849653,0.5540785,0.73319083,0.49483722,1.5248256,1.382565,1.4087226,1.4359045,1.365147,1.1980095,0.6570482,0.76753706,1.1371216,1.1965412,1.6485977,0.68230665
ankle,1.236146,0.0,0.8297961,1.0007675,1.0303009,0.78157735,0.77040094,1.1239737,0.9889685,1.3748288,1.1792632,1.3566788,0.7840954,1.2534733,1.0736034,1.0883772,1.2609955,1.1448183,1.1006662,0.7541995,0.80975163,1.2159116,0.64538455,1.174381,0.6927257,0.9233251,0.85626566,0.985112,0.7766063,1.1681416,1.0301073,0.85201705,1.3622061,1.0346187,1.0668712,1.0420958,1.1116142,1.3732727,1.0339636,0.72658336,1.352745,0.7790089,1.0095786,1.0225569,0.7593838,1.3311675,0.96316504,1.1270701,0.97406983,0.7019899,0.9904151,1.2111964,0.49482024,1.2526753,0.7551941,0.9478772,0.32056844,0.76710296,0.972413,1.1531765,1.2878919,0.7727255,0.36924934,1.2763298,0.761621,1.1872271,0.8199711,0.7908427,0.6038383,1.3069263,1.1044008,1.2436206,1.2657261,1.2090275,1.0806379,0.8291446,1.1585972,0.81671953,1.2268511,1.0913222,1.0138538,1.000719,0.9598656,0.98411334,0.7160655,0.71266395,0.6391313,0.64213824,0.8719659,0.81602544,1.051239,1.2184817,1.1414604,1.1417444,1.2283983,0.86230433,0.8949152,0.879511,0.75872564,0.9935089,0.8484664,1.0407324,1.0869697,0.8467678,1.0926379,0.74226296,0.8378631,0.8740144,0.79237336,1.1572521,0.9405371,0.6824155,0.86022246,1.1669409,1.1980481,0.82265043,1.017362,1.1340337,1.3251705,1.1454833,1.1341242,0.4912663,1.3988293,0.80553305,0.22961116,0.7688045,1.367682,0.893524,0.8029243,1.0853788,1.1779072,1.3623996,1.4757214,0.7424344,0.33327568,0.768118,0.76741123,0.66526425,0.8884644,1.3644276,1.3245262,0.9739198,1.0128719,0.65789217,1.3796288
apple,1.5497605,0.8297961,0.0,0.95786417,1.3937881,0.28975344,0.47288084,1.174734,1.0372959,1.4553906,1.2114171,1.495012,0.41209853,1.4157774,1.438462,1.2169836,1.4933248,1.1881673,1.1103352,0.27093267,0.4688648,1.3917147,0.41887283,1.1642373,0.6668024,0.84402287,0.8656177,0.86628675,0.8273523,1.2373937,1.2295033,0.28751224,1.3205228,1.1351715,1.0705304,1.0838898,1.0554533,1.417416,1.1876764,0.2428106,1.4989555,0.30020803,1.1441,1.3691158,1.173501,1.3232716,1.1124707,1.318872,1.072331,0.44180787,1.2702526,1.1179955,0.7165544,1.282985,0.49451387,0.91301215,1.0864586,0.6493783,0.95875955,1.2202299,1.3135593,0.7630525,0.9851409,1.1452987,0.60297525,1.2165977,0.5509054,1.2715126,0.5296197,1.1834308,1.2926185,1.2920065,1.3840836,1.103866,1.444104,0.9098588,1.2586757,0.586874,1.2934434,0.69364905,1.0819551,1.422579,0.9150996,0.9200481,0.4214642,0.18755794,0.8060504,0.63649344,0.5920955,0.103105664,1.2215307,1.351539,1.4281862,1.464771,1.3349617,0.4573195,0.39874423,0.91922164,0.6526684,1.2604153,1.0629327,0.901848,1.0440375,0.6457895,1.2749534,0.31268924,1.173412,0.91937244,0.7510014,1.2512891,0.9178564,0.5595689,1.2472116,1.2436072,1.3439767,1.1907716,1.4000874,1.131127,1.3242012,1.2066494,1.140362,0.39888,1.364079,0.7505113,0.8740057,0.6197388,1.284572,0.8550524,0.7055459,1.3747503,1.3656244,1.241917,1.4814498,0.40836477,0.5972611,0.6204871,0.4658512,0.71635395,0.6230849,1.4252136,1.1542257,1.0706971,1.060976,0.28394723,1.3237824
applesauce,1.1158497,1.0007675,0.95786417,0.0,1.1650642,0.8099433,0.81441456,0.86456305,1.0357236,1.0709162,1.0983536,1.2204607,1.0908558,1.1281117,1.1369555,1.0329782,1.2139164,0.9342717,0.7736124,0.96151876,0.85017073,0.9597713,1.0186467,1.0802617,0.91545796,1.0296685,0.9936234,1.0311433,1.181596,1.1737936,1.1241004,0.79420054,1.1464651,1.2102952,0.6750593,0.904471,0.94645417,1.2225251,0.9894787,1.0204374,1.1706595,0.9282906,0.9030022,1.0705252,0.92825556,1.1273901,1.0143431,1.126722,1.1400032,0.8962287,1.1624131,1.0838387,1.0527,0.94952637,1.010045,0.94453895,1.1478997,0.88263834,0.9515955,0.85629594,0.86447775,0.97554296,1.0235945,1.0222619,0.66328543,1.1398041,0.9134644,1.0107366,1.0676467,1.0663896,1.1744399,0.938503,1.2608919,0.8839582,1.2582881,0.9324191,1.1444623,1.0174619,1.0942662,0.9763485,0.90365654,1.0828855,0.9493724,0.94542027,1.0537199,1.0226821,0.9579195,0.92936856,1.150618,0.9169406,1.0548087,1.0080143,1.1726909,1.2632864,0.8644393,0.98267627,1.0240432,1.1324868,0.9876124,1.0953465,1.0994451,0.8667089,0.96498597,0.7203833,1.1285971,0.9344855,1.1217248,0.9407716,1.0331181,0.99055463,0.9232873,1.0813766,1.162782,0.89806235,1.2063274,0.9564592,1.2235444,0.96419996,1.0677586,0.9032507,1.024638,0.997206,1.1047796,0.8954501,1.0162013,0.8790005,1.0195048,1.0023466,0.7369847,1.0203602,1.2358242,1.0580815,1.0696633,0.8707083,1.0909165,1.080122,1.1045885,1.014445,0.8535085,0.88803315,1.027971,1.0605614,1.1479508,1.0133457,1.0736071
arm,0.44751668,1.0303009,1.3937881,1.1650642,0.0,1.4337381,1.3656775,0.9732655,1.3261167,0.79727674,0.77895916,0.47705686,1.4512988,0.93151426,0.49243987,0.9568391,0.6103877,1.1239998,1.167766,1.5225532,1.5517567,1.0111827,1.3901045,1.1566328,1.5774943,1.087459,1.4430217,1.3651524,0.9205234,0.66234285,1.2020801,1.4684758,0.8828825,0.9318574,1.108927,1.0737169,0.92586935,0.5763876,0.8197799,1.4233954,0.8294759,1.5377085,1.1455355,0.6175156,1.1053342,0.8114625,1.181716,0.68446696,0.8922406,1.342622,0.6139928,0.6095922,0.91583616,0.9037812,1.4540101,1.2242749,0.6922653,1.4459223,1.2472388,0.8157234,0.7825123,1.0922438,1.0699956,0.7490447,1.361949,0.60167193,1.2993367,0.42440832,1.4300239,0.85061705,0.2577634,0.9339126,0.5458987,0.9823839,0.37097394,1.2207286,1.0419286,1.4844863,0.7859529,0.9866725,1.0677003,0.54855067,1.3201933,0.9547769,1.3861359,1.3098199,1.4244726,1.4182249,0.91438127,1.3414857,1.0530319,0.6406295,0.47412467,0.39933634,0.9013842,1.3741838,1.321449,1.164053,1.2403479,0.4060954,1.1599088,1.2467724,1.1660359,1.5334648,0.45493138,1.4026396,1.2230659,1.3282115,1.121876,1.0011342,1.0778508,1.3668818,0.8642961,0.810442,0.3810808,1.057626,0.37492847,1.0373528,0.78479993,1.0257158,1.110322,1.5312798,0.7184354,1.3657217,1.0058329,1.4517972,0.8614788,1.2264736,1.3062549,1.0771537,0.4192618,0.7909827,0.681647,1.5554419,0.97464406,1.1684467,1.1426779,1.4598942,1.4093845,0.81943154,0.85190725,1.1987616,1.2401552,1.451644,0.7435586
ball,1.4420176,0.78157735,0.28975344,0.8099433,1.4337381,0.0,0.15958917,0.9784396,1.0219208,1.4475818,1.2305021,1.4912174,0.7432984,1.3908821,1.4132849,1.1442326,1.4390191,1.1041609,1.0937909,0.46499574,0.505365,1.295437,0.5236783,1.1334372,0.61697435,0.8560543,0.9220248,0.972338,1.056589,1.3135315,1.2309601,0.35192585,1.3612841,1.272502,0.83279896,0.98417175,0.7932176,1.4479468,1.1754816,0.55881476,1.4673444,0.484115,0.9650906,1.2477767,0.97665775,1.38448,1.1403,1.3278632,1.1456766,0.3472308,1.3474743,1.1857208,0.91004,1.2583355,0.674853,0.874714,1.1116418,0.71531343,0.7972905,1.1590726,1.1690489,0.9648138,0.8815742,1.1552984,0.4797868,1.2788595,0.61859405,1.282238,0.62181824,1.2191181,1.402653,1.1851268,1.457899,1.0388471,1.4732938,0.99540824,1.2989702,0.65301085,1.2610135,0.48333,0.9447709,1.2217345,0.9236269,0.933287,0.5282568,0.48825836,0.768052,0.7317761,0.69451153,0.21767843,1.2977638,1.2828501,1.4230975,1.5009687,1.2264472,0.66762316,0.67909086,0.9991216,0.71699065,1.2360098,1.0433499,0.9535045,0.9910813,0.55890834,1.3732228,0.17843187,1.0718411,0.97087544,0.65739226,1.2801472,0.81094074,0.67732567,1.2243605,1.1050272,1.3878341,1.0342481,1.437047,1.0630355,1.3282568,1.137362,1.0609529,0.546159,1.3390968,0.65752417,0.8407177,0.693817,1.1611736,0.90230566,0.5131997,1.2984368,1.3817683,1.1483254,1.4327171,0.36177862,0.80144906,0.8539065,0.7336448,0.78188,0.41522634,1.2918177,1.1913664,1.1210713,1.142205,0.6014632,1.4016397
balloon,1.4109236,0.77040094,0.47288084,0.81441456,1.3656775,0.15958917,0.0,1.0119821,1.03996,1.3308039,1.2810774,1.4310851,0.7812392,1.3622627,1.3152022,1.0962871,1.3972143,1.1660099,1.0963203,0.5858483,0.52735263,1.2649482,0.62378204,1.1063286,0.6830853,0.8295201,0.9275131,0.972791,0.9869598,1.2538745,1.2054976,0.45112884,1.3399473,1.1666989,0.7687122,1.0465978,0.8203494,1.3958726,1.1133407,0.66674006,1.4028839,0.5665225,0.9874287,1.2597431,1.015895,1.2833884,1.0512507,1.2903068,1.0879979,0.2934401,1.2687,1.1522056,0.824915,1.2727227,0.7454761,0.9366303,1.0373647,0.7215472,0.8676031,1.1514562,1.0606314,0.92449284,0.8713198,1.2093053,0.5031321,1.2242461,0.69368374,1.2072048,0.65578425,1.2214212,1.3579575,1.1720551,1.3665831,1.0387771,1.3850634,0.9463813,1.239831,0.6731055,1.3032708,0.4519834,0.9491876,1.218331,0.97740847,0.9489187,0.64737535,0.5347811,0.7560185,0.819378,0.70166534,0.3605057,1.1595834,1.3273878,1.370503,1.4078585,1.2276692,0.73126024,0.7374605,1.0011896,0.70022553,1.2013552,1.0058647,0.98855895,1.093375,0.5667784,1.3131547,0.37536782,1.0925851,0.947431,0.6496756,1.2002515,0.84974885,0.6821144,1.140744,1.1577184,1.3262829,1.0860395,1.3567884,1.1330444,1.2522676,1.0437933,1.0853792,0.65548986,1.3724799,0.7027642,0.8190259,0.6926576,1.193036,0.9527823,0.59874886,1.2769871,1.2948651,1.1684353,1.4034244,0.4804666,0.7527796,0.76893234,0.7755657,0.78455186,0.6161226,1.2753713,1.225512,1.1142505,1.131913,0.69274384,1.3072793
banana,0.6905156,1.1239737,1.174734,0.86456305,0.9732655,0.9784396,1.0119821,0.0,0.87444127,0.9227234,1.0207738,0.8903741,1.2219547,1.036101,0.91248167,0.8893679,0.83884126,0.81103677,0.85403967,1.2383901,1.1015826,0.86452305,1.1403701,1.0663596,1.1115727,1.0630046,1.1141634,1.2097875,1.1074114,1.088026,1.046257,1.187937,0.96771556,1.1694769,0.85668004,0.8267703,0.8151859,0.9442793,0.78519034,1.1754951,0.7418767,1.2632949,0.9546777,0.89075017,0.88408655,1.0060569,1.1058657,0.95464396,0.9715418,1.1442895,1.081937,1.0895151,1.1948076,0.9207237,1.1238939,0.9894888,1.1214843,1.1016948,0.68632084,0.9054191,0.87912595,1.1908449,0.8988116,1.0279909,0.8538535,1.0763559,1.069644,0.9424219,1.1752065,1.1486799,1.05114,0.81295145,1.0514696,0.92458963,0.98479414,1.0033296,0.8800237,1.2824636,0.79511464,0.70436144,1.0103754,0.5897073,1.1365552,0.8760592,1.1689303,1.3225417,0.95041144,1.1221935,1.1641613,1.1692685,1.097623,0.82282495,0.96521705,0.9873662,0.78601575,1.1319385,1.1464748,1.2178534,0.90121025,1.0096133,0.78478765,0.930335,0.9699581,0.9430729,1.0631435,1.0926058,0.83293587,1.1547723,1.0554264,1.050749,1.1262357,1.2673099,0.9835437,0.42274183,1.034267,0.93791604,1.0183473,0.8456424,1.0953426,1.0183336,0.773318,1.1983247,0.8693408,1.1754444,1.0826333,1.1187773,0.95207244,1.133874,0.9140844,0.88760483,1.0678415,0.9878734,0.8915594,1.0265104,1.2744563,1.1572542,1.1848739,1.026472,0.69337344,0.80044085,1.0397303,0.9760294,0.98877764,1.3559446,1.1043104
basket,1.2178633,0.9889685,1.0372959,1.0357236,1.3261167,1.0219208,1.03996,0.87444127,0.0,0.992572,1.0900168,1.1161653,0.78914344,0.79545045,1.233616,1.0574491,1.0428468,0.9728847,0.79211444,0.82882833,0.72272676,0.56322145,0.90079856,0.76270574,0.5734439,1.0347669,0.46845138,0.8074317,1.0453273,1.1932143,0.5302332,0.97529364,0.9492483,1.0300215,0.99087626,0.7382728,1.0975124,1.0407709,1.06567,0.8907815,0.5843395,0.7967947,0.86491114,1.1468563,0.8565196,1.0335684,0.6339807,1.0165288,1.0485847,0.9736845,1.1743969,1.3452001,1.1095599,1.0300406,0.8886252,0.84096456,1.063962,0.77625036,0.97601366,1.1351271,1.1580299,1.077623,0.89769447,1.2395612,0.94341564,1.3079507,0.97517073,1.2535679,0.878992,1.2182727,1.4174525,1.0783739,1.1979547,0.96783394,1.2891939,0.8930149,0.5408779,0.7851865,1.0813993,1.1850758,0.9055351,1.1634903,0.8589568,1.146951,0.8651078,1.078631,0.6841321,0.7610544,1.16925,1.0621881,0.6504204,1.1365663,1.1850182,1.2665181,1.0168433,0.91495395,0.9416323,1.018363,1.0466669,1.3761847,0.6003399,0.7972801,0.87061715,0.77317536,1.2651132,0.95265424,0.5127748,0.590832,1.1466726,0.8809153,1.1605753,0.952677,0.9243081,1.098379,1.3014901,0.9831386,1.1930962,0.95247716,1.1982614,0.9802545,0.9688211,0.8205335,1.1555159,0.75433654,0.9267441,0.8646581,1.132077,0.967809,0.8332638,0.68753314,1.301835,1.1907456,1.0936139,0.80799997,1.1264329,1.0466428,1.0487841,0.6617237,0.85068834,0.9914248,1.204215,0.8537282,0.608886,0.93256146,1.1443592
bathtub,0.7616884,1.3748288,1.4553906,1.0709162,0.79727674,1.4475818,1.3308039,0.9227234,0.992572,0.0,0.7822664,0.52912176,1.2768619,0.6637474,0.8625811,1.0413883,0.64496565,0.81224275,1.0104551,1.3927526,1.1406753,0.6829681,1.4338522,0.9356815,1.2451136,1.1516149,1.062265,1.0523089,1.1094494,0.7043833,0.8875029,1.3454955,0.6171058,0.9102515,0.99208724,0.96365726,0.93532795,0.5372242,0.78271383,1.4021895,0.59741855,1.3137736,0.96228874,0.8881826,1.1321223,0.33906567,0.75565976,0.888792,0.9837675,1.3006182,0.77930754,1.0136808,1.2827427,0.7929169,1.399918,1.1477823,1.2017348,1.2674644,1.2437733,0.8940268,0.7964638,1.271639,1.3122468,0.89164406,1.3080221,0.94219786,1.3602843,0.983492,1.4253473,0.82810456,0.86481786,0.8126863,0.78041095,0.9022306,0.7535422,1.1150479,0.81553596,1.2598087,0.9270452,1.105379,0.885833,0.93915445,1.1423471,1.1493586,1.4322551,1.4004225,1.2142935,1.3547266,1.1899301,1.4562447,0.71541333,0.7644386,0.7988124,0.73296046,0.8109437,1.2954223,1.2754383,1.0773834,1.2727882,0.8657248,0.9508839,1.0772512,0.9776805,1.1938353,0.8823738,1.4853535,1.1217606,1.0303782,1.2763331,0.62368804,1.0647892,1.413131,1.0402051,0.8666016,0.82642996,1.1272792,0.7613961,0.96117806,0.34012568,0.36839116,0.89767957,1.4757915,0.63556594,1.1195098,1.2771304,1.2631178,0.81069636,1.1461624,1.3140585,0.8509889,0.83170235,0.8410534,0.58469,1.2884862,1.372054,1.2499447,1.2249608,1.2187648,1.2706884,0.6638274,0.90503305,0.9901456,0.9969824,1.4265113,0.6234637
bear,0.6118289,1.1792632,1.2114171,1.0983536,0.77895916,1.2305021,1.2810774,1.0207738,1.0900168,0.7822664,0.0,0.66996425,1.207844,0.85246474,0.8209965,0.8914821,0.69316405,1.0198925,1.1873391,1.2991805,1.31024,1.101514,1.099868,1.1124018,1.3152559,1.0708017,1.2653027,1.1612794,1.0036981,0.50219595,1.1239904,1.2446624,0.88985866,1.0100896,1.1839832,0.98241574,0.8831086,0.7395955,0.95917183,1.237346,0.91348666,1.3201901,1.110494,0.52825767,1.0053627,0.90638745,1.172633,0.94952667,0.88904905,1.2049263,0.6511385,0.9518666,1.14207,0.9371507,1.1514935,1.1610804,1.0485293,1.2868545,0.9906921,1.0229981,1.0357227,1.1327014,1.1595231,0.73731685,1.3010397,0.8456826,1.1345457,0.9675258,1.261812,0.82834023,0.7164403,0.8522017,0.7871603,1.1081476,0.71466714,1.1925831,1.0727316,1.2785844,0.7743921,1.007605,1.0978843,0.8384718,1.1193999,1.0750421,1.070869,1.1891944,1.2282037,1.217322,1.1585338,1.2284148,1.1316732,0.41534,0.8114248,0.70759994,1.0034273,1.259177,1.2270597,0.8829369,1.1465842,0.766846,1.0549946,1.0883597,0.9984471,1.29729,0.77857405,1.232408,1.1626008,1.1757398,0.97450715,1.0896838,0.7188938,1.248008,0.95701593,1.0113494,0.79631436,1.0189724,0.81898355,1.0349586,0.86705124,1.0925483,0.99771583,1.2594185,0.4972213,1.2395482,1.1774615,1.2704031,0.91747814,0.9398985,1.2126575,1.1586771,0.87479925,0.9087789,0.78166586,1.2594526,1.1735253,1.1161659,1.1666793,1.2094882,1.1832491,0.9309966,0.7920205,1.1538868,1.247877,1.1948614,0.86621135
bed,0.35104883,1.3566788,1.495012,1.2204607,0.47705686,1.4912174,1.4310851,0.8903741,1.1161653,0.52912176,0.66996425,0.0,1.4615827,0.6249846,0.43897903,0.97364783,0.124818325,0.9050768,1.0352789,1.6072766,1.5453283,0.7443235,1.5355508,1.0899993,1.5235254,1.1786237,1.3520652,1.2544148,1.1898714,0.5946567,0.9243045,1.5293313,0.5273139,0.82163835,1.1419814,1.1603913,0.9030806,0.12266213,0.94706017,1.5782486,0.39801955,1.6160443,1.1397738,0.5772081,1.0099659,0.5765641,1.0900767,0.61633253,1.0078964,1.4760951,0.5171022,0.74643755,1.3449318,0.7812338,1.5910838,1.2618763,1.1148077,1.575258,1.207541,0.79892373,0.8679067,1.3102134,1.2373035,0.6145294,1.5158606,0.70865244,1.4338806,0.9300897,1.4262332,0.7004692,0.5111394,0.8282681,0.2889071,1.0518179,0.30022764,1.4020002,0.76749676,1.5279503,0.74025744,0.9754884,1.0906447,0.669362,1.2888365,1.1588879,1.5221798,1.4697456,1.2275226,1.495621,1.1511962,1.4578209,1.0105448,0.5966871,0.37948924,0.30965996,0.7801457,1.502691,1.4701523,1.129332,1.4290009,0.63439363,0.7970317,1.2376838,1.111919,1.517679,0.68242496,1.5023754,1.0119137,1.3119915,1.2370855,0.91684353,0.96571505,1.5205003,0.9221202,0.8517168,0.42954493,1.0598454,0.4132266,1.1443496,0.5672864,0.9423529,0.9104228,1.5905397,0.29154456,1.3973262,1.2604868,1.5984519,0.82667947,1.3062366,1.4005775,0.8197516,0.38166368,0.7889768,0.34480208,1.5295764,1.4131978,1.4103725,1.3782598,1.2507973,1.3183383,0.63734996,0.76282346,1.1698346,1.1206548,1.5724438,0.5681094
belt,1.574308,0.7840954,0.41209853,1.0908558,1.4512988,0.7432984,0.7812392,1.2219547,0.78914344,1.2768619,1.207844,1.4615827,0.0,1.2624464,1.3845941,1.1496173,1.3797967,1.1337514,0.9810711,0.3406546,0.42530578,1.2187264,0.5450378,0.98026556,0.5174256,0.8909793,0.60593337,0.5756355,0.5687712,1.0847235,0.9706154,0.45975876,1.230264,0.9482501,1.1083237,1.0528898,1.2893974,1.3581855,1.2124751,0.18505138,1.3166035,0.327456,1.188673,1.4517756,1.2258141,1.2198029,0.7303265,1.3588063,1.0048178,0.63570094,1.1430941,1.3054082,0.643202,1.3122047,0.3501386,0.9294322,0.9471405,0.37587142,0.9683319,1.3551705,1.4584538,0.65295565,0.76534396,1.3536252,0.7628081,1.3185304,0.60422075,1.2664952,0.41813827,1.2457602,1.3942027,1.2397758,1.2615881,1.2179761,1.3006773,0.6157322,1.0390785,0.4589473,1.382307,1.0589904,1.1625425,1.4867578,0.6984857,1.0117974,0.56041837,0.34621465,0.56505466,0.47948277,0.7265453,0.5431104,0.91473883,1.4591532,1.4546492,1.3489102,1.3344382,0.23137951,0.22168636,0.7203327,0.67328095,1.4417744,0.72152096,0.8814221,1.0610179,0.6239692,1.3025267,0.7108679,1.0195459,0.599248,0.94811875,1.1651839,1.0319608,0.48126316,1.0246093,1.2759717,1.3184905,1.1752954,1.2945614,1.0882382,1.3982513,1.0943103,1.1834881,0.29397178,1.4183058,0.8425085,0.6764749,0.39920318,1.3870044,0.8037454,0.9465282,1.2292607,1.3851426,1.4117559,1.5316553,0.5288661,0.6215186,0.40019095,0.5229807,0.4272679,0.88189864,1.4406904,1.2778615,0.92765665,0.75453466,0.18119001,1.2861831
bench,0.8116629,1.2534733,1.4157774,1.1281117,0.93151426,1.3908821,1.3622627,1.036101,0.79545045,0.6637474,0.85246474,0.6249846,1.2624464,0.0,0.99882144,1.0721086,0.6836601,0.62640685,0.8881203,1.3019878,1.1854963,0.65992725,1.3092499,0.6146997,1.0581292,1.2209144,0.8864174,0.89736974,1.3095117,0.9959346,0.3647517,1.3970001,0.8603139,1.0664545,1.1148565,0.9859838,1.0670252,0.661258,0.91770273,1.3128345,0.514455,1.2932044,0.99970967,0.8809974,0.9894259,0.7810443,0.8816154,0.8873359,1.1845868,1.3471732,0.88525933,1.0773457,1.3698938,0.8407154,1.1250113,1.0006669,1.1342266,1.1720752,1.1922288,0.9012113,1.0318393,1.3462338,1.2290355,0.6685099,1.2972931,1.0549698,1.3058376,1.122879,1.3599918,0.7481648,0.8616784,0.7025833,0.86637795,0.99470323,0.82659495,0.88939023,0.5704976,1.1404963,0.9574668,1.3171504,1.0480168,1.0079031,0.87280095,1.2682883,1.3190398,1.4547583,1.1382332,1.1491225,1.3976156,1.402991,0.87308073,0.9099132,0.87547827,0.8107697,0.871932,1.201638,1.2329826,1.0277977,1.3197893,0.8979901,0.9658802,1.0808207,0.82125103,1.1912456,0.94848853,1.2728258,0.89476776,1.0225041,1.246287,0.80435157,0.8849336,1.376899,0.99266505,0.8595122,0.9544466,0.93223065,0.9154774,0.6631979,0.8652897,0.90281856,0.58954954,1.2812457,0.6801274,1.1602488,1.2626344,1.1942887,0.59909666,0.91026294,1.0820153,0.60643774,0.90449405,0.6812561,0.33967352,1.2838318,1.4049463,1.3892257,1.3065057,1.1411511,1.1679132,0.6469879,0.7381151,0.8409236,0.7831435,1.3761564,0.67505395
bib,0.46923018,1.0736034,1.438462,1.1369555,0.49243987,1.4132849,1.3152022,0.91248167,1.233616,0.8625811,0.8209965,0.43897903,1.3845941,0.99882144,0.0,0.8908717,0.38913596,1.0761075,1.046638,1.5993977,1.5400925,0.9401714,1.4329965,1.2015619,1.540564,1.0751085,1.4485937,1.331403,0.92291856,0.6706772,1.208543,1.4659952,0.72231257,0.80949485,1.1459599,1.2307224,0.871924,0.5674462,1.0024917,1.5179706,0.72647536,1.6057788,1.1516439,0.7258117,0.91587853,0.88251406,1.1558809,0.42670512,0.7687324,1.3534214,0.61798316,0.6765815,0.98127025,0.9051947,1.4874461,1.259723,0.93297493,1.48015,1.0865521,0.81175506,0.78414214,1.0455962,0.8708002,0.83562744,1.2603717,0.60959285,1.2517083,0.6189529,1.2219998,0.9065667,0.55512154,1.0264361,0.32311308,1.065625,0.32937658,1.3694963,1.0107232,1.5530922,0.7881679,0.93361056,1.1546835,0.47083718,1.2837238,0.8680637,1.4346688,1.3058611,1.2028418,1.2547631,0.91972953,1.4098687,1.1170572,0.6438215,0.21217924,0.3299029,0.7888401,1.4980626,1.486278,1.100774,1.2208762,0.66723394,0.90894014,1.1888757,1.2126615,1.4405594,0.513529,1.4299085,1.0091605,1.3142346,1.0889964,1.1327945,1.0389884,1.2992892,0.5283725,0.9476187,0.31202853,1.0397367,0.36934274,1.3030889,0.7847302,1.0823057,1.1138924,1.508234,0.6480124,1.4071796,0.9380634,1.5139953,1.0304261,1.3025095,1.2546916,0.9842093,0.33221352,0.9366862,0.70861965,1.4960966,1.0960892,1.0688798,1.2679769,1.2209023,1.3363154,0.817446,0.9135318,1.1252966,1.3081537,1.3776836,0.8303931
bird,0.59202754,1.0883772,1.2169836,1.0329782,0.9568391,1.1442326,1.0962871,0.8893679,1.0574491,1.0413883,0.8914821,0.97364783,1.1496173,1.0721086,0.8908717,0.0,0.9449422,1.0575016,0.7338836,1.2584919,1.2666608,0.8867304,1.0632634,1.0331081,1.2361745,0.77692163,1.2071781,1.1848671,0.95854706,0.87393165,1.0293195,1.1685494,1.0005913,0.9627046,1.0227274,0.8877975,0.8571684,1.0151358,0.9435062,1.1987988,0.89276,1.2653202,0.9788236,0.84364474,0.91809386,1.0539896,1.0562736,1.0034572,0.90970135,1.0902133,0.92421544,0.95713323,1.0026042,0.92224056,1.1461672,1.0262216,0.9346981,1.1529362,0.6793475,0.9244536,1.014864,1.0459559,1.0377703,1.0160271,1.1103423,0.9058984,1.0255649,0.9066878,1.1394658,1.0507216,0.9510418,0.9469533,0.9388325,1.0685325,0.96098286,1.1064947,0.9222719,1.086999,0.783566,0.9824655,0.9538,0.8100419,1.1564792,0.9528698,1.0624138,1.1557351,1.1057153,1.1676877,1.0083961,1.1919347,1.1748109,0.8092301,0.9836552,0.9218775,0.5644951,1.1687438,1.1494415,1.0194502,1.0773176,0.9674094,1.0356681,0.95872384,1.0942507,1.1053467,0.9206842,1.1404322,1.0262284,1.1073362,1.0030912,1.180019,1.0588398,0.93849725,0.9869151,0.89606285,0.94021523,0.9497259,0.93696225,1.0427873,1.0019525,1.0975493,1.0322767,1.1997554,0.93025196,1.1418645,1.0458914,1.1423779,0.982111,1.0690646,1.0809748,1.0035431,0.9815772,0.94750106,0.94262785,1.170601,1.0474241,1.0154637,1.1381404,1.1294032,1.0811893,0.88083637,0.99443716,1.0167494,1.063419,1.1734159,1.0283896
blanket,0.369514,1.2609955,1.4933248,1.2139164,0.6103877,1.4390191,1.3972143,0.83884126,1.0428468,0.64496565,0.69316405,0.124818325,1.3797967,0.6836601,0.38913596,0.9449422,0.0,0.85054815,1.0128622,1.5653341,1.5029337,0.77939916,1.4720411,1.0992506,1.4478748,1.1316804,1.2861164,1.2018526,1.1758283,0.64819396,0.964123,1.5220809,0.5536438,0.816687,1.0823613,1.1633093,0.89991945,0.26921612,0.9664606,1.5347382,0.49657965,1.5943432,1.1069753,0.587261,0.9638863,0.72933125,1.1102366,0.60564274,0.9220738,1.4676881,0.56087387,0.86527884,1.3381361,0.88812304,1.4617188,1.2332366,1.0536537,1.5133135,1.1229869,0.84872293,0.8980988,1.3150139,1.0034869,0.7261609,1.4170656,0.8254492,1.3902593,0.95295084,1.3463676,0.82410634,0.6646606,0.82912433,0.33536303,1.0582969,0.2727341,1.3511524,0.86834365,1.5173723,0.73934054,0.9567324,1.095926,0.5724231,1.2342991,1.1379911,1.4749029,1.4770062,0.97166306,1.391204,1.2098333,1.4664061,1.0486274,0.6754373,0.37809324,0.33786112,0.7815758,1.4515116,1.4521437,1.0471904,1.3484645,0.6827059,0.61612815,1.1675304,1.0687248,1.4359999,0.76172316,1.4531748,0.9024866,1.316519,1.2131656,0.9946403,0.92165947,1.4969125,0.7576235,0.9299075,0.49052787,0.96020573,0.4147941,1.1535797,0.69949305,0.9959938,0.89570063,1.4913833,0.36099565,1.379391,1.1027843,1.5371828,0.8946122,1.2229133,1.3450866,0.8357097,0.4898318,0.8775774,0.4869337,1.5121052,1.3972714,1.3717351,1.4040813,0.99152625,1.2850573,0.71942306,0.8289108,1.1361612,1.1744303,1.5185935,0.68189305
boat,0.8896285,1.1448183,1.1881673,0.9342717,1.1239998,1.1041609,1.1660099,0.81103677,0.9728847,0.81224275,1.0198925,0.9050768,1.1337514,0.62640685,1.0761075,1.0575016,0.85054815,0.0,0.8160593,1.1685809,1.0078919,0.71719795,1.2483709,0.90247077,0.9679961,1.2086333,0.93583375,0.82715464,1.1735288,1.2041448,0.84334916,1.1888844,1.0354984,1.2256036,1.0453974,0.9320787,1.0815247,0.9588619,1.061273,1.0701025,0.8200102,1.1702983,0.9647713,1.0622783,0.9051853,1.074665,0.9121252,1.0337669,1.2464756,1.2106268,1.1736983,1.1103246,1.2689672,0.82324445,1.0084447,1.1133387,1.1317505,1.1274543,0.8872503,0.7836022,1.022175,1.2791187,1.033415,0.76443905,0.9262248,1.1736455,1.1063787,1.1261977,1.2089617,0.79380983,1.1343149,0.7064065,1.0946583,1.0341988,1.0122266,0.8953002,0.91461587,1.1817029,0.9496428,1.0981737,1.0055838,0.96572155,0.8774468,1.0869443,1.2480793,1.2841349,0.9750539,1.1439232,1.2877402,1.1997571,1.1042846,1.0291693,1.0329236,1.045803,0.86890066,0.94959766,1.0044005,1.0427572,1.0762737,1.0417106,0.9693302,0.95508105,0.8490045,0.96184283,1.1117649,1.0518339,0.8482543,0.9473198,1.1887792,1.0577416,0.9706971,1.325053,1.0241996,0.6903819,1.1136823,0.7788389,1.1190317,0.59598684,1.0040473,0.8524694,0.41294217,1.0777344,0.89825374,1.1614227,1.0906253,1.0726793,0.6126934,0.9097073,0.97289836,0.71466786,1.1586303,0.7680452,0.73508584,1.0745974,1.3277149,1.2555908,1.2281665,0.9880915,0.68043363,0.75340474,0.83710104,0.7351097,0.9807881,1.251311,0.93890774
book,0.9050188,1.1006662,1.1103352,0.7736124,1.167766,1.0937909,1.0963203,0.85403967,0.79211444,1.0104551,1.1873391,1.0352789,0.9810711,0.8881203,1.046638,0.7338836,1.0128622,0.8160593,0.0,0.974507,0.91163385,0.4055488,1.06906,0.96126205,0.9294578,0.9377533,0.9308486,0.8882437,1.1196454,1.2516946,0.9213855,1.0223916,1.0578467,1.2634406,0.9197087,0.97818726,1.1050195,1.0460352,0.8343743,0.98519516,0.7979057,0.98472714,0.95427585,1.0517775,0.85903716,1.1170024,0.7802804,1.0462831,1.2057569,1.0929987,1.2449058,1.1643806,1.2153797,0.90474504,1.0231571,0.8862253,1.131827,0.9200481,0.72213715,0.5484163,1.0381823,1.1479591,1.0191935,1.0874988,0.7365159,1.1904703,0.99280125,1.0901768,1.1075004,1.1198624,1.2972636,1.0060532,1.1850611,0.96162796,1.2135155,0.77136344,0.79151875,0.98903406,0.92546904,1.136739,0.8173771,1.0665315,0.9498946,1.055941,1.0614707,1.1839831,0.89706695,0.9461601,1.2776458,1.1264373,0.87325287,1.0762773,1.102166,1.2062054,0.25940037,0.9050185,0.93037814,1.1498114,1.1065743,1.1841674,0.88749623,0.81534654,1.0161458,0.769372,1.2495908,1.1248991,0.84426033,0.7160821,1.175019,0.9881664,1.1051971,1.0107514,1.1677568,0.88139266,1.1934664,0.9440196,1.2064811,0.93682283,1.1080241,0.9888941,0.94199824,1.0072902,1.0320977,0.85441744,1.0036585,0.9397744,1.0757784,1.0407493,0.8619528,0.9013117,1.2132691,1.0958135,0.86330783,0.95226294,1.2619989,1.1260562,1.086818,0.90586674,0.7656995,0.6796082,1.1249486,0.9140991,0.91856384,1.1003624,1.0884668
bottle,1.6572807,0.7541995,0.27093267,0.96151876,1.5225532,0.46499574,0.5858483,1.2383901,0.82882833,1.3927526,1.2991805,1.6072766,0.3406546,1.3019878,1.5993977,1.2584919,1.5653341,1.1685809,0.974507,0.0,0.31316626,1.235282,0.38298142,1.0497004,0.30756998,0.8578312,0.47965872,0.6397,0.99180144,1.3446063,0.97796524,0.30801356,1.2905798,1.1012223,1.030756,1.0356526,1.2150611,1.5162609,1.2000654,0.22023475,1.4108472,0.062321305,1.0456283,1.4377322,1.0915575,1.2692517,0.9599227,1.3643951,1.1866553,0.52704275,1.380368,1.3180963,0.8852789,1.2668195,0.3510822,0.75425404,1.0752461,0.39888477,0.94737357,1.2325209,1.2482418,0.84537965,0.8294462,1.3271605,0.58409303,1.3755326,0.7051027,1.3934686,0.4922285,1.2258832,1.5049515,1.2805213,1.5075295,0.9247539,1.5715492,0.6734948,1.1278799,0.30790126,1.3682075,0.98680955,0.84951055,1.5568037,0.71097916,1.1188922,0.42724955,0.4045604,0.5860328,0.50624174,0.8765337,0.39254725,0.9398153,1.4894319,1.5276906,1.5889825,1.2943516,0.34763587,0.35770077,0.96829134,0.69935966,1.3762699,0.98037344,0.87784195,0.94030464,0.5189624,1.5109469,0.46501386,0.91958547,0.6165845,0.91137743,1.0396878,0.87101704,0.5275799,1.1789757,1.2705114,1.4925365,1.109836,1.5253372,1.0139986,1.333498,1.048849,1.1242896,0.26549578,1.4391127,0.38040465,0.76321656,0.3845755,1.3415124,0.7487464,0.8039751,1.128198,1.484829,1.3569744,1.532761,0.32692796,0.73619187,0.7311055,0.4275756,0.520906,0.6132822,1.4450271,1.2473241,0.87698936,0.7390007,0.27089036,1.3372478
bowl,1.599351,0.80975163,0.4688648,0.85017073,1.5517567,0.505365,0.52735263,1.1015826,0.72272676,1.1406753,1.31024,1.5453283,0.42530578,1.1854963,1.5400925,1.2666608,1.5029337,1.0078919,0.91163385,0.31316626,0.0,1.0749209,0.495856,1.0082949,0.25149006,0.96261984,0.52763534,0.61574817,1.0158484,1.3441724,0.97789454,0.3929019,1.3781981,1.2227888,0.76201427,0.9877526,1.0698254,1.4703946,1.1735361,0.42666662,1.3493515,0.18416262,0.8122997,1.4410598,1.0957412,1.2830093,0.78908527,1.4455626,1.2249734,0.45767254,1.3878173,1.3564806,0.92958075,1.2944808,0.51056,0.8469935,1.1262646,0.36355758,0.963967,1.2393785,1.1632867,0.9126601,0.8685803,1.3323349,0.5682933,1.4514662,0.7250438,1.3596919,0.5848723,1.2568187,1.5623193,1.1883323,1.5269403,0.8835876,1.5687144,0.5850235,1.1557512,0.51293266,1.2883637,0.95813733,0.9616231,1.4847822,0.758535,1.0759578,0.50848144,0.5269459,0.5347796,0.6751331,0.97691274,0.53891194,0.81630945,1.4784423,1.5667862,1.5740174,1.22761,0.45787597,0.46371484,0.9194362,0.7739432,1.3854964,0.8624777,0.7457383,0.91221666,0.22884542,1.5283748,0.6059302,0.89630044,0.5589958,0.88825303,1.0098417,0.88155156,0.7435244,1.2518203,1.2106177,1.5078089,1.0887079,1.5402956,1.0092298,1.2947574,0.7923856,1.0752981,0.37745583,1.4285384,0.54687846,0.7935409,0.31135583,1.2781128,0.830624,0.7438267,1.0997282,1.5064391,1.3202907,1.386624,0.19623935,0.862548,0.74276507,0.69565415,0.51534826,0.6527797,1.2095854,1.2982829,0.9809125,0.8897634,0.44746006,1.3472673
box,0.8342935,1.2159116,1.3917147,0.9597713,1.0111827,1.295437,1.2649482,0.86452305,0.56322145,0.6829681,1.101514,0.7443235,1.2187264,0.65992725,0.9401714,0.8867304,0.77939916,0.71719795,0.4055488,1.235282,1.0749209,0.0,1.3253179,0.8658185,0.93820363,1.1360649,0.7558427,0.9785849,1.159879,1.1123618,0.67800784,1.2770683,0.75950634,1.0287479,0.87918174,0.93630326,0.98463225,0.704475,0.8875324,1.3135186,0.44099808,1.1784279,0.85011816,0.93156374,0.84794605,0.7796817,0.4706549,0.88501984,1.0752175,1.2688997,1.1421187,1.0891887,1.3258057,0.72260517,1.3808129,0.9645198,1.119683,1.2412901,1.0024629,0.6950742,0.92728037,1.2528472,1.0967764,1.0643424,1.0069956,1.1087449,1.281522,1.0611612,1.2452434,1.0213994,1.1869671,0.9444386,0.92480004,0.8843864,1.0064815,1.0528158,0.59233224,1.1593801,0.8498592,1.1785743,0.7774517,0.8808811,1.0752003,1.0593793,1.2785493,1.4160609,0.9891318,1.1716557,1.2463216,1.3701969,0.58402056,1.0032576,0.93209875,0.98068786,0.52865225,1.2238246,1.2310326,1.1762766,1.3067,1.1416919,0.7943671,0.9343793,0.98032635,1.0394522,1.0865346,1.3047373,0.65251863,0.70822203,1.318092,0.72116745,1.2477112,1.302135,1.009683,0.8600059,1.0184764,0.93079627,0.954321,0.9787687,0.92996544,0.87250066,0.8694966,1.2946842,0.9524292,0.92149377,1.0975791,1.2692881,0.92754275,1.2451957,0.97202694,0.6358725,1.0082108,0.96825266,0.6706509,1.1370909,1.3964498,1.3044202,1.3337991,1.039903,0.89040893,0.5506904,1.0843318,0.89766735,0.7977035,1.3830996,0.91557753
bread,1.4616578,0.64538455,0.41887283,1.0186467,1.3901045,0.5236783,0.62378204,1.1403701,0.90079856,1.4338522,1.099868,1.5355508,0.5450378,1.3092499,1.4329965,1.0632634,1.4720411,1.2483709,1.06906,0.38298142,0.495856,1.3253179,0.0,1.0882977,0.596479,0.76117504,0.76140165,0.7987642,0.94741845,1.2222296,1.0837126,0.4291818,1.394352,1.0908062,1.13551,1.0634706,0.9814778,1.5013139,0.98933643,0.45748657,1.4726756,0.38947594,1.0287607,1.1432807,0.9715865,1.3071282,1.04731,1.3677642,0.9488993,0.51359725,1.2289762,1.2301021,0.7808906,1.3325348,0.4264332,0.8633648,0.89643395,0.47007865,0.84373826,1.2879227,1.3023726,0.854952,0.8315686,1.3247113,0.7551401,1.2716713,0.58648103,1.248291,0.55656064,1.2833068,1.3820257,1.3003585,1.4327391,1.0882726,1.4580853,0.6137179,1.2399596,0.5358946,1.0333083,0.87313557,1.0295173,1.3369819,0.8313115,1.1038566,0.08104169,0.48408437,0.5946953,0.6767994,0.88562894,0.43924028,1.0464685,1.3092648,1.4691381,1.466961,1.2698478,0.62737715,0.6120177,0.8533174,0.78827506,1.2445911,0.91980886,0.654957,1.0601265,0.4203974,1.3516791,0.47882283,0.94433,0.76341504,0.776284,1.1148785,0.7800412,0.54275334,1.1915295,1.3020004,1.4242744,1.1429137,1.3976176,1.1486413,1.365192,1.1730837,1.2566026,0.39687705,1.3773828,0.64881486,0.7847805,0.4414059,1.4041723,0.7224295,0.7685354,1.2433985,1.4000626,1.3493228,1.486213,0.4404093,0.6295416,0.73366904,0.5772035,0.5656369,0.7963995,1.4131074,1.2460715,1.0368237,0.98477817,0.41803706,1.3404154
broom,1.0986109,1.174381,1.1642373,1.0802617,1.1566328,1.1334372,1.1063286,1.0663596,0.76270574,0.9356815,1.1124018,1.0899993,0.98026556,0.6146997,1.2015619,1.0331081,1.0992506,0.90247077,0.96126205,1.0497004,1.0082949,0.8658185,1.0882977,0.0,0.8882159,0.98364335,0.7555556,0.72765577,1.0540851,1.1324605,0.4753278,1.146141,0.98486805,0.93107206,1.0583258,0.95680314,1.2465849,0.99941987,0.97089493,1.0420058,0.75449216,1.0361358,0.9007427,1.0059696,0.869628,0.8991482,0.8903985,1.0372279,1.0201114,1.1820953,1.1669062,1.1535444,1.1915025,0.93220955,0.9257136,0.8129803,1.1148579,0.88227403,1.0340328,1.1120763,1.0229447,1.0643237,1.0879915,0.9830866,1.1802139,1.1457566,1.1508758,1.1374757,1.0632212,0.9190999,1.1492643,0.87385106,1.1163442,1.0083771,1.1802136,0.8112984,0.6000227,0.7961241,1.0708221,1.2146608,1.0230542,1.0922133,0.73763347,1.1232438,1.0838894,1.2263038,1.0169286,0.96275824,1.1614308,1.148113,0.8958158,1.2099973,1.1414031,1.1320024,1.0087744,0.92491317,0.9437953,0.9110406,1.0271627,1.1491816,0.9376778,0.98663265,0.81126755,1.016352,1.0903007,1.0503867,0.8501681,0.92929876,1.0694886,0.8530391,1.1938183,0.9690214,0.9756762,0.9620484,1.1937851,1.0282449,1.1238983,0.6397118,1.0087442,1.0494413,0.7865659,1.1153293,1.1440903,1.0822804,1.128953,0.8414483,0.6070929,0.89989614,1.0967228,0.6130984,1.1419597,0.5899799,0.85407794,1.1276389,1.2020421,1.0871885,1.097238,0.9843991,1.0717072,0.95849746,0.92991906,0.7734901,0.43529218,1.0630106,0.8146391
bucket,1.5629838,0.6927257,0.6668024,0.91545796,1.5774943,0.61697435,0.6830853,1.1115727,0.5734439,1.2451136,1.3152559,1.5235254,0.5174256,1.0581292,1.540564,1.2361745,1.4478748,0.9679961,0.9294578,0.30756998,0.25149006,0.93820363,0.596479,0.8882159,0.0,1.0260838,0.2008977,0.5468766,1.1292764,1.3721244,0.69105506,0.5848743,1.2459307,1.1052529,0.820097,0.9757628,1.1884627,1.4094955,1.248313,0.56166226,1.1783952,0.23852968,0.83791196,1.3934401,0.9476732,1.234476,0.7437005,1.3174357,1.2222474,0.6472633,1.3875115,1.4065801,1.0530522,1.1632272,0.5570418,0.7285645,1.0731099,0.45920652,0.9467144,1.245443,1.2396438,0.9539362,0.74088186,1.3656946,0.7386341,1.465821,0.8068013,1.417263,0.5172976,1.1977773,1.5649158,1.1650225,1.4412451,0.90534914,1.5196372,0.7183325,0.9725657,0.43509614,1.3414865,1.179069,0.8866495,1.4702196,0.6357209,1.1528803,0.641728,0.7690625,0.50282454,0.54566467,1.0943967,0.69144475,0.71517396,1.4608475,1.4756593,1.5177224,1.2284281,0.5611818,0.64813673,0.90618604,0.8493229,1.435415,0.8034843,0.84746873,0.7652879,0.48127073,1.5152056,0.5591616,0.60241675,0.48886484,0.99023473,0.9279375,0.9117226,0.7124438,1.0775192,1.2306521,1.4868834,0.96860474,1.4638653,0.9462839,1.3143299,0.95311284,0.94593585,0.37005055,1.4423943,0.44886804,0.7468235,0.4678405,1.2151787,0.8212672,0.7106667,0.82816666,1.4619523,1.2845294,1.4149333,0.32363963,0.9520627,0.9838757,0.8545074,0.5159074,0.6506549,1.281682,1.25301,0.8115988,0.6101773,0.56184506,1.3192133
butterfly,0.98339796,0.9233251,0.84402287,1.0296685,1.087459,0.8560543,0.8295201,1.0630046,1.0347669,1.1516149,1.0708017,1.1786237,0.8909793,1.2209144,1.0751085,0.77692163,1.1316804,1.2086333,0.9377533,0.8578312,0.96261984,1.1360649,0.76117504,0.98364335,1.0260838,0.0,1.0630534,1.0640342,0.97483504,1.0667319,1.1071208,0.8405994,1.0608062,0.9823722,1.0433742,1.0397636,1.0520899,1.235148,1.0525686,0.82380074,1.200346,0.8958695,0.99463457,1.0285257,0.9672784,1.0387325,0.959571,1.0622368,1.0217848,0.9104449,1.0834231,1.0823162,0.9024861,1.2232974,0.78970045,0.8433196,0.9271466,0.82553154,0.6397059,1.1516213,1.073304,1.0673313,1.0107706,1.1238987,0.9327719,1.0913172,0.8849656,1.1329048,0.9633421,1.0804886,1.128919,1.0608675,1.1702288,1.0541686,1.223175,0.89518213,1.0905845,0.71202904,1.0559951,1.0137208,1.0129261,1.1384943,1.0333195,0.97110885,0.77553463,0.8420913,0.8510295,0.9028554,0.8788842,0.90866494,1.0582497,1.0433283,1.1389695,1.1768793,0.8948989,0.86396277,0.8550441,1.0764657,0.838107,1.1190376,1.0294168,0.87534845,1.0287061,0.91465795,1.2331887,0.91585785,1.0487704,0.93306416,0.85671306,1.0924449,1.0034597,0.55382633,1.1369046,1.0939101,1.1712502,1.0711826,1.1876101,1.0245539,1.0444481,1.047473,1.1224213,0.8824322,1.026974,0.8708862,0.9364039,0.85326624,1.0879428,0.8476397,0.79853463,1.2165482,1.1795397,1.0867411,1.2028689,0.9401441,0.8425047,0.8462366,0.74032664,0.8348787,0.95768,1.2313828,1.0242401,1.1429083,0.9739048,0.93103456,1.1249007
