,zebra,giraffe,deer,pony,horse,pig,rooster,penguin,bird,duck,fish,butterfly,frog,alligator,owl,elephant,bear,cat,dog,face,hair,arm,hand,leg,foot,ankle,finger,toe,tooth,ear,nose,eye,mouth,stroller,motorcycle,tricycle,truck,car,lamp,chair,bench,drawer,ladder,window,door,closet,shower,refrigerator,oven,crib,bed,couch,table,bathtub,sink,boat,slide,hose,sprinkler,swing,grass,tree,snow,helicopter,firetruck,clock,ball,balloon,pumpkin,egg,orange,apple,potato,strawberry,hat,slipper,watch,nail,raisin,glasses,necklace,carrot,vacuum,broom,mop,stick,shovel,scissors,spoon,fork,knife,pencil,pen,crayon,plant,flower,soap,bottle,cup,can,belt,radio,basket,milk,jar,bucket,tape,bowl,plate,corn,pickle,banana,melon,bread,cookie,toast,cracker,sandwich,chips,pizza,hamburger,muffin,pastry,meat,pasta,sauce,soup,applesauce,glass,coffee,dish,tray,box,book,paper,rock,comb,toothbrush,gum,toy,doll,mitten,glove,sock,shoe,purse,pillow,towel,napkin,blanket,dress,pajamas,bib,scarf,coat,jacket,sweater,shirt,jeans,pants,shorts,cloud,game
zebra,,,,,,,,,,,,,,,,,,,,,,,,,,,,,,,,,,,,,,,,,,,,,,,,,,,,,,,,,,,,,,,,,,,,,,,,,,,,,,,,,,,,,,,,,,,,,,,,,,,,,,,,,,,,,,,,,,,,,,,,,,,,,,,,,,,,,,,,,,,,,,,,,,,,,,,,,,,,,,,,,,,
giraffe,,,,,,,,,,,,,,,,,,,,,,,,,,,,,,,,,,,,,,,,,,,,,,,,,,,,,,,,,,,,,,,,,,,,,,,,,,,,,,,,,,,,,,,,,,,,,,,,,,,,,,,,,,,,,,,,,,,,,,,,,,,,,,,,,,,,,,,,,,,,,,,,,,,,,,,,,,,,,,,,,,,
deer,,,,,,,,,,,,,,,,,,,,,,,,,,,,,,,,,,,,,,,,,,,,,,,,,,,,,,,,,,,,,,,,,,,,,,,,,,,,,,,,,,,,,,,,,,,,,,,,,,,,,,,,,,,,,,,,,,,,,,,,,,,,,,,,,,,,,,,,,,,,,,,,,,,,,,,,,,,,,,,,,,,
pony,,,,0.0,0.9803743958473206,0.5731549859046936,0.6749964952468872,0.671535313129425,0.7120959758758545,0.624923586845398,0.7932307124137878,0.8780155181884766,0.6707738041877747,0.7811801433563232,0.6537594795227051,0.9866652488708496,1.0207598209381104,0.8910589814186096,0.7106219530105591,1.101570725440979,1.0786162614822388,1.0644278526306152,1.1135116815567017,1.033096194267273,1.033836841583252,1.021000623703003,1.0822399854660034,1.0325748920440674,1.0342888832092285,0.9893704652786255,1.029256820678711,1.0365004539489746,1.0141698122024536,0.8964231610298157,1.0426701307296753,,0.9129429459571838,0.9499390125274658,0.9787653684616089,0.9616912007331848,1.0678342580795288,1.1063761711120605,1.0027365684509277,0.9974549412727356,1.1229939460754395,1.1371891498565674,1.116039514541626,1.0926482677459717,1.0910618305206299,0.9510504007339478,1.0226637125015259,1.042654037475586,1.0261437892913818,1.1296120882034302,1.1003749370574951,,0.8852700591087341,1.0219835042953491,,,1.0620880126953125,1.0087627172470093,1.056023359298706,,0.9203989505767822,0.982862114906311,0.9661298990249634,0.9252737164497375,0.9718061685562134,0.9241940975189209,1.0140060186386108,1.007472276687622,,0.9008683562278748,0.9305883646011353,1.0131254196166992,1.1146314144134521,1.048443078994751,1.0065674781799316,1.0550302267074585,0.9557945728302002,1.0038305521011353,1.0242865085601807,0.9530670046806335,,1.1462568044662476,1.0521705150604248,0.9115073680877686,0.7830438017845154,1.0556247234344482,1.0617583990097046,1.0494434833526611,1.0746381282806396,1.011557698249817,0.9675660133361816,0.9857984781265259,0.9640006422996521,1.0523295402526855,1.061439871788025,1.067650556564331,1.0591422319412231,1.0157018899917603,1.0359773635864258,1.0009812116622925,1.0180988311767578,1.0666173696517944,1.0524256229400635,1.0565561056137085,1.0417189598083496,,1.0200769901275635,0.7901862859725952,0.940565288066864,0.970551073551178,0.9714189767837524,,0.9433485269546509,1.0107821226119995,,1.0205930471420288,1.028927206993103,0.8698098659515381,,0.9635377526283264,,1.030336856842041,1.0122920274734497,,1.0599650144577026,1.064605951309204,,0.9929177761077881,1.0089526176452637,0.9728917479515076,0.9951341152191162,1.0195560455322266,1.061644196510315,1.066571593284607,1.0047497749328613,0.7244027853012085,0.7649707794189453,1.0298254489898682,1.0492000579833984,0.914945125579834,1.0305894613265991,1.0038988590240479,0.9973428845405579,1.0722426176071167,1.1246473789215088,1.0073473453521729,1.0114027261734009,0.9996857047080994,0.9517349600791931,1.038421392440796,0.9422159194946289,0.9862135052680969,0.9761348962783813,1.019905686378479,1.0924630165100098,1.047554850578308,1.0502874851226807,,
horse,,,,0.9803743958473206,0.0,1.0002108812332153,0.9780545234680176,0.919325590133667,1.0496021509170532,0.9526781439781189,0.967221200466156,1.0249911546707153,0.9644651412963867,0.854174792766571,0.9244457483291626,0.8632267713546753,0.9648140072822571,0.858035147190094,0.5717915296554565,0.8349378108978271,0.7236769199371338,0.8665354251861572,0.9252424836158752,1.0069271326065063,1.1131260395050049,1.0485268831253052,1.0801547765731812,1.1118324995040894,1.0747692584991455,1.024261236190796,0.9933642148971558,1.0166360139846802,1.018532633781433,0.9349573254585266,0.9996449947357178,,0.916693389415741,0.8678990006446838,1.0962427854537964,1.0149235725402832,0.9672178030014038,1.043732762336731,1.0085519552230835,0.9572221636772156,1.027870774269104,0.9773831367492676,1.0031968355178833,1.0075474977493286,1.0087220668792725,0.9196904301643372,0.911764919757843,0.9830963611602783,0.899630069732666,1.0019584894180298,1.110999345779419,,0.8485807776451111,1.0141984224319458,,,0.9347244501113892,0.8609448671340942,0.974087119102478,,0.9135389924049377,1.0992902517318726,1.067602276802063,1.0309312343597412,0.9884960651397705,0.9760026931762695,1.0219064950942993,1.070347785949707,,0.986153244972229,1.0727821588516235,1.1618596315383911,1.061965823173523,1.109365701675415,1.091988444328308,0.8298587799072266,1.0314570665359497,1.0516208410263062,1.008094072341919,1.006447434425354,,1.033657193183899,0.9882010221481323,1.0020902156829834,1.0746068954467773,1.1436434984207153,1.1090552806854248,1.118496298789978,1.1111844778060913,1.146450400352478,1.006354808807373,1.027001976966858,1.0001118183135986,1.1155147552490234,1.1474957466125488,1.1470892429351807,1.1150623559951782,0.9893895983695984,1.0892391204833984,0.9813649654388428,1.016587257385254,1.1040160655975342,1.1125695705413818,1.1300489902496338,1.1163204908370972,,1.0463038682937622,0.9215965867042542,0.971084713935852,0.934037446975708,0.9589979648590088,,0.9020199775695801,0.9298603534698486,,0.9211601614952087,0.9214924573898315,0.9776925444602966,,0.9040094017982483,,0.9950668811798096,1.0011060237884521,,0.8695999383926392,1.0357134342193604,,1.0078715085983276,0.9389153122901917,0.9286150336265564,0.9078898429870605,0.9475661516189575,1.0017731189727783,0.9501552581787109,0.9846411943435669,1.0158277750015259,0.9841631650924683,0.9946777820587158,1.010697364807129,1.1251449584960938,0.9791502952575684,1.0089068412780762,1.075040578842163,1.0699511766433716,1.0942145586013794,0.9041595458984375,0.9319825172424316,0.8669586777687073,0.8270577788352966,0.8153492212295532,0.7962361574172974,0.7465316653251648,0.8098173141479492,0.7965133190155029,0.9019454717636108,0.9251754283905029,0.9393196702003479,,
pig,,,,0.5731549859046936,1.0002108812332153,0.0,0.7844433784484863,0.7996477484703064,0.7700664401054382,0.7097790837287903,0.6970275640487671,0.9065676331520081,0.6996591091156006,0.8136302828788757,0.7546811103820801,0.9808419346809387,0.975690484046936,0.8822725415229797,0.7272653579711914,1.0489895343780518,1.0692299604415894,1.0140119791030884,1.0165575742721558,1.0576159954071045,1.0329331159591675,0.9536169767379761,0.9983465075492859,0.9869825839996338,1.0602257251739502,0.9059924483299255,1.0008817911148071,1.0396506786346436,0.9546040892601013,0.9274088144302368,0.9802969694137573,,0.9398733377456665,0.9012423753738403,1.080248236656189,1.0239243507385254,1.0584865808486938,1.1005016565322876,1.0761463642120361,1.0635974407196045,1.0937706232070923,1.0834262371063232,1.055363416671753,1.128763198852539,1.0490542650222778,0.9250879883766174,1.03204345703125,1.054472804069519,0.9999911785125732,1.0437672138214111,1.0992534160614014,,0.9789587259292603,1.0244089365005493,,,1.0474926233291626,1.0347909927368164,1.0664944648742676,,0.8350805640220642,1.0196772813796997,0.9734615683555603,0.9277381896972656,0.9295918941497803,0.7765355110168457,0.9539238214492798,0.9799877405166626,,0.8736110925674438,0.9883397817611694,1.0441560745239258,1.100003719329834,1.0298696756362915,1.0189557075500488,1.0423779487609863,1.0443811416625977,0.9548624753952026,1.0790717601776123,1.0167601108551025,,1.1007080078125,1.0286297798156738,0.9144549369812012,0.893845796585083,1.0508421659469604,1.0864715576171875,1.1147254705429077,1.1480015516281128,1.0350650548934937,1.0697742700576782,1.0244455337524414,1.0322297811508179,1.097058892250061,1.1003820896148682,1.1194812059402466,1.0685858726501465,1.058568000793457,1.0714260339736938,0.9624384045600891,0.9859652519226074,1.0458488464355469,1.0247340202331543,1.0394835472106934,1.033715009689331,,0.9750867486000061,0.75462406873703,0.9195817708969116,0.960983157157898,0.9478409290313721,,0.9398475289344788,1.0130764245986938,,1.0039435625076294,1.0365033149719238,0.9181497693061829,,0.9552789330482483,,0.9629828929901123,0.9629529714584351,,1.0507266521453857,1.0448338985443115,,1.053856372833252,0.9979683756828308,0.9725027084350586,0.951404333114624,0.9973678588867188,1.040273904800415,1.0544154644012451,0.9133391380310059,0.718543291091919,0.7610914707183838,1.0163706541061401,1.0359768867492676,0.999169111251831,1.0822222232818604,1.0882233381271362,1.0244839191436768,1.0645512342453003,1.0353140830993652,1.0233834981918335,1.0360397100448608,1.022281527519226,0.9397803544998169,1.0452090501785278,1.0014922618865967,0.9905054569244385,1.0301508903503418,1.0475459098815918,1.079604983329773,1.0490905046463013,1.0016201734542847,,
rooster,,,,0.6749964952468872,0.9780545234680176,0.7844433784484863,0.0,0.7571486830711365,0.4454839825630188,0.7078328132629395,0.5079895257949829,0.7745101451873779,0.6503028869628906,0.8651412129402161,0.7163293361663818,1.0240659713745117,1.0208964347839355,0.9654567241668701,0.8384685516357422,1.12323796749115,1.1787207126617432,1.1772929430007935,1.1563951969146729,1.0502983331680298,0.9545149803161621,1.0325301885604858,0.9914065003395081,0.936401903629303,0.9450206160545349,0.9320365786552429,0.9864739775657654,0.9575872421264648,1.015982985496521,0.9976082444190979,1.0678986310958862,,0.8783230781555176,0.9239272475242615,0.8915742039680481,1.040605068206787,1.1794967651367188,0.9574043154716492,0.9776654839515686,1.0513651371002197,1.104020357131958,1.180598258972168,1.0487151145935059,1.0971332788467407,1.0717604160308838,1.1225731372833252,1.1342722177505493,1.1097394227981567,1.1246073246002197,1.1354280710220337,1.0527080297470093,,1.099026083946228,0.9772852063179016,,,1.0965040922164917,1.0925415754318237,1.1360669136047363,,0.8423795104026794,0.8922258019447327,0.8806180357933044,0.7715876698493958,0.7655356526374817,0.8212250471115112,0.8600629568099976,0.8028320670127869,,0.6680580377578735,0.82719886302948,0.9050249457359314,0.9440472722053528,0.8715092539787292,0.8722734451293945,0.9927974939346313,0.8142671585083008,0.8938630819320679,0.9658119082450867,0.9705021977424622,,1.1443302631378174,1.0860015153884888,0.8730097413063049,0.8269535899162292,0.941838264465332,0.9985763430595398,0.9881871938705444,0.9614673256874084,0.8692042827606201,0.875619113445282,0.8868731260299683,0.8303068280220032,0.9588757753372192,0.9713808298110962,1.0414135456085205,0.8960328102111816,0.8862628936767578,0.9645057320594788,0.9655891060829163,0.9740750789642334,1.0366047620773315,0.9703153967857361,0.9843413233757019,0.985988438129425,,0.9485664367675781,0.7279209494590759,0.9037608504295349,0.9165752530097961,0.8860851526260376,,0.9928932189941406,1.015839695930481,,1.0804109573364258,1.0028046369552612,0.7841142416000366,,1.0580363273620605,,1.0213204622268677,1.0148191452026367,,1.1579256057739258,1.0681616067886353,,1.0568877458572388,1.1147546768188477,1.0967785120010376,1.0768169164657593,1.109368085861206,1.1089717149734497,1.1409419775009155,1.0319229364395142,0.7910807132720947,0.8952318429946899,1.0684162378311157,1.0054701566696167,0.9603965282440186,1.0885136127471924,1.0402675867080688,0.9277382493019104,0.937212347984314,1.0267115831375122,1.1359152793884277,1.1338223218917847,1.16312575340271,1.143067717552185,1.1080440282821655,1.0694835186004639,1.1475294828414917,1.1323446035385132,1.2139368057250977,1.2228765487670898,1.2054100036621094,1.1293350458145142,,
penguin,,,,0.671535313129425,0.919325590133667,0.7996477484703064,0.7571486830711365,0.0,0.6130203008651733,0.2637770175933838,0.8386209011077881,0.9794437885284424,0.7452480792999268,0.8185716867446899,0.44804447889328003,0.9546339511871338,0.9387527704238892,0.829972505569458,0.632693886756897,1.0517339706420898,1.03292715549469,1.0370852947235107,1.0172733068466187,0.9902264475822449,1.0639383792877197,1.0616991519927979,1.0811917781829834,1.0596849918365479,1.0681116580963135,0.9744462966918945,1.0052357912063599,1.0589231252670288,1.00515615940094,0.9520967602729797,0.9949033856391907,,0.9450592398643494,0.8803331851959229,0.9809150695800781,0.9151818156242371,0.9840274453163147,0.9659255743026733,0.950409471988678,0.9986647963523865,0.9904093742370605,1.0249347686767578,0.9956409931182861,0.9838235974311829,0.9517084956169128,0.8807026743888855,0.9652532935142517,0.9488452672958374,0.996084988117218,0.9761381149291992,1.0473145246505737,,0.9310895800590515,1.0089495182037354,,,1.0007688999176025,0.9644027352333069,1.0575190782546997,,0.9149905443191528,1.0585088729858398,0.9757687449455261,0.9831500053405762,1.0295348167419434,0.9184995889663696,1.0438008308410645,1.077065348625183,,1.0016170740127563,0.9942633509635925,1.108246088027954,1.1589823961257935,1.1267234086990356,1.0266190767288208,1.0415537357330322,1.061262607574463,1.0023746490478516,0.9625469446182251,1.008671760559082,,1.0392876863479614,0.9973191022872925,0.9018398523330688,1.0115647315979004,1.1305395364761353,1.1015336513519287,1.094428300857544,1.1316206455230713,1.118091344833374,0.9838799238204956,0.9960405230522156,0.899010181427002,1.066842794418335,1.1471047401428223,1.0748788118362427,1.1172969341278076,1.0174452066421509,1.0095818042755127,0.9145987629890442,1.0365737676620483,1.0556572675704956,1.0734485387802124,1.128778100013733,1.139371633529663,,1.0712558031082153,0.6579449772834778,0.9204065203666687,0.977139413356781,0.9318552613258362,,0.8956446647644043,0.9466604590415955,,0.9491791725158691,0.9912989139556885,0.9787164330482483,,0.9559655785560608,,1.0501092672348022,1.050639033317566,,0.9772863984107971,1.0811002254486084,,1.0396432876586914,0.8755747675895691,0.8915631771087646,0.8543950915336609,0.9482203722000122,1.0024213790893555,1.038050651550293,0.9124557971954346,0.7570769786834717,0.8143187761306763,1.002016305923462,1.0543289184570312,1.0004723072052002,1.027070164680481,0.9868788123130798,0.9679193496704102,1.0610510110855103,1.044623613357544,0.9532395005226135,1.0311219692230225,1.0222159624099731,0.9306319355964661,1.021705985069275,0.9873696565628052,0.982413113117218,0.9426316022872925,0.9890520572662354,1.0660920143127441,1.0362895727157593,1.016603708267212,,
bird,,,,0.7120959758758545,1.0496021509170532,0.7700664401054382,0.4454839825630188,0.6130203008651733,0.0,0.5419417023658752,0.6797769069671631,0.8408561944961548,0.666016697883606,0.8352060317993164,0.632250189781189,1.0499606132507324,1.0153082609176636,0.9323070049285889,0.8587813377380371,1.1588246822357178,1.1361409425735474,1.141484260559082,1.0945844650268555,0.9874175786972046,1.04055655002594,1.0710716247558594,1.0521481037139893,1.0374950170516968,0.9604775905609131,0.9302210807800293,1.0260772705078125,1.0027941465377808,1.0315778255462646,1.0052247047424316,1.0364927053451538,,0.9179491400718689,0.9116155505180359,0.9227719902992249,1.0575459003448486,1.0733013153076172,1.0200833082199097,0.9697300791740417,1.060562014579773,1.084834337234497,1.0941394567489624,1.049096941947937,1.070315957069397,1.0590606927871704,1.0412119626998901,1.0477471351623535,1.0720382928848267,1.0865219831466675,1.0671906471252441,0.9961121678352356,,1.0507606267929077,0.9886427521705627,,,1.0462347269058228,1.0647412538528442,1.081321358680725,,0.8524971604347229,1.0042623281478882,0.8879094123840332,0.9018112421035767,0.8831655979156494,0.8946364521980286,0.9852115511894226,0.906612753868103,,0.8376777172088623,0.9549911022186279,0.9847983121871948,1.048318862915039,1.0200839042663574,1.0079911947250366,1.0973808765411377,0.9990577101707458,0.9511005282402039,0.96588134765625,1.0001370906829834,,1.0653959512710571,1.0547173023223877,0.828426718711853,0.8617057800292969,1.0130432844161987,1.0563198328018188,1.0735125541687012,1.060821771621704,0.9604026079177856,0.9805957674980164,0.9588677287101746,0.8450937867164612,0.9345142245292664,1.0136855840682983,1.0119889974594116,0.9845946431159973,1.0120948553085327,1.0317586660385132,0.9657750129699707,1.00148344039917,1.0458568334579468,1.0197762250900269,1.0662968158721924,1.033864140510559,,0.9540291428565979,0.6828715801239014,0.8387234210968018,1.0027425289154053,0.8774011135101318,,0.9905309081077576,1.0292463302612305,,1.045974612236023,1.0548789501190186,0.9411618709564209,,1.0683070421218872,,1.0489860773086548,1.0362358093261719,,1.0837101936340332,1.0603829622268677,,1.0264812707901,0.9833395481109619,0.967492401599884,0.9493401646614075,1.0665688514709473,1.004763126373291,1.0532327890396118,0.9689635038375854,0.7651482224464417,0.8824173212051392,1.0805717706680298,1.0763187408447266,0.9488781690597534,1.0773873329162598,1.043792963027954,0.9336692094802856,0.9879116415977478,1.0444331169128418,1.0688717365264893,1.0875848531723022,1.1316521167755127,1.0254377126693726,1.091996192932129,1.0983937978744507,1.1379092931747437,1.0929137468338013,1.1343504190444946,1.1885995864868164,1.1473115682601929,1.1136009693145752,,
duck,,,,0.624923586845398,0.9526781439781189,0.7097790837287903,0.7078328132629395,0.2637770175933838,0.5419417023658752,0.0,0.7528989911079407,0.9302721619606018,0.6713192462921143,0.8071168065071106,0.2928526997566223,0.9847316741943359,0.9290043711662292,0.8148777484893799,0.7489426136016846,1.055338978767395,1.0974692106246948,1.0816212892532349,1.0509729385375977,1.0391918420791626,1.0769238471984863,1.036791443824768,1.0715960264205933,1.0642874240875244,1.0759484767913818,0.9214521646499634,1.0075607299804688,1.0088331699371338,1.0197501182556152,0.9894639253616333,1.016002893447876,,0.9331185221672058,0.9053446054458618,0.9806700944900513,1.0022414922714233,0.9970955848693848,1.005454182624817,0.9808969497680664,1.0430787801742554,1.0117796659469604,1.0239968299865723,0.9911597371101379,1.0567785501480103,1.0511118173599243,0.9062102437019348,0.9543219804763794,1.0160268545150757,0.9738464951515198,0.9645180702209473,1.0166659355163574,,0.9546265006065369,1.0054606199264526,,,0.98908931016922,0.9904637336730957,1.0125819444656372,,0.8600373864173889,1.0202003717422485,0.9513901472091675,0.9756070375442505,0.9694075584411621,0.8608003258705139,0.984370768070221,1.0264942646026611,,0.9403537511825562,1.058553695678711,1.0732320547103882,1.1436522006988525,1.0994592905044556,1.0218101739883423,1.0622234344482422,1.0212593078613281,0.9929137229919434,0.9991613030433655,0.9905262589454651,,1.0588507652282715,0.9655007123947144,0.8779048919677734,0.9550747871398926,1.081982135772705,1.0521899461746216,1.0623148679733276,1.1261706352233887,1.067854404449463,0.9993453025817871,1.0426609516143799,0.8552659749984741,1.0256922245025635,1.0876375436782837,1.081815481185913,1.0594500303268433,1.0457572937011719,1.027135968208313,0.8905190229415894,0.9988545775413513,1.0929678678512573,1.0240306854248047,1.064732313156128,1.0200495719909668,,1.0685290098190308,0.5781047344207764,0.9091792106628418,0.894554853439331,0.918803870677948,,0.8913410902023315,0.940070390701294,,0.9673033356666565,0.907890796661377,0.9394519925117493,,0.91225266456604,,0.9835261702537537,0.982071578502655,,1.025438666343689,1.0457614660263062,,1.010617971420288,0.8768240213394165,0.8922265768051147,0.8374053835868835,0.9306951761245728,0.966885507106781,1.0357071161270142,0.9157617688179016,0.7423469424247742,0.8540780544281006,1.070475459098816,1.13692045211792,1.0463310480117798,1.043407678604126,1.0141613483428955,1.0105897188186646,1.0602664947509766,1.0479400157928467,0.9532732367515564,1.0401030778884888,1.0693448781967163,0.9367309212684631,1.019282341003418,1.0248461961746216,1.0470627546310425,1.0424031019210815,1.067964792251587,1.0980592966079712,1.0689266920089722,1.0243635177612305,,
fish,,,,0.7932307124137878,0.967221200466156,0.6970275640487671,0.5079895257949829,0.8386209011077881,0.6797769069671631,0.7528989911079407,0.0,0.7835811376571655,0.4692559838294983,0.7233132719993591,0.6568105220794678,1.0092979669570923,0.9595201015472412,0.8305931091308594,0.804308295249939,0.9305614829063416,1.093475103378296,1.1000524759292603,1.0134422779083252,0.8938918709754944,0.9635013937950134,1.0124999284744263,0.9779018759727478,0.9055492281913757,0.878277599811554,0.8461792469024658,0.9752804040908813,0.9621076583862305,0.9941682815551758,0.947430431842804,0.9796286225318909,,0.9069257974624634,0.9440835118293762,1.0231095552444458,1.1119319200515747,1.1558268070220947,1.0410144329071045,1.0979794263839722,1.1655998229980469,1.11814284324646,1.1654126644134521,1.0390290021896362,1.2438350915908813,1.1024978160858154,1.087634563446045,1.1021283864974976,1.1256885528564453,1.145635962486267,1.089691400527954,1.1304303407669067,,1.0248746871948242,0.8877108693122864,,,0.9671829342842102,1.0707870721817017,1.0801962614059448,,0.8446921110153198,0.8575118780136108,0.8338042497634888,0.8074355125427246,0.8894338607788086,0.7481590509414673,0.8350449204444885,0.895672619342804,,0.6925183534622192,0.8269320726394653,0.9214594960212708,1.0597647428512573,0.9052855372428894,0.8608777523040771,1.0539237260818481,0.877528727054596,0.8436529636383057,1.0751700401306152,0.9011148810386658,,1.1581909656524658,1.0638659000396729,0.7799174785614014,0.8795168995857239,1.0489407777786255,1.0406614542007446,1.045520305633545,1.0685373544692993,0.8738029599189758,0.9959996938705444,1.0029780864715576,0.939456045627594,0.9694868922233582,1.0088660717010498,1.1100717782974243,0.8858609795570374,1.0760715007781982,1.072839379310608,0.9886223673820496,1.0391063690185547,1.0851831436157227,0.9419070482254028,1.069120168685913,0.9610527753829956,,0.8918303847312927,0.6953064203262329,0.9289730787277222,0.8561421632766724,0.9034050107002258,,0.8860134482383728,0.9692728519439697,,0.940531313419342,0.9284164905548096,0.8243415951728821,,0.9463195204734802,,1.0192879438400269,0.9878177046775818,,1.0818524360656738,1.0549557209014893,,1.142238974571228,1.066802740097046,1.0028263330459595,0.9327006936073303,0.9354797005653381,1.0420538187026978,1.0159580707550049,0.9020434021949768,0.7048448324203491,0.8237273693084717,0.8500036597251892,0.8945980072021484,0.8744536638259888,0.8834017515182495,1.0001344680786133,1.0363423824310303,0.9484793543815613,0.9971486926078796,1.004591703414917,1.0083726644515991,1.0102980136871338,0.9891690611839294,1.004472017288208,0.9882423877716064,0.9910210371017456,1.0569274425506592,1.1006752252578735,1.069981575012207,1.099954605102539,0.9708916544914246,,
butterfly,,,,0.8780155181884766,1.0249911546707153,0.9065676331520081,0.7745101451873779,0.9794437885284424,0.8408561944961548,0.9302721619606018,0.7835811376571655,0.0,0.7231655716896057,0.915591835975647,0.9216275215148926,0.9693200588226318,0.9774929881095886,0.9279906749725342,0.9380283355712891,1.0750572681427002,1.0832406282424927,1.0652222633361816,1.0464531183242798,0.9917932152748108,0.9544190168380737,0.9768723249435425,0.993791401386261,0.9189789295196533,0.9662931561470032,0.9251999855041504,1.062973141670227,1.0029321908950806,1.0214457511901855,0.999907374382019,0.9819631576538086,,0.9126039147377014,0.8681634068489075,0.9502444863319397,1.0618292093276978,1.032067060470581,1.0259100198745728,0.9471408724784851,1.0168201923370361,1.057756781578064,1.0765491724014282,1.0327316522598267,1.0576285123825073,1.0713335275650024,1.007061243057251,0.9986098408699036,1.054801106452942,1.0564481019973755,1.0589804649353027,0.9897802472114563,,1.0143744945526123,0.9692813754081726,,,1.0622777938842773,1.0426827669143677,1.0440633296966553,,0.8367986679077148,0.9275920391082764,1.018277883529663,0.9524593353271484,0.9675669074058533,0.900441586971283,0.9735291600227356,1.0003345012664795,,0.8253568410873413,0.9191336631774902,0.9453621506690979,1.0203107595443726,1.0147112607955933,0.9450896978378296,0.9717240333557129,0.9331591725349426,0.984143078327179,0.9628757834434509,0.9545769095420837,,1.0997631549835205,1.0499848127365112,0.8022019863128662,0.8646937608718872,1.0453470945358276,1.0107991695404053,1.0238226652145386,1.02890145778656,0.9662766456604004,0.9469419717788696,0.9744067192077637,0.9812954664230347,1.0023397207260132,0.9858987331390381,1.0005830526351929,1.0384141206741333,0.956174910068512,0.9613804221153259,0.9491438269615173,0.9600545763969421,0.9882991909980774,1.003452181816101,0.9946484565734863,0.9837981462478638,,1.0465856790542603,0.933240532875061,1.0302817821502686,1.0002877712249756,0.9865506291389465,,0.983490526676178,1.0267157554626465,,1.0382444858551025,1.0239489078521729,0.9825063347816467,,1.0077989101409912,,0.9726136326789856,0.9514543414115906,,1.0696995258331299,0.9692071080207825,,1.0213145017623901,0.9606713056564331,0.9789400100708008,0.9857723712921143,0.9957457780838013,1.0869297981262207,1.0458768606185913,0.9319244027137756,0.8563730120658875,0.9414888024330139,1.0608937740325928,1.0812971591949463,0.9217208027839661,1.0147979259490967,1.025208592414856,1.013708472251892,1.0789800882339478,1.1143828630447388,1.0052872896194458,1.034380555152893,1.0807501077651978,1.0222303867340088,1.067204236984253,1.1258480548858643,1.1410292387008667,1.079385757446289,1.1006560325622559,1.0773398876190186,1.0646908283233643,1.1146090030670166,,
frog,,,,0.6707738041877747,0.9644651412963867,0.6996591091156006,0.6503028869628906,0.7452480792999268,0.666016697883606,0.6713192462921143,0.4692559838294983,0.7231655716896057,0.0,0.6938096284866333,0.5787035226821899,1.1017906665802002,1.0209486484527588,0.8673863410949707,0.726100742816925,1.013754963874817,1.1888588666915894,1.1164765357971191,1.0434004068374634,1.0790647268295288,1.069108009338379,1.05075204372406,1.0452954769134521,1.051733374595642,1.0244683027267456,0.9124205708503723,0.9900311231613159,1.0235285758972168,0.9230649471282959,0.9403499364852905,1.0074385404586792,,0.8682699203491211,0.8944739103317261,0.967382550239563,1.0784505605697632,1.1823699474334717,1.1037780046463013,1.036307454109192,1.0881096124649048,1.1884548664093018,1.1877914667129517,1.1593636274337769,1.2009800672531128,1.090456485748291,1.0453147888183594,1.0248122215270996,1.1524192094802856,1.102260708808899,1.1671361923217773,1.10382878780365,,0.9898609519004822,0.9973072409629822,,,1.142865538597107,1.0972155332565308,1.099081039428711,,0.7879900336265564,0.9302918314933777,0.8900984525680542,0.836215615272522,0.9181379079818726,0.7751784920692444,0.8864859342575073,0.9009440541267395,,0.7181894183158875,0.8206278085708618,1.0338714122772217,1.117871880531311,0.9842333197593689,0.9702454209327698,1.0476716756820679,0.9776435494422913,0.9696937203407288,1.0362052917480469,0.9719405770301819,,1.225475549697876,1.0777146816253662,0.7454925775527954,0.8661466836929321,1.0983898639678955,1.0885603427886963,1.0634652376174927,1.1100504398345947,0.9648565053939819,0.9030438661575317,0.9741367101669312,0.9302493929862976,1.0211811065673828,1.0540531873703003,1.1264004707336426,1.0136336088180542,0.9992377161979675,1.0313966274261475,0.9667242169380188,0.9937046766281128,1.0593879222869873,0.9052867293357849,1.1148513555526733,0.9983299970626831,,0.7930827140808105,0.6142112612724304,0.940427839756012,0.8181032538414001,0.9316960573196411,,0.8093513250350952,0.9747102856636047,,0.8802682161331177,0.9221869111061096,0.7708604335784912,,0.9421184062957764,,0.9976088404655457,0.9947852492332458,,1.122860074043274,0.987562894821167,,1.1019245386123657,0.9064579010009766,0.8593773245811462,0.8634964227676392,1.029127597808838,1.053638219833374,1.0596333742141724,0.7861361503601074,0.4837130308151245,0.7101495265960693,0.9998266696929932,1.0675544738769531,0.979690432548523,0.978550910949707,0.946558952331543,1.0935086011886597,1.1033302545547485,1.132123589515686,0.9541499018669128,1.1245965957641602,1.1356281042099,0.9500781893730164,1.0869500637054443,1.0720024108886719,1.077742099761963,1.1413019895553589,1.1868857145309448,1.215937614440918,1.171446681022644,1.1425490379333496,,
alligator,,,,0.7811801433563232,0.854174792766571,0.8136302828788757,0.8651412129402161,0.8185716867446899,0.8352060317993164,0.8071168065071106,0.7233132719993591,0.915591835975647,0.6938096284866333,0.0,0.7323191165924072,0.8298985362052917,0.8283244967460632,0.4612509608268738,0.6090173721313477,0.8461824655532837,0.6910058259963989,0.6315646767616272,0.6228713989257812,0.8077922463417053,1.0996077060699463,1.1482115983963013,1.1624488830566406,1.2296490669250488,1.1635185480117798,1.0792970657348633,1.2057998180389404,1.2120864391326904,1.0472570657730103,0.7569767832756042,0.8999842405319214,,1.0102219581604004,0.9234350919723511,1.29288649559021,1.1028064489364624,0.8594104051589966,1.1733379364013672,1.1238738298416138,1.0934724807739258,0.9270954132080078,0.9056738018989563,0.9025188684463501,1.0932668447494507,0.9854376316070557,0.6262710690498352,0.5465608835220337,0.9628403782844543,0.7520467638969421,0.8541688323020935,1.2733910083770752,,0.714461088180542,0.869497537612915,,,0.7170678377151489,0.781836986541748,0.6373707056045532,,0.8923720121383667,1.245996117591858,1.2149266004562378,1.2184419631958008,1.1544759273529053,1.0802632570266724,1.1188398599624634,1.2709155082702637,,0.9625736474990845,1.1151705980300903,1.3246665000915527,1.3942744731903076,1.4048430919647217,1.1650550365447998,1.2019822597503662,1.1825315952301025,1.0028059482574463,1.0706186294555664,0.8248302936553955,,0.9254819750785828,0.9604253768920898,0.6561272740364075,1.057388186454773,1.2618781328201294,1.103895664215088,1.1565407514572144,1.2840487957000732,1.2833058834075928,0.9507253170013428,1.0510823726654053,1.1173040866851807,1.3238022327423096,1.4019734859466553,1.3496878147125244,1.2452675104141235,1.1846082210540771,1.161838173866272,1.0533666610717773,1.0049494504928589,1.3129827976226807,1.288972020149231,1.302762746810913,1.2897343635559082,,1.020146369934082,0.913555383682251,0.991017758846283,0.849861741065979,0.9178244471549988,,0.5144354701042175,0.8172716498374939,,0.4431138038635254,0.872032880783081,1.0289807319641113,,0.5701438188552856,,0.9181494116783142,0.9146181344985962,,0.6913184523582458,1.0719560384750366,,0.9468678832054138,0.4958781599998474,0.42274099588394165,0.4049363136291504,0.6999518871307373,0.8045616149902344,0.7629632353782654,0.8790889382362366,0.8186514973640442,0.4763649106025696,0.6522440910339355,0.8735085725784302,1.0469985008239746,0.691493034362793,0.7613562345504761,1.1819384098052979,1.0714380741119385,1.0725513696670532,0.5039083957672119,0.6354784965515137,0.5491605401039124,0.36995697021484375,0.6610620021820068,0.7656846642494202,0.6285589933395386,0.7106429934501648,0.6341136693954468,0.7002707719802856,0.7089821696281433,0.8326525688171387,,
owl,,,,0.6537594795227051,0.9244457483291626,0.7546811103820801,0.7163293361663818,0.44804447889328003,0.632250189781189,0.2928526997566223,0.6568105220794678,0.9216275215148926,0.5787035226821899,0.7323191165924072,0.0,0.9342072010040283,0.7598118185997009,0.7428497076034546,0.7604382038116455,0.8589468598365784,1.0604960918426514,1.040419578552246,0.9871199727058411,0.983703076839447,1.0152775049209595,1.0252732038497925,1.081727147102356,1.0277212858200073,1.0648860931396484,0.9311432838439941,1.0335707664489746,1.046626091003418,1.0612519979476929,1.0047378540039062,1.020565152168274,,0.936705470085144,0.9326989650726318,0.9812966585159302,1.029325008392334,0.9893856644630432,1.0145372152328491,1.0299561023712158,1.0694472789764404,1.0442543029785156,1.0779783725738525,1.0452786684036255,1.08640456199646,1.04299795627594,0.9101013541221619,0.9357345700263977,1.0160436630249023,0.9586148262023926,0.9736261367797852,1.0804932117462158,,0.9828671813011169,0.9694010019302368,,,0.898815393447876,0.9977319836616516,0.9134235978126526,,0.8769024014472961,1.0109444856643677,0.899026095867157,0.9610468745231628,0.8642234206199646,0.8399475812911987,0.9018889665603638,1.0025787353515625,,0.875258207321167,0.9756831526756287,1.0812581777572632,1.1635223627090454,1.112058401107788,1.0231283903121948,1.069321632385254,0.9387314319610596,1.0019513368606567,1.0252008438110352,0.9567174315452576,,1.1000628471374512,1.0297327041625977,0.9190208911895752,0.9341466426849365,1.054588794708252,1.0364124774932861,1.038527250289917,1.134773850440979,1.0907440185546875,0.9953943490982056,1.047999620437622,0.9281279444694519,1.0456326007843018,1.1120405197143555,1.0807462930679321,0.9991233348846436,1.0368410348892212,1.0827981233596802,0.9587695598602295,1.0303436517715454,1.1221951246261597,1.0718984603881836,1.0404919385910034,0.9870842099189758,,1.0879682302474976,0.6431251764297485,0.6775475740432739,0.8233930468559265,0.8457331657409668,,0.7698137760162354,0.8661780953407288,,0.8805123567581177,0.8781231045722961,0.8087666034698486,,0.847244381904602,,0.9768235087394714,0.949355959892273,,1.0588222742080688,1.046371579170227,,1.0131429433822632,0.8775578141212463,0.8556524515151978,0.8219617605209351,0.7897382974624634,1.0062366724014282,1.072967290878296,0.9546747207641602,0.7753490805625916,0.8171108961105347,0.9298717975616455,1.0413066148757935,0.9998589158058167,0.9061885476112366,0.9323875308036804,0.9394254684448242,0.9997808337211609,0.9945632219314575,0.8264654278755188,1.0245945453643799,1.0077658891677856,0.8432239294052124,0.9899219274520874,0.9919277429580688,0.9910764694213867,1.0040810108184814,1.0189599990844727,1.0356084108352661,1.0451476573944092,0.9902251362800598,,
elephant,,,,0.9866652488708496,0.8632267713546753,0.9808419346809387,1.0240659713745117,0.9546339511871338,1.0499606132507324,0.9847316741943359,1.0092979669570923,0.9693200588226318,1.1017906665802002,0.8298985362052917,0.9342072010040283,0.0,0.6520900130271912,0.8259173631668091,0.8511912226676941,0.8629299998283386,0.9413341283798218,0.9944504499435425,0.9958879947662354,0.7213469743728638,0.9791343212127686,1.0049712657928467,1.1334645748138428,1.0984547138214111,1.1634076833724976,1.0911146402359009,1.112588882446289,1.1290732622146606,1.1062133312225342,0.972801923751831,0.8725612163543701,,1.104752779006958,0.9373645186424255,1.117368459701538,1.0267913341522217,0.8931122422218323,1.0372992753982544,1.0546209812164307,1.0276974439620972,1.0052043199539185,1.0083808898925781,0.9328365325927734,0.9785870313644409,1.0228899717330933,0.8604751825332642,0.9188105463981628,0.9343115091323853,0.9997382760047913,0.8599441051483154,1.047468900680542,,0.8381796479225159,0.8947913646697998,,,0.7581241726875305,0.8363445401191711,0.7621700167655945,,1.0193678140640259,1.0983794927597046,1.128482460975647,1.1261029243469238,1.1114449501037598,1.1172488927841187,1.1162829399108887,1.1755539178848267,,1.1289681196212769,1.0739167928695679,1.0984795093536377,1.0614012479782104,1.1947863101959229,1.052578330039978,1.0719096660614014,1.082334041595459,1.0151127576828003,1.0389420986175537,0.9933232665061951,,0.9650911688804626,1.0097296237945557,1.0977915525436401,1.0440220832824707,1.1245194673538208,1.1847339868545532,1.1612093448638916,1.179335355758667,1.2437808513641357,1.0374144315719604,1.130638837814331,1.073723316192627,1.1718294620513916,1.1937835216522217,1.0242278575897217,0.976779580116272,1.0415345430374146,1.1574907302856445,1.0573817491531372,1.10317862033844,1.0619970560073853,1.0928435325622559,1.1515229940414429,1.1747713088989258,,0.9966221451759338,1.1166332960128784,0.9855374097824097,1.0914558172225952,1.0388325452804565,,1.0333101749420166,1.0304700136184692,,0.9909657835960388,1.0533281564712524,1.1295647621154785,,0.8995819091796875,,0.9647443294525146,0.9603127837181091,,0.9293819665908813,0.9952821731567383,,1.0368551015853882,0.9718494415283203,0.9916952252388,0.9789378046989441,0.849845290184021,0.9860135316848755,1.0002186298370361,1.1247004270553589,1.1379337310791016,1.026327133178711,0.8828737139701843,0.9046331644058228,0.9789282083511353,0.8998621106147766,1.007931113243103,1.005363941192627,0.88692307472229,0.9717779755592346,0.8635668158531189,0.9560675024986267,0.8913237452507019,0.9055700898170471,0.91410231590271,0.8871303796768188,0.8683836460113525,0.8740277886390686,0.8675503134727478,0.7654914259910583,0.8113073706626892,0.8831617832183838,,
bear,,,,1.0207598209381104,0.9648140072822571,0.975690484046936,1.0208964347839355,0.9387527704238892,1.0153082609176636,0.9290043711662292,0.9595201015472412,0.9774929881095886,1.0209486484527588,0.8283244967460632,0.7598118185997009,0.6520900130271912,0.0,0.7078106999397278,0.9268079400062561,0.8620443344116211,0.9072280526161194,0.944851815700531,0.943715512752533,0.9085900187492371,0.9828334450721741,0.9983911514282227,1.0737738609313965,1.0150789022445679,1.0292655229568481,0.9943066239356995,1.0451149940490723,1.017731785774231,0.9700215458869934,0.9912512302398682,0.9557283520698547,,1.0461971759796143,0.9679371118545532,1.149626612663269,1.0305691957473755,0.8739109039306641,1.0251110792160034,1.0939511060714722,1.0271718502044678,1.0195711851119995,1.0113099813461304,0.9571911692619324,0.9904294610023499,0.964540421962738,0.8987207412719727,0.8726943731307983,0.9341651797294617,0.9755774736404419,0.8564028739929199,0.985619306564331,,0.8444603681564331,0.8733413815498352,,,0.6527536511421204,0.8516994118690491,0.7587614059448242,,0.9720682501792908,1.085388422012329,1.0504388809204102,1.0789976119995117,1.0327370166778564,1.0760141611099243,1.0555864572525024,1.0960547924041748,,1.0938488245010376,1.0117069482803345,1.0029555559158325,1.0543420314788818,1.104576826095581,0.9102684855461121,1.0867940187454224,1.036202311515808,0.9579913020133972,1.077090859413147,0.8999643325805664,,0.991492509841919,0.9754689335823059,1.0405535697937012,1.0712471008300781,1.0414707660675049,1.0423882007598877,1.0794222354888916,1.1152960062026978,1.1400878429412842,1.0291482210159302,1.0831758975982666,1.1217260360717773,1.0906269550323486,1.1259684562683105,1.0024827718734741,0.9301329255104065,1.08144211769104,1.121841549873352,1.0717012882232666,1.066428780555725,1.101688265800476,1.1014199256896973,1.0717982053756714,1.1162961721420288,,0.9549378156661987,1.0035066604614258,0.9723827838897705,0.9503109455108643,0.946888267993927,,0.9178734421730042,0.9341878294944763,,0.9276455044746399,1.0129085779190063,0.9982825517654419,,0.7792108654975891,,0.9448732733726501,0.9356185793876648,,0.9992415308952332,1.0090059041976929,,0.9888654351234436,0.9381043910980225,0.9345375299453735,0.9067965745925903,0.54732346534729,1.0047736167907715,0.9611915349960327,0.9990941286087036,1.0550057888031006,0.9512484073638916,0.8487534523010254,0.8848329186439514,1.0041600465774536,0.8204829692840576,0.9834730625152588,0.9280163049697876,0.889620840549469,0.9591463804244995,0.774726390838623,0.9464844465255737,0.8724879026412964,0.861228346824646,0.8529112339019775,0.8720118403434753,0.8584896922111511,0.9010826349258423,0.87400883436203,0.802007794380188,0.915440559387207,0.8615885376930237,,
