,alligator,apple,applesauce,arm,ball,balloon,banana,basket,bathtub,bed,belt,bench,bib,bird,blanket,boat,book,bottle,bowl,box,bread,broom,bucket,can,car,carrot,cat,chair,chips,clock,closet,coffee,comb,cookie,corn,couch,cracker,crayon,crib,cup,deer,dish,dog,doll,door,drawer,dress,ear,egg,elephant,eye,face,finger,fish,flower,foot,fork,frog,game,giraffe,glass,glasses,glove,gum,hair,hamburger,hand,hat,horse,hose,jacket,jar,jeans,knife,ladder,lamp,melon,milk,mitten,motorcycle,muffin,nail,napkin,necklace,nose,orange,oven,owl,pajamas,pants,paper,pen,pencil,pickle,pillow,pizza,plant,plate,pony,pumpkin,purse,radio,raisin,refrigerator,rooster,scarf,scissors,shirt,shoe,shorts,shovel,shower,sink,slide,slipper,snow,soap,sock,soup,spoon,sprinkler,strawberry,stroller,sweater,table,tape,toe,tooth,toothbrush,towel,toy,tray,tree,truck,vacuum,watch,window
alligator,0.0,1.0625086,0.8460933,1.0995234,1.0930392,0.84493506,0.8834363,1.0920757,0.91374356,1.2255969,0.6929857,0.9851829,1.0163798,0.91963065,1.1103985,1.2593807,0.92658436,1.1306111,0.956171,1.1299303,0.9360861,0.97460985,1.1380203,0.95742804,0.9627865,0.83420503,0.8374908,1.0462251,1.1301595,1.0522226,1.0562636,0.774249,0.9587058,1.0224868,0.9320427,1.1962582,1.0343118,0.8996652,1.2039804,1.1350659,0.91791904,1.0782888,1.0350943,1.0676658,1.0100656,1.0056567,1.2115228,0.7166945,0.96845,0.82712185,0.95856446,1.0969871,0.8471913,0.7692943,1.0308623,0.83572716,0.7864768,0.8982563,1.0006092,1.0113794,1.0678531,0.6411963,0.7145047,0.9362181,0.9006946,1.0607965,0.9248468,0.701179,0.9631778,1.1096554,1.1784936,1.1082443,1.040235,0.877724,0.976968,1.0863062,1.0659896,0.9971379,1.0132493,0.8915511,0.87330866,1.0337528,0.87040174,0.67836475,0.74379385,1.0066416,1.1186458,0.9559154,1.2212211,0.9918879,1.0694466,0.8951991,0.869508,0.928486,0.9902252,0.9828249,1.0673065,0.96492094,0.9833881,1.1299512,0.8253442,1.0242013,1.1351082,1.0209,1.0001287,1.0469129,0.9226921,1.2038795,0.9618724,1.1128348,1.0488172,1.1177846,0.9383477,1.1593748,0.7832039,0.87342185,1.1096077,0.80383533,0.9403973,0.8273498,1.0794226,0.9427775,1.1677845,1.1769842,1.2162776,1.1182582,0.84919107,0.75200605,0.8574599,0.90420306,1.103096,1.2072239,1.1285983,0.9934332,0.9611035,0.9470353,0.99034363
apple,1.0625086,0.0,0.8747723,1.3602183,0.41438353,0.669268,0.9369712,0.97342485,1.2514942,1.3958242,0.7656675,1.3890457,1.361872,1.1652316,1.3599033,1.3981745,0.9377022,0.4644621,0.47318012,1.4493697,0.63693523,0.8317609,1.0303087,0.57111216,0.9737495,0.8421718,1.1957992,1.3513695,1.2581363,0.6697371,1.3209777,1.0780725,1.2209607,0.73643875,0.99263597,1.3962193,1.1336597,0.38459378,1.4391241,0.7504975,1.1713381,1.2627653,1.1805815,1.2475541,1.2279434,1.3476179,1.2202692,0.4970169,0.3634882,1.0252047,0.74460775,1.0905384,0.80384415,0.7440235,0.3319515,0.9003521,0.8257724,1.1662447,1.1754948,1.200721,1.3465732,0.46217316,1.0289282,0.86288935,1.0554128,1.2208452,1.1834455,0.8633982,1.1703217,1.1853344,1.3276002,1.1752669,1.4181919,1.4417074,1.0583758,0.90466356,1.0017432,1.1459851,1.302006,1.0491985,1.0196732,0.11853856,0.6702627,0.8176677,0.6998472,0.17979765,1.1743087,1.2364838,1.3508949,1.2826743,1.3971728,0.36143702,0.49820083,0.71216905,1.410999,0.70888567,0.6913167,0.8818938,1.0492512,0.9330086,1.4022852,0.8000772,0.61832535,1.2543223,0.609729,1.163889,1.3783736,1.3319784,1.2025244,1.3030391,0.9458909,1.2115785,0.92816424,1.3442221,0.35466278,1.0748079,0.7378547,0.94307303,0.6261595,0.9019944,0.88962257,0.38664567,1.1280899,1.2293296,1.4543419,0.80702895,0.5523481,0.5325184,1.1495588,0.60186756,0.9075668,1.3389535,1.076125,1.1013371,1.0482328,0.23482418,1.1585879
applesauce,0.8460933,0.8747723,0.0,0.993008,0.77625304,0.6553054,0.8276311,1.0681692,1.144718,1.2602334,0.92346716,1.290086,1.0577557,1.0854152,1.1882362,1.1929815,1.0831977,0.8927885,0.87503713,1.1984222,0.6875447,1.0361662,0.8907596,1.00953,1.1588712,0.7857165,1.1208236,1.2377081,1.0496117,0.99142414,1.2840159,0.7738213,1.2672355,0.77467203,0.97746974,1.20067,0.97040856,0.96584255,1.2641077,0.7681095,0.9700258,1.0209799,1.0460377,0.95349383,1.2465041,1.174048,1.0270044,0.5834313,0.6110609,1.0712799,0.7894251,1.1177351,0.64347744,0.775595,0.99753314,0.7723845,0.9955355,0.9947717,1.0940286,1.0692325,0.9550616,0.84781444,0.7749709,1.0117697,1.0160279,0.9356425,0.7688426,0.8730453,1.1334664,1.1245837,1.2778183,0.83994293,1.0878761,1.1649793,0.9914637,1.0272125,0.98702365,1.0549028,0.97127026,1.1326363,0.8042555,0.94442123,0.9339409,0.8388637,0.7568244,0.84254265,1.1308781,0.9986613,1.1903266,1.0484993,1.2802482,0.9586927,0.9026468,0.82055455,1.0678284,0.8105907,1.0920047,0.90811026,1.0130731,0.87236106,1.1026388,1.054416,1.0314695,1.1589276,0.91994876,1.0620288,1.1894245,1.1605704,1.1781256,0.94432145,1.043265,1.2456552,1.0494804,1.2017004,0.87426627,1.0643809,0.7097399,1.0400609,0.8845845,0.8327562,0.97996897,0.9767481,1.0764959,1.0126076,1.2031543,0.80886334,0.6004329,0.7748043,1.1504318,0.94745445,0.901903,1.1413715,1.0856035,1.0657519,1.114132,0.87735593,1.1556256
arm,1.0995234,1.3602183,0.993008,0.0,1.423379,1.2836008,1.0372516,1.3409164,0.7151414,0.4559788,1.3606312,0.67341304,0.4549507,0.9883707,0.5847283,0.722839,1.29756,1.4872692,1.5586061,0.8174154,1.3006032,1.3317416,1.2963309,1.4716392,0.9452068,0.9915327,0.7561339,0.7334311,0.82188797,1.4298211,0.7918427,1.1990094,0.9787836,1.3064291,1.1470268,0.40991032,1.0153409,1.4264715,0.47445047,1.4293272,1.0076721,0.90242517,0.9991136,0.75722766,0.9004577,0.5823497,0.60413045,1.3136616,1.2721182,0.9141819,1.3239107,0.7367553,0.88325304,1.2613245,1.4657397,0.94529665,1.3843744,0.99833256,1.0044662,0.93201965,0.7578556,1.3554969,1.0446606,1.2114221,0.7456274,0.63483465,0.47418666,1.1317595,1.0857195,1.0140762,0.6213875,0.9658658,0.3869568,0.5348418,1.1446054,1.3488932,0.9103107,1.0969632,0.5850446,1.1081649,1.0987408,1.3554691,1.4327216,1.1537579,1.0552257,1.3858535,1.0621868,0.82803786,0.40522492,0.49542123,0.7988646,1.3886466,1.3201749,1.3100514,0.53204125,1.2405288,1.3825421,1.178555,1.1962565,1.1625426,0.80494523,1.3305607,1.38951,0.8748791,1.4185116,0.72720796,0.77609026,0.40318322,1.0693521,0.37333882,1.2691246,0.6899819,1.0362387,0.5163667,1.4176121,1.02063,1.3548639,0.90746593,1.2557536,1.2081606,1.3366344,1.218931,0.8588972,0.48078817,0.5662101,1.4090068,1.0328435,1.2308958,0.92268914,1.4639599,1.3321769,0.9340708,0.94467103,1.0864722,1.2387805,1.4114652,1.0338005
ball,1.0930392,0.41438353,0.77625304,1.423379,0.0,0.5231575,0.80672246,0.85680604,1.301125,1.3504659,0.83703685,1.3891053,1.3334141,1.14134,1.2486402,1.2619553,0.8800291,0.5619046,0.57242763,1.30546,0.7484521,0.79733074,0.743742,0.7290968,1.0127305,0.9750781,1.3115778,1.4162132,1.2426826,0.61341906,1.3403397,0.90703213,1.1728591,0.7409589,0.89299005,1.384143,1.1091665,0.6426173,1.4389632,0.51117057,1.1184192,1.2066369,1.098782,1.0959234,1.3425565,1.3664787,1.18649,0.7095117,0.45818955,1.1467905,0.6775987,1.1858828,0.9813048,0.76554406,0.6050644,1.0909381,0.93877596,0.86501205,1.0334893,1.1663728,1.1262013,0.75626504,0.8971453,0.735949,1.2020578,1.2121155,1.2759193,0.7640301,1.1938572,1.1377612,1.3221197,0.9814968,1.3606591,1.499011,1.0743045,0.8492781,0.7725563,1.0160148,1.1634722,1.0114838,1.0123243,0.5417937,0.721789,0.9546201,0.94049835,0.5259432,1.0961374,1.0582715,1.322905,1.3151335,1.2447237,0.6523235,0.711884,0.54388803,1.2765894,0.7815701,0.7813574,0.98717856,0.9877381,0.6201027,1.2474885,0.8069351,0.6092949,1.3203397,0.7005388,1.1996142,1.2499945,1.3620248,1.0377645,1.2913656,0.9171017,1.3106809,1.0327595,1.2341075,0.6335765,1.1354419,0.57394,0.80660194,0.79905903,0.9747813,0.8216434,0.77876323,1.0835419,1.2522509,1.311239,0.5102209,0.78797114,0.69160104,1.0612026,0.71502364,0.5856402,1.1390756,1.1062509,1.0886495,1.0037946,0.5657393,1.2041249
balloon,0.84493506,0.669268,0.6553054,1.2836008,0.5231575,0.0,0.85093665,0.99230087,0.9979137,1.4433413,0.77009636,1.2876636,1.3445361,1.2030542,1.2814938,1.2498003,0.9111912,0.7093075,0.63926375,1.3364666,0.8580346,0.79225564,0.73721236,0.662621,1.1701032,0.7028143,1.0924424,1.2008816,1.2956598,0.8077834,1.2519894,0.6813204,1.1083033,0.86575925,0.9382529,1.4228399,1.0654701,0.6024629,1.4604566,0.6296922,1.0499882,1.2355909,1.1531563,1.1729729,1.1379964,1.320293,1.2680013,0.6092941,0.5023853,0.9790488,0.79234326,1.227243,0.6771077,0.55255574,0.80359614,0.91251355,0.6869922,1.0896504,1.1778947,1.0851374,1.2639072,0.6949124,0.8561244,0.86459786,1.1995951,1.1835902,1.0644255,0.6183659,1.1418153,1.168219,1.2998736,1.0797462,1.2898617,1.2992587,0.7419577,0.8324523,0.8877923,1.0332565,1.0651726,1.0707906,1.000476,0.66693,0.74862504,0.83630025,0.80099,0.54504377,1.0987681,1.0854137,1.4146272,1.2264545,1.2021598,0.7101065,0.7115111,0.6319786,1.1781638,1.0055765,0.91443866,0.94392383,1.0617371,0.79550666,1.2519125,0.90358806,0.7758415,1.1641319,0.8136939,1.2599719,1.2026055,1.3966018,1.211849,1.2151315,0.9212756,1.2651051,0.83223295,1.2115804,0.7325382,0.9465206,0.6711955,0.8341327,0.6391964,0.8723706,0.9704163,0.7155405,1.1988317,1.299969,1.3790203,0.6957813,0.6864609,0.73391837,0.9773352,0.6683134,0.8019855,1.0907688,1.1350476,0.9923872,0.91743386,0.64751786,1.0371529
banana,0.8834363,0.9369712,0.8276311,1.0372516,0.80672246,0.85093665,0.0,1.1983557,0.9882776,1.2029631,1.0916007,1.255797,1.1735473,1.0523107,1.2086565,1.0112329,0.87939334,1.1277834,0.8791568,1.0204506,0.5928064,1.1004994,1.039915,1.1486955,0.9162009,0.66505754,1.1227975,1.3385133,0.8056217,1.0575193,1.2636663,0.9567916,0.91206855,0.66147196,0.58661276,1.2283747,0.6279949,0.8359531,1.2670997,0.8603014,1.1255994,0.7960825,1.1637663,1.1241461,1.204576,1.1816697,1.1824124,0.9291405,0.8706789,1.0245469,0.8708486,1.0424857,0.8154862,0.9567286,1.1544904,0.9794401,0.98371965,0.45208478,1.0795224,1.1309476,0.96719956,1.0775392,0.8906481,0.602095,1.081811,0.7543975,0.8382239,0.94843084,1.1495923,1.0128497,1.1924331,0.985041,1.0385581,0.87659854,0.8793714,1.1991893,0.3560933,1.0934124,0.74797976,0.9202155,0.69323343,1.0024775,1.0240984,0.99962366,0.97248465,0.8485305,1.2300992,1.0863333,1.1887838,0.98623997,1.1047757,0.9190237,0.88726604,0.49363035,1.0983611,0.7505911,1.0997833,0.6698033,1.2155172,0.81383216,1.1123668,1.1890546,1.1688536,1.2688189,1.0793786,1.0749443,0.83167857,1.1952599,1.1272815,0.98088986,1.2359531,1.2422271,0.987182,1.1085628,0.898919,1.0791615,0.7719898,0.9823419,0.8612818,0.8111353,1.0788947,0.8952844,1.1202545,1.0877986,1.0594335,0.76626265,0.8921509,0.8258656,0.7153487,0.9423137,0.66344064,0.87925816,1.2170689,1.2477556,1.2164555,1.0107938,1.229707
basket,1.0920757,0.97342485,1.0681692,1.3409164,0.85680604,0.99230087,1.1983557,0.0,1.1520028,1.126528,0.68638456,0.9769508,1.249305,0.9828714,1.0480665,1.0952314,0.65286875,0.6460539,0.64633787,0.8717581,0.97096056,0.7458815,0.6912424,0.67107165,1.0623322,1.1634362,1.2239063,0.83252436,1.1705183,0.75674695,0.9995497,0.9249277,0.89014626,0.98083776,0.896265,1.1725494,1.0651393,0.8941375,1.1026213,0.6817375,1.0406461,1.1837405,1.0500008,1.0502863,1.0447145,1.0358377,1.1550887,1.0152181,1.045373,1.1722752,0.99278224,1.232314,1.122126,0.9909675,0.77524614,1.1559944,0.7236146,1.2106402,1.0425942,0.9286872,1.1945888,0.9270761,0.9009149,0.96545124,1.284274,1.2532265,1.3686234,1.0710108,1.0234103,1.0003889,1.0680006,1.0565335,1.2436072,1.3203726,0.7464758,0.81871295,1.1814699,0.95387065,1.3593829,1.0119305,1.0738497,1.0227152,0.52409714,1.0791017,1.2101412,0.96991557,0.82838464,1.0844705,1.2102714,1.2721512,1.0281576,0.9193556,0.8939028,0.96207064,1.0882567,0.95674366,0.7689532,0.9592061,0.831228,1.0313243,0.8764028,0.5897198,0.73094857,0.95569146,0.8059293,1.1348162,1.2044461,1.2311901,0.8419186,1.2363524,0.6262368,1.1610153,1.0024192,1.1295177,0.83636844,1.015673,0.82607484,1.14439,0.93743503,1.0371826,0.7921874,1.0561973,1.0399632,1.1934744,1.1666348,0.70275134,1.1411699,1.0187067,1.2512327,0.5331641,0.8461277,0.9700205,1.0858146,0.95349705,0.7670163,0.9355438,1.0295688
bathtub,0.91374356,1.2514942,1.144718,0.7151414,1.301125,0.9979137,0.9882776,1.1520028,0.0,0.72860813,0.95887035,0.4957323,0.9074034,1.006259,0.8567116,0.8381389,1.0561428,1.3306484,1.0759504,0.87582165,1.2404343,1.1823077,1.158484,1.0415366,0.9100912,0.94813675,0.58624303,0.62578285,0.91979194,1.2540486,0.91478026,0.9079432,1.0479207,1.2454631,1.2468562,0.68253005,0.9715412,1.1330886,0.6805385,1.2332633,1.0966692,0.9632945,1.1341006,1.1086177,0.6495192,0.6632899,0.96093273,1.2638941,1.1899114,0.8074573,1.2503638,0.883152,0.97307277,1.0948964,1.3096862,1.1201615,0.9911201,1.1174562,1.0784793,0.939685,0.97507465,1.1554687,1.1382395,1.2432549,0.97603935,1.0197697,0.9699978,1.0726888,0.9228447,1.0384724,0.8358862,1.0823672,0.6101706,0.56834936,1.0464514,1.0829968,0.83060694,1.0529592,0.8980243,0.8973077,1.0404077,1.179512,1.0680851,1.0980427,1.1153541,1.1695684,1.0662333,1.0359969,0.8914241,0.578511,0.84089166,1.1607132,1.1887208,0.9950462,0.75290227,1.2638346,1.2320515,0.67599994,1.206611,1.1625187,1.0615608,1.1684076,1.2953324,0.79788435,1.3119106,0.9527082,0.8633662,0.78707355,1.1651388,0.71018124,1.2254212,0.7994102,0.3088128,0.7497212,1.2034009,0.8449641,1.2560694,1.1076761,0.8050929,0.8921648,1.1748538,0.9970199,1.0919613,0.8591634,0.7398874,1.2186092,1.2219137,1.1477131,0.9927601,1.0363234,1.2893683,0.88169545,0.9888177,1.0231687,1.1399604,1.1782675,0.88185406
bed,1.2255969,1.3958242,1.2602334,0.4559788,1.3504659,1.4433413,1.2029631,1.126528,0.72860813,0.0,1.4035504,0.4052999,0.5398851,0.9130386,0.19944382,0.43656373,1.1519743,1.5007194,1.4732549,0.58909917,1.3944308,1.35567,1.1630651,1.4641347,0.9078315,1.2853644,0.85415757,0.59206474,0.7662213,1.3265374,0.76410013,1.253532,1.0294334,1.4256883,1.2682239,0.16324961,1.1352823,1.4860356,0.17494965,1.3379488,1.0568055,0.88707584,0.91106784,0.6043465,0.92855215,0.45708525,0.5042649,1.4812412,1.4567214,1.0448681,1.3939412,0.7723738,1.2457488,1.4460845,1.4674952,1.2316216,1.4820979,0.9072032,0.82365537,0.8857715,0.75375265,1.4943084,1.1304623,1.2668436,0.9159249,0.809206,0.9141774,1.1312714,1.0413845,0.904753,0.39397764,0.9220638,0.4480878,0.70972157,1.2564735,1.3526752,1.0114249,1.0573472,0.6867211,1.0448123,1.1557897,1.3986834,1.3756042,1.2711486,1.2413803,1.4311165,1.0386717,0.8073273,0.329818,0.57627326,0.661163,1.482261,1.4592208,1.3419971,0.4256456,1.2820241,1.3529456,1.1356784,1.0747631,1.0917156,0.73000944,1.2717073,1.3604527,0.8827063,1.4108812,0.8208663,0.7860726,0.4360429,0.9172563,0.5234225,1.2569487,0.6553551,1.0906849,0.4627781,1.5054514,1.1296289,1.3340839,0.95795065,1.289702,1.3361921,1.3162738,1.2538679,0.69689596,0.5650453,0.1963278,1.2662823,1.3692502,1.4363779,1.0545138,1.4547098,1.1298224,0.69103885,0.8267813,1.0810373,1.309012,1.4602425,1.0120078
belt,0.6929857,0.7656675,0.92346716,1.3606312,0.83703685,0.77009636,1.0916007,0.68638456,0.95887035,1.4035504,0.0,1.135275,1.3373804,0.9734607,1.265985,1.3911438,0.77875364,0.7075914,0.48435116,1.3204403,0.7824726,0.7529522,1.0439125,0.32198668,0.9899536,0.7750523,0.9282543,1.0339136,1.3075749,0.8960905,1.0554746,0.8388326,1.1006526,0.9558812,1.0480919,1.3674121,1.1512529,0.49885,1.4132241,0.91014874,1.1322193,1.2490895,1.2375726,1.2095767,1.0387696,1.1974012,1.3274297,0.7190841,0.72111624,0.91482437,0.94274455,1.2634282,0.7789402,0.7022991,0.60069585,0.90134954,0.4423942,1.3337431,1.2039119,1.1074318,1.429707,0.41811228,0.9230924,0.98500985,1.1931853,1.2445686,1.2179266,0.87478757,1.0602555,1.15248,1.2295396,1.3260659,1.1173807,1.2122004,0.9449458,0.8170167,1.1961026,1.1038835,1.4752281,0.9986762,1.0097488,0.6664654,0.47649032,0.627676,0.8407702,0.69007283,1.0012177,1.2823982,1.3657804,1.0442438,1.2872024,0.47540754,0.51757354,0.8072683,1.1310465,0.86580634,0.6998553,0.81535274,1.0480523,1.2029365,1.001598,0.5421977,0.70209014,1.0953432,0.84328794,1.1808579,1.2957044,1.3291774,0.94491804,1.1418595,0.8321595,1.2264662,0.6382998,1.358375,0.44540954,0.81157416,0.98197263,0.85413873,0.66411614,0.77297986,0.75587094,0.73998225,1.2378702,1.1980036,1.4688542,0.9364366,0.7974966,0.6705346,1.1158276,0.43960023,1.1427742,1.3233066,1.1685544,0.8985779,0.87233526,0.51292837,1.0150442
bench,0.9851829,1.3890457,1.290086,0.67341304,1.3891053,1.2876636,1.255797,0.9769508,0.4957323,0.4052999,1.135275,0.0,0.74846315,0.87775743,0.47391188,0.72536004,1.1251636,1.4259446,1.2858697,0.67081964,1.3533635,1.1965805,1.1790565,1.2036752,0.9435549,1.2001622,0.6300194,0.32303178,0.95452654,1.3465654,0.7009471,0.9486854,0.92734706,1.4216448,1.2588243,0.35948783,1.143913,1.3887198,0.34102547,1.3585136,0.9954126,1.0251616,0.91884756,0.89060235,0.69362783,0.4035504,0.7811633,1.3540834,1.4273815,0.8636018,1.3144062,0.86483574,1.2479378,1.304318,1.3789244,1.1966423,1.1362145,1.159748,0.937548,0.8841766,0.8892194,1.3069558,1.1431226,1.3892198,0.9607564,0.9601614,1.0562185,1.1249743,0.92716455,0.9353474,0.58471274,1.0265746,0.56453156,0.63538754,1.0697101,1.2205861,1.0845797,1.0638577,0.85958576,0.9951629,1.1073676,1.3621403,1.177311,1.1266158,1.2218912,1.4015216,0.99861723,0.8760319,0.67524457,0.5811186,0.8529383,1.3830166,1.3865728,1.343106,0.5186754,1.2559621,1.2400655,1.0350739,1.0107526,1.2054094,0.7704629,1.181422,1.3234459,0.66347754,1.2774553,0.9366795,0.8282113,0.677737,0.96512026,0.7302172,1.1387616,0.6850803,0.8495647,0.50630826,1.3677387,0.87586033,1.3929749,1.060679,1.166033,1.199864,1.2864051,1.2157562,0.8024748,0.8149141,0.49287117,1.3161361,1.3691497,1.3667958,1.0742414,1.2231383,1.3101919,0.8140649,0.8731504,0.87225264,1.1000313,1.3627486,0.8818286
bib,1.0163798,1.361872,1.0577557,0.4549507,1.3334141,1.3445361,1.1735473,1.249305,0.9074034,0.5398851,1.3373804,0.74846315,0.0,1.0131922,0.60622936,0.71456933,1.3225906,1.414346,1.5818717,0.7991962,1.363902,1.3568296,1.1868244,1.433179,0.9715885,1.247433,0.85772246,0.7882727,0.8233195,1.2889869,0.68822926,1.1922681,1.047097,1.2981783,1.1625564,0.3954556,1.1186165,1.5163779,0.46855253,1.3731713,0.99131036,0.8365133,0.9137987,0.7315701,0.97737473,0.62956476,0.34409142,1.3129148,1.3348031,1.0111723,1.2867556,0.64289325,1.2039613,1.3203167,1.4132593,1.077977,1.4619988,0.9861116,0.91341126,0.9449658,0.71465266,1.3239009,1.0907843,1.2724029,0.673758,0.7615216,0.773607,1.0116986,0.9990982,1.001509,0.6652268,0.918818,0.48834652,0.8072753,1.2576513,1.269975,1.0218024,0.95764476,0.6900039,1.0673798,1.1540301,1.3575177,1.426646,1.1332724,1.0840687,1.4146085,0.94095266,0.751982,0.36644566,0.6063828,0.7769185,1.4840654,1.4867189,1.3550792,0.61801034,1.2161117,1.2763896,1.2644205,1.1144408,1.0414623,0.6415239,1.2274407,1.255487,0.8629628,1.3089424,0.5576129,0.90545666,0.24116969,0.94109625,0.561408,1.2109346,0.7670643,1.1918398,0.631207,1.4754028,1.0249996,1.2846347,0.89651656,1.3317239,1.3011518,1.2323166,1.3013445,0.8313579,0.45648098,0.5849284,1.3501543,1.1978048,1.3153795,1.0460192,1.5002108,1.2878264,0.9154101,0.9204477,0.99019355,1.2140516,1.4448233,1.0475452
bird,0.91963065,1.1652316,1.0854152,0.9883707,1.14134,1.2030542,1.0523107,0.9828714,1.006259,0.9130386,0.9734607,0.87775743,1.0131922,0.0,0.99474126,1.0485336,0.95242983,1.191896,1.080802,0.91770554,0.9627037,1.0623558,1.1056812,0.98865885,0.95844656,0.98425674,0.997343,0.83982694,1.032998,1.0649284,0.9055116,0.9906425,1.0902437,1.0564253,1.0799922,0.86189425,0.9755616,1.1499774,0.86798716,1.160322,0.92855924,1.0652684,0.9202917,0.67542326,0.9082988,0.7516914,0.9795591,1.0604247,1.1220942,1.0340388,1.0391756,0.90969807,0.9522561,1.0913092,1.1747994,0.87427866,1.0658165,0.9152532,0.9595709,1.1917641,1.0409355,1.0013238,0.8480458,1.0423194,0.8860526,0.919752,0.9856548,1.0066408,0.99300385,0.9510752,1.0582145,0.9872222,0.7938134,1.0064269,1.0131768,1.1254218,1.0627367,1.0596358,1.0259323,0.97947323,0.8279687,1.1590645,0.99194205,0.97407186,0.95911014,1.2423556,0.938233,1.2065701,0.91708297,0.78393424,1.1149621,1.1545488,1.1117392,0.9659512,0.744187,0.99857646,1.0445594,1.003463,0.87517434,1.1276798,0.78480357,1.0628679,1.0461634,1.0148295,1.0947763,1.0180736,1.07477,0.9495918,0.9892892,0.8300878,1.1145484,0.990277,1.1000997,0.9797568,0.9977169,1.1916127,1.0702612,1.092102,1.0582309,0.93168247,1.0607572,1.0984021,0.7654044,0.9741404,1.0595993,1.1046966,0.96879226,1.0641798,1.0986888,1.0222237,1.0291281,1.091556,1.1733793,0.97689456,1.0654786,1.1313901,0.89488274
blanket,1.1103985,1.3599033,1.1882362,0.5847283,1.2486402,1.2814938,1.2086565,1.0480665,0.8567116,0.19944382,1.265985,0.47391188,0.60622936,0.99474126,0.0,0.6785103,1.0506803,1.4337451,1.3971393,0.68223584,1.3044896,1.2807021,1.0962248,1.3845496,0.97896934,1.1768464,0.85185426,0.6511916,0.8227134,1.3066951,0.7752212,1.1582499,0.8904046,1.3945556,1.197049,0.40172523,1.1969389,1.3368337,0.42046386,1.274392,1.0344665,0.9083574,0.94685674,0.6753956,0.9961725,0.6057091,0.7031369,1.3126165,1.3964019,0.99646974,1.3572768,0.94604486,1.1791898,1.3088248,1.3883848,1.1832131,1.2709517,0.97808087,0.8211261,0.90500015,0.8814389,1.3558412,1.0196322,1.1584622,0.99027044,0.77439004,0.9047101,0.9583429,1.0929607,0.91765714,0.5277412,1.0019989,0.52515733,0.792568,1.1461647,1.3389866,1.1042441,1.0760863,0.6959656,1.0275595,1.1723064,1.3553679,1.2458664,1.1284794,1.1391081,1.3494165,1.0222416,0.718246,0.4980868,0.67677283,0.7168409,1.3483052,1.305168,1.3766757,0.29225695,1.158188,1.3135834,1.1766963,1.0949123,1.0608143,0.64236724,1.2316281,1.2830323,1.0112226,1.3151758,0.8120706,0.85659,0.6338748,0.83476126,0.5835879,1.2219074,0.7626222,1.1809845,0.574345,1.3862355,1.0472186,1.3411279,0.784098,1.3080996,1.3462098,1.3188295,1.2050456,0.8686135,0.6794953,0.19829512,1.2200059,1.2896626,1.3476261,0.9370971,1.3032281,1.1065761,0.80585015,0.8946997,1.0293455,1.3029028,1.3642056,1.05807
boat,1.2593807,1.3981745,1.1929815,0.722839,1.2619553,1.2498003,1.0112329,1.0952314,0.8381389,0.43656373,1.3911438,0.72536004,0.71456933,1.0485336,0.6785103,0.0,1.0862281,1.3531747,1.2495029,0.608971,1.3456306,1.2317196,0.889457,1.4241806,0.94044566,1.266357,0.9864265,0.96102834,0.80129415,1.2252196,0.9878378,1.1035488,0.9811646,1.2928667,1.0976564,0.6032294,1.022676,1.4109545,0.55599266,1.0373869,0.9797576,0.8283135,0.8745012,0.8775346,1.04531,0.7910571,0.69968736,1.4274421,1.3612504,1.1386286,1.3231176,0.876952,1.2107158,1.252379,1.395762,1.1902077,1.4044993,0.7891762,0.8446656,0.79482067,0.65964794,1.4952838,1.0957993,1.0342606,1.01839,0.9365535,0.8253933,1.1310197,0.9650899,0.84767723,0.652093,0.86260575,0.7110015,0.78584474,1.116468,1.183194,0.7799083,0.9922845,0.6656363,1.0626512,1.087413,1.4067373,1.3922037,1.2599497,1.283716,1.3682134,1.0136606,0.7917249,0.49877495,0.82544863,0.6428696,1.3980612,1.319682,1.2013586,0.8698909,1.3703892,1.3019629,1.0198606,1.0665644,0.85132563,0.89305043,1.2810576,1.2788178,0.9725998,1.3010216,1.010814,0.76167786,0.6507006,0.8889657,0.75906736,1.099429,0.77788746,0.93638194,0.71282935,1.4901311,1.0376723,1.0725565,1.1433196,1.2006515,1.2566332,1.1405116,1.2404592,0.81454563,0.7038082,0.38598418,1.0368619,1.3655454,1.4322187,0.9803639,1.4411254,0.86045545,0.16894114,0.7961377,0.9716809,1.1675928,1.4462354,1.0474706
book,0.92658436,0.9377022,1.0831977,1.29756,0.8800291,0.9111912,0.87939334,0.65286875,1.0561428,1.1519743,0.77875364,1.1251636,1.3225906,0.95242983,1.0506803,1.0862281,0.0,0.8035102,0.5814899,0.6653415,0.8133811,0.79192793,0.80957425,0.760848,0.97211343,0.7319468,1.3383937,1.0314273,1.0906171,0.8354018,1.1236367,0.9057687,0.7596301,0.96176386,0.76134014,1.2915323,0.89447397,0.57062006,1.2340864,0.77918553,1.1625823,1.1520503,1.1858621,1.0823083,1.1461064,1.1327268,1.3035233,0.9816804,0.96579146,1.2307465,1.0406986,1.2746694,0.85219014,0.8746195,0.93053347,1.0573066,0.6700255,0.94884104,0.7472938,1.1951125,1.1852252,0.9798141,0.904425,0.5197346,1.2518077,1.1393635,1.1295632,1.0640606,1.1655734,1.1014639,1.2029383,0.9652397,1.2032417,1.0708821,0.61262834,1.039793,1.0338428,1.0009854,1.1723454,0.9583941,0.9523023,0.92754334,0.6284956,0.9445321,1.0576706,0.86924314,0.97625107,1.2074938,1.3082951,1.1695879,0.7160698,0.6583778,0.6056353,0.7511511,1.04604,0.89581376,0.7834786,0.6920473,1.0403179,1.0051532,0.8886344,0.64784324,0.9941527,1.2331004,0.9869941,1.1521568,1.0356303,1.3541303,0.9754638,1.1370629,0.95467,1.3293393,0.85749847,1.2275236,0.72659624,1.0094572,0.95885307,0.9642472,0.834445,0.8554451,0.9444529,0.9341379,1.0872008,1.28614,1.1023638,0.8159029,1.0277561,0.9045154,0.8275323,0.5009309,0.66713727,0.9177328,1.1856476,1.0691276,0.98442316,0.85449755,1.111098
bottle,1.1306111,0.4644621,0.8927885,1.4872692,0.5619046,0.7093075,1.1277834,0.6460539,1.3306484,1.5007194,0.7075914,1.4259446,1.414346,1.191896,1.4337451,1.3531747,0.8035102,0.0,0.44060194,1.3447449,0.8256525,0.61516666,0.5584346,0.42795599,1.0982127,1.0360488,1.3430811,1.1840303,1.3094329,0.607396,1.1746973,0.97875667,1.1119341,0.83949304,0.9008597,1.4736362,1.152335,0.52453303,1.4749608,0.41808462,1.1072149,1.2485075,1.1186093,1.2024988,1.1204671,1.4384568,1.3014143,0.7392546,0.6571264,1.1634734,0.8264836,1.2673193,1.0114294,0.7644402,0.37575686,1.0092837,0.6479822,1.1944082,1.1952417,1.1627316,1.1875845,0.65070647,0.8458363,0.93940645,1.2697151,1.3744968,1.3596015,0.96876794,1.0032264,1.0597943,1.3311918,0.9328068,1.5587527,1.4211104,0.8302188,0.6174529,1.2076235,0.8470788,1.3314264,1.0609841,1.2186115,0.5025594,0.40169787,0.9463958,1.0478619,0.544692,0.9078983,1.2585645,1.4760947,1.4827795,1.1689457,0.5160388,0.58491147,0.84063435,1.4470304,0.83323514,0.4548496,0.9841182,0.8759887,0.8681096,1.2330481,0.5445405,0.47666365,1.0077482,0.50750804,1.2531457,1.2835624,1.4442735,1.0686779,1.4567907,0.61012965,1.206595,0.9374836,1.3537414,0.52263546,1.0307758,0.64550877,1.0809237,0.7444272,0.7709116,0.5625379,0.7753365,0.98860705,1.4074893,1.5065581,0.61394274,0.8574914,0.76295394,1.0852677,0.3778041,0.7144925,1.1888299,1.085412,1.055338,0.6142565,0.48642182,1.0500109
bowl,0.956171,0.47318012,0.87503713,1.5586061,0.57242763,0.63926375,0.8791568,0.64633787,1.0759504,1.4732549,0.48435116,1.2858697,1.5818717,1.080802,1.3971393,1.2495029,0.5814899,0.44060194,0.0,1.2338932,0.58264893,0.6738631,0.6773847,0.36185777,1.0871603,0.8528996,1.2834293,1.1809182,1.2191739,0.6456661,1.3518137,0.70525956,1.1473975,0.7778394,0.9503233,1.4956815,1.0853066,0.38471115,1.4963208,0.3736778,1.1568723,1.1484597,1.1784161,1.2673681,1.2327899,1.427923,1.4060078,0.6600173,0.5943939,1.1416115,0.86735225,1.3528385,0.8337451,0.7521339,0.48221254,0.9778364,0.5315686,1.2157944,1.1859355,1.1856012,1.3623236,0.5976466,0.89471835,0.87826467,1.3808281,1.2834234,1.3419366,0.99069464,1.1984698,1.1109122,1.4415866,1.0636109,1.4722883,1.4265585,0.8479529,0.8372563,1.0786662,1.0280838,1.4060255,1.0379914,0.992391,0.48003137,0.3739767,0.81157684,0.9690094,0.45221335,1.030802,1.3068116,1.5590577,1.3356419,1.3475528,0.39504075,0.43960154,0.72540903,1.4171554,0.7326243,0.6949524,0.45371133,0.96005374,0.8915337,1.2450589,0.5752029,0.670501,1.193995,0.64379966,1.358295,1.3399625,1.536396,1.0720828,1.330062,0.8347975,1.3300493,0.57889485,1.4663842,0.38603592,1.0073346,0.61284393,1.0160663,0.4978031,0.6807467,0.7777618,0.6178082,1.2101997,1.3992233,1.3908651,0.49088842,0.84544784,0.73323196,1.1786052,0.3139093,0.71708816,0.9834531,1.1862311,0.98724663,0.9267795,0.3990289,1.1677141
box,1.1299303,1.4493697,1.1984222,0.8174154,1.30546,1.3364666,1.0204506,0.8717581,0.87582165,0.58909917,1.3204403,0.67081964,0.7991962,0.91770554,0.68223584,0.608971,0.6653415,1.3447449,1.2338932,0.0,1.2563221,1.195231,0.80430543,1.2937118,1.0243537,1.1657622,1.0934635,0.6928166,0.67727363,1.2895517,0.71706086,0.97220767,0.75630957,1.2589166,0.9967035,0.6612407,0.9550197,1.3663583,0.54809374,1.0803214,1.0458903,0.7659993,0.98146325,0.7105788,0.87670255,0.5597302,0.8657929,1.4467521,1.4981354,1.2142576,1.3048276,0.9613045,1.2347838,1.4277478,1.4483733,1.2529038,1.2487565,0.8225042,0.6813355,0.9561807,0.7097027,1.5237238,1.0890299,0.8820011,1.0484743,0.8104408,0.9300923,1.1157609,1.1212491,0.8808211,0.8070061,0.69327116,0.7411692,0.7413392,0.80116415,1.2857232,0.95426565,0.9101677,0.6933925,0.9237022,1.0355643,1.4762437,1.2988486,1.3097012,1.2148601,1.4346712,0.8542152,0.8224517,0.7814232,0.8432259,0.50661707,1.4097018,1.3310498,1.190109,0.6211613,1.1766293,1.2239095,0.97234935,1.0836352,0.92869115,0.5244434,1.0739836,1.3096833,0.83946306,1.3928602,0.83489037,0.75649977,0.8594907,0.8960121,0.8174683,1.1397732,0.9024362,1.0490475,0.7154691,1.4700606,1.0388595,1.1880779,1.0579634,1.2624396,1.161338,1.2461404,1.3927395,0.76029176,0.9283506,0.5355021,1.069251,1.4219307,1.4465499,0.862204,1.2881153,0.838135,0.5484556,0.9950229,0.96139926,1.1282454,1.4964607,1.0436465
bread,0.9360861,0.63693523,0.6875447,1.3006032,0.7484521,0.8580346,0.5928064,0.97096056,1.2404343,1.3944308,0.7824726,1.3533635,1.363902,0.9627037,1.3044896,1.3456306,0.8133811,0.8256525,0.58264893,1.2563221,0.0,0.96157676,1.0935351,0.7768149,1.198261,0.6568802,1.2014878,1.3381088,0.8652125,0.8358851,1.3532581,0.9699776,1.145643,0.26410782,0.7742312,1.3916035,0.6071017,0.59690154,1.4667077,0.7867692,1.174564,0.93812084,1.1719041,1.1274227,1.2744002,1.2998246,1.2402625,0.5650117,0.560283,1.0231568,0.6216119,1.2291574,0.67803866,0.74776506,0.7706413,0.7920952,0.72854906,0.9623014,1.1171185,1.1752659,1.3333979,0.6836254,0.87177956,0.80919087,1.1582624,0.7599665,1.0066392,1.0135372,1.231377,1.2734997,1.3735054,1.1148214,1.2632494,1.2477703,0.9129558,1.1316162,1.0282472,1.1610258,1.1857815,1.0883484,0.4022258,0.62576735,0.76270944,0.6777552,0.77388203,0.60606545,1.1692116,1.1535263,1.4047091,1.1256403,1.4061766,0.6347108,0.63539463,0.7408118,1.2526977,0.1726085,0.87739885,0.5276644,1.0508908,0.9455505,1.1619217,0.91254956,0.8513775,1.3542415,0.7519984,1.1959331,1.3074081,1.379658,1.1584622,1.1306254,1.1129721,1.3310542,1.0534086,1.4954184,0.56163204,1.1221163,0.67105746,1.0538769,0.78552777,0.7451244,0.96974313,0.7440114,1.1985459,1.1868513,1.2827003,0.72788924,0.62756467,0.5825282,1.0709326,0.70524395,0.7954401,1.2146605,1.2340755,1.1322839,1.2206852,0.57665396,1.2104623
broom,0.97460985,0.8317609,1.0361662,1.3317416,0.79733074,0.79225564,1.1004994,0.7458815,1.1823077,1.35567,0.7529522,1.1965805,1.3568296,1.0623558,1.2807021,1.2317196,0.79192793,0.61516666,0.6738631,1.195231,0.96157676,0.0,0.8217137,0.63879466,1.193826,1.0176995,1.2309413,1.0552053,1.2888255,0.71288276,1.0732968,0.94816583,0.89913243,0.8927953,0.81921566,1.3548806,1.0985826,0.64399254,1.3264031,0.8110988,1.0909863,1.2552416,1.0972608,1.1726981,0.9386076,1.2693019,1.2455935,0.8573872,0.8920465,1.0643313,0.92176217,1.2475069,0.97889817,0.8850634,0.6605903,0.98950696,0.63808864,1.1596719,1.0259334,0.9950779,1.2978479,0.77006793,1.0684774,0.9717202,1.2317212,1.2946191,1.2553934,1.0033774,0.97780764,0.8954425,1.1111468,1.1698747,1.3644285,1.1375625,0.92575705,0.5491048,1.2095401,0.9214646,1.3054311,1.1295623,1.1332765,0.82827127,0.69117576,0.86722445,1.0273728,0.8256238,0.9618181,1.160413,1.339499,1.3551662,1.1056658,0.5323741,0.49816924,0.8942813,1.3326735,1.0260358,0.6593583,1.0453509,0.9736219,1.0466866,1.0636007,0.70787644,0.5854459,0.9473868,0.71825093,1.2424638,0.8945043,1.3387568,1.005477,1.333057,0.5587989,1.1425824,0.89152557,1.2424523,0.69456005,1.0696253,0.8948193,1.0207508,0.8479924,0.8777961,0.7434072,0.88198394,1.071516,1.3090614,1.3821373,0.84431285,0.9403648,0.88306487,0.9524561,0.64135283,0.8608802,1.1571616,1.0347887,1.0114173,0.41415542,0.7650241,1.0657787
bucket,1.1380203,1.0303087,0.8907596,1.2963309,0.743742,0.73721236,1.039915,0.6912424,1.158484,1.1630651,1.0439125,1.1790565,1.1868244,1.1056812,1.0962248,0.889457,0.80957425,0.5584346,0.6773847,0.80430543,1.0935351,0.8217137,0.0,0.930306,1.2348399,1.187135,1.3590217,1.0481757,1.1022577,0.87950003,1.1209543,0.75449145,0.9357623,1.0387964,0.82058305,1.1799947,1.1534686,1.0132595,1.1464908,0.29202712,0.9707674,1.0065217,0.95962685,0.8743615,1.158095,1.1911914,1.1182411,1.0809895,1.0060891,1.3034517,1.110151,1.2775201,1.1637256,0.9638888,0.96715176,1.1957215,1.0003777,0.85993284,0.9867393,1.0885112,0.88343287,1.1718897,0.698216,0.8008113,1.3127968,1.1806285,1.1825366,0.70577836,1.0824566,0.8949254,1.1459811,0.6200385,1.2357788,1.331815,0.83979535,0.8618884,1.0202227,0.79222196,0.8031827,1.018521,1.1848202,1.1044109,0.7841266,1.2025701,1.2646265,0.975702,0.77954334,1.0451863,1.2652618,1.3402302,0.9014069,1.0874215,1.0460751,0.9961058,1.0687683,1.0993043,0.97715557,1.0409693,0.8721908,0.5277304,0.8096683,0.7933885,0.7633207,0.93322444,0.9069355,1.236624,0.96152925,1.2985635,0.89021385,1.2423903,0.69194436,1.1420786,0.99438703,1.0556464,1.0946692,1.1282579,0.5810231,0.9737299,1.0769981,1.0204607,0.75999224,1.1540905,0.9116854,1.3209624,1.0250776,0.4613881,1.1974194,1.2066034,0.957204,0.83366954,0.3222077,0.65858173,1.0649623,0.9880712,0.7814821,1.0892715,1.0710156
can,0.95742804,0.57111216,1.00953,1.4716392,0.7290968,0.662621,1.1486955,0.67107165,1.0415366,1.4641347,0.32198668,1.2036752,1.433179,0.98865885,1.3845496,1.4241806,0.760848,0.42795599,0.36185777,1.2937118,0.7768149,0.63879466,0.930306,0.0,1.0416142,0.80438334,1.0362053,0.95730734,1.3684525,0.7971705,1.0494037,0.8075631,1.1240058,0.9342122,1.0658385,1.3949652,1.1866026,0.346776,1.3899505,0.7227154,1.1813185,1.336075,1.2373424,1.2621856,0.9397897,1.2400937,1.3068037,0.7451002,0.71786517,0.9743137,0.89436895,1.2094021,0.8463809,0.7620715,0.44031793,0.8457215,0.36783087,1.4487759,1.2367889,1.1488758,1.4253007,0.4123599,1.1170285,1.0113527,1.2104068,1.3943968,1.3860259,1.0150243,1.0894952,1.1790798,1.3060179,1.2063189,1.3407884,1.3783693,0.8397947,0.73109275,1.218288,1.0007527,1.5822552,1.0538443,1.11144,0.4356755,0.42300987,0.7175753,0.8735057,0.55515325,0.917005,1.326731,1.4682192,1.2613499,1.3500036,0.38127565,0.53298,0.73851687,1.2636735,0.85896397,0.5243679,0.8226916,1.0149138,1.1753563,1.1931448,0.4720273,0.55919605,1.0311648,0.7088591,1.2381642,1.4420621,1.397532,1.1282599,1.3480592,0.87773865,1.1983112,0.63337374,1.3984418,0.37364393,0.8914784,0.8982764,0.92041683,0.39851505,0.74317646,0.7587969,0.5865553,1.1566818,1.3211834,1.551075,0.8442075,0.80030113,0.74041,1.16132,0.32356614,1.0665629,1.3108342,1.1435878,0.88562214,0.8117003,0.33052593,0.989272
car,0.9627865,0.9737495,1.1588712,0.9452068,1.0127305,1.1701032,0.9162009,1.0623322,0.9100912,0.9078315,0.9899536,0.9435549,0.9715885,0.95844656,0.97896934,0.94044566,0.97211343,1.0982127,1.0871603,1.0243537,1.198261,1.193826,1.2348399,1.0416142,0.0,0.93272495,0.6291933,1.1246889,1.0896164,0.98224163,0.9464518,1.1350025,1.0654619,1.2314154,1.2669356,0.9878725,1.097697,0.974673,0.90149355,1.1753826,1.0331762,1.1084872,1.046602,1.1034435,0.98806345,0.94048023,1.0447874,1.1164346,1.1100916,0.79302084,1.0539665,0.72938955,1.1696863,1.0401105,0.956508,1.1726962,1.1535044,0.7897749,1.105603,0.91166025,0.75151503,1.0136395,1.063232,0.8854722,0.85437226,1.1150572,1.0404536,0.9936121,0.77156866,1.0259408,0.9158684,1.0421244,0.8775431,0.855795,1.1735008,1.124392,0.7623848,1.1329362,0.9579335,0.42600584,1.1635811,0.9488113,1.0346929,1.1082267,1.0375192,1.0243064,1.0702033,1.0381932,0.8279133,0.9044056,0.98210335,1.0052383,1.0933628,0.94244415,1.0462053,1.0635988,1.0458074,1.1547954,1.090651,1.1411667,1.118542,0.9976567,1.1323864,1.0304874,1.001552,0.8417284,0.85339344,0.86731684,1.1034435,1.0070337,1.0873096,0.95353615,1.0020583,0.8022327,1.0133598,0.9044515,1.2432823,1.0409257,1.0124367,1.1346573,0.984315,0.9378352,0.8392962,0.8795216,1.0318918,1.1392758,1.1423557,1.0647379,0.90869224,0.9914817,1.0806731,1.0362946,0.94520056,1.0343492,1.2013562,0.9552212,0.9418542
carrot,0.83420503,0.8421718,0.7857165,0.9915327,0.9750781,0.7028143,0.66505754,1.1634362,0.94813675,1.2853644,0.7750523,1.2001622,1.247433,0.98425674,1.1768464,1.266357,0.7319468,1.0360488,0.8528996,1.1657622,0.6568802,1.0176995,1.187135,0.80438334,0.93272495,0.0,0.99942756,1.1447395,1.164184,1.1137037,1.2008634,0.8626701,0.8273938,0.86265165,0.80364305,1.299901,0.80082303,0.40949905,1.3129764,1.0387404,1.1153455,1.2119937,1.2594302,1.2127367,1.1455436,1.1413262,1.2826538,0.6720101,0.7335116,0.88544655,0.857196,1.1399976,0.4289012,0.6412277,1.0386788,0.74243987,0.64124584,0.97088516,1.1580673,1.1284719,1.2069756,0.7400596,0.9658962,0.5647244,0.97675675,0.95437026,0.7702991,0.96443725,1.2039312,1.2147747,1.2226002,1.0723172,1.0177454,0.93058395,0.7880769,1.139676,0.8464423,1.2177365,1.0117601,0.9555703,0.8060824,0.7519475,0.9531909,0.6415468,0.6519305,0.6571698,1.1823744,1.1399755,1.2408166,0.93061274,1.1584065,0.57404417,0.57503134,0.6713511,1.0255057,0.78566504,0.99967337,0.8272449,1.2465979,1.0672868,1.1559235,1.0565022,1.1580149,1.2755643,1.0596384,1.0712645,1.0281634,1.2295924,1.3080794,0.9489287,1.3004642,1.249809,0.94688714,1.1689799,0.70349073,0.89525497,1.0732386,0.8927558,0.700539,0.841982,1.159066,0.5698715,1.1358745,1.133201,1.2823126,1.0385413,0.58513993,0.5535411,0.6087866,0.7916037,0.93087006,1.2030785,1.2674681,1.0955398,1.148631,0.667104,1.078514
cat,0.8374908,1.1957992,1.1208236,0.7561339,1.3115778,1.0924424,1.1227975,1.2239063,0.58624303,0.85415757,0.9282543,0.6300194,0.85772246,0.997343,0.85185426,0.9864265,1.3383937,1.3430811,1.2834293,1.0934635,1.2014878,1.2309413,1.3590217,1.0362053,0.6291933,0.99942756,0.0,0.9171834,1.0762702,1.2864231,0.845996,1.0148587,1.027404,1.237455,1.3503046,0.81963336,1.0841522,1.1585671,0.83519256,1.4061834,0.98889184,1.0760725,0.9754069,1.1418072,0.7795811,0.82537043,0.98171675,1.1082243,1.1470451,0.35254526,1.0961177,0.83199227,1.1067533,0.98620045,1.1273198,1.0703923,1.0235946,1.091695,1.1529034,0.7134154,0.89181155,0.97916377,1.0695249,1.282027,0.8505063,0.9475607,0.93044674,0.96018535,0.6791345,1.0548517,0.75416017,1.1845446,0.59580356,0.6025096,1.2031623,1.116834,0.9335037,1.096185,0.8905968,0.6939215,1.0317069,1.0968572,1.1830498,0.95758766,1.0494175,1.1541704,1.1474774,0.8417368,0.72850156,0.7013842,1.0329852,1.1548676,1.2501752,1.1312306,0.845024,1.0727878,1.2101,1.1653678,1.0431378,1.2945985,1.0526568,1.184209,1.1688769,0.8728744,1.1867656,0.9476722,0.86630034,0.7419027,1.0595897,0.8625592,1.1974975,0.62474346,0.8919438,0.8859238,1.1438608,0.65355563,1.3332554,0.9393949,0.9853402,1.1035428,1.3000174,0.95968264,1.0835158,0.67891127,0.9574667,1.3765571,1.1594387,1.134012,1.0122796,1.1910108,1.4737341,1.123455,0.88382804,0.9478234,1.1774118,1.1112761,0.8813158
chair,1.0462251,1.3513695,1.2377081,0.7334311,1.4162132,1.2008816,1.3385133,0.83252436,0.62578285,0.59206474,1.0339136,0.32303178,0.7882727,0.83982694,0.6511916,0.96102834,1.0314273,1.1840303,1.1809182,0.6928166,1.3381088,1.0552053,1.0481757,0.95730734,1.1246889,1.1447395,0.9171834,0.0,1.0321337,1.2491634,0.54414046,0.93067634,0.91297626,1.3839331,1.158687,0.43511385,1.1947721,1.2748308,0.3427477,1.2439662,1.0032722,1.076807,1.0261346,0.79540247,0.42471343,0.47430247,0.7812906,1.2742763,1.402731,1.0721669,1.3012605,0.9384457,1.1208217,1.2902726,1.2767061,1.0430771,0.88680327,1.3375043,1.0509628,1.0168122,1.051421,1.2141774,1.1937883,1.3538499,0.98707396,1.0733569,1.0742754,1.2371331,0.9968361,0.9633633,0.71410096,1.0043575,0.7550846,0.8244153,0.7497633,1.0606989,1.280649,0.9510097,1.1115623,1.1239275,1.2334942,1.3051386,0.95072156,1.1670253,1.1472837,1.3539436,0.7555793,1.0291761,0.8606078,0.7668409,0.83708555,1.3118775,1.3022568,1.3175706,0.5650706,1.241638,1.0686997,1.0380564,0.9710721,1.2710276,0.78547156,1.003462,1.2189467,0.44912636,1.2701831,0.8868461,0.992375,0.75385773,1.0574684,0.79546607,0.9999835,0.7217445,0.8597947,0.6225276,1.2781727,0.9534803,1.3231183,1.1122049,1.072081,0.9977742,1.0640348,1.1878854,0.80905634,0.9484554,0.738187,1.285596,1.2382978,1.3026133,1.0959247,0.9679183,1.3139722,1.0072873,0.9772092,0.83255595,0.9218439,1.2898011,0.6694198
