,alligator,apple,arm,ball,balloon,banana,basket,bathtub,bear,bed,belt,bench,bib,bird,blanket,boat,book,bottle,bowl,box,bread,broom,bucket,butterfly,can,car,carrot,cat,chair,chips,clock,closet,coffee,comb,cookie,corn,couch,cracker,crayon,crib,cup,dish,dog,doll,door,drawer,dress,ear,egg,elephant,face,finger,fish,flower,foot,fork,frog,glass,glasses,glove,gum,hair,hamburger,hand,hat,horse,hose,jacket,jar,jeans,knife,ladder,lamp,leg,meat,melon,milk,mitten,muffin,nail,napkin,necklace,nose,orange,oven,pajamas,pants,paper,pen,pencil,pickle,pillow,pizza,plant,plate,pumpkin,purse,radio,refrigerator,rooster,scarf,scissors,shirt,shoe,shorts,shovel,shower,sink,slide,slipper,soap,sock,spoon,sprinkler,strawberry,stroller,sweater,table,tape,toe,tooth,toothbrush,towel,toy,tray,tree,truck,vacuum,watch,window,zebra
alligator,0.0,1.239062,0.7229739,0.9739763,1.2361244,1.03398,1.1077771,1.1436422,0.7237836,0.67449385,1.2356005,0.841031,0.96512973,1.0354954,0.78346074,0.81971735,1.1410428,1.3087867,1.2427094,1.1372551,1.0771072,0.99898976,1.1285456,0.8301996,1.1436346,1.1951045,1.1583647,0.7987768,0.95395863,0.9615213,1.1777749,1.1249802,1.0500432,0.9701348,0.89220095,0.88994795,0.79241216,0.7283201,1.1518166,0.74549365,1.2831678,0.99676716,0.5512003,1.0406978,1.1851391,1.0394896,0.77466357,1.0887579,1.1110744,0.7985654,0.87126607,1.1947708,0.89791346,0.92128617,1.0741382,1.1062263,0.63575923,0.94181794,1.199115,1.0187255,1.0115151,0.9022688,1.0342236,0.97061193,1.1706376,0.75162464,1.0120052,0.86735576,0.9632457,0.7344549,1.1538485,0.84015906,1.2902772,1.012725,1.0269183,1.0170156,1.0062,0.8359164,0.9861003,1.2211102,1.2986689,1.2479776,1.0776514,1.2230809,1.2114794,0.8038069,0.827348,0.9127379,1.1238995,1.1310154,1.0287879,1.1379876,0.90777004,1.0375204,1.124505,1.1790293,1.0116061,1.1025172,1.0113636,0.93227917,1.1117983,0.89883363,0.756537,1.06994,1.1266973,1.0955211,0.9629801,1.1981964,0.8095203,1.2259709,1.1427422,1.0098484,1.1055169,1.1610173,1.1554683,1.1114622,0.745029,0.7495739,1.1897936,1.1615547,1.1804112,1.2085229,1.1951721,0.96799767,0.8951457,0.9476807,1.15957,1.1781616,1.2144591,0.93962616,0.9093674
apple,1.239062,0.0,1.4505086,0.69625163,0.5889938,0.77249205,1.1967411,1.2130699,1.1646978,1.519411,0.48014116,1.4570918,1.3388748,0.5827706,1.4827207,1.1959332,0.75457215,0.52560914,0.490721,1.0575689,0.5484373,1.1419612,1.1534972,0.8735,0.9640352,0.79137045,0.36507952,1.2155986,1.4064655,0.66037244,0.8052014,1.2556298,1.3216082,1.1053321,0.8344969,0.89160883,1.4472734,1.2542938,0.28035772,1.4944179,0.52184767,1.1016303,1.4143456,1.170913,1.2340951,1.2077819,1.487017,0.69652677,0.4421996,1.2744184,1.2192159,0.768615,0.6097979,0.97655386,0.58520377,0.95584774,0.8019346,1.3503497,0.5319496,1.2373941,0.60310817,1.1825839,0.96899915,1.2994419,0.5351436,1.3124692,1.240754,1.4617832,1.2017045,1.4305947,0.93441135,1.3782438,0.64947456,1.2395175,1.0391475,1.1359094,1.1289785,1.4881668,1.0909637,0.2720567,0.49541318,0.4348027,0.89800835,0.37157607,1.2550259,1.4065728,1.4085348,1.2414489,0.46994805,0.51602215,0.59323454,0.8203822,1.2998285,0.9230428,0.63878113,0.5354891,1.1673417,0.87810624,1.3882873,0.88618785,1.2515633,1.008578,1.4374986,0.9048948,1.1771115,0.58115596,1.3736926,0.9744427,1.2790419,0.3383975,0.66899323,1.1801522,1.0839174,1.1752472,0.23356658,0.99003017,1.45465,1.5014038,0.52839035,0.54774415,0.42952204,0.46334374,0.60108316,1.0407954,1.3874615,1.1323092,0.82054114,0.98442066,0.3497182,1.3596771,1.2882358
arm,0.7229739,1.4505086,0.0,1.2257483,1.42029,1.3486203,1.1908038,1.0453507,0.68054307,0.50175256,1.374844,0.71970534,0.77052283,1.3534241,0.5864515,0.73902977,1.3583388,1.4771699,1.5006294,1.2560301,1.2783731,1.067429,1.2006427,1.2468629,1.3175826,1.3391552,1.3597581,0.71102977,0.76838285,1.2138557,1.3143033,0.87059677,0.8990424,0.95714784,1.1390365,1.0926594,0.5203737,0.53977555,1.4317347,0.70390725,1.4764471,1.006795,0.49538738,1.0034628,0.95848304,1.0477979,0.606103,1.0063401,1.183485,0.6269623,0.7173307,0.9218073,1.0753634,1.2337327,1.1766332,1.1994462,1.2864162,0.8315327,1.1504836,0.785955,1.2715884,0.7594673,1.0052269,0.41985404,1.4318681,0.5348566,0.84323514,0.3644482,0.9529624,0.44193435,1.2705355,0.82587564,1.4576068,0.62379706,0.63738704,1.0276964,1.1237835,0.6133621,0.8860327,1.3606652,1.3634287,1.3105154,1.0899968,1.3819749,1.086461,0.5511121,0.5028131,1.0313687,1.3280618,1.2738441,1.1569351,1.179317,0.82268465,1.3567449,1.4349259,1.3046277,1.1761606,1.2385925,0.847471,1.1731412,0.8764598,1.2242444,0.42741042,1.1930002,0.80010617,1.4259205,0.73381203,1.2792721,0.8017919,1.385488,1.3478227,0.794603,1.2404292,1.0494443,1.3957019,1.1616169,0.4389798,0.67031896,1.4403348,1.0742161,1.2743993,1.2055824,1.3061652,1.2189314,0.82969964,1.0225877,1.254623,1.2272813,1.3640383,0.86505455,0.7441575
ball,0.9739763,0.69625163,1.2257483,0.0,0.51340276,0.8424546,0.97716725,1.3029704,1.0999275,1.1964025,1.047706,1.2549447,1.1608758,1.029052,1.1823375,1.0800374,1.0426157,0.9872967,0.74432474,0.9395383,0.75530905,1.1048332,1.016652,0.7230928,1.0519592,0.99107563,0.85727537,1.1960576,1.2782001,0.8371427,0.8187728,1.2062708,1.053565,1.1001568,0.8893783,0.72882044,1.207787,1.113411,0.94461155,1.2231965,0.9010898,0.79272413,1.1036443,0.97022206,1.2397162,1.0919095,1.166441,1.0016677,0.49478436,1.1676625,1.0075743,0.99292314,0.95119125,0.89491117,1.021579,1.0710058,0.6082052,1.0141311,1.0071882,1.0514364,0.6044751,0.9868798,0.81742674,1.1068767,0.7974777,1.1152022,1.2628314,1.2298251,0.98331356,1.1867793,1.0716717,1.2607894,0.839558,1.1355227,1.1114057,0.6890945,0.97605944,0.9957608,0.73178357,0.87839997,1.0884358,1.0684965,0.97514904,0.56028664,1.1348416,1.2211463,1.2247348,1.0569842,1.014633,1.0306512,0.7873357,1.0635718,1.0552304,0.9341352,0.7962451,0.6208701,1.0491242,1.031875,1.199374,1.082491,1.1405169,0.92131597,1.173084,0.93913037,1.1645567,0.99638975,1.1712421,1.0951823,1.0870597,0.9745684,0.7956332,1.1775265,1.0366879,0.8852369,0.75026655,1.1160253,1.2054033,1.1342384,0.72938114,0.9601924,1.0224277,0.9660674,1.1133691,0.7031021,1.0061358,0.972963,0.95120955,1.0886878,1.0031457,1.2390509,1.2436124
balloon,1.2361244,0.5889938,1.42029,0.51340276,0.0,0.7862674,0.960338,0.9868227,1.2140614,1.3237649,0.69367886,1.387855,1.2044909,0.70401925,1.3031461,1.061603,0.89125,0.6916251,0.5991522,0.94022727,0.81011176,1.0761127,0.97923124,0.8757208,0.9444028,0.80795944,0.717462,1.0941871,1.2403989,0.84244955,0.56997424,1.1633298,1.1276023,1.1573634,1.025794,0.91908556,1.3162848,1.2675985,0.60357714,1.3000224,0.65933204,0.8625965,1.3297102,1.0469402,1.0790204,1.1163249,1.326452,1.0710388,0.55212283,1.1931273,1.193366,0.9801246,0.95686597,0.97673386,0.99474096,0.9753976,0.77351636,1.1175241,0.9196332,1.2354016,0.6422734,1.1905811,0.9579546,1.3143778,0.6874069,1.2204442,1.164466,1.4469025,1.1847984,1.4387007,0.94569963,1.2045217,0.42018223,1.2425187,1.248573,0.76377213,0.97773397,1.261411,0.98551214,0.53316355,0.81611943,0.75434434,1.0328703,0.45909607,1.1659799,1.3809731,1.4080207,1.0646708,0.71593654,0.7533864,0.9127643,0.83022267,1.0651236,0.8415921,0.6577307,0.6210801,1.1523917,0.93564975,1.2810634,1.0457683,1.1891737,0.9819249,1.3522576,0.9555038,1.2725787,0.825209,1.2329564,0.9362079,1.0448091,0.7156958,0.66233146,1.1056892,0.9611131,0.8412672,0.63983554,0.9992431,1.3841119,1.222899,0.59808165,0.90744656,0.7218557,0.75472724,0.91197115,0.75249636,1.1334019,0.9677137,0.8315887,0.89704865,0.6426681,1.1444736,1.1530837
banana,1.03398,0.77249205,1.3486203,0.8424546,0.7862674,0.0,0.9504974,1.264764,1.0835311,1.3321531,0.94873935,1.3470805,1.2084179,0.8099425,1.2197163,1.1719978,0.9515456,0.88353544,0.6491269,0.92689455,0.38943994,1.3179686,0.94758457,0.7215332,0.9324684,0.9343424,0.6901846,1.1706156,1.3446339,0.72813296,0.66899383,1.1538135,1.1019418,1.040879,0.744528,0.7252166,1.324182,1.1043208,0.8010237,1.2505112,0.7584442,0.8085585,1.1836822,0.9450865,1.1577206,1.188303,1.3472092,1.0524228,0.73866093,1.1013242,1.1874516,0.9945854,0.9434725,0.8704199,0.8941176,0.86123836,0.6473516,1.1503487,0.86941946,1.0004177,0.7220288,1.1921268,0.7742784,1.1794317,0.7148138,1.1501714,1.1159892,1.385417,1.08924,1.4303689,0.7681881,1.2089908,0.69482344,1.2544801,1.0385085,1.0892572,0.98285794,1.0785406,0.86078465,0.89243686,0.9544241,0.97712576,0.92369425,0.5849044,1.1618025,1.3403951,1.4305942,1.1256826,0.87340254,0.86370444,0.83928615,0.9841735,1.083351,0.82549834,0.63007426,0.56390154,0.96495694,0.9926279,1.2497773,0.89282703,1.2191309,0.75732774,1.4395094,0.88424647,1.2286928,0.6509577,1.3255498,0.9178063,1.071995,0.8124409,0.7953786,1.2351158,0.7894541,0.7838591,0.794712,1.0057833,1.3750566,1.2670307,0.6748587,0.98330945,0.8425963,0.83965856,0.864455,0.7846396,1.058574,1.0503654,0.9436048,1.157442,0.8795302,1.2553288,1.205103
basket,1.1077771,1.1967411,1.1908038,0.97716725,0.960338,0.9504974,0.0,0.88983184,1.1765704,0.85199684,1.1135874,0.7342365,0.8554533,1.173504,0.80452764,1.0708318,0.8094163,0.89217526,0.8896794,0.41433167,1.190023,0.89389634,0.5925546,0.95856065,0.5837547,0.970401,1.2131373,1.1828097,0.80114305,1.2350109,1.127071,0.9002983,0.6984217,1.0844954,1.0967952,1.0006709,0.88322616,1.1956434,1.267095,0.70220965,0.81905764,0.93360525,1.169019,0.8121607,0.9449272,0.8891487,0.9004529,1.3473116,1.2523904,1.2422637,1.1551471,1.3258469,1.3568106,0.8580862,1.2747263,1.0970757,1.0509905,0.75924134,1.3393881,0.82359755,1.0569551,1.1767051,1.0727116,1.162058,1.1059126,1.2022352,0.94425744,1.0229465,0.8292929,1.1015677,0.9875111,0.86288786,1.0955975,1.068061,1.0885702,0.87375563,0.79489183,0.7603255,1.0013187,1.2613151,1.2231761,1.2695508,1.2147647,1.0688032,0.78692645,0.9362066,1.0882523,0.8301683,1.2767386,1.2602714,1.2690048,0.9464606,0.66272014,0.83845043,1.0468311,0.99177635,0.45012176,0.8590136,0.7833244,1.0054744,0.87293285,0.87806475,1.0787721,0.898255,0.9833361,0.9848642,1.0119596,0.796559,0.86866105,1.2124403,1.1156425,0.9696111,0.8893367,0.9480213,1.1761146,0.8863411,1.0473113,0.70622104,0.93827426,1.3677166,1.298317,1.2013149,1.1846161,0.627534,0.65406764,0.97144943,0.9733045,0.80625296,1.2882129,1.0093209,1.0575024
bathtub,1.1436422,1.2130699,1.0453507,1.3029704,0.9868227,1.264764,0.88983184,0.0,1.0751907,0.8754183,0.7192617,0.64462364,1.0454988,0.9245742,0.87099445,0.9522223,0.71508163,0.9628424,0.9277475,0.822219,1.3816711,0.6767255,0.8962783,1.2123404,0.65984374,0.8190841,1.2189025,0.73005724,0.5382554,1.0682977,0.9229928,0.71458536,0.8685139,1.0317209,1.139803,1.1834185,0.7904196,1.2312121,0.99251086,0.75930923,0.96992815,1.094495,1.1137787,1.1011885,0.573494,0.46366656,1.0521952,1.1646751,1.3302928,1.0439172,1.1372958,1.2020543,1.0847923,1.0872252,1.163569,0.8211991,1.1686046,1.062428,1.2452838,1.1425208,1.3090901,1.1749477,1.2021714,1.2076168,1.223572,1.1209414,0.743315,1.0604557,1.0611143,0.98108476,0.9125113,0.7340956,0.7901605,1.013749,1.2171133,0.95291364,1.0467963,1.1559196,1.252058,1.1167033,0.97026163,0.98278147,1.2036412,1.1724889,0.6854055,1.0182303,0.9740925,0.8306485,0.91336584,0.9155119,1.2559816,0.6727471,0.94937724,0.88240343,0.8788913,1.2206204,0.98292965,0.7823732,0.8546166,0.8548267,0.989649,1.0239642,1.0403875,1.0989425,0.917925,1.086965,0.7195128,0.5507728,0.985227,1.0931227,1.1272829,0.8685556,0.8711973,0.9951245,1.2091267,0.99700737,1.0303099,0.9530835,0.9575084,1.2993221,1.1468457,1.2598574,1.011512,1.1530318,1.0033318,0.97500384,0.96074486,0.6533479,1.0517951,0.62181765,0.9207197
bear,0.7237836,1.1646978,0.68054307,1.0999275,1.2140614,1.0835311,1.1765704,1.0751907,0.0,0.75215167,1.1869574,0.99046713,0.8307168,1.1330409,0.6680882,0.88461024,1.2227229,1.3533802,1.2414556,1.231242,1.1004063,1.1459343,1.1913809,1.1355155,1.2028837,1.2042277,1.1350275,0.59083307,1.0019349,1.0839942,1.0444502,1.091093,1.1494558,0.9439543,1.0564392,0.9148739,0.83411103,0.6947698,1.1656172,0.9074366,1.3356076,1.0216447,0.6761768,1.08368,1.1196731,1.253359,0.7483138,0.97061485,1.0446279,0.44790012,0.9404896,1.0877926,0.96075225,1.2489206,1.1102757,1.1472597,1.1076522,1.0648335,1.0270603,0.87611914,1.0948792,0.9164196,1.0240381,0.9196632,1.2015722,0.6260209,0.8229376,0.6843343,1.0943652,0.6820322,1.1772075,1.0021449,1.207758,0.8968305,0.99671936,1.0360435,1.0913616,0.77522993,0.94757456,1.110771,1.1206312,1.1376951,1.0834154,1.2127874,1.1403618,0.7242735,0.7313611,1.130881,1.0642253,1.1402166,0.94935787,1.1021892,0.93494385,1.2667996,1.1826178,1.1402942,1.1598122,1.1571313,1.0708302,0.99758804,0.92783815,1.1527635,0.7524437,1.0531179,0.905944,1.2663579,0.9505944,1.2331454,0.82593244,1.1423768,1.2193705,0.84746206,1.1807075,0.9972606,1.1893013,1.135906,0.7353932,0.975337,1.2003704,1.0887802,1.055927,1.1893795,1.0500758,1.1477685,1.0489707,0.9836488,1.1148336,1.2183622,1.0936118,1.0441632,0.76835144
bed,0.67449385,1.519411,0.50175256,1.1964025,1.3237649,1.3321531,0.85199684,0.8754183,0.75215167,0.0,1.4059763,0.36854565,0.67601573,1.5025418,0.19884223,0.60879636,1.233453,1.5033528,1.4153355,1.0310105,1.4627237,1.0592602,1.075829,1.1934911,1.1346909,1.1989778,1.5762117,0.6880698,0.42042255,1.3931454,1.3473152,0.70877945,0.76886654,1.1934075,1.2305384,1.1801562,0.14256155,0.6984519,1.5544224,0.22509241,1.4907712,1.0669386,0.48962075,0.73667586,0.84930986,0.95962274,0.4615062,1.2219381,1.3340384,0.72413635,0.61920905,1.4291952,1.2249465,1.1747338,1.3925055,1.4221065,1.2730154,0.7727666,1.289827,0.79033595,1.3449707,0.7077187,1.2058711,0.9042151,1.3617988,0.66628295,0.9452718,0.48490143,0.9230205,0.38404214,1.4015467,0.55028474,1.4989197,0.84215635,1.0316731,1.0532928,0.9967341,0.6570678,0.9659235,1.3823926,1.4691558,1.5076022,1.0997205,1.4749727,0.9646639,0.39065957,0.5161644,0.87851816,1.5175574,1.5537741,1.297626,0.94282234,0.54404384,1.315333,1.4219205,1.3990128,0.9435657,1.1721191,0.6396192,1.2333975,0.9161535,1.2426512,0.42701036,1.2122154,0.9224372,1.4632399,0.58345854,1.2288991,0.5807281,1.5278255,1.3992819,0.9446207,1.3503914,1.1067564,1.5590085,1.1037967,0.42555875,0.35195518,1.364489,1.3583688,1.3898327,1.4414146,1.4056876,0.9098775,0.6439642,0.9462791,1.1961238,1.1708195,1.45291,0.69289297,0.62329715
belt,1.2356005,0.48014116,1.374844,1.047706,0.69367886,0.94873935,1.1135874,0.7192617,1.1869574,1.4059763,0.0,1.1857249,1.2206995,0.4305719,1.3150413,1.0673215,0.5390241,0.5660142,0.57899296,0.96869165,0.8980206,0.9566353,1.058327,1.0101231,0.7734029,0.8307222,0.613987,0.9377872,1.0644536,0.6896186,0.8235136,1.1246104,1.1536937,0.9521945,0.94389075,1.0174316,1.2705241,1.4151735,0.27118194,1.3772993,0.6545562,1.1807572,1.3228676,1.2399046,1.0110164,0.90503013,1.3566813,0.8659635,0.86777985,1.220232,1.2731273,0.85226226,0.6975883,1.0704341,0.56355375,0.7474325,0.9365679,1.4220175,0.64161515,1.1561373,0.89985377,1.2373616,1.2196448,1.3271418,0.63683033,1.3037665,1.0425664,1.3790829,1.30814,1.2973502,0.911797,1.252345,0.5938034,1.2231777,1.1422945,1.2355614,1.1054934,1.4957378,1.3955646,0.45480448,0.39137006,0.1720401,1.0162965,0.6583586,1.1122843,1.3335747,1.2706445,1.1541331,0.3064388,0.32176375,0.75393045,0.6417165,1.3191304,0.917533,0.6570422,0.8875909,1.0311334,0.6996888,1.2813278,0.90653396,1.1105019,0.95372313,1.364644,0.86805546,0.859862,0.6795455,1.3092164,0.85277474,1.340582,0.30645287,0.8757851,0.9392016,0.9945711,1.1776288,0.5385375,1.0277971,1.4067922,1.4610124,0.6231904,0.69165546,0.6508278,0.69443536,0.5844474,1.2339883,1.4525037,1.1019098,0.8687179,0.82242554,0.31857026,1.1402557,1.1393603
bench,0.841031,1.4570918,0.71970534,1.2549447,1.387855,1.3470805,0.7342365,0.64462364,0.99046713,0.36854565,1.1857249,0.0,0.8523839,1.2715516,0.45314926,0.9116509,1.0278225,1.2724108,1.3159778,0.92806077,1.4235666,0.8210294,0.9433433,1.2825487,0.87470174,1.1096251,1.4275376,0.7703178,0.23129678,1.2070892,1.3324703,0.6596643,0.5482524,0.8945229,1.1426675,1.2445879,0.27159232,0.96507275,1.4170167,0.37863922,1.3293401,1.185314,0.64979196,0.9545872,0.73765755,0.5966384,0.6398977,1.1545422,1.3555586,1.0548522,0.871537,1.2916825,1.2174549,1.0662993,1.157168,1.2346597,1.319403,0.8772652,1.2719741,0.7532586,1.4029181,0.89056027,1.2037926,0.95250195,1.3100196,0.9682335,0.9088451,0.6556476,0.86701953,0.4805491,1.3040764,0.5093294,1.387139,0.8613594,1.0478839,1.0131557,1.0613887,0.7667309,1.0753667,1.3939884,1.1877551,1.2647003,1.1285653,1.418277,0.8069856,0.6797431,0.51438546,0.9062537,1.358178,1.3374696,1.131347,0.8264184,0.69048643,1.0663333,1.3736194,1.3912139,0.7335464,1.0198307,0.6899735,0.9410082,0.7656102,1.1926408,0.64840055,1.0533072,0.7498466,1.2421238,0.69777465,1.0014545,0.85871756,1.3227416,1.3018657,0.8873082,1.2381268,1.1067505,1.4922539,1.0066866,0.68008965,0.55243546,1.3255966,1.3141825,1.3347307,1.3486065,1.127537,1.0475155,0.8298993,1.0656338,1.2351527,0.99783325,1.2965138,0.63774985,0.8766508
bib,0.96512973,1.3388748,0.77052283,1.1608758,1.2044909,1.2084179,0.8554533,1.0454988,0.8307168,0.67601573,1.2206995,0.8523839,0.0,1.2829486,0.6300383,0.8930014,1.2558008,1.3393685,1.3113996,1.1397882,1.3418431,1.0906516,1.0765802,1.130363,1.2467488,1.1335565,1.3632858,0.8535187,0.9342953,1.2958577,1.1992264,0.9708956,0.89901257,1.0923576,1.2758505,1.1285977,0.7942989,0.7222601,1.3783112,0.7493506,1.3196374,1.0255804,0.69421935,0.6370252,1.0303513,1.2278752,0.32004762,1.0753196,1.3438911,0.73331475,0.8376155,1.1485655,1.1230053,1.0446267,1.2743639,1.2101637,1.1912264,0.8148415,1.1510315,0.73513275,1.1733353,0.8371396,1.0118299,0.74120903,1.1549501,0.859159,0.8900864,0.5577309,0.94999146,0.77169377,1.1951455,0.9900879,1.2990334,0.83693135,0.8425836,0.89402664,1.0211976,0.5667236,0.9351068,1.248941,1.2473743,1.1741744,0.94523996,1.390971,1.0990937,0.42633736,0.7579096,0.9500248,1.3109088,1.3200984,1.1178021,1.1241418,0.83717036,1.1263698,1.302402,1.328032,0.92981213,1.2424122,0.8899658,1.1114621,0.6805153,1.1325005,0.5463854,1.0919083,0.9198616,1.2829838,0.90327835,1.2669091,0.8381127,1.2970719,1.1679502,0.8425679,1.1053427,0.9677102,1.2695122,1.007502,0.5507957,0.69350696,1.2765315,1.228483,1.2148314,1.2070208,1.2635121,0.9473517,0.8000416,0.9487002,1.0824392,1.1657214,1.2511599,0.8676555,0.66461164
bird,1.0354954,0.5827706,1.3534241,1.029052,0.70401925,0.8099425,1.173504,0.9245742,1.1330409,1.5025418,0.4305719,1.2715516,1.2829486,0.0,1.367048,1.1575265,0.6234602,0.53557795,0.6412629,1.0002221,0.75886506,0.93662053,1.0921223,0.91703224,0.8603406,0.70462257,0.5794761,0.9961572,1.2304541,0.75152194,0.74145484,1.2980599,1.2248647,0.7948879,0.89333534,0.99070036,1.4127097,1.3180743,0.35156262,1.4461023,0.64368355,1.1023259,1.2304785,1.2249134,1.1768965,0.9996702,1.4262767,0.97402906,0.86530006,1.2039373,1.3510109,0.80176854,0.79236996,0.8930754,0.6829666,0.58210087,0.79167366,1.3958309,0.79335994,1.1155083,0.8528142,1.3284115,1.1185807,1.2929624,0.69215196,1.266892,0.9964893,1.4559721,1.2496035,1.450752,0.6154107,1.2186565,0.5372833,1.2805161,1.1551245,1.1890831,1.1050351,1.3880571,1.2569447,0.5653576,0.45694292,0.4004926,1.0198694,0.707726,1.1447976,1.4633514,1.4376758,1.1504275,0.35913968,0.36641967,0.82627684,0.68943065,1.2686682,0.76089084,0.61864066,0.80388224,0.96889764,0.7070926,1.3587464,0.7765492,1.1740497,0.8257353,1.4824226,0.6962224,1.0779808,0.4752863,1.4006097,0.78868544,1.3568099,0.39916325,0.73710406,0.9957529,0.7710767,0.9919611,0.58900106,0.94198936,1.4732311,1.4692601,0.70957696,0.7747663,0.63430065,0.56636196,0.4809456,1.1742607,1.410931,1.065234,0.73507565,0.78024423,0.38310778,1.2514088,1.2163503
blanket,0.78346074,1.4827207,0.5864515,1.1823375,1.3031461,1.2197163,0.80452764,0.87099445,0.6680882,0.19884223,1.3150413,0.45314926,0.6300383,1.367048,0.0,0.81764555,1.1742045,1.4742539,1.3377646,1.0892012,1.2971979,1.0824608,1.1234717,1.2303301,1.1279185,1.1815276,1.438221,0.6037328,0.5328032,1.3098822,1.255993,0.79838717,0.80148125,1.1113763,1.1792903,1.1527195,0.24524415,0.82463914,1.4964637,0.52843356,1.4648526,1.0466084,0.49916697,0.77446914,0.92029804,1.014762,0.5168404,1.184364,1.3225963,0.74616265,0.8244956,1.2600915,1.1870719,1.1491185,1.2646778,1.324116,1.2577193,0.91775614,1.3011127,0.5235737,1.294058,0.875119,1.0731591,0.8406404,1.3163099,0.7796808,0.8752303,0.512059,0.9843373,0.47418964,1.3483422,0.79320604,1.4130505,0.8638108,0.9735281,0.9746732,1.0518278,0.576876,0.9759618,1.3664501,1.2939466,1.3745363,1.099241,1.3664603,0.96704835,0.43530917,0.581877,0.9213762,1.4354357,1.4490433,1.2151548,0.6411607,0.5637376,1.2115113,1.3370264,1.2675004,0.92496645,1.1593333,0.8450888,1.0892434,0.7353767,1.2361159,0.56565136,1.1094711,0.8156094,1.4634044,0.7373823,1.1793554,0.827892,1.3946587,1.2779711,0.87615263,1.2669643,1.059359,1.5007236,1.0946292,0.59263784,0.6093219,1.2942619,1.3062842,1.3140607,1.4339436,1.1654018,1.0262724,0.82235795,0.95730484,1.1999066,1.1944792,1.3750412,0.8112562,0.65858257
boat,0.81971735,1.1959332,0.73902977,1.0800374,1.061603,1.1719978,1.0708318,0.9522223,0.88461024,0.60879636,1.0673215,0.9116509,0.8930014,1.1575265,0.81764555,0.0,1.1383203,1.2653296,1.2022513,1.0006295,1.2914157,1.1042247,1.1114632,0.9855246,1.1566207,1.1174684,1.317588,0.9187785,0.90048283,1.2875261,1.1877749,0.92746085,1.0031098,1.178735,1.2012377,0.9549337,0.76976335,0.76584554,1.1204659,0.6456696,1.228419,1.1192522,0.7586525,0.85791147,0.9676909,1.0518973,0.7513375,1.1591295,1.2010365,0.6661173,0.8094407,1.2023072,1.0630916,1.0710068,1.2032876,1.1743239,1.0823808,0.908484,1.0465728,0.98643917,1.167553,0.88357115,1.1893696,0.94312257,1.139201,0.49293113,1.1658328,0.78639936,0.96236897,0.7474899,1.1605853,0.7607328,1.1924686,0.8166639,0.95398366,1.1439726,1.0279928,0.8754144,1.0696609,1.0510124,1.2469866,1.189683,1.0909802,1.2667544,1.1259259,0.75608784,0.8636452,1.0104073,1.1320322,1.149462,1.1947044,1.1510127,0.9757264,1.2173083,1.1749213,1.2563492,1.0928192,1.1193635,0.88618743,1.2376802,1.0382799,1.1240131,0.7276714,1.0524541,0.93870354,1.19744,0.8843986,1.1621734,0.717333,1.1416011,1.2704723,1.0482644,1.2504008,1.0819981,1.1884838,1.0945321,0.70910096,0.7244303,1.1827438,1.0387456,1.1378564,1.0562181,1.2571745,0.8793298,0.7393209,0.9486434,1.0310663,1.0495622,1.1018417,0.88365686,0.72571033
book,1.1410428,0.75457215,1.3583388,1.0426157,0.89125,0.9515456,0.8094163,0.71508163,1.2227229,1.233453,0.5390241,1.0278225,1.2558008,0.6234602,1.1742045,1.1383203,0.0,0.52176046,0.5451414,0.50614977,0.89943886,0.7791779,0.9115342,1.0492693,0.6349208,0.6745359,0.814402,1.2453567,1.0353653,0.82693064,0.9315013,1.2115827,0.88061076,0.8685185,0.74298966,1.0134807,1.1872494,1.4118755,0.55621684,1.0863408,0.66385084,1.0364724,1.3250206,1.065011,1.1417593,0.7587277,1.3308485,0.97728467,0.95584077,1.3589679,1.2839069,1.0836937,0.76185596,0.94910926,0.80060726,0.74965495,0.8497386,1.2706239,0.9160167,1.0903361,0.8286642,1.2789135,1.1385548,1.3375611,0.81231415,1.3681257,1.0039737,1.3822608,1.1106707,1.3253255,0.770846,1.1239709,0.8040044,1.2450663,1.1026958,1.1997126,0.9826802,1.2753608,1.3579757,0.79100025,0.73290604,0.7306521,1.0793375,0.82230115,1.0828013,1.3263394,1.3650053,0.60098094,0.5540369,0.6274003,0.92348886,0.63680494,1.0487192,0.9138429,0.50886357,0.8740222,0.8018028,0.49045885,1.0718558,0.8625785,1.2507857,0.7101215,1.41304,0.810725,0.99589497,0.8014803,1.3161004,0.7238561,1.2363125,0.6517786,0.8771181,0.91576225,0.8377555,1.2311995,0.7817475,1.0686623,1.4156665,1.0916132,0.601148,0.9538115,0.8900096,0.8248963,0.73464704,0.910574,1.0241021,1.1194253,0.8208563,0.7637054,0.6814359,1.1487526,1.3084148
bottle,1.3087867,0.52560914,1.4771699,0.9872967,0.6916251,0.88353544,0.89217526,0.9628424,1.3533802,1.5033528,0.5660142,1.2724108,1.3393685,0.53557795,1.4742539,1.2653296,0.52176046,0.0,0.5255627,0.68345183,0.77691394,0.8663696,0.63298047,0.93329835,0.68182147,0.6880559,0.59645045,1.300668,1.1569409,0.8840064,0.83799934,1.1452942,1.0844151,1.0226356,0.93161106,1.051573,1.3901377,1.4374205,0.46421838,1.3945594,0.20521176,1.1411538,1.4900341,1.1511772,1.0735248,1.0084317,1.4134784,0.9606538,0.824738,1.4140189,1.344388,0.9004946,0.915643,0.8747034,0.7585182,0.90382737,0.9680819,1.1615267,0.86635983,1.1681048,0.78619194,1.3051057,1.121423,1.3841558,0.66730714,1.405904,1.0526415,1.4408095,1.0418755,1.4690459,0.77563095,1.2154127,0.6116602,1.1986215,1.1848958,1.1082041,0.85793495,1.4454135,1.2986828,0.5649335,0.48219764,0.60344523,1.0976713,0.63321924,0.9438946,1.4682554,1.4281602,1.0127703,0.6064079,0.65384257,0.91834307,0.74806213,1.1585306,0.6715804,0.7205992,0.7202573,0.8597032,0.5311829,1.1000524,0.8732265,1.1755564,0.94317454,1.4820415,0.81908053,1.0649767,0.46598822,1.2423882,0.5810833,1.3144901,0.5552138,0.58581764,1.0394714,0.91300917,1.1007686,0.5406129,0.7550333,1.4525062,1.3033018,0.6000102,0.84809804,0.7090135,0.6177659,0.53516877,1.0560914,1.3396215,1.1428133,0.6924593,0.703753,0.49720955,1.232347,1.3058633
bowl,1.2427094,0.490721,1.5006294,0.74432474,0.5991522,0.6491269,0.8896794,0.9277475,1.2414556,1.4153355,0.57899296,1.3159778,1.3113996,0.6412629,1.3377646,1.2022513,0.5451414,0.5255627,0.0,0.62660146,0.65600836,1.0999715,0.7433281,0.95326024,0.65563065,0.7148429,0.6438538,1.2631004,1.2686156,0.8872543,0.77321494,1.2615099,1.1108273,1.0990486,0.84817827,0.9139771,1.3816826,1.3870096,0.47661442,1.3072627,0.34398305,0.8589571,1.4780914,1.1458404,1.2364511,1.0691863,1.4789655,1.0104415,0.7139978,1.3226743,1.3189185,1.0636398,0.7283845,0.965367,0.858948,0.83130455,0.7239015,1.1727167,0.8233008,1.098835,0.47148067,1.3011098,1.0548242,1.386452,0.5898322,1.359755,1.1648088,1.489425,1.0935792,1.4577549,0.7662263,1.3407681,0.6003806,1.3086371,1.1994301,1.0387274,1.0011916,1.2316794,1.160565,0.556797,0.7379329,0.74021846,1.0989249,0.54048353,1.0297332,1.4723214,1.4737577,1.1066762,0.5753801,0.673012,0.9018506,0.75047195,1.2071017,0.8537867,0.32219648,0.62472403,0.9377807,0.74206483,1.3074832,0.89093566,1.2824259,0.79093,1.5025384,0.79474545,1.0996137,0.50770104,1.3363779,0.65140873,1.2140635,0.57253194,0.62286866,1.0767103,0.81865364,0.9904635,0.6065554,0.9506482,1.4696233,1.2992972,0.045762062,0.8919078,0.78200436,0.62420255,0.78601825,0.8556421,1.1378148,1.1226276,0.7813898,0.93981296,0.58897054,1.3457505,1.3412522
box,1.1372551,1.0575689,1.2560301,0.9395383,0.94022727,0.92689455,0.41433167,0.822219,1.231242,1.0310105,0.96869165,0.92806077,1.1397882,1.0002221,1.0892012,1.0006295,0.50614977,0.68345183,0.62660146,0.0,1.0767822,0.90117925,0.5037577,0.87222147,0.50966924,0.8892875,1.0864414,1.3359412,0.97179896,1.1559916,1.0941325,1.0328132,0.84441274,1.1304228,1.0512581,0.88852555,1.0933254,1.2331843,1.0233252,0.82354987,0.65485495,0.9493236,1.3171983,0.92594147,1.0262911,0.79588234,1.1685033,1.2930981,1.1025445,1.2775759,1.180112,1.2560431,1.1741018,0.91364014,1.1998447,0.96289504,0.88690054,0.9292297,1.2287977,0.97394425,0.85666597,1.2258127,1.0673176,1.2257733,1.0039692,1.224565,1.0352215,1.1937041,0.94247085,1.2187872,0.7979337,0.92031693,1.0044818,1.1249908,1.1289688,0.9661913,0.6511495,0.9454718,1.0878725,1.1191643,1.153982,1.2021629,1.2012625,0.94621956,0.7927754,1.192563,1.2573789,0.73373145,1.0490685,1.0792812,1.2174559,0.97701085,0.9328305,0.8664885,0.7960452,0.87711525,0.5895875,0.6302962,0.8465564,1.0888993,1.1689639,0.80177915,1.2447422,0.8771653,1.0066392,0.8596365,1.1009294,0.5914219,0.9186868,1.0841612,0.9685079,1.037508,0.86082447,1.0008824,1.0337005,0.9746091,1.2133414,0.8329611,0.65717024,1.229491,1.2123744,1.0016878,1.1279359,0.64906913,0.625237,1.0025084,0.8264836,0.7852324,1.140347,1.1250697,1.2108514
bread,1.0771072,0.5484373,1.2783731,0.75530905,0.81011176,0.38943994,1.190023,1.3816711,1.1004063,1.4627237,0.8980206,1.4235666,1.3418431,0.75886506,1.2971979,1.2914157,0.89943886,0.77691394,0.65600836,1.0767822,0.0,1.3238912,1.1537502,0.7737811,1.0499065,0.9605154,0.3916769,1.2726758,1.476913,0.45613456,0.7621966,1.3496575,1.2983252,1.0025289,0.44474947,0.6846908,1.406523,1.0987858,0.6506875,1.4674382,0.76584136,0.7743722,1.1474105,1.1109953,1.3564358,1.2008387,1.4535569,0.6940321,0.41603625,1.2348326,1.146078,0.7312082,0.7274699,1.0389614,0.56063163,0.9462272,0.7188618,1.2847829,0.68462527,1.0310761,0.6042556,1.0805482,0.5305455,1.0719233,0.5449655,1.2231814,1.2490873,1.3713111,1.1277611,1.3739043,0.8961312,1.4070361,0.79860735,1.2335937,0.9424409,1.0652692,1.1654246,1.1957551,0.7544915,0.6898796,0.71000123,0.7808808,0.7836405,0.39648223,1.2679262,1.4210902,1.3723185,1.1276873,0.7538456,0.7545235,0.60847825,0.83574235,1.1736944,1.0085526,0.60324275,0.39032292,1.152522,1.001821,1.3914268,0.9235827,1.2626524,0.90381587,1.4158452,0.8889109,1.1975235,0.7365782,1.4223543,1.0043132,1.2824917,0.6248078,0.597889,1.2246523,0.98632497,1.0554131,0.5908571,1.0254021,1.3996361,1.433404,0.6741501,0.62075233,0.6518082,0.710406,0.64805096,0.96216255,1.235993,1.2126646,1.0061344,1.2989041,0.7101766,1.434704,1.3528451
broom,0.99898976,1.1419612,1.067429,1.1048332,1.0761127,1.3179686,0.89389634,0.6767255,1.1459343,1.0592602,0.9566353,0.8210294,1.0906516,0.93662053,1.0824608,1.1042247,0.7791779,0.8663696,1.0999715,0.90117925,1.3238912,0.0,0.89730465,1.1792333,0.8006919,1.0095246,1.1006272,1.0459197,0.8358056,1.0558112,1.0610949,0.91818583,0.8301003,0.8224233,1.0715165,1.0993135,1.006093,1.141709,0.9510627,0.974876,0.9675499,1.1966289,1.1239117,1.0939045,0.7805859,0.5376078,1.0624719,0.947861,1.1929753,1.1542813,1.1071316,0.91742826,1.0134159,1.0214558,1.0364027,0.69102323,1.0946606,0.9981445,1.152214,1.0484636,1.1381739,1.0954287,1.1602975,1.0728168,1.2294934,1.1437612,0.7358717,1.102085,0.9491193,1.007759,0.77807623,0.7613208,0.959944,0.9829185,1.0422889,0.9437243,0.9895892,1.0785013,1.1914476,1.1319699,0.9354827,0.96529317,1.0353103,1.205367,0.8322698,1.0394537,0.96139425,0.801778,0.8636221,0.81686234,1.030455,0.8712173,1.0651766,0.89387345,1.07597,1.2237463,0.8237361,0.8880383,0.8484245,0.94011605,0.9351695,0.8195139,1.0557188,1.0460525,0.9691865,0.97682315,0.84600866,0.8163808,1.0730389,1.0815231,1.1032003,0.7778517,0.7270132,1.066818,1.089074,1.0196594,1.1009431,0.9284864,1.0961527,1.0910099,1.079174,0.99985963,0.9342951,1.1123703,1.0693328,1.0219018,1.0254462,0.30687082,1.1116098,0.8902416,1.0742537
bucket,1.1285456,1.1534972,1.2006427,1.016652,0.97923124,0.94758457,0.5925546,0.8962783,1.1913809,1.075829,1.058327,0.9433433,1.0765802,1.0921223,1.1234717,1.1114632,0.9115342,0.63298047,0.7433281,0.5037577,1.1537502,0.89730465,0.0,0.96647376,0.4205705,0.9496074,1.1606025,1.2373894,0.9170447,1.171623,1.0719321,1.0265831,0.85873127,1.0275913,1.142791,1.0652995,1.0603327,1.1364985,1.1852834,0.88418454,0.42456406,0.9109477,1.2427807,0.9247985,1.0063202,0.9827691,1.0913368,1.2440429,1.1879485,1.2313745,1.1681598,1.2275324,1.3014867,0.89712507,1.2081308,1.0482932,1.055831,0.6697809,1.2990751,1.0008118,1.0648198,1.1809955,1.0543805,1.1827064,1.1122545,1.1812205,0.88033956,1.1202042,0.6766324,1.1099701,0.9437932,0.9493836,1.0069804,1.0379685,1.1260782,0.86418724,0.45053482,0.93965423,1.0487585,1.2269073,1.1395763,1.2042668,1.2101076,1.0804734,0.5396557,1.1230754,1.1046054,0.9579613,1.1809757,1.194978,1.2551787,1.1206728,0.9932156,0.7234823,0.98419064,1.0169373,0.74683404,0.82537997,0.75621885,0.974487,1.0347468,0.9223351,1.1572723,0.9467644,0.9405229,0.7778177,0.99601984,0.61156625,0.8825631,1.2121255,0.94839025,0.95388937,0.81822586,0.82086575,1.1424474,0.73567414,1.09715,0.83448595,0.8170378,1.2969153,1.3176284,1.1521646,1.1470431,0.7923411,0.8565854,0.9687681,0.9226879,0.8060905,1.2054813,1.0602124,1.1824994
butterfly,0.8301996,0.8735,1.2468629,0.7230928,0.8757208,0.7215332,0.95856065,1.2123404,1.1355155,1.1934911,1.0101231,1.2825487,1.130363,0.91703224,1.2303301,0.9855246,1.0492693,0.93329835,0.95326024,0.87222147,0.7737811,1.1792333,0.96647376,0.0,1.0065633,0.9153646,0.9902913,1.1797773,1.2202637,0.97731096,0.9153568,1.0813757,1.1938391,1.1665803,0.88253397,0.6565994,1.2295226,0.98671097,1.0102282,1.1451776,0.92339236,0.8831712,1.1098181,0.94358045,1.0786536,1.0850668,1.1041888,1.1658406,0.92979383,1.1517735,1.043398,1.1825931,1.1406808,0.77535313,1.1119381,1.0213016,0.5604087,1.0616205,1.068153,1.1840765,0.92601115,1.0466537,0.86350626,1.2529917,0.8328581,1.1039485,1.2626599,1.1483614,1.0603197,1.2637396,0.89973426,1.103999,0.9347157,1.1118678,1.1600757,0.9513239,0.7738146,1.130012,0.7496433,1.0214655,1.0921515,1.050562,1.069753,0.84750926,1.0005062,1.1858476,1.2545477,0.90080035,1.0986251,1.0896928,0.9902618,1.1844798,1.1249763,0.7103003,0.9097638,0.7532939,0.91952074,0.9014153,0.96215177,1.098473,1.0894338,0.82799083,1.1970804,0.9373391,1.1427324,0.8338046,1.0980239,1.0104222,0.97717917,1.0369501,1.0297158,1.2506528,0.96620363,0.98472065,0.8909586,0.92965245,1.1271049,1.0625598,0.94015896,1.0822631,1.0843872,1.0879823,1.0692178,0.7502389,0.898144,0.85036373,0.8474262,1.0368627,1.0424907,1.1231991,1.1370666
can,1.1436346,0.9640352,1.3175826,1.0519592,0.9444028,0.9324684,0.5837547,0.65984374,1.2028837,1.1346909,0.7734029,0.87470174,1.2467488,0.8603406,1.1279185,1.1566207,0.6349208,0.68182147,0.65563065,0.50966924,1.0499065,0.8006919,0.4205705,1.0065633,0.0,0.89010715,0.970862,1.2346084,0.81653386,0.9902741,1.0032667,0.9803899,0.96680945,0.9512681,1.0306317,0.97687984,1.072133,1.3196759,0.91365826,0.8512188,0.5580878,0.87145376,1.3453599,0.9957628,0.9011381,0.7525888,1.2649885,1.1500578,1.1118878,1.338224,1.2983893,1.1635939,1.1067586,0.980975,0.9947729,0.96454984,0.9441206,1.0801811,1.1867287,0.96263885,1.0504007,1.2958689,1.1803708,1.306469,0.978145,1.3171544,0.93733025,1.2431011,1.0095218,1.1894298,0.9225235,0.8852537,0.89949673,1.171374,1.1871585,1.0924479,0.8600815,1.1266321,1.227901,1.0746799,0.885201,0.9732651,1.1896882,0.9564613,0.5626069,1.2159793,1.1549904,0.9906397,0.93997127,0.91744167,1.0380603,0.84751123,1.0328727,0.8371395,0.85214126,0.9700231,0.6522766,0.64193594,0.89117897,0.86317265,1.0351412,0.8637903,1.3312936,0.82239217,0.8853735,0.7167604,1.0257612,0.57643646,0.83438075,0.9503901,1.0307493,0.92406714,0.8690406,0.9499388,0.9914653,0.8158383,1.3382509,1.1121204,0.72839725,1.1407634,1.1784564,1.0840827,0.8713529,0.75371397,1.0528104,1.0586315,0.9180418,0.6831598,1.0027657,1.1102525,1.2217739
car,1.1951045,0.79137045,1.3391552,0.99107563,0.80795944,0.9343424,0.970401,0.8190841,1.2042277,1.1989778,0.8307222,1.1096251,1.1335565,0.70462257,1.1815276,1.1174684,0.6745359,0.6880559,0.7148429,0.8892875,0.9605154,1.0095246,0.9496074,0.9153646,0.89010715,0.0,0.9495251,1.0577766,0.997059,1.070911,0.9358748,0.97913873,1.0605832,1.0409814,1.0254546,1.1664146,1.1331663,1.2979503,0.8178758,1.1535883,0.7527633,1.1162022,1.2011983,1.0149001,0.9851543,1.0644433,1.1825966,1.1091846,1.0564022,1.1392293,1.1016947,1.1503767,1.003536,0.7156536,1.0723636,0.8859267,0.9218396,1.1381505,0.9685274,1.1549631,1.0465088,1.0813247,1.1052563,1.3327327,0.7816241,1.189133,1.1513548,1.2732726,1.0879159,1.2856436,0.7633718,1.0822958,0.74182844,1.1522937,1.1797078,1.0539485,0.9104764,1.2571561,1.1245481,0.8212999,0.8608437,0.90689564,1.0566592,0.8941735,0.9700791,1.2175013,1.275804,1.0508295,0.85512996,0.95116115,1.1666859,0.8261639,1.0714549,0.6666467,0.7875073,0.8919862,0.88821244,0.7688548,1.0608913,0.84019125,1.098531,1.0010141,1.2464064,0.80545855,1.1055685,0.76941323,1.1038592,0.8109069,1.0002558,0.8578851,0.9074493,1.113775,0.8926436,1.0576633,0.8780714,0.8710909,1.2465259,1.1808451,0.77193916,1.0912089,0.8574835,0.9033849,0.8246397,0.99135613,1.1754436,0.7979286,0.43074787,0.84148455,0.77316016,0.87437195,1.1254228
carrot,1.1583647,0.36507952,1.3597581,0.85727537,0.717462,0.6901846,1.2131373,1.2189025,1.1350275,1.5762117,0.613987,1.4275376,1.3632858,0.5794761,1.438221,1.317588,0.814402,0.59645045,0.6438538,1.0864414,0.3916769,1.1006272,1.1606025,0.9902913,0.970862,0.9495251,0.0,1.2200606,1.409812,0.41539937,0.77618456,1.3014684,1.3171734,0.9337262,0.7447308,0.77198344,1.4767406,1.2274129,0.38802254,1.5448803,0.65377843,0.93576694,1.3618993,1.1729093,1.2479203,1.1151676,1.5143111,0.68767273,0.37817574,1.2721459,1.2784569,0.56076247,0.6683208,0.9911348,0.45022297,0.8547269,0.81333387,1.3532288,0.67062926,1.1206235,0.6510275,1.2279234,0.8472558,1.0714118,0.6464487,1.3112586,1.1687485,1.4366356,1.2209814,1.3845198,0.8272115,1.3578973,0.6778701,1.2180758,1.0499489,1.1487283,1.1877333,1.3616967,1.0964928,0.48671114,0.4981603,0.49133712,0.80218583,0.2624526,1.2131693,1.452426,1.3481543,1.17249,0.50061953,0.47264874,0.57375574,0.8221598,1.2530222,0.94793636,0.65302134,0.41193455,1.1901654,0.92388695,1.4211615,0.8817912,1.2373141,0.9465364,1.4544759,0.94557905,1.1007053,0.7006492,1.4033988,0.94561905,1.3169221,0.44731545,0.6040252,1.1354196,0.9763421,1.1050537,0.38996774,1.0222745,1.4758676,1.5332637,0.6660729,0.50973797,0.49458784,0.5737917,0.526005,1.0744946,1.3795962,1.2008085,0.92484564,1.0262021,0.5100172,1.3577429,1.3026347
cat,0.7987768,1.2155986,0.71102977,1.1960576,1.0941871,1.1706156,1.1828097,0.73005724,0.59083307,0.6880698,0.9377872,0.7703178,0.8535187,0.9961572,0.6037328,0.9187785,1.2453567,1.300668,1.2631004,1.3359412,1.2726758,1.0459197,1.2373894,1.1797773,1.2346084,1.0577766,1.2200606,0.0,0.743487,1.0906644,1.0075395,0.83319646,1.0102181,0.9058762,1.1812633,1.1650085,0.68343675,0.87850237,1.1233606,0.8938005,1.3682408,1.2106262,0.49665225,1.1450739,0.77781856,1.0636479,0.7599168,1.0915729,1.2466966,0.47221017,0.91367435,1.0885696,1.0077752,1.167528,1.0657859,1.1321157,1.1294568,1.1329731,1.011209,1.0147513,1.2622825,0.89955026,1.1790417,0.97622234,1.1438365,0.6023625,0.7584746,0.8050147,1.2026887,0.6848261,1.2138535,0.92163587,1.0476601,0.972035,1.0650117,1.063597,1.1331735,1.0204513,1.1297965,1.042894,1.0407197,0.96153045,1.0935435,1.2189806,1.0982292,0.7499465,0.694049,1.1742625,1.0162524,1.0777528,1.1271554,0.86830544,0.8082964,1.111085,1.2848227,1.248555,1.1613486,1.1229521,1.0395803,0.91743547,0.84609735,1.2527938,0.6746105,1.0692232,0.93267,1.2647922,0.826563,1.1267817,0.91912454,1.0512129,1.1887107,0.8823308,1.1823916,1.0718027,1.2661718,1.0346122,0.74625885,0.99484104,1.2073171,1.1206763,0.98358667,1.2426782,1.0647595,1.338021,1.2137954,0.88405806,1.1317368,1.0917773,0.97679913,0.69345075,0.60448164
chair,0.95395863,1.4064655,0.76838285,1.2782001,1.2403989,1.3446339,0.80114305,0.5382554,1.0019349,0.42042255,1.0644536,0.23129678,0.9342953,1.2304541,0.5328032,0.90048283,1.0353653,1.1569409,1.2686156,0.97179896,1.476913,0.8358056,0.9170447,1.2202637,0.81653386,0.997059,1.409812,0.743487,0.0,1.2562348,1.2273782,0.4388271,0.62119037,1.0444977,1.2393496,1.2788292,0.23480606,1.0862634,1.3417063,0.43882716,1.2151353,1.1543614,0.7945129,0.97410333,0.5223379,0.6628806,0.7186581,1.1854963,1.3998227,1.0225847,0.9199306,1.295373,1.2520447,1.0038399,1.2191532,1.2047092,1.3191519,0.9647096,1.3306193,0.8674289,1.4632757,0.95032656,1.2744882,1.0590173,1.2654347,0.9981504,0.910175,0.66708404,0.98761946,0.56036603,1.2580936,0.4007604,1.1984588,0.93507016,1.1107275,1.0327594,1.0433006,0.9077379,1.1158731,1.3401668,1.1344149,1.1931132,1.2082099,1.3657302,0.71137625,0.7624359,0.5714569,0.9579011,1.3060133,1.2836334,1.2629693,0.79081416,0.80120283,0.9690189,1.3381083,1.3526495,0.8051293,0.94959354,0.6504997,0.95574987,0.77852976,1.1922388,0.6713959,1.1717572,0.7502749,1.1746264,0.57452476,0.8868895,0.7931837,1.3398633,1.3690991,0.93792576,1.2046283,1.068303,1.4123065,0.9642249,0.72513294,0.64272505,1.2676319,1.3774714,1.3546889,1.3883215,1.105223,1.0757431,0.930763,0.97061193,1.1119745,0.8862945,1.2568477,0.50192195,0.82769
