,zebra,giraffe,deer,pony,horse,pig,rooster,penguin,bird,duck,fish,butterfly,frog,alligator,owl,elephant,bear,cat,dog,face,hair,arm,hand,leg,foot,ankle,finger,toe,tooth,ear,nose,eye,mouth,stroller,motorcycle,tricycle,truck,car,lamp,chair,bench,drawer,ladder,window,door,closet,shower,refrigerator,oven,crib,bed,couch,table,bathtub,sink,boat,slide,hose,sprinkler,swing,grass,tree,snow,helicopter,firetruck,clock,ball,balloon,pumpkin,egg,orange,apple,potato,strawberry,hat,slipper,watch,nail,raisin,glasses,necklace,carrot,vacuum,broom,mop,stick,shovel,scissors,spoon,fork,knife,pencil,pen,crayon,plant,flower,soap,bottle,cup,can,belt,radio,basket,milk,jar,bucket,tape,bowl,plate,corn,pickle,banana,melon,bread,cookie,toast,cracker,sandwich,chips,pizza,hamburger,muffin,pastry,meat,pasta,sauce,soup,applesauce,glass,coffee,dish,tray,box,book,paper,rock,comb,toothbrush,gum,toy,doll,mitten,glove,sock,shoe,purse,pillow,towel,napkin,blanket,dress,pajamas,bib,scarf,coat,jacket,sweater,shirt,jeans,pants,shorts,cloud,game
zebra,0.0,0.8484405875205994,1.0844744443893433,1.106626033782959,0.8359488248825073,0.9835625290870667,1.1099048852920532,1.1785682439804077,1.0095953941345215,1.0440449714660645,1.1628412008285522,1.0413118600845337,1.1025292873382568,0.7914513945579529,0.8192864060401917,0.66250079870224,0.8238166570663452,0.6904892921447754,0.9834246635437012,0.7671394944190979,0.7943342328071594,0.5446372628211975,0.8945702910423279,0.9298760890960693,0.9882466197013855,0.991084098815918,1.0960795879364014,1.124803066253662,1.1862831115722656,1.151114583015442,1.0400394201278687,1.1908754110336304,1.0890945196151733,0.871134877204895,0.9572089910507202,,1.0286989212036133,0.9072808027267456,1.0176684856414795,0.6603163480758667,0.6306199431419373,0.8992627263069153,0.6599836945533752,0.5974043011665344,0.7408627867698669,0.731012225151062,0.8641576766967773,0.8138924241065979,1.027197003364563,0.6965125799179077,0.5814902782440186,0.6802624464035034,0.675755500793457,0.7128958702087402,0.8021848201751709,0.8485316038131714,0.7226622104644775,1.00675630569458,1.1401762962341309,0.914386510848999,0.8890156745910645,0.8731608390808105,0.7452727556228638,,,1.1572282314300537,1.1629574298858643,1.1271122694015503,1.1181552410125732,1.1650915145874023,1.1842217445373535,1.2199698686599731,,1.2132564783096313,1.0042212009429932,1.2275290489196777,1.210883378982544,1.2346174716949463,1.190765619277954,1.1153697967529297,1.0827738046646118,1.2166111469268799,0.9800284504890442,1.0236198902130127,,1.031996250152588,0.98641037940979,1.067908763885498,1.1170525550842285,1.1006898880004883,0.9833112359046936,1.218155860900879,1.2677816152572632,1.3149454593658447,1.1206775903701782,1.1277384757995605,1.230190634727478,1.1896822452545166,1.2010672092437744,1.1883200407028198,1.061231017112732,1.1789958477020264,1.0546631813049316,0.9967658519744873,1.0711312294006348,1.1029587984085083,1.221908450126648,1.1215789318084717,1.024855613708496,1.0089627504348755,1.112147331237793,1.087773084640503,1.0098707675933838,1.171797513961792,1.1886266469955444,,1.1097209453582764,1.0433779954910278,0.9551252126693726,1.0268551111221313,1.0801031589508057,1.0759843587875366,1.0974043607711792,0.8822758197784424,,1.0917900800704956,1.1164608001708984,0.9734383225440979,0.9760535359382629,1.1531219482421875,1.0446021556854248,0.9495322704315186,0.9296562671661377,1.0332759618759155,0.8291096091270447,0.7818342447280884,0.8454200625419617,1.023552656173706,1.2328567504882812,1.0776287317276,0.929818868637085,0.8172847032546997,0.8873411417007446,0.8326195478439331,0.8765620589256287,0.9525238275527954,0.7891197204589844,0.9448684453964233,1.0153868198394775,0.5640677213668823,0.6152715086936951,0.5445492267608643,0.6454347372055054,0.6797910928726196,0.5521802306175232,0.47438669204711914,0.5549346804618835,0.5809857845306396,0.5801663398742676,0.6115428805351257,0.6879125833511353,,0.9490781426429749
giraffe,0.8484405875205994,0.0,0.8581447601318359,0.8487536907196045,0.588809072971344,0.8702287077903748,1.018650770187378,1.0230658054351807,0.9697871208190918,0.9381816387176514,1.0372956991195679,0.9762257933616638,0.9945024251937866,0.6847821474075317,0.8157526254653931,0.5709233283996582,0.8935696482658386,0.7325893640518188,0.7723459005355835,0.8948454856872559,0.9038330316543579,0.9123467206954956,0.9970303773880005,1.0303219556808472,1.0270442962646484,1.1115738153457642,1.1371990442276,1.1570430994033813,1.15938138961792,1.0859912633895874,1.0479816198349,1.090144157409668,1.0870718955993652,0.8730129599571228,0.8885447382926941,,0.9371809959411621,0.6959541440010071,0.9763745665550232,0.899887204170227,0.8509902954101562,0.9900398254394531,0.8496178984642029,0.8866977691650391,0.9646036624908447,0.960620105266571,0.8719218969345093,0.9258760213851929,1.0128875970840454,0.6834737062454224,0.7447651624679565,0.8624516725540161,0.9106960296630859,0.8714724183082581,0.928901195526123,0.8712494969367981,0.7671607732772827,0.9229188561439514,1.0557247400283813,0.9085390567779541,0.9286907911300659,0.915631115436554,0.5760309100151062,,,1.091198444366455,1.0787042379379272,1.0654335021972656,0.9902147054672241,1.0992865562438965,1.0961990356445312,1.1261343955993652,,1.119659662246704,0.9707818031311035,1.169576644897461,1.1964900493621826,1.185806155204773,1.1304466724395752,1.04741632938385,1.070745587348938,1.0688714981079102,0.9255029559135437,0.9785873889923096,,0.9571452140808105,0.9461503028869629,0.9112404584884644,1.0602360963821411,1.0707426071166992,0.9633917212486267,1.1267942190170288,1.1759366989135742,1.20882248878479,1.0841083526611328,1.0929749011993408,1.1415247917175293,1.0768990516662598,1.132173776626587,1.099247932434082,1.0658483505249023,1.0442290306091309,0.9212291836738586,1.005838394165039,0.9846921563148499,1.0374610424041748,1.1329752206802368,1.0548285245895386,1.009036898612976,0.960756778717041,1.0971457958221436,0.9963887929916382,1.0132025480270386,1.065079689025879,1.0730100870132446,,0.9875555634498596,0.9211962223052979,0.9557069540023804,0.9682230949401855,1.0464245080947876,1.0286555290222168,1.0547627210617065,0.9309141039848328,,1.0204544067382812,1.0688337087631226,0.980623185634613,0.8051729202270508,1.0693385601043701,0.9158965945243835,0.9342964887619019,0.9044051766395569,1.008919358253479,0.8922572135925293,0.9031374454498291,0.6018216609954834,0.9482276439666748,1.1539145708084106,0.9781461358070374,0.9112322330474854,0.9440228939056396,1.0227344036102295,1.0748560428619385,0.8971121311187744,0.9406554102897644,0.964671790599823,1.062467098236084,1.0592517852783203,0.8295571804046631,0.8867803812026978,0.8753206133842468,0.8754996657371521,0.9511207938194275,0.8344501256942749,0.7883048057556152,0.8969950079917908,0.8796034455299377,0.8995688557624817,0.9222769737243652,0.9655463695526123,,0.9499295353889465
deer,1.0844744443893433,0.8581447601318359,0.0,0.2906959056854248,0.5924086570739746,0.5466737747192383,0.7401522397994995,0.8321467041969299,0.660932183265686,0.6381111741065979,0.9029443860054016,0.8481993079185486,0.8746696710586548,0.753471851348877,0.9839839339256287,0.9586761593818665,1.0443979501724243,0.8831455111503601,0.376056432723999,1.0611450672149658,1.0590306520462036,1.1648025512695312,1.1302965879440308,1.0267921686172485,0.8865508437156677,1.0320241451263428,1.0887175798416138,1.0596648454666138,1.015029788017273,0.9357109665870667,1.0064160823822021,0.9584545493125916,1.0380897521972656,0.9469331502914429,0.9072263240814209,,0.9579948782920837,0.9919446706771851,0.9433060884475708,1.0752415657043457,1.100989580154419,1.1585930585861206,1.0463297367095947,1.0589864253997803,1.069772720336914,1.0670021772384644,1.0682628154754639,1.078378677368164,1.0777865648269653,1.072166919708252,1.1238536834716797,1.0763710737228394,1.1366503238677979,1.0833929777145386,1.0897916555404663,1.0267927646636963,1.0453156232833862,0.8573778867721558,0.8854474425315857,0.9592044949531555,1.0094190835952759,0.97648686170578,1.066491723060608,,,0.8703700304031372,1.0500544309616089,0.9955278038978577,0.9493120908737183,1.037778615951538,0.9887281656265259,0.9692306518554688,,0.9640671014785767,1.0188273191452026,0.9837406873703003,1.034645676612854,1.0210078954696655,0.9455324411392212,0.9833625555038452,0.9924607872962952,1.0987217426300049,0.8722460865974426,0.8693119287490845,,0.9138455986976624,0.9102683067321777,0.8991690874099731,0.9346015453338623,0.9287718534469604,1.0040203332901,0.9622031450271606,0.9902064800262451,0.999261200428009,0.9461838006973267,0.9035674333572388,0.9348303079605103,0.9872940182685852,1.023789882659912,1.0681434869766235,1.0702590942382812,1.0105375051498413,0.9807111024856567,1.0326261520385742,1.0179846286773682,1.054678201675415,1.0279836654663086,1.0308974981307983,1.041214108467102,1.0095539093017578,1.0306811332702637,0.9842552542686462,1.045043706893921,0.9059227108955383,0.926666259765625,,0.8472382426261902,1.012784481048584,0.993840754032135,1.0037719011306763,0.9623520374298096,0.9383946657180786,0.9959670901298523,1.0598993301391602,,0.9558980464935303,0.9998253583908081,1.0226775407791138,1.046158790588379,0.992598831653595,1.002197504043579,1.0326364040374756,1.1018967628479004,1.0911871194839478,1.0915414094924927,1.0527971982955933,1.0244662761688232,0.9717845916748047,1.0697423219680786,1.010438323020935,0.9648624062538147,1.1224563121795654,1.1291301250457764,1.165596604347229,1.0107346773147583,1.0539571046829224,1.1199474334716797,1.1118583679199219,1.0960148572921753,1.1570900678634644,1.0527429580688477,1.1238229274749756,1.1156201362609863,1.0675997734069824,1.0435429811477661,1.1063796281814575,1.096814513206482,1.085147500038147,1.1091387271881104,1.0902538299560547,1.111710548400879,,1.0418705940246582
pony,1.106626033782959,0.8487536907196045,0.2906959056854248,0.0,0.3741486668586731,0.5242102742195129,0.7731278538703918,0.8364497423171997,0.6694033145904541,0.7688045501708984,0.9358644485473633,0.8850364089012146,0.9260281324386597,0.7006770372390747,0.941107988357544,0.8624556064605713,1.050944447517395,0.7926017045974731,0.21686846017837524,0.9927273392677307,0.9917189478874207,1.0660820007324219,1.0590996742248535,0.9163675904273987,0.7833255529403687,1.0571300983428955,1.0359234809875488,0.9922094941139221,0.9643694758415222,0.8742886781692505,0.9708070755004883,0.9590839147567749,0.97926265001297,0.9322220087051392,0.9223074316978455,,0.9655968546867371,0.9410565495491028,1.0620274543762207,1.0051301717758179,1.0039795637130737,1.1199297904968262,0.9930307865142822,1.0090632438659668,1.02358877658844,1.0072410106658936,1.0299016237258911,1.0438305139541626,1.0370454788208008,1.0004141330718994,1.0212544202804565,0.989682674407959,1.0490802526474,1.022348403930664,1.0467636585235596,1.0456615686416626,1.0326136350631714,1.0179892778396606,1.0059067010879517,1.01609206199646,1.0950641632080078,1.0283538103103638,1.0385311841964722,,,0.9565089344978333,1.0525768995285034,1.0586458444595337,0.9869898557662964,1.0686663389205933,0.9965521693229675,0.9715299606323242,,0.960821807384491,1.0212039947509766,0.9940094351768494,0.9981417059898376,0.9894953370094299,0.9530322551727295,0.9456238150596619,0.9463174343109131,1.0490190982818604,0.9223976731300354,0.9191777110099792,,0.9687819480895996,1.034729242324829,0.9953228235244751,1.0315628051757812,0.9977706074714661,1.0597295761108398,1.03377103805542,1.0412507057189941,1.0226277112960815,0.9560166597366333,0.9232560396194458,1.0040675401687622,1.020637035369873,1.0602116584777832,1.0142523050308228,1.044712781906128,1.0414128303527832,1.0125387907028198,1.063113808631897,1.035085916519165,1.084726333618164,1.1022331714630127,1.055853247642517,1.0452431440353394,1.0404027700424194,1.072249174118042,1.0362608432769775,1.0636305809020996,0.9324476718902588,1.013658881187439,,0.9124131202697754,1.00953209400177,1.061937689781189,1.0011781454086304,0.9803516864776611,0.9908287525177002,1.0209376811981201,1.0471727848052979,,0.9802269339561462,1.0450400114059448,1.0296529531478882,1.0623306035995483,1.0341830253601074,1.073235273361206,1.0333082675933838,1.0823853015899658,1.0795860290527344,1.0871577262878418,1.0535666942596436,1.007275104522705,1.033421277999878,1.063769817352295,1.0366475582122803,0.8886143565177917,1.0776137113571167,1.0668466091156006,1.1153123378753662,1.0565540790557861,1.0497252941131592,1.0035525560379028,1.0496913194656372,1.0718461275100708,1.0524708032608032,0.9505588412284851,1.01345694065094,1.0538376569747925,0.9921956658363342,0.9625974893569946,0.9955391883850098,1.003691554069519,1.0057494640350342,1.0002546310424805,0.9612005949020386,0.990472674369812,,1.0444576740264893
horse,0.8359488248825073,0.588809072971344,0.5924086570739746,0.3741486668586731,0.0,0.6653013825416565,0.9185638427734375,0.9013546705245972,0.660539448261261,0.8310778737068176,0.9012066125869751,0.8991879224777222,0.8764231204986572,0.5049282312393188,0.6643788814544678,0.4328600764274597,0.8616885542869568,0.46857571601867676,0.41165387630462646,0.7239859104156494,0.7521523237228394,0.7625745534896851,0.915449321269989,0.8099867105484009,0.8411341309547424,1.130730390548706,1.125547170639038,1.134072184562683,1.1306766271591187,0.9812327027320862,0.9925713539123535,1.0538263320922852,1.0036011934280396,0.7249553203582764,0.6982094049453735,,0.9178723692893982,0.5278508067131042,1.1260054111480713,0.9232351779937744,0.8244360685348511,0.9702320098876953,0.7996958494186401,0.8447356224060059,0.876983642578125,0.8351253271102905,0.8933438062667847,0.8709957599639893,1.0285837650299072,0.6560911536216736,0.6756343841552734,0.7965768575668335,0.8439385890960693,0.8393422365188599,0.9336535334587097,0.9026695489883423,0.704886794090271,0.9573429226875305,1.0816189050674438,0.8719176054000854,0.8710229992866516,0.8922968506813049,0.5736098289489746,,,1.050946831703186,1.148555040359497,1.1454167366027832,1.1249701976776123,1.1956323385238647,1.1812610626220703,1.1891417503356934,,1.1509003639221191,0.9885216355323792,1.2233597040176392,1.1738169193267822,1.197366714477539,1.1148767471313477,1.0002950429916382,1.0254446268081665,1.077721357345581,0.8447226285934448,0.9116203784942627,,0.9854001998901367,1.012272596359253,0.8922531604766846,1.1357152462005615,1.0685131549835205,0.9560887813568115,1.1991662979125977,1.2288507223129272,1.2542792558670044,1.0826245546340942,1.021540880203247,1.2455974817276,1.1938555240631104,1.3034957647323608,1.1646778583526611,1.120803713798523,1.1350200176239014,1.0537563562393188,1.1067323684692383,1.0307244062423706,1.17020583152771,1.305638074874878,1.2018765211105347,1.1066796779632568,0.9640980362892151,1.178514838218689,1.0222976207733154,0.9803533554077148,1.1392921209335327,1.1603896617889404,,0.9587090611457825,0.9959447383880615,1.0078431367874146,0.9679461121559143,0.9447439312934875,1.061531662940979,1.1433888673782349,0.9481463432312012,,1.0302631855010986,1.086814522743225,0.9609478712081909,0.7937722206115723,1.101285696029663,1.0502594709396362,0.9846241474151611,0.9079312682151794,1.0641849040985107,0.8644063472747803,0.8216152191162109,0.6808549165725708,0.8778389096260071,1.1035462617874146,0.9960834980010986,0.8010075092315674,0.8346313834190369,0.9645758271217346,1.0461126565933228,0.8866236209869385,1.055293083190918,0.9309991002082825,1.1512291431427002,1.2033580541610718,0.7542064189910889,0.6811837553977966,0.6835727691650391,0.7381861209869385,0.7584746479988098,0.6492228507995605,0.6332135796546936,0.7573150396347046,0.7049537301063538,0.7208800315856934,0.7410562038421631,0.7902117967605591,,1.009345531463623
pig,0.9835625290870667,0.8702287077903748,0.5466737747192383,0.5242102742195129,0.6653013825416565,0.0,0.8235118985176086,0.7938880324363708,0.6815787553787231,0.6651813983917236,0.9135036468505859,0.8849380016326904,0.7361348867416382,0.5566816329956055,0.8737938404083252,0.8307446241378784,0.8791152834892273,0.7867261171340942,0.42436373233795166,0.9759462475776672,1.0395541191101074,1.0464425086975098,0.9886620044708252,1.0335235595703125,0.7856125235557556,0.9279922842979431,1.0261778831481934,1.0277369022369385,1.120603322982788,1.0074859857559204,1.0928930044174194,1.1497308015823364,1.122833013534546,0.9299625158309937,0.882879376411438,,0.9662149548530579,1.0187625885009766,1.1081725358963013,1.109045147895813,1.0601190328598022,1.15977942943573,1.0952106714248657,1.1159336566925049,1.0706145763397217,1.0990158319473267,1.0096640586853027,1.092564344406128,1.0733299255371094,1.0305697917938232,0.9866037368774414,1.0253022909164429,1.0668774843215942,1.023624300956726,1.0497634410858154,0.9904754757881165,0.9516851305961609,0.9314018487930298,1.0638004541397095,0.981563925743103,0.8996177315711975,0.9414110779762268,0.9505423307418823,,,0.9498645067214966,1.0691132545471191,1.088013768196106,0.8995847105979919,1.1192817687988281,1.046497106552124,1.0489450693130493,,1.036244511604309,1.047107219696045,1.0212419033050537,1.1591991186141968,1.1374797821044922,1.0327012538909912,1.106244683265686,1.0679688453674316,1.0778464078903198,1.0125927925109863,1.030410885810852,,0.9349156618118286,1.0030728578567505,0.8910862803459167,1.0694420337677002,1.1758180856704712,1.075191617012024,1.1695605516433716,1.2075130939483643,1.1428996324539185,1.0663071870803833,0.9528551697731018,1.1136466264724731,1.1431925296783447,1.157248616218567,1.1917967796325684,1.0988256931304932,1.1411373615264893,0.9970938563346863,1.0472354888916016,1.0101350545883179,1.100208044052124,1.100106120109558,1.124014973640442,1.0624656677246094,0.9748361110687256,1.002677083015442,0.9249588251113892,0.966131865978241,0.9428385496139526,0.9432942271232605,,0.8360922932624817,0.935508131980896,1.039046049118042,0.8901033401489258,1.0521478652954102,0.9130294919013977,1.0693339109420776,0.8940072059631348,,1.0096566677093506,1.0390559434890747,1.0087740421295166,1.0470805168151855,1.0975050926208496,0.9956156611442566,0.9989026188850403,1.0575809478759766,1.03921639919281,0.9736616611480713,0.8896864652633667,1.0478137731552124,1.0190969705581665,1.086194634437561,0.9147943258285522,0.785744309425354,0.8370147943496704,0.9163967370986938,0.9054002165794373,0.8221633434295654,1.021976113319397,0.9893763065338135,1.0233440399169922,1.0603312253952026,0.9492270946502686,1.005872130393982,0.9403665065765381,0.9253386855125427,0.9938955903053284,0.9968461394309998,0.9931226372718811,1.0617525577545166,1.0300248861312866,0.9725354909896851,1.034921646118164,1.0543524026870728,,0.9406470656394958
rooster,1.1099048852920532,1.018650770187378,0.7401522397994995,0.7731278538703918,0.9185638427734375,0.8235118985176086,0.0,0.7027626037597656,0.6272156238555908,0.8565077781677246,0.6059955358505249,0.7105492353439331,0.8565946221351624,0.9787437319755554,0.8452990651130676,1.1521055698394775,1.1110732555389404,0.9924532175064087,0.8510974049568176,1.0297162532806396,0.9576722383499146,1.2170848846435547,1.1205980777740479,1.032368540763855,0.8288028836250305,0.9730571508407593,0.9488195180892944,0.8388324975967407,0.8648871779441833,0.7444902062416077,0.9651458859443665,0.7656887769699097,0.9998573064804077,1.162318468093872,1.0378142595291138,,1.0604766607284546,1.0637840032577515,0.8356798887252808,1.1393516063690186,1.2139413356781006,1.1115366220474243,1.1906564235687256,1.0748916864395142,1.0583014488220215,1.0981776714324951,1.0764029026031494,1.1030738353729248,1.0662028789520264,1.2134041786193848,1.273371696472168,1.1938846111297607,1.2838499546051025,1.1973533630371094,1.1871395111083984,1.2281383275985718,1.2548882961273193,0.9724023938179016,0.7204171419143677,1.0676238536834717,1.1923388242721558,1.0835752487182617,1.1655689477920532,,,0.7314346432685852,0.9536786675453186,0.8886532187461853,0.9987130761146545,0.9025365710258484,0.8684260845184326,0.7661834955215454,,0.6650052070617676,0.8108611106872559,0.7020190358161926,0.8095801472663879,0.757932186126709,0.5384763479232788,0.7055138349533081,0.9422857761383057,0.8565407991409302,0.9835084676742554,0.8943626880645752,,1.0098947286605835,1.04182767868042,1.0487252473831177,1.016258955001831,0.8800937533378601,1.0753567218780518,0.927436113357544,0.8085419535636902,0.7401500940322876,0.7110106945037842,0.2450280785560608,0.7618167400360107,0.770727276802063,0.7797372341156006,0.833544135093689,0.9454922080039978,0.8139110803604126,0.9893127679824829,1.0674256086349487,1.0821577310562134,1.0384465456008911,0.948850691318512,1.0477170944213867,1.0881266593933105,1.112992525100708,0.9384397268295288,1.0814796686172485,1.0997673273086548,0.7880614995956421,0.7512854337692261,,0.7717206478118896,1.0520975589752197,1.090084195137024,0.9845622181892395,0.8065944910049438,0.7777073383331299,0.9021971821784973,1.0659387111663818,,1.0492397546768188,0.9863452911376953,1.0877876281738281,1.1304773092269897,0.9245854020118713,1.1280349493026733,1.1925972700119019,1.2235885858535767,1.110769510269165,1.1925301551818848,1.2394859790802002,1.0406913757324219,1.107683777809143,1.0103809833526611,1.0757648944854736,0.9025490283966064,1.127600073814392,1.0369279384613037,1.128408432006836,1.070712685585022,1.077714443206787,1.0197261571884155,0.8822088241577148,0.9076442122459412,1.2642261981964111,1.0864201784133911,1.2324402332305908,1.2127389907836914,1.0723398923873901,1.0847878456115723,1.1679928302764893,1.1374448537826538,1.1298760175704956,1.227053165435791,1.1949872970581055,1.1787925958633423,,1.121759295463562
penguin,1.1785682439804077,1.0230658054351807,0.8321467041969299,0.8364497423171997,0.9013546705245972,0.7938880324363708,0.7027626037597656,0.0,0.5741394758224487,0.8605292439460754,0.6741086840629578,0.8214195966720581,0.8054159879684448,0.9462813138961792,0.9528478384017944,1.0493621826171875,1.078996181488037,0.9985706210136414,0.9078824520111084,1.0308892726898193,1.0185415744781494,1.22990083694458,1.1305097341537476,1.0080032348632812,0.9043383598327637,1.0209152698516846,1.0214741230010986,0.9558366537094116,0.9679399132728577,0.9289649724960327,0.9943287372589111,0.8819812536239624,1.01931893825531,1.0266740322113037,0.9198161959648132,,0.9848511815071106,0.9405723214149475,0.9280772805213928,1.1886693239212036,1.1880264282226562,1.151114821434021,1.1691805124282837,1.1167097091674805,1.1019905805587769,1.1043415069580078,1.0898221731185913,1.0793734788894653,1.0093287229537964,1.1602765321731567,1.170384168624878,1.1641212701797485,1.2310532331466675,1.122270107269287,1.1494359970092773,1.1539980173110962,1.139974594116211,0.9989255666732788,0.8227152824401855,1.028466820716858,0.9556322693824768,1.0213404893875122,1.067523717880249,,,0.8543283939361572,0.8918114900588989,0.9485576748847961,1.027649164199829,0.938652753829956,0.8989976048469543,0.8700823783874512,,0.874675452709198,0.955668032169342,0.8663979768753052,0.9509351849555969,0.9165675640106201,0.7676291465759277,0.8995552659034729,1.017087459564209,0.9319713711738586,0.9631425738334656,0.9439845681190491,,0.9563144445419312,1.0675463676452637,0.9884060621261597,1.0288276672363281,0.9253809452056885,1.080987811088562,0.9779139161109924,0.8851691484451294,0.8324828743934631,0.8666068315505981,0.8163806796073914,0.9066518545150757,0.8881800770759583,1.0135416984558105,1.0140764713287354,1.0279829502105713,0.9695799946784973,1.0501080751419067,1.0208064317703247,1.0714764595031738,1.0865764617919922,0.9560340046882629,1.125901699066162,1.110958218574524,1.0258983373641968,1.013368844985962,1.0414371490478516,1.0434062480926514,1.0099592208862305,0.9627830386161804,,0.8953608274459839,1.0088194608688354,1.078887701034546,1.0492042303085327,0.9339867234230042,0.9669464826583862,0.9390868544578552,1.0200163125991821,,1.1071553230285645,1.0007197856903076,1.1352219581604004,1.0972152948379517,1.0014939308166504,1.0395585298538208,1.1184464693069458,1.1357154846191406,1.0800793170928955,1.1202876567840576,1.1474530696868896,1.0317890644073486,1.042195200920105,0.9647601842880249,1.0144866704940796,0.9049999117851257,1.1236138343811035,1.0796914100646973,1.0535141229629517,1.0242502689361572,1.1206949949264526,1.1136817932128906,1.0790185928344727,1.0662822723388672,1.1970643997192383,1.0871728658676147,1.1664981842041016,1.147544264793396,1.0738812685012817,1.0651793479919434,1.1742260456085205,1.166714072227478,1.142462134361267,1.152085304260254,1.1119112968444824,1.1298714876174927,,1.0651538372039795
bird,1.0095953941345215,0.9697871208190918,0.660932183265686,0.6694033145904541,0.660539448261261,0.6815787553787231,0.6272156238555908,0.5741394758224487,0.0,0.7534050941467285,0.6002177000045776,0.6450698971748352,0.723095178604126,0.6410865783691406,0.6957452297210693,0.9181589484214783,0.9886396527290344,0.7376176714897156,0.7397780418395996,0.9016848802566528,0.8854599595069885,1.054693579673767,1.0400683879852295,0.8728955984115601,0.7762951850891113,0.9683880805969238,1.0155606269836426,1.0020360946655273,1.0850083827972412,0.9014812707901001,1.0100183486938477,0.9249229431152344,1.033187747001648,0.8867509365081787,0.8071437478065491,,1.0175821781158447,0.8231099843978882,0.9293599128723145,1.0246151685714722,1.0049775838851929,1.0195190906524658,1.0098588466644287,0.984696090221405,0.9343311190605164,0.9359678030014038,1.0136147737503052,0.9672462940216064,1.009080171585083,1.0177128314971924,1.040041208267212,1.0153510570526123,1.0906325578689575,1.0718733072280884,1.1165227890014648,1.1460292339324951,1.091397762298584,0.9681034684181213,0.8551046252250671,1.0175344944000244,0.9903551340103149,1.0730148553848267,0.9633421897888184,,,0.8249619603157043,1.0320392847061157,1.0179436206817627,1.119162917137146,1.147095799446106,1.1286554336547852,1.0692030191421509,,0.9748738408088684,0.8612973690032959,0.9123848080635071,1.0283005237579346,1.0902153253555298,0.7859802842140198,0.9033172130584717,1.0455708503723145,0.9792423844337463,0.8340972065925598,0.7455165386199951,,0.9756873846054077,1.0481609106063843,0.9629038572311401,1.0963771343231201,0.9348572492599487,1.0453355312347412,1.093123435974121,1.0070912837982178,1.041213035583496,0.888770341873169,0.7930127382278442,1.0201990604400635,1.023078203201294,1.194092035293579,0.9594858884811401,1.0739686489105225,0.9492734670639038,1.0661139488220215,1.1222871541976929,1.111697793006897,1.182396411895752,1.160383701324463,1.241419792175293,1.1822619438171387,1.0819767713546753,1.0343607664108276,1.0129222869873047,0.9619491100311279,1.022615671157837,0.9577538371086121,,0.8028327226638794,1.014923095703125,1.0388597249984741,0.9855271577835083,0.8187491297721863,0.9379150867462158,1.0382646322250366,0.9516605734825134,,1.1089214086532593,1.059536337852478,1.074083924293518,1.009606957435608,1.0411471128463745,1.1338938474655151,1.1404322385787964,1.0472458600997925,1.0217567682266235,0.9530905485153198,1.0788007974624634,0.8620622158050537,1.002794861793518,0.9938122630119324,1.0402212142944336,0.8054502010345459,0.9335834383964539,0.9216143488883972,0.9678331613540649,0.8830713033676147,0.9884892702102661,0.8920043706893921,0.8891791105270386,0.9609748721122742,0.9932430982589722,0.9759276509284973,1.0149879455566406,0.980004608631134,0.8905109763145447,0.8525493144989014,0.9763076305389404,1.0123862028121948,0.9892053604125977,0.992236852645874,0.9442745447158813,1.014714241027832,,1.104478359222412
duck,1.0440449714660645,0.9381816387176514,0.6381111741065979,0.7688045501708984,0.8310778737068176,0.6651813983917236,0.8565077781677246,0.8605292439460754,0.7534050941467285,0.0,0.8033623695373535,0.7975372076034546,0.7963178753852844,0.7002419233322144,0.8131555318832397,0.9383925199508667,0.8879651427268982,0.8555880188941956,0.7765786647796631,1.0558665990829468,1.069826364517212,1.0686209201812744,1.040254831314087,0.9872193336486816,0.9932001233100891,1.0099070072174072,1.1055974960327148,1.1203705072402954,1.1068477630615234,1.0605133771896362,1.0810507535934448,1.055930733680725,1.0918288230895996,0.9677572846412659,0.8717327117919922,,0.8699343800544739,0.909844160079956,1.0524640083312988,1.0589052438735962,1.0031006336212158,1.051804780960083,1.0574839115142822,1.1010973453521729,1.0614124536514282,1.0797019004821777,1.059253454208374,1.0855506658554077,1.1035324335098267,1.0623199939727783,1.0511513948440552,1.0485891103744507,1.0661391019821167,1.0087480545043945,1.0351563692092896,0.976388692855835,0.9859826564788818,0.9637963175773621,1.03762686252594,1.032002568244934,0.8056082725524902,0.9276129007339478,1.02456533908844,,,0.9492490291595459,1.0503474473953247,1.0573527812957764,0.8668328523635864,1.054239273071289,1.0004405975341797,1.0268974304199219,,1.0556889772415161,1.0389701128005981,1.0197886228561401,1.0282927751541138,1.1427013874053955,1.1003587245941162,1.1121388673782349,1.0163042545318604,1.0342620611190796,0.9497742652893066,0.9306170344352722,,0.7880806922912598,0.9199379682540894,0.8766188025474548,1.020449161529541,1.0019426345825195,0.9561660885810852,1.0770561695098877,1.060539960861206,1.0463166236877441,0.9735503196716309,1.0171020030975342,1.096990942955017,1.0919150114059448,1.136437177658081,1.1206414699554443,0.9355073571205139,1.0170753002166748,1.006664514541626,1.0685440301895142,1.0845091342926025,1.0950183868408203,1.0971978902816772,1.0761754512786865,1.015105962753296,1.0201666355133057,0.9380149245262146,0.9342732429504395,0.9540722966194153,0.921052873134613,0.954632043838501,,0.8245112299919128,1.0058797597885132,1.0001506805419922,0.8724948167800903,1.0168031454086304,0.9296185374259949,1.069018840789795,0.889714777469635,,1.0311434268951416,0.9903326630592346,1.0121047496795654,1.0499048233032227,1.0890445709228516,1.000422477722168,0.9817403554916382,1.077087640762329,0.9980493187904358,0.9911541938781738,0.9807415008544922,0.9607765674591064,0.9781672954559326,1.065841794013977,1.0081363916397095,0.8527722358703613,0.9481838345527649,0.9162843823432922,1.0018432140350342,0.8900842070579529,0.9898920655250549,0.9422141313552856,1.02509343624115,1.0489428043365479,0.9932289123535156,1.0114926099777222,1.0408486127853394,0.9768813848495483,0.9572504758834839,1.046970009803772,1.0772669315338135,1.0835821628570557,1.06691575050354,0.9810134768486023,1.010988712310791,1.0233988761901855,,1.0384248495101929
fish,1.1628412008285522,1.0372956991195679,0.9029443860054016,0.9358644485473633,0.9012066125869751,0.9135036468505859,0.6059955358505249,0.6741086840629578,0.6002177000045776,0.8033623695373535,0.0,0.5892486572265625,0.7241876721382141,0.863940954208374,0.7250784635543823,1.0382946729660034,0.988232433795929,0.7888147830963135,0.9980406165122986,1.024513840675354,0.9919036030769348,1.180772304534912,1.032037615776062,0.8539983034133911,0.7694213390350342,0.971441388130188,0.8882778882980347,0.6817598342895508,0.758370041847229,0.8458024859428406,0.9476011395454407,0.630589485168457,0.9352434873580933,1.1396498680114746,0.9555554389953613,,1.0750418901443481,0.8668238520622253,0.9643718004226685,1.2577314376831055,1.2533056735992432,1.17013680934906,1.2800414562225342,1.1834888458251953,1.1543946266174316,1.1531968116760254,1.1005803346633911,1.2277641296386719,1.1622065305709839,1.23882257938385,1.2215293645858765,1.2452905178070068,1.2427945137023926,1.168746829032898,1.1749255657196045,1.2173048257827759,1.2015855312347412,1.064010739326477,0.7454466223716736,1.0933858156204224,0.9973146915435791,1.1276369094848633,0.9527684450149536,,,0.7951380014419556,0.7617326974868774,0.7162732481956482,0.9615861773490906,0.8198882341384888,0.7682697176933289,0.6898162364959717,,0.700465977191925,0.8716316819190979,0.6231628060340881,0.723331868648529,0.6266019344329834,0.5352215766906738,0.7686586976051331,0.9315828680992126,0.619666337966919,1.0770137310028076,0.9266279935836792,,0.9521304368972778,1.0541568994522095,1.0177321434020996,0.9906219244003296,0.7975847721099854,0.9620559811592102,0.8208143711090088,0.6076934337615967,0.5235987305641174,0.9096160531044006,0.6376071572303772,0.7980552315711975,0.9535037279129028,1.0059257745742798,0.9116925001144409,0.7990504503250122,0.9680556654930115,1.166654348373413,1.268144130706787,1.178361177444458,1.1875425577163696,0.9573557376861572,1.158424735069275,1.0906661748886108,1.0404744148254395,0.8504425287246704,0.9422885775566101,0.8690393567085266,0.8013704419136047,0.7234450578689575,,0.6803311705589294,0.9943620562553406,1.088600993156433,0.9151602983474731,0.6620801687240601,0.7682626247406006,0.8828667402267456,0.993554949760437,,1.0460683107376099,0.8668538331985474,1.106320858001709,1.0164718627929688,0.829479455947876,1.1104487180709839,1.2331143617630005,1.2733674049377441,1.1221342086791992,1.1130656003952026,1.1290485858917236,0.9032230377197266,0.9909419417381287,0.8184649348258972,1.0455598831176758,0.9562880396842957,0.9197620153427124,0.8817779421806335,0.9161881804466248,0.955405592918396,1.1913275718688965,0.9773277640342712,0.9107257127761841,0.987879753112793,1.1444191932678223,1.11228609085083,1.1418266296386719,1.076159119606018,1.0133156776428223,1.0793609619140625,1.2059707641601562,1.1804225444793701,1.1494024991989136,1.1346251964569092,1.1234737634658813,1.0767511129379272,,1.174473524093628
butterfly,1.0413118600845337,0.9762257933616638,0.8481993079185486,0.8850364089012146,0.8991879224777222,0.8849380016326904,0.7105492353439331,0.8214195966720581,0.6450698971748352,0.7975372076034546,0.5892486572265625,0.0,0.5792226791381836,0.6081299185752869,0.7210983037948608,1.0042937994003296,1.0071868896484375,0.9352360367774963,0.9328315854072571,1.0296630859375,1.0028754472732544,1.0736380815505981,0.9931055903434753,1.001940369606018,0.8921369314193726,1.0370972156524658,0.966952919960022,0.9638785123825073,1.0150691270828247,0.9625663757324219,1.0250451564788818,0.9025813341140747,1.0450265407562256,1.07676362991333,0.9854640960693359,,0.9873430728912354,1.0352511405944824,0.931698739528656,1.120073676109314,1.1087133884429932,1.0738003253936768,1.140486717224121,1.1122846603393555,1.0972692966461182,1.1334805488586426,1.029904842376709,1.1919065713882446,1.1351405382156372,1.1022411584854126,1.0775501728057861,1.1278626918792725,1.094336748123169,1.050932765007019,1.0382872819900513,1.0544179677963257,1.111379623413086,0.9855355620384216,0.873732328414917,1.0320011377334595,0.9768305420875549,1.060705304145813,0.9913815855979919,,,0.7409679889678955,0.9833154678344727,0.922741174697876,0.9617670178413391,1.015206217765808,0.9656699299812317,0.9422858953475952,,0.8060735464096069,0.8944939970970154,0.854800820350647,0.9895140528678894,1.0019943714141846,0.8176090717315674,0.9460398554801941,0.9197434782981873,1.0066462755203247,0.9924479722976685,0.907276451587677,,0.8401119709014893,0.9232655763626099,0.8562387228012085,0.9631959199905396,0.848373532295227,0.9542560577392578,0.9800966382026672,0.9097611904144287,0.9154862761497498,0.7854353189468384,0.8156595230102539,0.9606200456619263,1.0132417678833008,1.0772398710250854,1.0535476207733154,0.9584430456161499,0.987001895904541,1.0717194080352783,1.056666612625122,1.0458652973175049,1.0841808319091797,1.0300054550170898,1.0785492658615112,0.9982514381408691,1.0720429420471191,0.9350841045379639,0.9650986194610596,0.965981125831604,0.9374951124191284,0.7629280090332031,,0.6914474964141846,0.9452658295631409,0.9815667271614075,0.8722144961357117,0.8372519016265869,0.8343875408172607,0.9728032350540161,0.8726651668548584,,0.9928446412086487,0.9650341868400574,1.02224600315094,1.0237149000167847,0.927017092704773,0.9832661747932434,1.0859342813491821,1.096728801727295,0.9993115663528442,0.9481867551803589,0.9917475581169128,0.9961422085762024,1.012899398803711,0.9923186302185059,1.0142061710357666,0.9703931212425232,0.9318368434906006,0.9556147456169128,0.9725858569145203,0.8460961580276489,0.9561678171157837,0.9785327315330505,0.9402769804000854,0.9648179411888123,1.0024666786193848,1.0560826063156128,1.0321986675262451,0.9379159212112427,1.010008692741394,1.0518772602081299,1.0647445917129517,1.080511450767517,1.0582977533340454,1.0403873920440674,1.088841438293457,1.0593117475509644,,1.08575439453125
frog,1.1025292873382568,0.9945024251937866,0.8746696710586548,0.9260281324386597,0.8764231204986572,0.7361348867416382,0.8565946221351624,0.8054159879684448,0.723095178604126,0.7963178753852844,0.7241876721382141,0.5792226791381836,0.0,0.4091383218765259,0.672256588935852,0.9506586790084839,0.7981628179550171,0.9259060621261597,0.8444145917892456,1.0611321926116943,1.0747506618499756,0.9972562193870544,0.8529489636421204,1.0802068710327148,1.028115153312683,1.112934947013855,1.0606623888015747,1.1175066232681274,1.1041393280029297,1.1120612621307373,1.1250981092453003,1.0665218830108643,1.0619051456451416,0.7644528150558472,0.6296896934509277,,0.9537361264228821,0.9097805619239807,1.0790331363677979,1.1623369455337524,1.1169137954711914,1.1463911533355713,1.156404733657837,1.1998093128204346,1.1805238723754883,1.174048900604248,1.0838465690612793,1.2127047777175903,1.1584358215332031,0.9751219749450684,0.8894232511520386,1.1240355968475342,0.921622633934021,1.0099725723266602,1.010101556777954,0.836830198764801,0.7705121040344238,0.8999439477920532,0.8845232129096985,0.7148438692092896,0.9217155575752258,1.0389270782470703,0.8037139177322388,,,0.8469538688659668,0.8010588884353638,0.8263555765151978,0.7558802962303162,0.9665523171424866,0.982459306716919,0.9093961119651794,,0.8613471388816833,0.8891812562942505,1.010510802268982,1.183785080909729,1.185136079788208,0.9611918926239014,1.1208726167678833,1.0491886138916016,0.882533073425293,1.0675410032272339,1.079694390296936,,0.9421361684799194,0.8904446363449097,0.47619009017944336,0.9323074817657471,1.0348724126815796,0.982255756855011,1.0119833946228027,1.0935790538787842,0.9861205220222473,0.8912733793258667,0.913909912109375,1.1410894393920898,1.074622631072998,1.1510145664215088,1.2899219989776611,1.0976924896240234,1.0977035760879517,0.9893258810043335,1.009992241859436,0.8315926790237427,0.9245662093162537,0.8674232959747314,1.0643547773361206,0.9061040878295898,0.7355948686599731,0.7485940456390381,0.5240824818611145,0.6276388168334961,1.0057302713394165,0.7980432510375977,,0.6527807712554932,0.9092192649841309,0.9701871871948242,0.7751505374908447,0.8321635723114014,0.7816278338432312,1.0072323083877563,0.816819429397583,,0.9965319633483887,0.9829980731010437,0.817168653011322,0.677133321762085,1.00557279586792,0.7630489468574524,0.7585738897323608,0.8151201009750366,0.7587544918060303,0.7255740165710449,0.8077195882797241,0.951708197593689,0.6508727669715881,0.6177438497543335,0.3696250915527344,0.5215016603469849,0.5550006628036499,0.7753127217292786,0.8945395946502686,0.6048649549484253,0.9900428652763367,1.0102602243423462,1.131584644317627,1.1359412670135498,0.8278000354766846,1.0156645774841309,0.8899974822998047,0.7599506974220276,0.9646521806716919,1.035005807876587,1.0155768394470215,1.0595548152923584,1.036528468132019,0.9702901840209961,1.0665860176086426,1.0007668733596802,,0.701890766620636
