,alligator,apple,ball,balloon,banana,basket,bathtub,bed,belt,bench,bib,blanket,boat,book,bottle,bowl,box,bread,broom,bucket,butterfly,can,car,cat,chair,clock,closet,coffee,cookie,couch,crayon,crib,cup,dish,dog,doll,door,drawer,dress,egg,eye,face,finger,firetruck,fish,flower,fork,frog,glass,glasses,glove,gum,hair,hamburger,hand,hat,horse,hose,jacket,jar,jeans,knife,lamp,melon,milk,mitten,mop,motorcycle,mouth,muffin,nail,napkin,necklace,nose,orange,oven,owl,pajamas,pants,paper,pen,pencil,pickle,pillow,plant,plate,pumpkin,purse,radio,refrigerator,rooster,sandwich,scarf,scissors,shirt,shoe,shorts,shovel,shower,sink,slide,slipper,sock,soup,spoon,strawberry,stroller,sweater,table,tape,toe,tooth,toothbrush,towel,toy,tray,tree,vacuum,watch,window
alligator,0.0,1.3841234,1.0896407,1.2488617,1.2930887,1.3738933,0.85281515,0.48682457,1.4092165,0.9362351,0.65203303,0.5960496,0.72015095,1.2577031,1.5328054,1.3004684,1.0191431,1.0957733,1.1608135,1.5553439,1.1480336,1.5829471,1.412688,0.37110156,1.1031486,1.4024758,0.7770516,0.6788572,0.9771663,0.5737273,1.544268,0.5508785,1.5535394,1.1870927,0.32096612,0.44715637,1.1102571,0.9147137,0.9909603,1.3497591,1.3163879,0.80799925,1.1831219,0.7861149,1.3618838,1.1957215,1.2686832,0.29108346,1.0953702,1.3334966,1.0148154,1.1648444,0.7791289,0.50897336,0.77784157,1.4724838,1.0753182,0.90905404,0.707132,1.0388424,0.7030618,1.4362676,1.55,0.57546514,0.9727135,0.5514164,1.0604122,0.64597034,1.065525,0.39049578,1.4381254,1.255542,1.4440731,1.266176,1.4069959,1.0692135,0.5449699,0.6039113,0.7060235,0.6611408,1.4579744,1.3395354,1.2959864,1.3764167,1.1576592,1.2546821,1.3867841,1.30755,1.4173329,1.1270156,0.6396247,0.66983575,0.71958107,0.7019388,0.7265198,1.4670011,0.9811032,1.3639042,0.83765423,1.5008527,0.5761664,1.5337918,1.071553,1.1159631,1.3699934,1.00517,0.7200189,0.68709576,0.59245193,1.4480209,1.2848552,1.1934884,0.7233173,1.3815328,0.68745315,0.41065764,0.9104978,1.1541922,1.3920314,1.010574
apple,1.3841234,0.0,0.85901314,0.5920412,0.66846156,0.8641742,1.1922097,1.4036038,0.6493707,1.2963457,1.2798822,1.3309906,1.1033381,0.9390016,0.49262393,0.81881654,1.1553985,0.56645375,1.2035024,0.66721904,0.9875957,0.7602969,0.7270199,1.3062958,1.121702,0.7959979,1.3319352,1.3359213,1.0775704,1.3690147,0.5100173,1.3971889,0.58108604,1.0202959,1.321171,1.1771295,1.3033465,1.248187,1.1159089,0.36625993,0.7606666,1.0776713,0.69668704,1.2330143,0.882768,0.83812606,0.968454,1.1990714,0.945051,0.6885961,1.0517027,0.8726388,1.0984001,1.1733522,1.0119092,0.58378494,1.0340179,1.2620234,1.2764916,1.0264772,1.3784624,0.8888567,0.7108829,1.1975747,1.1332061,1.210475,1.1170313,1.3298959,0.90456396,1.2539163,0.39041603,0.9311702,0.63191384,0.728347,0.37798762,1.2058275,1.2658288,1.2528992,1.4160916,1.2675505,0.5938355,0.8504346,0.7010758,0.7245308,1.0448128,0.8237637,0.54991823,0.8554004,0.7888298,1.2323467,1.060545,1.259666,1.2392958,1.1489432,1.313383,0.74328524,1.1074091,0.87564296,1.2323537,0.677889,1.1578904,0.63763607,1.0791001,0.8355158,0.91147584,0.70182383,1.2419373,1.3275684,1.3159752,0.5860157,0.70921373,0.7290719,1.1745849,0.737393,1.107172,1.2432365,1.1418043,1.1590478,0.4976127,1.2162697
ball,1.0896407,0.85901314,0.0,0.46124816,0.9409445,0.95538366,1.1073182,1.1423593,0.98223984,0.9731154,1.1782893,1.0587807,1.0347419,0.88756436,0.9300436,0.85872674,1.0061165,0.8946858,1.2650156,0.76694757,1.0079882,0.8938241,0.8583601,1.0478075,1.1335559,0.7711118,1.1543344,1.1818795,0.93179893,1.1657609,0.8824593,1.1657428,0.78030753,0.84093297,1.0522696,0.9945466,1.223595,1.1242442,1.1613522,0.84859085,0.87506735,1.135445,0.9542515,1.1224055,0.8892595,1.0631245,1.031662,0.9706146,0.8922955,1.0408455,0.8336351,0.70814085,1.1040621,1.164814,1.0890185,0.9019663,0.9746334,1.2283337,1.2382231,0.8871,1.1294895,0.93214166,0.9105636,1.0140945,0.99703115,0.94322497,0.9952486,1.1339328,1.1335517,1.0195305,0.8673679,0.7729119,1.0271837,0.71163774,0.76580805,1.1755487,1.0421761,1.1009657,1.1803906,1.0275624,0.95674694,0.94662833,0.862278,0.7782657,1.1442478,0.79515374,0.7864945,0.8797353,0.9905351,1.1949114,1.0217996,0.9199899,1.1316779,1.1066697,1.226927,0.74035776,1.1079167,0.9864559,1.0657282,0.8822751,1.0986822,0.82102513,0.8988792,0.9969675,0.9302783,0.85213536,1.1833928,1.2653272,1.1859875,0.5732125,0.8480134,0.9399769,1.0732855,0.7558459,1.0016571,1.0769694,1.189036,1.2076944,1.0512342,1.2087842
balloon,1.2488617,0.5920412,0.46124816,0.0,0.8960547,0.9845631,1.0941106,1.2528948,0.87989724,1.1145334,1.2454122,1.2496095,1.1158881,1.053856,0.7933464,0.7382057,1.1682785,0.80228806,1.1968462,0.7838044,0.94103086,0.867117,0.9005813,1.1402869,1.1689628,0.8226951,1.2475169,1.2789764,1.0543047,1.2509317,0.8236129,1.2596327,0.6353593,0.82186615,1.1670713,1.110831,1.2151207,1.2813101,1.0704826,0.6223453,0.7920011,1.1012818,0.7569711,1.1329633,0.94215953,0.9694306,1.0013301,1.1842754,0.7772134,0.8575303,0.92549866,0.91018957,0.94088507,1.1596801,1.0801162,0.6621247,0.9434603,1.2701011,1.2283732,0.8779762,1.2733885,0.8953086,0.74068487,1.1652923,1.0519228,1.0594909,1.043627,1.2404841,1.0746748,1.1096762,0.66510224,0.9022825,0.8158095,0.74546134,0.56779605,1.1825647,1.1654091,1.226464,1.2823824,1.253398,0.82876337,0.9596596,0.8515236,0.7963464,1.047802,0.7145907,0.6289323,0.97155213,0.9902419,1.1075333,1.0476815,1.045918,1.2466663,1.2149825,1.2837833,0.7353596,1.2132971,0.8696016,1.0955596,0.7664377,1.1154267,0.76096964,0.9832235,0.85681564,0.84620667,0.71255594,1.2300348,1.30163,1.2688496,0.59134746,0.72059304,0.83490276,1.1858684,0.89752376,1.1240124,1.2061887,1.1310836,1.0981714,0.8474635,1.1528716
banana,1.2930887,0.66846156,0.9409445,0.8960547,0.0,0.5762971,1.2179418,1.4082706,0.78688663,1.2287936,1.3355103,1.3047619,1.1841524,0.89561963,0.660403,0.6782261,1.1545091,0.34441602,1.0492777,0.68542993,0.86877584,0.7532839,0.70177555,1.2963269,0.9031016,0.71817005,1.336048,1.3499322,1.135038,1.3466518,0.5319094,1.4134817,0.62419784,1.001817,1.208132,1.0891993,1.2947555,1.2239665,1.0477202,0.48757607,0.6752082,1.2430066,0.8885542,1.225456,0.8199879,0.92487997,0.71568376,1.0752082,1.0541801,0.7486446,0.91593355,0.8663967,1.2780837,1.1598636,1.1664443,0.71502095,0.939662,1.1561563,1.4083271,1.1514996,1.3000008,0.5665375,0.7570184,0.9584887,1.0451697,1.1277834,0.96344787,1.3330829,1.0190759,1.1885798,0.6993048,0.75970495,0.7872369,0.8083319,0.5905182,1.1042206,1.2159791,1.3531818,1.3117347,1.3234638,0.51799667,0.78265077,0.63162327,0.45600712,1.0209711,0.7240925,0.55331165,0.7728005,0.78013694,1.2685119,1.3411582,1.1087501,1.2641821,1.2304196,1.3858353,0.63441414,1.1213353,0.68856514,1.2628175,0.70324016,1.1204356,0.53594184,0.97404283,0.7981578,0.5919353,1.0297664,1.2543256,1.3580179,1.2922719,0.6089748,0.77085245,0.88483727,1.2569261,0.6383454,1.0374646,1.3305593,1.2385327,1.0400333,0.7167367,1.2695427
basket,1.3738933,0.8641742,0.95538366,0.9845631,0.5762971,0.0,1.0296957,1.3740185,0.73114455,0.9099561,1.4867617,1.2321458,1.0561849,0.6941346,0.62149847,0.6141569,0.7902955,0.80077446,0.90882283,0.4781046,1.0148093,0.5914919,0.67071795,1.3049116,0.6592915,0.6895017,1.2418405,1.1770605,1.0125042,1.303386,0.662797,1.268697,0.43089497,0.83497214,1.2141854,1.1316171,0.9962375,1.0005792,1.173725,0.8070812,0.8888127,1.3136288,1.1579006,1.1984187,0.66555,0.6083956,0.61553466,1.1428883,0.7802151,0.93974596,1.108083,0.9682204,1.4232173,1.3097112,1.3619657,0.803109,0.9067481,1.0864617,1.44669,0.8536041,1.3555989,0.5336406,0.56600916,1.1484473,0.96227336,1.2549843,1.0408812,1.2461047,1.1738178,1.240114,0.85186076,0.70533836,0.9557002,0.83868575,0.8581116,0.8773034,1.2083703,1.4904344,1.337889,1.2598203,0.74651575,0.8893996,0.72713786,0.544981,0.66595614,0.6983841,0.81250656,0.5489361,0.6164057,0.95720255,1.2244372,1.2532942,1.3206619,1.2011155,1.4301461,0.766273,1.1219219,0.6284774,1.2159276,0.61157924,1.1697389,0.67234033,1.1138091,0.8570729,0.58068025,1.0377014,1.1921823,1.3900371,1.1641766,0.71217376,1.0929515,1.2077687,1.3549736,0.63117623,0.9979171,1.2294354,1.0227633,0.86357594,0.79819715,1.0139956
bathtub,0.85281515,1.1922097,1.1073182,1.0941106,1.2179418,1.0296957,0.0,0.60490954,1.0534414,0.6014475,0.87867486,0.6825518,0.8550463,1.1277995,1.2093778,1.1704617,0.96402705,1.1188729,0.9526243,1.1505406,1.1006397,1.0741938,1.1332654,0.8054554,0.82651436,1.1977487,0.69709325,0.7974659,0.9852293,0.74969876,1.1799792,0.5784669,1.1619178,0.9345852,0.91407055,1.0815097,0.8522757,0.9331172,0.92197084,1.2319677,1.2063922,1.0781863,1.182292,0.8627594,0.99645764,1.1442186,1.1224725,1.0179971,1.0684233,1.1969626,1.1022758,1.2506821,1.0499592,0.7955824,1.0703368,1.2370355,1.1151283,0.8506898,0.8956719,0.94081146,0.8082665,1.1811894,1.0696121,0.8196586,1.0484557,0.968801,1.0875047,0.91974187,1.0947558,0.9760737,1.144763,1.0399332,1.2257464,1.1314474,1.2154275,1.0384394,0.92712915,0.8446896,0.83834016,0.88771164,1.2740352,1.1739801,0.96097,1.0197986,1.1160443,1.1792661,1.1482531,1.0917373,1.1160034,0.9264884,0.92099965,0.72141963,0.8566445,0.8658807,0.901842,1.0968529,1.009972,1.0953863,1.0243742,1.046763,0.8382948,1.1613451,1.0523136,1.1463307,1.1694438,0.9822353,0.9230887,0.8143543,0.7965514,1.2007128,1.1980187,1.2192671,0.92175835,1.0663044,1.0283971,0.839851,1.018476,1.0523525,1.1248463,0.771728
bed,0.48682457,1.4036038,1.1423593,1.2528948,1.4082706,1.3740185,0.60490954,0.0,1.2832792,0.67591137,0.59194314,0.2636422,0.8191767,1.1071981,1.4326276,1.3201573,1.0537276,1.1291454,1.1609809,1.6182865,1.1926918,1.5125223,1.30392,0.56995916,1.0055574,1.339546,0.5931194,0.5412179,0.85801226,0.14198041,1.4700314,0.32167435,1.515635,1.0995216,0.6497165,0.9146949,1.0156357,0.88983166,0.83211887,1.3699598,1.4056495,0.69919837,1.2175839,0.7199766,1.3212177,1.2195718,1.240118,0.7932509,1.1190163,1.2933111,1.110702,1.3420725,0.7143316,0.40093684,1.0031536,1.395694,1.1980001,0.97443765,0.49767244,1.0399618,0.6489671,1.380347,1.5047396,0.86978877,1.0451136,0.9397344,1.1679815,0.63965505,1.1044198,0.80459917,1.3665129,1.211855,1.4654739,1.3281834,1.4660866,0.9520013,0.7212646,0.60034156,0.62220883,0.6265973,1.467926,1.3226142,1.2382166,1.1176596,1.2128282,1.2742045,1.4090793,1.2617985,1.2864356,0.9756918,0.72013795,0.6551821,0.8011845,0.7337174,0.6851697,1.4460573,0.9593628,1.3690207,0.711456,1.3687758,0.6978549,1.5511314,1.0836154,1.2014008,1.3819939,1.1575637,0.6983304,0.57422984,0.45135206,1.3856335,1.3811871,1.2901444,0.8863082,1.2446034,0.86493134,0.56158626,0.9370053,1.0993733,1.307482,0.8069265
belt,1.4092165,0.6493707,0.98223984,0.87989724,0.78688663,0.73114455,1.0534414,1.2832792,0.0,1.161794,1.3122606,1.2721596,1.1235878,0.8392236,0.26166505,0.8690541,1.1410081,0.83095473,1.0028381,0.6593735,1.0735743,0.452204,0.5301475,1.2135363,1.1661406,0.75928795,1.1521031,1.3877106,1.0427809,1.3048096,0.26975644,1.3152266,0.5716864,0.9726671,1.2166374,1.3157867,1.0584123,1.1842233,1.1034147,0.49832308,0.8219397,1.1418381,0.80931896,1.1645257,0.3911122,0.8933797,0.95011795,1.274758,1.1009214,0.62715256,1.0798461,0.9531508,1.1898069,1.2886926,1.3177078,0.4263878,1.0368239,1.1963742,1.2701111,1.2353016,1.3151468,0.6550881,0.4564408,1.2776388,1.0800365,1.3080277,1.0800288,1.222408,1.0984075,1.398785,0.3347404,0.88160044,0.6593166,0.6221224,0.89033806,1.0695881,1.2419996,1.346776,1.307592,1.2675515,0.6019803,0.7578732,0.4548447,0.6256447,0.9455708,0.9265678,0.86841416,0.85595,0.5996156,1.0344307,1.3445741,1.2217255,1.2561501,1.1962519,1.3009948,0.64415485,1.2033832,0.99618506,1.1025803,0.21809518,1.2380947,0.46500897,1.1942647,1.0040917,0.83498865,1.2230449,1.2299116,1.3271251,1.3464622,0.6023531,0.93472815,1.0189235,1.29899,0.712188,1.124044,1.3813784,1.0654956,1.0155753,0.19001639,0.9517794
bench,0.9362351,1.2963457,0.9731154,1.1145334,1.2287936,0.9099561,0.6014475,0.67591137,1.161794,0.0,0.9242821,0.88279986,0.92291236,1.0891658,1.262692,1.283222,0.9157045,1.2480425,1.0979607,1.0702934,1.0305132,0.9389877,1.1126587,0.9386232,0.6144309,1.2425452,0.757355,0.5822449,1.1527598,0.6314099,1.1907207,0.7328968,1.2241459,0.96031946,1.043545,1.1218754,0.7443344,0.66912365,1.0296237,1.3328674,1.2508287,1.0215807,0.97478086,0.92255265,1.0057802,1.1451464,1.2837553,1.1277195,1.1392853,1.1057123,0.89911306,1.1826193,0.90278417,0.9854608,1.0129583,1.137743,1.0769808,1.00688,0.93465096,0.9496189,0.62813437,1.242341,1.104772,0.91247964,1.0603147,0.94428396,1.1256325,0.7259265,1.1067483,0.93187714,1.2243698,1.0374999,1.1229283,1.1505951,1.0822079,0.79970217,1.0264981,0.9068426,0.6187763,0.996365,1.3337963,1.1690398,1.0518049,0.9074969,0.9888865,1.2845132,0.9931351,0.9912354,0.9504254,0.79434544,0.8749044,0.8076212,0.76440626,1.0062163,0.852752,0.9487296,0.86427504,1.0665432,0.99568415,1.0327345,0.897552,1.0268534,0.8667119,1.303179,1.2974865,0.95373994,0.7537635,0.8878766,0.8697655,1.2634461,0.90986943,1.1876483,0.9258738,1.1559072,1.1157227,0.8275057,0.97125703,0.9463122,1.1630094,0.8760424
bib,0.65203303,1.2798822,1.1782893,1.2454122,1.3355103,1.4867617,0.87867486,0.59194314,1.3122606,0.9242821,0.0,0.6504568,0.8903413,1.3076873,1.4605913,1.4416312,1.1430326,1.2168446,1.1775339,1.4579031,0.9692939,1.4273026,1.4497589,0.65807986,1.1340729,1.3640777,0.7470096,0.81323445,0.96716785,0.65558785,1.3984268,0.71587914,1.5462875,1.3145559,0.7331064,0.98254216,1.0294528,0.9854789,0.5777129,1.3745612,1.1651305,0.7469695,0.8393424,0.87533146,1.2690318,1.358083,1.3729234,0.82820725,1.2219982,1.0406996,0.826323,1.0663909,0.66590214,0.69654953,0.65925443,1.2479234,1.0742664,0.784826,0.37637985,1.1674204,0.48703098,1.4603903,1.5544999,0.9015785,1.0542921,0.6800996,1.1189855,0.85147893,0.71567804,0.7610863,1.255786,1.2952545,0.9279149,1.2998366,1.1486423,1.0874264,0.64671695,0.35248637,0.4774971,0.64967746,1.3053168,1.2976611,1.2611544,1.4091376,1.3225992,1.4264858,1.1724169,1.2476125,1.4450793,1.1637,0.8955475,0.7276594,0.61558616,0.8752381,0.32377094,1.2819651,0.7676371,1.2654445,0.9515808,1.4952991,0.9351576,1.3087032,0.8861787,1.2488513,1.4498372,0.8693766,0.84238267,0.39833963,0.76982486,1.4440417,0.8960858,0.8372442,0.75264597,1.3054731,1.053113,0.7576544,1.032648,1.3119264,1.2678998,1.0240315
blanket,0.5960496,1.3309906,1.0587807,1.2496095,1.3047619,1.2321458,0.6825518,0.2636422,1.2721596,0.88279986,0.6504568,0.0,0.74688524,0.9352569,1.4045787,1.165516,1.0200922,1.0598769,1.0674231,1.4778943,1.0642533,1.4455357,1.3083317,0.70480263,1.0198393,1.2647939,0.7955371,0.62297493,0.54157484,0.55429816,1.4161998,0.40539014,1.4048529,1.0263885,0.7553078,0.87365687,1.0892241,0.9291011,0.8927239,1.3126137,1.3336132,0.9573293,1.3357494,0.9231884,1.213054,1.1330557,0.9932781,0.7419972,1.0669937,1.3879464,1.0215776,1.2274097,0.9969802,0.49162555,1.0439521,1.4490383,1.0935054,0.8317685,0.7847954,0.9684723,0.83252496,1.2040867,1.435416,0.8815782,1.0524915,0.83021927,1.0934042,0.9162936,1.1201135,0.8604542,1.4196131,0.89155686,1.4282172,1.2117417,1.409761,1.1406667,0.72900975,0.6323314,0.80720997,0.47874027,1.4286184,1.2518069,1.2368268,0.96993566,1.2073314,1.0940398,1.4387939,1.0795212,1.2849483,1.101415,0.8349942,0.7351805,0.92956,0.715837,0.85626686,1.4197447,0.9040936,1.2797495,0.82974356,1.3226515,0.6969906,1.5126946,0.94080114,1.063921,1.1791902,1.0490947,0.96808016,0.74703425,0.4931038,1.2573436,1.4309746,1.2401391,0.8765209,0.8750183,0.8191688,0.6222146,0.9401698,1.223718,1.364702,0.9621339
boat,0.72015095,1.1033381,1.0347419,1.1158881,1.1841524,1.0561849,0.8550463,0.8191767,1.1235878,0.92291236,0.8903413,0.74688524,0.0,0.83885205,1.1579871,1.0287162,0.8412623,1.104373,1.0066777,1.0732285,1.1269385,1.1917151,1.0988743,0.9977514,0.91920257,1.2068982,0.9311223,0.74873775,1.005056,0.885139,1.1405185,0.8529633,1.1447027,0.932364,0.9947133,0.8976694,1.0428156,0.8565278,1.0684981,1.2253437,1.2988384,0.9895537,1.1841986,0.947488,1.0949947,1.0854785,1.0625837,0.79599965,1.0830551,1.2259146,1.1108811,1.0705355,1.0478431,0.87524754,0.86918354,1.2592108,1.0625836,0.9492529,0.9228833,0.90814203,0.8598602,1.1514887,1.222858,0.87720966,0.8523372,0.9382607,1.0491598,0.8871596,0.98571324,0.9534472,1.1843078,1.0319476,1.259161,1.231604,1.2087147,1.0227674,0.9717402,0.8774098,0.9237417,0.85650194,1.2711422,1.175089,1.1834313,1.0714494,1.1327884,1.0242528,1.2447855,0.908557,1.1619877,1.0180252,0.95476544,1.0196828,1.0159105,0.66232765,0.9362539,1.3034319,0.8654817,1.1788985,1.0844811,1.1206644,0.45933282,1.3084817,1.138239,1.0283631,1.1465002,0.9647167,0.8237026,0.89236236,0.83070546,1.2221298,1.2286658,1.1633742,0.6597626,1.0799307,0.36493385,0.732151,0.9773318,1.1212113,1.2213571,1.0528865
book,1.2577031,0.9390016,0.88756436,1.053856,0.89561963,0.6941346,1.1277995,1.1071981,0.8392236,1.0891658,1.3076873,0.9352569,0.83885205,0.0,0.6788666,0.71576583,0.5232578,0.9224319,0.92097855,0.6746672,1.1473774,0.77387524,0.6675968,1.3386554,0.9740907,0.78776234,1.3093446,1.0736579,0.8764783,1.1249676,0.7476815,1.1547235,0.653332,0.72904074,1.228751,0.9692186,1.166947,1.0321858,1.210514,0.84163266,1.09791,1.1899594,1.2211251,1.2079456,0.928698,0.8045575,0.6749873,1.0616728,0.91050524,1.0834415,1.0319214,0.69302964,1.3190228,1.1342185,1.1428578,0.9355472,0.91628826,1.114991,1.2852597,0.79552376,1.3250748,0.6508929,0.8320016,1.1918769,0.81728303,1.2206509,1.0028758,1.2719831,1.1866094,1.2108215,0.9501972,0.4880185,1.1377784,0.9288172,1.1050338,0.85913455,1.2585208,1.1941909,1.3331306,0.7637291,0.8518778,0.7575486,1.0046272,0.647963,0.95457035,0.7170156,1.0541975,0.67649823,0.5778975,0.857556,1.0900651,1.189071,1.3232685,0.9201731,1.3388438,0.93393433,1.0675584,0.80371964,1.1307087,0.73092747,1.0074141,0.93536663,1.0087442,0.88053215,0.7228483,1.1308107,1.1692715,1.2769239,1.0756124,0.7150634,1.2007691,1.1520199,1.0107291,0.5379885,0.7830742,0.9963497,1.0918614,0.9733744,0.9609848,1.1349871
bottle,1.5328054,0.49262393,0.9300436,0.7933464,0.660403,0.62149847,1.2093778,1.4326276,0.26166505,1.262692,1.4605913,1.4045787,1.1579871,0.6788666,0.0,0.7737675,1.0247575,0.70055836,1.010302,0.3760898,1.1092161,0.3463372,0.43516302,1.3825879,1.084137,0.61136365,1.3338847,1.3933301,1.0623043,1.3976063,0.20376992,1.4693968,0.30439556,0.94376814,1.3387035,1.2902424,1.1172705,1.2701608,1.1199148,0.35189033,0.802394,1.2083201,0.8926276,1.2330912,0.63377064,0.70047575,0.9130274,1.3231827,0.92571485,0.66416043,1.1137365,0.80749434,1.2847124,1.3327504,1.4025257,0.37388366,0.9798907,1.300761,1.3604989,1.047491,1.4189354,0.69089127,0.4128613,1.3468664,1.0380054,1.4068205,1.0132097,1.2802333,1.1268181,1.4014175,0.31770146,0.8029888,0.6665875,0.6317431,0.8020894,1.0358617,1.3281652,1.4831399,1.4041445,1.321799,0.46875548,0.73023814,0.5553997,0.5883958,0.8005166,0.8448625,0.7543929,0.66835964,0.44922912,1.0248716,1.3331566,1.3679763,1.3484685,1.2385954,1.4119146,0.5879768,1.2462204,0.77323985,1.1782012,0.28448075,1.2579689,0.42233706,1.1281707,0.88656336,0.8011836,1.1782442,1.2119977,1.388237,1.4013448,0.44300365,0.9438791,1.0427967,1.3466566,0.5900242,1.0739976,1.3812253,1.0660666,0.86876607,0.21077108,1.0806038
bowl,1.3004684,0.81881654,0.85872674,0.7382057,0.6782261,0.6141569,1.1704617,1.3201573,0.8690541,1.283222,1.4416312,1.165516,1.0287162,0.71576583,0.7737675,0.0,0.84540445,0.6385283,0.9247422,0.7418504,1.116718,0.8316891,0.8185842,1.3417436,0.92718726,0.73255396,1.309526,1.0943223,0.8831265,1.3131094,0.86216974,1.2227533,0.42970163,0.5720672,1.2678046,1.0807105,1.1854479,1.0994003,1.215058,0.6301778,0.9589273,1.2279049,1.2244539,1.1141142,0.9483986,0.7881936,0.40724158,1.1961266,0.70467645,1.072242,1.2266604,1.0547606,1.3687651,1.1863228,1.2564176,0.97308695,1.0187161,1.1416872,1.3783082,0.68283623,1.4583682,0.44366634,0.6879477,0.9712802,0.91888523,1.2426287,0.9330821,1.3154303,1.1092865,1.2570344,0.9270059,0.61810577,1.0844584,0.9092763,0.94940084,0.9911528,1.2412846,1.4280403,1.4379716,1.1803052,0.83743864,0.83655083,0.88240075,0.7389652,0.9588234,0.054082274,0.99435866,0.8697157,0.7902641,0.9741441,1.1440576,1.2391357,1.3827248,1.0920136,1.4150178,0.94483954,1.1877204,0.83101666,1.1210455,0.6655351,1.0891625,0.8890708,1.133956,0.3618576,0.26101565,1.1597036,1.3178725,1.370029,0.87090087,0.50800526,1.2179766,1.0905937,1.3098332,0.6008726,1.0043832,1.1159837,1.0624721,1.0138562,0.94616216,1.1856863
box,1.0191431,1.1553985,1.0061165,1.1682785,1.1545091,0.7902955,0.96402705,1.0537276,1.1410081,0.9157045,1.1430326,1.0200922,0.8412623,0.5232578,1.0247575,0.84540445,0.0,1.1356965,0.87479603,0.72917724,1.0873152,0.8927217,1.056339,1.1586878,0.77584326,0.99410474,1.0896573,0.8999239,1.0042379,1.0117598,1.1772959,0.92475873,0.87357765,0.78748065,1.0715777,0.88187647,0.9302125,0.7719718,1.1585647,1.160147,1.1736736,1.1133415,1.3045946,1.0554224,1.1282426,0.91715866,0.8565343,0.97834307,0.7951805,1.2789207,1.0658153,0.86001456,1.2225131,1.0067797,1.0668967,1.2553968,0.9567397,0.947715,1.1163782,0.48438442,1.0732465,0.94355017,1.0068126,0.9815953,0.5497284,1.050682,0.9407553,1.0379798,1.1465712,0.977993,1.2815171,0.6723965,1.2459009,1.1520998,1.2080709,0.699653,1.0982053,1.0730417,1.0790874,0.82498896,1.1635659,1.0161815,1.2460865,1.0464768,0.95307815,0.87705773,1.2132285,0.81588745,0.85649145,0.6869007,0.8862479,1.0985358,1.0877591,0.9204197,1.1451942,1.0723941,1.014216,0.8294668,1.025805,1.0887786,0.9963455,1.171388,0.9301146,0.8546324,0.9056293,0.9888654,0.9921262,1.0918763,0.8856408,1.0327998,1.2355882,1.2104065,0.9130215,0.90189254,0.9106594,0.7927569,1.0158796,0.8762209,1.2705462,1.0451484
bread,1.0957733,0.56645375,0.8946858,0.80228806,0.34441602,0.80077446,1.1188729,1.1291454,0.83095473,1.2480425,1.2168446,1.0598769,1.104373,0.9224319,0.70055836,0.6385283,1.1356965,0.0,1.2106223,0.8982053,1.1557319,0.90568185,0.80964947,1.1437875,1.002844,0.7978285,1.2669127,1.2106153,0.979928,1.1462204,0.7068571,1.2133465,0.7278608,0.9685027,1.0849278,1.0337024,1.3767389,1.2550359,1.123036,0.28833437,0.96685284,1.0663177,0.9823306,1.2487843,0.96385187,1.044632,0.83201593,0.9740425,1.086844,0.8490038,1.1159004,1.0167737,1.1550543,0.7672299,1.2543803,0.78502035,1.0124362,1.3108695,1.2790511,1.0169185,1.3327985,0.803803,0.86312133,0.8538141,1.0310456,1.0919476,1.0811104,1.245993,1.0515288,1.006162,0.64805245,0.73492485,0.96339333,0.8513185,0.65980387,1.1353691,1.0316194,1.3181581,1.3313856,1.1104267,0.8007685,0.9417658,0.65452415,0.57011324,1.1829379,0.64234257,0.66874003,0.93923444,0.9240121,1.2901802,1.1369991,1.1017184,1.234069,1.0801452,1.3425391,0.88163614,1.227602,0.9380528,1.1823078,0.8108716,1.0950067,0.7593398,1.0699636,0.7579105,0.75231194,1.0463576,1.2191055,1.2960657,1.0841049,0.5217569,0.9536789,1.0513594,1.2335283,0.6081987,1.0133597,1.1073884,1.2074881,1.2216389,0.72727656,1.2626384
broom,1.1608135,1.2035024,1.2650156,1.1968462,1.0492777,0.90882283,0.9526243,1.1609809,1.0028381,1.0979607,1.1775339,1.0674231,1.0066777,0.92097855,1.010302,0.9247422,0.87479603,1.2106223,0.0,0.8339396,1.0414338,0.73462445,1.0155077,1.2228326,0.9358755,1.043127,0.8801466,0.9282087,0.9852514,1.1366701,1.0328786,1.0445057,1.0176643,0.82476586,1.2117058,1.0076454,0.51118624,0.9222022,1.0913696,1.1880387,1.0588869,1.2254941,1.2882633,1.0663555,0.8367648,0.8369644,0.741728,1.1653478,1.0533955,1.2430081,1.105282,1.1355467,1.2699226,1.1333721,1.044021,1.2181666,0.94552803,0.5981182,1.1408223,0.95937765,1.1033494,0.7783382,0.79728186,1.025606,0.8924286,1.0257127,0.3150748,1.0759283,1.0635163,1.1307244,1.2120689,0.8821089,1.081635,1.1070402,1.2004809,0.85043067,1.093293,1.0939659,1.1038914,1.0957501,1.0473727,0.82148993,1.0761757,0.9805556,0.7362217,0.9248005,1.2175602,0.9024987,0.92897314,0.60210955,1.0534574,1.1285818,1.0197126,0.96084607,1.0929539,1.049227,0.9986983,1.0009446,0.92121655,0.9374389,0.8541025,1.0807445,0.94512826,1.0274189,0.7443967,1.1403464,1.0121626,1.0444803,1.0341841,1.1438959,1.1834657,1.1512687,0.9300325,0.9732703,0.98282427,1.1095535,0.77945215,0.50493073,1.1839046,0.7047974
bucket,1.5553439,0.66721904,0.76694757,0.7838044,0.68542993,0.4781046,1.1505406,1.6182865,0.6593735,1.0702934,1.4579031,1.4778943,1.0732285,0.6746672,0.3760898,0.7418504,0.72917724,0.8982053,0.8339396,0.0,0.9629999,0.2309053,0.5742549,1.4720358,0.8618101,0.6781161,1.3286288,1.2647282,1.1493828,1.5152802,0.47418028,1.5022942,0.28865182,0.84638643,1.4074084,1.2179766,0.89254403,1.132534,1.1276116,0.6961857,0.74994767,1.401712,0.9908065,1.2066469,0.6249776,0.7004262,0.8735615,1.2982031,0.82498014,0.8588652,0.97489804,0.76237607,1.4344153,1.4732795,1.2799007,0.637213,0.84880984,1.1572454,1.5171478,0.74465275,1.3265944,0.7035494,0.46779478,1.2250108,0.9299982,1.284556,0.8667709,1.3791978,1.0981362,1.3427768,0.66649,0.6436169,0.74365973,0.71314436,0.7480719,0.9348877,1.372643,1.4166248,1.3600266,1.3067613,0.60790074,0.7721714,0.79301476,0.5895811,0.71688515,0.8153364,0.7333256,0.46940958,0.5481932,0.9083698,1.2713611,1.3342187,1.3266699,1.2622182,1.4167731,0.50785184,1.0874311,0.58841425,1.2264428,0.51780856,1.2183132,0.4950056,0.9347318,0.9149269,0.7559614,0.9170494,1.2665777,1.4195433,1.4258327,0.5686974,0.8420502,1.0092256,1.2319205,0.5762467,1.1065371,1.3373433,1.0882038,0.8468176,0.70179623,1.0655829
butterfly,1.1480336,0.9875957,1.0079882,0.94103086,0.86877584,1.0148093,1.1006397,1.1926918,1.0735743,1.0305132,0.9692939,1.0642533,1.1269385,1.1473774,1.1092161,1.116718,1.0873152,1.1557319,1.0414338,0.9629999,0.0,1.028452,1.0540121,1.0963845,0.9486191,0.94939655,1.1413896,1.093632,0.99121267,1.1730042,0.98476946,1.0858142,1.0472004,1.0889983,1.1153436,1.1058038,1.0343295,0.9777463,1.00453,1.1142355,0.70171064,1.0965991,0.8180589,1.1292424,0.8032207,1.0557069,0.98046863,1.0452708,0.9738805,0.8681247,0.7968825,0.8701503,0.9379678,1.2098627,0.89067495,0.9310505,0.9634913,0.81393254,1.1402379,1.1183466,0.9814125,0.9637467,1.023742,1.0244523,1.03522,1.0181106,0.98966753,1.0945873,0.94721705,1.0542116,1.0504924,1.0610669,0.7390545,1.0045192,0.734591,1.1367646,1.106966,0.9540239,0.9776335,1.064027,0.8855687,1.0011743,0.99702334,0.984328,0.9519207,1.122309,0.77835524,1.0336018,1.0664775,1.1781604,1.095332,0.9720361,0.9521528,1.133472,1.0435385,0.82325655,0.95706606,0.8069232,1.0253803,1.0500549,1.1015056,0.858354,0.8774227,1.05548,0.94027066,0.8104906,1.0711488,1.0989159,1.1315268,1.0418662,0.7449615,0.7610749,1.0242841,1.0442823,1.1317197,1.1691897,1.0452306,1.081622,1.0502404,1.0660198
can,1.5829471,0.7602969,0.8938241,0.867117,0.7532839,0.5914919,1.0741938,1.5125223,0.452204,0.9389877,1.4273026,1.4455357,1.1917151,0.77387524,0.3463372,0.8316891,0.8927217,0.90568185,0.73462445,0.2309053,1.028452,0.0,0.63620484,1.4577065,0.9495803,0.7155616,1.1733682,1.3036249,1.0981789,1.4353349,0.38792193,1.4579763,0.44750112,0.79217017,1.4250513,1.3469659,0.74565583,1.15099,1.1395047,0.6481899,0.8561958,1.3344895,0.9175936,1.2313455,0.5331691,0.8429756,0.9223628,1.4337288,1.0483435,0.7986357,1.0405835,0.90236425,1.3496722,1.4171258,1.3144583,0.58463615,0.9189044,1.1815132,1.4293227,0.9391897,1.2984362,0.6800746,0.36153996,1.2590468,1.0243909,1.3055989,0.7488103,1.3506382,1.0796726,1.4140967,0.58529866,0.664372,0.6772293,0.6033205,0.8215368,0.9070646,1.4024549,1.4067217,1.288781,1.319268,0.6518515,0.669688,0.6611781,0.5970257,0.7662808,0.8852113,0.7697668,0.6760172,0.52243507,0.7338503,1.3360738,1.3193674,1.2964971,1.2625622,1.3689512,0.47650224,1.1340111,0.78595245,1.1372468,0.39694214,1.2593726,0.4231463,0.87106144,1.0151813,0.81566095,1.1205907,1.2344158,1.399476,1.3833427,0.6006118,0.75288594,1.0058464,1.2375668,0.62698245,1.1917286,1.3577509,1.0234641,0.7564801,0.5380479,0.89669824
car,1.412688,0.7270199,0.8583601,0.9005813,0.70177555,0.67071795,1.1332654,1.30392,0.5301475,1.1126587,1.4497589,1.3083317,1.0988743,0.6675968,0.43516302,0.8185842,1.056339,0.80964947,1.0155077,0.5742549,1.0540121,0.63620484,0.0,1.2591215,1.000095,0.7149171,1.2361714,1.3147192,1.0797831,1.32496,0.44933116,1.3117812,0.5166772,0.88420135,1.2830961,1.2131695,1.0342267,1.2113558,1.1908365,0.5975237,0.7601174,1.1332929,0.9161883,0.94191253,0.62552935,0.7806432,0.8576913,1.2581769,0.9165416,0.7276237,1.1167424,0.8266263,1.1956193,1.3737335,1.3508663,0.5617497,0.9516994,1.2860303,1.2898033,1.1255727,1.2358627,0.6527883,0.5370788,1.1610053,1.0100296,1.2686342,1.0946252,1.0073996,1.1281577,1.331048,0.5902375,0.79434884,0.8639494,0.8185576,0.832294,1.0308774,1.3045805,1.4281209,1.269885,1.2766222,0.62853223,0.8124449,0.67676705,0.6223192,0.8158373,0.863001,0.7675575,0.8234782,0.5059626,1.0721635,1.1736135,1.1169449,1.1859827,1.2795386,1.2090414,0.7554998,1.1785778,0.8579971,1.0778575,0.42310625,1.2049698,0.62572974,1.2503216,1.088465,0.77610475,1.1008084,1.1042479,1.2990549,1.3396764,0.60311484,1.0132016,1.0845648,1.2851214,0.6644348,1.0271521,1.4046654,1.0851936,0.93797654,0.5440493,0.8686984
cat,0.37110156,1.3062958,1.0478075,1.1402869,1.2963269,1.3049116,0.8054554,0.56995916,1.2135363,0.9386232,0.65807986,0.70480263,0.9977514,1.3386554,1.3825879,1.3417436,1.1586878,1.1437875,1.2228326,1.4720358,1.0963845,1.4577065,1.2591215,0.0,1.2401948,1.3031795,0.7377305,0.854969,1.0272086,0.65378803,1.3716979,0.7673857,1.4416035,1.1838021,0.15305424,0.63763726,1.1084418,1.0597506,0.8189281,1.2654502,1.0205665,0.79480565,1.0553575,0.82141495,1.1658592,1.1485273,1.2822908,0.39947534,1.0560757,1.1676877,0.8823926,1.1350255,0.70980954,0.6838575,0.88261867,1.2011412,1.0554179,1.0035071,0.7183404,1.2041144,0.74390733,1.3481246,1.4020886,0.76404554,0.99891007,0.63553137,1.1682615,0.7135763,1.0588931,0.5865108,1.2588756,1.355443,1.260736,1.0902945,1.254292,1.1062047,0.37926692,0.6360302,0.7154274,0.8989936,1.2694628,1.2438167,1.1932214,1.2586267,1.1029831,1.3158307,1.2470868,1.2900399,1.3401535,1.135544,0.75916576,0.5802808,0.6334166,0.9058551,0.75033,1.2440083,1.0293194,1.2076842,0.91797245,1.3637166,0.9190572,1.297377,1.0330007,1.1985034,1.3436619,0.9885091,0.8421038,0.75926256,0.8333322,1.3142385,1.1761072,1.1404095,0.92730695,1.3699838,0.95895565,0.7074068,1.0143906,1.1675897,1.1972821,0.97701097
chair,1.1031486,1.121702,1.1335559,1.1689628,0.9031016,0.6592915,0.82651436,1.0055574,1.1661406,0.6144309,1.1340729,1.0198393,0.91920257,0.9740907,1.084137,0.92718726,0.77584326,1.002844,0.9358755,0.8618101,0.9486191,0.9495803,1.000095,1.2401948,0.0,0.95775807,1.0367177,0.72468615,1.0499378,0.94899356,1.0674249,0.70833385,0.94529617,1.0142305,1.2169805,1.0265999,0.86945665,0.6536679,1.041037,1.1467823,1.0891044,1.210695,1.1879965,0.93477887,1.0742584,1.0065192,0.8597225,1.0933465,0.90657866,1.0628082,1.0710831,1.159548,1.2242544,1.0133797,1.1206348,1.1189978,1.0702701,0.83557093,1.1082816,0.8549399,0.89361763,0.95477104,1.0046841,1.0226796,0.97106826,1.073511,1.0936325,0.89087373,1.166178,1.0281274,1.1623703,0.90658575,1.0948906,1.182633,0.99425435,0.9058951,1.1341845,1.1174221,0.93243814,1.089408,1.0070292,1.0487176,1.0223392,0.9300491,0.9490565,0.9839407,0.9174932,0.68389505,0.9885254,0.9636787,0.9354227,1.0098922,0.9810691,0.98994815,1.0529132,0.9034409,0.9821015,0.68627983,1.0895998,1.0449497,0.91420877,0.9309473,0.9840023,1.0499256,0.88229746,0.99219555,0.7807334,1.0195676,0.8542898,1.0795135,1.0844457,1.2203444,1.0708984,0.94280636,0.92276096,0.9726141,1.0289832,0.80805945,1.1197599,1.02939
clock,1.4024758,0.7959979,0.7711118,0.8226951,0.71817005,0.6895017,1.1977487,1.339546,0.75928795,1.2425452,1.3640777,1.2647939,1.2068982,0.78776234,0.61136365,0.73255396,0.99410474,0.7978285,1.043127,0.6781161,0.94939655,0.7155616,0.7149171,1.3031795,0.95775807,0.0,1.2651062,1.2987645,0.8605732,1.3079298,0.6301873,1.2512463,0.5907,0.9357282,1.1917675,1.0746286,1.1204501,1.0352118,1.0559497,0.70124704,0.724937,1.150532,1.0646731,1.2126851,0.83864504,0.886582,0.7439404,1.1148058,0.8312968,0.797457,1.1175023,0.76094097,1.2457601,1.261832,1.2585609,0.7347317,0.98814213,1.1275189,1.2846186,0.9497647,1.4031216,0.6887989,0.58935493,1.271548,1.0453041,1.295223,0.99361193,1.232469,1.0681503,1.2272346,0.6833685,0.8521232,0.8304993,0.6301466,0.79900897,1.0249094,1.2666639,1.3444085,1.3329917,1.2218864,0.6262175,0.7157457,0.77046907,0.8032274,0.92860925,0.72799087,0.73610765,0.8080337,0.6999084,1.0937182,1.2686698,1.3060634,1.3215415,1.1374547,1.3639477,0.7057561,1.191557,0.7250679,1.0737798,0.7514856,1.269142,0.6343515,1.1061751,0.8140249,0.6883594,1.1117989,1.2157156,1.349346,1.2360235,0.39193022,0.974247,0.9747456,1.1896495,0.74747956,1.0225918,1.2936205,1.12394,0.9551233,0.7434602,1.0955772
closet,0.7770516,1.3319352,1.1543344,1.2475169,1.336048,1.2418405,0.69709325,0.5931194,1.1521031,0.757355,0.7470096,0.7955371,0.9311223,1.3093446,1.3338847,1.309526,1.0896573,1.2669127,0.8801466,1.3286288,1.1413896,1.1733682,1.2361714,0.7377305,1.0367177,1.2651062,0.0,0.72239494,1.1207389,0.60783976,1.32888,0.70556444,1.3816228,1.0147496,0.83619237,1.0955689,0.48049283,0.8817197,0.83796877,1.3409529,1.2676396,0.8023099,1.0541661,0.656893,1.1254168,1.1849209,1.2013054,0.99789315,1.1242629,1.1417836,1.1068377,1.3392661,0.7958376,0.8368213,0.93402636,1.2971535,1.1593419,0.93532515,0.6231966,1.12433,0.661523,1.2229334,1.2106022,0.88572574,1.023655,0.95890176,0.97233933,0.64834106,1.0885675,1.0093429,1.2311884,1.3028195,1.2476939,1.2898178,1.2901789,0.7292242,0.8721132,0.7596668,0.6431343,0.89439434,1.3566648,1.2370805,1.0640786,1.3157873,1.0135063,1.2733431,1.2397217,1.3122423,1.245249,0.64662415,0.9277564,0.74010813,0.7321912,0.7976407,0.6641959,1.2959809,0.94223005,1.2813008,0.6521086,1.2506194,0.86124504,1.3142128,1.0434029,1.2110404,1.2730374,1.079354,0.7768752,0.64870745,0.7418273,1.3642794,1.1289585,1.2271769,0.8909652,1.348874,1.0377784,0.8173971,0.97400105,0.8889513,1.2150615,0.4935478
coffee,0.6788572,1.3359213,1.1818795,1.2789764,1.3499322,1.1770605,0.7974659,0.5412179,1.3877106,0.5822449,0.81323445,0.62297493,0.74873775,1.0736579,1.3933301,1.0943223,0.8999239,1.2106153,0.9282087,1.2647282,1.093632,1.3036249,1.3147192,0.854969,0.72468615,1.2987645,0.72239494,0.0,1.0034586,0.56246513,1.4451103,0.5953797,1.3464841,1.0185711,0.9208004,0.93860817,0.7464701,0.6624559,0.9887563,1.4008951,1.3625989,0.9432511,1.3045537,0.80557597,1.2555313,1.0445445,1.0802938,0.8974065,1.0017095,1.3912177,1.1610394,1.2406675,0.9860288,0.74962664,0.8922497,1.5137343,1.1695826,0.8932421,0.7517227,0.78976035,0.7313761,1.2723063,1.3269185,0.8362179,1.0379205,0.948019,1.0142571,0.7286128,1.1131028,0.83223635,1.4517374,1.1113904,1.3705727,1.3799876,1.3431602,0.8652574,0.82627213,0.78832495,0.7452261,0.754637,1.4609653,1.2272862,1.2689945,1.2733773,0.9775955,1.0606079,1.3381789,1.1885095,1.2260734,0.8444794,0.7374167,0.8310316,0.83705026,0.7313956,0.75011915,1.396869,0.9499742,1.1516238,0.83473074,1.3337111,0.65851474,1.4769223,1.0906591,1.026155,1.1650426,1.0153486,0.7889694,0.7043374,0.3828168,1.275276,1.3260782,1.2700628,0.7730534,1.2250103,0.87373734,0.5027113,0.84387106,0.9822896,1.4103392,0.8132245
cookie,0.9771663,1.0775704,0.93179893,1.0543047,1.135038,1.0125042,0.9852293,0.85801226,1.0427809,1.1527598,0.96716785,0.54157484,1.005056,0.8764783,1.0623043,0.8831265,1.0042379,0.979928,0.9852514,1.1493828,0.99121267,1.0981789,1.0797831,1.0272086,1.0499378,0.8605732,1.1207389,1.0034586,0.0,1.0095693,1.1350374,0.8174119,1.0665994,0.97053564,0.9728606,0.87937224,1.1075546,0.9882399,1.0590104,1.014776,1.0589521,1.0233717,1.1825205,1.1527731,1.0905833,1.0046113,0.7870888,0.93232906,1.0109067,1.1342733,1.115477,0.94651556,1.0758845,0.8901675,1.0958182,1.1160504,1.0101516,0.94882375,1.0970167,0.9019249,1.2144783,0.95477563,1.0605927,1.1125191,1.0357884,0.98355556,0.9350775,1.0987425,1.005982,1.0617658,1.0941695,0.8114761,1.1670839,0.8532528,1.1847559,1.1166724,1.0248725,1.0221064,1.1511767,0.70015025,1.1213284,0.99249697,1.1466495,1.0508407,1.0627496,0.828709,1.2498738,1.0294095,1.0792606,1.0394795,1.0447046,1.1517419,1.1352901,0.9636402,1.1195265,1.1574677,1.0440792,1.1428363,0.9414227,1.0998253,1.011068,1.1775967,0.9873688,0.90598834,0.9341588,1.1022402,1.1024253,1.098297,0.7989578,0.9181856,1.2365704,1.0228597,0.97134775,0.70712876,0.8547021,0.9090201,0.95913196,1.0961031,1.0940455,1.0756418
couch,0.5737273,1.3690147,1.1657609,1.2509317,1.3466518,1.303386,0.74969876,0.14198041,1.3048096,0.6314099,0.65558785,0.55429816,0.885139,1.1249676,1.3976063,1.3131094,1.0117598,1.1462204,1.1366701,1.5152802,1.1730042,1.4353349,1.32496,0.65378803,0.94899356,1.3079298,0.60783976,0.56246513,1.0095693,0.0,1.46882,0.5403209,1.4666297,1.1419961,0.68218935,0.8838257,0.9529084,0.9039471,0.8582244,1.3730654,1.3531873,0.57404983,1.142167,0.774058,1.2746916,1.1577845,1.2842411,0.81390077,1.0993515,1.1872468,1.0387946,1.3386775,0.6273167,0.53630394,0.9365167,1.3138953,1.1653577,1.0243027,0.44512206,1.0359817,0.61861086,1.4097457,1.4525281,0.90642476,0.9738334,0.9659461,1.1680366,0.6281689,1.0629628,0.80546,1.3539958,1.2821733,1.3993956,1.3198953,1.3680484,0.76635647,0.7707126,0.7023955,0.58607614,0.7652779,1.4266137,1.335568,1.2306707,1.1597462,1.0908179,1.294827,1.2925527,1.2315707,1.2549713,0.8409135,0.7167898,0.8074193,0.8049437,0.8102765,0.6343598,1.3851305,0.9100411,1.2869695,0.8185675,1.391709,0.77520454,1.4769144,1.0541434,1.1766675,1.3937404,1.152732,0.6346511,0.51993036,0.57742214,1.394413,1.2676895,1.2655864,0.93315053,1.3578196,0.9133923,0.6178756,0.9211334,1.0067087,1.322996,0.81132054
crayon,1.544268,0.5100173,0.8824593,0.8236129,0.5319094,0.662797,1.1799792,1.4700314,0.26975644,1.1907207,1.3984268,1.4161998,1.1405185,0.7476815,0.20376992,0.86216974,1.1772959,0.7068571,1.0328786,0.47418028,0.98476946,0.38792193,0.44933116,1.3716979,1.0674249,0.6301873,1.32888,1.4451103,1.1350374,1.46882,0.0,1.526199,0.47695905,1.0671914,1.3612906,1.3839476,1.2306627,1.2455238,1.1362344,0.4008959,0.7251042,1.2502401,0.6491194,1.2578886,0.5602107,0.8986672,0.89328176,1.3284667,1.1005411,0.50916815,1.0093374,0.6690185,1.2599825,1.3747163,1.2799549,0.3471294,1.0098364,1.261254,1.4144039,1.2536812,1.3651233,0.5869893,0.47129023,1.272264,1.114434,1.3709013,0.96433663,1.3056935,1.024969,1.4020717,0.2047615,0.83007693,0.5116757,0.6249684,0.61834395,1.1754531,1.3181025,1.3977035,1.3827531,1.3362412,0.32957673,0.5393754,0.44592583,0.5273926,0.9941672,0.93278635,0.57624274,0.7415509,0.5512567,1.2333856,1.4313345,1.2651074,1.3271935,1.1629812,1.4395025,0.48913658,1.190983,0.79508746,1.2122517,0.3212903,1.2209084,0.28608167,1.1182476,1.0008425,0.7604711,1.1422462,1.2383022,1.4576368,1.4766574,0.4880919,0.69356287,0.7949372,1.1805143,0.567822,1.0208765,1.4676968,1.188824,1.0604458,0.18370885,1.170713
crib,0.5508785,1.3971889,1.1657428,1.2596327,1.4134817,1.268697,0.5784669,0.32167435,1.3152266,0.7328968,0.71587914,0.40539014,0.8529633,1.1547235,1.4693968,1.2227533,0.92475873,1.2133465,1.0445057,1.5022942,1.0858142,1.4579763,1.3117812,0.7673857,0.70833385,1.2512463,0.70556444,0.5953797,0.8174119,0.5403209,1.526199,0.0,1.4601052,1.0389354,0.8039593,0.90743685,0.9159798,0.5227509,0.94972116,1.4191145,1.327731,0.85914755,1.2914097,0.69485134,1.3196546,1.1985288,1.1049209,0.870013,1.0058854,1.3182584,1.2369509,1.3384056,0.8742281,0.52536714,1.0224022,1.4263061,1.165945,0.6840995,0.680368,0.90263736,0.7949515,1.3003421,1.4183192,0.842458,1.0452151,0.94661725,1.0991077,0.69718933,1.0872052,0.81413734,1.4247403,1.1855297,1.413424,1.2839017,1.4598317,0.9519409,0.78392553,0.71773803,0.79339504,0.63339937,1.4377086,1.2654871,1.2289042,1.2694516,1.2124809,1.1844912,1.4181594,1.1816381,1.2271138,0.971164,0.674756,0.68084335,0.8257191,0.72726166,0.79008484,1.4061828,0.9864121,1.2355645,0.6953395,1.3187426,0.719169,1.50882,1.1281358,1.1376784,1.2527211,1.0751462,0.7748835,0.7245569,0.46552885,1.3972983,1.4153826,1.2456933,0.8277845,1.2378521,0.90614647,0.575954,0.9006169,0.99805754,1.340313,0.8205037
