,alligator,ankle,apple,arm,ball,balloon,banana,basket,bed,belt,bench,bib,bird,blanket,book,bottle,bowl,box,bread,broom,bucket,butterfly,can,car,carrot,cat,chair,clock,closet,coat,comb,couch,cracker,crayon,crib,cup,dog,doll,door,drawer,dress,ear,finger,fish,flower,foot,fork,frog,glass,glasses,glove,gum,hair,hand,hat,hose,jacket,jar,jeans,knife,ladder,lamp,mitten,nail,napkin,necklace,nose,oven,owl,pajamas,pants,paper,pen,pencil,pillow,pizza,plant,plate,pumpkin,purse,radio,refrigerator,scarf,scissors,shirt,shoe,shorts,sink,slide,slipper,sock,spoon,stroller,sweater,table,tape,toe,toothbrush,towel,toy,tray,truck,vacuum,watch,window
alligator,0.0,1.2900977,1.143538,0.62342644,1.2968097,1.2524637,1.3102239,1.3157682,0.5371918,1.4398987,0.77348125,0.55999875,0.81118584,0.5038072,0.8619386,1.4618413,1.4478998,0.9558734,0.7155512,1.0918123,1.3425276,1.1673757,1.3443993,1.2542853,0.9630867,1.0579829,1.1875973,1.3350517,0.84160477,0.6660638,0.9219724,0.5969704,1.2611213,1.4817363,0.7642918,1.399256,0.8526094,0.63412666,0.84066606,1.1343316,0.7489749,1.2055607,1.1774259,1.292274,1.3036344,1.165522,1.2055211,1.1971289,0.93131614,1.3313102,0.8681404,0.9702715,0.8319293,0.7659228,1.3479532,0.80910236,0.74786663,1.0185381,0.72571754,0.86255115,1.11655,1.3928876,0.7746406,1.4016416,0.67709756,1.2407637,1.1961329,1.0730027,1.0869013,0.5885702,0.6296104,0.688048,1.3227146,1.3138486,0.8818421,1.3716209,1.2220817,1.0912726,1.292226,1.012115,1.2053609,0.84520096,0.7701789,1.410995,0.71298677,0.79926276,0.70262563,0.88070124,0.7191408,1.4087785,0.98369616,1.2524915,0.80199474,0.60933477,0.58330745,1.3512146,1.2935263,0.82643694,0.88196146,1.2483557,0.75654817,0.9383201,0.9324567,1.3951638,0.7093074
ankle,1.2900977,0.0,0.8841504,1.0728333,0.721263,0.9417434,1.0308733,0.97649354,1.2312884,0.8827511,1.2396984,1.2367064,1.1772356,1.2837989,1.2268312,0.79257166,0.79190266,1.1896712,1.0573758,1.0017978,0.93694204,0.98052454,0.83544785,1.0171355,1.215373,1.1465887,1.0202599,0.71368074,1.1676916,1.1933475,1.2244172,1.193122,0.81637996,0.7752746,1.281708,1.016685,0.98029363,0.8518826,1.2910628,0.9319961,1.0779076,0.83315396,0.49219298,1.0009869,0.93952703,0.50150084,1.0285223,0.9569582,1.0425997,0.68344295,0.839467,1.0346085,0.99777216,0.8908414,0.5982487,1.2990103,1.119562,1.2356272,1.1438015,1.1147344,1.0375932,0.8313615,0.8310083,0.6172363,1.1904161,0.6670761,0.82888484,1.0418487,0.96112454,1.1862473,1.1401073,1.3158028,0.7581326,0.8984519,1.0190986,0.93849444,0.94142747,1.0707097,0.99082386,1.1718627,0.93383324,1.2355709,1.2086929,0.73560196,1.2410923,1.0387001,1.0330826,1.1176742,1.2433417,0.4739148,0.70984507,0.8131676,1.0651845,1.2895238,1.3587548,0.8948822,0.16213626,1.0649195,1.0503491,0.90862656,1.2576889,1.241349,1.1763561,0.75652224,1.2833233
apple,1.143538,0.8841504,0.0,1.1960882,0.1844188,0.6579153,0.85061336,0.9357499,1.1614422,0.99324495,1.1955183,1.1485281,1.1015487,1.1962098,0.9846171,0.7146435,0.68860334,1.0240314,1.2148226,1.2718722,0.9717896,0.90287244,1.1350234,0.92393553,0.9922183,1.1480312,1.1101967,1.0285164,1.1592605,1.3009808,1.0838475,1.1513942,0.8350024,0.88376087,1.1876574,0.93479824,0.91551363,0.9004953,1.1934793,1.0537553,1.1400964,1.0558037,0.96525925,0.964408,0.77165544,0.92287683,0.9220832,0.805257,0.8673661,0.85862017,1.0351932,0.8342159,0.99838614,1.0028293,0.7616878,1.3229249,1.1132334,1.1729208,1.2109993,1.2382942,1.1877364,0.9200128,0.8298761,0.746706,1.1924976,0.9680137,0.7791931,1.2433296,0.7526189,1.2456676,1.2324831,1.0419676,0.99697113,1.0208287,1.045265,0.92225176,0.9842876,1.0253894,0.8362185,1.0546223,1.0209451,1.0914944,1.0770319,0.8111481,1.2344081,1.0590684,1.1560864,1.2029008,0.98363906,0.7204214,0.9188883,0.9179256,1.1127727,1.1911639,1.1708395,0.7116504,0.7639227,0.9185909,1.0489708,0.56307685,1.0930107,1.1977308,1.2582855,0.93148685,1.2200027
arm,0.62342644,1.0728333,1.1960882,0.0,1.3065853,1.3328497,1.3345461,1.2493684,0.5923105,1.2435744,0.8938258,0.5126392,0.91912305,0.61786306,1.0108428,1.3940797,1.4452733,1.067087,0.78994876,1.0715407,1.2897063,1.2759485,1.2411802,1.3761642,0.95570594,0.7663106,1.1869221,1.1065694,0.87690574,0.7378091,0.85361326,0.6301129,1.2550229,1.4587116,0.82355833,1.3450551,0.85971034,0.65227926,0.9007813,1.273324,0.88174564,1.0109149,0.84194636,1.3731762,1.2795362,0.97377867,1.252041,1.3014555,1.0396929,1.145413,0.9195181,1.078863,0.8125923,0.43261462,1.2628901,0.79006314,0.8652185,0.8507657,0.64256096,0.8789959,1.1554956,1.4022547,0.80269504,1.359201,0.74443626,0.9424378,1.346614,1.0270989,1.1504481,0.5429207,0.534105,0.6404921,1.14878,1.3383976,0.89447826,1.3312197,1.3328756,1.1126823,1.3282261,0.9759157,1.3250479,0.9010059,0.91250455,1.3804724,0.5242699,0.9153584,0.6135807,1.0658879,0.7033528,1.4351038,0.9037787,1.316535,0.8617439,0.6293922,0.71182156,1.3689406,1.1303824,0.79362303,0.9733913,1.3520392,0.8130635,0.9160203,0.92654574,1.3657696,0.9194956
ball,1.2968097,0.721263,0.1844188,1.3065853,0.0,0.5146818,0.7864352,0.87293637,1.272124,0.8526184,1.3248855,1.2376463,1.1702523,1.2871815,1.0579517,0.5663349,0.39863366,1.1197177,1.274983,1.2744685,0.8696602,0.859787,1.119474,0.86319065,1.095134,1.1989335,1.1371788,0.898759,1.2549503,1.3991935,1.1798611,1.2687767,0.635744,0.61103815,1.3323002,0.76556826,0.9958503,0.9411629,1.3720901,1.043834,1.1740541,1.0083829,0.8430211,0.8672473,0.6785289,0.76773864,0.83369124,0.79759645,0.9669065,0.7995797,1.0142834,0.69202805,1.1396203,0.9834457,0.6943917,1.387305,1.1485606,1.2764676,1.3301263,1.2843769,1.2251271,0.78394544,0.861742,0.51832235,1.2617095,0.8916509,0.6699671,1.26682,0.8096287,1.3610506,1.3678529,1.1840901,0.7469521,0.83269507,1.037769,0.7447172,0.92715985,0.95821977,0.8414702,1.1543214,0.957921,1.2686863,1.2508893,0.611005,1.3906457,1.1343011,1.2752844,1.2484897,1.051981,0.4470451,0.8296389,0.7744137,1.251797,1.3532549,1.3646258,0.45456874,0.52503,0.8926208,1.095859,0.4747321,1.2307837,1.2734826,1.3460414,0.72088027,1.3141031
balloon,1.2524637,0.9417434,0.6579153,1.3328497,0.5146818,0.0,0.8474968,0.69552225,1.2685192,0.84092605,1.219803,1.2338269,1.2069046,1.2372875,0.98253906,0.6822334,0.5411323,1.0123155,1.1991128,1.1381149,0.7253233,0.6750915,0.91452205,0.8526097,1.2543619,1.1139402,0.8527931,1.0272286,1.0831,1.333794,1.1106248,1.3025374,0.7194778,0.7693536,1.1318185,0.70241314,1.0624216,1.104211,1.18122,0.85830307,1.1418028,1.0188432,1.1079164,0.8028283,0.7965332,0.93284315,0.7165932,0.9032052,1.1156234,1.0250591,1.0806892,0.7472435,1.2455361,1.1544546,0.75325006,1.1663024,1.18529,1.0961729,1.3504122,1.2012714,1.0726246,0.56354433,1.0211334,0.7971195,1.105295,1.0152674,0.6977651,1.200395,0.74474967,1.3514446,1.3933699,1.1819419,0.8914013,0.8999265,1.1031072,0.79233813,0.80653334,0.7116871,0.9736116,0.91017336,0.8729397,1.0969087,1.2697823,0.6791758,1.3795959,1.0813842,1.3367462,1.0316004,1.0991899,0.6070841,0.9992891,0.8993519,1.1160295,1.3826644,1.2732158,0.50295967,0.82094777,1.070381,0.9248554,0.66111714,1.20008,1.0342861,1.0470754,0.882159,1.0989668
banana,1.3102239,1.0308733,0.85061336,1.3345461,0.7864352,0.8474968,0.0,0.749524,1.4207034,0.73441744,1.1475945,1.3602499,1.0558908,1.3593833,1.0034014,0.7188091,0.75937593,1.0233908,1.1604844,0.9416639,0.69385755,0.8830258,0.93374777,0.7244974,0.86331975,1.0468582,1.0517758,0.9603307,1.1516842,1.2200658,1.007415,1.3928788,0.67427224,0.59157026,1.1839963,0.83822715,1.1330515,1.3065879,1.1928408,0.9540803,1.1889617,0.99276537,0.9831269,0.4950621,0.8054569,1.0878372,0.718369,0.6545712,0.8651353,0.96121746,1.1660048,0.7566939,1.2470189,1.2044379,0.9258642,1.0550003,1.2079228,1.021451,1.3092463,1.1325347,0.96195614,0.8693267,1.2535657,0.8456078,1.2392265,0.89559245,0.7857526,1.0550176,0.964893,1.4003258,1.3324902,1.2130281,0.8270198,0.744824,1.0514476,0.78671545,0.79984033,0.9666896,0.18201703,1.0543098,0.8036001,1.3135126,1.1196895,0.67268014,1.2973907,1.2880974,1.404062,1.1570463,1.2335161,0.810287,1.1333468,0.51529557,1.1783926,1.2906445,1.3671758,0.722432,0.972524,0.9727031,1.1555128,0.7814658,1.1748521,1.0666413,1.2014216,0.73625636,1.1244905
basket,1.3157682,0.97649354,0.9357499,1.2493684,0.87293637,0.69552225,0.749524,0.0,1.3247142,0.9497992,1.2959895,1.2539399,1.2677029,1.276087,0.89126873,0.6739639,0.7549654,0.7150509,1.2682267,0.9841303,0.13700616,0.86982286,0.8297653,0.7831079,1.1306121,1.1123434,0.7972834,0.9782927,0.8952926,1.2800177,1.0620348,1.3171978,0.82495356,0.8136027,0.8704158,0.81224823,1.0821836,1.1614885,1.0816749,0.7973047,1.1280098,0.9900752,1.1880466,0.8169035,0.8247436,0.95106167,0.74414736,0.87204456,0.99470246,1.1086742,1.0279666,0.80164444,1.2466698,1.1892331,1.0725759,1.0686724,1.1542778,0.9018454,1.3407992,1.2247546,0.9034172,0.79149926,1.1180091,0.99825686,1.157774,1.073651,0.83765674,0.99433327,0.9199244,1.3397348,1.3700782,1.1019957,1.0559288,0.9871173,1.0721318,0.852162,0.71136165,0.9839281,0.85561323,0.7108227,0.92475873,1.0709553,1.225481,0.71219605,1.3245957,1.0623152,1.3594979,1.0833954,1.1127819,0.74468416,0.9152177,0.951311,1.0522447,1.3184204,1.119851,0.65249205,0.92086935,0.9024729,1.0249397,0.6478305,1.0058709,0.9688861,0.95453686,0.9774637,1.0719905
bed,0.5371918,1.2312884,1.1614422,0.5923105,1.272124,1.2685192,1.4207034,1.3247142,0.0,1.4234369,0.8326526,0.40075862,0.7147808,0.17273962,0.885368,1.3689178,1.4334306,1.087003,0.5710741,1.2542534,1.4044712,1.1784267,1.4759377,1.3664197,1.0694757,0.9466387,1.2822922,1.2844477,0.9429367,0.78092945,0.99657387,0.15499902,1.3000145,1.4845092,0.8766676,1.2919395,0.86477983,0.5931423,0.9384214,1.3260729,0.5637896,1.1967764,1.1132452,1.3674978,1.2958232,1.158878,1.287879,1.2456299,0.97930676,1.1906724,1.064149,1.163276,0.7318911,0.8843315,1.3119988,0.969417,0.5318035,1.0660487,0.5191014,1.0474066,1.2728684,1.3381529,0.9751554,1.3539636,0.6646202,1.265296,1.2814827,1.1193959,1.0680175,0.38471532,0.5650625,0.5772169,1.3257115,1.2495153,0.83336854,1.3000686,1.3124807,0.93695766,1.4175665,1.138723,1.2806313,0.9144756,0.59680617,1.4189684,0.53524995,0.80495834,0.5523677,0.9777393,0.5537766,1.4706153,1.0265051,1.419315,0.9576255,0.45442915,0.4410367,1.3684502,1.2281786,1.0745069,0.9802307,1.2794644,0.7202905,1.0691887,1.1151222,1.3905826,0.76500785
belt,1.4398987,0.8827511,0.99324495,1.2435744,0.8526184,0.84092605,0.73441744,0.9497992,1.4234369,0.0,1.1201893,1.4166584,1.1064162,1.419724,1.1768383,0.6120955,0.54426205,1.1508421,1.1836041,0.94952476,0.8750442,0.8941356,0.59621,0.774867,1.0226517,0.839456,0.7222537,0.6395695,1.2934444,1.2527016,1.0763747,1.3837312,0.66876197,0.38050485,1.3541164,0.50742376,1.2111641,1.4343982,1.082115,0.78468037,1.3024967,0.95110714,0.9033827,0.6157892,0.7194075,0.97950536,0.90099585,0.87143147,1.149742,0.6638793,1.1500114,1.0668447,1.2556084,1.3355153,0.5148704,1.2049419,1.2973862,1.1492519,1.1996875,0.9762999,0.85638607,0.4418794,1.3204243,0.43870723,1.2694755,0.68559223,0.6600956,0.8277112,0.9792072,1.4279631,1.2972796,1.4283681,0.5563919,0.5656788,0.94960165,0.46358275,0.7288023,0.7900255,0.77451515,1.0835637,0.67096925,1.1375635,1.3033336,0.71059763,1.3006253,1.1975042,1.2907438,1.0035894,1.3084805,0.5623302,1.1628518,0.6910146,1.1728973,1.3446461,1.5115153,0.7866558,0.90792936,1.2815263,1.0977613,0.92646825,1.3411863,1.1332628,1.113453,0.3056054,1.2315748
bench,0.77348125,1.2396984,1.1955183,0.8938258,1.3248855,1.219803,1.1475945,1.2959895,0.8326526,1.1201893,0.0,0.9710034,0.7314188,0.7627728,1.1485727,1.2158399,1.1957536,1.134643,0.6374444,0.8529421,1.1914151,1.2214458,0.8596891,1.1293201,0.907755,0.8832528,0.86662567,1.2270485,0.9260781,0.699878,1.0290161,0.8961519,1.2572895,1.2042607,0.9906334,1.1217846,1.0707754,1.108165,0.57309514,1.0630013,0.98186857,1.048774,1.1317759,0.966568,1.2928227,1.2851737,1.2207989,1.1624445,1.07261,1.1931732,1.0181652,1.2444402,0.97235197,1.0354091,1.1694275,0.58267975,0.97104096,0.9482174,0.5206934,0.4967484,0.845755,1.0124555,1.0488374,1.2019914,0.7403374,1.1916037,1.2545588,0.94048935,1.2473161,0.8105148,0.7196476,0.94764954,1.0595589,0.95126224,0.9120869,1.1806865,1.2322676,0.71450126,1.0217495,1.162576,0.87174964,0.7910577,0.8449496,1.23171,0.84984595,0.96741664,0.66976184,0.59246135,0.7811956,1.3423231,1.0950048,0.99483967,0.9939962,0.85487294,0.7754187,1.338919,1.3564112,1.1166083,0.9050053,1.4570396,0.96640533,0.8384583,0.7087946,1.2313384,0.7337905
bib,0.55999875,1.2367064,1.1485281,0.5126392,1.2376463,1.2338269,1.3602499,1.2539399,0.40075862,1.4166584,0.9710034,0.0,0.7789439,0.39789748,0.5866593,1.423327,1.415997,0.84975415,0.828597,1.2161726,1.3343271,1.0917994,1.5014073,1.3092313,0.98157054,0.9830719,1.3192579,1.2845647,1.061881,0.8284897,0.81281996,0.53637123,1.239662,1.4688789,0.7816067,1.3715799,0.84970427,0.70088387,1.0913837,1.3523045,0.771163,1.113349,1.0017192,1.3047011,1.3015687,1.1497887,1.2089658,1.1164305,0.8465109,1.2669213,0.9579779,0.91208994,0.84026396,0.6273223,1.3632041,1.0015186,0.7512313,0.9930899,0.73465526,1.0928178,1.2925264,1.4216547,0.858735,1.3964782,0.6869946,1.1958462,1.3036102,1.173129,0.9551781,0.50829077,0.64772075,0.3496729,1.2859333,1.3048,0.9265001,1.3974916,1.3679651,1.028592,1.357096,0.91880953,1.2603567,1.0059906,0.772409,1.3431666,0.5993149,0.77368623,0.6498128,1.0051835,0.6386159,1.3979921,0.97227114,1.3584011,0.914616,0.6178147,0.42829847,1.3037784,1.2417666,0.7765918,0.97511727,1.0549507,0.58691394,1.1033643,1.1286786,1.4498454,0.7875129
bird,0.81118584,1.1772356,1.1015487,0.91912305,1.1702523,1.2069046,1.0558908,1.2677029,0.7147808,1.1064162,0.7314188,0.7789439,0.0,0.7261106,1.0688863,1.2350576,1.2225688,1.2125273,0.69215035,1.0480833,1.3064467,1.2002984,1.2421283,1.1622257,0.9113691,0.963198,1.2529612,1.2099152,1.1451228,0.69378114,0.90254104,0.744773,1.1615177,1.252977,1.062598,1.2200797,1.0662491,1.0774308,1.0159751,1.2854333,0.85221523,1.073293,1.0695006,1.0773827,1.1163723,1.2110348,1.1954678,1.1751001,0.7868459,1.1547354,0.9856361,1.0984546,0.8934214,1.0168067,1.1719956,0.9862216,0.8506386,0.96671236,0.5742536,0.90982455,1.1319532,1.3094947,0.98222584,1.1010689,0.89028895,1.146092,1.1436523,0.9209138,1.1102872,0.56978434,0.66432595,0.8365823,1.2165934,1.1384788,0.85879743,1.2125531,1.2227886,0.98907894,0.98435694,1.1644455,0.99269295,1.137054,0.7028942,1.25418,0.56880355,0.90740556,0.74705637,1.1219553,0.8643393,1.2200527,1.1090752,1.1538153,1.0532361,0.63978875,0.8461577,1.2330955,1.2110935,1.1344708,0.97670174,1.2696086,0.92403686,1.0059325,1.0939771,1.1743491,0.86884844
blanket,0.5038072,1.2837989,1.1962098,0.61786306,1.2871815,1.2372875,1.3593833,1.276087,0.17273962,1.419724,0.7627728,0.39789748,0.7261106,0.0,0.91563565,1.4333096,1.3919694,1.0855399,0.4688714,1.1555606,1.3301075,1.2271734,1.4031065,1.3993132,1.0027591,0.8982131,1.2277985,1.3414384,0.9525897,0.7288395,0.93387884,0.4710405,1.2406719,1.490216,0.8834036,1.334535,0.84702855,0.65048635,0.9612493,1.3118201,0.5630988,1.1306452,1.132809,1.334474,1.2874738,1.2021633,1.1803744,1.2240386,0.9875894,1.3166866,0.92710936,1.0652986,0.9426957,0.8756503,1.3948288,0.86538917,0.6249864,1.0143356,0.5494986,1.0373284,1.2675906,1.3824134,0.87806,1.3988013,0.40255725,1.2168142,1.2504923,1.0833874,1.1402123,0.4363777,0.60270625,0.6381677,1.3378034,1.302206,0.6886678,1.3047568,1.3314636,0.8739591,1.3795793,1.0460843,1.3227441,0.9538742,0.6793217,1.4323843,0.6062397,0.7395194,0.5771316,0.9502665,0.61632335,1.4323622,0.91375715,1.3526661,0.9824025,0.5449887,0.50986,1.3150656,1.288758,1.0614723,0.7782844,1.3007998,0.7738993,1.0298432,0.99698246,1.4502262,0.8273864
book,0.8619386,1.2268312,0.9846171,1.0108428,1.0579517,0.98253906,1.0034014,0.89126873,0.885368,1.1768383,1.1485727,0.5866593,1.0688863,0.91563565,0.0,1.1522313,1.1467918,0.4883265,1.1869259,1.0726675,0.9939648,0.8491984,1.3011057,0.8086751,1.0306644,1.1937026,1.0958474,1.2149254,1.0720148,1.1859572,0.73075545,0.9274913,1.092864,1.0307871,0.7074278,1.0858786,1.0584319,0.9654962,1.1516551,0.8265119,1.0555413,1.1536254,1.1124995,0.96790594,1.0425991,1.1684248,0.92837304,0.73352337,0.8290419,1.2472713,1.0901525,0.7979695,1.0577843,0.9491014,1.2253413,1.1417222,0.9661801,1.0648098,1.1553408,1.0885547,1.1044724,1.0980883,1.074106,1.2476645,0.96263593,1.1955624,1.1329914,1.1021696,0.8330654,1.059994,1.1017256,0.5024743,1.2311969,1.0677835,0.9037599,1.1285558,1.0793214,0.9770117,1.0120244,0.734163,0.9667462,0.9436338,1.0102904,1.0182331,1.0856602,0.9659141,1.1665428,1.0229717,0.8850101,1.1065694,1.0700186,1.0715084,0.9748052,1.0503634,0.5578517,1.037059,1.1753647,0.78152984,1.0687257,0.61578333,0.50859094,1.0942413,1.0921481,1.2000153,0.9696629
bottle,1.4618413,0.79257166,0.7146435,1.3940797,0.5663349,0.6822334,0.7188091,0.6739639,1.3689178,0.6120955,1.2158399,1.423327,1.2350576,1.4333096,1.1522313,0.0,0.36665845,1.1421556,1.2726386,1.2047051,0.6171572,0.906436,0.87685966,0.7146323,1.1285111,1.1135329,0.907585,0.8034863,1.1157228,1.307246,1.1978986,1.3291273,0.53574777,0.36195123,1.2797925,0.371073,0.9744767,1.243572,1.1938051,0.96261096,1.2679344,1.0021675,0.96605253,0.7048152,0.700406,0.88015294,0.83699733,0.7994112,1.0866857,0.7801939,1.2341527,0.8740331,1.1637423,1.2892681,0.71335316,1.3338821,1.2559687,1.1585561,1.3844509,1.2488171,1.0665104,0.50489396,1.237098,0.47347903,1.2938075,0.9020393,0.69767284,1.1461937,0.89993155,1.4988436,1.3838015,1.3037995,0.64001244,0.49350864,1.1532388,0.35889304,0.7158483,0.837685,0.71929425,1.1033733,0.8395392,1.2299206,1.2337244,0.5167966,1.4002886,1.2243227,1.3584263,1.0977235,1.214893,0.5277719,1.1498865,0.68608695,1.1787978,1.3686893,1.4297185,0.5966291,0.7489098,1.0593505,1.1445208,0.5976364,1.14241,1.1563572,1.2984914,0.4470048,1.2321298
bowl,1.4478998,0.79190266,0.68860334,1.4452733,0.39863366,0.5411323,0.75937593,0.7549654,1.4334306,0.54426205,1.1957536,1.415997,1.2225688,1.3919694,1.1467918,0.36665845,0.0,1.0746691,1.2878529,1.1528965,0.6458476,0.919652,0.81303006,0.6411906,1.0534348,1.1678652,0.8906737,0.767758,1.2662416,1.4055872,1.2075379,1.447079,0.5543097,0.29196805,1.3168508,0.3739242,1.165175,1.2650955,1.3041239,0.85449284,1.2738978,0.99588084,0.9575844,0.6601722,0.6619239,0.8156868,0.79644537,0.8856366,1.0964049,0.7872476,1.0680176,0.81526005,1.2976646,1.2159231,0.646241,1.2925532,1.3072221,1.2351481,1.418247,1.1267215,1.0317872,0.5184667,1.1374676,0.39886963,1.2364146,0.9136913,0.7047633,1.1906893,0.97705317,1.5268883,1.4750131,1.337492,0.50989544,0.54485387,1.0630817,0.39771974,0.8416709,0.7754661,0.7789075,1.1571869,0.71980226,1.2552714,1.290948,0.38806176,1.5028834,1.2199308,1.3962374,1.0643021,1.2351162,0.35354233,0.91275597,0.6227528,1.2969296,1.4971435,1.4619226,0.32164383,0.64975387,1.0346845,1.0505782,0.5644102,1.2732834,1.1729225,1.2348998,0.43437785,1.3242378
box,0.9558734,1.1896712,1.0240314,1.067087,1.1197177,1.0123155,1.0233908,0.7150509,1.087003,1.1508421,1.134643,0.84975415,1.2125273,1.0855399,0.4883265,1.1421556,1.0746691,0.0,1.2233887,0.92407876,0.7227851,0.94441485,0.9465086,0.7194617,0.91594607,1.180194,0.8654466,1.1530008,0.8943409,1.1503042,0.90098447,1.0642157,1.1445558,1.0653083,0.47855186,1.0534095,1.1143914,1.0450147,0.9282864,0.5819605,1.125643,1.0446354,1.18677,1.0119717,1.0515972,1.1352658,1.0047853,0.8833083,0.8890269,1.2013388,1.007669,0.8603737,1.0605648,1.0258843,1.1881673,1.0489573,1.0606722,0.83712775,1.2310202,1.0099456,0.8726629,1.0594789,1.0327601,1.2448983,0.98000026,1.2037652,1.1913749,0.93467396,0.94429773,1.1704547,1.1445292,0.7326769,1.2136735,1.1440526,1.0212599,1.1263806,0.97291076,1.0583916,1.0495882,0.5802598,0.93837154,0.8225893,1.064653,1.0348946,1.168243,0.92703855,1.1719822,0.8838852,0.95330065,1.071038,1.020704,1.0986222,0.88744915,1.1378257,0.6701679,0.9765365,1.1741695,0.7617332,0.9659914,0.69221085,0.733881,0.8961365,0.88353467,1.191561,0.86418194
bread,0.7155512,1.0573758,1.2148226,0.78994876,1.274983,1.1991128,1.1604844,1.2682267,0.5710741,1.1836041,0.6374444,0.828597,0.69215035,0.4688714,1.1869259,1.2726386,1.2878529,1.2233887,0.0,0.94685256,1.2364805,1.1892432,1.0490533,1.2468774,1.049257,0.72511804,1.0677462,1.1722212,0.8930073,0.70748013,1.1270697,0.7209512,1.2149506,1.3323356,1.0243347,1.2777374,0.7934195,0.87543905,0.8040517,1.1432362,0.83118385,0.9953182,1.0288932,1.1297575,1.3388095,1.2110417,1.2568814,1.1956519,0.8861916,1.1528195,0.98804027,1.2318931,0.9746599,1.0890479,1.2322146,0.8620016,0.9597865,0.95875764,0.65566367,0.8895979,1.0456517,1.1916418,0.9929806,1.2117997,0.6363026,1.0448946,1.1419103,0.9568277,1.0638478,0.6410044,0.59960103,0.9555745,1.2139194,1.145513,0.8513981,1.2335869,1.2244295,0.7114197,1.1581376,1.1861745,1.0337286,1.0674764,0.80451703,1.2571284,0.6406078,0.9185141,0.69863474,0.87920994,0.8320849,1.3009646,1.0278039,1.1417397,1.0388143,0.70679426,0.819757,1.336412,1.1718838,1.2034485,0.8715884,1.4175127,0.92938244,0.9250746,0.99181175,1.2411749,0.8290531
broom,1.0918123,1.0017978,1.2718722,1.0715407,1.2744685,1.1381149,0.9416639,0.9841303,1.2542534,0.94952476,0.8529421,1.2161726,1.0480833,1.1555606,1.0726675,1.2047051,1.1528965,0.92407876,0.94685256,0.0,0.92947865,1.0284625,0.53011316,0.9141721,1.046319,0.8821772,0.6568112,1.0466878,0.81544983,0.8458319,1.0105997,1.1731598,1.1836814,1.0848207,0.8775631,1.0434606,1.1392502,1.1137,0.8123995,0.8252734,1.1075441,0.81706655,0.9724452,0.8529503,1.0080886,1.0874325,1.1022555,1.0281768,1.0881972,1.1089343,0.970089,1.1561915,1.0973985,1.0706927,1.0218953,0.6805482,0.98759615,0.7590119,0.9897058,0.9150357,0.6958712,0.9594031,1.0236382,1.1868756,0.924764,0.90449,1.1375864,0.68665606,1.1277882,1.0340121,0.9482945,1.2516211,1.0814414,1.1130651,0.9071239,1.1318202,0.90934634,1.0003058,0.93303657,0.8725747,0.90458274,0.80419016,1.150361,1.1039559,1.0790589,1.0255336,1.0009934,0.86583537,1.2588677,1.1585445,1.0163155,0.8822489,0.94910246,0.9874497,1.0365759,1.1299531,1.1513033,1.1370708,0.7711381,1.2448215,1.0946996,0.78481585,0.30164993,1.1067128,0.89376473
bucket,1.3425276,0.93694204,0.9717896,1.2897063,0.8696602,0.7253233,0.69385755,0.13700616,1.4044712,0.8750442,1.1914151,1.3343271,1.3064467,1.3301075,0.9939648,0.6171572,0.6458476,0.7227851,1.2364805,0.92947865,0.0,0.96606356,0.6558765,0.7520269,1.0786785,1.1302073,0.7484099,0.94049084,0.86739755,1.2681308,1.1781067,1.379898,0.7738458,0.6965146,0.88724005,0.7339388,1.1609503,1.2267911,0.9964361,0.7371954,1.21773,0.93599325,1.1190231,0.6849228,0.8664201,0.94280744,0.81480634,0.92792684,1.0343229,1.0474408,1.0449443,0.7687032,1.2684388,1.1862288,0.9890695,1.0320673,1.2195374,0.95809984,1.4013314,1.1765462,0.87930363,0.70876575,1.1143249,0.8743361,1.0940022,1.0210061,0.9337444,0.9852941,1.0393797,1.4081227,1.3712367,1.1602994,0.93316233,0.865667,1.0422592,0.8058623,0.79403836,0.86372614,0.74788713,0.8481385,0.8180714,1.092913,1.2608879,0.7049384,1.4084356,1.1184231,1.3342289,0.97768354,1.1800582,0.7046496,0.9262819,0.75960517,1.0999244,1.3752128,1.1860437,0.6703375,0.883598,0.8569374,0.9861051,0.7462458,1.0828638,0.96383774,0.8880036,0.89376104,1.0402668
butterfly,1.1673757,0.98052454,0.90287244,1.2759485,0.859787,0.6750915,0.8830258,0.86982286,1.1784267,0.8941356,1.2214458,1.0917994,1.2002984,1.2271734,0.8491984,0.906436,0.919652,0.94441485,1.1892432,1.0284625,0.96606356,0.0,1.0088966,0.8642609,1.1958517,1.0620667,0.97155744,0.9886322,1.0397242,1.2875445,0.99236095,1.1801735,0.8818295,0.8593576,1.0546715,0.8882644,1.0064112,1.1378399,1.1250995,0.9172502,1.1111,1.1105125,0.989378,0.8278421,0.83273154,1.1007329,0.88362896,0.63490087,0.9355645,0.99794966,1.1628482,0.95235103,1.180546,1.1576277,0.95517886,1.115792,1.1768873,1.0515033,1.2534165,1.1166216,1.0205138,0.7927598,1.2214411,0.9798449,1.255918,1.0061986,0.7504073,1.1160724,0.38962406,1.2865114,1.2764835,1.0004121,0.8994214,0.7973457,1.1621281,0.9387182,0.7594849,0.96478784,0.98173946,0.87225294,0.9224359,1.0792322,1.1877464,0.72129536,1.1639557,1.0592624,1.3116482,1.000669,1.144193,0.8308626,1.1282307,0.9852682,1.0891209,1.2484654,1.1714308,0.76403975,0.97273225,0.9588144,1.1306686,0.69165313,1.0465002,1.0650733,1.0670582,0.8667725,1.1300793
can,1.3443993,0.83544785,1.1350234,1.2411802,1.119474,0.91452205,0.93374777,0.8297653,1.4759377,0.59621,0.8596891,1.5014073,1.2421283,1.4031065,1.3011057,0.87685966,0.81303006,0.9465086,1.0490533,0.53011316,0.6558765,1.0088966,0.0,0.8946395,1.0562264,0.8904006,0.3451265,0.79966116,0.84418195,0.9872059,1.1894965,1.3669312,1.0290793,0.84185433,1.0220997,0.7415283,1.2450585,1.3314941,0.6580186,0.6177027,1.2441713,0.71651196,1.0107007,0.7515067,0.9554074,0.9555133,1.0174671,1.1258533,1.2715288,0.81071806,1.0196162,1.2310833,1.1584406,1.2689044,0.6300086,0.8599485,1.2079918,0.8708215,1.1310503,0.8385924,0.5542958,0.54049695,1.099631,0.78069025,1.0343342,0.772117,0.9353428,0.6898536,1.0983622,1.3165188,1.1637716,1.4338744,0.86675024,0.91826636,0.98608613,0.83926016,0.77922416,0.8017785,0.87589043,0.9044608,0.6867706,0.76320136,1.3072214,1.0534687,1.2852317,1.1003485,1.0979905,0.7882627,1.3430153,0.83675194,1.0499078,0.8057097,1.0307393,1.2845488,1.2647467,1.0196024,0.9780022,1.2483573,0.7295729,1.238583,1.3547192,0.823035,0.51030815,0.81073546,1.009256
car,1.2542853,1.0171355,0.92393553,1.3761642,0.86319065,0.8526097,0.7244974,0.7831079,1.3664197,0.774867,1.1293201,1.3092313,1.1622257,1.3993132,0.8086751,0.7146323,0.6411906,0.7194617,1.2468774,0.9141721,0.7520269,0.8642609,0.8946395,0.0,1.0089121,1.1095582,0.9309543,0.9375146,1.0691348,1.2721229,0.9578051,1.3037053,0.8505485,0.6219565,0.76833206,0.66203904,1.0104488,1.2127738,1.0658872,0.66859376,1.2505876,1.1196979,1.1394771,0.7440358,0.7590597,1.0475469,0.9103351,0.75916153,0.92495006,0.99423313,1.1716082,0.9441694,1.1464764,1.2391098,0.9734015,1.0883801,1.243622,0.85408413,1.3492773,0.9872288,0.90887475,0.7834984,1.2481297,0.87422985,1.2118,1.1886244,0.93295175,1.0051981,0.9370136,1.4381828,1.3467305,1.203937,0.92991465,0.83493924,1.1768805,0.7251192,0.8464009,0.9705237,0.69825387,0.952699,0.64547914,1.0736228,1.0800649,0.70020765,1.2756569,1.1443956,1.4399168,0.9854965,1.2208687,0.77427274,1.1665269,0.814064,1.0019691,1.3055521,1.2100505,0.73303366,0.9780071,1.0519845,1.1313481,0.51316065,1.0158354,0.7715437,1.036612,0.70956236,1.0602115
carrot,0.9630867,1.215373,0.9922183,0.95570594,1.095134,1.2543619,0.86331975,1.1306121,1.0694757,1.0226517,0.907755,0.98157054,0.9113691,1.0027591,1.0306644,1.1285111,1.0534348,0.91594607,1.049257,1.046319,1.0786785,1.1958517,1.0562264,1.0089121,0.0,0.8083446,1.1700883,1.0605325,1.1085054,0.92500716,0.8861129,1.0864316,1.094414,1.0111984,0.98955905,1.0668532,0.988326,1.0477916,0.94495964,1.0497957,1.0196253,1.0310605,1.0804528,0.93671817,1.0328103,1.0958414,0.9116195,0.9726854,0.7179576,0.9791144,1.0450295,1.0272944,0.95562804,0.9481996,1.0995612,0.8961721,1.0517195,0.89856803,0.98283684,0.9519325,1.0540148,1.2022586,0.94167197,1.0738837,0.9592964,1.1546098,1.16154,1.0651411,1.163797,0.98332214,0.9603933,0.81005836,0.96943545,1.0034117,1.0229517,1.0370399,1.2238452,1.1449782,0.78768885,1.0506525,1.1098136,1.1160381,0.74990624,1.0165687,0.82651424,1.073808,0.9275943,1.0302354,0.97668946,1.1840303,1.0450548,0.89653987,1.0918602,0.9794728,0.984616,1.0354903,1.1718358,0.9093715,1.1072896,1.1181654,0.9781739,0.8718501,1.092755,1.0469463,1.0130925
cat,1.0579829,1.1465887,1.1480312,0.7663106,1.1989335,1.1139402,1.0468582,1.1123434,0.9466387,0.839456,0.8832528,0.9830719,0.963198,0.8982131,1.1937026,1.1135329,1.1678652,1.180194,0.72511804,0.8821772,1.1302073,1.0620667,0.8904006,1.1095582,0.8083446,0.0,0.88491106,0.9478467,0.9768298,0.84570783,0.9543675,1.0694884,1.1194367,1.1515518,1.0921717,1.006943,0.8300546,1.1948446,0.6630936,1.11131,0.97314316,0.9697138,1.0778269,1.0198655,1.0322334,1.1364566,1.0444582,1.0624454,0.8724389,1.0077015,1.1026466,1.2471683,1.0484028,1.052687,1.0558782,0.82827336,1.0688473,0.71813166,0.75120604,0.84687716,1.0723035,0.93315244,1.1385101,1.1070298,1.0395093,1.009986,1.014703,0.92028743,1.0099508,0.937086,0.8273367,0.9814894,1.0426078,1.041953,1.1654917,1.0149332,1.0901074,0.79444534,1.1019344,1.0734047,1.1502258,0.98791736,0.9284279,1.1817504,0.7089445,1.0565901,0.9627289,0.93404675,0.9495853,1.2295951,1.1489553,1.17166,1.1616879,0.8672233,1.020438,1.1876335,1.2169981,1.2122399,1.1891166,1.2658949,1.0408179,0.6862004,0.91726947,1.0851351,0.8529178
chair,1.1875973,1.0202599,1.1101967,1.1869221,1.1371788,0.8527931,1.0517758,0.7972834,1.2822922,0.7222537,0.86662567,1.3192579,1.2529612,1.2277985,1.0958474,0.907585,0.8906737,0.8654466,1.0677462,0.6568112,0.7484099,0.97155744,0.3451265,0.9309543,1.1700883,0.88491106,0.0,0.9921,0.80023474,0.99633694,1.2053795,1.2095151,0.98996377,0.9576025,0.88320684,0.7804967,1.1386728,1.2091087,0.6114472,0.5814673,1.2227813,0.8649611,1.1228082,0.92812794,0.98580647,1.0520351,0.93763334,1.1244044,1.3492234,1.0799133,0.9002904,1.1834558,1.1943104,1.2943698,0.88185,0.82382935,1.181702,0.8134234,1.1278601,0.8456547,0.4304664,0.5368413,1.0744984,1.0231602,0.9428217,0.8449589,0.92259264,0.70373684,1.0831499,1.2698355,1.1598408,1.3187048,1.0614401,1.0229234,0.88207996,0.8649491,0.7433045,0.75306684,1.0639435,0.74091357,0.84501576,0.58463615,1.2618904,1.12378,1.2908957,0.9818084,1.1441478,0.6840417,1.1633809,0.903319,1.007337,1.0425068,0.8685423,1.1902997,0.9922522,1.0676827,1.1490067,1.2647358,0.6356075,1.1152284,1.192619,0.85717326,0.54605097,0.999044,0.9300909
clock,1.3350517,0.71368074,1.0285164,1.1065694,0.898759,1.0272286,0.9603307,0.9782927,1.2844477,0.6395695,1.2270485,1.2845647,1.2099152,1.3414384,1.2149254,0.8034863,0.767758,1.1530008,1.1722212,1.0466878,0.94049084,0.9886322,0.79966116,0.9375146,1.0605325,0.9478467,0.9921,0.0,1.1627104,1.1382827,1.0800983,1.2112542,0.810024,0.6413059,1.2069448,0.8059808,1.0869334,1.2327688,1.1241932,1.0105888,1.1724465,0.7795038,0.7391064,0.9949615,0.9049547,0.82188725,0.94571143,1.0143284,1.1328658,0.40870762,1.0871165,1.0546726,0.9495771,1.0023121,0.52729255,1.1801943,1.1774288,1.1192447,1.1729857,0.81712437,0.9488277,0.87474805,1.1512437,0.5138495,1.3277142,0.6975883,0.7891494,0.9256509,1.0278053,1.2713857,1.2002633,1.2416346,0.55967045,0.7742636,1.1604255,0.7209608,0.9272585,1.0906528,0.94278413,1.1406598,0.90272176,1.0869133,1.1986094,0.7651604,1.1407512,1.1237922,1.1316563,1.1000681,1.1956376,0.7077254,1.0562308,0.8501798,1.0746092,1.2199986,1.354407,0.8579125,0.708536,0.99518675,1.2268001,0.97430736,1.171125,1.1602924,1.1690239,0.47794676,1.2348503
closet,0.84160477,1.1676916,1.1592605,0.87690574,1.2549503,1.0831,1.1516842,0.8952926,0.9429367,1.2934444,0.9260781,1.061881,1.1451228,0.9525897,1.0720148,1.1157228,1.2662416,0.8943409,0.8930073,0.81544983,0.86739755,1.0397242,0.84418195,1.0691348,1.1085054,0.9768298,0.80023474,1.1627104,0.0,0.845109,1.0742267,0.884493,1.1732826,1.3279028,0.67416227,1.1849991,0.9501451,0.845965,0.40388787,0.91952974,0.9950637,0.95195985,1.1433613,1.1879307,0.9984729,1.1153293,1.1231608,1.1343188,1.0822879,1.158821,1.0010068,1.0810814,0.9755967,0.9531594,1.2643175,0.70358175,0.9555041,0.86848766,1.0281506,0.9689106,0.7115903,1.1054592,0.98098594,1.3394991,0.8773596,1.0438929,1.1395572,0.8581494,1.1050762,0.9285608,0.934207,0.9850379,1.2475996,1.2027502,1.0454324,1.1976593,0.76092625,1.108012,1.114382,0.81836987,1.1643963,0.73337,1.00322,1.1650795,0.96755433,1.0678521,0.98615706,0.8336238,0.97940147,1.325001,1.0861403,1.2214972,0.8103156,0.9228397,0.69529176,1.1779277,1.2233279,0.92989206,0.835793,1.158164,0.9424277,0.7190367,0.5641039,1.3031224,0.75937825
coat,0.6660638,1.1933475,1.3009808,0.7378091,1.3991935,1.333794,1.2200658,1.2800177,0.78092945,1.2527016,0.699878,0.8284897,0.69378114,0.7288395,1.1859572,1.307246,1.4055872,1.1503042,0.70748013,0.8458319,1.2681308,1.2875445,0.9872059,1.2721229,0.92500716,0.84570783,0.99633694,1.1382827,0.845109,0.0,1.0133646,0.7304797,1.3229386,1.4406261,0.9666926,1.297843,1.000656,1.0009073,0.65072733,1.1992869,0.7724776,0.89612097,1.0649503,1.3297696,1.2906997,1.1814996,1.2708979,1.3187857,1.0603973,1.1551051,0.93196213,1.1988736,0.769253,0.86791897,1.2432833,0.8452249,0.7049041,0.8646636,0.57506824,0.9347961,0.92259234,1.3300272,0.86804223,1.2750533,0.81588036,0.99270904,1.2180883,0.8626261,1.2209939,0.43560302,0.38733983,0.9178994,1.2964451,1.3138411,1.0527908,1.2764997,1.2053148,1.1435527,1.1818643,0.9661064,1.1744516,0.8264624,0.8239901,1.3877112,0.5351247,0.9238556,0.48935843,0.89513916,0.88056767,1.4192698,1.116893,1.2187078,0.8342242,0.48532772,0.77686965,1.4235746,1.310424,1.0953004,0.87017405,1.4929628,0.9882101,0.86622816,0.7732525,1.2898865,0.64630497
comb,0.9219724,1.2244172,1.0838475,0.85361326,1.1798611,1.1106248,1.007415,1.0620348,0.99657387,1.0763747,1.0290161,0.81281996,0.90254104,0.93387884,0.73075545,1.1978986,1.2075379,0.90098447,1.1270697,1.0105997,1.1781067,0.99236095,1.1894965,0.9578051,0.8861129,0.9543675,1.2053795,1.0800983,1.0742267,1.0133646,0.0,0.998341,1.153727,1.1614106,0.8101779,1.1761202,0.9298601,0.94204456,1.0861074,1.1066302,1.0338875,1.0748644,1.1051204,1.105527,1.0588427,1.1070344,0.92537355,0.891458,0.9766486,1.1148727,0.9424773,0.9948757,0.95881724,0.85266423,1.1504416,0.94376004,1.0014466,0.87383276,0.99303687,0.9801684,1.1099654,1.1911194,0.97936636,1.246192,0.9182008,1.1790868,1.0841622,0.96052563,1.0130904,0.9411789,0.9826257,0.79028344,1.0939207,1.1245476,0.9341136,1.1597813,1.1013635,1.1169341,0.95244324,0.8501668,1.0896099,0.9916421,0.87863165,1.0758647,0.8630009,0.9547593,1.0799205,1.0865139,0.9025662,1.192457,1.0545855,1.1352274,0.8671413,0.96744305,0.840871,1.0759709,1.2363303,0.84710705,1.0168276,0.95769024,0.86259854,0.91936624,1.0022384,1.1206697,1.0964593
couch,0.5969704,1.193122,1.1513942,0.6301129,1.2687767,1.3025374,1.3928788,1.3171978,0.15499902,1.3837312,0.8961519,0.53637123,0.744773,0.4710405,0.9274913,1.3291273,1.447079,1.0642157,0.7209512,1.1731598,1.379898,1.1801735,1.3669312,1.3037053,1.0864316,1.0694884,1.2095151,1.2112542,0.884493,0.7304797,0.998341,0.0,1.3098402,1.4619846,0.8755307,1.3120421,0.91036224,0.5845748,0.90737784,1.2837579,0.72213197,1.1121819,1.1044948,1.3472841,1.276045,1.1259044,1.3034055,1.279683,1.0182338,1.055804,1.0548954,1.1628131,0.5007489,0.84025,1.1664798,0.99905694,0.5051135,1.0345678,0.60585505,1.0382905,1.1463196,1.3195353,0.959834,1.3159492,0.83435684,1.1732317,1.2940884,1.0328754,1.0871958,0.37595522,0.5679362,0.6883805,1.2985952,1.2325233,0.86828494,1.3132325,1.262849,1.0855196,1.3486383,1.116346,1.2473291,0.7853213,0.6515664,1.3902007,0.5102027,0.86037004,0.57134545,0.9966904,0.70301765,1.455146,1.0857605,1.4052346,0.90860856,0.4031489,0.50714254,1.3898679,1.2240055,1.00995,1.0120873,1.2836076,0.7653831,1.0603433,1.072308,1.3253028,0.8120042
cracker,1.2611213,0.81637996,0.8350024,1.2550229,0.635744,0.7194778,0.67427224,0.82495356,1.3000145,0.66876197,1.2572895,1.239662,1.1615177,1.2406719,1.092864,0.53574777,0.5543097,1.1445558,1.2149506,1.1836814,0.7738458,0.8818295,1.0290793,0.8505485,1.094414,1.1194367,0.98996377,0.810024,1.1732826,1.3229386,1.153727,1.3098402,0.0,0.45878565,1.3220477,0.70056707,1.0268414,1.1378841,1.3008645,0.9530342,1.2064658,1.0173379,0.8659005,0.6801553,0.76842237,0.88026494,0.6788765,0.85098016,1.1748608,0.8342794,1.0902672,0.3537575,1.2593927,1.0808426,0.8137215,1.2241213,1.2363683,1.150708,1.3240507,1.1249415,1.0982524,0.76791215,1.2154287,0.6499715,1.0969473,0.7473009,0.7049937,1.1300914,0.99290264,1.4145678,1.3404065,1.2707338,0.599054,0.6505214,0.9090146,0.5151433,0.77875644,0.9096863,0.77253324,1.1212192,0.8824887,1.2583153,1.2778636,0.6694718,1.3893973,1.1767833,1.3195666,1.1151261,1.2547405,0.57455957,1.0167506,0.62563574,1.23349,1.3473918,1.4214497,0.65727603,0.7454817,0.8586379,1.0989181,0.7320374,1.268366,1.2237034,1.2917204,0.5464469,1.2583376
crayon,1.4817363,0.7752746,0.88376087,1.4587116,0.61103815,0.7693536,0.59157026,0.8136027,1.4845092,0.38050485,1.2042607,1.4688789,1.252977,1.490216,1.0307871,0.36195123,0.29196805,1.0653083,1.3323356,1.0848207,0.6965146,0.8593576,0.84185433,0.6219565,1.0111984,1.1515518,0.9576025,0.6413059,1.3279028,1.4406261,1.1614106,1.4619846,0.45878565,0.0,1.3968054,0.31721604,1.2044635,1.3938811,1.3116091,0.785767,1.3088386,0.9998747,0.80739737,0.4448408,0.65647,0.8511104,0.71298033,0.6970665,1.0880053,0.6941285,1.210342,0.797506,1.330399,1.2890038,0.62669003,1.2880944,1.3186595,1.3301673,1.4198794,1.0161707,0.96996737,0.459418,1.332975,0.3100195,1.368088,0.80322397,0.72589755,1.0878669,1.0213562,1.6291436,1.4859962,1.3626702,0.32028478,0.23560548,1.0336605,0.26373076,0.75015354,0.8234737,0.6270053,1.1874852,0.67401075,1.3222249,1.3281584,0.43800384,1.5418563,1.3266246,1.4438372,1.0139698,1.3299726,0.44142687,1.0499644,0.40766537,1.3215208,1.5227382,1.5750175,0.54380107,0.69573826,1.0300058,1.2575221,0.6713242,1.2665799,1.2758582,1.2904989,0.240664,1.3096888
crib,0.7642918,1.281708,1.1876574,0.82355833,1.3323002,1.1318185,1.1839963,0.8704158,0.8766676,1.3541164,0.9906334,0.7816067,1.062598,0.8834036,0.7074278,1.2797925,1.3168508,0.47855186,1.0243347,0.8775631,0.88724005,1.0546715,1.0220997,0.76833206,0.98955905,1.0921717,0.88320684,1.2069448,0.67416227,0.9666926,0.8101779,0.8755307,1.3220477,1.3968054,0.0,1.258846,0.86821455,0.8607546,0.77061695,0.7549832,1.0189306,1.0092309,1.2359042,1.256802,1.21629,1.2426323,1.1411915,1.1038785,1.0327739,1.281081,1.0288594,1.079993,0.95011723,0.93306535,1.3738497,0.7765064,0.9870082,0.49912608,1.0477805,0.9746662,0.804436,1.2718894,0.99167943,1.461081,0.8371228,1.280797,1.3447437,0.81630605,1.0510631,0.9492505,0.9097029,0.74430746,1.3795681,1.3598347,1.0748652,1.3262029,1.12767,1.0882112,1.1694632,0.68445116,1.1078672,0.7205936,0.8925062,1.2494931,0.9051477,0.86047405,1.041397,0.89778304,0.6957353,1.353422,1.1245546,1.2434988,0.6430439,0.8701366,0.5111453,1.2071053,1.3184476,0.83960676,0.9006465,0.8567833,0.63736165,0.60103226,0.7182089,1.4060123,0.76111066
cup,1.399256,1.016685,0.93479824,1.3450551,0.76556826,0.70241314,0.83822715,0.81224823,1.2919395,0.50742376,1.1217846,1.3715799,1.2200797,1.334535,1.0858786,0.371073,0.3739242,1.0534095,1.2777374,1.0434606,0.7339388,0.8882644,0.7415283,0.66203904,1.0668532,1.006943,0.7804967,0.8059808,1.1849991,1.297843,1.1761202,1.3120421,0.70056707,0.31721604,1.258846,0.0,1.1306722,1.3659818,1.0640656,0.8361393,1.1548975,1.0981941,1.0790324,0.66919756,0.6948396,0.8652752,0.8193916,0.9836747,1.1440376,0.8537841,1.2799393,1.0234661,1.1960227,1.3542643,0.77061343,1.1312709,1.1587734,1.0719963,1.273749,1.0495187,0.9702296,0.37048256,1.3298256,0.5006839,1.3054965,1.0265592,0.76860225,1.1799424,1.015351,1.4282764,1.3798258,1.2345328,0.6268232,0.46707344,1.2149198,0.19038963,0.73665607,0.7679679,0.9117683,1.1194478,0.6659259,1.050897,1.1748606,0.80139697,1.3558086,1.2555366,1.2824249,0.97076786,1.2383025,0.71317357,1.1823955,0.79656494,1.2030016,1.3079437,1.339731,0.65863633,0.91130537,1.2742923,1.1636798,0.82106745,1.1979268,1.072985,1.0617142,0.38243473,1.1361837
dog,0.8526094,0.98029363,0.91551363,0.85971034,0.9958503,1.0624216,1.1330515,1.0821836,0.86477983,1.2111641,1.0707754,0.84970427,1.0662491,0.84702855,1.0584319,0.9744767,1.165175,1.1143914,0.7934195,1.1392502,1.1609503,1.0064112,1.2450585,1.0104488,0.988326,0.8300546,1.1386728,1.0869334,0.9501451,1.000656,0.9298601,0.91036224,1.0268414,1.2044635,0.86821455,1.1306722,0.0,0.6582655,1.0789838,1.1367401,0.961759,0.90743923,1.0742754,1.1942959,1.0211188,1.0576186,0.902048,0.90981996,0.923602,0.9792938,1.0168822,1.0894345,0.7811619,0.9843867,1.0476737,1.0344807,1.0601289,0.8350087,1.0749575,1.0729854,1.0860066,1.1798757,0.90260845,1.1169904,0.92021626,1.1926075,0.9474037,1.1655316,0.8223108,0.9746279,0.9122659,0.92540896,1.2287993,1.1629323,1.0965077,1.0901343,1.0599227,1.0529696,1.1004317,1.0549242,1.2000291,1.046184,0.8308355,1.0889032,0.824996,0.94834435,1.0898733,1.1225941,0.9224958,1.1375053,1.0595504,1.1273683,1.0221887,0.8610555,0.96405226,1.1905377,1.0004686,1.0137544,1.0102359,0.87056565,0.9162233,0.8879577,1.1545751,1.1129824,1.1192901
