,alligator,ankle,apple,arm,ball,balloon,banana,basket,bathtub,bear,bed,belt,bench,bib,bird,blanket,boat,book,bottle,bowl,box,bread,broom,bucket,butterfly,can,car,carrot,cat,chair,clock,closet,coffee,comb,cookie,corn,couch,cracker,crayon,crib,cup,deer,dog,doll,door,drawer,dress,duck,egg,elephant,face,finger,fish,flower,foot,fork,frog,giraffe,glass,glasses,glove,gum,hair,hamburger,hand,hat,horse,hose,jacket,jar,jeans,knife,ladder,lamp,leg,meat,melon,mitten,mouth,nail,napkin,necklace,nose,orange,oven,owl,pajamas,pants,paper,pen,pencil,penguin,pickle,pig,pillow,pizza,plant,plate,pony,pumpkin,purse,radio,refrigerator,rooster,scissors,shirt,shoe,shorts,shovel,shower,sink,slide,slipper,snow,soap,sock,spoon,sprinkler,strawberry,stroller,sweater,table,tape,toe,tooth,toothbrush,towel,toy,tray,vacuum,watch,window,zebra
alligator,0.0,1.1557935,0.9829525,1.0459404,1.1588215,1.1858436,0.88839245,1.0667675,1.1419849,0.9285403,1.0996716,0.8394351,1.1689229,1.0061771,0.715076,0.9887126,0.9518807,0.86803836,1.0468329,1.1399052,1.0821475,0.9952802,0.9375529,1.2229973,0.5640893,1.2563922,1.0986834,0.98699653,0.9032111,1.0955989,0.9925579,1.1316187,1.2527174,0.8231687,1.0948459,0.87982047,1.0514684,1.0635481,0.7835279,1.1550857,1.2079927,0.6616163,0.7602855,1.0651559,1.1496226,1.1051818,1.0676363,0.9756916,1.2365685,0.8428234,1.135665,1.0794947,0.5576073,0.96835196,1.0381845,0.8517064,0.40775216,0.7742791,1.2814165,1.0521635,1.0699503,1.0863308,1.0891263,0.9206014,1.1603843,0.9270742,0.63567334,0.9145684,1.0709894,1.2097507,1.0950018,0.8814382,1.0676497,0.94998646,0.9979336,0.97264385,1.0631058,1.1007109,1.1016293,1.0824527,1.0735835,1.0611479,1.1519305,1.1533651,1.1978539,0.94505143,1.1089268,1.1311584,1.0189723,0.8106894,0.855067,0.7518228,1.0603237,0.84700894,0.84687924,1.112355,0.8256088,0.9287326,0.65424,1.07829,1.0618695,0.9718871,1.2178458,0.7972058,0.84378237,1.0395737,0.7946241,1.0391191,0.86151236,1.1533132,1.2107812,1.0578234,0.9092971,0.88602,1.0081838,0.8102298,1.0242939,1.1723478,0.95958525,1.1165272,1.0614562,1.1318885,1.1996655,1.1242249,1.0843309,1.037184,1.0473789,1.0577649,1.0237368,1.2069317,1.0805033,1.0678993,0.8216586
ankle,1.1557935,0.0,0.9488462,0.8360995,0.9402205,0.9539013,1.0886626,0.9645418,1.1354091,1.0462704,1.0181754,1.083336,1.1531757,1.1265316,1.0678419,0.9509382,1.0982525,1.192607,1.065633,0.96081513,1.239078,0.87313366,0.887371,0.9395356,1.1638163,0.8858392,1.0441213,0.8068472,1.1475111,0.9302386,0.9903185,1.2073256,0.870997,0.9698724,0.9181341,1.0427475,1.058689,1.2194898,1.0048587,1.1627091,1.0101105,1.0943854,1.1526971,0.9563957,1.1736022,1.0268327,0.8939414,1.1043417,0.68632585,1.0745184,1.082287,0.69668984,1.0706024,1.0609595,0.6828183,0.7955591,1.1656728,1.0877397,1.1680486,0.99331796,0.86521566,0.9202503,0.9838488,1.0026233,0.8538933,0.96530706,1.1023031,0.9851062,1.1052977,1.1020187,0.8149862,1.0486612,1.2420268,1.0021585,0.8438773,1.1402059,1.0264614,1.0243268,0.9975953,0.95291126,0.8792187,0.7266917,0.86943805,0.99784833,1.1885772,1.0865722,0.7930409,0.8829777,1.2009103,1.0318769,0.96666986,1.0382842,0.79522955,1.0517695,0.80309105,0.86354077,1.0372318,1.0796171,1.1151909,0.97114664,0.9885983,1.1246003,1.2175975,1.0565825,1.0610827,0.94095504,1.0058802,0.77443856,0.945451,1.1102158,0.96735924,1.142484,0.9674341,1.1614829,0.9793431,0.8734252,0.90351146,1.0959164,0.9640019,1.0899489,1.0235904,1.2536157,0.9220126,0.61139536,0.99000657,0.9948203,0.81166637,1.0597098,1.2224042,1.0633861,0.8248162,1.1284533,1.0789467
apple,0.9829525,0.9488462,0.0,1.3435408,0.64519745,0.49282312,0.5449877,1.01671,1.4820495,1.1179696,1.5073045,0.5232221,1.3986669,1.3708905,0.8816649,1.5449284,0.87401795,1.1954865,0.58052576,0.576599,1.3439435,1.2573662,0.9546369,0.9909592,1.0183896,1.0723243,1.1768132,0.7837797,1.304115,1.1734478,0.6565926,1.4728308,0.9078262,0.8975323,0.75394547,0.68111354,1.4342403,1.3110853,0.40260023,1.4975504,0.7516109,0.88440037,1.031546,1.0491847,1.4659559,1.1740923,1.18121,0.9159988,0.52842546,1.231953,1.2027593,0.70157456,0.6551225,0.816908,0.69238347,0.86310357,0.77816397,1.0669755,1.227848,0.8565014,0.826298,1.0250615,1.2022969,0.8189528,1.201566,0.606069,0.95063984,0.9187613,1.313094,1.1707072,1.3756449,1.0105271,1.3694409,0.621533,1.204633,1.2708715,0.6748637,1.0826708,0.9679593,0.4462186,1.0470185,0.820281,0.73023623,0.26935494,1.2921845,0.99168235,1.2850142,1.3715105,1.2866229,0.5080669,0.5654781,0.8168228,0.78927743,1.0592266,1.126023,1.2609696,0.7633456,0.49845505,0.92842275,0.86799157,1.1218951,0.7430713,1.431747,0.8718224,0.84523535,1.4366937,0.8655598,1.2308296,0.731688,1.3065652,1.1866537,1.3388141,0.53615224,1.2575257,0.4503206,0.9239903,0.631555,1.257885,0.2572931,1.2517781,1.373095,1.431024,0.66960967,0.60488784,0.809523,1.208591,0.9640152,0.59957516,1.0856481,1.3179921,0.80129486,1.341997,1.1717187
arm,1.0459404,0.8360995,1.3435408,0.0,1.3108406,1.4080719,1.0697895,1.3100284,0.5582255,0.9999224,0.5187409,1.3868281,0.66045535,0.5621259,1.334583,0.5202551,1.2140107,0.9572243,1.4286206,1.3586675,0.70059353,0.61003417,1.2648883,1.2764598,1.1758487,1.2324482,1.0163057,0.92298883,0.89331853,1.1363803,1.2929782,0.8221722,1.0584837,1.1680641,1.2126305,1.3146706,0.5161799,0.6631888,1.3767725,0.85934865,1.3280556,1.3508301,1.2525046,1.1124972,0.7098666,1.0956815,0.810369,1.1282597,1.1042222,0.9664277,0.5574987,0.82437783,1.4297965,1.2818971,0.7748277,0.989743,1.3925629,1.227032,0.8856381,1.0181459,0.9667471,0.8780444,0.66948676,1.1896608,0.40592372,1.2360327,1.3233305,1.1494547,0.62087417,0.95876455,0.50636834,0.8026277,0.8778059,1.4006883,0.49592698,0.92951417,0.99146706,0.7097616,0.8711581,1.2508613,1.0445905,0.9604523,1.0368272,1.3528812,0.79264486,1.2509649,0.5934523,0.49094063,0.6694416,1.3731887,1.3253611,1.3974884,1.1041633,1.118707,0.9885978,0.7332104,1.3274908,1.3591251,1.3305569,1.0302134,1.20503,1.3588749,0.80819726,1.3491565,1.2339252,0.37932634,1.2097569,0.5329889,1.1504683,0.909565,0.8914291,0.7337774,1.3596061,0.8599278,1.4121989,1.0836782,1.3011795,0.8759771,1.3105813,1.0355394,0.5898495,0.6527509,1.3610559,0.8930183,1.1161853,0.51502967,1.2130921,1.3886478,0.8114263,1.0015996,1.333122,0.76046985,1.1269145
ball,1.1588215,0.9402205,0.64519745,1.3108406,0.0,0.158028,0.9820316,0.849179,1.2225659,1.1676178,1.27455,0.9714545,1.2610302,1.2132834,0.90576875,1.2284569,1.0232918,0.9044324,0.84060705,0.8970154,1.0372727,1.2491906,0.8386297,0.7701266,0.87649965,0.9510275,0.96220124,1.190489,1.1825383,1.1359489,0.9898765,1.1620435,0.9339215,1.1025714,0.5634843,0.7397913,1.2755487,1.071331,0.9664748,1.1276735,0.8489982,0.879921,0.9348014,0.8913414,1.2986186,1.0550697,1.216642,0.96608305,0.8520496,1.1213048,1.2230233,1.1864914,1.0165181,0.72920716,1.2428515,1.2065892,0.8657169,0.8933289,0.8949964,1.1594496,0.949535,0.8719786,1.2328235,0.9362809,1.2034568,1.0113328,0.90097064,1.0639306,1.2635434,0.90947354,1.3170035,1.2450404,1.2793493,0.92200524,1.2341228,0.9988862,0.6337003,1.0797371,0.97850776,0.9112683,1.1251189,1.1500841,1.076574,0.6715189,1.2228692,0.808316,1.1675687,1.3250092,0.9783116,1.0268152,0.87671316,0.95112705,0.8106196,1.075473,1.0294937,1.1720357,0.86209273,0.97617185,0.92827487,0.98885196,0.818719,0.918559,1.2330388,0.87573135,0.9233774,1.3103027,0.99452704,1.1715827,1.0739056,1.1520278,1.1744077,1.0296962,1.0078441,1.1057123,0.75014925,1.0396181,0.9338736,0.8320394,0.71215904,0.8735684,1.3079906,1.0783051,0.5087053,1.1172613,1.141092,1.2451138,1.0062208,0.4101162,1.1529382,0.96944255,0.7523772,1.107177,0.89272654
balloon,1.1858436,0.9539013,0.49282312,1.4080719,0.158028,0.0,0.96356833,0.81767726,1.2800574,1.172472,1.3758972,0.78624517,1.2637258,1.3340582,0.8898131,1.3834217,0.88102674,1.0248634,0.66605383,0.7135765,1.1796396,1.2851541,0.80069447,0.6706804,0.9987077,0.82729214,0.99453187,1.0853701,1.2967556,1.0160075,0.9153079,1.2083328,0.84704757,0.9826388,0.64457303,0.72627234,1.3766187,1.1513684,0.7469108,1.1989614,0.69860923,0.8692055,0.99623984,1.0175273,1.3155501,1.0033553,1.1952436,1.01397,0.8085395,1.159503,1.277158,1.0987957,0.94184715,0.6820928,1.1673038,1.1043546,0.91198176,0.9226963,0.9841664,1.1049961,0.8503674,0.87553126,1.3005891,1.0142981,1.2719471,0.9339687,0.88165,0.9794185,1.3258057,0.9790981,1.371561,1.1442611,1.2043045,0.7191583,1.3595185,1.1342971,0.711931,1.1410393,0.9087036,0.7561197,1.0523527,1.0365639,0.9752846,0.6230311,1.2281111,0.9422659,1.2102472,1.383645,1.146576,0.84302366,0.70479226,0.9333455,0.86996996,1.0759921,1.0896523,1.2474382,0.78006065,0.83282787,0.9008088,1.0866929,0.88581204,0.82881474,1.2378186,0.90087074,0.813977,1.3978426,0.9479343,1.236322,0.95282793,1.1545373,1.1073985,1.1031,0.8404749,1.19634,0.5947239,1.0091337,0.75462556,0.9198486,0.6198661,0.95010376,1.3894385,1.2010373,0.44346,1.0113282,0.99566865,1.2915487,0.9144169,0.32249093,1.1882031,0.9707096,0.6748774,1.156084,0.92648715
banana,0.88839245,1.0886626,0.5449877,1.0697895,0.9820316,0.96356833,0.0,1.1040317,1.1833806,1.1048527,1.2414818,0.7393402,1.3231859,0.99317795,1.0737969,1.2685598,0.97636676,1.0378871,0.7526132,0.8028321,1.067727,1.141919,1.1147786,1.1074467,0.9819759,1.1997961,1.2357395,0.6673365,1.156605,1.2065663,0.8271963,1.3214065,1.0387017,0.9854277,0.9351346,0.63201183,1.2136885,0.97846335,0.570852,1.2908576,0.89829993,1.1181381,1.1644405,1.055244,1.3327923,1.1653671,1.0719175,1.0073466,0.75517744,1.1559976,1.0505778,0.72085065,0.8167849,1.0924823,0.76188254,0.7978232,0.85711694,1.1382036,1.094635,0.837274,0.87250686,0.97252446,1.0572988,0.90273285,1.0070637,0.7251909,1.1682513,0.93908864,1.087812,0.97818047,1.1729834,0.8537151,1.2240427,0.9215025,1.049021,1.1206417,0.9273603,0.93405735,0.9027831,0.7277751,0.9915452,0.84034956,0.80596495,0.5075902,1.2221355,1.0508829,1.2001637,1.1551995,1.098388,0.64689654,0.7516335,0.965032,1.0340812,1.174099,1.0963389,1.1314887,1.0145769,0.5807295,1.1683483,0.6881029,1.1099908,0.9067145,1.3473493,1.1693066,0.7931716,1.1796207,0.98715883,1.0402348,0.8053797,1.3005078,1.2301931,0.9288157,0.7680369,1.124576,0.6866102,0.81986463,0.81865764,1.1699326,0.7401357,1.1077164,1.0728282,1.1386342,0.7957164,0.7435619,0.8448719,0.81341857,1.016135,0.75845706,0.9126817,1.2915065,1.0064564,1.2322263,1.2202153
basket,1.0667675,0.9645418,1.01671,1.3100284,0.849179,0.81767726,1.1040317,0.0,1.1548371,1.2787132,1.1232034,0.8935213,1.1345466,1.0509387,0.9765143,1.0625275,0.9952438,0.77880037,0.75787723,0.636635,0.93113625,0.927176,0.6651865,0.5067821,1.0062677,0.5543639,0.9490324,1.2736742,1.3667852,0.7393346,1.0445656,0.9551817,1.0205126,0.8304912,0.83631,0.76823175,1.2001413,1.0539994,0.8716055,0.6680128,0.66716444,0.9583055,1.0983429,0.78266156,1.1863686,0.59310216,1.0414944,1.1860939,1.1780101,1.281628,1.3528231,1.2719454,0.99943423,0.72498226,1.1902254,0.9587219,0.9652107,0.9228152,0.85860276,1.2147268,0.9027661,0.92328906,1.3544841,1.0657592,1.2497222,1.0739796,1.0272611,0.8886026,1.3283373,0.92723,1.3168751,1.0239835,0.9919466,0.8483056,1.3129624,0.91011494,1.061785,1.2252944,1.1092354,1.0607601,0.5544221,1.1935035,1.2685971,1.0677339,1.0487523,0.97032535,1.139141,1.32552,1.155875,0.8714101,0.75247264,1.0718541,0.9779443,1.2631028,0.7831226,0.95465505,0.82487386,0.7589326,1.0433342,1.2549601,0.52841985,0.70301133,0.9774112,1.0269479,0.77483153,1.3638277,0.65482473,1.2158581,0.8264876,1.0129056,0.82636094,1.0940081,0.8310364,1.228121,0.8156558,0.8800323,0.77409285,1.0261858,0.98913336,0.73892266,1.2906054,1.1151474,0.66006637,1.1498117,1.0550915,1.1747099,0.54426426,0.85270333,0.9022444,0.76895607,0.7317414,1.1407444,0.99614835
bathtub,1.1419849,1.1354091,1.4820495,0.5582255,1.2225659,1.2800574,1.1833806,1.1548371,0.0,1.106746,0.36231232,1.3749648,0.4838183,0.59883934,1.364921,0.4343065,1.0580703,0.9120624,1.4151752,1.2304424,0.5575298,0.73717475,1.1794846,0.9960297,1.1259506,1.0220768,0.878925,1.10781,0.8131157,0.96265984,1.2629974,0.46259785,1.147364,1.0523096,1.1962557,1.2611823,0.50433946,0.5944389,1.4251487,0.5591755,1.2915126,1.3776035,1.2853062,1.2237194,0.45223987,0.75333965,0.8802002,1.141166,1.3062372,0.8905727,0.7594476,1.269936,1.4609178,1.2907529,1.1654131,1.1390631,1.3940125,1.2115299,0.67930996,1.2449833,1.1508892,0.9244906,0.8149295,1.2357534,0.81668866,1.4401286,1.3314389,1.09738,0.62573254,1.0040472,0.49302375,0.8123188,0.57748663,1.2739788,0.7272934,0.8858972,1.1012386,0.79527056,1.0572362,1.314626,0.9721579,1.2704687,1.2341015,1.4045835,0.63218963,1.1998302,0.6412604,0.5480043,0.6112568,1.3503242,1.3320248,1.4724014,1.1563069,1.1495275,1.0324614,0.880339,1.3565536,1.2836543,1.3368921,1.0544274,1.152359,1.2889266,0.5167902,1.4387158,1.1444023,0.5223409,1.2335392,0.64562017,1.2511076,0.78963983,0.5539017,0.38476765,1.4007096,0.8320023,1.4103818,1.0697223,1.3517172,0.6265306,1.5051818,0.87069046,0.5525902,0.4314375,1.2127701,1.3411961,1.0535405,0.6329793,1.1765453,1.2048097,0.67026585,0.8106274,1.2678505,0.5873431,1.1179415
bear,0.9285403,1.0462704,1.1179696,0.9999224,1.1676178,1.172472,1.1048527,1.2787132,1.106746,0.0,1.0979303,1.1689277,0.9893203,1.0386851,0.8224446,1.0496027,1.1239624,1.1001627,1.2175361,1.2255718,1.0629829,0.99505985,1.1655302,1.1971043,0.91918087,1.135261,1.0635916,0.9374112,0.6522418,1.1687407,1.0161513,1.0929707,1.1120116,1.0444834,1.0538872,1.1837156,1.0412354,1.0118043,1.2008675,1.1553893,1.2647862,0.79028356,0.5909102,1.0794072,0.9512865,1.1261858,0.9347469,0.8638116,0.9042726,0.48448348,0.94135696,0.9557458,0.88122684,1.1781998,0.9765952,1.0174925,0.92732835,0.8453992,1.1153717,0.9456506,1.0646498,1.0037152,0.8631144,0.92244524,0.94949204,0.99285,0.6404988,0.9979653,1.0243229,1.0594957,0.95447594,0.9766724,1.089823,1.1791856,0.91606826,1.030085,0.95210975,0.82508296,0.8396757,1.1350895,1.1154906,0.9107409,0.85245925,1.1285106,1.0319065,1.0418057,1.0462061,0.8979535,1.0328739,1.1886773,1.2079375,0.6741885,0.9952794,0.26697528,1.1405231,0.99282473,1.0885859,1.2418786,0.65647644,0.92150605,1.126605,1.1299639,1.0293165,0.7105703,1.1599872,0.96980643,1.1631773,0.98893523,1.1323311,0.98858625,1.0857624,1.0934043,1.1548338,0.9441649,1.2383091,1.0312092,1.1047024,1.1072158,0.9971156,1.1121846,1.0128716,1.1648033,1.2728765,1.015728,1.0484924,0.97965217,1.1636679,1.2424102,1.100097,1.042494,1.2084762,1.0508665,0.7982243
bed,1.0996716,1.0181754,1.5073045,0.5187409,1.27455,1.3758972,1.2414818,1.1232034,0.36231232,1.0979303,0.0,1.4058449,0.4935149,0.5406289,1.4026501,0.19795394,1.1306114,0.90388614,1.47404,1.404072,0.61342174,0.7091327,1.2997025,1.2185291,1.1369287,1.1842748,0.9400959,1.1779621,0.80106336,0.9109019,1.2908897,0.5336239,1.2274803,1.2114077,1.2477436,1.2894592,0.06426978,0.7177137,1.5249379,0.46533352,1.4005357,1.3537123,1.2175349,1.0578393,0.55772674,0.9858104,0.7766238,1.1326481,1.2677523,0.87985694,0.6534174,1.2544848,1.5175359,1.3361107,1.1425177,1.292995,1.3912405,1.2191708,0.82113147,1.160742,1.10273,1.0739423,0.68822634,1.1473085,0.85579455,1.2984755,1.3157022,1.2200278,0.41349292,1.015928,0.28927732,1.0477078,0.59419405,1.4289834,0.6583543,0.7638087,1.097013,0.78755474,1.0293525,1.352416,0.8705167,1.2616916,1.2479491,1.4141887,0.64899695,1.1341681,0.44369048,0.3325218,0.6053201,1.466064,1.4813635,1.4092301,1.1148864,1.1235777,0.61406195,0.7575558,1.4084452,1.4097852,1.3209128,1.0669321,1.0239673,1.3395433,0.5942267,1.3680866,1.319601,0.34739065,1.3129742,0.41314644,1.2798781,0.7830659,0.83831424,0.5206566,1.5156803,0.7821369,1.453552,1.1768768,1.5006819,0.7663686,1.4929425,0.9057342,0.3373878,0.41316527,1.3174846,1.309977,1.2323941,0.74737924,1.0471305,1.2884152,0.7397889,0.89385355,1.3769649,0.61161476,1.106795
belt,0.8394351,1.083336,0.5232221,1.3868281,0.9714545,0.78624517,0.7393402,0.8935213,1.3749648,1.1689277,1.4058449,0.0,1.2523562,1.311677,0.9542669,1.4332683,0.5514411,1.193606,0.3160957,0.41058415,1.4787962,1.2656829,0.9410257,0.8146054,1.0164195,0.78198814,0.9376224,0.7461945,1.3276511,0.6106997,0.58866704,1.2724233,0.9336296,0.6997156,1.1610299,0.9471597,1.3683736,1.402077,0.16799486,1.324348,0.57155323,0.9544037,1.1692792,1.2336751,1.2199097,0.9990408,1.0102487,1.1114553,0.9260326,1.1971201,1.2739375,0.75063276,0.65003705,0.7008077,0.8185293,0.7627611,0.8501316,1.0817823,1.368345,0.7685397,0.9064113,1.2277542,1.1814342,0.9978376,1.3510025,0.37435007,0.96998197,0.7908069,1.3073354,1.2714074,1.2157907,0.92638004,1.0600148,0.3106376,1.3215549,1.2978455,1.1987966,1.3388855,1.1150879,0.3505243,0.97022295,0.7212541,0.78248155,0.6242802,1.0961369,1.144529,1.2259719,1.2775433,1.4548268,0.21417391,0.3162892,0.8247091,1.0569272,1.1411979,0.9780178,1.2987785,0.56499636,0.31561065,0.9561132,1.1527128,0.97863793,0.465248,1.1739092,0.9937998,0.76801425,1.3366318,0.6757818,1.1776811,0.41974914,1.2050554,1.0417726,1.3422412,0.28929466,1.2624074,0.45168757,0.74409676,0.5276931,1.3115599,0.6498444,1.172997,1.2792273,1.4588714,0.9804879,0.73497534,0.6960381,1.3470356,0.7751484,0.8614551,1.2334185,1.1686826,0.6195321,1.2231522,1.1714468
bench,1.1689229,1.1531757,1.3986669,0.66045535,1.2610302,1.2637258,1.3231859,1.1345466,0.4838183,0.9893203,0.4935149,1.2523562,0.0,0.7636264,1.3229272,0.54885083,1.0325251,1.0185916,1.3206269,1.1761088,0.7394451,0.735713,1.1438118,1.0174049,1.1443001,0.9438247,0.8148187,1.1941673,0.8595562,0.7414222,1.2523329,0.4823407,0.9992577,0.9605212,1.249152,1.3391869,0.50781333,0.7018947,1.3539696,0.649605,1.1909484,1.3193135,1.2008868,1.1949817,0.36082995,0.654958,0.8557674,1.0696093,1.3137594,0.9336389,0.7812584,1.2730012,1.3676875,1.1380675,1.1842251,1.2266399,1.3741498,1.2323436,0.83004004,1.2000732,1.0769635,1.0365117,0.8416979,1.2013891,0.90584254,1.2950183,1.2508898,1.0683506,0.5998493,0.9872324,0.5137061,0.76910233,0.529465,1.1426601,0.8863535,0.92698544,1.1027488,0.83033144,0.9587512,1.2762511,0.90888906,1.1786258,1.2216603,1.3620535,0.50624627,1.2065433,0.63730067,0.5654568,0.8197845,1.319139,1.2891357,1.3196375,1.1971344,1.0043883,0.84032905,0.87239575,1.1797683,1.3074851,1.2442572,1.1137733,1.0472788,1.1793358,0.35703897,1.2638022,1.164237,0.5868676,1.172548,0.78452027,1.147754,0.61668277,0.49992293,0.7860493,1.3221271,0.9714283,1.3346143,1.1195614,1.2855124,0.8474208,1.3737793,0.9895214,0.63836,0.57371914,1.3044373,1.358908,1.1461627,0.7743523,1.0911044,1.3022735,0.7209042,0.70072114,1.2368956,0.64472675,1.1248678
bib,1.0061771,1.1265316,1.3708905,0.5621259,1.2132834,1.3340582,0.99317795,1.0509387,0.59883934,1.0386851,0.5406289,1.311677,0.7636264,0.0,1.3202548,0.4176097,1.2137837,0.56209254,1.3233097,1.2610788,0.43724978,0.74158454,1.2856635,1.1539733,0.9616804,1.2461319,1.0301305,0.980751,0.87340045,1.159279,1.1660546,0.8229266,1.1810544,1.1437681,1.135525,1.2546159,0.60081095,0.55235934,1.3511136,0.69635725,1.2427299,1.3465235,1.2302997,1.0800923,0.89557475,1.1033169,0.85488474,1.1025546,1.2003194,0.9824751,0.7363063,1.0956839,1.4392498,1.2134789,1.0484279,1.0791618,1.2400819,1.1902692,0.8003576,1.0009966,1.0537213,0.7813879,0.762467,1.0862328,0.78763247,1.1225635,1.3323679,1.0968665,0.6535517,0.95797884,0.68475825,1.0297569,0.94938886,1.3838418,0.8702743,0.8696009,1.0148544,0.85191023,0.8923635,1.2375747,0.901589,1.0310545,1.0807576,1.2947218,0.9170311,1.1107895,0.77969176,0.6018381,0.35457534,1.3198695,1.323144,1.4358984,1.0992261,1.2446831,0.8901137,0.7818296,1.2966094,1.1609974,1.3206286,1.0098878,1.099964,1.2490075,0.82421184,1.3642461,1.074862,0.5506956,1.0969911,0.7154696,1.2278459,0.97941715,1.0196542,0.6048134,1.2952509,0.6706382,1.3247539,1.1000797,1.366672,0.8299265,1.3265262,0.9044253,0.5731394,0.49826217,1.2269336,1.2185214,1.0482268,0.62042665,1.0764303,1.2030251,0.7293631,1.1254402,1.2582436,0.82827795,1.1446409
bird,0.715076,1.0678419,0.8816649,1.334583,0.90576875,0.8898131,1.0737969,0.9765143,1.364921,0.8224446,1.4026501,0.9542669,1.3229272,1.3202548,0.0,1.412824,0.9965401,1.0248296,0.9595462,1.0058073,1.2293761,1.207612,0.8172152,1.0707719,0.5485125,1.0127524,1.0787117,1.1552076,0.7534189,1.1203465,0.887824,1.2150333,1.1317595,1.0338246,0.880248,0.7963746,1.3647816,1.3372848,0.92647606,1.2754289,0.99669725,0.2892053,0.34604234,0.888934,1.2594845,1.117908,1.0937865,0.5864552,0.99065405,0.84151816,1.2495241,1.18289,0.21285069,0.82754207,1.1425467,0.99175996,0.23263502,0.5178436,1.1994312,1.0541204,1.0433555,1.2213709,1.286018,0.9457179,1.3063742,1.0727206,0.36656177,0.9928614,1.2596633,1.0751739,1.4110906,1.1101239,1.2067866,0.88671327,1.1929464,1.0617079,1.0994712,1.233984,1.2646582,1.091396,1.0389174,1.0958129,1.1474814,0.90789026,1.2562518,0.5435635,1.4080665,1.3930075,1.175539,0.8877654,0.9239406,0.27501005,1.0849555,0.55804133,1.1102598,1.2382147,0.76547635,1.0378872,0.38165474,0.87323296,0.84169436,0.94010866,1.2406721,0.24076045,1.0501426,1.3838464,0.80389076,1.3882253,0.93729454,1.1278666,1.2430177,1.3275781,0.91408527,0.9217926,0.8781396,0.96182096,0.8666979,1.0813681,0.7258787,1.1299317,1.281673,1.321358,0.90447736,1.0792577,1.1193988,1.326337,0.9281174,1.0163751,1.2144715,1.0278258,0.8398305,1.209081,0.65559477
blanket,0.9887126,0.9509382,1.5449284,0.5202551,1.2284569,1.3834217,1.2685598,1.0625275,0.4343065,1.0496027,0.19795394,1.4332683,0.54885083,0.4176097,1.412824,0.0,1.1530775,0.81874955,1.5006626,1.4132044,0.6229887,0.55290484,1.2375196,1.1953349,1.0819746,1.1972649,0.953045,1.1620238,0.73547375,0.95055175,1.3866757,0.58477145,1.1832793,1.1392503,1.1964242,1.2909799,0.2809986,0.6379684,1.535971,0.5222542,1.4306842,1.3821099,1.1779746,0.949896,0.6719067,0.9718515,0.7754183,1.1723206,1.2893069,0.8663789,0.75506115,1.2437305,1.5498778,1.2400956,1.194936,1.242681,1.3850273,1.2235541,0.81908584,1.2124195,1.0198317,0.98130167,0.77590185,1.1225066,0.7914305,1.355389,1.3291669,1.1957333,0.5483809,1.009642,0.3816104,1.0878553,0.7516812,1.4712647,0.68533653,0.69205767,1.0757229,0.74801123,1.0178909,1.3860581,0.83402264,1.239339,1.2461667,1.4351943,0.80468524,1.0819098,0.39615548,0.42655218,0.5916333,1.494338,1.4321324,1.4421942,1.0451525,1.1141226,0.6372012,0.62980884,1.3523039,1.401897,1.336256,1.0737202,1.0246379,1.330354,0.6996946,1.3575319,1.2588257,0.3465091,1.2788088,0.43218023,1.3449812,0.7860191,0.8704112,0.5464158,1.5256138,0.8046011,1.4661626,1.0913893,1.5089457,0.760386,1.4869406,0.8917039,0.44089758,0.48500407,1.3099736,1.3496711,1.2191294,0.71155024,0.9995248,1.3105891,0.77905977,0.94642425,1.3154472,0.58751667,1.121818
boat,0.9518807,1.0982525,0.87401795,1.2140107,1.0232918,0.88102674,0.97636676,0.9952438,1.0580703,1.1239624,1.1306114,0.5514411,1.0325251,1.2137837,0.9965401,1.1530775,0.0,1.0917175,0.6567426,0.7526239,1.2129815,1.1091537,1.0251901,0.85374755,1.0112097,0.8320769,0.96844244,0.95031345,1.1323532,0.7342021,0.86807424,1.0229461,0.9701608,0.78105485,1.0508684,0.9415767,1.1364444,1.1941962,0.6005376,1.1333221,0.7915162,0.9700581,1.0805587,1.2423582,1.0538903,0.89579374,1.0318873,1.1124264,1.1098204,1.0253128,1.1303715,1.016666,0.85861814,0.8122629,1.0818815,0.9809402,0.9843459,1.004106,1.146013,0.9740478,1.1178548,1.1584673,1.0843308,1.0311092,1.2388449,0.8459977,0.95002145,0.84553236,1.1346154,1.1906592,1.0886102,1.0080023,0.95326686,0.53356785,1.1977658,1.1497556,1.1539872,1.2328209,1.1903092,0.6404882,1.0803679,0.9818343,0.9813464,0.85986775,1.0395147,1.0482906,1.1233532,1.164995,1.2032028,0.634945,0.73602486,0.9455633,1.0968443,1.0608586,1.0322355,1.2396549,0.8332685,0.70728683,0.94969904,1.1169612,1.0372225,0.7484535,0.96850395,1.0517164,0.88946426,1.115498,0.812963,1.0556103,0.7938457,1.1204584,0.9680166,1.1056726,0.6549207,1.1081023,0.7737494,0.90360445,0.9184494,1.1019365,0.9374816,1.0889535,1.1205561,1.1363032,1.0007081,0.98783517,0.7232615,1.2094526,0.94208205,0.9342385,1.1008592,1.0395466,0.8078105,1.0493852,1.0178012
book,0.86803836,1.192607,1.1954865,0.9572243,0.9044324,1.0248634,1.0378871,0.77880037,0.9120624,1.1001627,0.90388614,1.193606,1.0185916,0.56209254,1.0248296,0.81874955,1.0917175,0.0,1.1361134,1.2347074,0.2990517,1.1094012,0.93603075,0.9123441,0.65697134,1.0353718,0.93369895,1.2598104,1.1095915,1.1139576,1.3036388,0.8468717,1.0771701,1.027166,1.0078112,0.99931717,0.9546659,0.68495727,1.1645766,0.59897697,1.0818031,1.0172644,1.0205419,0.842682,1.0393302,0.9626187,1.1749469,1.1252928,1.3666091,1.0823922,1.0581142,1.2957509,1.145226,0.9236246,1.2478015,1.183149,0.8416597,0.94575053,0.8268817,1.1944896,1.144297,0.619684,1.1000825,0.89674014,1.0118304,1.2161244,0.9996075,1.0025563,1.0193397,0.8919619,1.1550683,1.03598,0.9604393,1.217283,1.166619,0.8711015,0.85112965,1.072621,1.0517337,1.2713872,1.094177,1.3010719,1.325331,1.2032443,1.055179,0.97366047,1.1620075,1.0810721,0.29508746,1.1949857,1.0570307,1.1419646,1.0571861,1.1090512,1.051529,0.9745797,1.0452806,1.1201262,1.0411683,1.1567392,0.842639,1.0147725,0.78632766,1.131477,0.86069894,1.067004,0.8866222,1.0749509,1.2940425,1.0145329,1.1310672,0.77090955,1.2058305,0.6075096,1.2018323,1.099821,1.3153112,0.8766366,1.1156166,0.67996836,0.9889695,0.5363292,0.94326544,1.3820882,1.2960293,0.8641552,1.1122091,0.81980354,0.76000476,0.9534404,1.1608274,0.85796607,0.9687488
bottle,1.0468329,1.065633,0.58052576,1.4286206,0.84060705,0.66605383,0.7526132,0.75787723,1.4151752,1.2175361,1.47404,0.3160957,1.3206269,1.3233097,0.9595462,1.5006626,0.6567426,1.1361134,0.0,0.39949453,1.3805488,1.2391825,0.85063916,0.59759015,1.0972339,0.6557487,1.0161312,0.9898145,1.376122,0.74917096,0.562613,1.2532511,0.8176171,0.8049949,0.91590905,0.76152015,1.4447275,1.326622,0.30525815,1.2683201,0.2343862,0.9304445,1.1349369,1.0796126,1.2468115,1.0470715,1.0739266,1.1406082,0.8546816,1.278735,1.3149633,0.94621897,0.8024845,0.6090759,0.96972317,0.9190644,0.9430194,0.9790962,1.1015034,0.8946171,1.0504427,1.1258209,1.2765362,1.0150547,1.3706784,0.5932128,0.98041487,0.9189759,1.3175733,0.8518208,1.4053905,1.0983785,1.1430458,0.3729365,1.3558366,1.2395173,1.1253749,1.4393498,1.1666564,0.35275054,1.0236813,0.8790945,0.89554363,0.46973372,1.0984514,1.1006941,1.3486193,1.401545,1.4136996,0.30464405,0.4435711,0.86009115,1.0488046,1.2105712,1.1242232,1.2147896,0.5862384,0.37357545,0.9624255,1.0759101,0.876778,0.57616806,1.1978619,0.98224616,0.76895034,1.4423219,0.77493703,1.326242,0.6192445,1.1305755,1.1448071,1.2777086,0.37919235,1.2423599,0.33586305,0.79097265,0.51656187,1.1950929,0.71088344,1.0371616,1.397569,1.3645382,0.697137,0.78517914,0.6870306,1.3962938,0.7912071,0.65405643,1.2396456,1.0515302,0.5323407,1.2406154,1.1126546
bowl,1.1399052,0.96081513,0.576599,1.3586675,0.8970154,0.7135765,0.8028321,0.636635,1.2304424,1.2255718,1.404072,0.41058415,1.1761088,1.2610788,1.0058073,1.4132044,0.7526239,1.2347074,0.39949453,0.0,1.3264697,1.0486487,0.85436326,0.48576164,1.231262,0.53084993,0.973347,0.9490878,1.3683015,0.7246079,0.61377335,1.2295741,0.7612555,0.7639102,0.84859407,0.84393984,1.4057982,1.2759602,0.4185109,1.2546029,0.29463816,1.1075847,1.2418877,1.1540532,1.2350361,0.7468939,1.0224174,1.1391746,0.797542,1.376868,1.3551514,0.8640697,0.7601035,0.81422704,0.8230621,0.7598229,1.026873,1.1754229,1.0736071,0.96983755,0.8868531,1.0272092,1.3465153,1.1433312,1.2944338,0.7115364,1.1330314,0.80407554,1.4435076,0.99242973,1.297307,0.868172,1.075309,0.4033345,1.3051076,1.1652173,1.1286478,1.2726619,1.0786543,0.52349895,0.6728543,0.83948517,0.8369591,0.639409,0.9847187,1.1179669,1.2440197,1.3470534,1.479549,0.4094122,0.50507575,1.0159711,0.9939201,1.2317733,0.92248714,1.1981411,0.75717676,0.22972381,1.1015656,1.1396149,1.0310432,0.48651415,1.1083876,1.0799454,0.7754661,1.4513059,0.6569739,1.2719944,0.4240712,1.183879,0.6074007,1.2571877,0.33332837,1.371194,0.4696588,0.8451222,0.30678564,1.1439607,0.85915154,1.1699896,1.4170569,1.4065132,0.6476464,0.7613764,0.6304889,1.2704763,0.6496046,0.8236525,0.9431089,1.0404847,0.5532431,1.2604485,1.2405704
box,1.0821475,1.239078,1.3439435,0.70059353,1.0372727,1.1796396,1.067727,0.93113625,0.5575298,1.0629829,0.61342174,1.4787962,0.7394451,0.43724978,1.2293761,0.6229887,1.2129815,0.2990517,1.3805488,1.3264697,0.0,0.9480918,1.1865064,0.9086379,0.88581693,1.0243152,0.9804462,1.257844,0.9838116,1.1649324,1.4350333,0.65511197,1.0842998,1.166775,1.0373088,1.1284649,0.6639617,0.44847238,1.4600792,0.43009996,1.1956583,1.2292659,1.1109809,0.9672411,0.75572145,0.8431828,1.0748831,1.0762702,1.3678275,1.0512064,0.85741025,1.348037,1.3843031,1.2089487,1.2725501,1.3373857,1.1405342,1.0902994,0.5704135,1.2745112,1.1324458,0.5994246,0.96577144,1.0434321,0.88517696,1.4035711,1.191022,1.1526561,0.81607956,0.7357142,0.9070526,0.9594751,0.79904854,1.4512272,0.95696324,0.8104849,0.8031918,0.84753704,0.9143288,1.4431441,1.0558414,1.3597163,1.3329597,1.313974,0.7378099,1.0249939,0.9906592,0.8289783,0.21920407,1.469204,1.3658228,1.3421018,1.085892,1.1167123,1.0722013,0.906107,1.3450115,1.3036778,1.2115883,1.05815,0.8854141,1.1290742,0.5335908,1.3018167,1.0398072,0.8241987,1.1348287,0.90726846,1.4155939,0.941422,0.88987297,0.5315579,1.4642483,0.5141368,1.4212943,1.1993314,1.5055574,0.7013643,1.2888412,0.64061844,0.7843314,0.32370842,1.012586,1.4579062,1.3175843,0.6937085,1.2295357,0.9383717,0.4291426,0.85909927,1.3681091,0.7451373,1.0431044
bread,0.9952802,0.87313366,1.2573662,0.61003417,1.2491906,1.2851541,1.141919,0.927176,0.73717475,0.99505985,0.7091327,1.2656829,0.735713,0.74158454,1.207612,0.55290484,1.1091537,1.1094012,1.2391825,1.0486487,0.9480918,0.0,1.0995927,1.11447,1.2152537,1.0620164,1.0982165,1.0315186,0.7634696,1.0472233,1.130194,0.8572564,1.0242113,0.9821862,1.055883,1.1511445,0.73863286,0.8161576,1.2552397,0.8545966,1.1387205,1.2143301,0.96773726,0.9179106,0.89950585,0.84246016,0.9377985,1.0917735,1.069937,0.9260777,0.9213477,1.0134324,1.2328693,1.1018676,0.9058267,0.9772833,1.254947,1.1429417,0.8925096,1.1898332,0.97354996,1.0381925,0.95966065,1.117096,0.75073814,1.2487445,1.181889,1.0343702,0.90867317,1.0408108,0.7551882,0.95472485,0.98060524,1.1912448,0.65727115,0.81997824,1.1284244,0.8028883,1.0075324,1.1637076,0.7042178,1.1156278,1.1319301,1.2562251,0.9593544,1.1127547,0.68388855,0.7806566,0.99868846,1.1876299,1.1931477,1.2302411,1.078847,1.0633178,0.8307692,0.71902215,1.1705368,1.0835972,1.1164504,1.0486616,1.1940099,1.2115285,0.94027346,1.0859711,1.1658036,0.69503725,1.0776432,0.8043985,1.079339,0.82920545,0.83041877,0.88498056,1.1977726,0.990541,1.2351313,1.0667688,1.0940568,0.9322878,1.2850834,1.0636652,0.8031198,0.8624965,1.1969271,1.011843,1.0332534,0.8349711,0.8987194,1.325932,0.86685073,1.0945038,1.1334414,0.88033164,1.0959096
broom,0.9375529,0.887371,0.9546369,1.2648883,0.8386297,0.80069447,1.1147786,0.6651865,1.1794846,1.1655302,1.2997025,0.9410257,1.1438118,1.2856635,0.8172152,1.2375196,1.0251901,0.93603075,0.85063916,0.85436326,1.1865064,1.0995927,0.0,0.8080989,0.9036617,0.7552134,0.93506753,1.1670706,1.1592969,0.91961473,0.89273477,1.0562502,0.9294366,0.823054,0.8671082,0.598938,1.3307018,1.2275225,0.7785035,1.0565095,0.8185332,0.9021898,1.0559127,0.92728657,1.0196419,0.8630848,1.1769172,1.0411912,1.0535263,1.1938707,1.2217033,1.07601,0.7581452,0.6510395,1.0557976,0.77983415,0.82374465,0.8977509,1.0169556,1.1179316,1.0456734,1.0824293,1.1691983,1.1117312,1.2138915,1.0685022,0.9453862,0.77376664,1.1977334,1.0155255,1.3263891,0.85681593,0.98152184,0.7815458,1.201654,1.0415423,1.0329634,1.3064585,1.2070632,1.0227724,0.87401736,1.021144,1.125541,1.0354608,1.0828063,0.8635494,1.2552917,1.320745,1.1626135,0.81846166,0.76710546,0.91599405,0.78169024,1.1378915,1.0062559,1.0475197,0.59505886,0.948144,0.99839836,1.1778456,0.83373415,0.91190463,1.0863345,0.91570365,0.8818472,1.327819,0.6730062,1.3317292,0.8278558,0.92923236,0.95915174,1.258578,0.7796606,1.1812217,0.78331745,0.98603886,0.70953417,1.0381813,0.91158783,1.0446782,1.3372736,1.216969,0.8639908,0.9601114,1.0850381,1.1997889,0.76562023,0.94277203,1.2282104,0.7774446,0.8697411,0.94112784,1.0130972
bucket,1.2229973,0.9395356,0.9909592,1.2764598,0.7701266,0.6706804,1.1074467,0.5067821,0.9960297,1.1971043,1.2185291,0.8146054,1.0174049,1.1539733,1.0707719,1.1953349,0.85374755,0.9123441,0.59759015,0.48576164,0.9086379,1.11447,0.8080989,0.0,1.0832975,0.23045826,0.87398183,1.1523647,1.3892441,0.59936225,1.0011531,0.8716165,0.73268276,0.8713041,0.8910817,0.92093825,1.2721534,1.0503206,0.8499127,0.83528733,0.36550033,1.132035,1.2294514,1.0655396,0.9704173,0.60938704,0.981087,1.2415159,1.1721727,1.3688287,1.3656558,1.245165,1.0502931,0.8109623,1.2099088,1.0357754,1.0856713,1.1027924,0.70767033,1.2447999,0.914279,0.7409886,1.3665664,1.1499677,1.2542223,1.0757124,1.1325527,0.9177035,1.3129253,0.6550064,1.2019644,0.913189,0.86620533,0.73616624,1.3729856,1.0998131,1.0172229,1.2447875,1.0645336,1.0286394,0.7844374,1.1471668,1.2516743,1.0126373,0.77344286,1.1105897,1.110864,1.2630279,1.1872027,0.9096768,0.7686184,1.0682024,0.9989519,1.218391,0.91683435,1.125802,0.8749375,0.7287765,1.1422281,1.2120826,0.6787308,0.650112,0.73261595,1.1242747,0.7024747,1.2897179,0.7654034,1.1837304,0.87009585,1.0185457,0.60269064,1.001845,0.76668423,1.2272878,0.75169647,0.8251366,0.75475794,0.88336104,1.0528022,0.74044555,1.3136165,1.103706,0.57758474,1.1946138,1.0180398,1.1893495,0.7114076,0.6973191,0.9624468,0.6216761,0.66710585,1.0772531,1.1665068
butterfly,0.5640893,1.1638163,1.0183896,1.1758487,0.87649965,0.9987077,0.9819759,1.0062677,1.1259506,0.91918087,1.1369287,1.0164195,1.1443001,0.9616804,0.5485125,1.0819746,1.0112097,0.65697134,1.0972339,1.231262,0.88581693,1.2152537,0.9036617,1.0832975,0.0,1.1371884,1.0311483,1.0809951,0.86581916,1.1767522,1.1072869,1.063768,1.0892563,0.9882086,1.0096214,0.91275525,1.1469547,1.0723226,1.0296222,1.0141466,1.1285589,0.5248313,0.66871375,0.96814007,1.1634985,1.1212633,1.122286,0.8394227,1.2873988,0.8208165,1.1802077,1.2811673,0.6596174,0.7750815,1.2796037,1.0901884,0.2985822,0.7390022,1.0772179,1.1768032,1.1268551,1.0681106,1.1730398,0.83414507,1.2168373,1.0974461,0.52099943,1.0097435,1.0922985,1.0377271,1.2379403,1.1032503,1.117045,1.0859754,1.1390966,1.0457053,0.98171556,1.1211544,1.1487678,1.171115,1.1656773,1.2731714,1.2102679,1.0456898,1.1665139,0.74699605,1.2421023,1.2275382,0.8130007,1.0219252,0.97688526,0.67120343,1.0872172,0.7674274,1.0618819,1.1530695,0.76965415,1.1414976,0.59645337,1.0282619,0.85059774,1.0211358,1.1092547,0.58759516,0.93568134,1.1798445,0.9218345,1.1897175,1.1496282,1.1128968,1.246214,1.0264248,1.1149147,0.8062615,1.0417635,0.9778847,1.1888905,0.9849246,0.84092563,1.0020832,1.056846,0.99812096,0.9896546,1.3182508,1.2193162,1.0583775,1.1483669,0.9861359,1.0719569,0.9904975,0.98089397,1.0789258,0.71580327
can,1.2563922,0.8858392,1.0723243,1.2324482,0.9510275,0.82729214,1.1997961,0.5543639,1.0220768,1.135261,1.1842748,0.78198814,0.9438247,1.2461319,1.0127524,1.1972649,0.8320769,1.0353718,0.6557487,0.53084993,1.0243152,1.0620164,0.7552134,0.23045826,1.1371884,0.0,0.90873086,1.124655,1.3228877,0.41512978,1.0112227,0.7855999,0.65212226,0.82951653,0.9724201,0.95021135,1.2559137,1.2306402,0.8311517,0.8286593,0.42467153,1.0835598,1.1835624,1.0952839,0.8041388,0.4301815,0.9069222,1.1791049,1.1627489,1.3186095,1.3159283,1.1428523,0.9835268,0.85308045,1.10431,0.9261358,1.1464007,1.066057,0.89354223,1.1638229,0.90095055,1.0059004,1.3238459,1.1771927,1.242754,1.0477221,1.0795295,0.82724965,1.2855713,0.7924371,1.1506749,0.9100439,0.81239647,0.63247573,1.3150902,1.0993953,1.1229013,1.285641,1.1370792,1.0004023,0.6876036,1.0592058,1.1564152,1.097889,0.68341094,1.1146932,1.0609881,1.1898423,1.2847321,0.86619544,0.7890062,0.96759075,1.0808632,1.1494665,0.8906307,1.1557254,0.8593163,0.83733606,1.1036237,1.263427,0.70176536,0.6459531,0.6163546,1.0256929,0.8974098,1.2859676,0.76486576,1.1715438,0.75782025,0.93595165,0.54203254,1.1805551,0.7510569,1.2562914,0.8307147,0.88173056,0.7382051,0.9587133,1.0357362,0.86775833,1.2986951,1.2342839,0.84224975,1.0084976,1.0179254,1.2634666,0.534336,0.978723,1.0466166,0.57383144,0.70961297,1.0248481,1.0842689
car,1.0986834,1.0441213,1.1768132,1.0163057,0.96220124,0.99453187,1.2357395,0.9490324,0.878925,1.0635916,0.9400959,0.9376224,0.8148187,1.0301305,1.0787117,0.953045,0.96844244,0.93369895,1.0161312,0.973347,0.9804462,1.0982165,0.93506753,0.87398183,1.0311483,0.90873086,0.0,1.1599157,1.0771477,0.7750143,1.0495564,0.9686403,1.0439539,1.0488783,1.08062,1.1255423,0.9514217,1.0209357,1.1092777,0.8448055,1.0343444,1.0572643,1.0363485,0.9628947,0.7367868,0.9452281,1.0520172,1.1161408,1.1494343,1.073644,0.93062997,1.1638846,1.1027759,0.9197277,1.1245898,1.1227,1.0580301,1.0409409,0.9167011,1.0344676,1.0315598,0.94359696,0.92065185,1.092857,1.0399162,0.97217256,1.037929,1.0031288,1.0039504,0.97677946,0.9105662,0.9470634,0.95540136,0.9650933,1.1793984,1.0018209,1.0668588,1.0767106,1.0554324,1.1127226,1.0404648,1.0980955,1.0824199,1.1052899,0.7769433,1.0025817,1.0017543,0.92123014,0.9853981,1.1089731,0.99062955,1.1193917,1.0374751,1.0495515,0.95696664,0.9267806,0.92911994,1.0302345,1.0294554,1.1018208,0.89361465,0.8037751,0.7982228,1.0683174,1.0476781,0.93829536,0.99903065,0.9410786,0.9068753,0.76218885,0.78020585,1.0217085,1.0308121,1.0504221,1.057937,1.1317571,1.0282447,0.9401727,1.172209,0.83678627,0.9978852,0.9856776,1.0210817,1.230418,1.0616411,1.0070493,1.005798,1.0175223,1.0622243,0.81699973,0.99858445,0.7768268,1.0086176
carrot,0.98699653,0.8068472,0.7837797,0.92298883,1.190489,1.0853701,0.6673365,1.2736742,1.10781,0.9374112,1.1779621,0.7461945,1.1941673,0.980751,1.1552076,1.1620238,0.95031345,1.2598104,0.9898145,0.9490878,1.257844,1.0315186,1.1670706,1.1523647,1.0809951,1.124655,1.1599157,0.0,1.0572385,1.0266355,0.83283657,1.1964362,0.7507973,0.8307344,1.202182,1.1515644,1.1674567,1.0369796,0.69042796,1.3026814,1.0843828,1.1456866,1.249043,1.1987671,1.1181749,1.0780222,0.9136041,1.0705525,0.7416478,1.0073088,0.9606264,0.41618967,1.0118519,1.1440322,0.56165165,0.5942407,1.1122586,1.1655477,1.2020776,0.6606165,0.818732,0.938446,0.90982044,1.0069406,0.814948,0.69764054,1.2113322,0.7639994,1.0366877,1.2248051,0.8607115,0.795526,1.12152,0.93275,0.91021746,1.2914431,1.0087672,0.8531575,0.83421147,0.73552275,1.0810094,0.5137563,0.53248847,0.84684706,1.1718602,1.2613568,0.8717168,0.8659295,1.2095631,0.714872,0.7175597,1.0668098,1.0164733,1.1454436,1.0912676,1.0135264,1.010731,0.80614066,1.1900403,0.88963157,1.2552605,1.00835,1.2575841,1.1467869,0.86128074,0.94978714,1.0219336,0.91338587,0.8569304,1.1405442,1.1194197,1.0646372,0.78226644,1.1474346,0.9588461,0.8259226,0.8617662,1.2018878,0.82396007,1.2044702,0.9035659,1.297254,1.1563774,0.5685612,0.6874928,0.88130945,1.0382358,1.0839831,1.1405833,1.2013572,0.9361207,1.1765001,1.1801195
cat,0.9032111,1.1475111,1.304115,0.89331853,1.1825383,1.2967556,1.156605,1.3667852,0.8131157,0.6522418,0.80106336,1.3276511,0.8595562,0.87340045,0.7534189,0.73547375,1.1323532,1.1095915,1.376122,1.3683015,0.9838116,0.7634696,1.1592969,1.3892441,0.86581916,1.3228877,1.0771477,1.0572385,0.0,1.216705,1.0377672,0.86407125,1.1528435,1.1331879,1.0487127,1.1487008,0.8107551,0.96432734,1.4073763,1.0139676,1.4150615,0.8508395,0.5034404,0.9245509,0.82704353,1.2187486,0.8842315,0.64241993,1.0436381,0.555723,0.87765574,1.198902,0.8885136,1.1842428,1.2150265,1.2267224,0.8946265,0.9318827,1.0187578,1.1077722,1.061902,1.2225263,0.8488243,0.96820754,0.9938124,1.2582564,0.7892773,1.1719289,0.7417869,1.1436324,0.82923186,1.1908145,0.9858512,1.3083131,0.6537416,0.8257028,1.0546217,0.73887044,1.1243321,1.2437873,1.0844103,1.216574,1.0818053,1.1297388,0.9775133,0.729668,0.9404435,0.8456787,0.8715409,1.2924314,1.4044896,0.7045088,1.000283,0.50503665,1.0754795,1.0603873,1.153337,1.3485197,0.76349306,0.78958964,1.1835736,1.2972736,0.9651092,0.6334594,1.35224,0.7896535,1.2898742,0.9237754,1.2418323,0.8682118,1.1127476,0.88781244,1.3521303,0.71386,1.2366865,1.1048973,1.2653434,0.8600085,1.196498,1.1261231,0.76905775,0.8790019,1.2826382,1.1969268,1.1520673,1.0052198,1.1433215,1.289765,1.0968034,1.0926849,1.2009231,0.89280504,0.8180246
