,alligator,apple,applesauce,arm,ball,balloon,banana,basket,bathtub,bed,bench,bib,blanket,boat,book,bottle,bowl,box,bread,broom,bucket,can,car,cat,chair,clock,comb,couch,cracker,crayon,crib,cup,dish,dog,doll,door,drawer,dress,egg,face,finger,flower,foot,fork,frog,glasses,glove,gum,hair,hand,hat,hose,jacket,jar,jeans,knife,ladder,lamp,mitten,mop,nail,napkin,necklace,nose,orange,oven,pajamas,pants,paper,pen,pencil,pillow,plant,plate,purse,refrigerator,scissors,shirt,shoe,shovel,sink,slipper,soap,strawberry,sweater,table,tape,toe,toothbrush,towel,toy,tray,vacuum,watch
alligator,0.0,1.1774111,0.9931611,0.8869065,0.85821444,0.9329149,1.1563948,1.0689216,0.6351613,0.6629597,0.95922863,0.71966314,0.7142963,0.86300915,0.9420997,1.2200913,0.9120344,0.94739175,1.2432351,1.168732,1.2129552,1.2494677,0.9800352,0.8610274,0.9941655,1.0154678,0.9378369,0.89169496,0.85220075,1.1910574,0.68721855,1.141315,1.0469937,0.88613963,1.0457928,1.0924093,1.1177446,0.9774213,1.1982372,1.0857255,1.1099974,1.051763,1.1046164,1.062188,0.9849515,1.1366189,1.082778,0.9426314,1.1661187,1.0768844,1.090516,1.0397296,0.8486574,1.0284796,0.97655374,0.8081854,1.0692904,1.1806309,0.94164336,1.1491421,1.2527297,0.55709994,1.0337322,1.1054186,1.1597254,0.845935,0.8468778,0.93943477,0.87631905,1.1180514,1.1130793,1.1163449,1.1491423,1.0548178,0.8850717,0.98937553,1.0466778,0.92939436,1.0039362,1.1621393,0.6610868,1.2784123,1.0443304,1.1815398,0.9023252,0.79191697,1.1511452,1.2576773,1.1098864,0.6217514,0.9913977,0.9513028,1.2299483,1.1320956
apple,1.1774111,0.0,0.9002363,1.2357726,0.9799089,1.0001408,0.7180349,0.95853657,1.3491733,1.4545369,1.3913252,1.3523507,1.3520834,1.1393707,1.0973179,0.6046175,0.8551981,1.3184686,0.639881,1.0381204,0.6446391,0.79891354,1.1441422,1.1442472,1.4118267,1.0049505,1.2693048,1.4232596,1.0766149,0.5415581,1.4927828,0.6759158,0.6982254,1.3132217,0.92817056,0.7751408,1.1748486,1.2850759,0.44392908,1.246584,0.81411064,0.8523317,0.9439812,0.5966577,0.903044,0.71561,1.0697336,0.72149825,1.1026895,0.90951824,1.008752,1.3770175,1.2783668,1.0110736,1.2154567,1.1062945,1.3841535,0.6643578,1.3837318,1.1782272,0.51462936,1.1701691,0.9266731,0.8992692,0.59869564,1.390157,1.3751992,1.1746811,0.9647646,0.62941504,0.654849,0.7465271,0.7668861,0.6476337,0.98362064,1.3121334,0.66141444,1.3577191,0.90351236,0.77541727,1.2507896,0.48629433,0.64772356,0.4224459,1.3895284,1.3522406,0.61285484,0.7163751,1.0102081,1.0220906,0.7105412,1.2325538,0.99666095,0.859801
applesauce,0.9931611,0.9002363,0.0,0.870752,0.81068826,0.81149834,1.0123787,1.0480402,1.0704088,1.032421,1.0590432,1.0994668,1.1930166,0.9923522,0.91290057,1.2290771,0.8074454,1.0350703,1.1133261,1.1862451,1.2123356,1.1286331,0.9486861,1.1498337,1.0596179,1.0201706,0.75279033,1.147457,0.8082278,1.1717353,1.1500764,1.077885,0.68819463,0.98246264,0.8716992,1.1058855,0.97474474,1.0831,0.81225765,1.0826572,0.84539574,1.1310217,0.98336136,1.009204,0.94633317,1.1405736,0.93455094,0.62562793,1.1120559,0.7690586,0.77517277,0.9405927,1.1770719,0.9993472,1.0077547,0.81911224,1.0968221,1.0347418,0.90006995,1.0790257,0.9814942,1.0283695,0.9416545,1.0776995,1.1130191,1.0775497,0.8722103,1.21037,0.9830787,1.1535966,1.1717622,1.1109928,1.1776326,0.7619971,1.0638885,0.9999551,1.0522228,1.0946321,0.93644655,1.1822988,1.1356102,1.1173726,1.1417154,1.1595991,1.1207277,0.891783,0.92808396,1.0462914,1.2070591,1.0734988,0.9623976,0.8057718,1.2773507,1.1302968
arm,0.8869065,1.2357726,0.870752,0.0,0.9080035,0.73223084,1.2621834,1.2189381,0.8472988,0.6780414,0.8945968,0.6311562,0.8546665,0.83501226,0.95347977,1.3468521,0.9527565,0.97762984,1.242609,1.2173402,1.3571875,1.3804269,1.0181121,1.0298353,0.9458502,1.0630025,0.8336433,0.8587318,0.7315611,1.3900149,0.7146645,1.2359966,1.0552608,0.74788266,0.9050036,1.3488381,1.0879971,0.7426052,1.0949444,0.8113097,0.91214573,1.2644203,1.0879743,1.2612072,1.0291564,1.2656869,1.0822558,0.9709875,0.89152855,0.79319036,1.0264165,0.9398198,0.8840394,1.1031274,0.8404845,1.0751162,0.88797295,1.1986024,0.7781877,1.1544455,1.1994268,1.0192031,1.0708215,1.0626355,1.2819057,0.78600574,0.5619555,0.9753865,1.1353619,1.425226,1.3960035,1.3960228,1.3027966,1.0852915,0.99552584,0.8057995,1.2524405,0.59001535,1.0815542,1.2121539,1.0466663,1.3886865,1.3329,1.1944747,0.6383177,0.64323217,1.2728525,1.1529385,1.1022339,1.1286077,1.2278534,0.7781695,1.3157421,1.1049469
ball,0.85821444,0.9799089,0.81068826,0.9080035,0.0,0.73791325,1.1404278,1.1553797,1.0671607,1.0109658,0.9257038,0.9732026,1.0157934,1.0594862,1.1680641,1.145354,0.87552786,1.1765045,1.0420591,1.1664147,1.0095419,1.1610855,0.85025644,0.7992008,1.0278685,1.1625973,0.8828213,0.90462375,0.95532376,1.2218065,1.0439888,1.0615838,1.0068144,0.8747539,0.9505143,1.1003937,1.1692342,0.9266914,0.8561672,0.99626565,1.0141315,1.0978148,0.8772868,1.1464187,1.0565673,1.0922436,0.9519425,0.9099723,0.96276206,0.9398181,0.7720679,1.03563,1.0088567,1.0356233,0.8526109,1.0465125,1.0907431,1.060312,0.81309247,1.0972184,1.1051012,0.9857152,1.0534143,0.8965231,1.0990437,1.0292761,0.95940375,0.97053784,1.0529618,1.204912,1.2276284,0.9130257,1.0707293,0.97313833,1.1106029,0.8284554,1.0849764,1.0183448,1.0886678,1.0447451,1.042671,1.1958137,1.0652293,1.054884,0.9771268,1.0015587,1.10486,1.1461595,0.997095,0.9519695,1.0823393,1.0463762,1.189495,1.1445706
balloon,0.9329149,1.0001408,0.81149834,0.73223084,0.73791325,0.0,0.97702944,1.0828979,1.0377301,1.0685791,1.061709,0.98655593,1.0820544,1.0379378,1.0302436,1.0852283,0.75794154,1.0955985,1.0151635,1.0809526,0.9876108,1.0881488,1.1695082,1.0069395,1.0942338,1.159488,1.0023175,1.1130909,0.8384944,1.2088292,1.0544419,0.9649057,0.8338938,0.9339364,0.56666106,1.1772308,1.1462567,1.0963644,0.7625498,1.022959,0.83946353,1.1363791,0.96636295,1.1148862,0.898956,0.940525,1.2050217,0.84429866,0.9661975,0.71279204,0.8040974,0.97499007,1.0865312,1.0060626,1.0794554,1.1424512,1.0718817,0.95597935,1.0135953,1.121594,0.8985939,1.0837218,0.97911257,0.8842713,1.0718921,1.0669686,0.9772643,0.9766926,1.0861022,1.3336716,1.2735746,1.0472813,1.1359305,0.81463766,0.93301094,1.0082202,1.1585789,1.0045725,1.1295679,1.0000919,1.1262076,1.0461547,1.2601495,0.8658676,0.9492425,0.95125926,1.0020792,0.9575281,1.0333229,1.1083179,0.89898515,0.90254825,1.1353025,1.1156731
banana,1.1563948,0.7180349,1.0123787,1.2621834,1.1404278,0.97702944,0.0,0.8371497,1.2660203,1.5123839,1.3285804,1.2368038,1.3716972,1.1924105,1.2443238,0.48751414,1.0966561,1.3027045,0.55419135,1.0035387,0.4832307,0.57383186,1.2187737,1.0058522,1.2138734,1.1425807,1.3307841,1.3412008,1.2381991,0.514966,1.4534686,0.66595876,1.0323024,1.0859643,0.9569709,0.7344405,1.1733239,1.21426,0.90322506,1.0861341,0.95906675,0.6426277,0.8093295,0.7138587,0.9712763,0.6827687,0.9355267,0.99856377,0.9382033,0.91240376,0.93031627,1.021503,1.3394994,0.9085927,1.2033932,0.8523228,1.2157826,0.68850696,1.3385738,1.1713729,0.53293276,1.199493,1.0079882,0.766848,0.68341064,1.3040798,1.2572497,1.0288577,1.1371578,0.6176212,0.6708496,0.5822418,0.5876194,0.93785596,0.98368156,1.3041577,0.87781465,1.2423259,1.0029474,0.79870737,1.2394693,0.48775136,0.70916307,0.63315475,1.2778997,1.4452772,0.75175,0.7073741,0.86184454,1.0429779,0.86690414,1.3662589,0.9084051,0.8264645
basket,1.0689216,0.95853657,1.0480402,1.2189381,1.1553797,1.0828979,0.8371497,0.0,1.1208949,1.1275811,1.0063149,1.1536705,1.062109,1.1373469,1.0550935,0.9228666,1.0673625,0.7643951,0.88720715,0.87741554,0.79031247,0.5679854,1.0997986,0.8635471,0.7972201,1.0495483,1.0581119,1.0647774,1.0393096,0.94145954,0.9531063,0.94467664,1.0706695,1.10569,1.1486225,0.56564224,0.6783626,1.1631672,1.2102083,1.1879461,0.97138375,0.70004636,1.0614916,0.82609916,1.0054636,0.9356716,1.1772945,1.1741903,1.0397909,1.1543165,1.079958,0.87420976,1.0734624,1.0100683,1.0797411,0.80466914,0.8112447,0.75016725,1.2472343,1.0112506,1.0812,1.0467259,0.95772636,1.0355828,1.0762528,1.0199326,1.1736132,0.7766403,1.0174848,0.82644135,0.8541225,0.83922803,0.68934315,1.0017248,1.038175,0.93822235,0.8985258,1.1431875,1.0144355,0.8121033,0.94352466,0.9978473,0.8947509,1.0566969,1.1612968,1.2306848,0.96534485,1.0692049,0.73281366,0.9983953,1.0325685,1.2110052,0.74053645,1.1531869
bathtub,0.6351613,1.3491733,1.0704088,0.8472988,1.0671607,1.0377301,1.2660203,1.1208949,0.0,0.529889,0.68590397,0.6876017,0.507419,0.93502736,1.0323917,1.4998549,1.0972966,0.7306816,1.2556909,1.2605692,1.3958274,1.2943088,0.9838116,0.8194283,0.7498841,0.9311628,0.8492462,0.5592086,0.80534303,1.4151603,0.41945714,1.4394741,1.2162594,0.64009845,1.0986309,1.2000034,0.94847035,0.814868,1.2656902,0.9639233,1.1790366,1.1484597,0.90033793,1.3214148,1.1658384,1.2489822,1.098888,1.271985,1.0094849,0.9877996,0.9591074,1.0690714,0.56445146,1.0067356,0.9032678,0.9320296,0.88558084,1.4046698,0.693086,1.1144412,1.357924,0.30473852,1.1591039,0.9235606,1.3434991,0.68177545,0.81225604,0.8387674,0.9204378,1.3162853,1.3248909,1.0274854,1.2387127,1.2606025,1.0205609,1.1056981,1.2421027,0.78082126,0.88377756,1.33645,0.2975422,1.332799,1.1254859,1.3315704,0.60122097,0.8229897,1.4381571,1.1624986,0.93570995,0.54110765,1.3656434,0.8972035,1.2720934,1.1986666
bed,0.6629597,1.4545369,1.032421,0.6780414,1.0109658,1.0685791,1.5123839,1.1275811,0.529889,0.0,0.39518988,0.52076197,0.5005336,0.6290536,0.75830984,1.5918076,1.1378361,0.6107681,1.477654,1.2106205,1.6054842,1.5147183,0.82123387,0.8997554,0.66035193,0.87741464,0.6262861,0.41955334,0.74645144,1.5076404,0.18642521,1.5120597,1.1370113,0.80589545,1.2133703,1.3659174,0.86357963,0.7277659,1.3434517,0.86200726,1.2242134,1.3542521,1.1339695,1.4175987,1.1984035,1.4160146,0.9567799,1.0677489,1.0466598,1.19688,1.1214294,0.94073164,0.6353399,1.1075791,0.7140765,1.0338122,0.66637444,1.4345531,0.60574657,1.0473493,1.5157568,0.6847061,1.1786877,1.2601542,1.3806642,0.5207387,0.515749,0.97857857,0.92662716,1.3943436,1.3348701,1.4582248,1.4648141,1.2636626,1.0728979,0.8155478,1.2862973,0.6094801,1.1286125,1.4177388,0.61623,1.6027088,1.1968629,1.4916649,0.6064784,0.25433064,1.441228,1.3824918,1.2204065,0.887307,1.3304288,0.5374311,1.334424,1.1472008
bench,0.95922863,1.3913252,1.0590432,0.8945968,0.9257038,1.061709,1.3285804,1.0063149,0.68590397,0.39518988,0.0,0.73037434,0.73057413,0.8950114,0.9840765,1.4717675,1.1505303,0.6085957,1.4292324,1.0531951,1.451427,1.2305052,0.67630225,0.9492849,0.51415575,1.0442495,0.6354024,0.2672826,0.99684423,1.4388292,0.4309101,1.4106934,1.1221465,0.8254889,1.2291889,1.2578523,0.74848175,0.76828265,1.2856327,0.8575144,1.1520206,1.3002024,0.9849811,1.4384286,1.1976355,1.3700097,0.8657804,1.2115347,0.9816911,1.1648383,0.80197686,0.7588756,0.79681385,1.084049,0.63892853,1.118831,0.66964215,1.3531106,0.49295795,0.8990022,1.4216166,0.8843235,1.1972108,1.1982768,1.274957,0.47919095,0.66394114,0.8943536,1.0685704,1.3253834,1.3084743,1.2507694,1.3612494,1.2706707,1.1468942,0.8394801,1.1809579,0.73666245,1.1171103,1.344944,0.7327593,1.4875638,1.2004014,1.3809031,0.7198831,0.61377555,1.4097098,1.2490693,1.1250563,1.0419178,1.2937046,0.77246064,1.1580855,1.2036451
bib,0.71966314,1.3523507,1.0994668,0.6311562,0.9732026,0.98655593,1.2368038,1.1536705,0.6876017,0.52076197,0.73037434,0.0,0.791941,0.8021256,1.0049257,1.3826844,1.1501653,0.9021469,1.3134305,1.2149147,1.3682991,1.3683596,0.9201225,0.91953254,0.8645086,1.0228736,0.9024584,0.68739617,0.95896196,1.4054537,0.58497155,1.3204899,1.1639987,0.7743417,1.1249496,1.3302977,1.128464,0.5166288,1.2632606,0.6192087,1.13738,1.2740526,1.1063412,1.3146802,1.1582044,1.2855157,0.9577751,1.1916027,0.85103804,1.0656629,1.0187026,0.8671572,0.86313254,1.0461607,0.7207683,1.0192087,0.80743456,1.3822048,0.7579359,1.080263,1.3621409,0.9223143,1.1577294,1.1382878,1.3010638,0.7020154,0.23636222,0.86661804,1.1220559,1.323462,1.3529223,1.2930028,1.3387611,1.2906731,1.0239143,0.93226624,1.3135444,0.13934821,1.1732187,1.3669152,0.84994733,1.4138548,1.1670374,1.39273,0.33357966,0.58345747,1.3235394,1.232423,1.1172769,1.0403209,1.2470928,0.76497257,1.3063278,1.1266195
blanket,0.7142963,1.3520834,1.1930166,0.8546665,1.0157934,1.0820544,1.3716972,1.062109,0.507419,0.5005336,0.73057413,0.791941,0.0,0.92846197,0.8842688,1.4317838,1.1272835,0.8074575,1.230525,1.0962113,1.4000144,1.3121808,0.95495516,0.7753922,0.6621268,0.8365834,0.90562046,0.39780462,0.85083175,1.4260198,0.5125699,1.400138,1.1827811,0.73409003,1.1242787,1.2091739,0.9743659,0.8607086,1.3379025,1.0081496,1.1584829,1.1939524,1.018902,1.3593016,1.1298916,1.2974005,1.1021788,1.2657968,1.048352,1.081099,1.1168026,1.0269305,0.065277934,1.0065404,0.8411976,0.9766212,0.7481849,1.3950126,0.7054497,0.97108465,1.4202,0.5924537,1.1364806,1.0146111,1.2736678,0.7995295,0.8139964,0.7993084,0.94120073,1.3800819,1.3130848,1.0592941,1.2266018,1.2759569,0.9385547,0.8817201,1.1430149,0.7652949,0.9978875,1.3374324,0.74015963,1.4019574,1.1649969,1.3145211,0.61330295,0.75806105,1.4028087,1.2648823,1.006314,0.73201376,1.2841208,0.8197574,1.1629474,1.2295916
boat,0.86300915,1.1393707,0.9923522,0.83501226,1.0594862,1.0379378,1.1924105,1.1373469,0.93502736,0.6290536,0.8950114,0.8021256,0.92846197,0.0,0.74303913,1.2593844,1.0852048,0.8935171,1.2715588,1.1859603,1.3140612,1.2997235,1.0384749,1.0507548,1.0452358,0.7017357,1.0042157,0.9040451,0.9657116,1.1670023,0.78496313,1.2184707,0.9386996,0.96365833,1.0910171,1.2430899,1.0839152,0.92277884,1.0184435,0.98362744,1.0986744,1.2360494,1.1335243,1.2389996,0.99317473,1.1794562,0.96687055,0.9946774,1.0887221,1.1039994,1.0830845,1.0037897,0.97267956,1.0642033,0.875652,0.98793787,1.0240086,1.2144246,0.83576405,1.1202326,1.1564339,1.0868055,0.9844216,1.2021434,1.1522882,0.7234148,0.8044226,0.94726646,1.1148287,1.0995238,1.0470699,1.3223004,1.3175106,1.0323521,0.97331417,1.0474528,1.1915735,0.84027696,0.9785842,1.2090173,0.9929653,1.2296441,1.0029471,1.2379756,0.8628598,0.4779557,1.1315159,1.1802377,1.1453332,1.1881008,1.057153,0.42987573,1.2297161,0.9892378
book,0.9420997,1.0973179,0.91290057,0.95347977,1.1680641,1.0302436,1.2443238,1.0550935,1.0323917,0.75830984,0.9840765,1.0049257,0.8842688,0.74303913,0.0,1.2034166,0.78912264,0.5911338,1.1901047,0.94926697,1.2718372,1.2769542,1.0289453,1.2441218,1.0320371,0.69731516,0.87572145,1.0951376,0.7916132,1.1546118,0.92297363,1.1053329,0.75264597,1.1540133,0.87260485,1.1785529,0.7472453,1.1201589,1.0654644,1.0525424,1.0037605,1.1100819,1.2537607,1.0405139,0.9400024,1.0646821,1.2363662,0.66041267,1.1573339,1.0051111,1.2163546,1.0880102,0.96026325,0.8977916,1.1892575,1.06576,0.9750553,1.2101214,0.95631135,0.89520454,1.191345,0.96505463,0.9881447,1.2509301,1.125848,1.10259,0.91937447,1.3362653,0.60638374,1.1889147,0.9855229,1.3254157,1.2121822,0.7521465,0.53948754,0.9137814,0.81320465,1.0474795,0.9488099,1.218303,1.0765525,1.2062569,1.2461433,1.1591332,1.0835129,0.4837793,0.95381457,1.160583,1.3322195,1.0627885,0.7879399,0.36451864,1.1305548,1.1316291
bottle,1.2200913,0.6046175,1.2290771,1.3468521,1.145354,1.0852283,0.48751414,0.9228666,1.4998549,1.5918076,1.4717675,1.3826844,1.4317838,1.2593844,1.2034166,0.0,0.9663387,1.4072078,0.4591595,0.82689303,0.18396974,0.45920753,1.2130704,1.1184454,1.4189148,1.1497833,1.3399574,1.50357,1.3389666,0.18580961,1.5686893,0.22761834,0.9881636,1.4166172,0.9953589,0.6437882,1.2340413,1.280098,0.75653446,1.1475796,0.9863175,0.63202214,1.0364516,0.5287134,0.9369586,0.4982776,0.7669155,0.8486663,1.0633857,1.1698236,1.1384667,1.2415477,1.3893547,1.0245175,1.2742155,1.1470313,1.393229,0.38225937,1.5513566,1.064479,0.41755247,1.3356361,0.9055049,0.90901744,0.35586053,1.4124458,1.4423091,1.0933051,1.0495281,0.40005934,0.39518183,0.70683336,0.48461926,0.89183813,1.0202608,1.1461077,0.6636818,1.3700093,1.1481209,0.3888321,1.2728888,0.33638823,0.6382092,0.44460356,1.4283528,1.5055224,0.4307139,0.77336466,0.89660394,1.0606418,0.68357116,1.4986739,0.62759674,0.504817
bowl,0.9120344,0.8551981,0.8074454,0.9527565,0.87552786,0.75794154,1.0966561,1.0673625,1.0972966,1.1378361,1.1505303,1.1501653,1.1272835,1.0852048,0.78912264,0.9663387,0.0,1.0059901,1.0997753,0.9727074,0.88026273,1.0271676,0.99601716,1.263635,1.1548136,1.1821848,0.89232314,1.3060304,0.83748776,1.0026562,1.1001153,0.494852,0.56150067,1.2215034,0.7838386,1.0712376,0.99468577,1.2419257,0.72420734,1.145898,0.924694,1.062153,1.3015528,0.8076204,0.78399485,0.9294788,1.1723205,0.56206894,1.2211674,1.0490266,1.0341234,1.0501792,1.1510309,1.0084623,1.3166565,1.0106103,1.1735685,0.7861657,1.1983563,1.0002394,0.95604926,0.93090457,0.82274413,1.2149389,0.90704376,1.088113,1.1596609,1.2974268,0.68042636,1.0097873,0.9307411,1.2239347,1.0887351,0.25207603,0.8490858,0.90558195,0.8678423,1.2606138,1.0583825,0.92044795,0.86742747,1.0686121,1.0896423,0.8904862,1.2920933,0.965543,0.5976909,1.208441,1.2665479,0.8996806,0.6611922,0.9077011,1.0104709,1.0068576
box,0.94739175,1.3184686,1.0350703,0.97762984,1.1765045,1.0955985,1.3027045,0.7643951,0.7306816,0.6107681,0.6085957,0.9021469,0.8074575,0.8935171,0.5911338,1.4072078,1.0059901,0.0,1.3435333,0.86071336,1.3336327,1.0087863,0.90522015,1.0012517,0.56591344,0.84340525,0.8332146,0.72799087,0.91456735,1.3687593,0.52894175,1.3182857,0.98237884,0.9448585,1.0057063,1.0798385,0.19545496,1.0113297,1.3201175,1.05271,1.1482298,1.0971153,1.07026,1.2578185,1.0775906,1.3046594,1.2312202,1.2020564,1.0797186,1.1004215,1.1128448,0.8644239,0.8509367,0.79513115,0.9976449,0.9780845,0.64583415,1.3532698,0.8693561,0.79525673,1.4661398,0.8103651,1.093655,1.1881688,1.3224254,0.7333943,0.9080977,1.0813138,0.8000749,1.2728046,1.2031404,1.1831237,1.1563005,1.069273,0.8258456,0.7414152,1.0649992,0.9823647,0.934342,1.2936518,0.73141366,1.3564231,1.2144724,1.3296368,0.9623653,0.71646476,1.2448628,1.2181609,1.1075642,0.95786834,1.0649893,0.63226026,0.9491613,1.2626368
bread,1.2432351,0.639881,1.1133261,1.242609,1.0420591,1.0151635,0.55419135,0.88720715,1.2556909,1.477654,1.4292324,1.3134305,1.230525,1.2715588,1.1901047,0.4591595,1.0997753,1.3435333,0.0,1.0286608,0.5075888,0.77559716,1.2011808,0.9859295,1.2873232,1.027646,1.3182089,1.3148961,1.1913717,0.47115076,1.4163772,0.66521287,1.0745264,1.1969131,0.9529488,0.83124506,1.1920261,1.2159166,0.85151833,1.1503955,0.8674632,0.7281749,0.7792083,0.6586821,0.99472576,0.46820396,0.971371,0.9328715,0.84481156,0.8814411,1.0529709,1.2586875,1.1714971,1.0557221,1.2166184,1.1002737,1.2213883,0.6435395,1.3962171,1.1487547,0.48791206,1.2013412,1.01135,0.6025709,0.6874518,1.3317065,1.343935,1.0025933,1.1123393,0.67981,0.6809197,0.6463251,0.60245,1.036304,1.0911064,1.2673855,0.9517815,1.2513887,1.0881734,0.73798084,1.2377129,0.39796346,0.71345764,0.6461824,1.2084365,1.4197905,0.78092897,0.63701046,0.78153735,1.0353636,0.96024305,1.3683662,0.93851113,0.64735126
broom,1.168732,1.0381204,1.1862451,1.2173402,1.1664147,1.0809526,1.0035387,0.87741554,1.2605692,1.2106205,1.0531951,1.2149147,1.0962113,1.1859603,0.94926697,0.82689303,0.9727074,0.86071336,1.0286608,0.0,0.83467835,0.6674628,1.1015365,1.1479486,0.8638376,1.1518621,1.1468098,1.1403056,1.1997474,0.9074436,1.0947983,0.8489453,1.0844811,1.2081735,0.8680443,0.8688358,0.7906318,1.1393983,0.9915874,1.123572,0.9620129,0.8732209,1.1516,0.8839739,0.7903924,0.82841635,1.0812949,1.0771115,1.1155409,1.0603518,1.0141315,0.8496982,1.0701973,0.94709665,1.120349,0.8552385,0.7741597,0.9191946,1.1521636,0.3587078,0.9247962,1.1348901,0.84203374,1.2124028,0.9937833,1.0696117,1.1543388,1.0675049,0.8823199,0.9065337,0.93106604,0.97275406,0.8416529,1.0006912,0.84353316,0.854122,0.8532057,1.2236404,1.0870111,0.6736058,1.1114925,0.927314,1.0696595,0.9528526,1.1998527,1.2239382,0.83013886,0.9668486,0.9862797,1.0971409,0.73015666,1.2106581,0.14853448,1.0421891
bucket,1.2129552,0.6446391,1.2123356,1.3571875,1.0095419,0.9876108,0.4832307,0.79031247,1.3958274,1.6054842,1.451427,1.3682991,1.4000144,1.3140612,1.2718372,0.18396974,0.88026273,1.3336327,0.5075888,0.83467835,0.0,0.30932587,1.2225128,0.9574386,1.3215301,1.2143097,1.338961,1.4762672,1.3010612,0.44063228,1.4927428,0.3216747,1.0823735,1.3223903,0.9911827,0.52056426,1.1304848,1.2650425,0.81146425,1.163545,0.9940197,0.53459436,0.90896827,0.58523995,0.935547,0.5768602,1.0034717,0.9440647,1.0209343,1.1387864,1.038958,1.1988661,1.3567022,0.9401862,1.2399572,1.0718611,1.3011158,0.43408954,1.4861214,1.1054398,0.5300765,1.2177224,0.9160981,0.7744528,0.60166097,1.3722777,1.4833547,0.96294683,0.99786097,0.50264865,0.6291566,0.51256037,0.3860538,0.90564847,1.0421258,1.0579972,0.72554904,1.3937972,1.1418145,0.44222385,1.1329626,0.45039797,0.6573387,0.50028783,1.4315052,1.5474927,0.5192691,0.79314744,0.7141559,0.966006,0.77690196,1.5259492,0.60905236,0.8155803
can,1.2494677,0.79891354,1.1286331,1.3804269,1.1610855,1.0881488,0.57383186,0.5679854,1.2943088,1.5147183,1.2305052,1.3683596,1.3121808,1.2997235,1.2769542,0.45920753,1.0271676,1.0087863,0.77559716,0.6674628,0.30932587,0.0,1.1910446,0.89651537,0.9757114,1.1379399,1.3422703,1.276613,1.3698535,0.6107164,1.3469578,0.56167376,1.1304158,1.2347383,1.054246,0.4414935,0.84271896,1.2314255,1.0141212,1.2285821,0.9875471,0.49532288,0.8881731,0.8036074,1.023498,0.8676594,1.038368,1.2347494,1.1146778,1.1443665,0.8990073,0.9537223,1.2591646,0.8846786,1.1199257,0.9293379,1.0723205,0.62558484,1.3423122,0.910232,0.7596129,1.1812196,0.9952399,0.91817445,0.799231,1.1442864,1.4198085,0.85572094,1.04516,0.5910327,0.7406032,0.47534692,0.36528957,0.97780704,1.0764239,0.92571807,0.6834522,1.3498375,1.004104,0.49818528,1.0647504,0.6197015,0.76823413,0.70765775,1.3751588,1.5050805,0.69828045,0.81315684,0.6886797,1.0236404,0.89582527,1.4528482,0.41705787,1.012132
car,0.9800352,1.1441422,0.9486861,1.0181121,0.85025644,1.1695082,1.2187737,1.0997986,0.9838116,0.82123387,0.67630225,0.9201225,0.95495516,1.0384749,1.0289453,1.2130704,0.99601716,0.90522015,1.2011808,1.1015365,1.2225128,1.1910446,0.0,0.9039087,0.7713777,1.0966,0.7251635,0.73317116,1.0132903,1.1737616,0.88639206,1.1876781,1.0772843,0.8757321,1.2226729,1.1929224,0.916826,0.76880467,1.2248181,0.92232466,1.1095822,1.1251209,1.0909137,1.0506641,1.0529065,1.2383122,0.7746346,1.0658761,0.9966589,1.1701413,0.93880045,0.74890006,0.9657077,1.0384705,0.6976497,0.9480131,0.8479651,1.0878015,0.7417956,1.0094757,1.3103876,1.0287244,1.0511762,1.175089,1.1112504,0.7238188,0.91208583,0.9833929,1.0725201,1.0680557,1.0329226,1.1591659,1.147841,1.0628767,1.0812373,0.78958195,1.0203606,0.8910461,1.1027249,1.1742008,0.8524569,1.3454583,0.9892031,1.1618037,0.932757,0.87962985,1.1898068,1.2987576,1.0532991,1.0592263,1.1549691,0.9091227,1.1910748,1.0610855
cat,0.8610274,1.1442472,1.1498337,1.0298353,0.7992008,1.0069395,1.0058522,0.8635471,0.8194283,0.8997554,0.9492849,0.91953254,0.7753922,1.0507548,1.2441218,1.1184454,1.263635,1.0012517,0.9859295,1.1479486,0.9574386,0.89651537,0.9039087,0.0,0.7256118,1.0057725,1.1366191,0.73577136,1.0129809,1.1767286,0.82102853,1.2100323,1.237734,0.597088,1.1501197,0.99049085,1.0261911,0.97113585,1.1823419,1.0259917,1.101028,0.953493,0.89041275,1.2094043,1.2106396,1.0205041,0.94553745,1.3453622,0.91905344,1.0666268,0.83015656,0.95105976,0.7956013,1.0619013,0.7733177,0.96736425,0.81929564,1.1229004,0.76818275,1.1859678,1.153914,0.86131227,1.1607735,0.77502644,1.1657875,0.91567886,1.0726119,0.60848993,1.1240487,1.141825,1.202378,0.7058501,0.9042727,1.2666914,1.1097683,0.9932403,1.1305349,0.9314627,1.0109441,1.0927821,0.83167183,1.1217335,0.9478099,1.0812604,0.83824205,1.0805422,1.204804,1.1384075,0.80118287,0.86844504,1.2642708,1.11693,1.091315,1.1203833
chair,0.9941655,1.4118267,1.0596179,0.9458502,1.0278685,1.0942338,1.2138734,0.7972201,0.7498841,0.66035193,0.51415575,0.8645086,0.6621268,1.0452358,1.0320371,1.4189148,1.1548136,0.56591344,1.2873232,0.8638376,1.3215301,0.9757114,0.7713777,0.7256118,0.0,1.1066321,0.83257556,0.43790275,1.0650593,1.5017471,0.4483981,1.4182788,1.2235374,0.67967784,1.1013304,1.0932714,0.56960803,0.88644993,1.400573,1.0099964,1.113484,1.0444218,1.0724312,1.3769765,1.1115729,1.2726449,0.9834275,1.4214293,0.95880747,1.0914645,0.8377049,0.59678286,0.6441305,0.9517958,0.7073469,0.8898359,0.2764814,1.354296,0.66419804,0.7643712,1.4756444,0.92987293,1.0990909,1.1716961,1.4357053,0.6721631,0.863915,0.7949114,1.0821518,1.4147396,1.4168177,1.032984,1.0625709,1.2514784,0.9202843,0.68241006,1.1802312,0.8599077,0.9874965,1.2370117,0.803262,1.4496845,1.2743976,1.3318048,0.80769247,0.89128345,1.4153817,1.2793493,0.84747285,1.0696478,1.2144669,0.9272839,0.88407147,1.2871085
clock,1.0154678,1.0049505,1.0201706,1.0630025,1.1625973,1.159488,1.1425807,1.0495483,0.9311628,0.87741464,1.0442495,1.0228736,0.8365834,0.7017357,0.69731516,1.1497833,1.1821848,0.84340525,1.027646,1.1518621,1.2143097,1.1379399,1.0966,1.0057725,1.1066321,0.0,1.1359639,0.88598657,1.033695,1.0604507,0.9354301,1.2274057,1.0035532,1.1394508,1.0646424,1.0574538,1.0004003,1.0254071,1.0921218,0.99459106,1.1328899,1.0470107,0.9364712,1.161393,1.0335124,1.0445722,1.1646278,1.1025202,0.99116474,1.0859563,1.2012128,1.157203,0.8253374,0.9801889,0.9749803,1.1294794,1.0399269,1.1817206,1.018072,1.0458589,1.1262131,1.0245249,1.0379883,0.97635174,1.0723959,0.9334895,1.0343813,0.97254395,1.0694577,0.981286,0.9862827,1.0635726,1.0827969,1.1153,0.92315507,1.1108569,0.93105644,0.9342606,0.71971285,1.2112892,1.0589598,1.0382193,0.9268018,1.0859377,0.90749454,0.74101466,1.1058347,0.99329776,1.0784276,1.1092011,1.0375385,0.706565,1.1593609,1.0187924
comb,0.9378369,1.2693048,0.75279033,0.8336433,0.8828213,1.0023175,1.3307841,1.0581119,0.8492462,0.6262861,0.6354024,0.9024584,0.90562046,1.0042157,0.87572145,1.3399574,0.89232314,0.8332146,1.3182089,1.1468098,1.338961,1.3422703,0.7251635,1.1366191,0.83257556,1.1359639,0.0,0.80779135,0.46925747,1.3119559,0.7303688,1.189188,0.9107859,0.8664879,1.121309,1.1802576,0.8844434,0.9298235,1.1315435,0.9789755,1.0613568,1.2614486,1.1897744,0.94782954,1.0289273,1.2347786,0.8137087,0.72433054,1.1143667,1.1362926,1.006554,0.74520016,0.9560316,1.1191256,0.9348861,0.9704313,0.89936775,1.0978962,0.7602642,1.03892,1.3055089,0.75626045,0.99272496,1.1734734,1.2322297,0.8392091,0.79096854,1.1393049,0.83035856,1.225696,1.18999,1.3301947,1.3304772,0.9688927,1.1193845,0.8412852,1.139648,0.94330037,1.1149192,1.1609902,0.8209352,1.4148338,1.2351482,1.3064239,0.9892728,0.76270247,1.1460185,1.357103,1.1894839,0.8198425,1.1336049,0.8556455,1.1981343,1.1239809
couch,0.89169496,1.4232596,1.147457,0.8587318,0.90462375,1.1130909,1.3412008,1.0647774,0.5592086,0.41955334,0.2672826,0.68739617,0.39780462,0.9040451,1.0951376,1.50357,1.3060304,0.72799087,1.3148961,1.1403056,1.4762672,1.276613,0.73317116,0.73577136,0.43790275,0.88598657,0.80779135,0.0,1.0402147,1.485199,0.4278177,1.5244534,1.2663512,0.73486745,1.1942946,1.2828124,0.9141118,0.65641314,1.393621,0.88191235,1.2972949,1.2566156,0.82957536,1.5558531,1.2497871,1.412481,0.9152998,1.408752,0.9101286,1.1556593,0.896829,0.90462327,0.4266622,0.9748398,0.5740814,1.1191857,0.653226,1.4993356,0.5003803,0.94166124,1.4952177,0.7983005,1.2525684,1.0017099,1.3304497,0.58680844,0.6733469,0.7221581,1.1729279,1.3856705,1.3774616,1.0383579,1.2767107,1.453323,1.1201383,0.8977803,1.2103174,0.6342797,1.0004532,1.4517252,0.7621825,1.4795103,1.1305053,1.3757161,0.51023185,0.7004545,1.5394124,1.2315365,0.9842002,0.9543718,1.4053882,0.8570425,1.2133226,1.2435575
cracker,0.85220075,1.0766149,0.8082278,0.7315611,0.95532376,0.8384944,1.2381991,1.0393096,0.80534303,0.74645144,0.99684423,0.95896196,0.85083175,0.9657116,0.7916132,1.3389666,0.83748776,0.91456735,1.1913717,1.1997474,1.3010612,1.3698535,1.0132903,1.0129809,1.0650593,1.033695,0.46925747,1.0402147,0.0,1.2783082,0.8415334,1.1848477,0.886925,0.75921744,0.9843842,1.135586,1.0012622,1.0935035,0.9806074,1.0226003,0.86270046,1.2607088,1.106743,0.89650285,1.0319371,1.1951222,1.1903534,0.6659514,1.1153727,0.90258306,1.1352866,0.9624494,0.8889383,1.125624,1.1098629,0.9814578,1.0045072,1.0873841,0.9148541,1.1434436,1.117836,0.6204395,0.99068326,1.0338185,1.1688756,1.0292966,0.9354572,1.0884132,0.6798347,1.2483335,1.2129166,1.2334522,1.3116039,0.86918485,1.0476364,1.0642011,1.1556499,1.0263097,0.9369842,1.1417906,0.8490703,1.2346872,1.2275738,1.1409024,1.0009391,0.83034194,1.0708247,1.1228788,1.1317384,0.6377786,1.1162177,0.81833977,1.2882662,1.1483746
crayon,1.1910574,0.5415581,1.1717353,1.3900149,1.2218065,1.2088292,0.514966,0.94145954,1.4151603,1.5076404,1.4388292,1.4054537,1.4260198,1.1670023,1.1546118,0.18580961,1.0026562,1.3687593,0.47115076,0.9074436,0.44063228,0.6107164,1.1737616,1.1767286,1.5017471,1.0604507,1.3119559,1.485199,1.2783082,0.0,1.5426679,0.37053466,0.97229534,1.4347148,1.0554444,0.7217372,1.2100437,1.3286698,0.7850244,1.1886225,0.9065496,0.65212107,0.97821534,0.46930546,0.987704,0.50588095,0.71773607,0.82804275,1.1551054,1.1138374,1.1511579,1.3218173,1.3982351,1.1224684,1.3295263,1.0977025,1.452574,0.42898285,1.5217134,1.1144023,0.36666292,1.2359688,0.95366484,0.89270455,0.3214712,1.3764274,1.4391774,1.2156097,1.0233636,0.23146874,0.1387462,0.72257054,0.5598797,0.82721347,1.1048964,1.3334018,0.6897805,1.4016471,1.1080279,0.44821644,1.1647482,0.2689556,0.4929278,0.4944871,1.468963,1.4318918,0.5171322,0.69053376,1.0166098,0.9982577,0.76602364,1.3962325,0.7328089,0.34882003
crib,0.68721855,1.4927828,1.1500764,0.7146645,1.0439888,1.0544419,1.4534686,0.9531063,0.41945714,0.18642521,0.4309101,0.58497155,0.5125699,0.78496313,0.92297363,1.5686893,1.1001153,0.52894175,1.4163772,1.0947983,1.4927428,1.3469578,0.88639206,0.82102853,0.4483981,0.9354301,0.7303688,0.4278177,0.8415334,1.5426679,0.0,1.459485,1.2033937,0.7369931,1.141312,1.2786541,0.74257916,0.79516226,1.3835049,0.92033905,1.2428083,1.2162597,1.1081599,1.4111774,1.1262265,1.3462574,1.0223911,1.2788216,1.0402027,1.2044767,1.1359327,0.86206496,0.63072526,1.0539365,0.73947704,1.0073692,0.45311612,1.3979441,0.69812095,0.9908011,1.5453,0.6584835,1.094664,1.2001086,1.4315823,0.46989048,0.6618365,0.8937116,0.99489063,1.4306328,1.3959274,1.3340405,1.2996855,1.2797508,1.024722,0.7402365,1.3093603,0.6938127,1.091647,1.3354365,0.48552436,1.5767287,1.2142788,1.4853072,0.64540476,0.5198288,1.4446365,1.4035699,1.0796382,0.87512887,1.3336518,0.7169924,1.1520827,1.1872009
cup,1.141315,0.6759158,1.077885,1.2359966,1.0615838,0.9649057,0.66595876,0.94467664,1.4394741,1.5120597,1.4106934,1.3204899,1.400138,1.2184707,1.1053329,0.22761834,0.494852,1.3182857,0.66521287,0.8489453,0.3216747,0.56167376,1.1876781,1.2100323,1.4182788,1.2274057,1.189188,1.5244534,1.1848477,0.37053466,1.459485,0.0,0.8007554,1.442591,0.92163897,0.79551977,1.1839079,1.3036644,0.6788558,1.1562793,0.9344729,0.8034827,1.2206753,0.552042,0.83658963,0.5943011,0.8283266,0.6716665,1.1504867,1.1864281,1.0969572,1.177144,1.3847148,1.0403258,1.3965334,1.1285084,1.3879135,0.37484545,1.5154284,1.0422536,0.53987825,1.2545093,0.8201315,1.0696932,0.44596088,1.3348451,1.3706745,1.2496737,0.91783834,0.49128532,0.50066465,0.9110124,0.69108045,0.61614466,0.9839595,1.0707463,0.71086836,1.3670721,1.1704249,0.44600904,1.1158587,0.51738006,0.762453,0.6226078,1.4525875,1.3541179,0.26035893,0.9243261,1.134393,1.0206609,0.5884107,1.3164159,0.68523955,0.585911
dish,1.0469937,0.6982254,0.68819463,1.0552608,1.0068144,0.8338938,1.0323024,1.0706695,1.2162594,1.1370113,1.1221465,1.1639987,1.1827811,0.9386996,0.75264597,0.9881636,0.56150067,0.98237884,1.0745264,1.0844811,1.0823735,1.1304158,1.0772843,1.237734,1.2235374,1.0035532,0.9107859,1.2663512,0.886925,0.97229534,1.2033937,0.8007554,0.0,1.1618409,0.91874564,1.0425503,0.9906022,1.2023212,0.4351467,1.1025835,0.9375377,1.1538835,1.2410693,0.83541393,0.77054733,0.8614595,1.12421,0.5856903,1.217886,0.9861524,1.0782493,1.1173944,1.1967647,0.9572462,1.2567581,1.1010582,1.2003243,0.8804276,1.1554506,1.0404745,0.80639553,1.103726,0.8319086,1.158218,0.8603659,1.2561218,1.1212521,1.2749381,0.85099775,1.0296662,0.91123146,1.227476,1.1917119,0.30119252,0.8702021,1.0965501,0.9032383,1.199121,0.9024743,1.0116358,1.1587973,0.8958585,1.1315093,0.92182755,1.2315468,0.96806794,0.60545427,1.0993829,1.269947,1.0949825,0.6235497,0.6832123,1.1638428,1.06335
dog,0.88613963,1.3132217,0.98246264,0.74788266,0.8747539,0.9339364,1.0859643,1.10569,0.64009845,0.80589545,0.8254889,0.7743417,0.73409003,0.96365833,1.1540133,1.4166172,1.2215034,0.9448585,1.1969131,1.2081735,1.3223903,1.2347383,0.8757321,0.597088,0.67967784,1.1394508,0.8664879,0.73486745,0.75921744,1.4347148,0.7369931,1.442591,1.1618409,0.0,0.9999602,1.1496043,0.9527252,0.8425325,1.1544156,0.89818716,0.9446957,1.2414598,0.9067835,1.2952541,1.1718637,1.3025036,0.9459376,1.2638154,0.89917916,0.7038549,0.8144942,0.7688526,0.7701169,1.0124418,0.7665197,0.787391,0.6815382,1.3674778,0.51475596,1.1312543,1.2531862,0.7784542,1.1287993,0.8716592,1.3678389,0.8817583,0.76280296,0.81608343,1.1201082,1.411813,1.4204605,0.9482158,1.246801,1.2548081,1.1923013,0.9262471,1.2886539,0.74652386,0.9564969,1.3695838,0.94319,1.3071936,1.168607,1.268275,0.5829481,0.95519817,1.4100049,1.0836709,0.94204485,0.8913843,1.3269616,0.90586686,1.3174376,1.185032
doll,1.0457928,0.92817056,0.8716992,0.9050036,0.9505143,0.56666106,0.9569709,1.1486225,1.0986309,1.2133703,1.2291889,1.1249496,1.1242787,1.0910171,0.87260485,0.9953589,0.7838386,1.0057063,0.9529488,0.8680443,0.9911827,1.054246,1.2226729,1.1501197,1.1013304,1.0646424,1.121309,1.1942946,0.9843842,1.0554444,1.141312,0.92163897,0.91874564,0.9999602,0.0,1.1484729,1.033625,1.1416088,0.8093679,1.0767026,0.9269632,1.0794915,0.9930071,1.0099716,0.7511399,0.92349,1.1668398,0.8932724,0.9798401,0.6711451,0.97817844,1.1008846,1.0757213,0.75095993,1.1773899,1.0436763,1.0854933,1.0952077,1.0922127,0.95515686,0.90023786,1.0514259,0.83674145,0.8904973,1.0262097,1.2221923,1.0587012,1.2067479,0.89857256,1.1637254,1.1345943,1.0050881,1.0379852,0.8131534,0.7715509,1.0946914,1.0536808,1.1169472,0.909899,1.0773066,1.242129,0.8521693,1.1720792,0.7657695,1.0729874,1.0858786,0.84304345,0.849816,1.1424627,1.0675107,0.59159184,0.989709,0.9624672,1.0578333
door,1.0924093,0.7751408,1.1058855,1.3488381,1.1003937,1.1772308,0.7344405,0.56564224,1.2000034,1.3659174,1.2578523,1.3302977,1.2091739,1.2430899,1.1785529,0.6437882,1.0712376,1.0798385,0.83124506,0.8688358,0.52056426,0.4414935,1.1929224,0.99049085,1.0932714,1.0574538,1.1802576,1.2828124,1.135586,0.7217372,1.2786541,0.79551977,1.0425503,1.1496043,1.1484729,0.0,0.8063019,1.1181304,0.95008373,1.19449,0.8994433,0.5716164,1.0197933,0.6574983,1.1145053,0.9373658,1.1261673,1.0972749,1.1574566,1.1150867,1.1508163,1.0344373,1.20865,0.97250295,1.2500967,0.77025354,1.1333036,0.60173035,1.3129313,0.997847,0.8745266,0.9351094,1.0372901,0.9616065,0.8791437,1.1745306,1.3459482,0.92845225,0.8383087,0.602559,0.7290757,0.66958475,0.5373213,0.8925848,1.1027371,0.90851593,0.72455096,1.3113065,0.9030208,0.54779524,0.99077594,0.7738365,0.75855815,0.80011064,1.3602568,1.435401,0.7719507,0.8960314,0.6470327,0.8082383,0.99822545,1.3604604,0.64194477,1.0540123
drawer,1.1177446,1.1748486,0.97474474,1.0879971,1.1692342,1.1462567,1.1733239,0.6783626,0.94847035,0.86357963,0.74848175,1.128464,0.9743659,1.0839152,0.7472453,1.2340413,0.99468577,0.19545496,1.1920261,0.7906318,1.1304848,0.84271896,0.916826,1.0261911,0.56960803,1.0004003,0.8844434,0.9141118,1.0012622,1.2100437,0.74257916,1.1839079,0.9906022,0.9527252,1.033625,0.8063019,0.0,1.08914,1.2245528,1.1161631,1.0340337,0.93374807,1.0437341,1.0732127,1.0993217,1.2046586,1.204375,1.1782144,1.0760573,1.0482606,1.0825099,0.8120446,0.98036367,0.8191373,1.076519,0.91669714,0.62791705,1.1860437,0.95518327,0.7407934,1.2977501,0.9036654,1.077075,1.1408477,1.2599814,0.8477629,1.0451556,1.1697397,0.76112413,1.0939896,1.0944369,1.0201074,0.96161026,0.9950482,0.9274754,0.69924796,0.9559373,1.1434102,0.95635736,1.1164669,0.85225964,1.1875547,1.1025255,1.1750969,1.1527519,0.94036573,1.1566675,1.0827819,1.00571,0.97814757,1.0481209,0.8277698,0.8224329,1.1997861
dress,0.9774213,1.2850759,1.0831,0.7426052,0.9266914,1.0963644,1.21426,1.1631672,0.814868,0.7277659,0.76828265,0.5166288,0.8607086,0.92277884,1.1201589,1.280098,1.2419257,1.0113297,1.2159166,1.1393983,1.2650425,1.2314255,0.76880467,0.97113585,0.88644993,1.0254071,0.9298235,0.65641314,1.0935035,1.3286698,0.79516226,1.3036644,1.2023212,0.8425325,1.1416088,1.1181304,1.08914,0.0,1.1974994,0.737055,1.1937745,1.2016588,0.9534659,1.3413725,1.1600076,1.2728786,0.9702975,1.2202952,0.7786823,1.074523,0.9978643,0.9062109,0.83407724,1.008913,0.7660841,0.9760903,0.90987754,1.306284,0.6780782,0.9871553,1.3244251,1.0347695,1.1789236,1.011735,1.2487705,0.73596025,0.48344588,0.82973623,1.1753417,1.2166138,1.2870967,1.2170651,1.2269305,1.3217813,1.0500723,0.90969104,1.2007476,0.4567541,1.1112127,1.299566,0.9190856,1.3450611,1.1246083,1.2459911,0.49524653,0.7483419,1.3124025,1.124736,0.9575414,1.1270168,1.2653584,0.88324744,1.1942868,1.1598568
egg,1.1982372,0.44392908,0.81225765,1.0949444,0.8561672,0.7625498,0.90322506,1.2102083,1.2656902,1.3434517,1.2856327,1.2632606,1.3379025,1.0184435,1.0654644,0.75653446,0.72420734,1.3201175,0.85151833,0.9915874,0.81146425,1.0141212,1.2248181,1.1823419,1.400573,1.0921218,1.1315435,1.393621,0.9806074,0.7850244,1.3835049,0.6788558,0.4351467,1.1544156,0.8093679,0.95008373,1.2245528,1.1974994,0.0,1.1104072,0.91072744,1.07079,1.0709754,0.8225506,0.8882711,0.72812045,1.0518616,0.5305071,1.1278758,0.91368,0.9886036,1.3104789,1.276767,1.0310755,1.3137482,1.1644607,1.3311605,0.6924982,1.2362107,1.0826815,0.49807686,1.1615366,0.87216014,0.99400187,0.5635823,1.34243,1.2517834,1.26813,0.9017408,0.88905585,0.90758955,1.021085,1.0087003,0.498415,0.9679442,1.2067363,0.9459958,1.2955964,0.8970139,0.81897825,1.1893828,0.6164687,0.9195862,0.5910884,1.2705741,1.228584,0.520153,0.8406719,1.1601367,1.0818417,0.6936502,0.9950741,1.0360578,0.88323236
face,1.0857255,1.246584,1.0826572,0.8113097,0.99626565,1.022959,1.0861341,1.1879461,0.9639233,0.86200726,0.8575144,0.6192087,1.0081496,0.98362744,1.0525424,1.1475796,1.145898,1.05271,1.1503955,1.123572,1.163545,1.2285821,0.92232466,1.0259917,1.0099964,0.99459106,0.9789755,0.88191235,1.0226003,1.1886225,0.92033905,1.1562793,1.1025835,0.89818716,1.0767026,1.19449,1.1161631,0.737055,1.1104072,0.0,1.0473535,1.1778069,0.88356996,1.148712,1.0707785,1.1544106,1.0336368,1.1322596,0.4600879,1.00373,1.0441173,0.88301253,0.999627,1.0213436,0.904134,1.162332,0.9312205,1.1847781,0.7924187,0.9868234,1.1306503,1.1830902,1.1203489,0.9516426,1.0853922,0.92628205,0.6808422,1.0615191,1.1790973,1.2355855,1.1958468,1.2135117,1.2096843,1.2064817,1.1371973,0.9115436,1.138928,0.5861716,1.017143,1.1629823,1.0994431,1.1604439,1.1883367,1.1338414,0.73481274,0.8166393,1.2009981,1.0231532,1.0708227,1.2318321,1.2288666,0.8807515,1.1610391,1.0341672
finger,1.1099974,0.81411064,0.84539574,0.91214573,1.0141315,0.83946353,0.95906675,0.97138375,1.1790366,1.2242134,1.1520206,1.13738,1.1584829,1.0986744,1.0037605,0.9863175,0.924694,1.1482298,0.8674632,0.9620129,0.9940197,0.9875471,1.1095822,1.101028,1.113484,1.1328899,1.0613568,1.2972949,0.86270046,0.9065496,1.2428083,0.9344729,0.9375377,0.9446957,0.9269632,0.8994433,1.0340337,1.1937745,0.91072744,1.0473535,0.0,0.9931531,1.1193371,0.75087667,0.9804682,0.8929946,1.0834242,0.91375077,1.0297942,0.3566879,0.8321614,0.9047457,1.1307714,1.1879842,1.2027301,0.9638707,1.0738317,0.860874,1.0382526,1.0553426,0.7011218,1.0154448,1.0503486,0.9594434,1.0418754,1.1115254,1.1066724,1.0480393,0.95645416,1.049727,1.0060068,0.9250876,0.99531156,0.86143583,1.0777357,1.0204904,1.0377054,1.133965,1.0994823,0.8095238,1.1612504,0.80162776,1.1771125,0.98003733,1.1378936,1.1194466,0.9360046,0.58811355,1.0404434,1.0002093,0.97277683,1.0533715,0.9659933,0.95375645
