,alligator,ankle,apple,arm,ball,balloon,banana,basket,bathtub,bear,bed,belt,bench,bib,bird,blanket,boat,book,bottle,bowl,box,bread,broom,bucket,butterfly,can,car,carrot,cat,chair,chips,clock,closet,coat,coffee,comb,cookie,corn,couch,cracker,crayon,crib,cup,deer,dish,dog,doll,door,drawer,dress,duck,ear,egg,elephant,face,finger,fish,flower,foot,fork,frog,glass,glasses,glove,gum,hair,hamburger,hand,hat,horse,hose,jacket,jar,jeans,knife,ladder,lamp,leg,meat,melon,milk,mitten,motorcycle,mouth,muffin,nail,napkin,necklace,nose,orange,oven,owl,pajamas,pants,paper,pen,pencil,penguin,pickle,pig,pillow,pizza,plant,plate,pony,pumpkin,purse,radio,raisin,refrigerator,rooster,sandwich,scarf,scissors,shirt,shoe,shorts,shovel,shower,sink,slide,slipper,snow,soap,sock,soup,spoon,sprinkler,strawberry,stroller,sweater,swing,table,tape,toast,toe,tooth,toothbrush,towel,toy,tray,tree,vacuum,watch,window
alligator,0.0,1.5611172,1.3775859,0.554539,1.3096517,1.4712069,1.2367291,1.208178,0.7524536,0.66443,0.45585454,1.4988291,0.83323175,0.7200621,0.6970171,0.3788532,0.6675729,0.7503598,1.5063301,1.4335111,0.9456664,1.3657227,1.3287838,1.3411825,0.8868918,1.5353293,0.84994274,1.3542061,0.52426565,0.8781226,1.3668813,1.407989,0.76801723,0.5567489,0.95854706,0.9262767,1.1111907,1.3996218,0.6963115,0.9365238,1.5979333,0.5863229,1.5074009,0.8704725,0.9004161,0.41660535,0.615591,1.2070981,1.1602058,0.65732485,1.0063473,1.4282746,1.4640255,0.52200425,0.83190626,1.3455763,0.8512081,1.1285272,1.2507889,1.4049565,0.63672113,0.69808346,1.4935178,0.6855308,1.3360487,0.8075816,0.81970555,0.84594214,1.4404358,0.8238667,0.92222697,0.61540824,0.8926722,0.6103189,1.3880337,0.7663537,1.5559064,1.3940363,1.0903864,0.73498243,0.87078524,0.542957,0.7597145,1.4169923,1.1725583,1.5487056,1.2760127,1.5552337,1.5237586,1.4265924,1.051151,0.624324,0.5229503,0.68723255,0.52695704,1.5144135,1.4780728,0.880206,1.1531781,0.94201154,1.2748073,0.78615797,1.1310084,1.3879168,0.842541,1.3302616,1.0012702,1.3649987,1.2263716,0.9343769,0.8428807,0.72042906,0.791193,1.0804443,0.60851556,0.8463903,0.97567385,1.3251011,0.6681817,1.1230767,0.6912351,1.5498086,0.83501786,1.4083407,1.0447439,1.040593,1.474426,0.74549836,1.2546663,0.8528755,0.6106563,0.77308226,0.485085,1.494567,0.9498007,1.4729286,1.3815137,0.76973724,1.2138975,0.92144483,0.7396245,0.61252975,1.252036,1.4562405,0.97903514
ankle,1.5611172,0.0,0.7485408,1.2572582,0.8412586,0.7098851,0.981236,0.9063964,1.2680615,1.198158,1.4160441,0.39845443,1.1909939,1.1705316,1.1673588,1.3244339,1.3830743,1.3089812,0.7129301,0.84751046,1.1889814,0.7874407,0.7313739,0.95194155,1.1527324,0.4986338,1.16649,0.58097804,1.2075874,1.1553036,0.7296647,0.67320645,1.3450305,1.3213342,1.1770476,1.1072803,0.9548378,0.66538626,1.2561345,1.1412904,0.4714476,1.3654726,0.74663085,1.0941191,1.3546216,1.3692396,1.295045,0.89772797,0.98671925,1.2665105,0.94541574,0.56408656,0.6135985,1.2636316,1.0857844,0.42908454,0.91384816,1.0424829,0.49129713,0.67439663,1.3121617,1.4340873,0.42470193,1.0394479,0.83043313,1.0523266,1.4408597,1.0093529,0.61459565,1.0764023,1.0662177,1.2685732,1.2099303,1.1694889,0.7309874,1.3566946,0.6406257,0.39922392,0.96566045,1.2685096,1.3183881,1.2342632,1.3101597,0.3580463,0.7134985,0.4207226,0.7654326,0.21496952,0.2952404,0.8222188,1.0723693,1.2289622,1.2905002,1.0969919,1.4300976,0.57646734,0.6288896,1.0724303,0.89950335,0.9064022,0.570573,1.266932,1.0787957,0.8986346,1.1087803,0.85841703,1.0495846,0.55032253,0.6815311,1.2340406,1.084079,1.3191233,1.1139095,1.0986568,1.2435082,0.9727793,0.80035746,0.8777925,1.357445,1.0436453,1.3312057,0.3725108,1.1434622,0.59760547,0.66856647,1.2893656,0.7146169,1.4199347,0.8886148,1.1619515,1.3090167,1.2451643,1.5286419,0.775365,1.1204302,0.28254455,0.45628333,1.3088279,0.78171957,1.2013936,1.442333,1.1998876,0.96375483,0.33487082,1.1435002
apple,1.3775859,0.7485408,0.0,1.3756766,0.34212273,0.35494518,0.5484043,0.99245507,1.4303229,1.2286091,1.5300577,0.7245536,1.4658506,1.2625163,0.9324481,1.4577429,1.3492227,1.2051057,0.6868437,0.6384167,1.2373996,0.5934067,0.97625935,0.9045123,0.9704749,0.8694445,1.1632825,0.67780495,1.3359685,1.4423856,0.6341648,0.68290275,1.3335018,1.3631213,1.0292219,1.2445507,0.71399736,0.56874526,1.4392002,1.0708187,0.5473555,1.5242138,0.69965965,1.0088149,1.0914091,1.076714,1.0685728,1.1854216,1.179391,1.4033535,0.77655435,0.55594826,0.39692807,1.3275414,1.1291437,0.80413795,0.75781226,0.70441574,1.0077571,0.83873785,0.70722723,1.1579881,0.7270257,1.1978371,0.39705598,1.2274565,0.9510644,1.1992047,0.6633799,0.964013,1.2173345,1.3784232,1.1143742,1.3996797,0.9900102,1.3866402,0.7869909,0.9477963,0.88405526,0.82774425,1.1936322,1.2406918,1.1757969,0.7714633,0.7572169,0.5007925,0.82884693,0.710264,0.6637934,0.35340238,1.3306012,1.070025,1.4414393,1.3918946,1.2948,0.7753515,0.80708873,0.8638285,0.55560195,0.84264576,0.9048426,1.1181484,0.80089533,0.78439933,0.94126904,0.52938986,1.0962516,0.7002951,0.6317251,1.2823205,0.92784375,1.0807308,1.267464,1.0458807,1.3908542,1.1626418,1.2272285,1.1270726,1.399489,1.2020086,1.379583,0.6358144,1.2018951,0.49003994,1.145121,0.8866223,0.7760793,1.1320752,0.25557816,1.2785686,1.3763449,1.1551504,1.4282191,0.44074762,1.0679775,0.6797372,0.71941996,1.2286161,0.9984746,0.6883272,1.3041368,1.0956476,1.1786807,0.7424339,1.3056791
arm,0.554539,1.2572582,1.3756766,0.0,1.4145141,1.5472789,1.3975189,1.3837053,0.62682056,0.72485274,0.5127018,1.3793595,0.7734643,0.71546555,1.0979111,0.5041705,0.7029669,1.0428705,1.5072807,1.5359868,1.0778079,1.3616569,1.299581,1.3813516,1.0293919,1.4363717,0.8886742,1.1461645,0.56046003,0.78099513,1.3233612,1.4152081,0.67556,0.35164118,0.9213233,1.0070441,1.2926949,1.1916469,0.6804567,0.78796005,1.5162287,0.6881921,1.5218832,1.1769031,0.9757006,1.0265576,1.1402526,1.0072843,1.1965697,0.45564765,1.1250604,1.2924397,1.2978132,0.5753443,0.8026167,0.9874841,1.1597049,1.3935944,0.8853896,1.418972,1.2845953,0.7495984,1.3441997,0.66241205,1.3679206,0.61571413,0.8307494,0.4930076,1.4786687,1.2979853,0.8363276,0.3743198,0.9709917,0.32866126,1.3157251,0.77405024,1.5213528,1.0116789,1.1737208,0.72908735,0.8222256,0.4274752,0.9205894,1.221967,0.99547386,1.3743887,1.4374025,1.3136328,1.3298138,1.4721901,0.7989197,0.8679789,0.25680435,0.3348663,0.5799633,1.4427615,1.4124383,1.1723181,1.0044247,1.3571725,1.3097419,0.7636179,1.3518027,1.3536496,1.3358208,1.4083058,1.120835,1.3595601,1.0995792,0.90707326,1.1416256,0.7463734,0.543454,1.2241206,0.27780437,0.9973875,0.5428409,1.1963145,0.5131687,0.9949237,0.6636674,1.4662697,0.8585771,1.358276,0.75114053,1.0075066,1.5134325,0.84300965,1.3693206,1.0568757,0.392155,0.95463455,0.52593654,1.5940022,0.9021202,1.1458025,1.2293428,0.6539136,1.3040533,1.4240075,0.77804995,0.83085275,1.2101762,1.2677969,0.83096886
ball,1.3096517,0.8412586,0.34212273,1.4145141,0.0,0.18690467,0.63268363,0.88955694,1.3774577,1.1460975,1.392415,0.8148029,1.3657877,1.1524962,1.0134646,1.3702036,1.2270634,1.0940897,0.55955374,0.52192146,1.198594,0.65573484,0.92764163,0.70663404,0.99192,0.81636274,1.1873312,1.0332421,1.3069701,1.3760523,0.9050417,0.636917,1.3068348,1.3331244,0.9465383,1.0561281,0.6451232,0.9248468,1.3636928,1.1653242,0.6501981,1.4286966,0.55155504,0.99106884,0.93032336,1.074845,1.0551176,1.2311718,1.0745283,1.3547024,1.1110016,0.7843429,0.3959968,1.2663946,1.1569436,0.93146884,0.9678443,0.81651086,1.2510078,0.83275235,0.7741884,1.0537283,0.82437605,1.2448535,0.5026057,1.2562101,0.9541495,1.2590055,0.53473604,0.9383601,1.1826811,1.3268989,1.033746,1.3936722,0.9179626,1.3322734,0.6446036,1.0350022,0.9586462,1.0611628,1.1204505,1.2758152,1.0653355,0.894373,1.0499719,0.48321646,0.7791379,0.8754307,0.7776787,0.35171556,1.3560975,1.0401025,1.4095204,1.4173534,1.2866387,0.7915577,0.7945114,0.7670251,0.88411313,0.86097294,0.89036065,1.193759,0.79326016,0.7666317,0.88195413,0.6070285,0.9794171,0.8026452,0.52608454,1.21359,1.0543319,1.1792103,1.2318248,0.9167484,1.3703752,1.1946158,1.2491574,1.0515583,1.35417,1.1338811,1.2170241,0.7122457,1.0028607,0.63072157,1.1680056,1.0088326,0.73052704,0.9853776,0.550825,1.2356949,1.3137399,1.0361744,1.2840508,0.41905862,1.1801367,0.80137134,0.8335321,1.2147243,0.92683995,0.5468727,1.1831182,1.0909657,1.0149034,0.89161426,1.2415205
balloon,1.4712069,0.7098851,0.35494518,1.5472789,0.18690467,0.0,0.65236413,0.8222132,1.3903496,1.1792147,1.4981052,0.551579,1.3705342,1.3005202,1.0025854,1.4842954,1.3324528,1.1681514,0.40087008,0.43667614,1.1914974,0.6158165,0.8001921,0.64889973,1.0288392,0.614473,1.1516378,0.82624483,1.2970827,1.3702741,0.66615397,0.38182443,1.3294978,1.3927383,1.0440664,1.1254796,0.72377807,0.75282276,1.3757069,1.2676511,0.38616443,1.4876381,0.42118633,1.020257,1.0658464,1.1342643,1.1297663,1.0787839,1.0345657,1.4412794,1.009823,0.6272312,0.39496088,1.3132288,1.1738904,0.9222338,0.82968664,0.71735865,1.1562955,0.6852898,0.8281524,1.2419344,0.62107956,1.3025132,0.4890625,1.268843,1.1517476,1.3940222,0.39545608,0.9547432,1.2845793,1.4146984,1.142016,1.4682641,0.82900155,1.3740264,0.43537605,0.9189133,0.9848893,1.1806598,1.1935009,1.4335036,1.1731132,0.79436415,1.0421207,0.3605883,0.6888031,0.6840717,0.6242026,0.33065683,1.2418233,1.0988667,1.5081083,1.4646001,1.4199976,0.59904504,0.6539278,0.8149033,0.8966824,0.77312076,0.7136794,1.2964127,0.79016095,0.6426038,0.87729806,0.5121443,1.0132998,0.7037508,0.7066158,1.2115561,1.0811632,1.2896081,1.3311305,1.0161006,1.4393113,1.2233922,1.2613478,0.990197,1.4199336,1.1013093,1.3276544,0.5175031,1.1148187,0.5711575,1.1975551,1.043769,0.5732417,1.1033194,0.5212876,1.2353489,1.4097371,1.1083665,1.4458576,0.31608963,1.2547288,0.742281,0.7324959,1.2895168,0.8015778,0.6366999,1.3760908,1.0944431,0.9345436,0.7638058,1.1167622
banana,1.2367291,0.981236,0.5484043,1.3975189,0.63268363,0.65236413,0.0,0.63824165,1.397536,1.1343706,1.4279443,0.83780384,1.3306122,1.126801,0.86225736,1.2979512,1.2064304,1.0783358,0.60043967,0.42946398,1.1653076,0.5259553,0.85836565,0.7617701,0.9698341,0.76304215,1.1339059,0.90310013,1.3552314,1.3137188,0.6424383,0.80207944,1.3297597,1.4109913,1.228686,0.88980645,1.042017,0.7171706,1.3273354,0.9986631,0.6458564,1.4286089,0.6282277,0.9604393,1.059306,0.98008823,0.90370995,1.1963017,1.0557638,1.3813711,0.9268354,0.8526245,0.7696741,1.2688081,1.2734649,1.0462325,0.85437936,0.54245186,1.144316,0.7663282,0.7043146,1.1668886,0.9124411,0.9930731,0.6777184,1.3794317,0.751336,1.2797229,0.7141461,0.89754736,1.2108836,1.4142313,1.0902199,1.3976035,0.78254426,1.3126892,0.76091456,0.9692834,0.9261107,0.92987424,1.1605619,1.2265078,1.0825282,1.0554903,1.0804875,0.82789195,0.47686005,0.89240193,1.0228382,0.5417142,1.2508823,1.0643135,1.4411566,1.4294837,1.2747929,0.6831608,0.69445735,0.7710671,0.6213517,0.83454,0.7592086,1.0596343,0.5764053,0.68049836,0.8324971,0.55321217,0.7607485,0.7958641,1.090752,1.220775,0.80452585,1.0521111,1.2543133,0.64743817,1.4528906,0.98728615,1.2887108,0.78695667,1.3966949,1.1229236,1.2131581,0.7009789,1.1483763,0.6580161,1.1062586,0.7203472,0.50429225,1.1195745,0.65270627,1.0708259,1.4048779,1.1219442,1.343754,0.39071053,1.0634205,0.9746108,0.86408037,1.1466819,0.6697243,0.6424213,1.20062,1.2037749,0.95466465,0.9267317,1.3213594
basket,1.208178,0.9063964,0.99245507,1.3837053,0.88955694,0.8222132,0.63824165,0.0,1.1971817,0.9385836,1.225738,0.87900037,1.0322882,1.0637048,0.9064534,1.182181,1.1900005,0.90780985,0.6369326,0.636876,0.85155123,0.7098975,0.7584876,0.7154287,0.9801823,0.65558434,1.1091707,1.0024117,1.2266933,1.0378484,0.91698784,0.79913723,1.1864926,1.3710911,1.1225787,0.5764226,1.0459678,1.0438834,1.1937065,1.1119024,0.7769972,0.956263,0.6669516,0.99757457,1.0181694,1.053217,0.9372426,0.95874536,0.8186668,1.3060744,1.0605398,0.93699366,0.9940368,1.1213005,1.2935884,1.0972111,1.0469092,0.6411915,1.1184359,0.62094855,0.9474204,1.1833179,0.9141233,0.98827785,0.93088484,1.3144348,1.027368,1.2987095,0.66667825,0.94685733,1.1190603,1.377841,1.0119503,1.4183809,0.7393408,1.0384452,0.57856244,0.97926736,1.0853078,1.1469483,1.1011986,1.2244118,0.99288225,1.0327239,1.154563,0.9229316,0.56203485,0.8439721,1.0111384,0.77664286,1.1468328,0.88782793,1.3558929,1.4361135,1.1894876,0.70493394,0.7070316,0.7587926,1.0371933,1.0069234,0.7409638,1.1415052,0.69309604,0.7836107,0.8745468,0.76267385,0.705366,0.86209434,1.2150291,1.0327158,0.8908493,1.165385,1.1539401,0.6795887,1.3874917,0.85156703,1.2923949,0.6519781,1.3086458,1.0146514,1.1346089,0.7528652,1.009965,0.87639034,1.032962,1.0698924,0.5518606,1.0048323,0.9140643,0.9138473,1.3305618,1.1117415,1.256233,0.6187351,1.0529888,1.0259677,0.9383143,1.115826,0.6524727,0.7749968,1.0906804,1.2285074,0.75262547,0.8151027,1.1384641
bathtub,0.7524536,1.2680615,1.4303229,0.62682056,1.3774577,1.3903496,1.397536,1.1971817,0.0,0.8436085,0.36067927,1.2301197,0.43610257,0.79802144,1.1483066,0.5473974,0.547539,0.9064483,1.3737037,1.189565,0.69295526,1.3932881,1.1731082,1.0914608,1.1484052,1.2347577,0.84700453,1.3054609,0.6298599,0.5757878,1.3100035,1.2411684,0.58916175,0.74876577,0.72126347,1.0668339,1.1218961,1.3834096,0.5400464,0.93540335,1.4461893,0.531314,1.270622,1.1955756,0.77264464,1.0953828,1.1616476,0.62096393,0.79225606,0.76990294,1.2429519,1.3839984,1.3311754,0.76216185,1.006717,1.2500762,1.1801367,1.230797,1.1388993,1.1951698,1.2780354,0.72036356,1.3945892,1.087688,1.3662603,0.9374659,0.99967897,0.8829832,1.4422684,1.2857882,0.71336514,0.7566026,0.9039415,0.6816714,1.0788625,0.6787547,1.1823369,1.2561245,1.062143,0.76023674,0.7304231,0.8482123,0.75010717,1.2994903,1.0397794,1.4154968,1.2431364,1.4138813,1.3274319,1.4249736,0.6332497,1.0231766,0.695959,0.6876863,0.5955291,1.309371,1.2644138,1.2375071,1.1719474,1.3236845,1.1146259,0.8741964,1.1502166,0.7961313,1.289313,1.3989418,1.1282727,1.3469177,1.258451,0.67998564,1.2945399,1.015026,0.8893413,1.114228,0.7151951,1.0930641,0.8015881,0.9621775,0.40936506,0.25745714,0.5653119,1.446002,0.6395177,1.2003795,0.9553846,0.9111431,1.2322694,0.75721955,1.3782625,1.0222485,0.7775702,0.8830228,0.42188048,1.4128953,0.97106135,1.3449134,1.3375504,0.6855217,1.199287,1.258877,0.57400095,0.8248657,0.958459,1.417067,0.6404719
bear,0.66443,1.198158,1.2286091,0.72485274,1.1460975,1.1792147,1.1343706,0.9385836,0.8436085,0.0,0.727567,1.0909802,0.90885085,0.86395866,1.0025054,0.6047102,0.7759626,1.0306239,1.2002387,1.2366759,1.103552,1.110238,1.0288187,1.3151699,1.0887018,1.1958421,1.0781767,1.1549416,0.3998437,1.021616,1.1569443,1.0052807,0.93275136,0.68047833,1.1590633,0.8285955,1.1853352,1.1832165,0.93748295,1.0364698,1.1959481,0.84061027,1.2718998,1.0525919,1.0805669,0.7824982,1.0115008,1.0681751,1.0544478,0.9090339,1.168365,1.1450458,1.207689,0.20284808,1.0275575,1.2254575,1.1746843,1.0417936,1.160176,1.1455568,1.0498314,1.0572435,1.1051242,0.8807637,1.2738608,0.98653734,0.98906565,1.0707811,1.1031374,1.0467867,0.9484632,0.70652163,1.2276254,0.8070065,1.1963971,1.0051215,1.0379604,0.9984736,1.1986051,0.9428134,1.0998087,0.77278876,0.7588241,1.1757104,1.190343,1.1706002,1.0258275,1.1368552,1.1294315,1.1986948,0.9625054,0.35132766,0.6334577,0.87738895,0.86902916,1.1214978,1.1169907,1.0066592,0.94924986,1.0803666,1.0900291,1.0580115,1.0307424,1.1696692,1.0079665,1.2123076,0.99256057,1.2346799,1.2138861,1.1909142,1.147,1.0540593,0.9324457,1.1459947,0.65963745,1.0673335,0.85668916,1.1470298,0.88828325,1.0523392,0.59795576,1.170345,0.6387044,1.2537019,1.0302744,1.1010557,1.1627738,1.0243707,1.2002202,1.1159623,0.7232262,0.8909551,0.8203893,1.2423462,1.1048902,1.2336776,1.1459461,0.95946765,0.9424768,1.1840324,0.94654393,0.86727846,1.155177,1.0912564,0.88868654
bed,0.45585454,1.4160441,1.5300577,0.5127018,1.392415,1.4981052,1.4279443,1.225738,0.36067927,0.727567,0.0,1.3721026,0.2953565,0.6938216,1.1600388,0.19857997,0.43894053,0.7752364,1.5146183,1.4057841,0.6856078,1.5221195,1.2854254,1.2774975,1.0933297,1.3740965,0.77234876,1.4327829,0.5684152,0.4823894,1.3693087,1.3457057,0.49289322,0.48976552,0.9174957,0.97393024,1.2465951,1.4643569,0.26296222,0.9936234,1.5648116,0.32750928,1.4882413,1.104984,0.9032044,0.92643774,0.9957939,0.8254712,0.79651564,0.5512254,1.2661959,1.500793,1.467778,0.5239753,0.8729903,1.3392999,1.1926882,1.3471266,1.2132841,1.3911142,1.246153,0.78556323,1.44326,0.9458997,1.4775966,0.8013257,0.9820437,0.8645309,1.5214646,1.2072315,0.74395955,0.494201,0.9889755,0.44930434,1.2587017,0.5176349,1.3472058,1.3343012,1.2008287,0.85441077,0.7762622,0.73152834,0.8060792,1.3347473,1.2294735,1.5024878,1.3151177,1.5128539,1.4661796,1.5572597,0.71865016,0.9346037,0.44875765,0.5129138,0.4703542,1.4622076,1.3995986,1.2788533,1.2570221,1.2968173,1.1293955,0.9185969,1.2145467,1.2310748,1.2391087,1.4762928,1.057946,1.3475372,1.2517139,0.7075477,1.2938077,0.91510737,0.68398124,1.1891857,0.5053899,1.0088776,0.791104,1.1840286,0.37580085,0.7674116,0.42344153,1.526716,0.61836624,1.5069289,0.9514429,1.0981783,1.4549078,0.82362723,1.4850731,0.888735,0.53176844,0.78433484,0.25830674,1.5411773,0.9863547,1.4499434,1.4677639,0.74338555,1.1865087,1.2197852,0.52256876,0.62532425,1.004657,1.4731143,0.65696824
belt,1.4988291,0.39845443,0.7245536,1.3793595,0.8148029,0.551579,0.83780384,0.87900037,1.2301197,1.0909802,1.3721026,0.0,1.1448919,1.4161806,1.0383819,1.2829171,1.2847509,1.2300179,0.5050672,0.66545975,1.1602507,0.8010174,0.7043272,0.8517649,1.131372,0.40303743,0.9502048,0.690295,1.0364987,1.2109509,0.5362615,0.2747075,1.3159094,1.3683186,1.2621882,1.102852,1.0090923,0.60043126,1.2314448,1.2795475,0.21798706,1.3523202,0.62001497,1.1125011,1.4320107,1.2464895,1.2646594,0.8461256,0.9605626,1.4534779,0.9974836,0.5039166,0.71345913,1.2001784,1.2214445,0.8530942,0.6905364,0.81862384,0.76507485,0.47730398,1.0702192,1.5848949,0.46748972,1.151273,0.79180986,1.2353196,1.4454894,1.3719883,0.5928493,0.99075687,1.2295711,1.3506019,1.2453837,1.3022954,0.59979844,1.394043,0.4394337,0.5822429,0.920615,1.3338418,1.335931,1.4256341,1.2043642,0.6225413,0.9730862,0.44339806,0.64785624,0.40756035,0.46927452,0.8431834,0.9779212,1.1581599,1.4158503,1.2740322,1.4384296,0.31530893,0.39598542,0.9918549,0.872208,0.76446795,0.4384392,1.3705463,0.9484121,0.6897974,1.0225415,0.7292578,0.9881163,0.47487533,1.0193751,1.2610226,1.0414284,1.3627266,1.3008026,1.0464802,1.3399204,1.062968,0.9320398,0.90935105,1.4007478,0.9721657,1.274576,0.26163447,1.0838146,0.5448581,0.995147,1.1854614,0.45473194,1.3366534,0.89546555,1.1658238,1.4359379,1.165116,1.4950343,0.59848624,1.2088375,0.677876,0.5886089,1.3270867,0.6898601,1.129565,1.5008504,1.0435995,0.92316675,0.51894945,1.0455842
bench,0.83323175,1.1909939,1.4658506,0.7734643,1.3657877,1.3705342,1.3306122,1.0322882,0.43610257,0.90885085,0.2953565,1.1448919,0.0,0.80628836,1.2130945,0.49950254,0.5508959,0.77023435,1.3457341,1.1917953,0.3283012,1.4154824,0.9860461,1.0598147,1.1810317,1.0646061,0.71687114,1.3097866,0.77784145,0.36557508,1.2451776,1.2271324,0.565484,0.8002088,0.93132013,0.852242,1.1623949,1.4114408,0.26203662,1.0442557,1.3485428,0.34905416,1.2765146,1.1074889,0.9655121,1.1218868,1.1121693,0.54315525,0.2855463,0.71202254,1.2383351,1.419378,1.4744287,0.85869443,1.0901915,1.3229005,1.1755356,1.2666485,1.0852705,1.1396557,1.3970734,0.92965615,1.3649776,1.0589656,1.4947956,0.98671997,1.1096082,1.0069494,1.436337,1.2320695,0.69101655,0.7564281,0.9675016,0.71897393,0.9113714,0.5248829,1.1289542,1.1668926,1.1389613,0.93194026,0.8117732,0.9371978,0.99717396,1.2542875,1.1400818,1.4704924,1.104851,1.3527448,1.3119721,1.46333,0.56565857,1.1224036,0.78542364,0.6901932,0.6638657,1.156072,1.0906209,1.2524582,1.2138183,1.1805288,0.97298896,1.0308936,1.1233976,1.0241245,1.2308344,1.374147,0.93187815,1.235723,1.2626615,0.6572073,1.2418634,1.0286131,0.85389954,1.04729,0.7930548,0.99178934,0.7521562,0.8192282,0.60357296,0.5783034,0.59275514,1.3463267,0.79585755,1.3940579,0.87562037,1.0725374,1.1691003,0.95653486,1.419547,0.81272954,0.81177133,0.9742873,0.5969571,1.3800383,1.0390328,1.4075835,1.434,0.8437077,0.98854864,1.2228572,0.5113168,0.85506445,0.74029934,1.3836155,0.62787706
bib,0.7200621,1.1705316,1.2625163,0.71546555,1.1524962,1.3005202,1.126801,1.0637048,0.79802144,0.86395866,0.6938216,1.4161806,0.80628836,0.0,1.1225353,0.6482474,0.8157778,0.8201509,1.2039886,1.043708,0.7772903,1.2341172,1.2120728,0.95762753,1.1350443,1.2546664,1.0738006,1.3544555,0.9600212,0.85453,1.4152535,1.3024199,0.8735476,0.7238389,0.8620784,0.9238459,1.0215046,1.4770286,0.71674395,0.98901635,1.5025706,0.7608278,1.0855793,1.0297232,0.75327647,0.95483285,0.6439671,1.1355414,0.89164025,0.64055645,1.1546676,1.4669757,1.1699859,0.81332695,0.8093101,1.0923531,1.212106,1.1903322,1.1497121,1.323071,1.0566766,0.74504805,1.3275428,0.7122274,1.1952734,0.8779868,0.78929436,0.7522372,1.1766374,1.1653967,0.8924307,0.6151961,0.81133306,0.80389464,1.2753428,0.8533053,1.3116454,1.1886637,1.1613837,0.74936557,0.81178015,0.7045746,0.8418658,1.2612413,1.1170384,1.3271115,0.9678552,1.2959956,1.2772832,1.2207215,1.1124363,0.8602358,0.59406525,0.7915412,0.710776,1.4577205,1.407879,0.975281,1.0919701,1.2839096,1.0518054,0.86257654,1.0660838,1.0394231,1.1412154,1.3233309,0.73521626,1.2268078,1.0804055,0.92994374,1.1238927,0.8654896,0.8566662,1.0215163,0.6478366,0.9010542,0.8453699,1.0332083,0.80797625,0.8702037,0.8423996,1.3674868,0.9625566,1.2158965,0.784758,0.99681956,1.2842876,0.85371983,1.2511933,0.7972826,0.5918244,0.7818194,0.67877734,1.2163267,1.0665202,1.1603247,1.3242087,0.92167497,0.9415494,0.90232956,0.75680786,0.97151315,1.0891867,1.2875656,0.95437944
bird,0.6970171,1.1673588,0.9324481,1.0979111,1.0134646,1.0025854,0.86225736,0.9064534,1.1483066,1.0025054,1.1600388,1.0383819,1.2130945,1.1225353,0.0,0.98948056,1.1973727,0.97557974,1.0869079,1.0652381,1.1252192,0.8171406,1.1360067,1.1288501,0.7211914,1.1682163,1.0066622,0.8815148,0.86838096,1.2440978,0.86105585,1.0316966,1.1859716,1.102116,1.0623302,1.0332731,0.88145065,0.8534617,1.1967354,0.91167516,1.0072986,1.1515386,1.1009535,0.78309554,1.0928819,0.43087852,0.7406037,1.2069478,1.1755447,1.1679021,0.695555,0.90217817,0.93497926,1.0441139,1.071353,1.137084,0.46943897,0.83335876,1.0262055,0.95947695,0.4310726,1.0995843,1.1019056,0.8240747,0.83052254,1.1291673,0.9566399,1.1450247,0.988567,0.61687297,1.2237271,1.2148519,1.062949,1.1819972,1.0726984,1.1495695,1.0353634,1.1028341,0.78605366,0.9176733,1.1955398,0.9511997,0.9762057,1.1724794,0.9248069,1.04279,0.8059715,1.1283154,1.1126299,0.87662107,1.2249415,0.6555101,1.141073,1.1983163,1.0214733,1.0195566,1.0350673,0.44989836,0.90517575,0.6648215,0.9765917,0.9745971,0.99049664,1.0995759,0.6057656,0.78900576,1.0273572,0.9953246,1.086779,1.1810199,0.5114081,0.92479247,1.1662374,0.95859647,1.1662645,0.84216595,1.2187488,1.1770691,1.2162815,1.166239,1.2274833,0.9761964,1.0772638,0.83321184,1.0669439,1.0310718,1.046044,0.9807999,0.8631173,1.0607637,1.2207187,1.143374,1.1500471,0.90712786,0.99826896,1.1037701,0.89174277,0.98340607,0.9353634,0.8501313,1.1902809,0.993702,1.2157335,1.0672538,1.2457025
blanket,0.3788532,1.3244339,1.4577429,0.5041705,1.3702036,1.4842954,1.2979512,1.182181,0.5473974,0.6047102,0.19857997,1.2829171,0.49950254,0.6482474,0.98948056,0.0,0.6235971,0.8395748,1.5263684,1.3419533,0.86097145,1.3656754,1.253839,1.3249333,1.1114067,1.3883528,0.87916094,1.2740042,0.5438409,0.66342455,1.3261647,1.375933,0.7025114,0.55202234,0.9733364,0.9866393,1.1953213,1.377011,0.45354617,0.93023384,1.5086774,0.5441209,1.4890978,1.1060749,0.97991246,0.83296293,0.90319157,1.0363933,0.9654917,0.56957334,1.1923345,1.4350115,1.3933501,0.42498642,0.9880137,1.2124424,0.98028266,1.3008028,1.0793798,1.3767675,1.1284391,0.88616544,1.4329584,0.6191755,1.392913,0.91589546,0.9507638,0.79961145,1.4520298,1.1550298,0.8387888,0.5738775,0.9929321,0.46017748,1.2707034,0.76468307,1.3941647,1.2120064,1.1084509,0.7264991,0.942839,0.5304325,0.8425181,1.329076,1.098417,1.4571983,1.0765954,1.3885796,1.4159675,1.4876893,0.86588895,0.7541488,0.4593948,0.5114912,0.5565641,1.4131253,1.3742008,1.1201131,1.0763139,1.1701088,0.9053183,0.89610875,1.2638006,1.2369851,1.1881646,1.362068,0.9660524,1.2821012,1.225633,0.96115685,1.1414541,0.8872448,0.6975061,1.1795559,0.5791103,0.8057238,0.66114837,1.1948596,0.6326124,0.8844151,0.61304986,1.4106727,0.7394901,1.4024926,0.7231262,1.1356109,1.4041579,0.9217888,1.4398674,0.927236,0.65005904,0.9230196,0.5060071,1.4842916,0.9566802,1.3354117,1.3416777,0.75708854,0.93543226,1.1859983,0.7040087,0.592625,1.1745567,1.3880594,0.87517786
boat,0.6675729,1.3830743,1.3492227,0.7029669,1.2270634,1.3324528,1.2064304,1.1900005,0.547539,0.7759626,0.43894053,1.2847509,0.5508959,0.8157778,1.1973727,0.6235971,0.0,0.6816243,1.3713133,1.1882776,0.7159368,1.4335654,1.2053843,1.1927644,0.99502546,1.3988694,0.8689136,1.3554087,0.74803865,0.8043215,1.2950854,1.2744956,0.746207,0.69505775,0.9099884,0.88235354,1.1590161,1.3524876,0.71952295,0.94944763,1.3827962,0.6128512,1.3681155,1.085108,0.89731234,1.0388501,1.0736375,0.9790198,0.8230963,0.81006336,1.1979654,1.3462633,1.3355379,0.6751205,0.9374573,1.2936822,1.2107687,1.2991743,1.2153422,1.2542307,1.116082,0.7385258,1.3138639,1.0674069,1.2394159,0.9189934,0.93923205,0.9204395,1.32741,1.2267643,0.67541456,0.65893275,1.0129625,0.6484353,1.0690978,0.8025064,1.264358,1.2592065,1.1209286,0.7853208,0.8624357,0.80814433,0.70074433,1.3091238,1.2115992,1.3915465,1.3634584,1.383009,1.3779008,1.3984565,0.6801324,1.0561912,0.6330627,0.7246154,0.4830256,1.2329938,1.1658282,1.2298472,1.0684723,1.2362349,1.3719227,0.86725384,1.2060219,1.0536546,1.2314774,1.3535757,1.0701914,1.4046779,1.1800053,0.881983,1.3567827,0.9302707,0.85834336,0.89813584,0.667534,1.113788,0.87806076,1.1250837,0.6713394,0.7142688,0.275694,1.3997161,0.6673745,1.3783638,1.1032885,0.92798835,1.2716789,0.7776817,1.3066828,1.0521342,0.66239405,0.6523418,0.3475176,1.3398409,1.0245577,1.3922623,1.2868842,0.632442,1.3095264,1.0421488,0.41919887,0.768183,1.0682375,1.3528459,0.85611075
book,0.7503598,1.3089812,1.2051057,1.0428705,1.0940897,1.1681514,1.0783358,0.90780985,0.9064483,1.0306239,0.7752364,1.2300179,0.77023435,0.8201509,0.97557974,0.8395748,0.6816243,0.0,1.0713824,1.0555004,0.4636531,1.3066978,1.1276534,0.90714127,0.7214437,1.2053642,0.949906,1.2597395,1.0989107,0.952874,1.186375,1.1359648,0.9553679,1.0232874,0.936952,0.7890214,0.9881143,1.3458215,0.94969934,0.9763215,1.1947889,0.71257293,1.0826697,0.8697045,0.8930459,0.87231636,0.7993336,1.0454288,0.76086324,0.98088986,1.187501,1.3293433,1.3488258,1.0081689,1.0143524,1.2293754,1.1711545,1.0489982,1.2016652,1.1073626,0.8653071,0.7943481,1.2754233,1.1611438,0.91640145,1.0723319,0.8613369,0.9468879,1.2847054,0.91420925,0.99225473,1.0239173,0.75669307,1.0641928,1.0124882,0.8867097,1.1499245,1.2568614,1.0341046,0.9870292,0.6895729,1.0878903,0.79594684,1.2837815,1.2674074,1.3149196,1.1690693,1.3525295,1.3236251,1.2367744,1.0685868,1.0221751,1.0062635,1.1157988,0.2905047,1.1191894,1.0372733,1.025739,1.1024457,1.006874,1.202465,0.75597066,0.9706696,0.98586035,0.8847413,1.2539696,0.940113,1.1412022,1.1682209,0.70743597,1.0490588,0.6741916,1.0529945,0.77746,1.0540712,1.0743355,1.1694874,1.0502939,0.9972953,0.94599247,0.7760123,1.3044086,0.85677767,1.243757,1.1315788,0.9108803,1.1541431,0.8734677,1.0364152,0.8422198,0.974906,0.79677594,0.58837485,1.111737,0.9833859,1.3540095,1.2606215,0.7431916,1.1688099,0.74835,0.63531923,0.9395298,0.9766721,1.3064084,1.0336165
bottle,1.5063301,0.7129301,0.6868437,1.5072807,0.55955374,0.40087008,0.60043967,0.6369326,1.3737037,1.2002387,1.5146183,0.5050672,1.3457341,1.2039886,1.0869079,1.5263684,1.3713133,1.0713824,0.0,0.42718774,1.0749592,0.6779064,0.6591527,0.34840548,1.0807575,0.30177987,1.1489159,0.8496388,1.3633435,1.2467505,0.7491683,0.30925077,1.3094704,1.4623039,1.2038103,0.9440372,0.97780025,0.8182272,1.355822,1.321764,0.27092814,1.394414,0.14388955,1.0589689,1.0993903,1.1785743,1.0742643,0.9577386,0.9524987,1.4168473,1.1547389,0.6792114,0.74827814,1.3709308,1.2914824,0.9644747,1.0033625,0.52915186,1.1011806,0.5119879,0.94224346,1.1906441,0.58440924,1.2431362,0.6323257,1.347821,1.2029773,1.3978658,0.4753008,0.9303974,1.3150729,1.4461393,0.92452425,1.5248712,0.61245507,1.2545877,0.38359284,0.79166555,1.0485305,1.367912,1.010689,1.5438375,1.1041232,0.80663896,1.2169907,0.4385823,0.51975054,0.68003446,0.66518974,0.61554706,1.1621666,1.166316,1.5374799,1.527762,1.4233572,0.45568365,0.5266149,0.7989099,0.9362791,0.820877,0.61590195,1.3414098,0.60151845,0.7005132,0.8585278,0.65299255,0.7432642,0.5822444,1.0846035,1.036421,1.0108426,1.3513098,1.2550546,0.8233539,1.4907742,1.13367,1.3442323,0.7365434,1.3548386,1.084433,1.2956705,0.39427936,1.1584941,0.5815443,1.1637661,1.0784206,0.36808664,1.1000329,0.7423193,1.0801368,1.4423612,1.1507444,1.4181881,0.36811984,1.2266028,0.77762,0.76465464,1.2909822,0.574283,0.74838763,1.4038277,1.2692019,0.6753962,0.6992831,1.1523921
bowl,1.4335111,0.84751046,0.6384167,1.5359868,0.52192146,0.43667614,0.42946398,0.636876,1.189565,1.2366759,1.4057841,0.66545975,1.1917953,1.043708,1.0652381,1.3419533,1.1882776,1.0555004,0.42718774,0.0,0.938856,0.65056527,0.8720356,0.3464387,1.0906006,0.5860219,1.0129113,1.0127833,1.4499899,1.1966306,0.795226,0.6169014,1.3164585,1.5044564,0.88262844,1.0087773,0.80244577,0.95645523,1.2528496,1.2619481,0.57125807,1.3467398,0.23282886,1.0866357,0.78335917,1.1872011,1.0228833,1.1179427,0.87419623,1.4281238,1.0811261,0.8536544,0.664495,1.3521543,1.3450239,1.04307,0.8650826,0.6171765,1.1404366,0.65992844,0.8742236,1.1035053,0.79756254,1.172482,0.62746763,1.4257586,0.9385132,1.3412069,0.5569741,0.9997656,1.0658678,1.4793391,0.8797158,1.4975874,0.7084433,1.3070891,0.53247166,1.0200627,1.0124273,1.0605943,1.0393962,1.4100637,1.0683461,0.9562742,1.1631027,0.6651978,0.48983425,0.8335059,0.8846643,0.489635,1.2084514,1.2244041,1.5477092,1.5147257,1.3577394,0.63370603,0.6676383,0.82702965,0.8387681,0.86746144,0.6159056,1.2488593,0.66024816,0.31133586,0.9508579,0.5168338,0.7644851,0.70586294,1.0070533,1.1572943,1.0349941,1.2363676,1.3690493,0.77667516,1.5336946,1.0112989,1.2465811,0.7478838,1.4008675,0.7375595,1.2222726,0.5685425,1.1166362,0.606242,1.1200087,0.86546314,0.39729917,1.0442942,0.7563885,1.0660187,1.4831748,1.1610239,1.3154445,0.18089426,1.1770816,0.9361814,0.8784205,1.2000569,0.7049065,0.5563742,1.0890884,1.1666557,0.90793496,0.92611927,1.2307254
box,0.9456664,1.1889814,1.2373996,1.0778079,1.198594,1.1914974,1.1653076,0.85155123,0.69295526,1.103552,0.6856078,1.1602507,0.3283012,0.7772903,1.1252192,0.86097145,0.7159368,0.4636531,1.0749592,0.938856,0.0,1.308321,0.99947166,0.73877275,1.0139565,0.94445145,0.8532517,1.2769815,1.1067724,0.61069274,1.1468211,1.1485596,0.72188735,1.1039503,0.89137924,0.8790685,0.9153309,1.359541,0.57307476,1.1116997,1.228334,0.47973937,0.9439759,0.9998018,0.86072445,1.0373788,0.85791326,0.6307933,0.24799788,0.9763994,1.1277466,1.3218809,1.388386,1.1001307,1.1418984,1.2867365,1.1390623,1.042667,1.13244,1.1343449,1.0865947,0.90265256,1.3177472,1.1660419,1.1533463,1.1618052,1.0159134,1.0913818,1.2664074,1.0948255,0.9279293,1.0625713,0.70243645,1.0829364,0.98244214,0.62278616,1.1070861,1.2158308,1.0840721,0.99250406,0.7040961,1.1209241,0.9162457,1.2502979,1.1878281,1.4062102,1.0095675,1.3266705,1.2793123,1.2161617,0.81791043,1.161179,1.0908792,1.071172,0.66588277,1.1465418,1.0709206,1.078496,1.1688151,1.0590053,0.9742719,1.0017473,0.9500566,0.8888305,1.0540254,1.203155,0.7937468,1.0620041,1.2204748,0.5648569,1.0896269,0.96351147,1.0743684,0.9111836,1.1132555,1.0408111,1.0525357,0.85919183,0.8565106,0.6939112,0.8199363,1.2689296,1.0010691,1.1932852,1.0049933,0.960376,1.0791266,0.8471672,1.1168799,0.6816045,1.070007,0.9018943,0.734192,1.0667794,1.0933717,1.3726664,1.3915637,0.92512083,0.98674875,0.74548256,0.5485197,0.9278743,0.7334398,1.3307967,0.8532085
bread,1.3657227,0.7874407,0.5934067,1.3616569,0.65573484,0.6158165,0.5259553,0.7098975,1.3932881,1.110238,1.5221195,0.8010174,1.4154824,1.2341172,0.8171406,1.3656754,1.4335654,1.3066978,0.6779064,0.65056527,1.308321,0.0,0.9137212,0.9014916,1.1304245,0.75708055,1.2234248,0.6233119,1.2711656,1.3807821,0.6303267,0.7463673,1.4102179,1.3457288,1.1773983,1.1897805,0.88824916,0.557833,1.4096138,0.67379224,0.6257743,1.5379971,0.69686526,1.0602101,1.0878373,1.0104284,1.0756788,1.2377825,1.1228034,1.3411539,0.78534436,0.53038716,0.4174651,1.2490128,1.2310429,0.81967545,0.8949533,0.78964543,0.9522363,0.7694305,0.91994447,1.2694292,0.7098744,1.0374169,0.68676305,1.2509449,0.7331182,1.1911588,0.58615226,0.9130577,1.2931787,1.4127071,1.194234,1.4211828,0.8765947,1.3287807,0.67237514,0.85761535,0.8963668,1.0013186,1.2025446,1.277867,1.2334039,0.83671236,0.67650515,0.5412412,0.462731,0.7197905,0.7324055,0.22326696,1.3296366,0.9211234,1.4123085,1.3868186,1.3762548,0.7381294,0.78201693,0.8403683,0.7148255,0.8084562,0.72580713,0.7688378,0.91845465,0.77141297,0.860129,0.2382636,0.9664684,0.7532854,0.89028347,1.3285652,0.8054839,0.8830929,1.1962802,1.004742,1.4079112,1.0317627,1.2316827,0.8516573,1.4470539,1.186654,1.4002025,0.5747655,1.197233,0.6213676,1.0088024,0.919193,0.6722067,1.2930816,0.71075416,1.2453241,1.387277,1.2927501,1.4648255,0.5163554,0.7905496,0.6514658,0.7337643,1.328239,0.7406831,0.96662694,1.3725469,1.2569486,1.1334381,0.7197201,1.3028347
broom,1.3287838,0.7313739,0.97625935,1.299581,0.92764163,0.8001921,0.85836565,0.7584876,1.1731082,1.0288187,1.2854254,0.7043272,0.9860461,1.2120728,1.1360067,1.253839,1.2053843,1.1276534,0.6591527,0.8720356,0.99947166,0.9137212,0.0,0.81747586,1.1385027,0.49184084,1.1586162,0.8974398,1.1411318,0.9071953,0.9165306,0.80492735,1.0510767,1.2741739,1.2384222,0.800825,0.99089694,0.95847654,1.0861872,1.1814203,0.6039073,1.1274563,0.79701793,1.0985142,1.1066309,1.1744663,1.084745,0.58517283,0.78475344,1.1689957,1.1394707,0.9078285,1.0427349,1.180703,1.2849234,0.988194,1.0430692,0.80562806,0.98765767,0.47962165,1.1337988,1.2223105,0.88703704,1.1761315,1.1414193,1.25806,1.3459395,1.2606395,0.78902733,0.956728,0.94852155,1.2167249,1.0919474,1.2299576,0.32008886,1.0376006,0.672636,0.66265094,1.072965,1.232105,1.1755404,1.3394617,1.1023421,0.9522382,1.1382155,0.92530775,0.7079164,0.799803,0.8394133,0.95321417,0.80210966,1.103968,1.3259295,1.1699436,1.3446715,0.3582487,0.37388146,0.8568956,1.0141348,0.8589948,0.6876574,1.3556806,0.77046055,0.9227536,0.958009,0.95731765,0.7734176,0.8607775,1.1269976,0.91151065,1.0136759,1.3244904,1.1452292,0.63181674,1.2828484,1.0141951,1.0143161,0.39310086,1.1468705,0.93973124,1.1331621,0.75729537,1.1115495,0.8716563,0.910677,1.1626732,0.4913056,1.1776545,0.9862577,0.850515,1.2958935,1.1657892,1.412014,0.9012977,1.1733445,0.9096244,0.93731326,1.1428411,0.5306738,1.0394877,1.2005641,1.2207803,0.44182205,0.8109292,0.9142709
bucket,1.3411825,0.95194155,0.9045123,1.3813516,0.70663404,0.64889973,0.7617701,0.7154287,1.0914608,1.3151699,1.2774975,0.8517649,1.0598147,0.95762753,1.1288501,1.3249333,1.1927644,0.90714127,0.34840548,0.3464387,0.73877275,0.9014916,0.81747586,0.0,1.0570444,0.4976058,1.0109518,1.1182431,1.4076543,0.98770535,1.0089773,0.75263804,1.1041822,1.3540688,0.7756057,0.95158714,0.8006589,1.0933244,1.0866995,1.2899444,0.7593702,1.089933,0.1610043,1.0642594,0.7628124,1.1654329,0.9581173,0.9133209,0.78846866,1.2232008,1.13518,1.0116469,0.94494635,1.397249,1.2802976,1.1429044,1.0347704,0.6804309,1.2190675,0.8142378,1.0041647,0.8521066,1.0144408,1.2098011,0.80204725,1.3489661,1.0264068,1.3231683,0.7070675,0.9875132,1.132252,1.3338625,0.4261173,1.3765644,0.8209545,1.0213661,0.6950324,1.0461814,1.0885602,1.1650765,0.6028396,1.3497193,1.0230203,1.0490406,1.2363496,0.8697581,0.6783899,1.0147117,1.0436336,0.74733055,1.0090195,1.2147869,1.42732,1.3704149,1.2076596,0.83365244,0.8617452,0.87580144,1.0724107,0.9274066,0.69489026,1.2847422,0.6499069,0.6190525,0.95599765,0.75005877,0.7180756,0.74972963,1.1135602,0.75932014,1.0385416,1.2622986,1.1546562,0.89107686,1.4039065,1.0642935,1.2618669,0.7597159,1.1903514,0.8276869,1.2225434,0.82468903,1.139113,0.71743727,1.1059994,0.97464657,0.61501426,0.89468306,0.8775434,0.90737224,1.3339546,1.0922755,1.1519762,0.4474954,1.1509253,1.0626478,1.0581018,1.1450422,0.70862097,0.6083126,1.0673758,1.0982072,0.6524929,1.1030816,1.0763257
butterfly,0.8868918,1.1527324,0.9704749,1.0293919,0.99192,1.0288392,0.9698341,0.9801823,1.1484052,1.0887018,1.0933297,1.131372,1.1810317,1.1350443,0.7211914,1.1114067,0.99502546,0.7214437,1.0807575,1.0906006,1.0139565,1.1304245,1.1385027,1.0570444,0.0,1.2263396,1.054068,1.0037938,1.1426997,1.1844617,0.957419,1.1012995,1.027488,1.0969641,0.97504896,0.9637476,0.99708825,0.99077326,1.233943,0.987299,1.0491511,1.0356135,1.0994062,0.7845389,1.087156,0.8363672,0.9302932,1.1662788,1.1049454,1.071009,0.9155432,1.006806,1.1024742,1.0970327,0.9529251,1.0966009,0.9627134,0.84303725,1.0268967,1.0630021,0.6485189,0.9559024,0.97681934,1.0592288,0.8664396,0.9601792,1.0074384,0.980938,1.0650189,0.73335326,1.0641651,1.1536018,0.9571658,1.1255051,1.1078466,1.0546135,1.0410888,0.9702365,0.75059396,0.9744374,0.9847758,0.975829,0.8599841,1.0868477,0.99279076,1.1058888,1.1854665,1.0906973,1.0796435,1.0538291,1.0726881,1.0318245,1.0796757,1.1556767,0.78020996,1.0221754,1.0117781,0.9130313,0.9717545,0.9136106,1.1894593,0.9385701,0.8543172,1.1127756,0.7828468,0.95139104,1.0778673,1.10503,0.9548056,1.0378392,0.7709861,0.91555077,1.0252584,0.877924,1.0899657,1.055242,1.1692554,1.1443692,1.1384857,1.1577752,0.98416984,1.1393034,0.9791197,1.0786722,1.2122096,0.8893539,1.1538075,0.9480692,0.79805696,1.0234038,1.0736107,0.948211,0.9615906,1.0199249,0.94037473,1.1454015,0.929805,0.8486493,1.2254345,0.87545115,0.9657635,1.0277138,1.1302392,0.9864998,1.1321458
can,1.5353293,0.4986338,0.8694445,1.4363717,0.81636274,0.614473,0.76304215,0.65558434,1.2347577,1.1958421,1.3740965,0.40303743,1.0646061,1.2546664,1.1682163,1.3883528,1.3988694,1.2053642,0.30177987,0.5860219,0.94445145,0.75708055,0.49184084,0.4976058,1.2263396,0.0,1.0625724,0.9284892,1.1750538,0.9001117,0.7717871,0.46301496,1.0847143,1.4108589,1.2843091,1.0091184,1.0350031,0.84485924,1.0787294,1.4263128,0.4085381,1.1607993,0.38976556,1.1080724,1.2652638,1.2141559,1.1034065,0.5716107,0.80218637,1.3170543,1.0913008,0.72484124,0.9343914,1.3074899,1.2970874,0.95664287,0.95929205,0.61811256,0.9141537,0.58277905,1.2009034,1.36839,0.6614273,1.1955644,1.0241132,1.2986313,1.4078493,1.4079959,0.496446,0.95181024,1.1476448,1.3261054,1.0204284,1.33034,0.5693357,1.0974262,0.45136857,0.6654453,1.0550083,1.4344361,1.1418486,1.4970609,1.2394516,0.7214421,1.1197802,0.6343938,0.52677983,0.55971915,0.6230466,0.79966813,0.87996864,1.258836,1.4279981,1.2719622,1.5028355,0.47572285,0.5620023,0.8501296,1.062832,0.8654041,0.390355,1.4659593,0.6642132,0.7815931,0.96207535,0.7365032,0.62237495,0.36740202,1.1561338,0.8383514,0.9233056,1.4777029,1.2967622,0.9708944,1.369865,1.012592,1.0055027,0.5791718,1.2362722,1.0139824,1.298344,0.40885925,1.2062893,0.6969224,1.0151109,1.2294767,0.3259244,1.3396606,0.93028355,0.7978878,1.3886266,1.1901431,1.4910308,0.62302667,1.2286092,0.7799111,0.8839123,1.4530164,0.44725657,1.0152572,1.4282198,1.2255342,0.4497311,0.694904,0.91051847
