,zebra,giraffe,deer,pony,horse,pig,rooster,penguin,bird,duck,fish,butterfly,frog,alligator,owl,elephant,bear,cat,dog,face,hair,arm,hand,leg,foot,ankle,finger,toe,tooth,ear,nose,eye,mouth,stroller,motorcycle,tricycle,truck,car,lamp,chair,bench,drawer,ladder,window,door,closet,shower,refrigerator,oven,crib,bed,couch,table,bathtub,sink,boat,slide,hose,sprinkler,swing,grass,tree,snow,helicopter,firetruck,clock,ball,balloon,pumpkin,egg,orange,apple,potato,strawberry,hat,slipper,watch,nail,raisin,glasses,necklace,carrot,vacuum,broom,mop,stick,shovel,scissors,spoon,fork,knife,pencil,pen,crayon,plant,flower,soap,bottle,cup,can,belt,radio,basket,milk,jar,bucket,tape,bowl,plate,corn,pickle,banana,melon,bread,cookie,toast,cracker,sandwich,chips,pizza,hamburger,muffin,pastry,meat,pasta,sauce,soup,applesauce,glass,coffee,dish,tray,box,book,paper,rock,comb,toothbrush,gum,toy,doll,mitten,glove,sock,shoe,purse,pillow,towel,napkin,blanket,dress,pajamas,bib,scarf,coat,jacket,sweater,shirt,jeans,pants,shorts,cloud,game
zebra,0.0,0.28163862228393555,0.30798614025115967,0.4313098192214966,0.42050617933273315,0.48486328125,0.6407734155654907,0.7077894806861877,0.689795732498169,0.7198840379714966,0.8622854948043823,0.839795708656311,0.6636000871658325,0.6995802521705627,0.7367820739746094,0.42624449729919434,0.7160784006118774,0.8018357157707214,0.5534045696258545,0.9721407890319824,1.0268498659133911,1.033097267150879,1.0328768491744995,0.9982120990753174,0.9856086373329163,1.012709140777588,1.1049211025238037,1.0787228345870972,1.0739835500717163,1.0335028171539307,0.9907127022743225,1.0561449527740479,0.9797621965408325,0.8511693477630615,0.9650746583938599,0.8324018120765686,0.8239765763282776,0.8658497333526611,0.9928145408630371,0.993994414806366,1.0720484256744385,0.9831584692001343,0.9754796624183655,0.9881372451782227,1.0311583280563354,1.0210365056991577,1.0292036533355713,0.9344557523727417,1.0275622606277466,0.9437001347541809,1.0171523094177246,1.0268594026565552,0.9608886241912842,1.0246301889419556,1.0202577114105225,0.9640958309173584,0.9192162156105042,0.9343382120132446,0.9336212277412415,0.8925665020942688,0.9906274080276489,0.8673852682113647,0.7255465388298035,0.7622989416122437,1.0270159244537354,0.9670338034629822,0.8296659588813782,0.8658029437065125,0.9883449077606201,1.0133870840072632,1.0705057382583618,1.0120909214019775,,1.0238678455352783,1.0505313873291016,1.0525219440460205,1.0137494802474976,1.0818840265274048,0.9605652689933777,1.0366950035095215,1.0455960035324097,1.0249946117401123,0.9266132116317749,0.9355709552764893,0.904621958732605,,0.9769774675369263,0.8734418153762817,0.9358767867088318,0.8961126804351807,0.9569161534309387,0.9033429026603699,0.9298186302185059,1.0301179885864258,0.8367211222648621,0.8172756433486938,1.0798715353012085,0.9764499664306641,0.9679586291313171,0.990362823009491,1.0386018753051758,0.9706563353538513,0.866685688495636,0.8993062376976013,0.9295373558998108,0.9800997376441956,0.9613032937049866,0.9590921998023987,0.9639933705329895,0.9063184857368469,1.0710508823394775,1.0269005298614502,0.9276551604270935,1.0087615251541138,0.8514379262924194,,1.0273419618606567,0.9588222503662109,,1.0807510614395142,0.9977039098739624,1.0302647352218628,,0.8679056167602539,,,1.0255080461502075,,0.9463131427764893,0.9936504364013672,0.9496271014213562,0.9715437889099121,0.9041933417320251,0.8372389674186707,0.8764937520027161,1.0120899677276611,0.9247506856918335,1.0013549327850342,0.9803451299667358,0.7929726839065552,0.7987297773361206,0.977156937122345,0.9033777713775635,0.9945378303527832,0.8945720195770264,0.9229910373687744,0.9200235605239868,0.9408180713653564,0.9846616983413696,0.9731785655021667,1.0807124376296997,1.116655707359314,1.0133070945739746,1.0454280376434326,1.0347540378570557,1.0183799266815186,1.0367770195007324,1.0707587003707886,1.1010332107543945,1.1412630081176758,1.0733824968338013,0.975366473197937,
giraffe,0.28163862228393555,0.0,0.21821141242980957,0.447304368019104,0.4291059970855713,0.5628015398979187,0.659113883972168,0.6467222571372986,0.5478312969207764,0.6183620691299438,0.7938058376312256,0.8570290207862854,0.5867666006088257,0.6910611987113953,0.6870214939117432,0.5222007036209106,0.7926844358444214,0.8986197113990784,0.6240816712379456,1.0020043849945068,1.1023236513137817,1.1104336977005005,1.172938585281372,1.0818818807601929,0.9926102757453918,0.9869925379753113,1.1255102157592773,1.0624475479125977,1.0575096607208252,1.0901060104370117,0.9380738139152527,1.0847241878509521,1.0740017890930176,0.8984054923057556,1.0256389379501343,0.8075211048126221,0.7330890893936157,0.8348448276519775,0.8725728988647461,0.9677594900131226,1.1511625051498413,1.000903844833374,0.9460663199424744,1.049848198890686,1.0724961757659912,1.0884332656860352,1.0660549402236938,0.9835745096206665,1.110964298248291,1.025732159614563,1.1108436584472656,1.095815896987915,1.0475045442581177,1.1205934286117554,1.0468568801879883,0.9865670204162598,0.96236652135849,0.9542367458343506,0.9950509071350098,0.98084956407547,1.0192523002624512,0.9453858137130737,0.8265509009361267,0.7025174498558044,1.115609884262085,0.8592806458473206,0.8281581997871399,0.8515560626983643,0.9404454827308655,0.9368301630020142,0.989831805229187,0.9484086036682129,,0.9880148768424988,0.9500163793563843,0.9536082744598389,0.9369498491287231,1.0131367444992065,0.9676817655563354,0.999690592288971,0.9293897747993469,0.9826288819313049,0.8407331705093384,0.8629802465438843,0.8417418599128723,,0.83658766746521,0.8512874841690063,0.8964421153068542,0.878138542175293,0.9260340929031372,0.821077823638916,0.8121985197067261,0.9102388620376587,0.8085191249847412,0.7745243310928345,0.9169679880142212,0.8682266473770142,0.8907638788223267,0.9295175075531006,1.0022135972976685,0.9426512122154236,0.7833951711654663,0.8752554655075073,0.934010922908783,0.9032841920852661,0.8836495876312256,0.8982464671134949,0.9242978096008301,0.8419029712677002,1.0418074131011963,0.8863425850868225,1.0324046611785889,0.9404354095458984,0.7718236446380615,,0.9491459727287292,1.0295652151107788,,0.9926639795303345,0.9730933904647827,1.0388699769973755,,0.8771810531616211,,,0.9838542342185974,,1.0310518741607666,1.0473990440368652,0.9376102089881897,1.0321022272109985,0.9332789182662964,0.8201111555099487,0.9235304594039917,1.076427698135376,1.0028003454208374,1.0505810976028442,0.9972892999649048,0.7524770498275757,0.7853834629058838,1.0862146615982056,0.9483953714370728,1.0051589012145996,0.8539157509803772,0.876978874206543,0.8893131613731384,0.8983083963394165,0.9448509812355042,1.0728363990783691,1.1074614524841309,1.2086929082870483,1.0754703283309937,1.0840613842010498,1.0737982988357544,1.0869133472442627,1.1394401788711548,1.197828769683838,1.2193057537078857,1.2278821468353271,1.1891905069351196,0.9276437163352966,
deer,0.30798614025115967,0.21821141242980957,0.0,0.1950395107269287,0.2378833293914795,0.38907837867736816,0.393069863319397,0.5020050406455994,0.3152695894241333,0.4983755350112915,0.6053497195243835,0.6464720368385315,0.3856092691421509,0.5573825836181641,0.7513045072555542,0.5277213454246521,0.7646744847297668,0.8774465918540955,0.52467280626297,1.0609276294708252,1.1504830121994019,1.223888635635376,1.2372794151306152,1.1142219305038452,0.9753613471984863,0.9708229899406433,1.104767918586731,1.0056298971176147,1.0245158672332764,0.9938279390335083,0.8185443878173828,1.0048253536224365,1.1004652976989746,0.9889832139015198,1.0460635423660278,0.769878089427948,0.7312880158424377,0.7452682256698608,0.7743353247642517,0.9361257553100586,1.2083791494369507,1.0270851850509644,1.0098758935928345,1.1355257034301758,1.1408789157867432,1.1867806911468506,1.1289535760879517,1.0357342958450317,1.1108016967773438,1.1369775533676147,1.2303407192230225,1.2059283256530762,1.1818549633026123,1.2131909132003784,1.0220609903335571,1.0348114967346191,1.0884593725204468,1.0716030597686768,1.021061897277832,1.0595693588256836,1.0860509872436523,0.9987504482269287,0.86749267578125,0.6750507354736328,1.1107877492904663,0.7439302206039429,0.7756320834159851,0.8026357293128967,0.8091245293617249,0.8831499218940735,0.8724236488342285,0.8021520972251892,,0.8412659764289856,0.8671574592590332,0.830114483833313,0.8373656868934631,0.9409242868423462,0.8327944278717041,0.9516766667366028,0.8929473757743835,0.9129982590675354,0.8658883571624756,0.8596324324607849,0.8728946447372437,,0.6812068819999695,0.8762181401252747,0.7913447618484497,0.8199789524078369,0.9018704295158386,0.7749022841453552,0.7410215139389038,0.8286688327789307,0.7418543696403503,0.7302157282829285,0.8056492209434509,0.8367583751678467,0.8285620212554932,0.8869044780731201,0.9095146656036377,0.8858064413070679,0.7777562141418457,0.9780623912811279,0.9876680374145508,0.8427546620368958,0.7809991836547852,0.8353166580200195,0.8706177473068237,0.8591752052307129,1.0258487462997437,0.785709023475647,1.082794427871704,0.9284723997116089,0.8228530883789062,,1.0425219535827637,1.0796328783035278,,1.085773229598999,0.8926001787185669,1.074810266494751,,0.9767704010009766,,,0.878383457660675,,1.1063637733459473,0.9021672010421753,0.9292420148849487,1.1277164220809937,1.0393800735473633,0.8755196332931519,1.0375196933746338,1.1018354892730713,1.0232504606246948,1.2129007577896118,1.0562565326690674,0.8140991926193237,0.7587898969650269,1.1606117486953735,0.8988713622093201,1.037196397781372,0.8445034623146057,0.8374854326248169,0.8518350124359131,0.8742561340332031,0.9148756265640259,1.203019142150879,1.1168338060379028,1.320829153060913,1.2178025245666504,1.16148042678833,1.124074935913086,1.1642794609069824,1.2043629884719849,1.2934322357177734,1.2912302017211914,1.2866805791854858,1.2430758476257324,0.8598983287811279,
pony,0.4313098192214966,0.447304368019104,0.1950395107269287,0.0,0.20128250122070312,0.4281551241874695,0.3432910442352295,0.5875523686408997,0.27318185567855835,0.4308299422264099,0.5488153100013733,0.5910534262657166,0.28243178129196167,0.4723407030105591,0.7144098281860352,0.5711320042610168,0.7363173365592957,0.7583021521568298,0.38038837909698486,1.077572226524353,1.1602879762649536,1.2761423587799072,1.2467522621154785,1.1544933319091797,1.0526424646377563,1.033575415611267,1.1878046989440918,1.096932291984558,1.0787323713302612,1.0419113636016846,0.8301279544830322,1.0008888244628906,1.147196888923645,0.9983263611793518,1.0139293670654297,0.7815645933151245,0.7192134857177734,0.7053882479667664,0.7654569149017334,1.0099101066589355,1.1876752376556396,1.0192607641220093,1.0303831100463867,1.063226580619812,1.1420198678970337,1.1827473640441895,1.1141313314437866,1.0385229587554932,1.1099203824996948,1.1109256744384766,1.207356333732605,1.2046091556549072,1.137578010559082,1.1949044466018677,0.9862836599349976,0.9786092638969421,1.0693697929382324,1.0931510925292969,0.9741319417953491,1.0408846139907837,1.0318611860275269,0.9976627826690674,0.7979068756103516,0.6931028366088867,1.0892139673233032,0.7296229600906372,0.763102650642395,0.7781359553337097,0.9003898501396179,0.8874727487564087,0.9397398829460144,0.8540633916854858,,0.8670843243598938,0.9022709727287292,0.8716627359390259,0.8690808415412903,1.000472068786621,0.891058623790741,1.0171623229980469,0.93492591381073,0.9960838556289673,0.9216259121894836,0.8789076209068298,0.9695479869842529,,0.7534629702568054,0.8769115805625916,0.7753525972366333,0.8289276957511902,0.8930259943008423,0.7988858222961426,0.7685140371322632,0.8703392148017883,0.6819251775741577,0.683293342590332,0.8630613684654236,0.8725177049636841,0.8242570161819458,0.9256002306938171,0.90538489818573,0.8752698302268982,0.7589204907417297,0.9331827759742737,0.9530396461486816,0.8258408308029175,0.7749022245407104,0.8063936233520508,0.8502755165100098,0.9084786176681519,1.0655897855758667,0.8220856189727783,1.1002099514007568,0.9389228224754333,0.8136522173881531,,1.053188681602478,1.0034101009368896,,1.0514434576034546,0.9408074617385864,1.0460165739059448,,0.8956291675567627,,,0.858932614326477,,1.0637396574020386,0.8817175030708313,0.8786711692810059,1.0979069471359253,0.9848774075508118,0.8115460872650146,0.9982258677482605,1.0610872507095337,1.0020062923431396,1.2144242525100708,1.0270256996154785,0.7674837112426758,0.67432701587677,1.1590089797973633,0.899777889251709,1.0824618339538574,0.858112096786499,0.873331606388092,0.8408819437026978,0.8914470672607422,0.9009864926338196,1.1612614393234253,1.1620393991470337,1.3060235977172852,1.1997458934783936,1.137669563293457,1.143683910369873,1.186785340309143,1.2241582870483398,1.3080841302871704,1.3194944858551025,1.3336963653564453,1.2970225811004639,0.8119248747825623,
horse,0.42050617933273315,0.4291059970855713,0.2378833293914795,0.20128250122070312,0.0,0.38935762643814087,0.39130014181137085,0.5966778993606567,0.4424200654029846,0.5899569988250732,0.657734751701355,0.6172522306442261,0.4204813241958618,0.5360376834869385,0.8002715110778809,0.49614858627319336,0.7027934193611145,0.8010358810424805,0.46727705001831055,1.0791352987289429,1.1325716972351074,1.1867061853408813,1.1911771297454834,1.0807472467422485,1.0034198760986328,1.0429024696350098,1.1722790002822876,1.0910346508026123,1.1368234157562256,0.9755072593688965,0.8227264881134033,1.0753428936004639,1.0916556119918823,0.9553243517875671,1.0226799249649048,0.7990689873695374,0.7925940752029419,0.7864590883255005,0.8684443235397339,1.008278727531433,1.1656713485717773,1.0642259120941162,1.0515035390853882,1.0575189590454102,1.1080563068389893,1.1373807191848755,1.0888631343841553,1.0177339315414429,1.0947363376617432,1.0776989459991455,1.1812117099761963,1.1851553916931152,1.1007544994354248,1.1932458877563477,1.0611281394958496,0.9925439953804016,1.0696319341659546,1.040461778640747,1.0356889963150024,1.0441877841949463,1.0131254196166992,0.8801827430725098,0.7774264812469482,0.7292641997337341,1.120046615600586,0.8445963859558105,0.8658037781715393,0.8672824501991272,0.9254366159439087,0.9700867533683777,0.9922866225242615,0.9266549348831177,,0.8490780591964722,0.9547164440155029,0.9690902233123779,0.9617356061935425,1.0540263652801514,0.88846755027771,1.0795366764068604,0.9843851923942566,0.9853842854499817,0.9324561357498169,0.8951213359832764,0.94972163438797,,0.8453760147094727,0.8964709639549255,0.9048023819923401,0.9383106827735901,0.9775601625442505,0.8838452696800232,0.8830567598342896,0.9493799209594727,0.7195310592651367,0.7505393028259277,0.9965103268623352,0.9296785593032837,0.9336835145950317,0.9493203163146973,0.9757299423217773,0.9230214357376099,0.84055495262146,0.9518026113510132,0.9858115911483765,0.895745575428009,0.9233960509300232,0.9323832392692566,0.9326064586639404,0.8950398564338684,1.048169493675232,0.9284827709197998,1.0141792297363281,0.9493964910507202,0.8326610326766968,,1.0015829801559448,1.0234553813934326,,1.0354801416397095,0.9051507711410522,0.9845158457756042,,0.9237239360809326,,,0.909930944442749,,1.0878162384033203,0.9467570781707764,0.9598335027694702,1.0721890926361084,0.9116318225860596,0.7051448822021484,0.8683313131332397,0.9957480430603027,0.9553592205047607,1.1740106344223022,1.0334153175354004,0.8280451893806458,0.6958421468734741,1.0868968963623047,0.9601795077323914,1.0479918718338013,0.9083466529846191,0.8651659488677979,0.9297800660133362,0.9095996618270874,0.9330600500106812,1.0992016792297363,1.0846641063690186,1.2561085224151611,1.1038897037506104,1.070279836654663,1.0360548496246338,1.1388458013534546,1.1651768684387207,1.2360069751739502,1.2219150066375732,1.1889426708221436,1.186204195022583,0.8742536306381226,
pig,0.48486328125,0.5628015398979187,0.38907837867736816,0.4281551241874695,0.38935762643814087,0.0,0.5047290325164795,0.6507679224014282,0.6535913944244385,0.6865612268447876,0.7351836562156677,0.7355831861495972,0.6466755867004395,0.6836724281311035,0.6830415725708008,0.2958146333694458,0.4790695309638977,0.6450851559638977,0.48591500520706177,0.9583343267440796,0.9685686230659485,1.0684103965759277,1.0153378248214722,0.8892068862915039,1.0518606901168823,1.0315830707550049,1.084271788597107,1.0433679819107056,1.1429898738861084,0.8174014091491699,0.9064388871192932,1.0128753185272217,0.9825959205627441,0.9773154854774475,0.976365327835083,0.9505528211593628,0.95509272813797,0.9761576652526855,1.0548220872879028,1.009951114654541,1.0029442310333252,1.0318450927734375,1.0773346424102783,1.0073928833007812,0.9907194375991821,1.0788195133209229,1.0244685411453247,0.9618249535560608,1.0016144514083862,1.0805732011795044,1.0595284700393677,1.0124467611312866,1.0502747297286987,1.0731819868087769,1.039750099182129,1.0127792358398438,1.0051212310791016,1.0640205144882202,0.9826534390449524,0.9861795902252197,1.0192546844482422,0.9596632719039917,0.7994210720062256,0.9007055163383484,1.0356155633926392,1.0435738563537598,0.9126731753349304,0.9221901893615723,0.857559323310852,0.984165370464325,1.0139553546905518,0.9662752151489258,,0.89349764585495,1.0408941507339478,1.1042096614837646,1.095289945602417,1.1055347919464111,0.8644982576370239,1.0484205484390259,1.0462074279785156,1.007978916168213,1.0134128332138062,1.0690957307815552,1.0433919429779053,,1.0059417486190796,1.0179834365844727,0.9885779023170471,1.0911622047424316,1.0379468202590942,1.059528112411499,1.0735106468200684,1.117699384689331,0.9533616900444031,0.963248610496521,1.0299628973007202,1.107905626296997,1.1059329509735107,1.0723497867584229,1.0609817504882812,1.016579508781433,1.1082531213760376,0.9881650805473328,1.0498565435409546,1.0415819883346558,1.053268551826477,1.0176241397857666,1.0154955387115479,0.9906720519065857,1.0026034116744995,1.0270819664001465,0.9072089195251465,1.0107983350753784,0.9793457388877869,,1.0172979831695557,0.9663764238357544,,1.1262410879135132,0.8877975344657898,0.8524470925331116,,0.8614286780357361,,,0.9652209281921387,,1.0719187259674072,0.969607412815094,1.009755253791809,1.0060924291610718,1.010359525680542,0.9798775911331177,0.9718356728553772,0.9056777954101562,1.0615365505218506,1.092956781387329,1.0960686206817627,0.9729182720184326,0.8204778432846069,0.8924248218536377,0.9499132037162781,1.0213180780410767,1.0769659280776978,0.9431856274604797,0.9971379637718201,1.0279510021209717,1.0186980962753296,1.0517265796661377,1.0064789056777954,1.0853044986724854,1.0516552925109863,0.9398077726364136,0.998725950717926,0.9957318305969238,1.003408432006836,1.0305910110473633,0.9816688895225525,0.9709213376045227,0.9818744659423828,0.975731611251831,
rooster,0.6407734155654907,0.659113883972168,0.393069863319397,0.3432910442352295,0.39130014181137085,0.5047290325164795,0.0,0.6227626800537109,0.44660019874572754,0.44680899381637573,0.8046042323112488,0.6444655656814575,0.43794918060302734,0.6777652502059937,0.6368860006332397,0.6790489554405212,0.8173460364341736,0.7255010604858398,0.3948615789413452,1.0065903663635254,1.0939052104949951,1.2232356071472168,1.1444880962371826,1.0893523693084717,1.0766386985778809,1.0880616903305054,1.2940925359725952,1.1643316745758057,1.2351226806640625,1.0938687324523926,0.9578821063041687,1.1506787538528442,1.1325695514678955,0.8743600845336914,0.848239541053772,0.7693811058998108,0.7869791984558105,0.8264893293380737,0.9575505256652832,1.004714846611023,1.1074395179748535,1.0613229274749756,0.9996342658996582,1.0542964935302734,1.0918432474136353,1.0837132930755615,0.9873369932174683,1.0161497592926025,1.1045300960540771,1.0049978494644165,1.1057344675064087,1.077514886856079,1.0040005445480347,1.1884922981262207,1.1528607606887817,1.1032054424285889,1.0350149869918823,1.0508019924163818,0.9045673608779907,0.9906863570213318,1.014878749847412,0.9445016980171204,0.8533631563186646,0.7579320669174194,1.0783809423446655,0.8430185317993164,0.7410444617271423,0.8188266754150391,0.7259172797203064,0.9220467805862427,0.939201295375824,0.8449351787567139,,0.7553325891494751,1.0455230474472046,1.0585538148880005,1.0514858961105347,1.1111093759536743,0.8771496415138245,1.1924222707748413,1.1221221685409546,1.1016714572906494,0.9036768674850464,0.9852519631385803,1.026141881942749,,0.8311532735824585,0.9575357437133789,0.9494779109954834,1.0082741975784302,1.110235333442688,1.0172501802444458,1.0044130086898804,1.1131198406219482,0.7640804052352905,0.7119197845458984,0.9220885634422302,0.9683269262313843,0.9121153354644775,1.0558503866195679,1.1450591087341309,0.9328216314315796,0.782963752746582,0.9196416139602661,0.8684523701667786,0.9192137718200684,0.8561977744102478,0.9255399107933044,0.9238027334213257,0.9389099478721619,1.0712659358978271,0.9031558036804199,0.9350121021270752,0.8046196699142456,0.8476364612579346,,0.8532189726829529,1.0214000940322876,,0.9227561950683594,0.8063765168190002,0.8077553510665894,,0.78316730260849,,,0.9145476818084717,,0.9357225298881531,0.9382515549659729,0.8896748423576355,0.9621133208274841,0.8981420993804932,0.7859401702880859,0.9083462357521057,0.9682292938232422,1.1219538450241089,1.1542954444885254,1.0534040927886963,0.7697977423667908,0.5759454965591431,0.9356237053871155,0.9532761573791504,1.0870176553726196,0.902716338634491,0.8313803672790527,0.939128041267395,0.9944452047348022,1.0043734312057495,1.077677845954895,1.0798766613006592,1.2336424589157104,1.064548134803772,1.0662529468536377,1.0876739025115967,1.119368076324463,1.1211507320404053,1.1907587051391602,1.2319785356521606,1.2366234064102173,1.224250316619873,1.050294041633606,
penguin,0.7077894806861877,0.6467222571372986,0.5020050406455994,0.5875523686408997,0.5966778993606567,0.6507679224014282,0.6227626800537109,0.0,0.5098369717597961,0.5915864706039429,0.6972833871841431,0.9736326336860657,0.6956275701522827,0.9178824424743652,0.9035293459892273,0.8697923421859741,0.8971790671348572,0.9689382314682007,0.7472250461578369,1.0787577629089355,1.13474440574646,1.3249828815460205,1.215103268623352,1.1709727048873901,0.9231706857681274,0.8053910732269287,1.0648821592330933,0.8656713366508484,0.990786612033844,1.0474129915237427,0.620639443397522,0.9435869455337524,1.1144753694534302,0.9567364454269409,1.0178821086883545,0.675530195236206,0.7435509562492371,0.757174015045166,0.6855932474136353,0.8777914047241211,1.2478760480880737,1.0158909559249878,1.0783199071884155,1.1053560972213745,1.0816349983215332,1.084536075592041,1.0611084699630737,0.9563233256340027,1.077096939086914,1.1280407905578613,1.2106542587280273,1.2498196363449097,1.1959607601165771,1.2123397588729858,0.9192700386047363,1.078403353691101,1.1220988035202026,1.094875693321228,0.9600610733032227,1.0937950611114502,1.0614902973175049,0.9948475956916809,1.0500342845916748,0.7551136016845703,1.1507118940353394,0.6552419066429138,0.6849480867385864,0.6503487825393677,0.7540904879570007,0.6946631669998169,0.8057111501693726,0.738972008228302,,0.8457615375518799,0.7490366697311401,0.7093783020973206,0.748199462890625,0.8618687391281128,0.7395430207252502,0.9864282608032227,0.7760916948318481,0.9346987009048462,0.7834296822547913,0.7596719264984131,0.7417485117912292,,0.7226260900497437,0.9855465292930603,0.8307307362556458,0.8970630168914795,0.9925352931022644,0.8277512192726135,0.813361644744873,0.813718318939209,0.7766464948654175,0.7560299634933472,0.6924415230751038,0.6716247797012329,0.6747815608978271,0.6706441044807434,0.8392180800437927,0.7958294153213501,0.736594557762146,0.8630947470664978,0.9038441777229309,0.7020403742790222,0.6622642874717712,0.7020721435546875,0.7737044095993042,0.7611714601516724,0.8539336919784546,0.7883150577545166,1.1049989461898804,0.8991863131523132,0.7034636735916138,,1.1313807964324951,1.1453943252563477,,1.0306166410446167,0.9625635147094727,1.1618995666503906,,1.0312321186065674,,,0.8215022087097168,,1.07962965965271,0.8471034169197083,0.8595032691955566,1.176340103149414,1.0562317371368408,0.9327570199966431,1.096323847770691,1.1279247999191284,1.1014292240142822,1.2392516136169434,0.9834375977516174,0.7961423993110657,0.717225968837738,1.0774645805358887,0.8352360129356384,0.844889760017395,0.7142906188964844,0.6943408250808716,0.8251931667327881,0.5734793543815613,0.6604150533676147,1.1213480234146118,0.8768520355224609,1.1808388233184814,1.135413408279419,1.1564664840698242,0.9236950278282166,1.0451445579528809,1.1416045427322388,1.2180383205413818,1.2070549726486206,1.187711238861084,1.218319058418274,0.8734076619148254,
bird,0.689795732498169,0.5478312969207764,0.3152695894241333,0.27318185567855835,0.4424200654029846,0.6535913944244385,0.44660019874572754,0.5098369717597961,0.0,0.2888575792312622,0.3624662160873413,0.6299536228179932,0.32884252071380615,0.6082324981689453,0.7471487522125244,0.8917026519775391,0.9181515574455261,0.9220792055130005,0.6503623127937317,1.1640180349349976,1.235835313796997,1.425618290901184,1.363610029220581,1.2620234489440918,0.9480928778648376,0.9675169587135315,1.072253704071045,0.924060046672821,0.9079688191413879,1.096386194229126,0.6435847282409668,0.9406437277793884,1.2706241607666016,1.1217546463012695,1.0523144006729126,0.7330518364906311,0.6829829812049866,0.5717635154724121,0.5034675598144531,1.0008512735366821,1.2955598831176758,1.0892144441604614,1.0809441804885864,1.1640396118164062,1.220162272453308,1.2817258834838867,1.2274057865142822,1.0811927318572998,1.1339504718780518,1.2931134700775146,1.357672095298767,1.34938645362854,1.3276300430297852,1.3528378009796143,0.8637839555740356,1.024863362312317,1.263911485671997,1.1306806802749634,1.0319263935089111,1.198028802871704,1.099959135055542,1.0878206491470337,0.9783308506011963,0.6973351240158081,1.1848816871643066,0.4935016632080078,0.7199751734733582,0.6945403218269348,0.779512882232666,0.7475215792655945,0.7047240138053894,0.6313554048538208,,0.798851728439331,0.6709792613983154,0.5410525798797607,0.5877149701118469,0.734722912311554,0.8243018388748169,0.9190793037414551,0.805925190448761,0.9351215958595276,0.818045973777771,0.710220456123352,0.8193277716636658,,0.4710332751274109,0.9473310112953186,0.5853867530822754,0.6346157193183899,0.7624603509902954,0.5867702960968018,0.48704856634140015,0.5635641813278198,0.6301498413085938,0.6116819381713867,0.5629520416259766,0.6075759530067444,0.5916215181350708,0.7054696679115295,0.6539696455001831,0.737653374671936,0.6695308089256287,1.0197478532791138,1.0349286794662476,0.694175660610199,0.6162437200546265,0.6174319386482239,0.707676887512207,0.7844592928886414,0.9343063831329346,0.6194385886192322,1.2014968395233154,0.9263685345649719,0.8155955076217651,,1.1313941478729248,1.0559035539627075,,1.0686619281768799,1.005228877067566,1.176586627960205,,1.0352838039398193,,,0.8051841259002686,,1.1925408840179443,0.8385962247848511,0.8771414160728455,1.2950190305709839,1.186281681060791,0.9195935726165771,1.1976056098937988,1.1109578609466553,1.0248600244522095,1.3387867212295532,1.0874488353729248,0.859288215637207,0.8459407687187195,1.336332082748413,0.8638942241668701,1.037082314491272,0.7317727208137512,0.8487520217895508,0.774770975112915,0.7293779850006104,0.7881093621253967,1.336197853088379,1.2244725227355957,1.468313217163086,1.3867305517196655,1.3056014776229858,1.2157740592956543,1.2766833305358887,1.362502098083496,1.4701263904571533,1.4619290828704834,1.4422602653503418,1.4062378406524658,0.6512981653213501,
duck,0.7198840379714966,0.6183620691299438,0.4983755350112915,0.4308299422264099,0.5899569988250732,0.6865612268447876,0.44680899381637573,0.5915864706039429,0.2888575792312622,0.0,0.5768478512763977,0.7117533087730408,0.4920538067817688,0.7424625158309937,0.5977153778076172,0.9026976823806763,0.8853787183761597,0.8065828084945679,0.5927029848098755,1.031309962272644,1.1139824390411377,1.3063408136367798,1.2389345169067383,1.10909903049469,0.983080267906189,1.013585090637207,1.0722689628601074,0.9238714575767517,0.9760212898254395,1.0627776384353638,0.7986025810241699,1.011940598487854,1.2069741487503052,1.0791442394256592,0.9948272705078125,0.8162972927093506,0.8017719984054565,0.7804665565490723,0.7139313220977783,1.1054675579071045,1.217242956161499,1.088058352470398,1.083864450454712,1.1327662467956543,1.1649163961410522,1.1903504133224487,1.138903260231018,1.0823774337768555,1.124955415725708,1.2067832946777344,1.2481791973114014,1.221164345741272,1.1894574165344238,1.2635539770126343,0.9619854688644409,1.1511585712432861,1.2158100605010986,1.1093571186065674,0.9834166169166565,1.1141655445098877,1.0764912366867065,1.103105902671814,0.8972821235656738,0.8193323612213135,1.143584132194519,0.6786500811576843,0.7270341515541077,0.7130036354064941,0.6931043863296509,0.7129628658294678,0.7955402135848999,0.7265681028366089,,0.7852776646614075,0.8202790021896362,0.7628796100616455,0.8057162761688232,0.8539780378341675,0.85912024974823,0.9701977372169495,0.9674617648124695,0.9962916970252991,0.9043576717376709,0.8338494300842285,0.889970064163208,,0.7111637592315674,1.0414446592330933,0.775553822517395,0.8198261857032776,0.9446287155151367,0.8517635464668274,0.7644424438476562,0.8263733386993408,0.7885689735412598,0.7429882287979126,0.6824836730957031,0.7840487957000732,0.7506636381149292,0.8777763843536377,0.9012315273284912,0.8411843776702881,0.76910400390625,0.9434739947319031,1.0109689235687256,0.8638696670532227,0.7734459042549133,0.7490572929382324,0.7944365739822388,0.8462806940078735,0.9002137184143066,0.7391473650932312,1.0564712285995483,0.8430878520011902,0.7563401460647583,,1.0051217079162598,1.0373919010162354,,0.9889116883277893,0.9148730635643005,0.9502127170562744,,0.8931474685668945,,,0.9357932806015015,,1.1189199686050415,0.9270620346069336,0.8515865802764893,1.1948598623275757,1.122667670249939,0.9849078059196472,1.1271792650222778,1.084919810295105,1.0616066455841064,1.2423945665359497,1.060652256011963,0.8687344789505005,0.7420487999916077,1.0788145065307617,0.9008614420890808,0.9880953431129456,0.8307538032531738,0.9578976035118103,0.877804696559906,0.8350597620010376,0.8804045915603638,1.2354587316513062,1.1725077629089355,1.3372385501861572,1.2300305366516113,1.2105677127838135,1.1631641387939453,1.2083834409713745,1.2478331327438354,1.3279657363891602,1.3740360736846924,1.3502026796340942,1.3174079656600952,0.8212101459503174,
fish,0.8622854948043823,0.7938058376312256,0.6053497195243835,0.5488153100013733,0.657734751701355,0.7351836562156677,0.8046042323112488,0.6972833871841431,0.3624662160873413,0.5768478512763977,0.0,0.6475573182106018,0.46164172887802124,0.5600643754005432,1.005837082862854,0.9834052324295044,0.9197277426719666,1.049673318862915,0.9411572813987732,1.2135398387908936,1.2378828525543213,1.4452449083328247,1.3887872695922852,1.2559282779693604,0.9783174395561218,0.9742748737335205,0.9035475850105286,0.8138015270233154,0.7511364221572876,0.8473294973373413,0.6766486763954163,0.840592086315155,1.2036406993865967,1.323150396347046,1.2524049282073975,1.0117958784103394,0.923195481300354,0.654851496219635,0.38006651401519775,0.9910422563552856,1.2061176300048828,1.0677921772003174,1.1831567287445068,1.1204535961151123,1.184072732925415,1.324314832687378,1.3413937091827393,1.0699537992477417,1.091030478477478,1.4242910146713257,1.403564214706421,1.372318983078003,1.4596495628356934,1.3138840198516846,0.5224729776382446,0.8198573589324951,1.3707408905029297,1.1000654697418213,1.1817467212677002,1.2779927253723145,1.0874851942062378,1.0746158361434937,1.1094262599945068,0.8668192625045776,1.2720885276794434,0.567913293838501,0.8567074537277222,0.7301499247550964,0.855275571346283,0.7320934534072876,0.6208418011665344,0.6283957362174988,,0.821753978729248,0.6131401062011719,0.4254920482635498,0.5527627468109131,0.6142401695251465,0.7573894262313843,0.8619287014007568,0.7342532873153687,0.7854942679405212,0.981496274471283,0.6467164158821106,0.8115209937095642,,0.5324989557266235,1.0391290187835693,0.5557604432106018,0.7177073955535889,0.6794798970222473,0.6290462017059326,0.5419266223907471,0.37986695766448975,0.6989297270774841,0.7665654420852661,0.5335326790809631,0.5972659587860107,0.5980493426322937,0.5509963035583496,0.34794580936431885,0.7510821223258972,0.818444550037384,1.1102757453918457,1.1691529750823975,0.6653161644935608,0.744268536567688,0.5777596235275269,0.6847476959228516,0.8560875654220581,0.7925633192062378,0.6027404069900513,1.1859142780303955,1.0035088062286377,0.8754665851593018,,1.3027476072311401,1.0952426195144653,,1.2108160257339478,1.0817323923110962,1.2500282526016235,,1.0896953344345093,,,0.8646291494369507,,1.3554359674453735,0.7330065369606018,0.9688713550567627,1.368509292602539,1.3257228136062622,1.0609960556030273,1.3050928115844727,1.083116054534912,0.8680679798126221,1.3670927286148071,1.0846644639968872,1.0746829509735107,1.1142772436141968,1.35454523563385,0.8870664834976196,1.0435209274291992,0.855230450630188,1.0646016597747803,0.6325078010559082,0.5726968050003052,0.6091063618659973,1.3421448469161987,1.2596628665924072,1.396435022354126,1.4175310134887695,1.2819874286651611,1.2326327562332153,1.3245656490325928,1.3729747533798218,1.451548457145691,1.3704568147659302,1.3668440580368042,1.344673991203308,0.3224916458129883,
butterfly,0.839795708656311,0.8570290207862854,0.6464720368385315,0.5910534262657166,0.6172522306442261,0.7355831861495972,0.6444655656814575,0.9736326336860657,0.6299536228179932,0.7117533087730408,0.6475573182106018,0.0,0.483458936214447,0.5972646474838257,0.8578368425369263,0.8451578617095947,0.8896046280860901,0.8810409307479858,0.7825385928153992,1.059430718421936,1.0504300594329834,0.9940564036369324,1.0404052734375,1.0167526006698608,0.9546890258789062,1.0464251041412354,1.047627568244934,1.0438132286071777,1.0563511848449707,0.8154899477958679,1.0183255672454834,0.8717198371887207,1.0595300197601318,1.116502046585083,1.0501000881195068,1.11821448802948,1.0805025100708008,0.9410960078239441,0.9507924914360046,1.0684865713119507,1.0927058458328247,1.0713305473327637,1.0183019638061523,1.0210309028625488,1.019532322883606,1.1217045783996582,1.0952489376068115,1.071455478668213,1.0906330347061157,1.1531542539596558,1.176883578300476,1.127831220626831,1.1088532209396362,1.1361138820648193,1.0648517608642578,1.1464052200317383,1.1593713760375977,0.8280644416809082,1.0193976163864136,1.0331162214279175,1.0517560243606567,0.968012273311615,0.9720465540885925,0.9676488041877747,1.0951433181762695,0.8913632035255432,1.0288715362548828,1.0488028526306152,0.9087178707122803,1.0705560445785522,1.0166655778884888,1.0076217651367188,,0.8511087894439697,1.0505502223968506,0.9877319931983948,1.0460304021835327,1.1644850969314575,1.0351815223693848,0.9737390875816345,0.9496950507164001,0.9046601057052612,0.9917569160461426,0.863115668296814,0.9310709238052368,,0.833767294883728,0.8523855209350586,0.8409601449966431,0.8502536416053772,0.9140661954879761,0.9677530527114868,0.9342334866523743,1.0056486129760742,0.7823523283004761,0.9086771011352539,1.0227227210998535,1.1545801162719727,1.119143009185791,1.0684605836868286,1.029302716255188,1.1148996353149414,1.0969858169555664,1.0369486808776855,1.0930969715118408,1.0411595106124878,1.0561732053756714,1.1145663261413574,1.0433331727981567,1.0534107685089111,1.0193524360656738,0.8968470096588135,0.9509864449501038,1.1000123023986816,0.9979314804077148,,1.0128190517425537,1.0274357795715332,,1.1563482284545898,1.0410047769546509,0.9709571599960327,,1.032265543937683,,,1.0249325037002563,,1.0082027912139893,0.9269121289253235,1.0582687854766846,1.0772465467453003,1.0594563484191895,0.9592451453208923,0.9742589592933655,0.9563919305801392,0.9812926054000854,1.0576783418655396,1.0408904552459717,1.0823078155517578,0.9723543524742126,1.0281299352645874,0.9279888272285461,1.037782073020935,0.9316853284835815,1.0749990940093994,0.9392544627189636,1.0760536193847656,1.0589605569839478,1.1201187372207642,1.0899852514266968,1.153088092803955,1.0670015811920166,0.9302776455879211,1.1413204669952393,1.1332513093948364,1.0930882692337036,1.1326234340667725,1.1116979122161865,1.0635547637939453,1.1268436908721924,0.9512667059898376,
frog,0.6636000871658325,0.5867666006088257,0.3856092691421509,0.28243178129196167,0.4204813241958618,0.6466755867004395,0.43794918060302734,0.6956275701522827,0.32884252071380615,0.4920538067817688,0.46164172887802124,0.483458936214447,0.0,0.2601090669631958,0.6638063788414001,0.7522087097167969,0.9450172781944275,0.8594195246696472,0.4636300206184387,1.0112299919128418,1.1525166034698486,1.2515795230865479,1.2016065120697021,1.2305021286010742,1.0436065196990967,1.1093394756317139,1.1759353876113892,1.10599684715271,1.0766478776931763,1.0325636863708496,0.8792792558670044,1.031941294670105,1.1728630065917969,1.0574697256088257,1.1154433488845825,0.9423208832740784,0.8327349424362183,0.7786829471588135,0.8639817237854004,1.1786624193191528,1.3310046195983887,1.0677345991134644,1.1835061311721802,1.1395726203918457,1.296587586402893,1.2816141843795776,1.174884557723999,1.1989048719406128,1.189579963684082,1.1667503118515015,1.1960797309875488,1.1716684103012085,1.1159205436706543,1.2368441820144653,1.043756127357483,0.9859488606452942,1.050673246383667,0.9938986897468567,0.9775176048278809,1.031661033630371,1.062464714050293,1.0632086992263794,0.8618786931037903,0.6853095889091492,1.2173733711242676,0.7000502943992615,0.7372023463249207,0.8527607321739197,0.8342435956001282,0.9035626649856567,0.8393337726593018,0.7486732006072998,,0.8247420787811279,0.8918452262878418,0.8642444014549255,0.9352990388870239,1.0156420469284058,0.8737877607345581,1.0278376340866089,1.0188008546829224,0.8901238441467285,1.0783467292785645,0.904157817363739,0.9842880964279175,,0.7563126683235168,0.7477468252182007,0.8072423934936523,0.8745126724243164,0.9270614385604858,0.8411743640899658,0.8057081699371338,0.8079543113708496,0.7576550245285034,0.7452126741409302,0.7334760427474976,0.9264057278633118,0.8961644172668457,1.030450701713562,0.9330123662948608,0.9069345593452454,0.8543113470077515,0.9686809182167053,0.9985964298248291,0.910491943359375,0.7263573408126831,0.8683487176895142,0.8312410712242126,0.8872263431549072,0.8690571784973145,0.5934357643127441,0.9361680746078491,0.9573509097099304,0.7841870188713074,,1.0230791568756104,1.0191150903701782,,1.0867267847061157,0.8035848140716553,0.9627912044525146,,0.8239543437957764,,,0.836081326007843,,1.0172947645187378,0.8317891359329224,0.9886879920959473,1.01609468460083,0.9380707740783691,0.7218573689460754,0.8981332182884216,0.995773196220398,1.0624693632125854,1.0989481210708618,0.8834654092788696,0.6391021013259888,0.627301812171936,1.0122530460357666,0.8320574760437012,1.077542781829834,0.8250471353530884,0.9437424540519714,0.7540974617004395,0.8986692428588867,0.9042882323265076,1.1179465055465698,1.2213269472122192,1.3061167001724243,1.1031296253204346,1.1874736547470093,1.2023814916610718,1.193786382675171,1.2153295278549194,1.3499047756195068,1.3266348838806152,1.368325114250183,1.2987754344940186,0.7840029001235962,
