,alligator,ankle,apple,applesauce,arm,ball,balloon,banana,basket,bathtub,bed,belt,bench,bib,bird,blanket,boat,book,bottle,bowl,box,bread,broom,bucket,butterfly,can,car,carrot,cat,chair,clock,closet,cloud,comb,cookie,corn,couch,cracker,crayon,crib,cup,deer,dog,doll,door,drawer,dress,duck,ear,egg,elephant,face,finger,fish,flower,foot,fork,frog,glass,glasses,glove,grass,gum,hair,hand,hat,horse,hose,jacket,jar,jeans,knife,ladder,lamp,leg,meat,melon,milk,mitten,mop,motorcycle,nail,napkin,necklace,nose,orange,oven,owl,pajamas,pants,paper,pen,pencil,penguin,pickle,pillow,pizza,plant,plate,pony,pumpkin,purse,radio,refrigerator,rock,scarf,scissors,shirt,shoe,shorts,shovel,shower,sink,slide,slipper,snow,soap,sock,spoon,sprinkler,stick,stroller,sweater,swing,table,tape,toe,tooth,toothbrush,towel,toy,tray,tree,tricycle,truck,vacuum,watch,window
alligator,0.0,1.0391399,1.2977464,1.0307139,0.7982469,1.1061122,1.2437422,0.94001347,1.2140973,0.94351995,0.8101176,1.3295811,1.0269012,0.763358,1.0388023,0.7365314,0.9867438,1.2697138,1.2886709,1.2949598,1.0138139,0.84165514,1.0999383,1.2282159,0.9258957,1.2380913,1.0382907,0.87832475,0.99447334,1.0531294,1.1765666,1.0537153,0.98612666,1.1281294,0.8866782,1.0090908,0.86271966,0.8529362,1.3333578,0.86111283,1.2932882,0.9400131,0.7287744,0.8238152,1.0553316,0.89095455,0.87582326,1.1346738,0.9561624,1.1356065,0.8869618,0.89722735,1.0404698,1.0212253,1.0734316,0.97105736,1.0510916,0.644586,1.2358592,1.2872899,0.81099445,0.94784266,1.0969832,0.93948424,0.80327046,1.2303858,0.9645467,0.9007349,0.85494596,0.9309504,0.8190148,1.0627319,1.050048,1.3020569,0.97872436,0.9379434,0.9448534,0.99945027,0.57960075,1.014861,0.96250623,1.3456733,0.9491378,1.1575477,1.0867677,1.206579,1.119394,0.78927577,0.84563255,0.88722557,0.8438005,1.3257203,1.2898748,0.8927597,0.9776503,1.0226355,1.0191046,0.9179936,1.309736,0.86702824,1.2163389,0.8133877,1.2364802,1.000724,0.8918669,1.0571387,0.9908663,0.8118988,0.8495718,0.92591333,1.018244,0.9470683,1.2502134,0.85753775,1.2836392,0.9680708,1.2106038,0.87189513,0.81206644,0.8935464,0.868997,0.9374566,0.9573681,1.0993526,0.84024715,1.3019998,1.1567507,1.1888543,0.8507805,0.9197972,1.1319089,1.0440869,0.9513505,1.0747108,0.9922927,1.1477845,1.3505236,1.0020397
ankle,1.0391399,0.0,0.97251755,1.1855184,0.75285256,1.1940309,1.0644296,0.8408725,1.2746179,1.2341459,1.118765,0.84996235,1.1634666,0.9884473,1.2896302,1.1236638,1.3435328,1.1236877,1.1467673,1.1273094,1.1996126,0.98341465,1.237254,1.2610995,1.1880764,1.2369187,1.2315313,0.84630996,0.8773532,1.2324915,1.2863867,0.9302481,0.9175068,1.0322458,1.1175828,0.9656802,0.982656,0.8421421,0.983337,1.176011,1.1401024,0.8468585,0.94859296,0.8751208,1.0075202,1.0540034,1.0085266,1.1456621,0.7155187,1.0443113,1.0241553,0.7324265,0.39920783,0.98650485,1.197176,0.49947655,0.8052148,1.1716169,0.54453933,0.8384813,0.7706417,1.1216258,1.151848,0.7159338,0.48260355,0.84785056,0.97764057,1.1842183,1.0543114,1.1243432,0.94961023,1.0004115,1.275674,1.1890739,0.7432673,0.9906891,0.716715,1.145286,0.9325347,1.2222843,1.1135151,0.7591241,1.1030455,0.5814628,0.47666883,1.0048977,1.092659,0.9634605,0.97365636,0.8287662,1.0273403,0.95180184,1.0371,0.88250786,0.9693438,0.913776,1.0617647,1.198831,1.1526706,0.9946369,0.9935831,1.2257069,1.0203023,1.0841651,1.1519547,0.7618935,1.2687372,0.8928678,1.0684911,0.86626756,1.2427572,1.0989672,1.1394793,1.3071305,0.971793,1.1135957,1.0598469,0.9789956,0.97387236,1.176025,1.0524241,1.2046399,0.9691576,1.2001474,1.2009007,1.2120223,0.3512407,0.51287085,0.9878943,1.1277113,1.2597225,0.7696222,1.1611253,1.2719012,1.142546,1.2581465,0.63575304,1.2235719
apple,1.2977464,0.97251755,0.0,0.90363747,1.4776647,0.4167686,0.2969743,0.90703344,0.83147836,1.4420481,1.4809561,0.6156126,1.27804,1.423452,0.61065567,1.3959023,1.0359919,0.5541264,0.2256881,0.33052385,1.2478731,0.9794902,0.9747019,0.57299465,0.6204907,0.80706763,0.8866905,1.317824,0.94525987,1.2288957,0.6428844,1.1159616,0.88627386,1.063373,1.1827197,0.96588886,1.3930708,1.1595893,0.29334772,1.4305217,0.3350569,0.9367778,1.129051,1.2443607,1.1974161,1.3809606,1.3590398,0.73566145,1.0833035,0.6191679,1.2624843,1.1740563,0.9027145,0.3893392,0.66541386,0.9682797,0.9830324,0.8978518,0.7957877,0.4599539,0.9909309,1.1904908,0.42918426,1.1862601,1.2527819,0.5088225,1.1425594,1.3968039,1.330229,1.0674344,1.4627688,1.3134713,1.1249061,0.46299434,1.1538862,1.1877222,0.9269062,1.1858846,1.4122981,1.2363774,1.2559752,0.2082659,0.9488053,0.7932247,0.8559511,0.19639349,1.091545,1.2071761,1.4442899,1.3416054,1.36909,0.45713025,0.5169809,1.2987778,0.7285436,1.0157448,1.0660089,0.91657406,0.28725255,1.1885518,0.23021388,1.3092464,0.8220547,1.2674991,1.1244715,1.0800056,1.0913194,1.391228,1.2639959,1.2214597,1.0891429,1.3626757,0.92887414,1.3505462,0.42707062,1.2107437,0.30003774,1.2964008,1.1667013,1.2570175,1.3287517,1.282174,1.3134463,0.9178143,1.518942,0.3530035,0.6038101,0.7795735,1.3949636,0.97909266,0.34201288,1.0786662,1.1105382,0.93743247,1.1061677,1.0128336,0.4988041,1.3051479
applesauce,1.0307139,1.1855184,0.90363747,0.0,1.2283533,0.59869117,0.5969877,1.041205,0.93076324,1.0948452,1.2796264,0.921345,1.0721593,1.1487693,0.838186,1.178249,0.8041937,0.98463154,0.96301407,0.7495633,0.99208933,0.94757104,0.95041394,0.6803433,0.90695345,0.8740245,0.9120913,1.2324898,1.1679232,0.9612032,0.8271058,1.1139089,1.1369319,1.039382,0.9730617,0.94081104,1.2188579,1.1868732,0.9570965,1.2095648,0.69403064,0.9807216,1.0505518,0.8427837,1.1059849,1.0974491,1.1533259,0.77113587,1.0386736,0.64653784,1.1955162,1.1972094,1.0204768,0.8676906,0.78651243,1.0115271,1.0619568,0.68431944,1.0426958,0.8627205,0.6747321,1.2136292,0.64396846,1.188741,1.0649388,0.7630333,1.1310263,1.1014153,1.0697625,0.9306063,1.1742308,1.0937005,0.993974,0.9686541,1.2089554,1.1146733,0.9460843,1.0331402,0.86566114,0.96530277,1.0662078,1.0701059,0.89593905,0.95842206,0.9947995,0.7972932,0.99276555,1.228658,1.1719074,1.2367295,1.122053,0.9960429,1.0162022,1.0452698,0.733569,1.0769705,1.2102368,0.9792072,0.9218838,1.1233981,0.83881295,0.9099502,0.9412807,1.1392884,0.9924556,1.0315214,0.7520583,1.2247202,0.81756043,1.0660499,0.9154419,1.2062874,0.9828128,0.94253767,0.81777877,1.2040473,1.080279,0.92226833,0.5785073,1.0030777,1.1980625,1.1001089,1.1638107,0.87859017,1.1708941,0.6395086,1.0676564,1.0989187,1.0275308,0.93701506,0.6701329,1.0529346,1.1411824,0.8602481,1.0205092,0.90136063,0.93368435,1.1597232
arm,0.7982469,0.75285256,1.4776647,1.2283533,0.0,1.4444191,1.569883,0.93812156,1.4070529,0.71195006,0.485712,1.361342,1.0116959,0.5266377,1.4809426,0.66524744,1.1837072,1.3980647,1.4130487,1.5629873,0.9456598,0.9994104,1.2667089,1.5364105,1.3785079,1.3896692,1.2228631,0.5678638,1.0299429,1.0762215,1.4105452,1.0224278,1.1803098,0.97545034,0.89860153,1.0702271,0.62003285,0.7873725,1.5241176,0.7013432,1.5129037,1.1516869,1.0166832,0.7935691,0.80489933,0.67701405,0.48666108,1.291944,0.9393679,1.2852271,0.66290885,0.6439196,0.84546334,1.5192108,1.3730788,0.89802927,1.0427289,1.2745198,1.1322681,1.463903,0.9907606,0.8795515,1.4353387,0.66865975,0.52219874,1.428047,0.7948581,0.7987348,0.79710835,0.95164835,0.5029336,0.84893125,1.1803017,1.4876914,0.74078965,0.8337466,1.0038707,0.90132797,0.641658,1.0884703,0.80992585,1.412621,1.2435151,1.119659,0.983121,1.3762136,1.0227998,0.75827175,0.46276474,0.6286782,0.58237404,1.4511638,1.4569881,0.67119324,1.2431837,1.0801513,1.019082,1.218021,1.5556546,0.7285792,1.4278975,0.93050706,1.3212075,0.770478,1.0276247,0.90142703,1.058748,0.45458436,1.0260012,0.87264675,1.1842586,0.68084407,1.1893128,0.8475911,1.5175608,0.87427384,1.2853444,0.8544487,0.9108744,0.91559815,0.7054776,0.8155251,0.6987202,1.2564222,0.5683854,1.5805892,1.1102684,1.0437026,0.685804,1.2131919,1.5668421,0.9718744,0.87640685,1.2005496,1.0176057,1.263756,1.2701713,0.820544
ball,1.1061122,1.1940309,0.4167686,0.59869117,1.4444191,0.0,0.27312112,1.0737853,0.7688297,1.2959709,1.3374696,0.80007404,1.2380683,1.257112,0.69154024,1.2042565,0.8022715,0.7746194,0.57258177,0.4937498,1.1152047,0.96111757,0.95202243,0.5857228,0.7410842,0.8955599,0.7882025,1.320128,1.1056198,1.1525228,0.61011,1.2390231,0.9885258,1.0601149,1.0595336,0.8731123,1.3623828,1.2665465,0.64617115,1.3203003,0.4940976,1.0867964,1.0718486,1.1011509,1.2476952,1.3065853,1.2478038,0.7224367,1.1011332,0.47344005,1.2743695,1.2551541,1.0319166,0.6313301,0.72657335,1.0690953,1.0246811,0.75010765,0.98548025,0.66298366,0.88533753,1.1338196,0.45563853,1.2651621,1.2224004,0.61327845,1.232877,1.2374227,1.225815,0.9580061,1.3369784,1.3028635,1.0566233,0.6959704,1.2507637,1.1213388,0.8572005,1.0843058,1.2049271,1.1352322,1.094139,0.68065727,0.91044956,0.96786654,1.0589114,0.4493211,1.1771896,1.136361,1.3025329,1.3528451,1.2452381,0.7397871,0.77713454,1.2555418,0.6908158,1.0503857,1.1024437,0.86442375,0.55184317,1.1384958,0.39743257,0.9853091,0.94300514,1.3430758,0.90564734,1.152434,0.9002872,1.3636723,0.9716893,1.2013178,0.9308496,1.2526138,1.0779734,1.0422522,0.64062214,1.124431,0.67572343,1.0894649,0.9346684,1.1271591,1.2352561,1.0999389,1.3474293,0.8932509,1.3422627,0.3546242,0.90571946,1.0384737,1.2349688,0.92552704,0.3840223,1.286917,1.1007442,0.87534344,0.99072164,1.0071901,0.78705776,1.2504501
balloon,1.2437422,1.0644296,0.2969743,0.5969877,1.569883,0.27312112,0.0,1.0222089,0.7280226,1.3428369,1.5301372,0.59363526,1.207428,1.432672,0.64841366,1.362349,0.91814035,0.59629285,0.469985,0.29942024,1.1337264,1.0112239,0.94418436,0.4145155,0.6857982,0.6748627,0.9349906,1.3737239,0.9157106,1.120514,0.49226427,1.0333339,0.8254515,1.0418284,1.1247188,0.9952198,1.3963838,1.2489151,0.42946178,1.4452472,0.29589063,0.8746916,1.0491095,1.2180703,1.1594038,1.3784363,1.3809478,0.6163579,1.0789601,0.5003517,1.3139908,1.304235,0.9899141,0.3903463,0.6840403,1.0449239,0.9407074,0.8099732,0.88383484,0.51187336,0.90702784,1.215948,0.402852,1.3156081,1.3192145,0.4621889,1.2102534,1.3523641,1.2669439,1.0256712,1.4671198,1.200012,1.0610766,0.48821545,1.1976388,1.1895329,0.86621606,1.1576259,1.3000841,1.1492875,1.2549235,0.43692708,0.8067523,0.7642202,0.9220425,0.43123257,1.0426947,1.2352519,1.455164,1.4038904,1.3433702,0.5352377,0.5588145,1.3583134,0.7131151,0.8628899,1.1491275,0.93178743,0.34970784,1.2519306,0.42854822,1.1986988,0.70235527,1.2876034,1.0775379,1.1266085,0.98606855,1.4753133,1.088071,1.2134975,1.0241051,1.3167682,0.7691487,1.1843969,0.48228157,1.1565292,0.5764511,1.1576254,0.9766998,1.2350836,1.3745325,1.3036182,1.3751609,0.9070181,1.5038307,0.2591145,0.76570773,0.89935696,1.3372718,0.85783005,0.3851186,1.067907,1.1848761,0.912923,1.1175134,0.92086715,0.61701477,1.249
banana,0.94001347,0.8408725,0.90703344,1.041205,0.93812156,1.0737853,1.0222089,0.0,1.2744722,0.9260013,1.1296438,1.1399947,1.1955642,1.0435675,1.0934281,1.1314768,0.9446585,1.0955412,1.1061716,1.0132341,1.1254668,0.8527365,1.1469852,1.012517,0.8373611,1.2525518,1.0652604,0.8897355,0.9343636,1.2766054,1.1603129,1.1377827,0.9926112,1.0214627,1.028794,0.7826716,1.1366742,0.74119544,1.0239829,1.1624963,0.9076113,0.9275705,1.0880586,1.059569,1.17156,1.0406169,1.0308008,1.2122955,1.0063004,0.886047,0.9194916,0.88031566,0.7929559,0.94264436,1.2285696,1.0092322,0.96505827,0.7590186,0.9157998,1.134835,0.84147894,1.0220982,0.8296649,0.9023446,0.82348,1.0734909,1.0191298,1.0367198,1.0788423,0.7559582,1.0441366,0.8864397,1.2618649,1.2111127,0.91886544,1.0081382,0.56934536,1.0919878,0.77538776,1.176277,0.89215636,0.97318566,1.1644646,1.0277716,0.9318036,0.8830557,1.23731,0.98685056,1.0107882,0.9436004,0.98894745,1.0592359,1.056416,0.9061619,0.76531684,1.1483269,0.9316533,1.0572495,1.07768,1.0260253,1.0574204,0.98947394,1.0919169,1.1451286,1.0548905,0.9863518,1.0138136,0.9792608,1.1019595,1.1403133,1.1331964,0.98867196,1.0546392,0.8194015,1.1240163,0.92392397,0.9591347,1.0686011,0.9364493,1.0044239,1.0729424,1.0900059,1.0084257,1.2156503,1.1403749,1.0573647,0.8885393,0.7798737,0.80710846,1.2170116,0.97631466,0.8536306,0.9756867,1.2158043,1.1030065,1.2821925,1.0253936,1.1512679
basket,1.2140973,1.2746179,0.83147836,0.93076324,1.4070529,0.7688297,0.7280226,1.2744722,0.0,1.2118131,1.2162023,0.5180758,0.86438847,1.1938385,0.7641355,1.0840597,0.8931354,0.5453973,0.74674475,0.65157056,0.72241545,0.99241805,0.839241,0.5744276,0.8470442,0.48288995,0.93522483,1.2724762,0.9666381,0.7323748,0.65889883,0.82471526,1.04787,0.81195176,0.9843854,0.97728807,1.0609432,1.1126341,0.6961817,1.0673662,0.64834106,0.97283566,1.0179964,0.9496216,1.026758,1.0396243,1.2123739,0.69231135,1.2338942,0.8991568,1.2118034,1.3645712,1.2181737,0.7920644,0.7505912,1.0164298,1.160312,0.92984784,1.019173,0.7838383,0.9117482,1.2457976,0.7141434,1.3232378,1.3388059,0.7798785,1.1069562,1.3122759,1.0818752,0.98545456,1.2423728,1.0861584,0.77411294,0.60322297,1.1347106,0.98359734,1.0233951,1.1061909,1.2279899,1.0193461,1.232461,0.9217778,0.7001766,0.9116516,1.1927111,0.91404504,0.63840556,1.1245322,1.2648598,1.2903736,1.2948962,0.73151046,0.7463094,1.3179121,0.93142027,0.660597,0.8376094,0.8884171,0.6664043,1.0914258,0.78426516,1.006059,0.4608642,0.9685131,1.0348953,0.9674265,1.0117348,1.3317738,0.79294884,1.0241176,0.97963053,1.2651281,0.79842937,1.185996,0.5682503,1.2220697,0.8995377,0.91696894,1.1989427,1.2128891,1.2218972,1.1617812,1.2764384,0.8976145,1.2090166,0.6615602,1.0926683,1.1378152,1.3548198,0.7313654,0.6360661,0.9079625,1.1755778,0.7248534,1.0496479,0.786962,0.8061975,1.1075923
bathtub,0.94351995,1.2341459,1.4420481,1.0948452,0.71195006,1.2959709,1.3428369,0.9260013,1.2118131,0.0,0.525476,1.4586959,0.676174,0.82785404,1.2398055,0.70641375,0.7556367,1.26339,1.3264924,1.2231258,0.47825956,1.1430852,1.0870633,0.96579134,1.3011551,0.87982523,1.0503528,0.86263674,1.0029321,0.8626156,1.2624283,0.9616955,1.0842475,1.1350783,0.925568,1.1037612,0.6086605,1.0213977,1.4472314,0.536661,1.2629832,1.2018733,1.0606377,1.1140859,0.84792066,0.48365617,0.7851696,1.2989652,1.1133468,1.1749895,0.7223822,0.8899323,1.3237588,1.3797063,1.2641248,1.3106987,1.1628815,1.2238512,1.2968976,1.5238492,1.3427291,0.6808958,1.3615024,0.9195697,1.0964938,1.4210594,0.8966474,0.5704745,0.75309324,0.8995091,0.70261353,0.82896006,0.9266546,1.3643739,1.0318012,0.91269743,1.191777,0.8593279,0.84385324,0.8378786,0.7375223,1.4267724,1.1865889,1.414983,1.2777146,1.3215349,0.96157944,0.9403571,0.7110214,0.745429,0.6749677,1.4205525,1.3249078,0.8030712,1.3250271,1.0585293,1.0042974,1.0480683,1.3603187,0.8192762,1.4374986,0.7446585,1.1536368,0.69735134,0.85669637,1.1763822,1.0180887,0.7467843,1.0851924,0.96011436,0.97611475,0.6089647,0.8155869,0.3142919,1.4783561,0.6936729,1.2325975,0.96936506,1.0335445,0.72282726,0.7644969,0.68886554,0.7522741,1.1360784,0.45255357,1.2514436,1.457001,1.2549467,0.76416326,1.1520236,1.3436446,1.0771003,0.7506522,1.0558138,0.90109843,1.0554116,1.5016097,0.65079993
bed,0.8101176,1.118765,1.4809561,1.2796264,0.485712,1.3374696,1.5301372,1.1296438,1.2162023,0.525476,0.0,1.5224271,0.76156676,0.5988759,1.3726305,0.21111912,1.0009412,1.371448,1.3919276,1.480951,0.7251034,1.0931209,1.2329851,1.4878162,1.3295913,1.3159835,1.1041756,0.68892115,1.0525362,0.8770691,1.3413357,0.8388498,1.112324,1.076382,0.8955834,1.1595774,0.28727698,0.9289238,1.5861593,0.24532759,1.5184118,1.3210146,0.9144211,0.7564522,0.7091658,0.45752883,0.6354237,1.4055839,1.0394924,1.2900085,0.71564996,0.6811935,1.3191472,1.5320078,1.3143933,1.2999697,1.1796812,1.1967762,1.2883567,1.5743186,1.293268,0.675562,1.4749746,0.77783126,0.99064416,1.5070719,0.87410784,0.62908554,0.6251713,0.98547286,0.50447285,0.9412147,0.96789247,1.4543025,1.0359945,0.82437783,1.1954721,0.82177496,0.77027047,1.0076301,0.80123514,1.4813168,1.0603218,1.5041349,1.178508,1.3787781,0.90615034,0.56215113,0.50820404,0.70039666,0.5457157,1.552554,1.4876074,0.855664,1.3685623,0.7840475,0.9803282,1.1035584,1.5053216,0.78146976,1.4771831,0.7668669,1.2506148,0.6095688,0.8900045,1.1214863,1.0943582,0.5692569,1.0364399,0.9859618,1.12361,0.56909573,1.0585256,0.6400546,1.5627469,0.7544794,1.2479804,0.92090666,1.0323546,0.8065873,0.59462476,0.50580966,0.73128545,1.0790026,0.21301794,1.4981098,1.4568813,1.2955685,0.76491976,0.95589656,1.4445548,1.1707199,0.7763191,1.1245861,0.9240372,1.1817063,1.5692942,0.5781904
belt,1.3295811,0.84996235,0.6156126,0.921345,1.361342,0.80007404,0.59363526,1.1399947,0.5180758,1.4586959,1.5224271,0.0,1.0386328,1.2709537,0.79562634,1.4050635,0.9674084,0.44535923,0.5764414,0.5120559,1.1053026,1.1100037,0.8693599,0.6174177,0.817381,0.5883529,0.8962203,1.2507802,0.87412274,0.90804553,0.6779977,0.9486924,0.9517712,0.8488058,1.2341633,1.0369809,1.308407,1.1767554,0.36361384,1.386266,0.5593321,0.7753433,1.0366892,1.1101744,1.113852,1.3651742,1.2833102,0.62479717,1.0253386,0.8198744,1.2844071,1.3274449,0.82321626,0.5573225,0.8404725,0.7493309,0.9086546,1.0444636,0.6838501,0.40514898,0.80207455,1.3708537,0.7127101,1.2548916,1.1339232,0.54915,1.0836835,1.4111326,1.194578,1.1459345,1.2870483,0.99715763,0.9916977,0.49851704,1.0425203,1.2068875,0.9548041,1.2377894,1.3260622,1.1429057,1.2335771,0.5128679,0.7929566,0.5058569,0.8848503,0.74533594,0.8188826,1.2523144,1.3238459,1.228694,1.4229128,0.38247377,0.45665395,1.3079498,0.81441,0.76336324,0.99945265,1.0804492,0.4760545,1.247482,0.62057865,1.1865695,0.47038865,1.2002742,1.348058,0.758052,0.94725996,1.3342034,0.90831906,0.9424526,1.0075998,1.4678261,0.7788017,1.3960264,0.30337918,1.3181424,0.74899215,0.97157663,1.202757,1.314713,1.3748412,1.3523903,1.2446638,0.97211385,1.4830904,0.52965033,0.6408859,0.80534303,1.3042805,0.843595,0.5972587,0.7174276,1.2819188,0.8167069,1.1099273,0.85550374,0.24820852,1.2865157
bench,1.0269012,1.1634666,1.27804,1.0721593,1.0116959,1.2380683,1.207428,1.1955642,0.86438847,0.676174,0.76156676,1.0386328,0.0,1.0784048,1.0801488,0.8766296,0.8239304,0.98429286,1.2198876,1.1292738,0.6589784,1.2028941,0.9212291,0.99985886,1.1298738,0.74610865,0.9756526,1.0228577,1.0424024,0.39835852,1.1008852,0.79734135,0.9666488,0.92072594,1.1291876,1.1306065,0.56599057,1.1024184,1.188412,0.6181208,1.1882188,1.012704,0.97988003,0.90916187,0.7788273,0.6930837,1.0821692,1.114246,1.1231599,1.1751022,0.93070817,1.1241723,1.2551177,1.1974051,0.8647841,1.1249635,1.1470755,1.1394836,1.1588581,1.2863758,1.1596402,0.7264027,1.2638344,1.1015986,1.1806827,1.2114027,0.9789707,0.7978961,0.9175521,1.0603745,0.9147046,0.9612659,0.7178533,1.1047248,0.9400251,1.0231376,1.1850356,1.0643538,1.0243086,0.7670136,0.980437,1.2700315,0.9436084,1.1693552,1.2039278,1.2080675,0.75357157,1.0294319,1.0042605,0.9104851,1.0303116,1.1871194,1.1042981,0.9602164,1.2314032,0.807563,1.0321844,0.9149345,1.176548,0.9746732,1.2086445,0.9477757,0.78792894,0.71550035,0.96880007,1.0923746,1.1715882,0.9890659,1.0155184,0.8448827,0.90351313,1.0274235,0.8323944,0.7674183,1.1550515,1.0698062,1.2179922,0.9707658,1.2116395,0.9000682,0.8856456,0.7680533,0.81555724,0.59187406,0.55351865,1.1721171,1.2844906,1.24431,1.0641413,0.9182201,1.1621351,0.76260877,0.7933281,0.8410807,0.8767845,0.7330532,1.2547498,0.68134457
bib,0.763358,0.9884473,1.423452,1.1487693,0.5266377,1.257112,1.432672,1.0435675,1.1938385,0.82785404,0.5988759,1.2709537,1.0784048,0.0,1.3006582,0.6169351,0.98982716,1.4046438,1.3449457,1.4920506,1.0302004,0.9905201,1.2995163,1.3932227,1.19961,1.3597597,1.0570809,0.8999707,1.0850132,1.1499233,1.2229122,0.99803984,1.1217762,1.112963,0.89455813,1.0388366,0.7788409,0.9114679,1.4937714,0.7549783,1.4396372,1.1731167,1.0355524,0.7370257,1.002401,0.8566101,0.23223776,1.2583327,0.9365919,1.3417504,0.8255773,0.7010418,1.1763599,1.4476235,1.2410858,1.1517197,1.1664667,1.0781853,1.1348584,1.3363862,0.97360975,0.90808374,1.2931918,0.6900569,0.8848382,1.2448373,0.7738073,0.94202703,0.6968627,0.93791395,0.3493439,1.028333,1.1756381,1.4854337,0.9578823,0.7697355,0.98101246,0.8272581,0.6231565,1.1391243,0.8337678,1.4092765,1.1390287,1.011464,0.99703604,1.3476086,1.0819734,0.65751374,0.19921541,0.52335286,0.72387755,1.4736009,1.4700949,0.8200029,1.2337875,1.1105278,0.9285884,1.1445669,1.4096524,0.7562058,1.3460141,0.768314,1.3229725,0.9391513,1.0283153,0.69975543,1.0419025,0.21043086,0.9106552,0.66451114,1.2347918,0.7971686,1.3749545,0.78833187,1.4383101,0.94619757,1.3188689,0.8286049,1.0354285,0.9462116,0.8923937,0.7395504,0.5862465,1.0958188,0.6739625,1.4479598,1.2663903,1.1533512,0.7794607,1.0626081,1.3552525,1.1755621,0.9002558,1.0935509,0.9443199,1.3190414,1.285037,0.9159042
bird,1.0388023,1.2896302,0.61065567,0.838186,1.4809426,0.69154024,0.64841366,1.0934281,0.7641355,1.2398055,1.3726305,0.79562634,1.0801488,1.3006582,0.0,1.2426621,0.86408794,0.5963423,0.605255,0.62478065,1.0806761,0.9620611,0.7851733,0.6368097,0.60916007,0.70198286,0.80890656,1.3478861,1.0216261,0.965561,0.67711437,1.2446717,0.8133817,1.068514,1.039848,1.0545698,1.3613257,1.1144898,0.6226118,1.2599955,0.651332,0.90300786,0.91665095,1.2153338,1.2723691,1.3102494,1.3168817,0.6247573,1.1575863,0.7822682,1.1910977,1.2298322,1.1351047,0.58500016,0.6443494,1.0825185,1.0019445,0.7735585,1.0618482,0.7388836,0.98819107,1.1198969,0.6432294,1.2436292,1.3185589,0.75029945,1.1549286,1.2637123,1.2239147,1.1006745,1.3669932,1.2653673,0.7922543,0.5586245,1.161326,1.1273193,1.1715435,1.146033,1.2421267,0.910828,1.1829653,0.7121131,0.7464155,0.9818994,1.1822973,0.6960882,1.1313674,1.1268281,1.4114057,1.3621931,1.2095587,0.6581968,0.57084084,1.1221931,0.82420784,1.0065093,0.999008,0.7962737,0.52574235,1.1256636,0.6046056,1.1296477,0.92523444,1.2747658,0.7868004,1.0513732,0.97894245,1.4005009,0.9983836,1.1881996,0.8866819,1.1480371,0.8885736,1.0901612,0.6067715,0.94259655,0.7419649,1.1792319,1.0219707,0.9448019,1.25357,1.2191195,1.2135752,0.8460311,1.3698997,0.5777038,0.98510605,1.0970392,1.3593493,0.75030875,0.6010322,1.1157994,1.0142511,0.8020382,1.0050396,0.80779624,0.86850834,1.1001462
blanket,0.7365314,1.1236638,1.3959023,1.178249,0.66524744,1.2042565,1.362349,1.1314768,1.0840597,0.70641375,0.21111912,1.4050635,0.8766296,0.6169351,1.2426621,0.0,0.90049887,1.270593,1.3405545,1.3669782,0.80092263,0.91141385,1.2393342,1.3455236,1.2910327,1.2523347,1.1146737,0.7834756,1.0240841,0.9622977,1.3048944,0.86164325,1.0603788,1.1796988,0.7795296,1.0930647,0.42964423,0.81078875,1.4771931,0.55953515,1.3922286,1.2665243,0.7951069,0.74125075,0.82122505,0.6253435,0.70928246,1.3263093,1.0602424,1.1784532,0.90661186,0.8620852,1.2843002,1.3440782,1.2084947,1.2660912,1.1434113,1.0797498,1.2783642,1.4870355,1.0481938,0.829262,1.3152016,0.94195706,1.0436,1.4263046,0.96069086,0.8359581,0.51844347,0.9690981,0.5390271,0.998278,1.0335791,1.4188542,1.0711954,0.7627874,1.061301,0.8649944,0.68037724,1.092895,0.9466757,1.4236097,0.7026487,1.3705026,1.1753138,1.3098607,0.97941434,0.54582274,0.5475339,0.6773492,0.658725,1.4641811,1.3903008,0.9412266,1.2225411,0.53935874,0.9719685,1.0748237,1.3921119,0.93136144,1.3928473,0.7780193,1.2504387,0.79911524,0.80793613,0.98066443,1.1049646,0.6852151,0.8600099,0.8339061,1.143918,0.75096357,1.0835686,0.72514117,1.3865874,0.87665135,1.2024064,0.82297945,1.0227737,0.95657444,0.68964994,0.66234785,0.7548331,1.0952567,0.44616878,1.4038897,1.4034805,1.2998226,0.9014338,0.57689935,1.3317602,1.1177189,0.8964987,1.103022,1.0444362,1.2310803,1.5182395,0.76894116
boat,0.9867438,1.3435328,1.0359919,0.8041937,1.1837072,0.8022715,0.91814035,0.9446585,0.8931354,0.7556367,1.0009412,0.9674084,0.8239304,0.98982716,0.86408794,0.90049887,0.0,0.7809455,0.9780568,0.81906635,0.86678195,1.0499895,0.87182486,0.7738813,0.94568855,0.88250923,0.486309,1.1558685,1.2469748,0.9475197,0.9594528,1.2881086,1.0537525,1.1164376,1.0809128,0.9441259,1.0122933,1.1748749,0.9418239,0.9883123,0.9198853,1.2908747,1.1256822,1.0476524,1.2171669,1.007555,1.0421802,0.9894365,1.215578,0.91846454,1.1246101,1.2066699,1.2991233,0.8788031,0.9214579,1.2367349,1.2082627,0.82208467,1.2035613,1.1495566,1.0168464,0.9076333,0.71375346,1.2534609,1.2452788,1.0889229,1.2507558,0.7764135,1.0041156,0.9960621,1.0254155,0.9603865,0.89929706,1.0988264,1.2761065,1.0307676,1.0838634,1.0185987,0.897203,0.80442953,0.566907,1.2104757,0.9525086,1.2679024,1.3352236,0.9156251,1.1979082,1.0147287,1.0737432,1.1399727,0.9740392,0.9682735,0.8739974,1.0501374,1.0170327,1.0275141,1.0329568,0.9143467,0.8491969,1.0852052,1.021284,0.4951265,1.0345571,1.1828756,0.96121097,1.1152954,0.70900387,1.1855944,0.7263613,1.1023126,0.7615544,1.145193,0.92155147,0.4205147,0.93365353,1.069159,0.99041426,0.9053649,0.9773874,0.9568149,0.996668,0.7258173,1.1263068,0.7283858,0.9595007,0.807917,1.3401474,1.2973518,0.9094938,0.8954732,0.6300069,1.1029017,0.9686321,0.778273,0.811467,0.94300544,1.2251123,0.97849834
book,1.2697138,1.1236877,0.5541264,0.98463154,1.3980647,0.7746194,0.59629285,1.0955412,0.5453973,1.26339,1.371448,0.44535923,0.98429286,1.4046438,0.5963423,1.270593,0.7809455,0.0,0.4256214,0.37575877,0.79476327,1.0042406,0.79590786,0.5233176,0.7198098,0.506909,0.80139995,1.2182657,1.0479699,0.88744104,0.5568819,1.0150541,0.85159385,0.9527888,1.0775623,0.9553094,1.2111757,1.123499,0.3284434,1.3216313,0.47129595,0.9705017,1.1845994,1.2181563,1.1762483,1.1371409,1.3446101,0.6917347,1.2413116,0.7996019,1.3637184,1.3502278,1.0789783,0.45093322,0.752959,0.9613215,0.9705632,0.9623474,0.9447909,0.646978,0.97895676,1.298145,0.5459046,1.358826,1.258369,0.7893521,1.3156857,1.27497,1.2770681,1.0392473,1.4076903,0.96119875,0.86820954,0.3905512,1.257227,1.0943907,1.0523492,1.0810087,1.3491703,1.0233632,1.2347585,0.58227015,0.7131051,0.91141826,1.1404237,0.73478186,0.818266,1.2120833,1.4403131,1.4355793,1.0372865,0.35327435,0.2758537,1.3692056,0.94917595,0.69843626,1.0964768,0.98327476,0.26827925,1.2997768,0.700803,1.1751643,0.47283387,1.1407045,1.1922934,1.090877,0.86655414,1.4753462,0.95973176,1.2552984,0.9327064,1.3656037,0.5505484,1.2102631,0.41158003,1.2183062,0.585927,1.1185681,1.1632906,1.2728932,1.2489614,1.3077726,1.3674207,0.9401567,1.3438921,0.45567608,0.9018373,0.9712425,1.2202462,0.7319596,0.45243633,0.78574634,1.2543758,0.84956604,1.0388426,0.8397881,0.6998863,1.1506422
bottle,1.2886709,1.1467673,0.2256881,0.96301407,1.4130487,0.57258177,0.469985,1.1061716,0.74674475,1.3264924,1.3919276,0.5764414,1.2198876,1.3449457,0.605255,1.3405545,0.9780568,0.4256214,0.0,0.26590192,1.1250119,1.1007506,0.9117394,0.48074144,0.74034864,0.68980575,0.82899606,1.3084774,1.0235059,1.1067101,0.59661937,1.0750237,0.95921725,1.0450411,1.20664,1.0559964,1.3536297,1.2406957,0.25034153,1.3581016,0.27568805,1.0458686,1.1852446,1.2457031,1.1706929,1.3108494,1.3002313,0.68924713,1.1417154,0.7898681,1.2548482,1.2374376,1.0428332,0.4337604,0.68128026,1.0229981,0.99038756,0.999094,0.91743094,0.5040207,1.0698113,1.1566699,0.5413163,1.2678127,1.2933819,0.65567005,1.1747055,1.3165483,1.2959716,0.9947635,1.3911853,1.1612806,1.0246365,0.38514763,1.2265339,1.1789438,1.1974291,1.0952728,1.3912226,1.1523467,1.2093732,0.29478985,0.9361607,0.8940556,0.97472316,0.5346404,0.97619015,1.1770434,1.36397,1.3722216,1.2908165,0.3976226,0.46775043,1.2693024,0.90006256,1.0495065,1.0388417,0.9043137,0.24831116,1.2232352,0.4707957,1.2488278,0.8201208,1.1680917,1.1702905,1.0881761,0.9575615,1.3601791,1.1669401,1.2361969,1.0031887,1.2742623,0.7784684,1.241232,0.38086307,1.1728041,0.25609028,1.1628256,1.1986246,1.1207007,1.2580063,1.2225257,1.3017442,0.9096433,1.3848042,0.3790068,0.7697781,0.8782452,1.2473683,0.94197786,0.35378802,1.1255317,1.112389,0.8243037,1.0683922,0.9443145,0.56348825,1.1836656
bowl,1.2949598,1.1273094,0.33052385,0.7495633,1.5629873,0.4937498,0.29942024,1.0132341,0.65157056,1.2231258,1.480951,0.5120559,1.1292738,1.4920506,0.62478065,1.3669782,0.81906635,0.37575877,0.26590192,0.0,1.0137035,1.0167717,0.9561508,0.2668481,0.7254648,0.54711473,0.84554875,1.3166676,0.9733552,1.0500234,0.5384236,1.0275584,0.9283744,1.0264748,1.0962771,1.0131929,1.3561896,1.2454635,0.28766465,1.3944204,0.15470529,0.9671639,1.1000311,1.2491664,1.211054,1.2721395,1.4590478,0.6725756,1.1392041,0.56563807,1.3404446,1.3379418,1.0527902,0.30494207,0.7174309,0.9892902,1.0478151,0.8582088,0.9074285,0.52715594,0.9922422,1.2250628,0.40845108,1.3686275,1.325726,0.61144745,1.2690936,1.3037031,1.3049858,0.94925606,1.4556179,1.1343337,1.0713031,0.43690574,1.3078791,1.1688349,1.0154735,1.1099911,1.4320462,1.2058442,1.2806908,0.43927288,0.8007519,0.85660976,1.0197475,0.53570825,0.9055964,1.2536035,1.5011218,1.4357432,1.341584,0.3946017,0.3668381,1.3046296,0.7930753,0.87011003,1.142863,0.8892983,0.19389737,1.3017766,0.5538783,1.1965926,0.5632795,1.199613,1.1622579,1.1253679,0.9805232,1.4998598,1.1043077,1.2975175,1.0048376,1.3357453,0.53031087,1.2074623,0.3678255,1.2066245,0.38592052,1.1814395,0.9962694,1.1724902,1.3436184,1.2517734,1.416275,0.9428411,1.451168,0.20112222,0.80940056,0.8865375,1.3356426,0.8356029,0.34044397,0.919249,1.2287512,0.9198135,1.0923537,0.9544667,0.5866408,1.2215943
box,1.0138139,1.1996126,1.2478731,0.99208933,0.9456598,1.1152047,1.1337264,1.1254668,0.72241545,0.47825956,0.7251034,1.1053026,0.6589784,1.0302004,1.0806761,0.80092263,0.86678195,0.79476327,1.1250119,1.0137035,0.0,1.0392016,0.93950945,0.7583052,1.119235,0.55689096,1.0313975,0.98979795,1.1416531,0.6593065,1.0315628,0.7772907,1.0240827,1.0575238,0.9248922,1.02944,0.6565794,1.0049224,1.2067459,0.682796,0.9899535,1.0897136,1.1851913,0.8799554,0.8139521,0.23608088,1.033658,1.0994687,1.2057518,1.0087513,1.0674495,1.0735719,1.2790712,1.2008243,1.025404,1.1534439,1.1580927,1.0914414,1.2467384,1.2768099,1.068343,1.0219538,1.1021222,1.0970081,1.1349626,1.1905186,1.1189523,0.95687544,0.84714264,0.8029016,0.9657102,0.9289054,0.79581535,1.010047,1.2324674,0.8279743,1.1325176,0.8370582,0.9764998,0.90140337,1.0342739,1.2915226,0.87823784,1.2758286,1.1961824,1.1898341,0.6557803,1.0137607,1.0049993,1.0676999,0.8267585,1.1965013,1.1317883,1.0880929,1.1691381,0.76491976,1.0793132,0.9968956,1.1206716,1.0457181,1.2239457,0.80073035,0.75041145,0.6742213,1.0007275,1.1681368,1.0326859,1.0185698,0.8974749,1.0134408,0.99895704,0.9995355,0.73706806,0.7352035,1.1349789,1.109874,1.1642799,0.98293597,1.0476574,1.0176392,0.9247716,0.98180693,1.0630774,1.0578657,0.66755843,0.99754155,1.3335099,1.284831,0.98310715,0.8748503,1.0144299,0.8853028,1.0117882,1.010072,0.9621642,0.9067868,1.2509072,0.83517194
bread,0.84165514,0.98341465,0.9794902,0.94757104,0.9994104,0.96111757,1.0112239,0.8527365,0.99241805,1.1430852,1.0931209,1.1100037,1.2028941,0.9905201,0.9620611,0.91141385,1.0499895,1.0042406,1.1007506,1.0167717,1.0392016,0.0,1.2137063,1.0925552,0.9720313,1.1301103,1.0749867,0.945768,1.028427,1.1786417,1.0104216,1.0854243,0.9621366,0.8430457,0.20283669,0.7022233,1.1053606,0.6605497,1.066798,1.1226804,1.0562216,0.89677906,0.8861748,0.96947646,1.1835923,1.0218996,0.99026245,1.0696578,0.88701475,0.98799294,1.0207818,1.1089995,0.98126006,0.8961043,0.993952,0.9892579,1.034059,0.8489312,1.0868198,1.0705525,0.75219065,1.2815282,0.88082254,1.0640175,0.93362,1.0109583,1.0702062,1.218471,0.96435237,0.9159163,1.0181692,1.0698924,1.1160133,1.1974452,1.0302432,0.94722116,0.81495833,0.9918566,0.85795003,1.1879271,1.0849577,1.0332623,0.8230991,0.9731166,1.0410824,0.96773434,1.0312907,1.0078737,1.0496613,1.0236449,0.9298776,1.1120135,1.0608455,1.0412353,0.7277081,0.95325005,0.8953857,1.0782926,1.0055213,1.0819334,0.9686911,0.9906029,0.9873242,1.090705,0.8016207,0.9412628,1.1095772,1.101535,0.7866544,1.0282836,1.2272893,1.0654762,1.1355054,1.1205254,0.99769884,1.0440986,1.0183649,1.098373,0.67415345,1.1647809,1.0876937,1.1981514,1.0652097,1.2424014,1.1754435,1.0389173,0.9926235,0.95474017,1.0359937,0.8172911,1.0403482,0.8498286,1.1680437,1.1480627,1.0804434,1.2885157,1.0543495,1.2172797
broom,1.0999383,1.237254,0.9747019,0.95041394,1.2667089,0.95202243,0.94418436,1.1469852,0.839241,1.0870633,1.2329851,0.8693599,0.9212291,1.2995163,0.7851733,1.2393342,0.87182486,0.79590786,0.9117394,0.9561508,0.93950945,1.2137063,0.0,0.7710934,0.78374314,0.649832,0.8851509,1.0373552,1.1236421,0.5938607,0.7985096,1.0244732,1.0656953,0.9534013,1.2016728,0.9417102,1.1669762,1.2026738,0.7321394,1.0331101,0.9037431,1.0341957,1.1400445,1.1960759,0.8747965,1.1560184,1.3175387,0.82741183,1.1982701,0.9317709,1.1921163,1.2873958,1.1057826,0.89070886,0.8439895,1.006358,0.8177301,1.0011698,1.0723507,0.8200469,1.1425619,1.0910826,0.9568766,1.3085144,1.227098,1.0672501,1.1697762,0.6734218,1.185288,1.0877414,1.3333759,0.77979183,0.41908407,0.4530115,1.0045944,1.2248064,1.2000484,1.1017286,1.2898241,0.30332226,1.0287629,1.0172033,0.8880269,1.0191997,1.1880738,0.9748636,1.0202106,1.278981,1.3899992,1.2830155,1.155419,0.5854081,0.64406264,1.1343521,1.0169779,0.9985633,1.1379982,0.7964939,0.833465,1.0469323,0.927773,1.0429004,0.8908308,1.0484792,1.0557972,1.259938,0.6193776,1.3482275,1.0122954,1.0940274,0.19336402,1.1279839,0.8363257,1.036233,0.86541843,1.0826212,0.94405603,1.0390016,0.9900358,0.8901365,0.8575226,1.0453871,1.2233148,0.7307321,1.0987394,0.81505865,1.1217222,1.1820306,0.9847034,0.93518806,0.82445145,1.0911288,1.0710152,0.661466,1.0230893,0.13682103,0.99201715,0.95408547
bucket,1.2282159,1.2610995,0.57299465,0.6803433,1.5364105,0.5857228,0.4145155,1.012517,0.5744276,0.96579134,1.4878162,0.6174177,0.99985886,1.3932227,0.6368097,1.3455236,0.7738813,0.5233176,0.48074144,0.2668481,0.7583052,1.0925552,0.7710934,0.0,0.72127193,0.2869053,0.8798161,1.3771257,1.0618393,0.82560205,0.5797834,1.0224805,0.99072576,1.0337827,1.1005075,0.95991594,1.3081012,1.3082242,0.49689257,1.2854874,0.16168714,1.0039858,1.1805623,1.1619389,1.1283394,1.2032044,1.4134074,0.6764878,1.2236415,0.6174954,1.3860521,1.4047604,1.123959,0.54595584,0.70625937,1.0169249,1.0290384,0.8859173,1.0129323,0.7131401,0.8844817,1.268926,0.47281188,1.4069124,1.3511863,0.69748414,1.296268,1.2470844,1.2194054,0.78071606,1.4183122,1.0811735,0.8725717,0.47278,1.2484326,1.1022652,1.0754123,1.0700756,1.2690799,1.0215353,1.2468584,0.7088703,0.7012263,0.91208553,1.1263143,0.65773094,0.9007458,1.3122104,1.4148757,1.370241,1.3698686,0.596746,0.58265585,1.2482471,0.8483588,0.86321324,1.2000049,0.8655956,0.45874536,1.2132599,0.6127384,1.0716375,0.63128453,1.1453173,1.122643,1.0683509,0.9238335,1.4381963,0.9859525,1.1180046,0.86836314,1.3284873,0.6234333,1.0011396,0.49011892,1.2396175,0.72022974,1.015519,1.0164089,1.1013831,1.3301506,1.2661885,1.3334877,0.8793243,1.3508089,0.27970248,0.9565071,1.078069,1.2443626,0.77742636,0.38763052,1.0086299,1.2013161,0.7685158,1.1079115,0.76071537,0.73350227,1.2009722
butterfly,0.9258957,1.1880764,0.6204907,0.90695345,1.3785079,0.7410842,0.6857982,0.8373611,0.8470442,1.3011551,1.3295913,0.817381,1.1298738,1.19961,0.60916007,1.2910327,0.94568855,0.7198098,0.74034864,0.7254648,1.119235,0.9720313,0.78374314,0.72127193,0.0,0.849673,0.91957927,1.2579076,1.0808939,1.0077418,0.66712886,1.1651368,0.9697767,1.0191907,1.0875674,0.85200953,1.266597,1.130449,0.62747574,1.2097087,0.6719761,0.83034253,1.0192459,1.0681337,1.1425602,1.2510929,1.2254715,0.7184176,1.0457301,0.8613287,1.2522182,1.1803637,1.0157512,0.58764166,0.7261868,0.959883,1.0085208,0.49043703,0.9758718,0.72812915,0.8671371,1.1754931,0.5499736,1.1653304,1.2071434,0.77046114,1.1544733,1.1911173,1.2770846,1.0167453,1.3281442,1.228344,0.92877424,0.5906062,1.136415,1.1844447,0.9376525,1.1892494,1.1766104,0.9968335,1.1898896,0.7650448,0.8892914,0.9251379,1.1150178,0.71698517,1.1010543,1.0632377,1.3351792,1.2600677,1.2119907,0.67624295,0.66619325,1.2052579,0.77731985,1.0184523,1.0618362,0.77654445,0.60480976,1.1019499,0.60717,1.1720642,0.8441662,1.2341223,1.1083957,1.0622493,0.87869614,1.3128045,1.1104028,1.1972935,0.90870017,1.2619748,1.0139068,1.1577196,0.69647115,1.1434509,0.7842641,1.2410135,1.0952088,1.0459827,1.2273091,1.1819038,1.2142239,0.91227955,1.3497665,0.66998553,0.8992475,0.99518657,1.2096627,0.9301102,0.53020537,1.0568676,1.0775144,0.9172793,1.0239819,0.850571,0.82825446,1.213258
can,1.2380913,1.2369187,0.80706763,0.8740245,1.3896692,0.8955599,0.6748627,1.2525518,0.48288995,0.87982523,1.3159835,0.5883529,0.74610865,1.3597597,0.70198286,1.2523347,0.88250923,0.506909,0.68980575,0.54711473,0.55689096,1.1301103,0.649832,0.2869053,0.849673,0.0,0.9299246,1.3996189,0.8656304,0.5564593,0.6643373,0.7467827,0.9293303,1.0454689,1.0978645,1.0986371,1.0138444,1.2760404,0.66940963,1.0326943,0.50709057,0.87580323,1.0407382,1.132993,0.85261095,1.0555831,1.3493837,0.62454575,1.2486527,0.8618649,1.1851372,1.3729206,1.1824843,0.7047824,0.74219626,0.98715734,1.0700613,1.1134473,1.0666981,0.8046818,1.0219203,1.2232206,0.7979319,1.3364575,1.3382605,0.77448726,1.1206349,1.2424787,1.0658731,1.0283586,1.2824004,0.9650458,0.6391907,0.43750405,1.1776643,1.0900295,1.1964475,1.1144226,1.3861089,0.8295127,1.2986027,0.876977,0.66099274,0.88123995,1.1538994,0.86796314,0.5440211,1.3133327,1.3637011,1.2201345,1.3224902,0.68380547,0.64148957,1.3023927,1.0280637,0.67114127,1.1110466,0.9141768,0.61648154,1.1020677,0.80429834,1.1517102,0.43246484,0.77861845,1.1483332,1.0493083,1.065593,1.3318557,1.0475489,0.9220028,0.88372624,1.2391526,0.42623478,1.1184866,0.6386689,1.2094561,0.90676105,1.1074226,1.1432918,1.2019587,1.337182,1.2739699,1.2042968,0.88374656,1.1762605,0.5594865,1.0630808,1.1680863,1.3221093,0.71519375,0.7304398,0.82757026,1.1256559,0.737133,1.0383241,0.55589116,0.8199202,0.9078157
car,1.0382907,1.2315313,0.8866905,0.9120913,1.2228631,0.7882025,0.9349906,1.0652604,0.93522483,1.0503528,1.1041756,0.8962203,0.9756526,1.0570809,0.80890656,1.1146737,0.486309,0.80139995,0.82899606,0.84554875,1.0313975,1.0749867,0.8851509,0.8798161,0.91957927,0.9299246,0.0,1.1975555,1.1626688,0.96169025,0.92857754,1.1827099,1.0710995,1.0186003,1.1124318,1.0616857,1.1689705,1.2018152,0.9114762,1.071672,0.9123157,1.1396073,1.088288,1.0459025,1.1578232,1.1453269,1.0961103,0.89783657,1.1394691,0.9296887,1.1619604,1.0847555,1.1314273,0.94328696,0.79607785,1.0947931,1.1512164,0.930678,1.0709482,0.9627969,1.0773897,0.94886863,0.84948546,1.0943748,1.1367579,0.9328628,1.1666791,0.9253243,1.1301718,1.0026785,1.1435316,1.1311722,0.8976572,0.9156946,1.2322594,1.1125871,1.1910967,1.0486166,1.1219457,0.8863101,0.4402628,1.0042672,1.0248208,1.1531624,1.142922,0.84084845,1.0893368,1.0924132,1.1627812,1.1915325,1.0388131,0.91955566,0.8702605,1.103025,0.9644218,1.161612,1.091473,0.8316123,0.80760044,1.1092553,0.8606635,0.4605298,1.0360056,1.1406878,0.94856596,1.1648437,0.83041847,1.1590642,0.88032824,1.1375949,0.8638752,1.1301835,0.9687556,0.9102237,0.8435493,1.0885612,0.9218167,1.07578,1.0154709,0.994837,1.0917327,0.8838113,1.1342562,0.7284933,1.0618092,0.7938857,1.1269919,1.1744221,1.0152981,1.0101924,0.6340638,1.1411208,0.9529417,0.85937655,0.2865975,0.87808526,1.031205,0.9250566
carrot,0.87832475,0.84630996,1.317824,1.2324898,0.5678638,1.320128,1.3737239,0.8897355,1.2724762,0.86263674,0.68892115,1.2507802,1.0228577,0.8999707,1.3478861,0.7834756,1.1558685,1.2182657,1.3084774,1.3166676,0.98979795,0.945768,1.0373552,1.3771257,1.2579076,1.3996189,1.1975555,0.0,1.0825741,1.0746193,1.278615,1.060658,1.1263165,0.89808667,0.90170157,0.9587038,0.7729595,0.6244167,1.2218128,0.87114686,1.333648,1.138683,1.0110033,0.95598537,0.84605646,0.73302937,0.88479996,1.3029773,0.98590237,1.0500478,0.8459374,0.8174734,0.8201493,1.2777745,1.34745,0.98885477,0.8892527,1.1168337,0.974093,1.2882705,1.0353001,0.90984374,1.236288,0.8857281,0.69928247,1.4031101,0.9947163,0.65842634,0.9755038,0.9308928,0.83627784,0.66958606,1.1827455,1.296567,0.91035974,0.8389294,0.88970137,0.9184445,0.79402447,1.0601956,0.8970165,1.2370718,1.1786724,1.1597743,0.9137046,1.2455461,1.1583457,0.81611735,0.83516157,0.9683582,0.6969067,1.1639351,1.202806,0.9194809,1.0949641,1.0321727,0.9676929,1.1362722,1.3306639,1.0141249,1.2913113,0.9155708,1.2408266,0.93982375,0.9702618,1.1095402,0.85001254,0.84431565,0.979011,1.1580755,0.8282409,0.7948978,1.1231141,0.96390766,1.3161042,0.89651823,1.1877892,0.8448261,0.89591265,0.97293144,0.25341254,0.9114453,0.9444438,1.244001,0.77738833,1.3553467,1.0538806,0.96756744,0.6498768,1.1840335,1.3187853,0.91402155,1.019939,1.1629508,1.0997524,1.0985626,1.1841983,1.0484991
