,alligator,ankle,apple,arm,ball,balloon,banana,basket,bathtub,bed,belt,bench,bib,bird,blanket,boat,book,bottle,bowl,box,bread,broom,bucket,butterfly,can,car,carrot,cat,chair,chips,clock,closet,cloud,coffee,comb,cookie,corn,couch,cracker,crayon,crib,cup,dog,doll,door,drawer,dress,duck,ear,egg,elephant,face,finger,fish,flower,foot,fork,frog,glass,glasses,glove,grass,gum,hair,hamburger,hand,hat,horse,hose,jacket,jar,jeans,knife,ladder,lamp,leg,melon,milk,mitten,mop,motorcycle,muffin,nail,napkin,necklace,nose,orange,oven,owl,pajamas,pants,paper,pasta,pen,pencil,pickle,pillow,pizza,plant,plate,pony,pumpkin,purse,radio,refrigerator,rock,rooster,sandwich,scarf,scissors,shirt,shoe,shorts,shovel,shower,sink,slide,slipper,snow,soap,sock,soup,spoon,sprinkler,stick,strawberry,stroller,sweater,swing,table,tape,toe,tooth,toothbrush,towel,toy,tray,tree,tricycle,truck,vacuum,watch,window,zebra
alligator,0.0,1.3379453,1.4653236,0.68404937,1.1894771,1.3484013,1.1106002,1.3023674,0.61597097,0.5642873,1.494345,0.878278,0.60433877,0.5046583,0.5838083,0.47303343,1.3909953,1.4811367,1.4031433,0.93665993,1.455889,1.2579339,1.1634707,1.2886946,1.3504494,1.3383714,1.1611676,0.9389356,1.0725576,1.0167682,1.4698402,0.83456874,0.9585885,0.95511186,0.78631294,1.0786433,1.2276456,0.7476973,0.85784876,1.5184461,0.6570642,1.5638247,0.8970516,0.9601449,1.0029131,1.0976506,0.7046787,0.625885,1.0577548,1.2309045,0.6427588,0.7376257,1.3339324,1.3537657,1.169196,1.0528306,1.1675245,0.4667945,0.886297,1.4708536,1.1756563,0.60510635,1.4778113,0.8340938,0.9930461,0.94440556,1.403311,0.5810637,0.74468035,0.75589955,1.3013442,0.62758374,1.4143298,1.0139599,1.5243278,1.0002226,1.1104628,1.0483238,0.7011231,1.1121919,0.8352045,1.0423172,1.4717534,1.0597752,1.4067222,1.1000082,1.3396268,1.029853,0.99227184,0.6403879,0.7359215,0.7513257,0.84367764,1.4848061,1.4551071,0.80832803,1.2616746,1.1901245,0.9322642,1.4305809,1.0292876,1.3370528,0.9894638,1.24756,0.9631309,0.76559865,0.56311023,1.3460124,1.0338236,0.81138754,0.6297114,0.956815,0.87700987,0.94046664,0.70348954,1.1399733,0.3741393,1.5293752,0.66098773,1.2881446,1.0969791,0.81967175,1.204632,0.53463703,0.93846583,1.38767,0.9392724,0.6863446,0.69829935,0.5920813,1.4852377,1.4743643,1.3651887,0.7685817,1.2849019,1.2379419,0.899042,0.7393846,0.9788797,1.0355399,1.077789,1.5198231,0.941731,0.68974495
ankle,1.3379453,0.0,0.62032676,1.1794126,0.72454715,0.5165591,0.97048944,0.92844015,1.2532566,1.4198353,0.50329375,1.0974758,1.3039718,1.1404254,1.213665,1.0654469,0.70812964,0.7224054,0.7912935,1.1283683,0.70717055,0.965315,0.8732749,0.696741,0.7146698,0.6665654,0.90614796,0.9638976,1.0708457,1.2576201,0.58719784,1.3158796,1.0529792,0.99265015,1.0506037,0.84157854,0.6758222,1.2281549,1.2259794,0.6257471,1.4242477,0.595247,1.0197872,1.0678574,1.200099,0.9410104,1.1739693,1.065881,0.98403734,0.7446146,1.1788623,1.3254861,0.71097165,0.5969321,0.9848278,0.9629283,0.878164,1.1471895,0.9180914,0.6337707,0.68807656,1.2049996,0.57103866,1.157318,1.0363089,1.0869675,0.54062986,1.292073,1.1289711,1.13388,0.9183696,1.1612812,0.6515523,1.2353299,0.6530417,1.0420777,0.9712855,0.9926075,1.0798728,1.0486379,1.0124476,0.89229,0.65580183,0.9185611,0.633558,0.9991054,0.67789173,1.1724019,0.9085273,1.3253438,1.1160192,1.2865202,1.3818942,0.63361204,0.68579257,1.084176,0.75943404,1.0395848,1.2029047,0.7320865,0.91305435,0.74718034,0.9782754,0.97094685,1.2323414,1.236489,1.2252392,0.62666714,0.8455323,1.0923189,1.310969,0.9860022,0.9414395,1.135091,1.3282638,0.7929188,1.2730503,0.56647766,1.2526735,0.7850828,0.8736357,1.1787993,0.87068504,1.3007329,1.1883332,0.7787075,1.1306715,1.2451193,1.2185955,1.3790847,0.6289162,0.658411,0.7941486,1.1587363,0.7942288,0.7635664,1.1861526,1.2570639,1.0329792,1.0136751,1.1093955,0.57300663,1.2553196,1.2591832
apple,1.4653236,0.62032676,0.0,1.408665,0.4940257,0.4110546,0.6981009,0.8958154,1.4860134,1.4894781,0.6282202,1.3105989,1.4281579,1.0878719,1.4391373,1.3216774,0.6781593,0.3717364,0.5387111,1.3218088,0.21526742,0.89894986,0.8272338,0.5404184,0.987835,0.57106483,0.881095,1.0126917,1.279011,1.0275851,0.4886762,1.4167035,1.1033908,1.1102219,1.3478087,0.7873778,0.80922186,1.4625845,1.1475104,0.3233677,1.4870319,0.34809095,1.0209566,1.1176587,1.3020499,1.2329261,1.3294356,0.9683506,1.0173512,0.57020676,1.3648642,1.2424283,0.80214834,0.2689209,0.77832454,1.1192911,1.0105036,1.0133362,1.0496669,0.44694096,0.87941694,1.270416,0.3759188,1.2241071,0.75710547,1.2174834,0.49933052,1.3726729,1.2538282,1.3452704,0.6775828,1.4768431,0.6040305,1.2441761,0.46396804,1.2150369,0.64028937,1.0477874,1.3530825,1.1435971,1.0004303,0.83368874,0.27047837,1.0965304,0.7479576,1.0007619,0.15542805,1.334003,0.8286083,1.4724832,1.4235642,1.3774526,1.2513242,0.43803585,0.5047842,1.3298018,1.0405126,0.67318684,0.9932899,0.5109799,1.0291249,0.33644855,1.1201693,0.98987657,1.342969,1.2030885,1.249429,0.7311872,1.1525164,1.1213393,1.4716549,1.2314675,1.3161266,1.1355953,1.3674712,1.1039312,1.4284143,0.32186425,1.2890608,0.8364982,1.0354227,1.1087558,0.9602764,1.2974032,1.1926986,0.27360147,1.2869624,1.4008694,1.2133789,1.4615296,0.3418252,0.5382595,0.613787,1.4057535,0.9392234,0.4617362,1.2741407,1.0827885,1.0761082,1.046138,1.114446,0.3895175,1.3322042,1.356318
arm,0.68404937,1.1794126,1.408665,0.0,1.4420336,1.4761069,1.2132711,1.3787423,0.78572583,0.69992423,1.0875903,0.97538644,0.5902312,1.1427703,0.69840664,1.0181413,1.2917683,1.4696791,1.3296309,0.9766626,1.3628892,1.3304074,1.365722,1.3162253,1.2116787,1.456014,0.73021257,1.0799263,1.1035341,1.2112741,1.3388948,0.8682796,1.1090951,0.94202936,0.7941459,0.9520657,0.90233433,0.66336226,0.7984467,1.3144672,0.7779664,1.416717,1.0440962,1.0908136,0.83894575,0.6993624,0.65831995,1.2051861,0.86725074,1.0938474,0.7431716,0.70802194,0.7331863,1.4210783,1.2735187,0.49222946,1.095368,1.0817007,0.7219127,1.1672391,0.88547444,0.89824975,1.2638305,0.6891243,1.0615073,0.4293183,1.3141346,0.5904262,1.0282154,0.75654125,1.3717973,0.49895787,1.0715398,1.143414,1.4837501,0.5642926,1.183337,1.1293303,0.6052964,1.1911564,1.2241478,1.1798477,1.2479725,1.0755323,0.9491511,0.8052814,1.2674813,0.7748196,1.4274688,0.5361772,0.5720351,0.66471064,0.9180001,1.2600191,1.1436685,0.71167845,0.90308255,1.2157959,1.154223,1.3497019,1.073298,1.408434,1.2416767,1.2162821,0.79678386,1.0556734,1.0205069,1.2364986,0.9236195,0.9730807,0.45788848,0.97049487,0.6293817,1.2162275,0.74213,1.0437456,0.8517617,1.3128076,0.87250584,1.2491325,1.092983,0.94282997,1.1797462,0.9735652,0.9884907,1.3168397,1.021305,0.64458126,0.8684069,0.66174483,1.508922,0.9153304,1.0178186,0.6678901,1.2071307,1.5192928,1.0185934,0.9481088,1.1330065,1.1924613,1.2424033,1.1758263,0.97101176,0.7114192
ball,1.1894771,0.72454715,0.4940257,1.4420336,0.0,0.32565218,0.90767753,0.69823045,1.2715176,1.2872608,1.0073819,1.1736294,1.27292,0.8292914,1.2422056,0.99368954,0.8405676,0.613058,0.8053102,1.130275,0.67366874,0.84963024,0.67412883,0.74747103,1.0262688,0.6527844,1.1607269,1.0232301,1.1164979,0.9654237,0.6885711,1.2954998,1.0498091,1.1952724,1.2277441,1.0650318,1.0932758,1.3427608,1.2505286,0.76387644,1.3135867,0.71365607,0.9813943,0.8633977,1.2909608,1.3881512,1.308404,0.8516904,1.1210147,0.5642748,1.2583013,1.2215143,1.0570923,0.7126644,0.7702863,1.2218449,1.1123796,0.90898234,1.1901076,0.9250844,0.916131,1.0781384,0.696596,1.273482,0.89178056,1.1934714,0.68316686,1.2906269,0.90395397,1.2130353,0.7959573,1.3803706,1.0553702,1.0874557,0.63705075,1.2988372,0.61477065,0.90602267,1.0804201,1.0119865,0.8999027,0.8829936,0.73909354,1.043067,1.0457401,1.1717632,0.599676,1.286709,0.69044995,1.3370421,1.3585329,1.2075442,1.1734449,0.8620712,0.953748,1.2984352,1.1114488,0.847975,0.92604864,0.85902363,0.96136075,0.2657174,0.78928226,0.77410054,1.3079281,0.98024535,1.0079609,0.957291,1.1202741,0.9455746,1.3580253,0.9386479,1.2797952,0.93976784,1.2680957,1.1781998,1.1027411,0.699527,1.0688711,0.80017185,0.7888567,1.0566417,1.0400057,1.0395663,0.9933193,0.7108054,1.0873785,1.2735577,1.0087676,1.3265281,0.41834104,0.89592475,0.98143333,1.1963785,0.9348153,0.4234931,1.1035324,1.0656576,0.86475307,0.9353762,0.92371696,0.8140821,1.1818763,1.2231777
balloon,1.3484013,0.5165591,0.4110546,1.4761069,0.32565218,0.0,0.83772516,0.78573364,1.2837565,1.4728583,0.7855945,1.2080418,1.4163089,0.9697854,1.3141673,1.0333437,0.7202893,0.55314463,0.6540047,1.1330622,0.6066616,0.8365094,0.5921134,0.59825253,0.8138492,0.64609414,0.98702705,1.0049598,1.1376842,0.9679681,0.5442638,1.3988478,0.9410005,0.9458333,1.2023532,0.8896651,1.0004324,1.4149258,1.2416679,0.63111115,1.4466237,0.51382667,1.0701983,1.0304259,1.2111509,1.251946,1.3236923,0.89237446,1.0747005,0.49963534,1.3625479,1.3276538,0.9333959,0.47474718,0.83383524,1.2322401,0.9534784,0.9962753,1.0596097,0.77204376,0.880036,1.1869621,0.50878966,1.3086706,0.8911332,1.2408257,0.6030345,1.4116247,1.0153732,1.2909563,0.7537756,1.4519259,0.84452647,1.1484596,0.5121807,1.2311416,0.6625381,0.96872115,1.1951044,1.0007433,0.9489752,0.80472887,0.6365551,0.9238292,0.85494137,1.0673035,0.5628189,1.2454543,0.758862,1.4703035,1.4392304,1.2426418,1.221624,0.6734786,0.78229874,1.2255871,0.9258505,0.87879026,1.036128,0.68005025,0.9785556,0.48089874,0.895852,0.8620696,1.3088706,1.123485,1.1642675,0.75354946,1.1402245,1.08082,1.4787983,1.0552202,1.3053131,0.9985327,1.3260652,0.946873,1.202918,0.64360785,1.1531779,0.7704617,0.84245086,0.986432,0.8856021,1.1952022,1.0485734,0.6268242,1.192735,1.3982103,1.1661873,1.4408128,0.30301344,0.8100193,0.85774666,1.2027105,0.80631995,0.4749545,1.1248522,1.1746299,1.0316213,0.9961846,0.99672985,0.69891584,1.1518195,1.3780556
banana,1.1106002,0.97048944,0.6981009,1.2132711,0.90767753,0.83772516,0.0,0.93237627,1.1870464,1.2512288,0.9786595,1.1818786,1.1982967,1.0087464,1.1794697,0.96359676,0.8100688,0.85383147,0.81790054,1.0665069,0.66303265,0.87710005,0.82276404,0.91501033,1.0281439,0.89419496,0.85542786,1.0572933,1.1781627,0.64533305,0.94619226,1.1760691,1.0680861,0.8846017,1.171137,0.7990978,0.96001905,1.2207055,0.827783,0.8851436,1.2326608,0.87678945,1.0903674,1.0014709,1.2183061,1.1116196,1.1545819,0.967932,1.0218663,0.8110026,1.2149775,1.1086614,1.0142237,0.7026491,0.98256505,1.027392,0.8822987,0.8856563,0.8879858,1.0147675,0.9792762,1.2022421,0.7598874,1.1910897,0.5742823,1.0621527,0.98454946,1.2767467,1.0328203,1.2331399,0.86275095,1.2221657,0.92518425,1.102797,0.9045701,1.1518018,0.4947046,0.9520109,1.1346394,0.9739402,1.037864,0.7441071,0.98849314,0.87634206,1.0521457,1.0600287,0.74947727,1.1865019,0.8457438,1.2771153,1.2868992,1.1161534,0.8618165,0.9071704,0.94245887,0.9523955,0.9854819,0.8168701,0.94942755,0.6912374,1.012414,0.88529027,0.9426419,0.94798297,1.1864936,1.0650254,1.1124144,0.9776924,1.0968357,1.0284367,1.2767463,1.0242244,1.2334425,1.0120444,1.2546191,1.0278693,1.1040537,0.90799034,1.1888651,0.97382796,1.0027161,0.89453244,0.8219886,1.1793303,1.0981361,0.9191533,1.125278,1.2773769,1.1323259,1.2546525,0.7418077,0.9531186,0.92310125,1.0843127,0.89352727,0.7496832,0.9231582,1.0202591,1.0325708,1.0836449,1.0094155,0.98497117,1.200293,1.176091
basket,1.3023674,0.92844015,0.8958154,1.3787423,0.69823045,0.78573364,0.93237627,0.0,1.1396527,1.1481575,0.7793522,0.8918565,1.2971385,1.01341,1.1028727,1.0870928,0.60556936,0.5895368,0.73509884,0.73501587,0.8782935,0.73513836,0.68435735,0.84872806,0.56909436,0.7437811,1.1742183,0.9040924,0.7048509,0.86557066,0.6396229,0.98269176,1.0295603,1.1395562,0.95176804,1.1953521,1.2384177,1.0414007,1.1428475,0.7793185,1.0248733,0.66335356,1.0037099,0.85759246,0.9706864,0.94731706,1.3507981,0.95023346,1.1641372,1.0290852,1.2143143,1.285154,1.1554211,0.9090494,0.7790263,1.259368,0.9621669,1.1486863,1.2786233,0.97804236,0.909745,1.2158104,0.8864418,1.3495352,1.0866876,1.2773151,0.8716559,1.372668,1.037829,1.1955049,0.67700106,1.3468267,0.8916855,0.71448004,0.5738832,1.1620462,0.9872318,0.8492847,1.1599541,0.82908815,1.0275468,1.0311664,0.92384714,0.85982877,1.060107,1.3081372,0.96816957,0.834216,0.81258523,1.2859418,1.3073493,1.1255207,1.0545435,0.8257706,0.90285176,1.2817338,0.73233306,0.80663157,0.9191169,0.7505981,0.8957487,0.6813955,0.6586311,0.6344882,0.95983243,0.92920434,1.0899109,0.7602827,1.0912287,1.0590281,1.3410777,0.87965167,1.2518444,0.9091546,1.1674097,0.8152034,1.2184939,0.76756585,1.141343,0.8880018,0.6048046,1.1108202,0.98005277,1.1566542,1.051712,0.9240536,1.0194416,1.2639937,1.2510424,1.2753855,0.6722576,1.0438488,1.057026,1.2965237,0.55449975,0.6735973,0.8774253,1.0985228,0.93369657,0.86494243,0.8392258,0.86492544,0.84359246,1.2013973
bathtub,0.61597097,1.2532566,1.4860134,0.78572583,1.2715176,1.2837565,1.1870464,1.1396527,0.0,0.47856843,1.3694465,0.68327546,0.76719844,0.9971283,0.5884938,0.45526087,1.2185194,1.4034832,1.1050757,0.31299675,1.550525,1.1582854,0.70120287,1.3724245,0.73840976,1.233603,1.2473726,1.0372247,0.8082075,1.0266871,1.4264454,0.6215228,1.0129613,0.8650556,0.86805487,1.1075279,1.2943575,0.5505465,1.0985191,1.4466999,0.49676186,1.4017795,1.1945074,1.2147616,0.7247019,0.8651422,0.85986364,1.060641,1.1395512,1.2652014,0.67149705,0.81284237,1.360786,1.4041269,1.164934,1.0973324,1.1656821,0.94149864,1.0623127,1.4507992,1.3508816,0.70986605,1.4911366,0.8872725,1.1985674,1.0433196,1.3572953,0.7500812,0.9281332,0.7056873,1.2262434,0.6349503,1.3331811,0.84736145,1.4067531,1.0924827,1.2084608,0.95482194,0.8558536,0.9400658,0.96380013,1.1484264,1.4072305,0.9698695,1.4132621,1.1788312,1.3732474,0.7977242,1.2753744,0.772721,0.7482614,0.7024483,0.8345156,1.4171426,1.3927128,0.83482355,1.0191371,1.3278651,0.9911957,1.256864,1.1414812,1.3748893,1.006405,1.0437541,0.7480583,0.85486734,0.9018145,1.2257487,1.0779036,0.8068044,0.7001339,1.0971774,0.85224533,0.90464693,0.60980713,0.61393845,0.3260427,1.5221823,0.624007,1.0908213,1.1173035,0.7228677,1.1596569,0.7425463,0.9516854,1.3375471,0.9865001,0.79506785,0.85333574,0.51952314,1.3658309,1.4646972,1.3116763,0.8541158,1.1175143,1.1953162,0.67122287,0.79146963,0.95108664,0.90708816,1.0315917,1.5003138,0.733165,0.7495992
bed,0.5642873,1.4198353,1.4894781,0.69992423,1.2872608,1.4728583,1.2512288,1.1481575,0.47856843,0.0,1.420236,0.7505852,0.57656205,1.0662824,0.2861411,0.7147407,1.1858068,1.4943376,1.2698753,0.74314845,1.5744932,1.2961581,1.221391,1.3349091,1.2237364,1.3523619,1.2894835,0.99389297,0.7922964,1.0813951,1.445998,0.40739715,1.0088431,1.040638,0.81060463,1.0373888,1.325707,0.2512607,1.0069215,1.4789046,0.1864205,1.5372372,1.1001695,0.9752923,0.6670944,0.82993805,0.68258613,1.0731018,1.0640877,1.2368947,0.59735173,0.6276054,1.3185673,1.5404404,1.2456397,1.0384322,1.2786056,0.91439176,1.0779736,1.441,1.3174777,0.62982225,1.4998391,0.7886452,1.169796,0.9880039,1.468039,0.6833919,0.8735244,0.70178527,1.3020191,0.58130705,1.3572519,0.8572519,1.4665762,0.995796,1.1965657,1.0395238,0.8219769,1.128654,1.0426824,1.206955,1.3893225,0.8588555,1.4538379,1.0522029,1.3911006,0.65614927,1.2433406,0.45493507,0.611575,0.43285316,0.8486903,1.4534993,1.4044259,0.8408218,0.86777365,1.2369738,1.0200227,1.3379146,1.208007,1.4043213,0.96563095,1.1387792,0.56931394,0.90592176,0.9019427,1.3061261,1.0982511,0.76439154,0.521323,1.0846586,0.8624543,1.1524241,0.44823194,0.9374019,0.4986447,1.5321705,0.62672544,1.2256485,1.1266477,0.9649113,1.3031034,0.79331815,1.0816156,1.3708032,0.9473758,0.5406657,0.8051146,0.428531,1.4349687,1.454738,1.2842138,0.84461915,1.0678947,1.3149248,0.7107029,0.7937908,1.0576822,0.9570335,1.1026464,1.5229058,0.6758013,0.5378636
belt,1.494345,0.50329375,0.6282202,1.0875903,1.0073819,0.7855945,0.9786595,0.7793522,1.3694465,1.420236,0.0,1.067347,1.3673573,1.3141105,1.2493738,1.3858523,0.5779111,0.6565572,0.541855,1.1287916,0.6423739,0.87517476,1.0380157,0.5832888,0.58489454,0.6745335,0.88010156,0.8316917,1.042358,1.2766169,0.3675834,1.2380512,1.0390357,1.0288826,1.0459825,0.79258776,0.67590487,1.176794,1.2022129,0.32598066,1.3838385,0.44524848,0.9885831,1.0515305,1.0597003,0.6981735,1.2036918,1.1213826,0.82921416,0.95220625,1.259991,1.3334945,0.62815255,0.51180935,1.0492736,0.87947243,0.7517733,1.2445099,0.93322414,0.26294357,0.602487,1.4216428,0.5718641,1.1322798,1.186367,1.1139873,0.5395957,1.3853221,1.3420714,1.239518,0.92147946,1.1899865,0.2609325,1.1330197,0.4645995,0.90886927,1.2350761,1.1646094,1.2888846,1.0142362,1.0631809,1.0492241,0.426808,0.9332819,0.3825817,0.95884687,0.68950284,0.9898163,1.0831518,1.3195841,1.1340469,1.2921916,1.3013538,0.28372276,0.31648672,1.125007,0.53900915,0.94591093,1.2557311,0.54606104,0.9310628,0.77826244,1.016071,0.9246244,1.1043808,1.3254771,1.2411982,0.48258102,0.8497061,1.1669712,1.3200183,1.1182063,0.95267934,1.1789274,1.3797281,0.6338942,1.5533566,0.32525146,1.3303378,0.89113176,1.0023433,1.28584,0.7534785,1.3635671,1.1951529,0.6670235,1.1357703,1.3077468,1.4447057,1.4548059,0.67839044,0.5201334,0.5218868,1.2941246,0.7264071,0.85598016,1.2380793,1.3549696,1.1229792,1.1317875,1.0623178,0.22730005,1.2024401,1.2939523
bench,0.878278,1.0974758,1.3105989,0.97538644,1.1736294,1.2080418,1.1818786,0.8918565,0.68327546,0.7505852,1.067347,0.0,1.053126,1.0202447,0.8855232,0.815543,0.9438846,1.1807023,1.1493728,0.6396767,1.27778,0.8849297,0.97637933,1.1415017,0.7626275,1.0233204,1.1682363,1.0247302,0.25420678,1.0896131,1.1614981,0.7394942,0.9975652,1.0890095,0.9495092,1.109059,1.1588674,0.6155016,1.0229424,1.1857885,0.6452353,1.1863457,0.95347023,0.9757267,0.77860266,0.66737586,1.0395699,0.98411876,1.1606214,1.2736516,0.89147604,1.0934293,1.2694967,1.2608354,0.9714813,1.1405878,0.90152824,1.1087347,1.0961895,1.265633,1.1224188,0.9234218,1.3171077,1.0927252,1.2347466,1.1487652,1.2110624,1.0113381,0.7803633,0.9639994,1.0805941,0.87564737,1.0846174,0.52915287,1.1119958,0.9810221,1.2615597,0.9735789,0.98890024,0.7467524,0.89004815,1.1245395,1.288681,0.9665681,1.2046407,1.2319655,1.2401185,0.8187309,1.0869582,1.0038815,0.9218242,0.9552289,1.0700594,1.1975545,1.1574574,0.9604593,0.89053047,1.1584656,0.9778986,1.056457,0.775832,1.191565,0.9261644,1.0088181,0.79976755,0.94778216,0.8933972,0.9063577,0.98839253,0.99050236,1.0037394,0.9795826,0.9582151,0.78860784,0.88827336,0.7928822,0.7969786,1.217966,0.98738503,1.07955,0.90870583,1.0147302,1.0261842,0.87686175,0.8793191,1.2283419,0.78818935,1.0228604,0.9504464,0.4885863,1.2557895,1.2901001,1.2485948,1.0529485,0.94331014,1.0329809,0.67330354,0.99611354,0.6934056,0.9545109,0.7525745,1.2760482,0.78798205,1.0114131
bib,0.60433877,1.3039718,1.4281579,0.5902312,1.27292,1.4163089,1.1982967,1.2971385,0.76719844,0.57656205,1.3673573,1.053126,0.0,0.9990967,0.6231396,0.7986212,1.3824052,1.4010518,1.4124523,0.9793361,1.4236734,1.3776662,1.2407006,1.3884243,1.3498,1.4322232,1.0936388,1.0938257,1.1202016,1.0299697,1.4304426,0.8377685,1.0342889,0.891798,0.8607978,1.0457567,1.1125003,0.6641481,0.8641342,1.5224862,0.69369006,1.4786563,1.0143104,0.907715,0.94240886,0.989541,0.39421296,1.0872196,0.99175113,1.1916628,0.73622847,0.47007596,1.1703954,1.5328023,1.2656887,0.9526465,1.3150417,1.0316559,0.87179977,1.325174,1.1381606,0.75883853,1.3692209,0.56599814,0.9677113,0.81147707,1.2455869,0.60276437,0.90567243,0.52942735,1.1957281,0.5196842,1.438025,1.1972013,1.5681331,0.8225506,1.1431234,0.9505484,0.6842005,1.2225335,1.0913618,1.0547417,1.3824407,1.1075451,1.1315134,0.844063,1.3008261,0.8679042,1.2372282,0.16944993,0.3982336,0.71327037,0.8449939,1.4874768,1.4397244,0.7917892,1.147417,1.2152603,1.116543,1.4500008,1.0797408,1.3427093,1.0312586,1.2146771,0.7962669,0.9826148,0.955904,1.3223827,0.83326066,1.0267408,0.11671817,0.922823,0.5755498,1.2362306,0.73141897,1.2300196,0.6517048,1.4849304,0.87627983,1.1363283,1.1114687,0.8394242,1.323715,0.93780464,1.1189897,1.3467805,0.9604138,0.36186498,0.6758279,0.590564,1.4663837,1.2980577,1.187716,0.77394605,1.2673982,1.3587921,0.95472497,0.8870801,0.99691266,1.1418548,1.2433891,1.3839127,1.0070968,0.58870244
bird,0.5046583,1.1404254,1.0878719,1.1427703,0.8292914,0.9697854,1.0087464,1.01341,0.9971283,1.0662824,1.3141105,1.0202447,0.9990967,0.0,1.0638118,0.90333647,1.2101262,1.0959404,1.1617235,1.1124396,1.0358034,1.0214684,1.0022188,1.0486995,1.1956046,0.9993742,1.1606171,0.8626347,1.1130286,0.8685887,1.1261158,1.1318538,0.92079085,1.0273904,0.97498155,1.1555896,1.2124165,1.1678244,0.93720526,1.2207155,1.0347497,1.2159233,0.810811,0.91360223,1.183391,1.3263056,1.0715082,0.23452485,1.1167579,1.0655738,0.9793435,1.0003841,1.22746,1.0148011,0.8671099,1.2052637,0.9418417,0.3887124,1.0248551,1.2613323,0.9729506,0.92360884,1.1759309,1.0840842,0.88317966,1.0286813,1.0897698,0.9520622,0.9339923,1.0279485,1.0565908,1.0422909,1.282258,0.99908066,1.037426,1.1443837,0.8897275,0.96686786,0.9178361,1.0242776,0.7400491,0.8960713,1.2229031,1.0090559,1.2580659,1.1543088,1.0972117,1.2153212,0.5102744,1.0476156,1.1431869,1.0733916,0.8903419,1.1752272,1.2505171,1.0390038,1.335793,0.9221724,0.7710678,1.149106,0.89187104,0.9387721,0.8450868,0.9727744,1.1784477,0.6209639,0.6158393,1.1299635,1.0421231,0.9980934,1.043267,0.9751229,1.1364174,0.81538594,0.97719157,1.188483,0.9155776,1.1736525,0.80981064,1.0453266,1.0044353,0.9681801,0.95872813,0.63289607,0.80025035,1.0829523,0.9579929,1.0186961,0.95075136,0.99272877,1.0379452,1.2588755,1.3377066,0.95449317,1.1603706,0.9657051,1.0178435,0.9080672,0.8852507,0.8868965,0.99631214,1.233105,1.0395601,0.9904865
blanket,0.5838083,1.213665,1.4391373,0.69840664,1.2422056,1.3141673,1.1794697,1.1028727,0.5884938,0.2861411,1.2493738,0.8855232,0.6231396,1.0638118,0.0,0.6483526,1.0896578,1.4739072,1.2383326,0.81065524,1.5076703,1.3250959,1.2071233,1.2642857,1.1563029,1.2789882,1.1343117,0.8937454,1.0094794,1.0108726,1.3906776,0.7178304,0.9323839,0.9367071,0.9005754,1.0162123,1.201924,0.417575,0.94323045,1.3858926,0.62414193,1.4880719,1.08867,0.97782665,0.8724829,0.8622593,0.5608654,1.1299536,1.0288613,1.1244817,0.6059111,0.767822,1.2041669,1.3506016,1.2267004,0.9373506,1.2691914,1.0108687,1.0080138,1.374892,1.033102,0.6869048,1.3239638,0.86276084,1.089378,0.93694705,1.3697727,0.8214639,0.88440967,0.6293029,1.3547264,0.51485157,1.2463691,1.1268919,1.4907895,0.93296367,1.1150333,1.1061779,0.64847255,1.1632404,1.0626277,1.2060267,1.3359772,0.61648595,1.2871543,1.0636176,1.3924427,0.80084056,1.2334065,0.49775928,0.55924165,0.36951208,0.88371336,1.335783,1.3110954,0.87370545,0.6429464,1.1874509,1.074518,1.2939751,1.1726009,1.3915936,0.8218757,1.2280109,0.7935405,0.79075074,1.0231228,1.1831352,0.9635715,0.8760931,0.570276,0.8394288,0.7166679,1.2083852,0.7141403,0.886688,0.55550885,1.3689721,0.779348,1.2438188,0.9066587,0.93903995,1.2911397,0.9812732,1.1516142,1.3268474,1.048694,0.64398754,0.91267675,0.6600112,1.3746367,1.3537514,1.2239772,0.8884176,0.73637086,1.3061392,0.81081074,0.9139088,1.0201597,1.1234932,1.2046657,1.4367275,0.8388016,0.720836
boat,0.47303343,1.0654469,1.3216774,1.0181413,0.99368954,1.0333437,0.96359676,1.0870928,0.45526087,0.7147407,1.3858523,0.815543,0.7986212,0.90333647,0.6483526,0.0,1.0756955,1.261468,1.1375505,0.6613696,1.3899729,1.0338336,0.70135033,1.1909053,1.0112487,0.992415,1.2072335,1.148507,0.92433214,1.0069691,1.3288153,0.8982354,0.9596078,0.9236498,1.0042266,1.1042881,1.2286569,0.83253354,1.0912678,1.3386363,0.78585035,1.3201979,1.1764627,1.0616661,1.033844,1.140908,0.858688,0.9743171,1.1518304,1.1325289,0.77657527,0.92566854,1.3716292,1.1471965,1.0936174,1.1939814,1.1369827,0.82340837,0.9664721,1.4383051,1.2898287,0.60452306,1.2630025,1.0331647,1.011711,1.131391,1.2113479,0.8380772,0.6299237,0.78914726,1.1867489,0.82739806,1.3270718,0.9301345,1.368876,1.2261336,0.9716394,0.92084485,0.8771605,0.9075557,0.8315183,1.020552,1.3762068,0.9990728,1.4033433,1.2437527,1.2779875,1.0660985,1.1411456,0.88011974,0.9437937,0.8409076,0.98296696,1.3582182,1.3831996,0.8503539,1.1713009,1.2173647,0.9419993,1.1708045,1.1331398,1.2189202,0.8767034,1.065344,1.0134599,0.9150711,0.87046623,1.1755672,1.081801,0.76434475,0.90591806,0.87352276,1.0023352,0.80587256,0.91758114,0.83851445,0.14105302,1.376118,0.78797996,1.0682378,1.0160094,0.75540257,1.1108966,0.80112433,0.9748276,1.2665931,0.9142078,0.90450865,0.66660106,0.7133172,1.2325028,1.4565723,1.3148599,0.8174062,1.0526035,0.8490137,0.7472947,0.81736815,0.91893095,0.9114234,0.9326854,1.4330688,0.9166242,0.8313695
book,1.3909953,0.70812964,0.6781593,1.2917683,0.8405676,0.7202893,0.8100688,0.60556936,1.2185194,1.1858068,0.5779111,0.9438846,1.3824052,1.2101262,1.0896578,1.0756955,0.0,0.5457991,0.48968756,0.8245435,0.6489722,0.81561816,0.74111766,0.5396787,0.662714,0.5990861,0.9870989,1.1885968,0.909544,0.9819057,0.54527277,1.2147322,1.021517,1.0608602,1.0780549,0.7712226,1.0012586,1.0965604,1.0909256,0.48166,1.264844,0.50531256,1.2032493,0.9967481,1.1506352,0.7402948,1.2540543,1.0304695,1.0680668,0.88254696,1.4046469,1.3215535,0.9370118,0.52853626,1.001042,1.0822182,0.6449126,1.126614,1.0600619,0.7224867,0.87413085,1.3952503,0.49410343,1.3408394,1.0306339,1.2125556,0.8173598,1.4900893,1.067274,1.3966246,0.7267073,1.433338,0.47012305,0.9986781,0.5566323,1.2823257,0.96364737,0.87790257,1.3298762,0.9197643,1.0462778,0.9616432,0.64208186,0.5358078,0.915218,1.1703253,0.7265794,0.88944465,0.96476555,1.3497076,1.3813951,0.8143455,1.12762,0.49345702,0.5493556,1.0791577,0.5898314,0.7805805,1.1390798,0.3865385,1.0012797,0.7404408,0.88711,0.8029239,1.054586,1.1950809,1.2302818,0.8146242,1.1965157,0.9904722,1.4489552,1.1314974,1.3429936,1.0462523,1.3895496,0.6178918,1.2925603,0.56917155,1.3257217,0.86659336,0.8972738,1.1265783,0.63467485,1.3323827,1.1516726,0.7198417,1.1279889,1.4586715,1.4043472,1.2880771,0.5813257,0.834547,0.80482775,1.096036,0.50219953,0.5653416,0.61162424,1.3630332,1.117217,1.0425942,0.99187464,0.7047778,1.0963428,1.3315635
bottle,1.4811367,0.7224054,0.3717364,1.4696791,0.613058,0.55314463,0.85383147,0.5895368,1.4034832,1.4943376,0.6565572,1.1807023,1.4010518,1.0959404,1.4739072,1.261468,0.5457991,0.0,0.49084198,1.1065787,0.33014923,0.71272093,0.61550736,0.5211904,0.7199486,0.51666445,0.9762567,1.0171789,1.0101441,0.93744403,0.45424372,1.3326001,1.0814552,1.1572177,1.2032498,1.1029761,0.9686882,1.4517266,1.1361057,0.3557911,1.4098632,0.11317992,0.9681355,1.0763965,1.1549686,1.1943547,1.3866031,0.9826389,1.1529822,0.9073002,1.3809942,1.3677863,1.0216789,0.40055513,0.7586776,1.2516131,0.87281287,1.1229938,1.1453823,0.5853224,0.8744639,1.313274,0.4987902,1.369849,0.9690527,1.3234915,0.6163858,1.3767514,1.1258643,1.3048488,0.22454411,1.5078361,0.6368757,1.0006815,0.32232237,1.169955,0.92459786,0.78785825,1.3979745,0.96415085,0.95072055,0.9211805,0.4438486,0.99466664,0.8634938,1.2413943,0.49605608,1.13907,0.81480277,1.4599688,1.4623642,1.3390193,1.1920321,0.4788339,0.56497955,1.3572531,0.9971791,0.64469874,1.0151658,0.47372305,0.89239275,0.4780357,0.96152127,0.8306652,1.1725668,1.1945435,1.2405187,0.7081125,1.1559956,1.103847,1.4801117,1.1611689,1.366337,0.9563961,1.3180466,0.9729124,1.4071531,0.38749325,1.3009117,0.622229,0.833319,1.1249151,0.8395379,1.2093725,1.1808206,0.48798728,1.1434647,1.4138664,1.2574322,1.4271158,0.44946432,0.73894775,0.8141079,1.3040938,0.73183835,0.47059578,1.1695147,1.2075871,0.97256607,1.0001606,0.9182357,0.5165447,1.1700554,1.3547523
bowl,1.4031433,0.7912935,0.5387111,1.3296309,0.8053102,0.6540047,0.81790054,0.73509884,1.1050757,1.2698753,0.541855,1.1493728,1.4124523,1.1617235,1.2383326,1.1375505,0.48968756,0.49084198,0.0,1.011748,0.5945636,0.89858985,0.58278453,0.6196195,0.7288021,0.55927914,1.0851331,1.0102031,1.1134398,0.89400285,0.42798728,1.2111921,0.9819288,0.94607055,1.1774707,0.864762,1.1028742,1.2483692,1.1644834,0.3497547,1.2563801,0.3681143,1.1670195,1.1786964,1.1812615,1.0293643,1.4029412,0.97988296,1.1181407,0.87328506,1.276485,1.2329866,0.9939357,0.41359818,0.99425244,1.2077771,0.7093909,1.0422128,1.0694499,0.53695124,1.0459783,1.2032077,0.62590444,1.2683399,1.0081648,1.300667,0.7621647,1.3832138,1.1954372,1.3620895,0.7608603,1.4555539,0.43074155,1.1462033,0.4484529,1.3010404,0.9532193,1.0131522,1.4802086,1.0861195,1.0511025,0.953171,0.40644753,0.8764733,0.93630034,1.1993356,0.6183642,1.0494999,1.0565192,1.4551831,1.4643891,1.0952773,0.8964866,0.32453454,0.3904183,1.1305823,0.77913964,0.75958365,1.0553545,0.18375885,1.0569118,0.7145883,1.1747508,0.8541273,1.1313121,1.1438701,1.2617822,0.6814929,1.2772652,1.0916945,1.4318593,1.325398,1.3650007,1.0829147,1.2440262,0.46146226,1.2798109,0.4812289,1.1427662,0.79710555,1.0995944,0.95644104,0.59037304,1.1850454,1.2160197,0.60799265,1.3194721,1.3597585,1.2970597,1.211028,0.42724836,0.85088325,0.7173792,1.2460757,0.77394325,0.6310426,0.97751456,1.2166605,1.2241445,1.0783315,1.0691471,0.56725013,1.1099684,1.2728695
box,0.93665993,1.1283683,1.3218088,0.9766626,1.130275,1.1330622,1.0665069,0.73501587,0.31299675,0.74314845,1.1287916,0.6396767,0.9793361,1.1124396,0.81065524,0.6613696,0.8245435,1.1065787,1.011748,0.0,1.3308383,1.0293286,0.5251644,1.1898626,0.39853752,1.0839894,1.2351115,1.1468719,0.62625766,0.9596603,1.2471123,0.7468673,1.0727222,0.93407035,0.94834095,1.0817177,1.2767605,0.57925713,1.1272633,1.2617137,0.67389554,1.1294571,1.179752,1.0072641,0.7739137,0.585914,1.006453,1.0851574,1.1601517,1.2378905,1.0565281,1.0077422,1.3017871,1.2716355,1.0229651,1.1432817,1.0491451,1.1096888,1.1376282,1.3273597,1.1073229,1.0096537,1.2201155,1.0787868,1.1913289,1.1364045,1.20025,1.05425,0.87923795,0.91640455,0.99982905,0.92914486,1.1615682,0.75745344,1.1500787,1.093723,1.1790417,0.7745594,0.9284612,0.8777995,0.9511239,1.0580245,1.3168609,0.86525834,1.2901695,1.1841966,1.2294891,0.60023683,1.1161869,0.9682926,0.96201336,0.81559527,0.95036,1.2736993,1.2652103,0.96037537,0.8168611,1.1670763,1.0277374,1.0935379,1.0166245,1.1691642,0.76422364,0.74844104,0.65996486,0.9096893,1.0166823,1.0909461,1.0670452,0.9159663,0.9476121,0.99589837,0.9775817,0.8987767,0.92534196,0.6035274,0.61963505,1.3100063,1.023869,0.99337906,0.9219795,0.85656047,1.0542417,0.9635293,0.9837514,1.220124,0.800673,1.0344282,1.0444419,0.8032013,1.1729373,1.3380237,1.248527,0.96689934,0.9011686,0.9278143,0.4742447,0.98884976,0.96556693,0.9075799,0.954631,1.3118162,0.80410016,1.018749
bread,1.455889,0.70717055,0.21526742,1.3628892,0.67366874,0.6066616,0.66303265,0.8782935,1.550525,1.5744932,0.6423739,1.27778,1.4236734,1.0358034,1.5076703,1.3899729,0.6489722,0.33014923,0.5945636,1.3308383,0.0,0.91236615,0.8947139,0.58768,0.9916974,0.62292564,0.6484052,0.9819726,1.2374432,0.8136879,0.53954315,1.4816604,1.0794761,1.0694623,1.2851912,0.75837517,0.7695192,1.5355545,0.8198749,0.38327992,1.5313729,0.34844863,0.8879239,1.1279323,1.3614455,1.1662064,1.2929612,0.98708224,1.015756,0.6647499,1.3850734,1.3186028,0.7227823,0.32681882,0.86046624,1.0525258,0.82725453,1.0877506,0.9700039,0.48747158,0.8131912,1.3647345,0.3948351,1.2654786,0.58981454,1.1017582,0.58905065,1.3853296,1.2137272,1.4109554,0.48940462,1.5260423,0.59072965,1.2037156,0.49739784,1.1730477,0.6675848,1.0126373,1.3565514,1.1496325,0.9776383,0.7325437,0.4049325,1.0111047,0.6929765,0.98045194,0.24351805,1.3329165,0.7251253,1.4915073,1.4927914,1.3774663,1.1637768,0.45592928,0.52593327,1.2729142,1.0507627,0.44634426,1.0622725,0.40956777,0.94637495,0.44868737,1.1111517,0.9454278,1.3746612,1.1064341,1.1917202,0.73391545,1.0867903,1.2503362,1.5209128,1.20777,1.3680182,1.1147242,1.4052418,1.1392751,1.520318,0.3560382,1.3322775,0.82554865,1.0165287,1.1020842,0.7934067,1.3436594,1.1305519,0.46516562,1.2926525,1.4388647,1.304436,1.4401404,0.41163874,0.5037019,0.6615262,1.3303244,0.8932188,0.6171813,1.1749825,1.2301066,1.1193337,1.0497988,1.1507835,0.43840224,1.3658345,1.411448
broom,1.2579339,0.965315,0.89894986,1.3304074,0.84963024,0.8365094,0.87710005,0.73513836,1.1582854,1.2961581,0.87517476,0.8849297,1.3776662,1.0214684,1.3250959,1.0338336,0.81561816,0.71272093,0.89858985,1.0293286,0.91236615,0.0,0.8068244,0.7050976,0.738042,0.71584356,1.0790145,1.037443,0.7277112,1.0144509,0.7522864,0.9891198,0.91433704,1.1948161,1.0628796,1.2244806,1.0385371,1.2759874,1.165437,0.6767658,1.1439383,0.67340183,1.0362333,1.0074786,0.9058161,1.132961,1.303364,0.96555734,1.1325264,1.0313998,1.1987144,1.3198574,1.1422825,0.7506002,0.8752303,1.2174841,0.60821414,1.0667152,1.1822703,0.979541,1.0859492,1.1858687,0.97618365,1.3341393,1.0894643,1.2857552,0.9916495,1.2839808,0.83136976,1.2488649,0.81610453,1.3427761,0.75647414,0.5447496,0.5068288,1.0519761,1.0436776,1.0020773,1.3251612,0.14518964,0.9827875,1.0024084,0.9554701,0.979424,0.9881239,1.2687687,0.9518252,1.1299675,0.95245993,1.38733,1.294417,1.2260122,1.12615,0.71640515,0.7120007,1.1624168,1.0026376,1.02663,0.8836523,0.80475926,0.9532327,0.8585267,0.9137579,0.9330386,1.1293364,1.0505556,0.89394045,0.8105489,1.1199089,0.79424894,1.414969,0.98851323,1.2419792,0.20321667,1.1426835,0.97264004,1.1804507,0.819627,1.0954766,0.8621526,0.8889111,1.1315343,0.6903382,0.89569706,0.7182415,0.9318716,0.82698625,1.3154986,1.029949,1.3027639,0.8319672,1.0216055,1.0667543,1.0665722,0.77909446,0.74430776,1.1295614,1.1109068,0.7909166,0.8964877,0.14427388,0.9118968,0.9364904,1.1797336
bucket,1.1634707,0.8732749,0.8272338,1.365722,0.67412883,0.5921134,0.82276404,0.68435735,0.70120287,1.221391,1.0380157,0.97637933,1.2407006,1.0022188,1.2071233,0.70135033,0.74111766,0.61550736,0.58278453,0.5251644,0.8947139,0.8068244,0.0,0.94905806,0.53490484,0.7941327,1.2095327,1.2293806,0.84012675,0.8308281,0.897172,1.1561726,1.1148157,0.8448603,1.0839326,1.1343709,1.2284558,1.168691,1.2605298,0.881011,1.1186229,0.63374853,1.2297821,1.0264328,1.1600175,1.1356095,1.2963308,1.0009831,1.209992,0.97926855,1.2783191,1.2563894,1.2652591,0.7650155,0.8940452,1.3040026,0.90499896,0.97388566,1.1743169,1.0981588,0.98065,1.1418899,0.8839072,1.3650448,0.98321015,1.2618666,0.90712726,1.2951928,0.8781193,1.1691924,0.7416369,1.321712,1.0169435,0.9392654,0.72004724,1.2703516,0.8900908,0.7894647,1.0842798,0.8603207,0.8997477,0.9077646,0.9602649,0.90151,1.196146,1.2990619,0.87221754,1.0452012,0.9838525,1.3413433,1.3683469,1.0948892,1.0027368,0.94041413,1.0328089,1.1435397,1.0032364,0.98666257,0.9264587,0.76020086,1.0362107,0.7541547,0.80678403,0.6410417,1.1214864,0.9923073,1.0962534,0.97726846,1.1798916,0.929017,1.3338757,0.9518641,1.2933158,0.74498534,1.20842,0.67223644,0.80589885,0.8991749,1.1249807,0.6381867,0.750189,0.66483784,0.8177684,0.93043184,0.93262476,0.8560037,1.0160517,1.3005711,1.0766325,1.1593906,0.6068973,1.1406605,1.1272004,1.0145993,0.8446155,0.46944326,0.8028028,1.1192256,0.9501558,0.9719657,0.88766414,0.99634165,1.0722929,1.2310874
butterfly,1.2886946,0.696741,0.5404184,1.3162253,0.74747103,0.59825253,0.91501033,0.84872806,1.3724245,1.3349091,0.5832888,1.1415017,1.3884243,1.0486995,1.2642857,1.1909053,0.5396787,0.5211904,0.6196195,1.1898626,0.58768,0.7050976,0.94905806,0.0,0.8591982,0.61508554,0.94711846,1.0772829,1.1237249,1.1412014,0.49643123,1.2547107,0.9990911,1.1926496,1.1325489,0.8507164,0.79956096,1.3092661,1.1498395,0.36865318,1.3481867,0.42847955,1.0672659,1.0195633,1.1949708,1.0247889,1.2291586,0.89239,1.0280259,0.8431246,1.3193893,1.3604983,0.84920937,0.41964203,0.9305222,1.0733887,0.77391887,0.88623637,0.9204559,0.6172265,0.84077555,1.257999,0.46381927,1.274416,1.1040157,1.2826765,0.7334782,1.4008076,1.1220617,1.2810278,0.74390054,1.3652023,0.47684014,1.0866361,0.46729726,1.1199695,1.0510192,1.0333961,1.3211403,0.9036373,0.94478667,0.8994,0.5147388,0.86129916,0.7964746,1.1122391,0.65161955,1.2226574,0.89848804,1.352021,1.2632544,1.205827,1.2196542,0.44581366,0.45728916,1.2085413,0.83987296,0.899166,1.0620179,0.5521735,1.0183758,0.73289967,1.0350296,1.0731515,1.2751514,1.3147464,1.1094657,0.7286178,1.0685638,0.8974995,1.4203017,1.1430614,1.258139,0.95112675,1.2813168,0.978514,1.370496,0.45282716,1.2369494,0.8085761,1.0088468,1.2409015,0.7541125,1.094285,1.1624494,0.56129897,1.1106896,1.3349018,1.3010755,1.4061978,0.6290102,0.72475284,0.7065504,1.1318862,0.7209394,0.5700866,1.1877582,1.2202415,1.0456966,1.0836766,0.8811301,0.58119136,1.2336106,1.2387923
can,1.3504494,0.7146698,0.987835,1.2116787,1.0262688,0.8138492,1.0281439,0.56909436,0.73840976,1.2237364,0.58489454,0.7626275,1.3498,1.1956046,1.1563029,1.0112487,0.662714,0.7199486,0.7288021,0.39853752,0.9916974,0.738042,0.53490484,0.8591982,0.0,0.7291291,1.2049626,0.9587913,0.6194073,1.0445348,0.753648,0.9240351,1.0069859,1.0088872,1.0060077,1.1035484,1.1253744,0.90665525,1.2786696,0.809623,1.0125333,0.5826081,1.0613377,1.059484,0.7590664,0.66400856,1.2461519,1.037343,1.1565676,1.1624894,1.2396666,1.3569683,1.1094874,0.84893084,0.8401907,1.1484551,0.8541017,1.2642199,1.1567142,0.9269362,0.8610977,1.2699215,0.96239275,1.286327,1.25687,1.2898228,0.8238859,1.3551311,1.1494764,1.0747324,0.8202789,1.1512996,0.78437686,0.70235944,0.6239294,1.0089126,1.2414212,0.98571557,1.2471596,0.70105624,0.9629292,0.97502106,0.9816799,0.8344368,0.9132845,1.2760494,1.0131924,0.67024577,0.96892387,1.3140107,1.1286377,1.1701711,1.1814094,0.78724074,0.84839827,1.1706374,0.5971327,1.0730783,1.0282598,0.79027975,0.83383155,0.8982524,0.7864222,0.68795234,0.7565584,1.0603936,1.1190034,0.63807553,0.9421689,1.1173372,1.2729228,1.0537641,0.99137944,0.8796445,1.168205,0.4518993,1.1351831,0.8512546,1.219232,0.74206054,0.84778285,1.0941755,0.85194534,1.1694489,1.0430157,0.91962755,0.91585284,1.2701182,1.3310922,1.2264138,0.8837149,1.0164579,1.1055572,1.2653451,0.5969362,0.84961754,0.89166147,1.1449084,0.9882746,0.82953817,0.8446764,0.86935234,0.808928,1.2336615
car,1.3383714,0.6665654,0.57106483,1.456014,0.6527844,0.64609414,0.89419496,0.7437811,1.233603,1.3523619,0.6745335,1.0233204,1.4322232,0.9993742,1.2789882,0.992415,0.5990861,0.51666445,0.55927914,1.0839894,0.62292564,0.71584356,0.7941327,0.61508554,0.7291291,0.0,1.182304,0.95804,0.95304364,1.06218,0.5423018,1.141319,0.9382012,1.213701,1.2371536,1.0961373,1.0098156,1.2887979,1.3100684,0.53372127,1.2783284,0.49193358,0.9471762,1.034285,1.1614988,1.1763576,1.3739122,0.8575982,1.1747432,0.9424234,1.249821,1.2654014,1.0853618,0.46881026,0.77003276,1.27752,0.7983283,1.0014486,1.0671729,0.70506424,0.9529119,1.1536132,0.64401686,1.2610896,1.1167942,1.3526398,0.5939706,1.3225718,1.1359606,1.2425399,0.7864821,1.4101928,0.70912033,0.92225164,0.43727136,1.2447963,0.96976244,0.98361343,1.4263552,0.86530167,0.7046313,1.0259936,0.6311104,0.9176186,0.9999984,1.2415051,0.6978369,1.1656358,0.7679409,1.4417653,1.4081464,1.2751353,1.219185,0.5598906,0.64598763,1.253403,0.9553358,0.83338547,0.936669,0.4992175,0.79244876,0.61007667,0.9060601,0.74992883,1.1685996,1.1002983,1.0751203,0.69453204,1.1141776,1.0398252,1.446816,1.1448641,1.2909377,0.87545764,1.266719,0.7661616,1.2409253,0.51146364,1.1756957,0.73542213,1.0231853,1.2600671,0.75358886,1.1418433,1.0826038,0.64484537,0.9560773,1.3176496,1.2074022,1.3634782,0.5604008,0.8974678,0.9490933,1.3308024,0.712554,0.5334002,1.144072,1.0995054,0.96405834,0.6698486,0.8442124,0.6770507,0.99902475,1.2352408
