,zebra,giraffe,deer,pony,horse,pig,rooster,penguin,bird,duck,fish,butterfly,frog,alligator,owl,elephant,bear,cat,dog,face,hair,arm,hand,leg,foot,ankle,finger,toe,tooth,ear,nose,eye,mouth,stroller,motorcycle,tricycle,truck,car,lamp,chair,bench,drawer,ladder,window,door,closet,shower,refrigerator,oven,crib,bed,couch,table,bathtub,sink,boat,slide,hose,sprinkler,swing,grass,tree,snow,helicopter,firetruck,clock,ball,balloon,pumpkin,egg,orange,apple,potato,strawberry,hat,slipper,watch,nail,raisin,glasses,necklace,carrot,vacuum,broom,mop,stick,shovel,scissors,spoon,fork,knife,pencil,pen,crayon,plant,flower,soap,bottle,cup,can,belt,radio,basket,milk,jar,bucket,tape,bowl,plate,corn,pickle,banana,melon,bread,cookie,toast,cracker,sandwich,chips,pizza,hamburger,muffin,pastry,meat,pasta,sauce,soup,applesauce,glass,coffee,dish,tray,box,book,paper,rock,comb,toothbrush,gum,toy,doll,mitten,glove,sock,shoe,purse,pillow,towel,napkin,blanket,dress,pajamas,bib,scarf,coat,jacket,sweater,shirt,jeans,pants,shorts,cloud,game
zebra,0.0,0.4281840920448303,0.6446597576141357,0.49028801918029785,0.47963201999664307,0.6053234338760376,0.5282394886016846,0.7205693125724792,0.6833633184432983,0.8876000642776489,0.9701340794563293,0.6838173866271973,0.6444721817970276,0.6078072786331177,0.8065890669822693,0.9713178277015686,0.7799037098884583,1.0224162340164185,0.5891765356063843,1.0219526290893555,1.0386875867843628,1.0039664506912231,1.0018303394317627,1.020926594734192,1.0204612016677856,1.0888915061950684,1.093254804611206,1.1195199489593506,0.9988552331924438,1.0444247722625732,1.0468024015426636,1.1069211959838867,1.0202746391296387,0.9579729437828064,0.8796579241752625,0.9999294281005859,0.770092248916626,0.9201692938804626,1.005218505859375,1.0218145847320557,1.0091379880905151,1.10063898563385,0.9480410218238831,0.9672455191612244,1.0521131753921509,1.0412564277648926,0.9820361733436584,1.0402636528015137,1.0606805086135864,0.9343627691268921,0.9414157867431641,1.0391134023666382,0.9485560059547424,0.9742047786712646,1.046557068824768,0.8624501824378967,0.9125878214836121,0.9639188051223755,1.0330091714859009,0.9764360189437866,0.9988659620285034,0.8261518478393555,0.9772250056266785,0.8593247532844543,0.7661817669868469,1.0287301540374756,1.0512336492538452,1.061979055404663,1.0123884677886963,1.0681617259979248,1.0210930109024048,1.0218374729156494,,1.0073169469833374,1.0341883897781372,1.0802574157714844,1.1050410270690918,1.117956519126892,1.073554515838623,1.0702515840530396,1.0468668937683105,1.0950965881347656,1.0168360471725464,1.0152286291122437,0.9887828826904297,1.034001111984253,1.0378810167312622,0.8610751032829285,0.9976706504821777,1.0024079084396362,1.0052552223205566,1.081714391708374,1.0727343559265137,1.063408374786377,0.9823523163795471,1.0106052160263062,1.117322564125061,1.074786901473999,1.0904604196548462,1.066914439201355,1.0286717414855957,1.0773048400878906,0.988726019859314,0.9411011338233948,0.9924098253250122,1.0788841247558594,1.0828936100006104,1.0995582342147827,1.0539767742156982,,0.9801551103591919,1.0182300806045532,0.9662938714027405,1.0119907855987549,0.997002363204956,,0.9625015258789062,1.040830373764038,,0.8455679416656494,0.9399730563163757,0.9269591569900513,0.8898389339447021,0.9318056702613831,,,1.0439605712890625,1.0667645931243896,1.0154399871826172,1.0405895709991455,1.0246500968933105,0.9140474796295166,0.9705642461776733,0.796858549118042,0.8194341063499451,0.9965285658836365,1.0162140130996704,0.9979928731918335,1.0215107202529907,0.8687163591384888,0.7253998517990112,0.9340962171554565,0.968606173992157,1.0046486854553223,0.9244141578674316,0.9745659828186035,1.0479835271835327,0.9912164211273193,1.0067253112792969,0.9587277770042419,0.8869509696960449,0.9953900575637817,0.8656677007675171,0.9471126198768616,1.0709383487701416,1.0042600631713867,0.9944688081741333,1.0041389465332031,1.029147744178772,0.9997820854187012,1.0245556831359863,,
giraffe,0.4281840920448303,0.0,0.7341347932815552,0.6337625980377197,0.5937724113464355,0.714550256729126,0.559502363204956,0.8278811573982239,0.7640307545661926,0.9492886066436768,0.9605111479759216,0.7384159564971924,0.6171302795410156,0.579391360282898,0.7729159593582153,0.9315924048423767,0.7554868459701538,0.9602423310279846,0.6681720018386841,0.9912605285644531,1.0427836179733276,0.973291277885437,1.019582986831665,1.01445734500885,1.0807552337646484,1.1726839542388916,1.1664514541625977,1.1842936277389526,1.074891448020935,1.0838394165039062,1.0664972066879272,1.1184569597244263,1.0591225624084473,0.9846842885017395,0.9256149530410767,1.0585272312164307,0.8050969243049622,0.9154216051101685,1.0500448942184448,1.011649250984192,0.9907546043395996,1.0963983535766602,0.951144814491272,0.9111033082008362,1.035456895828247,1.0321295261383057,0.915558934211731,1.023776650428772,1.0463197231292725,0.9416033625602722,0.9157489538192749,1.0292999744415283,0.9435919523239136,0.9163015484809875,1.0299211740493774,0.8649221062660217,0.875311553478241,0.9514816403388977,1.079484462738037,0.9621955752372742,0.9722886085510254,0.7784658074378967,0.9068502187728882,0.8651488423347473,0.8049482107162476,1.0406713485717773,1.07954740524292,1.0888001918792725,1.0077801942825317,1.0681458711624146,0.999834418296814,1.0658544301986694,,1.0051511526107788,1.0980571508407593,1.1749078035354614,1.183776617050171,1.162217378616333,1.1195595264434814,1.1328961849212646,1.0892117023468018,1.0554070472717285,1.0241612195968628,1.0394765138626099,0.9740411639213562,0.984180748462677,1.0529019832611084,0.8466115593910217,1.0412250757217407,1.0841435194015503,0.9937187433242798,1.1381932497024536,1.1422667503356934,1.1321443319320679,0.9194557070732117,1.0665444135665894,1.1068607568740845,1.1405929327011108,1.1147480010986328,1.0712321996688843,1.0445594787597656,1.1068195104599,0.9754794239997864,0.9719741940498352,1.0351134538650513,1.0814383029937744,1.058462142944336,1.0913406610488892,1.0230861902236938,,0.9965949058532715,0.9595687985420227,0.9619948863983154,1.0185339450836182,0.8678789138793945,,0.9097341299057007,0.9937115907669067,,0.7824671864509583,0.9563322067260742,0.9213018417358398,0.8819320201873779,0.9172581434249878,,,1.0076971054077148,1.0710694789886475,0.9127013087272644,1.0700289011001587,0.9532614350318909,0.8943676948547363,0.9686057567596436,0.8064675331115723,0.7859599590301514,0.9872311353683472,0.9544312953948975,0.9826916456222534,1.0710281133651733,0.911340057849884,0.7772438526153564,0.9730581641197205,1.0957261323928833,1.0873053073883057,0.9991212487220764,1.0038913488388062,1.0978219509124756,1.0613476037979126,1.0739654302597046,0.9279355406761169,0.8991380929946899,0.9714230298995972,0.8678544759750366,0.9422295093536377,1.0870319604873657,0.9685390591621399,0.9911146759986877,1.0009970664978027,1.000548005104065,0.9740777611732483,1.0247924327850342,,
deer,0.6446597576141357,0.7341347932815552,0.0,0.2806515097618103,0.2752053737640381,0.46069610118865967,0.4294707179069519,0.677915096282959,0.5398819446563721,0.902468740940094,0.849423885345459,0.5834465026855469,0.6240096688270569,0.8103981614112854,0.8398385047912598,1.1220648288726807,0.9815019369125366,1.1333131790161133,0.5403792858123779,1.1100090742111206,1.1251474618911743,1.1994178295135498,1.165015459060669,1.1998059749603271,1.0884543657302856,1.068620204925537,1.1096389293670654,1.074484944343567,1.0135791301727295,1.00757896900177,1.046345829963684,1.032002568244934,1.0523844957351685,0.9666978120803833,0.8676894307136536,0.9019245505332947,0.827628493309021,0.9366446137428284,0.9528295993804932,1.021414875984192,1.1215883493423462,1.1154286861419678,1.0119298696517944,1.0639219284057617,1.0727304220199585,1.0817753076553345,1.082798719406128,1.058353304862976,1.0444231033325195,1.0434194803237915,1.0961458683013916,1.0738232135772705,1.1110740900039673,1.1186387538909912,1.0733345746994019,1.0096096992492676,1.0459411144256592,1.0560312271118164,0.9350427985191345,1.0168514251708984,1.1008108854293823,0.9604788422584534,1.0961565971374512,0.8195134401321411,0.8648508787155151,0.9510617256164551,0.9614014029502869,0.9998846054077148,0.9587122201919556,0.9813569784164429,0.9590457081794739,0.9357258677482605,,0.9238333106040955,0.9628926515579224,0.9994612336158752,1.0125800371170044,1.0233246088027954,0.9614201784133911,0.9637606143951416,0.9721184968948364,1.0642049312591553,1.0025925636291504,0.9713987708091736,0.994786262512207,1.0013749599456787,1.04683256149292,0.9675551652908325,0.9513269066810608,1.002603530883789,1.1155126094818115,1.0010076761245728,1.0092732906341553,1.0154790878295898,0.9768278002738953,0.9065749645233154,1.053242564201355,0.9888869524002075,1.008455753326416,1.0187708139419556,1.0699548721313477,0.9853259325027466,1.064940333366394,0.9576058387756348,0.9695984125137329,1.0497249364852905,0.9917053580284119,1.0264818668365479,1.015681505203247,,1.029315710067749,1.0977407693862915,1.0662633180618286,0.9434473514556885,1.0038416385650635,,1.1568347215652466,1.0735564231872559,,1.0066163539886475,0.9731560349464417,0.9838816523551941,0.9527119398117065,1.0674539804458618,,,1.0338425636291504,0.9901900887489319,1.113247275352478,1.0686249732971191,1.0046137571334839,1.049372911453247,1.0704405307769775,0.9741957187652588,1.0425928831100464,1.1562426090240479,1.1373342275619507,1.147829294204712,1.088602066040039,0.9286555051803589,0.7913793325424194,1.1431608200073242,1.098799228668213,1.1241161823272705,1.0417448282241821,1.0681296586990356,1.04263436794281,0.996100664138794,0.9990720748901367,1.1501367092132568,0.9710684418678284,1.179865837097168,1.0945918560028076,1.0680562257766724,1.0849801301956177,1.1168164014816284,1.0974525213241577,1.1020687818527222,1.1893597841262817,1.1391584873199463,1.0430896282196045,,
pony,0.49028801918029785,0.6337625980377197,0.2806515097618103,0.0,0.09669482707977295,0.22666823863983154,0.2928957939147949,0.5902917981147766,0.4986025094985962,0.8359315395355225,0.8341113328933716,0.5561832189559937,0.4586915969848633,0.6503927111625671,0.7819386720657349,1.0902312994003296,0.8646466732025146,1.1330962181091309,0.3006097078323364,1.1253080368041992,1.140039324760437,1.1956636905670166,1.154780387878418,1.1646238565444946,1.0443907976150513,1.044823169708252,1.082462191581726,1.0510226488113403,0.9659181237220764,1.0068506002426147,1.0389395952224731,1.085517406463623,1.056997537612915,0.9401013851165771,0.8319486379623413,0.9366205334663391,0.7474823594093323,0.9075843095779419,0.9886820316314697,1.0333201885223389,1.1166706085205078,1.1163767576217651,1.002164602279663,1.0899611711502075,1.114932656288147,1.1121959686279297,1.0741350650787354,1.100590467453003,1.1001204252243042,1.029578685760498,1.082495093345642,1.0645653009414673,1.1017707586288452,1.101063847541809,1.1119496822357178,0.9809944033622742,1.0151220560073853,1.0361618995666504,0.9826642870903015,0.9907582998275757,1.0912610292434692,0.9711948037147522,1.1189415454864502,0.8102878332138062,0.8134817481040955,0.9654605984687805,0.9602943062782288,0.9857853055000305,0.9450767040252686,0.9444038271903992,0.9255412817001343,0.9127228260040283,,0.8794122934341431,0.9503154754638672,0.9672860503196716,1.0217660665512085,1.0104105472564697,0.96830153465271,0.9679166674613953,0.9940065145492554,1.0494954586029053,1.0465381145477295,1.014979600906372,0.9954702854156494,1.0434229373931885,1.10611891746521,0.9092438817024231,0.9705063700675964,1.052268147468567,1.1402335166931152,1.020892858505249,1.0243552923202515,0.9693084359169006,1.0197620391845703,0.9130030274391174,1.0414400100708008,1.009765863418579,0.9910125136375427,1.0537790060043335,1.0589675903320312,1.0145344734191895,1.0686440467834473,0.9659193754196167,0.9927717447280884,1.0551143884658813,0.9641386270523071,1.013431429862976,1.0037487745285034,,0.9575319290161133,1.0107395648956299,1.0425366163253784,0.9674012660980225,0.901321291923523,,1.1014907360076904,1.079551100730896,,0.9559229612350464,0.9510740041732788,0.9681457877159119,0.9196444749832153,1.0693386793136597,,,1.0167933702468872,0.9903099536895752,1.146302342414856,1.0799082517623901,0.9639490842819214,1.0543184280395508,1.0495518445968628,0.9016310572624207,0.9946351647377014,1.1224995851516724,1.1871042251586914,1.1312737464904785,1.0437008142471313,0.8210561871528625,0.6626953482627869,1.0673727989196777,1.0081828832626343,1.0701489448547363,0.9993262887001038,1.0983874797821045,1.0371668338775635,0.9814193844795227,0.9785925149917603,1.1448397636413574,0.93984454870224,1.174251914024353,1.084634780883789,1.1250983476638794,1.1165802478790283,1.119207739830017,1.1228030920028687,1.141255497932434,1.1859568357467651,1.1488969326019287,1.0427180528640747,,
horse,0.47963201999664307,0.5937724113464355,0.2752053737640381,0.09669482707977295,0.0,0.3586830496788025,0.2878325581550598,0.6493206024169922,0.47960448265075684,0.8781321048736572,0.8514231443405151,0.48844635486602783,0.5008751749992371,0.6362435817718506,0.762477695941925,1.0216127634048462,0.858905553817749,1.0368839502334595,0.3727678060531616,1.0666334629058838,1.0778833627700806,1.1283035278320312,1.1343882083892822,1.176709771156311,1.0815298557281494,1.0852030515670776,1.103054165840149,1.0932245254516602,0.999499499797821,1.0317903757095337,1.0490928888320923,1.0785894393920898,1.0462592840194702,0.9637967944145203,0.8463561534881592,0.9157775640487671,0.7402665615081787,0.939347505569458,0.9756584763526917,1.0291121006011963,1.0869519710540771,1.131895899772644,0.9688248634338379,1.011757731437683,1.0645644664764404,1.057262659072876,1.0168951749801636,1.0780036449432373,1.0910841226577759,1.0006638765335083,1.018011212348938,1.0224825143814087,1.0767786502838135,1.0768375396728516,1.1193963289260864,0.9739060997962952,1.009127140045166,1.0582166910171509,1.0014944076538086,0.9865269660949707,1.0257493257522583,0.9203670620918274,1.0604647397994995,0.7826197147369385,0.794730007648468,0.986088752746582,0.999083936214447,1.0298504829406738,0.9679749011993408,0.9889760613441467,0.93968266248703,0.9482855796813965,,0.9008944034576416,0.9759350419044495,1.0518789291381836,1.0783865451812744,1.0627714395523071,1.023937463760376,0.9791139960289001,1.0127254724502563,1.0590105056762695,1.041095495223999,1.0024726390838623,1.0043238401412964,1.0164227485656738,1.079017996788025,0.9210759401321411,1.0036344528198242,1.0373029708862305,1.0976107120513916,1.064279317855835,1.0490951538085938,1.0418508052825928,0.9789876341819763,0.9218373894691467,1.1067270040512085,1.057705044746399,1.0614802837371826,1.0983328819274902,1.0609464645385742,1.0712202787399292,1.0956369638442993,0.9797574877738953,1.0185984373092651,1.1278692483901978,1.0432864427566528,1.0934176445007324,1.081087350845337,,0.9970499277114868,1.0616613626480103,1.0411099195480347,0.9697496891021729,0.9409812092781067,,1.0971266031265259,1.028489112854004,,0.9257051348686218,0.9853630661964417,0.9463613629341125,0.9328494071960449,1.0263500213623047,,,1.036010503768921,1.020342469215393,1.1021382808685303,1.0798170566558838,1.0063691139221191,1.0618712902069092,1.0738344192504883,0.9205130338668823,0.9611347317695618,1.117184042930603,1.1433348655700684,1.1365516185760498,1.1164032220840454,0.918423593044281,0.7237781286239624,1.0937252044677734,1.0645278692245483,1.1042193174362183,1.0394724607467651,1.0742137432098389,1.0528123378753662,1.0061438083648682,1.0129917860031128,1.0870323181152344,0.8968605995178223,1.131121039390564,1.061882734298706,1.0487287044525146,1.0562686920166016,1.0569339990615845,1.0739611387252808,1.088975191116333,1.1565728187561035,1.1401458978652954,1.0770500898361206,,
pig,0.6053234338760376,0.714550256729126,0.46069610118865967,0.22666823863983154,0.3586830496788025,0.0,0.3908314108848572,0.5949357748031616,0.6037944555282593,0.7873448133468628,0.8545788526535034,0.6676945686340332,0.5117946267127991,0.6279894113540649,0.7638675570487976,1.0526673793792725,0.7743339538574219,1.0944379568099976,0.3443480134010315,1.0831228494644165,1.0992687940597534,1.1356580257415771,1.0823240280151367,1.0962108373641968,0.9890079498291016,0.99592524766922,1.0440462827682495,0.9895240664482117,0.9606751203536987,0.9712685942649841,1.0192612409591675,1.0946006774902344,1.0426952838897705,0.9757939577102661,0.8821943998336792,0.9952414035797119,0.7585011720657349,0.8779920339584351,1.0374736785888672,1.0569860935211182,1.0915471315383911,1.1145628690719604,1.001212239265442,1.0929770469665527,1.1078212261199951,1.1021603345870972,1.0667166709899902,1.0820684432983398,1.0821495056152344,1.0049543380737305,1.0686546564102173,1.067716360092163,1.0944404602050781,1.0801904201507568,1.100185513496399,0.9907553791999817,1.0265922546386719,1.057078242301941,0.9862000346183777,1.0020164251327515,1.0816010236740112,0.9500638246536255,1.0995404720306396,0.8722646236419678,0.7963815927505493,1.0675348043441772,0.9662074446678162,0.9784463047981262,0.9252819418907166,0.8963438272476196,0.8955793380737305,0.9003415107727051,,0.8782780170440674,0.974389910697937,1.0064388513565063,1.04290771484375,0.9861875176429749,0.993435800075531,1.0033557415008545,0.9801937341690063,0.9746595025062561,1.0784412622451782,1.0367591381072998,0.995976448059082,0.9938028454780579,1.118707299232483,0.9648355841636658,1.008413553237915,1.0563232898712158,1.1624807119369507,1.0841953754425049,1.0982098579406738,1.0345747470855713,1.0398846864700317,0.9951969981193542,1.0525349378585815,1.0547537803649902,1.0234203338623047,1.051376223564148,1.044575810432434,0.9878393411636353,1.0461398363113403,0.9606753587722778,0.9739636182785034,1.0453097820281982,0.9918218851089478,1.0248081684112549,1.015139102935791,,0.9498893618583679,0.9989733099937439,0.9872759580612183,0.8963412642478943,0.9202703833580017,,1.055246353149414,1.0483238697052002,,0.9394605755805969,0.9290555715560913,0.9096382260322571,0.8158720135688782,1.0029277801513672,,,1.0097018480300903,1.0109233856201172,1.1039226055145264,1.0989913940429688,0.9592295289039612,1.0434632301330566,1.0101995468139648,0.8878510594367981,0.9498656392097473,1.0814663171768188,1.1113260984420776,1.0933961868286133,0.997532069683075,0.8398757576942444,0.6806289553642273,0.9239703416824341,0.9196916818618774,1.0162036418914795,0.9842019081115723,1.0888926982879639,1.0171455144882202,0.969559371471405,0.96288001537323,1.1036486625671387,0.9754332304000854,1.1015418767929077,0.9897312521934509,1.104339361190796,1.0932077169418335,1.054336428642273,1.0621167421340942,1.068092703819275,1.128178358078003,1.1061569452285767,1.0070618391036987,,
rooster,0.5282394886016846,0.559502363204956,0.4294707179069519,0.2928957939147949,0.2878325581550598,0.3908314108848572,0.0,0.5932769775390625,0.34583592414855957,0.831504225730896,0.7659937143325806,0.30063652992248535,0.2727295160293579,0.45288950204849243,0.6099623441696167,1.0990440845489502,0.7832579016685486,1.131972074508667,0.33591705560684204,1.107346534729004,1.1226506233215332,1.183333396911621,1.1266798973083496,1.1545844078063965,1.0513523817062378,1.1188122034072876,1.104740858078003,1.090971827507019,1.0313349962234497,1.0742619037628174,1.070535659790039,1.0995235443115234,1.0937902927398682,0.9261417388916016,0.7867790460586548,0.9404675364494324,0.7263752818107605,0.9015375375747681,0.9471889138221741,1.0483484268188477,1.1109492778778076,1.1035816669464111,0.9826627373695374,1.043099284172058,1.093235731124878,1.0864288806915283,1.0107098817825317,1.0857229232788086,1.1058863401412964,0.991020143032074,1.0569112300872803,1.0762608051300049,1.0705573558807373,1.076122522354126,1.1359286308288574,0.9511273503303528,0.9927282333374023,1.0378268957138062,0.9329211711883545,0.9913576245307922,1.063863754272461,0.8862531781196594,1.0866224765777588,0.7654527425765991,0.7858772873878479,0.990890622138977,0.9939762949943542,1.0125408172607422,0.9498319625854492,0.9795978665351868,0.9070283770561218,0.9423803687095642,,0.822534441947937,0.9416020512580872,1.023045301437378,1.083144187927246,1.0601778030395508,0.9857302308082581,1.0102835893630981,1.0679552555084229,1.0388984680175781,1.0088889598846436,0.9787886142730713,0.9864863157272339,0.9758040308952332,1.036931037902832,0.8435195684432983,0.9428176879882812,1.0229167938232422,1.0890913009643555,1.0433861017227173,1.0287200212478638,0.9746403694152832,0.9699693322181702,0.9021167755126953,1.048818588256836,1.0247018337249756,1.0495880842208862,1.0695374011993408,1.0892846584320068,1.046593189239502,1.057889699935913,0.9488589763641357,0.9938257932662964,1.0748841762542725,1.0315189361572266,1.0488526821136475,0.9848775267601013,,1.0109516382217407,1.0322197675704956,1.0309135913848877,0.9200592041015625,0.9105526208877563,,1.0244746208190918,1.0670119524002075,,0.8813263773918152,0.9028969407081604,0.7698239088058472,0.7935169339179993,1.01222562789917,,,0.9945145845413208,1.0127582550048828,1.0974106788635254,1.104641318321228,0.9480440020561218,1.0044991970062256,0.9914404153823853,0.7930068969726562,0.8766922950744629,1.1159248352050781,1.1356322765350342,1.0986919403076172,1.0182312726974487,0.7816836833953857,0.5801994800567627,1.001642107963562,1.0044677257537842,1.0696086883544922,0.9676247239112854,1.0728785991668701,1.0906505584716797,1.0077810287475586,1.0110056400299072,1.1242034435272217,0.9542824029922485,1.1532278060913086,1.0299345254898071,1.1082797050476074,1.1269410848617554,1.107566237449646,1.1204577684402466,1.1455552577972412,1.17405366897583,1.1378601789474487,1.1250678300857544,,
penguin,0.7205693125724792,0.8278811573982239,0.677915096282959,0.5902917981147766,0.6493206024169922,0.5949357748031616,0.5932769775390625,0.0,0.4468057155609131,0.4893375039100647,0.9261260628700256,0.7590450048446655,0.5711478590965271,0.6283899545669556,0.8008604049682617,1.0235439538955688,0.7787081003189087,0.9866030216217041,0.48790597915649414,1.0888423919677734,1.0813630819320679,1.0839087963104248,1.0453805923461914,1.0301017761230469,0.8721415400505066,0.8971719145774841,1.069700002670288,1.0386264324188232,1.027051568031311,1.0531128644943237,1.1102123260498047,1.1239138841629028,1.1255608797073364,0.9220080971717834,0.8048786520957947,0.9916095733642578,0.9030177593231201,0.9693885445594788,1.065441608428955,1.019515037536621,1.040609359741211,1.12090265750885,1.025932788848877,1.082234263420105,1.0658667087554932,1.0604567527770996,1.0208109617233276,1.0339442491531372,1.0604625940322876,0.9858156442642212,1.0168840885162354,1.040140986442566,1.0096551179885864,0.9919903874397278,1.068030595779419,0.9519447088241577,0.9927213788032532,1.019168496131897,0.8673712611198425,1.011269211769104,1.046411395072937,0.9912599325180054,1.0435690879821777,0.8967756628990173,0.8845642805099487,1.0487797260284424,1.0136741399765015,1.0103037357330322,0.9552637934684753,0.9989511966705322,0.9991517066955566,0.9887388348579407,,1.0016000270843506,0.9302279949188232,0.9778700470924377,1.082288146018982,1.1041018962860107,1.032380223274231,1.1207553148269653,1.097646713256836,1.0639019012451172,0.9960896372795105,0.9815840721130371,0.991345226764679,1.083371877670288,1.0216788053512573,0.8894223570823669,0.996004045009613,1.081392526626587,1.006017804145813,1.1075879335403442,1.1141550540924072,1.096976399421692,1.038474202156067,1.0556674003601074,1.115355372428894,1.0118156671524048,1.0609761476516724,1.0051738023757935,1.0394673347473145,1.0450382232666016,0.989658772945404,0.9036253094673157,0.9752444624900818,1.0075761079788208,1.026206612586975,1.0316027402877808,1.0321297645568848,,0.9867181181907654,0.9634016752243042,0.9763466715812683,0.9640519618988037,0.9184157848358154,,0.9791218638420105,1.0264520645141602,,0.9430067539215088,0.9728535413742065,0.949430525302887,0.6969351768493652,0.9718489050865173,,,1.0353283882141113,1.0055071115493774,1.0624160766601562,1.057129979133606,1.0081590414047241,0.9678142666816711,1.0101206302642822,0.904946506023407,0.9138651490211487,0.9705641865730286,1.02821946144104,1.001872181892395,1.0296151638031006,0.8177535533905029,0.7492858171463013,0.8306443691253662,0.8132734894752502,0.8803884983062744,0.8274931907653809,0.919395923614502,0.9933592081069946,0.9888951182365417,0.9788708686828613,1.0098415613174438,0.9538252353668213,1.0394467115402222,0.9532899260520935,1.0432639122009277,1.0426054000854492,1.0121874809265137,1.041475534439087,1.0695478916168213,1.0227611064910889,1.0048460960388184,1.0152697563171387,,
bird,0.6833633184432983,0.7640307545661926,0.5398819446563721,0.4986025094985962,0.47960448265075684,0.6037944555282593,0.34583592414855957,0.4468057155609131,0.0,0.7234838604927063,0.7074596881866455,0.3525480628013611,0.5038926601409912,0.6531884670257568,0.7522846460342407,1.0791099071502686,0.8777961730957031,1.0305728912353516,0.4904288053512573,1.0921586751937866,1.0851184129714966,1.212813138961792,1.1875947713851929,1.214331865310669,1.0152684450149536,1.0796842575073242,1.1339073181152344,1.0749694108963013,0.959757924079895,1.0486139059066772,1.029538631439209,1.0091400146484375,1.0645824670791626,0.9427191615104675,0.7475302219390869,0.9588784575462341,0.8110957145690918,0.8743105530738831,0.8392981290817261,1.0523746013641357,1.139491319656372,1.0702846050262451,0.9668704271316528,1.0097312927246094,1.0659223794937134,1.1024811267852783,1.00160813331604,1.0492758750915527,1.0575993061065674,1.0283209085464478,1.1086878776550293,1.0992203950881958,1.1577460765838623,1.1073157787322998,1.138446569442749,1.0272225141525269,1.0643497705459595,1.0438414812088013,0.8041166067123413,1.010826826095581,0.9692501425743103,0.8949158191680908,1.04618239402771,0.7559919357299805,0.8445374965667725,0.924488365650177,1.0081137418746948,0.9793063402175903,1.0385587215423584,1.0035878419876099,0.9524948000907898,0.9793502688407898,,0.9214916825294495,0.8720195293426514,0.9790322184562683,0.9963537454605103,1.0446934700012207,0.8814056515693665,0.9413882493972778,1.0627799034118652,1.0468621253967285,0.9292914867401123,0.8701698780059814,1.003265619277954,0.9129130840301514,0.925976037979126,0.9187107682228088,0.8679662942886353,0.8630278706550598,0.9964214563369751,0.9177997708320618,0.8898270130157471,0.9135483503341675,0.9514368772506714,0.8461147546768188,1.0192441940307617,0.921987771987915,1.0259017944335938,1.037436842918396,1.006756067276001,1.0608824491500854,1.1435844898223877,0.9340917468070984,1.0210649967193604,1.0773472785949707,1.048749327659607,1.076337218284607,1.0525974035263062,,1.0598413944244385,1.1130421161651611,1.0858649015426636,0.9258275628089905,0.9808366298675537,,1.040648102760315,1.0865609645843506,,0.945250391960144,0.97588711977005,0.8611591458320618,0.7695789337158203,1.033371925354004,,,1.0149168968200684,1.0693165063858032,1.0771677494049072,1.1078273057937622,1.0098010301589966,1.1063792705535889,1.0833945274353027,0.9679082036018372,1.0138216018676758,1.0716845989227295,1.0694055557250977,1.1083585023880005,1.0691723823547363,0.9249488711357117,0.7522867918014526,1.0461385250091553,0.9707341194152832,1.0490554571151733,0.9985276460647583,1.1007380485534668,1.0531792640686035,0.9727709293365479,0.9661223888397217,1.1594594717025757,1.0096993446350098,1.1925371885299683,1.1437625885009766,1.0872077941894531,1.0232828855514526,1.1307846307754517,1.113581895828247,1.1315919160842896,1.1835922002792358,1.128421664237976,1.1218594312667847,,
duck,0.8876000642776489,0.9492886066436768,0.902468740940094,0.8359315395355225,0.8781321048736572,0.7873448133468628,0.831504225730896,0.4893375039100647,0.7234838604927063,0.0,0.8679399490356445,0.9141690731048584,0.8493905663490295,0.9136860370635986,0.9668301939964294,1.1199052333831787,0.9652881026268005,1.075844407081604,0.8445929288864136,1.1422456502914429,1.1547678709030151,1.1382427215576172,1.1038122177124023,0.9840232729911804,0.9572719931602478,0.9729301333427429,0.9817558526992798,0.9071937799453735,0.9281047582626343,0.9666690826416016,1.0061030387878418,1.027980089187622,1.0344128608703613,1.0267701148986816,0.9283700585365295,1.043608546257019,0.9290254712104797,0.9506438970565796,0.9934783577919006,1.0404354333877563,1.044482707977295,1.0303380489349365,1.059337854385376,1.0825133323669434,1.0665639638900757,1.0772109031677246,1.0168859958648682,1.068373203277588,1.0452855825424194,1.044370412826538,1.0587692260742188,1.0268243551254272,1.037979245185852,1.0120017528533936,0.996435821056366,0.9664142727851868,1.0556079149246216,1.0512267351150513,0.870983898639679,1.032663345336914,1.0251363515853882,1.0259934663772583,1.0726302862167358,0.8886935710906982,0.9290100932121277,1.0114350318908691,0.9218879342079163,0.9173527956008911,0.9218274354934692,0.8573181629180908,0.8940874934196472,0.9408161640167236,,0.9458288550376892,1.0073447227478027,0.8546366095542908,0.9575954675674438,0.9155728220939636,0.996628999710083,1.0384166240692139,1.028134822845459,0.9632229208946228,1.038214087486267,1.0299068689346313,0.9637759327888489,1.1451631784439087,0.9890203475952148,0.9688968658447266,0.9102112054824829,0.9913985133171082,1.0482553243637085,0.9699034690856934,0.98885178565979,0.920757532119751,1.0588165521621704,0.9802773594856262,0.9189125299453735,0.8899094462394714,0.9035811424255371,0.9982451796531677,1.0289924144744873,0.9824362397193909,0.9813560843467712,0.8984629511833191,1.0034183263778687,0.9511995315551758,0.9255918264389038,0.9186678528785706,0.9317754507064819,,0.9837003350257874,0.9860031604766846,1.0203522443771362,0.8938099145889282,0.8977295160293579,,0.9974661469459534,1.038529396057129,,1.0306142568588257,0.952457070350647,0.9833443760871887,0.7553442120552063,1.0125131607055664,,,0.9935153722763062,1.0054893493652344,1.0938761234283447,1.009665846824646,1.0240328311920166,1.0123378038406372,1.034428596496582,1.0199044942855835,1.0587575435638428,0.993998646736145,1.1150881052017212,1.0302739143371582,0.9879554510116577,0.8568059802055359,0.9458999633789062,0.9759489893913269,0.9429963827133179,0.960649311542511,0.9156896471977234,1.0742768049240112,0.9211734533309937,0.9484336376190186,0.9302053451538086,1.0792335271835327,1.0304043292999268,1.1038991212844849,1.0893845558166504,1.158629298210144,1.079479455947876,1.110708475112915,1.1070352792739868,1.1336088180541992,1.0967705249786377,1.0854021310806274,1.0778698921203613,,
fish,0.9701340794563293,0.9605111479759216,0.849423885345459,0.8341113328933716,0.8514231443405151,0.8545788526535034,0.7659937143325806,0.9261260628700256,0.7074596881866455,0.8679399490356445,0.0,0.6670193672180176,0.736384391784668,1.0478423833847046,0.9127973914146423,1.1829349994659424,1.0384520292282104,1.0519815683364868,0.968447208404541,1.1730074882507324,1.145420789718628,1.317594289779663,1.1408939361572266,1.1941059827804565,1.0339559316635132,0.8554337024688721,0.8523033261299133,0.6663855314254761,0.8174781799316406,0.8887816071510315,0.8740886449813843,0.7947340607643127,0.9957727789878845,1.1590185165405273,1.0320284366607666,1.0713568925857544,0.9685490131378174,0.9240893125534058,0.9133026599884033,1.2280224561691284,1.3345003128051758,1.1102712154388428,1.231513500213623,1.1277830600738525,1.2487926483154297,1.271332025527954,1.16440749168396,1.2668170928955078,1.2313251495361328,1.2530653476715088,1.3150336742401123,1.2262303829193115,1.341609239578247,1.2790974378585815,1.0928677320480347,1.072181224822998,1.2204797267913818,1.1969757080078125,1.0321332216262817,1.1098698377609253,1.0818545818328857,1.0068813562393188,1.1851426362991333,0.9651968479156494,1.0563737154006958,0.8724198341369629,0.7408695816993713,0.6603726744651794,0.8926810622215271,0.65921950340271,0.612358570098877,0.6597548723220825,,0.7044287919998169,0.7754770517349243,0.6416561007499695,0.5314666032791138,0.5335740447044373,0.6475685238838196,0.5536128282546997,0.7005165815353394,0.7288354635238647,1.220117449760437,1.132483720779419,1.1079539060592651,0.9552546739578247,1.0854177474975586,1.148364543914795,0.7992187738418579,0.684638261795044,1.1061010360717773,0.6415489912033081,0.6007263660430908,0.5084006786346436,1.0580711364746094,0.6830884218215942,0.5441334247589111,0.6934211850166321,0.6653571128845215,1.0712660551071167,0.6407919526100159,0.9462755918502808,1.1924983263015747,1.0822794437408447,1.0608100891113281,0.9398802518844604,0.8510074615478516,0.8537132740020752,0.7590335011482239,,0.969940721988678,1.0103760957717896,1.0102920532226562,0.7503032088279724,0.9853324890136719,,1.0332013368606567,1.128910779953003,,0.9801473617553711,0.8991016149520874,0.8963640332221985,0.932610809803009,1.1755450963974,,,0.7673848271369934,0.9380736351013184,1.1678082942962646,1.1570734977722168,1.0328789949417114,1.2488867044448853,1.2140989303588867,1.1159677505493164,1.2528808116912842,1.1803417205810547,1.2086701393127441,1.2244447469711304,0.8936416506767273,0.9800238013267517,0.9979572892189026,1.171700358390808,0.956613302230835,1.0759639739990234,1.1079368591308594,1.2949848175048828,0.8794559836387634,0.92876797914505,0.8721590042114258,1.294432520866394,1.2327756881713867,1.3135764598846436,1.1947882175445557,1.2313716411590576,1.170257329940796,1.3272507190704346,1.2765312194824219,1.2542033195495605,1.2930057048797607,1.2623330354690552,1.0854367017745972,,
butterfly,0.6838173866271973,0.7384159564971924,0.5834465026855469,0.5561832189559937,0.48844635486602783,0.6676945686340332,0.30063652992248535,0.7590450048446655,0.3525480628013611,0.9141690731048584,0.6670193672180176,0.0,0.4611860513687134,0.7160410284996033,0.721308708190918,1.1530053615570068,0.9324163198471069,1.1440588235855103,0.6525093913078308,1.101960301399231,1.111243486404419,1.219800591468811,1.151399850845337,1.2061225175857544,1.0523796081542969,1.0598245859146118,1.0733323097229004,1.0591011047363281,0.9965455532073975,1.077906847000122,1.0449912548065186,1.044281005859375,1.07235848903656,1.0258703231811523,0.882659375667572,0.9460901618003845,0.7781543731689453,0.9736420512199402,0.9211721420288086,1.1225736141204834,1.1846972703933716,1.1060583591461182,1.0480549335479736,1.067112922668457,1.1197203397750854,1.1066761016845703,1.0829066038131714,1.1077487468719482,1.1108285188674927,1.0805027484893799,1.1350992918014526,1.1239451169967651,1.137462854385376,1.177966594696045,1.1686986684799194,1.0351245403289795,1.0774435997009277,1.1026642322540283,0.9499320983886719,1.0476552248001099,1.046837568283081,0.9208201169967651,1.1166857481002808,0.7630675435066223,0.8089554309844971,0.9264844655990601,0.9440759420394897,0.9574559926986694,0.9559400677680969,0.9162153601646423,0.8136115670204163,0.8743510246276855,,0.7879169583320618,0.8543350100517273,0.9788249135017395,0.9407997727394104,0.9859982132911682,0.8674135208129883,0.8932158946990967,0.9809819459915161,1.0249876976013184,1.0478806495666504,0.9793588519096375,1.061968445777893,0.9704316854476929,1.0386375188827515,0.9172307848930359,0.9197537899017334,0.932398796081543,1.066321611404419,0.9076379537582397,0.8858197927474976,0.838491678237915,0.9878729581832886,0.8056979775428772,0.9939637184143066,0.9174213409423828,0.9637232422828674,1.1055816411972046,1.0172055959701538,1.061168909072876,1.1454582214355469,0.9527509808540344,0.9727467894554138,1.0914493799209595,1.0028529167175293,1.0325927734375,0.9725268483161926,,1.028049349784851,1.0556590557098389,1.029525876045227,0.8518182039260864,0.9630876183509827,,1.0685652494430542,1.0808299779891968,,0.9200783967971802,0.8860484957695007,0.8350897431373596,0.8584983944892883,1.0683941841125488,,,1.0164951086044312,1.0341941118240356,1.157625436782837,1.1016569137573242,1.001268982887268,1.0899229049682617,1.0730712413787842,0.8941004276275635,0.9797194600105286,1.1717758178710938,1.1405236721038818,1.1711610555648804,1.0533946752548218,0.8964771032333374,0.7428364753723145,1.1088786125183105,1.0417309999465942,1.0586528778076172,0.9874565601348877,1.1124416589736938,1.081832766532898,1.0298569202423096,1.029800534248352,1.1762958765029907,1.0614268779754639,1.2154079675674438,1.108442783355713,1.1022518873214722,1.133449673652649,1.149882435798645,1.1587607860565186,1.1660364866256714,1.237985372543335,1.2191780805587769,1.181296467781067,,
frog,0.6444721817970276,0.6171302795410156,0.6240096688270569,0.4586915969848633,0.5008751749992371,0.5117946267127991,0.2727295160293579,0.5711478590965271,0.5038926601409912,0.8493905663490295,0.736384391784668,0.4611860513687134,0.0,0.33642011880874634,0.5723679065704346,1.0379643440246582,0.6912841796875,1.1322261095046997,0.38315892219543457,1.1697747707366943,1.200214147567749,1.1364352703094482,1.0037988424301147,1.063681721687317,0.9899720549583435,1.1062486171722412,1.1019402742385864,1.143335223197937,1.048741102218628,1.1463466882705688,1.1220557689666748,1.149222731590271,1.1382877826690674,0.8491081595420837,0.7686707377433777,1.0232880115509033,0.825240433216095,0.9360753297805786,1.0487947463989258,1.103999137878418,1.1283458471298218,1.174599528312683,1.084193229675293,1.1538987159729004,1.2255264520645142,1.1970360279083252,1.0583261251449585,1.1707708835601807,1.2185547351837158,0.9741445779800415,1.0334556102752686,1.1115517616271973,0.9777692556381226,1.0122898817062378,1.1441679000854492,0.7953276634216309,0.8378479480743408,0.8852431774139404,0.9040781259536743,0.8580989241600037,1.0912245512008667,0.9153934717178345,1.0099653005599976,0.8033918142318726,0.8311183452606201,1.0089858770370483,0.9458036422729492,0.9250867366790771,0.8873803615570068,0.9333685040473938,0.8806146383285522,0.9174697399139404,,0.8553406000137329,0.9794857501983643,1.0324265956878662,1.1064624786376953,1.1402524709701538,1.017521619796753,1.1081957817077637,1.1499682664871216,0.9569241404533386,1.0260664224624634,1.0281434059143066,0.9728078842163086,1.0051056146621704,0.9694061875343323,0.5997122526168823,0.911609411239624,1.0985643863677979,1.0561069250106812,1.101091742515564,1.0834461450576782,0.96456378698349,1.0564974546432495,0.9560650587081909,1.0312916040420532,1.0373609066009521,1.0792886018753052,1.1689039468765259,1.110296607017517,1.0775269269943237,0.9603506326675415,0.9989122152328491,0.9719187021255493,1.046759009361267,0.9689778685569763,1.0041769742965698,0.831001341342926,,0.7616226673126221,0.586370587348938,0.7402199506759644,0.899945855140686,0.7109739780426025,,0.8771783113479614,1.1240404844284058,,0.8286786675453186,0.8034716844558716,0.7600358724594116,0.7222292423248291,0.9121474623680115,,,0.9864315390586853,0.9035529494285583,0.987858772277832,1.148107647895813,0.8752855658531189,0.7858861684799194,0.9776806831359863,0.7029681205749512,0.7965760827064514,1.0525614023208618,1.1364483833312988,0.8200124502182007,0.7258168458938599,0.45059841871261597,0.5003225803375244,0.7194442749023438,0.8426379561424255,0.9786393642425537,0.7941967248916626,1.0139390230178833,1.1567920446395874,1.0772404670715332,1.0828931331634521,1.0626236200332642,1.0172227621078491,1.0595160722732544,0.8140438795089722,1.1844439506530762,1.2002085447311401,1.1046690940856934,1.1496926546096802,1.186486005783081,1.1151106357574463,1.104683518409729,1.1420314311981201,,
