,alligator,ankle,apple,arm,ball,balloon,banana,basket,bathtub,bed,belt,bench,bib,bird,blanket,boat,book,bottle,bowl,box,bread,bucket,can,car,carrot,cat,chair,clock,closet,comb,couch,cracker,crayon,crib,cup,dog,doll,door,drawer,egg,elephant,face,finger,fish,flower,foot,fork,frog,glass,glasses,glove,gum,hair,hand,hat,horse,hose,jacket,jeans,knife,ladder,lamp,melon,mitten,motorcycle,muffin,nail,napkin,necklace,orange,oven,owl,pajamas,pants,paper,pen,pencil,pillow,pizza,plant,plate,pumpkin,purse,radio,raisin,refrigerator,rock,rooster,scissors,shirt,shoe,shorts,shovel,shower,sink,slipper,snow,soap,sock,spoon,sprinkler,strawberry,stroller,sweater,table,tape,toe,tooth,toothbrush,towel,toy,tray,vacuum,watch,window
alligator,0.0,1.1297731,1.4453177,0.63644403,1.3627914,1.3909198,1.2059287,1.0899659,0.8525636,0.5119002,1.3267782,0.73820406,0.5935477,0.81855786,0.68542856,0.7660562,1.1491249,1.3951575,1.3664947,0.96961206,1.4552917,1.3682842,1.4474905,1.2277732,1.073853,0.8881946,0.7041773,1.0813673,0.92800224,0.8174701,0.5228642,1.1789176,1.4816654,0.6664765,1.492529,0.82616454,0.72507125,0.8782747,0.9236699,1.403306,0.8334344,1.0009081,1.0872297,1.327578,1.1608945,1.109165,1.3241942,1.0357367,0.83518744,1.3444543,1.0698533,1.1976876,0.9208882,0.85880667,1.329319,0.7266331,0.7570616,0.7068501,0.65680563,1.393293,0.82455325,1.4795411,0.81573606,0.63466674,0.719232,1.336322,1.4497612,1.1881475,1.3658781,1.439573,1.1298373,1.0145764,0.6380364,0.7760093,0.7932268,1.4048858,1.4547998,0.9833317,0.7019907,1.4118373,1.3495159,0.7625944,0.7338618,1.2591271,1.2550546,1.0115026,0.9385553,0.9125371,1.2986612,0.62325335,0.8287948,0.9288695,1.2264597,0.7486315,1.1207955,1.4056973,0.86637944,1.231667,1.010388,1.4313902,1.2006708,0.96293783,0.7128941,0.77903354,0.72596496,1.3794873,1.1301495,1.320104,0.9962346,1.1179227,1.098392,0.8770586,0.8119024,1.4260879,0.8953068
ankle,1.1297731,0.0,0.72245187,1.0518806,0.7856841,0.89937025,0.8134693,1.1318209,1.2255039,1.3206921,0.56699705,1.121663,1.096572,1.105032,1.1571016,1.1920714,0.9663222,0.9961128,1.1828277,1.2571315,0.8960892,0.94911873,0.7482538,1.0131972,0.7316198,1.190802,1.1937263,1.1595622,1.239707,1.1326032,1.0946836,0.71779716,0.6998154,1.348727,0.98929083,1.1117804,1.2107073,1.3239937,1.0545917,0.9208032,1.1594722,1.1581156,0.32367718,0.7851958,1.2184317,0.3123536,0.8250488,1.1040145,1.2961355,0.3860805,0.8724791,0.91744727,0.9174981,0.68206847,0.6795274,1.1527071,1.2039444,1.1076267,0.95948696,0.82966864,1.3590438,0.99003774,1.1632999,1.06637,1.1842822,1.100922,0.5534691,1.0603582,0.4042976,0.6661133,1.0745457,1.1324862,1.089048,0.92055166,1.2556658,0.7287704,0.94073635,1.0064749,1.2238381,0.8646145,1.0223207,1.0929937,1.2206057,1.1986432,0.96978915,1.3246729,0.8872023,0.9816127,0.9529674,1.0370345,1.0087143,0.8035054,1.1263437,1.2110116,1.1030425,0.4354304,1.176005,0.94651926,0.9996783,0.8259214,0.5594755,1.263,1.2069569,0.8665433,1.2315605,1.0652931,0.5615239,0.50700724,1.0146854,1.0203193,1.2089406,1.132518,1.3477497,0.538691,1.1917238
apple,1.4453177,0.72245187,0.0,1.2818599,0.32512164,0.57045054,0.92257863,1.0362743,1.3727667,1.4826843,0.49640387,1.3617358,1.4139125,1.2008083,1.2765782,1.2653139,0.7612669,0.2066989,0.78283507,1.1888019,0.3690217,0.8601053,0.5850536,0.7877567,0.8137183,1.2818925,1.423445,1.0862192,1.3640072,1.3003546,1.4295692,0.800388,0.13213283,1.4405472,0.3305213,1.3254081,1.2903197,1.3756297,1.3225428,0.20878047,1.1965153,1.1245432,0.8773672,0.5074921,0.8968587,0.7811221,0.7956234,1.0169846,1.2931459,0.33232832,0.9734051,0.75330865,1.1509922,1.1784822,0.42855084,1.1709836,1.3982954,1.3118017,1.4230491,0.5202615,1.4513462,0.5581922,1.3289316,1.3544053,1.3212821,0.74854845,0.17948818,0.88245547,0.37725997,0.16112566,1.1795938,1.0490612,1.4339461,1.349604,1.285661,0.48432994,0.27062035,0.99486345,1.2317235,0.50239736,0.79012114,1.311057,1.2674191,0.7843077,0.31075472,1.3343399,1.1514112,1.1866591,0.7730448,1.3941457,1.2095214,1.1582632,0.9172831,1.2945662,1.1668942,0.33879042,1.1266634,0.6231799,1.0519229,0.661275,0.8791226,0.6929857,1.3834792,1.1491905,1.5091729,0.66384566,0.8473195,0.44832098,1.0937308,0.89831525,0.899543,1.3065999,1.4551533,0.19471502,1.2154572
arm,0.63644403,1.0518806,1.2818599,0.0,1.3365822,1.3536139,1.2533267,1.331685,0.7418302,0.5162132,1.1353009,0.7014219,0.49190694,0.865021,0.75042045,0.9150945,1.3304065,1.3296821,1.4019849,1.087932,1.3796481,1.4235289,1.4266582,1.302103,0.9566731,0.93252414,0.7687249,1.2205273,0.93736094,0.9148503,0.47206163,1.1061937,1.3509257,0.76196766,1.4525051,0.7568955,0.8588039,0.93517256,0.9244336,1.2874472,0.7331045,0.9418202,0.83123463,1.3203161,1.343884,0.8979742,1.4042351,1.2896111,0.91158825,1.1430401,1.0550766,1.1780856,0.7438774,0.6039379,1.4337351,0.8207396,0.67886347,0.69157565,0.52149904,1.4878618,0.9320939,1.4033906,0.8873194,0.80349624,0.8223372,1.2606882,1.2034137,1.3662564,1.1889609,1.3105755,1.1594708,1.1808032,0.49412924,0.63141686,0.84794486,1.3603005,1.3086478,1.1519781,0.98181254,1.4574219,1.3036397,0.7521898,1.109815,1.3373904,1.2239945,1.0285689,0.85618716,0.9755026,1.4191905,0.42284334,1.0603245,0.68125033,1.3219995,0.7515157,0.9972452,1.3458884,0.88610286,1.2701774,1.0486271,1.3773217,1.1197013,1.1001215,0.91500705,0.9567781,0.82361484,1.4271574,0.8796801,1.2291021,0.84557724,1.2732768,1.3340588,0.8939781,1.0116543,1.1924001,0.94083077
ball,1.3627914,0.7856841,0.32512164,1.3365822,0.0,0.3104524,0.75972676,1.0560702,1.3913887,1.4219143,0.6366613,1.3632915,1.3950092,1.1575055,1.2515165,1.2182533,0.7443369,0.49090648,0.7107327,1.1853979,0.4357602,0.77612007,0.6088689,0.8745275,0.91551363,1.1953725,1.3797655,0.92816156,1.3283145,1.3128543,1.36496,0.8336611,0.38602805,1.4060488,0.4503231,1.2511384,1.169288,1.4172144,1.3060375,0.4381801,1.2086191,1.0291791,0.9152426,0.5158074,0.8692347,0.8056357,0.7583431,0.838374,1.2962043,0.6383015,0.89334047,0.80776423,1.2031069,1.2309836,0.46146113,1.1532512,1.3909903,1.2914666,1.3364309,0.5381699,1.4886656,0.6253478,1.2319711,1.2710625,1.2582941,0.6728189,0.38728547,0.7839519,0.63246787,0.27215272,1.1937523,0.9518589,1.3869075,1.2703313,1.2490051,0.5094783,0.5418271,0.94391143,1.2413518,0.57900816,0.8233237,1.1810884,1.2464116,0.8807114,0.5606217,1.34454,0.96419775,1.1454463,0.73858726,1.3984487,1.1075485,1.1953895,0.9376646,1.2942181,1.1692244,0.48267442,1.1863556,0.6381045,0.9702811,0.58318555,0.90356034,0.88876253,1.2878056,1.086001,1.4621174,0.563892,0.8581197,0.58440244,1.1139327,0.7677902,0.64547896,1.2501084,1.4122157,0.494452,1.2830777
balloon,1.3909198,0.89937025,0.57045054,1.3536139,0.3104524,0.0,0.71305573,0.93555427,1.2376719,1.4687645,0.70632756,1.3455628,1.3484399,1.0516778,1.2570801,1.2546542,0.73909074,0.7609024,0.5953527,0.99130905,0.5328326,0.49432737,0.62143135,0.83969367,0.9019446,1.2294406,1.3812964,0.8928318,1.2755077,1.228276,1.4293745,0.75463325,0.6005554,1.3756241,0.4746073,1.2701387,1.1037948,1.2615283,1.1550069,0.6550916,1.2236327,1.1326488,0.8917597,0.6986277,0.87096405,0.8668173,0.6971563,0.8499279,1.2371829,0.856645,0.6591289,0.6486534,1.2149546,1.1037184,0.61435366,1.2067372,1.4513515,1.281698,1.3953086,0.6412882,1.3735163,0.61391485,1.1969054,1.1619662,1.2703336,0.6466761,0.5694337,0.66201246,0.7653047,0.48063838,1.0270115,1.0310816,1.4328644,1.3255426,1.0619181,0.6756432,0.7224765,0.93468356,1.0624921,0.7033451,0.72304547,1.1473569,1.0924922,0.76320237,0.7694421,1.2288363,1.1010759,1.007073,0.712255,1.3898709,1.0153344,1.1674525,0.7671921,1.2953111,0.9574375,0.6800811,1.249506,0.7002328,0.70592326,0.6560446,0.9266358,0.92478245,1.2972054,1.17694,1.3486725,0.38226295,0.82815766,0.7515347,0.99229157,0.737576,0.62411,1.1592146,1.3136961,0.6376146,1.2270416
banana,1.2059287,0.8134693,0.92257863,1.2533267,0.75972676,0.71305573,0.0,0.8497809,1.164112,1.3618424,0.8660832,1.1418486,1.2209352,1.1232334,1.2959695,1.1925936,0.8842093,0.97492826,0.8428591,1.0778383,0.59737074,0.6445482,0.67525107,0.94247043,0.76473397,1.1019952,1.1977143,0.9603337,1.1802049,1.2040987,1.2619892,0.61961854,0.80196446,1.3107315,0.80335706,1.074632,1.0854194,1.1615887,1.070285,0.91569537,1.256536,1.1925558,0.90562737,0.7946187,0.6416607,0.70592487,0.7906878,0.88460696,1.1299946,0.9833154,0.64321864,0.88041234,1.1850665,1.0250704,0.8057438,1.2759516,1.2580547,1.1564956,1.1537797,0.7439142,1.2521572,0.7491914,1.0084417,1.0900006,1.2160106,0.6503704,0.86881995,0.6634573,0.94124347,0.70800734,0.97872645,1.0381514,1.2725208,1.1151989,1.1512765,0.7714766,0.87726307,0.87607425,1.0655317,0.61628675,0.6970839,1.0354612,1.0165673,0.9410079,1.0162513,1.1003952,0.926758,0.9607383,0.77663827,1.1823102,1.0753804,1.0262853,0.70031047,1.2118275,0.90644574,0.77426744,1.3606567,0.7077984,0.80067533,0.8058184,0.91954947,1.0922982,1.2013456,1.0766289,1.2114774,0.72885317,0.79310346,0.77772045,0.8433066,0.7193779,0.90911865,1.1237133,1.14564,0.96098286,1.2181492
basket,1.0899659,1.1318209,1.0362743,1.331685,1.0560702,0.93555427,0.8497809,0.0,1.2142766,1.251857,1.0042354,0.999214,1.2779899,1.2545273,0.9395325,1.006101,0.7160822,0.89637285,0.7047294,0.7295509,0.92840815,0.5285069,0.6036546,0.57777977,1.1500767,1.070568,0.9586199,0.78517103,1.0025091,0.7529412,1.2903649,1.1163888,0.91467494,1.0293759,0.7222334,1.1374013,1.0488309,0.9663179,0.9679835,1.086248,1.2394174,1.1740172,1.230525,0.9495083,0.7271669,1.0861163,0.61815923,0.8914854,0.91966206,1.1464194,0.8375571,0.97553253,1.2460163,1.2748013,0.86473346,1.00197,1.1625897,1.15676,1.4181981,0.6398429,0.8537022,0.67859477,1.1216667,1.2281892,1.276554,1.0288692,1.0621926,0.50833553,1.0725439,1.0860088,0.6741928,0.92448395,1.4222475,1.3683584,0.93707645,0.77612776,0.7894193,0.47771823,0.94070035,0.6968337,0.84517074,1.2865802,0.49900466,0.38928288,1.0171876,0.77997196,1.133649,1.2177098,0.6583461,1.3733178,0.9429969,1.11062,0.5740205,1.3003814,0.9727421,0.84684396,1.0060074,1.0321169,0.85932183,0.724489,1.0844033,0.9146349,1.1049111,1.0697328,0.97662544,0.70183194,1.0411206,1.0661683,1.1114868,0.6175255,0.8844253,1.0833075,0.8073776,1.0329231,0.9150498
bathtub,0.8525636,1.2255039,1.3727667,0.7418302,1.3913887,1.2376719,1.164112,1.2142766,0.0,0.56556505,1.2064176,0.6712693,0.7978116,1.0416728,0.8877652,0.6836219,1.1979119,1.3372163,0.99948627,1.0150659,1.3146122,1.1020429,1.3765707,1.1497136,1.1133417,0.8128331,0.84121895,1.1707267,0.88820094,0.7266682,0.7729696,1.1297534,1.4396173,0.56786346,1.3507413,0.86608523,0.9492908,0.7760327,0.7840826,1.3027326,0.86944854,1.0488092,1.1925766,1.2173822,1.0784119,1.3194206,1.113194,1.1528915,0.7159708,1.262117,1.1827621,1.181201,1.007973,0.993209,1.5252026,0.9171127,0.6896596,0.927707,0.82030594,1.3335235,0.7005937,1.2575675,0.6977161,0.9130566,0.99323124,1.1041187,1.4171416,1.166777,1.3384941,1.4116583,0.91069007,1.0786531,0.8058295,0.861801,0.7625681,1.3966773,1.3703545,1.224932,0.7548518,1.4317608,0.6548425,0.73998463,1.1411513,1.3087084,1.3047738,0.81140304,0.8324786,1.0668502,1.2736013,0.8134612,1.1618589,0.9652982,1.0949945,0.6092834,0.24596083,1.4061096,0.8033204,1.1032985,1.0231951,1.209501,1.1862055,0.9388091,0.9663099,0.8819652,0.59399265,1.2120689,1.3335514,1.3846946,0.82682353,1.2386556,1.1666901,0.60436034,0.8070518,1.4152248,0.7829002
bed,0.5119002,1.3206921,1.4826843,0.5162132,1.4219143,1.4687645,1.3618424,1.251857,0.56556505,0.0,1.4208608,0.4522363,0.6087924,0.8492081,0.5214338,0.45620728,1.2340109,1.4262301,1.3459144,0.9473108,1.5474666,1.552043,1.5700071,1.3092201,1.2420375,0.78835964,0.48624063,1.169834,0.66618526,0.8600843,0.24466676,1.3065842,1.6254333,0.18643534,1.6015583,0.7292452,0.6312202,0.74093235,0.8351766,1.3960197,0.7602153,0.89072174,1.274178,1.4320785,1.1822257,1.3734336,1.4878356,1.1684916,0.6688895,1.4126133,1.4192231,1.3330998,0.891296,0.9946961,1.5661684,0.6401038,0.47005427,0.77031577,0.5697322,1.5797404,0.5723136,1.5545307,0.72940373,0.7611827,0.6940875,1.3490689,1.5383712,1.3534372,1.5015552,1.5341754,1.0556966,1.01911,0.49550045,0.6808085,0.6680735,1.5483352,1.5283526,1.0786606,0.7442208,1.5998435,1.3341146,0.75628006,0.9185878,1.3625196,1.3220087,0.84527296,0.8127056,1.0136133,1.4676389,0.5770157,1.0944709,1.0182403,1.367075,0.58139443,0.9990942,1.5902565,0.6731523,1.3148513,1.2505451,1.5043585,1.2760919,1.0875964,0.71187234,0.80426145,0.44950652,1.4581965,1.3295579,1.5117888,1.0759859,1.2500927,1.1141279,0.71498585,0.7037513,1.5458016,0.7806215
belt,1.3267782,0.56699705,0.49640387,1.1353009,0.6366613,0.70632756,0.8660832,1.0042354,1.2064176,1.4208608,0.0,1.1537524,1.3931873,1.294019,1.2686477,1.1816646,0.6786002,0.62537867,0.85894305,1.1636852,0.6531659,0.7750923,0.4870522,0.79712105,0.8643855,1.2074322,1.2812734,1.0494827,1.2375965,1.1547083,1.3236376,0.86601096,0.39164066,1.3717511,0.6341218,1.304545,1.3035423,1.3013259,1.0064498,0.65466464,1.1762697,1.265822,0.68779755,0.46721786,1.0435116,0.59542924,0.5474282,1.1085926,1.3126289,0.42025256,0.8647559,0.7898834,1.2263765,1.0821217,0.6899584,1.191531,1.2925915,1.3211088,1.2217919,0.54106873,1.384513,0.5787595,1.3298556,1.4112267,1.2910869,1.0562035,0.43357313,0.9375563,0.37380612,0.45027423,0.876482,1.1476045,1.3318417,1.139118,1.2173561,0.41094768,0.5322095,0.99665725,1.2111723,0.691237,0.6398617,1.2410846,1.3140075,0.861921,0.7526138,1.2667879,0.969771,1.2146114,0.8097094,1.3169428,1.1925323,1.033668,0.7962934,1.1824474,0.8741991,0.28856456,1.1748418,0.665229,0.90605617,0.47404718,0.8590444,1.0525681,1.3525324,0.9978916,1.3462697,0.74357116,0.8345037,0.66577995,1.030829,0.9777748,1.1461551,1.1752433,1.3813815,0.44475996,1.062777
bench,0.73820406,1.121663,1.3617358,0.7014219,1.3632915,1.3455628,1.1418486,0.999214,0.6712693,0.4522363,1.1537524,0.0,0.842886,0.99281895,0.6595819,0.82213634,1.1134161,1.3808255,1.2702645,0.8861605,1.3729985,1.2825508,1.1762586,1.0828948,1.2257818,0.9012697,0.37581003,1.2214165,0.69387347,0.8884642,0.38872582,1.2977664,1.4397142,0.6541743,1.468864,0.87882125,0.9214108,0.5944422,0.48063517,1.3811077,0.913507,1.1399523,1.1680175,1.3413022,1.1267705,1.1911708,1.1214569,1.366828,0.912937,1.302717,1.1819751,1.3165882,0.9873149,1.0200548,1.4117725,0.90172046,0.5735343,0.866726,0.5959176,1.247751,0.5668744,1.3108624,0.8625691,0.92407656,0.7777125,1.314332,1.3658944,1.1637377,1.339036,1.370059,0.74577117,1.16715,0.6547668,0.67174697,0.8152205,1.2094834,1.3028126,0.8788417,0.85592914,1.3419566,1.1992702,0.82504106,0.8559036,1.1203887,1.3062446,0.8230849,0.7618406,1.0637192,1.35084,0.74699235,1.0684733,0.9070072,1.0734265,0.7479804,0.8613881,1.2718211,0.94939566,1.3391597,1.042907,1.2231513,1.2857935,1.2291968,0.7027671,0.9394226,0.39517415,1.2719698,1.2655503,1.4559493,1.1182246,1.1037844,1.3342927,0.6726905,0.63932645,1.4042594,0.82182395
bib,0.5935477,1.096572,1.4139125,0.49190694,1.3950092,1.3484399,1.2209352,1.2779899,0.7978116,0.6087924,1.3931873,0.842886,0.0,0.8030675,0.7115569,0.9885211,1.2644908,1.4062223,1.3602391,0.9983304,1.4046831,1.3290567,1.4618576,1.2946368,1.0036558,0.9680826,0.824513,0.95738363,0.81899995,0.9661219,0.554006,1.0869776,1.5158097,0.7609545,1.4394662,0.8749626,0.7588941,0.83558655,0.9879125,1.3521379,0.9112573,0.76661134,0.9931002,1.4389052,1.2228329,1.1216432,1.3795483,1.0774437,0.86920065,1.2916151,1.1425747,1.0721742,0.71660316,0.7255148,1.3274223,0.8704632,0.7934622,0.49609303,0.5288458,1.5000355,0.82933736,1.4411137,0.84218335,0.68071204,0.8625472,1.1551726,1.3958433,1.2992909,1.1916013,1.4179263,1.1821424,0.9763553,0.43570113,0.6023333,0.7782539,1.4710917,1.4980004,1.0522139,0.7980164,1.4166906,1.2777706,0.6783307,0.9140506,1.3399708,1.2854536,0.9102061,0.94813424,0.86754876,1.4014794,0.1404844,0.94903433,0.65235806,1.367968,0.84674597,1.0389905,1.5133047,0.9843869,1.2812865,1.1354632,1.4304929,1.1001878,1.0814795,0.82410014,0.9070122,0.7483362,1.394958,1.1005168,1.2844255,0.85282886,1.2270724,1.1653091,0.8410853,0.89350235,1.3985907,0.90679085
bird,0.81855786,1.105032,1.2008083,0.865021,1.1575055,1.0516778,1.1232334,1.2545273,1.0416728,0.8492081,1.294019,0.99281895,0.8030675,0.0,0.99240375,1.0859971,1.192817,1.212351,1.2353996,1.0847882,1.1962516,1.1947378,1.3444664,1.2700177,0.98667115,0.9684696,0.9891347,1.1681843,0.93348515,0.9927812,0.8820794,1.0259913,1.2715628,0.90782,1.2544136,0.852591,0.8267348,0.901194,0.95640635,1.1834726,0.830874,0.962284,0.98485017,1.2961949,0.9947258,1.0661415,1.3536696,0.94353026,0.9786589,1.307009,0.8601884,0.9657987,0.8817081,0.7332289,1.1502458,1.0423564,0.8228998,0.9185554,0.79871017,1.3614194,0.9017739,1.34045,0.86679196,0.5303422,0.7122865,0.95276725,1.237584,1.1204063,1.2902604,1.2218244,1.1738232,1.0205189,0.77441204,0.8780053,0.91311026,1.3253169,1.2785122,1.167442,0.9678462,1.2506421,1.3583375,0.75217354,0.9300983,1.2201595,1.1899216,1.0149169,0.9650911,0.18258584,1.1314521,0.799664,0.7826548,0.9730369,1.2042255,0.9336529,1.225647,1.336828,0.98136526,1.1975267,0.8531271,1.310389,1.1906325,0.90395606,0.82629746,1.0069339,0.8717419,1.1970611,1.0105189,1.1829777,0.90465385,1.0828028,0.97855735,0.9307405,0.8887121,1.2221873,1.0955536
blanket,0.68542856,1.1571016,1.2765782,0.75042045,1.2515165,1.2570801,1.2959695,0.9395325,0.8877652,0.5214338,1.2686477,0.6595819,0.7115569,0.99240375,0.0,0.75050855,1.1085768,1.2514855,1.2184184,0.95466954,1.3059705,1.2104369,1.1962631,1.0460802,1.2293829,0.98804003,0.6497814,1.0364168,0.8530848,0.81161225,0.53221864,1.2085679,1.3483113,0.7890204,1.3163371,0.95636135,0.79601425,0.8776752,0.93078476,1.2672814,0.9164895,1.0244367,1.2000139,1.235722,1.2110634,1.1959023,1.1606904,1.122988,0.9796768,1.2635539,1.2294385,1.1930026,0.9528956,1.112058,1.1483376,0.41097438,0.88172656,0.8328568,0.7993849,1.2467101,0.8062828,1.2811999,0.98494613,0.8696449,0.9161556,1.2335489,1.3189149,1.0019574,1.2139499,1.3375974,1.0498296,0.9969674,0.7416762,0.8335129,0.89758646,1.2839507,1.3178002,0.40124077,0.7181594,1.264123,1.2757272,1.036301,0.78895867,1.0875114,1.1973248,1.0050591,1.024449,1.0951178,1.2245896,0.7787237,0.9632041,0.8719264,1.1664629,0.9394112,1.1008186,1.290245,0.67766213,1.2734907,1.1190169,1.2315978,1.1063615,1.101999,0.8728094,0.8874257,0.7438834,1.2476118,1.2199669,1.3240969,1.1462146,0.87254417,1.0505002,0.89547026,0.92904943,1.3027174,0.86459005
boat,0.7660562,1.1920714,1.2653139,0.9150945,1.2182533,1.2546542,1.1925936,1.006101,0.6836219,0.45620728,1.1816646,0.82213634,0.9885211,1.0859971,0.75050855,0.0,1.0801013,1.2113719,1.1493104,0.99000895,1.2961407,1.237286,1.2636487,0.93980867,1.1418861,0.843993,0.8463156,1.0857643,0.84898806,0.8428948,0.7630045,1.1176686,1.2794725,0.42920458,1.315584,0.8984882,0.80907094,0.901961,0.98887813,1.2187108,0.83542717,1.0547118,1.2266983,1.1332203,1.0184741,1.231371,1.1237063,1.035421,0.70054376,1.2203355,1.3200586,1.2422386,1.1091024,1.169207,1.3441749,0.6833197,0.78537816,0.97826624,0.9386489,1.204386,0.7533985,1.2376502,0.8751285,0.99350286,0.97864175,1.2526332,1.3296816,1.1328685,1.2632207,1.3078182,0.9666787,0.9767062,0.90104944,0.9502583,0.8438285,1.2604678,1.2852732,1.0117627,0.74133563,1.2803595,1.0753239,0.9485794,1.007555,1.0994859,1.2019508,0.8645438,0.9373352,1.160565,1.1707985,0.9581919,1.0707994,1.0740753,1.1069071,0.7986904,0.9355185,1.2599682,0.6926348,1.1896996,1.1848998,1.1673788,1.1367576,1.0018611,1.0348309,0.74725443,0.7979072,1.1711464,1.2537564,1.3297706,1.0861994,1.1274964,0.9598506,0.93877226,0.92190015,1.3048458,0.7819792
book,1.1491249,0.9663222,0.7612669,1.3304065,0.7443369,0.73909074,0.8842093,0.7160822,1.1979119,1.2340109,0.6786002,1.1134161,1.2644908,1.192817,1.1085768,1.0801013,0.0,0.72076344,0.6588361,0.7050663,0.8332483,0.6686821,0.6905737,0.86114836,0.99825513,1.1778154,1.2610364,0.8371374,1.1960965,1.0470887,1.3404028,0.97604203,0.6655066,1.0799216,0.6068791,1.2042964,1.0332586,1.268144,0.8886441,0.91825664,1.3234675,0.9759208,1.0376089,0.55466646,0.6949824,0.97175264,0.6260613,0.63885874,1.0875461,0.9522162,0.91746205,0.552385,1.2684171,1.2134125,0.69900507,1.2143463,1.264151,1.2663695,1.3808613,0.62777257,1.2225525,0.8358636,1.3258351,1.2269714,1.2215214,1.0371667,0.8551085,0.7677448,0.9115447,0.80380785,0.99290144,0.8207031,1.3835208,1.3493543,0.6793469,0.63790685,0.72835493,0.7765437,0.8715148,0.7513702,0.7810133,1.2300069,0.8773313,0.63827527,0.95142025,1.1935648,1.1287918,1.1937457,0.6731758,1.3832977,0.90913516,1.3359041,0.6856135,1.2234148,1.0177792,0.70116764,1.1091225,0.6290418,0.97123843,0.5868546,0.9878313,0.9722501,1.254152,1.1767495,1.0081325,0.6622979,0.9935467,0.87712085,1.012539,0.77987945,0.60343796,0.9342803,1.1455381,0.87156403,1.200502
bottle,1.3951575,0.9961128,0.2066989,1.3296821,0.49090648,0.7609024,0.97492826,0.89637285,1.3372163,1.4262301,0.62537867,1.3808255,1.4062223,1.212351,1.2514855,1.2113719,0.72076344,0.0,0.6877426,1.0407262,0.4788537,0.7632768,0.5018901,0.766822,0.96057814,1.1948473,1.3259405,0.9526909,1.1950734,1.2419999,1.4401885,1.0287122,0.23544693,1.3300595,0.22918928,1.3079301,1.2715734,1.2360986,1.2894175,0.28329325,1.1289355,1.0944766,1.1528296,0.50501806,0.8017044,1.0298821,0.82852423,1.0252748,1.1590118,0.54409045,1.0540661,0.8700602,1.2131743,1.3304969,0.48329407,1.1645157,1.3284302,1.2627804,1.4204633,0.44170344,1.3057058,0.46572924,1.3020537,1.3910372,1.2644587,0.7657968,0.3753972,0.799891,0.5370874,0.38241124,1.0254189,1.0614657,1.3969768,1.3506637,1.231478,0.5156301,0.16764903,0.9845933,1.2328241,0.3980677,0.7314132,1.3413877,1.1999319,0.63747865,0.3176614,1.0997143,1.2468997,1.2293193,0.67306715,1.4026375,1.1468761,1.2220571,0.82388765,1.2495356,1.0995843,0.47738272,1.0789181,0.6301845,1.0961115,0.6649524,1.0153673,0.6951041,1.2575176,1.1961324,1.4291753,0.72744113,1.0199119,0.60354036,1.1713845,0.8317965,0.8779409,1.2775252,1.2484028,0.38643134,1.1152692
bowl,1.3664947,1.1828277,0.78283507,1.4019849,0.7107327,0.5953527,0.8428591,0.7047294,0.99948627,1.3459144,0.85894305,1.2702645,1.3602391,1.2353996,1.2184184,1.1493104,0.6588361,0.6877426,0.0,0.7897744,0.6290945,0.54369706,0.76242155,0.84592927,1.1641513,1.042231,1.3095126,0.7957479,1.2176014,0.96194404,1.463214,1.0225867,0.7454884,1.1483071,0.4572128,1.151217,1.092248,1.2036226,1.0636307,0.78550595,1.2783041,1.0708052,1.2001784,0.71793187,0.762051,1.1386739,0.47213686,0.83716166,0.98626745,1.0326037,0.86340445,0.7909672,1.3464453,1.2705045,0.87060446,1.1677762,1.3372619,1.2397895,1.517262,0.45736802,1.2064368,0.62253284,1.0039877,1.3187774,1.3134601,0.741995,0.8523022,0.65150404,0.99585485,0.8254656,0.90268296,0.94698834,1.4650044,1.4681504,0.9757724,0.627096,0.63592017,0.89651495,1.0593162,0.7170111,0.5461554,1.170988,0.9294491,0.59680045,0.87236166,1.0029022,1.135496,1.1904142,0.6267011,1.4383783,0.99979293,1.3503004,0.65208614,1.1496309,0.7635864,0.69884455,1.1114883,0.70643777,0.86317027,0.45874333,1.0363396,0.8141878,1.2667453,1.1641705,1.0525662,0.35691476,0.9923872,0.9662672,1.0437144,0.7532001,0.68011516,0.6885536,1.092533,0.8720755,1.1629997
box,0.96961206,1.2571315,1.1888019,1.087932,1.1853979,0.99130905,1.0778383,0.7295509,1.0150659,0.9473108,1.1636852,0.8861605,0.9983304,1.0847882,0.95466954,0.99000895,0.7050663,1.0407262,0.7897744,0.0,1.1109507,0.7944286,0.95578986,0.9850966,1.0927591,0.98401666,0.8528578,0.87727684,0.8252069,0.925987,0.9772567,1.0974796,1.1639321,0.8125067,0.8992809,1.0480487,0.8430967,0.796779,0.7831395,1.1537355,1.0727938,0.9464352,1.2317371,1.0840586,0.886204,1.2727827,0.99578035,0.9813908,0.82623523,1.3028569,1.0655217,0.85765713,1.0809093,1.1035323,1.1086901,1.0831444,1.0252614,0.94001025,1.1044695,0.9865022,0.80682564,1.0624049,1.0397044,1.0167081,0.97174126,1.0573463,1.2269732,0.8774998,1.2433803,1.2325442,0.7892128,0.9650463,1.0711255,1.1048112,0.73992044,1.058104,1.0277009,0.90385544,0.9033229,1.0629817,1.0272795,1.1286994,0.6634543,0.6987344,1.1371086,0.7918397,1.1292288,1.1308845,0.92265964,1.0763284,0.8692368,1.143651,0.8391446,1.0218923,0.9800069,1.1741188,1.1045598,1.0282454,1.0203599,1.0316957,1.1658962,1.0460547,0.85989404,1.1451024,0.6655248,0.89607304,1.1126624,1.2432681,1.0548464,0.9044351,0.8038371,0.8066578,0.73313904,1.2369528,0.94911253
bread,1.4552917,0.8960892,0.3690217,1.3796481,0.4357602,0.5328326,0.59737074,0.92840815,1.3146122,1.5474666,0.6531659,1.3729985,1.4046831,1.1962516,1.3059705,1.2961407,0.8332483,0.4788537,0.6290945,1.1109507,0.0,0.70569474,0.5878152,0.7901809,0.8293383,1.230561,1.4194338,0.94201493,1.3300754,1.1875255,1.484432,0.71817267,0.3726619,1.4928731,0.43967855,1.2958765,1.2640948,1.3183916,1.2334737,0.3462124,1.2403138,1.1067752,1.001992,0.5605114,0.7698203,0.8545824,0.7367709,0.9472692,1.2500782,0.65824366,0.8789654,0.79472184,1.2100898,1.2294091,0.55898905,1.1947966,1.4522879,1.290793,1.4414442,0.5047853,1.4295802,0.4986933,1.1328793,1.3299093,1.3061788,0.25007868,0.45349485,0.72055066,0.6304134,0.23052573,1.087604,1.0120788,1.4586079,1.3753661,1.2608104,0.4611342,0.44037187,0.940856,1.2756076,0.4903196,0.62859017,1.2249812,1.186492,0.7641356,0.5167005,1.2389724,1.1325886,1.1474438,0.7243686,1.3981404,1.2102332,1.1856754,0.71500695,1.2987218,1.0180613,0.5185168,1.1684797,0.63424444,0.9746211,0.6097004,0.92239,0.8649403,1.3408155,1.1629851,1.4399569,0.5383098,0.89607185,0.61505675,1.0417043,0.7605687,0.8785918,1.1924858,1.3634057,0.54424745,1.2264082
bucket,1.3682842,0.94911873,0.8601053,1.4235289,0.77612007,0.49432737,0.6445482,0.5285069,1.1020429,1.552043,0.7750923,1.2825508,1.3290567,1.1947378,1.2104369,1.237286,0.6686821,0.7632768,0.54369706,0.7944286,0.70569474,0.0,0.44101447,0.61018586,0.93589765,1.2768778,1.1744245,0.83479106,1.1506183,1.0882978,1.4906055,0.87433255,0.73888296,1.3372166,0.37955213,1.3364856,1.2220277,1.0653402,1.0557842,0.9577161,1.2821523,1.2039568,1.0111821,0.7654722,0.7186,0.9067932,0.55064213,0.8713691,1.1003932,1.008946,0.5943459,0.7180996,1.2645037,1.1747258,0.67929494,1.1831384,1.3834774,1.2486444,1.4192976,0.5694254,1.0922068,0.5906946,1.1360731,1.2676154,1.3179443,0.78735286,0.8322394,0.48025614,0.91642225,0.830029,0.71990633,1.110248,1.4806747,1.3539134,1.0779676,0.7269019,0.7529867,0.6978859,1.0881746,0.5796711,0.62805307,1.2578428,0.8803769,0.49901402,0.98622876,0.8473615,1.1814227,1.076093,0.61884415,1.3906244,0.9419042,1.0758816,0.4404403,1.2769963,0.7842622,0.74616295,1.2885091,0.7317035,0.6648295,0.6350191,0.9332628,0.9854484,1.2119521,1.2064683,1.1822201,0.43692553,0.9247455,0.86205924,0.9285291,0.6103455,0.7945888,1.1123772,0.94649833,0.84817016,1.0900329
can,1.4474905,0.7482538,0.5850536,1.4266582,0.6088689,0.62143135,0.67525107,0.6036546,1.3765707,1.5700071,0.4870522,1.1762586,1.4618576,1.3444664,1.1962631,1.2636487,0.6905737,0.5018901,0.76242155,0.95578986,0.5878152,0.44101447,0.0,0.6581158,0.9253261,1.2543874,1.128775,0.94675195,0.9927619,1.1720512,1.3900185,1.0351119,0.43628716,1.4378011,0.39185482,1.3818359,1.3195175,1.0298204,1.0600852,0.7429741,1.249063,1.2371664,0.93271625,0.5834415,0.8265852,0.77937144,0.55568933,1.0791528,1.2514238,0.68647546,0.8641024,0.90404016,1.259721,1.2592826,0.54242253,1.1917357,1.4395261,1.2689965,1.3302758,0.3153032,1.2569144,0.33317482,1.3495142,1.4188716,1.3192563,0.90086895,0.53645253,0.5753734,0.513072,0.5501193,0.520858,1.1348921,1.4274142,1.2130673,1.2418653,0.33717132,0.3840773,0.7243389,1.2636136,0.399243,0.63139975,1.4256061,1.0520945,0.5361842,0.76084924,1.0155845,1.2107474,1.2957305,0.56652606,1.4408735,1.0922956,1.0483117,0.6404003,1.312226,0.95586866,0.38236415,1.280977,0.7626506,0.9386956,0.4876523,0.9208455,1.0884057,1.1576364,1.1152415,1.299414,0.64145875,0.8806511,0.7038756,1.1654265,0.66307014,0.9673734,1.276283,1.1784117,0.5308069,1.0025009
car,1.2277732,1.0131972,0.7877567,1.302103,0.8745275,0.83969367,0.94247043,0.57777977,1.1497136,1.3092201,0.79712105,1.0828948,1.2946368,1.2700177,1.0460802,0.93980867,0.86114836,0.766822,0.84592927,0.9850966,0.7901809,0.61018586,0.6581158,0.0,1.0938137,1.1212412,0.98810285,0.8905587,1.1571891,1.1176587,1.2990854,1.0210083,0.7366027,1.1566572,0.6744989,1.2162045,1.1918039,0.95687747,1.1439908,0.8850423,1.1066477,1.1795999,1.0924875,0.799517,0.8715423,0.9986081,0.65146685,0.96569854,1.0348135,0.8991087,0.8464924,0.99480754,1.1038096,1.2239392,0.70211357,0.9618521,1.1011059,1.1432484,1.2963578,0.68738914,0.9052736,0.70035064,1.1977899,1.3486974,1.2144252,0.9716412,0.84674937,0.7288446,0.90700555,0.84116757,0.7925282,1.0627327,1.3382668,1.237752,1.229962,0.79167217,0.7897847,0.72040546,1.0124362,0.5873994,0.83497787,1.2400838,0.93319863,0.5805347,0.8855157,0.78840816,1.1073853,1.1668463,0.78550243,1.2925026,1.1350764,0.9412263,0.73260707,1.1787516,0.94174075,0.7947223,1.0633787,1.0135326,0.94345105,0.7155674,0.93770486,1.0076146,1.1665386,0.97031325,1.2663891,0.7305201,1.0502031,0.9713291,1.1302077,0.7791668,0.92827386,1.3242477,0.9885312,0.82684755,0.8558558
carrot,1.073853,0.7316198,0.8137183,0.9566731,0.91551363,0.9019446,0.76473397,1.1500767,1.1133417,1.2420375,0.8643855,1.2257818,1.0036558,0.98667115,1.2293829,1.1418861,0.99825513,0.96057814,1.1641513,1.0927591,0.8293383,0.93589765,0.9253261,1.0938137,0.0,1.1794971,1.1792854,1.1118622,1.1880298,1.054589,1.1323278,0.3868891,0.6815214,1.1975082,0.90671444,1.1617988,1.0326031,1.2089585,1.0803365,0.92622566,1.0652622,1.0356532,0.7064471,0.89327437,0.97941715,0.70948607,1.0244626,0.9559913,1.0907722,0.8453562,0.920539,0.78218657,1.0428907,0.81107867,0.91236067,1.2003796,1.2155035,1.0391276,1.0183047,0.981498,1.2378352,0.96367943,1.1049876,0.93230265,1.110763,0.8765446,0.86255515,1.0670986,0.8023002,0.66786456,1.1638801,1.0653843,1.0737132,1.0330529,1.0917878,0.9235867,0.92089546,1.163745,1.1531764,0.96742916,1.0018822,1.0425673,1.1450806,1.1398237,0.9808077,1.2107424,1.0717323,0.98878646,0.79781467,1.0270313,1.0483998,0.91843563,0.98682594,1.1143538,1.0722255,0.89453685,1.1323359,0.85109645,1.0262984,0.99107796,0.8985569,1.0053874,1.1721395,1.0537286,1.2347958,1.045317,0.8051298,0.6052897,0.28615606,1.0618627,0.95051426,1.1365927,1.1725346,0.7808929,1.1583965
cat,0.8881946,1.190802,1.2818925,0.93252414,1.1953725,1.2294406,1.1019952,1.070568,0.8128331,0.78835964,1.2074322,0.9012697,0.9680826,0.9684696,0.98804003,0.843993,1.1778154,1.1948473,1.042231,0.98401666,1.230561,1.2768778,1.2543874,1.1212412,1.1794971,0.0,0.9085974,0.96193355,0.8643521,0.8663784,0.86592036,1.194032,1.3098123,0.8411606,1.2801167,0.16582775,0.9753065,0.860152,0.98433995,1.1473447,0.936184,0.896382,1.2332461,1.079893,1.0787331,1.1934203,1.1135495,0.96492743,0.86812055,1.1696303,1.1373718,1.2045549,0.8500905,1.054457,1.2655855,0.91095006,0.68466085,0.9253566,0.9063428,1.199087,0.80216277,1.1528845,0.851988,0.97511977,0.87914455,1.1160432,1.2665437,1.1592196,1.2449203,1.3203528,0.98932505,0.82013416,0.9215147,0.92933667,0.93266344,1.2230186,1.2255743,1.1720635,0.955459,1.0859598,0.9856942,0.9630925,1.0063925,1.1848283,1.1912758,0.86327595,0.8207537,0.89765155,1.1601882,0.9330047,0.98909044,1.0678761,1.1601962,0.82051575,0.84551823,1.2043669,0.80257875,1.2164129,1.0610029,1.1381111,1.1142915,1.0501138,0.909757,0.83044046,0.84227383,1.2002189,1.1690576,1.2172681,1.0394319,1.1596738,1.0543449,0.92929745,0.8345601,1.2978755,0.85726815
chair,0.7041773,1.1937263,1.423445,0.7687249,1.3797655,1.3812964,1.1977143,0.9586199,0.84121895,0.48624063,1.2812734,0.37581003,0.824513,0.9891347,0.6497814,0.8463156,1.2610364,1.3259405,1.3095126,0.8528578,1.4194338,1.1744245,1.128775,0.98810285,1.1792854,0.9085974,0.0,1.1261349,0.59172696,0.94206434,0.23683703,1.289613,1.4835949,0.64872634,1.386111,0.89015645,0.8519997,0.5317605,0.7574757,1.3902471,0.84698534,1.0832828,1.1628615,1.398564,1.1829811,1.1874597,1.212489,1.3034574,0.92953783,1.3645458,1.1997452,1.3812785,0.954553,1.0221107,1.3417459,0.85844904,0.5255425,0.8549712,0.57961035,1.3058767,0.36636186,1.285851,0.8424843,0.90978265,0.62328404,1.3301442,1.3914063,1.1396834,1.377412,1.4427547,0.68844134,1.1856823,0.6331389,0.62861115,0.95204353,1.3222197,1.3400258,0.88768005,0.9786375,1.3019538,1.3526187,1.0021868,0.76196074,1.0583705,1.2937307,0.61097467,0.8104443,1.0556774,1.262856,0.7648232,1.0405537,0.82790893,1.0922852,0.75654,1.0361743,1.3653865,1.0501134,1.3443124,1.1104703,1.2880127,1.2725078,1.2803456,0.41914618,1.0174937,0.46905285,1.345887,1.2351923,1.4343204,1.1114104,1.066017,1.2634015,0.8400923,0.3545283,1.4360005,0.7266631
clock,1.0813673,1.1595622,1.0862192,1.2205273,0.92816156,0.8928318,0.9603337,0.78517103,1.1707267,1.169834,1.0494827,1.2214165,0.95738363,1.1681843,1.0364168,1.0857643,0.8371374,0.9526909,0.7957479,0.87727684,0.94201493,0.83479106,0.94675195,0.8905587,1.1118622,0.96193355,1.1261349,0.0,1.0356387,0.9478469,1.2339132,1.0483148,1.0072979,1.0671872,0.86287045,0.9729678,0.9545445,1.0597224,0.9420042,0.96395123,1.1345488,0.8458415,1.1430587,0.9486973,0.9615988,1.1241212,0.886615,0.733633,1.0225956,1.092757,1.0416288,0.87700295,1.0564445,1.1672702,0.8767067,1.0022917,1.1270558,1.0706484,1.2277858,0.8465197,1.0456476,0.8272935,1.0421596,1.12024,1.0477967,0.85663027,1.0455463,0.9058784,1.0626196,1.0290297,0.9792538,0.7569966,1.1939924,1.190197,0.99843895,0.9310811,0.97129416,0.8931051,0.97752744,0.9225089,0.89481795,1.0554224,0.9164206,0.77838767,0.9240932,0.9078785,1.114298,1.1009748,0.84448135,1.1333722,0.971638,1.1536992,0.86700314,1.0786046,1.0733397,1.0179754,1.0150276,0.90407366,1.0575198,0.90241146,0.9386552,1.0914065,1.0615318,1.112582,1.0907761,0.78191745,1.0079832,0.99156207,1.0978496,0.9687685,0.7315355,0.98851633,0.95470107,1.054132,0.9999106
closet,0.92800224,1.239707,1.3640072,0.93736094,1.3283145,1.2755077,1.1802049,1.0025091,0.88820094,0.66618526,1.2375965,0.69387347,0.81899995,0.93348515,0.8530848,0.84898806,1.1960965,1.1950734,1.2176014,0.8252069,1.3300754,1.1506183,0.9927619,1.1571891,1.1880298,0.8643521,0.59172696,1.0356387,0.0,0.94593734,0.6675658,1.2984494,1.412807,0.652686,1.2822378,0.93018353,1.0519199,0.25169545,0.69022226,1.276459,0.8443515,0.92968935,1.2272295,1.2403221,1.1118457,1.329624,1.2835963,1.2220869,0.8019279,1.2926121,1.3523848,1.2204435,0.88963366,1.0851047,1.2843785,0.9891206,0.66644263,0.8029047,0.67443615,1.2964325,0.59623444,1.1203768,0.86007935,0.98918426,0.730146,1.2309833,1.3779445,1.1694247,1.2507186,1.3481812,0.56123453,1.1070822,0.6821729,0.65068865,0.8809533,1.3070487,1.2667243,1.1402919,0.9876609,1.2216108,1.1702138,0.9841561,0.92124736,1.0418003,1.1946622,0.50937927,0.9765028,0.99771947,1.2307847,0.7287844,1.1103538,0.9573574,1.1121492,0.61422336,0.9655785,1.3891613,1.0280079,1.2579547,1.2655971,1.2842482,1.1699386,1.197941,0.56612176,0.9714556,0.6208483,1.3266991,1.2977692,1.3831728,1.1816012,1.1468213,1.2334981,0.86296713,0.6728107,1.3633363,0.64099205
comb,0.8174701,1.1326032,1.3003546,0.9148503,1.3128543,1.228276,1.2040987,0.7529412,0.7266682,0.8600843,1.1547083,0.8884642,0.9661219,0.9927812,0.81161225,0.8428948,1.0470887,1.2419999,0.96194404,0.925987,1.1875255,1.0882978,1.1720512,1.1176587,1.054589,0.8663784,0.94206434,0.9478469,0.94593734,0.0,0.99629146,1.1402148,1.2398987,0.7913353,1.2711262,0.98001766,0.9616201,0.96474904,0.8287795,1.2342311,0.8680143,1.0685077,1.1344151,1.1192955,1.1642491,1.1889852,0.9208801,1.033381,0.8995807,1.2242365,1.1537381,1.1168021,1.1109613,1.0577354,1.3257891,0.898553,0.87399006,1.0720625,1.0605949,1.03123,0.8816687,1.1518555,0.7902559,0.9714484,1.0560277,1.0941275,1.3057133,1.0900679,1.253554,1.3159506,0.8121208,0.9109653,1.0181549,1.1054404,0.7334176,1.0629029,1.1355356,1.0179574,0.93448883,1.3031127,1.0647006,0.9112255,0.9762216,1.0369799,1.1828002,0.90950847,0.9870894,1.0763329,0.9343669,1.0358975,0.93197376,1.058196,0.88579667,0.93152803,0.87370336,1.1649644,0.59456265,1.1015029,0.9792945,1.0062637,1.0433198,0.94556534,1.0169392,0.91933215,0.78174615,1.1058252,1.1334583,1.2134336,0.9818287,1.1565683,1.0963067,0.69179106,0.8922457,1.2415508,0.91358364
couch,0.5228642,1.0946836,1.4295692,0.47206163,1.36496,1.4293745,1.2619892,1.2903649,0.7729696,0.24466676,1.3236376,0.38872582,0.554006,0.8820794,0.53221864,0.7630045,1.3404028,1.4401885,1.463214,0.9772567,1.484432,1.4906055,1.3900185,1.2990854,1.1323278,0.86592036,0.23683703,1.2339132,0.6675658,0.99629146,0.0,1.2234017,1.5696232,0.61310697,1.5777564,0.7688993,0.73446864,0.69703543,0.8423331,1.3858411,0.7918345,0.9329411,1.0516412,1.4477086,1.3031148,1.1134042,1.4409736,1.3010833,0.94096375,1.2786845,1.2744753,1.3781124,0.7797632,0.8461347,1.4176383,0.74606574,0.53885937,0.65580845,0.38464665,1.5161273,0.65905356,1.4993786,0.79500043,0.7347644,0.6307967,1.3383076,1.3800282,1.3255529,1.314335,1.4331257,0.9687992,1.1381491,0.40131658,0.46997434,0.8855885,1.452143,1.4854763,0.98131764,0.9135766,1.5195533,1.4572191,0.8286671,0.9027598,1.361123,1.2925802,0.90413755,0.7537285,0.9926632,1.4893942,0.46136028,1.064442,0.82382905,1.3995779,0.7124032,1.0976691,1.4323416,0.958135,1.3614743,1.1892204,1.4588544,1.2104166,1.2408361,0.5551502,0.88835955,0.5322026,1.4861028,1.159756,1.405848,1.0751001,1.1789739,1.2952513,0.7907787,0.7199029,1.4314141,0.8187892
cracker,1.1789176,0.71779716,0.800388,1.1061937,0.8336611,0.75463325,0.61961854,1.1163888,1.1297534,1.3065842,0.86601096,1.2977664,1.0869776,1.0259913,1.2085679,1.1176686,0.97604203,1.0287122,1.0225867,1.0974796,0.71817267,0.87433255,1.0351119,1.0210083,0.3868891,1.194032,1.289613,1.0483148,1.2984494,1.1402148,1.2234017,0.0,0.6948772,1.3141,0.9013918,1.1371098,1.0833424,1.2727985,1.0787143,0.8234887,1.1187408,1.0621449,0.61873955,0.93367225,0.89669406,0.6606828,0.9328814,0.83522767,1.1260397,0.79332745,0.8171426,0.62023425,1.0266535,0.7650686,0.82351774,1.1425183,1.2189481,1.1586394,1.1676297,0.9760334,1.2796342,0.97460055,1.1415145,1.018088,1.1428154,0.72985053,0.74296796,1.0132984,0.7712531,0.6272107,1.2713499,0.9811359,1.2156419,1.1582553,1.1594205,0.94655514,0.95079416,1.0441395,1.0395988,0.9391212,0.9335863,1.0466839,1.1380165,1.0639298,0.94018203,1.2832683,0.99715114,0.8843673,0.8698813,1.1170629,0.96128446,1.0171571,0.9065231,1.207348,1.0792783,0.8295503,1.1411065,0.8150231,0.92845,0.96831995,0.76923007,1.0633359,1.235538,1.1456995,1.2898161,0.83761835,0.72335804,0.6204853,0.4793619,1.0466553,0.8488802,1.2002348,1.2774862,0.7557634,1.234467
crayon,1.4816654,0.6998154,0.13213283,1.3509257,0.38602805,0.6005554,0.80196446,0.91467494,1.4396173,1.6254333,0.39164066,1.4397142,1.5158097,1.2715628,1.3483113,1.2794725,0.6655066,0.23544693,0.7454884,1.1639321,0.3726619,0.73888296,0.43628716,0.7366027,0.6815214,1.3098123,1.4835949,1.0072979,1.412807,1.2398987,1.5696232,0.6948772,0.0,1.516913,0.31045383,1.3949275,1.3165323,1.430279,1.2536454,0.312248,1.2494006,1.1500964,0.83757114,0.38868392,0.80828094,0.70819783,0.60277116,0.9243912,1.3318288,0.35130626,0.85133094,0.7445588,1.2764612,1.2068472,0.40586865,1.2343271,1.4962207,1.3917956,1.5109328,0.32912886,1.4743298,0.3966456,1.4050114,1.4190813,1.3658719,0.7729819,0.22179627,0.795793,0.33413446,0.18791616,1.1078556,1.0160972,1.5373869,1.4372336,1.332169,0.28572738,0.16031384,0.942266,1.2660701,0.37049997,0.69078124,1.415883,1.239882,0.69539446,0.39633155,1.3709725,1.2279594,1.2286693,0.536868,1.5180955,1.1549613,1.1660205,0.7247281,1.3738639,1.1474015,0.24294102,1.1345654,0.57792795,0.9593626,0.47014564,0.8139946,0.7914322,1.4453753,1.1523759,1.5897493,0.60564977,0.79187685,0.3508569,0.90455306,0.83673155,0.84072876,1.3744178,1.4308455,0.16795373,1.2415072
