,alligator,ankle,apple,arm,ball,balloon,banana,basket,bathtub,bed,belt,bench,bib,bird,blanket,boat,book,bottle,bowl,box,bread,broom,bucket,butterfly,can,car,carrot,cat,chair,clock,closet,comb,cookie,couch,cracker,crayon,crib,cup,deer,dog,doll,door,drawer,egg,face,finger,firetruck,fish,flower,foot,fork,frog,glass,glasses,glove,grass,gum,hair,hand,hat,horse,hose,jacket,jar,jeans,knife,ladder,lamp,melon,mitten,motorcycle,mouth,nail,napkin,necklace,orange,oven,owl,pajamas,pants,paper,pen,pencil,pig,pillow,pizza,plant,plate,pumpkin,purse,radio,refrigerator,rock,rooster,scarf,scissors,shirt,shoe,shovel,sink,slide,slipper,soap,sock,soup,spoon,sprinkler,strawberry,stroller,sweater,swing,table,tape,toe,tooth,toothbrush,towel,toy,tray,tree,truck,vacuum,watch,window,zebra
alligator,0.0,1.1698691,1.0774233,1.0447605,1.0188669,0.974224,0.71228766,1.0211468,0.9795657,1.0162445,0.8424048,1.198013,1.1505945,0.924054,0.9480061,1.0496886,0.894964,1.0448033,1.0001793,1.0170019,1.0499141,1.0002774,1.0131974,0.69018555,1.0681298,1.1231552,1.0655526,0.8487131,1.1038498,0.9481631,1.0910445,1.0640173,1.1213193,1.1593045,1.0272105,0.8170593,1.0156537,1.0574157,0.77959067,0.7930819,0.8903494,1.0320052,0.8358378,1.0878596,0.9298932,1.1198145,1.168032,0.43302304,0.8020657,1.0881895,0.92202187,0.4054581,0.986551,1.0598118,1.043834,1.103133,0.97021747,1.0558913,1.0603637,1.0582649,1.1865872,1.0365394,1.2115458,1.098536,1.0961567,1.0260135,1.1804062,0.9384544,0.86534375,0.97531104,1.2059784,0.9695897,1.1286242,0.79425,0.95411247,1.1394413,1.1363403,0.9806874,1.1094221,1.0823809,1.0454849,0.72429794,0.7354614,0.68539226,0.76498663,1.109444,0.568901,0.9795848,0.8476246,0.84247124,1.1115936,1.1607883,0.930956,0.57993644,1.0943682,0.88391644,1.1346054,1.0237073,0.9883402,0.98148423,0.91168976,1.0301046,1.07898,1.1187688,1.1369112,1.0787467,1.1126268,0.9944472,1.1018332,1.1379677,0.9648397,1.1117848,0.93448204,1.1864423,1.0541406,0.9855404,0.7328842,0.73450315,1.1394804,1.0321764,1.089206,1.0712616,1.1918976,1.1592999,1.1500834
ankle,1.1698691,0.0,0.70101154,1.2567782,0.8074492,0.61310446,0.74755454,1.2007332,1.4197543,1.2706407,0.695914,0.9976551,1.0793524,0.66435957,1.0895715,1.302041,1.1563315,0.63567024,0.74271786,1.184891,0.68003875,1.2965884,0.7967378,0.75676596,0.6844809,0.8129691,0.8551966,1.2071863,1.1953785,0.9707085,1.2926503,1.1421522,1.2193656,1.2309165,1.097458,0.72050774,1.3423524,0.8915118,1.1548843,1.1500132,1.0039526,1.1495199,1.1192727,0.74041414,1.2379916,0.6622611,1.1513759,0.86899537,0.80252635,0.890057,1.0328516,0.8846694,1.2897046,0.68867314,0.18893409,1.2870631,0.94652134,1.178375,1.0952866,0.4698807,0.9905763,1.417809,1.1643709,0.90430963,1.061158,1.0383557,1.3609129,0.7323793,1.020525,1.027865,1.1794951,0.8602507,0.5644097,0.83244234,0.8716706,0.96786237,1.169071,1.0411074,0.7461827,0.98916996,1.2007327,0.80967236,0.87980884,0.8554944,0.77735776,1.0719695,1.1500745,0.93355215,1.033963,1.1218241,0.8432045,1.2516985,0.922153,0.76679575,1.1214057,1.0476729,1.0921748,0.8553513,1.1447244,1.257227,1.1896945,0.40568054,0.77864814,0.05855924,1.2715213,0.6214012,1.3014884,0.771999,1.1816056,1.189478,1.2580166,1.4499042,0.6788424,0.2308824,0.76495576,1.1141741,0.8874384,1.0616026,1.1519607,1.2438384,0.9168038,1.3959751,0.6595101,1.2184253,1.1359537
apple,1.0774233,0.70101154,0.0,1.031692,0.5606366,0.6657872,0.62509716,1.3387997,1.34818,1.3200889,0.7237442,1.1882377,1.1035995,0.85238075,1.2968527,1.303292,1.2947422,0.65854347,0.8882673,1.2920007,0.48407078,1.308894,1.1442151,0.786132,0.66139925,0.79050195,0.55210567,1.1861182,1.2989097,1.0810579,1.3301892,1.275238,1.2387468,1.1562324,0.99638957,0.44017148,1.4148537,0.92651457,1.2096194,1.1692445,1.0006577,1.157459,0.9220154,0.5899948,1.2277445,0.3607688,1.2054819,0.71067244,0.9569137,1.186947,0.8277438,0.8312455,1.1062921,0.4636225,0.71442,1.2759609,1.0193435,0.9743914,0.8491492,0.4933831,0.9497307,1.3547295,1.0922252,1.1484156,1.1968224,0.90196776,1.4336673,0.73246324,1.2521608,1.175172,1.3025304,0.5470196,0.23096561,0.99936515,0.81607026,0.7362777,1.2516096,1.0908962,0.58821416,0.90768635,1.2785468,0.61368304,0.71220803,0.75477535,0.89229935,1.1694636,0.95908356,1.1055348,0.69642824,1.1801928,1.113612,1.3457794,0.98828053,0.71041656,1.2259252,1.2393082,1.1382034,1.1379192,1.2941271,1.1517719,1.254863,0.49641478,0.47563326,0.6524515,1.1794407,0.85446686,1.2478497,0.19008368,1.2753313,1.1988729,1.2691498,1.474196,0.73205906,0.37056136,0.8075302,1.2297307,1.1653059,1.0849674,1.0975128,1.2310838,1.071793,1.3668528,0.324524,1.3000714,1.1841531
arm,1.0447605,1.2567782,1.031692,0.0,1.1896821,1.3246247,1.1834035,0.9238332,0.63708663,0.9381051,1.2718995,1.2387235,0.6643936,1.3280528,0.8970032,0.8072914,0.8103062,1.3094195,1.2457588,0.85053164,1.2280617,0.93441325,1.0706781,1.1687059,1.3358432,1.3113087,1.1192185,0.93621707,0.8891912,1.1999338,0.78953326,0.9417744,0.86244136,0.7842789,0.91024595,1.3356011,0.9271375,1.0729138,1.1170341,0.9896145,0.91440225,0.9292106,0.9740512,1.2188029,1.0030326,0.9403568,0.96522266,1.3234465,1.1162105,1.0385566,0.92341393,1.2930298,0.53474367,1.2428088,1.2084316,0.95212126,0.9897881,0.608742,0.55431217,1.3727813,1.054035,0.83216596,0.6450416,1.1199335,0.80125886,1.0808799,0.92403704,1.3502719,1.0062442,0.8969192,0.9989589,0.96741503,1.2004015,1.1215641,1.0576262,1.0761521,0.9501973,1.1024846,0.78766227,0.7544721,0.86505,1.2137291,1.2419536,1.1214836,1.1442795,0.9447046,1.0042561,1.1070259,1.0280547,0.94425744,1.2934093,0.86961997,1.2084287,1.2714125,0.9191357,1.0165623,0.6373135,1.0632801,1.0592752,0.95940346,0.97721875,1.3856226,1.2567432,1.2850276,0.7836079,1.2040664,0.8497685,1.1237359,0.93051034,0.50199115,0.9035453,0.67548895,1.301506,1.1532818,1.2975821,0.8231408,1.0994165,1.0566202,0.86545855,0.9402381,1.2692857,0.8796945,1.2438881,0.92004025,0.99458694
ball,1.0188669,0.8074492,0.5606366,1.1896821,0.0,0.292745,0.7362819,1.2135718,1.4389607,1.2436861,0.8893807,1.166581,1.291794,0.8059233,1.3183628,1.2165644,1.2672582,0.5320131,0.6821702,1.1388019,0.46834803,1.2665058,0.92585945,0.8080799,0.6981441,0.7823851,0.6290417,1.0928136,1.3918564,0.93070513,1.2613754,1.3014162,1.124944,1.2859324,1.1101894,0.60135525,1.3160286,0.7859954,0.9801947,1.0594931,0.909034,1.1362911,1.1425999,0.11812687,1.1293573,0.78461796,1.1461103,0.71670616,0.82071346,1.1908349,1.1313238,0.81876147,1.2235131,0.68662643,0.96344006,1.2422725,0.7315515,1.1825271,1.0674517,0.61195177,1.1115687,1.2525628,1.2722459,0.89922744,1.3556383,1.0399665,1.3251467,0.64410233,0.8066238,1.2886467,1.2596995,1.026354,0.48037755,1.0953497,0.9145975,0.5097747,1.2171009,1.0933621,0.9938146,1.1860195,1.1497294,0.8090106,0.7707288,0.8483592,1.0393687,1.1016216,1.0182941,0.79010606,0.94248873,1.1525478,0.9370631,1.29583,0.8256119,0.8186212,1.1905503,1.1925318,1.2773902,1.0865948,1.1460706,1.0891775,1.1012605,0.73667455,0.517805,0.79961014,1.041874,0.50067556,1.1682231,0.6219006,1.2830565,1.2497846,1.238076,1.4195766,0.55730706,0.6468884,0.7369032,1.1755674,1.2142102,0.7705749,0.90524304,1.1546739,1.0651634,1.2980932,0.6226795,1.3121428,1.1060963
balloon,0.974224,0.61310446,0.6657872,1.3246247,0.292745,0.0,0.78494644,1.3063644,1.5452515,1.3437543,0.7065098,1.0097467,1.3052917,0.47861236,1.3583517,1.3307722,1.2965441,0.43561554,0.6270435,1.2560563,0.5580166,1.4135344,0.9149477,0.6751136,0.4644276,0.6124475,0.64576834,1.1693385,1.4735954,0.8513778,1.3383676,1.2075548,1.1166898,1.4272634,1.0759933,0.44377744,1.3967392,0.85175693,0.9813477,1.1323446,1.0315659,1.1472744,1.2709066,0.35644382,1.1004623,0.83736855,1.182798,0.56734335,0.64993906,1.1359863,1.1311381,0.6696378,1.3563014,0.5795834,0.77986586,1.2765942,0.7248707,1.2812253,1.1986508,0.48447692,1.1174945,1.4295524,1.3878455,0.91041595,1.3828568,1.0314878,1.4333776,0.42454445,0.7079689,1.3085439,1.2898829,1.0277008,0.5006443,0.98540324,0.89681673,0.64228356,1.1981605,0.99184394,1.005834,1.3083144,1.1640949,0.6742145,0.56321275,0.86606956,0.94303983,1.0340445,0.90606123,0.73289156,0.9791447,1.216402,0.802233,1.2937107,0.6088779,0.67305636,1.3041642,1.1276256,1.3247042,1.0374999,1.0804224,1.1295742,1.0978793,0.54543114,0.58980113,0.5547076,1.149881,0.45464146,1.2956346,0.63070655,1.3595328,1.3935401,1.2608029,1.5712147,0.56314236,0.59390175,0.5701049,1.1944885,1.1368916,0.948539,1.0848497,1.0967983,0.8842482,1.4553049,0.5886598,1.2373837,1.2014816
banana,0.71228766,0.74755454,0.62509716,1.1834035,0.7362819,0.78494644,0.0,1.0921481,1.3536446,1.3573772,0.78650033,1.151949,1.2385564,0.7356635,1.2622416,1.2978411,1.1121393,0.57819545,0.6698257,1.1587216,0.5191439,1.1545343,1.1280627,0.5663444,0.77054167,0.8364866,0.76256764,1.0406768,1.2744796,0.9626538,1.32445,1.280293,1.1865221,1.2868423,1.0353767,0.5581287,1.309224,1.0356402,1.0048697,0.985988,0.7914988,1.0872089,0.88168436,0.76039374,1.2364557,0.6800869,1.243306,0.59726775,0.6983431,1.0793794,0.86360407,0.54037297,1.0149076,0.57757664,0.7371069,1.3352952,1.019983,1.0292332,0.9872363,0.5775509,1.0786071,1.2163606,1.3185811,0.9812406,1.2560418,0.8343527,1.3239149,0.742558,1.1020055,1.2079983,1.3903924,0.71856093,0.6243427,0.8171605,0.88125956,0.80380213,1.2912159,1.1579583,0.8511788,1.0778053,1.2458781,0.6439358,0.82161033,0.75734484,0.8006531,1.0954193,0.8060955,0.8780201,0.81015193,1.0476805,1.0080196,1.2842803,1.010439,0.68505806,1.2158657,1.0095091,1.31968,0.9425576,1.2769821,1.1077393,1.2118385,0.49153477,0.5787188,0.69832623,1.2525276,0.7484489,1.2959183,0.6171651,1.2594402,1.3060255,1.2490981,1.444099,0.40151894,0.6784333,0.8157279,1.1211222,0.92923695,0.7717059,0.96028095,1.3471065,0.9771042,1.2215363,0.67836356,1.2814243,1.2048116
basket,1.0211468,1.2007332,1.3387997,0.9238332,1.2135718,1.3063644,1.0921481,0.0,0.7261429,0.6142271,1.292248,1.0114127,0.93582296,1.2605019,0.84075963,1.0580815,0.62022656,1.1674254,0.84115607,0.5627241,1.3078643,0.59643096,0.8591617,1.1557554,1.2409694,1.2505505,1.1829146,0.93420595,0.79358596,0.99043465,0.7231199,0.8481219,0.90604633,0.8984114,1.0103095,1.380272,0.30043757,0.9875434,0.98109585,0.9461531,0.78046757,0.83518136,0.8971615,1.2141298,0.9556688,1.3010967,0.9695706,1.2397745,0.8694196,0.9601579,0.85870874,1.1485753,0.6766761,1.3024663,1.2146156,1.0452033,0.9107806,1.0637654,1.0260851,1.2784041,1.1650493,0.6253756,1.0975723,0.8693058,1.0423292,1.0990758,0.49649942,1.2483914,0.815755,1.000329,0.9866289,1.2219644,1.3998371,0.9239235,1.2337806,1.1720104,0.9117291,1.007526,1.2117858,1.1471806,0.843845,1.2092428,1.2960606,1.126064,0.98381495,0.8858808,1.064568,0.8944916,1.1612018,0.5689332,1.0249801,0.85342574,1.1409504,1.2343488,0.71594983,0.86460894,1.0592479,0.9050202,0.97375256,1.031298,1.0803012,1.2597365,1.3230443,1.2362231,1.0261211,1.1777773,1.02416,1.3015603,0.7830037,0.9620164,1.0081786,0.5223521,0.9944161,1.355482,1.1830832,0.9847069,0.8453885,0.7585925,0.72778744,1.1165977,1.0601481,0.49430346,1.3614315,0.9352658,0.95115465
bathtub,0.9795657,1.4197543,1.34818,0.63708663,1.4389607,1.5452515,1.3536446,0.7261429,0.0,0.63145554,1.2493261,1.024615,0.6700818,1.4675858,0.7008934,0.6363696,0.86683196,1.5535679,1.3451319,0.8093352,1.4836795,0.49118167,1.0726576,1.4076568,1.4494392,1.3608335,1.3683853,0.80850804,0.49853504,1.2887815,0.5301607,0.8168459,0.8841003,0.47246492,0.991039,1.5459428,0.50349075,1.1299393,1.0185647,0.8817463,1.2133363,0.6779288,0.758453,1.4261944,0.89827245,1.3240107,0.82494813,1.4372702,1.3175298,1.0589819,0.84460974,1.4121534,0.7092865,1.5182716,1.3073237,0.702248,1.2748959,0.7403167,0.8954131,1.5561119,0.9215253,0.4889444,0.60446686,1.1607075,0.6743449,1.0593891,0.5741653,1.458895,1.0710391,0.80933607,0.8073856,1.134958,1.5583359,0.9600409,1.2429926,1.3778287,0.6365757,0.99007595,1.0447793,0.56727153,0.8252129,1.344655,1.3588164,1.230057,1.0983467,0.9973177,0.9024343,1.2810138,0.9392631,0.9290174,1.2022636,0.5312699,1.1907303,1.3874182,0.6267878,0.99529225,0.683738,1.0550702,1.0141639,0.68977517,0.8179283,1.5141057,1.4126661,1.4455885,0.8201676,1.406042,0.71666753,1.420253,0.74697685,0.5492882,0.80770195,0.38863915,1.5244887,1.4890968,1.4613377,0.7451749,0.8990813,1.202875,1.0614064,0.8901228,1.1753018,0.52199864,1.5388757,0.66848344,0.8139552
bed,1.0162445,1.2706407,1.3200889,0.9381051,1.2436861,1.3437543,1.3573772,0.6142271,0.63145554,0.0,1.1782511,0.93331325,0.6916293,1.2992889,0.74114084,0.9227949,0.76479965,1.2875199,1.2386193,0.75710946,1.3797603,0.72383696,0.96874017,1.258332,1.215559,1.2273595,1.2144748,1.0036318,0.7188619,1.0530541,0.6112958,0.76368064,1.0429165,0.77036583,1.1379745,1.3481696,0.19766545,1.0153661,1.0624218,1.0568279,1.0522096,0.8502274,1.0089611,1.2692705,0.8576465,1.2755111,0.85526764,1.2401917,1.1352687,1.0592306,1.0313809,1.2050667,0.93816835,1.3546065,1.2888646,0.82554054,1.0176057,0.9869557,1.0046681,1.3577592,1.0028274,0.5977505,0.9240101,0.95099294,0.9237828,1.1363307,0.45385575,1.2341776,1.0821328,0.95566607,0.84143627,1.1431162,1.358046,1.0225325,1.1800311,1.2472379,0.86544704,0.9503325,1.1476161,1.0205292,0.8412015,1.1671007,1.1474371,1.1663094,1.0763773,1.0168754,1.1439037,1.1694713,1.1623496,0.8730058,1.0658858,0.8054992,1.223199,1.2229911,0.6646714,0.8048259,0.9551177,1.117579,0.9181095,0.9835278,0.8087591,1.4489498,1.3388743,1.2828425,0.97374064,1.2607675,0.92106295,1.3054738,0.7372526,0.86688447,0.88477504,0.5242099,1.2786543,1.3503308,1.2280233,0.90283483,0.9419122,0.9568057,1.0109487,0.933915,1.0072072,0.58385783,1.3288605,0.6585239,0.7078561
belt,0.8424048,0.695914,0.7237442,1.2718995,0.8893807,0.7065098,0.78650033,1.292248,1.2493261,1.1782511,0.0,0.90637916,1.0596076,0.72095716,1.203373,1.2488734,1.1586937,0.78490984,0.75030226,1.1251471,0.89152944,1.2888253,0.979686,0.8336905,0.5097765,0.68429494,0.7194879,1.1585555,1.1611216,1.0074838,1.2929078,0.9683325,1.1961813,1.189431,1.0392163,0.47516233,1.2449973,0.9431748,1.2015162,1.157839,1.1999264,1.0255821,0.77079177,0.8680369,1.1025636,0.8545037,1.1594431,0.59053814,0.9771037,1.0655272,0.968701,0.7044881,1.3153663,0.7966483,0.7462202,1.1941999,1.042531,1.169578,1.0962065,0.6542633,1.0184476,1.3040674,1.2305908,1.0820479,1.2018529,0.7996994,1.4038992,0.5101424,1.1281137,1.2050754,1.2753624,0.71461105,0.73335344,0.71760744,0.91654015,1.0376459,1.0181004,1.0189819,0.7213404,0.9719027,1.104828,0.39357632,0.46875304,0.87217194,0.6294079,1.0761203,0.92941844,0.93635774,0.66123253,1.1838421,0.82936645,1.1484298,0.83157325,0.671937,1.1552032,1.0165656,1.1354542,1.0697551,1.1783262,0.8951999,1.2618654,0.546241,0.8243438,0.539431,1.2233286,0.77237827,1.3408788,0.71904975,1.2789683,1.2891426,1.2111422,1.446519,0.8835404,0.7357031,0.8268199,1.0569289,0.9627952,1.220566,1.0231906,1.140058,0.82451165,1.3136317,0.70325637,1.0399165,1.1578189
bench,1.198013,0.9976551,1.1882377,1.2387235,1.166581,1.0097467,1.151949,1.0114127,1.024615,0.93331325,0.90637916,0.0,1.1919318,0.84339845,1.1481427,0.6720966,1.1392734,1.0719482,1.0145614,1.0051957,1.0831335,1.0010058,1.0578983,1.0934073,0.8069006,0.6402313,1.1412964,1.1181066,0.7453439,1.107034,1.0518054,0.830816,1.049088,0.9579489,1.1061391,0.9705701,0.96914786,1.1254077,1.0349588,1.1227249,1.3090423,1.0486367,0.9845013,1.1921885,0.96540684,1.2081714,0.9531197,1.0739632,1.1678616,0.87861997,1.1622621,1.0086867,1.2116768,0.97596276,1.0389688,0.5855876,1.1263123,1.1761954,1.2223428,1.0096147,0.87490463,1.0961301,0.95540893,0.9655441,0.9629491,0.9085176,0.8877585,0.92394924,1.0613279,1.0459468,0.6143399,1.0722779,1.1452782,1.1406418,1.102232,1.1864918,0.87712085,0.74830383,1.2266471,1.124903,0.98021305,1.0015048,0.9525209,1.1738348,1.1414518,1.1216146,1.1277899,1.1669757,1.1703975,1.2155069,0.72849345,0.87563443,0.86197317,1.0765637,1.0976542,1.0157304,1.0699828,0.9968989,0.9258659,0.7209924,0.6345813,0.93714756,1.0410699,0.9697484,1.1550151,1.1988624,0.7301532,1.1796267,0.7790675,1.1094636,0.6835215,0.9230304,1.1157819,1.1453708,0.8179393,1.097711,1.1926423,1.2144319,0.87151873,0.80954313,0.44612396,0.94558287,1.0163525,0.78579104,0.96874875
bib,1.1505945,1.0793524,1.1035995,0.6643936,1.291794,1.3052917,1.2385564,0.93582296,0.6700818,0.6916293,1.0596076,1.1919318,0.0,1.2714032,0.6314928,0.9625473,0.8362602,1.3466649,1.3434621,0.93569404,1.3126838,0.9701493,1.0878016,1.260903,1.3267328,1.2836493,1.1517026,1.0036165,0.8094573,1.11784,0.8585638,0.8890746,0.9059969,0.68526936,0.9430073,1.3526769,0.74574965,1.1229595,1.1931019,1.0576997,1.0029206,0.9947208,1.0501755,1.2248099,0.93889135,1.033669,0.7941389,1.3195722,1.1710566,0.9671894,0.97109365,1.3022977,0.8996576,1.2659101,0.93912673,0.9354128,1.0952319,0.7445003,0.7844622,1.2275546,0.89484113,0.829831,0.6238465,1.1477181,0.66352373,1.0176384,0.8158816,1.3462698,1.0975376,0.73107123,0.935891,0.97231364,1.2740121,0.91901106,0.8897926,1.1680188,1.0083652,1.0287759,0.7501366,0.6675788,0.8904765,1.2011178,1.235082,1.2119288,0.9346505,1.036841,1.1354585,1.2388101,0.9366015,0.8845373,1.2467338,0.9451513,1.1893481,1.266756,0.7689628,0.90770054,0.5626278,0.94670486,1.0136317,1.0815707,0.98974687,1.2014177,1.3206601,1.1116201,0.79311466,1.2362639,0.95651555,1.2210972,0.8225813,0.6021956,0.9285721,0.74544007,1.3123853,1.1146348,1.2890928,0.893498,0.8065944,1.1781279,1.1440082,1.0074166,1.2285126,0.90461296,1.2230916,0.89941216,0.89693594
bird,0.924054,0.66435957,0.85238075,1.3280528,0.8059233,0.47861236,0.7356635,1.2605019,1.4675858,1.2992889,0.72095716,0.84339845,1.2714032,0.0,1.3663577,1.3255088,1.2376864,0.5825925,0.7080288,1.2186036,0.71643484,1.310296,1.0542543,0.5525404,0.57190526,0.5997324,0.821924,1.046284,1.3292699,0.8767692,1.3334117,1.099357,1.1259477,1.3528843,1.0491946,0.54723996,1.320641,1.0984446,0.7915348,0.9794933,0.9564165,1.095846,1.1500497,0.7689876,1.1764021,0.86645424,1.1627789,0.56602544,0.69947684,1.0499746,1.1020216,0.5702255,1.4051504,0.5699108,0.7810401,1.1782347,1.0312718,1.1288767,1.2240322,0.4872793,1.0074397,1.3713124,1.3261355,0.8228936,1.3595331,0.962084,1.3379331,0.4370265,0.9318354,1.324585,1.2175026,0.9474876,0.7081197,0.8187392,0.8691066,0.8694029,1.1702565,0.95411664,1.0232196,1.3337951,1.1399109,0.7101543,0.6483686,0.8746765,0.83297104,1.0272143,0.7894096,0.8732313,0.99079007,1.1953131,0.75146055,1.2626529,0.6362957,0.59003586,1.3533874,1.1211476,1.2916216,0.9705828,1.1199187,1.0673232,1.1289527,0.47228068,0.7050801,0.6160708,1.244091,0.6860019,1.2850771,0.7624645,1.2342482,1.4085152,1.1248589,1.5320821,0.65686196,0.69484913,0.6199146,1.1727271,0.9950992,1.1342863,1.0753353,1.0325905,0.750036,1.2986324,0.6258346,1.0655401,1.2337737
blanket,0.9480061,1.0895715,1.2968527,0.8970032,1.3183628,1.3583517,1.2622416,0.84075963,0.7008934,0.74114084,1.203373,1.1481427,0.6314928,1.3663577,0.0,0.6962249,0.8582129,1.4413726,1.3887377,0.9746621,1.302256,0.83270764,1.0209906,1.3177087,1.4608994,1.3518176,1.3021482,0.93662703,0.57949877,1.1490914,0.87352777,0.8859271,0.9597208,0.55324936,1.0191094,1.4836642,0.7480006,1.0990673,1.144395,0.9673758,0.9763801,1.1066272,1.0560783,1.2928813,0.90545595,1.2243605,0.941758,1.3468025,1.0725939,0.8490627,1.0304215,1.3174815,0.8374609,1.3718548,0.7351047,0.87926203,1.093415,0.9002309,0.95080495,1.2519822,0.9578932,0.8462665,0.7370419,1.1165156,0.2478193,1.1974187,0.75131285,1.5166423,0.98332435,0.16657639,0.8383832,1.0986375,1.3998512,0.7894715,1.0937448,1.2657279,1.0184119,1.0309323,0.99107707,0.7578566,0.9366072,1.3849967,1.3863583,1.2021366,0.71564776,1.014917,1.0505731,1.2038242,1.0697403,0.61232656,1.1697202,0.98983943,1.0379751,1.3080591,0.61243284,0.95139086,0.7483958,0.88199973,0.9020242,0.94672227,0.89035684,1.2490883,1.3617218,1.1524353,0.96580124,1.375288,0.7134729,1.3269981,0.8167903,0.739131,0.8971332,0.62596244,1.360182,1.2258556,1.2751899,0.9677384,0.31853712,1.0733079,1.0653392,0.9222629,1.3158283,0.82209456,1.4322637,0.97692305,0.6946901
boat,1.0496886,1.302041,1.303292,0.8072914,1.2165644,1.3307722,1.2978411,1.0580815,0.6363696,0.9227949,1.2488734,0.6720966,0.9625473,1.3255088,0.6962249,0.0,1.0211991,1.4837899,1.3246701,0.96700966,1.1593648,0.88037276,1.0101953,1.3013881,1.4574654,1.1147145,1.3496195,0.9795697,0.714543,1.1790354,0.8981963,0.94865185,0.9216242,0.8096558,0.99388033,1.3881346,0.97589546,1.0360754,1.0279874,1.0043111,1.1678474,1.1503906,1.0027772,1.2205933,0.85493124,1.2155836,0.81627166,1.2772136,1.3169956,0.9538315,1.0956739,1.2456808,0.856107,1.330147,1.1667651,0.5640107,1.0706382,0.9445922,0.95190376,1.4324076,0.90111023,0.86369157,0.70571613,1.1610801,0.53701305,1.1183348,0.81663156,1.4302509,1.0394793,0.5825856,0.408988,1.1877196,1.3369484,1.3043791,1.1375031,1.145488,0.90629965,0.831484,1.2538612,0.8694123,0.94525653,1.3932693,1.3047147,1.1747513,1.2756829,0.9870433,1.1036621,1.1222017,1.1431632,1.1311574,1.1216528,0.85252297,0.9947034,1.3374739,0.91727483,1.0413245,0.8300702,1.0558823,0.8734451,0.35519052,0.5799014,1.4354653,1.2251679,1.3629698,0.8328557,1.269119,0.17406482,1.355967,0.76488346,0.7931396,0.64823115,0.6038573,1.3140113,1.3183286,1.2972641,0.877236,1.0770646,0.97273767,0.92343247,0.7250423,1.0883427,0.87820566,1.3666015,0.91661847,0.90682787
book,0.894964,1.1563315,1.2947422,0.8103062,1.2672582,1.2965441,1.1121393,0.62022656,0.86683196,0.76479965,1.1586937,1.1392734,0.8362602,1.2376864,0.8582129,1.0211991,0.0,1.2217498,1.0998296,0.42808795,1.3406045,0.8756449,0.93299085,1.0048177,1.183353,1.2200483,1.1314085,1.0171335,0.98481774,0.8309659,0.8070547,0.7851155,1.0100563,1.0322812,1.035083,1.2013786,0.69335926,1.1280425,1.0642357,1.0095835,0.7589693,0.94900167,0.8339391,1.2726953,0.8937114,1.210736,0.84575903,1.0488718,0.8774059,0.99102306,0.9232605,1.011807,0.73764354,1.2756107,1.166461,1.0306722,0.83527184,0.9930821,0.9556544,1.2986522,1.0907918,0.88709056,0.9949353,0.9176848,0.9930296,0.9996091,0.7863174,1.2657017,0.9681423,0.96805793,1.04584,1.0965204,1.3205492,0.95309454,1.0657852,1.2229306,0.9734577,1.0907358,1.1178849,1.0645671,0.4941181,0.9762948,1.0893126,1.0367987,0.8240674,0.9330131,0.92881984,0.94121593,1.1705321,0.6835909,1.1907729,0.9418566,1.1440382,1.0777589,0.9182239,0.7706541,0.91675764,0.9443395,0.93182707,1.0968857,1.0331866,1.2906791,1.3355885,1.1527212,0.94991136,1.2285368,1.0618541,1.2511533,0.93480873,0.93020314,1.0117165,0.49290943,1.1307231,1.3091247,1.1286563,1.0587937,0.91015273,0.7289322,0.80932397,0.99165165,1.0309377,0.8751007,1.3250427,1.0175235,0.9530096
bottle,1.0448033,0.63567024,0.65854347,1.3094195,0.5320131,0.43561554,0.57819545,1.1674254,1.5535679,1.2875199,0.78490984,1.0719482,1.3466649,0.5825925,1.4413726,1.4837899,1.2217498,0.0,0.4749899,1.1665902,0.47232187,1.2846899,0.7932324,0.66901433,0.29245567,0.53062713,0.5787482,1.1713959,1.4414986,0.8522477,1.3198292,1.2541852,1.2052385,1.4424952,1.1024902,0.39847314,1.2973995,0.6500319,0.9910756,1.1190367,0.9139942,1.0820014,1.1671319,0.56437135,1.2616751,0.79005545,1.2444726,0.6072037,0.6747724,1.1257378,0.94807965,0.6715801,1.1866158,0.53536534,0.8057212,1.4195318,0.90757,1.273958,1.2205919,0.39731222,1.1202285,1.3668871,1.4268786,0.7012337,1.4851809,0.8976307,1.391077,0.44349462,0.877695,1.3758671,1.3035072,0.9584266,0.514753,0.9372783,0.8681172,0.64805186,1.1440853,1.0934125,1.0217152,1.3083261,1.1981016,0.6158987,0.6258976,0.90571845,0.9452427,1.0809381,0.9528135,0.8089952,0.97468525,1.1018816,0.73246235,1.2129984,0.8186543,0.69098496,1.1756096,1.0407106,1.4211502,0.9661495,1.2285408,1.1577541,1.2755309,0.42243654,0.426239,0.58266115,1.1963747,0.53805465,1.4385812,0.5511328,1.3124907,1.432483,1.3651087,1.5524652,0.480066,0.61333513,0.4901688,1.0796654,1.1235322,0.8380579,0.97952425,1.2443788,0.82975525,1.29007,0.4674754,1.2646675,1.2186114
bowl,1.0001793,0.74271786,0.8882673,1.2457588,0.6821702,0.6270435,0.6698257,0.84115607,1.3451319,1.2386193,0.75030226,1.0145614,1.3434621,0.7080288,1.3887377,1.3246701,1.0998296,0.4749899,0.0,0.9776094,0.6944971,1.1250819,0.60492814,0.7761693,0.62609005,0.6872881,0.7460213,1.0430795,1.2756501,0.8926189,1.2258015,1.1632241,1.0740328,1.3835342,1.0692353,0.75028086,1.080884,0.612322,0.87988436,0.97564876,0.896127,1.0466061,1.0431837,0.6739968,1.1468905,1.0545306,1.1724387,0.7581153,0.760756,1.0820742,1.0909741,0.78465927,1.1006515,0.68948126,0.92222834,1.3649629,0.8731006,1.3522056,1.1985291,0.61825526,1.2965442,1.1952007,1.4743547,0.638957,1.4917021,0.96666133,1.2467866,0.6487978,0.7160498,1.4022558,1.2408111,1.053117,0.8328998,0.9112468,1.1532335,0.7435329,0.9651201,1.1024097,1.1279261,1.3490388,1.1325946,0.8608732,0.91233975,0.8684498,0.9816244,0.745255,1.0181543,0.34368813,0.9628016,0.9443027,0.6099359,1.0510069,0.79745346,0.72161573,1.173651,1.134473,1.395389,0.9546385,1.176295,0.9206313,1.2507708,0.59949636,0.70380604,0.6704277,1.1272289,0.5752815,1.2742325,0.7478339,1.2140957,1.3758361,1.2925441,1.3312885,0.34836733,0.88132584,0.79967797,1.1363243,1.1016462,0.82928723,0.7147662,1.2795627,0.8443636,1.1071017,0.7934415,1.218673,1.271294
box,1.0170019,1.184891,1.2920007,0.85053164,1.1388019,1.2560563,1.1587216,0.5627241,0.8093352,0.75710946,1.1251471,1.0051957,0.93569404,1.2186036,0.9746621,0.96700966,0.42808795,1.1665902,0.9776094,0.0,1.2820262,0.8482217,0.889572,1.1038853,1.1130246,1.1239951,1.1635847,1.0011483,0.9150173,0.9039324,0.763953,0.92950904,1.0506836,0.9792707,1.1282711,1.2467433,0.63317615,1.0415608,1.0658243,1.0204773,0.85374355,0.82360387,0.7796731,1.1623074,0.9097216,1.2503018,0.8775238,1.1471108,0.9259883,0.9792032,1.0341572,1.105698,0.7591319,1.2675804,1.2531185,1.0424845,0.8906427,1.0100343,1.0446554,1.2776861,1.1526701,0.8240063,0.98262644,0.7405169,1.059809,1.1020434,0.7776838,1.1791668,0.92281777,1.0449705,0.97140807,1.1553085,1.2729483,1.0806004,1.0898392,1.1634625,0.8198141,1.0250797,1.2079815,1.1031778,0.4879433,1.0784624,1.1177615,1.1167716,0.97945464,0.91935456,1.0967538,0.93841416,1.1557633,0.8099888,0.9794046,0.8279314,1.1893823,1.1926816,0.91162115,0.86670184,0.9509398,0.9736391,0.93257225,0.99357903,1.047376,1.3012787,1.2900027,1.1947753,0.9709926,1.1391425,0.994187,1.2371001,0.8941563,0.9381012,1.0274509,0.59812224,1.0842022,1.3174471,1.1620104,0.9829166,1.0564657,0.7666272,0.6412643,0.96810144,0.9397274,0.7810874,1.2785065,0.92251015,0.99042416
bread,1.0499141,0.68003875,0.48407078,1.2280617,0.46834803,0.5580166,0.5191439,1.3078643,1.4836795,1.3797603,0.89152944,1.0831335,1.3126838,0.71643484,1.302256,1.1593648,1.3406045,0.47232187,0.6944971,1.2820262,0.0,1.3253549,1.1030204,0.7540382,0.64453155,0.668509,0.6902686,1.1620026,1.4489135,0.8861811,1.3525846,1.3148243,1.1031632,1.3694547,0.9676715,0.5056554,1.4582475,0.87086165,1.0610138,1.1309885,0.9558636,1.2290189,1.1013707,0.4812001,1.1748803,0.66431797,1.162862,0.6697683,0.8893802,1.2004468,0.98082376,0.69238883,1.2717493,0.41840827,0.7706636,1.3145331,0.98809737,1.170686,1.1252294,0.43950558,1.0605801,1.3469443,1.2908908,0.9551359,1.2802855,0.9134324,1.4525406,0.6213351,1.1131592,1.2066084,1.2537186,0.86590767,0.361678,1.0394919,0.8893947,0.45150298,1.2377642,1.0265006,0.94573313,1.1505625,1.2609375,0.79279417,0.7901423,0.78747296,1.0379263,1.0427418,1.0272905,0.8227645,0.9503216,1.2811003,0.907355,1.3032262,0.7640107,0.7709615,1.2658683,1.1507237,1.3491938,1.1291808,1.2577381,0.98918986,1.2245364,0.5190749,0.170537,0.636245,1.1102657,0.6345695,1.1087488,0.45663697,1.3277223,1.3616266,1.2788191,1.5306606,0.48627448,0.53646636,0.54372835,1.185951,1.141906,0.941299,1.0926163,1.1822975,0.97626317,1.4071641,0.4692909,1.3209779,1.1572343
broom,1.0002774,1.2965884,1.308894,0.93441325,1.2665058,1.4135344,1.1545343,0.59643096,0.49118167,0.72383696,1.2888253,1.0010058,0.9701493,1.310296,0.83270764,0.88037276,0.8756449,1.2846899,1.1250819,0.8482217,1.3253549,0.0,0.92716694,1.2743233,1.2896874,1.3255085,1.2899044,0.8007783,0.46967602,1.1350424,0.5257804,0.9365464,0.991315,0.59315187,1.0645008,1.4219327,0.5072153,1.0300732,0.86110294,0.8194562,1.0195029,0.5341431,0.636842,1.2675192,1.0724957,1.3472832,1.0672996,1.3221321,1.1561357,1.0955098,0.86891073,1.237633,0.7253026,1.3690882,1.2665031,0.8723474,1.2750632,0.9694558,1.0459708,1.4258745,1.1084869,0.38942385,0.93613267,0.99128467,0.9118335,1.0537987,0.42372346,1.2084733,1.0405345,0.9318116,0.921916,1.1411908,1.4293213,0.97235274,1.1909007,1.2713488,0.64092183,1.1934458,1.0971092,0.91820216,0.9066887,1.2259909,1.3087893,1.1776896,1.01268,0.98896885,1.010136,1.1672218,0.97965026,0.6683096,1.0652354,0.5680295,1.1523045,1.2676682,0.76426834,0.96545374,0.9494356,1.0684779,0.8107584,0.929543,0.96419275,1.3574439,1.2835542,1.3165321,0.9746267,1.1648364,0.89630485,1.3512173,0.70072675,0.76830316,0.78820133,0.5566099,1.2793097,1.418055,1.2751647,0.7686336,0.97490036,1.086909,1.0011686,0.99541,1.1079494,0.27519727,1.4130702,0.7448039,0.90363026
bucket,1.0131974,0.7967378,1.1442151,1.0706781,0.92585945,0.9149477,1.1280627,0.8591617,1.0726576,0.96874017,0.979686,1.0578983,1.0878016,1.0542543,1.0209906,1.0101953,0.93299085,0.7932324,0.60492814,0.889572,1.1030204,0.92716694,0.0,1.1132132,0.93252283,0.98132724,1.016707,1.0648808,0.9573361,1.0040147,0.97345793,0.9241805,0.99318445,1.0984119,1.0458151,1.1402928,0.91587,0.20406932,1.020694,1.0458746,0.9583767,1.0527713,1.1035448,0.9282685,1.0545877,1.1452883,1.0962569,1.1242653,0.9394526,1.0334371,1.116436,1.1496061,0.96413445,1.1383064,0.92479396,1.1411511,0.9110228,1.1609439,1.0713388,1.032498,1.2472644,1.0464568,1.1520755,0.7329395,1.1342291,1.1245756,1.0090865,1.0305254,0.8047334,1.0261981,0.82171893,1.1768253,1.116662,0.917342,1.1398815,1.0278715,0.88758945,1.0744764,1.0618798,1.1848308,0.9773537,1.1653651,1.1275921,1.1305438,1.0293692,0.88912636,1.101859,0.7615661,1.0536326,0.8012212,0.756561,0.9485869,0.99733514,1.0573249,0.87651426,0.993817,1.0369717,0.9885517,0.8653795,0.9601279,0.92550766,1.0429263,1.135175,0.86239576,1.0021853,0.8163078,1.0192785,1.104951,0.97709394,1.0138214,0.98262423,1.0038229,0.8714091,0.94453514,1.0467571,0.8631721,0.9771459,0.7461369,0.94139344,1.0196067,1.007371,0.95691204,1.1114743,1.0795634,1.1105984
butterfly,0.69018555,0.75676596,0.786132,1.1687059,0.8080799,0.6751136,0.5663444,1.1557554,1.4076568,1.258332,0.8336905,1.0934073,1.260903,0.5525404,1.3177087,1.3013881,1.0048177,0.66901433,0.7761693,1.1038853,0.7540382,1.2743233,1.1132132,0.0,0.6897355,0.79157174,0.75003576,1.086134,1.4335842,0.8165184,1.2528672,1.2148428,1.1972954,1.4447949,1.1360953,0.53290087,1.3185079,1.102322,0.8692683,1.0156835,0.76216507,1.0665107,1.0214859,0.84608155,1.1458485,0.8312129,1.0616875,0.47496474,0.57703465,1.1323801,0.9435304,0.44564998,1.1286014,0.6339928,0.87407583,1.2487018,0.9156402,1.1376941,1.1761285,0.6372101,1.0821159,1.2802062,1.3167634,0.9914021,1.3674748,0.9486573,1.3745999,0.6584997,1.0052127,1.2833315,1.2882441,0.8721837,0.6140452,1.0251905,0.84037423,0.8670755,1.2529874,1.0378424,1.0217938,1.2996316,1.1595002,0.6173517,0.67029357,0.5590873,0.87533677,0.9961296,0.7975583,0.88767344,1.1073052,1.1160983,0.96042603,1.295601,0.86980975,0.41365373,1.2397864,0.9424069,1.3079509,1.0420456,1.158832,1.1914616,1.0975349,0.6594739,0.7601429,0.7164916,1.2124707,0.79923314,1.3261098,0.6693217,1.2669005,1.3093247,1.2571199,1.4099885,0.55853033,0.77470577,0.7681062,1.2039728,1.0795891,0.7208527,1.0339446,1.1364331,0.9030995,1.3315041,0.67460465,1.2133299,1.2101963
can,1.0681298,0.6844809,0.66139925,1.3358432,0.6981441,0.4644276,0.77054167,1.2409694,1.4494392,1.215559,0.5097765,0.8069006,1.3267328,0.57190526,1.4608994,1.4574654,1.183353,0.29245567,0.62609005,1.1130246,0.64453155,1.2896874,0.93252283,0.6897355,0.0,0.42808914,0.54647726,1.1621501,1.2801282,0.8860873,1.1801876,1.1266949,1.3358359,1.2965423,1.2324797,0.31312525,1.2393686,0.87952256,1.0807545,1.1410699,1.1448092,0.8502238,0.99574846,0.7568892,1.2352508,0.87667537,1.2101237,0.61588097,0.73923546,1.1966743,0.93400335,0.6992425,1.3335302,0.53528047,0.8434967,1.328131,1.0129309,1.2273645,1.2842928,0.42358494,0.98734814,1.3531584,1.3171167,0.85202754,1.4470899,0.8677926,1.3699787,0.34119105,1.0767856,1.419314,1.2970581,0.91254103,0.540411,0.9115892,0.90684617,0.85678804,0.89743114,1.128648,0.9100816,1.1459552,1.1288162,0.43411273,0.41209465,0.9760675,0.78640676,1.1394104,0.95925313,0.9944339,0.9329315,1.1567519,0.6838046,1.0350096,0.8472532,0.6715132,1.1887466,1.0487256,1.2975838,1.1227863,1.1219711,1.0607437,1.2806423,0.4758228,0.53201354,0.56900984,1.3255882,0.7392365,1.4484224,0.5489161,1.2596164,1.3733149,1.3018782,1.5289958,0.757009,0.6926244,0.41041493,1.1683125,1.194538,1.1244112,0.96963716,1.150072,0.60929453,1.280929,0.41564155,1.0190476,1.1875339
car,1.1231552,0.8129691,0.79050195,1.3113087,0.7823851,0.6124475,0.8364866,1.2505505,1.3608335,1.2273595,0.68429494,0.6402313,1.2836493,0.5997324,1.3518176,1.1147145,1.2200483,0.53062713,0.6872881,1.1239951,0.668509,1.3255085,0.98132724,0.79157174,0.42808914,0.0,0.7077481,1.1121253,1.2336235,0.9590996,1.2238767,1.1534218,1.1983843,1.2983475,1.192583,0.49506712,1.255981,0.90590376,0.9387497,1.0878657,1.1310818,1.1630871,1.1767671,0.8041698,1.1533881,0.9976168,1.1353099,0.7457267,0.86981225,1.1007,1.0995114,0.8250494,1.259294,0.5596763,0.95489335,1.1249598,1.0609545,1.187165,1.2866814,0.48941123,1.0330727,1.2941658,1.2073817,0.8709406,1.3160852,0.8688901,1.2900705,0.63719046,0.992278,1.2938402,0.95036095,1.0527861,0.706749,1.0883858,0.98230517,0.8992139,1.0231537,1.0152357,1.1332307,1.2892168,1.0697087,0.7590729,0.7085141,1.0255063,1.0674568,1.0674607,0.97141206,0.9632996,1.1374928,1.2115821,0.5826169,1.084729,0.7775395,0.8069592,1.2545491,0.9981833,1.2751396,1.0507573,1.0878611,0.84459686,1.0670053,0.5426304,0.50163686,0.742432,1.2553167,0.8649403,1.1564025,0.6331384,1.0573593,1.3076366,1.1460168,1.395947,0.8208673,0.84840643,0.48360586,1.147495,1.2072015,1.0807369,0.95208025,0.9461353,0.45665544,1.2117536,0.49111378,1.0964842,1.1390029
carrot,1.0655526,0.8551966,0.55210567,1.1192185,0.6290417,0.64576834,0.76256764,1.1829146,1.3683853,1.2144748,0.7194879,1.1412964,1.1517026,0.821924,1.3021482,1.3496195,1.1314085,0.5787482,0.7460213,1.1635847,0.6902686,1.2899044,1.016707,0.75003576,0.54647726,0.7077481,0.0,1.1279268,1.3425173,0.9429121,1.2248952,1.1922086,1.1359622,1.2715466,1.0797155,0.5146843,1.2543567,0.8305132,1.0852995,1.119066,0.98753697,1.0695193,1.0704048,0.7212106,1.1514486,0.7278145,1.1121168,0.67242175,0.87283283,1.1985179,1.0458925,0.83540356,1.1559,0.5255292,0.95532864,1.2261358,0.8966852,1.0467491,1.0048164,0.5794552,0.9783545,1.1971351,1.2165958,0.9953136,1.3135419,0.9122421,1.287478,0.6504519,1.0499737,1.2994325,1.2907783,0.79708767,0.51234025,1.0214832,0.9464198,0.75808704,1.1843337,1.1386521,0.81775755,1.1870983,1.1599293,0.63925457,0.7074673,0.87473816,1.0022714,1.0875051,1.0261691,0.9166702,0.7833247,1.106897,1.0060163,1.222836,0.9800758,0.73700774,1.1461828,1.1358407,1.2009522,1.1561192,1.1030811,1.2141768,1.1725607,0.71759826,0.5978653,0.7778202,1.2158227,0.84498537,1.3144581,0.40480483,1.2963958,1.2236534,1.1998446,1.3752689,0.7685788,0.67693055,0.6802973,1.1015235,1.1686466,0.9461806,0.88788366,1.1478729,0.94229776,1.283464,0.40732265,1.1624763,1.1346772
cat,0.8487131,1.2071863,1.1861182,0.93621707,1.0928136,1.1693385,1.0406768,0.93420595,0.80850804,1.0036318,1.1585555,1.1181066,1.0036165,1.046284,0.93662703,0.9795697,1.0171335,1.1713959,1.0430795,1.0011483,1.1620026,0.8007783,1.0648808,1.086134,1.1621501,1.1121253,1.1279268,0.0,0.774341,1.1609858,0.8351684,1.0840032,1.0547589,0.7270248,1.1322365,1.2914653,0.8916021,1.1142977,0.37062287,0.038451076,0.8931603,0.88115793,0.98963565,1.078997,1.0975122,1.2089552,1.0787023,1.1499684,1.0606433,1.1021627,1.0687519,1.1440026,0.934392,1.1359978,1.161441,0.9513778,1.1377246,0.87367505,1.0049576,1.18107,1.0765576,0.58089256,0.92928916,0.95060414,0.93492275,1.2005711,0.7791128,1.173485,1.028298,0.9875297,0.9893611,1.1850786,1.1983086,0.9124956,1.1877191,1.1485642,0.8244118,1.1324899,1.0254887,0.8771619,0.9633138,1.2640665,1.2324469,0.90425277,1.0223306,0.9778554,0.86777663,1.0343726,1.0102572,0.85218227,0.99254805,0.80653733,0.9404575,0.8563717,1.0229967,1.1604495,0.90367466,1.0575002,0.99023503,0.97154564,1.0668333,1.1790627,1.1527725,1.2408466,1.0638618,1.1491936,0.9690124,1.1859808,0.8593131,0.8568778,0.9601278,0.81865305,1.1460431,1.2314273,1.1410539,1.0288186,0.9282361,1.0286765,1.0060697,0.97304,1.0682302,0.66356575,1.2234995,0.8433391,0.9822936
chair,1.1038498,1.1953785,1.2989097,0.8891912,1.3918564,1.4735954,1.2744796,0.79358596,0.49853504,0.7188619,1.1611216,0.7453439,0.8094573,1.3292699,0.57949877,0.714543,0.98481774,1.4414986,1.2756501,0.9150173,1.4489135,0.46967602,0.9573361,1.4335842,1.2801282,1.2336235,1.3425173,0.774341,0.0,1.3054161,0.6821399,1.0095739,1.0890526,0.15979695,1.2116189,1.5535508,0.605058,1.0952079,1.0046393,0.8006104,1.1423903,0.72513366,0.8158509,1.348854,1.1022174,1.3160336,0.99596375,1.5011349,1.299314,0.93952453,0.9671149,1.4656386,0.7896076,1.4386845,0.9995102,0.74519396,1.3550842,0.88090664,0.98192954,1.3880438,0.9612021,0.55879784,0.6399606,1.1282077,0.54030144,1.1910987,0.4313532,1.3843011,1.1328429,0.63404644,0.6459284,1.1431053,1.5176115,0.8667214,1.2634685,1.4544005,0.59270734,1.1946703,0.99614674,0.58489853,0.90636706,1.3742921,1.3907534,1.2968929,0.88822174,1.1175607,1.0948547,1.3684604,0.94076854,0.6831275,0.9295387,0.5380271,1.2169169,1.3476517,0.7012483,1.0583371,0.6988857,1.0231018,0.8395406,0.8253702,0.775154,1.2754041,1.4210746,1.2307408,1.0676501,1.3582501,0.6722287,1.3995467,0.4512719,0.60510373,0.64956677,0.50576013,1.4586746,1.3549514,1.3836707,0.92525744,0.80101633,1.2403815,0.91166097,0.9096951,0.8832586,0.3531341,1.4689901,0.6254865,0.8375558
clock,0.9481631,0.9707085,1.0810579,1.1999338,0.93070513,0.8513778,0.9626538,0.99043465,1.2887815,1.0530541,1.0074838,1.107034,1.11784,0.8767692,1.1490914,1.1790354,0.8309659,0.8522477,0.8926189,0.9039324,0.8861811,1.1350424,1.0040147,0.8165184,0.8860873,0.9590996,0.9429121,1.1609858,1.3054161,0.0,1.1002588,1.057478,1.0154884,1.3052664,1.0703413,0.8733542,1.1240373,1.027699,1.0100977,1.1292696,0.89720124,1.0238464,1.0538396,0.91085696,0.3448735,1.0624886,0.7855581,0.76387966,0.80758405,0.9509706,1.0170915,0.72077876,1.1082602,0.89640266,1.0548772,1.1938097,0.8174249,1.1536263,1.1128933,0.86811316,1.0446639,1.1606302,1.2096745,0.9273043,1.2393532,0.99916375,1.1615599,0.7722922,0.9340711,1.1482822,1.1186612,1.0914085,0.9140751,1.1150025,0.8382571,0.905922,1.0965159,0.97751397,1.2285304,1.2714825,0.948768,0.87510294,0.85843414,0.9265042,0.97383523,0.9226247,1.0497694,0.72866976,1.1597298,0.99995,0.87023103,1.14676,1.0467045,0.8656571,1.187954,0.8525561,1.1360879,0.96878725,0.89912075,1.1453774,1.1569048,0.91838306,0.9335531,0.9484774,0.98171806,0.8221773,1.1414626,0.9672794,1.1017407,1.2212086,1.1415493,1.1226921,0.75387204,1.0295724,0.84113705,1.054903,1.1121284,0.8118485,1.0180789,1.065089,0.9719101,1.1671559,0.91743827,1.099064,1.063827
closet,1.0910445,1.2926503,1.3301892,0.78953326,1.2613754,1.3383676,1.32445,0.7231199,0.5301607,0.6112958,1.2929078,1.0518054,0.8585638,1.3334117,0.87352777,0.8981963,0.8070547,1.3198292,1.2258015,0.763953,1.3525846,0.5257804,0.97345793,1.2528672,1.1801876,1.2238767,1.2248952,0.8351684,0.6821399,1.1002588,0.0,0.9206483,1.0272456,0.647929,1.1452755,1.4263281,0.5353591,1.093781,0.8990403,0.8842818,1.0310496,0.35294437,0.9029658,1.2812568,1.0061368,1.3098215,0.8739149,1.3353257,1.0460733,1.1638348,1.0718769,1.3035367,0.74120224,1.3147113,1.3469257,0.88989156,1.1287464,0.7580223,0.99556494,1.4370611,1.0442083,0.46936285,0.7832151,0.9706238,0.95391184,1.2104871,0.48670733,1.2622728,1.0914149,0.9987159,0.9285538,1.211897,1.368042,1.1563346,1.2695194,1.2522362,0.60309,1.1054357,1.03137,0.8767863,0.851726,1.3037512,1.2695996,1.2261034,1.1562469,0.9261946,1.067757,1.161806,1.10383,0.86750376,1.0878861,0.44523597,1.1773838,1.3187549,0.74790955,0.9605231,0.80947787,1.1813774,0.84954697,0.9507423,0.9628325,1.5012138,1.3187728,1.3278974,0.9787156,1.2638075,0.9241461,1.3268297,0.83208305,0.607382,0.8582747,0.5367975,1.3464615,1.349941,1.2275025,0.9353225,1.1326864,1.0404445,1.0217408,0.84935284,1.0173892,0.50720894,1.3421066,0.50061125,0.853752
