,alligator,ankle,apple,applesauce,arm,ball,balloon,banana,basket,bathtub,bear,bed,belt,bench,bib,bird,blanket,boat,book,bottle,bowl,box,bread,broom,bucket,butterfly,can,car,carrot,cat,chair,chips,clock,closet,cloud,coat,coffee,comb,cookie,corn,couch,cracker,crayon,crib,cup,deer,dish,dog,doll,door,drawer,dress,duck,ear,egg,elephant,eye,face,finger,firetruck,fish,flower,foot,fork,frog,game,giraffe,glass,glasses,glove,grass,gum,hair,hamburger,hand,hat,helicopter,horse,hose,jacket,jar,jeans,knife,ladder,lamp,leg,meat,melon,milk,mitten,mop,motorcycle,mouth,muffin,nail,napkin,necklace,nose,orange,oven,owl,pajamas,pants,paper,pasta,pastry,pen,pencil,penguin,pickle,pig,pillow,pizza,plant,plate,pony,potato,pumpkin,purse,radio,raisin,refrigerator,rock,rooster,sandwich,sauce,scarf,scissors,shirt,shoe,shorts,shovel,shower,sink,slide,slipper,snow,soap,sock,soup,spoon,sprinkler,stick,strawberry,stroller,sweater,swing,table,tape,toast,toe,tooth,toothbrush,towel,toy,tray,tree,tricycle,truck,vacuum,watch,window,zebra
alligator,0.0,1.1610102066246795,1.1071194662272152,1.081140580894079,1.0226613396933886,1.111797228308803,1.1165444887461469,0.8773938904674434,1.1206631073143207,1.040213122679944,0.9200890782873185,0.9539522827142966,0.9937345997616291,1.08005064683327,1.0249511168653223,0.7455178441172807,0.9789778541808783,0.9839773314331492,0.9147241659400575,1.0642543928581496,1.2944615312955543,1.0623090401105533,1.0070306467299197,1.0428557282241613,1.2230556784518156,0.8975575050036683,1.167630333618437,0.9176868372768343,0.9299149207020384,0.7973114291830793,1.1957379445388037,1.0599084075776948,1.0721161191580633,1.0291827542816572,0.9537257082428068,1.0221351747201781,1.2388005848789407,0.8877615863699048,1.0114908699772476,0.9139855414553415,0.945966033560278,1.019733976589516,0.8963984136321191,1.0473611382941115,1.2119951105004105,0.9225621443406725,1.198894277311055,0.7720105064302081,0.9707825180067304,1.058440113424315,1.038387569742816,1.0552664276970019,0.746534749044318,1.0440873672022601,1.1429567547459478,0.8309461424883475,1.016483724932709,0.858400095774739,1.108219999001372,0.8506907208787693,0.5654808953754769,1.0071111447112768,1.0497331215586416,1.1625683065090344,0.2604313604223224,1.050322190262391,0.6958789521877965,1.106496605929994,1.0062992141860372,0.9482511239087005,1.0332529016419003,0.9241690997273935,0.9632152541270035,0.9351719550930379,1.073909311436985,1.0159764538749292,0.9038101829336471,0.8814588435611272,0.9727312083231023,0.9926837159705235,1.1989345757939356,0.9790145297436786,1.001289930426203,1.1186477582304635,1.183409800384586,1.0689565288386162,0.9692703909125048,0.9195083828479022,1.195908743618093,0.964259763435243,1.0271915132508889,0.964667787549635,0.9652093901697067,1.0307976059303927,1.1198212696799643,1.1220775262146288,1.172860917534045,1.0766920154664363,1.0350962245126636,1.0786911758766622,0.739200538612462,0.9975575474793283,0.9730148615140984,0.9802658281258922,1.1353626805706174,1.0179665595855723,0.9982545931677751,0.9839133670564982,0.867696830385579,0.8270553762942309,0.793309634759108,0.9893968090912023,0.9758242132212995,0.9647087268163318,1.1238176733955596,0.8938826346349146,1.2125442430588995,1.0684357455568143,1.0871288121832636,1.0232680002770818,1.0969708174026178,1.0992760830696056,0.9694726369263273,0.8578458293629551,0.9281970855348938,1.1957913256157995,1.0276608840814927,1.0953012321266717,0.9751186829364367,1.0069083440524105,1.053462161679024,1.0754719450110062,1.0579615657089014,1.1087209628057018,1.0048169654727972,1.0388564108045606,0.9695154530130129,1.1409920681913954,1.104765675312384,1.1422366719072525,1.2330290449304635,1.0383987788534503,0.9979910424361149,1.068784064916344,1.0250957881659148,0.9954206351681653,1.041283689291633,1.0580590309115974,1.1495848206965287,0.9962201586632993,1.1036418323688497,0.9191599760535712,1.0104662630618504,1.082150483399083,0.8203371589318437,1.1326709653668658,1.0259837463274988,1.0355324530768468,0.9693632158520747,1.036803306862397,1.1352148044206383,1.072278064190507,0.8531001839179337
ankle,1.1610102066246795,0.0,0.9335501450243441,1.034524799087428,0.6907378266683726,0.9597549347179292,1.0210519471466646,0.9787943888537218,1.1476095057858569,1.2062119389998438,1.0010021726909841,1.1668680934515874,0.7625207510735472,1.1299776300804865,1.0364226357590258,1.115206735622633,1.141247939049067,1.173974110844622,1.163487803907885,0.9700778899879023,1.187918235476761,1.15581163629175,0.9554487536291634,1.0369744612237228,1.1011406006695639,1.0598487400065448,1.084139667492965,1.0759368841523533,0.850296744122514,1.113316792772418,1.068203913144861,1.1268165714770668,1.0285498581864139,1.2185648630874462,1.1348564786263549,1.0766918075202585,1.023145151472035,1.0748935610996948,0.9711557047690502,0.9673497750909618,1.1494329827514058,1.082593329916925,0.8994978785482741,1.2152155266720035,1.0232838701000553,1.0385882076908177,1.2326360987434581,1.1337870689588347,1.0836753224959794,1.1168547791225598,1.0035799328483224,0.9016141181790569,1.1599244794475068,0.6835132430651624,0.8707896419884645,1.1205627109112493,0.7726682570630123,0.9209036849232244,0.3794430453660099,1.1221430595722925,1.0528321872621869,0.987453130111731,0.09549680011990191,0.9689279740384135,1.0894403070034657,1.1835725898895617,1.0780938032350385,1.1074544669379291,0.7798906616000264,0.68343976567565,1.068589585194756,0.9424276515722018,0.8550029183781378,0.9850631978496216,0.5346937736014045,0.8037179512425703,1.1006905795167865,1.0499264536435582,1.215935786913743,1.0998406708406507,1.0339029016248835,0.871440920824134,0.9209643127198673,1.106366345377747,1.1026972904596355,0.469664761198316,0.9937868088835401,1.053305724439605,1.1086264454765367,0.7580737057247311,1.0439505834161573,1.1364467083120668,0.7378192137123116,1.0108655016280963,0.5384655189153007,1.0498483566227212,0.7355958906404352,0.6636461122511618,0.9592288948480394,1.2537970185850382,1.1744527757069667,0.9505004364282066,0.8628762765715521,1.167890476774204,1.1455738003235076,1.1254619876042602,0.9238285699354705,0.9526387367959782,1.0240354219991459,0.9296372913732647,0.9386655533541785,1.0265345160256536,1.105293359123875,1.0187531594166879,1.1794394690266685,1.062712589166342,0.7080265919503319,0.9334389498062216,1.0451107271216746,1.0954320362251961,0.8448155596167126,1.23113509016598,1.0824219094295606,1.0584958197290482,1.1329898225608799,1.096364724853765,0.9837542332982923,1.032905549373417,1.0297616853466602,0.454680309559073,0.7819641003255389,1.1375398644738823,1.1569633925643532,1.2393966523277142,1.124701986644034,0.2950131263627136,1.1730159913668659,0.997736527171715,0.3513757419017407,1.1456950741867007,1.001370509883213,1.1746407005174602,1.042525351768132,0.9084164371956325,1.0978217325970887,1.059707236271477,1.1619047419898172,1.2855898374764911,1.0466179305105032,1.133616177789038,0.1413766477037932,0.6951185409811517,0.9935218011757452,1.0228559358329465,1.1927622412820553,1.3518911243515692,1.1873652028699364,1.1048890575962513,1.0970941240721275,1.150317512518146,0.684413037208338,1.1623272380093526,1.094784145453852
apple,1.1071194662272152,0.9335501450243441,0.0,0.6819623625961663,1.3114703430116732,0.34613831267312123,0.4550444526573362,0.44329128928345385,1.023380788894018,1.3618172159362336,0.9345818408146638,1.4259241937821785,1.0361749850694897,1.2643620235927906,1.376774383672239,0.8430771254738072,1.4193606119171642,1.2341832775965345,1.2570788383308495,0.81077234242361,0.9319805694233045,1.1737932139648808,0.5708268480390375,1.0150037072243532,1.0404606383631125,0.9017730684097827,1.1736062303304409,0.9681252793782517,0.5447839063018073,1.1709211857128723,1.2636052966402613,0.9018129466039496,0.7944634690203045,1.3546464350954999,1.0906189640728385,1.2997816500480592,0.9681358622440057,1.2751371284117978,0.5752819396031515,0.6189862155784035,1.3982181160075542,1.0744730969529779,0.629006589459873,1.3464244691672946,0.9261001387799521,0.8422578243546281,1.1216611238091414,1.1416016286424557,1.12367483240753,1.22370173727267,1.0087449812801892,1.2759381943367636,0.990346780013426,0.8902208766733772,0.2612633253356612,1.163032144367195,0.7700405344762805,1.1096927356786277,0.7812298184878669,1.1544531847577937,0.8659129418499374,0.6789556704402734,1.0723161889166677,0.8439712288841631,0.7946256627916599,1.1662620286923788,1.1730192572354938,1.0616810535158467,0.8736429387007896,1.1438329464501997,1.1458196425486875,0.7873425225443842,1.1863783052831796,0.5297643315603379,1.1192526149014757,0.805146852080018,1.0520225817808475,0.9375028771756057,1.2891767377655123,1.3337422648239001,0.9000898434511899,1.3245506362020971,0.8267460561427885,1.2188509149931464,1.0362994004220913,1.2379061609607886,0.8584375023267652,0.37810363358614885,1.0710689045624386,1.289767609739983,1.1767629794101433,1.2358694597507738,0.9073812756849648,0.6054294448519129,0.5726457675971443,1.114483191053937,0.9949949612885971,0.8104013337786513,0.21399883555846344,1.2937036466308685,1.105491542907754,1.406069744907612,1.2979444709884616,1.2368854291502205,1.0418088136709036,0.779675095745503,0.764775866163491,0.7289981714088498,0.8378554171902601,0.33070156231841186,0.8476615382649693,1.2552418925890148,0.9434474942398282,0.8098994990782407,0.7480365588155501,0.9903209297222626,0.3686999931381214,0.25094993107846963,1.1277171394595373,1.0124140412491158,0.4512182728847841,1.2713162019259199,1.0910107596537437,0.7477037763499808,1.069612408427405,0.9125244470965679,1.3217345776087759,0.915577411434997,1.3271168096905124,1.1371264852332852,1.2453901421922668,1.2218057021106805,1.3338701051585877,1.3368298663699507,1.2722030469801664,0.8842084574960882,1.23157353906951,0.6707229171538399,1.2164398726866676,1.019617582333047,0.84894883856211,1.2544519218397048,1.1834468318440499,0.21490286885270748,1.3225209101722282,1.332142012085843,1.2644336556011102,1.3533979803028768,0.901502871546703,1.1965861624042495,0.7829968746640702,0.7874621602962426,1.028452887226754,1.2486306299549235,1.134599538602254,1.2560607224097955,1.0730477077649123,1.155414785584712,1.0540628972982544,1.3626295075370154,0.8864120411297383,1.257202328801264,1.1112955622471676
applesauce,1.081140580894079,1.034524799087428,0.6819623625961663,0.0,1.0237118231488065,0.9045555928827381,0.9186964392192574,0.5660390123240777,1.068006918488892,1.0598515679483191,1.1141616041674982,1.2370901858538856,1.1792141028654224,1.3059534775377668,0.9681178640845731,1.0821473786076072,1.1946826807292337,1.2228165940809126,1.0473767497235713,0.7882799937430849,0.6562886521802296,1.0409971936754145,0.6642107937696193,1.2512121352221401,0.8800984199139936,1.0861358754011834,1.0285325321665575,1.1788654245864627,0.7999878461414338,1.139256858578849,1.2820276010653382,0.5196710469507242,1.1234096745359758,1.2432470754567655,1.1224854647525087,1.2089501547059587,0.7249778982148551,1.1711905920405663,0.6157579098883409,0.7539275235709864,1.217103143028405,0.7364072748397428,1.0650482783431747,1.1722975622279255,0.70773635687096,1.1580126423396782,0.8235601802031024,1.0801119675549395,1.0353672630069992,1.2460225525819788,1.1237155255389253,1.1623532037817528,1.0343345399349573,1.005285196518198,0.6898512358856728,1.1146746337262856,1.067470617712712,1.0610201149631115,0.905137248325691,1.2110446078246793,0.9336441055419153,1.0569879856117652,1.0184175998638223,0.9872113932579007,0.8856400730720598,0.8914041568325544,1.14541382092863,0.6460275915733185,1.0646225012993713,0.9320235741918159,1.181366563357102,0.6353898231770664,1.1197905423006336,0.6564061809721272,0.8715915987417608,1.1345901999874297,1.105318448084898,1.181401915089171,1.229856561795631,1.2313152332256831,0.6171031804757974,1.1390184496829499,1.1232760731213338,1.2787750386946055,1.1542585447662523,1.0971926644205166,0.733683370253499,0.4394819624376931,0.8302248411526941,0.9519379653027377,1.3115934508592104,1.1640688297011135,0.9696606908559908,0.6158652521321496,0.9003480826326221,0.9644604039319442,1.0241327590297127,0.9778187044602001,0.6763801006630182,1.0752834515381489,1.0773878853723757,1.153018835951406,1.154196712541723,1.0303528368684138,0.856187233421103,0.5209724056281654,1.1879801789614126,1.1570049420538764,1.109378568579005,0.5170098425138954,1.084774610332466,1.1483767660175084,0.7643176992459335,1.067866652605807,0.6518954773009827,1.1781908290131393,0.6693902296092868,0.7990537772214298,1.1155062384130516,1.1414852319466002,0.9878241199985286,1.0831640880623863,1.0764363227535951,1.006398976307474,0.6327261690793673,0.4913000617051533,1.103724079018696,1.11888668772807,1.1492567995662117,1.0816514312856416,1.0860474768701975,1.1117454420110722,1.2005864947516305,0.9435096156126233,1.196424241143703,1.0870186190877427,1.2358686000693637,0.686201240021974,1.0537861217570417,0.44905577683295306,0.8111889817780767,1.1492175803881828,1.1622817370481178,0.8648805309910392,1.1824449132196397,1.1602109845324846,1.2114222045366672,1.074551245104596,0.9052862216563998,0.7958008405222265,0.9759994089983104,0.938942212084836,0.9829090117547342,1.1102310875440153,0.973383116080052,0.7724561844418729,1.1972313024837948,1.164108176222321,1.1409618086593472,1.2537959564517183,1.0599012782328103,1.2513164403835033,1.1811218734296793
arm,1.0226613396933886,0.6907378266683726,1.3114703430116732,1.0237118231488065,0.0,1.2834373725789956,1.2541164984176327,1.2870778992649157,1.243157044633874,0.7540319967228803,1.0601891325981816,0.626709656297204,0.8257707357530011,0.9588267431499918,0.5409747525767342,1.2641407857446747,0.672228477136855,0.9778837346598721,0.9072235302433637,1.1900075510263683,1.2688779763210967,1.0025418634065244,1.2721718422655162,1.1482618286237893,1.209532826516185,1.214624302982772,0.9393381839642483,1.1752414763577252,1.1048425785778346,0.9345093887563787,0.9200251733287442,1.1801564896166987,1.233661742188498,0.8101199705290667,1.0580670444786549,0.7032568840634045,1.084281696582844,0.8884423558816641,1.3471412027739829,1.2375688522893231,0.6458625902248207,1.0794053414161313,1.182393371568748,0.8869461389782134,1.216867720493742,1.2618670154306713,1.1269886650298273,0.9705006766293679,1.0879200032183407,0.9047262906588439,1.0526161380735641,0.6783261547970607,1.1501261367123776,0.8715687597706541,1.2446236381157394,0.9951280221733214,1.0583450095237708,0.7303275155720286,0.6941046958033619,1.0752316057220497,1.1650703521145647,1.2534134675764104,0.5761449444205445,1.217733155158787,1.204238020557781,0.9686863923619052,1.0399501388361891,0.9228998462088296,1.0161462278632711,0.6589882851517205,0.9312321856864796,1.0613188202281814,0.6600056812709146,1.261226997650807,0.4155111000735916,1.2243744230199571,1.1317144805433956,1.2325830552829362,0.97303858396215,0.6321383209250453,1.1714419486018735,0.49825303191786263,1.1315574883826496,1.0379820541302844,1.12298106205649,0.21926941931575405,1.029060251486855,1.127478840057197,1.062577761047514,0.6919076097558886,1.0988721074968482,0.9235665000119975,0.9139380347669561,1.290731745932312,0.8905383905456085,1.0352580630794117,0.9373103380455788,0.8956136102883023,1.2834771128073603,0.8267377973518202,1.0114012902459997,0.5190461908468971,0.5172518283394021,0.8199368434786118,1.1350283793558489,1.1931382720653068,1.175262125455588,1.1891902002403685,1.3163633737730362,1.2813353085486672,1.1428610684427871,0.7719436822844162,1.1238987314108502,1.1920499683089738,1.3265599076248629,1.1986312965217116,1.1284520889574297,1.2418090483826074,1.0400891325332788,1.1143609356096065,1.2396361555329365,0.8498207460740779,1.0672739202438761,1.2812877650449175,0.9850962263122774,1.06913185157926,0.71151646451277,1.2398197931236128,0.4328540162243142,1.0124725621669826,0.5629438613168332,1.0552388080630126,0.8147146810040156,0.8460605510449821,0.9593787570130817,1.1378488900436334,0.8512873038726527,1.3067996013545875,0.6126893063537888,1.0521970972688293,1.2321608671460786,0.9309291661173263,0.9251576987176026,1.323715078137889,0.9501100177937125,0.5175503318957623,0.932855194834834,0.7306594539567364,1.2860345344260322,0.9460416086775603,0.7368077192734424,0.9679643574218814,0.9862434377262237,0.9690417064943041,1.0705350542898604,1.0344229544832455,0.9296313360949329,1.1230312737624186,1.114146851124128,0.7983013141405388,0.8738097728040927,0.84026689641252,1.043406482359667
ball,1.111797228308803,0.9597549347179292,0.34613831267312123,0.9045555928827381,1.2834373725789956,0.0,0.09676664256508682,0.8082356320464943,0.9803111304469713,1.2849811573332839,0.9260861487649379,1.2877932557583984,1.0638560368318564,1.199325788036162,1.2978176487904414,0.8952683397133904,1.264978879197246,1.1447872035779436,1.2019284070904463,0.7801040464400668,0.9050686014349065,1.1546331618027688,0.7894407407759689,0.9514542292424516,0.9322306429377913,0.9431188172705554,1.1272662855244486,0.9190154968534112,0.7330953192945001,1.1330215537667234,1.2099106644105653,1.1232830497173043,0.6924416198014597,1.3077484495310001,1.0272492925583394,1.2618562500964594,0.8995120515421714,1.1503769065503326,0.7703120856490522,0.8112975512052014,1.2702624943471381,1.1648492130044588,0.6507381071061686,1.2747957066628386,0.8570470968101178,0.9114462814855099,1.05331904530778,1.1018104444360453,1.0477344942271014,1.1872954405773553,1.0741405604040062,1.2072340429237782,0.9604392864595785,0.9647949133951119,0.232030845378575,1.132654402798739,0.763142353485367,1.1261260141611853,0.8590963152521126,1.135381968201702,0.9436109758006977,0.757454376991865,1.0976071256158173,0.9946176538070706,0.9191924943139,1.0082934352384183,1.120134517185992,0.987623409225603,0.934405541135424,1.0546333013893703,1.060056129767447,0.6426699135915017,1.1202196492619836,0.7645959797160562,1.13235065542624,0.665932205940533,0.9986061096768709,0.9697532118410239,1.1131695161135753,1.272118055960473,0.9151303625820248,1.288110389048203,0.941793950516695,1.2137130761620452,0.8724801040658359,1.2081978610862159,1.0596175168908375,0.6202628019285437,1.0770057151845385,1.1718753709418614,1.0479047069463396,1.1553835217663952,0.9888542398460107,0.7502979713626263,0.5696281301316344,1.0885792626945954,0.9878529786600836,0.8643114362560066,0.3309925165566332,1.3528396702655296,1.0420757920658557,1.3040263848076417,1.2643543058006361,1.1829172018602234,1.1174150220163188,0.9624301608922747,0.7521478259830585,0.7330812130296785,0.8758253095729095,0.6580384661781024,0.9430322678540695,1.1195995795379596,1.103524240569036,0.9223560387902774,0.9417032263131785,1.0108232337631557,0.47053597609810704,0.4347586506868264,1.0965720380830584,1.0060528875544419,0.374622966295997,1.3241081266429444,0.9604591627270028,0.8455007643213515,1.234724493748883,1.0313459510599463,1.2250102842220938,0.9527624425219366,1.2620682008577937,1.0722640686862102,1.1886446134885678,1.1156430777388318,1.2582737829707802,1.2850090663208042,1.1475697569455365,0.8821853992368394,1.1095471823921732,0.7141533087516533,1.0848413995023933,1.1139508938658516,0.9397820603436124,1.1445059210331676,1.1317319162925343,0.5569504831834613,1.255677225909134,1.265564485260131,1.1350002483855626,1.3091435206583748,0.8001269311884911,1.2672857153442858,0.8579414140413797,0.8857661283751928,0.9486037263066328,1.1829888154867094,0.9684954625602524,1.287256404955165,1.0734957295018108,1.108560997265999,1.0454580322304428,1.2648461261622428,0.9029393776144323,1.2231587998103866,1.0513279313961563
balloon,1.1165444887461469,1.0210519471466646,0.4550444526573362,0.9186964392192574,1.2541164984176327,0.09676664256508682,0.0,0.8798984520687616,1.009836684456978,1.2091856289279015,0.9226330245600428,1.2264774140944519,1.0891032687039528,1.1604933955812597,1.2335326657004275,0.90769518614917,1.2172523040889738,1.108931125311223,1.1496770178224671,0.7657022655677643,0.8901443421999702,1.0853395853960253,0.9255244511636004,0.9470884226392005,0.8729153577195949,0.9545964218624852,1.0565407499597321,0.9880890037990466,0.7719130701412718,1.116418664166772,1.1352752445424406,1.1085390470917889,0.7755000394078629,1.2419713236229208,0.9518901455570019,1.2074230230516214,0.8876040328731967,1.1430127071819192,0.8834219988562511,0.8872359917381853,1.1937203196289112,1.1771375738602083,0.7319172762066103,1.2154456212502287,0.8457751173004118,0.9481210672203872,1.0121976115542581,1.0825544110929972,1.0365173494948736,1.1430515860125008,1.0771137336115124,1.1509455134610695,0.9385244603983661,0.9992286874860633,0.3339260923297588,1.06428301884459,0.8784436262968718,1.1305434373661067,0.9389349900651921,1.1287884777564992,0.9336292063561019,0.7829756333601153,1.1440725460660326,1.0294408089414695,0.9507992701975844,0.9983091019260865,1.10594477447084,0.879258622178428,0.9967373861362399,1.0359169707982867,1.0950701669473382,0.6324941531342584,1.1066804867539874,0.8710010454555042,1.1464493759256764,0.7301248306789362,0.9831701594729356,0.9661044531840447,1.0233108829819908,1.2121850561880085,0.9182794389798862,1.228313286100133,0.9902154583198726,1.1396659988058084,0.8199092790533334,1.213063536083385,1.0793549449163415,0.6497085862339687,1.0049334733809068,1.1500822436102158,0.9836711930646256,1.1201394390651005,1.0222576960262004,0.862635902403935,0.6812979257237097,1.0511169539495702,0.9853635168859055,0.9365143135835395,0.4328293967605066,1.3154922272388445,1.09722531229515,1.248664202816205,1.2125126013691383,1.1101387156678146,1.0963411582142721,0.9784416791540264,0.8236078158658453,0.8224425159015671,0.8794417454080028,0.7616501405565784,0.9450980619825836,1.0726125827612654,1.1143012833690231,0.9480650779133174,0.9709758453364058,0.996413853507689,0.5967913435496762,0.519610423776482,1.0473843840445018,1.0874296631234295,0.5059061788820729,1.2525555544044247,0.9921200396516416,0.8695300498404482,1.2503569022616539,0.9738898934089304,1.1970575655601252,0.945691983006541,1.2101275425599725,1.094978657917723,1.1658494136965805,1.0812138162689724,1.2137468247276841,1.1967968379076717,1.0423102628912373,0.9606347606209515,1.1143999365173483,0.7509522538231685,1.0783675984338494,1.079983941408698,0.9446201882490894,1.083671311295475,1.1501595523179715,0.6490328595869072,1.1820926713922384,1.2153142538873116,1.0944088163423094,1.2310001672309683,0.8309628315309414,1.2602101587957621,0.9457714479944687,0.9588120280907568,0.9046208175935323,1.152546975613244,0.9011393390241061,1.222255786517636,1.0651512162423333,1.0788250604188987,1.075693930128043,1.1669457865981778,0.9650666523640291,1.1605444268642526,1.0144199165540049
banana,0.8773938904674434,0.9787943888537218,0.44329128928345385,0.5660390123240777,1.2870778992649157,0.8082356320464943,0.8798984520687616,0.0,1.0139927726376994,1.3361101748616888,1.0459604198129697,1.3752506262752289,0.9478758185682529,1.2594011888230057,1.2928331431344982,0.8703149463567728,1.3217246754644019,1.2325681331039025,1.212000477981875,0.8725370432008076,0.9461408564124376,1.1587703963727236,0.4817666395332054,0.9492106238170651,1.0890323353304825,0.8938379516395891,1.1648494790418602,0.9913065925612772,0.5369438862400335,1.1820838754866514,1.2397833576679238,0.6392410582200612,0.9158491572676918,1.3142391587267026,1.0647514190053593,1.280753045418461,1.0345054190700393,1.1090273017609817,0.5569349731315836,0.3511182886743651,1.3275798390871663,0.9424972180568125,0.5739602238280623,1.3224115491051966,0.973966248116433,0.9845813039032159,1.0981447442907137,1.1495503220709797,1.141798868314984,1.216304799023575,0.9990965868300241,1.2542201307427459,1.0101411437814738,0.9807633469098092,0.5692420828754928,1.105166704936601,0.9160150502386957,1.1859466836650951,0.9062988380133381,1.115943619484232,0.7383060894144275,0.797264636071902,1.0106704385785301,0.7499794283488499,0.6922749980185793,1.1697438095373964,1.0685619533073187,1.1647992694366711,0.9320941708120846,0.9453045571306595,1.2122307854981336,0.8819062047318251,1.2255128304437013,0.5321764738017507,1.1415337580093754,0.8978154125930494,1.0976438718090542,1.0131999721063865,1.194783880417643,1.3117033770214137,0.9356501409420988,1.2535729164731646,0.7036634251674031,1.1664785463581857,1.0633485010173471,1.2049730599592638,0.8851583090495876,0.3774392053780754,1.034398115598214,1.1624270117606088,1.079215309000318,1.2075001325438612,0.9892586521076956,0.6722931214607751,0.8530833344882007,0.9522734089993281,1.060201273448198,0.9819788433398229,0.4564103651022955,1.2372921177342728,1.0322696712678978,1.343087894609131,1.239888224151243,1.171985229841144,0.9168720187687736,0.7506225177903625,0.7401864234211775,0.6893962185284417,0.7447418301758734,0.20915827023399225,0.9496266491574746,1.1404753788444555,0.8657030524251246,0.8458363543402607,0.6642343486174251,1.0451730797439311,0.6003809590211922,0.5625516704742552,1.130584497321347,1.005570170647037,0.7846910996459199,1.2159630677757491,1.1656126006994125,0.8494351734658625,0.9141166399920232,1.0038625486415167,1.2155282540877312,0.8362624020053185,1.3385440435573714,1.0475319096784759,1.2193522249916302,1.1514673220341867,1.3377725288470672,1.297981375404084,1.1958579585234514,0.8115543434169037,1.269385433451487,0.6529049819974954,1.0891366850571833,0.9672872109551658,0.7498003066214377,1.2920078427815795,1.1051846766642743,0.5589895126066505,1.2541805572555964,1.3347586444293933,1.2838459731522935,1.3006032648614854,0.8114968210103175,1.070155024766504,0.9088146073375294,0.8183511127555139,0.9032881267163675,1.0535531386998294,1.064210039409916,1.1767354251082285,1.1657511863829868,1.1154863050425565,1.0557159563434046,1.2974088767571033,0.9730703012050548,1.2643292462028155,1.1339703025286292
basket,1.1206631073143207,1.1476095057858569,1.023380788894018,1.068006918488892,1.243157044633874,0.9803111304469713,1.009836684456978,1.0139927726376994,0.0,1.0126366350622764,1.1575020204027189,0.9535279135019619,1.013873007011045,0.7667714181785394,1.0463138139903385,1.062017550875529,0.8818021926028956,0.8804376091042402,0.959433100591192,0.8669332633933348,0.6900929652189858,0.597462279133687,0.9953546889920226,0.8771322572920959,0.567716094893383,0.9947225970889985,0.841520291431191,1.0388489442789217,1.164933824641792,1.1012191664596331,0.7016436831084757,0.9886684439292539,0.8861275239053398,0.8682766771231797,1.0611683714691562,1.0482379932914196,0.9976298842771536,0.7867246087004378,1.0460697737013591,0.9186921822822726,0.9775591583491695,0.9740251074796233,1.0352849414291863,0.6434470263997774,0.7823930574953012,1.0552270597162565,0.8452282578183714,1.1343373415225297,0.9558357454869286,0.965932297839105,0.7747279984559176,1.0068821698512804,1.0779168465764855,1.2613981486523391,1.1085731745351193,1.2065764500485356,1.1894778592699413,1.287787549569362,1.246854360516592,0.981323943053785,1.2159121074415844,0.9435331081393387,1.186422402528541,0.9080611705557291,1.141893285444093,0.8810305060633408,1.1132678804637153,1.0390003207054164,1.1625913465196762,1.0417994787599785,1.0617647440833098,1.1454919307931666,1.21425229389649,1.054598647344713,1.220298850692042,0.8904208128052873,0.9521011669177482,1.1139770403431632,0.9129932111906308,1.0538558110977587,0.768412690006209,1.183312145812054,1.0146257231317646,0.6349573365461031,0.942793212427975,1.244457701195957,1.0559361716768865,1.079499373779102,0.8863249069973802,1.0361948472915739,0.8753822405827811,0.9891991665772008,1.2165736400081948,1.0043371807670882,1.2870642666144074,0.8523654695782643,1.0617004122171179,1.2711693568431846,1.0853654456007038,0.9327041653046105,0.9923654097405352,1.036917621561673,1.1909651921012183,1.0414986722124941,0.8858740545658982,1.0570685257262926,1.0040013495743674,1.0009351928178716,1.0847631972926324,1.1321368660289912,1.100487456181051,0.8422810861710889,1.0685268064489652,0.8501425571811182,0.9280723053321476,1.1045000977766957,1.0841137778293544,1.0125122870967853,0.5302264779082358,0.8052250283830515,1.0660474539371059,0.9219994305393706,1.0322519698702128,0.9911074093188273,1.0172916707848407,1.1356781997103411,0.9060020738051185,0.8601181803207802,1.187667661751779,0.9247362428485333,1.1111550411088402,0.9999258909610651,1.0518242964331164,0.9885881387040212,0.9634713800198474,0.9164610055923373,1.2039445960348887,0.908464456620039,1.0173906434338922,1.0970930151303666,0.9606986626704742,1.1008619153763195,0.9702626376742225,0.9349015385576394,0.8441480396163451,1.0991932887210312,0.9605660820313946,0.9700712427799761,0.7873565296276758,0.982643247338408,1.239520614554928,1.2413838593702846,1.0587101496363582,0.72497005553232,0.8808567540324811,0.7313106790145494,1.0483489541157234,0.809292743127991,0.991913517835806,1.0184410917520128,0.9576119379852872,1.0189036270702434,1.0646721481058192
bathtub,1.040213122679944,1.2062119389998438,1.3618172159362336,1.0598515679483191,0.7540319967228803,1.2849811573332839,1.2091856289279015,1.3361101748616888,1.0126366350622764,0.0,1.168045261061199,0.5283667361385826,1.1506742885785024,0.8008134460461536,0.7560763193578918,1.262933876670242,0.6794366701945274,0.5942415839426464,0.8876134454021841,1.0848770447552047,0.7394381622412063,0.902655996149124,1.3616521077454085,1.116630265710333,0.7902657626342775,1.2382365436673677,0.7594687297431066,1.0750794243869888,1.3057807694782144,0.9428411716458855,0.8275655330237381,1.1186131040975669,1.2167846901569663,0.6001793241254793,1.083648028344895,0.8584117676802983,0.9213791442421325,0.9191192355422505,1.34633508162741,1.284599359256299,0.6425811127492279,1.045036293227205,1.3496589802889725,0.68905738659723,0.9558805961788042,1.2669735914977265,0.583704808000863,1.0010223686699355,1.010296663493585,0.7052072567697134,0.9523738387485426,0.8935792013395618,1.02682314560424,1.1658524876179712,1.2942874709816896,0.9616651426982531,1.225070956003612,0.9335605112891115,1.1951159764747201,1.0171991115957182,1.1873463110193545,1.2961637667176604,1.1401420687487185,1.1652430618411955,1.1967598288663375,0.8817104630188818,1.0728714102240844,0.7631150548227348,1.2116010149643004,1.0919457212500052,0.8093916612845643,1.0792437747062984,0.890353925686031,1.3761773085938662,0.9867071925154975,1.2970455565857884,1.1357057169983884,1.2270524002758998,0.7849594528704892,0.7805743147026187,1.0668452687840073,0.760797494432078,1.2160301205375068,0.9764652516763856,0.9173175361565973,0.9019330742438942,1.1754038791382309,1.1840068365130891,0.7920530147470817,0.9743876585283889,0.9604771536199869,0.8732040745719312,1.1014170444444815,1.342602109153742,1.18371943004289,0.9556192971338019,1.199780440027132,1.1875054433508938,1.3446335901864783,0.5865113892286193,1.0358399398610807,0.7316051004258501,0.7933185949092671,0.835966123838283,1.0312186112101522,1.1831317010117346,1.2959315607162787,1.3138696702542245,1.2749355516932819,1.3359671345186568,1.18664778502838,0.8824488723266606,1.092962764172843,1.1912759094077643,1.0033308423371667,1.184348426472567,1.34531318098279,1.3211178633314242,1.0378399453792266,1.027400420347992,1.2836535296557947,0.6178341810841295,0.9682657799594496,1.259021825680622,1.0240951227475725,0.8522562818403905,1.0014553655821303,1.1606151332624837,0.7294610602270938,1.0921981848397595,0.9309170471041819,0.8365957515491542,0.24579190697365538,0.10264195281744048,0.7093359380641264,1.2342371602394167,0.6507313285786891,1.0548422695364066,1.0743294450319234,0.7843484874510107,1.0483391590406292,0.5782631752376236,1.0483990192841308,1.344353489356115,0.8686364750366151,0.7385179586379886,0.8994707362298918,0.542652931974545,1.0244404545369032,0.8952657098105536,1.2225231260323972,1.1553184257065268,0.939267837627577,0.9173961341977371,0.9004188043148269,0.5592713317025592,0.9523261271947829,1.0178476381708552,1.041819332306344,0.6967961903286426,1.204893952410261,0.7546404753360549,1.076817836198505
bear,0.9200890782873185,1.0010021726909841,0.9345818408146638,1.1141616041674982,1.0601891325981816,0.9260861487649379,0.9226330245600428,1.0459604198129697,1.1575020204027189,1.168045261061199,0.0,1.0999923167317052,0.937517352794058,1.0905749236688136,1.0388385036754544,0.827236864382265,1.112330445838212,1.0784210222048525,1.0540280769241255,1.0535603932889144,1.2158824869560236,1.1497358172916485,1.0123680703111613,1.0691568814231462,1.157006799040905,0.9336950961339868,1.0554140553320412,0.9769717717004985,0.9237484634153412,0.7653968636710433,1.0952281417020704,1.1794140836774942,1.0579171336552136,1.0871176018795625,0.8703836751608719,0.9342497723311937,0.9672701146337587,1.0956840669522676,0.9171302346320458,1.0901011466256916,1.0626462468663151,1.1136888380779981,0.9909583382360214,1.0730453657349726,1.1311839234801278,0.7175174356808764,1.173095574235007,0.7187696438314478,0.7960882768969247,1.0722122214324268,1.0337108131700234,1.0190286177954382,0.8379009491392833,0.91142203758325,0.8913819268033508,0.6253226292894967,0.8406205920884282,0.8766659851401979,0.9507383007298645,1.0232013118155967,0.8484509932519556,0.9801225258920755,0.9933189076452308,1.1174985258823746,0.8480917028999859,1.1436572042948758,0.8289379537599508,1.1729104655352098,0.9457618342944261,1.045610969965574,1.0443837419598034,1.0805801797192285,0.9098651886507093,1.0527647463601557,1.0472258792483535,0.9186882828997999,1.013256210866574,0.6852184225362842,1.1026566142534222,0.9892813907842646,1.0995175845386989,1.0060668944077489,1.067716242619702,1.0801764140967238,1.000367957760817,0.9195905339768622,1.0041153684535433,1.035903294200403,1.1127819199889024,0.8918052683631522,1.118252055251221,1.0169903563754656,0.9959639399225354,0.8806996934271127,0.8949667751287662,1.142508488647985,1.0327395071878647,0.7905063499630421,0.9088938922334607,1.117099134697387,0.8428331624607013,1.0488036141180497,0.9353043929032052,1.1477022505533063,1.110173370818203,1.0568015676506621,1.0339264557101069,1.017634219715329,0.7128058168859454,1.0091398716552669,0.6663478493165262,1.1090980193889177,1.1877796463220924,1.0055159631810955,1.1960988431319224,0.7098235344037482,0.7818361151339803,0.913725449955656,1.0251933532832345,1.0266435174526711,0.7638537471514408,1.125765581245,0.984263048507461,0.8287707567121447,1.227744549128401,1.1041117589782758,1.0533552837091342,1.099930540070292,0.9984484072880868,1.0898397524821484,0.9455381638264768,1.1480958686101403,1.1070378934933707,1.2377783452503164,1.098653938273474,1.0331403310342444,0.9970263011029572,1.1150802484003273,1.0733685879610542,1.1840262408427145,1.1517038084618123,1.1105150793983567,1.0421939333011345,0.9591002427910363,1.0375196507883453,1.0031354298687318,1.030585188316058,1.1766689563408534,1.140614779280927,1.1490247505121176,0.9271882614649875,0.9719246525023147,1.1694134814396444,1.1160611472192548,1.0104079547537441,1.2778118618764305,0.9437583321403435,1.0865731730412993,1.0129749853748098,1.1228821395343438,1.080430696606999,1.0180285202980706,0.8491643763230036
bed,0.9539522827142966,1.1668680934515874,1.4259241937821785,1.2370901858538856,0.626709656297204,1.2877932557583984,1.2264774140944519,1.3752506262752289,0.9535279135019619,0.5283667361385826,1.0999923167317052,0.0,1.0231582549885003,0.6991076708845914,0.5708859661014128,1.2681648074784864,0.13025544025199054,0.7167056480927358,0.7649001451937949,1.2428248681585226,1.1630091276709902,0.8145957389012276,1.3663249917602707,1.1440217685900127,1.1154941603781017,1.2340369376385383,0.9440419656352323,1.0144587816434198,1.3699899339753576,0.792511698897518,0.6244128605842266,1.2045037491807498,1.2247940286058299,0.43337522322157906,1.023725966901001,0.5967693320546692,1.1893719885520717,0.9863326654790913,1.4150031001884118,1.3845462572180744,0.18598080876379441,1.1331704326492393,1.3640436301867558,0.4157848280588583,1.2354893095315183,1.2487742388829115,1.002356164715165,0.8355487541993182,0.8854905246372923,0.6811849592738279,0.9710395580917873,0.7130972587518002,1.1040338092628905,1.151573087381133,1.3732932284944068,0.9505217756430396,1.188595948391561,0.8320384710391033,1.2276562056719562,0.9729312479740831,1.189545070418448,1.3100855539853185,1.0551450101913025,1.3343076055623615,1.176900987948718,0.8561098332596022,1.0159720597075765,1.0064469076254599,1.170073966923654,0.9542541604106491,0.7751980986345537,1.2127425963223266,0.8414022294499406,1.3422875196676687,0.9889538651367127,1.2100226689421634,1.121382059192419,1.1772686285115097,0.8218717471872218,0.48285849675331804,1.2116482764024987,0.5366717151852567,1.3264854725110236,0.8218933481486111,1.0513427702111595,0.7776523253852397,1.1904052484932512,1.2665755991098826,1.0556592230525192,0.7633351051312408,1.0486452815557366,0.7685115345669964,1.128554435537819,1.3412309171359635,1.2439870373640616,0.9072911675189408,1.1821192722437757,1.1606588376862346,1.3803926264873958,0.655534216384094,0.960581617596407,0.35744902668842327,0.5724301477795346,0.8267816140379325,1.1249866866223175,1.2326441235172085,1.3577315056084194,1.3603647882490415,1.2871404679000966,1.4172471512511122,1.1766247499358562,0.31417114008053737,1.1277031476098114,1.1347956915068176,1.2331224753984846,1.1317615162757606,1.3366190224684311,1.3761313880449877,0.8775197911351748,1.004600800689024,1.3606151992362245,0.6637237375948581,0.9013931019124,1.2837917237582204,1.0486759359009883,1.1628237239375825,0.7329831597692454,1.2868298529319127,0.5293974966423916,1.0541786516631115,0.7101062364401263,1.0135084263032457,0.5247829731709469,0.6798068919134831,0.7577203569890594,1.2279398565363597,0.7023632382911847,1.2809244696842854,0.9046094974698753,1.1356032888259895,1.3541932320245662,0.8386008967278757,1.007046919080621,1.4342004482909805,0.6483681479843839,0.5279434143270093,0.828699454882424,0.464872313668241,1.2648780947487932,1.0030397813170802,1.2262756925397273,1.203603938325165,1.1880765606492991,0.6316577900273508,0.9260439595785889,0.8011278904370289,0.8739381963687128,0.9591200045089069,0.9781506826569281,0.6619564840396351,1.2009643162518602,0.6590864865234142,1.0264610830527494
