,zebra,giraffe,deer,pony,horse,pig,rooster,penguin,bird,duck,fish,butterfly,frog,alligator,owl,elephant,bear,cat,dog,face,hair,arm,hand,leg,foot,ankle,finger,toe,tooth,ear,nose,eye,mouth,stroller,motorcycle,tricycle,truck,car,lamp,chair,bench,drawer,ladder,window,door,closet,shower,refrigerator,oven,crib,bed,couch,table,bathtub,sink,boat,slide,hose,sprinkler,swing,grass,tree,snow,helicopter,firetruck,clock,ball,balloon,pumpkin,egg,orange,apple,potato,strawberry,hat,slipper,watch,nail,raisin,glasses,necklace,carrot,vacuum,broom,mop,stick,shovel,scissors,spoon,fork,knife,pencil,pen,crayon,plant,flower,soap,bottle,cup,can,belt,radio,basket,milk,jar,bucket,tape,bowl,plate,corn,pickle,banana,melon,bread,cookie,toast,cracker,sandwich,chips,pizza,hamburger,muffin,pastry,meat,pasta,sauce,soup,applesauce,glass,coffee,dish,tray,box,book,paper,rock,comb,toothbrush,gum,toy,doll,mitten,glove,sock,shoe,purse,pillow,towel,napkin,blanket,dress,pajamas,bib,scarf,coat,jacket,sweater,shirt,jeans,pants,shorts,cloud,game
zebra,0.0,0.47393983602523804,0.7421144247055054,0.42611706256866455,0.5294654369354248,0.7139081954956055,0.7878336310386658,0.8545041680335999,0.8225013017654419,0.9996259212493896,0.906908392906189,0.761944591999054,0.8206865191459656,0.8701703548431396,0.8441817164421082,0.7710678577423096,1.0516473054885864,1.1386494636535645,0.9102146625518799,1.0565587282180786,1.086264729499817,1.1034330129623413,1.0973422527313232,1.0883896350860596,1.0233277082443237,0.9983499050140381,1.0466758012771606,1.0340520143508911,1.0170447826385498,0.9993071556091309,1.0364620685577393,0.9621741771697998,1.0533095598220825,1.0625804662704468,1.078554391860962,,1.0156986713409424,1.074737310409546,0.9607999920845032,1.0846021175384521,1.0816142559051514,1.0752038955688477,1.0225895643234253,1.0670490264892578,1.1064417362213135,1.0862932205200195,1.0433341264724731,1.1255378723144531,1.04749596118927,1.1126686334609985,1.1162043809890747,1.0998386144638062,1.0615402460098267,1.1298266649246216,1.1059670448303223,0.9751390814781189,1.0847837924957275,0.9621185660362244,1.0041342973709106,,,,1.1232447624206543,,0.9378014206886292,0.8993726372718811,0.9970519542694092,0.9509696960449219,0.8780991435050964,0.9514654278755188,0.9177781939506531,0.9158874750137329,1.0221279859542847,0.927067220211029,0.9931589961051941,0.9916432499885559,0.9981970191001892,1.00489342212677,1.002812385559082,0.9748345613479614,0.9869059920310974,1.0076394081115723,1.0878936052322388,1.0732886791229248,1.0674198865890503,0.9663453102111816,1.0143579244613647,0.9069483280181885,0.9628241658210754,1.0082659721374512,1.045743703842163,0.9457802772521973,0.9896579384803772,0.9519939422607422,1.0090651512145996,0.9622377157211304,0.9904053211212158,0.9629340767860413,0.9620314836502075,1.0371276140213013,1.0323599576950073,1.0099328756332397,1.0319607257843018,1.0121248960494995,0.953128457069397,0.9986653327941895,1.0009644031524658,1.0203139781951904,1.022673487663269,0.8701498508453369,0.9582943916320801,0.9748210310935974,0.9828833341598511,0.9941961169242859,0.9723981022834778,,1.0023919343948364,0.9522759914398193,0.9453579783439636,0.9770497679710388,0.9101995229721069,1.026203989982605,0.9693775177001953,0.9832286834716797,0.9230403304100037,1.0298564434051514,1.0201387405395508,0.9955732226371765,1.1589200496673584,1.0005135536193848,1.0757802724838257,1.0150710344314575,1.0906728506088257,0.9846521615982056,1.0640144348144531,,1.0147663354873657,1.1432464122772217,1.0260690450668335,0.8907273411750793,0.9555732011795044,1.0290589332580566,1.0868496894836426,1.0068333148956299,1.0048238039016724,1.0422028303146362,1.0663678646087646,1.0414230823516846,1.0393407344818115,1.1092034578323364,1.0897328853607178,1.091624140739441,1.1183791160583496,1.109442949295044,1.0017952919006348,1.1345291137695312,1.1121426820755005,1.1326572895050049,1.1699713468551636,1.1519962549209595,1.130843997001648,,0.9429059028625488
giraffe,0.47393983602523804,0.0,0.6757603287696838,0.5608429908752441,0.5103244781494141,0.7681618928909302,0.787458062171936,0.84778892993927,0.6569509506225586,1.063232660293579,0.8901210427284241,0.6098142266273499,0.7304598689079285,0.6979870796203613,0.7072498202323914,0.7938393354415894,1.0599416494369507,1.0642330646514893,0.8588546514511108,1.0049668550491333,1.0470798015594482,1.0267243385314941,1.0676295757293701,1.0814906358718872,1.048936128616333,1.0695409774780273,1.104620337486267,1.1073054075241089,1.0892356634140015,1.0708563327789307,1.0941027402877808,1.0186851024627686,1.0404666662216187,1.0090450048446655,1.0161263942718506,,0.9976709485054016,1.031741976737976,1.0262531042099,1.0275522470474243,1.0437703132629395,1.0542296171188354,0.9861221313476562,1.0021517276763916,1.0605978965759277,1.034309983253479,0.9761415123939514,1.0542787313461304,1.035940408706665,1.0241090059280396,1.0106650590896606,1.0196725130081177,0.9725032448768616,1.0267945528030396,1.0840719938278198,0.9419432282447815,1.0181784629821777,0.9688066244125366,0.9757937788963318,,,,1.0817583799362183,,0.8834817409515381,0.9040731191635132,1.0836223363876343,1.0304317474365234,1.011112093925476,1.0341928005218506,1.052898645401001,1.0778698921203613,1.0767909288406372,1.0175288915634155,1.1618890762329102,1.1267683506011963,1.1085931062698364,1.1370841264724731,1.0884795188903809,1.1018410921096802,1.0472601652145386,1.091725468635559,1.0644686222076416,1.058585524559021,1.0510369539260864,1.0659174919128418,1.0216764211654663,0.9117569923400879,0.9831429123878479,1.0673643350601196,1.023880958557129,1.0650240182876587,1.1022615432739258,1.100580096244812,1.0342810153961182,0.9311636686325073,1.074766993522644,1.105706810951233,1.1198198795318604,1.1142321825027466,1.1465306282043457,1.0967414379119873,1.0366475582122803,1.000206470489502,0.9852433204650879,1.11607825756073,1.0807775259017944,1.0875104665756226,1.010929822921753,1.0232501029968262,1.0361593961715698,1.014976978302002,0.9674351811408997,1.0489137172698975,0.9578992128372192,,0.9223840832710266,0.9602744579315186,0.9935775399208069,0.9217806458473206,1.0539982318878174,1.0059876441955566,0.931342601776123,0.9347201585769653,0.9296029210090637,1.0397593975067139,1.0022263526916504,1.0182629823684692,1.0500339269638062,0.9907389283180237,0.9981959462165833,0.9254046678543091,1.0285922288894653,0.8952922821044922,1.0084093809127808,,1.0545520782470703,1.0606200695037842,1.0651265382766724,0.897853434085846,0.9263673424720764,1.021168828010559,1.171463966369629,1.0950244665145874,1.0379832983016968,1.0289671421051025,1.141979455947876,1.1185601949691772,1.1118649244308472,1.0180602073669434,1.017986536026001,1.0215157270431519,1.053333044052124,0.988024890422821,0.9871006608009338,1.03988778591156,1.041909098625183,1.0584489107131958,1.0765033960342407,1.061694860458374,1.0956289768218994,,0.942314863204956
deer,0.7421144247055054,0.6757603287696838,0.0,0.4796355366706848,0.4624948501586914,0.7713533043861389,0.617663562297821,0.9147471189498901,0.6848501563072205,0.8635319471359253,0.7551469802856445,0.9179109334945679,0.8075273036956787,0.9535818696022034,0.9209953546524048,0.8808073401451111,1.0633318424224854,0.9901170134544373,0.8294448256492615,1.062288522720337,1.0490219593048096,1.0823829174041748,1.0995492935180664,0.9894412159919739,0.9618905186653137,0.902563214302063,0.9944161176681519,0.9990924000740051,0.9636458158493042,0.9589382410049438,1.0148382186889648,0.9737242460250854,1.011281132698059,0.9666563868522644,0.9532855153083801,,1.015295386314392,0.9878202676773071,0.9928833842277527,0.9663910269737244,1.0753182172775269,1.0996696949005127,0.9575448036193848,1.039959192276001,1.0889946222305298,1.0701372623443604,1.0698736906051636,1.0588754415512085,1.068585991859436,1.0808539390563965,1.1131632328033447,1.0780391693115234,1.084157109260559,1.0961551666259766,1.0551999807357788,0.9677718281745911,1.0556974411010742,1.007297158241272,0.9406115412712097,,,,1.1074422597885132,,1.0081486701965332,0.8749301433563232,1.0003197193145752,0.9946614503860474,0.881066083908081,0.9527949690818787,0.9663529992103577,0.9310380220413208,0.943468451499939,0.938275933265686,0.9672901630401611,0.9383417963981628,0.962109386920929,0.9509016275405884,0.892357587814331,0.8978899717330933,0.9252332448959351,1.0466465950012207,0.9193861484527588,0.9560897350311279,0.9597889184951782,1.0188674926757812,0.8360822200775146,0.8699439764022827,0.8882801532745361,0.9181596040725708,1.0472277402877808,1.050762414932251,1.0319936275482178,1.0362416505813599,0.9464954137802124,0.845906674861908,1.0503262281417847,0.9366597533226013,0.9569666385650635,0.9777287244796753,0.9953070282936096,0.9660138487815857,1.000746250152588,0.9989777207374573,0.9599862098693848,0.938302218914032,1.021275520324707,0.9806115031242371,0.9861529469490051,1.036421775817871,0.9830968379974365,0.9908563494682312,0.9868689775466919,1.0066604614257812,0.9844395518302917,,0.9851195216178894,1.0258307456970215,0.9591771364212036,0.9837700724601746,0.9889443516731262,0.951796293258667,0.9161837100982666,0.9761658310890198,1.0377907752990723,1.0071460008621216,1.0004515647888184,0.9812066555023193,1.0374064445495605,0.9794078469276428,1.0486210584640503,1.035121202468872,1.1001529693603516,1.0501378774642944,1.1115344762802124,,1.0267339944839478,1.011048436164856,1.022213339805603,0.9496045112609863,0.9468426704406738,1.0800323486328125,1.058030128479004,1.034371256828308,0.9036915302276611,0.9015393257141113,0.9446880221366882,1.0252292156219482,1.0391751527786255,1.1322695016860962,1.0283726453781128,1.1060218811035156,1.0960729122161865,1.0856797695159912,0.9350049495697021,1.1084280014038086,1.0927441120147705,1.0756549835205078,1.1417210102081299,1.1022160053253174,1.0563056468963623,,0.9525147676467896
pony,0.42611706256866455,0.5608429908752441,0.4796355366706848,0.0,0.2612948417663574,0.6725359559059143,0.6937523484230042,0.7964012622833252,0.7359793186187744,0.9384178519248962,0.8534997701644897,0.8007282018661499,0.7959232330322266,0.9114315509796143,0.918252170085907,0.7660998702049255,1.0878218412399292,1.132729172706604,0.8274292945861816,1.1057536602020264,1.1466703414916992,1.138566493988037,1.195408582687378,1.0525864362716675,0.9771764278411865,0.9897660613059998,1.0802247524261475,1.0078719854354858,1.0005533695220947,1.0427850484848022,1.0084789991378784,0.9922114610671997,1.0583720207214355,1.013551115989685,1.064911961555481,,0.9470849633216858,1.0628983974456787,0.9832667112350464,1.0189467668533325,1.102017879486084,1.0916597843170166,1.0078938007354736,1.0796329975128174,1.1263244152069092,1.1232471466064453,1.0931612253189087,1.1343364715576172,1.0656572580337524,1.1357686519622803,1.1483834981918335,1.1086302995681763,1.0929017066955566,1.1464593410491943,1.1038419008255005,0.9626436829566956,1.1098833084106445,1.0165973901748657,1.0379176139831543,,,,1.1319679021835327,,0.9437870383262634,0.9237431287765503,1.006203055381775,0.9501581788063049,0.8237885236740112,0.9204315543174744,0.8925460577011108,0.873507559299469,0.9106143116950989,0.8579374551773071,0.9804893136024475,0.9435970187187195,0.9431009888648987,0.9490323662757874,0.9950560331344604,0.9172674417495728,0.9293173551559448,1.021164059638977,1.0229028463363647,1.0026359558105469,0.9898571968078613,0.9670500755310059,0.988905131816864,0.8761427402496338,0.9567407965660095,1.021097183227539,1.0756722688674927,0.9393070936203003,0.9738789796829224,0.926539421081543,1.018991470336914,0.9736744165420532,1.0058966875076294,0.9377869367599487,0.9271252155303955,1.0029067993164062,1.0033107995986938,0.9824802875518799,0.9838263392448425,1.0529130697250366,0.9850389957427979,0.9614337086677551,0.9797552824020386,0.9987750053405762,0.9961501359939575,0.9756507277488708,0.9206212162971497,0.988029420375824,0.9770854711532593,0.9747790098190308,0.9271800518035889,,1.0032117366790771,0.9419625997543335,0.9828841090202332,0.944329023361206,0.9069057703018188,0.9710687398910522,0.8988742232322693,0.9605094194412231,0.963850200176239,1.0317091941833496,1.032724380493164,1.0035881996154785,1.1922543048858643,1.0061750411987305,1.0805296897888184,1.037009835243225,1.1097691059112549,1.0082200765609741,1.1118953227996826,,1.0982558727264404,1.170947790145874,1.050093412399292,0.8927026391029358,0.9544525146484375,1.1034600734710693,1.0739561319351196,0.985863208770752,1.0001368522644043,1.0099854469299316,1.0116887092590332,1.028989553451538,1.0291622877120972,1.155623197555542,1.08818519115448,1.1270778179168701,1.1376407146453857,1.1109973192214966,0.9584892988204956,1.1639091968536377,1.1345434188842773,1.129603624343872,1.198966383934021,1.1623435020446777,1.128743052482605,,0.9569635391235352
horse,0.5294654369354248,0.5103244781494141,0.4624948501586914,0.2612948417663574,0.0,0.7111576795578003,0.44795066118240356,0.8295398354530334,0.6081036925315857,0.8021109700202942,0.6561266183853149,0.676609218120575,0.6035529971122742,0.782478928565979,0.7403019666671753,0.7993729710578918,1.0749549865722656,0.9910670518875122,0.6609938144683838,1.0809482336044312,1.1141228675842285,1.1864345073699951,1.1371759176254272,1.0942364931106567,0.9710246920585632,0.9908890128135681,1.0321581363677979,0.9846941232681274,0.8921324014663696,1.0002113580703735,0.9912548661231995,0.9320565462112427,0.9977169036865234,0.9777079224586487,1.0537980794906616,,0.9197312593460083,0.9922564625740051,1.017244577407837,1.09409761428833,1.1648775339126587,1.1504957675933838,1.0741862058639526,1.1540273427963257,1.156201720237732,1.1585475206375122,1.1046158075332642,1.1935971975326538,1.1226195096969604,1.1865779161453247,1.1954573392868042,1.1638526916503906,1.1654402017593384,1.1636085510253906,1.143494725227356,0.9733251333236694,1.165909767150879,1.0287705659866333,0.9125854969024658,,,,1.1190561056137085,,0.934384286403656,0.8663354516029358,1.001353144645691,0.94938063621521,0.8286779522895813,0.9199124574661255,0.9504779577255249,0.913329541683197,0.8801445960998535,0.8090308904647827,0.9638510942459106,0.8636366128921509,0.9074115753173828,0.8903030753135681,0.8886611461639404,0.8752902150154114,0.8861770629882812,1.0112438201904297,1.0581077337265015,1.0590990781784058,1.0339868068695068,1.0084388256072998,0.9815101027488708,0.837150514125824,0.9721336364746094,0.898496150970459,1.0204527378082275,0.9508981108665466,0.9539092183113098,0.9123529195785522,1.034214735031128,0.8855639696121216,0.9943891167640686,0.9532415866851807,0.9728208780288696,1.033894419670105,1.0008758306503296,0.9389939904212952,1.019850254058838,1.0559378862380981,0.9564754366874695,1.0092428922653198,0.994056761264801,1.0344328880310059,0.9794288873672485,0.9777456521987915,0.9575282335281372,0.9895755052566528,0.9760909080505371,0.9271564483642578,0.8690052032470703,,0.8858984708786011,0.9069956541061401,0.9553940296173096,0.9179004430770874,0.9469560980796814,0.8373929858207703,0.8551938533782959,0.9662923812866211,1.043404221534729,1.0043773651123047,1.0200334787368774,0.967571496963501,1.139937400817871,1.017897367477417,1.062561273574829,1.0917495489120483,1.168928623199463,0.9962296485900879,1.1128482818603516,,1.0197079181671143,1.117341160774231,0.9367238879203796,0.8025299906730652,0.8536639213562012,1.045422911643982,1.0017108917236328,1.0311228036880493,0.873070240020752,0.9590843915939331,0.9924293160438538,1.0489909648895264,1.0584434270858765,1.185400366783142,1.134770154953003,1.169228434562683,1.1284865140914917,1.0698519945144653,0.984058141708374,1.192421317100525,1.1597529649734497,1.1611061096191406,1.2446118593215942,1.2172129154205322,1.1659127473831177,,0.9507681727409363
pig,0.7139081954956055,0.7681618928909302,0.7713533043861389,0.6725359559059143,0.7111576795578003,0.0,0.9008254408836365,0.8760665059089661,0.8412443995475769,0.9900239706039429,0.7483906745910645,0.9575697183609009,0.7739155292510986,0.84833824634552,0.7485536336898804,0.5864774584770203,0.8062254786491394,0.9676592350006104,0.8227680921554565,1.1099988222122192,1.1525204181671143,1.068294644355774,1.056879997253418,1.0394445657730103,1.0366674661636353,0.9517828822135925,1.0349169969558716,1.025300145149231,0.9563080072402954,1.0423051118850708,1.0424453020095825,1.0480092763900757,0.9204931855201721,1.1298867464065552,1.0189272165298462,,1.0032594203948975,1.1350923776626587,1.0314024686813354,1.075363278388977,1.1144689321517944,1.1352680921554565,1.0257599353790283,1.1119204759597778,1.1683659553527832,1.1256380081176758,1.014214277267456,1.0983250141143799,1.0509098768234253,1.0857166051864624,1.0785011053085327,1.085566759109497,0.8933510780334473,0.8968779444694519,0.8832259774208069,0.960540771484375,1.0252410173416138,0.969859778881073,0.9581838250160217,,,,1.0585893392562866,,0.9351237416267395,0.9379615783691406,0.9740505218505859,0.9734642505645752,0.9429280757904053,0.850728452205658,0.9245606064796448,0.9463824033737183,0.9817408919334412,0.9624726176261902,1.1007425785064697,1.0113234519958496,1.0480397939682007,0.9997479319572449,1.0569838285446167,1.0238410234451294,1.0191640853881836,0.760288655757904,1.081295371055603,1.0829817056655884,1.0504894256591797,0.9478151202201843,0.7872802019119263,0.6722970008850098,0.6107646226882935,0.9497876167297363,0.9049160480499268,1.0191832780838013,1.0627272129058838,1.0165371894836426,1.0789906978607178,1.0769565105438232,1.0057313442230225,1.0240705013275146,0.9139199256896973,1.0324734449386597,1.116456151008606,1.0666754245758057,1.06254243850708,0.9472163319587708,0.9252134561538696,0.9840588569641113,0.8839095234870911,0.7437857985496521,0.7989174723625183,1.0248103141784668,0.8320297598838806,0.8983973264694214,0.7641454339027405,0.8670156002044678,0.8157337307929993,,0.8264988660812378,1.0687402486801147,0.9352944493293762,0.711124062538147,0.9824697375297546,0.8495930433273315,0.9993484616279602,0.8130472898483276,0.8626892566680908,0.6479107141494751,0.718970537185669,0.8981176018714905,0.939652681350708,0.8522091507911682,0.6709794998168945,0.6681303977966309,0.9957664608955383,1.0080111026763916,1.019837498664856,,1.0199499130249023,0.9456610679626465,0.9259409308433533,0.8445108532905579,0.9530194997787476,1.0312696695327759,1.0721412897109985,1.0339345932006836,1.0308185815811157,1.0503040552139282,1.0913735628128052,1.0441299676895142,1.0094871520996094,1.0885941982269287,1.1203246116638184,1.05014169216156,1.0517164468765259,1.1269896030426025,1.0197240114212036,1.1301674842834473,1.091456413269043,1.108900547027588,1.1202876567840576,1.1364226341247559,1.1375333070755005,,0.9740062355995178
rooster,0.7878336310386658,0.787458062171936,0.617663562297821,0.6937523484230042,0.44795066118240356,0.9008254408836365,0.0,0.9407551288604736,0.48966264724731445,0.6446145176887512,0.39941835403442383,0.7561903595924377,0.6188989877700806,0.8521854281425476,0.792442798614502,0.9243234992027283,1.061621904373169,0.6981456279754639,0.6677281260490417,0.9547846913337708,0.9018632173538208,1.1082642078399658,1.032933235168457,1.0655328035354614,0.9652396440505981,1.014001727104187,0.977668046951294,0.9560486078262329,0.7843626737594604,0.8779536485671997,0.8204481601715088,0.7554628849029541,1.0055209398269653,0.814720630645752,0.7714348435401917,,0.8931624293327332,0.6810125112533569,0.9795989394187927,1.061384916305542,1.1765100955963135,1.0998069047927856,1.0569108724594116,1.0703262090682983,1.0389444828033447,1.1169850826263428,1.1091105937957764,1.1494144201278687,1.1629773378372192,1.178015947341919,1.2371206283569336,1.1510180234909058,1.3193178176879883,1.24007248878479,1.1938351392745972,0.9810250997543335,1.1936194896697998,1.0322391986846924,0.7225582599639893,,,,1.059580683708191,,0.984167754650116,0.9289671182632446,0.9885189533233643,1.0173581838607788,0.8918836116790771,1.0038816928863525,0.9811394214630127,0.9226263761520386,0.8702123761177063,0.774815559387207,0.6527378559112549,0.7025871276855469,0.7566123604774475,0.8102868795394897,0.6438261270523071,0.6983027458190918,0.8670653104782104,0.952983558177948,0.8965824842453003,0.9373034238815308,0.9687199592590332,0.946943461894989,0.8769593238830566,0.8574099540710449,0.9640556573867798,0.6816497445106506,0.9099316596984863,0.8564070463180542,0.8055319786071777,0.777228832244873,0.8712234497070312,0.5706501603126526,0.8602364659309387,0.8550885915756226,0.9948776960372925,0.9596772193908691,0.8160881996154785,0.7945225238800049,0.9403916597366333,1.1197792291641235,0.996009111404419,0.9573779106140137,1.035248041152954,1.100203275680542,1.03595769405365,0.9644515514373779,0.9450587034225464,0.8790323734283447,1.0483129024505615,0.8238083720207214,0.8944621086120605,,0.7843601107597351,0.9948617219924927,0.8330754041671753,0.9305018186569214,0.9870893359184265,0.736503005027771,0.8238134980201721,0.8991984724998474,1.1317845582962036,1.068449854850769,1.1234568357467651,0.9666501879692078,0.9326865673065186,1.105027437210083,1.116696834564209,1.2284018993377686,1.1898727416992188,1.1286267042160034,1.1570074558258057,,0.868550181388855,0.9118355512619019,0.8289209604263306,0.8851836919784546,0.8354646563529968,0.9115698337554932,0.7295325994491577,1.0193663835525513,0.7618173956871033,0.8317638635635376,0.7621337175369263,0.9307225942611694,0.9872470498085022,1.1662046909332275,1.0585728883743286,1.1744911670684814,1.0723706483840942,0.8827455043792725,0.8257467150688171,1.1280709505081177,1.0221489667892456,1.0122981071472168,1.1053290367126465,1.08384370803833,0.9900763034820557,,1.0201129913330078
penguin,0.8545041680335999,0.84778892993927,0.9147471189498901,0.7964012622833252,0.8295398354530334,0.8760665059089661,0.9407551288604736,0.0,0.8305279612541199,0.9718393683433533,0.9163376092910767,0.9205754399299622,0.8575499653816223,0.9710112810134888,0.9384119510650635,0.9022367000579834,1.0316836833953857,1.1143211126327515,0.9700103402137756,1.0414023399353027,1.0978596210479736,1.1283234357833862,1.1083030700683594,1.0583919286727905,1.0252203941345215,0.9892832636833191,1.0559065341949463,1.038448452949524,1.0103099346160889,1.008272647857666,1.007550835609436,1.0172374248504639,0.9995161890983582,1.017031192779541,1.0519545078277588,,1.0312669277191162,1.029638409614563,0.8950973749160767,1.0475627183914185,1.0821805000305176,1.0582613945007324,1.0295698642730713,1.0787513256072998,1.0254766941070557,1.0729855298995972,0.9970022439956665,1.0064277648925781,0.9560661315917969,1.0771247148513794,1.0876857042312622,1.0859731435775757,1.0500510931015015,1.0319480895996094,1.0093601942062378,0.9759100675582886,1.0731825828552246,0.9673759341239929,0.9170818328857422,,,,1.061398983001709,,0.9206600785255432,0.8888317942619324,0.8934034705162048,0.8721613883972168,0.9509631395339966,0.8818633556365967,0.8701109290122986,0.8960217237472534,0.9277017712593079,0.9995033144950867,0.9462532997131348,1.0536746978759766,1.0336323976516724,1.0161693096160889,1.0258963108062744,0.9989532828330994,1.0362391471862793,1.0674283504486084,0.9752383232116699,0.9718508124351501,0.9287779927253723,1.0266755819320679,0.9779688119888306,0.9561899900436401,0.9732056260108948,1.0238945484161377,1.0280241966247559,0.9828462600708008,1.0421937704086304,1.0043647289276123,1.0457450151443481,0.9957431554794312,0.9227977991104126,0.8823859095573425,0.8992290496826172,0.9753076434135437,1.0544319152832031,1.0405255556106567,1.019439935684204,0.8752337098121643,0.9475937485694885,0.912762463092804,0.9339445233345032,0.9893476963043213,0.9842948913574219,1.064486026763916,0.9695995450019836,0.9277826547622681,0.9222710132598877,1.0260356664657593,0.9567663669586182,,1.0682095289230347,0.9550904631614685,0.9693201184272766,1.0468705892562866,0.9167856574058533,1.0126686096191406,0.9554420709609985,1.046756386756897,0.9305828213691711,1.0007365942001343,0.9344595670700073,1.0447173118591309,1.1262640953063965,0.8732490539550781,1.0184506177902222,1.027793049812317,1.0543144941329956,0.9964263439178467,1.024253010749817,,1.0525634288787842,1.0740350484848022,1.0235373973846436,0.858142614364624,0.9593843817710876,1.0897517204284668,1.102692723274231,0.988628089427948,1.0516048669815063,1.0453256368637085,1.034202218055725,1.0331186056137085,1.0052576065063477,1.117162823677063,1.0449557304382324,1.0944278240203857,1.088533878326416,1.0838453769683838,1.0282714366912842,1.1124366521835327,1.1087006330490112,1.1065717935562134,1.1126376390457153,1.0933490991592407,1.0696866512298584,,0.9408252239227295
bird,0.8225013017654419,0.6569509506225586,0.6848501563072205,0.7359793186187744,0.6081036925315857,0.8412443995475769,0.48966264724731445,0.8305279612541199,0.0,0.7885934710502625,0.48484379053115845,0.7455687522888184,0.5964568853378296,0.5874273777008057,0.6856725811958313,0.7529452443122864,0.9123482704162598,0.6235378384590149,0.6270078420639038,0.9021340012550354,0.9262129068374634,0.9940012097358704,1.0767874717712402,1.0206340551376343,1.0112859010696411,1.0454046726226807,1.0898810625076294,1.0825493335723877,1.0822780132293701,1.0138270854949951,1.047935962677002,0.9809319376945496,1.0856244564056396,0.7228268384933472,0.781650185585022,,0.8884043097496033,0.771633505821228,1.0793055295944214,0.9192469120025635,0.9697732925415039,1.0809916257858276,0.9391676783561707,1.0298752784729004,0.9299930930137634,0.9314004182815552,0.920818030834198,1.0026719570159912,1.0668035745620728,0.9358160495758057,0.8784833550453186,0.9246739149093628,1.0219268798828125,0.9715946316719055,1.0902689695358276,0.9851290583610535,0.9427679777145386,0.8530739545822144,0.7795636057853699,,,,0.8665799498558044,,0.9736368060112,0.9823700785636902,1.064508080482483,1.17264986038208,1.0389573574066162,1.170097827911377,1.146085500717163,1.1340593099594116,1.0948046445846558,1.0646946430206299,0.9711732268333435,1.0121135711669922,1.115156888961792,1.1555981636047363,0.9322091937065125,1.0479568243026733,1.0356045961380005,1.1346521377563477,0.9415745139122009,0.9428828954696655,0.9480220079421997,1.1050611734390259,0.987031877040863,0.8873374462127686,1.0404013395309448,0.8431107401847839,0.970650315284729,1.115825891494751,1.0856688022613525,1.1184840202331543,1.0872352123260498,0.8351433277130127,1.0819116830825806,1.1291909217834473,1.2357840538024902,1.0782209634780884,1.1122817993164062,1.0813469886779785,1.0087915658950806,1.0452386140823364,1.1080352067947388,1.1652660369873047,1.248828411102295,1.2511909008026123,1.1427466869354248,1.0343406200408936,1.1082267761230469,0.9691942930221558,1.0458935499191284,1.063380241394043,0.9844122529029846,,0.887951135635376,1.0070884227752686,0.9962636232376099,1.0036258697509766,1.1661667823791504,0.9263147711753845,0.8997259736061096,0.9513580799102783,1.038429856300354,1.1436063051223755,1.1162328720092773,1.0906109809875488,0.8836260437965393,1.0956239700317383,1.0726325511932373,1.0847455263137817,1.0671170949935913,1.0673669576644897,0.9941221475601196,,0.8370426893234253,0.9286041259765625,1.0681591033935547,1.008801817893982,0.8594921827316284,0.7700265645980835,0.8439583778381348,1.0245671272277832,0.8312274813652039,0.8503985404968262,0.8986973762512207,0.9023028016090393,0.9627551436424255,0.8125290274620056,0.9349820613861084,0.9474437832832336,0.9347114562988281,0.7121800780296326,0.8262207508087158,0.8070805072784424,0.8635030388832092,0.889244794845581,0.891596257686615,0.9082872271537781,0.9527130722999573,,1.0227222442626953
duck,0.9996259212493896,1.063232660293579,0.8635319471359253,0.9384178519248962,0.8021109700202942,0.9900239706039429,0.6446145176887512,0.9718393683433533,0.7885934710502625,0.0,0.636275589466095,0.9835819602012634,0.7388606071472168,0.9323059320449829,0.8072637915611267,0.9500097036361694,0.9601807594299316,0.7649022340774536,0.6808308362960815,0.9549465775489807,0.9438000321388245,1.101263403892517,1.039450764656067,1.0003504753112793,0.9484666585922241,0.9530985951423645,1.0642192363739014,1.010947823524475,0.8782667517662048,0.9066236615180969,1.0198602676391602,0.9294359683990479,1.036332368850708,0.904768705368042,0.8884996175765991,,0.921817421913147,0.8455526828765869,0.9435811042785645,1.075900912284851,1.1160924434661865,1.1134384870529175,1.0657821893692017,1.090897560119629,1.060646414756775,1.0933068990707397,1.033907175064087,1.065236210823059,1.0900483131408691,1.1100775003433228,1.0892572402954102,1.0866001844406128,1.1397483348846436,1.0683081150054932,1.073551058769226,0.9837959408760071,1.100602388381958,1.0269774198532104,0.8266046047210693,,,,1.0034035444259644,,1.0345152616500854,0.917895495891571,0.950089693069458,0.9897365570068359,0.903462827205658,0.9819530248641968,0.9626208543777466,0.9618856310844421,0.9111039638519287,0.9106388688087463,0.7639998197555542,0.8121235370635986,0.9055969715118408,0.8983159065246582,0.8445729613304138,0.9031583070755005,0.9075692892074585,0.9031581878662109,1.0247371196746826,1.0800564289093018,1.0464357137680054,0.9449748396873474,0.9221712946891785,0.9134544134140015,0.9875621199607849,0.880034327507019,0.9627101421356201,0.9671773314476013,0.9503456950187683,0.9213780760765076,1.0160956382751465,0.9293419122695923,0.9143862128257751,0.9419751167297363,1.0068626403808594,0.9808315634727478,0.9248945116996765,0.8828156590461731,1.0229241847991943,1.0646971464157104,0.9962334036827087,0.9697969555854797,0.9929366111755371,1.024865746498108,1.0098845958709717,0.9156010150909424,0.9888811111450195,0.8442275524139404,1.0274951457977295,0.844237208366394,0.8969907164573669,,0.810372531414032,0.9963631629943848,0.9097393751144409,0.9587708711624146,0.9459141492843628,0.6942994594573975,0.8563703298568726,0.9897234439849854,1.0900639295578003,1.0458544492721558,1.0391261577606201,0.9352818727493286,0.9426830410957336,1.0622693300247192,0.9999056458473206,1.1009827852249146,1.1193872690200806,1.1120659112930298,1.0746266841888428,,0.8806320428848267,0.923185408115387,0.8702598810195923,0.8656185269355774,0.8225541114807129,0.8218852877616882,0.7118433713912964,0.9325686097145081,0.7899570465087891,0.9003639817237854,0.8611690998077393,0.9119604825973511,0.9502876400947571,1.0318306684494019,1.0416022539138794,1.066986083984375,0.9877671599388123,0.8228977918624878,1.0000660419464111,0.9998494982719421,0.9755457639694214,0.9939899444580078,1.0445599555969238,1.0506240129470825,1.0127661228179932,,1.0076709985733032
fish,0.906908392906189,0.8901210427284241,0.7551469802856445,0.8534997701644897,0.6561266183853149,0.7483906745910645,0.39941835403442383,0.9163376092910767,0.48484379053115845,0.636275589466095,0.0,0.8254863619804382,0.4709424376487732,0.699910581111908,0.6168459057807922,0.8941174745559692,0.8517849445343018,0.6336897015571594,0.6732744574546814,1.0212322473526,1.023768663406372,1.0653362274169922,0.9544527530670166,1.0036441087722778,0.9778714179992676,0.944787859916687,0.951911449432373,0.9423065781593323,0.7357791066169739,0.9364160299301147,0.8277609348297119,0.8329370021820068,0.8976671695709229,0.9598196744918823,0.8613328337669373,,0.901123046875,0.7775640487670898,1.020458698272705,1.1793321371078491,1.258585810661316,1.203258991241455,1.1417584419250488,1.2184339761734009,1.1431185007095337,1.199029564857483,1.086085557937622,1.1937347650527954,1.200257420539856,1.2046568393707275,1.2186548709869385,1.2261592149734497,1.2225492000579834,1.0770472288131714,1.0748971700668335,0.8946130871772766,1.1013803482055664,1.011742353439331,0.6525254249572754,,,,1.0216295719146729,,0.9895682334899902,0.9350606799125671,0.8488441705703735,0.9012120962142944,0.9293354749679565,0.8648825287818909,0.9098623991012573,0.8711750507354736,0.8935830593109131,0.8230141997337341,0.7920482754707336,0.7723842263221741,0.9102784991264343,0.8199299573898315,0.763399600982666,0.8962674140930176,0.9501700401306152,0.7084760665893555,1.0396395921707153,1.0478676557540894,1.026336669921875,0.9557302594184875,0.745820164680481,0.6747236847877502,0.7816405296325684,0.643204391002655,0.8149768114089966,0.906425952911377,0.8686700463294983,0.7881994843482971,1.0518587827682495,0.790101945400238,0.8338496685028076,0.9442664384841919,1.0284146070480347,1.070739984512329,0.9433098435401917,1.0093410015106201,1.1098790168762207,1.0822787284851074,0.9912249445915222,1.0282686948776245,0.9727775454521179,0.9621765613555908,0.9079982042312622,0.9253373742103577,0.8126569986343384,0.7447288036346436,0.8288860321044922,0.7253587245941162,0.7806553244590759,,0.6243876218795776,0.9749734401702881,0.7926154136657715,0.8265981674194336,0.9874554872512817,0.5866614580154419,0.8200336694717407,0.8686813116073608,1.0811582803726196,0.8376923203468323,0.893528163433075,0.8862419128417969,0.8444609045982361,1.0112347602844238,0.8710678219795227,1.0450923442840576,1.2192648649215698,1.145782709121704,1.1063172817230225,,0.7779418230056763,0.7326925992965698,0.6385077834129333,0.7782303690910339,0.7892984747886658,0.7469772100448608,0.712065577507019,0.9583013653755188,0.8008896708488464,0.9515105485916138,0.8924424648284912,0.962856113910675,0.99208003282547,1.142857313156128,1.0788986682891846,1.1038477420806885,1.0162184238433838,0.825391411781311,0.9656485915184021,1.1493686437606812,1.0153123140335083,1.0225180387496948,1.0556186437606812,1.0749566555023193,1.0183225870132446,,1.0479692220687866
butterfly,0.761944591999054,0.6098142266273499,0.9179109334945679,0.8007282018661499,0.676609218120575,0.9575697183609009,0.7561903595924377,0.9205754399299622,0.7455687522888184,0.9835819602012634,0.8254863619804382,0.0,0.7319892644882202,0.7073056697845459,0.7076705694198608,0.8525500893592834,0.9711024165153503,1.0151333808898926,0.8649490475654602,0.9996368288993835,1.0259597301483154,1.0410813093185425,1.0373497009277344,1.0459892749786377,1.0261955261230469,1.0559026002883911,1.0157878398895264,1.0374541282653809,1.0404531955718994,1.0390840768814087,1.0444880723953247,0.9806070327758789,1.1177170276641846,1.0348126888275146,1.0853049755096436,,0.950139045715332,1.0407721996307373,0.9972202181816101,1.0582633018493652,1.0833590030670166,1.0637996196746826,1.0855146646499634,0.9939050078392029,1.0722905397415161,1.0552767515182495,1.0206199884414673,1.099094271659851,1.0838065147399902,1.0679537057876587,1.0333737134933472,1.056929349899292,1.0352352857589722,1.0903211832046509,1.1368356943130493,0.9777344465255737,1.0698014497756958,1.0043110847473145,1.0118876695632935,,,,1.0386083126068115,,0.9032586812973022,0.8893312811851501,1.060426115989685,1.0074422359466553,0.9716781973838806,1.0465065240859985,0.9464314579963684,1.013010859489441,0.9932613968849182,0.8541654944419861,1.0093328952789307,1.0490418672561646,1.0066291093826294,1.0370641946792603,1.0382285118103027,1.0126712322235107,0.9721817374229431,1.0347284078598022,1.1342577934265137,1.1072120666503906,1.0951945781707764,1.0861318111419678,1.096961259841919,0.934853732585907,1.064438819885254,1.0136494636535645,1.0160173177719116,0.9634745121002197,1.0147945880889893,0.9755411744117737,0.9861977696418762,0.8629778623580933,1.010224461555481,1.070582389831543,1.070566177368164,1.1158740520477295,0.995777428150177,1.053324818611145,1.0347105264663696,1.0428963899612427,0.9853741526603699,1.0960545539855957,1.076114296913147,1.094355821609497,1.003943681716919,0.9557686448097229,1.022444486618042,1.0317670106887817,1.027578592300415,0.9762164354324341,0.9225419163703918,,0.9416029453277588,0.8885098695755005,0.9457015991210938,0.9348649382591248,0.9758859872817993,0.9180276393890381,0.8630852699279785,0.9983789324760437,0.953628659248352,1.0474380254745483,1.0153281688690186,1.057030439376831,1.1109395027160645,1.0161118507385254,1.031314730644226,1.0144892930984497,1.0983473062515259,0.9263312816619873,0.9816974997520447,,1.0161887407302856,1.070055603981018,1.0030795335769653,0.924472451210022,0.9771921038627625,0.9781064391136169,1.0625289678573608,1.039034128189087,0.9723037481307983,0.9937414526939392,1.0657033920288086,1.0146112442016602,1.0276561975479126,0.9820795655250549,1.013522982597351,1.0016717910766602,1.0254782438278198,0.9256315231323242,0.981370210647583,0.9802783727645874,1.0246702432632446,1.0354335308074951,1.039016842842102,1.0107851028442383,1.0131053924560547,,0.9744712710380554
frog,0.8206865191459656,0.7304598689079285,0.8075273036956787,0.7959232330322266,0.6035529971122742,0.7739155292510986,0.6188989877700806,0.8575499653816223,0.5964568853378296,0.7388606071472168,0.4709424376487732,0.7319892644882202,0.0,0.4933859705924988,0.5193847417831421,0.9255185723304749,0.9641903042793274,0.8546127080917358,0.6438100337982178,1.0590500831604004,1.1197593212127686,1.118937611579895,0.9346650838851929,1.0757285356521606,1.0048773288726807,0.9747682213783264,1.0342484712600708,1.0287747383117676,0.9055902361869812,1.0595479011535645,1.0406538248062134,0.9619250297546387,0.9580201506614685,0.9203000664710999,0.9400031566619873,,0.9042690992355347,0.8804082870483398,1.0619133710861206,1.1711783409118652,1.2074530124664307,1.1656490564346313,1.1000983715057373,1.1988112926483154,1.1200858354568481,1.1896350383758545,1.083561658859253,1.171245813369751,1.2036700248718262,1.1838972568511963,1.1573572158813477,1.1953827142715454,1.047685146331787,1.1241341829299927,1.1266967058181763,0.9304865002632141,1.0534541606903076,0.9336296319961548,0.5908122062683105,,,,1.0253288745880127,,0.8311872482299805,0.9221370220184326,0.8645094633102417,0.8592469692230225,0.9110828638076782,0.9383450746536255,1.00521981716156,0.9279394745826721,1.0345940589904785,0.9821760058403015,0.9431636333465576,0.9728317856788635,1.0007635354995728,1.064374327659607,0.9624188542366028,1.0755316019058228,0.8652727007865906,0.8324270248413086,1.0524866580963135,1.0209506750106812,0.9727426767349243,0.9868675470352173,0.8259116411209106,0.521504282951355,0.8175687789916992,0.8258870840072632,0.8894829154014587,1.0228338241577148,1.0377520322799683,0.9440311789512634,1.0312262773513794,0.853356122970581,1.017522931098938,0.998365581035614,1.0831880569458008,1.1194238662719727,1.153897762298584,1.0953119993209839,1.1453025341033936,1.0751104354858398,0.9508966207504272,1.0994282960891724,0.9790514707565308,0.9878275990486145,0.9206876158714294,0.8195306062698364,0.8069530725479126,0.6585327386856079,0.8347791433334351,0.9829651117324829,0.8726277351379395,,0.7647815346717834,0.8745797276496887,0.8871240615844727,0.8813322186470032,0.9404628872871399,0.794281005859375,0.8923401236534119,0.8726377487182617,0.9491028785705566,0.8692929744720459,0.9468410015106201,0.7488479614257812,0.9569226503372192,0.9522092342376709,0.8696774244308472,0.9108652472496033,1.0958127975463867,0.8956056833267212,0.982410192489624,,0.8224148154258728,0.7539122700691223,0.6764102578163147,0.3767329454421997,0.5104234218597412,0.6004820466041565,0.7515730857849121,0.8802933692932129,0.8182103037834167,0.9273473620414734,1.1105859279632568,0.9392371773719788,0.9821128845214844,1.1123785972595215,1.114837408065796,1.093287467956543,1.056172490119934,0.8379061818122864,1.0275832414627075,1.1249663829803467,1.062684178352356,1.1083564758300781,1.1410810947418213,1.1549923419952393,1.1314061880111694,,0.8617395162582397
