,zebra,giraffe,deer,pony,horse,pig,rooster,penguin,bird,duck,fish,butterfly,frog,alligator,owl,elephant,bear,cat,dog,face,hair,arm,hand,leg,foot,ankle,finger,toe,tooth,ear,nose,eye,mouth,stroller,motorcycle,tricycle,truck,car,lamp,chair,bench,drawer,ladder,window,door,closet,shower,refrigerator,oven,crib,bed,couch,table,bathtub,sink,boat,slide,hose,sprinkler,swing,grass,tree,snow,helicopter,firetruck,clock,ball,balloon,pumpkin,egg,orange,apple,potato,strawberry,hat,slipper,watch,nail,raisin,glasses,necklace,carrot,vacuum,broom,mop,stick,shovel,scissors,spoon,fork,knife,pencil,pen,crayon,plant,flower,soap,bottle,cup,can,belt,radio,basket,milk,jar,bucket,tape,bowl,plate,corn,pickle,banana,melon,bread,cookie,toast,cracker,sandwich,chips,pizza,hamburger,muffin,pastry,meat,pasta,sauce,soup,applesauce,glass,coffee,dish,tray,box,book,paper,rock,comb,toothbrush,gum,toy,doll,mitten,glove,sock,shoe,purse,pillow,towel,napkin,blanket,dress,pajamas,bib,scarf,coat,jacket,sweater,shirt,jeans,pants,shorts,cloud,game
zebra,0.0,0.6963337659835815,0.8354010581970215,0.668615460395813,0.6745692491531372,0.7328402996063232,0.8881033062934875,0.8267700672149658,0.8488438129425049,0.9205001592636108,0.916608989238739,0.9035132527351379,0.8677271008491516,0.8792861700057983,0.91131192445755,0.8202133774757385,0.9841532111167908,0.9624209403991699,0.8355328440666199,1.0020140409469604,1.0283184051513672,1.1002223491668701,1.05231511592865,1.058932900428772,1.0049015283584595,1.0044039487838745,1.0044193267822266,0.9954879283905029,0.9989566206932068,0.9777606129646301,0.9777314066886902,0.9966268539428711,0.9899760484695435,1.0148407220840454,1.0561423301696777,,1.05021071434021,1.0275267362594604,0.9937774538993835,1.040795922279358,1.0591603517532349,1.027588963508606,0.9969342947006226,1.008400321006775,1.0179905891418457,1.0266962051391602,0.9941751956939697,1.0393890142440796,1.0375587940216064,1.0606247186660767,1.0627703666687012,1.0766663551330566,1.0794590711593628,1.0949698686599731,1.1173511743545532,0.9739687442779541,0.9993740916252136,0.9947579503059387,0.9812260866165161,0.9384725093841553,0.6255749464035034,0.9320548176765442,0.9671579003334045,0.9055348634719849,0.9191909432411194,0.9210044145584106,0.935204267501831,0.9631780385971069,0.9776138663291931,0.9867243766784668,0.9875026941299438,0.9460223317146301,1.0046621561050415,0.9410784244537354,0.9577457308769226,1.0018470287322998,0.9994642734527588,0.9954649209976196,0.9979008436203003,0.9802968502044678,1.0043107271194458,1.0303112268447876,1.0660400390625,1.0581083297729492,1.0374460220336914,1.0473029613494873,1.0301787853240967,1.016762614250183,1.0231271982192993,1.0175843238830566,1.0608699321746826,1.0620408058166504,1.0588948726654053,1.0204874277114868,1.0179035663604736,0.9749613404273987,1.0431345701217651,1.0389994382858276,1.0414268970489502,1.0618295669555664,1.0338685512542725,1.0275018215179443,1.0152020454406738,1.0247576236724854,1.0403273105621338,1.0544846057891846,1.0455387830734253,1.093826174736023,1.1115522384643555,1.0842653512954712,1.036347508430481,1.032963752746582,1.0322450399398804,1.0605778694152832,0.9445762634277344,1.045401692390442,1.0188853740692139,1.0662457942962646,1.1127281188964844,1.0767771005630493,1.0376545190811157,1.0270843505859375,0.9461813569068909,1.0211093425750732,,1.023371934890747,1.0471558570861816,1.0564608573913574,1.086592674255371,1.0436843633651733,1.0842232704162598,1.0941444635391235,1.0463393926620483,1.041352391242981,1.032817006111145,0.8109708428382874,0.9227114915847778,1.0526584386825562,1.054545521736145,0.9601114988327026,0.9486916065216064,0.9992101192474365,1.0299906730651855,1.0391734838485718,1.0300605297088623,1.0853934288024902,0.9803553819656372,1.0095983743667603,1.0102596282958984,1.0357969999313354,1.0446826219558716,1.0748622417449951,1.0630009174346924,1.070048213005066,1.0347142219543457,1.0754324197769165,1.0515472888946533,1.0769253969192505,1.1036791801452637,1.1010022163391113,1.0796730518341064,0.9466798305511475,0.9438354969024658
giraffe,0.6963337659835815,0.0,0.7265763282775879,0.5563463568687439,0.5528976321220398,0.6869762539863586,0.8711299896240234,0.8485293984413147,0.8742968440055847,0.9473698735237122,1.0251067876815796,0.7539933919906616,0.7033947706222534,0.6890867352485657,0.8417832851409912,0.9831898212432861,0.9915287494659424,1.0477879047393799,0.806682825088501,1.0006341934204102,1.0483893156051636,0.9247468113899231,0.9622209668159485,1.0801538228988647,1.099448323249817,1.080487608909607,1.1346217393875122,1.1528676748275757,1.1409952640533447,1.1143081188201904,1.1084734201431274,1.1081771850585938,1.0955376625061035,0.972925066947937,1.0316367149353027,,1.0164450407028198,1.0340327024459839,1.0716530084609985,0.9941741824150085,1.0501463413238525,1.0334192514419556,0.9535000324249268,0.9972664713859558,1.000034213066101,0.9909444451332092,1.021915316581726,0.9758822321891785,1.0051788091659546,0.9694586396217346,1.0090733766555786,1.051028847694397,0.857863187789917,0.9672937989234924,1.0655869245529175,0.8526014089584351,0.891284704208374,0.932364821434021,0.9628368020057678,0.8574378490447998,0.9563409686088562,0.9111735820770264,1.0413265228271484,0.9728966355323792,0.7178384065628052,1.0669522285461426,1.1035536527633667,1.0941656827926636,1.1018937826156616,1.1292251348495483,1.0703340768814087,1.0993378162384033,1.0965595245361328,0.9803752303123474,1.1478303670883179,1.2142633199691772,1.0466578006744385,1.195277214050293,1.1399482488632202,1.123086929321289,1.1259994506835938,1.1206731796264648,1.0436774492263794,1.0433491468429565,0.9866427183151245,1.045475721359253,1.0356804132461548,0.9565021395683289,1.0363829135894775,1.1030489206314087,1.0818606615066528,1.1614054441452026,1.182727336883545,1.1815119981765747,1.0231298208236694,0.9880422353744507,1.18284010887146,1.153028130531311,1.1364524364471436,1.103107213973999,1.1617951393127441,1.0936704874038696,1.069920301437378,0.9482119679450989,0.9982739686965942,1.0375057458877563,1.1290314197540283,1.0822746753692627,1.0374394655227661,1.1475082635879517,1.116015076637268,0.9831166863441467,1.0387355089187622,1.08619225025177,1.0287925004959106,0.9560760259628296,0.9587193727493286,0.9384546279907227,1.0318025350570679,0.8432273864746094,1.005741000175476,1.0421706438064575,0.7874190807342529,0.8937501907348633,,1.0378491878509521,0.9772447347640991,1.0293009281158447,0.9220439791679382,1.0691674947738647,0.971858561038971,0.8631941080093384,0.9595526456832886,0.7280105948448181,0.6943691372871399,1.0367218255996704,1.0307265520095825,0.9730721116065979,1.0791501998901367,0.9280958771705627,0.8276185989379883,1.0181260108947754,1.136598825454712,1.0874505043029785,1.1048322916030884,1.05093252658844,1.1768832206726074,1.1292071342468262,1.1312406063079834,1.0201495885849,0.9785621762275696,0.948944091796875,0.9279733896255493,1.0112687349319458,1.0115809440612793,1.0330003499984741,0.9456599950790405,1.0034112930297852,1.0321851968765259,1.0259329080581665,1.056610107421875,0.9659178256988525,0.8054279088973999
deer,0.8354010581970215,0.7265763282775879,0.0,0.5031471252441406,0.42672455310821533,0.7058272361755371,0.62397301197052,0.7887991666793823,0.6849160194396973,0.8288848400115967,0.872820258140564,0.811829686164856,0.7682268619537354,0.7967079877853394,0.8431464433670044,1.0267845392227173,1.009803056716919,0.9499194622039795,0.7684129476547241,1.0061100721359253,0.9736552238464355,1.098469614982605,1.1214884519577026,1.043414831161499,1.0241926908493042,1.050013780593872,1.1281418800354004,1.1094820499420166,1.0705795288085938,1.0363926887512207,1.053068995475769,1.0103079080581665,1.0823801755905151,0.9258804321289062,0.9264381527900696,,1.0039582252502441,0.9774242043495178,0.8613735437393188,0.953838586807251,1.0442755222320557,1.0655653476715088,1.0072901248931885,0.9622036814689636,0.992668867111206,1.0296251773834229,1.0443557500839233,1.0219546556472778,1.0610389709472656,1.0589931011199951,1.061437964439392,1.0391716957092285,1.0648783445358276,1.0639208555221558,1.0256150960922241,0.9337446689605713,1.0136792659759521,0.9490612149238586,0.8911977410316467,0.9783998727798462,0.9829214811325073,0.9185706973075867,1.0607110261917114,0.9480274319648743,0.9155455827713013,0.9241985082626343,1.0762320756912231,1.0827388763427734,0.9881955981254578,1.0613559484481812,1.0556466579437256,1.0604345798492432,1.0756516456604004,0.9071147441864014,0.9856506586074829,1.0205267667770386,1.0342615842819214,1.0793825387954712,1.0550457239151,0.9856363534927368,1.0070910453796387,1.0851060152053833,0.9463076591491699,0.9700359106063843,0.9322651624679565,0.9015175104141235,0.8856603503227234,0.8744037747383118,0.8682483434677124,0.9127075672149658,0.9286031126976013,0.9866639375686646,0.9847760200500488,1.033268690109253,0.9619036316871643,0.8606696128845215,1.0086134672164917,1.0023062229156494,1.0301618576049805,1.0276867151260376,1.0182652473449707,0.9052128195762634,0.9103735685348511,0.9719768762588501,0.9528054594993591,1.0084444284439087,1.071241021156311,1.0267363786697388,1.0107958316802979,1.0403062105178833,1.039607048034668,0.9591310620307922,1.0891036987304688,0.9819108843803406,0.8884575963020325,0.8833242058753967,0.9946033954620361,1.0103994607925415,0.9918547868728638,0.9581263661384583,0.9937881827354431,0.9087122082710266,0.8791368007659912,0.8148257732391357,,1.0555630922317505,0.9744357466697693,1.1436210870742798,0.9332027435302734,1.0255637168884277,0.9781038165092468,0.9771539568901062,1.0408222675323486,0.9229447841644287,1.0025973320007324,1.0006719827651978,0.9481200575828552,1.0590693950653076,1.1001936197280884,1.0264281034469604,0.9669599533081055,1.1003490686416626,1.0909972190856934,1.0987120866775513,0.9905362725257874,0.8826377391815186,1.006775140762329,0.9925040006637573,0.9826048016548157,1.0447134971618652,1.0354787111282349,1.0897936820983887,1.0606051683425903,1.0236012935638428,0.9965234994888306,0.9746047854423523,1.0253957509994507,1.0444035530090332,1.0981552600860596,1.0844484567642212,1.0839965343475342,0.9470032453536987,0.9616938233375549
pony,0.668615460395813,0.5563463568687439,0.5031471252441406,0.0,0.1371440887451172,0.2598247528076172,0.5977869033813477,0.6146945953369141,0.6099780201911926,0.8315048813819885,0.8776044249534607,0.6751446723937988,0.5302799940109253,0.6531153917312622,0.7983906865119934,1.0957647562026978,1.0687077045440674,1.0608272552490234,0.5137267708778381,1.0869237184524536,1.1063309907913208,1.1783298254013062,1.1612153053283691,1.0563039779663086,0.9984860420227051,1.0473146438598633,1.093370795249939,1.050724744796753,1.0321298837661743,1.0867348909378052,1.0556666851043701,1.0682227611541748,1.0562487840652466,0.880645751953125,0.9121056199073792,,1.0381371974945068,0.9851094484329224,0.99526047706604,1.0267199277877808,1.1133174896240234,1.0767208337783813,1.0136911869049072,1.0682421922683716,1.121882438659668,1.1450576782226562,1.1246665716171265,1.1154931783676147,1.103245496749878,1.1356571912765503,1.1229305267333984,1.0821483135223389,1.1103003025054932,1.1733282804489136,1.1301628351211548,0.9896165132522583,1.0552562475204468,1.0092110633850098,0.978631854057312,0.9565665125846863,1.0314267873764038,0.8838187456130981,1.1533262729644775,0.9453834891319275,0.910441517829895,0.9204801917076111,0.9930137395858765,0.9631118178367615,0.9610132575035095,0.9763433933258057,0.9412296414375305,0.975685179233551,1.0332391262054443,0.8629138469696045,0.9908568859100342,0.9684557318687439,0.9875356554985046,1.0153039693832397,0.9952285885810852,1.0136802196502686,1.01609468460083,1.0137287378311157,1.0364422798156738,1.0525606870651245,1.0129755735397339,1.028630018234253,0.9732192158699036,0.9082772135734558,0.9568315148353577,0.9787380695343018,1.0349875688552856,1.0095875263214111,1.00896418094635,0.9907385110855103,1.0442924499511719,0.943159282207489,0.9823542237281799,1.0033259391784668,0.9964961409568787,1.0529308319091797,1.0474936962127686,0.9557442665100098,1.0169684886932373,1.019265055656433,1.0219403505325317,1.032819151878357,0.999652624130249,1.0284903049468994,1.0192064046859741,1.0887885093688965,1.000594139099121,0.9196924567222595,1.0674986839294434,0.9557285308837891,0.8365222215652466,0.935444712638855,0.9729291200637817,1.0202010869979858,0.9750185012817383,0.9561219811439514,1.074861764907837,0.9684865474700928,0.7708451151847839,0.8772831559181213,,1.0155479907989502,0.9614285826683044,1.0921685695648193,1.1243391036987305,1.0189214944839478,1.0317109823226929,1.0243918895721436,1.0596433877944946,0.889887273311615,1.0129759311676025,1.0216701030731201,1.0385175943374634,1.130223035812378,1.0488015413284302,0.8449804782867432,0.7383481860160828,1.0524877309799194,1.0461058616638184,1.0474610328674316,0.9897111058235168,1.0469387769699097,0.981419026851654,1.0107346773147583,1.003297209739685,1.086440086364746,1.0096089839935303,1.1114126443862915,1.0911482572555542,1.1120431423187256,1.0484627485275269,1.1050822734832764,1.060821771621704,1.0841734409332275,1.12086820602417,1.100540041923523,1.0987179279327393,1.007942795753479,0.9167441725730896
horse,0.6745692491531372,0.5528976321220398,0.42672455310821533,0.1371440887451172,0.0,0.32237565517425537,0.5316901206970215,0.6868649125099182,0.593913733959198,0.8322668671607971,0.848426878452301,0.7142180800437927,0.5952540636062622,0.63029944896698,0.776456356048584,0.9443114995956421,1.010784387588501,0.8695858120918274,0.5140514373779297,0.9672863483428955,0.977628767490387,1.082437515258789,1.1064088344573975,1.0354602336883545,0.9824060201644897,1.0197749137878418,1.0926413536071777,1.047858476638794,1.0287935733795166,1.0293501615524292,1.0360602140426636,1.072928786277771,1.0465717315673828,0.8408785462379456,0.8804860711097717,,0.9848560690879822,0.9192556142807007,1.019897222518921,0.9495248198509216,1.0900907516479492,1.0939815044403076,0.9541249871253967,1.0577813386917114,1.0897152423858643,1.097472906112671,1.038653016090393,1.1091054677963257,1.096592903137207,1.08048677444458,1.055779218673706,1.0564085245132446,1.0556566715240479,1.1004213094711304,1.13419508934021,0.9394963383674622,0.9744659662246704,0.9710900783538818,0.988669216632843,0.9339175224304199,0.9796250462532043,0.8992295265197754,1.0327708721160889,0.9523708820343018,0.8480982780456543,0.9774504899978638,1.0321464538574219,1.0332449674606323,0.9821251630783081,1.0483275651931763,0.993503212928772,1.0329337120056152,1.0713144540786743,0.9125033617019653,0.9681245684623718,0.96541827917099,1.0108362436294556,1.0324763059616089,0.9816493391990662,0.9815747737884521,1.00365149974823,1.0617207288742065,1.0400017499923706,1.0476282835006714,0.9930574893951416,0.9963275194168091,0.9983500242233276,0.9094394445419312,0.9824678301811218,0.9870107769966125,1.0312060117721558,1.0524685382843018,1.0405482053756714,1.0329774618148804,1.0781819820404053,0.9811611175537109,1.0445398092269897,1.040846347808838,1.0618352890014648,1.0635924339294434,1.0157474279403687,0.9983780980110168,1.0493810176849365,1.0501223802566528,1.033133625984192,1.0724564790725708,1.0826069116592407,1.0965114831924438,1.0591439008712769,1.0779035091400146,1.066579818725586,0.9907647967338562,1.1237646341323853,0.9960466027259827,0.908907949924469,0.9093236923217773,0.9941514730453491,1.0068910121917725,1.0129858255386353,0.923210084438324,1.0680065155029297,0.9536502957344055,0.8132479786872864,0.8417513966560364,,1.045936107635498,1.0033812522888184,1.1064610481262207,1.0230300426483154,1.033315658569336,1.0739978551864624,1.028798222541809,1.0774493217468262,0.9118898510932922,0.9831650853157043,1.0488711595535278,0.9946762919425964,1.1011385917663574,1.0744770765304565,0.9518172144889832,0.8135507702827454,1.0465625524520874,1.0391734838485718,1.0475642681121826,0.9670008420944214,1.0151479244232178,1.01357901096344,1.0410747528076172,1.058975338935852,1.023492693901062,0.9399831295013428,1.003679871559143,0.9995468258857727,0.9969788193702698,0.9226187467575073,0.9642449617385864,0.9433390498161316,0.9737355709075928,1.0101685523986816,1.0029029846191406,1.0079734325408936,1.0160564184188843,0.910783588886261
pig,0.7328402996063232,0.6869762539863586,0.7058272361755371,0.2598247528076172,0.32237565517425537,0.0,0.5796283483505249,0.6453436613082886,0.6264070272445679,0.8418982028961182,0.7725686430931091,0.7146810293197632,0.5439379811286926,0.6662512421607971,0.7939245700836182,1.0865201950073242,1.0525681972503662,0.9959886074066162,0.49806028604507446,1.092687964439392,1.1118381023406982,1.1795798540115356,1.0845556259155273,1.0705974102020264,0.9623684883117676,0.996200680732727,0.9806445240974426,0.9333711862564087,0.9010589718818665,0.9750146865844727,1.0108469724655151,0.9975882172584534,1.0020678043365479,0.9766782522201538,1.0042445659637451,,1.0145447254180908,0.9872698783874512,1.0517724752426147,1.0710917711257935,1.167374849319458,1.0969916582107544,1.028650164604187,1.119301438331604,1.1698198318481445,1.1752583980560303,1.1364177465438843,1.1673671007156372,1.1416598558425903,1.1774340867996216,1.1861380338668823,1.1318995952606201,1.1553707122802734,1.2350763082504272,1.164085865020752,1.062127947807312,1.0926941633224487,1.0977437496185303,1.0481561422348022,0.990086019039154,1.0550423860549927,0.9567961692810059,1.144242286682129,0.9421991109848022,0.9230236411094666,0.9572174549102783,0.9799857139587402,0.9031612277030945,0.8415108919143677,0.9407124519348145,0.8736739158630371,0.9339078068733215,1.0169733762741089,0.8348348736763,0.8948032855987549,0.8973942995071411,0.9070034027099609,0.9244132041931152,0.848646879196167,0.9524180293083191,0.9639659523963928,0.8746453523635864,1.0913116931915283,1.091631531715393,1.0411890745162964,1.082877278327942,0.9784500002861023,0.9439299702644348,0.9829060435295105,0.9619233012199402,1.0283334255218506,0.9850624799728394,0.9737532138824463,0.909922182559967,1.0821150541305542,1.0054330825805664,0.9917227625846863,1.0086697340011597,0.9775636792182922,1.0482357740402222,0.9713096618652344,0.9530975222587585,1.0403016805648804,1.0408878326416016,1.0010172128677368,1.0258325338363647,0.9761582612991333,1.0311461687088013,1.0377705097198486,1.0443878173828125,0.9766896963119507,0.9066055417060852,1.0966674089431763,0.8782296776771545,0.8397521376609802,0.9699532985687256,0.9509071111679077,1.0273739099502563,1.0209108591079712,0.9621167182922363,1.1067073345184326,0.8945457339286804,0.725978434085846,0.860951840877533,,0.9869961142539978,0.980006992816925,1.0435477495193481,1.1538563966751099,1.0087871551513672,1.0575897693634033,1.0704668760299683,1.0907111167907715,0.9156374931335449,1.0550143718719482,0.9872851967811584,1.041401982307434,1.101506233215332,0.9528441429138184,0.8223800659179688,0.7435253858566284,0.946297287940979,0.9222996234893799,0.9812905192375183,0.9909924268722534,1.0873996019363403,0.8983997106552124,1.0018552541732788,0.9915388822555542,1.1186119318008423,1.0124069452285767,1.1245566606521606,1.1101922988891602,1.1156402826309204,1.0359020233154297,1.1236282587051392,1.0958847999572754,1.0980806350708008,1.1301584243774414,1.1098690032958984,1.0442478656768799,1.0261977910995483,0.9100319147109985
rooster,0.8881033062934875,0.8711299896240234,0.62397301197052,0.5977869033813477,0.5316901206970215,0.5796283483505249,0.0,0.7607144713401794,0.508996844291687,0.751695990562439,0.5296807289123535,0.7186200618743896,0.6005054116249084,0.739736795425415,0.7955200672149658,1.1276679039001465,1.034426212310791,0.6964071393013,0.5718662738800049,0.9450041651725769,0.8104233741760254,1.145790934562683,1.0554430484771729,1.1163535118103027,0.9579822421073914,1.0566025972366333,1.0593023300170898,0.9960741400718689,0.8862676024436951,0.7927464246749878,0.9897345304489136,0.9202151298522949,0.9782879948616028,0.7957937717437744,0.8332639932632446,,0.7883269786834717,0.735515832901001,0.952889621257782,1.0126057863235474,1.1210271120071411,1.112037181854248,1.0554161071777344,0.9664339423179626,1.054145336151123,1.0673919916152954,1.096226453781128,1.0983213186264038,1.1898729801177979,1.1236368417739868,1.1609666347503662,1.0728459358215332,1.2746977806091309,1.234326720237732,1.165051817893982,1.0591124296188354,1.1729592084884644,1.107329249382019,0.9282785058021545,1.0020018815994263,1.0363248586654663,0.9381133913993835,1.0555106401443481,0.9866777062416077,0.9482261538505554,0.9949092864990234,1.056169867515564,1.0034714937210083,0.9067962765693665,1.059613823890686,1.0085840225219727,0.9909108877182007,1.0008937120437622,0.8704668879508972,0.682288646697998,0.79483562707901,0.8827241659164429,0.9332548975944519,0.7742449045181274,0.7919666171073914,0.8451261520385742,0.9300851821899414,0.9267276525497437,0.9715427756309509,0.9891741275787354,0.8724542260169983,0.8741607069969177,0.9485944509506226,0.9077738523483276,0.8196961283683777,0.907127320766449,0.8794991374015808,0.8286162614822388,0.8651955127716064,0.8756754398345947,0.673171877861023,0.9160854816436768,0.8736000657081604,1.0357937812805176,0.9424238801002502,0.85230952501297,0.9086507558822632,0.9067383408546448,1.0912556648254395,0.9833190441131592,1.0607715845108032,1.118176817893982,1.134469747543335,1.11137855052948,0.8692933917045593,0.9928176999092102,1.017945647239685,1.1020259857177734,0.835141658782959,0.9206607937812805,0.9753039479255676,0.903968095779419,1.0427944660186768,1.0347508192062378,0.800697386264801,1.0392630100250244,0.738811731338501,0.9461671113967896,0.7959476709365845,,1.0948528051376343,1.0836490392684937,1.0407435894012451,1.0242854356765747,1.077371597290039,1.1477539539337158,1.1882139444351196,1.126283884048462,0.989294171333313,1.082185983657837,1.03240168094635,0.9462891817092896,1.0025533437728882,0.9175645709037781,1.0070897340774536,0.7305473685264587,0.9837064146995544,0.8382805585861206,1.081831455230713,0.9090873003005981,0.8922239542007446,0.7703507542610168,0.9667516350746155,0.9762621521949768,1.0962783098220825,0.8494535684585571,1.1078495979309082,1.0494105815887451,1.0127801895141602,0.8026940822601318,0.8286229372024536,1.0013304948806763,0.9661280512809753,1.073033094406128,1.0217286348342896,0.9145140647888184,0.9574045538902283,0.983477771282196
penguin,0.8267700672149658,0.8485293984413147,0.7887991666793823,0.6146945953369141,0.6868649125099182,0.6453436613082886,0.7607144713401794,0.0,0.5456588268280029,0.5681371688842773,0.7611826658248901,0.7234675884246826,0.5258619785308838,0.7566957473754883,0.6152346730232239,1.099961280822754,1.0415594577789307,1.0844314098358154,0.7096388339996338,1.1087507009506226,1.1356173753738403,1.2022992372512817,1.0859464406967163,1.080084204673767,0.9476101398468018,0.9599549174308777,1.0229672193527222,0.9679123163223267,1.0140537023544312,0.9903094172477722,1.0684973001480103,1.0127294063568115,1.1028820276260376,0.9634690284729004,1.0102572441101074,,1.069691777229309,1.0083041191101074,0.9503467679023743,1.1175658702850342,1.1095443964004517,1.0591627359390259,1.0869996547698975,1.0910828113555908,1.0523438453674316,1.1189155578613281,1.112588882446289,1.038682460784912,1.094231128692627,1.1516128778457642,1.145857572555542,1.1245958805084229,1.087445855140686,1.1594918966293335,1.1322247982025146,1.0451571941375732,1.0624239444732666,1.076377272605896,0.8895857930183411,0.9611183404922485,1.083894968032837,0.9446113109588623,1.1010116338729858,0.9294584393501282,0.9002994298934937,0.9418910145759583,0.8481622934341431,0.8445032835006714,0.9295966625213623,0.864929735660553,0.8918110728263855,0.9138548374176025,0.9137031435966492,0.9114261269569397,0.8739818334579468,0.9271834492683411,0.9169872999191284,1.00896418094635,1.0275588035583496,1.060128092765808,1.0101659297943115,0.9621163010597229,0.9709705114364624,0.9662372469902039,1.0143617391586304,0.9988886713981628,0.9358089566230774,0.8586609363555908,0.9472280144691467,0.9668070673942566,1.0055122375488281,0.9978243708610535,0.9857022166252136,0.9671597480773926,1.0763769149780273,0.9889510869979858,0.878294825553894,0.916633665561676,0.9192809462547302,0.98238605260849,0.9959144592285156,0.9568489193916321,1.000856876373291,0.9601909518241882,0.9358665943145752,0.9038354754447937,0.9391977787017822,0.9728461503982544,0.9796788096427917,1.0207616090774536,0.9428097605705261,0.8539043664932251,0.9426924586296082,0.9626141786575317,0.8849907517433167,0.9999363422393799,1.0074363946914673,1.0336154699325562,1.0057485103607178,1.0399136543273926,1.0632320642471313,0.9984415769577026,0.799258828163147,1.0392560958862305,,0.9721495509147644,0.9964886903762817,1.060402750968933,1.133859395980835,0.9775084853172302,0.9605329036712646,1.0223435163497925,1.0281981229782104,0.9075795412063599,1.0328115224838257,0.9230381846427917,1.0307430028915405,0.9965372681617737,0.9106120467185974,0.7165428400039673,0.7361551523208618,0.9458579421043396,0.9246623516082764,0.9371403455734253,0.9720780253410339,1.0482980012893677,0.9376829266548157,0.9995213150978088,0.9766625165939331,1.1131991147994995,1.0161654949188232,1.138684868812561,1.0613420009613037,1.1553858518600464,1.0941683053970337,1.139328122138977,1.144092321395874,1.143324375152588,1.157230257987976,1.1419011354446411,1.1028532981872559,0.9827452898025513,0.8907247185707092
bird,0.8488438129425049,0.8742968440055847,0.6849160194396973,0.6099780201911926,0.593913733959198,0.6264070272445679,0.508996844291687,0.5456588268280029,0.0,0.5890995264053345,0.5936225056648254,0.7562084197998047,0.5987223386764526,0.7190695405006409,0.4884011745452881,0.9657366275787354,0.9669232964515686,0.8266810178756714,0.582886815071106,1.0403515100479126,1.0015952587127686,1.1468950510025024,1.089522123336792,1.0559664964675903,0.9166741371154785,1.0078892707824707,1.0677281618118286,0.9670106768608093,0.9924188256263733,0.8947927951812744,1.0408961772918701,1.0085076093673706,1.0607870817184448,0.9140904545783997,0.8984853625297546,,0.9224140644073486,0.8931138515472412,0.9365922212600708,1.0535502433776855,1.1170377731323242,1.0891633033752441,1.0107905864715576,1.0557447671890259,1.0479156970977783,1.063611388206482,1.011410117149353,1.0655583143234253,1.0711991786956787,1.105612874031067,1.1232860088348389,1.1368781328201294,1.1271166801452637,1.0755870342254639,1.1176694631576538,1.0267246961593628,1.0261882543563843,1.0409369468688965,0.8590138554573059,0.9962879419326782,1.0088081359863281,0.938773512840271,0.9551986455917358,0.9610015749931335,0.9470037817955017,0.9531171917915344,0.9541878700256348,0.9660406708717346,0.9029099941253662,0.9358737468719482,0.9421623945236206,0.9639017581939697,0.9524750709533691,0.8998027443885803,0.9073531031608582,0.8899049758911133,1.0021579265594482,0.9945416450500488,0.9734954833984375,1.0413719415664673,1.0346959829330444,0.9720800518989563,1.0105570554733276,1.0053510665893555,0.9720442295074463,0.9659722447395325,0.9156597852706909,0.8992911577224731,0.9500555396080017,0.9134795069694519,1.0159481763839722,1.0145790576934814,0.977703869342804,0.9697051048278809,1.0723580121994019,0.9284170866012573,0.9117298126220703,0.9912145733833313,1.063080906867981,1.088884949684143,1.0645453929901123,1.0172386169433594,1.0310931205749512,1.0506314039230347,1.0541129112243652,1.0819381475448608,1.0453593730926514,1.0912731885910034,1.0391013622283936,0.9683912992477417,0.9984071850776672,0.909325361251831,0.9650239944458008,0.8835552930831909,0.815575361251831,0.9624318480491638,0.865598201751709,1.0002442598342896,0.9258584976196289,0.8873697519302368,0.9455207586288452,0.7817716598510742,0.7375481724739075,0.8895396590232849,,1.0198743343353271,0.9927950501441956,1.003585934638977,1.0233901739120483,1.0491454601287842,0.9995448589324951,1.0636897087097168,1.1044869422912598,1.0081712007522583,1.0113434791564941,0.9082648754119873,0.9447331428527832,0.984578549861908,0.9325094223022461,0.9409457445144653,0.7939849495887756,0.9057676196098328,0.9051976203918457,0.9750511050224304,0.9040932655334473,1.0428130626678467,0.9938567280769348,0.9927344918251038,0.9965437650680542,1.0734285116195679,0.939624547958374,1.0588573217391968,1.0381373167037964,1.052039384841919,0.9524173140525818,1.0277005434036255,1.0345293283462524,1.0293222665786743,1.044104814529419,1.0260990858078003,1.0128777027130127,0.9595558047294617,1.0209245681762695
duck,0.9205001592636108,0.9473698735237122,0.8288848400115967,0.8315048813819885,0.8322668671607971,0.8418982028961182,0.751695990562439,0.5681371688842773,0.5890995264053345,0.0,0.8978524804115295,0.840263307094574,0.8718012571334839,0.9837530255317688,0.7653293013572693,1.085654377937317,1.0693039894104004,1.087794303894043,0.9268712401390076,1.0552544593811035,1.0159810781478882,1.153051495552063,1.162304162979126,1.0936429500579834,1.0481995344161987,1.0371097326278687,1.0765764713287354,1.055137276649475,1.0621047019958496,0.9518898725509644,1.0162367820739746,0.9964967370033264,1.0575391054153442,0.9744352102279663,1.0248334407806396,,1.0228089094161987,0.9866793155670166,0.945465624332428,0.9699607491493225,1.0259755849838257,0.9411835074424744,0.9672134518623352,0.9117907285690308,1.0156586170196533,1.025490641593933,1.0628145933151245,1.0160306692123413,1.0119482278823853,1.0278300046920776,1.0730077028274536,1.0190850496292114,1.1314221620559692,1.107048511505127,0.9964346885681152,1.0277012586593628,1.0788556337356567,1.0441244840621948,1.0059921741485596,1.0150041580200195,1.0821782350540161,0.938980221748352,1.1589126586914062,0.9064867496490479,1.0315155982971191,0.9241055250167847,0.9800592064857483,0.9100824594497681,0.9198009371757507,0.9441113471984863,0.9294228553771973,0.9325795769691467,0.9610952138900757,0.8929610848426819,0.8155671954154968,0.9685065746307373,0.9091463088989258,1.0034162998199463,0.9580451846122742,0.9503743648529053,0.9870725870132446,1.0070288181304932,0.9180630445480347,0.9507441520690918,0.9625970125198364,0.9731763601303101,0.9161757230758667,0.9689118266105652,0.9763514995574951,0.9450880289077759,1.0056911706924438,0.9450504183769226,0.9252718091011047,0.9690823554992676,0.8912636637687683,0.8804188966751099,0.8476729393005371,0.918220579624176,0.9397170543670654,0.9052096009254456,0.9704837203025818,0.8419379591941833,0.9196028709411621,0.9999135732650757,0.9916612505912781,0.9415261149406433,0.9670384526252747,0.9969270825386047,1.0202635526657104,0.9919032454490662,0.9664163589477539,0.9133531451225281,1.038074016571045,0.8954514861106873,0.8760136365890503,1.0455907583236694,1.0155329704284668,1.0459233522415161,1.0012143850326538,1.0659239292144775,1.0359963178634644,0.948561429977417,0.9666401147842407,1.0119200944900513,,1.0141806602478027,1.040573239326477,1.0347847938537598,1.1146397590637207,1.0594720840454102,1.0657193660736084,1.063383936882019,1.0100317001342773,1.020532488822937,1.1142449378967285,0.9828248620033264,1.0178619623184204,1.1978070735931396,1.104653000831604,0.968533456325531,0.9762340784072876,1.1532480716705322,1.0811572074890137,1.0734703540802002,1.0089112520217896,0.9411695003509521,0.871221661567688,1.007294774055481,0.9846436381340027,1.0948699712753296,1.0130183696746826,1.148254632949829,1.1243317127227783,1.1153794527053833,1.032914638519287,1.0484951734542847,1.0873067378997803,1.091324806213379,1.142332911491394,1.1134165525436401,1.0689582824707031,0.9663951992988586,1.0297679901123047
fish,0.916608989238739,1.0251067876815796,0.872820258140564,0.8776044249534607,0.848426878452301,0.7725686430931091,0.5296807289123535,0.7611826658248901,0.5936225056648254,0.8978524804115295,0.0,0.7971405982971191,0.6418321132659912,0.853208065032959,0.8710414171218872,1.0637927055358887,1.0245351791381836,0.7247230410575867,0.7845550775527954,1.0575207471847534,1.0051573514938354,1.2252633571624756,1.020896315574646,0.955001950263977,0.8889154195785522,0.956290602684021,0.9053986668586731,0.8088506460189819,0.6853775978088379,0.7145745158195496,0.8949664831161499,0.7424885630607605,0.9599902033805847,1.0226764678955078,0.9550095796585083,,0.8745280504226685,0.7181640863418579,0.836437463760376,1.1845917701721191,1.2474627494812012,1.1894229650497437,1.216653823852539,1.1530108451843262,1.1862379312515259,1.2065845727920532,1.2145473957061768,1.231308937072754,1.2208421230316162,1.3020355701446533,1.2922440767288208,1.240046739578247,1.348064661026001,1.2393608093261719,1.048462986946106,1.0580317974090576,1.2472869157791138,1.131496548652649,0.9168171286582947,1.1366984844207764,0.9761601090431213,1.064314603805542,0.996495246887207,0.9920499920845032,1.0283524990081787,0.7451049089431763,0.7693181037902832,0.7207068204879761,0.7809158563613892,0.7934948205947876,0.7948707342147827,0.744735836982727,0.7237515449523926,0.855255663394928,0.6541504859924316,0.6040523052215576,0.8755903840065002,0.6317200660705566,0.7887392640113831,0.8212808966636658,0.7831200361251831,0.6709814071655273,1.0762042999267578,1.0409377813339233,0.9968977570533752,0.9756594896316528,0.8399746417999268,0.9492822885513306,0.7577570676803589,0.6564623713493347,0.7273718118667603,0.6200366020202637,0.5604544878005981,0.5309461951255798,1.0287086963653564,0.7750484347343445,0.6452145576477051,0.7234895825386047,0.8662579655647278,0.9342440366744995,0.556405246257782,1.0118327140808105,1.0529065132141113,1.2148067951202393,1.0596121549606323,1.016471028327942,0.9192922115325928,0.9305624961853027,0.9452726244926453,0.702885627746582,0.6936538815498352,0.8446874618530273,0.9031158685684204,0.7542483806610107,0.8347266912460327,1.0127924680709839,0.8353345394134521,1.060255765914917,0.9268434643745422,0.8792815208435059,0.9943476915359497,0.7133331894874573,0.9013964533805847,0.8736458420753479,,1.0448168516159058,0.9979488849639893,1.023916482925415,1.0799225568771362,0.9433640837669373,1.1069406270980835,1.2380508184432983,1.255299687385559,1.1164127588272095,1.1460034847259521,0.8812087178230286,0.9307858943939209,0.835503339767456,0.6133536696434021,0.9722885489463806,0.9605354070663452,0.8795907497406006,0.7531634569168091,0.9809505343437195,0.9368361234664917,1.0958112478256226,0.6710273623466492,0.9262452721595764,0.879021942615509,1.1631791591644287,1.037066102027893,1.161423921585083,1.108012318611145,1.1473826169967651,1.013271450996399,1.0878689289093018,1.1632227897644043,1.0854610204696655,1.0762790441513062,1.0771052837371826,0.947002649307251,0.9730157852172852,1.049849271774292
butterfly,0.9035132527351379,0.7539933919906616,0.811829686164856,0.6751446723937988,0.7142180800437927,0.7146810293197632,0.7186200618743896,0.7234675884246826,0.7562084197998047,0.840263307094574,0.7971405982971191,0.0,0.5437177419662476,0.7995650172233582,0.7898602485656738,1.1589096784591675,1.1350393295288086,1.0982379913330078,0.8568101525306702,1.071334958076477,1.099599003791809,1.172590970993042,1.0637537240982056,1.0977197885513306,1.0530272722244263,1.0481717586517334,1.0386617183685303,1.061439037322998,1.0459997653961182,1.0316669940948486,1.0444862842559814,1.0138092041015625,1.0791690349578857,1.0114202499389648,1.018703818321228,,1.0044195652008057,1.0117019414901733,0.9949471950531006,1.1080527305603027,1.1369878053665161,1.0664889812469482,1.1197582483291626,1.0325233936309814,1.0571123361587524,1.0768260955810547,1.138916254043579,1.0584896802902222,1.1350135803222656,1.1165794134140015,1.143625020980835,1.1211268901824951,1.0855275392532349,1.1255130767822266,1.107797384262085,0.9604787826538086,1.1070284843444824,1.0494091510772705,0.9274866580963135,0.9270050525665283,1.044337272644043,0.9322183728218079,1.1522884368896484,0.9739714860916138,0.864908754825592,0.9021679759025574,0.941077709197998,0.9167139530181885,0.9518243074417114,0.997028648853302,0.9150516390800476,0.9296180009841919,1.0603649616241455,0.7656159400939941,0.9247751235961914,1.0244356393814087,0.9524238109588623,1.0346893072128296,1.009960651397705,1.0189329385757446,1.0263339281082153,1.0031583309173584,1.0655473470687866,1.0497043132781982,1.0400052070617676,1.056266188621521,1.0192999839782715,0.8600560426712036,0.9817636013031006,0.9545718431472778,0.9847139120101929,0.9671306610107422,0.9659242033958435,0.9393885135650635,0.9166786074638367,0.8050915002822876,0.9155980348587036,0.9586409330368042,0.9868137240409851,1.0695098638534546,1.02110755443573,0.9393372535705566,1.0197908878326416,0.917634129524231,0.8954833149909973,0.9404980540275574,0.974505603313446,1.007012963294983,0.991649866104126,0.9733319878578186,0.9530870914459229,0.9585971236228943,1.020407795906067,0.9876400828361511,0.8658646941184998,0.9572439789772034,0.951437771320343,1.0473761558532715,0.9418594837188721,0.9063469171524048,1.1011146306991577,0.8928709030151367,0.8493533134460449,0.9476760625839233,,0.9822195768356323,0.958345353603363,1.1030430793762207,1.0892783403396606,0.9882795214653015,1.0024510622024536,0.9928913712501526,0.9817582368850708,0.7297714948654175,0.8968937397003174,1.0216450691223145,0.9737147688865662,1.0462534427642822,0.9161275029182434,0.832932710647583,0.8730576634407043,1.0605891942977905,1.0884358882904053,1.067405343055725,1.035515308380127,1.031408429145813,1.0449379682540894,1.0641136169433594,1.0320945978164673,1.146906852722168,1.0828109979629517,1.1601532697677612,1.1391370296478271,1.1550202369689941,1.1069852113723755,1.0955781936645508,1.131972074508667,1.1617991924285889,1.192620873451233,1.1660865545272827,1.1151224374771118,0.9086562395095825,0.8774535655975342
