,alligator,ankle,apple,applesauce,arm,ball,balloon,banana,basket,bathtub,bear,bed,belt,bench,bib,bird,blanket,boat,book,bottle,bowl,box,bread,broom,bucket,butterfly,can,car,carrot,cat,chair,chips,clock,closet,cloud,coat,coffee,comb,cookie,corn,couch,cracker,crayon,crib,cup,deer,dish,dog,doll,door,drawer,dress,duck,ear,egg,elephant,eye,face,finger,firetruck,fish,flower,foot,fork,frog,game,giraffe,glass,glasses,glove,grass,gum,hair,hamburger,hand,hat,helicopter,horse,hose,jacket,jar,jeans,knife,ladder,lamp,leg,meat,melon,milk,mitten,mop,motorcycle,mouth,muffin,nail,napkin,necklace,nose,orange,oven,owl,pajamas,pants,paper,pasta,pastry,pen,pencil,penguin,pickle,pig,pillow,pizza,plant,plate,pony,potato,pumpkin,purse,radio,raisin,refrigerator,rock,rooster,sandwich,sauce,scarf,scissors,shirt,shoe,shorts,shovel,shower,sink,slide,slipper,snow,soap,sock,soup,spoon,sprinkler,stick,strawberry,stroller,sweater,swing,table,tape,toast,toe,tooth,toothbrush,towel,toy,tray,tree,tricycle,truck,vacuum,watch,window,zebra
alligator,0.0,1.3654984575738174,1.4664092172827816,0.8917259628878882,0.6585477031925623,1.3563000098323654,1.3743139361405512,1.1073706820724474,1.327896781218464,0.7401775938060924,0.5466838759538981,0.5810751902046939,1.3841854210217035,1.0715376036606847,0.6235101351588496,0.6421388285337273,0.5483593719448511,0.8138810230658422,0.8448399840177876,1.5419737347258522,1.4560319938137294,0.8949261142262404,1.3685537923212179,1.2414209146422015,1.448117590771623,0.8424983630269125,1.5214447290929654,1.2466573604405862,1.2319301618815601,0.5967308704950706,1.1513358156649947,0.9181983915042975,1.4160240402591757,0.8691120933086249,1.0207178939936523,0.7320204759449577,1.0567735866206778,0.7703592745799981,1.1960886644460973,1.2025310739192514,0.6670209549024024,1.0003224220842604,1.4207491283096174,0.6919769781955896,1.5631751632609894,0.7560382949679374,1.0200137867691472,0.4889833415882354,0.752715350345121,1.046239753918811,1.0627432185623724,0.8037194732222397,1.0420938949356302,1.195373773785801,1.4890174423515454,0.6211167885499714,1.222737596869888,0.834439519123519,1.2391315883259237,0.7288999390049522,1.0852362705325267,1.1874200694369386,1.0468104383905714,1.2900684471875663,0.42454955239639014,0.776473326615273,0.5779089004633535,0.8398674997522186,1.3236263384655458,0.9109800680207571,0.8734362619640643,1.069653637873699,0.8439742819038023,1.0587171466342873,0.8500846055375721,1.440271549918307,0.822389624210978,0.7296654930928718,0.6994186239305017,0.6738839167155541,1.246299967413901,0.64193682361446,1.2895443593007325,0.989124966841911,1.4551952096364271,0.9439505703940471,0.656907725919854,1.018550891482622,1.1875357024007434,0.5010749766256902,1.1959381199018129,0.8456240968211132,1.1276054549496164,1.016264986206391,1.4636076408675311,1.1534338439006446,1.410531045083723,1.2872014458440804,1.3947074168355609,1.030085081743599,0.49212048288984334,0.635722204441528,0.723681600573069,0.6612272469877528,0.9687504323264416,0.809105057774239,1.3916249957127018,1.381178498583297,0.8332754132466228,1.3097115691386099,0.633887827486867,1.075810401076598,1.0239854157071233,1.0585518993445753,1.2987871198117662,0.7052684425779441,1.3679850105434852,1.3719602633691372,0.9734065907208362,1.382073308963331,1.3811064570638598,1.017879131292088,0.8075418823093092,0.6478822441215543,0.8280897451597224,0.9634604603833826,0.7225311112715529,1.1229286463441595,0.7019875682169012,0.9839707871623672,0.9083406277130774,1.2360655387857793,0.8082412261356543,1.0207228188075237,0.8043939142408812,1.4468671314108983,0.7766824804959863,1.484970112869018,1.0361815831173498,0.9097824767986846,1.3372045301034203,0.8179915004799769,0.9384196668849596,1.4787515582263553,0.844602740355626,0.6888907818585223,0.9158417505957304,0.6818995292962711,1.4440542567649022,1.0527242486742836,1.3413517129461936,1.2392152923545778,0.9234525491365984,1.1906718115006711,1.0554832850397824,0.8075297128853898,0.8679791449958356,1.0851473716653746,1.1957259805033773,1.2452459556205853,1.508497265911596,0.9207931796020086,0.6957832173635115
ankle,1.3654984575738174,0.0,0.6964043726394935,1.1184890825813558,0.9546942601035726,0.8182207343759282,0.8021801575615813,0.8805985436534145,0.9651907287584254,1.3890983992565218,1.230433627728979,1.328992648521894,0.6851148393974079,1.0856589844577775,1.0529763340779037,1.0611988988544474,1.2018489838672324,1.3351249179580287,1.1737463149251608,0.79039518436319,0.9843972331798229,1.2839913025280099,0.8486359903807954,0.9358019262967913,0.850531538124878,0.9435581506417643,0.6962098760719098,1.0305989528069535,0.5594186834789024,1.1848928212545495,0.8818871469356546,1.2892075663715548,0.9072034924037644,1.345572160917368,1.0663772217807412,1.1530811209508067,1.0661180825684233,1.1648744360693084,0.9462302266412842,0.938965003520087,1.23473974606967,1.1463054214256827,0.7289340594784535,1.4169795984751372,0.7972381021492201,0.9890517976851461,1.2875394187200575,1.2288034101984533,0.9280409280474294,1.1726816419660904,0.958452928086229,1.0118897857616127,0.9398452688068952,0.5262046815869985,0.6200818313604018,1.1621113659080748,0.6628718699409177,1.190488679332102,0.3729085678055374,1.40269031841298,0.8022448913073323,1.0241481455919759,0.23673673764239256,0.8215905452400607,1.1245007934395674,1.3398717427230697,1.196625654503326,1.258698185290778,0.6381385526138833,0.43361885144406065,1.2685950683313898,0.8185082532827236,1.0608189300489275,1.030381834380517,0.7923548031853007,0.5549792020898823,1.3398650254205835,1.0575928603442182,1.3416936937277413,1.1890185887831617,0.9968348254755652,0.9757633148862912,0.8041532300926924,1.1946443461303862,0.8555696396850987,0.552164013000143,1.1842693921851368,0.9373468810566858,1.095172434942906,0.9330721670447815,0.9313492475105618,1.257890814247502,0.7415853896536524,1.0137045674800749,0.6987393004452904,0.7101978613722307,0.42842892910362573,0.5592653048868969,0.7267970514817937,1.2143329967142222,1.246678712237436,1.0795236851910688,0.9123931191072623,1.3444248187638854,1.3151999644051027,1.2693081142142824,0.7732669657118874,0.7912735888383029,0.8376156860754683,0.7395510936582401,0.9740674388783418,0.6388598107501708,1.2334190178162643,1.0265827883893446,1.1007037625528264,1.0582360329780722,0.4473960316559805,0.6836992120803456,0.9779546904607875,0.8543507206942097,0.6107686799172051,1.2584295015945721,1.2109718375811025,0.9995136284594751,1.3049941297260605,1.1540731653271874,0.9643931543529707,0.9575590730879168,1.1297091141672249,0.6104621303311744,0.6852761593828952,0.9474577829719503,1.3835997537282152,1.2631811193255948,1.2718707230562045,0.3964962154410623,1.3157403610189728,0.7333551243014632,0.3025863951694219,1.311888775915861,0.7786673924770318,1.288959459692504,1.1066051935065033,0.7422466199714172,1.1820332569820233,1.2078341060809126,1.3027588008361595,1.4766921303695706,0.787111548944657,1.1629472541249815,0.28590990726818855,0.5972193200331875,1.0167474642954966,0.6648003253560025,1.0179013255083587,1.4748612857404024,1.360395889747561,1.155051813778548,1.0876456423196206,0.935337897696806,0.5083498533028075,1.2550960555168242,1.1542486702164994
apple,1.4664092172827816,0.6964043726394935,0.0,1.002016468239015,1.4159084437127525,0.2629810668068555,0.3140481653111715,0.4769413274498022,0.9060241003754714,1.5163225284996455,1.3193414657806086,1.5372512873526494,0.5767563026088767,1.2330637106993985,1.4502957178844138,0.8646555297947095,1.5213234519147676,1.3107752901234715,1.1627618282428662,0.4634362449549807,0.6314763662833818,1.3584630750834945,0.4471646576449063,1.0156892261488952,0.7911057165109775,0.7440251273230145,0.7132187925102791,0.7934484803130657,0.4699080570000982,1.3248475522754202,1.1912663821845781,1.1081981001091668,0.5499826397651778,1.462086351688856,1.0526965291715462,1.4287755537433209,1.2069634364506958,1.4237010678212219,0.6056490780714792,0.6937890392486445,1.4868603271462648,1.096291945386141,0.41262038679623547,1.5832422822198606,0.5120386970691138,0.9188026510313339,1.2071277873738089,1.2729575187732762,1.1108829656436,1.332894740620339,1.1381929297255846,1.3978739456614346,0.5921642919076634,0.7601532419634953,0.15248467368415497,1.3652514064394579,0.6758800238357258,1.1688430876406721,0.7272907045562569,1.3488093476941125,0.47803327315479116,0.6481957131571333,1.0207766712019954,0.7580241061759097,0.8910234113701927,1.323478871738891,1.2766334841296128,1.2569244852961958,0.6402489025539897,0.9906041235647488,1.2617985489343042,0.6745720194351924,1.2168996887393424,0.6522744561294362,1.2217647734016364,0.4191461198633024,1.2805765599722114,0.9577120733080662,1.4722371957453233,1.4714513211558597,0.9373271345394603,1.4536516904553074,0.7667731467600486,1.3733150811763748,0.6897391271225269,1.1528696744014102,1.1697071508930095,0.5440759306691507,1.143227462869794,1.373156032857443,1.0956822325951145,1.2951111381734397,0.8845007623611411,0.7511435451839428,0.3105638963018351,0.950750651426905,0.6656208434886375,0.6294965142617027,0.126583448702561,1.3791643606015627,1.140676078341522,1.5076007380345406,1.3935556075988935,1.4590090931184525,1.1422614052448807,1.0478413770326023,0.5427224107565384,0.5554928839353697,0.8212501771319984,0.2785603192880598,0.9936198203079349,0.947445018326507,0.9548473801010332,0.8456968006145563,0.7234934042298995,1.0048226268855531,0.314454828244461,0.1917137761875345,1.2153345035996947,0.7438196673821797,0.3490701060325556,1.39225782161393,1.2109210289709487,0.8654334957884854,1.2439846874642655,0.9647255018102205,1.4427566758519292,0.8031994982861173,1.4317019282374444,1.1498546855012959,1.2674156171848385,0.9185837264487615,1.4756492546200313,1.2946372743040748,1.3370742433206302,0.40183156337161896,1.324074506073071,0.32524133016682755,1.1087022517436187,1.1449794248680092,0.672407827057511,1.321500596465465,1.2023910237452125,0.16289980947537686,1.3724624300163955,1.4352397137451525,1.316661211134081,1.4787711735598674,0.47960735436468993,1.181415014822333,0.5839126255276437,0.5942522420200679,1.1631511358109419,0.9133420160853164,0.651538098573722,1.3836713698066792,1.198614308920187,1.1558701003047047,0.9918309024486542,1.0675050208189543,0.4203243688500701,1.3701074090283907,1.2475292933403541
applesauce,0.8917259628878882,1.1184890825813558,1.002016468239015,0.0,0.7802094659453085,0.9807490430041447,1.000752122017153,0.7168961040890489,1.2183062508434928,0.8466004048417266,1.1131730806104543,1.0089139336842796,1.4235116881380452,1.347062463213088,0.7182050240634964,1.2224555109934172,1.0079738568972814,0.9790368977619796,0.9734746880395678,1.2566626542927708,0.8342191342218936,0.8831369481458535,0.9068888818305704,1.361494399952279,1.0033863927681668,1.242073722284502,1.3906317098144554,1.3782619140976295,0.9475730077730626,1.17710866426546,1.3157683114262757,0.4956234151553045,1.2835777377237303,1.1174094390934008,1.184504901999142,1.0650032358965915,0.8334729836294812,0.9990963412588557,0.7507701143999057,0.8522808355924086,1.0596868805554787,0.6256841028548826,1.3329363613853988,0.9861444281898198,1.0560260964073633,1.1950099375983005,0.5601862417822213,1.0168258148075295,0.8981652709684428,1.194633819768577,1.1046153902354532,0.9944746796106878,1.266151270280322,1.0234108553927,0.8957943639569127,1.1129093591827801,1.102946312312894,0.9279327250695185,0.86819639955437,1.097183819598246,1.21974392623887,1.2012050026498897,0.9907746859877034,1.1462342466425988,0.8885707219386298,0.8908149262273055,1.0430969715853926,0.48802292163188365,1.168985682712915,0.8759968667076622,1.0695675162898879,0.6300536209431052,0.9616713161878123,0.5503086759966945,0.5639562278469121,1.3419310775015973,1.134226757125879,1.2129650792284983,0.9825652013683044,1.0124677383050393,0.7219130946647039,0.9611343284619104,1.2306202035881164,1.1947070996014757,1.3842581059116252,1.075511789984577,0.6498208400892146,0.4651366689968177,0.8755226307407895,0.5971913972958456,1.3214232849437326,1.1512647583256324,0.8768555910108591,0.6094441009522986,1.242597376998213,1.1150793167873527,1.2128011776903347,1.0409522020264492,0.9139240414290597,1.1003477068932714,1.0202881562686723,0.8916407914092209,1.0356702673856384,0.8139304677434482,0.7546374621403072,0.5386879826765817,1.364912867871363,1.3017561471802375,1.2418019708565693,0.8347990217350987,1.0644421245677764,1.3092276594972545,0.7043455908975143,1.1820277845222324,0.7692918763798369,1.1598259617398787,0.8800000356403908,0.9578072607474204,1.0844665308129389,1.3481283587382649,1.211581745427633,1.0904447138458349,1.1232298225438322,1.1168586862916028,0.48668305663907974,0.3735740774147831,0.9666917506938805,1.1648731956665124,0.9440372451500546,1.0103829345031596,1.0187143875618525,1.124628690186122,1.047320225746263,0.8746905889343974,1.0049844945322446,1.325616657461834,1.1637686219566676,1.09190362006962,0.9795676304467451,0.3688472870265527,0.9924560310569197,0.9917734447706718,1.023244775912842,1.2380530478031726,1.11119974527396,0.9143973107707071,1.0718468537024997,0.7735870503080267,0.9763936207409969,0.7883413624203729,1.0242549550735458,1.0442073649956958,0.7417628829210914,1.3036172231879126,0.9611293056315371,0.5623676673955909,1.0953111381077059,1.1635343310597572,1.2929502781938225,1.4140820838238182,1.3154598972225429,1.172855681635971,1.1019827087518825
arm,0.6585477031925623,0.9546942601035726,1.4159084437127525,0.7802094659453085,0.0,1.3622611859150404,1.4035823049222964,1.3183206874795639,1.4028681132966703,0.5442519188502744,0.7187385061456221,0.45973248997189675,1.364231831301305,1.0039159158040012,0.35071888008346797,1.3259492812585587,0.5030198203380375,0.8880580465556933,1.06697415877302,1.4605630845416613,1.4360077174161185,0.92855943910946,1.4222878590986379,1.2673679139407135,1.3816687512664645,1.4031586287441573,1.3930475741111952,1.3535737226814895,1.1001674196643985,0.7500750713784221,0.9929701874554394,1.0534940926189147,1.4668607634765811,0.7205343503479065,1.1167180323231904,0.536272376461836,0.981586000461615,0.7480870028432355,1.3693682547384989,1.311646253349392,0.5264366338061484,1.0440159187132112,1.4164607613353573,0.6609756300151501,1.47454385028098,1.2788293625862188,1.0292577182763771,0.8549040140027983,0.9678330031255846,0.8574509303529244,1.0453161739125858,0.5260961987519909,1.4756436819072878,1.0044800257056494,1.365904281798025,0.6307346453351224,1.1565132977686614,0.7291272777119637,0.7636554343715494,0.875158115442436,1.4460281514304192,1.386906146961553,0.718585293188805,1.3677777969953857,1.2512767692862379,0.8384750509877075,0.891201585184918,0.8292957553081595,1.1526961318375062,0.7803335532156045,0.8244372092182986,1.1904231262032834,0.6451476277148267,1.2016118952016477,0.3279223603490893,1.4229238621758378,0.9401415976311547,1.2493777586864123,0.7296987475046646,0.46269643873326927,1.2213543005155545,0.3666317964417354,1.3010989353822984,0.9542383172406528,1.4315545286842064,0.49609292763820256,0.8661121699806164,1.114547752933249,1.0897778903051523,0.44764198685820944,1.2005413472178368,0.9109575620331942,0.9069432187866018,1.1688487251266133,1.2678252206194398,1.2187897587757979,1.1683615812333297,1.0786172819904063,1.3625222938729222,0.8466945935215674,1.012334594622071,0.3127802926283041,0.4694019276421114,0.6814919849439199,1.0487148454841186,1.0266366867208716,1.3769960164135537,1.3352910261405215,1.4018765084257998,1.4203852388110145,1.0616780087328626,1.0776574171704285,1.1488644765575975,1.2909417001712784,1.369562012565726,1.2293275653231468,1.1821123139654828,1.261748374437786,1.0343785577656508,1.4566921184868256,1.3555091703548985,0.8414611119930306,0.9182746718401094,1.2694789701248919,0.8292898442659628,1.0439600476064463,0.5488656087053309,1.3299584185839395,0.31540081022304767,1.0141767105784236,0.5648341653789293,1.3063603629640954,0.6112189308223636,0.8576941690451506,0.818106894737785,1.3739951441335752,0.8621647914819868,1.5340835243286715,0.6867792971964936,0.9567279357499566,1.3911718908779873,0.8742084299256371,0.9421479342914942,1.4419219421382923,0.9198945252162974,0.3646428556346395,0.8624246814343738,0.5606342382889374,1.5182254325099813,1.0202660093086051,0.9382506464685851,1.1038410042506777,0.7268986270751331,1.265835251850199,1.3853692102563733,0.8394602942682348,0.8446626464496638,1.1684184873038905,1.2628619659804547,1.1769493238439717,1.2573309291506043,0.7796166796544686,0.9206819132330332
ball,1.3563000098323654,0.8182207343759282,0.2629810668068555,0.9807490430041447,1.3622611859150404,0.0,0.07214108686164811,0.788768386665186,0.9351553030128202,1.377329945755249,1.1827500709679897,1.3507681051881963,0.7890286804136644,1.2369542532759525,1.3202131235068486,0.8867114789207964,1.3230238505589922,1.136499028049354,1.0879190296140666,0.6170750138333212,0.6857518449632796,1.2199118945142438,0.7198446624102806,1.0572660782903132,0.7454921877839675,0.8300948052993031,0.8759485782267251,0.8237755387584216,0.8057421718030573,1.2463243457715207,1.2245183196453167,1.1411631062786547,0.4904987136455523,1.379541186395203,1.0075643526502516,1.365550830726483,1.048355085420517,1.2882963112465742,0.7176321270873498,0.8206953416289591,1.3449507295218772,1.1077391098406009,0.6591889796933055,1.422323126743729,0.610073960116265,0.9432665975909914,1.0170354916719386,1.1496757294427316,1.0085391078313202,1.3022488308449747,1.1783331181518906,1.3062983249073823,0.6769852512538771,0.9730666010394292,0.2452614165323579,1.2775135700125526,0.7585452526534204,1.1376093439188613,0.9385143898933872,1.2430157582951153,0.6626204527059449,0.732039770563785,1.1231527484301271,0.9842306469591066,0.8700361070401673,1.1162280039251102,1.154747014995957,1.1273497018259264,0.8866265352666372,0.9772789449689251,1.099716686948902,0.6012266323037427,1.199066289039681,0.8241717271875013,1.2182489936438468,0.5287879290130325,1.1170104675746912,0.932094367887205,1.2574529128331615,1.3601490895127426,0.8895898229373921,1.3679708178614653,0.9770000928360841,1.3356718089865722,0.7300197352255838,1.2520853998055872,1.2274702912725903,0.6071340727665518,1.01643895852204,1.1884540730601243,1.053796827270591,1.1548473224839513,1.0203411265965394,0.7974783302592834,0.53417939127356,1.0500083490027388,0.8990889258734356,0.783725925587764,0.3235127194263989,1.377189921022845,0.9734968327241565,1.372577512004232,1.3683619715407802,1.2855027432880517,1.1603298143646916,0.9999357002091532,0.7478484475093757,0.7530060948289453,0.8480685764459829,0.6234779277382869,0.9634251436492942,1.0084480141217749,1.0607050871911021,0.9325776596071447,0.8682851713604948,0.964293456944238,0.5009808915568699,0.34542322302526307,1.1250393936154206,0.815052051071226,0.45414110401978225,1.3723440911738303,1.081588044812555,0.9340128677102165,1.2434427827843868,0.9964046695519304,1.3542756879299818,0.8409914833132469,1.3511938683178244,1.0350197209781185,1.2703264371553147,0.9487971652871683,1.3672301064502173,1.236016881496785,1.1556346890542357,0.6711527717197927,1.1751769023186254,0.5125865832386731,1.0280131048578733,1.1050295009642346,0.8702230420172449,1.0974702995226777,1.1825612494508178,0.48406411100511115,1.2617420226372453,1.3379893502354512,1.1355024055022909,1.3140082504204151,0.45150542811659133,1.147038646238884,0.831998459388514,0.866349110889056,1.1066869527708745,1.0201507320790464,0.5124614598886702,1.2252433299876226,1.1207601651045298,1.043163891302413,0.9295767803490607,1.122373329835332,0.6781182040609043,1.3128009547888475,1.0957907966248333
balloon,1.3743139361405512,0.8021801575615813,0.3140481653111715,1.000752122017153,1.4035823049222964,0.07214108686164811,0.0,0.8116546738766276,0.9228799747337395,1.3476741815016868,1.2557451287613741,1.3916364424685004,0.7553300186679881,1.1898691050407084,1.3657393207232968,0.877732194305013,1.3633762470188064,1.1351588476179755,1.0762143117001335,0.5929451336264366,0.6445235151244646,1.1877552248899605,0.766646740828761,0.9524627980848982,0.6398406569305495,0.8011943185021004,0.7638973996299678,0.8540578428938064,0.7662888514720508,1.2679044164335174,1.1120037949582742,1.1600037223662343,0.5081786679136924,1.3415818430378161,0.9229389723456802,1.3618151433666577,0.9442508206157709,1.2806468397939197,0.7741313375235686,0.8612166874397937,1.34688612863682,1.1526153932245404,0.6446101972932503,1.4016656554699392,0.5600780528018181,0.9327335041735345,0.998663008698704,1.196042254515054,1.0454526564936188,1.2257722096515016,1.1105813161047153,1.304049454052368,0.7187927825616395,0.9495550970107427,0.27394596707241536,1.3121837887243002,0.7915141582982452,1.2022711325260176,0.941352671246251,1.2589780545624705,0.6325091856349482,0.7245430083996467,1.125360493750399,0.9127105943323514,0.8908322659332738,1.1900055561970142,1.1924680598613762,1.0604836470661796,0.9080192496179628,0.9671063578563454,1.1566899312202663,0.6019436881838065,1.2271844546439943,0.8932851737368652,1.2475719519230046,0.5452638712836552,1.1180286408084688,0.9225475309813698,1.2178561279188187,1.3732763131861105,0.8532162207004721,1.3703207796756354,0.9160178679105923,1.256005824783909,0.6397516109109322,1.2379144299070108,1.2564691921515048,0.6240986070132565,0.9638825958084621,1.207885173198067,0.9362470636902236,1.1765292035777903,1.0327029265596146,0.8688333127478267,0.5904362047943015,0.9538475303455309,0.8433000871556298,0.7904945796271095,0.36357728194820926,1.3115570624553072,1.0893744664083684,1.4150677970479357,1.3500649487343743,1.286406091363679,1.1659416247633345,1.0748215753374724,0.7241082922771145,0.7357609737154954,0.791670739334267,0.62506948886151,0.9617272898300295,0.9510402308118037,1.1177768579974043,0.9050236207149682,0.847687320768169,0.9548114760306395,0.5575733613800549,0.4104500756804731,1.086569571546929,0.813059063351043,0.46622366686037897,1.2876978791100993,1.1676107724801823,0.9128038925463382,1.3070357425208474,0.9441312247164935,1.3600380445363789,0.7967855571449771,1.3723289323583656,1.063611957403575,1.2455663365076792,0.892496080165694,1.3559600980709492,1.1415694303464163,1.1222286894128777,0.6916784043241595,1.2122608804307098,0.4928691286208111,1.0061832944344267,1.0910195469432047,0.7899609223586131,1.075123366722578,1.2033530387011004,0.48516361089906557,1.240658272047521,1.3620318315961453,1.1577859391056466,1.3381773617206394,0.4612144862744062,1.1612133250861512,0.8446493029697972,0.8720180527617014,1.0664233200512367,0.9382367110849225,0.5456326433483121,1.2350177099612067,1.1492690581032206,1.0528623248898779,0.9611336178840348,1.0064711251546905,0.7240320955984088,1.2492853508678714,1.1139478224712234
banana,1.1073706820724474,0.8805985436534145,0.4769413274498022,0.7168961040890489,1.3183206874795639,0.788768386665186,0.8116546738766276,0.0,0.905531073695869,1.3505779973442835,1.2787994148815898,1.4491052500501262,0.8558915010770192,1.2359200698995214,1.2982134032099364,0.8331648296067018,1.375822576388793,1.2190990941117086,1.0695239696260586,0.8015720305021515,0.7086969130644705,1.2262166528225502,0.4116111737442254,0.9786725022649905,0.916886102889074,0.739165765835603,0.9201559048661849,0.979048682659733,0.6013689234253458,1.325224050727266,1.188599214624241,0.6184520606059818,0.8278497074895865,1.3848160751492948,1.0931661493614164,1.3735432983579816,1.2056656628602933,1.1798629710547452,0.5131371485254808,0.2887685667006028,1.4120643279113434,0.7615419909017971,0.673397274593158,1.4228054658883436,0.7792281535603234,0.9658805752938031,0.9897700294015814,1.2314448618523621,1.0816114739459144,1.3088968798765515,1.0846049784169165,1.3305167816678518,0.7449800876902105,0.9825803749371301,0.5287754972929187,1.2962905445032253,0.9529846462805774,1.2271218638939299,0.9582837822226754,1.2661946031369098,0.6694985240927874,0.7958835427872308,0.9920470201769557,0.6598106446459865,0.6619324997770117,1.2253609010544644,1.1305617861307138,1.14077924981135,0.9534915476852486,0.9216699742613526,1.3045624499898667,0.7613953408466029,1.3141268556413275,0.4569306115127102,1.192989584496548,0.8670436310867273,1.2852065300578701,1.0222227072795256,1.2617514115566713,1.401017720795037,0.9047521970492209,1.3312223936992615,0.6957690849142502,1.2610573984577844,0.8799303997326131,1.1242591178741852,0.9927624448624464,0.2913140662235677,1.039484829725781,1.1820949332847173,1.0217940907604672,1.261718239304726,1.0143783697735418,0.7164428000628498,0.8706304516862386,0.7641228046370084,0.9314952227072111,1.0010701471261463,0.4477709781078506,1.2678439712151124,1.069780685283695,1.4000964992521259,1.3019410802086722,1.2587007326205488,0.8295838667158522,0.7711949669600414,0.7436748777230789,0.7170417160478382,0.7666077167502223,0.19251306704260462,1.05377238759219,0.9543103659544833,0.7263230509400853,0.8689980323958797,0.5231731555736558,1.028586236154219,0.6025618645028123,0.5956914442677936,1.1533428768191687,0.8759791417899383,0.8504266389073026,1.285471647353741,1.1947874765116382,0.9470456270425881,0.8575341167612321,0.8466734857223405,1.3041325266917039,0.7329718265898153,1.3929777487858563,1.0102906248032126,1.2472144279241308,0.8814688950657849,1.4115141541551288,1.1630827200825677,1.2141005748510447,0.7306169703750622,1.2579442993146606,0.5221259807001615,1.0199975721313483,0.9037413383445693,0.5900424901962739,1.2673887525616612,1.049130394599783,0.6541207209804673,1.2760307690987593,1.39817983102538,1.3329380296288735,1.3160456839579016,0.5835665013129939,0.9120211290225987,0.9147508551075583,0.8194179449541932,0.9879571160809655,0.8240833905394441,0.7403391277615037,1.106490980190973,1.2273347710745388,1.098311574567776,1.0744141969102936,1.0856808174385262,0.8526436731436855,1.3510953892563518,1.1981478577038835
basket,1.327896781218464,0.9651907287584254,0.9060241003754714,1.2183062508434928,1.4028681132966703,0.9351553030128202,0.9228799747337395,0.905531073695869,0.0,1.196508034438768,1.3059787198709927,1.1579154693801472,0.7285939491108792,0.5525663304191554,1.3441006667094557,1.0279955324394539,1.1179963534595192,1.0218964411664075,0.7493670114509068,0.619755725266958,0.568967190887874,0.5945015442240081,0.7683933440615447,0.6594130235460802,0.4505762662509223,0.9172258075808605,0.49184424792159054,0.7830804732509764,1.0594620213527446,1.2506906020999906,0.5644088900908304,1.052695188045438,0.7447537462483939,0.9773636849757319,1.0837045477014382,1.3026045022228236,0.8770918407593311,0.8615405608848911,0.9488212107617962,0.702209096324499,1.1113520320634434,0.9643846379662444,0.7623889419722951,0.7942209394429014,0.562545124455545,1.0130416270217941,0.946851253403122,1.2074529051188625,1.010533653653872,0.9527416544419377,0.707430445743976,1.2083207170661368,0.7994215950737542,1.2326135314265043,0.990166769838277,1.3034663418421726,1.1794779879624966,1.3715274497307353,1.225031715736793,1.0138825838602652,0.9403748434072954,0.7083156429332984,1.1344578540049404,0.7357234085605717,1.105489392454842,1.0897584750614455,1.181241244176014,1.1506473401421393,1.0689345599716817,1.0334019754671684,1.2187581719811342,0.9656652568522481,1.3642811574002185,0.9759172095616625,1.3659505117088755,0.7716069038241709,1.0935899237058646,1.0619415661660045,1.1276929013218362,1.3011028156490503,0.652140039719468,1.3563288023056952,0.7288497860610781,0.6360479976572223,0.720564137602689,1.3320516853635678,1.1552713359771851,1.079781445960885,0.8041577032127276,1.3112564833900553,0.7565817073728893,1.0365270708465464,1.2557436430058422,1.0757345707061352,1.004143750851758,0.7017683477079723,0.9330055232425785,1.2411395805371324,0.9464915912729186,0.8284400269649265,1.1268437264207114,1.3167849742481392,1.328148630421624,1.1035922010953658,1.00703422141035,1.171296253215853,0.7537673312739386,0.7738431509037607,1.0253709665081365,0.9185511888491086,1.1690865868297924,0.7121439171296344,0.9761814497822808,0.7249695702104832,0.7997508792320194,1.0834655733662362,1.0571079911734087,0.9273955042772967,0.5963756388240555,0.44262724666315634,0.9928208322962376,0.8598577439133545,1.0723480165782429,1.048493875998504,1.1273759732018072,1.1420360744915161,1.1590959562069365,0.7520774251472114,1.3929827220955913,0.8755681718011857,1.2120332719872904,0.7450461724634576,1.1957627990137853,0.9686096274369342,1.0791741912376283,0.7691856015607559,1.194067175789866,0.699218952876614,0.9890668332179198,1.1992246328144007,0.7807054597137494,1.2566908847894753,1.0188123855328477,0.7668070089222656,0.92973514551582,1.357431890023897,1.100278960364621,1.1829164049580891,0.6112557510913307,0.8844021769506253,1.1697945868352226,1.1264840130120395,1.1807128735952062,0.60316755346344,0.7330194258122492,0.8868421767854194,1.1371803421608844,0.746253141487397,0.7550579649856743,0.6704685395833772,0.8801471585476182,1.0831020762005925,1.119143769282978
bathtub,0.7401775938060924,1.3890983992565218,1.5163225284996455,0.8466004048417266,0.5442519188502744,1.377329945755249,1.3476741815016868,1.3505779973442835,1.196508034438768,0.0,0.6450463304195828,0.34816959915648926,1.3835806158233583,0.7759745252558574,0.6176952605463745,1.325188640786591,0.5005126502241593,0.4925475950674265,0.9874504751040241,1.4570287925950471,1.046599958359066,0.6657259811071564,1.4529770560302697,1.1889165202547902,1.1180241060450382,1.4192966445584156,1.314883351958623,1.216212598490844,1.3758802303343547,0.7217565244348109,0.8714430053448705,0.9695803602884541,1.389496079152076,0.4703453388153477,1.0262085882883827,0.6852702191999396,0.6357671010486541,0.7099382344129387,1.352374418282823,1.3349227527109078,0.49009912052328897,1.0608367546410649,1.4868253702718564,0.3955120529168785,1.343276895025191,1.334975400980937,0.5530440127025807,0.9257284097649129,1.150286660767611,0.606305998721047,0.800886225703253,0.7529102782444355,1.4888149291585182,1.2914297146810094,1.422353565800746,0.5758251750733648,1.281957164398746,0.8535580827186402,1.2234412905993304,0.7397604820314168,1.4872578972089845,1.4221905376775736,1.2446221060732217,1.3087210782465368,1.2497207707199327,0.7213885990956187,0.9448698981332225,0.6809079210154046,1.3363367651796825,1.2566533935422735,0.6648195198192614,1.2889537408153366,0.8389039823353103,1.2774806114077297,0.830065805205177,1.5209038829612613,0.7762983375616648,1.2419953672632236,0.5441885775736286,0.5793681449708229,1.137646926460211,0.5916880690876729,1.2856135921172653,0.826500830230836,1.2303839010662645,0.977541339483383,0.9627766661346032,1.1271117264363317,0.8567967470636352,0.7708859601497897,1.1311112721386707,0.8278731042487,1.1131735938897873,1.2462979858184304,1.373806390027769,1.1628912192058758,1.4177145480078324,1.3121728570655418,1.4496379200362122,0.5598467372199303,0.9893279394444814,0.5668770577364463,0.6757239475485818,0.5641293959807124,0.9537889553783924,1.0146055848684818,1.4272485417497367,1.4118756625363553,1.4255979312492115,1.4488033941905143,1.1644441889621904,1.1833806361261128,1.0993205624413338,1.2876705001978417,1.0535832101246294,1.2469412779038858,1.4475917554717674,1.453230048592883,1.0202621880386973,1.3052880049676419,1.45068116194909,0.6012663031763905,0.7520663073466327,1.3769120820598482,0.8771431944291022,0.860528916762978,0.8488101845813001,1.2716259203794409,0.5746974926589838,1.1366726544458932,0.8886000241921879,1.18448576864531,0.22534776915821975,0.22428672741102285,0.5592439092941709,1.5377860320804548,0.5697132084647403,1.4638637026092796,1.1363917979099991,0.7250124693816775,1.2895769544214621,0.6648701310071026,1.022532518452889,1.5296682414831386,0.8514403004474685,0.5449730838109572,0.8138985531613818,0.33470426463141245,1.2863968360237603,0.9733780645283782,1.3655316286366643,1.3094915795004793,0.8534710804852625,1.2819601734530188,1.282455071734839,0.4499651008562744,0.7800201743950295,1.0687738846460566,1.1541145686933798,1.1164009195138624,1.4700660740223765,0.6126217635586699,0.9331868880413583
bear,0.5466838759538981,1.230433627728979,1.3193414657806086,1.1131730806104543,0.7187385061456221,1.1827500709679897,1.2557451287613741,1.2787994148815898,1.3059787198709927,0.6450463304195828,0.0,0.5501939560076092,1.206914275829698,1.077791021442187,0.6681603024932521,0.9319585611966414,0.5203785382989152,0.847350086555179,1.168097821049314,1.3888826967813412,1.3767092860635768,1.1390275368343579,1.3693335870836396,1.2833562568018646,1.4122752257166975,1.1696225591682277,1.3799472994424704,1.078154958967873,1.2886335461524216,0.26419644110705276,1.1822882473007037,1.1249970893167534,1.2851331500742642,0.8528833269093591,0.8446555349149321,0.5390790205378742,1.0986959688430202,0.7100119130723997,1.2622537058021417,1.2153930322272992,0.7165085719242855,1.1272371774961627,1.3392032484195968,0.781051716054094,1.4466931274259285,1.0473176849484318,1.1042108720823902,0.583056236646412,1.009960540867667,0.9934758890570009,1.2615102156613656,0.7999638168316552,1.1034590525588726,1.0859537128822945,1.295109746002179,0.13462637908767006,1.0449268621662438,0.8261440836770292,1.1598901088891762,0.7503229280355699,1.1698562008982136,1.2561321376592776,1.1017968502528999,1.353489920207317,0.9822457475633424,0.8529533403283084,0.8237650736260189,0.889811987537106,1.1770241967747062,1.052037900556255,0.6006078143020702,1.2667033800528325,0.8087533166872733,1.279334301857923,0.9293147846170073,1.2599520558652488,0.8341027154561041,0.9174640358514371,0.8005931530529421,0.5758677169082771,1.3302008037128907,0.6128361573208091,1.3401487767004763,1.1260576736023349,1.283543816064759,0.8000716156856731,0.9197977181328151,1.1433433401048445,1.152001675523288,0.738396198345134,1.2323918685524808,0.8364286693693698,1.0818092299753563,1.0573869437909955,1.1858763734990223,1.240939223807932,1.264525969352782,1.0687277026043214,1.3016575452725072,1.020041670108186,0.35393660465216337,0.583739145890861,0.6978172823466637,0.8353313649474191,1.0503915024459651,0.9975046664865798,1.3236997226454932,1.3446345403874305,1.0017971588670869,1.3392722650294606,0.8271492669934477,1.0905922242913735,1.1694049724150681,1.2052041135063294,1.3885394501932962,0.9173121957085639,1.1764528823569296,1.2972650437201867,1.0995734091106801,1.3425781887588855,1.1403023665963934,1.0253127569474616,0.425304830017728,1.0014774079676327,1.0302723155699884,1.1667996116782278,0.7435291907738193,1.2728378966287406,0.6213679653756184,1.068907004709097,0.8861906280133779,1.2944761760251902,0.6487525205668049,0.9635084619097827,0.8300990327589219,1.3036521382429445,0.36516571425961863,1.3979637135864107,1.0833264298190508,1.0094604483517402,1.3953999374753396,0.8254899206723372,1.0044234672218553,1.3559377991498263,0.9750407887980804,0.6343287708172176,0.8652918726589531,0.7415606660734656,1.3678841574830858,1.1602425354299772,1.211489663152874,1.1456544007174845,1.042901646093613,1.209748514179981,1.2550456085745099,1.020345191676059,0.7368339089907621,1.084843658494681,1.1183757980897902,1.2698053873681823,1.2584408183479736,0.7739270017453312,0.7308224418055955
bed,0.5810751902046939,1.328992648521894,1.5372512873526494,1.0089139336842796,0.45973248997189675,1.3507681051881963,1.3916364424685004,1.4491052500501262,1.1579154693801472,0.34816959915648926,0.5501939560076092,0.0,1.3721572546924474,0.705984710480871,0.41270392893081764,1.319726051648406,0.1194663894131811,0.601416377142376,0.8656618697158958,1.496646685418187,1.3830324347596712,0.6728430696580028,1.5270957159713636,1.2377671701518538,1.3350506160601805,1.4191905453765699,1.3866843073639186,1.204635400927705,1.4506568831788638,0.6359595119092767,0.7772039332520483,1.086547052225366,1.4526543930843856,0.43250263829042845,1.0915538651511296,0.5285704403243735,0.8666883705515286,0.7881632165757418,1.4579387289893548,1.432985492410503,0.15684654339481097,1.1588653404493667,1.5156322900439085,0.2449085220750914,1.5137881885921525,1.301267294214398,0.9309243848630806,0.7197074527529425,0.8512303580354538,0.7222725920072527,0.9853705000814414,0.557337770901972,1.4521651880660582,1.2811119237228135,1.5107207279205614,0.5040306346112526,1.2859045002630605,0.7358687588814667,1.2272675041669405,0.6559458774546971,1.5083825362036967,1.3837506513978362,1.1464285789993676,1.5179668920456666,1.1842244686795402,0.6132556194428715,0.8465237847122831,0.8864241238540063,1.3061637344602,1.0558783225365673,0.5862648284262197,1.3116645353371528,0.7271104395296433,1.3097693354350672,0.8237526784234037,1.4184955534170158,0.7894226439999632,1.1893072580228776,0.6165483988940808,0.3348483782110694,1.2511956073009949,0.39122852229985816,1.470318573363048,0.7339973051525238,1.4438076997871754,0.9894145444148501,0.9714730120991968,1.269622859275331,1.0626303152041303,0.595730751573584,1.2114512033341212,0.6926113391650449,1.1197037209641407,1.3063726141967635,1.3589393206012623,1.192154365470996,1.4226235491421986,1.322244431349554,1.4816243551885973,0.7216249426364514,0.8224932634470163,0.27845285646368034,0.536757928727231,0.5815142593979313,1.0682334525228152,1.0673645222161872,1.50332978797322,1.4899756746213773,1.4145993731295419,1.5716941462302034,1.0858329412863734,0.9165415651892453,1.180106035636667,1.2457698020513555,1.3370199237402325,1.1815087295360023,1.4217134846913555,1.42909536898828,0.8622959523564762,1.3526613691373979,1.4647890795611542,0.6989767563355834,0.7379004303677222,1.3063423119906115,0.9339259261565948,1.1517793171355337,0.582521873760249,1.3656343334120382,0.4115776582916334,1.0613876018108899,0.7335265105464386,1.3530971798817455,0.3714057690281577,0.748887950773835,0.5677978364147771,1.5019989692386448,0.6120304718663847,1.5627936306435983,0.9866766134142663,1.021172288091679,1.5679175869686546,0.8302933985636367,1.0448678061497216,1.5516455984967117,0.622087247484618,0.35281144342296633,0.697878682715018,0.3017617605452535,1.463419218361326,1.0745578099578528,1.3367880781707324,1.3432214862175218,1.0287215139352963,1.1709350709743709,1.1888483983777853,0.6291262558143667,0.7252585860905432,0.9650025752988121,1.1092626468704843,1.1430392277160042,1.4593253861202193,0.6185152957327347,0.8721515598468629
