,zebra,giraffe,deer,pony,horse,pig,rooster,penguin,bird,duck,fish,butterfly,frog,alligator,owl,elephant,bear,cat,dog,face,hair,arm,hand,leg,foot,ankle,finger,toe,tooth,ear,nose,eye,mouth,stroller,motorcycle,tricycle,truck,car,lamp,chair,bench,drawer,ladder,window,door,closet,shower,refrigerator,oven,crib,bed,couch,table,bathtub,sink,boat,slide,hose,sprinkler,swing,grass,tree,snow,helicopter,firetruck,clock,ball,balloon,pumpkin,egg,orange,apple,potato,strawberry,hat,slipper,watch,nail,raisin,glasses,necklace,carrot,vacuum,broom,mop,stick,shovel,scissors,spoon,fork,knife,pencil,pen,crayon,plant,flower,soap,bottle,cup,can,belt,radio,basket,milk,jar,bucket,tape,bowl,plate,corn,pickle,banana,melon,bread,cookie,toast,cracker,sandwich,chips,pizza,hamburger,muffin,pastry,meat,pasta,sauce,soup,applesauce,glass,coffee,dish,tray,box,book,paper,rock,comb,toothbrush,gum,toy,doll,mitten,glove,sock,shoe,purse,pillow,towel,napkin,blanket,dress,pajamas,bib,scarf,coat,jacket,sweater,shirt,jeans,pants,shorts,cloud,game
zebra,0.0,0.393998384475708,0.42014116048812866,0.542323648929596,0.49911344051361084,0.7361705303192139,0.6879770755767822,0.8181309700012207,0.6843434572219849,0.7171995639801025,0.8083671927452087,0.7989276647567749,0.6739974617958069,0.7047925591468811,0.9129804372787476,0.6973859071731567,0.9784556031227112,0.9261630773544312,0.696585476398468,0.9919970035552979,1.034996509552002,1.0142143964767456,1.0167144536972046,1.0323524475097656,0.9746248722076416,1.0071512460708618,1.0494341850280762,1.029433012008667,1.0446734428405762,0.8997364044189453,0.9732950925827026,1.0093051195144653,1.0329707860946655,0.960736095905304,1.0039170980453491,0.9438635110855103,0.9192358255386353,0.9715669751167297,0.9563746452331543,0.9738473892211914,1.0318577289581299,0.9903578162193298,0.957075834274292,0.9859779477119446,1.0287894010543823,0.980621337890625,1.0210213661193848,1.004937767982483,1.0219879150390625,0.9414553046226501,1.0134615898132324,1.033118724822998,0.9797124266624451,1.0266691446304321,1.0416452884674072,1.0070393085479736,0.9449079036712646,1.0229520797729492,0.947370171546936,1.0202025175094604,0.9871784448623657,1.0344356298446655,0.7827876806259155,0.8255196213722229,1.0912567377090454,0.9454183578491211,0.9291290640830994,0.9378477931022644,1.0397722721099854,1.0016443729400635,0.9667485356330872,0.9267229437828064,,0.9391036033630371,0.950149416923523,0.9644203782081604,1.0152385234832764,1.0582847595214844,0.9960935115814209,0.9544141888618469,0.978635847568512,1.0205905437469482,0.9734922051429749,1.0458338260650635,1.0372267961502075,,0.951199471950531,0.9354973435401917,0.9128424525260925,0.9275032877922058,0.9915397763252258,0.9609627723693848,0.9723473787307739,0.9956473112106323,0.9700996279716492,0.9264001846313477,0.9908869862556458,0.9970022439956665,0.9734523892402649,1.0405776500701904,1.0228707790374756,0.9914670586585999,0.9810854196548462,1.004106044769287,0.9990150928497314,1.0126597881317139,0.9717824459075928,0.9588807821273804,0.9640694260597229,0.9204919934272766,0.9334641695022583,0.9796450138092041,0.8742660880088806,0.9797208905220032,0.9069993495941162,,1.0151033401489258,1.0531964302062988,,1.0573046207427979,0.918298065662384,0.9757555723190308,,0.9837473034858704,,,1.0010355710983276,,0.9943909645080566,1.004000186920166,0.9701151847839355,0.9309094548225403,0.981284499168396,0.9273165464401245,0.9139453172683716,0.9881213307380676,1.0177944898605347,1.0064678192138672,0.9912081360816956,0.9014848470687866,0.8941383957862854,0.9748631715774536,0.9235609173774719,0.9509594440460205,0.9420701861381531,0.9749774932861328,0.9777568578720093,0.9614381790161133,1.0109143257141113,0.984301745891571,1.0223318338394165,1.0691903829574585,1.0130044221878052,1.0589895248413086,1.0076428651809692,1.0259945392608643,1.0357122421264648,1.0566476583480835,1.0723788738250732,1.1051886081695557,1.068760871887207,0.8760964274406433,
giraffe,0.393998384475708,0.0,0.2926551103591919,0.5928213000297546,0.5405376553535461,0.7752152681350708,0.7072054147720337,0.8213837742805481,0.6795579195022583,0.6893909573554993,0.8532886505126953,0.8653877377510071,0.7078071236610413,0.7740002274513245,0.9198980927467346,0.7528811693191528,0.9527572989463806,0.974584698677063,0.7702299952507019,1.0131324529647827,1.0502593517303467,1.0020705461502075,1.018726110458374,1.0401028394699097,0.9861815571784973,0.9845111966133118,1.0781803131103516,1.070942997932434,1.0458407402038574,0.9080483913421631,1.0085842609405518,1.0531001091003418,1.07491934299469,0.940939724445343,0.9413593411445618,0.918495774269104,0.9684267640113831,0.9670872092247009,0.9386399388313293,0.9772754311561584,1.045310616493225,0.9948006272315979,0.9683485627174377,1.001009464263916,1.0318551063537598,0.9777676463127136,0.9968294501304626,1.0021190643310547,1.0009809732437134,0.9323633313179016,0.9921082854270935,1.0239251852035522,0.9444607496261597,1.0151095390319824,1.0782718658447266,0.9938438534736633,0.941895604133606,1.017459511756897,0.9612387418746948,0.9793015718460083,0.9639754295349121,1.0051121711730957,0.8056017160415649,0.8338447213172913,1.083085060119629,0.9198790788650513,0.9497309327125549,0.9543983340263367,1.0257620811462402,1.0281132459640503,0.9796685576438904,0.9645102024078369,,0.9542686343193054,1.0348492860794067,1.0450489521026611,1.0726343393325806,1.0851517915725708,0.9902242422103882,0.9696906805038452,1.0023359060287476,0.9858362674713135,0.954610288143158,1.0390712022781372,1.0212996006011963,,1.0336354970932007,0.8965188264846802,0.947012186050415,0.9500548243522644,0.9892989993095398,0.9397032260894775,0.9464921355247498,1.009922981262207,0.9953089356422424,0.970738410949707,1.0345865488052368,1.0084749460220337,1.0107316970825195,1.0410223007202148,1.0913758277893066,0.9624077081680298,0.952488899230957,0.9788985848426819,0.9731343388557434,1.0149600505828857,0.9538272619247437,0.9777162671089172,0.9403737187385559,0.9381384253501892,0.9944093823432922,0.9648889899253845,0.9408171772956848,0.9870468378067017,0.9288777112960815,,0.965264081954956,1.0358502864837646,,1.0281455516815186,0.959604799747467,0.9591226577758789,,1.0145617723464966,,,0.9927876591682434,,0.9994167685508728,1.0322086811065674,0.9529625773429871,0.9173925518989563,0.9521663188934326,0.8903188705444336,0.9066311120986938,0.9717399477958679,1.0950933694839478,0.9883871674537659,0.9785100817680359,0.8923169374465942,0.9249792098999023,1.0220775604248047,1.0166232585906982,1.0146758556365967,1.0120491981506348,0.9888520240783691,0.9788377285003662,1.0306280851364136,1.063064694404602,0.9834771752357483,1.0203264951705933,1.052228569984436,1.0191916227340698,1.0446100234985352,0.9419829249382019,0.9998775124549866,1.0129989385604858,1.037989616394043,1.048852801322937,1.0832788944244385,1.0627813339233398,0.9502211809158325,
deer,0.42014116048812866,0.2926551103591919,0.0,0.2958559989929199,0.3250199556350708,0.5536743402481079,0.49752020835876465,0.7100030779838562,0.4861709475517273,0.6347601413726807,0.6831561326980591,0.7632946968078613,0.5636153221130371,0.6436034440994263,0.9642647504806519,0.5868619680404663,0.832857608795166,0.9571168422698975,0.6385568380355835,1.05423104763031,1.095851182937622,1.1043092012405396,1.1080951690673828,1.1292815208435059,0.993337869644165,1.0146524906158447,1.0846810340881348,1.05018949508667,1.0406500101089478,0.8348163366317749,1.0089443922042847,1.0532597303390503,1.067151665687561,0.9515988826751709,0.9376891851425171,0.8844420313835144,0.9137290716171265,0.9517837762832642,0.9463390111923218,0.972054660320282,1.05274498462677,1.0272104740142822,0.9621845483779907,1.0153779983520508,1.0522267818450928,0.9959843158721924,1.0319373607635498,1.0129252672195435,1.0094244480133057,1.0137211084365845,1.0556522607803345,1.0413626432418823,1.0245306491851807,1.0829912424087524,1.075464129447937,1.0466694831848145,0.9955183267593384,1.023481011390686,0.9876585006713867,0.9635469913482666,0.9625886082649231,1.0412770509719849,0.7435986399650574,0.8019709587097168,1.1090775728225708,0.9113047122955322,0.9649607539176941,0.9869336485862732,0.9681788682937622,0.9979379773139954,0.9253489971160889,0.9052029848098755,,0.8716761469841003,0.9928938746452332,0.9960062503814697,1.0393491983413696,1.0618051290512085,0.962032675743103,0.9512031078338623,0.9611195921897888,0.9838881492614746,0.9610713720321655,1.0638277530670166,1.01877760887146,,0.9194564819335938,0.9079453945159912,0.8969498872756958,0.9176819324493408,0.9689936637878418,0.9467161893844604,0.9307689070701599,0.9893540143966675,0.9346729516983032,0.8970442414283752,0.9986798167228699,1.0091160535812378,1.0099413394927979,1.044070839881897,1.0760897397994995,0.9451935887336731,0.9905124306678772,1.0128289461135864,1.019716501235962,1.0231192111968994,0.9994687438011169,0.9797459840774536,0.9716812372207642,0.9198399186134338,0.9682174921035767,0.9570374488830566,0.9354707598686218,0.9858503341674805,0.8701696991920471,,1.0158554315567017,1.064357042312622,,1.0857391357421875,0.9406798481941223,0.9528904557228088,,1.0577797889709473,,,1.0049078464508057,,1.0060917139053345,1.0185681581497192,0.9504493474960327,0.9734099507331848,0.9867618083953857,0.94198077917099,0.9708830714225769,1.0304316282272339,1.0786182880401611,1.0671131610870361,1.0427277088165283,0.9538208246231079,0.9005658626556396,1.0791562795639038,1.0428571701049805,1.0260627269744873,0.9912772178649902,0.9629598259925842,1.0199081897735596,1.0299115180969238,1.0710192918777466,1.0712051391601562,1.022965431213379,1.1269474029541016,1.0669814348220825,1.0465915203094482,0.991304337978363,1.0126781463623047,1.052087426185608,1.0864157676696777,1.096954107284546,1.1206669807434082,1.0763747692108154,0.9167935252189636,
pony,0.542323648929596,0.5928213000297546,0.2958559989929199,0.0,0.22607100009918213,0.4445919394493103,0.48602592945098877,0.676637589931488,0.4497777223587036,0.6508534550666809,0.6353986859321594,0.7716942429542542,0.4659547805786133,0.5805206298828125,0.8454055786132812,0.5422475337982178,0.7429124116897583,0.8308312892913818,0.3669516444206238,1.0380778312683105,1.1265966892242432,1.1547056436538696,1.1151803731918335,1.1527916193008423,0.953998327255249,1.0231379270553589,1.0821945667266846,1.0186470746994019,0.9796212315559387,0.8667466640472412,0.9470282793045044,1.0117107629776,1.0581649541854858,0.9795497059822083,0.9654028415679932,0.871375322341919,0.8901147246360779,0.9046127200126648,0.9247094988822937,1.0583553314208984,1.0766719579696655,1.0143598318099976,1.0258405208587646,1.0326895713806152,1.0934942960739136,1.0596452951431274,1.050866961479187,1.0933693647384644,1.087162971496582,1.040665626525879,1.057976245880127,1.0436999797821045,1.0479422807693481,1.076922059059143,1.0730679035186768,0.9554266929626465,0.9705615043640137,0.9686349630355835,0.9586453437805176,0.9906051754951477,0.937609076499939,1.0819365978240967,0.6841896176338196,0.800117015838623,1.1565392017364502,0.8824098706245422,0.9359669089317322,0.9598343372344971,1.002870798110962,0.9336336255073547,0.9190672636032104,0.8599801659584045,,0.8470045328140259,0.9543107748031616,0.9505239725112915,0.9917891025543213,1.0190349817276,0.9490289688110352,0.9826713800430298,0.9644036293029785,0.9682771563529968,1.015988826751709,1.1001746654510498,1.043655514717102,,0.9382182955741882,0.8868169784545898,0.8917436599731445,0.9384299516677856,1.010775089263916,0.9631429314613342,0.9473835229873657,0.9425264000892639,0.9497299194335938,0.898168683052063,1.0009042024612427,1.0036391019821167,0.9668452739715576,1.0718709230422974,1.0213720798492432,0.932964026927948,0.9947586059570312,1.051088809967041,1.019059419631958,1.0480115413665771,0.9678228497505188,0.9349229335784912,0.9367634654045105,0.8962900042533875,0.9107196927070618,0.9431532025337219,0.9049592614173889,0.9864449501037598,0.8324205875396729,,1.0479576587677002,1.0787121057510376,,1.0935379266738892,0.9180775284767151,0.9210655093193054,,0.9762172102928162,,,1.003074049949646,,1.01381516456604,1.0306353569030762,0.931723415851593,0.9446470141410828,0.9664552211761475,0.927478015422821,0.964643657207489,1.0071324110031128,1.1219215393066406,1.0781264305114746,0.9950861930847168,0.8755910992622375,0.7609526515007019,1.0243033170700073,1.0229064226150513,1.015219807624817,0.9555656313896179,1.005488395690918,1.0008131265640259,0.9876843690872192,1.0334296226501465,1.0948753356933594,1.0436367988586426,1.1644631624221802,1.0809128284454346,1.0911147594451904,1.0069493055343628,1.0243340730667114,1.080145001411438,1.139877438545227,1.1503596305847168,1.1535882949829102,1.1109378337860107,0.9083932638168335,
horse,0.49911344051361084,0.5405376553535461,0.3250199556350708,0.22607100009918213,0.0,0.47888779640197754,0.4819856882095337,0.7313393354415894,0.46604853868484497,0.6709287166595459,0.677269458770752,0.7660602331161499,0.47204411029815674,0.5638407468795776,0.8866579532623291,0.5026868581771851,0.7496922016143799,0.8318991661071777,0.46739643812179565,1.0383800268173218,1.1102888584136963,1.1254559755325317,1.1130958795547485,1.1319997310638428,0.9994165897369385,1.0443975925445557,1.0771458148956299,1.074752926826477,1.0146610736846924,0.8153127431869507,0.9799543023109436,1.0505805015563965,1.076694130897522,0.9678374528884888,0.9854205846786499,0.8590217232704163,0.8939265012741089,0.8421121835708618,0.9857038855552673,1.0292932987213135,1.0538713932037354,0.9948596358299255,0.9925347566604614,0.9758567214012146,1.0408118963241577,0.9893640875816345,1.0312474966049194,1.0474120378494263,1.0344643592834473,1.0008021593093872,1.0522336959838867,1.0571175813674927,1.0201096534729004,1.0844060182571411,1.0703978538513184,0.9707366228103638,0.9512114524841309,0.988208532333374,0.9626783728599548,0.9962207078933716,0.8711861968040466,1.0404601097106934,0.6656640768051147,0.8079186081886292,1.1440283060073853,0.9398878812789917,0.9656420946121216,1.0054142475128174,0.9899374842643738,0.9914118051528931,0.9491085410118103,0.8969030380249023,,0.8631882071495056,0.9501984119415283,1.0035415887832642,1.003722906112671,1.0575816631317139,0.9787222743034363,0.9691407680511475,0.9620823860168457,1.0180717706680298,1.0110256671905518,1.071381688117981,1.065384030342102,,0.9296864867210388,0.8990947008132935,0.9602395296096802,0.9958998560905457,1.0400035381317139,0.9852392673492432,0.9883317947387695,0.9722335338592529,0.9489476084709167,0.9052098989486694,1.0376259088516235,1.0258508920669556,1.0039653778076172,1.0892035961151123,1.0001721382141113,0.9153215885162354,0.972828209400177,1.0313231945037842,1.0205950736999512,1.064913034439087,1.0218960046768188,0.9703223705291748,0.9684420228004456,0.9120244383811951,0.9472482204437256,0.9490793943405151,0.866392970085144,0.9410556554794312,0.8252764940261841,,0.9581647515296936,0.975499153137207,,1.0661861896514893,0.8873111009597778,0.8818368315696716,,0.9841803312301636,,,0.9909591674804688,,1.0074687004089355,1.0249813795089722,0.9094228744506836,0.9236367344856262,0.9169374704360962,0.8335728645324707,0.9024089574813843,0.9497292041778564,1.1153509616851807,1.088858962059021,1.015529751777649,0.8944557905197144,0.7931362390518188,0.9826555252075195,1.0066255331039429,1.024975299835205,0.9899577498435974,0.9883330464363098,1.032564640045166,1.0015884637832642,1.0557551383972168,1.0474927425384521,1.0400550365447998,1.1626148223876953,1.0464218854904175,1.0724955797195435,0.9599133133888245,1.007717251777649,1.09413480758667,1.1317919492721558,1.1602203845977783,1.1596662998199463,1.1170592308044434,0.8947099447250366,
pig,0.7361705303192139,0.7752152681350708,0.5536743402481079,0.4445919394493103,0.47888779640197754,0.0,0.6477435827255249,0.631560206413269,0.6357801556587219,0.7654596567153931,0.7427805662155151,0.903997540473938,0.6911041736602783,0.7554848790168762,0.8531957268714905,0.290463387966156,0.3510269522666931,0.7516108155250549,0.5427619218826294,1.0383661985397339,1.0390805006027222,1.0907341241836548,1.09376060962677,1.1043736934661865,1.0059404373168945,1.0270224809646606,1.088125228881836,1.0420525074005127,1.0288805961608887,0.7145038843154907,1.0321557521820068,1.0799639225006104,1.0449490547180176,0.9708707928657532,0.9913694262504578,0.9155935645103455,0.9067162275314331,0.9146031141281128,1.0328160524368286,1.0222663879394531,0.9997285604476929,0.9821889400482178,0.9734989404678345,0.9791364073753357,1.0017496347427368,0.9912550449371338,0.9781991839408875,1.0143548250198364,0.9889452457427979,0.9750810265541077,1.0223243236541748,1.0156275033950806,1.0338248014450073,1.052478313446045,1.0460070371627808,0.9755873084068298,0.9811699986457825,1.0182925462722778,0.9596470594406128,0.9582635760307312,0.961131751537323,1.0029293298721313,0.7099364995956421,0.9044111371040344,1.0973255634307861,0.9606283903121948,1.0098741054534912,1.049453616142273,0.987557590007782,1.0055423974990845,0.9618317484855652,0.9114252924919128,,0.8772158622741699,0.9965639710426331,1.0367578268051147,1.0645525455474854,1.056739091873169,0.9788963198661804,0.9908857345581055,0.9777883887290955,0.9964841604232788,1.060120940208435,1.0825598239898682,1.0723607540130615,,1.010318636894226,0.9791551828384399,0.9577957391738892,1.027474284172058,1.0170032978057861,1.0320141315460205,1.0659973621368408,1.0381137132644653,0.9702975749969482,0.9358964562416077,1.078564167022705,1.0457816123962402,1.029180645942688,1.0681790113449097,1.0444552898406982,0.9543294906616211,0.975644588470459,1.0048567056655884,0.9796431064605713,1.0344603061676025,1.0447221994400024,0.9859263300895691,0.9905773401260376,0.913013756275177,0.9756630659103394,0.9433579444885254,0.941684365272522,0.95613694190979,0.8767902851104736,,0.9988456964492798,1.036482810974121,,1.0546523332595825,0.9407953023910522,0.8897793292999268,,0.939312219619751,,,0.9778658747673035,,0.9738843441009521,1.006420373916626,0.9753636121749878,0.9316855669021606,0.9926867485046387,1.0034708976745605,1.0025501251220703,0.9854089021682739,1.0759294033050537,1.0962798595428467,1.055941104888916,0.9513963460922241,0.87425696849823,1.0210988521575928,1.0192216634750366,1.0421651601791382,1.0186033248901367,1.02284574508667,0.9963564276695251,1.0034993886947632,1.035019040107727,1.033295750617981,1.023392677307129,1.115425705909729,1.0503804683685303,0.9995456337928772,0.9698184132575989,0.9587090611457825,1.0367692708969116,1.0516412258148193,1.071000576019287,1.0426591634750366,1.0521795749664307,0.8981240391731262,
rooster,0.6879770755767822,0.7072054147720337,0.49752020835876465,0.48602592945098877,0.4819856882095337,0.6477435827255249,0.0,0.7303555011749268,0.3623405694961548,0.4195091724395752,0.633703351020813,0.7615792155265808,0.4830560088157654,0.6488730907440186,0.7783541083335876,0.7489180564880371,0.804800271987915,0.7660279273986816,0.5139226913452148,1.0314099788665771,1.0716025829315186,1.1300673484802246,1.093910813331604,1.1373004913330078,1.0055265426635742,1.0734580755233765,1.0898783206939697,1.0557031631469727,1.05356764793396,0.9420203566551208,0.9974373579025269,1.0221151113510132,1.1084524393081665,0.9644522666931152,0.9233173131942749,0.908004641532898,0.919123113155365,0.8904159665107727,1.0079281330108643,0.9912283420562744,1.0132278203964233,1.0736260414123535,1.0022406578063965,0.9776221513748169,1.049816370010376,1.0186630487442017,1.0240581035614014,1.070959448814392,1.0686122179031372,1.0426093339920044,1.068375587463379,1.0539664030075073,1.017192006111145,1.103912353515625,1.1017897129058838,1.0184197425842285,1.011797547340393,0.9992278814315796,0.9915828704833984,0.927797794342041,0.9342162609100342,0.9881178736686707,0.7353636026382446,0.8232240676879883,1.0983134508132935,0.953514039516449,0.9684821963310242,1.0023972988128662,0.8887180089950562,0.9822701811790466,0.9063668251037598,0.8940147161483765,,0.8169107437133789,0.9117181897163391,0.9611270427703857,1.0337774753570557,1.0421521663665771,0.9653744697570801,1.0400928258895874,1.0286515951156616,0.9847598671913147,1.000770092010498,1.0818873643875122,1.073631763458252,,0.8823440074920654,0.8850773572921753,0.9334279298782349,0.9818115830421448,1.0338168144226074,1.0152766704559326,0.9753816723823547,1.0083351135253906,0.8752127289772034,0.8233305811882019,0.9921253323554993,1.0449026823043823,1.0378910303115845,1.0920158624649048,1.01971435546875,0.9495257139205933,0.9460986256599426,1.0627825260162354,1.0479979515075684,1.0786919593811035,1.0793554782867432,0.9944047927856445,0.9540629982948303,0.964391827583313,0.9854063391685486,0.9007083773612976,0.9031122326850891,0.941697359085083,0.866462230682373,,0.9143140316009521,1.0062352418899536,,1.0019277334213257,0.9097614884376526,0.8183422088623047,,0.9411786794662476,,,1.0084989070892334,,1.0676159858703613,1.1026735305786133,0.9518417119979858,0.9172472357749939,0.9051772356033325,0.8623000383377075,0.8791708946228027,1.0269883871078491,1.066893219947815,1.0603440999984741,1.033901333808899,0.9312660694122314,0.6870611906051636,0.9038886427879333,0.9678465127944946,1.013354778289795,0.9605541825294495,0.9390605092048645,1.032070517539978,1.0256201028823853,1.044460415840149,1.0647294521331787,0.9968907237052917,1.0951935052871704,1.002852439880371,0.9594777226448059,0.9606609344482422,0.9608203172683716,1.024327039718628,1.0591542720794678,1.0722625255584717,1.0724506378173828,1.0870885848999023,0.9695771932601929,
penguin,0.8181309700012207,0.8213837742805481,0.7100030779838562,0.676637589931488,0.7313393354415894,0.631560206413269,0.7303555011749268,0.0,0.6093200445175171,0.7431089282035828,0.6150087118148804,0.9217680096626282,0.7221401929855347,0.8838765621185303,0.8408679366111755,0.7395806908607483,0.7592930197715759,0.865231454372406,0.7119193077087402,1.0310680866241455,1.0944709777832031,1.1527444124221802,1.0380582809448242,1.1027776002883911,0.8097422122955322,0.8471728563308716,0.989267885684967,0.7824037075042725,0.9606138467788696,0.9258915781974792,0.8943808078765869,1.0121312141418457,1.1273434162139893,1.0174839496612549,1.0136470794677734,0.8809051513671875,0.8821501135826111,0.9554212689399719,0.855924129486084,0.9930933117866516,1.080270528793335,1.077413558959961,1.0592786073684692,1.0551033020019531,1.1111680269241333,1.0478379726409912,1.0347644090652466,1.0778484344482422,1.0638166666030884,1.078460693359375,1.069032907485962,1.065111756324768,1.1003824472427368,1.0932422876358032,0.9824915528297424,0.9801977872848511,1.0396931171417236,1.0446646213531494,0.9944303035736084,0.992746889591217,1.0170388221740723,1.1397854089736938,0.7412232756614685,0.9438755512237549,1.1676298379898071,0.8503247499465942,0.8773878812789917,0.7975816130638123,0.9376593232154846,0.7941070795059204,0.832932710647583,0.820104718208313,,0.8309513330459595,0.8219509124755859,0.8137090802192688,0.920695424079895,0.9469950795173645,0.8809912800788879,0.9931950569152832,0.953288733959198,0.9120893478393555,1.0477216243743896,1.1217265129089355,1.0662734508514404,,0.9804632663726807,0.9654290080070496,0.8723801970481873,0.9406237006187439,1.0096834897994995,0.9818664193153381,0.9832847118377686,0.9451878070831299,1.0552729368209839,0.9983389973640442,0.9407871961593628,0.9287401437759399,0.8485785722732544,0.9098862409591675,0.869422197341919,0.9346547722816467,0.9548038840293884,0.9668137431144714,0.9583588242530823,0.8948435187339783,0.8633278608322144,0.8934595584869385,0.9012704491615295,0.7871630191802979,0.8391402959823608,0.8921324014663696,0.9774049520492554,0.9091492295265198,0.7975598573684692,,0.9963774681091309,1.0254143476486206,,0.9101929664611816,0.9711918830871582,0.9148807525634766,,0.9385574460029602,,,0.9951565265655518,,1.054701805114746,0.9866237044334412,1.0192985534667969,1.02509605884552,1.0179269313812256,1.0127216577529907,1.0055444240570068,0.99881511926651,1.124352216720581,1.1066471338272095,0.935727059841156,0.97705078125,0.8634834885597229,0.8572463989257812,0.854977548122406,0.8793784976005554,0.8414417505264282,0.9565565586090088,0.934484601020813,0.7393344044685364,0.79781174659729,1.0369725227355957,0.991852343082428,1.0085831880569458,1.0112853050231934,1.035895824432373,0.921689510345459,1.0193768739700317,1.0899834632873535,1.0956858396530151,1.0753110647201538,1.0950287580490112,1.085492730140686,0.9167017936706543,
bird,0.6843434572219849,0.6795579195022583,0.4861709475517273,0.4497777223587036,0.46604853868484497,0.6357801556587219,0.3623405694961548,0.6093200445175171,0.0,0.29815196990966797,0.5163024663925171,0.7904749512672424,0.48327404260635376,0.6719211935997009,0.7840449810028076,0.7514814734458923,0.781833291053772,0.8661097288131714,0.5775785446166992,1.0818159580230713,1.171323537826538,1.1930159330368042,1.1268314123153687,1.1198546886444092,0.9498155117034912,1.0022021532058716,1.0076236724853516,0.9874158501625061,0.9734055399894714,0.95639568567276,0.8678790926933289,0.9999597072601318,1.103012204170227,0.9837234616279602,0.9699580669403076,0.8636377453804016,0.8458055257797241,0.9096246957778931,0.8630146980285645,1.0259720087051392,1.1198147535324097,1.0320833921432495,1.027505874633789,1.0620321035385132,1.150635838508606,1.045483946800232,1.080865740776062,1.1255489587783813,1.104465126991272,1.0699961185455322,1.1193245649337769,1.1034263372421265,1.0992093086242676,1.1497857570648193,1.047448754310608,0.9473422765731812,1.0261579751968384,1.0244975090026855,1.0202090740203857,0.9880161881446838,0.9111097455024719,1.106316089630127,0.7192960977554321,0.8460326194763184,1.190716028213501,0.825282633304596,0.9044438600540161,0.9076350331306458,0.9231734871864319,0.8761337995529175,0.8337558507919312,0.7926748991012573,,0.802876353263855,0.8729122281074524,0.8488271236419678,0.8917271494865417,0.9114741683006287,0.8540549874305725,0.974587619304657,0.9797304272651672,0.9478943347930908,1.0676119327545166,1.132986307144165,1.097528338432312,,0.8547161817550659,0.9151400327682495,0.8685343265533447,0.8864286541938782,1.0248812437057495,0.9007899761199951,0.8466567993164062,0.8315845727920532,0.9401682615280151,0.8895866274833679,0.8412349820137024,0.9178920388221741,0.8995014429092407,1.0375699996948242,0.9137715697288513,0.9159526228904724,0.9359191060066223,1.072177529335022,1.0108678340911865,1.0335397720336914,0.945968508720398,0.8968998789787292,0.9054012298583984,0.8962452411651611,0.9114376902580261,0.9073554873466492,0.933326780796051,0.9617477059364319,0.7823737859725952,,0.9702590703964233,1.0204391479492188,,1.0270551443099976,0.9750733375549316,0.8908067941665649,,1.0107651948928833,,,0.9860710501670837,,1.106469750404358,1.025947093963623,0.9478484392166138,0.9940506815910339,1.0088049173355103,0.9426413178443909,0.9903251528739929,1.0125490427017212,1.0680643320083618,1.139009952545166,1.00765860080719,0.8988765478134155,0.8595438003540039,1.017861247062683,0.9979022145271301,1.0278778076171875,0.9178668260574341,0.9767717123031616,1.0133298635482788,0.9395912885665894,0.9897390604019165,1.1253314018249512,1.0346990823745728,1.1683307886123657,1.117619514465332,1.1287599802017212,0.9497476816177368,1.0503737926483154,1.1538934707641602,1.1823160648345947,1.1789456605911255,1.1728307008743286,1.1068021059036255,0.8754239678382874,
duck,0.7171995639801025,0.6893909573554993,0.6347601413726807,0.6508534550666809,0.6709287166595459,0.7654596567153931,0.4195091724395752,0.7431089282035828,0.29815196990966797,0.0,0.7283867597579956,0.9294961094856262,0.6997039318084717,0.8412293791770935,0.7640505433082581,0.798904538154602,0.8884235620498657,0.8968242406845093,0.7144549489021301,1.0568480491638184,1.1298174858093262,1.0696772336959839,1.0485366582870483,1.0217783451080322,0.8612759113311768,0.9477694630622864,1.0188677310943604,0.9507907032966614,1.0473828315734863,0.9229605197906494,0.9984658360481262,0.9813128113746643,1.0483959913253784,0.9569607973098755,0.9634561538696289,0.858234167098999,0.8919074535369873,0.9462836980819702,0.9305891990661621,1.0120570659637451,1.056839108467102,1.010506510734558,1.0271650552749634,1.025877594947815,1.1024692058563232,1.035040259361267,1.0543584823608398,1.1149241924285889,1.086824655532837,0.9886414408683777,1.042683720588684,1.041436791419983,1.0236657857894897,1.0738048553466797,1.0651651620864868,0.9632864594459534,0.9886115789413452,1.0427013635635376,0.9727625846862793,0.9718315005302429,0.8974227905273438,1.0422056913375854,0.7982587814331055,0.9031451344490051,1.135544776916504,0.8718757629394531,0.9236820936203003,0.9125703573226929,0.9236587882041931,0.9190149307250977,0.9120400547981262,0.8711714744567871,,0.8356845378875732,1.0074427127838135,0.9063624143600464,1.041093111038208,0.9873172640800476,0.8994805216789246,1.013001799583435,1.0299384593963623,0.9637787938117981,1.0556883811950684,1.1135129928588867,1.0784136056900024,,0.96128249168396,0.966343343257904,0.9218999147415161,0.9460577964782715,1.011414885520935,1.0110957622528076,0.983430802822113,0.9742507338523865,0.9743226170539856,0.9280902743339539,0.9372988343238831,1.0121333599090576,0.9642869830131531,1.0848339796066284,1.0240384340286255,0.9510146379470825,0.8982763886451721,1.070420742034912,0.9992592334747314,1.0686371326446533,0.987245500087738,0.9265239238739014,0.9083379507064819,0.8995970487594604,0.9229118824005127,0.9576443433761597,0.8955733776092529,0.9422651529312134,0.8362396359443665,,0.9401190876960754,0.9872148036956787,,0.9575955271720886,0.985258936882019,0.9016941785812378,,0.9183664321899414,,,0.9963327050209045,,1.046616554260254,1.0733468532562256,0.9486294984817505,0.9722360372543335,0.9754447340965271,0.9628223776817322,0.9774706363677979,0.943307638168335,1.018674612045288,1.078810453414917,0.958504855632782,0.9075245261192322,0.8640791177749634,0.9579051733016968,0.9951537847518921,0.9866625070571899,0.9042513370513916,0.9547472596168518,0.9983547329902649,0.9979022145271301,1.009390115737915,1.0430673360824585,0.9847604632377625,1.0650142431259155,1.028373122215271,1.105367660522461,0.9248602986335754,1.0170835256576538,1.039886474609375,1.084135890007019,1.089319109916687,1.0814954042434692,1.0339041948318481,0.9304928183555603,
fish,0.8083671927452087,0.8532886505126953,0.6831561326980591,0.6353986859321594,0.677269458770752,0.7427805662155151,0.633703351020813,0.6150087118148804,0.5163024663925171,0.7283867597579956,0.0,0.5145727396011353,0.5205532908439636,0.7203962802886963,0.8890963792800903,0.8391503095626831,0.8487850427627563,0.9133583307266235,0.7932395935058594,1.0329588651657104,1.0579235553741455,1.215701937675476,1.0966225862503052,1.123194694519043,0.9740128517150879,0.883856475353241,0.8626837134361267,0.7896747589111328,0.818959653377533,0.8918928503990173,0.7332946062088013,0.7925060987472534,1.0988855361938477,1.1669862270355225,1.1124812364578247,1.0288788080215454,0.9514716267585754,0.8532516956329346,0.7451781034469604,1.0998947620391846,1.154307246208191,1.0921474695205688,1.1518816947937012,0.9973589777946472,1.1121948957443237,1.1091331243515015,1.0965272188186646,1.1354811191558838,1.1060965061187744,1.2381982803344727,1.2297059297561646,1.2008740901947021,1.2415293455123901,1.169740080833435,0.8346182107925415,0.819298267364502,1.165062427520752,1.0448825359344482,1.0898686647415161,1.1136373281478882,0.9891409873962402,1.1304104328155518,0.8402009010314941,0.841785728931427,1.2041945457458496,0.7415789365768433,0.8523331880569458,0.7867897152900696,0.8680868148803711,0.73273766040802,0.6939470767974854,0.6702573299407959,,0.7765438556671143,0.7171462774276733,0.7016623020172119,0.7152045965194702,0.6994353532791138,0.7651177048683167,0.9153498411178589,0.8575741052627563,0.8891441822052002,1.0958468914031982,1.0900617837905884,1.0598652362823486,,0.8586455583572388,1.004817247390747,0.8091029524803162,0.8423440456390381,0.9218481779098511,0.8868036270141602,0.8023540377616882,0.6613051891326904,0.8335921764373779,0.7997153997421265,0.713503360748291,0.8193244934082031,0.7673392295837402,0.9138970375061035,0.6543649435043335,0.9087303280830383,1.043957233428955,1.0793704986572266,1.0219064950942993,0.8960756063461304,0.9055989980697632,0.8174306750297546,0.8983058333396912,0.8459345102310181,0.7927363514900208,0.8778508305549622,0.9044922590255737,0.9148542284965515,0.7602261304855347,,0.9785459637641907,1.0478417873382568,,1.0451773405075073,0.9811820983886719,0.9444448947906494,,1.041826844215393,,,0.9701688885688782,,1.148830533027649,0.9635984897613525,0.9899240732192993,1.1696267127990723,1.1241002082824707,1.0370310544967651,1.0538065433502197,1.0163103342056274,1.0440577268600464,1.1516098976135254,0.9380173087120056,1.0815024375915527,0.9457504749298096,1.045370101928711,0.8925322890281677,1.0036665201187134,0.9540162086486816,1.06050705909729,0.9006126523017883,0.8153825402259827,0.8413380980491638,1.2061952352523804,1.0911791324615479,1.116568684577942,1.1075772047042847,1.0634853839874268,1.029344081878662,1.097229242324829,1.1845775842666626,1.1693421602249146,1.161288857460022,1.1850136518478394,1.1025831699371338,0.8112345933914185,
butterfly,0.7989276647567749,0.8653877377510071,0.7632946968078613,0.7716942429542542,0.7660602331161499,0.903997540473938,0.7615792155265808,0.9217680096626282,0.7904749512672424,0.9294961094856262,0.5145727396011353,0.0,0.5405778884887695,0.6715653538703918,0.9782277941703796,0.9071846008300781,0.9754311442375183,0.9862791895866394,0.8871103525161743,0.9955675601959229,1.0030337572097778,1.0808559656143188,1.0128448009490967,1.051226019859314,1.0894700288772583,1.052428960800171,0.9680541753768921,1.0098639726638794,1.0302578210830688,0.9990798234939575,0.9616826772689819,1.0160901546478271,1.0800927877426147,1.0809869766235352,1.0492639541625977,1.0008131265640259,0.9980130195617676,0.8925550580024719,0.8761582970619202,1.0835318565368652,1.0081679821014404,1.0550962686538696,1.0432024002075195,0.934631884098053,0.9825120568275452,1.009073257446289,1.0433043241500854,1.039933443069458,1.0477278232574463,1.1194361448287964,1.094886064529419,1.0623579025268555,1.1074566841125488,1.0691008567810059,0.9893439412117004,1.0091582536697388,1.093367338180542,0.9387105703353882,1.1107410192489624,1.030385971069336,0.9680215716362,0.99370276927948,0.8888866901397705,0.7476877570152283,1.1179511547088623,0.9410548210144043,0.9702184796333313,0.9586914777755737,0.8845010995864868,0.9509548544883728,0.9153584241867065,0.8733036518096924,,0.8321393132209778,0.9727699756622314,1.0009702444076538,0.9686498045921326,1.0184402465820312,0.9622304439544678,0.9641966223716736,0.9392049312591553,0.9666727781295776,0.93328458070755,0.9599987864494324,0.9349694848060608,,0.9211392998695374,0.7831642031669617,0.8956959843635559,0.8891953229904175,0.9077713489532471,0.8590271472930908,0.8253350257873535,0.8733450174331665,0.7324440479278564,0.719102144241333,0.9186289310455322,0.9966945648193359,1.0055572986602783,1.0066450834274292,0.9145371317863464,0.9570083618164062,1.0145618915557861,1.0036808252334595,0.9571378231048584,0.9935388565063477,1.0918771028518677,0.9875118732452393,0.9732910990715027,0.8682130575180054,0.9296138882637024,0.9887616634368896,0.8605676889419556,0.9758756756782532,0.9335932731628418,,0.939460039138794,1.0720068216323853,,1.1246297359466553,0.9334300756454468,0.9928381443023682,,1.0255435705184937,,,1.0224695205688477,,1.0640088319778442,1.0057837963104248,0.9265602231025696,1.023941159248352,0.9680602550506592,0.8834625482559204,0.8877365589141846,1.013213038444519,1.0225512981414795,0.9928085803985596,1.018385410308838,1.0781736373901367,0.9325845837593079,1.0688105821609497,0.9894341826438904,1.032822608947754,1.0382068157196045,0.8841602206230164,0.9101659059524536,1.0098649263381958,0.9974809288978577,1.0658766031265259,1.0604708194732666,1.082836389541626,1.0067698955535889,0.9771815538406372,0.9898980259895325,1.0738171339035034,1.0990729331970215,1.1067554950714111,1.091141939163208,1.078762412071228,1.0939085483551025,0.9087619781494141,
frog,0.6739974617958069,0.7078071236610413,0.5636153221130371,0.4659547805786133,0.47204411029815674,0.6911041736602783,0.4830560088157654,0.7221401929855347,0.48327404260635376,0.6997039318084717,0.5205532908439636,0.5405778884887695,0.0,0.18425291776657104,0.7155009508132935,0.7321965098381042,0.8885133862495422,0.7699390649795532,0.457994282245636,1.024003267288208,1.139346957206726,1.0905139446258545,0.9541258215904236,1.013348937034607,0.930717945098877,0.9661708474159241,1.0533374547958374,0.9778435230255127,1.0551371574401855,0.9242358207702637,0.9284746050834656,1.0724443197250366,1.14254891872406,0.9804145097732544,1.012855052947998,0.932641863822937,0.9197232127189636,0.9605014324188232,0.929672122001648,1.1032872200012207,1.1372737884521484,1.0431878566741943,1.073264718055725,1.0485899448394775,1.1533735990524292,1.0396952629089355,1.112545371055603,1.1337190866470337,1.1574757099151611,1.0444025993347168,1.056557297706604,1.0642093420028687,1.0065656900405884,1.0411567687988281,1.0924605131149292,0.8734028339385986,0.9377581477165222,0.9196826219558716,0.9516504406929016,0.9524458646774292,0.9429673552513123,1.1137791872024536,0.7155768275260925,0.6333833932876587,1.236845850944519,0.874467670917511,0.8401534557342529,0.9298055171966553,0.9972142577171326,0.9221229553222656,0.9019875526428223,0.8579534888267517,,0.8220672011375427,0.9220955967903137,0.945749044418335,1.0015522241592407,1.0556057691574097,0.968215823173523,1.0476735830307007,1.0043071508407593,0.9231268167495728,1.0407133102416992,1.1369537115097046,1.0809462070465088,,0.9933091998100281,0.7078655958175659,0.9062827825546265,0.9438303112983704,1.0098459720611572,0.9590197205543518,0.9400690793991089,0.9110684990882874,0.9625118970870972,0.896928608417511,0.9669527411460876,1.0399112701416016,1.0037506818771362,1.1146583557128906,1.046059012413025,0.9784885048866272,0.9785172939300537,0.9779868721961975,0.9747934937477112,1.049129605293274,0.9454817175865173,0.9985142946243286,0.9131011962890625,0.8402756452560425,0.9099051356315613,0.8526835441589355,0.8305913209915161,0.9225245714187622,0.7762380838394165,,0.9267123937606812,1.04824697971344,,1.0327942371368408,0.7790642380714417,0.7508159875869751,,0.9275884032249451,,,0.9879190921783447,,1.0126148462295532,0.9777701497077942,0.9345641136169434,0.8882935643196106,0.8172548413276672,0.7109960913658142,0.6949493885040283,0.9888310432434082,1.139487385749817,0.9663325548171997,0.8387619256973267,0.7683467864990234,0.596233606338501,0.7664651870727539,0.867353081703186,0.9154111742973328,0.8770179152488708,0.9627127647399902,0.9619917869567871,0.9535905122756958,0.9917775392532349,0.9713691473007202,1.0143970251083374,1.0506749153137207,0.9392967820167542,1.0982601642608643,0.9882926344871521,1.0339854955673218,1.0942301750183105,1.170426607131958,1.1195366382598877,1.139233112335205,1.1099761724472046,0.9136281609535217,
