,alligator,ankle,apple,arm,ball,balloon,banana,basket,bathtub,bed,belt,bench,bib,blanket,boat,book,bottle,bowl,box,bread,bucket,butterfly,can,car,carrot,cat,chair,clock,closet,comb,couch,cracker,crayon,crib,cup,deer,dog,doll,door,drawer,dress,egg,eye,face,finger,fish,flower,fork,frog,glass,glasses,glove,grass,gum,hair,hamburger,hand,hat,jacket,jar,jeans,knife,ladder,lamp,meat,melon,milk,mitten,mouth,nail,napkin,necklace,nose,orange,oven,pajamas,pants,paper,pastry,pen,pencil,pillow,plant,plate,potato,pumpkin,purse,refrigerator,rock,rooster,scissors,shirt,shoe,shorts,shovel,shower,sink,slide,slipper,snow,soap,sock,soup,spoon,sprinkler,stroller,sweater,table,tape,toe,tooth,toothbrush,towel,toy,tray,tree,vacuum,watch,window
alligator,0.0,1.062279,1.4002886,0.47542602,1.3202686,1.1930614,1.2909298,1.036009,0.5528858,0.5590193,1.3815457,0.79346055,0.6218364,0.52985895,0.61215484,1.0151391,1.4962523,1.2526855,0.93124455,1.3244268,1.1837857,1.3100975,1.3731759,1.0453389,1.3499578,0.8387965,0.8643832,1.3087173,0.80962706,0.7769731,0.5860513,0.66871065,1.4763076,0.66024035,1.5105749,1.3360953,1.0469875,0.97829413,1.0275334,1.1002592,1.1843841,1.4429001,1.0682118,0.8708255,1.2207205,0.701354,1.0778952,1.3745842,0.87851167,0.7456739,1.2766223,1.0102469,0.78383994,1.0575736,0.87481666,0.62592494,0.8443177,1.2957466,0.8193543,1.2057563,0.7189704,1.4179676,0.8392195,1.4685767,0.6547178,1.1586405,0.9407759,0.7061899,0.95646423,1.4161526,1.1222112,1.3241938,1.1049012,1.4233043,0.7431389,0.63930607,0.8710027,0.7174289,0.6127402,1.3904498,1.3337967,1.019095,0.8586274,1.1064266,1.3399098,1.1115645,0.87701464,0.66857123,0.93129903,1.3705268,1.3980305,0.66845465,0.996477,0.86766785,1.3542826,0.617282,0.8462795,0.8311203,1.5390265,0.8416921,1.4282079,0.73391926,1.1933095,1.4231474,1.4854535,1.1664572,0.92607975,0.5273165,1.359287,1.3451086,1.3328592,1.0805197,1.1234801,1.1074269,1.1015662,0.95357263,0.9441421,1.4160722,0.83037883
ankle,1.062279,0.0,0.8711081,1.1016679,0.9443308,0.7822806,0.9205615,1.0434257,1.2095685,1.1377883,1.1773385,1.1487458,0.9426658,1.0481669,1.1035705,1.1527858,1.1153712,0.9830836,1.1019319,0.74381554,0.9616716,1.1872423,1.1636739,1.1516845,1.0430027,0.9120964,1.1704209,1.087774,1.1438498,1.0422876,1.1358972,0.7858292,1.0708079,1.1604469,1.0373272,0.9601496,0.7018639,0.702093,1.119877,1.0708914,1.041962,0.9544539,1.039693,1.1427534,0.8782507,0.97447485,0.7982248,0.9357159,1.0175576,1.0704999,1.0835599,0.84406996,1.1018292,0.86302805,0.9698175,1.0042769,0.88190424,0.8698441,1.0870543,0.93119574,0.86938524,1.0626402,1.0849489,1.1325657,1.0289301,0.8409837,1.0824282,0.70912343,0.9840279,1.0506433,0.9527457,0.9306373,0.7952412,0.8420609,1.2201033,0.662262,1.0574917,1.0943269,1.017741,0.93969715,1.0612849,0.96204895,0.99083126,0.9791375,1.0863365,0.83967537,0.93617386,1.2513487,1.1189822,1.1359483,1.1007044,1.0876541,0.93733096,1.0105908,1.0156964,1.2117538,1.0595034,0.79871464,1.0539018,1.1563599,0.99540246,0.7195701,0.86496717,0.994799,1.1368854,0.99504143,0.94409704,1.1656197,0.97052795,0.57417345,1.023568,1.0193119,0.9372686,0.9344994,0.9067976,1.0446951,1.056628,1.0109894,1.1639899
apple,1.4002886,0.8711081,0.0,1.4146888,0.29550904,0.4125049,0.5260712,1.2832088,1.5197804,1.5288526,0.8476571,1.5429293,1.4477625,1.4948295,1.3265082,1.1291529,0.41858584,0.5891383,1.3152956,0.31506872,0.8664983,0.8059754,0.9332688,1.115238,0.50086164,1.1513159,1.5122972,0.68950236,1.3253756,1.3489121,1.4804702,1.2568675,0.41515934,1.5484829,0.35420126,0.56407356,0.9061436,1.0632627,1.3599066,1.1699778,1.0787534,0.19398737,0.7940561,1.1310816,0.69406736,1.011115,0.79556054,0.80287135,0.84453976,1.1943862,0.7314547,0.97705406,1.2946494,0.86785364,1.1643018,1.2845492,1.1904528,0.7286829,1.2633755,0.93601227,1.3825135,0.63139683,1.4154776,0.5472682,1.2403585,0.5965545,1.18362,1.3738406,1.0445153,0.22395301,0.96762395,0.7683635,0.6837164,0.20168662,1.4884874,1.3247942,1.3046651,1.2841136,1.3008485,0.69164693,0.5283876,1.2374415,1.152442,0.8412741,0.4333985,0.7477633,1.1245902,1.5053232,1.289341,0.56814367,0.38540137,1.3891137,1.1021227,1.2989001,0.74908984,1.4221044,1.2239276,1.2177556,0.4122972,1.2075677,0.37637687,1.2569457,0.71389633,0.48151886,0.49024737,1.0307817,1.1362578,1.5416121,0.47848558,0.5306453,0.66722035,0.84428704,1.0226653,0.7316532,0.94672346,1.210773,1.3581845,0.61954534,1.3857378
arm,0.47542602,1.1016679,1.4146888,0.0,1.4215419,1.3864969,1.4550443,1.2469571,0.67059827,0.5650002,1.3231868,0.75034267,0.61107564,0.67354476,0.87048304,0.9788849,1.526872,1.4552639,1.0076623,1.357546,1.4237115,1.2414699,1.3672771,1.083859,1.2432791,0.9255298,0.82770646,1.394881,0.72301024,0.8010202,0.4710784,0.7630508,1.5109136,0.80519885,1.5715327,1.1587111,1.370097,1.0666116,0.87974405,1.1782647,1.1323568,1.4251356,1.1345572,0.71143425,0.97054183,1.0160176,1.2025777,1.4467769,1.2323416,0.8369707,1.1856781,0.9697525,0.77108216,1.1847463,0.70276874,0.7842199,0.4991119,1.2732377,0.6745332,1.2092617,0.4347223,1.5053573,0.7547317,1.528758,0.6518936,1.1021444,1.0147848,0.7218551,0.87449497,1.2915406,1.3090678,1.1887293,1.2888083,1.412513,0.7734413,0.51125467,0.5288723,0.6629827,0.7520069,1.4300882,1.3006986,1.0267158,0.9662891,1.3257883,1.2347434,1.2385242,1.123461,0.56570035,0.7761952,1.2348349,1.4560874,0.35407996,1.1436483,0.58651537,1.4316399,0.5701989,0.9095647,0.91708267,1.5326291,0.87224245,1.4291201,0.651914,1.2051728,1.5550559,1.4220332,1.1119046,0.80997354,0.5441078,1.4790142,1.103806,1.2087637,1.0963637,1.3032613,1.3832443,1.1910903,0.9230685,1.009822,1.310914,0.74376786
ball,1.3202686,0.9443308,0.29550904,1.4215419,0.0,0.23869872,0.47339255,1.0443696,1.3744916,1.4057201,0.7994087,1.3508618,1.3826983,1.3703437,1.1979054,1.0572947,0.44209236,0.58750665,1.1789482,0.5787003,0.7578703,0.834895,0.8831097,1.0625712,0.74464315,1.1612478,1.3457761,0.4814735,1.3077189,1.2133644,1.3951423,1.1701448,0.5189909,1.3701339,0.4105636,0.8720674,0.8111522,1.0255454,1.2952027,1.0555724,1.0998874,0.3702495,0.75516105,1.1584876,0.8942716,0.85659444,0.7681351,0.88194793,0.8169676,1.1441681,0.9304294,1.1256738,1.1489836,0.7844068,1.2693126,1.2184824,1.3131917,0.8250419,1.2026991,0.91707116,1.4251561,0.65218985,1.3802688,0.5135939,1.3539577,0.83042204,1.0228161,1.3524836,1.0956123,0.47645086,0.9262946,0.9584937,0.6419486,0.40850586,1.4564233,1.3341306,1.394717,1.2549694,1.2381749,0.7573407,0.654885,1.2112201,1.039561,0.74226815,0.7024432,0.58895063,1.0483685,1.4490154,1.2550771,0.822224,0.58071995,1.3848436,0.9520021,1.420896,0.91243505,1.3040962,1.2351338,1.1812245,0.5674336,1.1517768,0.4406343,1.3965061,0.8789161,0.6082046,0.5843402,1.0856574,1.1814398,1.3759015,0.36383128,0.8269821,0.9676791,0.83312917,0.9752943,0.52508634,0.92667556,1.0849458,1.2097641,0.60353374,1.3065234
balloon,1.1930614,0.7822806,0.4125049,1.3864969,0.23869872,0.0,0.5032022,0.9942622,1.2616771,1.4033928,0.95576847,1.2959411,1.2476019,1.3224359,1.0549145,0.9852233,0.65560865,0.607298,1.031542,0.64182585,0.60617393,1.0058281,0.85637796,1.0170858,0.8423953,1.1827265,1.2272265,0.640777,1.2493011,1.091695,1.4144017,1.1959846,0.575544,1.3556855,0.53591144,0.96935564,0.8359211,0.92758816,1.2579918,0.9560047,1.0605669,0.5769758,0.90493596,1.2372172,0.85577655,0.80602694,0.7699015,0.76953363,0.62379664,1.1389703,0.97176546,0.9468498,1.1713451,0.61060256,1.2883874,1.2207521,1.1687013,0.84197795,1.2096531,0.8705217,1.3737993,0.74186695,1.2954402,0.65006554,1.3278184,0.7142876,1.0742104,1.1802205,1.127667,0.70896876,0.75094724,0.89954054,0.74484634,0.47838598,1.4282186,1.268132,1.4067655,1.2009425,1.2440363,0.7130713,0.84058404,1.0477371,1.0184,0.64382476,0.90296227,0.57944274,0.8638683,1.4453654,1.2693582,0.99373966,0.7573168,1.4275159,0.88323057,1.3862176,0.79830164,1.3195425,1.0772089,0.8528348,0.66676337,1.17226,0.6372628,1.2165662,0.8539578,0.61943215,0.835768,1.094601,1.090719,1.3600092,0.45729542,0.7992648,1.006521,0.89721996,0.80829513,0.44132674,0.84250885,1.0909203,1.1569265,0.6786612,1.3194484
banana,1.2909298,0.9205615,0.5260712,1.4550443,0.47339255,0.5032022,0.0,1.0094355,1.3911202,1.4151493,0.935925,1.4111931,1.3395444,1.3476658,1.1720777,1.0936351,0.49014246,0.6379378,1.209429,0.49840772,0.8178103,0.86893684,0.97352785,0.9596079,0.73483086,1.1196427,1.296577,0.68773043,1.2574017,1.0786787,1.4480541,1.1611731,0.52229375,1.3403864,0.4895512,0.7371218,0.73675853,0.9214947,1.2520615,1.0972413,1.1116288,0.5997755,0.84290993,1.1359822,0.917955,0.9114615,0.6509808,0.6641605,0.75511855,1.1585424,0.84445375,0.97321314,1.2461272,0.90396947,1.2316816,1.2202582,1.2712389,0.82158124,1.2539924,0.8374886,1.3972187,0.592481,1.3254504,0.68103004,1.2588757,0.8865631,1.1189407,1.2428263,1.0973482,0.6732573,0.7162821,0.9496555,0.77873456,0.4899727,1.3272885,1.2837718,1.3911536,1.2730489,1.2352725,0.6615927,0.7012886,1.1707671,0.9853234,0.8707629,0.80773246,0.7003327,0.9977997,1.3955339,1.2769344,0.8731549,0.476413,1.4105816,0.8656762,1.3555934,0.70203567,1.3031472,1.2000918,0.8916677,0.5528029,1.1637057,0.4872504,1.313189,0.74064934,0.5158087,0.7527612,0.87930405,1.182274,1.4491545,0.53272814,0.84139204,0.89917606,0.9142042,0.74834466,0.6277951,0.8591668,1.0759346,1.1823831,0.6058243,1.3154936
basket,1.036009,1.0434257,1.2832088,1.2469571,1.0443696,0.9942622,1.0094355,0.0,0.78033185,0.9315026,0.9800843,0.62714815,0.77715063,0.8975678,0.8587377,0.7903291,1.0492296,0.90112114,0.46368098,1.1713138,0.62644,1.0761734,0.7097793,0.8069595,1.2050635,1.1916432,0.5832143,0.79076064,1.0116233,0.6194373,1.0794001,1.0211681,0.9604566,0.3427714,0.9751932,1.3229246,0.93002325,0.89039874,0.9317068,0.53614855,0.9560249,1.2477936,1.1082247,1.2587909,1.2136058,1.0011729,0.91590464,0.79820323,0.9278329,0.9084676,1.2463576,1.0313563,0.9080865,0.79961526,1.298935,1.031607,1.1608202,1.1118487,1.1215262,0.8602136,1.229218,0.9163455,0.7235504,0.98743993,1.1015475,1.3206834,0.90077835,0.9664285,1.1239592,1.30522,0.76216424,1.1712528,1.1130508,1.1782609,0.81742185,1.128997,1.2968878,1.0534738,1.0536513,0.84191346,1.1120121,0.85796005,0.91981953,0.7913759,1.305054,0.9472623,0.7031497,0.9220776,1.0178552,1.2602408,1.0664184,1.2361485,0.90975964,1.2533898,0.9868257,0.9444806,0.91580516,0.8791307,1.1514142,1.0213075,1.0563323,1.1321015,1.0529585,1.0442234,1.1161737,1.0813537,1.1043804,0.8863649,0.89089954,1.3353589,1.2130061,1.0021286,0.7351035,0.7136961,0.69195634,0.93450516,0.78516436,0.99726087,0.9614095
bathtub,0.5528858,1.2095685,1.5197804,0.67059827,1.3744916,1.2616771,1.3911202,0.78033185,0.0,0.48548305,1.2165842,0.56425315,0.6192715,0.56972575,0.52261204,0.86447716,1.4093422,1.0960238,0.6145241,1.5589657,0.862146,1.2399514,0.9445257,0.8615852,1.463845,1.029799,0.55497533,1.1221004,0.7362561,0.5888473,0.5820336,0.92357755,1.4571943,0.41497666,1.4281179,1.4436184,1.257715,1.127524,0.6408598,0.8765588,1.1172075,1.5462039,1.2414479,0.9036116,1.3962634,0.87213254,1.1670976,1.3083084,0.92770505,0.5749278,1.4005268,1.2156798,0.60328484,0.98769706,1.0353868,0.7964343,1.0000482,1.4056952,0.80154467,1.1482092,0.7833271,1.4182242,0.7080372,1.3001328,0.82360953,1.2775191,0.9107275,0.927255,1.0776045,1.5423117,1.1170571,1.4295213,1.3578849,1.5500958,0.50613236,0.8341972,0.8819497,0.7713754,0.7819228,1.3097918,1.3340802,0.9465862,0.8998596,0.84935164,1.4440975,1.2047528,0.8980951,0.304003,0.7886756,1.3594463,1.483429,0.7356295,1.1259189,0.860818,1.3171884,0.49234295,0.3904208,0.7136001,1.601217,0.8780102,1.4281847,0.9585067,1.2648995,1.4265662,1.358362,1.1167704,0.8701713,0.35424626,1.2845359,1.5848135,1.4578474,0.9937216,1.1231284,0.98369426,1.028286,0.8818409,0.70938337,1.4795111,0.65241975
bed,0.5590193,1.1377883,1.5288526,0.5650002,1.4057201,1.4033928,1.4151493,0.9315026,0.48548305,0.0,1.2551703,0.40898937,0.54798895,0.104106784,0.5821718,0.9373424,1.5279167,1.4435017,0.8776734,1.5098469,1.2463802,1.2253025,1.2459595,0.84524524,1.4550229,0.88612515,0.4879799,1.320378,0.83506143,0.79611945,0.1390413,0.7616892,1.5587034,0.44250238,1.6234349,1.39234,1.0963064,0.93363875,0.82847774,1.0806757,1.1415299,1.5399809,1.1581365,0.83600265,1.4017303,0.8471349,1.132842,1.5486795,1.1910841,0.80836535,1.3284843,0.98532087,0.61223596,1.27576,0.88656646,0.808636,1.0234379,1.246582,0.56961215,1.316377,0.54529476,1.5880337,0.78264976,1.5138398,0.68313146,1.2626637,0.99178964,0.66464126,1.0141014,1.4648716,1.131126,1.4307055,1.2540152,1.5831802,0.63244146,0.58205163,0.60297596,0.7062044,0.79081297,1.4558208,1.3929989,0.55892533,0.9073678,1.2437268,1.3588634,1.2794052,0.913839,0.5790986,0.6993532,1.303993,1.5356817,0.5446302,1.0511814,0.6478632,1.5328354,0.60078347,0.8838605,0.8684602,1.5904322,0.66799307,1.4732873,0.74346995,1.3507416,1.6701299,1.3280555,1.0240967,0.686121,0.33534235,1.4325895,1.4486122,1.4343218,1.1900342,1.0766472,1.2462267,1.2544413,0.8833988,0.87381923,1.5321052,0.69274884
belt,1.3815457,1.1773385,0.8476571,1.3231868,0.7994087,0.95576847,0.935925,0.9800843,1.2165842,1.2551703,0.0,1.0929312,1.2794113,1.2578044,0.98968303,0.9911568,0.7431662,0.84138143,1.066561,0.94133496,0.8898958,0.31672895,0.59435624,0.9933987,0.9660267,0.88127434,1.0632755,0.95556843,1.1321942,1.1753109,1.2279701,1.1862457,0.5594672,1.1963061,0.7654804,0.9272941,1.0392743,1.1696591,1.0597527,0.89209914,0.70795214,0.80167854,1.0796129,1.1188171,0.9145656,1.0802338,1.1401514,0.7716539,1.0053236,1.2088611,0.97201,0.96925473,1.0821185,1.0910506,1.140205,1.1912606,1.1301553,0.951621,1.1343645,0.9442832,1.1708701,0.65695816,1.1538566,0.61906844,1.2004411,1.0633767,1.0096418,1.2739719,1.1256119,0.8589739,0.94666386,0.7569644,0.9771903,0.93779856,1.0878013,1.3349546,1.0341957,1.1492132,1.2056025,0.7342104,0.5975963,0.9314903,1.1603452,0.9922436,0.84686244,1.0848743,1.0350087,1.208312,1.0180405,0.63662356,0.8673211,1.2046242,1.0285494,1.0699284,0.8485764,1.2595654,1.0731716,1.1436527,0.5805192,0.9856318,0.7388945,1.221242,0.71203387,0.7588486,0.509973,0.95718956,1.0513362,1.2641374,0.8392935,0.95432234,0.7281913,0.89448595,0.94456416,0.9494709,1.014368,1.0517976,1.0300708,0.6804733,1.0787822
bench,0.79346055,1.1487458,1.5429293,0.75034267,1.3508618,1.2959411,1.4111931,0.62714815,0.56425315,0.40898937,1.0929312,0.0,0.5952481,0.52443063,0.6015895,0.72922724,1.3950448,1.2350507,0.62354445,1.5136039,1.0756253,1.2278899,0.96549255,0.7724509,1.4171767,0.9197864,0.28586555,1.1221755,0.87736166,0.6686956,0.5536404,0.87032026,1.2519226,0.3979758,1.4504735,1.4001946,1.1600944,1.1256711,0.7300067,0.7323641,0.9719658,1.5139153,1.2249857,1.0255865,1.3172272,0.9302021,1.2342508,1.1590229,1.130509,0.97393835,1.3774517,1.0073701,0.7027947,1.1221589,1.0071422,0.9723843,1.0420738,1.2743154,0.7118643,1.228465,0.82811177,1.2209636,0.6857799,1.1992569,0.8313748,1.3169293,0.9201863,0.80298305,1.054295,1.465195,0.91512465,1.2823455,1.2351705,1.5689217,0.70701003,0.8512373,0.8777032,0.75351274,0.9682758,1.1675447,1.2566307,0.66602236,0.9858853,1.0304064,1.4103708,1.2215536,0.96457225,0.6830623,0.69235265,1.2897573,1.429111,0.8006104,0.98734695,0.8771992,1.3004025,0.6783752,0.8160894,0.8453337,1.4227779,0.758392,1.304775,0.7582985,1.3738683,1.4481041,1.1821418,1.0850074,0.95572716,0.48347652,1.319077,1.4623122,1.2900287,0.9779339,0.90068275,1.1450664,1.0441598,0.78768086,0.7029605,1.3213832,0.6414302
bib,0.6218364,0.9426658,1.4477625,0.61107564,1.3826983,1.2476019,1.3395444,0.77715063,0.6192715,0.54798895,1.2794113,0.5952481,0.0,0.5538448,0.6463118,0.8190979,1.517654,1.3258541,0.73939526,1.3480933,1.088973,1.2552209,1.1841475,0.9966335,1.3244456,1.021242,0.6968459,1.2691025,0.9048958,0.41121876,0.59910595,0.87497884,1.4575073,0.6064856,1.5012324,1.3074622,1.3299518,1.05785,0.96044326,1.0583948,1.061573,1.4367445,1.2220685,0.89065266,1.2202524,0.97133857,1.2078671,1.3802733,1.1689727,0.7694729,1.2711631,0.9195524,0.8060563,0.9393201,0.91106576,0.80470943,0.81243294,1.1837692,0.78675514,1.0865691,0.56123996,1.5065935,0.79434866,1.5096343,0.70119214,1.193111,0.9445085,0.6126176,0.9145477,1.414295,1.0850863,1.180419,1.2497504,1.4313676,0.7342881,0.5615156,0.72012436,0.6988658,0.80325294,1.320106,1.3396863,0.8911457,1.0202587,1.1200148,1.3010666,1.1941456,0.88531065,0.68469054,0.83874536,1.3091388,1.4534366,0.67130446,1.0850068,0.7360935,1.4604495,0.74988616,0.93051535,0.75065386,1.5974767,0.9537526,1.4170964,0.6725527,1.1380434,1.5247793,1.387984,1.0999007,0.75799966,0.62936646,1.3481622,1.275807,1.2847801,1.1251024,1.0677935,1.1829083,1.101062,0.9300825,0.93058926,1.3074343,0.82546854
blanket,0.52985895,1.0481669,1.4948295,0.67354476,1.3703437,1.3224359,1.3476658,0.8975678,0.56972575,0.104106784,1.2578044,0.52443063,0.5538448,0.0,0.59889865,0.9159498,1.5182693,1.4244409,0.9380223,1.4656065,1.2093866,1.2583697,1.2837265,0.91210407,1.4294899,0.8681314,0.62066495,1.286403,0.84624374,0.8054334,0.2631737,0.72741705,1.5009406,0.49049294,1.5878057,1.3757286,0.97915125,0.85218465,0.9204577,1.110042,1.1139758,1.5223955,1.1684391,0.91846436,1.3877084,0.78897417,1.0893612,1.5039432,1.1181139,0.86694205,1.341481,0.9117706,0.6638449,1.2022233,0.9748773,0.76062083,1.0303323,1.217795,0.56525904,1.2956231,0.59405303,1.5307449,0.8607805,1.5130495,0.73638946,1.2372557,1.0021614,0.5618955,1.0464898,1.4583771,0.9563524,1.3561541,1.1914445,1.547957,0.61757207,0.5705631,0.6873693,0.677093,0.7449652,1.3988283,1.3822241,0.46630025,0.9329096,1.2013552,1.3793318,1.2001998,0.8714032,0.6803148,0.78479743,1.3383795,1.5105486,0.65974814,0.9634259,0.6889798,1.5023793,0.72262466,0.94091773,0.8216661,1.5464116,0.6208122,1.4468672,0.7305999,1.3174889,1.6169889,1.331593,1.0759737,0.71497005,0.46116626,1.3850157,1.4145014,1.4096754,1.176353,0.90639436,1.167567,1.2648972,0.93424976,0.9596371,1.452747,0.77359575
boat,0.61215484,1.1035705,1.3265082,0.87048304,1.1979054,1.0549145,1.1720777,0.8587377,0.52261204,0.5821718,0.98968303,0.6015895,0.6463118,0.59889865,0.0,0.8574466,1.397361,1.1447579,0.79474974,1.3146472,0.9912587,1.05645,1.0869792,0.7606183,1.3566287,0.92845196,0.73079467,1.1976881,0.98256516,0.71051276,0.74005973,0.95616883,1.1573149,0.59756136,1.4233738,1.3808551,1.1529241,1.1349732,1.0336365,0.9401667,1.1189001,1.3883479,1.2109948,0.904132,1.2940278,0.7150085,1.1351019,1.24784,0.83419377,0.9292574,1.2774838,1.0437031,0.6273805,0.989571,1.0204202,0.831544,1.0644403,1.2269683,0.80755025,1.2943066,0.8461503,1.2903385,0.95133686,1.3195316,0.85801506,1.1998596,1.0101036,0.8879225,0.9851868,1.3998867,1.0074154,1.2085303,1.1485877,1.3886528,0.9033054,0.8530096,0.95702803,0.7878883,0.84176064,1.1595249,1.1564682,0.91765183,0.982384,1.0085402,1.3040321,1.1208779,0.951994,0.8379094,0.81586033,1.1700852,1.364326,0.86288494,0.9949525,0.9467249,1.3345828,0.7653597,0.94296473,0.5776825,1.3362243,0.7874278,1.2426664,0.97717655,1.0562925,1.3665459,1.2063707,1.1670524,0.87971455,0.6610584,1.1940112,1.4070634,1.3030144,0.99968755,0.98569936,0.87142956,1.1096302,0.9193695,1.0034506,1.2574787,0.82406694
book,1.0151391,1.1527858,1.1291529,0.9788849,1.0572947,0.9852233,1.0936351,0.7903291,0.86447716,0.9373424,0.9911568,0.72922724,0.8190979,0.9159498,0.8574466,0.0,0.985145,0.910782,0.53398854,1.1748931,0.8439212,1.0408359,0.8859646,0.8978134,1.1620779,1.2346001,0.86525965,1.0336723,1.0635009,0.8994885,1.0265843,1.0461501,0.8473737,0.8564681,0.991044,1.2068384,1.171978,1.0153852,1.0177683,0.7851273,1.0897241,1.1997049,1.2090982,1.1591791,1.0613762,0.9189131,0.9478233,0.9933324,0.8961065,0.7935904,1.2140379,0.89671665,0.8519543,0.7366296,1.1931504,1.0628885,0.9593767,1.1603658,0.9842249,0.78493106,1.1549603,0.95273095,0.9045289,1.0158638,0.97970533,1.1174896,0.84580344,0.96342325,1.1329732,1.2037493,0.7151692,1.1626977,1.2599995,1.1857492,0.86475646,1.1740699,1.1713455,0.4083442,1.0680387,0.81370986,1.0343834,0.881565,0.9695522,0.86042005,1.2270364,0.9874802,0.94805586,0.9384327,1.1558683,1.1181314,1.0796438,1.1272445,0.95663,1.1351581,1.030239,0.8726344,0.891166,0.90620214,1.1100209,0.99897933,1.0239657,1.0085826,1.0755883,1.067999,1.030604,1.0611911,1.1261916,0.80847657,0.989933,1.2882785,1.1650584,0.8479574,0.776289,0.7741977,0.7300832,0.9350667,0.9449036,1.041288,1.070171
bottle,1.4962523,1.1153712,0.41858584,1.526872,0.44209236,0.65560865,0.49014246,1.0492296,1.4093422,1.5279167,0.7431662,1.3950448,1.517654,1.5182693,1.397361,0.985145,0.0,0.46858692,1.1512631,0.53809595,0.60721993,0.7853476,0.573444,0.8688508,0.59205276,1.1504455,1.3576269,0.5055269,1.2162442,1.3634775,1.5306962,1.2999842,0.39854342,1.4453454,0.10369468,0.6145325,0.85759765,1.0194082,1.1367829,0.98556286,0.9317249,0.37587833,0.92031085,1.2700868,0.89489424,1.107641,0.7849355,0.64509517,0.92931944,1.062484,0.89873403,1.0685618,1.3118358,0.91008973,1.2606472,1.3180339,1.3956852,0.80110025,1.2583928,0.57821596,1.5142374,0.33698857,1.3310227,0.29219604,1.3140292,0.88931,0.9371146,1.4522151,1.1855315,0.48349535,0.85313225,0.88695776,0.79736805,0.45472866,1.3097643,1.4682906,1.4224257,1.2962725,1.3343632,0.5825158,0.64205337,1.1872307,1.0150018,0.80695057,0.61305493,0.8202864,1.0579604,1.3511434,1.2625415,0.6525654,0.3630845,1.4598882,0.922918,1.3830321,0.62522095,1.3089634,1.0974779,1.3584802,0.33647186,1.175626,0.3007233,1.4159638,0.93375444,0.3755132,0.37376285,0.8730971,1.3538761,1.4723802,0.48185408,0.85288787,0.79892606,0.7295086,0.88373274,0.7328384,0.86552215,1.0779363,1.05478,0.5866208,1.309607
bowl,1.2526855,0.9830836,0.5891383,1.4552639,0.58750665,0.607298,0.6379378,0.90112114,1.0960238,1.4435017,0.84138143,1.2350507,1.3258541,1.4244409,1.1447579,0.910782,0.46858692,0.0,0.8731952,0.53864,0.4679011,0.92496943,0.6547414,0.9519432,0.953259,1.1334509,1.2056004,0.5347982,1.2235651,1.1569364,1.5309935,1.2767181,0.5932747,1.2473668,0.37065995,0.9320039,0.9006604,1.1273475,1.1647567,0.7137438,0.91940445,0.5785892,0.9961076,1.3137934,1.002292,0.8712974,0.79619133,0.49121737,0.8384587,0.87538105,1.0328126,1.0752045,1.3227224,0.8478488,1.3480225,1.3203601,1.2772263,1.0546335,1.3121638,0.62678194,1.5294247,0.43760318,1.2499788,0.43477947,1.1462463,0.86184025,1.0610988,1.3928869,1.23257,0.80479026,0.7310428,0.96527076,0.8780961,0.56151617,1.0686095,1.4820781,1.4575666,1.2715691,1.3420689,0.5704154,0.69857717,1.0665944,1.0046096,0.24517697,0.8920659,0.74923754,0.9439109,1.1351116,1.2816406,0.92128885,0.68859816,1.4544524,0.912574,1.4151471,0.54021436,1.216315,0.6875856,1.1460783,0.554033,1.1479514,0.505194,1.2721527,0.685933,0.32334387,0.63499665,0.90985525,1.2983294,1.2866728,0.42575073,1.0210019,0.98305047,0.8642667,0.7831061,0.7469741,0.3760826,1.1058446,0.97421134,0.7885474,1.2719806
box,0.93124455,1.1019319,1.3152956,1.0076623,1.1789482,1.031542,1.209429,0.46368098,0.6145241,0.8776734,1.066561,0.62354445,0.73939526,0.9380223,0.79474974,0.53398854,1.1512631,0.8731952,0.0,1.2420498,0.6436794,1.1437302,0.73947245,0.9489275,1.2990179,1.2117473,0.63377285,1.0771693,0.98600084,0.7791518,0.9302015,1.0512297,1.0419501,0.5190732,1.0498471,1.3777416,1.1435926,0.98400074,0.8223424,0.5496916,1.0093927,1.330356,1.1922104,1.1942073,1.2244607,1.0295311,1.008499,0.9471012,0.92682344,0.721608,1.2824516,0.9576267,0.81961036,0.70686543,1.2269754,0.97028327,1.0267993,1.2751118,1.048082,0.781366,1.1079605,1.0672445,0.5910509,1.0881758,0.9555153,1.2319703,0.833925,0.92388386,1.1790154,1.383803,0.8906337,1.166511,1.2769784,1.2658763,0.8079303,1.039681,1.1490127,0.9117098,0.9825761,0.971558,1.1585827,0.92754954,0.94999456,0.78260165,1.3702923,0.9779049,0.7141326,0.71904397,1.0391939,1.2968056,1.2046827,1.082993,1.0168753,1.1214942,1.0049448,0.6457668,0.7204636,0.76147145,1.2874541,1.103506,1.1445174,0.9878723,1.0369229,1.145118,1.2413954,1.1044967,1.0689902,0.6361126,1.0376446,1.3915673,1.2271326,0.9161478,0.8982626,0.7152754,0.56920457,0.9487587,0.7304555,1.1720897,0.95388526
bread,1.3244268,0.74381554,0.31506872,1.357546,0.5787003,0.64182585,0.49840772,1.1713138,1.5589657,1.5098469,0.94133496,1.5136039,1.3480933,1.4656065,1.3146472,1.1748931,0.53809595,0.53864,1.2420498,0.0,0.95820034,0.85900414,1.0416348,1.2135005,0.53089315,1.0918474,1.4907734,0.8533594,1.2877309,1.313076,1.4754403,1.2211742,0.5523436,1.4928602,0.44423163,0.51510364,0.77462757,1.0044042,1.3890526,1.070251,1.049666,0.25147069,0.8471819,1.1235796,0.6957902,1.070035,0.8621174,0.69855547,1.0061285,1.2406876,0.6779537,0.96779704,1.3729501,1.0203593,1.0713145,1.2843649,1.1396664,0.8066672,1.286882,0.7914543,1.3457901,0.6139153,1.3129107,0.6744956,1.2223094,0.7324933,1.2124144,1.2339991,0.9432892,0.39227617,0.9590577,0.68540144,0.7204257,0.19337535,1.3802435,1.2976673,1.2501867,1.2876971,1.3112075,0.6977598,0.598631,1.1686492,1.2141292,0.85500884,0.45039803,0.7628326,1.0683298,1.4874871,1.2564523,0.64538956,0.49844277,1.3796763,1.0614133,1.2617689,0.67482555,1.3821945,1.2193711,1.1491377,0.45791376,1.2261819,0.37413514,1.185435,0.50051856,0.4686001,0.638195,0.9592341,1.0867314,1.5460742,0.606866,0.43394578,0.6104934,1.0358822,1.0018449,0.90219194,0.6773476,1.242738,1.3963091,0.66106796,1.3652047
bucket,1.1837857,0.9616716,0.8664983,1.4237115,0.7578703,0.60617393,0.8178103,0.62644,0.862146,1.2463802,0.8898958,1.0756253,1.088973,1.2093866,0.9912587,0.8439212,0.60721993,0.4679011,0.6436794,0.95820034,0.0,0.93169916,0.31279182,0.73174447,1.1142155,1.2201598,0.92446965,0.6532776,1.154646,1.0515202,1.352113,1.2382761,0.75763243,1.0210147,0.48392057,1.1652716,0.89668715,0.89175737,1.0017403,0.7181978,0.9112464,0.953899,1.0965387,1.3864592,1.1449296,0.92799234,0.78855044,0.69018555,0.6907231,0.79174757,1.2137283,0.8693737,1.1990958,0.6283368,1.4145094,1.1915357,1.2471813,0.95192224,1.2341764,0.57136,1.3144555,0.71365136,1.0062369,0.61748224,1.2447302,0.9225272,0.96565664,1.0733899,1.3292964,1.1512324,0.6704994,1.1109667,0.9551598,0.8852108,0.94795173,1.2965744,1.3316013,1.1937337,1.2130171,0.67659914,1.0323734,0.89312696,0.8775353,0.49126744,1.1763556,0.7939408,0.48948246,1.0066118,1.2415568,1.16379,0.8981439,1.3613893,0.780872,1.2794666,0.7214341,1.1013769,0.7295322,0.9530829,0.777241,1.2297574,0.9038408,1.1209178,1.0055317,0.66747355,0.91928446,0.92181516,1.1250434,1.1265199,0.5754675,1.1652414,1.2210451,0.90131736,0.676996,0.5132278,0.644941,1.0440625,0.6915001,0.87927616,1.2166449
butterfly,1.3100975,1.1872423,0.8059754,1.2414699,0.834895,1.0058281,0.86893684,1.0761734,1.2399514,1.2253025,0.31672895,1.2278899,1.2552209,1.2583697,1.05645,1.0408359,0.7853476,0.92496943,1.1437302,0.85900414,0.93169916,0.0,0.7013872,1.0261317,0.952852,1.0322572,1.1773478,1.0403003,1.153547,1.1612664,1.174549,1.2215607,0.67895687,1.2472885,0.7709708,0.85834694,1.0631262,1.1371716,1.1000248,1.0259658,0.8544856,0.7630583,0.9820603,1.0378377,0.93131423,1.0638635,1.0753139,0.8848,0.9952891,1.1589965,0.802163,0.9520151,1.1483289,1.1070703,1.0215007,1.1401691,1.162661,0.8789845,1.1781089,0.96820843,1.1003475,0.80453515,1.11234,0.74160147,1.2211844,0.93603766,1.0759413,1.2837799,1.0094029,0.8324288,1.017736,0.8379754,0.9361043,0.84027153,1.1028886,1.2681719,0.9363707,1.0806085,1.1509955,0.8165606,0.6682534,1.0248771,1.1635207,1.0969543,0.7961342,1.0629054,1.0507895,1.1967473,1.0619565,0.56835204,0.8421128,1.128281,1.0843514,1.0233527,0.8409402,1.1789759,1.0565983,1.1770762,0.6092067,1.0973332,0.86281407,1.1391706,0.6217336,0.78013563,0.63147277,0.89469683,0.91766024,1.2768813,0.84516096,0.8870781,0.70972735,1.0677762,1.0253927,1.0061424,1.0178046,1.0820745,1.1613324,0.8635564,1.0688968
can,1.3731759,1.1636739,0.9332688,1.3672771,0.8831097,0.85637796,0.97352785,0.7097793,0.9445257,1.2459595,0.59435624,0.96549255,1.1841475,1.2837265,1.0869792,0.8859646,0.573444,0.6547414,0.73947245,1.0416348,0.31279182,0.7013872,0.0,0.6941186,0.99351233,1.0330172,0.8349094,0.7838186,0.98267305,1.0632831,1.3079169,1.3072202,0.7102216,1.0096756,0.52506465,1.0084468,0.9976332,1.1514966,0.75917053,0.6904049,0.687426,0.9359536,1.1776994,1.3734905,1.0895153,1.1669767,0.96583045,0.72368085,0.9639786,0.91921645,1.1912732,0.95876545,1.1865221,0.9302573,1.3225495,1.2479637,1.2802538,1.0148594,1.202549,0.6588381,1.2344799,0.58699304,0.9009522,0.46411902,1.2252645,1.0662978,0.9694524,1.1873231,1.2753613,1.0476524,0.77416754,1.0565181,1.0350264,0.9910986,0.8047598,1.357357,1.1258906,1.1978515,1.2522494,0.69698,0.9193355,0.8053828,0.93978834,0.7615687,1.0295329,1.0492889,0.7661078,0.849713,1.0723836,0.93201697,0.8561978,1.3102376,0.96884143,1.0928371,0.76298153,1.077027,0.81335044,1.1062233,0.7058989,1.2122128,0.85994107,1.1225415,0.9612846,0.73869216,0.6884857,0.8445427,1.1043527,1.0861627,0.81274974,1.1466188,0.96885794,0.9573794,0.7643348,0.8790475,0.8263402,1.0128231,0.6184139,0.92853624,1.0199777
car,1.0453389,1.1516845,1.115238,1.083859,1.0625712,1.0170858,0.9596079,0.8069595,0.8615852,0.84524524,0.9933987,0.7724509,0.9966335,0.91210407,0.7606183,0.8978134,0.8688508,0.9519432,0.9489275,1.2135005,0.73174447,1.0261317,0.6941186,0.0,1.0861318,0.9714375,0.73317116,0.84761053,0.78903127,1.0264081,1.0211238,1.1116332,1.0004,0.8045198,0.9124634,1.2253053,1.0245935,1.0000215,0.7094516,0.8211547,0.8087365,1.1701583,1.0703042,1.1739213,1.2726302,1.0612153,0.8873771,0.9448637,1.0497988,0.8836306,1.1180315,1.1508787,1.0452758,1.0497359,1.1211852,1.0827137,1.1895905,0.9155388,0.97742903,0.9760612,1.0931598,0.92525667,0.94374,0.90549636,0.9989242,1.1362345,1.0226804,1.1106427,1.2076546,1.1486759,0.9721378,1.1942674,1.1604524,1.1707666,0.8908735,1.0700042,1.1277192,0.9881382,1.0787171,0.8645093,1.165041,0.8183761,0.8154578,1.006865,1.1914504,1.0530607,0.97687525,0.8086218,0.78438926,1.1111225,0.9822279,1.0710706,0.9745101,1.0364245,1.0001795,0.9555045,1.0106161,0.99587333,1.0297793,0.9311484,1.0525777,1.1843085,1.1931721,1.0124412,0.9883321,0.8718128,1.1122478,0.88231295,0.9468135,1.3423645,1.2186055,0.97985923,0.93895066,0.9905076,1.0782245,0.7551309,0.72309005,1.0953857,0.72690976
carrot,1.3499578,1.0430027,0.50086164,1.2432791,0.74464315,0.8423953,0.73483086,1.2050635,1.463845,1.4550229,0.9660267,1.4171767,1.3244456,1.4294899,1.3566287,1.1620779,0.59205276,0.953259,1.2990179,0.53089315,1.1142155,0.952852,0.99351233,1.0861318,0.0,1.1072772,1.3662691,0.8894282,1.0707178,1.2433459,1.3521383,1.2427336,0.63554585,1.3871076,0.5736388,0.517035,1.0107219,1.0397506,1.2027699,1.187459,0.9419955,0.43661177,0.77805734,0.98401576,0.66323185,1.2657608,1.0435414,0.8731494,1.0377506,1.2619079,0.51891375,1.1478884,1.197035,1.0233073,0.94370776,1.1952652,1.0349458,0.6921358,1.1938485,0.9552926,1.2358152,0.6730858,1.2063565,0.7229204,1.2491719,0.81347173,1.0985287,1.2950823,0.8241173,0.35451853,1.1014818,0.6440089,0.8520479,0.50789905,1.3142958,1.2874835,1.1105759,1.2203071,1.1974914,0.8418864,0.5969929,1.2656658,1.1220533,1.098301,0.38671577,0.99204147,1.1652616,1.3529402,1.1257629,0.6193549,0.4590782,1.2162256,1.1454741,1.0982231,0.7271289,1.3219609,1.3034848,1.1543667,0.61525625,1.1568413,0.5217421,1.2398161,0.86335,0.6264705,0.71777296,1.0533617,1.0738586,1.4586253,0.88358116,0.5105355,0.5053607,0.97454643,1.134381,1.0165441,1.0860032,1.1603488,1.2578797,0.61793584,1.2066011
cat,0.8387965,0.9120964,1.1513159,0.9255298,1.1612478,1.1827265,1.1196427,1.1916432,1.029799,0.88612515,0.88127434,0.9197864,1.021242,0.8681314,0.92845196,1.2346001,1.1504455,1.1334509,1.2117473,1.0918474,1.2201598,1.0322572,1.0330172,0.9714375,1.1072772,0.0,1.0342813,1.2170308,0.6830544,1.037151,0.91555357,0.91656345,1.2408575,1.0597228,1.2257316,1.0988591,0.71631575,1.119886,0.8770076,1.1221409,0.57378435,1.1129261,1.0061684,0.85607684,1.1784933,1.0770758,1.1101522,1.1138134,1.122285,1.0076516,1.038067,1.1266608,1.0374773,1.3098025,0.6806042,1.0466491,1.0066758,0.9470358,0.8616932,1.1497048,0.84386325,1.0524465,1.1524171,1.0935414,0.7830205,1.0148019,0.9653066,0.9208238,1.0310841,1.1245346,1.1432413,1.082222,0.74147123,1.1795017,0.9477177,0.8533147,0.7456077,1.0578839,1.0319934,1.1926019,1.0970898,0.8440311,1.03892,1.1825337,0.9928655,1.20572,1.115445,0.9171155,0.67694014,0.93322307,1.2240214,0.8840342,0.9737472,0.7435646,1.0062175,1.1012738,1.114273,1.0928717,1.0138446,0.7810134,1.188114,0.8560294,1.0270238,1.0805805,1.0324717,0.87406033,0.99710983,0.9472315,1.2580694,1.0403904,1.019502,1.1707398,1.1070994,1.3712335,1.2350748,0.96459967,0.9463661,1.1560282,0.8795608
chair,0.8643832,1.1704209,1.5122972,0.82770646,1.3457761,1.2272265,1.296577,0.5832143,0.55497533,0.4879799,1.0632755,0.28586555,0.6968459,0.62066495,0.73079467,0.86525965,1.3576269,1.2056004,0.63377285,1.4907734,0.92446965,1.1773478,0.8349094,0.73317116,1.3662691,1.0342813,0.0,1.0960014,0.88097966,0.65513337,0.53400546,0.89986086,1.2827568,0.41645932,1.3683228,1.334142,1.1299238,1.006541,0.67939824,0.723525,0.95444375,1.4931234,1.2158711,1.084505,1.2806085,1.0303283,1.1648501,1.0891227,1.0925008,0.987198,1.3297266,1.002393,0.74376154,1.0997866,1.0565611,1.0212457,1.02811,1.188186,0.7864653,1.1681057,0.8249177,1.2263029,0.67276496,1.1359816,0.9167758,1.3112271,0.97789407,0.833959,1.1351889,1.4743161,0.9455613,1.2664583,1.2479134,1.476197,0.6625548,0.9016142,0.8578525,0.87808007,1.0132141,1.1010231,1.3342927,0.6864978,0.9033024,0.97607154,1.4243463,1.1576676,0.72402936,0.6666155,0.8001252,1.3371899,1.3349212,0.8348227,1.0191975,0.8687122,1.1993499,0.7138709,0.76664984,0.7303382,1.3863494,0.8766053,1.3517523,0.8677033,1.2873658,1.3686459,1.280732,1.0121043,0.81900907,0.45546794,1.2107681,1.4100037,1.3142653,1.0921257,0.9227097,1.0365813,0.9946148,0.81396186,0.55013293,1.213277,0.6915084
clock,1.3087173,1.087774,0.68950236,1.394881,0.4814735,0.640777,0.68773043,0.79076064,1.1221004,1.320378,0.95556843,1.1221755,1.2691025,1.286403,1.1976881,1.0336723,0.5055269,0.5347982,1.0771693,0.8533594,0.6532776,1.0403003,0.7838186,0.84761053,0.8894282,1.2170308,1.0960014,0.0,1.2007148,1.0179005,1.403429,1.1258585,0.6865992,1.1207684,0.48121315,0.92917204,0.84642214,1.049618,1.0744739,0.8983738,1.1039939,0.6200434,0.82790303,1.1928188,1.0592005,0.8460188,0.8375033,0.66960937,0.86829054,1.0411354,1.0055968,1.251696,1.1658484,0.7544777,1.2981927,1.1700492,1.3304124,0.9503778,1.1349443,0.8595599,1.4837668,0.5806974,1.2319878,0.43349612,1.32448,0.9788568,0.99133664,1.3252509,1.2048199,0.7234009,0.86298096,1.0551548,0.7793691,0.6628524,1.2059536,1.3967514,1.4835562,1.2511537,1.1828748,0.74657965,0.81696653,1.1454723,0.9489097,0.5085073,0.89095527,0.5844901,1.0463685,1.1978891,1.1462033,0.9501316,0.6249444,1.3641503,0.79637617,1.4434355,0.7431762,1.1586369,1.017293,1.2577689,0.6708912,0.9777316,0.6307764,1.406615,1.1102213,0.56036323,0.7052828,1.0225681,1.3120613,1.245126,0.35037965,1.1030252,1.0385882,0.7478911,0.8927341,0.66777694,0.8559643,1.0346111,0.92760986,0.6771329,1.1707795
closet,0.80962706,1.1438498,1.3253756,0.72301024,1.3077189,1.2493011,1.2574017,1.0116233,0.7362561,0.83506143,1.1321942,0.87736166,0.9048958,0.84624374,0.98256516,1.0635009,1.2162442,1.2235651,0.98600084,1.2877309,1.154646,1.153547,0.98267305,0.78903127,1.0707178,0.6830544,0.88097966,1.2007148,0.0,0.8953673,0.8390428,0.9342281,1.3318217,0.8130998,1.264322,1.1484908,1.057112,1.1238414,0.4988867,0.9246746,0.6331072,1.3081279,1.1818384,1.0153766,1.3124131,1.1808531,1.1999928,1.18794,1.1395047,0.8643986,1.1137239,1.1764321,0.9593356,1.2338328,0.9099737,0.86466163,0.9439531,1.174857,1.0225921,1.071144,0.7658081,1.1382016,0.7460922,1.1908091,0.831054,1.1999876,0.9554539,0.9113736,1.0873332,1.254288,1.10135,1.1964297,1.2513437,1.3381805,0.67455316,0.8121324,0.77942276,0.9158846,0.8350643,1.2524005,1.185071,0.8757715,0.9865792,1.1620069,1.1722767,1.1685052,1.1063521,0.52709705,0.6120435,1.2202425,1.2056583,0.787436,1.0847441,0.6836928,1.0508549,0.8461244,0.94959,0.9703543,1.2882364,0.8873445,1.2718164,0.9495152,1.1521307,1.1659553,1.1926155,0.8879087,1.0121232,0.7559609,1.3092892,1.3288608,1.111634,1.141298,1.0728368,1.2839642,1.1805578,0.8936361,0.7921094,1.2959534,0.5855064
comb,0.7769731,1.0422876,1.3489121,0.8010202,1.2133644,1.091695,1.0786787,0.6194373,0.5888473,0.79611945,1.1753109,0.6686956,0.41121876,0.8054334,0.71051276,0.8994885,1.3634775,1.1569364,0.7791518,1.313076,1.0515202,1.1612664,1.0632831,1.0264081,1.2433459,1.037151,0.65513337,1.0179005,0.8953673,0.0,0.8453898,0.9397796,1.2361956,0.577587,1.3396847,1.2736208,1.2585428,1.1487513,0.91122484,1.0033007,1.0313479,1.3252652,1.1828487,0.996753,1.1909009,0.95445836,1.2059233,1.1631374,1.0652244,0.83840895,1.2525268,1.0706167,0.7428067,0.92658937,1.0643886,0.8270178,0.91569257,1.2446951,0.98105925,1.1152153,0.85298383,1.2644422,0.8395802,1.2565072,0.9214208,1.2832283,0.96632147,0.88691396,0.9737438,1.3215125,0.97262573,1.2575959,1.2310743,1.290839,0.7580029,0.8473877,0.9625274,0.848792,0.82971776,1.1844604,1.1857252,1.0754341,1.075784,0.964117,1.2616799,1.1115749,0.9629158,0.6954443,0.8271742,1.2356869,1.2552975,0.88111717,1.0910221,0.9706102,1.2649565,0.8345431,0.8654654,0.63165474,1.4284457,1.0000632,1.2143027,0.93904185,1.03916,1.305685,1.245292,1.1270772,0.9394307,0.68375957,1.1694583,1.3259776,1.1676599,0.973379,0.9941189,0.98284173,1.002017,0.9942065,0.8839018,1.1546767,0.8168201
couch,0.5860513,1.1358972,1.4804702,0.4710784,1.3951423,1.4144017,1.4480541,1.0794001,0.5820336,0.1390413,1.2279701,0.5536404,0.59910595,0.2631737,0.74005973,1.0265843,1.5306962,1.5309935,0.9302015,1.4754403,1.352113,1.174549,1.3079169,1.0211238,1.3521383,0.91555357,0.53400546,1.403429,0.8390428,0.8453898,0.0,0.7022116,1.5439142,0.5779129,1.6040392,1.2710538,1.1359069,0.8235004,0.85877913,1.2120212,1.1404074,1.4790145,1.1091034,0.7779882,1.2986656,0.9803218,1.2037756,1.5636648,1.2095029,0.90720874,1.2382548,0.99507457,0.5653841,1.2830434,0.8073466,0.77002716,0.91592515,1.2103463,0.5441389,1.3181323,0.449629,1.6202252,0.80283624,1.5204184,0.70106816,1.20212,0.991867,0.6963482,0.97673994,1.382942,1.3203046,1.3164303,1.2600514,1.5165151,0.7448188,0.5262317,0.4906255,0.7500173,0.742324,1.4930513,1.3072062,0.6944777,0.95073766,1.3535588,1.2891363,1.2599496,0.9040615,0.643319,0.7338164,1.2589748,1.4656993,0.432585,1.1395683,0.5790225,1.50914,0.6406816,0.9581634,0.84360456,1.5583794,0.7880103,1.4536631,0.7295069,1.2946486,1.6710614,1.3557876,1.0497859,0.6186551,0.38661647,1.4629481,1.3213592,1.3070699,1.1682181,1.270804,1.2466406,1.32355,0.95197964,0.9487163,1.4470038,0.71741694
cracker,0.66871065,0.7858292,1.2568675,0.7630508,1.1701448,1.1959846,1.1611731,1.0211681,0.92357755,0.7616892,1.1862457,0.87032026,0.87497884,0.72741705,0.95616883,1.0461501,1.2999842,1.2767181,1.0512297,1.2211742,1.2382761,1.2215607,1.3072202,1.1116332,1.2427336,0.91656345,0.89986086,1.1258585,0.9342281,0.9397796,0.7022116,0.0,1.3306384,0.8180419,1.3371725,1.2027649,0.7237344,0.80643696,0.99473226,1.1281409,1.1404799,1.2958834,1.0630624,0.89327747,1.0811377,0.8517907,0.9585999,1.2208049,1.1329129,0.96598965,1.2047532,0.963784,0.7855386,1.1064045,0.9417066,0.5835573,0.8202456,1.1762562,0.89546037,1.1387,0.84407794,1.2809186,0.925176,1.3125862,0.77752924,1.1223986,0.95977587,0.6833788,0.98172414,1.2401687,1.1523955,1.1845453,1.1088072,1.2877936,0.9965771,0.6328978,0.99032444,0.9132467,0.57163143,1.2399371,1.2488922,0.95546,0.9183174,1.1921527,1.244126,1.0808403,1.1100905,0.95636624,1.0501853,1.2791729,1.2425107,0.82926065,0.9167708,0.9658108,1.277462,0.8597474,1.0255859,0.9094274,1.2992685,0.951536,1.2632699,0.83707434,1.1789588,1.3168423,1.2862238,0.9859296,1.0651897,0.7699035,1.2321436,1.072974,1.2322588,1.0395483,1.1430151,1.1194663,1.127963,0.95596707,0.9833261,1.1817014,0.97246844
