,alligator,ankle,apple,arm,ball,balloon,banana,basket,bathtub,bed,belt,bench,bib,blanket,boat,book,bottle,bowl,box,bread,bucket,can,car,cat,chair,clock,coffee,comb,couch,cracker,crayon,crib,cup,dog,doll,door,drawer,ear,face,finger,fish,flower,foot,frog,glass,glasses,glove,grass,gum,hair,hand,hat,jacket,jeans,knife,ladder,lamp,mitten,motorcycle,nail,napkin,necklace,orange,oven,owl,pajamas,pants,paper,pen,pencil,pillow,pizza,plant,plate,purse,radio,refrigerator,rooster,scissors,shirt,shoe,shorts,sink,slide,slipper,snow,soap,sock,spoon,sprinkler,stroller,sweater,table,tape,toe,toothbrush,towel,toy,tray,tree,vacuum,watch,window
alligator,0.0,1.0730479,1.2217258,0.8273971,1.1828971,1.205334,1.1334038,1.2201694,0.53479046,0.4699002,1.3820997,0.8058493,0.69287175,0.579382,0.9769342,1.1880715,1.354135,1.3192484,1.0322398,1.2750183,1.255975,1.1880445,1.2657969,1.11896,0.6604446,1.1758173,1.1363745,1.100621,0.4311849,0.9448721,1.3415251,0.86268586,1.3211217,0.98325056,0.9981261,0.83887076,1.0669687,1.109199,0.74625564,1.1489524,1.2909964,1.3256935,1.0974087,1.2193246,1.023275,1.1669782,1.3029177,1.0238616,1.2430328,0.7652978,1.0130429,1.3325973,0.9139237,0.6243681,1.1786929,0.71579045,1.2663176,0.8632839,1.1239555,1.0721711,1.0807832,1.352495,1.1198703,0.7164589,1.2890391,0.695983,0.6670844,0.77044666,1.2942791,1.2139405,1.1255754,1.1042477,1.2367753,1.2836825,1.1109414,1.3292624,1.027189,1.2682931,1.1292242,0.5763148,0.97671705,0.779763,0.8293255,0.7219519,1.3529153,0.8201763,1.2543914,1.1778997,1.052648,0.71988237,0.65190446,0.8470299,0.5492259,1.25401,1.0878532,1.0146252,1.0796843,1.3511528,0.99793464,1.0717247,1.0693738,1.2857664,0.80134237
ankle,1.0730479,0.0,0.88928246,0.81652665,1.0675359,1.0600839,0.9946601,1.0675204,1.2609898,1.2091372,0.9767076,0.9873396,1.0329437,1.2146814,1.0471319,1.0186001,1.09906,1.0461642,1.0676812,0.89286023,1.0952884,1.0340079,1.0677145,1.0560806,1.1147997,1.0159415,1.0474545,1.1411179,1.1783359,0.9610097,1.010267,1.264734,1.1519741,1.0669965,0.890913,1.1209029,1.0727718,0.79273474,0.9624754,0.55101293,1.0719439,1.0099158,0.79524094,0.9539721,1.1939886,0.8131367,0.8169757,0.98682034,0.79893786,0.8297522,0.5773071,0.966442,1.0782404,0.98145926,1.0177102,1.1984484,1.1319966,0.76993144,1.0985925,0.9866835,1.0511318,0.84414816,1.0577525,1.2040567,0.8785425,1.0651925,0.9290338,1.1195599,1.0883542,1.0827839,1.059041,0.94630945,1.0436293,1.1181729,0.9185547,1.0982082,1.0417107,0.9249699,1.084625,0.97885495,0.7604102,0.9015391,1.2220232,1.1228969,0.9448767,1.2033901,0.97284347,0.75695956,0.95256597,0.94452953,1.048464,1.0371046,1.2310138,1.1046331,0.47623307,1.073812,1.0363607,0.9777776,1.1737868,1.0450803,1.0219703,0.8015644,1.2091323
apple,1.2217258,0.88928246,0.0,1.097091,0.33738953,0.4118343,0.9162611,1.0888325,1.3823664,1.4064692,0.74943686,1.2860947,1.2146305,1.4326304,1.185093,0.9772433,0.851625,0.907261,1.0387688,0.6031865,0.8508173,1.0714182,0.93921286,1.1115489,1.3925732,0.85865414,0.91483676,1.1416986,1.3276362,0.93153936,0.71167886,1.2923046,0.8000468,1.0701234,0.9395311,1.1535636,1.1107078,0.74662673,1.0785539,0.6812126,0.85042,0.9894032,0.89853233,0.743751,1.1541638,0.6701654,0.94683874,1.2410079,0.78243136,0.9696527,0.8733382,0.6557548,1.2252619,1.2223121,0.9506657,1.3444004,0.8399569,1.0195626,1.1276513,0.6683042,1.1198647,0.69626933,0.7218156,1.2841935,0.9813764,1.3131145,1.2138735,1.2418805,0.85345656,0.8513216,1.1132326,0.8179095,1.1183804,0.7762532,1.1589351,0.88497907,1.112095,0.92043185,0.89848506,1.1580405,1.0404168,1.0283818,1.2276033,1.258386,0.8133698,1.2543724,0.8786499,0.7743225,0.9341915,1.0500529,1.212509,1.2426064,1.4056066,0.7939462,0.6298403,1.1034971,1.0940075,0.5332407,0.9313522,1.0959533,1.162721,0.6766782,1.2954501
arm,0.8273971,0.81652665,1.097091,0.0,1.1875635,1.1634448,1.0951927,1.3245143,0.80939305,0.63330233,1.2657794,0.72627085,0.7283453,0.6742018,0.90474534,1.2575865,1.2703826,1.2814245,1.1667484,1.1340857,1.2958956,1.1564091,1.2462484,1.0671295,0.86849797,1.3372371,1.2762096,1.1444571,0.80826616,0.603747,1.248357,1.0614119,1.2881434,0.98609793,1.1108154,0.9567218,1.1029204,1.042274,0.8677259,0.65067726,1.0359002,1.3079681,1.0656157,1.148419,1.0292865,1.1246449,1.0927924,1.0893775,1.0949364,0.8233712,0.5947307,1.2967336,0.94633895,0.59763545,1.0184805,0.891636,1.2818522,0.9085108,1.222413,1.0089631,0.9447049,1.1425278,1.0799406,0.7986964,1.2284944,0.6656606,0.6838733,0.895832,1.234867,1.2115204,0.86635184,0.98441535,1.231892,1.3502843,1.192882,1.3440839,1.1342429,1.198662,1.1245563,0.6149935,1.0795178,0.8049575,0.8699281,0.83954436,1.3317869,0.92803335,1.1655113,0.8957317,0.9691552,0.87947726,0.86326337,0.8400572,0.7635704,1.2347718,0.7877046,0.90536594,1.0126122,1.3573492,0.9903468,1.0481756,1.1776556,1.1075747,0.92354566
ball,1.1828971,1.0675359,0.33738953,1.1875635,0.0,0.0662086,1.0990137,1.0029762,1.2678788,1.3126689,0.79518175,1.2636762,1.3113558,1.3562827,1.1270993,0.9913685,0.7938409,0.9019104,0.9906105,0.8264873,0.7640377,1.1140218,0.8836026,0.9527028,1.2618041,0.79035044,0.8412706,0.97165203,1.2497797,1.1940393,0.6881583,1.0561104,0.68797034,1.157,1.0525376,1.1834747,1.0957888,0.8707734,1.0870137,1.0253993,0.8577,0.9293081,0.9841935,0.9026014,1.0648293,0.88074416,0.91887414,1.1022155,0.9048993,1.0905564,1.1821158,0.6568887,1.2141986,1.2307004,0.9951093,1.2465523,0.7687197,1.1147178,1.0406911,0.7329186,1.212727,0.8340508,0.36342824,1.2786983,0.971103,1.2842754,1.206406,1.2016015,0.7880511,0.8048891,1.1586704,1.0374894,1.0721581,0.8242015,1.1140579,0.83628446,1.1321532,0.969092,0.9435966,1.1775199,1.0452607,1.1130465,1.2396398,1.1121092,0.7756879,1.103385,0.93326706,0.9007362,0.9682862,1.1737368,1.2489197,1.1933061,1.3124464,0.72034365,0.8716607,1.0918626,1.1059991,0.41431558,0.99710244,1.051333,1.1018528,0.7864517,1.2412026
balloon,1.205334,1.0600839,0.4118343,1.1634448,0.0662086,0.0,1.0814878,0.9562554,1.2336472,1.2529727,0.92739165,1.1750171,1.2889521,1.2750385,1.0796832,0.99067116,0.8819222,0.9024174,0.88148594,0.83616894,0.7259691,1.1175671,0.9240293,1.009807,1.153383,0.8516115,0.8212961,0.92593694,1.2151204,1.160803,0.8266459,0.9507631,0.7887474,1.1840506,1.0613343,1.1537167,1.1139268,0.9774787,1.0703828,1.0276482,0.9319945,0.9476104,1.0598454,0.94264996,1.0403134,1.0031906,0.95038253,1.0531806,0.86924654,1.1382058,1.1170197,0.74820244,1.1707721,1.2165592,0.9124975,1.1792989,0.9283439,1.032428,1.0346693,0.8990795,1.2028791,0.9541441,0.28104842,1.2304503,0.97317445,1.2384934,1.2066035,1.0990632,0.93864703,0.96529,1.186975,0.97618204,1.0675563,0.88186485,0.9943507,0.9363622,1.1590627,1.0444623,0.90379524,1.1494989,0.99500936,1.0959371,1.2397887,0.9863968,0.8806845,1.046794,1.018034,1.0175878,0.9158222,1.1950992,1.1983782,1.1473202,1.2314829,0.7873234,0.9770806,1.0250603,1.0831939,0.46175283,0.9886822,1.0141494,1.0466752,0.9129078,1.185859
banana,1.1334038,0.9946601,0.9162611,1.0951927,1.0990137,1.0814878,0.0,0.82784235,1.2115594,1.2296757,0.8665458,1.1712139,1.0950927,1.1596115,1.1774573,0.73530793,0.92500913,0.88260436,0.80060476,0.92029995,0.88334805,0.73317575,1.0095122,0.9804724,1.1420184,0.9846139,1.181645,0.9190058,1.124346,1.028951,0.85892296,1.0950841,0.99983525,0.7501849,0.84450793,1.067606,0.8162331,0.8723335,1.1871197,0.9568811,0.8701518,0.99860895,0.9115371,0.65753746,1.0127695,0.96417886,0.9882473,1.1380327,0.9153565,1.1010989,1.0179993,0.96225286,0.9033508,1.2006056,0.8746885,1.2297724,0.8732693,1.0644866,0.95078313,1.0490218,0.7188865,0.86569476,1.0629762,1.0749557,0.9343065,1.1715686,1.1041728,0.9996692,0.96134293,0.96914744,0.715065,0.92582786,0.928972,0.9453785,1.0139341,0.8217895,0.8069588,0.8383484,1.0435008,1.1848654,0.9832465,1.1685269,0.76436853,1.238847,0.9109615,1.1401682,0.8323568,0.6721554,1.0298097,1.1680309,1.0721916,1.1200098,1.210157,1.0421487,0.96465814,1.1552387,0.89458025,0.9045696,0.82057524,1.0931506,0.9386374,0.9849245,1.1292508
basket,1.2201694,1.0675204,1.0888325,1.3245143,1.0029762,0.9562554,0.82784235,0.0,1.2375196,1.2980872,0.8899744,1.0684727,1.3667531,1.2620413,1.127965,0.53412247,0.790637,0.67961186,0.49138623,0.91779315,0.675813,0.6135994,0.75043416,1.0378371,0.90702724,0.8964788,0.74619603,0.8432231,1.1836575,1.0613666,0.82020307,0.64531255,0.7014648,1.1310793,0.80749404,1.0137261,0.68970585,1.1107106,1.1891522,1.190171,1.00189,0.6496132,0.9076117,0.9644739,0.98025244,1.0583599,0.8285908,0.9977598,0.875901,1.2717232,1.2504939,0.9044616,1.0895301,1.4197223,0.91335523,1.0732895,0.8301594,1.1470299,0.77569246,1.204726,0.98636496,0.9453743,0.97742015,1.1100371,0.76415765,1.238409,1.3589718,1.0245352,0.9066261,0.9640317,0.9189811,0.94403934,0.7353611,0.8771865,0.583847,0.74726963,0.973884,0.8624719,0.96462125,1.3877721,0.9349412,1.336871,1.1386696,1.1009133,0.7623997,1.2050213,1.0945406,1.0326049,1.190783,1.3000543,1.1493893,1.192305,1.2180203,0.6974072,1.1932917,1.0145447,0.976974,0.6859002,0.9542642,0.90781176,0.6337528,0.97175115,1.0066156
bathtub,0.53479046,1.2609898,1.3823664,0.80939305,1.2678788,1.2336472,1.2115594,1.2375196,0.0,0.39544857,1.4815292,0.5962569,0.6982908,0.5020512,0.7736554,1.3214712,1.3984077,1.1944911,1.0254409,1.3488076,1.1503143,1.1942818,1.1548781,0.97983015,0.6094814,1.2786844,1.0905111,0.8865134,0.4753645,1.0357535,1.4836462,0.56696814,1.3648859,0.93462014,1.2279816,0.6475261,1.0287124,1.3191831,0.80282295,1.3004462,1.2997642,1.380666,1.2869542,1.3222238,0.7667383,1.4059417,1.4423916,0.7134254,1.3776572,0.8964091,1.0243268,1.4735243,0.9773131,0.6263388,1.0664359,0.55446696,1.355424,1.0014913,1.0510899,1.2188922,1.1484592,1.4940405,1.090046,0.42655683,1.3037586,0.6945289,0.7070143,0.6763751,1.3444576,1.3063664,1.1333598,1.1027422,1.2175816,1.1298578,1.2325435,1.2829295,0.9921348,1.3105626,1.0678089,0.6848823,1.1525413,0.8204502,0.44779444,0.56072414,1.5137973,0.6045446,1.2529974,1.337035,0.9738356,0.7082432,0.80317533,0.75377154,0.3354249,1.2383631,1.3685076,0.90757614,1.1652236,1.480785,0.9242174,0.9473916,1.1476232,1.498344,0.52823544
bed,0.4699002,1.2091372,1.4064692,0.63330233,1.3126689,1.2529727,1.2296757,1.2980872,0.39544857,0.0,1.5226392,0.41633195,0.4744451,0.10217804,0.7544457,1.3374856,1.5365438,1.4346766,0.9984251,1.3407505,1.4040651,1.3065987,1.3172092,1.1101953,0.43639195,1.3475968,1.2732644,1.0065458,0.1579268,0.90185964,1.6298381,0.58574384,1.5056801,0.9635319,1.056326,0.79181993,1.2532934,1.4134502,0.674169,1.2436829,1.3628591,1.5005033,1.2726171,1.3047003,0.8803746,1.3552499,1.2425792,0.8083142,1.3427135,0.8765696,0.932433,1.4842362,0.6753992,0.33865798,1.150554,0.5340514,1.5632117,0.95674694,1.1321899,1.2574732,1.0552632,1.5637242,1.0431516,0.5447175,1.4362223,0.36368358,0.47858363,0.60853255,1.5127829,1.4234878,0.9612241,1.0597937,1.3194387,1.4393744,1.1013144,1.521228,1.1316266,1.4064012,1.1933348,0.4924209,1.0186278,0.6947929,0.83593124,0.5177516,1.6083533,0.58849,1.4211591,1.3824935,1.1228564,0.7550529,0.429371,0.69767785,0.14768255,1.3672988,1.3685338,0.92450446,0.9332245,1.5350482,0.8423964,0.9663024,1.1101246,1.5473202,0.67521393
belt,1.3820997,0.9767076,0.74943686,1.2657794,0.79518175,0.92739165,0.8665458,0.8899744,1.4815292,1.5226392,0.0,1.4341865,1.4049058,1.5154692,1.161938,0.8092529,0.40726262,0.7236427,1.1667099,0.80479246,0.87501836,0.8587466,0.768558,0.8692198,1.4214199,0.74091893,0.9311042,1.1428614,1.4024786,1.208763,0.30186665,1.4114451,0.3821746,1.112969,0.8989176,1.1877711,0.9369806,0.5355353,1.2830387,0.7795987,0.569404,0.73485106,0.7385037,0.8977754,1.1426411,0.4708506,0.6612175,1.2323726,0.96611637,1.0763371,1.1561421,0.3858025,1.1509181,1.3487456,1.1298724,1.3398917,0.36140352,1.3181942,0.87571836,0.38965178,1.029178,0.31965983,1.124155,1.3875875,0.6708424,1.4011812,1.2598686,1.5306754,0.2742058,0.35090393,0.9512218,1.140833,0.81061447,0.75229007,1.0637797,0.49666202,0.8648711,0.79469883,0.9827908,1.3633577,1.150988,1.2034333,1.2190175,1.4881988,0.3743934,1.239248,0.68271184,0.7108412,1.1516939,1.2341781,1.3894947,1.3029668,1.5532484,0.6927405,0.5928185,1.2030325,1.0479922,0.6150085,1.0980619,1.2128056,1.0544536,0.2596445,1.3411751
bench,0.8058493,0.9873396,1.2860947,0.72627085,1.2636762,1.1750171,1.1712139,1.0684727,0.5962569,0.41633195,1.4341865,0.0,0.70106006,0.44763255,0.7901425,1.2282624,1.461037,1.3638512,0.94759923,1.1477909,1.3076003,1.1943163,1.2291808,1.1312633,0.3296821,1.385498,1.1817889,0.8221844,0.5252032,0.89311016,1.5530851,0.5197756,1.4337909,0.99775046,1.1882395,0.85121214,1.2303352,1.3673115,0.8515829,1.0955697,1.2778538,1.3680329,1.2189326,1.2653091,0.79070824,1.3230205,1.2051922,0.6811905,1.204911,1.0314859,0.7899965,1.5079303,0.92141527,0.558382,1.0252656,0.6261891,1.5210582,0.91815805,1.0295016,1.3330469,1.1525285,1.4239104,0.93409497,0.7419817,1.36332,0.58028495,0.6112967,0.6646024,1.4741405,1.4274328,1.0869066,0.86971724,1.2042027,1.3772538,1.0230807,1.4945346,1.1225872,1.3182985,0.9703029,0.63808036,1.0187155,0.74055696,0.9123419,0.5201293,1.5647612,0.71971124,1.3881223,1.3034856,1.1704012,0.8949679,0.69048613,0.622793,0.33821929,1.2581881,1.2905047,0.77036273,1.1104947,1.4205961,0.86226404,0.80325526,1.0294181,1.479051,0.67334616
bib,0.69287175,1.0329437,1.2146305,0.7283453,1.3113558,1.2889521,1.0950927,1.3667531,0.6982908,0.4744451,1.4049058,0.70106006,0.0,0.44268698,0.775458,1.2145083,1.4911731,1.4226533,1.0592554,1.1932936,1.3035319,1.2373071,1.404378,1.1145849,0.80389774,1.2341235,1.3745177,0.9507686,0.57770747,0.91355264,1.5094955,0.84910554,1.5327127,0.8123168,1.0673602,0.96991426,1.1871026,1.1142077,0.66659796,0.9860322,1.3753998,1.4816377,1.0464599,1.1267443,0.88536537,1.1089706,1.1666573,0.9682589,1.1306643,0.6809635,0.6757947,1.2974969,0.86236185,0.40173358,1.0687089,0.81529474,1.4540335,0.8638189,1.1336873,1.0918427,0.8978815,1.2792879,1.1011466,0.73739696,1.2921951,0.43525004,0.51376295,0.5920782,1.4916586,1.3789332,0.950985,1.059133,1.3196633,1.3203621,1.2273612,1.4019253,1.0314915,1.2766029,1.198236,0.42713344,0.9963851,0.43659872,0.82108057,0.7782662,1.5209908,0.86861646,1.2205284,1.0697461,1.1425532,0.71976286,0.6201844,0.78981024,0.5219498,1.3709269,1.0769649,0.99182636,0.96073204,1.5043232,0.81838584,1.0132283,1.1514513,1.3263661,0.86447626
blanket,0.579382,1.2146814,1.4326304,0.6742018,1.3562827,1.2750385,1.1596115,1.2620413,0.5020512,0.10217804,1.5154692,0.44763255,0.44268698,0.0,0.8284906,1.3201628,1.5036592,1.426271,0.9701253,1.3072913,1.3822594,1.2459785,1.3087488,1.0700935,0.44472587,1.3388225,1.2693605,0.93701315,0.25514513,0.93988734,1.6104165,0.64139616,1.5353421,0.88610935,1.0324144,0.8697348,1.2874093,1.4403381,0.7649237,1.241574,1.364122,1.4881521,1.2607358,1.2377545,0.85498554,1.3747442,1.1519704,0.8141457,1.2910137,0.9380319,0.9484879,1.4554363,0.53740764,0.31114912,1.1130575,0.599634,1.5857968,0.9656762,1.1261083,1.3172979,0.8707168,1.5046892,1.043745,0.6480585,1.4008763,0.36265212,0.43560898,0.58536965,1.5121691,1.4464707,0.83412886,1.0484312,1.2949212,1.4363629,1.0118421,1.5087174,1.0428537,1.3459964,1.2145742,0.54277647,0.9768029,0.6403045,0.86173874,0.51471776,1.5754592,0.5686232,1.3605111,1.3021588,1.1139009,0.78842545,0.44295812,0.6397067,0.20203722,1.397089,1.4010301,0.930937,0.76024204,1.5293895,0.88504845,0.99401873,1.0858653,1.5460527,0.75282
boat,0.9769342,1.0471319,1.185093,0.90474534,1.1270993,1.0796832,1.1774573,1.127965,0.7736554,0.7544457,1.161938,0.7901425,0.775458,0.8284906,0.0,0.9703037,1.2727727,1.1780999,0.9860158,1.1162176,1.1826606,1.2558051,1.1593193,1.0495124,0.90075856,1.1755447,1.081893,0.86072046,0.87766457,1.0689335,1.2423375,0.7457976,1.1515472,1.2003529,1.3099942,1.0717899,1.0980768,1.166505,0.8995987,0.9896502,1.1582062,1.2124995,1.0999511,1.2454355,0.76730585,1.2353662,1.207624,0.7788835,1.0429095,1.0320177,0.81526405,1.2062807,1.0346286,0.80200505,1.0550014,0.75466436,1.2520272,0.89024466,1.0722915,1.1529679,1.2074928,1.2105031,1.0079254,0.7009315,1.0277755,0.79895836,0.89804274,0.7564517,1.201495,1.1547601,1.1892079,1.0628681,1.1466455,1.1848607,1.0937704,1.2428417,1.125593,1.156227,0.9584868,0.90605,1.0887312,0.83303654,1.0245861,0.77789927,1.2568355,0.8774905,1.2413787,1.2548766,0.99378455,0.8976489,0.9185819,0.9066286,0.69664276,1.0324823,1.1674426,0.84006464,1.2225605,1.2477676,0.7612768,0.96899265,1.0820731,1.1513377,0.9283681
book,1.1880715,1.0186001,0.9772433,1.2575865,0.9913685,0.99067116,0.73530793,0.53412247,1.3214712,1.3374856,0.8092529,1.2282624,1.2145083,1.3201628,0.9703037,0.0,0.61902106,0.67299527,0.45459032,0.82935226,0.6971971,0.725729,0.78279686,1.1567324,1.2349669,0.7759192,0.82727206,1.0083332,1.2499055,1.048886,0.7426394,1.0540464,0.65529275,1.14348,0.77796024,1.1749763,0.71438426,1.0206687,1.1202656,1.0804739,0.980992,0.66553307,0.84123343,0.79537404,1.2515272,1.0055209,0.8378502,1.1081519,0.68377274,1.2545769,1.0832887,0.89536554,1.1427072,1.4701796,1.0142436,1.1995279,0.76730096,1.0011785,0.8626795,1.0139582,1.0583313,0.92313176,1.1046826,1.0516607,0.67121154,1.2260498,1.4541616,0.7199791,0.8285569,0.87935317,0.97531044,0.8982657,0.73180735,0.79760545,0.7952499,0.6169593,1.1642507,0.7769623,0.93487346,1.3566658,0.89721316,1.3363321,1.1553099,1.272765,0.6600771,1.2174382,0.93266153,0.9830162,1.1427066,1.2939435,1.1545523,1.282231,1.2392914,0.71096027,1.0794219,1.1522359,1.0157942,0.5911689,0.7729169,1.0223807,0.88050705,0.89194083,1.1826444
bottle,1.354135,1.09906,0.851625,1.2703826,0.7938409,0.8819222,0.92500913,0.790637,1.3984077,1.5365438,0.40726262,1.461037,1.4911731,1.5036592,1.2727727,0.61902106,0.0,0.52594376,0.9600173,0.9038769,0.5233081,0.6930368,0.65817314,0.84954506,1.4239037,0.72738254,0.8238598,1.1488954,1.4400265,1.164467,0.34219193,1.3479117,0.21889627,1.1169692,0.8149972,1.0910274,0.87452245,0.7830565,1.2991095,1.1119417,0.58763486,0.5295548,0.9678791,0.8358251,1.1932975,0.81476516,0.7579514,1.1380318,0.73198473,1.2651062,1.3538426,0.61469454,1.1437125,1.5263747,1.0663205,1.3016782,0.29550958,1.1385889,0.8310798,0.63013446,1.0494598,0.62702656,1.1098167,1.3709826,0.74245405,1.3860714,1.4593552,1.2625989,0.32610655,0.46710694,0.98690975,1.0907563,0.59600437,0.69770855,1.0085523,0.4401579,0.914257,0.64935863,0.82141775,1.4236724,0.9998739,1.4417734,1.1771946,1.3412771,0.37132245,1.1948847,0.561111,0.83499163,1.0864885,1.3247126,1.3251371,1.2224288,1.5281196,0.62145287,0.93988985,1.0840538,1.0136269,0.4383334,1.1634777,1.0810038,0.9716391,0.56126213,1.2093462
bowl,1.3192484,1.0461642,0.907261,1.2814245,0.9019104,0.9024174,0.88260436,0.67961186,1.1944911,1.4346766,0.7236427,1.3638512,1.4226533,1.426271,1.1780999,0.67299527,0.52594376,0.0,0.81499195,0.9362626,0.52497584,0.5021908,0.6085947,0.98764986,1.2505517,0.71108425,0.559644,1.0972959,1.3528162,1.2273561,0.6952779,1.1703418,0.47045684,1.038297,0.760356,1.1619699,0.81273127,1.0821711,1.2796416,1.207397,0.8438885,0.6498938,0.910929,0.87786704,1.064704,0.9413367,0.8047112,1.162922,0.7984177,1.2730144,1.3131242,0.5630562,1.056393,1.4669821,1.0056475,1.202308,0.7232039,0.95913386,0.84343445,0.9807474,1.0222251,0.9103816,1.1162429,1.1727557,0.67730975,1.425654,1.3972343,1.225261,0.6556654,0.783585,0.8534491,1.0452348,0.73980284,0.5104297,0.5852375,0.44270253,1.0145481,0.82561743,0.9010128,1.4364936,0.7876905,1.3485693,0.9387443,1.2416815,0.37877345,1.1704092,0.82530355,0.9483815,0.8748107,1.2696886,1.2353749,1.2633026,1.3658581,0.58078814,1.1022041,1.2709929,0.8926388,0.5370767,1.0185654,1.0992105,0.934151,0.7424779,1.2785614
box,1.0322398,1.0676812,1.0387688,1.1667484,0.9906105,0.88148594,0.80060476,0.49138623,1.0254409,0.9984251,1.1667099,0.94759923,1.0592554,0.9701253,0.9860158,0.45459032,0.9600173,0.81499195,0.0,0.9516336,0.7283959,0.7459856,1.0147082,1.1452043,0.85626554,0.9635567,0.8291155,0.9653695,0.9444473,1.0069113,1.1040804,0.7066551,0.9015692,1.1377151,0.8246453,1.0252964,0.84657764,1.2832537,1.0129606,1.2383823,1.2129939,0.96666735,1.0427535,0.9589133,1.0713094,1.2704198,1.0751352,1.0170053,0.74305665,1.2483506,1.032176,1.1402454,1.0309347,1.2027173,0.96498954,0.98311716,1.1649046,0.8999765,0.9952535,1.2815452,1.1490324,1.255535,0.91606206,0.8897363,0.94451344,1.0400329,1.2259737,0.59108317,1.2236521,1.2304747,1.1095263,0.83412737,0.9923422,0.97618484,0.7078664,0.97008866,1.1602843,1.0703785,0.9879451,1.1487237,0.9049353,1.1959223,1.1411185,0.91202575,1.0467323,1.0351696,1.2050891,1.1941991,1.1089693,1.1996047,0.8921335,1.0889388,0.8722711,0.8421296,1.3345647,0.913771,1.0546795,0.6561792,0.68274355,0.9345509,0.796264,1.2038792,1.0032784
bread,1.2750183,0.89286023,0.6031865,1.1340857,0.8264873,0.83616894,0.92029995,0.91779315,1.3488076,1.3407505,0.80479246,1.1477909,1.1932936,1.3072913,1.1162176,0.82935226,0.9038769,0.9362626,0.9516336,0.0,0.9547438,1.0015782,0.95674497,1.0742564,1.2783794,0.84058386,0.85882556,1.1555268,1.2991679,0.8942289,0.8865246,1.270618,0.85904956,1.0594288,0.92842174,1.1457834,1.1362749,0.93851334,1.0931123,0.783938,0.8304027,0.79835343,1.0166428,0.5382107,1.2151123,0.8614211,0.8412975,1.100376,0.6707598,1.081135,0.8629075,0.84858024,1.1423014,1.2646351,0.9451553,1.2653002,0.94329315,1.0259509,1.0329589,0.8674202,1.0372488,0.85679066,0.9336627,1.1892858,0.84910357,1.3134364,1.2974652,1.0612655,0.93745565,0.9679379,1.1138605,0.27963185,0.9074193,0.8060998,1.0165664,0.9515445,1.1609449,0.8798587,0.97876924,1.2669854,1.0464337,1.1482286,1.3125106,1.2620159,0.8576978,1.031884,0.7898923,0.9723716,1.0495389,1.1780906,1.1578666,1.2511076,1.2872151,0.78387034,0.8175472,1.0339161,0.9966779,0.7757267,1.0487093,0.9635929,1.1025213,0.8796836,1.2230878
bucket,1.255975,1.0952884,0.8508173,1.2958956,0.7640377,0.7259691,0.88334805,0.675813,1.1503143,1.4040651,0.87501836,1.3076003,1.3035319,1.3822594,1.1826606,0.6971971,0.5233081,0.52497584,0.7283959,0.9547438,0.0,0.48300922,0.79100716,1.0075121,1.0175749,0.82252866,0.76756287,0.9304378,1.2831784,1.2231245,0.7142882,0.9307252,0.5652212,1.0824529,0.8330452,1.0495108,0.82235587,0.9366136,1.3186402,1.1384543,0.91088915,0.79337907,0.9182706,0.95418096,1.1061318,1.085512,0.8489234,1.1881696,0.6306173,1.2866197,1.2550619,0.748068,1.0878042,1.4411058,0.89606005,1.1856084,0.63605946,0.97889847,0.96724474,1.0415057,0.85481066,0.8916567,0.8958438,1.2156594,0.8163224,1.3495437,1.3629868,1.0340937,0.90043145,0.96890026,0.9067661,1.0180279,0.8433471,0.7213626,0.8458436,0.6738926,0.83969724,0.8841434,0.9085857,1.3765527,0.8956381,1.3128226,0.86187863,1.0248606,0.6845835,1.1263094,0.8604956,0.87394416,1.0311973,1.230456,1.2783805,1.2383101,1.3410866,0.666491,1.066522,1.0466952,0.8796002,0.5714148,0.92005587,1.0391526,0.67080945,0.9279261,1.0501382
can,1.1880445,1.0340079,1.0714182,1.1564091,1.1140218,1.1175671,0.73317575,0.6135994,1.1942818,1.3065987,0.8587466,1.1943163,1.2373071,1.2459785,1.2558051,0.725729,0.6930368,0.5021908,0.7459856,1.0015782,0.48300922,0.0,0.80835843,0.9648427,0.9249773,0.7568964,0.8216933,1.066529,1.1950105,1.2009583,0.9208931,0.9886424,0.63439536,0.7431402,0.65871793,0.93013114,0.6919787,0.9908949,1.3415475,1.122303,0.89351815,0.7198423,0.7660129,0.8646045,1.0540272,1.0404831,0.8001062,1.3121179,0.94241357,1.3059918,1.1971244,0.8267073,0.9125837,1.3341578,0.9957579,1.1253787,0.66106945,1.069396,0.9132407,1.1735322,0.6499026,0.9339618,1.2027094,1.1989772,0.7425885,1.2558932,1.2237314,1.1741744,0.96573657,1.0133728,0.5939139,1.0020319,0.70684576,0.759808,0.6539396,0.6359565,0.67217714,0.7941064,1.0923431,1.3268468,0.9948118,1.245729,0.78746045,1.282949,0.6967558,1.3050194,0.8364749,0.7853531,1.0172539,1.2073249,1.1651242,1.1394322,1.2866528,0.71588665,1.0780282,1.2262232,0.7439219,0.8532785,0.9381148,1.1163276,0.508368,0.9335165,1.0780711
car,1.2657969,1.0677145,0.93921286,1.2462484,0.8836026,0.9240293,1.0095122,0.75043416,1.1548781,1.3172092,0.768558,1.2291808,1.404378,1.3087488,1.1593193,0.78279686,0.65817314,0.6085947,1.0147082,0.95674497,0.79100716,0.80835843,0.0,0.9532087,1.1481218,0.81439126,0.751051,1.0909674,1.2294874,1.1137456,0.7735583,1.1503153,0.66506565,1.0590576,0.81599027,0.98038596,0.84743494,1.0442257,1.120861,1.1091275,0.9487211,0.6483303,0.94025874,0.8793848,1.1145666,0.88653374,0.77816725,0.987052,1.0117798,1.1739798,1.265,0.7301337,1.1048361,1.3524976,1.023447,1.1719663,0.72258717,1.1575049,0.6884666,0.9868556,1.0087924,0.90616924,1.0377393,1.2406657,0.76315033,1.3147527,1.2914199,1.2517601,0.69236207,0.8231975,0.92161673,1.0435328,0.7148446,0.7267491,0.8493933,0.512101,0.9861375,0.7721646,0.91357327,1.2878227,0.97914964,1.2539427,1.1056747,1.243473,0.60966337,1.1530911,0.87537783,0.9803591,1.0157818,1.2069376,1.1700425,1.1800389,1.3200109,0.7661636,1.0591667,1.2066075,0.9305922,0.69269156,1.1722169,0.8580921,0.93132657,0.88278,0.9481451
cat,1.11896,1.0560806,1.1115489,1.0671295,0.9527028,1.009807,0.9804724,1.0378371,0.97983015,1.1101953,0.8692198,1.1312633,1.1145849,1.0700935,1.0495124,1.1567324,0.84954506,0.98764986,1.1452043,1.0742564,1.0075121,0.9648427,0.9532087,0.0,1.0987344,0.9417955,1.0767002,0.9099721,1.134632,1.1816301,0.8919653,1.0641549,0.91948384,0.75489485,1.1106861,0.8353621,0.9689124,0.8784618,1.0327551,1.1108882,0.6500689,0.9585753,1.106172,1.0229939,0.84331214,0.96565515,1.0063127,0.94098383,1.1362739,0.9802653,1.1501081,0.89729434,1.0430346,1.0936978,1.016837,1.0745914,0.76144123,1.1807244,0.9378561,0.901907,0.92199516,0.87221706,0.9906224,1.0717043,1.1286818,1.095796,0.9161032,1.1901507,0.8107152,0.8132379,0.912128,1.159063,0.9731432,0.9494318,1.1406705,0.88936704,0.75060904,0.7897755,1.2278018,1.0722815,1.187183,1.0919049,0.85946643,1.156867,0.9735371,1.0573319,0.8152984,0.89221525,1.0376632,1.123323,1.1367912,1.0220499,1.1296835,1.0675994,1.0153409,1.0736978,1.0610373,1.0610974,1.0930694,0.9316719,1.0979301,0.9177696,0.86413574
chair,0.6604446,1.1147997,1.3925732,0.86849797,1.2618041,1.153383,1.1420184,0.90702724,0.6094814,0.43639195,1.4214199,0.3296821,0.80389774,0.44472587,0.90075856,1.2349669,1.4239037,1.2505517,0.85626554,1.2783794,1.0175749,0.9249773,1.1481218,1.0987344,0.0,1.2887187,1.1440532,0.7396787,0.51042014,0.9912801,1.5189692,0.3851837,1.3547311,0.97726446,1.0559174,0.7550957,1.101505,1.3579435,0.9477097,1.2382542,1.3450565,1.3479662,1.0875825,1.3827744,0.7395619,1.3640056,1.1682516,0.87183434,1.2690402,1.0612276,0.996488,1.3582422,0.77892435,0.65637827,1.0507461,0.52564824,1.4005096,0.98751205,1.0404439,1.4157596,0.9343666,1.4328887,0.87987494,0.8043475,1.3273572,0.72244054,0.66060233,0.7651809,1.4771302,1.4538159,0.9306915,1.0208496,1.1760944,1.3598416,0.7870159,1.3571827,0.82965916,1.3283504,1.0697906,0.7338681,1.0475305,0.76836276,0.8388132,0.48482168,1.4913123,0.7837593,1.4270482,1.2511106,1.1393092,0.86999816,0.75962055,0.7329653,0.45886064,1.254063,1.3850174,0.862802,0.99484086,1.4065809,0.9255823,0.8852431,0.6636784,1.4259801,0.6191286
clock,1.1758173,1.0159415,0.85865414,1.3372371,0.79035044,0.8516115,0.9846139,0.8964788,1.2786844,1.3475968,0.74091893,1.385498,1.2341235,1.3388225,1.1755447,0.7759192,0.72738254,0.71108425,0.9635567,0.84058386,0.82252866,0.7568964,0.81439126,0.9417955,1.2887187,0.0,0.73284817,1.1286061,1.2576984,1.2508423,0.79427296,1.2893889,0.64691037,0.94256866,0.86285347,1.0953091,0.9029311,0.97320676,1.0597507,1.131572,0.8721663,0.6577058,0.88674057,0.5975882,1.1550181,0.78705156,0.70905876,1.152996,0.98618585,1.1106958,1.2812337,0.5462048,1.1178707,1.3369405,1.1488252,1.205338,0.6665744,1.1265827,0.94685423,0.9066787,1.0243279,0.7778894,1.1058215,1.2561228,0.60657716,1.3567263,1.2922435,1.24332,0.78129655,0.7357601,0.9577252,1.045687,0.7716813,0.4363619,0.8741305,0.52729166,0.94264704,0.8692503,1.0763812,1.2676184,0.99062246,1.2564272,1.1429535,1.3556273,0.5522783,1.1462204,0.78372943,0.92690897,0.89270765,1.1718676,1.1539643,1.1495082,1.37794,0.69078064,0.96155596,1.2296045,0.9692204,0.6577536,1.1693313,1.1309998,0.9683842,0.77512395,1.222693
coffee,1.1363745,1.0474545,0.91483676,1.2762096,0.8412706,0.8212961,1.181645,0.74619603,1.0905111,1.2732644,0.9311042,1.1817889,1.3745177,1.2693605,1.081893,0.82727206,0.8238598,0.559644,0.8291155,0.85882556,0.76756287,0.8216933,0.751051,1.0767002,1.1440532,0.73284817,0.0,1.034216,1.1843768,1.1300268,0.8713144,1.1048846,0.5912479,1.1976612,1.0031145,1.1318431,0.8603237,1.1345285,1.1406895,1.1730553,0.9897064,0.7037707,0.9768678,0.9353056,1.1208218,1.0501469,0.9276839,1.0074587,0.96132076,1.2228645,1.2732189,0.8639453,1.1330733,1.2999468,1.0659854,1.1757588,0.89804894,1.064919,0.8987752,1.1098217,1.102034,1.0144956,0.98646855,1.1442834,0.6547911,1.2868572,1.3175328,1.1082844,0.8082379,0.86129683,1.0953661,0.90946084,0.9069293,0.3941779,0.6489269,0.7871368,1.234361,0.9552399,0.952466,1.3184426,0.9676496,1.2282197,1.1421001,1.0629772,0.69297814,0.91071755,1.0245205,1.1417156,0.8021169,1.1636055,1.209908,1.1490059,1.1691184,0.485281,1.1246084,1.0916476,0.98415095,0.6855884,1.0805595,1.053188,0.96825194,0.90846866,1.2019945
comb,1.100621,1.1411179,1.1416986,1.1444571,0.97165203,0.92593694,0.9190058,0.8432231,0.8865134,1.0065458,1.1428614,0.8221844,0.9507686,0.93701315,0.86072046,1.0083332,1.1488954,1.0972959,0.9653695,1.1555268,0.9304378,1.066529,1.0909674,0.9099721,0.7396787,1.1286061,1.034216,0.0,1.0445751,1.1445806,1.0495274,0.55638933,1.1411772,1.0780848,1.2660979,1.0740882,0.8474946,1.0137674,1.0623957,1.0955467,1.0105637,1.162206,0.91343856,1.2019348,0.6098111,1.2418042,1.0496134,0.80736893,1.0922037,1.1034535,1.0702589,1.1167351,1.0468308,1.059771,0.9792323,0.8569367,1.057773,1.1461868,0.9286736,1.1794118,0.87888575,1.0976946,0.80936503,1.0115362,1.0857172,0.96767384,1.1025506,0.88765,1.0570525,1.0396776,0.91121364,1.1490219,1.1477683,0.9621816,1.007589,0.9920937,0.96849674,1.0447533,0.9832233,1.0709106,1.0576029,1.0080338,0.8139831,0.8295473,1.165537,0.8465899,1.032318,0.957391,1.0555757,1.0543337,1.0555897,1.015054,0.90597457,1.0849977,1.166441,0.8947966,1.0475982,1.1547555,0.8394535,0.9399786,0.93407595,1.1406791,0.89806294
couch,0.4311849,1.1783359,1.3276362,0.80826616,1.2497797,1.2151204,1.124346,1.1836575,0.4753645,0.1579268,1.4024786,0.5252032,0.57770747,0.25514513,0.87766457,1.2499055,1.4400265,1.3528162,0.9444473,1.2991679,1.2831784,1.1950105,1.2294874,1.134632,0.51042014,1.2576984,1.1843768,1.0445751,0.0,1.0098041,1.5230031,0.62568295,1.3875186,0.9332202,0.9202342,0.83132297,1.2422116,1.3299692,0.76703864,1.2583448,1.3504,1.3957531,1.1552694,1.2051877,0.9707069,1.2680357,1.2286313,0.83955336,1.3389975,0.8767122,1.0323807,1.3771381,0.7354144,0.47329718,1.1393347,0.64063054,1.4288497,1.0204053,0.9880084,1.1774409,1.0237329,1.462706,1.0603144,0.6431837,1.3339818,0.5286307,0.6186919,0.6954049,1.4378114,1.3429233,0.9864092,1.076271,1.2441533,1.3605938,1.0414046,1.4380832,1.1473545,1.2827313,1.1964666,0.62893057,1.0411156,0.8001481,0.855566,0.6225642,1.4890766,0.7231095,1.3414512,1.3322123,1.1327521,0.8345359,0.49202943,0.7939111,0.28006548,1.2627637,1.3066614,1.0146054,0.9230706,1.3972518,0.883384,0.9975544,1.0685619,1.4709096,0.71199065
cracker,0.9448721,0.9610097,0.93153936,0.603747,1.1940393,1.160803,1.028951,1.0613666,1.0357535,0.90185964,1.208763,0.89311016,0.91355264,0.93988734,1.0689335,1.048886,1.164467,1.2273561,1.0069113,0.8942289,1.2231245,1.2009583,1.1137456,1.1816301,0.9912801,1.2508423,1.1300268,1.1445806,1.0098041,0.0,1.155837,1.1250331,1.2449152,0.97646195,1.0515292,0.9113641,0.99638224,1.02149,0.860508,0.71180356,1.017191,0.95998895,1.0955627,1.0035727,1.1881961,1.0610819,1.1746137,1.1091148,0.92044896,0.89530176,0.6157021,1.3062923,1.0585855,0.96857816,0.7931192,0.937083,1.1976187,0.8966246,1.1965253,1.0787612,1.0729975,1.0479437,1.050809,0.7725812,1.0982903,0.92002535,0.990576,0.8613404,1.1726729,1.1842569,1.0990051,0.7463763,1.0331942,1.1617601,1.0590183,1.2603166,1.1978173,1.0237554,0.8598156,0.8834149,1.0392778,0.94312537,1.0879819,0.9100884,1.2598435,1.084202,1.1454209,1.0846673,0.95942,0.82591534,0.82996386,0.9922866,0.9386134,1.1991165,0.9367949,0.7209344,1.1081636,1.1908846,0.9729071,0.9037525,1.0395064,1.1125126,0.91102636
crayon,1.3415251,1.010267,0.71167886,1.248357,0.6881583,0.8266459,0.85892296,0.82020307,1.4836462,1.6298381,0.30186665,1.5530851,1.5094955,1.6104165,1.2423375,0.7426394,0.34219193,0.6952779,1.1040804,0.8865246,0.7142882,0.9208931,0.7735583,0.8919653,1.5189692,0.79427296,0.8713144,1.0495274,1.5230031,1.155837,0.0,1.4169052,0.40461648,1.1938381,0.93885785,1.255439,0.7077408,0.55640954,1.3290193,0.8883944,0.49318337,0.6871088,0.77589214,0.8847256,1.1942271,0.62519443,0.72863376,1.217618,0.7823318,1.1633788,1.2823169,0.47398162,1.1771065,1.4526026,0.8866219,1.3963237,0.3214048,1.2180105,0.9247592,0.47163683,1.0084306,0.36559254,1.1027939,1.3585113,0.74632293,1.3867571,1.3386145,1.4710757,0.15531099,0.24734807,0.93317956,1.1574054,0.8872452,0.7255752,1.0472546,0.42404282,0.9030219,0.7250185,0.7935056,1.4480963,1.0313547,1.3838705,1.1803776,1.3604479,0.31886792,1.2729937,0.637903,0.6029182,0.9817631,1.238713,1.4386389,1.329731,1.665444,0.7102865,0.67210823,1.0085695,0.9947459,0.39388883,1.09898,1.2055907,1.0382493,0.32917452,1.398716
crib,0.86268586,1.264734,1.2923046,1.0614119,1.0561104,0.9507631,1.0950841,0.64531255,0.56696814,0.58574384,1.4114451,0.5197756,0.84910554,0.64139616,0.7457976,1.0540464,1.3479117,1.1703418,0.7066551,1.270618,0.9307252,0.9886424,1.1503153,1.0641549,0.3851837,1.2893889,1.1048846,0.55638933,0.62568295,1.1250331,1.4169052,0.0,1.2320385,1.0904808,1.1630316,0.75812835,0.98584616,1.3467283,0.9228572,1.32509,1.2857842,1.2961102,1.194063,1.3575978,0.56722796,1.3873429,1.2485385,0.6815221,1.1907442,1.1414672,1.0646886,1.3796428,0.9926231,0.84453595,0.9745961,0.5326804,1.3101348,1.0455632,0.9171489,1.392201,1.1594524,1.4398813,0.6951157,0.6903975,1.305654,0.7568105,0.93477225,0.66779006,1.4106523,1.3581204,1.1295916,1.0719551,1.1157999,1.2624071,0.9461553,1.2981151,1.0026602,1.2753534,1.0084717,0.90259993,1.0712947,0.9755453,0.85741234,0.5631774,1.4844706,0.80920506,1.3986467,1.3533607,1.1916816,0.99110126,0.8088844,0.8323487,0.50263786,1.086427,1.455918,0.8120328,1.2132264,1.2311991,0.7679591,0.79975975,0.7067246,1.451896,0.55139005
cup,1.3211217,1.1519741,0.8000468,1.2881434,0.68797034,0.7887474,0.99983525,0.7014648,1.3648859,1.5056801,0.3821746,1.4337909,1.5327127,1.5353421,1.1515472,0.65529275,0.21889627,0.47045684,0.9015692,0.85904956,0.5652212,0.63439536,0.66506565,0.91948384,1.3547311,0.64691037,0.5912479,1.1411772,1.3875186,1.2449152,0.40461648,1.2320385,0.0,1.2693808,0.8533466,1.0969064,0.8846037,0.8468046,1.2857915,1.1418841,0.64855254,0.58721316,0.9281269,0.91964084,1.0730426,0.7987296,0.7242956,1.1579785,0.89394724,1.3174052,1.3932033,0.54271173,1.2035537,1.5071242,1.1710721,1.227634,0.32306373,1.2451535,0.8149055,0.67866814,1.1327138,0.67113864,1.0656195,1.3522911,0.6761298,1.3958406,1.4799536,1.3065739,0.35470855,0.48266983,1.0773404,1.0884055,0.7170036,0.57813346,0.9125419,0.44656348,1.047367,0.81776726,0.8661926,1.4282018,1.1171407,1.4519614,1.2085273,1.3847357,0.36356568,1.2006503,0.81319547,0.9005371,1.0762964,1.343278,1.3848889,1.2415961,1.4921004,0.21728933,0.97104245,1.1411928,1.1217014,0.4298569,1.1087923,1.1076686,0.9161312,0.5244084,1.2695036
dog,0.98325056,1.0669965,1.0701234,0.98609793,1.157,1.1840506,0.7501849,1.1310793,0.93462014,0.9635319,1.112969,0.99775046,0.8123168,0.88610935,1.2003529,1.14348,1.1169692,1.038297,1.1377151,1.0594288,1.0824529,0.7431402,1.0590576,0.75489485,0.97726446,0.94256866,1.1976612,1.0780848,0.9332202,0.97646195,1.1938381,1.0904808,1.2693808,0.0,0.85478723,0.837632,0.9819887,1.0068554,1.0637925,1.0866395,0.95698154,0.9757358,0.91539395,0.79246354,1.087054,1.0106188,1.0733303,1.1272261,1.1648235,0.8004595,0.98620886,1.038438,0.8765659,0.9724825,0.89578795,1.0990219,1.0312955,1.0434494,1.0152817,1.0909468,0.62460554,1.0049781,1.0873759,0.9522611,1.1447713,1.0572398,0.77019286,1.0883613,1.1604025,1.0907177,0.60125864,0.9506914,0.84933066,1.0330309,1.041158,0.99095273,0.70527685,0.7399053,1.225302,0.99781436,1.0814534,0.86322975,0.6839438,1.1011816,1.1042587,1.169417,0.79630876,0.84534746,0.9098042,1.0164689,0.891045,0.97361,0.98112327,1.2748194,1.0606326,1.1841831,0.76138943,1.2218819,0.94772065,1.0651999,0.99845916,1.1431856,0.91938937
doll,0.9981261,0.890913,0.9395311,1.1108154,1.0525376,1.0613343,0.84450793,0.80749404,1.2279816,1.056326,0.8989176,1.1882395,1.0673602,1.0324144,1.3099942,0.77796024,0.8149972,0.760356,0.8246453,0.92842174,0.8330452,0.65871793,0.81599027,1.1106861,1.0559174,0.86285347,1.0031145,1.2660979,0.9202342,1.0515292,0.93885785,1.1630316,0.8533466,0.85478723,0.0,1.0370766,1.0732093,1.1246785,1.1334875,1.1294699,1.0849122,0.81341255,0.9041834,0.72659826,1.2245163,0.98497087,0.69001263,1.200538,0.9371871,1.1328943,1.1472474,0.8494772,0.8306197,1.0804886,1.1021317,1.1801615,0.9227861,1.0258054,0.7539568,1.0762761,0.8027952,1.0464045,1.1229849,1.1991638,0.90584743,1.1018704,1.0115784,1.1170145,0.9907263,1.0286522,0.7925064,0.9351877,0.87286437,0.9255085,0.7569865,0.84088457,0.89631253,0.9005632,1.0657101,1.0763717,0.87585104,1.0989872,1.1158355,1.2053258,0.7660464,1.1813879,0.89901483,0.8407959,1.0778153,1.0811241,0.8617822,1.0886966,1.1148807,0.8943249,1.0575048,1.280432,0.65854836,0.7467548,0.93073666,1.061797,0.83810884,1.0013151,1.1402391
door,0.83887076,1.1209029,1.1535636,0.9567218,1.1834747,1.1537167,1.067606,1.0137261,0.6475261,0.79181993,1.1877711,0.85121214,0.96991426,0.8697348,1.0717899,1.1749763,1.0910274,1.1619699,1.0252964,1.1457834,1.0495108,0.93013114,0.98038596,0.8353621,0.7550957,1.0953091,1.1318431,1.0740882,0.83132297,0.9113641,1.255439,0.75812835,1.0969064,0.837632,1.0370766,0.0,0.9410962,1.0718533,0.92819405,1.1340584,1.0439216,1.0727428,1.1281999,1.1990333,0.93060964,1.0706961,1.1647165,0.9319186,1.2199038,0.96368295,1.0179799,1.2462256,1.0121449,0.94630224,1.0463356,0.7203637,0.99215955,1.1657736,1.0177902,1.138777,0.9732483,1.2042118,1.0589437,0.89690596,1.1817483,0.8481405,0.92804193,0.95790076,1.1554427,1.153511,1.0323207,1.0223411,0.9796497,1.083252,1.124377,1.0907819,0.6278112,1.0661627,1.0304432,0.8573335,1.2048601,0.9997178,0.7592828,0.92722416,1.2847983,1.0424842,1.0668544,1.1046077,1.0991701,0.87055373,0.9373738,0.9393903,0.8530636,1.092907,1.1891372,0.8970143,1.1533669,1.2591085,1.1214391,0.9154355,0.8517206,1.2428249,0.5576508
drawer,1.0669687,1.0727718,1.1107078,1.1029204,1.0957888,1.1139268,0.8162331,0.68970585,1.0287124,1.2532934,0.9369806,1.2303352,1.1871026,1.2874093,1.0980768,0.71438426,0.87452245,0.81273127,0.84657764,1.1362749,0.82235587,0.6919787,0.84743494,0.9689124,1.101505,0.9029311,0.8603237,0.8474946,1.2422116,0.99638224,0.7077408,0.98584616,0.8846037,0.9819887,1.0732093,0.9410962,0.0,0.84559417,1.1926013,1.0446889,0.8859265,0.7973281,0.75086004,1.0599635,1.1153195,1.0649985,1.0345654,1.1974442,1.0783534,1.1555717,1.1520561,1.0129979,1.1536562,1.3442833,0.8232832,1.117103,0.67220396,1.1295415,1.0010859,1.047672,0.8222182,0.86480635,1.1671853,0.9089109,0.79853547,1.1556808,1.2550101,1.1199019,0.75731635,0.8059625,0.7372508,1.0985725,0.9076021,0.78978145,0.88509953,0.5501296,0.823395,0.80874974,1.0498012,1.2878854,1.079251,1.186461,0.71982825,1.2546852,0.8367179,1.1996118,0.9689121,0.75954175,0.91516304,0.9800608,1.2113065,1.2188762,1.2270842,1.0057504,1.0188513,1.0785124,0.9781258,0.9640045,0.8995805,1.0318501,0.7753736,0.9243349,0.9591925
