,alligator,ankle,apple,applesauce,arm,ball,balloon,banana,basket,bathtub,bear,bed,belt,bench,bib,bird,blanket,boat,book,bottle,bowl,box,bread,broom,bucket,butterfly,can,car,carrot,cat,chair,chips,clock,closet,coat,coffee,comb,cookie,corn,couch,cracker,crayon,crib,cup,deer,dish,dog,doll,door,drawer,dress,duck,ear,egg,elephant,eye,face,finger,firetruck,fish,flower,foot,fork,frog,game,giraffe,glass,glasses,glove,grass,gum,hair,hamburger,hand,hat,helicopter,horse,hose,jacket,jar,jeans,knife,ladder,lamp,leg,meat,melon,milk,mitten,mop,motorcycle,mouth,muffin,nail,napkin,necklace,nose,orange,oven,owl,pajamas,pants,paper,pasta,pastry,pen,pencil,penguin,pickle,pig,pillow,pizza,plant,plate,pony,potato,pumpkin,purse,radio,raisin,refrigerator,rock,rooster,sandwich,sauce,scarf,scissors,shirt,shoe,shorts,shovel,shower,sink,slide,slipper,snow,soap,sock,soup,spoon,sprinkler,stick,strawberry,stroller,sweater,swing,table,tape,toe,tooth,toothbrush,towel,toy,tray,tree,tricycle,truck,vacuum,watch,window,zebra
alligator,0.0,1.4943926766492526,1.466775628912113,0.928161179025792,0.6365729740352933,1.28685348526591,1.2178099274380547,1.018516234138679,1.0340995065093188,0.6136022993724672,0.6622776438245517,0.49860482472404943,1.488658693547983,0.6466053372306433,0.5378394006816626,0.7020489694196163,0.4751641749140356,0.6560779354202715,0.835067208335626,1.486958372885073,1.298582044905935,0.8064062115956843,1.155668531372053,1.1212538982427922,1.2675074818156582,0.859432378784561,1.448690592071957,0.9151241884353555,1.2633295669339741,0.7440628554934473,0.9670700120946252,0.85345592218725,1.2323691445462932,0.7616334518153676,0.8290850608219387,1.3498756482111003,0.8353985419915912,1.137222200658337,1.0695024094930468,0.5228237749895028,0.871512656084114,1.4973560791073646,0.5761643590216621,1.5195675551325154,0.616063751210455,0.8608171284374004,0.3855611151203052,0.7742362587977181,1.003951314700975,1.046705932680882,0.7288834931348082,0.9899330467416272,1.3266935113614124,1.3968882837428462,0.5231837607426866,1.499102286594505,0.8543693546333913,1.4269225206833334,0.8183556545518023,0.9555808292322838,0.8863064537525058,1.1769665909085,1.2910796505330615,0.5127502525849384,0.7458403578775248,0.4886747059714265,0.5888235132697179,1.3726974931961178,1.057728420438436,0.49430402117966565,1.2142253217153152,0.8753008519983956,0.9361000308747278,0.972310025709279,1.382239340585772,0.674624573046535,0.5396807831917422,0.5954809334314404,0.6298831915848535,1.0515298114680909,0.6165810357908146,1.1515582164210687,0.7458700673157495,1.4141158683943431,0.8524039229029812,0.6152732669439288,0.8744280951546848,1.0087099657266072,0.5443676885462945,0.866112532296035,0.775705062728557,1.2130869570340328,1.0101365793381563,1.5648132595283006,1.0659102314211015,1.495608507303449,1.3929605587544378,1.3950412241319343,0.9724272684917686,0.5364996868879044,0.5568513382538889,0.7423990104174891,0.6771967401138732,1.123102930215034,0.7309476856362067,1.4645418319944792,1.4597767467306366,0.8534928749901598,1.1597397263234974,0.7072397960963803,0.8576669110613308,0.7867861470521544,0.7153660266242785,1.15867215779265,0.6559629643107762,1.3679333554039341,0.985237062902926,0.8746708036253956,1.361187693067593,1.4718611575446112,0.8741798827982569,0.704113539723412,0.542914887514126,0.7019336844038425,0.8652938061193955,0.7096515284186954,0.9791334154060589,0.677776107530023,0.8979531533362868,0.9386731501684559,0.8643396297309198,0.727334345290017,0.944168219825633,0.40729567165203906,1.5038307646027116,0.6377272448189939,1.4498179662059312,1.0586267178045292,0.8454729070183524,1.1795737761966874,0.7657141825578375,0.8617989230241412,1.4720941028407193,0.8164615127309306,0.6736757616555678,0.6227147025070321,0.5764795010600237,1.3864185166479928,1.5011078424890405,1.4642114307472078,1.2221837016996242,1.1021278978066036,1.0416564728600737,0.7157037912316594,0.8536483162954934,0.6719060215323902,0.9602841413289139,1.0665667025928467,1.5617482739446917,0.8251981155304632,0.6627170560588638
ankle,1.4943926766492526,0.0,0.7063263327116516,1.1601394674557337,0.9877310593014629,0.8848205163007001,0.9224012107340382,1.0601518987804823,1.287368214087824,1.4266235421952902,1.1640263596861746,1.3801252091440024,0.5882386840809668,1.3090122769698214,1.2559645965148016,1.0911136295528958,1.3286385569645254,1.3813052484057806,1.2463095999073808,0.7766489799520111,1.0956273407616695,1.4028355022338737,0.8591519964510268,0.9009442160418293,1.013220005988816,0.8955349205009426,0.6522985439799749,1.211577969874006,0.5459378812752002,1.0495847293219596,1.0470104482069942,1.292105833032578,1.0074228313676141,1.3390629683225515,1.0263877772951835,0.9637897848502998,1.1422345521885293,0.8554983457170025,0.9841743002879666,1.3586274052174696,1.113000469447748,0.6334021680689905,1.4887075574272204,0.796422096641564,1.0761221051935577,1.4009485493326843,1.2155029545456018,1.0261837314668574,1.122846458688036,1.004929284756579,1.1495501716030747,0.9357494945928628,0.3707074009889708,0.7649245063620828,1.1899950610747485,0.5500965789299681,1.134913372113759,0.2565968522697477,1.3038902548967335,0.8701909409475256,1.2281687313251397,0.22949750029628113,0.7401555322737751,1.2420303653807787,1.3288952096017068,1.2603113133950794,1.4988613820589085,0.48929311927523045,0.42507475477690804,1.436624014712795,0.8754435013971963,0.9749609716269022,1.2110600313757203,0.6863540272957939,0.3987764306679349,1.2920266621826277,1.1439352345198435,1.333719033248943,1.2168056931763624,1.2525653221585376,1.1073280368575402,0.8300701823986295,1.3511317877347615,0.7870126475514103,0.7110915239703826,1.3111130650019311,1.15708804172183,1.2036316596892083,1.0373226221644896,1.1592683430320219,1.285344900188374,0.6764992729102599,0.9634558819080226,0.5685536075071995,0.8577103063364518,0.2891113412126791,0.439416426450123,0.7935998217278992,1.1812597336301973,1.2449241545383816,1.2541873861632662,0.953094063574534,1.3155468097217213,0.855251272638664,1.1778013100302218,0.6246575529991638,0.6135100072813233,0.8672589439535486,0.724145749946804,1.004252333504747,0.8763921188645852,1.2010251679246593,1.1804017007493781,1.1764850501635122,1.1353608430102726,0.5792859235897149,0.9498495790407046,1.1566811989764298,0.8925237964308189,0.44311618969188027,1.3267762922346837,1.1677457503577695,1.1805146652225285,1.3831876767595963,1.1765393892798997,1.0991265591861397,0.9841468500487003,1.1437691165352986,0.772544712986318,0.6877386313327956,1.1201808791404746,1.3673027454405615,1.2637801174628234,1.5171289843129763,0.3175935841209512,1.2797537165132264,0.6820544080993413,0.3586683248304041,1.3551058914241485,0.8912308546558143,1.2493538854486101,1.1237516024467997,0.7357688953028689,1.2013398658648717,1.1788640693456793,1.4194245839804975,1.5405228014228982,0.8480743663866009,0.18958422490889337,0.5028211675805037,0.8568382366264992,0.7812719087320757,1.1669177957332442,1.533669811901925,1.2709898566849118,1.365116362607564,1.2401198970406795,1.000929498776587,0.3750548314239982,1.2878236489852282,1.1045162679725482
apple,1.466775628912113,0.7063263327116516,0.0,0.7447201963469074,1.4637685781181955,0.38614078393516693,0.4403968974028678,0.525102642762407,1.1860579911193072,1.5404739152053337,1.162675868804143,1.5324196584160368,0.5182296857158541,1.6266234779926636,1.4732797443835648,0.7783129298868897,1.5336423267234351,1.349372830875966,1.1535812165685324,0.48818011073900913,0.629809374210945,1.3281036128716015,0.5942193915361672,1.1014854524774682,0.8098024086759866,0.8031768432830708,0.7821141492830305,1.0722888123404262,0.6067152247237342,1.2545574576311647,1.3622136029323362,0.9524676978205882,0.8054546536772815,1.4712480731484088,1.3702383417835902,0.7902962110747205,1.4544316734432108,0.5560194665157183,0.6861049111029149,1.5271460614836974,1.0192722908765663,0.3687546247185143,1.56695243597893,0.5321266366482056,1.075788239561673,1.1575025439083495,1.315317488851761,1.1383380844023083,1.3355809868340573,1.2269254480782186,1.4296998468395268,0.849745707234765,0.7684963855309465,0.27432132841535306,1.3564038584351186,0.4054668470046694,1.156087390794059,0.6389064348920528,1.2186997329769045,0.5721815318233452,0.7536770905913714,0.9196096910776584,0.8463076317631406,0.7987921650910703,1.226949165607483,1.2993477936221178,1.3728186966498759,0.7000843285688945,0.9098327342505409,1.3810805267565613,0.5584103912204894,1.2020483248249563,0.7154521744409984,1.1586170636507547,0.6295574121262312,1.40783277360836,1.1412137424501219,1.4953633986035966,1.4686875362878786,0.9670902620735289,1.4663527839970414,1.0036673830639626,1.5297286927296114,0.7673862767220851,1.2288204786176649,1.2920184836749682,0.6234953341938849,1.1725178296718812,1.3312335169035818,1.3808289112069927,1.3262420441233376,0.8627192907193811,0.7544907945141195,0.26793554353418103,1.033780031985948,0.6383223095325983,0.5752003338535023,0.1326452269883085,1.3854742551716641,1.1207452535393982,1.5409097486093217,1.406536969555972,1.3497301979479048,0.7468132758090598,0.9535391998578774,0.5274436730513351,0.5485159791655752,0.8320840944186138,0.5120690553529816,0.9960450799122152,1.1341974836441333,0.993477248809713,0.9173933602474169,0.746508024560953,1.0492089524057362,0.2919299072660264,0.5001325980074931,1.2360331944901526,0.842481550605702,0.41966473156988404,1.4578657327109334,1.2429634844806887,1.029970825599852,1.1805496906871844,0.8306875467626964,1.3970926347650652,0.9494737122033733,1.4538765001949403,1.1480541138161382,1.2321466182620946,1.1250522391126139,1.4522356393627756,1.2181469105505704,1.5280046859661698,0.4122787075001796,1.3564556245872672,0.48090288181780605,1.1047033637691912,1.1428702510717248,0.8269114193590946,1.2168657955077453,1.1791186003628011,0.21230581469400245,1.3816264039220745,1.4544725364013122,1.3387173681011404,1.527713207977689,0.3765716537692867,0.5028573576509539,0.46321864656231826,0.8002542161342598,1.0329181877321036,0.6838845155031766,1.3131661513003179,1.1927638548747659,1.348082955515157,1.1865458841735652,1.2725210013569201,0.3981583581752961,1.3709850767277092,1.22262486293988
applesauce,0.928161179025792,1.1601394674557337,0.7447201963469074,0.0,0.9047917187870229,0.730668717592499,0.7224622409973058,0.529730419643364,1.0018548875098454,0.9826032444871432,1.096385401310073,1.016998595026806,1.4000729603386666,1.1401542053195897,0.7913868227476561,1.1912622131510169,1.0650180536212355,0.9652389880960294,1.0864261846274705,1.1639595045894977,0.7181020299313514,0.9042694764189495,0.609728141493163,1.3239800493658498,0.8628979303736539,1.1844676687008915,1.3374541213738267,1.1757812142560264,0.9410979667658995,1.271277400741916,1.229518699118173,0.6152502882322681,1.0661441066014512,1.1406435349424182,1.1644124316929807,0.9593068799990312,1.0787005966882894,0.7013222057922899,0.6285312880437826,1.0035105682104153,0.6541210883426342,1.2819315949381629,0.995044317859475,1.0604045381122589,1.1092887047639735,0.5799139155103831,1.0241331197882906,0.8321124427398345,1.2526548848677204,1.1736582990444666,1.0211621230672778,0.9416031668651745,0.9978573703879662,0.5504492211635403,1.1073521789969463,1.1960725396148444,0.8501657581105684,0.9566012351758476,1.1028495903320983,1.1708112603973542,0.9792535811564347,1.0158751037197404,1.221702431150166,0.8023093166042348,0.9394106003207193,0.9605867763852562,0.667581445811675,1.04615227089966,0.9991878511973643,0.8953962146449843,0.7046964289951542,0.9175657243133248,0.49911665618821,0.7458931976468254,1.111141114611971,1.0220193542192053,1.1303119333186071,0.9963281865043007,1.0821726382314671,0.6765872525387598,1.0261835856793353,1.206457234390401,1.112333021704575,1.3410891090024928,1.0137191625665642,0.8579324920661637,0.3827971222878297,0.8749815248252845,0.69547260602431,1.1250746227797894,1.087137043518875,0.8903177059383931,0.5405212610539941,1.1463428275002923,1.1852170093383063,1.2178413637531635,1.022155727808696,0.5914183008538674,1.21764294465008,1.0471176076859143,0.9668680201790879,1.0857365496507725,0.9748689386175242,0.9437786754911219,0.7826661501655027,1.366242937108762,1.2881796050469156,1.2194020305723814,0.7571193127137548,1.1111802477638741,1.2275158519165261,0.6924153809607351,1.0664195868189335,0.7058369901154696,1.0357107359685127,0.7757196036637902,0.4911271625880217,1.099796042702347,1.1890937382549156,1.0787430864341039,1.1587437749111114,1.0756569816921726,0.9110901241518171,0.5254995604493697,0.5773940668390322,0.959229347171363,1.1424632792812324,0.9846642507220827,1.061745730482974,1.1650089867094846,0.9601774390010331,1.035445095044777,0.9132289940813281,0.8236440482610361,1.2595848198797899,1.1396519289728353,1.1572895429550847,1.1290368315071921,0.4935595893779312,0.9876858202079069,0.8858829395786632,1.0874259617267539,1.1006187763438273,1.141643001542282,0.9969320525430445,0.8432424330260246,0.8508020727493353,0.8133952493145153,1.0520732014495675,1.0933422149656753,1.0819619098927493,1.3353700433340776,0.7334767874875009,0.625408532878478,1.0949001161034808,1.0002882943066254,1.2177089770092082,1.376784060842477,1.2119451785002746,1.1588672442726697,1.0648583510058527
arm,0.6365729740352933,0.9877310593014629,1.4637685781181955,0.9047917187870229,0.0,1.3868942352127092,1.3637569484942795,1.2379112689605725,1.2215181282728658,0.5455730764808352,0.8297253335337329,0.49547597585648573,1.4202591438917342,0.5204645482106747,0.4109260152770159,1.3161974135890646,0.5163165714330857,0.8650456188242568,1.141070501349539,1.4873347025729915,1.4437817002332025,0.9911956788251403,1.2153839804772146,1.1257722801844396,1.3805188233618875,1.3805735976564555,1.336584165985939,1.109856680070143,0.9724008510096384,0.7560059519768636,0.8256013187969857,1.1537899664181306,1.3586421607203991,0.7194604444900077,0.5831441329799787,1.3771741997458693,0.7453543968955795,1.3344335968794607,1.1919007532369517,0.49460193265803487,0.9421152077481425,1.4797560424492664,0.647673070652248,1.5119126904517795,1.1281035078244102,1.091608214241334,0.791337716197341,0.9519410999984048,0.7953315740050353,0.9691497259501661,0.5519531469871541,1.1971354313412086,0.9587918541166724,1.364548563091304,0.5774654157450976,1.4212594751630523,0.744702102942844,0.8867984180482088,0.9702586978608319,1.380700464670003,1.3040295998703724,0.7131137590109784,1.311522374984197,1.300457951570237,0.9098408269371345,0.8109470830040313,0.6730655199723516,1.0991078825593423,0.838840455673749,0.709091481541436,1.351429548810461,0.6832895527011507,1.13553622666653,0.42301983490075545,1.2201296626980191,0.6078404629451206,1.038787447229819,0.7066856252893319,0.4761079617771655,1.19808466290439,0.4004959862972839,1.1466661833821479,0.6584449706941551,1.3726282959468756,0.3111092288950732,0.5630872631432137,1.1096639278073224,1.071387561856736,0.4390952004739488,0.7840354770356737,0.9145261351733568,0.9835929343273897,1.0736330039936806,1.3822626867597574,1.1531476098134887,1.1857142824425657,1.117234418047863,1.3806331906550988,0.8255108808205706,1.074507742853151,0.3666872239037977,0.42430071287958837,0.802863779762913,1.2235050470949822,1.0474507340610286,1.4231018117605136,1.335402514937702,1.4316160733016605,1.1650881170815555,1.1399570093949745,0.9224689687440502,0.845489764393188,1.1792947590573881,1.3996892582610168,1.160624205634111,1.354945899250842,1.0150718724161842,1.0251656998005574,1.4039626214278398,1.3046426436321898,0.7634949582636881,0.7394749067848931,1.0368987045090496,0.7871777501737764,1.0838512951141999,0.4948397336239081,1.2444829701819833,0.33198629410017355,1.0553351962363273,0.6040244474935266,1.0799669168866464,0.6771742528121689,0.9441893403756279,0.5309477489364745,1.3906017177998917,0.7365012337517447,1.4728110548462627,0.6937117323327237,0.9510555172381938,1.3446449707624815,0.9946807788340237,0.8456478878334783,1.497114917743964,0.9293943357177845,0.3835685697904083,0.8465734505362837,0.5732251142757208,1.5813590218065516,1.062149450671935,1.235292247300491,1.059376126774865,1.1399748775682994,1.4158396587539313,0.888544265051672,0.9296942170471232,0.7752365555799124,1.1086851313547863,1.0234013073485981,1.322820495754014,0.7650327994706536,0.9130471792224094
ball,1.28685348526591,0.8848205163007001,0.38614078393516693,0.730668717592499,1.3868942352127092,0.0,0.1346288659905619,0.8351568841680105,0.9730100848888668,1.3450204908004613,1.047106331950164,1.3011364206452778,0.8438048358618564,1.429224868805187,1.3057437637801923,0.8766972548856391,1.3025446283804458,1.1631429081317501,1.0700943740596802,0.6648865141155317,0.6269613855972012,1.1088215741911074,0.8235308470122406,1.1861328163613434,0.716294418733898,0.8753579919913567,0.9515535518571621,1.0765078579186642,0.9822286762723473,1.2242207116166057,1.3113536793137999,1.0167078991607037,0.617944682839406,1.3507670813392343,1.3338354782032082,0.6921596324608338,1.2821299786993279,0.6678380255445566,0.804256235079457,1.2976273106761773,1.1485991617833826,0.7326613539118033,1.319236990118791,0.6230707649202163,1.0368132258199512,0.8714080824830418,1.1492213966126161,0.9609098487278386,1.2829623981132556,1.2743520435976197,1.3034515421176975,0.7198123697884931,1.0202231343627959,0.2161860425816109,1.2686158459030208,0.6007765330931533,1.146886111897005,0.9150675257054187,1.1889134455370136,0.7527325388315238,0.7920907985668477,1.0706119112740247,1.013352597356163,0.8225642513086617,1.1048774006024933,1.1460457496733658,1.1354678825410809,1.0390362904486348,0.9421773075625492,1.1443306391225607,0.540746031024808,1.1978500192386912,0.8233407080846689,1.1618189922853275,0.7855487320011578,1.29364080888442,1.0521006937702577,1.268495713441202,1.3500664578235217,0.8829420152703106,1.3645331550440951,1.0521097733172848,1.4060976445612114,0.8917494998340665,1.2384533140204006,1.2285616425778532,0.6302134977212691,0.9604178149438611,1.1386893939469473,1.325036734439581,1.1674583234136726,1.0221583081007046,0.8005437545484555,0.6395208164180239,0.9894941721514674,0.9880983859244434,0.8825352661157366,0.403747842448819,1.3106319541250235,0.9916784687982767,1.3575074044491588,1.3626180083485455,1.1540016890892701,1.0322318895215659,0.92078214356571,0.8214945552916294,0.8502091363742632,0.8743313356600917,0.8444662098507372,0.9911238319424505,1.071480076725875,1.112111364367381,0.997598691669044,0.7433346314294546,0.9289028967783856,0.632598201215254,0.6198263605631241,1.0725885353703295,0.8117855067454163,0.6519375362736818,1.3305386844423857,1.1585814822683784,0.9583124228263602,1.1289100150144558,0.9219566634632117,1.3149176131493072,0.9783828088745196,1.3564692317779419,1.020691767407093,1.2577972254302268,1.0350283386333268,1.2690363254727486,1.0959922342115416,1.2742097905878285,0.790028871081385,1.2337719808421972,0.6987524389445404,1.0757111139979199,0.982826821008663,0.8350002064622286,0.9257288376861332,1.1281758665270898,0.5383273959759501,1.2284394182450438,1.3441846669269175,1.1307239716316357,1.2902542412004447,0.43021172064366886,0.8356165574360238,0.8677521100745164,0.9291397147757537,1.0394862492350634,0.5731631026182096,1.088904540260076,1.144358909812218,1.174221251667341,1.171702936588856,1.2455750871461864,0.7985155052561003,1.2775351692261894,1.0403206137853047
balloon,1.2178099274380547,0.9224012107340382,0.4403968974028678,0.7224622409973058,1.3637569484942795,0.1346288659905619,0.0,0.8023347597053384,0.9622957336546067,1.3201472987059428,1.1161434533927002,1.3088819956263293,0.8843778085951107,1.3684898839602535,1.2954169833165983,0.8663444787151408,1.3019120845244125,1.1520764784775104,1.0444664041022191,0.7086604444714528,0.6541171906041355,1.048106327285343,0.8823574064341093,1.0789871493395309,0.6596042640698151,0.8341004833210446,0.9085357521311375,1.0821589763063324,0.9048384479608567,1.255251091327427,1.2111755106181636,1.0351478738362967,0.6995359028246687,1.3141922778939454,1.2661714364573968,0.7559952809647769,1.2504806055203956,0.7716190173960601,0.7812980198261898,1.290200956141462,1.1797872283312019,0.7585331276631766,1.2707897287019956,0.6633036282724798,0.9591008625614739,0.905151836876664,1.1557219319411396,0.9384826388233418,1.225174701882439,1.2018337458388142,1.2398863889435159,0.6997941773638168,1.036788768888731,0.2978596303889738,1.2854865806076932,0.735404105349192,1.1593512855277133,0.943623317450669,1.146705509245857,0.7192754094848336,0.7429376703190778,1.0948377088091117,1.0220309225326167,0.766272373142106,1.0884140745462874,1.1723412740618815,1.079727022599094,1.0491523273876693,0.8774854942662369,1.175906158484179,0.5404020981048396,1.1812636271214658,0.84824325383327,1.1573794920407274,0.7766899893197119,1.275196280872575,1.041326147462303,1.2055842540211599,1.280112892945632,0.8563716426272127,1.3109225330171501,1.0561821492118582,1.3192260130426892,0.893512215065607,1.2530946996650565,1.2039908755990054,0.5740273828601861,0.9467460376800956,1.062775501559773,1.2663378168786814,1.167391710767231,1.039914667975718,0.833960983096198,0.7530078970031816,0.9743581946698541,0.9717733873449504,0.9472650159941359,0.4396188407856372,1.2738720098218728,1.0805957222098372,1.3397439436946104,1.3069233011730907,1.1501924204862453,1.0108711110423874,0.9601558503949182,0.8416150836913153,0.8758439080921646,0.8052040485077188,0.7915640577541917,0.9396957504985298,1.0489174758594337,1.1878251781806801,0.905713752832498,0.7929631628852958,0.9273680800946116,0.7044721901048581,0.593341806978815,0.9971653510410634,0.8754308847705284,0.7221528540763473,1.2830948988890607,1.2305702518458401,0.8790925102025651,1.170035345858997,0.9253722488326361,1.2600791240830502,0.9108270563149687,1.3194596845474476,1.0534525653946256,1.186065841379397,0.97876570075174,1.2726211928657114,1.1009290968507686,1.1799897052374888,0.8623386023544526,1.2801311646784417,0.7040420957478268,1.0451639528928576,0.9864956195032594,0.8395995745045679,0.9531636516644993,1.1313361874475245,0.5988414965367297,1.1871068744401905,1.2962905484565153,1.09166352077292,1.2788423522258117,0.4713787066148475,0.8986160797045125,0.9390930010125735,0.9179132595416655,1.0110075132306207,0.5629889182483891,1.0661140194473262,1.1627582766173439,1.1997550064621565,1.144503911922391,1.1556981174668368,0.8729268761224216,1.2284967649101406,1.0593228884404355
banana,1.018516234138679,1.0601518987804823,0.525102642762407,0.529730419643364,1.2379112689605725,0.8351568841680105,0.8023347597053384,0.0,0.9737093388414688,1.2649348851127797,1.1186401879456163,1.323258724173874,0.956647866314488,1.343117605775571,1.1909392842053883,0.8817810205858928,1.285306720438863,0.9677381886442428,0.9881002394760455,0.8839877985956164,0.656122164693258,1.0339246472736698,0.4716313510187058,1.0746105729202122,0.8287058834071717,0.8451071000485979,1.0192453886779917,1.0986236495178707,0.8222758715458756,1.2756879935016743,1.274957131111789,0.44708867519514695,0.9472921301145236,1.302146124506084,1.3029344929696003,0.920415712065309,1.1207402981520023,0.5834767079963993,0.24741403743077417,1.3142790769006438,0.6024140984120421,0.7899829788727799,1.3087540142202827,0.8649807798744856,1.0159476950677155,0.7848129516733312,1.165670331557634,1.0215364258321542,1.2650991382417054,1.1069901659386365,1.2480784187339462,0.8274898669977777,1.0621609685569051,0.6388430561470612,1.1856094709618001,1.0146012826915387,1.1451192981312044,0.9915134079216985,1.1005263128788587,0.7812919594459798,0.7579345470429439,1.0664348636715086,0.7911125392276972,0.6312289538024809,1.0325489476526803,1.084375045633738,1.1285204295846434,1.0542160243844225,0.9450315542072679,1.1812622072591252,0.696641762517112,1.2260249611272416,0.5570025983008671,1.0776197509204066,1.0480791004188548,1.2349168929436536,1.085026730508949,1.083685421769117,1.294800523609792,0.7966472710870731,1.2258622041528608,0.8009236903716435,1.2888587412210084,0.962754340561227,1.1719973355575448,1.1291751688383664,0.44039095794820726,0.9329149574465615,1.026488613548047,1.1882690030586835,1.1560507786210898,0.9860368470672022,0.6939907987818006,0.960271020484095,0.9167604460194567,1.0124424243210626,1.0408978313667328,0.45971053197334744,1.1982999877084826,1.0088823171753527,1.3097862111246474,1.2698705145860012,1.1080675025307003,0.6236923943859674,0.7636706957980781,0.8707969880098572,0.8600724813957371,0.8717460398203524,0.4037252400102248,1.0386601962464561,1.1035976069799043,0.7713086246700984,0.8513009055619081,0.577923498577184,1.009509637828952,0.5326516349281245,0.5697982461571545,1.0698517473871298,0.9542703896730731,0.9693556533208815,1.2367228968681894,1.158449366446072,0.9289098868550564,0.6363350716865681,0.5726622602414145,1.2180793656489948,0.7694873728257963,1.3168926010963333,0.986908174781721,1.2328671311911874,0.8045654061378129,1.274541014168693,1.0612871933808399,1.1080890833646038,0.9050637109941351,1.2375418143326868,0.8883624342149713,1.067076969436003,0.7440807979698147,0.6929553900561272,1.0381183911254448,1.0222989456484193,0.7917893550548509,1.201915049009719,1.3137680262585327,1.1062659382961315,1.2153082030050126,0.6123929763975698,0.9968789863018229,0.9557639919756882,0.8808223549684364,0.9744693077503274,0.6861172222450296,0.882962675853437,1.1365604633825999,1.207100521267022,1.108104882568735,1.1362248646874649,0.966262143247299,1.2558657188072726,1.08939976446576
basket,1.0340995065093188,1.287368214087824,1.1860579911193072,1.0018548875098454,1.2215181282728658,0.9730100848888668,0.9622957336546067,0.9737093388414688,0.0,0.8658158712763885,1.1640565308276123,0.9722605257444042,1.1049047708498332,0.8718871128929282,1.0371065790653837,1.0524486892342189,0.9664862555194375,0.7483757915498059,0.5285465829460697,0.8192868252635322,0.5858709988678428,0.2855066228901444,1.1226382887911326,0.8138758654402147,0.42335487353102164,1.0162064578426455,0.7770116377291986,0.8779135081066358,1.308371499300851,1.2212328273179223,0.7899415616639067,0.8506254324984615,0.7714155796007891,0.7736414255730092,1.1512511140564214,0.6521835038785851,0.6358823152976338,1.0780033757047833,0.8420092861865353,0.9652672526569931,0.9591535763778277,1.0565274010742374,0.7214764662621214,0.6985733066122626,1.0363851132044373,0.5044322357636748,1.1432867454272837,0.8366360198779716,0.9691863667704322,0.739641776992447,1.0567509885026816,0.9013875289080902,1.3918450950242112,1.0626284548052922,1.2263023141991516,1.199659410184863,1.1707045140166674,1.3426956844721074,0.7574143406129661,1.1187508253135092,0.7417206924521299,1.351195004162725,0.8438387676130203,0.9413749835264267,0.8843642861412033,0.9637133384552177,0.738732980790538,1.356122108400186,1.134248217648724,0.9233730390707731,0.7072991440510107,1.2193053977691326,0.980102752440118,1.2001948892382746,1.2147343083329896,1.0033097786373597,1.0654175959838286,0.8958424230977527,1.1312692766124417,0.5120136442398192,1.2199648657148425,0.8249771569341782,0.7888949262004636,0.8760056805090133,1.3428279585938196,1.120707493900133,0.9126898445297623,0.5007349958119096,1.0917812239287286,0.9702369688562656,0.905629396516455,1.2361810102599127,1.1252870262018844,1.25086115617515,0.7598561568568966,1.2811668079446619,1.4114594397659743,1.1684051971917824,0.7999816117759382,1.022648007092193,1.0780334655885355,1.3166857477801386,0.7079355838547521,1.0327370067240091,1.0803478934901052,1.033233902924117,1.0776637640021205,1.077634821184068,1.0826502213025015,1.0511383741686096,0.9447383028359726,1.062551261227677,0.8763644463044062,0.6360819677028497,0.9958962628132748,1.284777685281069,1.1520230628585248,0.6070830117964777,0.5331915083849356,1.2827100287111628,0.7430141523352025,1.144466128800809,1.026078154164856,0.9400630230927484,1.0399167638151916,1.0747544583115802,0.7824628667116796,1.2069087908619314,0.8644568965833763,1.2300705212095047,0.7130553200602731,0.9200283644501756,0.7130163562589176,0.8480089183737564,1.210103158145256,1.1218076503768173,0.8655424573881431,1.150214673889963,0.862199278743523,0.788543905306611,0.9222711271010228,1.0291176476372745,1.0019386217860473,0.8148672244562596,1.1960452049066848,0.7879971115319111,0.8015199585757369,0.7588418739387006,1.3539674442208207,1.3022377125413778,0.9116154582925489,0.80878403140845,0.5894160592816028,0.4425102546032815,0.9249191975427546,1.0031199662452126,0.7136445558785838,0.7720683090274543,1.3012205766581157,0.957964509478366,0.9695251658105478
bathtub,0.6136022993724672,1.4266235421952902,1.5404739152053337,0.9826032444871432,0.5455730764808352,1.3450204908004613,1.3201472987059428,1.2649348851127797,0.8658158712763885,0.0,0.6601586804000492,0.39528325608851833,1.3857256907802729,0.35824681372637257,0.6126667699488314,1.2395581973432261,0.5017142063713425,0.5813643425654509,1.0207061448437909,1.3528663723950092,1.0644260316355942,0.764881593910554,1.402139549870768,1.0782071991843611,1.0963083525697672,1.3383050391910776,1.1381569198359942,0.8166392267990527,1.3704841830338543,0.6285553085359838,0.7348473999355207,1.1032528829003656,1.106777403735865,0.37179417182129715,0.6993936202249385,1.175674017209743,0.6441095057401726,1.3890403409761167,1.2857523878660286,0.44528726527504103,1.149282607632299,1.4734788573507598,0.3781977162058544,1.2962252692684726,1.2291601364833051,0.7262340296742307,0.8902491913474798,1.2151095195432142,0.4612577376477208,0.80496678414943,0.816435295315094,1.1551585947478769,1.3165273161472955,1.3474621527877608,0.46843079562642764,1.421852317274518,0.8313956243548388,1.3673416776062943,0.8022367961214736,1.3952834214442522,1.247070986790134,1.2716029714708976,1.2449873378043537,1.2565264752174592,0.8401462127743334,0.8672145894541854,0.4779960850145625,1.3109311833362844,1.3715778900855693,0.5090339406696329,1.401073197801768,0.8266764779059939,1.1309794135357512,1.0172845269915487,1.3772920390457974,0.5381519792983975,1.0195245545988134,0.4886130796860735,0.5320955654416286,1.0283488322302834,0.6061111863327879,1.0603199201931461,0.5241624581284142,1.0625611791011078,0.8076720955570611,0.7176583509794605,1.0688389335276232,0.7866810308791964,0.8891527205903458,0.6188161571162702,0.7764745201642209,1.171044758085222,1.3063694073213534,1.435546366123293,1.0217658913260714,1.4950873756439509,1.3526400479690297,1.4557337726925788,0.4689965521931856,0.989181371405379,0.5697600436059136,0.6596112069140477,0.6789730602877924,1.4268256858564774,1.0554686852176889,1.398845281548369,1.390614755313452,1.4082173320261193,1.2962894452760325,1.2396084006205306,0.9650443882047296,1.00525003557728,1.1404642949789043,1.0281636033113668,1.1683693200921166,1.4690484155580483,1.2858994780786366,0.961572471097296,1.161316655851226,1.4721483065465666,0.39023577662918574,0.5554719367327182,1.174114138895543,0.7826590062076585,1.0649167317360173,0.8382019454810476,1.1165450659899891,0.5704120910295898,1.1270267554879267,1.0312798835077326,0.9053975459248478,0.14496549679123494,0.3270570989603039,0.3479178702071395,1.5138700658833644,0.421715492138901,1.3404094359171885,1.1934850623177569,0.7618978018460002,1.1414163938919697,0.687423045036324,0.8127739216226536,1.5239844038854877,0.7896796803510919,0.572751263427171,0.7299836936963148,0.3536489943902461,1.3843573882781486,1.455175106285766,1.3694246674314787,1.1058143633169042,1.0771933354608028,1.2899580180606507,0.5946889561927053,0.7205448450885621,0.6518365512534595,0.8959858650486713,0.858507136396329,1.4862736233003258,0.5254168042516175,0.9138719844622508
bear,0.6622776438245517,1.1640263596861746,1.162675868804143,1.096385401310073,0.8297253335337329,1.047106331950164,1.1161434533927002,1.1186401879456163,1.1640565308276123,0.6601586804000492,0.0,0.6847256526529184,1.0731561618877299,0.830602667835638,0.7938267366176519,0.9665719804819264,0.6158158933152347,0.7351678067935856,1.205979975961481,1.2413375365801596,1.1964907926458133,1.1988937391766241,1.088708712500448,1.2073248447008176,1.3078567906983776,1.0913745362069098,1.2117610760428976,0.886684008520887,1.0965351757407926,0.3710666211544775,1.192576758496656,0.967963486110773,1.1711841817419557,0.9076854923229981,0.9123792928223505,1.2356782434907072,0.8378772101397124,1.0804158121515928,1.000187000710179,0.7714349701155117,1.025297101394966,1.1607990217633681,0.9072330699690663,1.2781876254585844,1.0577739848981718,1.1062774745074044,0.7137248343009682,1.260256951959736,0.9392316870916094,1.2296447022955908,0.9557497718882793,0.9962590717950471,1.1094395211759078,1.08069233210679,0.2572359288219722,1.040987628236365,1.0272597975330882,1.1365342842371318,0.8932873608299026,0.9476986479301703,1.1386856555413285,1.1067826560487768,1.1938629058364745,1.0605973533945503,1.0626712064747958,0.8785181949291647,0.8183081129312394,1.1447498071558253,1.1173507899282986,0.5217346171984792,1.2207002983091035,0.9785139196160124,1.040325412535455,1.1005889139242806,1.1525692184706835,0.8834869493492847,0.8834538544740019,0.8756715400681965,0.7443490477254249,1.2594840129757814,0.7672825478247256,1.1978103334265655,1.0437131059696851,1.1449931705238237,0.9161030997769686,0.7894383437665581,1.0138918932766112,1.081587108180412,0.9281380762092404,1.074513496232992,1.044994283576063,1.0629969188547719,1.0960005594183388,1.0860014229306698,1.0225646431240911,1.2056470113798383,1.058792129483371,1.1152308004228053,1.022926917529249,0.5511037640046408,0.7562004239876251,0.801070647687943,1.0425390471017775,1.074170312650268,0.9136810160942044,1.1640757459411308,1.1925996104086496,1.0250666854475738,1.0549721004825612,1.0070651063281564,0.8835183847473083,0.8967858889144733,1.0084727192618004,1.186777965066482,0.9649385471683142,1.0776987899207462,1.053659174386804,1.1489096496486773,1.2869406508767962,1.0880995483571552,1.003826572206101,0.2436593958436195,1.0911063905196619,0.8545032177284902,0.9691038206581959,0.9636278504501219,1.1689616846977895,0.7916331883436989,1.1076266473369119,0.9254079498046417,1.1420093346884208,0.7855652631535689,0.9500891657805316,0.7322601012247592,1.1509082785804645,0.2852964286658082,1.2062540406778712,1.0313196244274294,0.9235341870433423,1.2167395528503029,0.9357906228249392,0.9519306150192318,1.1762268107315612,1.1461807519631373,0.8240986970652557,0.9312870185826776,0.8571675633421557,1.2015785087203703,1.1850890800794855,1.053840945637983,1.1827755114257632,0.9966968396436986,1.2570394986403954,1.0949408124787943,0.7635353935085951,0.918894768149164,1.0170306239375346,1.2316335442719628,1.1186745234120434,0.8141289587540139,0.7560764534538762
bed,0.49860482472404943,1.3801252091440024,1.5324196584160368,1.016998595026806,0.49547597585648573,1.3011364206452778,1.3088819956263293,1.323258724173874,0.9722605257444042,0.39528325608851833,0.6847256526529184,0.0,1.4496814867052217,0.36660782522138036,0.3557554574369701,1.2497690232413765,0.09621281988208075,0.6449905705789317,0.8842749334767971,1.4622302684654844,1.3393475495039018,0.7196301076826793,1.3904317131509536,1.114887963781886,1.312201304057809,1.3783728485876559,1.370968944965344,0.9441181231706186,1.3607634793671233,0.7579333942860418,0.6770128713349527,1.1564283869257939,1.2493153401470893,0.4342428376250076,0.6061250631038566,1.3307292139718885,0.8879635215635094,1.3590648136354044,1.3128850849701774,0.026381021074363353,1.1381304199782767,1.547607598518538,0.32575364283461217,1.492401029069169,1.1283586920104889,0.8941064150786378,0.6335851726333652,0.808581507486849,0.770204960361647,0.9327248382210843,0.562336500534483,1.0662201474099522,1.310101137588755,1.4135740896697562,0.5153742378646287,1.4164435067946917,0.740767748903847,1.340458630402047,0.8023948393750742,1.3724964555207015,1.164395373384391,1.1588072325652636,1.4906632706160456,1.1544046298899673,0.7755299100140866,0.7603714625789083,0.6220978011839844,1.2654691977728212,1.159859156577329,0.3315230725324899,1.3645109368553585,0.7163541637235777,1.0969547264072264,0.9506589477213746,1.3069571505406288,0.48915305184647817,0.9585363616310312,0.6212329597708885,0.3880846097503603,1.1174010767890405,0.4400263884101334,1.3484512608523311,0.5076264692602526,1.3821093146477206,0.7905086289607005,0.5592193082864088,1.1145912809977394,1.02167052151965,0.6833052819805998,0.7542808371018764,0.7353519997425422,1.1675074872744302,1.2533688702354842,1.4422476168404725,1.09997185692592,1.4831680784461663,1.336132762323248,1.4713398197540077,0.8419844811248482,0.8924628915405478,0.252561829760346,0.5397147444232226,0.6785473447673487,1.38339022498837,1.0687405767722034,1.541462949201184,1.5169586699200375,1.3548305710628643,1.372003572545222,1.1128409899031597,0.6457569961313778,0.8547700591844931,1.0941265305417782,1.276586458684313,1.0154824287252768,1.464126717062762,1.1833956243387118,0.8698927905682747,1.2945896296055548,1.449934607672417,0.6912658335333428,0.6393783392087933,1.1358934966778256,0.8009729136054892,1.1379149815402023,0.5245299876311504,1.293647603005856,0.4408247622404018,1.048690370393728,0.8378277151311706,1.095728956625808,0.4658359060515178,0.8449522598696044,0.31056209992602213,1.497963824534572,0.5600603277311942,1.4759573197955815,0.9879117707778887,0.9542170332480218,1.4231246242185531,0.9227515196365947,0.9701192822661464,1.5387684791999052,0.6703961757728013,0.41577513147891665,0.5020139690356428,0.2937706311261845,1.5011100888545879,1.4060046657726688,1.3909559310706379,1.2869092384927199,1.0579751154222499,1.13904114691712,0.6743201774434109,0.8096890869843946,0.5595435394627033,0.9733994227709158,0.9890077267638213,1.4840740199556874,0.6484346682415021,0.8940092763525281
