,alligator,ankle,apple,applesauce,arm,ball,balloon,banana,basket,bathtub,bed,belt,bench,bib,bird,blanket,boat,book,bottle,bowl,box,bread,broom,bucket,butterfly,can,car,carrot,cat,chair,chips,clock,closet,coat,coffee,comb,cookie,corn,couch,cracker,crayon,crib,cup,deer,dish,dog,doll,door,drawer,dress,duck,ear,egg,elephant,eye,face,finger,firetruck,fish,flower,foot,fork,frog,glass,glasses,glove,grass,gum,hair,hamburger,hand,hat,helicopter,horse,hose,jacket,jar,jeans,knife,ladder,lamp,leg,meat,melon,milk,mitten,motorcycle,mouth,muffin,nail,napkin,necklace,nose,orange,oven,owl,pajamas,pants,paper,pastry,pen,pencil,penguin,pickle,pig,pillow,pizza,plant,plate,pony,potato,pumpkin,purse,radio,refrigerator,rock,rooster,sandwich,scarf,scissors,shirt,shoe,shorts,shovel,shower,sink,slide,slipper,snow,soap,sock,soup,spoon,sprinkler,stick,strawberry,stroller,sweater,swing,table,tape,toe,tooth,toothbrush,towel,toy,tray,tree,tricycle,truck,vacuum,watch,window
alligator,0.0,1.2005446012212775,1.3467744602714589,1.130636983521102,0.3541125075250948,1.2448053644607857,1.4053019653150496,0.8146707228488801,1.2154977468777994,0.6073328799316485,0.4796434331660334,1.5783921406634178,0.583831650557968,0.488785046824584,1.300565913151197,0.43587412944917303,0.6026187952954171,1.166845140070088,1.6163262199022128,1.2666154372043075,0.8071476487351334,1.2070211089160987,0.8979651754689262,0.9936842475727449,1.2491221447697016,1.6010287575283229,1.30783643468956,1.3280405729710556,0.8224090686241026,1.034740550225175,0.518989302231679,1.6125092866069395,0.7708168855265787,0.49661212411126676,1.0196598041446379,0.6299301205311866,0.8596497779811682,1.0293583232821215,0.5899418595307675,0.6659211746220955,1.6104550240328601,0.6937501743755996,1.599448383634683,1.0223136331911156,0.9616601822118949,0.44826317584707287,0.8808117338618189,1.0081411738855748,0.9734618809537242,0.7594156766986512,1.3979260670544147,1.1837908282823133,1.3623446426663355,0.753960807867204,1.0739923427650395,0.7316608534229875,1.1768643742482783,0.7075105337102341,0.5627253341644162,1.365568010500908,1.027793718068205,1.2003605192792008,0.8198974718117085,0.6385097779976452,1.5456954353326882,0.9216343541575379,0.8586814377805808,1.3053989269173472,0.6724889084393293,0.9499208061902887,0.7340049165076228,1.5450967590898224,1.37616353001443,0.9237892652856853,0.522690377398749,0.6955775464014806,1.1205365921860735,0.5114709741289282,0.9936495582232343,0.7431291384084391,1.4491799244351031,1.3706787345184972,0.6653346731590078,0.908724325678718,0.9991560649895397,0.37170007712091135,0.6943074193260494,1.0686051936460448,0.9440259177504179,1.5316347317112706,1.0912472278929646,1.5488554093438154,1.1132972014354132,1.3211757809825677,0.8665687988844675,0.7204846026968919,0.4550168070945222,0.5683345989388744,0.888818447953408,0.9007260012319109,1.5491713638352635,1.537838860300655,0.6530947532381521,1.2600301173107222,0.5295465594866724,1.1203871320435475,0.6359869109981322,1.2608252570248126,1.2988382326670416,0.6268008705021731,1.2241149153836197,0.7867892346937926,0.8606863069710475,1.3778037419271358,0.9206089171718136,0.8343695251438137,0.7405416218488989,0.465608393953282,0.669820608123521,1.0816497313758764,0.5613760974177299,1.0308567933337536,0.8380528194513375,0.8829520451718856,1.0144958076050574,0.8470733090716622,0.44310586886213943,1.6054164730878606,0.7100786283084903,1.3717945118665886,0.7477035666033989,1.0766215117144589,1.394324896538249,0.9774693819740923,1.420377187308958,1.4602729046067129,0.7965746125896976,0.45110837320368624,0.8394034576902062,0.5290433205867566,1.354437892324694,1.3202046573383326,1.0160315937977835,0.8298478607926411,1.2038624492344667,1.1501237246175566,0.7354806092672653,0.840607907688522,0.8078473864964887,0.9768127204125093,1.21636096001582,1.5102386666225731,0.9288765489542581
ankle,1.2005446012212775,0.0,0.6481227487361643,0.7959233824214531,1.0333919323744614,0.868213075614453,0.7286549350223774,0.825547474238915,1.1808150229908665,1.3708870830968432,1.3464145941190573,0.5250064623854163,1.2037038615519227,1.0579153280796618,1.0184475973261535,1.1884681895141518,1.409949427097287,1.0843089072283025,0.8592452964700508,1.0054680487422114,1.35320122330187,0.6215064547665867,1.3715958042547474,1.1105370969104582,1.1087487217007468,0.7198353038154922,1.1876393693716978,0.43699130111311524,1.140996855178369,0.976311587119258,1.185535493725427,0.8988119896895151,1.3237049158978085,1.2245451139099128,1.0198191239696208,1.2958153575119309,0.9832386129823938,0.7793073142303055,1.147739038671406,1.1697326839340518,0.7420432376896643,1.3995576787055166,0.8011191810378,0.9217967979290076,1.1920497291955408,1.2353598225051872,0.9497930990629834,1.191885527022095,1.080459040259414,1.1256774646319272,0.9340382859697354,0.5820529039921021,0.6788137624145208,1.0798978834673383,0.7733009964705495,1.0672320038254977,0.35447544311816426,1.3447196200575045,0.9625889147560408,1.067510321133287,0.6762170058593397,0.8068871571775283,1.190019815289435,1.2654020176265557,0.6510977120682198,0.603433785262524,1.106552957815916,0.9770704412950907,1.1042240944459885,0.8440373241258043,0.707126996512901,0.7895940085978196,1.0038122183185754,1.195348526507311,1.4285827301406355,1.1328177812006957,1.0252967800567119,0.9932206564167838,1.0742521888724457,1.2081809118073958,0.9763678453028886,0.5555805866180747,1.0397655642715669,0.9271414531302186,1.047797950612651,1.0584915853907853,1.2834582309506297,0.8700259278339981,0.9703555791282039,0.6656377886175111,0.8661861034584863,0.42224693769894395,0.6401906401114729,0.7084806692097532,1.1286723616929608,1.247907074297472,1.17244242587596,0.9098583879937108,0.9828760739578318,1.0400280700146072,0.7111593959845272,0.7382006192391481,1.1943987621539094,0.5771829622101428,1.2284521813126519,0.7588748505893399,1.2117927148342253,1.099492582262058,1.0314300804469456,1.2137592774758477,0.5705189564889883,0.8576635206807568,1.1365812788627412,0.9999129894098432,1.2738229888165291,1.127743866296921,1.0087105723792977,1.1936999488415942,0.9909892974576021,1.1881416833587568,1.1443445369402536,0.9805246040874303,0.7051833142538959,1.0725846911373877,1.165936027030044,1.2018204312144174,1.346418882356771,0.6299979590856474,1.3471498560393056,0.8755228233698394,0.7404562982902969,0.9005433437195198,0.803264157127074,1.1075407575849137,0.7827691073163756,0.8165183441147282,1.1369448810328582,1.2092309084733337,1.2922636379818582,1.4197977352877678,0.9207094547928819,0.32135504048304864,0.8483365621703299,1.0769992297218185,0.7663456677337563,1.116327332189067,1.3794898351295877,1.1841991822223659,0.8889487049042336,1.200853917608709,1.0781630766698282,0.5283729214036595,1.2690448664993967
apple,1.3467744602714589,0.6481227487361643,0.0,0.733586576697492,1.397783377626951,0.5343681755706984,0.3958473451800588,0.4992681055004997,1.118530602656856,1.4608936478700802,1.5196838913832538,0.6695777750232959,1.5742760853484756,1.397444211667083,0.8181242850605899,1.4511230493904272,1.446823672889285,1.0600036538650246,0.6334418004695318,0.9122357598493113,1.3517254574762854,0.5450105313031814,1.255782928264371,1.1960284464106867,0.8530275318776389,0.8344352313167416,0.942265033690764,0.4399639249097541,1.2667967644670663,1.3461968327077258,1.1213491518960323,0.6119573786950006,1.4045011879885307,1.3980235034784574,1.1214783122354532,1.2942147217969926,0.9316464148743127,0.5220389813033119,1.4345106941764876,1.002896759036149,0.5048240343273829,1.4881163419098085,0.7273408068533523,0.9231566997405359,1.0039072999197076,1.3506489178227903,0.9597389138840025,1.3294154568558527,1.2890946505668408,1.3600154025682945,0.764225128181404,0.793044499580229,0.3661497063618191,1.2466623733744948,0.8015435470552269,1.1297882782628366,0.653735606655599,1.33173988799378,0.8644568079509515,0.6912014093487021,0.7401813665328631,0.979946657536593,0.7408465860957916,1.2910790573450242,0.6197868391313304,0.8372398492208483,1.2526866297609682,0.5133359917837776,1.2302637409855481,0.7803253410479419,1.024448096680773,0.5876128721868487,0.7822253422351766,1.049644873102898,1.3329405967308126,1.4019385166724594,0.8923808560459369,1.3835483378882416,1.1620489062350652,1.454392842310351,0.888908107885355,0.8070059307415057,1.0897471892629806,0.6370887032637814,1.1077392660128003,1.2241796790890973,1.3087495977810524,0.9501604263082578,0.8579791773449321,0.46147635960670885,1.0020070023761987,0.6495368211011131,0.7023098173354231,0.36798391265953967,1.380260825287174,1.1936923662108576,1.4841883886745904,1.39237795985927,1.201005958866914,0.9414054549647819,0.6325085523147091,0.638494527522188,1.1488693804559476,0.37845255320451976,1.1489876911149448,0.8957344880522496,1.1231012558195084,0.806238257349524,0.8316085021022354,1.2475050824290346,0.5870856050417896,0.9547492451795361,1.2586897250318794,0.9180665314007472,1.4776127688228218,1.1422719807875081,1.2205258816471711,1.175970699207781,1.321553318470186,0.9571692259693947,1.4282429756590949,0.8621394630969604,1.243328082593167,1.1583346356583228,1.2681887720283271,1.3628215787449527,1.397782343874933,0.41219833633090763,1.3878655052508233,0.6903021078839797,1.17887363734892,0.7652561967450392,0.6774284929848532,1.101065574782014,0.9199440962467271,0.519586114470515,1.1851077699156312,1.4724879047342068,1.1240585660276603,1.504345662573976,0.5814151784977548,0.5690149149366817,0.8678079981839821,1.0484969556107295,0.9533146575412644,0.6826253172909178,1.326714759464441,1.11726805639444,1.1654205265196533,1.20621734348369,1.2352423750420296,0.6292073905597944,1.3320639708270283
applesauce,1.130636983521102,0.7959233824214531,0.733586576697492,0.0,1.1733516430610573,1.1305025393267305,1.0083273949153695,0.6710775128486544,1.0163887821528206,1.1502465521869518,1.2155943119602146,0.8039859538221592,1.1513438947870336,1.1409639683593964,0.903367886826792,1.2040222550701833,1.1844600623329828,0.8917376852808536,0.8854620331231055,0.8005530786421079,1.0645676707978566,0.5915720318385699,1.2219697068059572,1.0823523312588672,1.0415505595738708,0.8730938134887247,0.9871365695480481,0.6305977019894314,1.2029812987884003,1.0250531302795052,0.7607807598255272,0.892023587338725,1.1868120276429976,1.1916039219967531,1.097316122636064,1.055242697191065,0.973360087282519,0.7009474663618579,1.070516635829605,0.8629790940253842,0.7589796957050852,1.189455667760051,0.9250868478283883,0.843667328437399,0.9605739476175768,1.2312248376049368,1.1331790995239706,1.15520743604526,0.9824321973088097,1.1072221484858709,0.9217575255078526,0.9396693783286832,0.8713162570793062,1.1245562403067921,0.9442439579225291,1.1349512036420373,0.9295761408672852,1.170119057463899,0.9402203324542261,0.9440592969083179,0.980674072795966,0.8547186279094181,0.9578979026015054,1.0599216341786395,0.8768137453395477,1.0611319392565075,1.231097667401598,0.9417536128727221,1.195805197001952,0.6193497047925786,1.0827600556576786,0.9955266001860803,0.8734082292086791,1.1280486916411032,1.2023944125862724,1.1337351260268582,0.9923754658786594,1.1712909749461236,1.0025129269241733,1.088257256038213,0.9938268595745964,0.950987835841067,0.9915672442563152,0.9305779147354809,1.0248364850224068,1.2160555222795937,1.143366465583847,1.0369447400446887,0.7815273759940955,0.8719423208463637,0.9136580247574618,0.858460851707774,1.0232617353665334,0.8005821621327994,1.0074470513060636,1.2091761894647162,1.218734177398926,1.1208238272443423,0.9364336192934639,0.9149415396398273,0.7300331262251918,0.7512480685026386,1.1159563284896339,0.6262779066205406,1.1095184709324957,0.9544360125463135,0.9164452142745894,1.007329314493489,0.8217543846141644,1.1834046742175905,0.7419364375746286,0.8438456983845519,1.1728951921499688,0.9939283276699218,1.1361682414286192,1.230279006396755,1.2264213430800246,0.8523763816283636,1.18914956012885,1.0540337054940305,1.1769481396122035,1.0396987098237713,1.0512711640602748,0.8475153976827366,1.1217230120040107,1.0936300919695037,1.2510086460109022,0.7532752294131051,1.1987256092536156,0.8537348437426105,1.1822279516099365,0.337386144911478,0.7839988513365106,1.1899808760718442,0.8853623756919414,0.9359316331963465,1.0913364382291926,1.1849402279020789,1.102784936020237,1.119317124265636,0.9418617426879129,0.9057244947928068,0.8977347373525828,1.0270118928381176,0.9102996699703458,1.0051925917366005,1.1036804330414012,1.1303133812204704,1.0256163320289131,1.1575934761272286,1.097576155562656,0.9287713684405854,1.2040696751640647
arm,0.3541125075250948,1.0333919323744614,1.397783377626951,1.1733516430610573,0.0,1.3618614380804805,1.4163890892709534,1.0096044080050781,1.2865878409756704,0.6796363961178528,0.5787627850038681,1.3777751127817288,0.6102483061635079,0.4637852836116789,1.3465757367211806,0.5952224890016578,0.7228977026680932,1.2507919402902976,1.4989050819638854,1.3656375390596265,0.9234203190944108,1.3131396544194427,0.8854533731384195,1.045649460250454,1.2556517238819493,1.4204488201839982,1.3404949812163776,1.208589438208333,0.7985205950074847,0.9623881257348278,0.7215752082617999,1.564009447645454,0.7981849939244241,0.49941206026089535,1.0173131611501138,0.6110025099333442,1.001545116169167,1.2065787880926289,0.6555366149274456,0.8698358177222941,1.4793794453701739,0.8111875623303386,1.4666642136896668,1.1587692374398582,1.1808268041584982,0.6167154610512878,1.1070709224325772,0.956762250451691,0.9888952602929701,0.7002798360392027,1.3201771184411406,0.9793083248815528,1.3790501289734594,0.7159529434958425,0.9740359146443235,0.6708533944350082,0.8916936323041964,0.7317475288244344,0.7771596525632891,1.476758320640084,0.9666496655574173,1.1022254188645382,1.1317641065787512,0.679416015278326,1.3450651261139,0.9148057397095636,0.8157399332877,1.358453015403964,0.5948472744412634,1.098685193779581,0.5270613310141239,1.4731083880056084,1.430585734930007,0.9689931111367346,0.5625712487106216,0.5479261274415901,1.2076011483793914,0.44127668784525487,0.9391106844076247,0.7652107899867822,1.4165442392953083,1.1876697169407051,0.8148292085770013,1.0652342123978427,0.9983698735600215,0.5841992071155806,0.8065317444666635,0.9716427714656515,1.1234923872764278,1.3538263552470777,1.1904322218334107,1.3106436660312262,0.9847461180154191,1.3419829715973277,0.7950842639041825,0.7623360621173751,0.39666249072085313,0.4412042570782584,0.8421780196251314,1.0380369451767866,1.4228364790995816,1.3879144571797477,0.7724117872827367,1.246205619890774,0.7944680286696054,1.2415571669518188,0.736825435690457,1.3232486855042107,1.3821403610674978,0.5977072988865246,1.0289573862201855,0.9470785185472779,0.9995362378991243,1.35852093220229,0.7987975008463046,0.9263771345501378,0.7797085356195693,0.64167139898162,0.6639999416396807,1.1315661123334975,0.3921712084281048,1.1646554303102972,0.626593979497219,0.9342582341289909,0.8281720640201,0.9111304466871093,0.5090751538876647,1.5329563751934183,0.7727819636181662,1.2443823766855922,0.7204873866880293,1.232179964719411,1.4032839732636329,1.0062945384534374,1.2315826110330719,1.4084609820318101,0.8837078205803213,0.36430731032943986,0.7814505628651389,0.5435666705766529,1.4604153742760864,1.042139166011627,1.0028615106969383,0.8002258760488228,1.2258803679110049,1.3466366016567235,0.811448251290561,0.8678927425178982,0.9076952336658247,0.9529598762910432,1.1310072555842556,1.2195584849120418,0.8901802618114271
ball,1.2448053644607857,0.868213075614453,0.5343681755706984,1.1305025393267305,1.3618614380804805,0.0,0.29927828080791097,1.003677665595257,0.8398961767128772,1.2342481545283839,1.2564444469283034,0.9171345735718291,1.3550785026031025,1.3096876827868797,0.8590923056145766,1.2231273496532238,1.2063080281198764,0.9236919786898159,0.6372696056426703,0.7560049963703794,1.0999475764601503,0.7822161442098119,0.9958539345144131,0.9240094302630251,0.8087884893541732,0.8448104775587167,0.8846524064597114,0.9595918935982781,1.1886682142564906,1.151922967941234,1.167891211256803,0.6064005400737763,1.2353617137081119,1.2478683411945604,1.0035307506646276,1.2563843387737674,0.7340754734087027,0.966339389932243,1.3040430414581927,1.1626647550280216,0.7248229414707401,1.2071196152389698,0.5825253517763775,1.1399662161110753,0.8572568175051453,1.240302275680717,0.8037022561716062,1.1227379887972921,1.1886551977308772,1.236508299216144,0.8155260581823403,1.0912460215068451,0.25132936163281505,1.195296788253735,1.048997067477904,1.1596864079243248,0.983410281845989,1.2565739636531879,1.013835438325655,0.6663085977829388,0.802440011740033,0.9545295260885086,0.7672002396825723,1.2098505021206147,0.8803775800069864,0.8716959265162354,1.177997005462506,0.5036630192992831,1.2346803891563716,0.8267213187247568,1.1519169033217398,0.5652181221220143,0.8792272717987717,0.9845974770360753,1.188919824666414,1.3102468827413762,0.7000899278618569,1.3428206842994306,0.9860798014124493,1.3718788606949313,0.7045201066642663,0.848237989522687,1.1036816698531373,0.5554756264813958,0.9131441667852872,1.059433120073885,1.1874361477830555,1.0723398701332534,0.7219511385280089,0.644425614906875,0.803489635254061,0.8569063010743039,0.9358766982017033,0.5273885129969837,1.320141593609744,0.9846508544734163,1.326137845946489,1.358604580882517,1.1172849545896708,0.8743431811672259,0.8779867621429377,0.8391001876394462,1.2036933178619305,0.9462197566508482,0.9796943444139589,0.7267190034363548,1.0708667905132399,0.8749349364529078,0.6127256240028089,1.1568134355450226,1.0120748650074145,0.7580022236161521,0.9946204729765324,0.707761682045109,1.3051567470530445,0.8611375229124113,1.1111350407565135,1.2039741389680858,1.2531287854245465,0.8236989087236295,1.3624166744997874,0.8036428637908257,1.252230028312178,1.0624735948806785,1.1942224734656317,1.0973512621033972,1.1680004667767205,0.652269328419734,1.2084107077176904,0.921944498787448,1.0327092548368835,0.99401995764132,0.6784368826920506,0.8122792919181675,0.9317118019126261,0.5489570561170037,1.1419456058441797,1.3672200996241417,1.0796896792928612,1.2481930500714171,0.3982232232654688,0.8635874218728405,1.0333938631960091,1.0401860315155096,0.8491109706684128,0.5173915247935856,1.0779920495092277,1.0865342138860974,1.199961406738078,1.1816267809828878,0.9525798806197234,0.7263338763744644,1.1543989449501515
balloon,1.4053019653150496,0.7286549350223774,0.3958473451800588,1.0083273949153695,1.4163890892709534,0.29927828080791097,0.0,0.9176132709629619,0.8879698696137646,1.309425955772886,1.4180446454181654,0.5741169604441294,1.4141505015815885,1.449265416182612,0.8293526556880685,1.3917248425601372,1.3560174201841217,0.9755613398938516,0.4335216329422682,0.7071740936060896,1.2336065500038031,0.831563871636353,1.099918686517002,0.8687664086673758,0.8807789323196802,0.513991622712256,0.8025019694716262,0.7198692639174402,1.187253854958139,1.0574629227734373,1.2612543736053743,0.46011036202977795,1.2575189285003336,1.3456177026933607,0.9806955229055943,1.3203206844217572,0.94098220138824,0.7898645358079797,1.2957636437002902,1.2292733719249107,0.5056724503157097,1.3026327415728725,0.3833598667810354,1.0614261796439157,0.9897180407894748,1.4262916168970083,0.9311173495080873,1.0226610376224663,1.1198117813599817,1.264949901060411,0.6063891205168541,0.970912846351256,0.2868025231920429,1.203949384139657,1.0441775055903493,1.2108003395316949,0.8795463501702374,1.298141816642485,1.0439162602116299,0.6488308919045993,0.9415654740231888,0.9343391445678906,0.8860838319865354,1.2803324590776564,0.6685127574995118,0.9143711205540455,1.2411527473377655,0.5842786818935967,1.2605605773958986,0.9989746594856047,1.1603697828543205,0.47814496637130266,0.6567674722315917,1.0523429013589432,1.2314831365744514,1.3710735020236582,0.7808577886210153,1.4277275381693277,0.9887127241093306,1.336362958187057,0.5767989833798315,0.6432288728824207,1.1745429049475304,0.5648200138952056,0.9871803479057315,1.2585987229855866,1.2716343013032614,1.0649780934314754,0.925252764946967,0.5064627113789149,0.8024620125687065,0.6198197515044727,0.8959201553796075,0.39866238463279746,1.2909413031592283,1.151984227678165,1.465833858392756,1.427739831459513,1.121126233341093,1.016709159858064,0.6666423859520763,0.6491799873711481,1.245679362176082,0.6743753383107127,1.14454158886729,0.6830108631690902,1.172394454409424,0.7847191679761276,0.6676485042008724,1.2438248486476133,0.9112740823155079,0.8386833295154122,1.1527115284592737,0.7688605053177092,1.1958200649782076,1.044806201994998,1.1765727106152002,1.3222687919757958,1.2876856401038652,0.8666985285689571,1.4227162610771185,0.9676507650193267,1.2362054363882473,1.1011880189454801,1.1488293965654879,1.0322890464196353,1.265033134370312,0.5142208604879521,1.3407770867300355,0.5813262287450052,1.1238366256252326,0.9523046498058229,0.5936916476927486,0.9284489573518913,0.8020802718575679,0.4539867137319611,1.1457479673304731,1.451795248492504,1.1383598949306302,1.405162473054619,0.49350898690253586,0.7481690090121306,1.0002992975591039,1.0211708511670383,0.7279420579215821,0.6388653287996151,1.2559615018820263,1.1358809188613306,1.2290650457412178,1.1054265907619527,0.8310669597274092,0.6704789997580484,1.0889088121511694
banana,0.8146707228488801,0.825547474238915,0.4992681055004997,0.6710775128486544,1.0096044080050781,1.003677665595257,0.9176132709629619,0.0,1.1297995261626788,1.052250699883093,1.2150743096972658,1.0613551175812208,1.241628731019162,1.0419162435625247,1.042586285038055,1.0629290062224168,1.1276505207117569,0.9957907486363277,1.0738960899241903,0.9247071743590751,1.0976569046750406,0.6459639027422611,1.2271005696308923,1.074109960775261,1.052845705563804,1.181763134951614,1.1022925062833395,0.7240190299179114,1.2437966298245366,1.2604603819299893,0.6367691082612172,1.131713009810536,1.3046868144388681,1.1534682261455562,1.099047011472772,0.9524506132518796,0.8250428677407089,0.4390076969874819,1.1776685982549264,0.5740001843405289,0.8651871143996082,1.1939199707362298,1.1183702001696207,0.8522862998492162,0.9213593123905033,1.1764390332098675,1.031121034449559,1.2769694189005452,1.115134008012737,1.1505663557922814,1.0691856658591297,0.9242219529572342,0.8776646073093691,1.058529544051284,0.9884979137897462,1.1024717966403916,0.8571151283885865,1.063619493173695,0.5604543238928323,1.0191764689820653,0.7820630137813283,0.8330364612136301,0.6743566014339788,1.0425767937101087,1.0441897479911952,0.866252556046969,1.159887541976356,0.7688422441289247,1.1448177287240264,0.7163494168238469,0.8787213150497671,1.077220365193629,0.9987013557648848,1.0958953551387247,0.9459038872565623,1.170052539518328,0.9287086149405008,1.0785281310923174,0.8354798038232967,1.2166293566010764,1.1967471073078895,0.9711382467433197,0.9108246347715051,0.5248006921372234,1.0095997155632714,0.8941071748731968,1.08289782727642,0.9000535945970488,0.8188075114783915,1.0071060757861905,0.8795890974221869,1.0001216825383854,0.9321059564529212,0.7384565965964254,1.218765848006648,1.1322608640334246,1.1970564220044622,1.1065648183622647,1.039846485518079,0.8790837625421516,0.8706497273584761,0.8721835609193144,1.0461484135389114,0.418117891972412,1.0643429945369622,1.0164067207767034,0.7692433890227912,1.0151800976479444,0.909951119805858,1.0675407600150224,0.807435737629648,0.7532420646888117,1.0941578930731708,1.1899451528762204,1.336051417168627,1.194112878042282,1.0390271409592016,0.5741137430056074,1.0573381954891623,0.8077958788644823,1.1930489539835127,0.8662576808308908,1.0883441149156772,0.7826916713092684,1.1818632681113066,1.084946418835508,0.9223808292501386,0.9107368119742439,1.2171771139881042,0.9516033858347598,0.8863319741111915,0.6119890662474017,0.7829571912668012,1.0112958723150343,1.0265509724240076,1.017736276204383,1.0701886694820912,1.1936215274001474,0.9683520002206277,1.1465052159455054,0.8057528238603087,0.9071575147564211,0.8117729303768696,0.6603605698702665,0.9370604846200072,0.821937140726865,1.0741503887686077,1.0515456561959944,1.1263951305546214,1.1505721230615649,1.2310086098237538,1.0162728773195224,1.29010403558484
basket,1.2154977468777994,1.1808150229908665,1.118530602656856,1.0163887821528206,1.2865878409756704,0.8398961767128772,0.8879698696137646,1.1297995261626788,0.0,0.794650081247091,1.0040751304350874,0.9318556357170504,0.8557496804064464,1.208789269483055,0.9072701704532029,1.0690785339601891,0.888477161832876,0.4494086287896525,0.6238012848214787,0.42675639037034174,0.5036002562053452,0.9850955166643169,0.8898786305936616,0.5273351258815955,0.8712596252097815,0.6856442531831559,0.6680695839103378,1.181817738306064,1.2607291036066635,0.697640313629515,1.05033377431026,0.8609370317000886,0.881480931988075,1.2273335567274135,0.9038605222700562,0.8467120640396024,0.9194855687468335,1.030359038728259,0.9608579780139153,0.9251686877064442,0.8306495825303983,0.5105471585325665,0.5459641789996206,0.9933699984065743,0.6736520760758689,1.2856329014217491,0.8551957502152066,0.7781525323354549,0.537173336766273,1.1169355951823698,0.8503229536199656,1.2844225057162837,0.9910049022506662,1.1307523606794443,1.319690603806795,1.279420960181619,1.2706626594946404,0.8897006552652219,1.164140114557859,0.6576872178183608,0.9659242671456477,0.8168599432665775,0.9443350724795606,1.0221461675852221,1.090167254168493,0.9543365510478683,1.119197136884062,0.7136197258328149,1.3118679147911871,1.0207234278282526,1.2128046359720923,0.8358454590096351,0.7757523244976245,1.1342779461635504,1.089491421505715,1.2531735455601158,0.6183165451917929,1.442477821765312,0.7496891723658022,0.9080839410913923,0.7268978372366302,0.8865899147716455,1.0331916142436364,0.8159525669659358,0.6333821252983299,1.100300885726421,1.0883709009809295,1.0845636928344857,0.837896669738231,1.0815745075513925,0.5977836751393855,1.0339497103607505,1.329706066519966,1.018377489313653,0.7358276161113471,1.058524888610801,1.2634000740614457,1.3743232466578281,0.7795484381315145,1.0305645618759107,0.8720618219766039,0.8812304557537105,1.2952480497176824,1.172899108508108,1.1603581793213429,0.6497447478475857,0.9356085494253543,0.7260241024900749,0.5632057952948778,1.1949940461069757,1.309129396544867,1.020021009481983,0.655467729709902,0.5796795347259391,0.7610368149165756,0.9945854927150471,1.0845414809771894,1.0348239409496458,1.1784677091593392,0.7257007806606732,1.3504643937163252,0.7416512983673247,1.2196213402136429,0.7942523193143614,1.1122508455605202,0.6370640908833135,1.0226238502080527,0.8839608735549602,1.0406316907665585,1.0392745738853575,0.9536740898147168,0.9719991177867463,0.7158028016832712,0.9239191400798837,0.8338469434389237,0.7032650979996125,0.8256492998988518,1.3061376959317823,1.005202222574929,0.9731174829599745,0.6131062964245613,1.2464030626210014,1.0762124722224709,0.9365305366461776,0.6317446208574737,0.6620572229154486,0.7992355697057774,1.0538205889064098,1.0966675182472017,0.8243786107787843,0.5182354607140964,0.9467759704945153,0.899207737200003
bathtub,0.6073328799316485,1.3708870830968432,1.4608936478700802,1.1502465521869518,0.6796363961178528,1.2342481545283839,1.309425955772886,1.052250699883093,0.794650081247091,0.0,0.40188088233569363,1.473123591338923,0.45393453215128854,0.6453998540511924,1.3358841444772929,0.5965075745807175,0.272956770715148,0.8765420340477307,1.3862902528847632,0.645572319654482,0.23324707420211888,1.3734692884476485,0.8429243673821083,0.3975014898850616,1.1800034490256275,1.3393255415728968,1.1282476985638832,1.4611518996740271,0.8834680603910816,0.8375380727307264,0.7141186622373115,1.5130350536043689,0.6198327188823765,0.7156429410401245,1.0626930690925898,0.6159375655226289,1.0484283575855897,1.163086651591596,0.6059973628283375,0.7536327410929426,1.490313061791643,0.3204165938919843,1.2395035299998514,1.151950988026174,0.6928977292774241,0.7852618160968821,1.0620360769466142,0.7970261406371294,0.5478010380998459,0.7887862799741719,1.2610234461812713,1.3296339667209809,1.3947755604909522,0.8394298581789554,1.183361957800158,0.9474051762385598,1.3865895317940278,0.5095538108682746,0.9484970512222975,1.303709003217715,1.2104311587733505,1.1602368236425262,0.96235798101903,0.48770657419438135,1.5329456705454239,1.2148597871114148,0.813066959630776,1.1342487132534282,0.8762991289714154,1.139550423542468,0.9742807557023607,1.526039879684327,1.289247008178356,1.0141494602231658,0.5488920371229004,0.7899085172477867,0.7936757973731702,0.7531032682030347,0.8583703053061043,0.6347925618783985,1.2610786239444636,1.3239979362900338,0.7763075514963746,0.8382154161467674,0.7435318177232499,0.6475237986534118,0.64339113016337,1.0683831164291164,1.1113642529252414,1.5097615412077752,1.0214895534965582,1.5437339238090897,1.3182284033486464,1.3101493605595496,0.7152562019270694,0.8412270477725782,0.6102561508208434,0.8070866962955894,0.7105789108866144,1.0087010182487703,1.4576163300053069,1.452991617411269,0.9151689768791078,1.2659042745411633,0.8537967701498897,1.2275360921561091,0.5601643038042166,1.2475267362676359,0.7217399394925206,0.7027825469166776,1.374503674826871,0.8602835174080825,0.779036805081485,1.2289286725466375,0.6216828163838974,0.907579057162746,1.0100299777096804,0.7188460975977968,0.8406118089676644,0.9487909570668991,0.7389266311212341,0.926287371049503,1.0209730956013678,0.6929612204616584,0.779859378435695,0.21177032678714303,0.31824394038649806,1.5180990334983142,0.6399050234555927,1.2049639241542243,0.8820398534032472,1.0757657932301314,1.212713853361929,0.9357081993629651,1.3060333647980442,1.3591618025393861,0.7596157608438118,0.6576155264953543,0.7386582201839562,0.2589838434569771,1.075929042586908,1.5031061562517805,1.0699402419356636,0.7713841668479445,1.1565475935355547,0.977443199745286,0.2364105296637269,0.8851192192604945,0.9809048042999324,0.7218097542804303,0.9941316081655854,1.512829743476051,0.7715011618422994
bed,0.4796434331660334,1.3464145941190573,1.5196838913832538,1.2155943119602146,0.5787627850038681,1.2564444469283034,1.4180446454181654,1.2150743096972658,1.0040751304350874,0.40188088233569363,0.0,1.475303401708893,0.3513722205143226,0.47630230955178976,1.2605691681723732,0.21735239338904222,0.47005988175992186,1.0420383620981182,1.4698536517875913,1.0944228849172841,0.5785720718300391,1.4666099785173667,0.7504096278730722,0.838510824004618,1.172219986894866,1.3795428232009874,1.1876975647298336,1.488300575484684,0.75580070987186,0.7589119007093674,0.8224770013088817,1.468151480149836,0.5165174543663575,0.5047121905424006,1.0193223663652935,0.7551430517142171,1.1432997585234357,1.3328377516097145,0.3901354850141525,0.9561730304879432,1.5632728985546467,0.35951371971701507,1.4190144640363738,1.2184185957995477,0.9769770327039915,0.5321502298430942,0.9814667253620485,0.7601428431972868,0.7748877483298225,0.6977461989920886,1.2396044809517857,1.2936311810204764,1.4075732922392872,0.6057038111807762,1.1229815227389957,0.8041589981949115,1.3721115487903237,0.6038031790877076,1.0093647013857698,1.3457488521434657,1.2172785161542912,1.2962271718517464,1.0799389909691675,0.5943837883322718,1.4875042060980233,1.167323974237925,0.7298008510036276,1.3754237478355862,0.7678312526594464,1.1520978448823063,0.9983797723363713,1.4694017702811468,1.3211998447450954,0.8971024436752372,0.5523601704166738,0.5879141809532555,1.1062222310326342,0.5394932407890629,1.0969247724685833,0.5035515142890346,1.270318107520404,1.3899497423934188,0.8034193872760524,1.0919772561948515,0.9655439098466795,0.6147146907769925,0.7132412361676417,1.1220532389660536,1.221813585458396,1.468821198078134,1.0850104407346546,1.536110784767188,1.239712121249048,1.418099792278801,0.7300726931401276,0.639572058129739,0.3465135448036534,0.5543413337794059,0.828188423353724,1.0142683147130749,1.5367411755394953,1.5397018727815681,0.803225924975377,1.443495558321493,0.784863677352333,1.0656354940372172,0.7246073195336147,1.2763551559070374,1.0656491457473845,0.601331890194734,1.3535987930348314,0.9924020476955714,0.8505377381650676,1.2592826846496108,0.5738366573177384,0.7747837788741689,1.0020793218173452,0.790879992423223,0.67999936083438,1.1929302922949452,0.5325087968711482,1.0746127031285855,0.9293979092987011,1.034141219128818,0.7427494734401661,0.6276452728585044,0.42879360888540907,1.5542411489542485,0.488039310550878,1.2574892445525956,0.8670176007484414,1.2329846544451408,1.451471175097799,1.0941880660015175,1.3042074960700694,1.4629239829726757,0.868782445836925,0.418210079175256,0.7594679995726792,0.27067009692723376,1.288013287787285,1.454208381823634,1.0437816122247559,1.0065975146922501,1.1415658349189688,1.1695135363999116,0.4964604731762793,0.8647993545427677,0.8743152914623499,0.8185320143808172,1.0122070444504236,1.4947933177466521,0.691247540889226
belt,1.5783921406634178,0.5250064623854163,0.6695777750232959,0.8039859538221592,1.3777751127817288,0.9171345735718291,0.5741169604441294,1.0613551175812208,0.9318556357170504,1.473123591338923,1.475303401708893,0.0,1.2711704735441733,1.3586110984990274,0.7338119943746114,1.4102305594157856,1.4558326145884761,0.8948309922570893,0.426624780235485,0.8091601005095901,1.345922062952311,0.8014179817518442,1.2046878678190178,1.1402805728054601,0.9389852292656901,0.2558739043658437,0.6787452122879638,0.45272075600601547,1.0201392664414441,0.8700053167825954,1.4394064526807693,0.41879738594290195,1.3227426609502528,1.4075792764245687,0.9970780228088876,1.318374853935668,1.2314419742388023,0.8733700089300958,1.1719771902765066,1.2938361988458937,0.27890431841354735,1.4146668298255585,0.5049104757230527,1.040434425408114,1.308638682233434,1.375334112693438,1.134156159082639,1.0874749716869827,0.9844843801542602,1.1947218506925812,0.43906484097861376,0.6920162107242179,0.6877832129053477,1.104633995500224,0.7898091382969884,1.2086992714189764,0.6324998813975691,1.351223937892413,1.1355129445268939,0.7490573497866123,0.9407634607965125,0.7508273198943004,1.2412193741186581,1.491565771164595,0.2744202504741561,0.82043838199256,1.1303824195036016,0.87994319913775,1.219711991397795,1.1748501619114626,1.1147112324587334,0.4097067536399044,0.5915700207342355,1.1387264420180776,1.4669984192129188,1.2459044964127095,1.1749413779585463,1.2725558882366341,0.9623873588703831,1.263172026879853,0.6548366311588801,0.435845367343192,1.368835786766995,1.2266550923072672,1.1379273785896784,1.4760478169916356,1.3302949336467362,0.9476776923275477,1.1866476256645333,0.3952445153943376,0.828862939718468,0.2638784720799543,0.8285168350483882,0.6621689453397057,1.0595290866129876,1.2801902584828813,1.43241891360222,1.2529659011563652,1.1004405408040852,1.2167744325060972,0.26440040285084476,0.35011315718288083,1.2546290599748111,0.6427878618287787,1.309078779587637,0.6813771884803942,1.3888920257583839,0.8760404588441276,0.8271846407597178,1.3209953844145765,0.6731174043804854,1.2386107704495355,1.1660832464095328,0.707252684807074,1.1154277735861837,1.1841020099744721,1.1777694665989626,1.4277784159317422,1.2997998278737275,0.9823571962330152,1.34238362250511,1.056558241373873,0.9364703347286583,1.2444335863631413,1.0750247393267862,1.1456442942364868,1.536265424532672,0.2609044300542288,1.2957020517493092,0.45563878450860207,1.158250366287379,1.0235358357657367,0.6460278563796741,1.2081224437723177,0.5360410845451791,0.5906206159283086,1.2053112259472416,1.4450165277641165,1.2702935240771773,1.5315787710864288,0.9057296466020573,0.5109105374855618,0.7382237513852343,1.1177517824989427,0.6117993625521764,1.0147379877003329,1.3800353673262904,1.2611830236533697,0.9532731968044648,1.1666946515457202,0.8339443584427815,0.3235355179887831,1.123054991260412
bench,0.583831650557968,1.2037038615519227,1.5742760853484756,1.1513438947870336,0.6102483061635079,1.3550785026031025,1.4141505015815885,1.241628731019162,0.8557496804064464,0.45393453215128854,0.3513722205143226,1.2711704735441733,0.0,0.6580892231155366,1.3464171130239615,0.4564170676655761,0.5093780688387504,0.9881582822122226,1.4036445950734353,1.010644562969051,0.5653236837295219,1.3757347701849394,0.8815314567390579,0.7580334359747832,1.2707952271617295,1.1501265207417548,1.0472535342728015,1.306854352197313,0.7401809328428051,0.3816497460157844,0.8488662822506756,1.4795968602904852,0.5006352905071296,0.6313380450846127,0.9715090914321227,0.6647858353608092,1.2227528222730637,1.2614180909197084,0.16784754441829453,0.8878373507858137,1.5071584350334273,0.4065757742980687,1.330103051823135,1.1221650156514187,0.9965875252605912,0.6123311906488994,1.077359481836999,0.6625928494741686,0.4637705081496448,0.7650867803813256,1.2333735337955831,1.1860942744668863,1.467203385809146,0.6656986207788126,1.0845951077594367,0.909611754022821,1.309181190486804,0.6335988077464578,1.0605485577222535,1.3882030652952366,1.2243566158626387,1.2473961614750064,1.2109295918299225,0.6716819875040275,1.4117210405501623,1.0977659292864375,0.8806836506797695,1.456392825008225,0.811362120498292,1.2700781217421293,1.0171297358433657,1.4428769194285813,1.3124307481165676,1.0649207935810545,0.590036103561921,0.629487651826824,1.1555840868861544,0.4478922755355952,0.9670747754072486,0.37536277095086246,1.3100194410761175,1.1833980213540298,0.7202540270423725,1.151221422092741,0.9357328738615405,0.716189537674475,0.7565995943029564,1.1595324226000028,1.2411305152364882,1.482327944411911,1.04563000974333,1.4019984002689156,1.2154004735833221,1.409244426803566,0.388521708520432,0.9012655324053469,0.542036888983465,0.45572360911015963,0.8405472624634442,1.0588792904375282,1.4175738272264289,1.4423022909676098,0.7990482592872192,1.3345932332559995,0.9085005877668398,1.0773076370089107,0.8566198623641716,1.2459035454453222,1.1362419139853985,0.7502320622059191,1.3258901372199223,1.0367066728255858,0.7007738238043667,1.1358652707375487,0.38986609628096525,0.8565907741328147,0.9855343886628948,0.843088482073633,0.7914702333035497,1.1913044877276575,0.6233763880841732,1.01058759525657,0.6541298258308923,0.9623459236810684,0.785320031189993,0.5066935410082497,0.5891454419709432,1.466379667749834,0.6811469610560901,1.2418321853261693,0.7537054668425844,1.268046989098604,1.4153923842723457,1.0964417235602717,1.2267867121626144,1.4058816850226,0.7642935737022241,0.5250090907155635,0.9672069630099511,0.37650380359618896,1.349199593349634,1.387979123650878,1.1424929676943225,1.061558372837524,1.0628484222688983,1.2719578637224624,0.6782771934035992,0.8480889881117983,0.7550583462233927,0.8685594698724635,0.7709992396746825,1.3806816993699431,0.7457127188457999
