,alligator,ankle,apple,applesauce,arm,ball,balloon,banana,basket,bathtub,bear,bed,belt,bench,bib,bird,blanket,boat,book,bottle,bowl,box,bread,broom,bucket,butterfly,can,car,carrot,cat,chair,chips,clock,closet,cloud,coat,coffee,comb,cookie,corn,couch,cracker,crayon,crib,cup,deer,dish,dog,doll,door,drawer,dress,ear,egg,elephant,eye,face,finger,firetruck,fish,flower,foot,fork,frog,game,giraffe,glass,glasses,glove,grass,gum,hair,hamburger,hand,hat,helicopter,horse,hose,jacket,jar,jeans,knife,ladder,lamp,leg,meat,melon,milk,mitten,mop,motorcycle,mouth,muffin,nail,napkin,necklace,nose,orange,oven,owl,pajamas,pants,paper,pastry,pen,pencil,pickle,pig,pillow,pizza,plant,plate,pony,potato,pumpkin,purse,radio,raisin,refrigerator,rock,rooster,sandwich,sauce,scarf,scissors,shirt,shoe,shorts,shovel,shower,sink,slide,slipper,snow,soap,sock,soup,spoon,sprinkler,stick,strawberry,stroller,sweater,swing,table,tape,toast,toe,tooth,toothbrush,towel,toy,tray,tree,tricycle,truck,vacuum,watch,window,zebra
alligator,0.0,1.2007851674426007,1.171972282653034,0.9805764657402585,1.0117762214337915,1.1383188419099397,1.1018780322004642,0.8258590645939357,1.079447563009863,1.016966043983766,0.9920155506492508,0.8431067869451667,1.0569217588313076,0.8973255681428394,0.9190296155142511,0.5110610209765734,0.811766653063519,0.8431304700929847,0.9894446781365318,1.1611862744108872,1.153510884362542,0.9721978149524328,0.9380830084465095,1.0868946798932477,1.1891500579404697,0.4952184484222032,1.145724393830051,0.9096401236493246,1.1359035379801128,0.7766409267688843,1.0451533880134767,0.8675520346818872,1.1175184574837456,0.9943590406594277,0.7953494661344591,0.8867362179940665,1.1148453816574113,0.9525365634569097,0.8860145771412488,1.037199011639458,0.9250775686117256,0.8081894689401079,1.063532428814346,0.9551726559852587,1.1747490375178906,0.9965035665138714,1.0929329471059017,0.5345794501848857,0.7946887091594362,1.0632760792002727,1.008209739404533,0.9324667942910451,1.1980444334403002,1.1981590133738695,0.7885609385541884,1.2434709341782462,0.9918273081167525,1.2628332076443367,0.8280783152402742,0.5516315331275935,0.813771714516809,1.0616504773994593,1.0027518509837472,0.37843154043153504,1.0440696635739668,0.8911088187436594,0.8930676184780825,1.1980474414365032,0.8309624803994826,0.8871661860860273,1.044937028591591,0.9825498388998811,0.9684578755848003,1.1255590392484516,1.0975476082543891,0.819634671826455,0.6597051571313692,0.9236402762244293,0.9220836132522994,1.0818119346543613,0.8933493837111769,0.978680174534954,1.0713746836064457,1.1195351805539424,1.1138370694858728,0.6997576341675198,0.9807103129853396,1.1136872655989165,0.7927846802770635,0.9846658624814502,0.7868945710543629,1.2739990492107127,0.9159314622567958,1.2124824127850151,0.8470341919188064,1.1461173849022173,1.2431686117326652,1.1955288628096463,1.073446819095669,0.710725252859674,0.8911899141016422,0.8879425976629272,0.9342073539308209,0.796375607172812,1.0630585867152313,1.0848162375590678,0.8664463163927807,0.6787847598429816,0.9345167235895107,0.7410483706866257,0.7807435682023507,1.0165686887743373,0.6378115160136696,1.1278587205217856,1.1532113418921468,0.9752268104255646,0.9930497960754601,1.0780726795309916,0.9775764113775965,0.9268446942019745,0.6085922064468074,0.8046936556689738,0.9130680457854624,1.000020552030923,0.8560445900805833,0.9600334987466282,0.9105901174643711,1.016426657042591,0.9503070323720162,1.025729461356176,1.0863399109449556,0.9218893756201976,1.1329203823962948,0.7535922009766252,1.1019514807823587,1.0559904143198744,0.8969401569031159,0.9943762448571203,0.9647978162983573,0.7890984968168551,1.1361799368208114,0.8136917171401072,0.933244030312228,0.8613251885333085,0.9125921198889831,1.1875660795929825,0.9311957420497606,1.2625655696243578,1.1305148947292447,1.0008017006388175,0.8250408547886073,0.9006285959966154,0.9044749597413446,0.8511445660507784,1.0538510877982181,0.9361164142423535,1.0837176798495607,1.2415821489868442,1.0031768463911463,0.9116403422345916
ankle,1.2007851674426007,0.0,0.6035699911478363,1.2036283330106312,1.0028924253728964,0.7678143480747444,0.8130659983043537,0.7455683693994466,0.9890307541604794,1.493113617536769,1.030750280576039,1.4661608697233675,0.6445056195903098,1.2345861315673463,1.0374477481825533,0.7646046592009912,1.317502210884833,1.4592660572716907,1.1150300405232454,0.8189894674929071,0.7880840069623578,1.2367353439010254,0.6161709012098177,0.8993447112598861,0.9506294866979235,0.8128727523310386,0.6778035184300178,1.0341577909739452,0.4453146790924849,1.108002528755975,1.0478794293392706,1.146298883941621,0.9591173792222589,1.321815556371352,1.0161537212189298,1.079463982796401,0.8948912098897267,1.1716628227953227,0.9185073257059709,0.8499977422888403,1.1918185166837023,0.7298690662773887,0.702133266449135,1.4535469525532787,0.7803315075246589,0.6177591428784052,1.2041275829625877,1.1843575194814633,0.9600497625080131,1.0396942537919314,0.9088789458048663,1.1265893736917452,0.4944669636111382,0.4870335503437284,1.269489373094891,0.5233421677295212,1.0969692637094977,0.2463714869256357,1.326651155751204,0.8108582547245256,0.9627757370383674,0.27675363390570684,0.688699909389388,0.9745480989911879,1.2477578791989954,1.2618720013767808,1.249342944466764,0.4832373368119103,0.49034349244011244,1.3029714839159627,0.6185883126292162,0.994098702368384,0.9754224850363883,0.5727693050026894,0.4680138313377764,1.1908707547533048,1.0301764589292262,1.3588036957238745,1.219515599629808,1.0514277594751336,1.0103685509533074,0.6875471154049944,1.1531978261457079,0.9892616331384457,0.6522471757722552,1.0741999682024161,0.648761700206422,1.117361509225964,1.0473387302730757,0.8860268889181235,1.1499469633145631,0.6089361760164829,0.634403943739065,0.5237489980237091,0.8535292905529019,0.4502852465158469,0.4460410123094809,0.6192188121363122,1.1824909255020204,1.1449772822649111,1.203641957053646,0.9982591604496623,1.236504268451056,1.0672522232471864,0.727252577811287,0.702460079877009,0.7109753659152961,0.9717603548020759,0.5075816986442133,1.2174686033605389,1.0901214919454991,0.9080405768600811,1.0058154181401324,0.4324332765357426,0.5017118599986403,0.9120130888927773,0.8150247420509964,0.6294493080563117,1.2342638603255183,1.1279659460235854,0.8471979057235142,1.32068965390066,1.0247381587962818,0.9823754921575072,0.7460422489161926,1.1485255427301533,0.599524892239143,0.6871704177962539,0.6510515710356269,1.4167368035291732,0.99262246332832,1.4275027755726706,0.4235955902185181,1.397979020078284,0.8024114154198131,0.5669309705251906,0.9596395237951892,0.6663151345888346,0.9123628593385871,1.0448167222981821,0.6209838791271775,1.1600778809631986,1.2366193094581166,1.2917124892220642,1.4779122735794241,0.7575998839389194,1.013360791340069,0.18480136588554552,0.4549957124185857,0.8884074566711092,0.7591921367424248,0.9344574689590778,1.3062782874936387,1.3888572966702841,1.1390037085861249,1.0762115309780016,0.7420192808193138,0.592723895904085,1.2588028738126735,0.7741309711958332
apple,1.171972282653034,0.6035699911478363,0.0,1.313584530741914,1.4433302479162093,0.3196097242303093,0.41896819560398857,0.42540800680894897,0.8566316357545372,1.5675853224880383,1.0778228797114096,1.5732629730636296,0.4111035861810093,1.5236944851214673,1.3511573145900049,0.5613059310519222,1.588384763681916,1.2775013607546315,0.9162959636040375,0.24187375994104854,0.3939272319270066,1.276755036437506,0.4008365974663811,1.021186238307592,0.802929201498927,0.5512558097119287,0.515007951675704,0.7541077728284311,0.43932869638500915,1.163179916794856,1.2553925248559838,1.1254578804126094,0.7404617899133906,1.4150935242418283,0.9178835803324538,1.3096121745888112,0.6687952332652137,1.2675695390159871,0.7606524965196844,0.6791860311189187,1.4397955406021627,0.9314671348971072,0.23685748220875857,1.5673251508348933,0.2651752759541448,0.5504227924679013,1.107899851576284,1.3125933165055275,1.0616847576082766,1.094372974045872,1.0372789794637816,1.406634054830102,0.8356373216493975,0.162715163003047,1.441656761821589,0.6786712034731808,1.172873607942933,0.6471074494182638,1.3311404238702358,0.48880663173895833,0.6167350292350776,0.9408150053197288,0.5660216749867826,0.7247703824866836,1.2448001266326028,1.303874249729373,1.2755007646100265,0.2539577476756949,0.8200419819564901,1.2510210738680612,0.39751176612476,1.2360508943828155,0.6675539466504856,1.1742652121394652,0.22524722986847123,1.0911001631034107,1.0602369887335588,1.5337102619566922,1.4454963097084361,0.9695975116418774,1.4492222555932726,0.49925346094815826,1.2349698929261224,0.9049745007882932,1.1025945519494882,1.1989254165261223,0.3649800281036504,1.1615908238423895,1.4544503814954344,1.0354848562945849,1.136718980025042,0.6927823999805987,0.6460151158729674,0.16961520466439284,0.8790534636675824,0.4967310607805939,0.765599321938567,0.06458701449992221,1.2525294434999676,1.0928725959770373,1.5494536730299644,1.3841595753942335,1.2255982239414127,1.1086207936592156,0.3280790277208725,0.33957700839277716,0.3808593474094347,1.1000730031054742,0.7074535150742478,0.987266473125285,0.8707384623405982,0.574551854037641,1.0680486242603953,0.19222043259857502,0.2379672792359877,1.0938436959723452,0.5903246423992881,0.20988024829553997,1.2661962037707948,1.1275062358808692,0.9629800056815985,1.342845901775143,0.7940083161209882,1.3610160871976538,0.5689143488788332,1.443553247078258,0.9855854571071542,1.1962021725091785,0.4600251768958954,1.481717188413219,0.7034841832260051,1.5744934625017926,0.20657613132667052,1.371426742791055,0.15422041840485567,0.9590641452112096,0.994012255560509,0.515975834787428,0.9102364129926189,1.0944952520206288,0.11711083797097244,1.3604562414288721,1.4532391583828286,1.2010314830859539,1.4901115522483208,0.4332520349191489,1.007355943948566,0.45706091434653995,0.41816512871389766,0.8730012564325272,0.8277635008320333,0.5694337653674493,1.1606230259874537,1.21216836471755,0.9832240833483984,0.9042544667719298,0.7156612159052123,0.21062739594920155,1.298892846072634,0.9309384130115766
applesauce,0.9805764657402585,1.2036283330106312,1.313584530741914,0.0,0.7077283499783378,1.1345287619392153,1.1236086778207763,1.1542642129210168,1.0896488300506246,0.7462066042087605,1.1787601791322369,0.8811758510905463,1.41678033115135,0.919223573422187,0.6880022215410307,1.3170714793387877,0.8307317553616715,0.9361360498328577,1.0090947657302833,1.211958535910958,1.1269450493972346,0.897730814503499,1.238005643432798,1.1893993384263293,0.8852800577459066,1.3294356407647638,1.283519151167635,1.1672299945187734,1.2097854299453956,1.1985790457523842,1.0299311878988668,0.8179172663428866,1.1170683033489688,0.9555132884349263,1.0169087468939835,0.8703707078355645,1.066276134938101,0.9693385778334828,1.1114996712901233,1.0574326941840932,0.8879684414506285,1.002665123819508,1.396426585887958,0.8592387860430379,1.1535473229391613,1.304473653821146,0.7643064277943535,0.9188410393600231,0.9143882960655089,1.0920464599304829,1.1532094010502079,0.827376073332985,1.101093096824046,1.2126986194296017,0.8990203313727992,1.2319796970739687,0.8238291598692247,1.0958201549878144,0.8217438462927839,1.2910365345547428,1.080229074336692,1.0472768465279754,1.2858199215607664,1.1642671002469482,0.7614400104539749,0.9859405486459328,0.5057247638763164,1.3647721723579225,0.9113408251657333,1.0154797717913848,1.114868124047057,0.7914380030005645,1.0013044929942565,0.6805906340766383,1.3524227622705038,0.9241851687633538,1.0190666662307908,0.8520080435879912,0.828504292077703,0.7129536045090062,0.834449208551112,1.3568229469801103,1.0682889999122531,1.114285328509177,0.9123717442226591,0.767799022469043,1.13285239405633,0.8336132450609995,0.6051862994164083,1.145457582510007,0.9003035005183535,1.157356766733622,1.18933965117832,1.3078808355093363,1.1033781793613475,1.2656624832616539,1.061128631866392,1.2827342267349366,0.911777563002258,0.9550668120281159,0.7029316952295037,0.8678921693208201,0.8348269419975083,0.8588348001396529,1.3797493863058046,1.3804950465330346,1.2212466668887951,0.9684546769890708,1.2522465527811328,0.8470125110273714,1.0132658772887204,1.0867506068425907,1.0134075723943603,1.3574479972012976,1.1539082624984411,0.9189741526958717,1.304508546587626,1.4063387534259126,0.8480512622365486,1.083848660777831,1.0635218851510284,0.671604317101971,1.0760647496990878,0.8262842435226572,1.2768739621787188,0.7507954178490326,1.049218814599915,0.9320121757326045,1.2372302136637798,0.9204170758744671,1.2273254750429272,0.8058485622449464,1.3762864501393326,0.9344752685486167,1.3104870203390342,1.0077639648031773,0.8337344874301136,1.242367109756716,1.1460398954412825,1.0592355333998056,1.3077057962232845,0.8367472392260129,0.7432835012836785,0.9371829827970958,0.6587781386396476,1.135460809550529,0.961847104795371,1.1779396413767342,1.3111851245730204,0.9581728427776534,1.1722621501362545,1.1243083857264649,0.8235897676251984,0.8936086197767783,1.0415603864943004,1.0277036599756249,1.3028894167485747,1.3423776231596238,1.0265427068790358,1.1726032797866512
arm,1.0117762214337915,1.0028924253728964,1.4433302479162093,0.7077283499783378,0.0,1.3925254927537125,1.3529216050040649,1.412624881382186,1.417936492335666,0.5542423132777015,0.8260877296487735,0.5580156399896616,1.400780725560117,0.6326508530708634,0.5023068620641009,1.4490210709198663,0.48941379331662427,0.9238134374036626,1.2453175499671616,1.433875331368627,1.4917939848807853,1.078512832850395,1.3166517188995936,1.2148614917406166,1.3907978346964058,1.4434693514481194,1.4448434315771017,1.3753357308328695,1.124220293325592,0.880299686273317,0.9651431791879775,1.0528058958724344,1.339151123789919,0.7296313262691472,1.1978941616564525,0.666936132025342,1.3670026532422974,0.9250742195238724,1.3060222743420453,1.332883089364273,0.5850768574162188,1.0642104378566983,1.4325809379770837,0.7425758506935187,1.4816309886760457,1.3546517917296215,1.199620409368153,0.8656210153030917,1.096596054401823,1.1188690389089389,1.1541942408783143,0.6110372783084592,0.9390348942175983,1.374931964247059,0.5387535952324939,1.105326792970139,0.7332460685879771,0.9330953321466529,0.7849160103622468,1.3479213939008279,1.3973245498792104,0.8700740576397938,1.3649081249190964,1.4574319542940515,0.7631511412445585,0.6554005178085649,0.8267110125431867,1.3397628480940522,0.8621059678399023,0.8126604934186221,1.3930640609961582,0.6302717806987721,1.2627427747852988,0.45405050917729306,1.4675291675292113,1.172453975520517,0.9915915606727139,0.7358803331165498,0.48952349471619583,1.2340472307350512,0.44579800825404414,1.342433673167134,1.0662654726504597,1.162827938799468,0.5749591132348899,0.8635696478885065,1.352204619011677,1.1514936389764285,0.5416842306739935,1.1215530565372438,1.0419777966875081,1.0845172794657976,1.2287758540813063,1.261249762458731,1.23585735863687,1.256585678316617,0.9305149151464757,1.3774756623469113,0.953720428425534,1.0190207607080541,0.360068682400124,0.5374610415133622,0.8898427569924958,1.0609464135943418,1.3891566287228727,1.3680514766293723,1.4176909280692804,1.0055252090514322,1.162244211527561,1.0847876655166198,1.2162399306969418,1.4545720793131593,1.0997108043015604,1.3377322107504512,1.2352527109581672,1.1508962614879832,1.442852945890193,1.46783892768134,0.9460742259740899,0.8377765588322141,1.158804254321569,0.7155449758601979,1.230836814076758,0.5384177166290209,1.4507241657589252,0.32778101393401093,1.1877182442784582,0.5842121581991504,1.4586219133481142,0.6552330015538178,1.3175702443978157,0.5567411652616957,1.3873191110371341,0.771688856976262,1.4708057370919887,0.9980953838961477,1.076513040111345,1.3960451040972943,1.2355053099009496,1.0008245614907083,1.4059418206774392,0.8793121880171864,0.3743872149222536,0.9352293179551888,0.5319880531923229,1.5108401887522322,1.096875578071632,1.0621045462914827,1.2146945405948983,0.9642535435580641,1.2651547669536987,1.5040705867709239,1.1153720771101883,0.8409576805820614,1.2566814115434028,1.19106591647321,1.3184438940302816,1.2652062426716957,0.9012409092337985,1.0365675675075143
ball,1.1383188419099397,0.7678143480747444,0.3196097242303093,1.1345287619392153,1.3925254927537125,0.0,0.07387927620891133,0.6739305110625571,0.9552876976305568,1.4310801088596605,1.1603887917712266,1.4253863014426384,0.7755777529938941,1.4594536236077085,1.2319631276697622,0.71458988544379,1.4149513510941696,1.15733461334422,0.9353433200023203,0.5538467526364249,0.6121194928290693,1.2302214098531903,0.7006855252147638,1.0802730380161893,0.7252133055170307,0.72818307572564,0.7733867722482453,0.8347238691017124,0.7969269753046024,1.2208852085416042,1.300649997970448,1.16763703100624,0.6624750390926955,1.3663616157170844,0.9475371671331205,1.2821258405205471,0.706011258051025,1.2221268272075516,0.7835111321314074,0.8036320498651119,1.339023274134993,1.0820831893877165,0.5958397510854547,1.4393912929089099,0.5276704850547812,0.6757625195674861,0.8380877993150285,1.1583542558306803,0.8944510785798111,1.139919501769939,1.1360671397517275,1.2587684307007947,0.9584767155067624,0.25941274457458896,1.3911261189117172,0.7337553407037686,1.1231146004277284,0.8463472185637122,1.3043785779489516,0.6987699356600383,0.6863555880413735,1.0463929777008032,0.8330842069502511,0.7453716109603858,1.0678588534618632,1.270696201373826,1.0284175343062687,0.6566724788036132,0.7998867495239685,1.2246277572621704,0.3999175726171619,1.2120465863220617,0.7869785818482191,1.168340214812705,0.49768333648309027,0.9523484056167548,1.0208484975587968,1.31700249433674,1.4114878320172335,0.8682082157409787,1.3663005972981899,0.8030447858619794,1.2633129634612505,0.8312396799754485,1.2001809519963458,1.1458572104625497,0.4503980161519603,1.0278278243210754,1.1483994006356613,1.0913744839941026,0.993817450340053,0.8457377501381246,0.8045029937704337,0.5006233684542738,0.9146921905153209,0.7419369682970542,0.9094685556227718,0.34875514529511453,1.240280672547596,0.9754917044736866,1.3734118499900583,1.3843658646210204,1.1452187318427718,0.9856186987189138,0.6697398451711177,0.6725658361637399,0.6463316704675452,0.9888981175411863,0.9132008464011767,1.0280686982398715,0.9531596552245367,0.7040747281268975,0.9945756014958251,0.47336116495946534,0.3689164308534507,1.004728117798691,0.8254277896045926,0.49903521765697323,1.193484646417442,1.120526875368199,0.9078695097621446,1.2202841631632118,0.9474704688416631,1.3285111719859901,0.730138200566639,1.382600358664123,0.9076300798038538,1.2719431289374288,0.7307422517898298,1.4475069800447067,0.926231181459114,1.4429421956888866,0.5874924561884273,1.232902316618914,0.5026867616906984,0.8409290194696482,1.0081412457961885,0.7553678979429415,0.9019913023734782,1.105441638464455,0.4585831019306703,1.1605355177942225,1.3769516471092977,1.1471711411960692,1.3068854182495095,0.4359906476779294,1.0489848534220791,0.723331644848704,0.7864916322957318,0.9137806247804234,0.9013361467930713,0.46863027722145234,1.054393322582678,1.1229885345808788,0.8898914249523919,0.9568400505871596,0.9172579323466558,0.6191898453774421,1.261639901897972,1.091098007369477
balloon,1.1018780322004642,0.8130659983043537,0.41896819560398857,1.1236086778207763,1.3529216050040649,0.07387927620891133,0.0,0.7305728082905694,0.9952160536904174,1.3495027809820128,1.1367259628554574,1.3835512116104578,0.8126605333414585,1.3758676488847812,1.239508680964677,0.7206151667341671,1.4108622143207155,1.1000410295334315,0.9327836090189996,0.6522164181952059,0.6504956152966788,1.1783960450219033,0.7946091262560768,1.0381733595971858,0.7279354330129105,0.7638238884718145,0.7796784568794115,0.8679089798576372,0.834512915643293,1.1798458416371798,1.2357867282283426,1.1424157357623717,0.6748999599825667,1.3208683800700372,0.9099006892303266,1.2724168604880546,0.6841920301022617,1.205538438731084,0.819876027003692,0.8472374204055573,1.2963713056118156,1.121277567546967,0.6745628408835018,1.3783835064822774,0.6039956952519295,0.7254768573356649,0.7938310503306386,1.1493527565414658,0.9320705981079394,1.0934253426988443,1.099433995611209,1.232922711985477,0.9605576243295344,0.3318238322191489,1.3768938287056989,0.7857739094240896,1.1413771348867339,0.8831010470486502,1.2713422981069873,0.7139115774530616,0.6617987468212609,1.0804563253257398,0.8709354017296587,0.7765235627504636,1.059304213069804,1.2618781172898605,0.9701859120462931,0.7793461332496225,0.8426078113584317,1.21337430383902,0.4692186513322457,1.211131470561574,0.8510805854102036,1.1532639432329381,0.6048304024489211,0.9769241419614124,1.0066800845312949,1.2417051251156386,1.4058463458109305,0.8581271562215351,1.3372601310441439,0.8491551204157106,1.2330288430047962,0.7501291052519472,1.215873527118416,1.1003633557697332,0.47824468847360235,1.0080381111319665,1.1403066894517628,1.0296959135235162,1.0177947074722178,0.8679943830385908,0.8447771215604518,0.6198826925488883,0.9075694464237776,0.7739165995277715,0.9405059060648997,0.44218660058056947,1.169753072866543,0.9995649317482163,1.355423236040453,1.369113064480789,1.0943480856328671,1.0065194180089803,0.7378281231725671,0.7391248299202786,0.6882423594928984,0.9477380247056595,0.9086916686108512,1.041634554613175,0.8922750110973102,0.7393376277356144,0.9624418163830414,0.5841857680073826,0.425803443929585,1.002383811171283,0.8754664190470877,0.6011974829450242,1.1525783599214086,1.1324521713154518,0.8750033301294651,1.2239620689406152,0.8955157663161069,1.3440633271392477,0.7756382250146546,1.3559416128033548,0.966691592999074,1.2625406458102089,0.7799461181781961,1.4037280344413219,0.8831449621653471,1.3864715908802032,0.7138635788625867,1.233524691435162,0.6037541033103453,0.8431373083326679,0.9832368234136599,0.7953327088098432,0.8724274583742752,1.0322602557695597,0.5339689396069563,1.1439730425380106,1.351060267124347,1.1261325343466335,1.2714648107694448,0.513512053255815,1.0393632510101058,0.8143152675324037,0.861664125157974,0.902381563091662,0.9225587302277624,0.5514934652336038,1.052412456553878,1.063655165221153,0.9351938992289032,0.9867997757602657,0.9175241670024405,0.7559212518769958,1.1645159312927518,1.1495493296513644
banana,0.8258590645939357,0.7455683693994466,0.42540800680894897,1.1542642129210168,1.412624881382186,0.6739305110625571,0.7305728082905694,0.0,0.8024705482536122,1.4913396627174358,1.1574991992651642,1.5156429498191004,0.6845091790217939,1.3774004262307877,1.2488113889542436,0.47307855140900346,1.4482547230938032,1.235549572074151,0.845822840749933,0.6084962739206972,0.5033709261295712,1.1152132232234675,0.39552146938486255,0.9268545874697537,0.7946574390861002,0.4980831414220134,0.689490560914741,0.8180531362978419,0.6790024254595256,1.2438553074850984,1.20365751388294,0.732890356746009,0.8409406439362647,1.4096132509686354,0.9091601447480662,1.2534617032592672,0.8024692137128338,1.097273467077995,0.5615548436525252,0.4193926231245101,1.4505240333801672,0.6077501234993917,0.52094082933456,1.4447157942034576,0.5772074153929705,0.6038014734606264,0.9769371812257146,1.1942110485448436,0.9464024530976173,1.119080976954473,0.9991131904447358,1.3381810606347173,1.0102649828386059,0.4445949475480828,1.3934467957169874,0.9238605412584474,1.2444565759596107,0.8675662570767663,1.296367117821903,0.5062163643240898,0.6260952725901839,0.9469494921888705,0.556690537705274,0.45216279558356187,1.256054234508555,1.319118254243553,1.1749562572443706,0.6656547721051699,0.7231671506678204,1.3002312755983478,0.5421569591548668,1.3267540832483116,0.5036116385243024,1.1562751779733151,0.5511174929719322,0.9029654388332746,1.033402101067103,1.3954049542662763,1.3973271169047596,0.8259428519847678,1.3889439337370066,0.5428495532524225,1.162421017572647,0.967829722203813,1.1678277341013654,0.9863481673486905,0.26734571825671005,1.0127700493492218,1.2012619108947853,0.9142445724053561,1.0252282647057724,0.9450397402111007,0.5649900396130509,0.6855202918407934,0.6247730319306605,0.701003015539914,1.039509030854512,0.4747358054026969,1.1521013798618562,0.9384211792263715,1.4826787771693049,1.3203370633792433,1.10639882832736,0.7976657266189451,0.5713150976219372,0.5691922091979902,0.2937613197845682,1.0335333203129957,0.7432041784197154,0.706149915599769,0.8487167966806157,0.47594106697035665,1.0189533222089067,0.492911098176928,0.5183921713839306,0.9441927125444475,0.7064312252456941,0.5409280975578084,1.1868826769650684,1.1469626093756728,0.8947938993139465,1.079042540748124,0.7565303463775148,1.2838709084520856,0.4520770276136037,1.443483743595005,0.8111790939881285,1.2065883208460364,0.4288740543186398,1.4850778329629877,0.8288992747637861,1.429220970521114,0.5573474049466882,1.3172297571968823,0.49184505691831515,0.8575202436211649,0.7826700764877408,0.46904462141379055,0.8880435157148922,0.8447805015024874,0.5495214616327448,1.2322280413599445,1.4739079169166978,1.0979776572096975,1.3771068004094975,0.4883789329919258,0.8871523007459989,0.7587237813127994,0.6790433109725859,0.8968775006354461,0.6291836714396893,0.5769965697460843,0.9026482218509195,1.2417629856084131,0.9373822358098075,0.977774719088385,0.8058956391554102,0.7250142304789766,1.3245497228394556,0.9579166209350287
basket,1.079447563009863,0.9890307541604794,0.8566316357545372,1.0896488300506246,1.417936492335666,0.9552876976305568,0.9952160536904174,0.8024705482536122,0.0,1.2212068657500477,1.2000252612425697,1.0765652013540066,0.6329815032821106,0.9117568606237996,1.2223622760469208,0.7971362826957553,1.1631480615273555,1.211183565146411,0.5755737525899054,0.6657159283944729,0.4639533580555506,0.48018757042649707,0.7589130197662822,0.7246688912719063,0.4667307896724513,0.8266195866754158,0.44365063767021806,0.7296876923777464,1.0376227207907598,1.1215533471864667,0.5457671201369059,0.9392835445804663,0.7550790448219702,1.0285998677614294,1.0293623648340982,1.1636842791134787,0.6907788125456188,0.8088846891399233,0.7853002766117971,0.7110059836859679,1.0205845850810025,0.8084508552230433,0.791186186646137,0.7770073163605264,0.5402191021367391,0.7913113452081015,0.8806964401950061,1.09904498206075,0.8732710815774913,0.7114420479652598,0.5756189039992148,1.0967852973917067,1.2501978498894162,0.9762416120625201,1.3094875117341378,1.1935221926116641,1.359372893323615,1.2131699750983926,0.9778482647291702,0.9413853347217371,0.7048737666846775,1.0524480094856759,0.6660040405063807,0.92462123479826,1.1577220767345766,1.251862385107318,1.036033806470668,0.9158080021631265,0.9823974156271172,1.2060261730362163,0.8491451438781344,1.3418450548694305,0.7487847960270677,1.3422328304281768,0.7668864201257155,0.9156338132468784,1.1765185509392206,1.120150009422344,1.377187642398575,0.6166801065193402,1.331197201761255,0.7366065111840956,0.5304078513481842,0.9101977832371472,1.2839655817444044,0.9883258953028381,0.9439902271732625,0.7176723516991927,1.2852115969570226,0.948678699105703,0.8890621617192397,1.1258751804940792,0.7835333199292664,1.0105825240806383,0.6951828961331575,0.9598468640324367,1.3207927420908032,0.880310236473549,0.6532380063999617,0.9838607185899688,1.333406303919849,1.2314820774359858,0.8849562404552854,0.9361911792912211,0.7864166678039101,0.7936179941169847,0.9480386771980798,1.1492427754070615,0.6442719990438426,0.8648684323468292,0.8017733856522508,0.6103514684795484,1.026042281808168,0.9371650964890759,0.9480445260755298,0.48873716378572907,0.4165707553600235,0.7024063028457815,0.7125076974753274,1.1502498310781633,0.9904175956148823,1.1437404628555181,0.7852743893943436,1.10103534369019,0.748390676851932,1.3812273397515915,0.7699850599558659,1.213339690547551,0.6081949236611857,1.1311304031336176,0.6212380857938604,1.3038258891936159,0.8018171212933598,1.1554431022909748,0.7455172612367822,1.0298953467905285,0.9675034531804914,0.7086111690808095,0.9329747295738149,1.1003341523223857,0.8548223372885602,0.8883234506064719,1.3882207081360831,1.1663300589001855,1.163124846881022,0.6643139160534279,0.7006362016989454,1.074068615088778,0.956840460690858,1.0996655058771319,0.6114325859409662,0.7348697280434726,0.6976406012395259,1.104565998304426,0.7489934785193986,0.7786317999780057,0.5931029167529533,0.942127862892544,0.9804334408977358,0.9680746791326968
bathtub,1.016966043983766,1.493113617536769,1.5675853224880383,0.7462066042087605,0.5542423132777015,1.4310801088596605,1.3495027809820128,1.4913396627174358,1.2212068657500477,0.0,0.8232486807382948,0.32216818634235933,1.4545979442481713,0.3785766159189282,0.8346326140207756,1.468016152798476,0.5079377516525511,0.556632170719551,1.1372591852071394,1.4213668640459045,1.2649454724155307,0.7743189836881527,1.423829197666009,1.0406398392165368,1.1761992361052513,1.4760101594112995,1.379421450221821,1.2377565044831733,1.415419657780873,0.7923359480059236,0.7785135009072979,1.0012604654744455,1.1821794221375954,0.4942038645663056,1.1235322954081608,0.7864373236291373,1.1894774028024262,0.867198921678257,1.2151335075433365,1.2985551033827918,0.5072456223640098,1.2447315253622677,1.5082187971600303,0.42816020515684317,1.4246978057289361,1.380155106967672,0.7214837014090697,0.8684492926349899,1.1828776266967882,0.9419123485829569,0.9085723702911292,0.8103316794785775,1.2505794846699443,1.5137795614787402,0.573979459499859,1.315437736724034,0.8091242982861878,1.377721524162856,0.665977307188597,1.3890870343463968,1.3761251034383655,1.3516227213462975,1.3802367932098436,1.4460000637521548,0.7616981708975754,0.6737803348980396,0.6395724084276115,1.5070269403019365,1.3440114413165203,0.6313224401367991,1.518308617661938,0.7914578510078749,1.2397031851222466,0.9934685267051744,1.6004570377591274,0.9211213163222577,1.0312228540459365,0.5004155158564442,0.6251271447234397,1.0885424252056188,0.6783552928786214,1.3738481299059142,0.8742671565145075,0.8587963927745136,0.9535646690797704,0.9216596062526904,1.42851879798795,0.9484198512816223,0.8183111389081096,1.1319085813203749,0.9677868782315454,1.2723639978493635,1.3243965806420148,1.4670312565102703,1.157967725339995,1.4830326595692471,1.220923338699716,1.500847420342865,0.6819970751443255,1.0804570682453616,0.600892101425805,0.738520893230003,0.7538142536919996,1.0634567269133282,1.4424281543937232,1.4479949568195303,1.4741616164477256,1.064772975077223,1.3536580991123652,0.9932847417419007,1.1404423782625384,1.1901151397535872,1.1095178417524598,1.5213834734228746,1.5285357195551714,1.1512025335107319,1.3031055320766785,1.5288503610008883,0.8556463757668327,0.7965505358746674,1.2028195127870742,0.6594779152767347,1.0752166923899948,0.918561201669455,1.4483534563950418,0.6053935617033606,1.3097391845795063,0.9820110154882183,1.4449077518955884,0.32367626204653743,0.9416855929430227,0.32694398340351494,1.5654801762058015,0.5518824903478665,1.4309557246208482,1.2670472277914104,0.9888625249240116,1.3563300110341325,1.1748989982189086,0.9506446993204649,1.5310831506564089,0.8723124177950141,0.5712951790784269,0.7845291666328857,0.37448670450029997,1.3480459854778637,1.0571771611395049,1.5149202670442614,1.4329006596698508,1.0953301449034678,1.2932994692109625,1.447273408116601,0.7144005558377338,0.75376762231809,1.1314240117594967,1.0760272211161173,1.2734661330805865,1.425269330686564,0.6879508260662603,1.1334692134780382
bear,0.9920155506492508,1.030750280576039,1.0778228797114096,1.1787601791322369,0.8260877296487735,1.1603887917712266,1.1367259628554574,1.1574991992651642,1.2000252612425697,0.8232486807382948,0.0,0.8102058098975824,0.8025233206562785,0.934111234007768,1.0401569167248965,1.0335730243742316,0.7645163275132251,0.8704664978006746,1.3399904881928388,1.101426171280064,1.1990090869085464,1.3257877672106422,1.1121086040307184,1.128507784388601,1.3119368643357088,1.038988147394847,1.004931016226356,1.007052966096685,0.988197001658058,0.27315558877694124,1.036037855719728,1.2385727170659193,1.1938694961223542,0.9610936742704318,0.9962306718916749,0.7512162985467923,1.0558678685520202,0.8116899727398037,1.2084339545092693,1.2470313532046449,0.9002370092000551,1.1226860145132325,1.051243806706765,1.036744346734402,1.16137483374263,1.0759656535941358,1.2488251422246213,0.9474467393420016,1.3386733074752715,1.1768004817241504,1.2173773690065124,0.9673199919383473,1.0298427849903127,1.1450251355659202,0.5160190748694964,0.9600356041618167,0.9885391412717466,1.0082721550026945,0.9793022997452165,0.9100694358286519,1.2313272765423595,1.0592736843112447,1.1372563015784307,1.1810794682737866,1.0762782912967808,0.5920392345139202,1.0738987317525457,0.9360752410047446,1.1398019656208065,0.5173853485414277,1.3218904540279386,0.904628834242118,1.2054766293966224,1.0303349795015886,1.008374387002123,1.1666041636029045,0.9738233321804416,0.9510664127139771,0.6107916929446287,1.334300359900793,0.6555545000936784,1.0960429902853455,1.1582206380607414,0.9839423262003856,0.9426106095324958,1.2720040310422114,1.163990662181269,1.25897775697959,1.0522766998635724,1.023115818815837,1.163782661860578,1.033426465825301,1.0420554239283033,0.9984522948751353,1.2597258472101633,1.0052534390350807,0.9912275564091162,1.0854218526557478,1.0821760760593295,0.8219561627585318,0.8701918483013672,0.7271973300003362,1.2408052943342447,1.3034822882457573,1.0524564116669775,1.0518080545068642,1.0274593879655842,1.124380586286254,1.0183758119281727,1.1097289252622147,1.1304861755097837,1.268293464165681,1.0579258625473174,0.9233987153149742,1.2076152544589767,1.2636888878848886,1.1080555721735421,0.9980773573107828,1.1787892373757207,0.37839931935385185,1.1816520659558827,1.0176227491052612,1.1339978730917257,0.9517212579383015,1.243580983700598,0.7429167137417481,1.1748993143627162,0.7386714823619789,1.1698301402159648,0.7563863182175439,1.0280384278556707,0.8403191565149333,1.0001433199150807,0.6876218428606888,1.0629614282380069,1.113041528889762,1.1697085955919335,1.1892800174776645,1.026696822798831,0.9857951134066606,1.1160351595175844,1.1829310383968519,0.806279704775918,1.0592213137417772,0.9815018501252005,1.2819408583276461,1.2410934773490752,1.0555848847344977,0.9704276784960265,1.1461546607991573,1.2521274196331034,1.3799321276734269,1.3169191367013982,0.8596332906022826,1.1628196275859757,1.0305341788865399,1.0692714085035455,0.9138456955369214,0.8683437740283847,0.688986607208487
bed,0.8431067869451667,1.4661608697233675,1.5732629730636296,0.8811758510905463,0.5580156399896616,1.4253863014426384,1.3835512116104578,1.5156429498191004,1.0765652013540066,0.32216818634235933,0.8102058098975824,0.0,1.4297141882079574,0.27517766149709977,0.7310417243923438,1.4129633249075475,0.24120172599933132,0.6603993529901228,1.1110151494848381,1.425131333637903,1.396877576744977,0.7520131659132563,1.437096812746195,1.0794452676051087,1.2683106294522402,1.4202442344942248,1.3911540881811528,1.1576031382480347,1.510128271809705,0.6949841213367249,0.6205494644671498,1.087578484181415,1.302657281651081,0.4167678785610218,1.1519106336356084,0.6658133681996421,1.3211935176823668,0.8669813478500275,1.289858303914351,1.4121676008027861,0.2119832879844139,1.216689278602559,1.54448726937722,0.25881069567467496,1.4587175257007512,1.3783373393732314,1.0151427030566564,0.6150019874791064,0.9974482574166982,0.9595137110281593,0.9560554511268455,0.6217503372512398,1.28799171812938,1.6126691290174537,0.3945630626308244,1.393478286784975,0.8319816466362002,1.4526180730770366,0.5773616470151177,1.350957654829837,1.3036045689471998,1.318723067705022,1.4800846709253104,1.3786705390703395,0.7581134096973814,0.5171969569471799,0.7371930476473512,1.5318188559460946,1.2009221219747745,0.49708156931529013,1.5667874495028191,0.790631608468011,1.2731163754606363,1.0508545504421791,1.5694461902224184,1.0318082817205192,0.8904279258046797,0.5054226066024533,0.5364761861719026,1.1386773723474701,0.5119307990869767,1.4617294072024287,0.7018631407923054,1.1178125200188842,1.0114961061916785,0.872784810254444,1.505838127047895,1.01217551997072,0.6957151403812771,1.172874349283276,0.8199694266743152,1.3199173424835666,1.3268128090120441,1.4995819861806363,1.185927578648795,1.564760226111105,1.2744880590043188,1.5294024129137065,0.7860304340430669,0.9556390459833427,0.42025469057780207,0.6440130181711787,0.8399728241503546,1.052175427573487,1.5047980709254598,1.510666929898791,1.5334900798311728,0.9384438945520565,1.193925380746586,0.9793913264426897,1.035557443827684,1.3640565478847404,0.9262846361638958,1.515053970656374,1.4989415806359785,0.9911017411605608,1.2717915016305306,1.4892063136336406,0.7601725502460838,0.7533071257370026,1.075953203092331,0.578051916813141,1.2047631699633872,0.7570773275264975,1.507614457039042,0.5420324623716657,1.1723019706287778,0.9183920103838686,1.5023814693646491,0.3184921449622936,1.1244224213850211,0.26051211163859733,1.5473773353237519,0.31869056006579355,1.461964410952345,1.2620714131686683,1.1443025798428965,1.512502302335879,1.2955806717611102,0.9784022003414434,1.5407982167847352,0.6037926279400633,0.49127903413680096,0.7656654515812087,0.33921053195374096,1.4936280212139088,1.065896386386506,1.5467485333164737,1.5036274237653782,1.2027892576661101,1.2007358074534071,1.3590396277196275,0.8252275543682034,0.6664005366294452,1.079782656022371,0.9466143506653948,1.205647049360276,1.4426539362585498,0.6893989314286082,1.0392393769933677
