,alligator,ankle,apple,applesauce,arm,ball,balloon,banana,basket,bathtub,bear,bed,belt,bench,bib,bird,blanket,boat,book,bottle,bowl,box,bread,broom,bucket,butterfly,can,car,carrot,cat,chair,clock,closet,coat,coffee,comb,cookie,couch,cracker,crayon,crib,cup,deer,dish,dog,doll,door,drawer,dress,duck,ear,egg,elephant,eye,face,finger,firetruck,fish,flower,foot,fork,frog,giraffe,glass,glasses,glove,grass,gum,hair,hamburger,hand,hat,helicopter,horse,hose,jacket,jar,jeans,knife,ladder,lamp,leg,meat,melon,milk,mitten,mop,motorcycle,mouth,muffin,nail,napkin,necklace,nose,orange,oven,owl,pajamas,pants,paper,pastry,pen,pencil,penguin,pickle,pig,pillow,pizza,plant,plate,pony,potato,pumpkin,purse,radio,raisin,refrigerator,rock,rooster,sandwich,scarf,scissors,shirt,shoe,shorts,shovel,shower,sink,slide,slipper,snow,soap,sock,soup,spoon,sprinkler,stick,strawberry,stroller,sweater,swing,table,tape,toe,tooth,toothbrush,towel,toy,tray,tree,tricycle,truck,vacuum,watch,window,zebra
alligator,0.0,1.3824372804935763,1.4162028308527417,0.9521792622696813,0.573812136672712,1.3640653028197203,1.310383453640748,0.7624890151355136,1.031607936030825,0.6417836726989447,0.3765458992877704,0.5378005043319244,1.4146829199852256,0.711652965033131,0.4326629619478719,0.6794131301983203,0.48279500867993075,0.850892664546752,0.6446997346801596,1.4792739808619753,1.3587152896553027,0.9359326432424118,0.9626003625678158,1.4601599148936257,1.418241141812782,0.8856049047087403,1.5433751157824767,1.304042675037453,1.059247829008355,0.8630474166145655,1.0563897311192192,1.5010274714153247,1.0240931241695181,0.8546669722748657,0.8690376682806095,0.810052695690912,0.8883862236666947,0.7465450225061349,0.8120399526408615,1.492556241070649,0.7409175882647927,1.5309779954827833,0.8199591313587606,0.8837992859289674,0.31213161889466345,0.6644209877661681,1.1655621939177616,1.1833410286036834,0.6555245857255325,0.9667349933783684,1.2627630643206742,1.3350887668485059,0.7072236414494376,1.2435555109233833,0.8522014701054963,1.3141611458834555,0.9033057059640174,1.2641847142589606,1.3856810100414338,1.0387567778145461,1.4281460442592042,0.4712134409554908,0.5111326474013744,0.7048853865723943,1.5120038878948976,0.7883183761272657,0.9947755596265792,1.0407244925819572,0.9062841830915855,0.7741388122871268,0.8136417703251161,1.4026737764928203,0.8898731783277439,0.68864415642061,0.7873040972677258,0.6715531838339378,1.216390020355858,0.6232240706776748,0.9344027808763437,1.104400388994068,1.4815265440154195,0.8979203633091849,0.5010446353127512,0.79011835680988,1.1833863209295887,0.4071173805263373,1.2334340750604096,0.9281353215405133,1.1207448388955796,0.7390011157781295,1.4940467728891358,1.3435531579704225,1.5084139357717334,1.2672472445686194,1.3082118441767658,1.1036584679595074,0.49333752396620123,0.5329251395563082,0.7278194249667367,0.42341481478510845,0.7215999604813597,1.4221881072561202,1.4425228624044406,0.8467645690336538,1.0166030918954398,0.7058726294475293,1.3156210057877167,0.5979171170091706,1.0765889810360287,1.3398452275414812,0.7163634924357721,1.1611188448702572,1.2317053876866277,0.7895764075673513,1.3990253929099905,1.374644041610512,1.074504871732419,0.47272401194244296,0.6034516796615212,0.5093691616604298,0.741607412996474,0.5698935260677149,0.755930998371133,0.821015803430729,0.8821989629751394,0.8067494487234426,0.7650782484154064,1.0292437711853848,0.5546349113434557,1.5061853659099238,0.7147699828969283,1.485646297798142,0.9499693517940145,1.3495523872056487,1.3187588526878256,1.221052290464985,1.0754308587920527,1.3023769092228772,0.8812759773841417,0.7273277056908498,0.6602001960052581,0.5032583428834908,1.4014030331563945,1.4397213827685642,1.340543614622861,0.635715970618136,1.2757645897370096,0.906302173441401,0.6454499016196427,0.8010656805197348,1.1678058702440222,1.0454440374779073,1.269169731594327,1.5132659313362828,0.9910848338375039,0.5575059738753343
ankle,1.3824372804935763,0.0,0.7744772489585676,1.1564475902691242,1.0099362150073972,0.8041450508321717,0.8260372760868117,1.0688902187282232,1.1261722516582442,1.4057916613159542,1.2655520967115867,1.3958480649365577,0.6437668703722264,1.3031470130321852,1.1673393362282911,1.0183688564775941,1.2165225856560513,1.2329780719775996,1.2299438406597576,0.8118397562476479,0.8995585699247577,1.1853005966110048,0.8494158828478535,0.7748880414493184,0.8054947734875055,0.9059030561329926,0.74137585515755,0.9130500583500085,0.8781207158000385,1.113874451371792,1.0054531581569706,0.7188258313649938,1.311297607381799,0.9973442308918792,1.346700892157005,1.1209750674602927,1.0938564493019471,1.3116828666052438,1.0309206277734018,0.6530527083713484,1.4011304109045444,0.8075747339588193,0.9918106804114898,1.1819945805413448,1.2241236514216616,1.0572572793223767,1.182491381521075,0.9927695260154457,1.1504729375314486,0.9431888652252923,0.5607875624270273,0.6940148371702044,1.122755124316583,0.6714151460327131,1.1685977541372115,0.4462591605310581,1.1375696506999686,0.7679931594050518,0.8948000332533528,0.3874322114282127,0.6801800184274484,1.124041016605961,1.231782593833951,1.4865261541931787,0.5384922141220175,0.5214323087368303,1.0732843011398456,0.9642708171092504,1.0970176274445331,1.1018758594172173,0.8930273405435831,0.47534884461948756,1.1003912045844815,1.000027234261122,1.2266412824093167,1.102130060715864,1.018190785272459,0.9874044461800486,1.0104092460823313,1.120535256743892,0.8186992799026911,0.700646153422176,1.1664237941590303,1.125755859754848,0.9853454005414636,1.0268112925325856,0.9833769814233356,1.0654913810330626,0.8514239693327276,0.9536071590658305,0.679509656917044,0.6078864269472682,0.3701719282915368,0.6788509944001493,0.7534910498710605,1.1335685989151152,1.3117162126254238,1.111843629111275,0.9191481608695034,1.3684981579679283,1.2150573480810722,0.7294201664280161,0.7138295607027592,0.8291352250973012,0.9402543937912008,0.8238385190660695,0.6182041200963266,1.324213876951746,1.0045111796600132,0.8349389483109968,0.9594934821691273,0.9075215554614797,0.7561016631428035,0.9566398749858074,0.713368522925541,0.6092686569136359,1.2206025921815054,1.2289107481982626,1.0776626161851752,1.296130249684971,1.1210643331044645,1.2753736535631135,1.0595573792646502,0.6523610002151565,0.7464880813591592,1.220913508866562,1.37911170987568,1.134636479113417,1.3749092314316693,0.45602953886136177,1.236970670042872,0.7498047595223214,0.4110744168979963,0.9411277021698188,0.7449793773191078,0.9038573281836448,1.032336165739196,0.7571927774382432,1.1326887670939896,1.117203073183191,1.3537735146734429,1.5170705195152785,0.6797245434204946,0.3897402326641486,0.6828134186894068,1.2261174961083947,0.6637177926562444,1.0678763987887068,1.4096120928964626,1.2912992792248235,1.0403137638952304,0.9999937992627747,0.9911340948803097,0.6093575540902623,1.261386750956734,1.0958659977618512
apple,1.4162028308527417,0.7744772489585676,0.0,0.9749370066343442,1.4706964906965134,0.1173783563834645,0.27319616245161105,0.7530268632683024,1.1805587880594157,1.520430670329235,1.2653419482536854,1.5300373856852856,0.6586731840514263,1.5447290817786437,1.4729629646845321,0.8671944987535906,1.534253764025423,1.0889493340562,1.1377220258903973,0.4728116692720379,0.6387112691859403,1.23710391183402,0.7712060107485945,0.9361094719417127,0.7522248461877037,0.7470690831936566,0.9117508207447509,0.8276733870285862,0.8293414898263244,1.1943186253454865,1.377502801379961,0.5228003052547514,1.2848650027570476,1.3059117045729498,1.387622420505619,1.3997451135664005,0.8096283157159931,1.462023238440122,1.092626252328834,0.444235196110366,1.458252965184146,0.47431041886321923,0.8892464159522122,1.090179273079079,1.2341830999174879,1.0443390794964154,1.2507112886603908,1.1829239748432827,1.476063302584111,0.7558737013711965,0.9048016742243243,0.20613709680426773,1.3072744101957485,0.8018464089476345,1.1917393783566657,0.7805995329820654,1.1358991059602763,0.46649100603876814,0.5079908909457799,1.090013019679567,0.7364912167790352,0.8440187029340736,1.1875215610048024,1.2721557705968958,0.5749466686299016,1.1148688109091511,1.1052187655234142,0.6507207235340596,1.1854631416632815,0.8336201293479939,1.2502765685641148,0.5745811376138,1.0153033053308893,0.9557373135496645,1.3317532872416822,1.4202082138066587,0.8078133104535691,1.4719961720448327,1.3288475575328489,1.3125158437856659,0.6543722329289579,1.2087593231894687,1.342376244171285,0.7111507361182036,1.0296537853338037,1.3418490644801446,1.0126981540771514,1.0216383505652848,0.9811018084979796,0.9277574585578824,0.3498470879400065,0.9455618603109883,0.6968771713826218,0.8282089163450025,0.2050139796796573,1.2725469107800536,1.082203684515309,1.531899522360327,1.4413025682698128,1.3950996378876617,0.8627502886382504,0.584988905302846,0.5876839838835349,0.9161808210906243,0.710145171150388,1.022178638370169,0.9107451037534213,1.1935950379328029,0.88874375615169,0.527148719634208,0.8903953412004014,0.5849025517893244,0.27398433866948824,1.3986014261026063,0.748247448608764,0.47117679088093367,1.3740536161008845,1.3421821487319197,0.9719999692881875,1.3936633632781956,1.4890749867577382,1.2957813940472085,1.389011834465875,1.1900684894051996,1.3333750306071752,1.3831652373353855,1.4153163172763337,1.2235802752805363,1.3571917043308077,0.47562157378183967,1.28489705048124,0.3336369247069031,1.164842128385442,0.6859779494464158,0.6953011923124043,0.9635754084818131,1.021639358104962,0.33917787744162564,1.331081872805437,1.3774804877433824,1.3174795263121966,1.51786117434923,0.497617193305522,0.593736766372546,0.6348166596636492,1.3530471085927998,1.0163059018481504,0.6902411019228762,1.2841199620856214,1.0844352503579309,0.8706913656657246,1.0239588347382198,1.1451459198488987,0.4702163855465764,1.2083691515631565,1.2753942637628337
applesauce,0.9521792622696813,1.1564475902691242,0.9749370066343442,0.0,0.8940015636068679,0.9173427014807904,0.9124737982356402,0.8032560075551894,1.002593230458472,0.9132068069537692,1.0887570410800593,1.0594663900068553,1.2191355310752612,1.059431360165473,0.8430679157186352,1.2268219116754684,1.0314964370996114,1.006405926522819,1.0825988326390974,1.1266139112195241,0.9069942465209697,1.0336331778141163,0.7831237822569557,1.2227519728918912,0.9737721037242709,1.1826848165234707,1.1389287273607867,1.1671809907117279,0.8897370633976847,1.0330650311884721,1.1776294524084407,1.1441105247772099,1.0729286477532387,1.1083423758605113,0.8928176066865725,0.9011083505028761,0.862280911215251,1.1177710074985603,0.7170129755120349,1.2667247468217386,1.0180414430836533,1.104149343559589,1.065128104906226,0.7836385315409367,1.0955014563658179,1.1347149818914626,1.0642949990765613,1.0605671180860055,1.0561447508395299,1.221902986338853,0.9682199213445554,0.9281963393107834,1.0329628152778765,1.0453793971411776,0.9866366152649187,0.9692040356277989,1.0617600673324306,1.117141752061661,1.144070183813847,1.0351006459615182,1.2074476877337454,1.065180894728389,1.0449283852811315,0.5699403861251362,1.19918357525857,1.0367428349877053,1.0390309560116275,0.8048053040774219,1.0127407147542704,0.8784527862316629,0.7559293174870536,1.2360002686994318,1.008622111979722,1.1288602550687856,0.8953703069026964,1.110213026156823,0.7371669468002251,0.9968174250718271,1.0151315862090495,1.1188145924036637,1.0981895819799978,1.0237062295022417,0.807474243765409,0.7383394240688587,1.0969611229473908,0.790759539536692,1.075215323642398,1.0837256156693844,0.8396483498796499,0.807323644205067,1.1447430219299621,1.2324024094438464,1.0994271579407542,0.9350461573272734,0.9838551090912362,1.0538858886994158,1.0175966220187225,0.9557118079544384,1.0617100927121073,0.9409229831032603,0.9562427447393409,1.2957176665625414,1.2861150542157982,1.1776125036089187,0.8276099558519476,1.0785267472626567,1.2757072636885838,0.8116275853725836,1.0945484655266635,0.9684682684158021,1.1952792576104083,0.8339917349392143,0.8300617192517605,1.0435005595802218,1.1846263333213918,1.0527181063067799,1.0604908878406556,0.9305116069203304,1.1127654902338422,0.7961359243926298,0.9658242418830381,0.9528520354322555,0.9992444840093436,1.0106852463163913,1.0099599824553047,0.6930412946437068,1.0209389475109067,0.9813576816374093,1.0022584297160155,1.2219609948742207,1.0082883207904172,1.0844883306363742,1.0468428586720893,0.802769374644716,1.0404887519306105,0.8374131001882283,0.9757809700113071,1.0499746476699694,1.0997235144509672,1.0493321280476589,0.9414628571452976,0.9247025534713319,1.049823034439639,1.0557666243765431,1.0657593974766737,0.7695119331449234,1.2470763975567993,1.043387245105741,0.853358773826081,1.015043800639169,1.1305947706416872,1.1353666808907936,1.2064777360443573,1.20753917600568,1.0244291998082624,1.0443638306458152
arm,0.573812136672712,1.0099362150073972,1.4706964906965134,0.8940015636068679,0.0,1.4319673533782176,1.363271783190227,0.9813151132761531,1.1655995269346588,0.5657588144719843,0.684529130364925,0.4598855895818301,1.3059017333054597,0.5194929564716568,0.41899019292320705,1.2475822397353453,0.43907260371587054,1.1024828530155002,1.0164781441702442,1.4650816800441417,1.411478096578408,1.0340512941882742,1.0188642361420102,1.2836501953693167,1.3837772451348802,1.402201920274617,1.2922747516030604,1.4186167093655444,0.8744377306942858,0.8189588089418245,0.8752628859567634,1.5352699017838187,0.8925047667462424,0.5868505057241218,0.7832033018296034,0.6963612295096611,1.1618294061058563,0.5960241101549251,0.9241157120216128,1.4628501730683918,0.7272203275134386,1.4716410242355735,1.2624196406320636,1.01857895054016,0.9130359450144617,1.0940477275407479,0.9441061918810126,1.0063995876116731,0.4833788602718383,1.3236591964017268,0.9918326784301449,1.30849354771866,0.661267411824061,1.0873694616779708,0.6990436745574121,0.8518622491959953,1.0824253875193226,1.4316740633219882,1.4613992995614287,0.7082010429884368,1.3526962243068128,1.2451626491733638,0.9166501929285149,0.6662953607153765,1.3607534397332264,0.7418409827958772,0.9381458896714691,1.2349320945417737,0.7272323185316534,1.1106543309153625,0.38700958787295536,1.3748041800718087,1.0937335006146278,1.2133606880337853,0.7233113761409643,0.4668267343542354,1.241579998767686,0.31680964514510257,0.7318319121340668,0.9990041806674235,1.446419713434334,0.41972663149619327,0.5038032932434935,0.9513984920095626,1.1905740379714091,0.4463799628018994,1.231174225277574,1.1667803589668497,0.9478344110834211,0.9618528836886845,1.3300530467009883,1.2435249550491436,1.179951458163985,0.9807577354582238,1.3724751116005596,0.9487903029539451,1.0515005875297792,0.2926159335242905,0.3765799096238015,0.6672113918825717,1.1363049445456723,1.3785372156043958,1.3407536263905022,1.1506365150544724,1.0675301341206798,0.9852321917042981,1.0852525594415963,0.7566845431201874,1.2138130439653079,1.498570005580008,1.2573517626390112,1.1684452536553556,1.3613512215993206,0.8142092329567026,1.4742448762894638,1.3434471292889363,0.8008188470379368,0.5783711808783984,1.2613321277429341,0.5565385306789324,0.5133786309744318,0.7340928474226184,0.3832982061794945,0.8410016391562709,0.46343564173036,0.6648042993770099,0.6335802452213286,0.9446234204581007,0.6177007587149839,1.4288636498203469,0.7175292616317159,1.4718778352174455,0.7164483276238842,1.270782443246533,1.290751600256769,1.089826816129619,1.0247039741068105,1.3287106886062314,0.9865981520944611,0.43119059979194363,0.710979856999038,0.5468140802795057,1.4954607730517755,1.0339921184238756,1.1819763554015499,0.5629901606205073,1.209051832523175,1.351134858151422,0.8957440531351153,0.9575280058556778,1.3001812499507657,1.2417996310913146,1.1237090694511411,1.3902004277892996,0.8542946545961037,0.7288973685145513
ball,1.3640653028197203,0.8041450508321717,0.1173783563834645,0.9173427014807904,1.4319673533782176,0.0,0.12799887244522046,0.8664788830534287,1.0848606208431535,1.432703587660282,1.2162419195535104,1.427939025274957,0.7971684444378071,1.4824329635044275,1.425843791447972,0.8587219788777707,1.4416986476688913,1.0355810327448278,1.124232041032552,0.44607312544267197,0.5559219572327274,1.184638529001875,0.845017467227165,0.9483936535800122,0.6974046486847663,0.7641204607006196,0.9088967150064539,0.8374990559593662,0.9958761234171554,1.204995264974107,1.3242204046196626,0.48650440799284445,1.197996811414535,1.2870025621571402,1.3000132514087344,1.3446581280737613,0.7193336707571654,1.396545043712642,1.1848844594114105,0.548309743301987,1.3842047898623928,0.45692646114755064,0.934035022665774,0.9736220266580916,1.1690577337560146,1.0243494648666358,1.203010953119275,1.2205029069004751,1.4461141987746975,0.7136610932927683,1.0472434039494916,0.21846409359439212,1.2834153522157459,0.8803204134783842,1.1741913909144532,0.9115618408603606,1.1699779378359145,0.6181870492218023,0.48843594828573056,1.09005868816487,0.8453230443311551,0.8754720662363011,1.1651274056586,1.1874442456393708,0.6858124930768699,1.112740850093369,1.095431241984722,0.704343631856422,1.1701492345095803,0.8344189081607463,1.307193022270746,0.5870630857992153,0.9958166693245087,0.9479649588697615,1.26878111953049,1.3571445498158876,0.7168818518943098,1.4277822201753607,1.3642282272186916,1.2640166948112754,0.5956612894602873,1.1961612565996695,1.2827911043512095,0.8505366096426338,0.9420386934829268,1.3112278671246922,0.9369951981832666,0.9809405119800386,1.0557543892249188,0.9537273927562726,0.40611448273894124,0.966356427081154,0.8290586540850048,0.9150139623846013,0.28125719912422187,1.212471414752211,1.0412533454827464,1.469972584902818,1.4197028090950434,1.3370578391459713,0.812870148280173,0.6631329046684123,0.6672909685880188,0.8855002780668983,0.9462993985204398,1.0568857517592338,0.9628496861220349,1.2405450361231534,0.9104268209780207,0.5328476044437724,0.8695551161354298,0.6783776859881966,0.27167434741722474,1.3135215941000111,0.707377419775013,0.5539171316848389,1.3423420023901331,1.2719701542223378,1.003381754927477,1.319534853996247,1.454377362164175,1.22965544162716,1.3567493304724085,1.1346514551133096,1.365955523823975,1.34837669332342,1.368075653560442,1.1855598403614913,1.2790196549208004,0.5438828476262556,1.222888161273292,0.3976583486545956,1.1350232222935819,0.766441937717853,0.7848275920373806,0.879553409969968,0.9958389007667439,0.559357771905408,1.254594044921937,1.3361918220921574,1.2695453420769036,1.4001804203268957,0.4219515966684717,0.7041527924511854,0.7961473274110984,1.320330182110205,1.0067115644263462,0.5953790672736685,1.2261313377539922,1.1064104226618017,0.8292935047591692,1.0572714863108144,1.072395737608469,0.5303101465991953,1.171863183172366,1.2521206535948735
balloon,1.310383453640748,0.8260372760868117,0.27319616245161105,0.9124737982356402,1.363271783190227,0.12799887244522046,0.0,0.9721224959460942,0.9942248291339124,1.287270988579731,1.2045670495447292,1.325821171445921,0.7810557172597454,1.3152536254802638,1.3697884308885069,0.8513844337259138,1.3329236691152073,0.9186466156398826,1.0869895802705642,0.5343629197434782,0.5455153947967872,1.1006009815113285,1.0335531833138827,0.8923032995955809,0.611017104920001,0.8015914880818823,0.8139838447898259,0.7905422518098779,1.0240893728666507,1.1597538008033548,1.114806450642644,0.521057372651137,1.1240473210411421,1.2439167188773341,1.165698667038997,1.2317155350884161,0.7509093096208344,1.2743191065676764,1.2977581644272056,0.6269567403664186,1.2730926162759157,0.5178557613223327,0.9399699800880699,0.9590025845249561,1.1378022666775913,1.0416933337141254,1.1046286110443513,1.1032590519753134,1.372242655349329,0.7357893004142091,1.1064227460911087,0.3337493133241334,1.2391330482067806,0.9572461658561608,1.1937736689154155,0.9848842649611128,1.1302604259014715,0.6234783232586534,0.6057410590546477,1.072493402297451,0.8331049856654597,0.8836740222407168,1.1466455967158145,1.0948718088280542,0.8083261029191162,1.0217512992379616,1.1010834879096536,0.7016042604826982,1.1765717786221235,0.9335114290045932,1.2921626538031297,0.6671300549037341,0.9913435511957023,0.9265703560789953,1.0958361871665894,1.2747912546142155,0.7517517662457267,1.3000377079900016,1.2305744217342456,1.154161914469373,0.601278743445427,1.1080700637651775,1.2991739139313183,0.8362683394592665,0.8857861968536238,1.2085195112210743,0.8500807469239513,0.9209414013412361,1.0941191587768904,1.053832451184939,0.5846248112597577,0.8581063513080541,0.8923934304611761,1.0028104437686816,0.3835072525339731,1.0925645607428391,1.064904124069472,1.3764881651195418,1.3087964201906739,1.2645206819383097,0.881093770225876,0.7097809346915523,0.7341832759802327,0.827670979086695,0.9517081411287424,1.053415833742585,0.8361523001013862,1.334109985504105,0.9166826549821394,0.524625592596577,0.8793708705139816,0.7278478142124309,0.4081180867223093,1.1570299975443261,0.7059780394150166,0.6196524774557642,1.1787362499614598,1.2426054753876121,0.9945723958685064,1.3345605643942688,1.374452862792913,1.1013257288327007,1.2885099226637693,1.0901563572152455,1.265688097538947,1.191407984696442,1.2825293704795924,0.9782351372756186,1.141523596140825,0.6529620602972779,1.162049184375537,0.48343013975512905,1.0597687649589407,0.7889921982475107,0.7182250713464509,0.8028903589312419,0.9565456230166413,0.6204392581107026,1.1352898196416092,1.2727581964417276,1.1694464188621496,1.2879596578310895,0.4861856616321798,0.8114733028852095,0.896568263906062,1.189801537362278,0.8868285110969821,0.6046480169722549,1.1214447229529636,1.0420026426465474,0.8508121175882783,0.9905453755132949,0.9353054489600213,0.6853833706522736,1.0758107375952202,1.1735941254788174
banana,0.7624890151355136,1.0688902187282232,0.7530268632683024,0.8032560075551894,0.9813151132761531,0.8664788830534287,0.9721224959460942,0.0,1.0990031347475793,1.0545949221122348,0.9937203075697497,1.1240915551734902,1.0735536442353897,1.150026723801031,0.8152399505746349,0.9733944809476107,1.0427435465821708,0.9555432638588444,1.048100094897555,1.1566091675616716,1.0452907683642614,1.2105658181031613,0.7286934879397691,1.2906245907527567,1.1363073809537156,1.011154458621877,1.3536635389328726,1.1688975837346907,0.6431088839221972,1.1355545352324785,1.2909709756661174,1.1762704250882159,1.282170544377006,1.0999467418273712,1.1924156069425793,0.9795381505778814,0.6645338494296783,1.196159287127315,0.610213269243279,1.001468336938601,1.1635617031824437,1.1603051051197242,1.1232308893029392,0.9521476163304675,1.0162474926886569,0.9613388574916325,1.3340652259757237,1.2612772261653395,1.0497981581384122,0.9862754921628591,0.9372235950219209,0.7633192364871659,1.044322041790021,1.0035586544403137,1.0436087546937127,0.934327853894364,1.0139312766320583,0.9676221919906017,1.1265515060302003,0.9934340974862135,1.1353725717632315,0.5850377377073867,0.9117770436752185,0.9242167494508833,1.1083321024585109,0.7850034246271558,1.0977775311978697,0.5760864446928485,1.076707238284973,0.728167328736545,0.8180699729736178,1.0995403183643282,1.022298158094622,1.118316926414302,0.8628589598384814,1.124816949780409,1.0277611048360278,0.9855943863749528,0.975031813945197,1.297701436674385,1.2741155016755759,0.9417216344624836,0.9154650706481385,0.3254828995249386,1.1930039716308225,0.5949690409075538,1.1605075449621818,1.0179381631564977,0.9531265930590649,0.806538390344484,1.0756542874264166,1.2014988031053127,1.0946663939129777,1.0217355208919139,0.7395933577846716,1.328088442411608,0.9674093594341107,0.9993703557873842,1.0510438742105643,1.010989172871218,0.7175664718207171,1.115068540082651,1.100539290325384,0.93077958744911,0.3378403202501127,1.0286471104441846,1.2707294537376863,0.8244762643616097,1.0943715432841936,0.9449280919858143,1.0695572749773539,0.8161411808964643,0.7186024671067274,1.0711978154905433,1.2467489819972188,1.0499058968349542,1.3104365453657172,0.9608703091742816,1.016521459397699,0.8974401324135757,1.1123245066582244,0.6695439184775887,1.1103021581699326,0.8700928873907028,1.0618717183015516,0.9300520002634166,1.1262192093855876,1.1050614560839236,0.8604699745164142,1.0440710858603262,0.9942234693367293,0.8872887378315535,0.9571102911818399,1.03430028025833,0.9280449583305296,0.8875284832439592,1.0210154358222308,0.889376300123519,1.1067364257210786,1.0972637097452322,0.9446232892276581,1.0488042989207866,0.9644561821131605,1.0175059815140213,0.9287427290775433,0.6193452848718102,1.2303088379557983,0.6980634957422576,0.8777446041354472,1.0934414289382821,1.0564938701424833,1.1415315748024526,1.2904921882396698,1.1197834225766803,1.2813113383455614,1.000732030766458
basket,1.031607936030825,1.1261722516582442,1.1805587880594157,1.002593230458472,1.1655995269346588,1.0848606208431535,0.9942248291339124,1.0990031347475793,0.0,0.5898505144318136,1.1660541868694558,0.7946037239988075,1.2093395898574575,0.6222525639141906,0.9654817806539114,1.0647317932061957,0.884987787172581,0.4953342308486278,0.7049122363173728,0.9432830206893406,0.5896176180234945,0.3995322638665353,1.243791974962852,0.8115365145028997,0.48580141121728715,1.0027221934166837,0.6917658045811371,0.6373568704425279,1.272156579222541,1.2365435819658028,0.46417594372449344,0.944749348447813,0.7206801047540601,1.229278952239787,0.6114315030965218,0.744406919606717,0.9261019392638035,0.8188947326910584,1.1537973144361522,1.0918670885546087,0.46186220024888236,0.8875775623405193,1.0942778689915391,0.7194515235788528,1.106333548799899,0.961881378468499,0.8170860312199311,0.7268930718069794,1.1596356973985247,0.9306164126622177,1.3437477704448946,1.2582864166915704,1.1015865893723755,1.3376254594921093,1.2105574198175104,1.374692976325325,0.8799926729715639,1.242578208105033,0.9508149430092369,1.0886107233772806,0.9913713124041112,1.0094639509938363,0.9919087852438611,0.7417011429495142,1.2764153504500375,0.9695201866184358,1.1569053366638011,0.7761390791798946,1.2124895536424252,0.9941116942048077,1.2164834858264857,1.1158949392573887,0.9729890759483867,1.0843950517359568,0.7140118926326612,1.1191125336227987,0.7031830224801754,1.1187242096160273,0.945380849839879,0.5584895061614764,0.9107840651439486,1.1517435918190624,1.0557407721754628,1.0418924043330817,0.6948256683319305,1.0052061678157798,0.736790432353832,0.8635408984839362,1.2824034353390812,1.2811241215316067,1.2685533064614405,0.8003737894535223,1.3519473337997718,1.3641653745832802,1.186877909049876,0.6122947524280897,1.015704137862478,1.0161610792528335,1.183304224888969,0.8467819789212965,1.025697706376108,1.08258742382235,1.099602210856612,1.0666047726141052,1.1375775468801643,1.10689978281652,0.9643583183359119,1.1731291345675738,0.8623535636139745,0.7825808281800228,1.0502741219518288,1.1444028390204466,1.1191876019074343,0.5616046550789658,0.6505521130349772,1.3053064928470182,0.7563300105607623,1.0505844772677997,1.0228252471306665,1.0024492275100951,1.136034700574845,0.7808175097347165,1.2175014177485393,0.8119229034962747,1.2246389064184133,0.8537464467295717,0.8509831588830157,0.6094931137500241,0.7196789228443607,1.1161328797852417,1.0568938314614624,1.0212681820246734,0.9183782056742795,1.087235236487068,1.0091004045987049,0.8979966822422838,1.0166895377072778,1.1730221792039173,0.4771158865944263,1.1931527896415441,0.7967717244854366,0.6546112253870605,0.8156792145523593,1.4018664850954914,1.3580383411342267,0.819337525707858,0.740277033529555,0.5851878384355425,0.4086543200034435,0.9620820315218384,0.6810233282291382,0.790336939180509,0.6577903536091984,1.1765756105403453,0.9035121374236716,0.954587152941718
bathtub,0.6417836726989447,1.4057916613159542,1.520430670329235,0.9132068069537692,0.5657588144719843,1.432703587660282,1.287270988579731,1.0545949221122348,0.5898505144318136,0.0,0.7065909490047845,0.26716050194568375,1.3693531614678176,0.20785811140775756,0.5119790695969811,1.2281388686633639,0.3720060794744715,0.6597005361465539,0.861439181208167,1.4279159682171194,0.9208248592315366,0.6535939119306013,1.2476607108245878,1.179018063199467,0.9482951389553783,1.3710116632012845,1.0480802303631642,1.1874177577530822,1.195326079992638,0.8142842570262346,0.5235117562373881,1.4119803175516572,0.5683536077569556,0.8176135981590247,0.33983882039360225,0.6255313834900642,1.0185011079433763,0.4148343750248129,1.1694211916713997,1.5385929932247728,0.37176398274203837,1.2959612786003891,1.295980423759036,0.6840025157747823,0.935639245054223,1.1370806529090443,0.6955266558737959,0.7149253821822007,0.6973733473233705,1.2061039912737357,1.3839702472052902,1.4225982328028723,0.6654559083995636,1.2966417588107197,0.8988835348261692,1.4058235248861015,0.9630163873523286,1.490365766068067,1.4074388129784747,1.1772327105865665,1.3310945873392797,1.1963741273762367,0.8807878111789172,0.43486197132504945,1.55355284245326,1.0807294416414375,0.8959235664840192,1.240580491777995,0.9569541354463316,1.1861186193510476,0.9444155413965754,1.5258067244760256,1.0328535741455707,1.2012254973331298,0.5658276385673477,0.6053712011873835,1.0058456904504371,0.5391231709540113,0.7481425942058402,0.7484823337340532,1.3063071380974507,0.9081168374679967,0.7348501380406397,0.9439771083568272,0.9429864846260002,0.6982676457501011,1.0550543800974326,1.07209931398748,1.1756184545975095,1.1520896084991559,1.4993658968884729,1.0877146526386325,1.5207104962211497,1.3111937560128526,1.419657890315973,0.6164517003550467,0.9718253680803647,0.4886191541024244,0.6479645341768487,0.5605004863244083,1.0401717167844389,1.4034751334110502,1.4136891972709729,1.2349984090154733,1.1690925030608461,1.1585829655706288,1.1030983453833036,0.8849018997905531,1.1360747352008282,1.150431115048386,1.239109880464362,1.2223792274440206,1.4035990565175287,0.5941880023784358,1.2431782574120542,1.5134128004096217,0.5263392359605364,0.5867087621541356,1.2472585994540255,0.6594266650527019,0.7221659750103696,0.6166456884655709,0.6722863703109474,0.966079211927904,0.827965449009487,0.6301676279476814,0.3524161714648286,0.36064899397264594,0.35622439245199733,1.5283371660440115,0.5513324402691665,1.3671002719647036,1.0383995343133046,1.1950499378341835,1.2687797187479208,0.9795654967830657,0.992935318762653,1.4446738800335308,0.6960443585854467,0.6736952178183337,0.5460904894292744,0.22508387847406985,1.2466896342972436,1.5125536063669573,1.4371212092639165,0.623364208563495,1.0252622227243857,1.1234260267654546,0.48039355402615946,0.8036382295586075,1.119113681094827,1.0821655635536824,0.9085818254399538,1.528298422683743,0.6826193787656043,0.7849723603046733
bear,0.3765458992877704,1.2655520967115867,1.2653419482536854,1.0887570410800593,0.684529130364925,1.2162419195535104,1.2045670495447292,0.9937203075697497,1.1660541868694558,0.7065909490047845,0.0,0.5627278056304561,1.1999687986374499,0.788510220309977,0.5902027753627461,0.8199420477706331,0.5262507719354106,1.0403000828623885,0.9198915971952771,1.302305959622236,1.2993276656835704,1.1181136018352937,0.9714434284873804,1.2780007454031226,1.3906775181725943,1.036304067107144,1.3569474693051295,1.2603164516812102,1.091756612521741,0.5049306608245692,1.0494622731614196,1.277165743784941,0.9587793380639862,0.5838605353043596,0.9775162095480336,0.8241761211126771,0.9375872761787323,0.7637730517230157,0.9469297747635312,1.335848570776053,0.8370668588937392,1.3037858625682428,0.9680445897815579,0.9949529142000864,0.40924335101154674,0.8481401191431215,1.0454300108899472,1.207243556346918,0.6164484857869621,1.0109513065794833,1.1451733212120083,1.1770241337150762,0.3641155235934649,1.0521657557195971,0.7910083917430517,1.1943934398232596,0.9875467046250631,1.1826526798782049,1.2240177497837725,1.0986320233600282,1.2273545876118799,0.803308967668319,0.6542653994632326,0.7467796759220586,1.2353300826719484,0.9559688169941184,0.7489450112167277,1.2519231247210922,0.829759140608602,0.9100207051419082,0.9392057115417003,1.1897720203033204,0.944316929625613,0.8019191110934563,0.941965850277529,0.4847859429382081,1.2660322798283015,0.5970054446225022,0.9916695129499088,1.0862821332582207,1.2676270216532546,1.0345125011346763,0.6912707204022348,0.9522056653898026,1.1845885828888463,0.6762689565971098,1.1663711727343966,1.0268023956144763,1.0851161440737527,0.7803348276209445,1.192103542838655,1.2439222474811409,1.2653156252802695,1.0555599558318889,1.1947468482339247,1.0885026104272644,0.48722532435483157,0.5453985708887529,0.6801184033330476,0.7173998396783432,0.8629784983287754,1.2312817844428614,1.2649260050696947,0.9622073853721289,1.1903914422730923,0.7558120187120432,1.1486058510799906,0.8183981848719262,1.1050323034689826,1.2933483301240924,0.8604375396498625,1.0645620276056191,1.1850792625842823,0.8900857775800651,1.3354381005775977,1.1550195485162618,0.9642156634635352,0.4483001887088742,0.8817594157449219,0.6313532231383405,0.6765320876461389,0.8133247797356082,0.5883015004743721,1.0194477305419782,0.8235901717055477,0.9948111793504486,0.6278896717109168,1.0301818494109123,0.6482593168526263,1.3222268001495472,0.5557050377950479,1.308040569053789,1.0792450528554525,1.2582873150285339,1.2974405001589346,1.1918475385466545,1.107636316886733,1.1933311333040684,1.0166370798709035,0.5765020475091833,0.7946785660176034,0.6817530087250914,1.2759072553251014,1.2311942268775429,1.1845479828544065,0.8968575662651617,1.1900074550703308,1.0870919827431498,0.9414630234394328,0.7734818359701859,1.106239431175746,1.1633582099289128,1.1893085013471167,1.2398852952528407,0.8334735161028834,0.6826806744757744
bed,0.5378005043319244,1.3958480649365577,1.5300373856852856,1.0594663900068553,0.4598855895818301,1.427939025274957,1.325821171445921,1.1240915551734902,0.7946037239988075,0.26716050194568375,0.5627278056304561,0.0,1.3652226596081014,0.22556472978800224,0.4506033549974606,1.1790799253748865,0.21480946337696794,0.7888420637944165,0.7671074871933186,1.4352635062703798,1.2828543109973556,0.7766500838909342,1.2855041450399014,1.1787482069239095,1.2805512318875412,1.3406063433314577,1.2394624154709066,1.2017763949156228,1.260737937750622,0.7608654787020274,0.551100540122613,1.4667523174646366,0.4942333291669937,0.6634339847268013,0.5271700075231764,0.7399470624118221,1.1071121737992966,0.21161130929140193,1.2199964467582327,1.5501275781528356,0.23765999124948567,1.4312225408446957,1.2674870490579755,0.886420954473345,0.7938816117283987,0.9865841579615757,0.690590239002611,0.8826500363570452,0.5128167742355335,1.1890332277726054,1.3268901325342997,1.448828857067801,0.5754162943465436,1.2408872708055296,0.7132070091513697,1.3683645959254653,0.9578630109939192,1.493420090702109,1.360272481432112,1.1377417663942824,1.4463061705153346,1.1429088619807353,0.8312888566192029,0.4683315223384029,1.512149811286914,1.0840385045057317,0.8774411787634792,1.341576005671757,0.7705934671805762,1.146377538537809,0.9399713105397803,1.4263394655361916,0.9899236021556905,1.1540430843366318,0.676047357894055,0.41165734353588934,1.2066989749677635,0.39407647018682224,0.9588613341205171,0.6792146904890688,1.3609942179809544,0.8867723924329486,0.6444561836949183,1.0219066984680563,1.0797056886028145,0.7142954025267255,1.2005328524282624,0.9785280261527994,1.1431996487508216,1.1199928270310493,1.4428972698315654,1.2294359011194074,1.5059991760750013,1.2593872811275868,1.4720409348450185,0.7892719644100421,0.8772193040287841,0.31764625465922425,0.4978131632794722,0.5102347239869687,1.0291584139011976,1.4568320615994457,1.4547045562599885,1.209191743230845,1.2497493414768408,1.1304337452970876,1.0721438168025557,0.7702288865180654,1.080008837672008,1.4026427879589551,1.1993093577474045,1.2418859422596913,1.4661735913309917,0.6994249618844511,1.356375416052147,1.4810446130989599,0.6091148242531369,0.5793808839131779,1.189109805407953,0.5204202109445377,0.5877070714653039,0.6931102912998126,0.5065036043997555,0.9588263322779782,0.725645531642996,0.7752714511169803,0.23442467947878076,0.7914704693743899,0.24110391231621076,1.5422000121098194,0.5566585986725298,1.4933138818168907,1.0395565456121498,1.3412709596103272,1.5047928415201177,1.181210722072904,1.0857936919295543,1.4701437274405769,0.6673577095633336,0.4741647226941501,0.4178175691728614,0.2036040081551609,1.4360967476285884,1.4499721773918663,1.4047689231184965,0.7666898857580958,1.1303094005251002,1.107956223516168,0.6370377327663428,0.777919994892422,1.0807297161511502,1.0738305476613017,0.9268186573831821,1.480811735226442,0.5714000548590322,0.6597605898074342
belt,1.4146829199852256,0.6437668703722264,0.6586731840514263,1.2191355310752612,1.3059017333054597,0.7971684444378071,0.7810557172597454,1.0735536442353897,1.2093395898574575,1.3693531614678176,1.1999687986374499,1.3652226596081014,0.0,1.2536727486755126,1.3646314671195972,1.0195429860568876,1.2928741490588562,1.188219510532068,1.1489874978372228,0.5753733436117572,0.8455408914944411,1.213265187413939,1.0255912741126978,0.7404396614421294,0.8447350919948496,0.9291896937042711,0.6821682230889039,0.8562986915382038,0.774691322827276,0.7879735971286377,1.1121126472735077,0.6053518275238171,1.2755771559185904,1.0969154504051155,1.3168232858695483,1.1015446823683241,1.1192035794740873,1.2526993776708424,1.058050139655095,0.2922494638632238,1.4101728838692629,0.5217877549956198,1.051542491436839,1.271718146427923,1.2996995392209707,1.2247194487197162,1.1358169425429288,0.8266808755189257,1.2725725761083355,0.9649409335609485,0.7651425435642858,0.8321686602243308,1.0489151964426173,0.6636109704760074,1.1679971596277992,0.7198997001783433,0.9955714055539426,0.3798879137261644,0.6792470005942015,1.020552922233599,0.40856631523412634,1.0657310916398601,1.1011178814087568,1.4602708151337958,0.34114890944590637,1.006418966216534,0.89948256752958,0.9616420034434987,1.1557541055938088,1.212379206023765,1.1776860316305102,0.5636031165652928,1.068855232121082,1.0530650409912299,1.2533514507750378,1.2149622010844894,1.1531220653278653,1.1519751496562889,0.8843128219627894,1.1491041117559795,0.7031642388693474,1.1087815204757396,1.417359948353384,1.0053443678341918,1.1100639900111193,1.361839192511027,1.0423559897488728,1.0828342065991956,0.9445381084130646,1.151521685383269,0.4901193461737263,0.6884295027700362,0.35942895232621164,0.8549134758284914,0.6804353410464048,1.0944715556640319,1.3170338397074,1.2946250279006712,1.0838399150052123,1.342345196745694,1.2357846099812315,0.3245484223121775,0.3303371103357592,0.9879492527268201,0.8692488768297685,1.1315673199468648,0.5737929269212801,1.2721399436144067,1.0845521007082872,0.6163413521144624,1.075430159916405,1.0553458089284056,0.908889482103644,1.174828734596668,0.770047084969985,0.5612737333771848,1.1397026682399047,1.2405837988927324,1.0777059356293996,1.3754615330153155,1.2617150020358914,1.2576204006247078,1.1963594953451708,1.1194400090796883,0.9574155920832181,1.256248383232216,1.2100725213717178,1.0346602780390302,1.3788362571304895,0.3316697075099936,1.0530116509701564,0.47430485408323797,1.005889619636386,0.5769584895107386,0.6566970072987063,1.0809051169502313,0.9507650390131244,0.7477540155612777,1.3271319179270495,1.2139069383715253,1.298908553959484,1.455879599429152,0.7644131044518181,0.6089493048799934,0.453915244215107,1.2713418299272785,0.7610484392798387,1.1199672584950555,1.353317247961582,1.1190990880900968,1.1214644005975485,0.8594161575320418,0.9616320250708037,0.3313892637476341,1.0870731411112673,1.206625307171858
