,alligator,ankle,apple,applesauce,arm,ball,balloon,banana,basket,bathtub,bear,bed,belt,bench,bib,bird,blanket,boat,book,bottle,bowl,box,bread,broom,bucket,butterfly,can,car,carrot,cat,chair,chips,clock,closet,cloud,coat,coffee,comb,cookie,corn,couch,cracker,crayon,crib,cup,deer,dish,dog,doll,door,drawer,dress,duck,ear,egg,elephant,eye,face,finger,firetruck,fish,flower,foot,fork,frog,game,giraffe,glass,glasses,glove,grass,gum,hair,hamburger,hand,hat,helicopter,horse,hose,jacket,jar,jeans,knife,ladder,lamp,leg,meat,melon,milk,mitten,mop,motorcycle,mouth,muffin,nail,napkin,necklace,nose,orange,oven,owl,pajamas,pants,paper,pasta,pastry,pen,pencil,penguin,pickle,pig,pillow,pizza,plant,plate,pony,potato,pumpkin,purse,radio,raisin,refrigerator,rock,rooster,sandwich,sauce,scarf,scissors,shirt,shoe,shorts,shovel,shower,sink,slide,slipper,snow,soap,sock,soup,spoon,sprinkler,stick,strawberry,stroller,sweater,swing,table,tape,toast,toe,tooth,toothbrush,towel,toy,tray,tree,truck,vacuum,watch,window,zebra
alligator,0.0,1.199242026690222,1.3602336178029573,1.0227727763256758,0.6601127410544614,1.1774047963326435,1.3752508522304314,1.0761193991175912,1.3280808855606272,0.6476061202804149,0.5651672815177518,0.5524147248390683,1.451817169390223,0.8533963872397083,0.5931624676292534,0.5255024956407637,0.4683982000360162,0.8694313795291844,0.8233411535674434,1.5315386772764792,1.3249782641648022,0.8571774868651846,1.282583088882862,1.390074939989037,1.431208838150606,0.7955304502586136,1.5051658456881625,1.0129538074088287,1.2890749208358847,0.6728714470445057,0.9030758948021275,0.9620979319356685,1.365042802650593,0.8570480100531559,0.9242609644269338,0.828984851973172,1.0459920909535911,0.9658797609399854,1.0729095719588955,1.2371582462948434,0.74153573488041,0.9134626450999122,1.510687972819631,0.7023788829834963,1.5264775766657728,0.7686629493681629,0.8695592178908647,0.32215505500574326,0.5552877144193596,1.1221140375491676,1.070962165027666,0.7424128768881757,0.8686187020392337,1.1190030527156154,1.3757857713639372,0.7526742133836668,1.1914624915798677,0.8346587414248399,1.2906049532577009,0.6544444243970726,0.7699628629615227,1.0761271777240555,1.087047684444309,1.4195058648192511,0.4748439644394915,0.8011339529821062,0.6366942455955281,0.6819119513707067,1.4095210093630244,0.6612201717968238,1.0366409070241043,1.125837771994727,0.8675125404275056,0.6683157342980482,0.8654742979615629,1.3678555769558238,1.0369228952091236,0.7016505555932511,0.8024706713928048,0.6050150266315084,1.011535539839735,0.626071332786258,1.2961218974136357,0.8395915379850328,1.5512985244214368,1.2962840434277696,0.6403148345326632,0.6905684945096188,1.0318182929189486,0.356807861293882,1.338174511525873,0.7268431169546928,1.2362822048101547,0.8876614322010853,1.4983566465777214,1.0017976796937653,1.363387063231197,1.3456573047581024,1.3881984420295361,0.9524401980571985,0.573833136317189,0.5738382065009409,0.7255950931509535,0.5917459650547578,0.9074224769482689,0.7041505998912583,1.5042541689751618,1.5017991381298272,0.9565666673259392,1.238248333521355,0.7178454913500047,1.3106444372174284,0.8226075566631926,1.2042424546034982,1.2580992432108333,0.7462769983511143,1.420867200321486,1.245251722495077,0.7891480509821096,1.4183775691995852,1.3867724612520365,0.9990140842959868,1.0261306157446815,0.8929436035432428,0.7113492538345936,1.0227457292239368,0.6317180317430068,0.9431102149570821,0.6895798259376978,0.8504074567346102,0.8402067571210898,1.4084654198343638,0.7983024745420705,1.0030555207832537,0.6682928296315097,1.4141170060319683,0.8453841913834599,1.4472425757927048,0.9156958899160316,1.0294296030347712,1.3715125869466482,0.9178818533844456,1.2891929264029114,1.2725825535048567,0.7184791370279738,0.6652583144530549,0.8706184029281775,0.5879186840434516,1.3989331637098772,0.9147374238849744,1.3362301673695336,1.3769188392892608,0.9259003249058219,0.9558229179894144,0.9690065531380978,0.6699907926356509,0.8584401338546598,0.9234517483035213,1.4372350092234605,1.4569243328725372,1.0978852610116097,0.8605388663462301
ankle,1.199242026690222,0.0,0.8354985861288009,0.7299042418758404,0.8208534706847372,1.0499644275185136,0.9756063370437508,0.9013783430198598,1.032669252362825,1.193509149647843,1.2595177393722894,1.2104945618526153,0.7196409370931631,1.0634576502127262,0.9596256107219784,1.0794425938391015,1.1142366376659334,1.2881304495675105,1.187482660222165,0.9899261359649891,1.1384617759175144,1.1463605108124728,0.7898752102381148,0.8393520845740328,0.9004857607759056,1.0851302895583244,0.6849375919735701,1.171291730471169,0.4138550258824796,0.9600419530107144,0.938068470982406,1.001722495029863,1.2411110666580858,1.219813188113453,1.2065904447296596,0.8917123524742081,0.9828172008680895,1.074725166817395,1.1134597702098477,0.844213330368407,1.0980498416915965,0.867918308334265,0.7712447826653204,1.238658175492686,1.0122359442416018,0.949166007824575,1.3116596646237664,1.1641104033950613,1.1111205156223387,0.9949430727381923,0.991332273497482,0.9100284823110742,0.9646988708324783,0.36747979866163805,0.7762652813543641,1.097736357163542,0.5938900298006332,1.0720813409709264,0.22143510274011247,1.3011369909012864,0.8220860788769828,1.201235402148688,0.14406700230996838,0.7911656676736902,1.18707825751238,1.1360985397281,1.113299585860976,1.1746879579230214,0.564201943410901,0.6267899590868087,1.099420036395404,0.8831572587001018,0.8644744463538276,1.0371655218391975,0.5303645396798004,0.6918623001874994,1.1274045900942522,1.0925706680172083,1.093962724657696,0.9844635171942449,1.049592300479213,0.8274885915671879,0.7250809188673597,1.1252290175275308,0.8726624942587826,0.3021719917034247,0.9094044042014687,1.0421597165881786,1.1422004890026562,0.8981285371246969,0.915695549669939,1.1681946681544313,0.4905735619178295,0.958580457785276,0.7278845213662136,0.7909725034824384,0.2716340913201851,0.4414948950346381,0.9524424201703874,1.172906637881698,1.3560737865868633,1.0428684580236867,0.770565105399522,1.1407861889750337,1.21621826569166,1.2669004213489543,0.8111523771315565,0.8301932274327464,1.0071981976718107,0.7432596106373055,1.066013029726829,0.5544482360754472,1.106440622236322,1.1487447137705082,1.0960177056075142,1.1411508098168406,0.5594675282978402,0.7887063262453635,1.0323777020245763,0.939364667064305,0.42844683607066525,1.194543926398263,1.060278489924473,0.9008911859576296,0.997504465765244,1.054946044343092,0.9662025378539855,1.005261320211326,0.9344776824090026,0.7004077287933779,0.5839713298411146,0.8431551610165793,1.253461669017593,1.1429257090295533,1.2952013883015552,0.5274937906183403,1.2543620766549817,0.8738635513692372,0.2816629486170742,1.0833196661136724,0.8758316255496772,1.1789134773851138,0.8250273156006498,0.9037340725442524,1.0935935474422196,1.0190277132673935,1.2720855595619867,1.3301161127678238,1.0059679170631057,0.9619462501061063,0.20394450986639356,0.42392836477889795,0.7724959329427026,0.8389439613469252,1.1976336025721572,1.3527099629532677,1.3208446344211824,1.0764241837257569,0.9348826912821169,0.48764176453730357,1.1311443860370076,1.1693932980990926
apple,1.3602336178029573,0.8354985861288009,0.0,0.6755292942300367,1.4390705389035034,0.30649232141669147,0.1864301937537306,0.5064686817397394,1.0787156117301215,1.5796739338647112,1.2896401006448457,1.573200058875893,0.5867131748244333,1.4157794459907498,1.4445803758416536,0.9306971326720933,1.5201057329222705,1.3464435410624618,1.1527610900200513,0.4942138152924189,0.6412217961583679,1.3269950568056876,0.5190231765420039,0.9377008177556667,0.7077017877676001,0.9729994235735924,0.7766450094341197,0.9776850902308021,0.4272909711839745,1.3045339187448373,1.4075345205280012,0.8349552401556075,0.699404227225795,1.4561672657274947,1.1524876420922592,1.3880005018791453,0.8794765386152341,1.2722076774505378,0.6401317946483526,0.6039014567834833,1.4366732135387217,0.9462413774991925,0.40064376386303713,1.5949942138220763,0.5070781215166642,1.054902321648426,1.0654155704245174,1.1829348457771471,1.038307881811155,1.2483718137784545,1.1987853470752672,1.4122488163015432,0.704841168496426,0.773503092647699,0.20626317030853958,1.3204991635814127,0.6214823091801143,1.1374826371912887,0.6334339744434676,1.2908577917453246,0.6225636519490032,0.7534048655241709,0.9010435820752223,0.7491831467575341,0.7462396246510881,1.0823642613946525,1.2112800825625742,1.3411042662239674,0.5549984078586276,0.995087942759495,1.1721386396081235,0.44943964453653296,1.1811265671731515,0.9076522426752712,1.1267393300920876,0.48674195025920697,1.1976385015335587,0.9534929492560186,1.5026564382848717,1.5043324831727432,0.997117733222375,1.4163389866036271,0.8951667937887557,1.4471158761024507,0.6404578125447303,0.8914039199561825,1.0876348963874138,0.7410763864415073,1.2049262372228977,1.2800771022522626,0.9959281352310476,1.237314567077278,0.7027734256625913,0.7390242419314239,0.30562234670377797,0.99944457963612,0.684501530538576,0.562288419021188,0.1867037555620925,1.4907075115838269,1.0689865392831528,1.4951019303315491,1.4322721015378528,1.4046226821359733,1.193072571893405,0.9028788905161699,0.5378899262969019,0.5228894916532181,0.7398585005505451,0.24313311707857654,0.8700927763395152,0.6516503392034546,0.9753929250086999,0.7710807148087251,0.7131983131270023,0.9053394847735186,0.4067232464783579,0.220997789576988,1.3270465524375843,0.7333296447722728,0.4371610327421389,1.3531677707718022,0.9397481640176245,0.8011536372150472,1.2638037783157503,0.8194806627909806,1.4780356819733673,0.9636512095654249,1.4052897505638287,1.0746762018645726,1.2878347572360371,0.7835205819651956,1.4758029088605833,1.2873718445461022,1.4857032663786855,0.42964820128801695,1.3002358255288797,0.28402249055168216,0.99726945510711,0.8296139874497411,0.7631896561532701,0.9947306876220815,0.7954094274251876,0.2475174825984694,1.3147495438905252,1.4391874418578967,1.1878063397971925,1.4905187772198838,0.3692593200884854,1.113786275358854,0.5721090240297957,0.46843824888461927,1.133801683813088,1.0578195807971593,0.5293193722019349,1.400213394499683,1.1543577661790743,1.099169957031183,0.9723893796113801,0.5314722185424193,1.2538808847302123,1.0549672856411934
applesauce,1.0227727763256758,0.7299042418758404,0.6755292942300367,0.0,0.8936658742912134,0.7874445439108669,0.8518231261477063,0.4839230749261666,1.0862226847965895,1.1519080444474779,1.179361019398237,1.2317986433824726,1.1790149264610201,1.2118597495876935,0.9119408041345339,0.9201089130825657,1.192344174673381,1.3035120922699608,1.0032443559345925,1.1286835647837987,0.8278493660650531,0.9931373722876465,0.5559127574280018,1.237502335250976,0.9786167154361157,1.100294958206855,1.106633440495469,1.1307204128873556,0.6341200090401129,1.1931992088428962,1.1579446774488305,0.5719066939079258,1.1181755395101265,1.2727634669231633,1.1594897759495386,1.1313389029245382,0.6918187591877255,0.9973038765325998,0.5999481003446436,0.827190136510258,1.2009798177113615,0.46462744685709956,1.0529868061234806,1.2605918376714484,0.9923796010361983,1.005765684669062,0.640521405690576,0.9790859626110234,0.715588636676876,1.244635079943795,1.1204153652385778,1.0394787869895024,0.8030321092435206,0.734852374185315,0.5386958759253013,1.2980102218445428,0.7691952139498697,0.9735210638520595,0.6144902791177344,1.0805016837572377,0.8975514540513378,1.019031562581517,0.7117398862414361,0.998827648082241,0.7351729646586898,0.982290386003735,1.1012054574384487,0.746870229065044,0.9124179728017542,0.6289739738371491,1.2355500172407918,0.5001146350203208,0.9678391602940865,0.4726744407618795,0.5542018926140596,0.9832963658180156,1.1750513115175114,1.1150517153636268,1.1288791555367854,1.165066193758166,0.7490392608060652,1.0471133174199416,0.9960343293778795,1.1598300829619028,1.1249318975713347,0.9193198786753723,0.8080686745674743,0.4599933879487921,0.9840102892214176,0.6933086075907644,1.2350900684560628,1.0140687045364882,0.7411857395489734,0.5209313082113989,0.9619008455963226,0.9477570986251082,0.8243786517922492,0.7698987404808363,0.729180627216631,1.26815958212195,0.9714982215000991,1.0526168544390675,1.0684726421852888,1.0303907304440547,0.98814806791361,0.7698199595691679,1.1519687554368918,1.0939284726242353,1.027077585695346,0.502265631377705,0.9653407278832897,1.026548609596994,0.6076740137599653,1.1003674119746585,0.7559279881219123,1.053140104936677,0.6570570012999312,0.6564890806082863,1.0513996614965833,1.106973736921831,0.6759159067586635,1.1478143464776234,1.044088791319504,0.9723318664090176,0.6170860273466392,0.4778288766812464,1.0456705214607511,0.8701394453952881,1.053013001163306,0.9176738263807848,0.9860414950579793,1.0340674381046229,1.2335060513296299,1.1073287370180283,1.2855721522764687,0.92243119270301,1.287526744053197,0.8509467662953856,0.6985186641969157,0.565070192223786,0.9036229565321284,0.7462052457925025,0.8589053192575714,0.897245579604068,1.0489383838686996,1.0859067327326188,1.1807484751789994,1.0683270140330168,0.7370619083475637,0.8154214459153899,0.6736366776788862,0.7432587900631418,0.6835626933213073,1.0726035896827466,0.7121939955664265,0.8259717985141725,1.2504986595120537,1.0737183587874244,1.2968510492962473,0.9541288735925343,1.2983320857960352,1.1602207834949516
arm,0.6601127410544614,0.8208534706847372,1.4390705389035034,0.8936658742912134,0.0,1.3739554519849329,1.5077394932678825,1.2966161098641569,1.3019704430713261,0.4534479784002464,0.7760231207249763,0.48448156635756323,1.413380688749266,0.7255828830801743,0.29691116468582446,1.1643854232274584,0.5791049548630485,0.9381549806249521,1.0337482216249116,1.4989004683951639,1.3796162721099918,0.8428526247050618,1.3377687219074659,1.2522655559473295,1.4095549262104903,1.2020014607720722,1.363137969752012,1.1704807341909338,1.1989866173125039,0.7449025780919687,0.7510055497021282,1.0899892501826947,1.4908972632829354,0.6912426207922291,0.8788545607353908,0.5334685589753623,1.0851238281587305,0.8726276466849653,1.300307821085391,1.3613990211735791,0.66674927636018,0.9347063492593987,1.5023095161556892,0.6058848003295506,1.4872948081380026,1.1627774206902297,0.9509303463864986,0.9063681974190724,0.9971556129377109,0.9414307579524714,0.9758086120349458,0.39035635796950463,1.3552754069615336,1.0075180771089263,1.343375452892096,0.7390043615069847,1.2079787831663118,0.7316755995273225,0.8951399994613096,0.7927958788717564,1.2783156815039955,1.323242572323711,0.8083207667922371,1.3756022977034077,1.2694674296010682,1.0598907634496535,0.9406290279701383,0.5157433821002313,1.3028562536845365,0.7669700202619502,0.9851186005184798,1.2902430812329122,0.6656221693472633,0.8049191020389386,0.3770816117865916,1.4432393894352238,1.018467915766128,1.2500328945410029,0.581464234621039,0.5467395592750287,1.1250625305443755,0.3889721477328043,1.1930663167634272,0.698429429622623,1.4245061382138127,0.8835995160104646,0.8276079152562749,0.8725071158263015,0.9374843385908229,0.46879198269477385,1.244328328980178,0.8876117659678436,1.0514174782689456,1.1714324407161398,1.394230611653299,1.1386920393105882,1.1396131532632592,1.158968725315322,1.434909919136154,0.6808416829012072,1.0912430473475585,0.2898239698888472,0.43559276370804323,0.5792356056873531,0.8481232431455253,1.0312990976327274,1.4808486335630981,1.4541709443757205,1.4328800716451786,1.3833093323566295,1.2093954254338506,1.3560883872219587,0.9789186562949581,1.3091833952501262,1.3100132534548243,1.2874952982048073,1.2791403315587724,1.40685038365464,0.910197776712126,1.4997290669957304,1.2775463572996884,0.830535393728722,1.0705967766521296,1.317212457661006,0.5437776481689898,1.055418596443773,0.3963511159469826,1.2320055763714532,0.33474578798141164,1.073228806193904,0.46288578799378133,1.3702972563398286,0.565830946876849,0.8149774754023527,0.5062554916217681,1.445412318643224,0.8234064667892542,1.5089911005867274,0.7341394967538137,1.0700410739806705,1.3553995664869303,0.9689578743826335,1.2303476844441175,1.437003542297239,0.9761288416592033,0.3575519176291254,0.9338046557675763,0.45004570487319706,1.5653588998753714,0.8514728587366636,1.0166251153300658,1.279099453965813,0.6616336070468107,1.1716752036291556,1.462705187472021,0.6584606928551812,0.943826446879917,1.0672415826055404,1.298903490260484,1.3070227355121145,0.9356832054230773,1.1054152589672228
ball,1.1774047963326435,1.0499644275185136,0.30649232141669147,0.7874445439108669,1.3739554519849329,0.0,0.19341301555956436,0.8363616676386629,1.1420344878625424,1.4259724014655952,1.1339654388590987,1.3721326574322932,0.864040809631742,1.3154302313599673,1.3088645024194032,0.9029674073765148,1.3572683438362072,1.1811804604628129,1.0398216341436621,0.649671834440453,0.6180158955931424,1.241292932110042,0.7611872334230141,1.0479415021808667,0.7217834478571381,0.9778944470467852,0.961340348405498,1.020889114230516,0.8419633075718771,1.2789925374977351,1.3507773553274784,1.0239574147248993,0.6172951093043536,1.3663502703683958,1.0881549842033076,1.344055536735427,0.7384699834746686,1.1391616226096386,0.549485436834776,0.9338801851017564,1.2947663051465033,1.0660141507743566,0.7225133047588879,1.4491337036307952,0.5920149241223358,1.0496531012002355,0.8238932791404067,1.0769160968153286,0.9054140451656293,1.2898308287774525,1.2236524877163688,1.334269507919234,0.8768035003371678,0.9682143808857525,0.27745482321153214,1.2397747002434618,0.8051746214011837,1.1252436504904157,0.894064876670215,1.1467570124886661,0.7766566236295382,0.8984165553823296,1.109160877359994,0.9388352067218723,0.7278569663456484,0.9741406133639021,1.1201799969528756,1.1506411047198237,0.855841981707852,0.9742917904550956,1.1460100216312374,0.42515996063651396,1.1769575952654705,1.0095336371274806,1.1735054511234158,0.5956703372748511,1.1288838357333129,0.9639983995440211,1.3491762709832746,1.3951607900964267,0.8845987882742158,1.3459869666963764,1.0769687518544562,1.3579328240486923,0.734293244859076,1.1256254402776515,1.1423344174733614,0.770206912983866,1.011959997752833,1.0668180295392973,1.0022582059163092,1.1666614495145946,0.8865479225441609,0.8271483689318904,0.5633867204019468,1.061495009913593,0.9957857025073763,0.7324818826563116,0.3826115747675769,1.4240850788151287,0.9503740283997271,1.3508751172713487,1.4019601040824776,1.2516327513818852,1.1402850441872736,0.9352579481735672,0.8061060420328037,0.7979299698005089,0.7723398171953528,0.6235489591713438,0.8541091602631821,0.883551031078545,1.0694477849133937,0.8915016724692006,0.792421507190952,0.8902476339535981,0.5437157282770997,0.49267660359986865,1.2091697230633038,0.8250093230963955,0.6497752280513454,1.2265831360783945,0.7417131313012624,0.9494997266637688,1.221306943113182,0.7272908146282776,1.3413808985185034,0.9496385232781812,1.3450218493287283,1.019965896620747,1.2999689402533108,0.8772386977944346,1.3383538687351295,1.225713416692476,1.3498181645567962,0.7319606311963562,1.205567228611194,0.5904736133068644,1.0256099885395038,0.8419651519268315,0.8629545353357748,0.7399663839470055,0.9813032951912988,0.5596503076554555,1.2376912281019081,1.3418197381560497,1.0500880313401364,1.2545507270071328,0.4195491643346816,1.1667461308249363,0.8444302524755704,0.7919768587721676,1.1034311915506316,1.0709658737967658,0.40333825979036997,1.211228484839981,1.0946183348098033,1.1293112794608247,1.024178488083738,0.8460042320245169,1.2420075632995957,0.9825481699156867
balloon,1.3752508522304314,0.9756063370437508,0.1864301937537306,0.8518231261477063,1.5077394932678825,0.19341301555956436,0.0,0.7137589614059505,0.9925637170622529,1.5212758325272624,1.3003111990056087,1.5448973711203042,0.5672507804249116,1.3385223459110303,1.49319168051015,0.9622909489311746,1.5049778385958597,1.2459887938292715,1.1203046319658887,0.43675140858556205,0.5373395011039779,1.290238904238834,0.6660624073608381,0.8282508599969343,0.5925663940240846,0.978519933463305,0.7030097995996424,0.9682975207762957,0.600068989794565,1.308517927092205,1.3564692742296947,0.9296714686838676,0.5096895118967574,1.3908808724940391,1.0865412087175472,1.3894171235885282,0.7284697302356864,1.1951059630441314,0.6383315787031402,0.7083888809997438,1.3796675804448246,1.1000403933309362,0.4639221101018949,1.5283612899170747,0.4066471404288552,1.0663946747859834,0.9708540080593645,1.2084216984529697,1.0331018040528717,1.1343582760032904,1.1393910498413362,1.431954384907979,0.7123207587270055,0.9348174668986373,0.21592822979584514,1.2863795616842733,0.7065653028233359,1.167706577838847,0.8280675535456884,1.2529307106844036,0.6624257181567939,0.8314248444227682,1.0512724310272317,0.7129863531767336,0.7984928072849581,1.0504632374217735,1.1675115594875056,1.3007502802715005,0.669036303674638,1.0925686579029774,1.1345032917524809,0.5109020369174706,1.2343141068200363,1.0974879742974906,1.2732351316612567,0.4508923125989426,1.1767506217946746,0.944519430365534,1.437014689801323,1.5241195277206965,0.9771270521980862,1.4742662334877172,0.8870249746005584,1.414377622887977,0.4748392105298098,0.9379199326154909,1.2166812699357084,0.9218890037985035,1.0771482145206233,1.3128741877820547,0.8441189293345228,1.2533957572444883,0.8479727696166578,0.8586855488841139,0.3967126681983155,0.987552019964243,0.80910470285866,0.6432725786745733,0.1841109952223705,1.4000873236230498,1.0405711866486762,1.5194337237843603,1.4627015222124862,1.3765810836572123,1.1458971597727092,0.9480346008312451,0.548089099424484,0.5545755519193051,0.6634678924380925,0.5010131321754288,0.8614611862037804,0.6658827605978033,1.108817945482354,0.8162034132051542,0.6526064216082805,0.8793243256584399,0.4743651519770189,0.33114462333014405,1.3478587899826318,0.689177754053721,0.5782149423579722,1.2240047447699942,0.8967680985066643,0.8670663387781796,1.3773856184700222,0.751569218813801,1.515575055658894,0.9068372047176863,1.4535351342893437,1.1263358356417912,1.3270005901748554,0.6697466795351824,1.4249863289328433,1.15028972458995,1.4519667712776743,0.5636551135943051,1.24142283549702,0.3638213232388391,1.0645764804668647,0.8395545025342266,0.6897833722802236,0.8677197423261956,0.7793983607777362,0.37943999100658254,1.31381621741437,1.4729934910544316,1.1506478551571608,1.4541263567672753,0.32845072008356335,1.2018684350030129,0.760096789778713,0.6323123749221997,1.1417041733617996,1.0205152168479448,0.4881342036555325,1.3808347008815691,1.164626122780347,1.0819104779693358,0.8228142345652361,0.6806801119715364,1.057973980808264,1.0052823906148627
banana,1.0761193991175912,0.9013783430198598,0.5064686817397394,0.4839230749261666,1.2966161098641569,0.8363616676386629,0.7137589614059505,0.0,0.9253598468801297,1.392655095450041,1.232559428633914,1.4407491436427011,0.8583942822620638,1.2894922779527977,1.2739239852664161,0.7781304900712005,1.2837995041652748,1.2285648210547984,1.03994577244229,0.7704605463430844,0.7699999890390629,1.1637252175822006,0.46325753096445044,0.9249006091101359,0.8630922574938121,0.8400378027873245,0.9076157412281303,0.9831807950095537,0.548055628921363,1.2802458691531915,1.2810102273373263,0.38243565087476505,0.9058276728742819,1.3914420555613503,1.156051823114729,1.3453312591228557,0.9920164325619825,1.039693932557887,0.6990921506023694,0.4719819355435235,1.308908248485082,0.5672039497785342,0.6203935096403164,1.437661484745385,0.7983944620345844,0.9891814644787323,0.9517185799547877,1.0569719324451916,0.9261719717479302,1.2198394762781812,1.1405960473906769,1.3005532012190255,0.5994136398880858,0.900690103471198,0.6045246807556223,1.3132114879947614,0.8143573268524182,1.2002125130855208,0.8356461174634222,1.254371917416401,0.6453100523805477,0.6732886581032352,0.8914918455090467,0.6783735682464068,0.5831205563369364,1.0847742206607918,1.098645375341234,1.2216469409519763,0.8141918593243123,0.7585776809600975,1.1914371008559763,0.5706685423101618,1.2379952799026654,0.6264984466191202,1.0511573850545906,0.8314945296047346,1.0586931696885415,0.9925064641530796,1.2869989316754513,1.321030977486936,0.9432937846291616,1.292929596082506,0.733989608163641,1.2907783021961459,0.9036868279413134,0.9090047385877674,0.9730431709578202,0.5622463756533651,1.1277478716831357,1.0734553153342512,0.9736330460982856,1.0793187407090663,0.9277401038775425,0.6162696247746948,0.7881727924002637,0.6948776209464305,0.7984938349586755,0.9214646231455158,0.5672162734259187,1.3574589602539615,1.0025567167430853,1.3661083018210947,1.2899887158548204,1.2360424263179823,0.973139761300263,0.7192921904918002,0.7020577898979138,0.6600755740232057,0.7103108016693236,0.2632841786966533,0.9668404199572462,0.7429253067201227,0.7250969141171706,0.8072680326014302,0.6607249304015373,0.9412244969053709,0.7011671818499683,0.5100562596191369,1.1103293594167094,0.8743149851499795,0.7819230614595185,1.2792781399874382,1.0579300221578634,0.827790489815061,0.9433453604020732,0.7924186384535108,1.3024516537581663,0.6317033999302478,1.3436952071912267,0.9264623309990112,1.2375634917014626,0.7183897518011595,1.440019451277899,1.1929777466865636,1.3381774553356822,0.6401188035476553,1.295324859421571,0.48262624024615763,0.848536647845106,0.7043522900566079,0.6613556573668775,0.9327294704688681,0.6495625421301185,0.6768820089728164,1.1107110584000366,1.3678335480774555,1.215956095543087,1.3754759279213105,0.545881417024553,0.9203940710171029,0.8006623157991037,0.672781415560963,0.8499454911726257,0.7770855401709289,0.5879957604590448,1.1405598707766824,1.2309469444022556,1.1055172995496674,0.9711443879642693,0.7870750711815673,1.2755855277115256,1.1083296816275332
basket,1.3280808855606272,1.032669252362825,1.0787156117301215,1.0862226847965895,1.3019704430713261,1.1420344878625424,0.9925637170622529,0.9253598468801297,0.0,1.0984639725152332,1.238756138744185,1.074667519790146,0.8329465361154804,0.6550297646321006,1.3550858899594647,1.1099014460511423,1.0983045924074044,0.8834165856240898,0.8212174516152188,0.7492613775897401,0.7063463415408578,0.6232074376149337,0.8654380869718469,0.628866046343019,0.5777832892103493,0.9555560810512715,0.5260385731317943,0.8249350711583526,0.9581899684597373,1.1238674611365942,0.6721519623243014,0.9201179750342178,0.7520750928759677,0.981373906869636,1.1050233668785638,1.1786727756267712,0.8861397182060713,0.6019881762112647,1.008756302791376,0.7976880052564957,0.8544404129640467,0.9418209305374021,0.8070468806454836,0.7176311738351182,0.6692944422530525,0.9688118498488993,1.0191671679528185,1.1613599425360506,1.0814854904193707,0.7441127214537546,0.5153059553944191,1.2550598691357642,0.8529467799540815,1.1649250565436493,1.049178222286158,1.1749118457778753,1.0722972828137594,1.3030466414581832,1.1063818158249354,1.1344790888976313,1.034575148195811,0.8014266866928192,1.005582314921113,0.5316384940264931,1.1393522293199498,1.0437851592106766,1.138656098119031,1.1585899690196184,0.9766171194238954,1.049182000352489,0.9159958447161378,0.9847377065925437,1.2606408542620264,1.1998768151322263,1.244811530516554,0.8841855914782417,0.9640561627665307,1.0246726386620242,0.9770566009529272,1.1864384013934768,0.7998986603911848,1.312956729139711,0.6237998982282023,0.7506896639921463,0.5894954118441907,0.8821525018049363,1.1111602978661117,1.2158480818649016,0.8757284945800159,1.2855270333735573,0.6892952081458523,0.985333135813193,1.137233291557906,0.9829337797381573,1.0170800374363167,0.691743324912141,0.9698078021484796,1.127174818977607,0.9757162746407487,0.9168611749501159,1.0687958299086024,1.3365092261664386,1.2282895779093017,1.1336552438078613,1.1195133284710421,1.1998760285637144,0.7325480042423542,0.7422849805557392,0.9389335837763029,0.9857212075886106,1.0346973980089724,0.7209772775417578,1.0076956286300756,0.7041316107518101,0.7047963018583583,1.0035789739618033,0.9786493329495205,0.9520788595567122,0.8095212169205708,0.5013295999800303,1.0248468657562522,0.8449746273751149,1.075495196961629,0.8694900429995045,1.1659436044365732,0.9330285291867374,1.2678037606086852,0.8029536829051243,1.31062239480667,0.8437753487067228,1.233997164654884,0.5567335660028307,1.1658991238138838,0.8299387780470059,1.155421331212883,0.8275513886236368,1.0718413901966835,0.8762200731233738,0.9811547063881747,1.0097362419658238,0.5831453703777436,1.0810018594229729,0.7561598679815076,0.997508465127145,0.8433301677466237,1.3077609288216772,1.2066377739745469,1.2283859312194647,0.7221933359085537,1.0394902134874444,1.089501463994609,0.9867675715056536,1.051102177408974,0.7023735546764907,0.9198637347333126,1.0597290451062675,1.1379345724605587,0.7517664160241406,0.5566593544686257,0.9352627030590868,0.8281431581129786,0.9900363634434991
bathtub,0.6476061202804149,1.193509149647843,1.5796739338647112,1.1519080444474779,0.4534479784002464,1.4259724014655952,1.5212758325272624,1.392655095450041,1.0984639725152332,0.0,0.650981976502677,0.29781576385012154,1.4091267113798298,0.4581094961312169,0.5086016761699125,1.1326416428893686,0.45137185406183833,0.586990089003303,0.9534756946527954,1.5380044219712619,1.0857457661088,0.5714114978050795,1.4400938854974497,1.2156919650882632,1.3092447537904854,1.214149156298338,1.3144635518021102,1.0326779148242418,1.430611889914183,0.635135919890162,0.6469901243229244,1.112107921989233,1.370563021536132,0.45135700987421146,0.8163449051792177,0.6733416887435487,0.8854572789727703,0.922459368009989,1.2311174110546834,1.3824808466387446,0.5740777832340964,1.0093393919756584,1.5755116886006297,0.37678334102246813,1.4283897786245814,1.1515599671008774,0.686516212292566,0.9167864252645845,1.1275079962240122,0.6510992595368555,0.6900808056803308,0.6285557140212431,1.3177444904137534,1.2268591491015195,1.412874107534939,0.6607900203017554,1.245609223763172,0.9045695417970936,1.3212161556805184,0.7185918663796151,1.3093058568346219,1.35412831016344,1.1190452013646386,1.3963459212668057,1.2668798201341467,1.005317845948958,0.9630228272311666,0.5229942639471787,1.4654350151944604,1.0902891960879395,0.7151779407347443,1.411461801482155,0.8906162934432553,0.919959479841606,0.8631925858395282,1.5628053732993339,0.9446351095884937,1.262186791367682,0.46666246975104775,0.5662578311746677,1.0897590217990625,0.5124067698436677,1.1768579750429786,0.627256973221402,1.2972436076724765,1.1898173419508384,1.0279423693593535,0.8917184244020545,0.8152278615914406,0.6797728284266656,1.19651494109119,0.7948523840519373,1.2560982249567387,1.181072991368335,1.514739413479118,1.0239827331827176,1.371634353675405,1.3638443069176955,1.4932662435137476,0.4256761623875036,1.0082188305275384,0.47287850913508156,0.553957769176012,0.4897342449190105,0.7865368589478399,1.0073146621954003,1.5031059152857504,1.507160954982312,1.4296014438012299,1.4437447770542153,1.2313009375688713,1.4194772735877441,1.0140214099875133,1.2871142616652467,1.0077480257078262,1.2999900723551472,1.454757647023497,1.5302345822708658,0.8400517831468561,1.3366505217810192,1.4843393373228875,0.6181048083252725,1.0115106424254043,1.4444990733254564,0.7659365579845998,0.9332083585298113,0.6212044384757937,1.1931062721102252,0.5584787373720239,1.118733310128232,0.6763892094056911,1.3541052485629774,0.33077003221007417,0.32809220832487895,0.32793881662824975,1.5510960606046222,0.5368196493845306,1.4887101108300476,1.0029881948381691,0.9101687844653603,1.3024488100995155,0.9482100860874566,1.3466455830947686,1.5448144453841144,0.9599798908151368,0.5467649063183038,0.8306410498949753,0.3201744161671858,1.4379417442075986,0.8886348475790907,1.390382090928371,1.4730927359660966,0.8633295584205908,1.0607126192830059,1.4344783539391615,0.3951410387678458,0.8550095205579267,0.9406002456037346,1.2528336519180059,1.521689514220299,0.7835696140024385,1.110852640912697
bear,0.5651672815177518,1.2595177393722894,1.2896401006448457,1.179361019398237,0.7760231207249763,1.1339654388590987,1.3003111990056087,1.232559428633914,1.238756138744185,0.650981976502677,0.0,0.6012651552041434,1.2826122187998799,0.9582698276936452,0.6599063235634383,0.8791062361261102,0.5843157511351024,0.831399440294019,1.1322156430719308,1.3551492845832374,1.3477201231257434,1.0785590126094442,1.2231993887773032,1.333735582444473,1.4287834417513232,1.157924556823391,1.3903206185202974,1.0731443255088862,1.3264257229825902,0.4698764487845267,1.0518128122156403,1.0744480086333477,1.2308087084590063,0.8267277216373551,0.7862396481330864,0.6692229047303415,1.15744941345459,1.0063057221511715,1.1000511480132615,1.1568846910023463,0.866769135445479,1.0440139197808946,1.3686904006321599,0.7503549993125171,1.393495791377499,1.0459845272449655,1.0299927142153171,0.5820091895862114,0.8539955146998106,1.0512336879051745,1.1984568971721874,0.7896706207943343,1.1034225968846156,1.0857182741785605,1.2538684403410625,0.36104405080683666,1.1003089310592387,0.8672159120283665,1.2209548615576316,0.7137068224160641,1.114658411696063,1.1834092426987517,1.1502765063380544,1.4076192725719627,0.9869744460082297,0.9387368295344894,0.8910940866707886,0.815808032097795,1.2507401883418259,0.954302803277253,0.5670956882403655,1.3116890718710925,0.8875981906091294,0.7763204853186685,1.00091680664664,1.25565820996634,1.0442735560349348,0.9733676321082934,0.8786548946345066,0.6550346880367819,1.2250877250942835,0.6728310602347547,1.3727082577708387,0.9604298752950822,1.3163212602854828,1.170863419633206,0.9824610472475255,0.9115505055617807,1.0795174340010407,0.6797437453945866,1.3188092882718347,0.8768669032913831,1.1929084788761541,1.0038181673197846,1.242086343396036,1.1890592616073916,1.2612290251562177,1.2132806603090671,1.2917169491725766,0.892083672620617,0.5036927233662883,0.5900846383182592,0.7573917882304134,0.8505372024289694,0.9246975615651023,0.829165994245026,1.3625330498102777,1.3682608124949778,1.1585242927730146,1.267167370839917,0.9578444830094499,1.2622019951196393,1.0511074988811926,1.2155718296721123,1.3696944667455004,1.0188211958809037,1.2254945228663094,1.254693575291295,1.0187165353627707,1.3797295659834448,1.2988900395704135,1.0577506593865347,0.681415605445087,1.163287125789319,0.8455245381438693,1.1598725234142824,0.5637403024166703,1.2688144992043537,0.6801543350214218,1.0880214884387982,0.8419599823524433,1.429263246413817,0.6906499218418108,1.052946601223287,0.568012106551265,1.3141204708654097,0.49232318458321755,1.2843648531804528,1.097150636597528,1.1252017955194331,1.424802118871623,1.0537199771627155,1.2509923629261206,1.3294019168591316,0.9844189256709283,0.6194310599548818,0.7954482846432341,0.6322148556481467,1.355327851467223,1.009867592359984,1.247600391822997,1.2928270678075564,1.1358020570892686,1.1033593308975842,1.1861299348375902,0.8859070882440867,0.8000307168065928,1.0960848815165058,1.3665701793675804,1.265592053764384,0.9527164382831057,0.8771704428357149
bed,0.5524147248390683,1.2104945618526153,1.573200058875893,1.2317986433824726,0.48448156635756323,1.3721326574322932,1.5448973711203042,1.4407491436427011,1.074667519790146,0.29781576385012154,0.6012651552041434,0.0,1.4043086422003532,0.3432204132092146,0.5031954393507093,1.116815244510205,0.19352060512488412,0.6557489564780395,0.8716234045256561,1.5260491543850292,1.3352792569585936,0.5583113464079825,1.4796096190706995,1.218485199482299,1.3820671824691166,1.2520706699211592,1.3049674538160683,0.9911159638932432,1.4579378791639828,0.6607784899972258,0.45191638480881946,1.1627376293313738,1.4357592027731094,0.40556221908904,0.8352128020075265,0.5550872750910741,1.0921714233062592,0.9458226641441662,1.346113585190758,1.406405949399609,0.19498692220383385,1.1323817659144852,1.5818247338764828,0.19296214280674784,1.5077764318198041,1.0943689645821333,0.918587138949419,0.7487019197081595,0.9322153989681513,0.7358244352481106,0.7017070171970988,0.5410868381329005,1.2876893942120375,1.2331902652965272,1.4935619695754796,0.7023723731304481,1.219139040910597,0.8105650191080487,1.3292157318023092,0.7024137158931816,1.3102339049431457,1.3167173803988796,1.1049029478699588,1.525742423234104,1.23301691809622,0.9107903514078644,0.904971114309302,0.6802023415309844,1.436876270844719,0.9324920686236311,0.8866260459801995,1.4286935724444112,0.802010092309373,0.9689354694292919,0.9165465341547165,1.457536065947391,1.0139624635805065,1.1885823779693296,0.6041294841375423,0.3652636505015925,1.0964209756629515,0.4160186232241616,1.3373490899642735,0.4604037110630065,1.3898137414182208,1.2454527867256855,0.996399634445996,0.9817581051306926,0.9348646321845024,0.5864483114373382,1.2219136901229135,0.693883745724484,1.2770655185517281,1.2436571582563107,1.4973611263062674,1.0288049560941108,1.4339389486498861,1.362799822063504,1.509511893321906,0.5484224268396221,0.9196818732656501,0.3535985415347045,0.49639195205188313,0.5411371203250483,0.8756021714357787,1.03501326680344,1.5499645586691484,1.5387176132795313,1.4243325081471387,1.531157334876774,1.2072831905520771,1.2887359461077685,1.0994723361188512,1.2669247276369828,1.3147354562205984,1.237236260561882,1.4185298468426348,1.486232548106753,0.7378908497588661,1.321376630610946,1.5044726554975176,0.6359989932756015,1.0332213391886491,1.348391532157065,0.8162086365845973,1.1115172247910599,0.5075467577593146,1.3099584571955432,0.48694498039131573,1.038123402448309,0.6481470325754941,1.4654376929086816,0.40235881362224846,0.7303020780390738,0.37072672889869307,1.5215295742193233,0.6855123452406084,1.5236676377959681,0.9616863272959192,1.1741215420732063,1.4920641747718675,1.0703224993543132,1.3646430506465872,1.5485297287752264,0.7025608773350617,0.44116379808255135,0.7964829784041237,0.2984693006188901,1.5415000101855367,0.9683741709965814,1.3789704036984032,1.533912565392232,1.0494505657940405,0.9599067586365286,1.362370595715743,0.58664881900243,0.7887122560651489,0.8707167497595425,1.2280210613251075,1.5108102502497016,0.7707485626308384,1.0989241374455625
