,alligator,ankle,apple,applesauce,arm,ball,balloon,banana,basket,bathtub,bear,bed,belt,bench,bib,bird,blanket,boat,book,bottle,bowl,box,bread,broom,bucket,butterfly,can,car,carrot,cat,chair,chips,clock,closet,cloud,coat,coffee,comb,cookie,corn,couch,cracker,crayon,crib,cup,deer,dish,dog,doll,door,drawer,dress,ear,egg,elephant,eye,face,finger,firetruck,fish,flower,foot,fork,frog,giraffe,glass,glasses,glove,grass,gum,hair,hamburger,hand,hat,helicopter,horse,hose,jacket,jar,jeans,knife,ladder,lamp,leg,meat,melon,milk,mitten,motorcycle,mouth,muffin,nail,napkin,necklace,nose,orange,oven,owl,pajamas,pants,paper,pastry,pen,pencil,penguin,pickle,pig,pillow,pizza,plant,plate,pony,potato,pumpkin,purse,radio,raisin,refrigerator,rock,rooster,sandwich,sauce,scarf,scissors,shirt,shoe,shorts,shovel,shower,sink,slide,slipper,snow,soap,sock,soup,spoon,sprinkler,stick,strawberry,stroller,sweater,swing,table,tape,toast,toe,tooth,toothbrush,towel,toy,tray,tree,truck,vacuum,watch,window
alligator,0.0,1.3174959269793114,1.5204756425206702,0.8993241809087902,0.5953046536427662,1.4290279990780894,1.403594773529526,1.2187919165150538,1.1569861470679161,0.5307984046798585,0.8692943501669833,0.45092979366188324,1.5204130851844424,0.6127483738225925,0.5251669355875842,0.664901484775964,0.5055254268831332,0.7948830215591494,1.0045268294255392,1.554595462365185,1.3802937876851018,0.8521082477338846,1.3586282458780714,0.8886391438205818,1.3026378836102546,1.1692856664492348,1.451438018671771,1.2513221634777931,1.3289360258449736,0.740880750635977,0.8689617486039449,1.0370205624855735,1.3442438534594743,0.644155372214275,1.3144921176477202,1.0123374889849106,1.1071231971444557,0.7443790653261785,0.8711101025133263,1.0756347912544135,0.45219657473801167,0.6753478478886659,1.5589052358207167,0.6266394815168433,1.5736402243565044,1.2207723531288786,1.0335964303648661,0.7813264695099666,1.0367219178853593,0.9893744387030425,1.1843378589315285,0.7666798160401198,1.2552251794231002,1.4666008067542062,0.7173574768700044,1.228054009209048,0.7131034189463475,1.370685596986069,0.7538705264220691,1.2448363971135459,1.1501644009488448,1.2440839337420524,1.4134672126937784,0.9452852475327235,0.9747697388495888,0.7103423370112968,1.3529577355144213,1.0903317290367391,0.777497833081331,1.2348559247250757,0.82768169311076,0.8155816099194837,0.9496312326173376,1.4446472927910206,1.2387376753569581,0.699357139699365,0.723484276729147,0.5762318927225001,1.196691599618526,0.48393763006567714,1.445194528192724,0.8447036788289416,1.510352170899438,1.1474300262330372,0.7187082088143246,1.240459272217472,1.0820374795898842,0.5898417446237898,0.8740104857780272,1.0267814235870838,1.0588335541529161,1.4744666318436677,1.190036166866137,1.4679904842632834,1.388437521231908,1.4568808198777392,0.6528314392005496,0.808251959869694,0.5276375745152091,0.5816236485489723,0.5365914247343804,0.6748249626602136,1.5430702796289095,1.5258219678429419,1.1908084080048589,1.0357576149239545,0.772793825047811,1.1762049039487958,1.0640000140903538,0.9454040465146509,1.2869125545594122,0.9738853304520654,1.3522052672504574,1.408700300169363,0.7527862877608021,1.3762087962563831,1.3507214364410904,0.7293389426617035,0.8172765696363291,1.1340298923910876,0.6360601283673342,0.9483028677807653,0.592111419784067,1.1090902495593715,0.579817180890951,0.970366227350392,0.7020975674187024,1.400904013562217,0.5810809162918136,0.8776991630332387,0.8237022392118417,1.5282080996982306,0.6725362253016302,1.4801697463136985,1.0113513324778758,0.9609391284761971,1.3604202612066185,0.859680756749263,1.2283528263547658,1.4655969284661001,0.6068524558194023,0.5123483008790396,0.8666761517800983,0.4533862795622887,1.4956329427863118,1.0164853431299905,1.426267868029576,1.431112496081597,0.9783390360132174,1.1784995005172232,1.3806323496734145,0.8349297272350555,0.9785585193321071,1.17645680739727,1.1478745242406052,1.5367078396892064,0.7392966520907645
ankle,1.3174959269793114,0.0,0.8706695224949546,1.0125464645579119,0.8742975101629751,0.8832524035302842,0.8604522342002965,0.910077398927816,1.04035735497271,1.3840770339199486,1.16312088880782,1.2434373477619678,0.8650733666677661,1.1445855652417205,1.0463422575935746,1.1512013648853758,1.2002360774148848,1.069760702011724,1.0502228261923026,0.9123713860936038,0.970152181733534,1.1855711475134436,0.8232646116403661,1.132648142349526,0.9017744433818055,0.9663398501168357,0.8899446609975739,1.0575885556720983,0.6886286903112497,1.1359658681002842,1.0185006649585358,1.0606389504093827,0.9489911860249475,1.2823022265867563,0.9737371278255709,0.9178883261538602,0.9593966802354905,1.1401351707837144,0.9652850746162366,0.9053499188964164,1.231845307801766,0.8975719853367318,0.8986696806626208,1.3151098397639267,0.9144344622954055,0.9706008754441057,1.026826438594811,1.0089801932204023,0.6549952062514475,1.1331263740974689,1.0444142162277485,0.890079057800912,0.7640031012827109,0.7638669479801641,1.0916768263715246,0.9042793470022055,1.1319816693908582,0.4562294659562244,1.2951108345286868,0.9288275484690204,0.9816476840658035,0.4289013009656869,0.8224828850035695,1.0261317822509461,1.1375299047139065,1.34207040115359,0.8130696050087761,0.44666448225852085,1.0893891946859129,0.8316931148822151,0.9681141311664311,1.1241810557886716,0.6239584540925691,0.7120029320493284,0.97545204713461,1.1173413846347489,1.189343878680872,1.1078498178722582,1.0117964444184089,1.0081626746733827,0.8917840145560466,1.1927408165279438,0.9650705610515619,0.5463781781115711,1.146863995332694,0.9074649953049339,1.0117856552926692,0.7785959234362265,1.1746422388143702,0.9260239969639203,0.9120797978200172,0.8830013035544634,0.8007612087255809,0.6353153104301481,0.7141745530264996,0.7980932044237941,1.3307496556521343,1.1415022563479131,1.0263198984750168,0.9812682342776388,1.2617984725562248,1.1659003220898994,0.8901553100862752,0.8924380499492535,0.7499609720781034,1.010680672488965,0.9853111618641035,0.8510154183973526,0.9569683529585269,1.0489925810416587,1.0209030531308934,1.007343700870375,0.9237735430364833,0.6051194587078152,0.9095062773491982,0.9456363819996353,0.8624246468350952,1.315336506742988,1.121793825699391,0.9885794927093972,1.1494253213865437,1.0983223822033297,1.080828771174944,1.045034337801589,1.083494293649587,0.6179003509083575,0.8973798981050545,0.8683208656798087,1.3909497231494365,1.2903871288173199,0.9420693512525514,0.6804265678854259,1.2618128998913247,0.9459179506598907,0.4878743779782726,1.119632082127415,0.8416546137453476,1.1846098145612074,0.9851205508450566,0.7762711267149801,1.0797199127094281,1.0414222254376453,0.9845225475920616,1.3660142620421554,0.8708351866728274,1.095872822607148,0.40586925548535757,0.8131549161813229,0.9908992373244162,0.7924115146480029,0.8951970492972164,1.2376347610112202,1.0833294778963145,0.9960993848378578,0.9812242712463617,0.6528404117648579,1.297707748697779
apple,1.5204756425206702,0.8706695224949546,0.0,1.101622155219974,1.382909921582491,0.18829852089000831,0.3447742951709629,0.420019163454167,1.1330120159761914,1.5270881554703097,1.057148082995743,1.4872822435572302,0.5230200050959672,1.5201978559496419,1.5399403340892062,1.0469344344669915,1.4662459416933773,1.3444261030685687,1.1324891229596787,0.40634563588487893,0.7134359715277204,1.3649677431756575,0.5523719091853109,1.2507100384875052,0.8917899702819625,0.7777721956424959,0.7972086337533503,0.9744533552008088,0.5060192990391126,1.2462827843297712,1.38000925652094,0.8907959182336129,0.587123383949335,1.4254077239461544,0.7790998411765275,1.1026802202650943,1.1103189679900436,1.3660431569292224,1.0313899632900285,0.8399796145789553,1.4905300311961929,1.2881166237601314,0.32177146305361837,1.5307406556301828,0.4187277789588688,0.7114886343390895,1.0909202885627418,1.1737744905822334,1.065452129436473,1.2411088321559043,1.0584962225274817,1.3649931353724207,0.7012078932143356,0.23480446716198422,1.3132428231858582,0.6352068193813658,1.1397800232111002,0.6868018920324248,1.1773883589860317,0.5098080576457872,0.9183317537559597,0.8021819330034652,0.8253495860313932,0.7290528174879886,1.0464838435707087,1.4021252652106466,0.5967317725963288,1.0158694945781128,1.2321306584624963,0.8343233872532729,1.1261443182360442,1.1769610229598793,1.2231980786187853,0.4806791621164901,0.6696939922562237,1.4105679463361,1.476307132348139,1.4312722601564847,0.9548824784660211,1.432748037453794,0.7061477066936671,1.4301707906167842,0.5564280271916666,1.0343867551896646,1.3452595110776093,0.3874701017166895,1.1579735285251962,1.403773150050833,1.1589311603816905,0.8635308518924982,1.0015115376447632,0.253932229669676,0.9651938275406305,0.6765929324491949,0.4659908201430427,0.2050773325066495,1.5140077169414838,1.0659264377564808,1.512565206243841,1.3929384441153347,1.4859151254737282,1.3492925952338564,0.41868175276526376,0.40685121265757307,0.8776922187544398,0.6157985311510275,1.209657123985107,0.9764216252861367,1.0546677822010304,1.0811309366592563,0.8042077665693479,1.0699742654748674,0.4539644496393034,0.4181712106070615,1.3464285838911585,0.7256669533017756,0.4738816326641214,1.4748629872864842,1.2440865711447644,0.6935117777505959,1.2487815377651263,1.1146512700623463,1.358631573423601,0.9425867737804132,1.404161918736846,1.109653737401928,1.3325794198712508,0.6707793227440048,1.4911551188048926,1.2864294704551067,1.230858374792542,0.39793700509023155,1.265925079673901,0.3016505075668916,1.1711136357897503,1.1028208128167944,0.7433498039806091,1.0163630387198754,0.6974332027759443,0.2613111523193361,1.4320442468255212,1.4109795489930304,1.2132579941754973,1.5416589123948121,0.4355116452895931,1.1971266367656475,0.5222449128291442,0.4651693001111994,1.194049612894987,0.9615279373763548,0.47881419218579124,1.3522510749431338,1.1582606757303258,1.0064021514151658,1.1685043078784907,0.4075155628219167,1.4030630337017205
applesauce,0.8993241809087902,1.0125464645579119,1.101622155219974,0.0,0.9638717034412501,1.0374522540239004,0.9904105337477143,0.9633987047552308,1.0508560078480755,0.8786269158576019,1.0154263351862025,0.9932459255244388,1.2509846981020434,0.9616787295776271,0.8826551600482098,1.0396053400775538,1.0215320313119107,0.9057157462723194,0.8707572563239016,1.1889232628658926,0.8306765884122504,0.8589277407983423,0.923394931564985,1.0007437744142689,0.9771545247113637,1.1908726128735783,1.2462368937290307,1.1975182497530592,1.0863400666151009,1.1541727023487964,1.0776999615558445,0.7673183656392263,1.0609423631646746,1.1160612416429134,1.0918658104174117,1.1537709561568739,1.0018783355209928,0.9211713275106592,0.7402810612262821,0.9180769578448235,1.0083859313883483,0.7049364744237134,1.160383236119424,0.9573021163837304,1.123904711042536,1.1266098340057022,0.7390107504600203,1.0702395461679288,1.0209731499766646,1.1405266557881193,1.140443204073137,1.1028670061399692,1.1122197997435157,0.9791356888140159,1.0274984434591097,1.1615907168608108,0.992472093577074,1.0212182738791695,1.074042409341664,1.0926770451574432,0.9883210972703551,1.156335546813276,1.020867564829735,0.9754561027210884,1.0375457649700757,0.9251114125149162,1.1725953854000972,1.0663180357770385,0.8715962727930666,0.7340192121931869,1.068907636052693,0.6207833569259158,0.8207856066973631,1.238988179539904,1.0844086027106754,1.0491360830122567,0.8756740635216476,1.0606547376016784,1.0022503564481169,1.0052898528478305,1.097938434453314,1.0524084024754468,1.1987826873378356,0.9507889738302647,0.8573559176547012,0.8823333225908946,0.8227569184664043,0.8348663777550591,1.0870414008378102,1.0742741365755601,0.7730859252893261,1.1980161513743164,1.1111096801614693,1.128973320169538,1.2486874705296658,1.0625301849809565,1.044899952938642,1.0648570919688676,0.9702495308872298,1.1251899982546412,0.7874181275591992,0.8361525394339271,1.1822242702607266,1.1231757030595195,1.035969143681995,0.8598768630138338,1.0016631498435176,1.2178733639085975,0.6170746865017547,1.0058646587313615,0.764925513909843,1.070401777926807,1.210327579116895,1.0769177163946437,1.0329659225406946,1.223904938714154,1.1328687985827153,1.0567240754991332,0.9327987904886166,1.164703985010407,0.7081522929298685,0.6109750212018206,0.9177285255830836,0.9714840122849435,1.0613455322575034,1.0222993826910665,1.0929491005277137,1.0286518119437047,0.9976448867167864,0.8234468589151547,0.8167073814363285,1.2613543341243472,1.037911453299724,1.1616516680828037,1.0758499840122493,0.5798687246145027,1.028333609403761,0.933819002684358,1.1639768707629354,1.154774898325711,1.0424808758207673,1.037674091922938,0.8344847619712602,0.8263018850129071,0.9617350051764452,0.9378796231874937,1.1503550358001913,1.1434511439080581,0.7368019956986521,1.1478499599722285,0.9669368573183094,0.6057736870162767,0.9654839490939285,1.2245277812802624,1.144921441739072,1.2025376207582559,1.0121951582779236
arm,0.5953046536427662,0.8742975101629751,1.382909921582491,0.9638717034412501,0.0,1.3609260996966552,1.340185913982463,1.3682373751997705,1.25885914725849,0.6707568177158804,0.9758868411185586,0.5437534407183227,1.3249559419489947,0.5952730589168489,0.4065611046817812,0.9695866670527505,0.6186159005051737,0.8301073479502203,1.1383573110931973,1.467287574455298,1.3956347591570286,1.0165579453312203,1.3282229119807898,1.0186479035060145,1.3669273448036985,1.3329134368654096,1.3833888524293227,1.257768060102516,1.045217644753638,0.9089292993022653,0.8797564444553363,1.2155229477791722,1.503948744770125,0.7501655751567426,1.2467025855323113,0.9663864564662406,1.1733441001719938,0.8236022609536483,1.0372902252243323,1.207711432797279,0.5818558553916788,0.6986254703326987,1.4011688070247537,0.8024292878394329,1.477033625013897,1.1751548176674727,1.1751903617577475,1.084866426363189,1.053816704655154,0.9477209793837992,1.170321505560941,0.5374602323805902,1.0383227299260733,1.3303442805620254,0.8096560297168873,1.1760087152720744,0.7719231940459185,0.8450831976877952,0.8902794986439082,1.3229786035344053,1.2475838421501555,0.8575673812218122,1.305390466372569,1.325127175308499,1.0145964757289645,0.8001577655741395,1.1820355418887067,0.8861738535328899,0.8170244362623988,1.2068702323742986,0.7525922348811981,0.9892957311527856,0.42653755825883144,1.361490490636546,1.2711780997353592,0.7879116857336145,0.8434255449234433,0.6328237161973892,1.2558940244272194,0.4211939658383369,1.3283910127329497,0.9179253539116191,1.4491983659981975,0.6223378717758989,0.7949795333783856,1.2490340024526436,1.0918982298085511,0.6250877634306451,1.12845335111319,0.9252026209243388,1.1189735056283665,1.2433256920980715,1.2418819761090507,1.0920855170056094,1.2831337175163937,1.2854994905903934,0.7440983450212729,1.1659117170218483,0.39387565730364726,0.5489131860051297,0.652252584277873,0.854726267692733,1.3575230444281645,1.3253787245327482,1.2309776676594621,1.0363995759317293,0.6756278371161843,1.0981260135954352,1.0505876698270418,1.07265321232198,1.33907891308793,1.1188250266921,1.2231840985367073,1.2454568851298582,0.9687337364452911,1.4359148571177918,1.3267836590679363,0.7304073758065963,0.7365619707479842,1.368081969099658,0.8251856822740693,1.0184510264357833,0.6105518029820503,1.2196740534811412,0.3543163640026459,1.1293810946472234,0.4861081836189374,1.4221899540307597,0.6550995306169218,0.9248389251611313,0.9058691573941802,1.4709592095846884,0.8001751876905472,1.4618488835525179,0.7693019550114896,1.0391946522098514,1.331037462413437,1.0193378239317155,1.1003993800175849,1.4125546163684604,0.9086957378880864,0.42937594185775807,0.7710215666261182,0.5649235568182359,1.5234714986960782,0.9135635891311138,0.9960371576620658,1.238560498267955,0.788305333967406,1.2836641692404116,1.4976451541505715,0.9270662532564179,0.9321114502786867,1.1862579378360296,1.195604980593807,1.21723739651945,0.7938324301861608
ball,1.4290279990780894,0.8832524035302842,0.18829852089000831,1.0374522540239004,1.3609260996966552,0.0,0.10935274843188414,0.6682806170612866,0.9927284099824409,1.3674965929794878,0.9914926371113548,1.3282918538957205,0.7213856255118825,1.3462822266150791,1.4477702825309766,1.0956460763247942,1.3203365243844503,1.159514208277862,1.0119770336625156,0.5245082032706615,0.7032562077321975,1.1602703658992126,0.7347175154493151,1.101131301365972,0.7649034324461814,0.8473301168982801,0.8539204178599638,0.9483227596348193,0.7816780443440638,1.1739566331201001,1.2478345261668642,0.9907889679875196,0.5112557956067801,1.3514957522135842,0.8642381736189493,1.0594237933571033,0.9620489746831346,1.247785934845001,0.975137774158041,0.8858760198621061,1.3525018274204321,1.3050456459065027,0.5250293638648214,1.3189337618290653,0.515656764773511,0.8861632537582556,1.029887650682513,1.0645497303310658,0.974730416592029,1.2162411145699148,1.024628159898309,1.3393039189595584,0.9195876599138563,0.29428450578790444,1.241816878165497,0.7541317030745933,1.1133264374373864,0.8978849263615536,1.1316381653773138,0.643858141747379,0.8637902186295848,0.9978292539511321,0.9370899551305453,0.7707063872132299,1.0205926381092363,1.2648121948892874,0.8378152413277705,1.0458960283854566,1.090016703722182,0.7753604497788358,1.1613085710289213,1.1077020367392085,1.2773194015559952,0.5827910425518708,0.8638119773064249,1.3190804003572527,1.3091127819221295,1.3151807658327368,0.9714467612597774,1.352910509349103,0.8418247268706291,1.291448746774494,0.605144937748499,1.0941826451869154,1.30169799962938,0.398500914429025,0.9642060143234399,1.277078266519018,1.0672750139331042,0.9873880757007253,0.9579999622776076,0.5205284330526876,0.9818744485809628,0.8873598267910645,0.6134860261533744,0.2531385778316355,1.4480196249017547,0.98069918216759,1.4028496067184943,1.3614310523138824,1.3289381351775793,1.2177771978370626,0.6354337175222202,0.6350344143986961,0.8114565262735878,0.8565238116647143,1.2016619187898328,1.0097407822435618,1.0717507956358825,1.0112474807060414,0.8259153689731151,1.0049512082149183,0.6985968239299818,0.47839951767806477,1.152361662414965,0.6965832913100944,0.5170850853236364,1.426588441795746,1.1452628018329631,0.8656262320585726,1.2319127626757236,1.044529759447412,1.2317199078515217,0.8831191754142865,1.3348317673344594,0.9913704835699303,1.327493031631662,0.8022571452256314,1.37111845757557,1.2587819371979478,1.1071276379775115,0.5747242378827165,1.1638476898820143,0.5222069347560758,1.1729058151993002,1.0898756519972816,0.8087379146421768,0.883354695362247,0.7905229513677575,0.3761097442225463,1.3292945828600793,1.3070306451054048,1.0473679024611438,1.3550474112694646,0.41607306108947295,1.219570910397116,0.763229537815162,0.7827805816764053,1.1161753349075723,0.9422086002139511,0.38627414424333284,1.2233803295857175,1.0521279590723278,1.0035394929485582,1.0772427823211748,0.6268485855000876,1.3016001684984915
balloon,1.403594773529526,0.8604522342002965,0.3447742951709629,0.9904105337477143,1.340185913982463,0.10935274843188414,0.0,0.7614407956761186,0.9747821461453278,1.27497608697879,1.0274165451179837,1.3127667137026113,0.7926963706759195,1.2818663752688733,1.3831809141817983,1.133650777458904,1.2891844355093578,1.03526431319563,0.9971588720540727,0.6512171726850269,0.6984005282613055,1.0786263552676778,0.8430593540409685,1.0613987674389294,0.6401100098377739,0.8723889591803519,0.8357180828861144,0.9441698543166356,0.8076874793720756,1.1986069153064016,1.145391941165548,0.9738263083612648,0.5957750751399316,1.3369538643099246,0.8221313903947494,1.0023538679386466,0.8968495700483271,1.1426711739711504,0.9667822254236252,0.9098658610783581,1.332163567315818,1.3350761969261051,0.6241780435074971,1.2384951109544693,0.5913130301420625,0.9875911829687745,0.9815068040824431,1.1109105184479378,0.9883289328696008,1.1731916110190728,0.978597822374259,1.2891464756868725,0.9302160937516248,0.37214887762473414,1.2032201913291036,0.8726563741380933,1.1624141964871229,0.8900953721652866,1.129386938234339,0.6651839871026116,0.8892044181283684,0.9973355612577468,0.9334202086102965,0.7696215876122152,1.0320951959553348,1.1588361540287115,0.9216359479156588,0.9612680766955546,1.086734097431117,0.6816638261165111,1.1831190175182345,1.1265521290525982,1.2095903769627683,0.6298782141926924,0.9388314263885756,1.2924891553394904,1.2278392744184887,1.2884015307112138,0.9701491086849487,1.3336684039126223,0.8703069012217028,1.2311632581598686,0.6459840498954208,1.003592149089291,1.2799653532151034,0.432609932887837,0.9128053307199251,1.1356767910386356,1.0759760828646296,1.0258160381626518,0.9846318069375471,0.6728407740441735,0.8623705077099633,0.8759422739770644,0.7109461168178814,0.2993863152728238,1.3970193302755731,1.0324958001895026,1.368689307084671,1.3329665421220274,1.2577243080685645,1.1590261760871179,0.7394794971141908,0.7468677706293086,0.7547068558231439,0.9060577290175171,1.2005410874933797,0.9651296976858443,1.1224836923955632,1.0157776262216593,0.8455515754870997,1.0309273593433153,0.8504543331485377,0.5457596451259328,1.082655417274381,0.7542454374675613,0.6378481629336016,1.3451733403934856,1.137611175756211,0.9255260363855187,1.257394743755992,0.9662266493341177,1.2149203803985011,0.8673512813903754,1.318222314389366,0.9793460097766507,1.295513887709045,0.838861215310982,1.331897030955622,1.1370988325986056,0.9487159436436279,0.6884258507659872,1.1271433010425085,0.6670840625572014,1.0698316794891285,1.052701476967599,0.7962678860080297,0.8290823363496971,0.8869139291860821,0.4821857737303942,1.3136922736556347,1.2983538087123958,0.9999999720258699,1.3059262093061184,0.4917691494819775,1.1567988159059888,0.8219226148394776,0.8723352643193905,0.988319148278122,0.8567242201963419,0.41444967796124876,1.1481669851673244,1.0404881729061561,1.0134905239249126,1.0205682090035035,0.7465287362861702,1.246389104218954
banana,1.2187919165150538,0.910077398927816,0.420019163454167,0.9633987047552308,1.3682373751997705,0.6682806170612866,0.7614407956761186,0.0,1.0107726888995903,1.4015522188464131,1.0249899017275046,1.42292825012308,0.7423169615528211,1.4108770072445131,1.4213907632393705,0.9667234762127672,1.364706247088947,1.2369643514028958,1.0227460680478904,0.5642278284296396,0.6965905038595188,1.1711217253487418,0.47523145654582155,1.1081604541715706,0.8362640788855662,0.7463186031109905,0.840222406960522,0.9243520752843173,0.6717514477686912,1.2320490237438357,1.2378210110822296,0.6015955100049485,0.756666119055629,1.346316825026125,0.8982465019168697,1.109843571153605,1.1409606280802402,1.1621315127549157,0.9029427164985373,0.6488990353910045,1.4246035253190923,0.9717611460361127,0.5401452665283616,1.3683455165391727,0.5696936281677227,0.8680263382748097,0.8724536005641734,1.0732702519568464,0.9740435289694919,1.2047176441857648,1.0630604371171335,1.2999881477736226,0.9276103763355802,0.5350698420847952,1.236194704348093,0.9496922698288557,1.2061865956337716,0.923448273201591,1.135029671744163,0.6020308983866413,0.8373689941255786,0.8789059420923924,0.6903265716330684,0.5668377009851228,0.9885967226031724,1.2700745853135138,0.8273283577593438,0.8759290855670321,1.2509715860438668,0.9030271094829693,1.2291587692847028,0.959558984410217,1.2487692126816794,0.7484878076548094,0.5392039890737123,1.2970825679117484,1.2581584635846934,1.3425419244685837,0.8426434527646698,1.392163488695359,0.628998667246075,1.3011375442755175,0.7502040388335608,0.9796089701216885,1.1450314812763598,0.5336494829760192,1.0542409410114302,1.2134185540618168,1.0128456984563925,1.0337912193468237,0.9008005057092929,0.7185031879287896,0.7386888783532765,0.894720604790483,0.8045213301635422,0.5306803762051464,1.3156438965007329,0.9771441758152413,1.4410569605736914,1.3282919248876166,1.3411165711029387,1.1823454017581643,0.608209842970941,0.5950027892886891,0.7537273070457149,0.5427855135515306,1.2689226561323694,0.9339345004446903,0.8391439581422886,0.9991930323393039,0.6920568227033476,1.0278794849224595,0.8043044658164654,0.5576360814021191,1.175163685478491,0.7702120234643655,0.7919894834102166,1.3153109363222217,1.255592962182867,0.7140036152044275,1.0249454407534373,0.9799866960461666,1.28400028806439,0.8080090716315205,1.4111485384246452,0.9759787481451648,1.336597551865029,0.5674146873975145,1.4390802614832174,1.118792079930488,0.8520992733545893,0.568135251020923,1.232073197893543,0.3818900595122796,1.0408409044297866,0.903496782193882,0.6464835649471504,1.0401457620608812,0.7108275626929501,0.5338727643799039,1.2172240058295511,1.4023822786745834,1.1522940013713971,1.4443583703399283,0.5740459699742424,0.9724038358096865,0.8366676646323816,0.6784613311321761,1.0896373707723337,0.7521656268617777,0.5545608199554548,1.0960341538178244,1.105951478761874,1.0115674332278222,0.9897090834414101,0.7030293261726811,1.3503831559441606
basket,1.1569861470679161,1.04035735497271,1.1330120159761914,1.0508560078480755,1.25885914725849,0.9927284099824409,0.9747821461453278,1.0107726888995903,0.0,0.8854791330812831,1.0037961248883305,1.0021183554000674,0.9204400827743675,0.7437282814861172,1.1351984171127183,1.218080088552312,1.0048111915039128,0.8490423424173,0.6951060235123524,0.7829247526424575,0.6795276847075413,0.4917009714437388,0.9401813623593118,0.8148537678271216,0.5209682159157271,1.0119879073132303,0.5610383084317556,0.6735084189145397,1.2620455397606825,1.0735681208226573,0.5486581183817193,1.093256528649508,0.8312926293343186,0.8800540145789224,0.9548685265808335,0.9462375013094094,0.677526777807242,0.638249396364772,1.0894774629556851,0.8919624117949466,0.9548652845594612,1.0842049369025986,0.930010551064161,0.4247674855015847,0.7146230829371577,1.1744935109725034,0.8253975257310081,1.0132552425752128,0.9171175971237189,0.8563713197548015,0.5065311828553999,1.1121405653937666,1.3145577667246091,1.146174473047548,0.935205322914365,1.1606116392519912,1.2386096400881752,1.2550055619956655,1.046001068948364,1.073125089363795,0.8132093682243192,1.1545026028930412,0.7323796035507975,1.0869550355744628,0.9670709888933181,0.8814013513519504,1.179763189017251,1.0061620653069543,0.9715517157837066,0.9202390367338971,1.2904080596954548,0.9731058158444019,1.2649177009584867,0.9919171192746135,1.0000321413536877,1.0576593161821448,0.782920245374909,1.052737760827548,0.7136760831313733,1.2663713541599044,0.7933497303983714,0.5365400442979165,0.7650044005381436,1.104696441593646,0.9851576987418096,1.128611986874982,0.7117823865419264,1.089626576030699,0.9282179974129331,1.2463866978195546,0.8830227649996023,1.1676238512952999,0.6648794165575437,1.1076856916007671,1.1149283092991862,1.020520942608945,0.8450476728018161,0.9178007900191953,1.1524908381314867,1.2461986360174302,1.0269054508416793,0.9518670902113955,0.9328862416786546,0.9659431678054374,0.8899589562847634,1.2904427346336702,1.0800316594312014,0.772978338934496,0.934370328208079,0.8606973684361536,0.767275043603618,1.0424173525634954,1.200060466023042,0.9411960068614933,0.6234359594638643,0.6466613199285769,1.0607098705914844,0.8987064957648289,0.9354788757106066,1.161127665979385,1.0500057616014593,1.0054129346837801,1.0741355995107196,0.7066076363883257,1.249369493494553,0.7841875010260821,1.2583392082640863,0.7816849382093513,0.9325972206981312,0.8543841150301592,0.871660343022407,0.8931906857382692,1.0744098711234564,0.9251620311208326,0.9541503910274565,1.0472854868738584,0.8941505667840688,1.0573910169394178,0.9001923101651204,0.9512403332511479,0.9261656501489458,1.2310937794027916,1.002012012559176,1.0038053879075108,0.7498242879189181,0.9110439946808917,1.2563066844746789,1.1987550394483257,1.01882239206605,0.6137550528493527,0.7457367348426409,0.7142189852717561,0.8636805553183156,0.8249831443639063,0.5765653282676703,1.049104927714718,0.8913191389324518
bathtub,0.5307984046798585,1.3840770339199486,1.5270881554703097,0.8786269158576019,0.6707568177158804,1.3674965929794878,1.27497608697879,1.4015522188464131,0.8854791330812831,0.0,0.8438246886874043,0.368253800129994,1.4092319535935807,0.3519472525097932,0.6304782327880516,0.9678415241152949,0.47106463616172234,0.5077398158434066,0.987418752768539,1.4546080063522902,1.0299883118502253,0.6349412180037253,1.4729969842222292,0.8367838563641649,0.9916541613159054,1.4032717586816996,1.200562839314169,0.9813776480167686,1.5212961402568874,0.7501089375579201,0.6040093834077706,1.1550905681125532,1.2848579700506635,0.4537558064022412,1.1663075312238207,0.9681875698921139,0.9055489545515342,0.6880258769639157,1.0750620868091334,1.2860392712846047,0.41032372233411807,0.9904276239573977,1.4958974801577694,0.29661984140788955,1.3786571745721683,1.344890652986886,0.8201290548166656,1.0184375391785674,1.2522416899662137,0.6344785208165389,0.9129774334407048,0.8150000437725613,1.3815048545839856,1.460862425759354,0.5343165720202883,1.2643876556379148,0.8376578232151273,1.4153250058610307,0.7167439170210641,1.351791129189649,1.2007931591326992,1.4474156025697495,1.3236949544749845,1.269453287062806,0.9850533931697482,0.4821765329392662,1.4250691940871767,1.3415879863650937,0.5590758778481802,1.2288714311742068,0.9714619960495163,1.012089511914489,0.9942084686434762,1.4930426193332014,1.3739568417762513,0.7976376490609018,0.4460868684624193,0.5844907427989522,1.1947099429107295,0.6010363196382096,1.334865754162439,0.6089163505967142,1.2546490556547105,1.1690153280636606,0.8223363193418206,1.2280267711062522,0.8870805139585751,0.8896819109130434,0.951449767791617,1.1658011318036965,1.1415050343880528,1.4409483224844601,1.1510806692340414,1.442933811183095,1.4940654334952097,1.4274789346089474,0.3649689634076978,1.0106159179162986,0.5878610100181154,0.7393319271430814,0.5521078732691893,0.7509881663967352,1.4605679234875026,1.4638436076822292,1.2243714361090738,1.2156344678053346,0.7618907457610968,1.085762764929933,1.1119221470085119,0.9724936868809471,1.0371813385651234,1.168242114605239,1.3827043667431187,1.5374043369380523,0.8770818137934733,1.2525787980712795,1.4512715652224988,0.3543434055828718,0.5303127037043072,1.4298763672408523,0.8532296494616491,0.7819623065245098,0.7137719203665032,1.0285571237225937,0.6252723754098638,1.1391325186242647,0.7947930661114988,1.3695120988643406,0.20585349990108714,0.29571337716773893,0.6295250918679612,1.5591103683648562,0.5036341637051682,1.4516934728368565,1.12094890054974,0.8663147636976205,1.2646655391113728,0.7091541726152674,1.2325413879162646,1.487323268505927,0.8019167126512938,0.5937646175418979,0.6893884123090315,0.2586167853886685,1.3058918112345195,0.84159016918305,1.5366900971693283,1.5319415456278729,0.8047020544639619,1.1953503884950998,1.319654645720874,0.539784389633504,0.8385251573782853,1.007257966126443,0.9434891589785865,1.5436572012440215,0.47296794879517123
bear,0.8692943501669833,1.16312088880782,1.057148082995743,1.0154263351862025,0.9758868411185586,0.9914926371113548,1.0274165451179837,1.0249899017275046,1.0037961248883305,0.8438246886874043,0.0,0.8514460899554674,1.0748975883311205,0.9033337622312992,0.9211994915979194,0.8517426238191883,0.8308115357099917,0.8737044645664178,1.050644336436349,1.1152168212188378,1.1296683170987172,1.0144343266990699,1.0582775594049054,1.0062888562513495,1.2044913472760628,1.0353101615385891,1.2242315590484885,1.0141401484961017,1.1252742028864133,0.7541063696084547,1.0748747197740518,1.0465256336840372,0.8920253988452415,0.8897386826248513,0.9829116297829699,0.9695685656315015,1.0863231587648268,0.9478222938464936,0.9409421584031217,0.9826190858268287,0.8913798574151537,1.010241874737158,1.091840596653168,0.8358789542494207,1.1365776126886948,1.0838488461302624,1.0282435021920133,0.8292170625853803,0.8066239399292388,0.9518637317908233,1.0838075605222104,0.9978466081381505,1.1502301467277734,1.0890798448428853,0.675676372030748,1.016241942113308,0.7673352023745044,1.1742511252137735,0.8790739383951267,1.0512148532272723,1.0686352502289687,1.2402889929588008,1.1458497704812192,0.9011542964697626,0.7252399459721822,0.9352176155627397,0.9969383439018269,1.1619850141379797,0.7468901789122248,1.156449559183554,1.0058916427377218,0.9453908637149018,1.0970974546908738,1.0740503917168718,1.091372454412256,0.7498574422043911,0.9115357784542611,0.8517176186833842,1.1861602152743282,0.9303945446007913,1.1456489484758412,1.0638015692911171,1.1147121632847468,1.1418232808421744,0.9821436420704294,1.0892972736426447,1.0758971849503012,0.9915782183046258,0.8143070645459867,1.014535961247244,0.9686985772236728,1.0661526035351594,1.169000274277705,1.1361798005384982,1.0845175608381217,0.9932894299548535,1.02883046257152,0.6633684144465364,0.8894943145141978,0.9771031352529123,0.963244993849791,0.7933858862911306,1.0999600160557723,1.0630658211824138,1.131543968674253,1.093282505074775,0.9138871487563708,1.1179461286728536,1.0672723273046771,1.0499064507654423,1.1119608061398634,0.8991674286911511,1.0933244910931477,1.0902016439884221,1.0781376743681397,1.0135170368719142,1.0400667008623499,0.9698947280170968,0.5350474021221469,0.9500150881785819,1.0140193985895545,1.0195455759743521,0.8702337516232523,0.9316492137152804,0.9174930119992788,1.0603825761202283,1.012732649530007,1.1101467431680019,0.8203728444314139,1.059446349435046,0.9146202320375049,1.1511774531759227,0.6917294524262232,1.1110573710805154,1.1693312674132907,0.9694791194521566,1.1402402122602804,0.859933891510338,1.0359779391675852,1.1084490722632616,1.0001839815424027,0.8642474609013007,0.8339808940319626,0.8736164353080165,1.0873635491711,0.787934695021981,1.1711455893619704,1.09290291358876,0.9993073509768379,1.1342103879993441,0.9571069752388026,1.0239505329754777,0.8628598702474836,1.0214484278962783,1.1156429051720875,1.112832080497762,0.8477770735077832
bed,0.45092979366188324,1.2434373477619678,1.4872822435572302,0.9932459255244388,0.5437534407183227,1.3282918538957205,1.3127667137026113,1.42292825012308,1.0021183554000674,0.368253800129994,0.8514460899554674,0.0,1.3522071145394687,0.2646920408833837,0.4187918504750441,0.9212572533159035,0.10919682302283695,0.6724875981975817,0.9509178637605887,1.489438871841425,1.3303865016999898,0.7142128219494649,1.4738217788747243,0.9539937676315003,1.2383092185401305,1.3652696938857662,1.3137116278277463,1.0389138594642202,1.5206013001622467,0.727946602916168,0.5363138731058621,1.2100386960782095,1.3784028333010419,0.5525440780982461,1.228250090194745,0.873230248462615,1.0306362774373865,0.8408595776146462,1.0994783753392539,1.2487959500809287,0.11755738512070746,0.8585546661501644,1.5149325968225116,0.39713366655773796,1.50813155144666,1.3180838837185906,1.0782182801480515,0.8837862699994818,0.9658370692693351,0.8111626998137054,1.0936289000153918,0.6355284976912655,1.342534368845493,1.437557913181427,0.5564385575016221,1.2061789003513164,0.7142301294236487,1.3502592371855187,0.7451965855115692,1.390210046823117,1.219019001425707,1.2960193462951157,1.5021237308193256,1.2841796495443778,0.9375841691587004,0.6873870112785779,1.3152069326085614,1.0703236541532917,0.6073948516792105,1.2807030038477882,0.8367480978816857,0.971007275084544,0.941489350684506,1.3443137365684628,1.4234539371940444,0.7883240814641002,0.6347518036208197,0.28448594655833115,1.2523140635891068,0.36050897287925254,1.496900579349849,0.7276790246282672,1.427612042217124,1.1269820936654895,0.8615915863791412,1.2880228977405934,1.0167152431176494,0.7178064266835852,0.9156368724617264,1.0598464955029276,1.1994608547837202,1.3754140509904087,1.0899588749097386,1.409582892206719,1.4382288743591554,1.3670845626278143,0.5653038459017523,0.9860285441158441,0.3112914536712097,0.5112835529558857,0.543717435401278,0.7037706194118001,1.5025271631907557,1.4875158205277714,1.2958708283465152,1.2178815976245059,0.565029276066533,0.797932446047513,1.1556548545618923,1.0153212232008089,1.2767288189497126,1.1378149261817616,1.293696242062322,1.491836164904978,0.7316831729272654,1.2971747870864632,1.4334587564530163,0.6184105409167695,0.635260330733708,1.453687818205864,0.8440024909501012,1.04497640122362,0.5182482938764855,1.2014435485526944,0.44957617470418687,1.0546017045342295,0.5750903883467443,1.5269101783026287,0.40462905362876156,0.7722303290753367,0.7538912406317613,1.5171110765690123,0.4907628080223604,1.5103761987328908,0.9445845476231045,1.0821331234564175,1.4805854939939096,0.8538896362455379,1.207456110097341,1.480910816975126,0.5273188902236701,0.3668721040193461,0.7254236116260515,0.22911036689880038,1.454864535303377,0.9982834762202918,1.4057073651351257,1.4834191466818232,0.9874371519117995,1.0568767430766193,1.3639225768085945,0.7902812704585986,0.9007974693079168,1.0569633500633502,1.081040110530552,1.4843574435753026,0.5947019111907847
belt,1.5204130851844424,0.8650733666677661,0.5230200050959672,1.2509846981020434,1.3249559419489947,0.7213856255118825,0.7926963706759195,0.7423169615528211,0.9204400827743675,1.4092319535935807,1.0748975883311205,1.3522071145394687,0.0,1.2379464993579694,1.4947469644792997,1.1702740790847879,1.2378141450972668,1.1406590186621712,1.0585462534959753,0.4245745059137853,0.79754850403544,1.2496047175582565,0.7747634827432339,1.062123582199472,0.8401403078616181,0.6293689281126361,0.4200541703515108,0.7443706815460509,0.7381983114193393,1.0380452056094773,0.9706280625012482,1.1489454851028755,0.7514801875103646,1.2657558491519387,0.6004189003292523,0.8321523009060418,0.9715912247837974,1.1783921414038168,1.2928134836838967,0.9301660984309267,1.2983088489893944,1.426557329901617,0.23627623779176898,1.3643849587635117,0.48324692674719716,0.601944357952187,1.1786938696062161,1.1847078489088059,1.1494491471195096,1.0085007519558655,0.7001201608117751,1.1884361261204561,0.7559141593012592,0.6996571040541716,1.134131517349878,0.7637679890744857,1.2442090343720875,0.7291823455978662,1.0886427062673227,0.39475445088089245,1.0168058236842183,0.5794617612873363,0.5914807471723166,0.9808952408387267,0.9900686377911359,1.4892858640310846,0.6117174878706636,0.8769768431603612,1.2190509678361845,1.0430474827369145,1.1024298733965598,1.3604643496594373,1.2500467831397,0.5100100931747049,0.5999301199372448,1.200798822800241,1.2959624889651247,1.205712063028495,0.9608671227330927,1.2800970404213214,0.4311930693612773,1.188817653509754,0.4419187142140605,0.9559245977791001,1.3901825053198276,0.9802846334013317,1.1801560985459294,1.4372475387313326,1.1231509890432436,0.9834977774260141,1.2383464097190342,0.4605462870229029,0.7126879184945505,0.48993922762312914,0.5198698450534835,0.5780813148679328,1.217579113364433,1.1411233141664558,1.4190569518981406,1.1436207330738086,1.461272521395088,1.379110163203339,0.21855314681140325,0.27974894460098576,0.8529800316242071,0.9642142816382305,1.2309189977882267,0.539687716953568,1.2202454981295028,1.1381235797403675,0.8724059641476304,0.9676376877121335,0.5592646237763478,0.8159764141784749,1.165197216862793,0.5643882197953033,0.6331754372027569,1.2108441371946301,1.1387578955699065,0.6818731947574184,1.4835348666809465,1.3257490453760907,1.3703149484510446,0.9573420717183306,1.331310286968581,0.9857022938106599,1.1188617905325513,0.5798442445780634,1.3837840197281692,1.146234119016949,1.2538278604807649,0.27261654128666635,1.1320411840662234,0.3470723502648885,0.8245097345716322,1.28089161416644,0.6797745256897505,1.1188756080091657,0.6633843180248573,0.6302919003367529,1.2362674626876553,1.34547500621882,1.219227624011224,1.4808505976620148,0.6921744980404851,1.1058163557682408,0.5972685256845041,0.43149257903028804,1.1971118891128731,0.7009129360772521,0.7631324618732593,1.3848384220925887,1.1134144745450882,0.8931300634579419,0.8797174622380329,0.33681038689580367,1.2233447946546308
