,cat,alligator,frog,fish,hair,hand,arm,lamp,crib,table,bed,bench,drawer,bathtub,window,door,oven,refrigerator,chair,knife,crayon,clock,tape,bottle,apple,egg,orange,pumpkin,ball,balloon,hat,banana,melon,gum,carrot,comb,box,book,dish,plate,bowl,bucket,can,basket,plant,flower,toy,doll,sweater,shirt,blanket,glove,pillow,towel,napkin
cat,0.0,0.8959943181554098,0.9040617641116205,1.0209895409706569,1.05221709051856,0.888958136974888,1.0144845202408452,0.9820403787741468,0.9286558651276811,1.0731177244939218,0.5704784213164367,0.6419982226957525,0.81234856831678,0.7998072716304183,1.0136096117328115,1.1235331499114876,1.156488717076587,0.7599700208966144,1.1279095958022176,0.8096174403798846,0.9909792444252062,0.5513796103740221,0.9747132409016263,1.0376901609892903,1.0476542918399687,0.9633780941819498,1.1130082433615247,1.091994613055427,1.0220854433201167,0.9039613021744228,0.6228041033389193,1.1014010377133094,1.1014010377133094,1.1014010377133094,1.1515759284422362,0.7689196106033807,1.1156079976631303,1.2244077616500515,1.1527764768104944,1.1454752381834528,1.1412396134749523,1.0557181360683898,0.8623563290011466,1.150810302740583,1.1080557996916214,1.1125586470350781,1.1945854752930696,1.255060875412135,0.5667022305660124,0.722960477789016,0.5716067317452405,1.1187589094758208,0.5484834557182705,1.0584377576205497,1.0410822426078938
alligator,0.8959943181554098,0.0,0.42806384700798006,0.8745460550033809,0.8730624252525164,0.9120734738355668,0.9413018280082632,1.0262957188338862,1.1584045522351185,1.2487053084309174,1.0243600433723838,0.7805844964866793,0.9144921730157688,0.7820623254452768,0.9282461632100215,0.9794275158900106,1.0604444789509668,0.671957052134519,0.9720014472860313,0.8213433135897852,0.7893346554422482,0.8789472047578869,0.7597481536407776,0.8574500791801716,0.9870016046653496,0.9053547700430318,0.9078847863121279,0.8339795148720284,0.9956138123618793,0.9897233579026613,0.8200972160727324,1.0125128319757375,1.0125128319757375,1.0125128319757375,0.7694598940268407,0.9324142881305647,1.229939359042349,1.0952521927714687,0.9740161584561959,0.9442460248758778,0.9580222075093924,0.9124644084504566,0.7574431018151149,1.1922807033676701,0.9749719295974039,0.9006202180768527,1.0675073506642077,1.0776621547684748,1.0100607203676415,0.9499550286051226,0.8326662590160026,0.7762607670244794,0.8715290786834062,0.9732370348423741,0.7807521087981029
frog,0.9040617641116205,0.42806384700798006,0.0,0.5917076374525445,0.8176245746361339,1.1259791000673272,1.1124332470282012,0.8830776852369131,1.161324912399281,1.3231006090740827,0.9749822043165408,0.800405310793634,1.016029981556455,1.0310280753792165,1.07361519399194,1.168649758852146,1.23907936075506,0.9218127196853495,1.113490162927957,0.8712301904906048,0.639915963030593,0.7700898875271502,0.6727776592676966,0.6583648086095804,0.7644645955747622,0.8073090430549129,1.0313049345184353,0.8076304376695523,0.6437748749272441,0.699977673327941,1.0666072810314182,1.1975653431283741,1.1975653431283741,1.1975653431283741,0.783999099920412,0.8245825772810069,1.269619686161568,0.8704323867426241,1.0918322473812954,1.041087918138789,0.8446256838615257,0.781561438540014,0.5552304828465578,1.2173744252419967,1.0545635349422593,0.7271752100396133,0.6889270508044931,1.072528598901241,1.070110655061895,1.09812001034777,0.7872857628677625,0.8481629465768903,0.9781737802367613,1.0159324676120387,0.6427513359960341
fish,1.0209895409706569,0.8745460550033809,0.5917076374525445,0.0,1.0211692315656886,1.2724273414834808,1.1824225195107338,0.8405854843646021,1.1655410680574803,1.272851433962102,1.1967677294817505,1.0763253942053599,1.072022174442472,1.15359767446112,1.1179183670081363,1.2876378448209642,1.2659224044537623,1.1343379439225345,1.2153732999947995,1.1275697870782215,0.4858025433408508,1.033733670200152,0.8418793740421762,0.5049879214591418,0.5417523043372587,0.5483390083846011,1.0511831836040855,0.8753154771938233,0.6355332509763743,0.4498648435445892,1.2908552957170583,1.2770406088738695,1.2770406088738695,1.2770406088738695,0.8044720906055084,1.0367349416720693,1.199021172648708,0.8839839715439581,1.1261996998056023,0.9440815614295122,0.9835454559060055,0.8436156043800671,0.4920081786551733,1.1948770600483436,1.0403988565188058,0.5925803816072025,0.6546084209723471,1.270871730476459,1.0677647982700889,1.180976481713022,1.1452481076052998,1.0501496111842814,1.2131817984710518,1.0255386806758955,0.8229689426297315
hair,1.05221709051856,0.8730624252525164,0.8176245746361339,1.0211692315656886,0.0,0.9257719356685017,0.8196391545403532,0.9948736025116764,1.1317583498092216,1.1928721443673753,1.1365899878098429,1.0718759377999647,1.088954030212413,1.0677777113748599,1.0835343920491098,1.0063560475870674,1.0823149868804722,0.8985949662655983,1.0026076749667894,1.0234706847694284,0.8814503845827949,1.1027154425609496,0.8046606195007896,0.8605042055822059,0.8755827100824406,0.8174150086983079,0.7517407225630819,0.5152914799155714,0.9580605579623572,0.9170306302710893,0.7175042156305722,0.9104441655992547,0.9104441655992547,0.9104441655992547,0.8224001391557089,1.0854846610497084,1.1438506511669095,1.0783878140332614,1.0018756057741425,0.8994332211039375,1.0662628226555282,1.065382834805787,0.9468444414411622,1.118991581179241,1.028191831298563,1.017433715095995,1.0225254129966876,0.9206146418824025,0.9629528405224571,0.8922803334927469,1.0892880568738816,0.9879822374352605,0.9825103138604528,0.9476730670007971,0.9552886562519229
hand,0.888958136974888,0.9120734738355668,1.1259791000673272,1.2724273414834808,0.9257719356685017,0.0,0.6919948146067312,1.2882737384810008,1.0080154515722852,0.8489286528986975,0.7214348726949603,0.8338725860256643,0.7162860756978294,0.7958579047861968,0.9804360538011689,0.7141637254839621,0.9440933328259584,0.9471555844041113,0.9431570741167237,0.5690877831796388,1.1670038472410822,0.7489009642026294,1.0520381466309623,1.3339071934050932,1.1585408450156878,1.135136191049846,0.8941230901772312,1.0146616584529404,1.239350730225936,1.337165535699574,0.6710533134084112,0.5418801080618533,0.5418801080618533,0.5418801080618533,0.9616048526909741,0.7201531720687141,0.926284802438146,1.225393030272979,0.8949505340218615,0.9126846699709352,1.149895366360195,1.2107376648929404,1.2918706069837513,0.9635909409403489,1.1006010393725298,1.2179978828746219,1.3133894579700938,0.9357242533041142,0.8406812401452639,0.6521838071840371,0.6492691452827908,0.9093526601702039,0.563358586136123,1.0332825503229282,1.0960327403258459
arm,1.0144845202408452,0.9413018280082632,1.1124332470282012,1.1824225195107338,0.8196391545403532,0.6919948146067312,0.0,1.1519710785164394,1.1347726169124002,1.06949732076583,1.0643605782777374,1.023617703025766,0.8376241853082663,0.7782818970548968,0.9462242232667677,0.8289787604746605,1.0080612020480888,0.9404486677036001,0.9172196591778329,0.9104524498391401,1.083514366777681,1.0731016049330886,1.0352530989285136,1.1692186205769926,1.1739879321250641,1.0454015247813329,0.8692530829916155,0.8857559334813839,1.1553913631365087,1.2686620882811446,0.655602081856591,0.7684840396963002,0.7684840396963002,0.7684840396963002,0.9550987509341812,1.088350689526197,1.0876643476940788,1.2458517418188952,1.0158481412600542,1.0311630099285694,1.1534911155929903,1.2624791123178798,1.2534163852465654,1.136194608195073,1.0569077008791463,1.2414722753610257,1.359981623118094,0.9402689494390978,0.9752431734166229,1.0095151564019935,1.0241132798277537,0.9985083401439351,0.8723751109188188,0.9322704901901883,1.114475728508069
lamp,0.9820403787741468,1.0262957188338862,0.8830776852369131,0.8405854843646021,0.9948736025116764,1.2882737384810008,1.1519710785164394,0.0,1.007856554912574,1.134243198581154,1.1417268823145006,1.1187258035857477,1.0048918053361546,0.8566135463372732,0.9501344069117993,0.9719470220424378,1.1715171018533987,0.8527826796145395,1.0750485922665791,1.206412003307272,0.9227284864244272,1.1602737104828997,1.160268183409094,0.7702234071579284,0.8809091609140106,0.99255124574436,1.011902797522402,1.0599674510150474,0.48022974729922696,0.4238338424368149,1.1270130175608108,1.142343163554026,1.142343163554026,1.142343163554026,1.2123496123311064,1.1481911675758103,1.0244138055639667,0.9483895292906294,1.1533429834099969,1.0882902617729706,0.9494535607295786,0.9812424532612767,0.7071494110021409,1.0375680812285473,0.9986346337997808,0.9303188526995987,0.7880971551076403,1.09818897402902,1.0541531128054002,1.1890084262616578,1.1816301057719516,0.9233347144896741,1.2006883860874673,0.5784863432568639,0.8733668886963782
crib,0.9286558651276811,1.1584045522351185,1.161324912399281,1.1655410680574803,1.1317583498092216,1.0080154515722852,1.1347726169124002,1.007856554912574,0.0,0.7164072229790416,0.39590017473213956,0.8120329651318089,0.8777628133373157,0.8484174704556561,1.0347222062827153,0.9255569378163389,0.8472848595317639,0.7991836244886934,0.8505348052247929,0.6286288795570597,1.1672100971399084,0.576083557673616,1.099342360915295,1.2194415333324944,1.2721021603096623,1.2303075656390587,1.1571669030002616,1.16517265082639,1.2227379584896438,1.2006571752165922,1.0341737043876371,1.0940265695457247,1.0940265695457247,1.0940265695457247,1.1478115521007972,0.5716896870720888,0.889292730677924,0.9954588423102525,1.0992737232144416,1.1211684362373957,1.0785699839500686,0.9460300697412616,1.1360625917907536,0.9132613856059093,1.018944482554014,1.1542890481403099,1.1406978184586556,0.9867641860965148,1.0219922866461588,0.8306658640507939,0.6547500857783789,1.0714999337883286,0.7468480544723162,0.8664805002775451,0.8218880856326738
table,1.0731177244939218,1.2487053084309174,1.3231006090740827,1.272851433962102,1.1928721443673753,0.8489286528986975,1.06949732076583,1.134243198581154,0.7164072229790416,0.0,0.6900923617301613,0.8822457386124873,0.9490761614518096,0.9377594394867592,0.8800797565195788,0.9531883761551514,0.7625543164980525,1.0156103544255126,0.8685450245137056,0.8281334129891091,1.1740467429239443,0.8545737454938014,1.2625832202728748,1.307950656644083,1.198922350741056,1.2451823684963172,1.1353622873047238,1.2439341608143362,1.149625310534778,1.2423398982289569,1.1039373117035896,0.8653485511557877,0.8653485511557877,0.8653485511557877,1.139131410316399,0.8056481466041876,0.2102546568629755,0.937237930291358,0.5490193856286959,1.093167549222733,0.7627156309810654,0.974110744585135,1.2736969599752896,0.22526312363391854,0.8376752155133074,1.0043737088080722,0.9630877796172563,0.6738669740699851,0.9877941750977431,1.0046329436680967,0.8663973812542796,1.1272828005008353,0.9225994500179407,1.0674529322623905,1.1263307776528855
bed,0.5704784213164367,1.0243600433723838,0.9749822043165408,1.1967677294817505,1.1365899878098429,0.7214348726949603,1.0643605782777374,1.1417268823145006,0.39590017473213956,0.6900923617301613,0.0,0.5101357510674304,0.7635983413270861,0.7607802554104447,1.0313074484896925,0.8988848017673962,0.9597658095199922,0.8230690024835572,0.8980848764256523,0.3350373590617466,1.1920158514994834,0.14408267064833613,1.0888311828892911,1.339046419657711,1.3071328243863032,1.2408704443227427,1.1736804336317688,1.2357536345410627,1.209967827317276,1.2296291232057601,0.8210141629672727,0.9752251304455248,0.9752251304455248,0.9752251304455248,1.1347477654767157,0.2635372450250443,0.9289543043933765,1.0519223062231626,1.0548112183288434,1.1342176916562485,1.139666077030232,0.9812768037475711,1.1509755933750512,0.9524558667562617,1.0746678767521214,1.1965430283626393,1.2207026238014895,1.0161982966710987,0.7817980114758929,0.7229182272969719,0.13942436287434168,1.0368504561134535,0.33312129290628034,0.972377587355116,0.7826517908474673
bench,0.6419982226957525,0.7805844964866793,0.800405310793634,1.0763253942053599,1.0718759377999647,0.8338725860256643,1.023617703025766,1.1187258035857477,0.8120329651318089,0.8822457386124873,0.5101357510674304,0.0,0.8903544505357363,0.8495758369722073,0.9615471455642877,0.9872887186891153,1.0096395115440944,0.8781259559393944,0.9808272180696177,0.5909163477700542,1.0091260158402133,0.41269191104588065,0.8598219555400775,1.0334991458475566,1.0722523834589643,1.0041688766423986,1.064311190949236,1.0689231873270513,1.0494108166445584,1.1208080484334373,0.975803393118084,1.0145035255408739,1.0145035255408739,1.0145035255408739,0.9184472845773555,0.5013265536834026,0.9853119975414144,0.931018290867135,0.9150998708911633,0.9628459043681507,0.9405191857857127,0.9792104235500791,0.9794335506340021,0.9881772661723138,1.051941920157235,0.9265596102809412,1.0852698833255363,1.0402667004231283,0.9207189306405951,0.8409923863394791,0.3369915343051717,0.8865857284163284,0.6956683223398419,0.9359317918857087,0.818652028523355
drawer,0.81234856831678,0.9144921730157688,1.016029981556455,1.072022174442472,1.088954030212413,0.7162860756978294,0.8376241853082663,1.0048918053361546,0.8777628133373157,0.9490761614518096,0.7635983413270861,0.8903544505357363,0.0,0.5080534847957707,0.8380027445057421,0.7731372558227432,0.909743089505226,0.6292696879280822,0.8360037059887577,0.639073239682036,1.1209883820616446,0.7676101136375679,1.126319565168344,1.2396702000484425,1.2853354529197918,1.2066020821537697,1.1314568088806505,1.235231828731983,1.207082490363737,1.139304688965046,0.829408471774155,0.95055913335052,0.95055913335052,0.95055913335052,1.0992513885176518,0.7321265348613508,1.0003489045902247,1.067280445582726,0.967258279799778,1.1301589535105068,1.0965579814612048,1.0472412067253625,1.1081951557555643,1.0126216909143426,0.9512344179260562,1.1202075754632714,1.2904890672592404,1.0619115426656276,0.9548480690635556,0.8992003129754742,0.746154539407052,0.9125180583975696,0.7056404022825348,0.833724133482515,0.959184018865777
bathtub,0.7998072716304183,0.7820623254452768,1.0310280753792165,1.15359767446112,1.0677777113748599,0.7958579047861968,0.7782818970548968,0.8566135463372732,0.8484174704556561,0.9377594394867592,0.7607802554104447,0.8495758369722073,0.5080534847957707,0.0,0.7485907805338121,0.7131567195592059,0.8110382047283844,0.37696937338633774,0.8094002791238116,0.6864417180851876,1.223182557007773,0.8113446145944424,1.2046076249325324,1.1910721737366115,1.3347465829080218,1.226204670820874,0.9959932902769661,1.1946558300010302,1.193035634818696,1.1207771116344483,0.8054358021313609,0.9365941469299855,0.9365941469299855,0.9365941469299855,1.177197384725476,0.8261966895432091,1.0028925487749867,1.23776813729339,1.023604285185479,1.1230301254230608,1.1536376254372904,1.1494561793590656,1.0280987253465907,1.0301847690699828,0.8812937691344096,1.2054316800634768,1.3826018487519245,1.0383489946997102,0.9799293362306262,0.8159383770900133,0.7626179752889316,0.9696096938966486,0.6818826975777117,0.7458215654787207,0.8926007807426948
window,1.0136096117328115,0.9282461632100215,1.07361519399194,1.1179183670081363,1.0835343920491098,0.9804360538011689,0.9462242232667677,0.9501344069117993,1.0347222062827153,0.8800797565195788,1.0313074484896925,0.9615471455642877,0.8380027445057421,0.7485907805338121,0.0,0.7886655833152966,0.39455750094193276,0.6767414720244722,0.7286503623304288,0.9596061488563608,1.166572822125239,1.0934534720305487,1.1446908814903292,1.131908577241809,1.2354965783403637,1.2009353640200062,1.0432579069487578,1.089770671823256,1.1341703374982264,1.1277839879729716,1.016374570369268,0.9394377344253394,0.9394377344253394,0.9394377344253394,1.1114764698378399,0.9894665807195643,0.850070094447304,0.9726988346215985,0.8006585046644559,1.0991699529656083,0.9906155057834579,0.8296866095072774,1.088936189325567,0.809808960233662,0.8042652715207533,1.077726282615942,1.0690117134308168,0.9224033940586889,1.016819648677008,0.9786475545493636,1.0118603090511407,0.9413823243009518,1.031459309256224,0.8998168517304909,1.0307530289939253
door,1.1235331499114876,0.9794275158900106,1.168649758852146,1.2876378448209642,1.0063560475870674,0.7141637254839621,0.8289787604746605,0.9719470220424378,0.9255569378163389,0.9531883761551514,0.8988848017673962,0.9872887186891153,0.7731372558227432,0.7131567195592059,0.7886655833152966,0.0,0.6821383402736506,0.8096469685289678,0.7763322966150955,0.833635666878972,1.2331095643086385,1.0059588483401039,1.0950481857530237,1.2464520866174362,1.2724436608750884,1.1732030847060195,0.8705528758830474,1.0504289381704435,1.2449306914874847,1.2724293165113578,0.87349886333872,0.7195717938539313,0.7195717938539313,0.7195717938539313,1.0525967421560594,0.9273239607675257,0.9481226405373214,1.2270663596376734,0.8789076450425025,1.061076619483658,1.053094429540108,1.0275817932464153,1.2133280056239752,0.9620346465302619,0.9023514952673869,1.2398166429092048,1.2459222894203916,0.915676018961275,1.0483373412924857,0.7376641542251459,0.8995061526746251,0.8948769086394243,0.8076167981837765,0.7662365871947108,1.0282516816074583
oven,1.156488717076587,1.0604444789509668,1.23907936075506,1.2659224044537623,1.0823149868804722,0.9440933328259584,1.0080612020480888,1.1715171018533987,0.8472848595317639,0.7625543164980525,0.9597658095199922,1.0096395115440944,0.909743089505226,0.8110382047283844,0.39455750094193276,0.6821383402736506,0.0,0.7027533546942438,0.6265060573569573,0.9710117133751648,1.2390610505285082,1.1013756903961576,1.0957394449068916,1.2461723949528773,1.2470975468911951,1.2326309422752992,0.9604349034171618,1.0821076132997747,1.2325396089798206,1.322824835671829,1.016628530723714,0.8616866888584861,0.8616866888584861,0.8616866888584861,1.0560705176115848,1.03321556115882,0.8229772292056627,1.0073509901322788,0.7900248702968394,1.0439946420905843,0.8915117304629875,0.858399417289836,1.2486221784810572,0.7682893870700054,0.7332782770796739,1.14874505400042,1.0377661111254723,0.7596053296627332,1.0845646639686959,0.8822576922965301,1.040036025536968,0.9904346434535521,0.9866256173675845,0.9630776430935789,1.0996592968882084
refrigerator,0.7599700208966144,0.671957052134519,0.9218127196853495,1.1343379439225345,0.8985949662655983,0.9471555844041113,0.9404486677036001,0.8527826796145395,0.7991836244886934,1.0156103544255126,0.8230690024835572,0.8781259559393944,0.6292696879280822,0.37696937338633774,0.6767414720244722,0.8096469685289678,0.7027533546942438,0.0,0.7278347594537673,0.7414303197046108,1.0542852389691533,0.8582642879046621,0.9482421476845924,1.06043651506916,1.2520256370396017,1.1286102384968255,0.9568498692916113,0.9735874321112051,1.1870620175868511,1.0555769383182931,0.7390581179509184,0.9764950180557064,0.9764950180557064,0.9764950180557064,1.0609465964437375,0.8801617587909385,1.0501798899412802,1.1199743114775498,1.045204001581694,1.0474397980577212,1.0210108288224926,0.9101312836902529,0.8818870234327197,1.0184100272751337,0.7678288654718086,1.0510891843290393,1.2319297277824885,1.0013885123182305,1.0152612838705701,0.8053333888463263,0.8454596485001085,0.8476824310553968,0.7619441401512443,0.7283068665968783,0.8327603132551709
chair,1.1279095958022176,0.9720014472860313,1.113490162927957,1.2153732999947995,1.0026076749667894,0.9431570741167237,0.9172196591778329,1.0750485922665791,0.8505348052247929,0.8685450245137056,0.8980848764256523,0.9808272180696177,0.8360037059887577,0.8094002791238116,0.7286503623304288,0.7763322966150955,0.6265060573569573,0.7278347594537673,0.0,0.920392082028981,1.244473542991967,1.0245883038339598,0.9804691365888675,1.2093512026123083,1.3116944487595217,1.228976380789547,0.9557967779232652,1.1218456544728144,1.2346321841216474,1.2467319120668412,0.83694123592374,0.9398780265423116,0.9398780265423116,0.9398780265423116,0.9649814486887952,0.9329663697030401,0.9333423938690009,0.9694533245353396,0.8642999878721962,0.9159296421117079,0.8788591225595336,0.9159291568373922,1.197431573213075,0.8887867720373921,0.7117854648546746,1.0459960761409532,1.1619716881779625,0.787491125702666,1.0489419507282571,0.942344994667044,0.9445407468823599,0.9175691073407426,0.749982033291688,0.7816502313809179,0.9885088176675637
knife,0.8096174403798846,0.8213433135897852,0.8712301904906048,1.1275697870782215,1.0234706847694284,0.5690877831796388,0.9104524498391401,1.206412003307272,0.6286288795570597,0.8281334129891091,0.3350373590617466,0.5909163477700542,0.639073239682036,0.6864417180851876,0.9596061488563608,0.833635666878972,0.9710117133751648,0.7414303197046108,0.920392082028981,0.0,1.098677932355245,0.2979817118062267,1.015624088953498,1.2692674990931065,1.2593806742366953,1.1228095365061121,1.1093122215580713,1.1169207582415683,1.2428568682593282,1.265201608802294,0.8481985141861991,0.8491307962496544,0.8491307962496544,0.8491307962496544,0.9851774768322025,0.2859846538179637,1.0436111524040135,0.9969656643737976,1.0365919519395779,1.0646601680857972,1.1001994703966103,1.0106438019307902,1.1259942547853892,1.045621703312582,1.0473649883261906,1.1126982464519257,1.262906527257631,0.9930631315905406,0.9767436466404015,0.7569243335358986,0.2829379747230262,0.8969730701835911,0.49159039947023775,0.960706297307526,0.7300034243992157
crayon,0.9909792444252062,0.7893346554422482,0.639915963030593,0.4858025433408508,0.8814503845827949,1.1670038472410822,1.083514366777681,0.9227284864244272,1.1672100971399084,1.1740467429239443,1.1920158514994834,1.0091260158402133,1.1209883820616446,1.223182557007773,1.166572822125239,1.2331095643086385,1.2390610505285082,1.0542852389691533,1.244473542991967,1.098677932355245,0.0,1.026162928959661,0.5565924353182563,0.4455371946401888,0.38288750126335214,0.46322102219822814,0.7676879681500014,0.6844022803358645,0.7528962546477764,0.5993188893527297,1.0968981102383044,1.0642369217551266,1.0642369217551266,1.0642369217551266,0.3108143665742398,1.0650614408572179,1.1188724438009083,0.8449483737963775,0.975914499365737,0.675556254358453,0.7239505741585248,0.9346844092174446,0.37502927228575955,1.0896587062166503,1.0874268657928385,0.5346280547026283,0.590112331522473,1.1810006549759364,1.0455863760798934,1.0942259880796519,1.1511245916773398,0.8903532774009723,1.1847056279935004,0.8892137706232673,0.7378264039171558
clock,0.5513796103740221,0.8789472047578869,0.7700898875271502,1.033733670200152,1.1027154425609496,0.7489009642026294,1.0731016049330886,1.1602737104828997,0.576083557673616,0.8545737454938014,0.14408267064833613,0.41269191104588065,0.7676101136375679,0.8113446145944424,1.0934534720305487,1.0059588483401039,1.1013756903961576,0.8582642879046621,1.0245883038339598,0.2979817118062267,1.026162928959661,0.0,0.9349414780123986,1.1895661323195372,1.1743026542050554,1.0967080065899826,1.181117959818356,1.1461700403801904,1.1333655328018897,1.1428761113848107,0.8704008283979452,1.0240369889780392,1.0240369889780392,1.0240369889780392,1.0176474547122512,0.15509637758979222,1.0496500057466505,0.9976109013079913,1.089768117449729,1.0717316555543839,1.0636732981834265,0.991369869068658,1.006697335254853,1.0578201691690645,1.1634910207942692,1.11143916090106,1.1885058255949805,1.0964782971547344,0.8003681995237604,0.749146150364155,0.11747700789694604,0.9665106381764227,0.36539726122990146,0.9993527022344576,0.7382040072426829
tape,0.9747132409016263,0.7597481536407776,0.6727776592676966,0.8418793740421762,0.8046606195007896,1.0520381466309623,1.0352530989285136,1.160268183409094,1.099342360915295,1.2625832202728748,1.0888311828892911,0.8598219555400775,1.126319565168344,1.2046076249325324,1.1446908814903292,1.0950481857530237,1.0957394449068916,0.9482421476845924,0.9804691365888675,1.015624088953498,0.5565924353182563,0.9349414780123986,0.0,0.7239692165337623,0.5828941008521016,0.6163671091122565,0.6830931777463264,0.5634905101322993,0.8856413275690704,0.866527719921331,0.8236893644211587,0.9603447613332893,0.9603447613332893,0.9603447613332893,0.4380459934489719,0.9956557265417998,1.2223760714464762,0.8857515199175737,1.0511125025049368,0.6154539504983986,0.7155480805434424,0.9364041286504189,0.6627935190715655,1.1733820535569328,1.104723225808042,0.7502084163769617,0.7936572612358999,1.0863526869349842,0.963345074929892,0.8455921911293754,0.9878058168763801,0.9016403531607281,0.9796897612564279,0.887706365750301,0.6607978226045962
bottle,1.0376901609892903,0.8574500791801716,0.6583648086095804,0.5049879214591418,0.8605042055822059,1.3339071934050932,1.1692186205769926,0.7702234071579284,1.2194415333324944,1.307950656644083,1.339046419657711,1.0334991458475566,1.2396702000484425,1.1910721737366115,1.131908577241809,1.2464520866174362,1.2461723949528773,1.06043651506916,1.2093512026123083,1.2692674990931065,0.4455371946401888,1.1895661323195372,0.7239692165337623,0.0,0.46187603034301306,0.54317564223199,0.9225162501097594,0.6906421229474822,0.5851002321069128,0.501345991144933,1.1386930938420123,1.2268347496902514,1.2268347496902514,1.2268347496902514,0.766823680823315,1.2020524590424508,1.2063755948244403,0.8049627069966803,1.0591383420604998,0.9103684575953764,0.8596602438131007,0.8964405610349626,0.41343054269364965,1.1856437372139095,1.0651762302995469,0.6047429859017326,0.6367334692326677,1.1879948376862612,1.0923868580938125,1.1485704717936938,1.25555155004665,0.9004828660909138,1.3126703767894066,0.9942264667460503,0.871381869176186
apple,1.0476542918399687,0.9870016046653496,0.7644645955747622,0.5417523043372587,0.8755827100824406,1.1585408450156878,1.1739879321250641,0.8809091609140106,1.2721021603096623,1.198922350741056,1.3071328243863032,1.0722523834589643,1.2853354529197918,1.3347465829080218,1.2354965783403637,1.2724436608750884,1.2470975468911951,1.2520256370396017,1.3116944487595217,1.2593806742366953,0.38288750126335214,1.1743026542050554,0.5828941008521016,0.46187603034301306,0.0,0.3026481595076431,0.5227136447537619,0.6445538854302937,0.4331891571264692,0.41948314535572206,1.1210079807823798,0.9309509427288097,0.9309509427288097,0.9309509427288097,0.565459539419964,1.2109200120197294,1.1103469093863234,0.9022270161425562,1.0245795921730325,0.6897235518637836,0.7804217901416484,1.0185828116625684,0.5074037903866657,1.1123924727534233,1.0523309852756693,0.5953783760551661,0.392141411058756,1.1154862482249142,0.9753711099896162,1.0676462793598844,1.2427825819916183,1.0042094260963716,1.2587135428230491,1.0232061956900587,0.8900651115021712
egg,0.9633780941819498,0.9053547700430318,0.8073090430549129,0.5483390083846011,0.8174150086983079,1.135136191049846,1.0454015247813329,0.99255124574436,1.2303075656390587,1.2451823684963172,1.2408704443227427,1.0041688766423986,1.2066020821537697,1.226204670820874,1.2009353640200062,1.1732030847060195,1.2326309422752992,1.1286102384968255,1.228976380789547,1.1228095365061121,0.46322102219822814,1.0967080065899826,0.6163671091122565,0.54317564223199,0.3026481595076431,0.0,0.6300856132167201,0.5276065353899858,0.6856887338625235,0.5769669721997053,0.9929910880242431,1.0391396207670145,1.0391396207670145,1.0391396207670145,0.5670771713997875,1.0914310772751064,1.2371318265836304,1.0044997901776818,1.0813061755121895,0.7374671702518258,1.0130495621430282,1.085243225391424,0.6023879242581874,1.2493648605600134,1.132027047345801,0.6996085237704429,0.7364272720232583,1.1567932639982934,0.9381089648728856,0.9082000312910852,1.148545331156838,1.0222444448085843,1.1217869729921626,0.9699135636457556,0.9059674465291797
orange,1.1130082433615247,0.9078847863121279,1.0313049345184353,1.0511831836040855,0.7517407225630819,0.8941230901772312,0.8692530829916155,1.011902797522402,1.1571669030002616,1.1353622873047238,1.1736804336317688,1.064311190949236,1.1314568088806505,0.9959932902769661,1.0432579069487578,0.8705528758830474,0.9604349034171618,0.9568498692916113,0.9557967779232652,1.1093122215580713,0.7676879681500014,1.181117959818356,0.6830931777463264,0.9225162501097594,0.5227136447537619,0.6300856132167201,0.0,0.6043677678432412,0.8370270158432455,0.8383827342382725,0.714556151268103,0.61928484223193,0.61928484223193,0.61928484223193,0.5478007515150698,1.1790561911983022,1.104522947002577,1.1455104026417227,0.9258781205295089,0.5573224733987548,0.9345431792559773,1.11607735165738,0.8940008962480341,1.111943066948355,0.9957426297768608,0.986728283973382,0.7993908839289237,0.9361585082592894,0.8895599257244314,0.7202883815174849,1.1530334734218648,1.023770931214036,0.9713387236391409,0.8117854209249902,0.9384500821771019
pumpkin,1.091994613055427,0.8339795148720284,0.8076304376695523,0.8753154771938233,0.5152914799155714,1.0146616584529404,0.8857559334813839,1.0599674510150474,1.16517265082639,1.2439341608143362,1.2357536345410627,1.0689231873270513,1.235231828731983,1.1946558300010302,1.089770671823256,1.0504289381704435,1.0821076132997747,0.9735874321112051,1.1218456544728144,1.1169207582415683,0.6844022803358645,1.1461700403801904,0.5634905101322993,0.6906421229474822,0.6445538854302937,0.5276065353899858,0.6043677678432412,0.0,0.9148521948925475,0.8743906758285865,0.7803310983914792,0.8866173279027659,0.8866173279027659,0.8866173279027659,0.6443505960872542,1.1166384603785608,1.1990372260274387,1.041513110055484,0.9680274030881864,0.8787706565253876,1.0260815653529076,0.9902123568729821,0.7978737516815009,1.174219745987938,1.062341631642778,0.8946268313175569,0.8654979387796757,0.9497045703919385,0.9731094649731129,0.8143485449757846,1.1658830460694847,0.9765430566403667,1.0699072763255606,0.974369239289159,0.9689760356307261
ball,1.0220854433201167,0.9956138123618793,0.6437748749272441,0.6355332509763743,0.9580605579623572,1.239350730225936,1.1553913631365087,0.48022974729922696,1.2227379584896438,1.149625310534778,1.209967827317276,1.0494108166445584,1.207082490363737,1.193035634818696,1.1341703374982264,1.2449306914874847,1.2325396089798206,1.1870620175868511,1.2346321841216474,1.2428568682593282,0.7528962546477764,1.1333655328018897,0.8856413275690704,0.5851002321069128,0.4331891571264692,0.6856887338625235,0.8370270158432455,0.9148521948925475,0.0,0.302793027813658,1.1425455429137634,1.11588474282179,1.11588474282179,1.11588474282179,0.9700754083653792,1.173555427420176,1.096221380824748,0.8433534320629902,1.0793865102866311,1.0278045549967258,0.8232869507433649,0.9766010159485388,0.6701510499139793,1.0794026002710568,1.0821716097558447,0.7532523516601217,0.4732074076435283,1.0328251918439055,0.9999384693173239,1.2237635278241052,1.1582081331328231,0.9945879213526831,1.245983189516211,1.0660525511463383,0.8662874826105263
balloon,0.9039613021744228,0.9897233579026613,0.699977673327941,0.4498648435445892,0.9170306302710893,1.337165535699574,1.2686620882811446,0.4238338424368149,1.2006571752165922,1.2423398982289569,1.2296291232057601,1.1208080484334373,1.139304688965046,1.1207771116344483,1.1277839879729716,1.2724293165113578,1.322824835671829,1.0555769383182931,1.2467319120668412,1.265201608802294,0.5993188893527297,1.1428761113848107,0.866527719921331,0.501345991144933,0.41948314535572206,0.5769669721997053,0.8383827342382725,0.8743906758285865,0.302793027813658,0.0,1.152286467085801,1.200895751842469,1.200895751842469,1.200895751842469,0.9487275045808403,1.162445917773139,1.116167026494043,0.8785423190394864,1.1892688583441071,0.9441404122554159,0.9158223665393423,0.9124491432781991,0.45038185389869656,1.126184485956781,1.0475823869436742,0.6517497757887718,0.5157642468562211,1.1998270103278839,1.005404648000187,1.1707564112003404,1.2091308368559277,1.0639591736923377,1.2679714724456046,0.9248778725578164,0.8181252485012716
hat,0.6228041033389193,0.8200972160727324,1.0666072810314182,1.2908552957170583,0.7175042156305722,0.6710533134084112,0.655602081856591,1.1270130175608108,1.0341737043876371,1.1039373117035896,0.8210141629672727,0.975803393118084,0.829408471774155,0.8054358021313609,1.016374570369268,0.87349886333872,1.016628530723714,0.7390581179509184,0.83694123592374,0.8481985141861991,1.0968981102383044,0.8704008283979452,0.8236893644211587,1.1386930938420123,1.1210079807823798,0.9929910880242431,0.714556151268103,0.7803310983914792,1.1425455429137634,1.152286467085801,0.0,0.7768513235310059,0.7768513235310059,0.7768513235310059,0.9553043712315,1.0179687522612375,1.155924445554367,1.2981445355693717,0.9963610492232599,0.9569109849334871,1.1271615549401197,1.1805480549230771,1.0819551821736209,1.1494303176340135,1.0953147077420313,1.2606835143910997,1.3435916257809244,0.9971450597311786,0.42461949982439795,0.6383622517498673,0.8111624755606448,1.0294241659539014,0.4375494069335142,0.9790408317780805,1.0068372507182346
banana,1.1014010377133094,1.0125128319757375,1.1975653431283741,1.2770406088738695,0.9104441655992547,0.5418801080618533,0.7684840396963002,1.142343163554026,1.0940265695457247,0.8653485511557877,0.9752251304455248,1.0145035255408739,0.95055913335052,0.9365941469299855,0.9394377344253394,0.7195717938539313,0.8616866888584861,0.9764950180557064,0.9398780265423116,0.8491307962496544,1.0642369217551266,1.0240369889780392,0.9603447613332893,1.2268347496902514,0.9309509427288097,1.0391396207670145,0.61928484223193,0.8866173279027659,1.11588474282179,1.200895751842469,0.7768513235310059,0.0,-2.220446049250313e-16,-2.220446049250313e-16,0.8858492464478321,0.9792676466503768,0.8685709073056995,1.1581730404871673,0.8556501609785915,0.8126481208037333,0.9939850043628508,1.169550943813849,1.2093369147003952,0.8695376008212351,0.9594463189626974,1.1554810278789711,1.0252299636613256,0.9076152619253564,1.016459783323179,0.7674447117484104,0.9659834669742161,0.9664746457523652,0.839361222064811,0.943505022096218,1.1411429271412266
melon,1.1014010377133094,1.0125128319757375,1.1975653431283741,1.2770406088738695,0.9104441655992547,0.5418801080618533,0.7684840396963002,1.142343163554026,1.0940265695457247,0.8653485511557877,0.9752251304455248,1.0145035255408739,0.95055913335052,0.9365941469299855,0.9394377344253394,0.7195717938539313,0.8616866888584861,0.9764950180557064,0.9398780265423116,0.8491307962496544,1.0642369217551266,1.0240369889780392,0.9603447613332893,1.2268347496902514,0.9309509427288097,1.0391396207670145,0.61928484223193,0.8866173279027659,1.11588474282179,1.200895751842469,0.7768513235310059,-2.220446049250313e-16,0.0,-2.220446049250313e-16,0.8858492464478321,0.9792676466503768,0.8685709073056995,1.1581730404871673,0.8556501609785915,0.8126481208037333,0.9939850043628508,1.169550943813849,1.2093369147003952,0.8695376008212351,0.9594463189626974,1.1554810278789711,1.0252299636613256,0.9076152619253564,1.016459783323179,0.7674447117484104,0.9659834669742161,0.9664746457523652,0.839361222064811,0.943505022096218,1.1411429271412266
gum,1.1014010377133094,1.0125128319757375,1.1975653431283741,1.2770406088738695,0.9104441655992547,0.5418801080618533,0.7684840396963002,1.142343163554026,1.0940265695457247,0.8653485511557877,0.9752251304455248,1.0145035255408739,0.95055913335052,0.9365941469299855,0.9394377344253394,0.7195717938539313,0.8616866888584861,0.9764950180557064,0.9398780265423116,0.8491307962496544,1.0642369217551266,1.0240369889780392,0.9603447613332893,1.2268347496902514,0.9309509427288097,1.0391396207670145,0.61928484223193,0.8866173279027659,1.11588474282179,1.200895751842469,0.7768513235310059,-2.220446049250313e-16,-2.220446049250313e-16,0.0,0.8858492464478321,0.9792676466503768,0.8685709073056995,1.1581730404871673,0.8556501609785915,0.8126481208037333,0.9939850043628508,1.169550943813849,1.2093369147003952,0.8695376008212351,0.9594463189626974,1.1554810278789711,1.0252299636613256,0.9076152619253564,1.016459783323179,0.7674447117484104,0.9659834669742161,0.9664746457523652,0.839361222064811,0.943505022096218,1.1411429271412266
carrot,1.1515759284422362,0.7694598940268407,0.783999099920412,0.8044720906055084,0.8224001391557089,0.9616048526909741,0.9550987509341812,1.2123496123311064,1.1478115521007972,1.139131410316399,1.1347477654767157,0.9184472845773555,1.0992513885176518,1.177197384725476,1.1114764698378399,1.0525967421560594,1.0560705176115848,1.0609465964437375,0.9649814486887952,0.9851774768322025,0.3108143665742398,1.0176474547122512,0.4380459934489719,0.766823680823315,0.565459539419964,0.5670771713997875,0.5478007515150698,0.6443505960872542,0.9700754083653792,0.9487275045808403,0.9553043712315,0.8858492464478321,0.8858492464478321,0.8858492464478321,0.0,1.0163314212349706,1.1364215016409551,0.8669801941736239,0.8679720922151977,0.4124510344315673,0.752931511572676,1.0041793500288574,0.7408840675815433,1.0942220018583404,1.0044253495837334,0.629401291873825,0.7652571149855267,0.99888408286098,1.0517345533311493,0.898244168088391,1.0639319929875382,0.8867102444823571,1.028113676490832,0.8020021572032379,0.763612619729098
comb,0.7689196106033807,0.9324142881305647,0.8245825772810069,1.0367349416720693,1.0854846610497084,0.7201531720687141,1.088350689526197,1.1481911675758103,0.5716896870720888,0.8056481466041876,0.2635372450250443,0.5013265536834026,0.7321265348613508,0.8261966895432091,0.9894665807195643,0.9273239607675257,1.03321556115882,0.8801617587909385,0.9329663697030401,0.2859846538179637,1.0650614408572179,0.15509637758979222,0.9956557265417998,1.2020524590424508,1.2109200120197294,1.0914310772751064,1.1790561911983022,1.1166384603785608,1.173555427420176,1.162445917773139,1.0179687522612375,0.9792676466503768,0.9792676466503768,0.9792676466503768,1.0163314212349706,0.0,0.9691469531601796,0.8973555157106285,1.0033964954900578,1.0192795343251917,1.0889069494644577,1.0069478232483744,1.060698911928853,0.9831282650122583,1.1446208807668232,1.0924135203210845,1.175059892054563,1.0454402503117797,0.9506980538707127,0.8046824249228139,0.206669927115823,0.9001027069272529,0.5133646554999229,0.9115664628452391,0.7339809981435836
box,1.1156079976631303,1.229939359042349,1.269619686161568,1.199021172648708,1.1438506511669095,0.926284802438146,1.0876643476940788,1.0244138055639667,0.889292730677924,0.2102546568629755,0.9289543043933765,0.9853119975414144,1.0003489045902247,1.0028925487749867,0.850070094447304,0.9481226405373214,0.8229772292056627,1.0501798899412802,0.9333423938690009,1.0436111524040135,1.1188724438009083,1.0496500057466505,1.2223760714464762,1.2063755948244403,1.1103469093863234,1.2371318265836304,1.104522947002577,1.1990372260274387,1.096221380824748,1.116167026494043,1.155924445554367,0.8685709073056995,0.8685709073056995,0.8685709073056995,1.1364215016409551,0.9691469531601796,0.0,0.9329673745089684,0.48547515285573295,1.0307165991850487,0.6151742971889256,0.8823359218060483,1.2088100232712908,0.04174373282445043,0.852252822455185,0.9297760593005705,0.8463826246405044,0.779362824390421,1.052389988311132,1.1036074881528288,1.0417402409379182,1.0665722816857806,1.0825343039979163,1.0324170801842005,1.1306262234380324
book,1.2244077616500515,1.0952521927714687,0.8704323867426241,0.8839839715439581,1.0783878140332614,1.225393030272979,1.2458517418188952,0.9483895292906294,0.9954588423102525,0.937237930291358,1.0519223062231626,0.931018290867135,1.067280445582726,1.23776813729339,0.9726988346215985,1.2270663596376734,1.0073509901322788,1.1199743114775498,0.9694533245353396,0.9969656643737976,0.8449483737963775,0.9976109013079913,0.8857515199175737,0.8049627069966803,0.9022270161425562,1.0044997901776818,1.1455104026417227,1.041513110055484,0.8433534320629902,0.8785423190394864,1.2981445355693717,1.1581730404871673,1.1581730404871673,1.1581730404871673,0.8669801941736239,0.8973555157106285,0.9329673745089684,0.0,0.9946904382330072,0.8667822764292102,0.7586177448194457,0.8281313512306703,0.9700564882374523,0.8793869470845803,0.9894333171576378,0.7146390698319793,0.6746843420279669,0.8810048141207377,1.2062658076699089,1.1725258781826016,1.0259013333599472,0.7521484955272215,1.2080472821669601,0.9748515089758327,0.7797428769540249
