,alligator,ankle,apple,applesauce,arm,ball,balloon,banana,basket,bathtub,bear,bed,belt,bench,bib,bird,blanket,boat,book,bottle,bowl,box,bread,broom,bucket,butterfly,can,car,carrot,cat,chair,chips,clock,closet,cloud,coat,coffee,comb,cookie,corn,couch,cracker,crayon,crib,cup,deer,dish,dog,doll,door,drawer,dress,duck,ear,egg,elephant,eye,face,finger,firetruck,fish,flower,foot,fork,frog,game,glass,glasses,glove,grass,gum,hair,hamburger,hand,hat,helicopter,horse,hose,jacket,jar,jeans,knife,ladder,lamp,leg,meat,melon,milk,mitten,motorcycle,mouth,muffin,nail,napkin,necklace,nose,orange,oven,owl,pajamas,pants,paper,pasta,pastry,pen,pencil,penguin,pickle,pig,pillow,pizza,plant,plate,pony,potato,pumpkin,purse,radio,raisin,refrigerator,rock,rooster,sandwich,sauce,scarf,scissors,shirt,shoe,shorts,shovel,shower,sink,slide,slipper,snow,soap,sock,soup,spoon,sprinkler,stick,strawberry,stroller,sweater,swing,table,tape,toast,toe,tooth,toothbrush,towel,toy,tray,tree,tricycle,truck,vacuum,watch,window,zebra
alligator,0.0,1.339614014442387,1.4307056280801143,0.8616668011002282,0.6760801300579744,1.2009807517601279,1.3594952283217383,1.1545444497645418,1.146622009810469,0.8184804451523211,0.8070051719573026,0.6713775616105134,1.4812600825181066,0.8381548419207636,0.7237986278934976,0.8654811788048232,0.6471955236161345,0.741661826288744,0.994683189859823,1.4231459462058853,1.387839837263288,0.8466588657272209,1.2978987629485916,1.0752212094862417,1.2718919130902893,0.6200523289890576,1.475821882726368,1.1183128087961571,1.2615505330510224,0.7523951892912935,1.1386840188845713,1.005740572662493,1.2646156794040924,0.8810979128406946,0.97898788440253,0.839232453589531,0.8729237061309436,0.883782152583185,1.1928521760826984,1.1968250014137565,0.790315405725498,0.9931105956262386,1.4776714147948993,0.8106848799030644,1.5029219413971941,1.0445430512072285,1.037200808997831,0.47499155017398387,0.881155052439745,1.0247096259744835,1.0984444132966809,0.7972451700986287,1.1863729315175933,1.2722039835647734,1.4858195024906364,0.8295333169136059,1.235717582919282,0.8749164940380783,1.2912982237899677,0.7346946366046809,1.064623236662293,1.0521266399662923,1.0801665738602368,1.3111412445910706,0.4731734650149272,0.8549033408861431,0.8239728770654703,1.409151963300879,0.9838790499539479,0.8855286294099145,1.2241808476977365,0.8823061211556325,0.9719163450862839,0.9117935873678675,1.4565998651524836,0.7303553174219146,0.6032484358997743,0.6941518864827428,0.7630692775195891,1.1447360472999386,0.7742766498035436,1.3167099774613724,0.9554163436630451,1.223758721943098,0.941918579263303,0.5387805388181066,0.8819548488332147,0.9686808067714611,0.5849908338375567,0.7336072252006208,1.1395483237027202,0.9908456056649156,1.5060588207265195,1.3769153502782208,1.476188382358369,1.2746381824728235,1.3966236681361797,1.0005734021110535,0.7776577306391091,0.7207237820521517,0.8829880692708726,0.5624757910818258,0.8985203988822972,0.8590643670630029,1.443891171655966,1.439625490852456,0.6979019295894284,1.1495319342479744,0.7574492205062586,1.235453858019115,0.9562394823133604,0.963526188183745,1.2608574127592789,0.6954591182582175,1.3320830507473085,1.4144064723180478,0.9210674642892875,1.3430545540789938,1.2659550477643764,1.0003571883869062,0.8588870303105125,0.7116734309740791,0.7599284857604061,0.970780832625716,0.7977069337779104,0.7551245619348521,0.7635134038809057,0.9749699425981878,1.0246035657118933,0.9689442175261875,0.9077213193970117,1.1969295863699665,0.6894211892671209,1.5004333454031176,0.7182753316773572,1.5164496189570915,1.2296253359368063,1.1105040282771905,1.3796510436256793,0.8891823035222812,1.2179340840563957,1.4782732691100813,0.8745095814929523,0.6796787919531084,0.8138908068326804,0.7079398476552852,1.442141957671079,0.8070543391169266,1.3756501008907103,1.394909910843129,0.8643161697563011,1.3411773109142593,1.0261222828740002,0.9627471533794382,0.7862582684520342,1.0544428285791618,1.0155594563296202,1.18246440912762,1.5091215104646682,0.8657883209667867,0.7652466399590461
ankle,1.339614014442387,0.0,0.7137284598108586,1.1738984226227223,1.0156244097481635,0.9258767385735076,0.7808540240952226,0.8195990663419565,1.1167481393980778,1.4282711956968837,1.0474264468909698,1.404476623095574,0.6680207362579575,1.3027113313926295,1.0420383000955284,0.9275931401137459,1.3421518852407979,1.3421204777909723,1.1144185514805391,0.814323310125253,1.0627418126150867,1.4466668420068274,0.751720532280518,1.1069791960512585,0.9713503399264958,1.038646375719398,0.8509839997611932,1.0842830743734178,0.5210118139287714,1.2188266750510979,1.0835398661846385,1.241264548672278,0.9394775778305409,1.3538712668242447,1.0481358579363724,1.1548482250872605,1.3420840638135307,1.194573444451156,0.9057055130100498,0.9379250608842733,1.2462799181171853,0.9863046158829346,0.6844004283199364,1.4862309680766954,0.8068798534995917,0.7517371179783414,1.1994130538346905,1.157628077017619,0.7848099639210675,1.24770175430827,1.0347894217634195,1.0500405687058325,0.8106594839087982,0.5060368246805318,0.588411597404838,1.0931065771284052,0.7132435467954261,1.1041334763820312,0.3231811994981454,1.3428411530765116,0.8369079916664243,1.0288872617380256,0.26011598870497044,0.7618938960756881,1.069411286003291,1.2443568531752156,1.3137891813854794,0.546190825734176,0.3838317248677312,1.336751707970422,0.7497025301863187,1.0481200305449163,0.9894009356726431,0.7306090451215996,0.5580949063315263,1.3068545621706658,1.109088701968814,1.3863908465660377,1.2257223748070518,0.8725873617919986,0.9952043728542967,0.7296051384244131,1.3227076681600236,0.9941427658244038,0.6050232913372451,1.2578236207474185,1.135020248083646,1.149432364373974,0.8677465365592835,1.25831316910765,0.7809110859245256,1.0596313983757655,0.6434099279374261,0.5584845159552512,0.41095939057516295,0.531985863942662,0.7528083706297144,1.2641320088248313,0.981508010012744,1.1145471380343048,0.9091256646020444,1.3950949564782489,1.0545597628680035,1.19463358618275,0.7088967915155052,0.6624748175028563,0.9275803003807013,0.7173284851807649,0.8864925954223597,0.6930874854747411,1.0958390752781195,1.0022039086578343,1.0628844619837698,0.9700739438119745,0.5539880824349552,0.7049342320960189,0.9953189365297841,0.8273363140665766,0.6016227266087922,1.3044706912865562,1.1574245650129404,0.9891548423768846,1.2632625594768547,1.273881428735897,1.0215604215611658,1.1720378941419543,1.1192984658810234,0.579142939378056,0.7107072365429631,1.0533275261817705,1.3249817433950122,1.2127067730857841,1.4015836682143026,0.3569371426875738,1.4225416941657165,0.7376485476082304,0.18913741169400478,1.1144367564301008,0.7391940661655162,1.1030261178242133,0.7559279660858913,0.6948829604595997,1.2032458430972044,1.2053785570593019,1.3566355756613957,1.4822985776944346,0.7647866445751839,1.1590906827036969,0.17637382403497714,0.432558572119623,1.0197969060420666,0.5931090367422834,1.0649375651921489,1.3450876218229677,1.348230665652136,1.0598428547073475,1.0709033951767313,0.9806495579094779,0.495664477143145,1.3142327647160033,1.099474735113492
apple,1.4307056280801143,0.7137284598108586,0.0,1.0447446535691252,1.429362993928727,0.3578242329662209,0.25148108760022003,0.4900441591288439,1.0761801984716666,1.5490391828816912,1.0908916896197782,1.5441300461264813,0.5234694102405385,1.558139035762288,1.4284302421096977,0.6874138737295814,1.4816024417802136,1.2155732696730386,0.838716233583674,0.40768443549807143,0.5771439118000241,1.376642028952949,0.42252602423937047,1.1713178291412734,0.8741117582501448,0.884485959885423,0.788691962835976,0.8544857135770074,0.5810752932026668,1.195562045515619,1.3089506816089855,0.871765945101985,0.6884422320311814,1.489596095136256,0.9986971931909026,1.4262793513890464,1.3694252770334128,1.3266586905364872,0.5442947649249184,0.5964407670246539,1.5085551548186027,0.876670357019086,0.2909011001101478,1.5607626222800262,0.4116561039162152,0.7586169387816893,0.862478536771792,1.1770766382270734,0.8802500103158544,1.3867517182247506,1.2275555694148634,1.3644427544435445,0.7373508282551688,0.7827405160137201,0.16192402474504686,1.1684683632714286,0.7273362413410277,1.125329044876132,0.7319464628942184,1.3263720873621467,0.3848525021878668,0.7013906995808552,0.9603083760353297,0.6681233810932493,0.7978181807869589,1.1270338604913583,1.1884044412775139,0.5074981270098751,0.9445338936885699,1.1939588960690695,0.40023418427459334,1.254861936891054,0.7431956711417489,1.173495988319908,0.27592201110474746,1.2589951147773557,0.9137993646632264,1.4300607054332997,1.4450284018343758,0.9817155679789614,1.4680068425088797,0.7613577577358945,1.4702593708334832,0.7988760612622577,1.246897565429119,1.2572692811580692,0.713215731455362,1.15137920645535,1.3259088763116322,1.2157481371689673,0.8998327719076501,0.8120078242218532,0.19469548248076984,0.6829577713157203,0.5695093560578712,0.6920257733938686,0.1918712627899941,1.4637765014010884,0.7866450973497942,1.471045622973257,1.4236720072270972,1.4394372572975964,1.0684379241852946,1.022528001535066,0.4088585143383059,0.4232366972007995,0.9903722372269794,0.6377032965603295,0.8229367835569068,0.860157148026186,0.7673119600231642,0.849411884560441,0.6588011143555003,0.9078974184805516,0.5229312156297063,0.15120923496948868,1.201814692711443,0.6904098963649968,0.6063131988296333,1.4886841222843494,1.0799027574627116,0.8603643128552525,1.1331738870836412,0.8790306894350473,1.3926897764576172,1.1022996105064957,1.4472231476540112,1.05404656869984,1.2757280962726343,1.1224017170595957,1.4096375630801106,1.0845437652841234,1.352881302975538,0.3189589301185787,1.354007119402021,0.1767287751475337,0.8900693165437852,0.8980309265754886,0.5549999014516122,1.2467257411801596,0.7808234153316483,0.13115284850859887,1.3201939240414653,1.4617565783423139,1.2959909763343225,1.4853642842626815,0.36472667100535916,1.1158395541788404,0.5906975488740174,0.5624515816188951,1.1429720974047899,0.7322989257919439,0.6191588011186592,1.1398623576098896,1.1706109612482773,0.9948760178463665,1.00436542452972,1.0767074868521593,0.39813012292621464,1.3582239810499692,1.1670756266440607
applesauce,0.8616668011002282,1.1738984226227223,1.0447446535691252,0.0,0.7801339643276597,0.8249097293682145,0.9857596541609704,0.9651414558793083,1.0454481777879205,0.7248774706483048,0.8701937385236231,0.834507090480661,1.390200645124421,0.9367891885833333,0.7958237277539731,1.1771875923915074,0.8716315787914944,0.9096901198856917,0.9569006690541031,1.194359415157722,0.7900351315884875,0.6996920822079389,0.9099834516450263,1.0854044951352984,1.0001605926486095,1.0925579376559673,1.277034057687021,1.0933527671688066,1.1544710403324365,1.0746095769360724,1.0608195490664272,0.8282056524980262,1.1666039765501952,1.037582309642619,1.057551979303391,1.0628690892768273,0.753636739227161,1.0153916310269846,0.8521377389441469,0.9258951263043794,0.922120126925754,0.8635894673825615,1.3438280499213047,0.8532490739230417,1.1592926988327656,1.2037389302785568,0.6931273608294537,0.892583044453862,0.865344862035961,1.0478635550007578,1.042133623819459,0.868764600247207,1.2638014851049586,1.1623475800881105,1.0333376335156625,1.0247322235263978,1.1459378904350659,0.8660004704222531,1.0547679733613016,0.879088830905994,1.2102275611246216,1.0886233042039457,1.1079506767581946,1.1050255864378151,0.8771923983279071,0.784825177413988,0.5451009485841503,1.270022004602449,1.0373261890851013,0.8415179334920694,0.8727762436592486,0.9010805897288784,0.7750501437626403,0.7500368374815916,1.2913383825731948,1.0250457954412877,1.033292864600393,0.8109084192513197,1.0344412820307007,0.9513864413558869,1.0352430739077447,1.218541031081732,0.9993936216526516,1.18373391447205,1.032491833165847,0.5695292504414454,0.6528371103068017,0.6573871956508357,0.792966492374203,0.9620189635923186,0.9899540162834869,0.7091022244722631,1.2031905793293793,1.238547581133626,1.312463321397611,1.0851865205797366,1.033402318118644,0.8795699676128552,1.0333491298505535,0.8359632508968372,1.1398595594427887,0.6811499501397882,0.9797362286213516,0.6412413535143574,1.3283207160912236,1.2698534302309883,1.1235407387507732,1.060761101210062,1.0613779657729836,1.1973066406436437,0.768343581663818,1.1172924544934997,0.6992709095075862,1.0538845294610073,1.0555875474966514,1.0544655378395815,1.093040591682094,1.2056191814762307,1.2004857388883943,0.9386095554067185,0.9520099277688729,1.1062530134875188,0.5977169464180305,0.7506515083192838,1.118652424757199,0.9219421730297628,0.9217901952898375,1.0818416225831662,1.2062803271871096,0.9034641396986357,0.9552346884728993,0.7264667052442331,0.7681394555514853,1.3197227824160889,0.8839649671541088,1.1553202500633186,1.1656804165314332,0.6428312861345702,1.1076975204040596,0.9332646606901448,1.2027987718570636,1.1496776406590472,0.9961442831628767,0.8691429140552926,0.8236148951397623,0.5750734558762672,1.0994982032064784,0.817029805093741,1.1250533394963675,1.2523700659670083,0.8140520184324785,1.268487467746497,0.8889399029267957,0.49479856657698185,0.905870714289195,0.9918946688203369,1.0143437920295644,1.2766019370863728,1.2934083792794508,0.9187520352461831,1.0173309004955025
arm,0.6760801300579744,1.0156244097481635,1.429362993928727,0.7801339643276597,0.0,1.305287832289197,1.4478632275587147,1.3392169343043414,1.3346329501944276,0.5786885757186309,0.7360766975991746,0.5328903918756562,1.4480112381397103,0.6470777623633369,0.3707642712376089,1.436663367153716,0.6156736942394323,0.9470645403446684,1.276467903607441,1.4645496561055105,1.4284350412074047,0.9072554381315537,1.3287329557514065,1.2082874542069133,1.3165359632090026,1.258284595180493,1.4206736457832347,1.3010336848794122,0.9669033404046297,0.9150085122350968,0.9923238565319623,1.0582570443808672,1.360517480047789,0.7915122723058833,1.1034808378628578,0.58737593363953,0.7967961005137612,0.8575137414019411,1.403264496694441,1.3031539989383636,0.5718255571815521,1.0856663209792567,1.4732852792953637,0.7447789144112397,1.5038756535680164,1.408771084250489,1.2122083024060215,0.9141535928622989,1.0889615371607093,0.8324028338485926,1.0674977203352976,0.5592002722311524,1.2936567756238468,1.075280399852625,1.4175432849383216,0.8329637698117578,1.164893690089129,0.7069517309806379,0.8614813963108685,0.7466222253573146,1.4270303719553752,1.3582952315399797,0.731483217633953,1.4127938710852654,1.2223776521545837,0.8855803077672784,0.7956669785500656,1.257637530243714,0.8250689682523782,0.8345522493344198,1.3054453224288496,0.637497704027196,1.007064288147093,0.40466720003628087,1.4875238462091467,0.8469039544806098,1.2030174414880208,0.6430668415801197,0.5887396020985772,1.226010266360234,0.4095259281443915,1.2834611226022095,0.8570840907553935,1.3359321967590034,0.37130643464717594,0.6824035392750747,0.971477027003023,0.9646129741061661,0.45983272087558036,0.9150486357870803,0.9679193559384165,1.074657733552368,1.3471881047577692,1.37742947937258,1.282367316890616,1.0960754388833482,1.3070189192700403,0.7505857838966071,1.3422084867059727,0.3544754186583484,0.5386771849238192,0.5809951652646634,1.0517120863482148,1.0585862297242121,1.4122553578358679,1.351106629081023,1.0804414330525698,1.1932720818299667,1.300981077549998,1.3217215746973545,1.1434982120464676,1.3001063324981001,1.3850292441292837,1.2652230626216237,1.1920624571932095,1.4153818764159167,1.1200364806447247,1.4939133756624137,1.2110194361298308,0.7228142702012976,0.8771673126484426,1.3640451691579503,0.8117009784602489,1.0411180153769666,0.6821584623857179,0.9342799785528026,0.30186049646362023,1.1288861992484192,0.6646382140401802,1.0819767540800496,0.7077497275107751,1.1056691706143498,0.6716862901695491,1.4167686449153354,0.7869709636858508,1.489792236107002,0.867372725184582,1.1418532447243472,1.4567992643980179,0.7993740134116838,1.2381097910981227,1.4565575306000524,0.9964304493659597,0.36200922522559087,0.7930348917381527,0.5223663293600876,1.5585634651498803,0.9052902133863485,0.9946024853197217,1.1295365879363188,0.6426111992124295,1.3564390733042353,1.340525326395134,1.0531261817689619,0.8387309301236456,1.1966649317481186,1.1794594704188053,1.2103264680667638,1.323923858742708,0.7706887089322594,0.9210056147202474
ball,1.2009807517601279,0.9258767385735076,0.3578242329662209,0.8249097293682145,1.305287832289197,0.0,0.14976079440171075,0.6824958882498311,0.991707657960798,1.304696255138275,1.046993295967941,1.313228257605307,0.9595154113840105,1.3822788024862351,1.2280199731683106,0.8494500056668401,1.2101298708220678,1.0432920297178925,0.8476125065511375,0.7077578137322685,0.6377793042224127,1.0445469206225926,0.6718748474189796,1.0693044422651317,0.7202077762753406,0.8438791575378874,0.97480045156839,0.8893751049380698,0.9634661445832626,1.1984525846502263,1.245884715316436,0.8023680150551454,0.7355028732844036,1.37707785828963,1.0227153871054502,1.3398454656406646,1.1567991410699943,1.1873737471314556,0.5548180400296984,0.7199198437667721,1.3322209874132174,0.9393417038013429,0.7929156742630478,1.2958079511065326,0.6852840655365521,0.8224751547279134,0.5497211914858536,1.0689026590862793,0.850885709937159,1.3181528910195175,1.1450769484581556,1.2073562516884297,1.044709804300085,1.0694411905489538,0.37338950816206307,1.1842858999842918,0.891538210383056,1.1037912127020462,1.0071974166033055,1.2024132300016475,0.748142540441644,0.8069912381771498,1.135673045858485,0.9306551543339349,0.7155486930923235,0.9626848106895521,0.9462232637106639,0.9890039585393622,0.9214223079123522,1.1028868122751587,0.43690570473117396,1.232385595316093,0.8249678731763261,1.1555579866989403,0.6607775095915194,1.0943748262831978,0.884672528906331,1.1668517898095578,1.315823614444461,0.839801804068756,1.3152944107880695,1.0526316824799313,1.3441667148770562,0.8903394524855223,1.299598856553196,1.0559861567822744,0.4803315408301756,0.868479638626388,1.0686194199417869,1.0392463566160142,1.0277603527118206,0.6795195365793902,0.7155741988382623,0.9435713171674532,0.9848568558074988,0.9317780131613027,0.41100869916023774,1.3528267794842743,0.7657590105258569,1.2789400885985287,1.3704839269413602,1.1486596711819355,1.0532095573641065,0.823804414611877,0.8872741332731859,0.8629571863762459,1.0789930942773518,0.911433604528616,0.8596367043840198,0.9303420224364569,0.9061478174436135,0.9266149480882774,0.6874294998243474,0.8812569388401186,0.708014577067864,0.381222226023437,1.0535900649156351,0.8480994956375294,0.8952554664408443,1.400023596258159,1.0352969666514966,0.8301967548743875,1.0161688454121023,0.8084721396943058,1.3155723939435897,0.9344809941259439,1.3332066869696289,0.906171363798437,1.288911428364382,0.9510386599604653,1.3265661920514153,1.0429992797337546,1.1089336023151766,0.8026722644605104,1.1812930488594098,0.5794811253678435,0.9339163266365749,0.8493634748250363,0.8711928389984369,1.0330980227532895,0.9575171416878038,0.6082629577999552,1.0963260182553427,1.3300251569507213,1.06741098498317,1.242219837685973,0.40592196255685975,1.0214749936635381,0.9320682009542742,0.9965250939002687,1.0673105179814573,0.9891212510015196,0.4295425529379816,0.9148004423600476,1.0351293450481358,0.8762623249739864,0.956013298777552,1.1459661181870495,0.831534597331741,1.2680662278455748,1.066552236840574
balloon,1.3594952283217383,0.7808540240952226,0.25148108760022003,0.9857596541609704,1.4478632275587147,0.14976079440171075,0.0,0.597988984179948,0.9318122770960987,1.4279119483430642,1.1100530627508105,1.492994465037129,0.673554095849525,1.450665585006066,1.3978509258171348,0.6668905273231527,1.3702785157425883,1.1159908633078168,0.8230313810735979,0.4560089136905743,0.564611601544892,1.2234052348271347,0.6102519631819905,0.9765616680968909,0.6135602172805057,0.816956341460318,0.6648297150692916,0.8191106246283097,0.8480985551284212,1.1834009625114308,1.1303787552261952,0.8610796917386907,0.6114483549079528,1.4017680844737148,0.9212857202571739,1.387132240840192,1.2191835784591978,1.1902711465160745,0.5787312676741769,0.6727060263658411,1.4527425219481864,0.9859529714774999,0.49927024189112656,1.3981052807256613,0.4463099208734522,0.6861623756644389,0.7307020529775242,1.1499118924099498,0.8633318228342799,1.256434908218373,1.1331334067727454,1.2805264054508165,0.9255739391639961,0.9581735689361692,0.2916109988981421,1.177296670576876,0.8398320263725974,1.2292288425891316,0.9357495125564212,1.3076576014268377,0.5507248257867354,0.6478802297032016,1.0971324156894458,0.6618282205416762,0.7996313041247891,1.1042447916299925,1.0474515796751944,0.7993009421696632,0.8747387215647673,1.2032883251300164,0.4460965688511308,1.3233048949346062,0.9472706537220754,1.259685317559597,0.4367294948785533,1.1423359074300967,0.8273501253008193,1.2788144686508698,1.3843849179034526,0.7899268623205943,1.4390847211050874,0.7899112845887781,1.3018720722203192,0.6654621297783756,1.3207691136092028,1.270684871113863,0.6779847266530327,0.9798829666847639,1.251459684755047,1.1236564432270242,1.0221458838755197,0.8382491185809913,0.5339651588210289,0.6672548517660043,0.7101536322127179,0.8662537867319846,0.32704455801160703,1.3835480949928045,0.7675518550617464,1.4428432847356734,1.4210263310138056,1.3702963684879383,1.099441280637142,1.026501253448943,0.6070853568232378,0.6011697941252996,1.0383794772222128,0.8349564673838747,0.8723366432437283,0.7705032255699835,0.9345015114515298,0.7924157002730109,0.6645121885007977,0.8732266804122216,0.6451088148158914,0.286500909858058,0.9960248407360517,0.7056793828808496,0.8384879118191271,1.3540626070078186,1.1116436977747493,0.7522338608251284,1.196316246723439,0.9492456682615172,1.3615507687984232,0.9547765499572057,1.471232144161102,0.9158803303282328,1.2807879635783426,0.8875071507966037,1.373641469260533,1.009031942689452,1.2129963536720565,0.5484820086484624,1.3206219293425798,0.4021892798119354,0.8418281742574092,0.9278631431241883,0.6018200245272473,1.0385989965016245,0.7430473169096742,0.3627310138954658,1.1330930105652615,1.4764340603835184,1.1704196769815465,1.4341574412171978,0.33598528332458044,1.1255472561794628,0.7940119055755761,0.8235431047199324,1.0660362758145705,0.7309774952298442,0.4777004223068484,1.0523741103842859,1.1153284064901,0.7957329368894757,0.9210532240803586,0.8981839750091262,0.6110706998147774,1.270904204142275,1.067374835342137
banana,1.1545444497645418,0.8195990663419565,0.4900441591288439,0.9651414558793083,1.3392169343043414,0.6824958882498311,0.597988984179948,0.0,0.9309060195025259,1.4607572053064386,1.1379477072634328,1.5143668189467743,0.8041886380864705,1.4782269772445804,1.2647236416394119,0.6836925667757299,1.3768370909569208,1.0619492136662814,0.8637446885855159,0.7182986429567552,0.6221486362536772,1.230213391137527,0.3287552024820237,0.9422732913028643,0.8902938043671276,0.822266607526055,0.9351387360114471,0.9267883096702896,0.7628603912174367,1.2809510007507081,1.2592049917295633,0.5076222466998405,0.819019318282523,1.4400025646304548,1.0332469355346605,1.3978272918858994,1.3732523846129618,1.1243026672778003,0.46394054257987816,0.33279590602507547,1.4847770744348572,0.5481206995807055,0.6216014598691497,1.430515035169531,0.728757092289603,0.787938807900165,0.7907404764034163,1.1465535777507565,0.867411922237038,1.3973243803429938,1.1922231338695228,1.285803976435939,0.7755626321612463,0.9327048957942181,0.4393606106414867,1.1912800120110918,0.9759559991508562,1.2309778984746877,0.9218897558512256,1.253106789361346,0.5837841698766658,0.673072994494208,0.9733785574798494,0.6513669071887956,0.5620423791625377,1.1427915606754502,1.136857686919688,0.8601019509311303,0.8610838082892782,1.2140906441872046,0.5466050678582643,1.274215429745485,0.5964305555505066,1.1494226608517322,0.6546071132110672,1.2211219222684973,0.8853434415548054,1.3314683979937736,1.36949749166331,0.9457076193605966,1.4101269348090881,0.7793145792909908,1.3526201709435397,0.9106764181701701,1.243961779425554,0.9949894540400808,0.48765622570320644,1.0460372053585598,1.1318161424768713,1.1371908521914769,1.0117629533706602,0.7142863773962917,0.7810385753480975,0.6951940138838888,0.8220192399324104,0.9703367870326619,0.4574577740418819,1.3753073177733395,0.7461755376315264,1.402871328926418,1.3821769334656002,1.3318016678306674,0.9284591357126609,0.7887643726590758,0.7189765414993187,0.7100523096948796,0.8970710012312547,0.40273613939898467,0.8540321423869686,0.8941528547109898,0.5806291722960759,0.7905535191272021,0.5529791411526781,0.9044178668740028,0.5559489007433421,0.5070540468195162,0.9916061607551789,0.7621582235449171,0.8022919733897651,1.4168261968622566,1.103587722884561,0.8292059917327728,0.8518866581741658,0.8361013046852825,1.267760734012861,0.9203340905637131,1.4245559706804487,0.8953251576679131,1.2756369690840799,0.9551249530697694,1.4123732467115238,1.0661019003417713,1.189478671042441,0.6699167941782844,1.321075592318701,0.5015182239601544,0.9009745308236781,0.7679256706394132,0.5983803236544744,1.1680318872566562,0.7885192217891666,0.6298172532943621,1.152694171681846,1.4297168075197275,1.2227887264528057,1.4018570753685617,0.517334034097944,1.006271807280373,0.8491419083659555,0.7964075706420962,0.9958518054055847,0.7636579692369014,0.6269449370682308,0.9324046353273022,1.18069133528643,0.8991300851715693,1.0006677256494183,1.0736494317689906,0.7778886899141022,1.3725708776173504,1.0991448307073524
basket,1.146622009810469,1.1167481393980778,1.0761801984716666,1.0454481777879205,1.3346329501944276,0.991707657960798,0.9318122770960987,0.9309060195025259,0.0,0.9883545785831368,1.1007940223991424,1.0686835072782368,0.8970374496016807,0.8857201090071403,1.251118582120209,0.8262359466118063,0.9558197680867551,0.9370991497957551,0.6521989479001128,0.7257851884681059,0.5781271255990672,0.545670320299668,0.9766951328959199,0.6779943212628544,0.5181353211702778,0.9082238626903227,0.5819374248576472,0.7476166139470838,1.3825442394201728,1.1802980220398043,0.5434479184259337,0.8922193972703621,0.7160494069441649,0.8693637148488256,1.0306193113545659,1.276988325322865,0.8977247489786101,0.798910039647869,0.8709365668820006,0.7560773718485723,1.0263357539184794,0.9427918068320218,0.9395698436755342,0.6129236895634707,0.6583113357301512,0.8156021433507479,0.8128263214958354,1.0534735222039637,0.8597540324698733,0.9431361412502204,0.7145697018542321,1.12579556219783,1.1339151593151353,1.2808125827061194,1.1171367276852322,1.18547781649659,1.1832529813354649,1.3233262488685649,1.3539434676920727,1.1069582413037697,1.0714231780635857,0.6494198167920828,1.2744586722082545,0.7285186063263812,1.026747240757398,0.9946436985011328,0.9890845409192164,1.1779048189078731,1.0041138131377578,1.1560325203899458,1.021649662654626,1.3327158576001876,1.1753140419626236,1.3663697376051727,0.9505605594753308,0.9374167951180635,0.9296450371081557,1.057975614925689,1.281855041807117,0.6530432617781908,1.3653032466947264,0.8381080563875111,0.6535982335045543,0.6973758525213981,1.3438329837569742,1.0199787955299346,1.0844794366184456,0.8422323663600086,1.2061857198962476,0.9175355345718387,1.2262797832282604,1.0707767328363014,1.1272287478653,0.6837780073275005,1.0435983875992243,1.3324329996400746,1.1575336789423458,0.9196084304497883,0.8425551080076366,1.2350546439557124,1.3236550848544293,1.0447749105768904,1.0081736262336634,0.9091782517265037,0.9434423535917711,0.950709999076629,1.0587823596876096,1.1710612687720203,1.0104399293141022,0.5646440030337834,1.0534429664315736,0.7015902145228741,0.6988981926723418,0.918107950461938,1.2503992788367306,0.9368504316318381,0.4723413129648977,0.5245145991156036,1.3149236305243883,0.9701491036538054,1.1503685365212084,0.8118143257233135,1.1258843363304873,1.023584087806776,1.1005299754844937,0.8981123600367935,1.3547268626371602,0.7575348697192407,1.2619343152216334,0.6723410132259047,1.0732526253635868,0.7410145782330662,1.0513363183510995,0.94372830956283,1.119832926987758,0.9595433928477256,1.0288341820205298,0.9891141236309591,0.7959250965130661,0.9856448066847605,0.7793847758975234,0.9256707308035638,0.6657501619755842,1.349569179086599,0.9355294245979773,1.0695893888066048,0.7406937795161898,1.045486342676506,1.2487287219645145,1.262744231474746,1.1312973225527294,0.6477766691363731,0.7117907263272159,0.5962640212652447,1.0520798550800807,0.6182998738106822,0.7772441117089901,0.6758873444953372,0.9557464128519914,1.058842701926455,0.97791351152765
bathtub,0.8184804451523211,1.4282711956968837,1.5490391828816912,0.7248774706483048,0.5786885757186309,1.304696255138275,1.4279119483430642,1.4607572053064386,0.9883545785831368,0.0,0.787902788594747,0.29941289007196314,1.4448735810428979,0.35881875168256727,0.6976180914383763,1.416452354174702,0.5113235039670555,0.616010462121926,1.1538214563438165,1.4315284133883217,1.0896905467423985,0.43770533543027423,1.5045346518970852,0.9784549916860268,0.9079717942137527,1.2757551156504165,1.1414624650653686,1.113336191598487,1.3304067064381118,0.7953745774539079,0.7124081368920636,1.0159150823059067,1.3506513118122996,0.41222091131827554,1.0339856658015898,0.6830590985862098,0.476779714203463,0.7958605427936084,1.3973668846264191,1.3825666203665876,0.4368006554820405,1.276210134860201,1.5461852440186752,0.32578447305110747,1.3689190160346403,1.4473865920766,0.9881994871122328,0.9923644588960826,1.2978530497166552,0.5427643134785768,0.7215900609388037,0.7809781976479098,1.3331820680189503,1.3624472082347099,1.5426055492676127,0.7578936417023806,1.2961316194692842,0.8363324810291096,1.2915233016242094,0.6313256412450274,1.5304017576214595,1.337692669245252,1.2159301612929705,1.3738749207841892,1.3029357234025996,0.8273395233657861,0.7478643412736907,1.455541935793984,1.2655762844765572,0.660726719931299,1.438357574538975,0.8417968297653866,1.273304581073587,0.8948788470694502,1.5741428417839847,0.7290521291356918,1.1846746604477287,0.43690854641267185,0.6178181568120243,1.1464425286165787,0.6048004489268108,1.2826195566282101,0.5506187996108298,1.1675570114686507,0.8388164655351507,0.8423420324896005,1.0358894562281382,0.7356326779852026,0.8496986000394658,0.7910233155674101,1.0838700606494687,1.187873540100909,1.4568424012124095,1.3644800718054784,1.523518748463979,1.314250450015638,1.449694421594002,0.4256699943019271,1.3713941939519145,0.6232681546253749,0.7211151139861609,0.521452179267124,1.1038623895850033,1.0914270590562434,1.4765739372382498,1.4761042804702211,1.1875342140452163,1.3848299036685645,1.2925031746584632,1.2856464260308567,1.2456354111139611,1.2594135816924577,1.135549679101132,1.2320943032659615,1.4807050665832715,1.5586541090748929,1.0414228206893357,1.3630920197289667,1.4097684381712843,0.3651956898886872,0.7242337154991523,1.3302045844805686,0.8939982920931471,1.010177551939085,0.8512800437635563,0.8966119690846882,0.614883233449971,1.1532994051181247,0.9188432606638676,0.9419294714011274,0.2679944179728393,0.5029029066609236,0.4276876569250321,1.589260251570066,0.5557160628987943,1.4911845587119983,1.2887833611888269,1.053824020374258,1.4079636290750335,0.8157250748834609,1.2814829395433904,1.540438409773886,0.8251574668725403,0.5785062325833202,0.6659034808623999,0.3659246430171236,1.4063121786852586,0.9496220349087348,1.4120124534663105,1.4246253646250415,0.855471695517386,1.3526126663865519,1.2114619321196332,0.693022301690562,0.8241867723432678,1.078534087874597,1.057920959660502,1.0427044437374877,1.5033121038582165,0.6013086485503856,0.9166004162990289
bear,0.8070051719573026,1.0474264468909698,1.0908916896197782,0.8701937385236231,0.7360766975991746,1.046993295967941,1.1100530627508105,1.1379477072634328,1.1007940223991424,0.787902788594747,0.0,0.6351498565271483,1.1030719319131799,0.8935263824370338,0.9357316169042648,1.0824748183055906,0.6987217941177448,0.8706718238685653,1.136451728996355,1.1818888898316553,1.1492426583203035,0.9810253000971476,1.1312746153627542,1.2173227029799507,1.1356341596351518,1.0436301538264074,1.187169019716035,1.0004866736833042,1.0105331928784285,0.6084287595730782,1.0849198920467389,1.0365110818529553,1.1554279636344393,0.9473728231865693,1.020458435437162,0.9481082146025255,0.9778617283093225,0.7853618873386412,1.117940584439458,1.016598768555267,0.8562822564625934,1.0528373430438904,1.140169687073818,0.9467315909425267,1.1852315861591887,1.1362898350948514,1.1301830939918287,0.857349036378533,1.2587782758594064,1.0381825427301967,1.0713554302978063,0.9828497959725355,1.1444240058510804,1.0530469153077027,1.1563333927369344,0.33165457981853097,1.0180930419350651,0.9549050169106589,0.9376662486759577,0.8541111268758836,1.0314939554156222,1.184150418150952,0.9550757997966443,1.1196805311730136,1.0671015659345038,0.9765360451807419,0.9561842384880213,1.1103029084016984,1.0524024328937274,0.7001614881711716,1.0946203460639439,0.9641781280477595,1.1335817418314302,0.8860895877179717,1.1909326976948391,0.8763206290421978,0.9097339613420033,0.7687195125677558,0.8296394919504871,1.1196098474515095,0.8266864453216536,1.0536928022143002,1.0503467845201129,1.143431194512257,0.8759027549245221,0.8996057931374782,0.8839940553395338,1.0410907411957326,0.9106026041154338,0.8848472303881664,0.9899982650357358,1.0371445707359084,1.0600212310793498,1.1885158879956392,1.1257657153688927,1.0288511645659695,1.0753313852549862,0.993450499879908,1.0179858663639756,0.8682237753679162,0.9661638112180687,0.8482623875260185,1.0234733815783614,1.1309004151370408,1.099542175524313,1.1109425016982575,0.908375397589098,1.0773614445987414,1.0734990540334786,1.1100433718345817,1.154537148798228,1.1508062052077077,1.169116294290363,1.0018271166733175,1.1171557810559358,1.1051268677914943,1.126197132871319,1.1866852082860406,1.1425338431928236,0.9515653938307164,0.3802549789855504,1.1769699419108814,1.0017756008920495,1.0455749501836475,1.0497803998212416,0.9476020596380774,0.8933235847981154,0.9867374732263307,1.0436738224745987,1.1142441770178806,0.7995696317784996,0.954864562588109,0.733565684839053,1.1200107134713886,0.6449453654743813,1.1105921416230022,0.9966523197762351,1.135272625104386,1.1652262280970742,0.9582641729192968,0.9335458671842175,1.1571257949999512,1.084943159462869,0.8661830212530928,0.833227459309414,0.8302960569029177,1.1933300930538613,1.0447549289637625,1.0307730505338308,1.0579382345553667,0.9867432024129082,1.1585922727090718,1.1691389685631413,1.0780450942438327,0.8411755626709267,1.125724922965471,1.0464118759145447,1.1778389783876113,1.0678262313697995,0.9102992891738982,0.6706478506484355
bed,0.6713775616105134,1.404476623095574,1.5441300461264813,0.834507090480661,0.5328903918756562,1.313228257605307,1.492994465037129,1.5143668189467743,1.0686835072782368,0.29941289007196314,0.6351498565271483,0.0,1.4367325286009667,0.2771898130305559,0.5550807492338665,1.4385745857821541,0.15664807852469487,0.6198816492353596,1.1059863048848733,1.5108417128437375,1.3601593861664723,0.6060846979012234,1.5500637086796165,1.0983421811601994,1.2317227886616302,1.289383931643543,1.3529399497339698,1.11445651598705,1.3172797775670206,0.6848984299631271,0.7305484178148768,1.061023433182669,1.4021735494844294,0.4297778288210019,1.0561893812749212,0.5393161148775709,0.5064476641079705,0.8396067814121346,1.4710889715225899,1.408617566008545,0.18351232823272623,1.3028515417468232,1.5601025563245858,0.34273804012188736,1.533406870646156,1.477440580149929,1.1126074524072618,0.8540187780275421,1.2097484685495485,0.6990841678728769,0.916120064318903,0.6584908722791583,1.2489319713336848,1.3240714342924607,1.5853333810298202,0.5605576320234684,1.2833507522701013,0.8093920544987078,1.2992878506321988,0.6323843464459783,1.4449739528839007,1.390358718043585,1.180024507004256,1.5593020823625239,1.2761285092380832,0.796728944102424,0.8859164062600969,1.4273828593146565,1.1751784503720877,0.6135809270150415,1.5081595117092843,0.7993183759679987,1.2005972443534891,0.9162563354332394,1.5301633723876145,0.7543015930185879,1.1539874803970442,0.49595056612847865,0.3964992657689499,1.3138921834007176,0.40095816661209915,1.4047655003545492,0.617222665165731,1.3203478792951233,0.8748846635113288,0.8097769509125472,1.0869467056997997,0.9674590191839938,0.7247782948113661,0.6898326056083494,1.1293734435952878,1.2271451531203954,1.4282300545322126,1.3553491938604505,1.5313487290092336,1.3353943478885413,1.4652944136494352,0.6338022085452039,1.2745554137586805,0.41829950793180914,0.587162375112043,0.4832283541605795,1.0880534817611391,1.1543941064430492,1.5087856877978991,1.5336121701197034,1.1332151415689848,1.4451762802352568,1.2242071612868812,1.0882132870155954,1.2647442012189014,1.294789166875285,1.3413063157801297,1.1978144490297302,1.492930614377782,1.5430999008312178,1.0018685885809835,1.4277464745168387,1.3717811568906297,0.5863318215762945,0.543799274959702,1.3744698484328328,0.9122758406177217,1.09697223605091,0.6336780668647551,0.9992512543539408,0.48235896422854574,1.1292384284217558,0.8211088514825571,1.1354617667287108,0.4463125004734987,0.9121617377639589,0.4200673753453146,1.5611999159728507,0.30921760912031615,1.5238973021315758,1.244640024589995,1.2300711910200641,1.590150157094853,0.9647113586127448,1.3406533498324213,1.5711329378713694,0.7577619885703455,0.4264649347263306,0.6767412425879837,0.28918578606108847,1.505151875893405,0.9371937249188255,1.4146237177499588,1.4357270444647912,0.9905129246951564,1.2826135864369654,1.2451060003700956,0.8609093528136686,0.8155597843585412,1.1445613093279066,1.1122567455094818,1.158013302358547,1.5296340429915407,0.6354649480480492,0.8786661789544595
