,alligator,ankle,apple,arm,ball,balloon,banana,basket,bathtub,bed,belt,bench,bib,blanket,book,bottle,bowl,box,bucket,can,car,carrot,cat,chair,clock,corn,couch,cracker,crayon,crib,cup,dog,doll,door,drawer,ear,egg,face,finger,fish,flower,fork,frog,glass,glasses,glove,gum,hair,hamburger,hand,hat,jacket,jeans,knife,lamp,leg,mitten,muffin,nail,napkin,orange,oven,pajamas,pants,paper,pen,pencil,pillow,pizza,plant,plate,purse,raisin,refrigerator,rooster,scissors,shirt,shoe,shorts,shovel,sink,slide,slipper,soup,spoon,strawberry,stroller,sweater,table,tape,toe,tooth,toothbrush,towel,toy,tray,vacuum,watch,window
alligator,0.0,1.0934968374635945,0.8959523972927944,0.9535639363977225,0.9868153804850806,1.0307594686345238,0.6621961956827442,0.9156650703705009,1.0950296498829903,1.0380957411929523,1.0152043320153368,0.9743711409630167,1.0337773524141427,0.8860353912356475,0.7403909252365107,1.0364448206686563,0.8902896961242601,0.8964622084598689,1.149396531102381,1.0792310132117742,1.045230975512303,1.0569459636255039,1.1546998387576228,1.076046935704038,1.0253278976077245,0.5670338496209868,1.0900172523441496,0.7784615350336644,0.9654583486925667,0.9857276019175568,0.931184371383845,1.134685855938943,1.0317516736959718,1.054828054813951,0.8311574801717466,1.1323228340371259,0.9814544536091625,1.152373949685358,1.0873993047755077,0.9477213614174168,0.8818504094240788,0.8117062108565636,0.8540089207589437,0.775464877004044,1.1864926060297636,1.0103822613538926,0.9606581067875747,1.217369280051872,0.9054990296759843,1.0685023755473813,1.0468777557317341,1.2022674735239818,1.1099575678733389,0.7328138819598551,1.0060677763317236,1.0820141964013494,1.0532163816942615,0.9334220346639106,1.179444077125311,0.43591044590544237,1.077887644809401,1.0990011018023285,1.0664567778877636,1.106955027973236,0.9335936501600435,0.8995543215660632,0.963710395995501,0.8481066217690023,0.906015560085924,0.943574717703188,0.6552615021874343,1.0409693923510361,1.0762212076921351,1.1491999902534258,0.9853609466271286,0.9427061929560477,1.1359127462457514,0.8529391446581721,1.1051085286738003,0.6681931177989765,1.0449632944693927,1.1106696323330925,1.066183070097271,0.8539002955743629,0.746272404597347,0.9943074328103217,1.1318734692945422,1.1877263398508584,1.0457849460706854,1.0840782693043467,1.119091737877379,0.923610995688412,0.7989267874942669,0.2511528244002519,0.9439497815168562,1.0013803062965188,0.9802952960149826,1.1498441053620163,1.1921684505598928
ankle,1.0934968374635945,0.0,0.8391369590309034,0.9203735079344012,0.9533334924109911,0.758693886648969,1.0998657167350718,0.9349227218918179,1.2281164534760105,1.0372327669001513,0.6623194254736342,1.0744455262054649,0.99255952685011,1.143595115043761,1.046722179406946,1.0379433922215766,1.1245885887756,0.8363659377048478,1.0870663789145734,0.7034864856085381,0.7528776609769392,0.7127962361648333,0.8837257491101952,0.9241465014667168,0.8774348459169503,0.7080735417349722,1.0162422320338722,0.8099404421034915,0.6403531868891567,0.9757109784879932,1.0899626796815856,0.7791344055630369,0.9892243071061443,0.9332146613626692,0.9557977280253229,0.5229206572617474,0.9497550184280876,0.956987367213735,0.6408008599657693,0.6891541261965621,0.9137052666955121,0.9227948947415882,0.9586913872961722,1.121189344523631,0.5169560019629124,0.8480837362836864,0.768071302065976,0.8871597733914616,1.1821344890906174,0.8376590654462917,0.6149647223122097,0.9249008438852208,1.0495967669054413,0.6821901758309286,0.9411639138238135,0.9058247682818809,0.6039319447922816,0.8932331939508018,0.6007841686744649,1.0056634474064738,0.8248390583466048,1.1284456668986171,1.0581142605077465,0.7345750120715131,1.0536180757135614,0.6370211333691145,0.663581797761234,0.8830433809775627,1.1305545821906664,1.1040974437884383,1.1563987272072909,1.095098468740139,0.5474167758427886,1.0996795838963935,1.0528001433930345,1.0819441540521109,0.937768986697146,1.155776823683917,0.8927379262976561,1.0830088700635914,1.217409392886601,1.2385444481622132,0.6139705064396104,1.1603720091659975,0.9079582643442079,0.7970813924962168,0.988799979418181,0.8182061137584213,1.2253329946181866,0.7686094557741938,0.2933842944333236,0.5157164404891788,0.764948596216979,0.9457137647910031,0.949980462020358,1.2285479269580342,0.8731225399726341,0.48849706392052283,0.963809838432555
apple,0.8959523972927944,0.8391369590309034,0.0,1.026581607765543,0.14612252416893678,0.2503484838484096,1.1007702035493523,0.8294856194301234,1.16232704497263,1.2691405553516908,0.730839399367464,1.194216060729934,1.1290279543062476,1.2881409156288943,1.0022524989716097,0.9363532696127959,0.9367344965686545,0.9250258788329423,1.1210833529090074,0.7413566482351565,0.807823019236528,0.8318833129073524,1.1120965295688043,1.1754495208224875,0.7113937961936114,0.8609421662269372,1.2346022458392816,0.7855298775331438,0.6435584798123322,1.1513028103191167,0.8426938869470967,1.0463659908388911,0.8797875427726576,0.9927798074206106,0.6319689048712239,0.6774859024403611,0.2224856144979298,1.099600478794031,0.6012788298632211,0.6753285016884009,0.7315672309264463,0.9103875225054251,0.6830158658513561,1.0584818407088799,0.7774424105272342,0.6711160084039007,0.22972359144081722,1.1073340889515855,1.0444091693024773,0.8178559397718166,0.6363849012354358,1.067210944333904,1.2063579515607585,0.7286681341974431,0.875818951093595,0.8817606408069083,0.6301450558959097,0.7722859016345733,0.49880669867294214,1.0495640426652957,0.4737714793312544,1.3040259323912524,1.2689442837330038,1.0683132093604448,1.1404564494702099,0.7229975428790771,0.6643052881921419,1.0642517566395127,1.1020960658777286,1.0303477001590144,0.9324012310805527,1.288453866223903,0.6376195228587197,1.3214664706436428,0.7989122947905927,1.2143746484041205,1.239004172821023,1.1538223098953666,1.1303401610846335,0.8829147957009726,1.1111671969590162,1.2250426997238844,0.6412249940869132,1.1811061566352423,0.8318949325788063,0.22673234997587932,1.1799472636768904,1.1146454550905893,1.2048504104390036,0.9333540975129341,0.6384665550236063,0.5985327098841828,0.7391133902763352,0.8825519759798786,0.1311651671379368,1.0017905431859135,1.0218045891782446,0.6594430504015243,1.1473608960930533
arm,0.9535639363977225,0.9203735079344012,1.026581607765543,0.0,1.033753525755093,1.0651001056603602,0.8983007363359894,1.032803942279381,0.8096334958527571,0.5431791020872685,0.9606044468186529,0.6273389277169623,0.7871425293514123,0.7826126175257639,1.0916989690205343,1.0928473772149012,0.9029737357604455,0.6864035725494398,0.7533786830591196,1.0020561526195424,0.9263021390995326,0.7217311559652833,0.6705301276570399,0.5603381648479046,1.1376425669737038,0.779316647333024,0.5005159446592603,0.8880394922929744,1.0897640486314533,0.6629776299503899,1.1673318889676059,0.6702518365313523,1.0239263690485214,0.9167146824666932,0.8640628898006131,0.9566021311640643,0.9242231382734917,0.7358565014449344,0.6514038137362601,0.930745828037367,1.1427986917946504,1.175850004512251,1.1343291451111563,1.0281562099491486,0.9741491055070575,0.7488647739832432,1.0174782167836967,0.6705035341987482,0.9754357819229138,0.6303029523005679,0.9685277411287048,0.6396404446264676,0.726812357138126,0.9229306760827916,1.1846204133031437,0.466265733115079,0.6879083777160081,0.787421799278853,1.047080865871569,0.9560887024769747,0.5723104773918131,0.7173896239676056,0.49808101086884427,0.527438524871604,0.6734457696315055,1.0011825716334573,1.0550351660212922,0.9557170602290236,0.8638360696347969,1.1164044809107048,1.0441988682464411,0.7820783409139123,1.0587965617410824,0.735329750360982,0.886751359923486,0.8781966524182934,0.41541400376657356,1.0054306991384236,0.4275240663935277,1.1270364395748425,0.790255439390396,0.8316687552518524,1.2018764833553695,0.792228031613009,1.1445284628901615,1.0913618835384122,0.9598180567367919,0.5994730023759667,0.7875221835914327,1.2228656283434476,0.8467653058252717,1.0045016653447223,0.9036655287465817,1.0246106951361447,1.1091176406544723,0.8878215064447402,0.9933042723016302,1.0241358393936617,0.7872611706353422
ball,0.9868153804850806,0.9533334924109911,0.14612252416893678,1.033753525755093,0.0,0.19947833141254556,1.2566904157604881,0.8530354230898138,1.187016514565796,1.2134139649517237,0.7302355260465412,1.2205068302304025,1.142974054515952,1.2738913680749335,1.013175753939992,0.9780843365897449,1.1243175207866343,0.968029754024482,1.099168927240162,0.680103214121318,0.8188122453634995,0.9539211015329404,1.0951390527996157,1.2154033728005316,0.7558159440812183,0.9617261763357229,1.2068925993070125,0.9316082249797342,0.6532656201930513,1.1820601921739469,0.931144625603211,1.060656167025521,0.973661072462553,0.9933460483004238,0.7083617940609505,0.8152170617255141,0.12801539284281427,1.0741456172789947,0.7837181592655609,0.7611996009062998,0.788646898749467,0.9588316647018976,0.733076770085695,1.0998272803415605,0.8712099051995184,0.7816494112250165,0.37509554891419095,1.1096842493998014,1.1483162223264756,1.019238442405279,0.6788920697177979,1.0426279732064763,1.202136927899324,0.8388493492210708,0.8188237283561889,0.942498280912715,0.6862885518990908,0.9074536345638253,0.5268627333741125,1.0950137421684296,0.5165445766121174,1.3088322399191155,1.2747163626412668,1.0825057202652806,1.1692564277155602,0.7400538299107449,0.7759361121740935,1.1167945846096592,1.1869506991372858,1.0941522247985895,1.0792610755795216,1.278791155872703,0.7168459442748438,1.3329255883414066,0.961618602121719,1.2561286003537422,1.2252602588244699,1.1554908512387285,1.1405166877960806,1.0830082393407157,1.1787372749792135,1.1398029366681561,0.650940580483723,1.2306702772616935,0.9556939368862859,0.44330736970719,1.2022610884858413,1.1028978412746988,1.1860774415750435,0.9344070855124419,0.7868323209409538,0.7259329833522384,0.9308897021086411,0.9766346604130833,0.03570548410708019,1.0795618942991165,0.993092377925341,0.7276372085455323,1.1686689647489665
balloon,1.0307594686345238,0.758693886648969,0.2503484838484096,1.0651001056603602,0.19947833141254556,0.0,1.3587724418796783,0.6445470864532189,1.3038071201185666,1.2374123978841407,0.473371589368067,1.222913180161896,1.2150843643877753,1.3532689948546819,0.917152485773522,0.9098212072159632,1.07987686997758,0.7875711715228748,1.1409679206031271,0.4371153329685391,0.633174710484718,1.0323991890440554,1.0432106507222083,1.1626831347847575,0.7269901036643348,0.9031749895444964,1.2631480488456306,0.9334880383860158,0.43687653005310345,1.0826836820424668,0.8295194320405348,1.026596436790472,1.0296488273086746,0.7671369143853507,0.6629054885982288,0.7323301493318388,0.3368586313553781,1.2076345012761855,0.7829218975700913,0.7137691626539666,0.7278246766462466,0.7416620744477418,0.7584595775292392,1.148084749852206,0.7570923902484804,0.8489563628748604,0.43804903155917185,1.172771315142118,1.2839794209790176,1.1344965609808624,0.4313586298353773,1.0793902715802317,1.3480366473674865,0.6102786371522414,0.6460165056118392,1.0881221702145845,0.6181426466591993,0.9350595965131534,0.4965427454379985,0.9514404126899446,0.6307357511252755,1.3799787925433016,1.4021964375728577,1.0434840890598522,1.2189584873497312,0.527543016765064,0.5827271722506508,0.998100036496585,1.2842940208673277,1.0002178389207614,1.089336735644595,1.324482408465246,0.7284825554930257,1.3587946779944429,1.0854614166819956,1.2868220716452021,1.2799745068599768,1.250512819040507,1.2401769052971507,1.0336805652612746,1.2780820136315802,1.2856453066417641,0.5497315449319206,1.3528581647287417,0.7804155432421236,0.49101672914952477,1.20103848747036,1.0801286905800507,1.3462282705455375,0.939039231527781,0.6959699557889736,0.5259893766027729,0.9081015609645982,0.8449768770253782,0.16234062856843778,1.2126652047008428,0.7645879088047177,0.5678723395086297,1.0556187240787647
banana,0.6621961956827442,1.0998657167350718,1.1007702035493523,0.8983007363359894,1.2566904157604881,1.3587724418796783,0.0,1.255062272254159,0.8565646268038006,0.9166823075535097,1.2215553920195261,0.7974212550561262,0.9197469107572103,0.885830722663459,1.0573441438377758,1.0151057375091288,0.757031646433464,0.9513006071711534,0.8934548664041742,1.3044397509413659,1.2644680862757343,0.8063355749958148,0.948926630972417,0.8183250154456705,1.0617606172525453,0.8610739947048538,0.8280330996232147,0.6600401462334764,1.2194522418174567,0.9915746101628334,0.997146716484051,0.8987901128762315,0.8306539079051576,1.248340243407003,1.0011984491864683,1.0160367918016622,1.1472176746283633,0.8946592157919364,0.8411987766268267,0.8617100795770956,1.069417749013255,1.0826593617628675,0.9306463641492005,0.6198437854963816,1.0155380039313044,0.8256736601992866,0.9918921292562932,0.9426868821162291,0.606788320574188,0.6117667524371952,1.1866713336145585,1.0571128548444089,0.7718493163098811,0.8690562870614452,1.115944273404827,0.7623390887068746,1.1042218869823395,0.7713286862654136,1.2225834050668247,0.8566168274633306,1.070789944262828,0.8636473782704013,0.7459997913556627,0.9190123141360798,0.8363060692757522,1.141751041741558,0.9813995383319052,0.8390200237164173,0.7099924305930182,0.9883216330328842,0.706496357695195,0.7577270153318508,1.0336893882374947,0.845635920866767,0.739676253008325,0.6797301981862478,0.9241733281072162,0.8713615141127543,0.8297407421576575,0.5702570608086126,0.8293042463412955,0.9582068224856272,1.2345800240759588,0.5792656170816834,0.87086122368276,1.041421881350478,0.9217782787356431,1.000286918591209,0.8141356296465261,1.0665190550317,1.023091521689628,1.0030073531179278,0.6119650591174711,0.8527175320581534,1.2503387385819313,0.8921375363309417,1.023006576328508,1.1041056049636826,1.1214365622580058
basket,0.9156650703705009,0.9349227218918179,0.8294856194301234,1.032803942279381,0.8530354230898138,0.6445470864532189,1.255062272254159,0.0,1.2951102969836836,1.2476004870844704,0.6736670042860015,1.1956641675504769,1.2351179939141388,1.3141422662066913,0.5087541142477592,0.7980075193939971,0.9976207422290854,0.8186801289006344,1.2815126775898278,0.5813280753588278,0.5718603678364231,1.2267385748387063,1.1830733144935317,1.2074310085893818,0.74252964347738,0.984904629394088,1.3408005459543306,1.0251778623727408,0.5414719458676213,0.9317558459715864,0.6661547443551606,1.0841501383895833,1.1423690353700393,0.5593786599949133,0.6174832646045595,0.9573803109013237,0.9365371863443284,1.2757810072656117,1.0033698961089172,0.9330337814980798,0.6626319545182802,0.5782424776169854,0.9823545177497213,1.1239346656395441,0.9793153350348452,0.992635925743797,0.8983987251306548,1.2777997930924685,1.2471791603114086,1.2828493499417963,0.614566118041294,1.1795833825818849,1.4303410902827578,0.5834439763808591,0.5202700066455239,1.3127753789175052,0.986262700619358,1.106467421824107,0.7937260484147951,0.8160428007258411,1.1066480832832406,1.287155593979484,1.3346646177951347,1.150356314697455,1.0216906453856662,0.5720199934362644,0.6672905415813319,1.0075464381116217,1.176220541671297,0.8665799335315704,0.916823879913626,1.2288310930877222,0.9176853006838562,1.296805478815999,1.2312239097901678,1.2011366301385884,1.2806352392955418,1.0966440402652977,1.3433482576060887,0.9418609528223136,1.2628574858980233,1.2475336221884838,0.6568505253786115,1.1551031382806904,0.6221460441664256,0.8692941044748954,1.0432432929096396,1.2150712169911906,1.3789201555442054,1.0196917114548258,0.9436763513974432,0.7506004251382496,1.0001911046220697,0.6649736272220753,0.7832061871976068,1.2034574895076378,0.612338154480397,0.7665171990902201,0.8797189043043179
bathtub,1.0950296498829903,1.2281164534760105,1.16232704497263,0.8096334958527571,1.187016514565796,1.3038071201185666,0.8565646268038006,1.2951102969836836,0.0,0.5653604389540025,1.368683738529526,0.5429139116402604,0.7378588715855341,0.6416014282720106,1.136530106424376,1.032311387364562,0.5024765100767438,0.944348458956135,0.37585290694561246,1.3695924569465467,1.2611286799509598,0.8512453158450995,0.8408193266346033,0.6829612133069688,1.199755511923291,1.1433840664398216,0.5475667251081064,0.9079353674207145,1.4170538171998244,0.69630080440232,1.057905141150858,0.9128210556265465,0.9698793616675477,1.0803845661671059,0.9573190520847888,1.2152549415878064,1.077914126023565,0.7883535496414358,1.0155972654796819,1.0831660734843773,1.3825292580866346,1.303847507743558,1.0911029268337469,0.8353410664638743,1.2356319810809095,0.9630466243770974,1.0597074949677499,0.7497961126231878,0.7824199914862814,0.70951332875612,1.3662399782910977,0.7480052717132791,0.5754934219508496,1.3481012937293961,1.4020825262657368,0.8519519680543202,1.1145918046636405,0.8772130311267868,1.2974094679577077,1.1658297092824952,0.9643717918389815,0.4487145534308946,0.5345960730895926,0.8993546958287952,0.740693452076884,1.3464807544214168,1.3518700348997845,1.1620537415598986,0.7690567242849866,1.0497638948007475,0.8125729660355863,0.7554846706081018,1.2990526647362906,0.4798149924727507,0.6215089801864315,0.8556524909685062,0.6180688569351003,0.889976073106816,0.6742421345291487,0.9326949499676398,0.09858339783054015,0.6396625631443087,1.3668464241503582,0.7530767080273132,1.2041790204956935,1.0144366764755934,0.7865445953054033,0.722839588216794,0.33317614098849146,1.252072796433097,1.2191559616396763,1.3164736263048848,1.0487848106128843,1.2961589888217826,1.1978032803553018,0.21484185413243306,1.2040169322717043,1.3345572440603535,0.9029835521215366
bed,1.0380957411929523,1.0372327669001513,1.2691405553516908,0.5431791020872685,1.2134139649517237,1.2374123978841407,0.9166823075535097,1.2476004870844704,0.5653604389540025,0.0,1.1619642118377809,0.3660251512198859,0.5656806593477642,0.3387830629571724,0.9926233792553416,1.1415170862959496,0.8254408229736947,0.653888667589761,0.5448587662438613,1.151088845733642,1.1031245934537843,0.8728793410494659,0.3886806921674777,0.2876570497965837,1.2430835683273493,0.9766597205591406,0.10125908840868025,1.0702716251245394,1.326504911678442,0.4916179568503304,1.2259969804470212,0.5115356090704835,0.8904725990293132,0.9935435433074233,0.9310166429390165,1.1200204149635207,1.0994784691027173,0.7420802176605175,1.0076189583376431,1.1436083755986561,1.3512806846842396,1.2820333448452301,1.2207638903027074,1.0198445126828815,1.127867644639334,0.8533266634558385,1.2333659838941384,0.703198463816914,0.9064288376772494,0.8045187430169359,1.1958857043355562,0.4080272594577924,0.5238741683861682,1.210570199820045,1.3856128895844506,0.6376032705961656,0.8332195754475713,0.8550669906931041,1.2848428369420848,0.9342057968749524,0.8111012519881928,0.559221594094774,0.372638258234533,0.4229198865524224,0.5898683537945397,1.1832805009244414,1.291898654968325,0.6610244451219607,0.7751004913684938,1.098692662422778,1.0450310974530135,0.49574407419744326,1.256102528168073,0.5232250074322891,0.990774820883379,0.8342637230100419,0.3428282820059312,0.8797047967434526,0.31314630842573177,1.0839803752079646,0.5795124140645956,0.6763937220874674,1.3656941570208048,0.7690664365748909,1.171143706626595,1.2809488227858719,0.708081899475398,0.28547520824954353,0.38289461132946867,1.2706404941282303,1.075602698985186,1.2635564866822127,1.1254132524919067,1.1431152840648724,1.2592096095650103,0.7433686777658325,1.0638813331641774,1.2121216633219758,0.717583247286742
belt,1.0152043320153368,0.6623194254736342,0.730839399367464,0.9606044468186529,0.7302355260465412,0.473371589368067,1.2215553920195261,0.6736670042860015,1.368683738529526,1.1619642118377809,0.0,1.2078740707581819,1.205740117901501,1.289848762134334,0.9111879332856884,0.971386142224235,1.1065956067970406,0.7759576826986341,1.1548835840692542,0.328635123202903,0.5852125405590755,1.0966662232676276,0.8614711825059927,1.1033196567614532,0.6942670818571406,0.8866683278710277,1.2334328459987358,1.0173782506845277,0.37209286359116134,1.0949843449848102,0.8900478140162857,0.870967339487265,1.2632963848385348,0.6794264108937953,0.9041871639173195,0.745336961041194,0.8862715368336531,1.2556326934559225,0.8979159801957339,0.7395278116798922,0.693386496507107,0.5651894657532301,0.8386498112827178,1.2450290536383437,0.7025681901971881,1.07082321596733,0.8574662534943729,1.1553550690892758,1.3390702702420652,1.1860323795707537,0.3882646330337023,0.9606669865093106,1.3501621045372756,0.5500439205616214,0.5435412080707807,1.0088707646321466,0.6778411155682171,1.105878628559738,0.6087195610910636,0.9017141972139587,0.9309874691459592,1.312810296070629,1.2507103814956106,0.7677338351392997,1.1920627134811235,0.48984814068268157,0.4718750560968372,0.8711179606079302,1.3521554109917924,1.0057308394653657,1.0394192828468125,1.2462298598458288,0.7480876116953092,1.3000558703384333,1.2066409691978899,1.2024358839361335,1.1571823534003562,1.2582587730452413,1.1314146867798183,1.1344101310839947,1.3240886496147646,1.3610718006825768,0.5658273322751958,1.294638837586224,0.6992611929228312,0.8613466763210471,1.1683943556095802,0.9449894415933079,1.428713912594791,0.8646828444027284,0.6575252256091682,0.49721140651379914,0.9190585271029059,0.7930938092651263,0.7480447236102878,1.2854232795695624,0.5655599651849715,0.48627479097388027,0.9816303193642423
bench,0.9743711409630167,1.0744455262054649,1.194216060729934,0.6273389277169623,1.2205068302304025,1.222913180161896,0.7974212550561262,1.1956641675504769,0.5429139116402604,0.3660251512198859,1.2078740707581819,0.0,0.8149990089191975,0.5746337324434589,0.9282954966558629,0.9686189513601933,0.5512884500186035,0.41696568782233034,0.5466749695441953,1.1805772894697446,1.0861494554390523,0.8635518883084269,0.5554919986294106,0.3284166952846004,1.260788093093672,0.9163689495483819,0.2789777645224091,0.9581013690689314,1.333266915487196,0.2722183850867209,1.0297337801037423,0.540004343009933,0.952174595393285,0.9259111346333794,0.6702150663992271,1.131769034269003,1.0639544641812886,0.7359441242023465,0.9351364916212747,1.081875777526554,1.340404932245608,1.2317068692414237,1.201610377944462,0.8269123119714339,1.161142066342968,0.8354459401739066,1.1093113794677807,0.7951799131513868,0.7102316061508991,0.769575073615891,1.244342817769276,0.6762038443042346,0.542140645638373,1.0695650245377644,1.3822031208240912,0.6737446546633757,0.8453692828087865,0.7283321948001946,1.325790929010695,0.8220230711617099,0.8785233776465629,0.49827191862309095,0.5106159820074787,0.5337913483145897,0.5182627047317931,1.1709267901258515,1.259278489986459,0.8533693696392544,0.6702466706853223,0.9894433558650713,0.814407181563415,0.46493487473349404,1.2871957481831968,0.3931439602090505,0.8678542873690489,0.8515763261013318,0.5867468164445687,0.9038563616517148,0.4820565433116841,0.7888084798970502,0.4908883244744173,0.7359900120322072,1.3674902010782524,0.6490301861092547,0.9572516959371765,1.1886680338375437,0.7336709791335184,0.5255256812687013,0.44415620897565233,1.229715262489199,1.1097821194309685,1.1959924491660274,1.0851011886365916,1.021665630867793,1.227293113785243,0.7497266054995771,0.9951241564825436,1.2206549564536422,0.6154068486702762
bib,1.0337773524141427,0.99255952685011,1.1290279543062476,0.7871425293514123,1.142974054515952,1.2150843643877753,0.9197469107572103,1.2351179939141388,0.7378588715855341,0.5656806593477642,1.205740117901501,0.8149990089191975,0.0,0.4350388855850411,0.9707792317774108,1.1926517125899654,1.0060291414843028,0.9100107806070732,0.7286469819579562,1.2800561772789671,1.2370222509185382,0.8359819831285624,0.8359298058826474,0.7124266470615764,1.2938600308085928,0.9605186630044733,0.5863385395985097,0.9713295330563273,1.2533709460874336,0.8529187079655512,1.2750084929058443,0.8922205362046859,0.769237135447272,1.2393507496668774,1.085501776576279,1.0784283554280851,1.0406705211451523,0.8085622603468394,0.9682174412446205,1.0165824894532647,1.302547522102281,1.263860444381645,0.9575075467119567,0.9586038728846371,1.0330448049297827,0.8775036858433166,0.9937914380780049,0.7891717623860594,0.9429145902332577,0.710289204122835,1.2107315143458246,0.6077670633520275,0.6731942047448547,1.1857924468027634,1.4488405960816597,0.6950005828457507,0.999533956435318,0.8191298872278014,1.1865303841373924,1.0572586764384175,0.7646134796063061,0.7711834120619142,0.6002482268968501,0.7810293528925358,0.6026947418393735,1.154966074507022,1.1383309622013773,0.7555237496711802,0.7579740666003698,1.2571769378706652,0.9965665088268875,0.7392105238548025,1.1566016353997197,0.8506228742669026,0.8362074530106536,0.7861334307533128,0.5600681393657293,0.8063791966919196,0.5164615079387239,1.1267445005565806,0.772368970450992,0.8203229867804342,1.2827746475776862,0.8361604545473196,1.2345876013458357,1.1132320426733542,0.8157288164088023,0.6713841024511702,0.6197698015889614,1.2004875600101093,0.9638538143289115,1.0691415779867544,0.894663721423715,1.1595487191571494,1.1588173444512866,0.7576899925197447,1.3508215916507293,1.132881559058593,1.1278274144057294
blanket,0.8860353912356475,1.143595115043761,1.2881409156288943,0.7826126175257639,1.2738913680749335,1.3532689948546819,0.885830722663459,1.3141422662066913,0.6416014282720106,0.3387830629571724,1.289848762134334,0.5746337324434589,0.4350388855850411,0.0,0.8484279273050399,1.1487677532782468,0.8637535681177886,0.809599213738971,0.7012379022836462,1.3529304599805556,1.3278402077155538,0.9300632983433674,0.7578064112967822,0.5860637042061201,1.3312394558177063,0.989790650172287,0.4111823950871548,0.9842045360917073,1.4052809581661578,0.7029231978947421,1.2163724903818394,0.7564951825969033,0.8621719462712707,1.2236317320938228,1.032265188919989,1.1972188229119192,1.1181006949533465,0.762742719883135,1.087431759196181,1.1891991764426104,1.3065270822023416,1.268809903439792,1.0604132606064482,0.9355937740105921,1.1903627613588303,0.9733216430010817,1.1486034662307714,0.786607845970631,0.8593460292211923,0.7989476673438844,1.3577510443158762,0.7075116352513007,0.5249098505888297,1.289959828302072,1.5220579367137206,0.8224650775446447,1.0046298870495325,0.7587282483414355,1.3662505618616756,0.7050940784205204,0.9448302155380371,0.7037105803699014,0.4818742712161971,0.710328031020258,0.46295653516958146,1.2534530195636706,1.3190663757074566,0.5439532972655179,0.6120126956315571,1.1330646844480863,0.9305452688009921,0.5140020655676082,1.2882914078640848,0.7427458999570762,0.8912819389018394,0.7600601839460197,0.560128803766839,0.7610973641983784,0.5309936983627986,1.0222371758264546,0.6613524726401699,0.7133477063662361,1.3936433522910732,0.7203597494724514,1.1900845973093779,1.2441246015716,0.8021577711950898,0.6453230871650928,0.46063010539418003,1.2193518814768989,1.1351169083153962,1.2360993387851862,0.9843997307568132,1.0033732045298478,1.27879319055989,0.6999392625587877,1.2703494924299035,1.2979860952371434,1.0168666206308572
book,0.7403909252365107,1.046722179406946,1.0022524989716097,1.0916989690205343,1.013175753939992,0.917152485773522,1.0573441438377758,0.5087541142477592,1.136530106424376,0.9926233792553416,0.9111879332856884,0.9282954966558629,0.9707792317774108,0.8484279273050399,0.0,0.6780132625554307,0.7883497889780284,0.6572569131290683,1.0996763845908968,0.8562975158108007,0.7722394342970995,1.2735994516160507,1.0622221018313176,1.018259406130536,1.0305942657829565,0.9848505500580628,1.1023599645466873,0.9928933896011289,0.782702620155343,0.8139440432182041,0.6052408535014244,0.945684144153086,1.0694470193755463,0.7819892321463444,0.71112283220954,1.1769705278772151,1.0425252447827051,1.1650308248253767,1.193998237528754,1.0302840160256193,0.7552188134384177,0.6345740034264,0.8985053414004163,0.9722004595173671,1.146789494480025,1.0665483413457888,0.8912485593382965,1.2463388056927471,1.0392351118688563,1.21859162986553,0.92027722179854,1.118515273910852,1.2080011641246684,0.6713800152011935,0.8765510703380489,1.2804296762877296,1.0354239539596883,0.9239156321671527,1.0968554524887066,0.5634104821776533,1.1920665494622507,1.1193500154009532,1.1489655065023352,1.0420351824938834,0.5924352110504695,0.707650818555148,0.8385225448078453,0.6657394314977809,0.726579185375742,0.8084080729860117,0.6638442490766303,0.9275642327726501,1.1298032181449524,1.1575560052305318,1.1621889101201166,1.0527833218812679,1.1841376160894375,0.7811741368781753,1.1701758163558376,0.786600763745749,1.055237258495142,1.1074662088604503,0.8857190789131422,0.9329830353776835,0.5583688433602713,1.0092188393567187,0.8982069671672812,1.1043720608104854,1.0870529352996312,1.0775133393118588,1.1075117391855207,0.8577034746117366,0.9539105957734604,0.6043669932530678,0.9270734589192541,1.0605021123800809,0.8176895425382735,0.9873377674683422,0.976532839050768
bottle,1.0364448206686563,1.0379433922215766,0.9363532696127959,1.0928473772149012,0.9780843365897449,0.9098212072159632,1.0151057375091288,0.7980075193939971,1.032311387364562,1.1415170862959496,0.971386142224235,0.9686189513601933,1.1926517125899654,1.1487677532782468,0.6780132625554307,0.0,0.7495396392382769,0.8646266932237358,0.8166185034355344,0.8355775571177084,0.9173046968528719,1.1426571606212266,1.0452527231723845,0.9506949717157509,0.9788143597996354,1.142614806558879,1.076156867521483,1.1705465940477797,0.9144999816242485,0.9367893357313344,0.15120027373911094,1.0205114755867557,0.9301322541323354,0.8748546556039025,0.8786346180106229,1.0516407431453914,1.0204703716310963,1.0003469681869137,1.078609692657308,1.0616684933770397,0.8484679599745778,0.7648036486624106,0.939712594914368,0.8315379233632907,1.0463955495943464,0.9612613833786948,0.893285438663787,1.16332863290872,0.9387130186701573,1.1436995131622192,0.915758375909872,1.0670025788421813,1.1878051996826506,0.8108304772029907,0.8426183217250223,1.1853010720472468,0.9835965439115034,1.091759823991373,1.0194818079657708,0.9180306434914652,1.1097402548952917,0.917149223873213,1.1880049273853146,1.1175626101086196,0.9334580811039414,0.9891793929432825,0.7995892387285398,0.8786080070217639,0.9997305032341491,0.7230263327274635,0.6750648760855492,0.9300156571113505,1.0995688689628424,0.8787843719966254,1.0823833213044616,1.1537804930120457,1.1457293757896414,0.9681021277228996,1.179439662437801,0.7208397396744388,0.9362892267453553,1.0430823508443199,0.9522056084399142,1.0125285185659716,0.6431153188136448,0.9440719576115618,0.7563515465925816,1.0747967119409432,1.117259247036177,1.0803692375317764,1.0389721238955538,1.0071327310674703,1.0281340087592346,0.9691270231009281,0.9058640565997643,1.065771158132752,0.7895086896281099,0.9992479056215015,0.9330046026452969
bowl,0.8902896961242601,1.1245885887756,0.9367344965686545,0.9029737357604455,1.1243175207866343,1.07987686997758,0.757031646433464,0.9976207422290854,0.5024765100767438,0.8254408229736947,1.1065956067970406,0.5512884500186035,1.0060291414843028,0.8637535681177886,0.7883497889780284,0.7495396392382769,0.0,0.7661836765231462,0.6442563673052082,1.1822153734825864,0.9890315915071447,1.0350266307777107,0.9023878486618906,0.7417968568269597,1.0793292418659968,1.0971631503310575,0.7995541760388916,0.9258256478125534,1.2040143535628196,0.6563777263165523,0.6359257481862707,0.9138939585908196,0.968703413690784,0.9182580797202768,0.7417604330702716,1.124960514854969,1.0398185287471697,0.9986861224724727,1.0029894817679714,1.1005338999467666,1.0374269441666735,0.8505264998202353,0.9667535919636041,0.7534881687180479,1.1356986820520631,0.7921483314322756,0.9051508690587936,0.9838194606898626,0.754088274064239,0.8218063339970032,1.1009496481332046,0.9353089820399231,0.9786142448706734,0.9819185458950349,1.1577149008488348,0.9086030093429494,0.9689475922297586,0.8418407924183127,1.2586135727865169,0.8699496580490734,0.9938688140322148,0.6984438307139458,0.8505947195135453,0.8641239647342749,0.7405487835228008,1.1181990542599611,1.0147078811204606,0.8816439026413607,0.7295275873145948,0.8017667055010371,0.36363147051585987,0.7364045945554967,1.1832746523824251,0.7060677849971215,0.7439161156310399,0.8983749927587553,0.9080231501724492,0.9828747510050526,0.8868580659265881,0.6004198413397763,0.3317366129769358,0.9704765677645135,1.1661075738995867,0.6547196481898598,0.6020606335920395,0.8071383900306429,0.8063199121061345,0.9260524818709133,0.7574044558650099,1.0856087567827029,1.1355668032128774,1.101390412568984,0.9177238523038326,0.9671051806420198,1.0587764401885573,0.4590934882553027,0.9511306874817268,1.1713250349592845,0.8544132380255457
box,0.8964622084598689,0.8363659377048478,0.9250258788329423,0.6864035725494398,0.968029754024482,0.7875711715228748,0.9513006071711534,0.8186801289006344,0.944348458956135,0.653888667589761,0.7759576826986341,0.41696568782233034,0.9100107806070732,0.809599213738971,0.6572569131290683,0.8646266932237358,0.7661836765231462,0.0,0.7349977187387056,0.7262194274707295,0.71264761217481,0.8816386039641221,0.5812877350795975,0.5525512587193777,1.1648133308708772,0.6894424970711486,0.6040691772131954,0.8064329499003888,0.7531866265319535,0.44880203211922964,0.9035474711506327,0.4470722688772337,1.081528941266735,0.7085245073898521,0.450975175423625,0.9252839354512348,0.9375154483240945,0.8370079302352722,0.8157406363426865,0.7225299941665784,1.0516181721931543,0.9012980810572402,0.9978625653666193,0.9206986019183782,0.8626823986147321,0.9452850278106099,0.7791537417841363,0.9628400138919673,0.9690179383958458,0.8660955148858237,0.7513890161690516,0.8567288498703123,0.874148068464602,0.5440172815135781,1.1114922113796863,0.886749190583712,0.661964948075531,0.6555462044592602,0.9407971364594947,0.6411657185593218,0.8484977487805903,0.8481291298992985,0.8766880718508088,0.5462419227038543,0.5029973808589745,0.638704921931974,0.800381325146239,0.7265399957645278,0.8586561718948487,0.9614585964001447,0.8406848621955016,0.6793063894314736,1.0672362587290336,0.7273705025934297,0.9325814899247552,0.9593296084916875,0.8809275884780303,0.9632934036252041,0.7658491754834326,0.8924461902514058,0.8634168413883392,1.0404940410789942,0.9628785301387265,0.9034332024947169,0.7010285345535163,1.0041638059716884,0.9093999382531639,0.6488136635964087,0.8501761110003534,1.1188269168871876,0.7860935896384698,0.6535212701870772,0.9091617511286587,0.7211836655176909,0.9620247283782856,1.0261728724250536,0.78629047505523,0.7575256364309996,0.6620601361091272
bucket,1.149396531102381,1.0870663789145734,1.1210833529090074,0.7533786830591196,1.099168927240162,1.1409679206031271,0.8934548664041742,1.2815126775898278,0.37585290694561246,0.5448587662438613,1.1548835840692542,0.5466749695441953,0.7286469819579562,0.7012379022836462,1.0996763845908968,0.8166185034355344,0.6442563673052082,0.7349977187387056,0.0,1.1719510313331276,1.0754894161497395,0.7726723744307451,0.6153969111894301,0.5248997181526571,1.2145523621427228,0.9623690043158848,0.5201484670937744,0.9144900751427613,1.2597921814698418,0.7129135558215167,0.9519965478908362,0.7317819392062899,1.107677951705501,1.0179644520839797,0.9632007814877359,1.0901573231612365,1.034780092620846,0.7849650347277064,0.976322070556463,1.0202729982271528,1.3832834066509179,1.287288210424936,1.0538918315998336,0.8344790661209243,1.108362413543916,0.9298661232564984,0.9839517347357951,0.8355549327270915,0.9139610771509086,0.7619585900403893,1.1788459650811682,0.6340659114991227,0.6146247531871103,1.1581897671979704,1.3289846795129332,0.7518358941953145,0.9199602986085567,0.8237772606881933,1.233873942675875,1.1119513244133128,0.88557399181237,0.5929705701207819,0.6043095090601864,0.6687394169210941,0.7605337295242675,1.1622939741312592,1.1599086294614518,1.019754829394057,0.8419323797740308,1.1671216910906972,0.9104543166839006,0.7401162147787193,1.2060232560884412,0.5244688067423049,0.745799100198981,0.8806107250245387,0.6156081248705485,0.9611014514194143,0.5772136585732409,1.040524333534527,0.2900603054349855,0.7994177117572128,1.2845175881482591,0.844021588742996,1.177932269797168,1.0528436092698927,0.8069993895512135,0.5556577876549962,0.5277635207229103,1.245652516755874,1.1014247509761348,1.136659169453665,1.0210731036665752,1.2424022968708444,1.1399772477632342,0.5011739652682257,1.1624119958342236,1.1615605315382376,0.9098492458080383
can,1.0792310132117742,0.7034864856085381,0.7413566482351565,1.0020561526195424,0.680103214121318,0.4371153329685391,1.3044397509413659,0.5813280753588278,1.3695924569465467,1.151088845733642,0.328635123202903,1.1805772894697446,1.2800561772789671,1.3529304599805556,0.8562975158108007,0.8355775571177084,1.1822153734825864,0.7262194274707295,1.1719510313331276,0.0,0.480858662849571,1.1426825157657707,0.9250534012465437,1.0797451876412807,0.7467516400251233,0.8851789844361342,1.2058184061112658,1.0863570997294767,0.23459579242994977,0.9858848425674801,0.8069502457525404,0.9130119444244487,1.1741693260896875,0.6837646766534107,0.8883885997302793,0.6990761023558589,0.9438307682343604,1.2612514144920028,0.9397063822794479,0.5874746585692872,0.644333115369537,0.6218677341053898,0.9685499586775483,1.24638509655739,0.7576391836447448,1.0887139161850354,0.8328866412976472,1.213325195843354,1.3063272146885092,1.2761422425213036,0.3854297621832803,1.0344005948440282,1.3478182488780672,0.4763012531349976,0.49930122923264086,1.1824093697844102,0.7387195371906972,1.163291568718725,0.4692584276912557,0.9615604483342456,0.9371596212874677,1.2871402418887257,1.3497028373347768,0.9068060118376815,1.2208383378387002,0.457945390537535,0.5255790302123519,0.9248208804665943,1.3791418618433833,0.9857987003320029,1.078381548801493,1.2381919153647716,0.7788427435234968,1.2423469605782704,1.276785437257921,1.285571554550132,1.2330166320658589,1.1824503609289385,1.195515072777819,1.102043403080598,1.377836692609078,1.2391237586746093,0.41543865036919203,1.3197119236388595,0.7041035026175309,0.8108464298834905,1.118017343155756,1.0083229987897193,1.4340551781210773,0.9661951547765198,0.6704271449205589,0.49715535539324096,1.0122624483930454,0.8312051089981687,0.6922304080483477,1.3614751044427837,0.47224579339780903,0.4130462121158889,0.8691841093023656
car,1.045230975512303,0.7528776609769392,0.807823019236528,0.9263021390995326,0.8188122453634995,0.633174710484718,1.2644680862757343,0.5718603678364231,1.2611286799509598,1.1031245934537843,0.5852125405590755,1.0861494554390523,1.2370222509185382,1.3278402077155538,0.7722394342970995,0.9173046968528719,0.9890315915071447,0.71264761217481,1.0754894161497395,0.480858662849571,0.0,1.038794774050396,0.8335902359952319,1.0452855707565096,0.7692162678871963,0.7119313284831639,1.1771324405152812,0.9630762161295605,0.3839892099857476,0.9213939437719325,0.8902779676461289,0.8637543226596335,1.2324144825624572,0.7041481184965587,0.8542494433540953,0.8099127419575141,0.9534546934948442,1.1640656439048949,0.8592829847413431,0.7392431317807036,0.6593069600258099,0.5910900978491194,0.941166077432791,1.250356885450654,0.8043829343016952,0.9587692996425525,0.8413533384939491,1.0825135753453874,1.2608613089846528,1.1658068479140558,0.42916362529028984,0.9186631813418167,1.299943133548147,0.4741127309878781,0.6622398335403508,1.0772213527364543,0.7645438090889074,1.1071490356068987,0.575713740451008,0.8829312378639107,0.927619750126339,1.2241546801323375,1.2648430812314815,0.8721438721501207,1.1169795148506028,0.3982639796328704,0.5827622286358342,1.0319210828493237,1.2292080170044306,1.0013280438213659,1.020857262356178,1.2271380113537598,0.768324594118186,1.126713315276203,1.1877073133964022,1.2717741354383627,1.123818712679392,1.1991800305257765,1.1102267460635171,1.1697562443367189,1.1963869375030287,1.181636628648394,0.4607836674519583,1.2054587310131264,0.5930605946678145,0.8458947748459567,1.1113576416999091,0.9337649002841475,1.3477119104670514,0.9312270002113981,0.7521337385283517,0.5850529690321353,0.9809202260645099,0.7644247856388744,0.8356840475320595,1.2617518647811283,0.7316297151677329,0.5309584949195469,0.7122366963537998
