,alligator,apple,arm,ball,balloon,banana,basket,bathtub,bed,belt,bench,bib,bird,blanket,boat,book,bottle,bowl,box,bread,broom,bucket,can,car,cat,chair,clock,comb,couch,cracker,crayon,crib,cup,deer,dog,doll,door,drawer,dress,duck,egg,face,finger,fish,flower,frog,glass,glasses,glove,gum,hair,hamburger,hand,hat,hose,jacket,jeans,knife,lamp,melon,mitten,mop,motorcycle,muffin,nail,napkin,necklace,nose,orange,oven,owl,pajamas,pants,paper,pen,pencil,pickle,pillow,pizza,plant,plate,pumpkin,purse,radio,refrigerator,rooster,scarf,scissors,shirt,shoe,shorts,shovel,shower,sink,slide,slipper,sock,spoon,sprinkler,table,tape,toe,tooth,towel,toy,tray,tree,tricycle,vacuum,watch,window
alligator,0.0,1.0589119199515553,0.90980130466455,1.1554343583774909,1.1506096191719335,0.8293600918538446,0.9910425337297446,0.8367105086099956,0.8481463153241782,1.1307681072924718,0.7881126025755593,0.858942646454069,0.9950292213069658,0.7317480281645803,0.8654813436458739,1.038050144383059,1.2570990222688663,1.0517127149505852,0.9845454903160704,1.1175543299610164,0.9087457662440581,1.2061658129628643,1.0154169901955594,1.1767208939301141,0.9186469079440989,0.8603861830685405,1.2945397258922882,0.8192598201684442,0.8697927742268883,1.1271619708645917,1.2307745052238566,0.8787564270071219,1.282199755872155,0.9709704417557651,0.7870141697138314,0.801756243658199,0.7159755611173095,1.2190519733072345,1.0168326849617069,1.053005177536468,1.261840295401835,0.9741203921155397,1.1192360700292658,0.6864961693417768,0.9779069586449735,0.6875373034967559,0.7284048085658774,1.1403258191549468,0.7527646399088922,1.169288148814107,0.8790006689199998,1.0319550738881889,0.9169644595943758,1.1452980656142713,0.6420072476688787,0.8206926565174051,1.0058843083219802,1.1186292567832217,1.2593014513678207,0.8842601992036532,0.648869304655131,0.8484099207488136,0.6152470020357745,0.8755747585644317,1.1924737222818071,1.0317724771550343,1.047285468793679,1.0371576789868802,1.21864060985095,1.0697087396366025,1.1741467855586452,0.8966559834609099,0.9658364419437908,0.8139979017431117,1.2291763703428167,1.2465351484533422,1.0455869070381036,0.8260653228858408,0.9844633401601681,0.6893287173171433,1.0088686762448833,1.0518561289665247,0.8067484194297143,1.1671445225979045,0.9014121882913213,0.9893686172795509,0.9605298153697241,0.8573438206756143,0.7820348854578709,0.8398685044956414,1.0287004779142839,0.9215904525568928,0.9457311499565227,1.3145931192822935,0.620018427089021,1.2459124814485125,0.8837609921515611,0.7612374611995752,0.5303294769126488,0.7714561941963786,1.2378381574286517,1.2469193403817795,1.0582484261030003,1.0300909314424727,0.9961104020012495,0.7465726950054694,0.7140612388082893,1.1384737448828643,0.9782362988065451,1.2850067275417254,1.1481329521110728
apple,1.0589119199515553,0.0,1.144881950103539,0.41151128149536853,0.5072298068210709,0.5064034388652426,0.8363788617378011,1.2159493306732205,1.144817007437227,0.8769973064940394,1.3121372284695951,1.1861324385065828,0.9139862579710502,1.2830161149253,0.637962179163408,0.9180775364256105,0.6547103662678494,0.5183654671721876,0.9911435783478026,0.5295166437057744,1.329474549181386,1.1164361941353032,1.2259010067756695,0.84177578540487,1.067895072864702,1.2310925136654536,0.782120940495449,1.1050704072208228,1.1667548706845066,0.7976895048400343,0.6497296435835213,1.2495787667633693,0.6752931799328495,0.9216573319403841,1.2214726139099856,0.9516965551942783,1.3889418928921275,1.003894306868067,1.227100638728936,0.93771537331559,0.4025696572350126,1.1172173087394808,0.7021443878679505,0.8457180687594487,0.993334010699407,0.9238266304324615,1.1768673837827015,0.8029200975047549,0.5650400002497468,0.3331854989502866,1.1291786343525114,0.723689932601854,0.8088617396986649,0.7647225027566974,1.2872621502684507,1.1539908222454462,1.0843530135620711,0.748283464734608,0.8418813874694488,0.34917034938169955,0.7308303848920417,1.2260180464494426,1.197165759716987,0.8372155561858462,0.4652164854964591,0.8283799917360715,0.7557146101231478,0.8385607819016497,0.3375068049524781,1.0745709370203362,0.9466026078908529,1.1383673585424505,1.0830896919728845,1.1185128123022716,0.7463660457492272,0.8207610358827871,0.438904990140101,1.0219172631797009,0.8149073311249231,1.0484970130809579,0.6811614255745694,0.8125068498344044,0.9883696701040459,1.0697132583489841,1.1752355830434524,0.8999025361761692,1.2076976355622258,0.6654452292600193,1.2668522125289763,0.9364060758413099,0.9511001589494036,1.2606792027721558,1.188186999263447,0.8102255225142057,1.2343292965268058,0.6695323442026605,0.7899107387941566,0.9176780770078753,1.2204487202137677,1.088856031775338,0.4720296536291535,0.5503904359192436,0.6386281128320388,0.8174241015900182,0.3803182964852081,0.8341045839475736,1.1559427974909249,1.0961219286638526,1.2808261592336407,0.7555033352679714,1.007970635406648
arm,0.90980130466455,1.144881950103539,0.0,1.3393916333411289,1.1548870013430692,1.0885894612125058,0.9279091799209481,0.8944303831003062,0.5101725171516103,1.1276016907199125,0.6559460039571486,0.5498160881493688,1.262677774053562,0.7506561495566055,1.1050250959399381,1.1061756478451374,1.3079160077783318,1.203416103365305,0.8871957266558347,1.2929974802775723,1.0022847632970653,1.1625724493683944,0.9211375904967825,0.9664856990706555,1.0238299717002377,0.4738406680312339,1.3688437724677027,0.6055766804153623,0.44236925546652706,1.138395743315368,1.309838452755824,0.9053630373642668,1.3253713817763775,1.0877819499414865,0.8200386682260552,0.691102642786688,0.6971950761161715,1.2578580854461379,0.6060565704617779,1.2237450672764776,1.1743867311608098,0.5416346067132944,0.8240639423199843,0.9314789839607727,1.17105616033317,0.8817324252095866,0.8226310836568311,1.0894179156614399,1.074263493826787,1.1649792116465556,0.5893045644624701,1.2705522855525033,0.5754847693419807,1.2280054149559494,0.8142139090521081,0.8510714343879656,0.49816772001927334,1.232273366390523,1.3781517484814727,1.0115378279104883,0.7230216566649184,1.0508993897989825,0.901268546000003,1.0899256167432434,1.1557830244718768,0.9865997027233081,0.868767434771829,1.019051946888719,1.283719304744257,1.097882721136245,1.182772794019875,0.6247237202733653,0.42065921937232453,0.9329685350813041,1.2900546925884269,1.3068777863009249,1.0611595536749083,0.7584738284611487,1.0241353176979813,1.110433634315656,1.0419224950222776,1.2630641171280235,0.9831265645601535,1.1983139071687468,0.6710796106743563,1.2399741147184724,0.6802236282345402,1.1070686549660604,0.4992817944673338,0.9213251897226844,0.8509946503683845,1.0147059216470515,0.8435775116805199,1.3319807014496186,0.7480800475734072,1.268199425905712,0.8511621240531656,1.0816349521994097,0.8543971916265061,0.6440979984295645,1.3344979857251806,1.1926720076854538,1.0076421461582614,0.931174282152372,1.2975996275494077,1.1070954993991207,0.9529432045603315,1.106381427269834,0.8494855712269428,1.209184482573588,1.006126494573485
ball,1.1554343583774909,0.41151128149536853,1.3393916333411289,0.0,0.23270588003920278,0.6226842073693173,0.7303132583309936,1.289621036345593,1.1342487424321788,1.0032172273209392,1.2234648471141738,1.224892437087065,0.8104472139935724,1.1183744656743768,0.7857301392358411,0.709490191094551,0.5807699222344005,0.7000937895919375,0.903747223960816,0.8129749478851849,1.2068209912489625,0.8490190453862672,1.2235335056588463,0.875475563340151,1.085892695925379,1.3391817049029462,0.6427952431146424,1.2437119898584625,1.1868469224188563,1.0401328100153338,0.7948531529138523,1.2030903799294586,0.6503318270870142,0.8514731528627325,1.2137524793837255,0.9569965154274009,1.2961114708863661,0.8907860030331074,1.2001051600148855,0.8111864258874121,0.43545222859695354,1.1342105367130055,1.0713745228882285,0.9427397416476493,0.8158487214152291,0.9172771886177665,1.1255909437174887,0.8810977628576899,0.8518148040525113,0.6500879968566134,1.2425907494377975,0.7669942354558441,1.159046029269704,0.7471017432918996,1.2708956180376119,1.1376118134278816,1.1728205118101698,0.9120523144818734,0.8611193790349185,0.6791974874869082,1.0953184200449173,1.0824284958133448,1.1111621075248213,0.8530722300803246,0.6821048248656477,0.9532958415186175,1.0583428771732817,1.0910097767819535,0.4263447829608452,1.0431554203020272,0.8137887966270912,1.201245134531348,1.2501078201960238,1.0680457363025808,0.8883976494454842,0.8334149822813157,0.7931072393127586,1.0111834931621877,1.1226148252303227,0.9787082523126108,0.790537995852347,0.7219992341242761,0.8427081671184471,0.9631601262825947,1.1850135624976113,0.7950088472473213,1.1963828095837998,0.7200290554994097,1.2577556211917347,1.0492794371323664,1.1505805164960339,1.1325932108485095,1.073831607816653,0.8789951320942805,1.2735258624236343,0.7762536526413255,0.9984942952188283,0.9624342394531124,1.1533365209504955,1.0954342223244677,0.5784405109392978,0.7162900757298416,0.9506184544532114,0.963458898405144,0.31601892091657247,0.8194495227886792,1.1282505387827122,0.9195614760426054,1.0825652689133773,0.8143232888339387,1.054835778345931
balloon,1.1506096191719335,0.5072298068210709,1.1548870013430692,0.23270588003920278,0.0,0.860322088465979,0.6669654800886253,1.2406432209735034,1.144939992076936,1.0116130406466572,1.235205030148303,1.150476704319013,0.8139262664412923,1.114178041551418,0.7197776457675484,0.8183309474527778,0.6613043088191877,0.7553541942697339,0.8665745768506179,0.9522960786290077,1.106562587346816,0.8388490584367232,1.0464053842457772,0.6918126866655333,1.0695248374619195,1.2241724925235073,0.7738059584252449,1.1253858368859868,1.1649653517111633,0.9677093087118279,0.8898322069052533,1.1549791695806229,0.7286815919909728,0.8934408794392943,1.1893959244859247,0.8429672689278844,1.2054002885844155,0.8655851500360379,1.070158459695839,0.8144769834088934,0.5688706012950903,1.053983369286323,1.0518873469376684,0.9606261774552681,0.7395083767692799,0.9197296807331579,1.0322901090537882,0.9806150872111817,0.8500881349391163,0.739463713269053,1.125851328199081,0.8736945316298419,1.0836722193708503,0.7896387932213503,1.166847564204737,1.1116863035169091,1.11612403868684,0.9886412416864269,0.9381551578228535,0.7714479295493538,1.0000633698156243,1.1310794047369601,1.1082370876835534,1.1045654173583856,0.7682354487528966,0.8226849108702146,0.9975008247748324,1.0077305689770264,0.536782329036488,0.9083508214090407,0.7373406413185105,1.0747071711616825,1.1737239594323285,1.0830618374850869,0.9323707823758884,0.880692522694928,0.8821191344190984,1.0230663319204953,1.1378803756813416,0.9421827716224564,0.8059237265631767,0.725979762837127,0.883878387594091,1.0032857818971135,1.0874013997635774,0.77524252557967,1.12072512188108,0.7550095231889311,1.227947092455155,0.9728790642549376,1.041384931409554,1.0137789218940898,1.0717001002886861,0.9649000565331487,1.2215909933451194,0.9018368011782871,0.9164827509185565,0.97091201051655,1.1106591300431252,1.0832830134420135,0.7816112924918545,0.7848657995851289,0.963982337118002,0.9077091432907642,0.498221935406046,0.9035690312912605,1.052369929686865,0.8674312215641822,0.9215298280832868,0.9126762849563306,1.051454103993817
banana,0.8293600918538446,0.5064034388652426,1.0885894612125058,0.6226842073693173,0.860322088465979,0.0,0.8209980174370262,1.2347205951747176,0.8922679683957312,1.189208125710807,1.0818728623194207,0.9947135901409448,0.9693777935913671,0.9816879059495796,0.7742928142733583,0.8614075238394185,0.9953404343993291,0.8023212696566802,0.8500833320329273,0.757011748459281,1.2217477388254039,1.194233424102907,1.2650335378792263,1.047334068518445,1.169673148997926,1.0740109400603282,1.0992880482297187,1.0123780637416189,0.9357988803069192,1.0154989493870399,1.0586913822892197,1.034579381927624,0.9777892913423072,0.6760378116448942,1.0850609616361973,0.6297702259731719,1.1834546221767068,1.198581512280439,1.139764668255232,0.9875887662773694,0.8577607651979926,0.9676045594439396,0.9290814578821464,0.5718579949114111,0.9955088828454223,0.38905614731374083,0.9822899117490503,0.9415041758201746,0.8018575536006582,0.8267278643768887,1.0624689299770391,0.7882983488141754,0.832977533883656,0.9521391549876355,1.089480717431568,0.9762857339092234,1.0310918002754332,1.0931203668933271,1.1526751721115005,0.40974878339534415,0.7295420242767057,1.0655249214837217,0.9830688719446726,0.733404374483667,0.9887574290658435,0.9056836216080636,1.0332679077436073,1.080482063713478,0.8725758013971766,1.129350998598019,1.0350864845177077,1.0335500816404621,1.106986819482924,1.0062436941388495,1.1556467719164307,1.1441499173728582,0.8476323575885493,0.8820122375756623,0.947541542645105,1.047945482666543,0.7872833509986777,0.9356591246095939,0.675454520143025,1.1474133129763027,1.0661599309602798,0.9748161863087883,1.1043417528365236,0.49374693228950794,1.017755755895906,0.9763121424326097,1.1437123321972618,1.1599198061877571,1.0442480981788937,1.0879756580724325,1.0790880895240298,1.0108292642826309,0.9278466329931997,0.802501488827859,1.045028093046078,0.8361175269997315,0.8774483790464925,1.02488717631944,0.8493179029475864,0.8338635815283822,0.37859144286811763,0.6256070529507523,1.1079103049617323,1.0901679249264475,1.1539018660863607,1.045567995565668,1.0931111892253997
basket,0.9910425337297446,0.8363788617378011,0.9279091799209481,0.7303132583309936,0.6669654800886253,0.8209980174370262,0.0,1.0450219187970688,0.8446410969191298,0.9074679574730967,0.8196081828460533,0.7805872264119035,1.152750598357009,0.7860080889601488,0.5946700509470542,0.71318536400673,0.966878698164289,0.511422348096166,0.4004706915725408,1.1199045419244489,0.9776904137198755,0.9808540469952386,0.9917310498776314,0.7960300836482173,1.114613830877702,0.7388563695113495,1.1953126213026646,0.9783009839900493,0.7733841423103749,1.1341847244270093,1.1952004083347327,0.7359384083259891,1.0618002979794707,0.844189506420356,0.8973358342485388,0.6454941118909063,1.088784593368447,1.048422108826787,0.7377949022204151,1.144291205149401,1.0722211420709133,0.9989221694601399,1.0722393223414584,0.9148785204528781,0.9640797650365326,0.8396898729141642,0.7620340997552013,1.2075994574275832,0.9331944563979963,1.0620552244026285,0.9890243696850772,0.9740447092369505,0.912545846291178,1.0579848449123932,0.9541514658909274,1.0285046821027228,0.8766781728337206,1.0737688794747278,1.2234125350306295,0.8836547059341084,0.7547995684625255,0.9185193988880689,0.9479556369906379,0.8402214785809696,1.2252487283869011,0.7621152566891229,1.0859540590209726,1.065307019666183,1.1030947707632723,1.029234913283889,1.1257632844065864,0.7946004977612405,0.9118917784354379,0.9055149980681735,1.1727167108536045,1.2823775355674147,0.8960630484581609,0.6129989968685232,1.1449332915449904,1.1079753775714563,0.7780623255066874,1.1635970883176525,0.7416946716819687,1.0891433637257584,0.9580638210829308,1.1275700408197007,0.9438125050270316,0.7867367584007386,1.0135930705443168,0.8908813085140915,1.016794751856772,1.0387121171209444,0.9668628924533859,1.1437700254119598,1.0702442600808357,1.171716827922856,0.8107205043099525,0.8089300666266118,1.0814059256086672,0.6810317540238415,1.0189360632639346,1.1197316602450864,1.1041498567758474,0.7552978838660871,0.7081264784779544,0.6285251173465005,1.1659830094957222,0.957637097880392,0.8878089009475992,1.2135794455185884,0.7726684767016954
bathtub,0.8367105086099956,1.2159493306732205,0.8944303831003062,1.289621036345593,1.2406432209735034,1.2347205951747176,1.0450219187970688,0.0,1.0009085547188865,0.9190131660359215,0.7398834485019707,1.0174992516568702,1.0859949221576515,0.88158853722668,0.9821324797189689,1.1215271531954598,1.2408835619204597,1.0172384192350532,0.9827171237621236,1.229062210874369,0.7649399129785246,1.0385014193587843,0.7548819365678019,1.0949983661150684,0.84727741409514,0.8472687557203227,1.1676243467838796,0.9310926784605271,0.9654072558114021,1.066499277781152,1.1896568271861403,0.7813064918463427,1.2058442076569158,1.0859162223922394,0.961862764884433,1.1581281044791802,0.7342978585768725,0.9743601289716508,1.0248402049015712,1.065475944588122,1.1579139972090355,1.093190225436841,1.055454480853705,1.0707341431656507,1.1835726202341843,1.0278429928471053,0.8344274048359905,1.2192538132294346,1.1229242975720686,1.1687394399097044,1.048537399882195,1.2788523405229535,0.9734942922643602,1.2675881461668195,0.5965068850697419,1.0641532993667633,0.9870281289839086,1.043224249058818,1.0106841831460285,1.1399731047225061,0.9960509835571001,0.9039887469269459,0.7964193986875537,1.117718787059944,1.1702941843091328,1.0448248099503978,1.0644168443461832,1.1148771253465077,1.1756695247840447,0.973366658018619,1.0922664294951427,0.9554644390870592,0.8359340759556828,0.9912446459546992,1.0618401778586974,1.143888994242431,1.1320664238016926,0.992493499527013,0.9484022057693281,1.0259081574280522,1.1621554282240583,1.1150712610101006,1.139970267154407,0.982074073191059,0.9745740312034298,1.030505727159036,0.9977092132878459,1.1195563454503172,0.9285523428897595,0.9804610217958291,0.9747826547879475,0.7448955822275211,1.0604061920653851,0.9519343827841471,0.6058895733121965,1.173302373134951,1.0947559367764759,0.77308676062606,0.6806874538436785,0.8655703561336298,1.2104066809317624,1.1916179526418271,1.1675255750235514,1.044314482334923,1.3101539477975186,1.0448245501868676,0.8929899099804841,1.0294593398880167,0.9076047328108738,1.1934322969691187,1.079610166914884
bed,0.8481463153241782,1.144817007437227,0.5101725171516103,1.1342487424321788,1.144939992076936,0.8922679683957312,0.8446410969191298,1.0009085547188865,0.0,1.2310697083317887,0.484124701987269,0.5064703411957956,1.2760913173249575,0.46789965386484245,1.1985545944995029,1.0129762577211938,1.3002123539849135,1.190352780768649,0.8564263950773896,1.2787413446741538,1.1436366898203936,1.2695249072150978,1.1780203708912234,1.1618921305327712,1.0863284617594946,0.5252999689679159,1.3438748094069193,0.7686659007925987,0.04066089195094613,1.2346184271489038,1.2910177025109868,0.8126464404646798,1.31460445781132,1.0488153977301498,0.7425593607595874,0.7654192506801104,0.6982198992700517,1.3878353416123723,0.6087038291130268,1.2532890091108064,1.1683575505843307,0.5762398849957301,1.0651406990673422,0.869745804446719,1.1380071613025304,0.7376251153639778,0.7298007864354168,1.0694509749080088,1.1375375313059102,1.15985022409546,0.7365769574032132,1.1815970824739557,0.8883580791441886,1.2764969808802666,0.8843410830227338,0.7094984880789192,0.42060667771312277,1.257960088236063,1.4245091584620602,1.001966092131406,0.81675325308627,1.016553788994865,0.786580031670294,0.924754983474489,1.1922275493859218,1.0390113711470919,1.0860070875224594,1.173235245284352,1.2258436848901637,1.283419803747061,1.2051783263232587,0.7292133058527639,0.40585268355969806,0.816363409747251,1.3503831631330576,1.3282948895359412,1.063949268251318,0.647425164132164,1.073323416083259,1.0694177037590895,1.068915774765164,1.2830633783823686,0.8247142063565877,1.2486189211716698,0.6765597706383285,1.264542249919546,0.6039652795582318,1.0277480368926792,0.3836402457014335,0.9583306709819428,1.0987008554252398,1.1719258274104167,0.581972797819225,1.3901431710189898,0.6972783777751075,1.3050152216777735,0.898432320086582,1.0735142980888857,0.8476785007365042,0.3640531327811938,1.236952204190867,1.2220924840064473,0.9826218983668983,0.944447195878956,1.069484928267131,0.8946314472635135,0.9117710760577494,1.0527815911487852,0.9966191799347105,1.230214416658831,1.0759442118507916
belt,1.1307681072924718,0.8769973064940394,1.1276016907199125,1.0032172273209392,1.0116130406466572,1.189208125710807,0.9074679574730967,0.9190131660359215,1.2310697083317887,0.0,1.0298564600406428,0.9237397108452905,1.1739648277679524,1.2266573531822291,0.8864682126412662,1.1108780789393937,0.8885721578556703,0.6148815861028385,1.1477183677903213,0.6982219573890046,0.886445400128921,0.7790647555896221,0.8049055576026722,0.8586886761779078,0.8690391905277549,0.9099416904395007,0.7695989447308412,1.1152823749339593,1.179852533686552,0.7688682454370865,0.7390169479112192,1.1059267426761332,0.9071899557557311,1.0365264951651625,0.8705997509322329,1.0443477417768232,1.2752254981381852,0.7180130616884454,0.9014517617364886,1.146639600334301,0.8345705800629867,1.237509384311657,0.7030005654911337,1.0062573639616441,1.1345115615191967,1.340803206015779,1.2267342653660198,0.8664211887392628,0.6475782967794549,0.7082089543962076,0.9720347018113662,0.9087962910200751,0.8807092401567285,0.6228268810058301,1.2233888010740475,0.9973930257701236,0.9657906057369469,0.385762483464299,0.7004963662652319,0.9663819905619325,0.7363127505708829,0.9379242695160395,1.2399551581062451,0.850526106226508,0.7738467249984461,0.7839472095084528,0.5983151414139553,0.631440190999791,0.8894549382995718,0.7724558352534303,1.2539493115189477,0.9826828137562477,0.899407436665445,1.075391177928363,0.5551748657857773,0.8135296054279784,0.6128505453085771,0.8045536524880628,0.8274925873321037,1.1917239936360726,0.8822712645500511,1.1446899299604072,1.0558884685032277,0.6751232461673407,1.0844729771845152,1.2001789814853123,0.9745329479416538,1.0190477984978394,1.139801175621249,0.7576424268247395,0.5544701780897836,0.9310096826192051,1.2341027051896893,0.7112902274641926,1.2241831796657738,0.6694858637039712,0.6990675500135377,1.0000568058935841,1.2035989295684133,1.257313019133681,0.7333650993993199,0.6757849614114335,0.8705836011365067,0.6948683298769913,1.1143565378448999,1.1284698242769822,1.278004454120559,1.1536715501641785,1.0134827946922176,0.834809520976302,0.7127337714062989
bench,0.7881126025755593,1.3121372284695951,0.6559460039571486,1.2234648471141738,1.235205030148303,1.0818728623194207,0.8196081828460533,0.7398834485019707,0.484124701987269,1.0298564600406428,0.0,0.5848031694129556,1.32082032290946,0.4926140152685128,1.147824692051497,1.0112530820908385,1.359378157819522,1.121354183429921,0.8078780790419492,1.3879033268483454,0.9578301971857208,1.1209779873598464,0.9504277703820307,1.1993698680574254,1.0729892217126056,0.4177873920444326,1.3331404163760445,0.8113955063221205,0.4180615381043815,1.2283245814978474,1.445759452907479,0.6757053579683596,1.4206390370321573,1.0157778627731353,0.6926544190745009,0.8413375014885337,0.567776757367986,1.1780798355549384,0.6659103674290601,1.3034863668439751,1.328625452155992,0.7457164831509526,1.1565274177963134,0.9698509491045685,1.1380763016501019,0.8985910342043437,0.7104945422572249,1.246964245832794,1.2076305132865923,1.3546346256362893,0.845528412882661,1.260799131986324,0.9448272468611812,1.3490541625596673,0.6694060513885638,0.8598864368289946,0.5817722266793974,1.243049908381254,1.3819574465168754,1.0669584133112557,0.7979926502804687,0.9477706145220149,0.8232349620314152,0.9301474804247727,1.3769321294549377,0.9875312775567624,1.1496729343923047,1.1672710085058626,1.3661188873892032,1.16978003864774,1.3088244030991496,0.6216327266811866,0.47567555731748146,0.8741690746207067,1.3974780574297423,1.4504294713913088,1.1492368198755796,0.4859949390112488,1.1138578821440284,1.088367480161636,1.0947772932939657,1.3260801352586178,0.8310622538516869,1.1734697419693692,0.652737515839661,1.3003286914371421,0.6271378985381706,1.1954688532017386,0.6473708055054923,0.9143279711888038,1.007345813545329,1.0140001777721135,0.7528662032754676,1.357852315427094,0.6812262805301117,1.3813014086168423,0.9339278772045203,1.0032165485908784,0.780373753923948,0.45401801358548766,1.3046842132778569,1.3861272330291436,1.1678509800078112,0.8475848911185293,1.2078700604858579,0.8585591476652239,0.9627593288976237,1.080244722248015,0.9415828813377203,1.3569450265913146,0.8881706730827241
bib,0.858942646454069,1.1861324385065828,0.5498160881493688,1.224892437087065,1.150476704319013,0.9947135901409448,0.7805872264119035,1.0174992516568702,0.5064703411957956,0.9237397108452905,0.5848031694129556,0.0,1.2327280302645902,0.6954776641043015,1.0869415753958436,1.001731555935248,1.3159760867079902,1.0546984546938887,0.8790910602224051,1.1330842766481586,0.9916443532848065,1.1840205551385488,1.0198763473236039,1.034139617841362,1.0610115657876793,0.5105668438515519,1.3106200265403252,0.7079215947733144,0.4809286576925388,0.9892778140659084,1.3371569999040585,0.8721151597185148,1.347558342672756,0.8988447347412745,0.49377725597437083,0.6867109051111846,0.8139519387874933,1.2409750131435018,0.18782479381938533,1.1950873419773957,1.245694880591108,0.611516585981562,0.9390844966187079,0.8591341668146699,1.133414649908467,0.8537402093785117,0.8086084150656451,1.071435435545134,0.966398688939261,1.1662079003549453,0.42146671876921504,1.1160519096778976,0.7486435547040454,1.1423597965498047,0.8534440045026048,0.62617041697892,0.6068686506908831,1.1502362180999737,1.428789806642734,1.0740765610769978,0.6630354400604781,1.0094002916371763,1.057551005815269,0.8834328886266034,1.1963308910249004,0.9481615675186992,0.8084413030150046,0.8069658283565249,1.34901724370824,1.1220536135551107,1.2730846015321713,0.6553156087365959,0.6086380931752073,0.8061480266073194,1.3064111130191363,1.3438594710541611,1.107419079355877,0.6344392474166742,0.8986498962232825,1.164975119918226,0.9352809973527344,1.2389051477839383,0.8018907652368897,1.1761633687556639,0.6553212600370397,1.2202544568461757,0.33176888174983166,1.0226426899677092,0.28397995903627393,0.8496712478965629,0.7921420192348181,1.0624674394160727,0.8149007638204959,1.409486096828205,0.9139501408850664,1.2809137086141653,0.7845685880567541,1.0502533173502666,0.9717982702573011,0.7063937319369411,1.2807574804846502,1.2160113744735028,0.9240212891039483,0.8176256049602011,1.2255455812681912,0.8789598548289308,1.0456106398690306,1.204292284212462,0.9266613775275578,1.2107167491775446,0.8158663707161058
bird,0.9950292213069658,0.9139862579710502,1.262677774053562,0.8104472139935724,0.8139262664412923,0.9693777935913671,1.152750598357009,1.0859949221576515,1.2760913173249575,1.1739648277679524,1.32082032290946,1.2327280302645902,0.0,1.2077217792967256,0.9435663986067582,0.9611588978735629,0.7230229760928639,1.0261141028891216,1.1631344549114109,0.8282203981452574,0.8724597754992537,0.7583470618227428,1.0195110543434824,1.0945020641685548,1.0760413843500738,1.3129538114619457,0.8889413772210903,1.2326894712347556,1.3178177090039271,0.9171273207660458,0.8459635746257014,1.2157561157393892,0.7470421738958971,1.0311804453021625,1.1730579787407514,1.0391625180956274,1.1206424313826566,0.9384766940358404,1.1948871661085596,0.06921758282104273,0.815309958380286,1.153785876460293,1.1182158451461153,1.0272913668056876,0.6863969279496623,0.9559935060928633,1.0501107577266109,0.9183135932208146,0.9207631203907553,0.9850357477695997,1.1727400412044124,0.811270402569173,1.1975277505736959,0.7615711437507442,1.0024112813829114,1.0589652869134167,1.2824569330201174,1.0483269133314392,0.8974520346029615,0.9231491285839771,1.2190690281284562,0.9089949046702969,0.9932044244200565,1.1088468195180003,0.8813483256205001,1.09071644507926,1.106986532611391,1.0509751631403885,0.6722435315893371,1.047335568979875,0.40370885043253857,1.1577387009868092,1.3764177989854989,1.102860539561647,0.8928959268501813,0.7797073048049472,1.0750101224948743,1.2129998292132977,1.0888686552041684,0.8258823782474973,1.0556448943467123,0.05539240159170289,1.1239112556082154,0.79620491854972,1.170018129664968,0.09287757110630712,1.180839757465023,0.7705161722570777,1.1482747904434643,1.1228107096304945,1.0850476508003033,0.730487325583069,1.0934237610519142,0.855843472434417,1.0650715064347684,0.7838358990958293,1.136364051216531,0.9782714608289201,0.9585437120242072,1.291198387891018,0.8734615214891807,0.923085684843901,1.0838336367780286,1.1812794462936074,0.8175506432803589,0.9931614470216136,0.8455617993713012,0.8267302352031047,0.8195601449868948,0.7809460706480387,1.2338013736268651
blanket,0.7317480281645803,1.2830161149253,0.7506561495566055,1.1183744656743768,1.114178041551418,0.9816879059495796,0.7860080889601488,0.88158853722668,0.46789965386484245,1.2266573531822291,0.4926140152685128,0.6954776641043015,1.2077217792967256,0.0,0.9467202953276319,0.8886688150313965,1.3319172750650272,1.1957526489459078,0.6698447353851533,1.479532322657903,1.112600140855941,1.2385994422100093,1.138873435792917,1.1387007049525422,0.978879459453119,0.6827025642041591,1.447974653499023,0.8410300327056195,0.5097084849602687,1.2932463109862242,1.428771205228929,0.6059559328103188,1.419389810733482,1.0910592507869814,0.7960988637079033,0.863798836891025,0.6820061504209417,1.2169692246754469,0.7429022319259129,1.197842379049178,1.3478379400476372,0.8357615675495825,1.3241231649028404,0.8846515231585876,1.0349996384694473,0.7830684184783208,0.735420820008311,1.2813058350586308,1.1922058613348183,1.3700570110818857,0.9521455246058733,1.149667941554226,1.1007664218289186,1.264570882605296,0.7618459548244823,0.8958950924929867,0.7787729657409169,1.3858685115214744,1.4569029380564111,0.9455698617928153,0.8648287087808417,1.0603517310131954,0.772564150268337,1.0885659176393703,1.4123511219513238,0.9585420915509377,1.2846184215616712,1.3193166105546081,1.4054122013073398,1.1425888533296575,1.188127722984987,0.5911514622136417,0.747375884025181,0.8518372084663477,1.4333820338124503,1.4070045982634436,1.2052855411127328,0.5163242759106427,1.163052764655361,0.9829468645812204,1.059539383535059,1.2538508067071619,0.7916569109527907,1.2477405895570095,0.8565626351134465,1.2026166209689397,0.7749465173623367,1.0543976883889887,0.6391154898045728,0.9732586024302035,1.059045327670695,1.1227687250805485,0.7331751496490346,1.4612859727199892,0.7225897491033803,1.3785691090778225,0.973639876867911,0.8813948400408015,0.8008450637805151,0.5451477663111235,1.3477221745296626,1.4162614242748544,1.2278972203661038,0.8801919658779316,1.0727287244084962,0.7799434488467468,0.8699180915287235,1.0552391788851354,1.0338324017121034,1.3694827220543793,1.0764986021779086
boat,0.8654813436458739,0.637962179163408,1.1050250959399381,0.7857301392358411,0.7197776457675484,0.7742928142733583,0.5946700509470542,0.9821324797189689,1.1985545944995029,0.8864682126412662,1.147824692051497,1.0869415753958436,0.9435663986067582,0.9467202953276319,0.0,0.9056886860965939,0.8048211415327945,0.6426367035860889,0.7312734484073183,0.961552408779142,1.0949788356186685,0.9855556895334651,1.0021594539070695,0.8251046153637911,0.9913005521763011,1.0350419205531423,1.1768974904492964,1.123175249778658,1.1587963069870226,0.988631041851019,1.005770680079146,0.8494863303978921,0.8607500694812027,1.0043694765123192,1.0604594438879533,0.8449806087842879,1.2070195173300744,0.8757598046646151,1.070107520261849,0.9476356533947576,0.9616734563164671,1.144415072349808,1.0101508128116394,0.8912720788780631,0.915168964114499,0.8804176785288668,0.832675043670268,1.0711287536452974,0.6442930088946346,0.842927996289877,1.110316439970576,0.8914328953986389,0.940522952145648,0.8341288230767708,0.9783397501396179,1.1700454906682547,1.048120935708813,0.9250557393509189,1.0716739914577416,0.6148322892041945,0.6475872477059186,1.0816202013359564,0.9297409029695022,1.0722162876652275,1.0522847030939153,0.8285319271882654,0.992401428383617,1.0389983447474602,0.9495101474955941,0.9529586330907872,1.002838113906746,0.9542339619472157,1.1070387643708717,1.037821544603102,0.9607076804771566,1.063499877253341,0.6965757567563271,0.8552850675926357,1.045293115716381,0.9054573193668931,0.8690084701861014,0.9383625539040863,0.9693169069941467,1.0200185283978955,1.188744023036763,0.9221871042147283,1.159552642894887,0.6809356395244506,1.2011458344734824,0.78367387341934,0.9512726889187244,1.0335755526181243,1.1203214974890645,1.0403846424560386,1.0087042217162527,0.9615491325228714,0.7234222099784665,0.7640911678505701,0.9513578133702655,1.0177879536913004,0.9010868043402074,0.9699573788679429,1.05264132728346,0.8467914399675298,0.6447120707813001,0.827044454187303,1.1474697700493413,1.0526144982913512,1.0883005406568809,1.0603499909856036,1.0387257401621053
book,1.038050144383059,0.9180775364256105,1.1061756478451374,0.709490191094551,0.8183309474527778,0.8614075238394185,0.71318536400673,1.1215271531954598,1.0129762577211938,1.1108780789393937,1.0112530820908385,1.001731555935248,0.9611588978735629,0.8886688150313965,0.9056886860965939,0.0,0.8592734754119071,0.7538464945447745,0.38412315900559224,1.0713277228047995,1.045321761861629,0.8572448294865163,1.1314344281883126,0.9313773680491262,1.17639563184575,1.2012444646463372,0.906819291605985,0.9090714335411617,1.073899327713133,1.1870133990399871,1.0575196639384354,0.9062325392533107,0.8932452145269331,0.9707171270295681,1.231228153419503,0.8586571080404253,1.0609143430438848,0.8365053512411482,0.9773450526596011,0.9296354098400273,1.0389509292217485,1.0263217088531518,1.145502390950573,1.020569109555515,0.7881712575411275,0.86876050210864,0.926503446130187,1.1631678060569253,0.9743161209524154,1.0270003163001697,1.1582207316749016,0.8038955579495988,0.9639947889687712,1.068331389773708,1.0287273324331507,1.1987589504195366,1.1674770000729884,1.157855769497102,1.0169192617240272,0.9407685067439423,1.054239178564355,1.0331915609840294,1.0492621129935993,0.8747237725220594,1.1516127405293624,0.7849016632316087,1.180666657100612,1.146300323880341,1.0670908069304712,1.0520220021436273,0.8810101612609844,1.0314418563753003,1.2239858055265207,0.5577461059991295,1.108306244946447,1.0628286724892673,1.0581660325381432,0.9196160440154547,1.115992140688657,1.0312832206706466,0.6526925427904023,0.9508585232788738,0.644262958261056,0.9201372045392942,1.0580642266783684,0.9382130409193046,1.1004300953583113,0.7971232371225251,1.1592820517648283,0.978167007058762,1.202938033196253,0.9718955413183008,0.9860252289540181,0.979526392415063,1.1088741830741489,1.0148147734011466,1.035242385701516,0.8990260453152028,1.1121436663640194,0.7523682295294467,0.8403583008283295,1.1013369916268316,1.1300902833603887,0.8447378359128206,0.6196845287670806,0.7038173757522803,1.1204181129143844,0.9236832325769089,0.9794718809134096,1.1024747542658415,0.9332541550712706
bottle,1.2570990222688663,0.6547103662678494,1.3079160077783318,0.5807699222344005,0.6613043088191877,0.9953404343993291,0.966878698164289,1.2408835619204597,1.3002123539849135,0.8885721578556703,1.359378157819522,1.3159760867079902,0.7230229760928639,1.3319172750650272,0.8048211415327945,0.8592734754119071,0.0,0.8048010645775496,1.157106125496157,0.6107560846249627,1.1143227515042742,0.636308731258879,1.0397245075921884,0.7764663703374002,0.9306417273636833,1.3527477780355222,0.4515173388172986,1.3044890344978368,1.3127407620276739,0.8725515832824795,0.3485524807657534,1.2313777082880242,0.2250734901076471,1.0299247349069265,1.2316694623373903,1.2095857540634098,1.3580305333681717,0.8029150838159799,1.228159507362914,0.722118207241651,0.4740454548382168,1.1878448746830812,0.9335709475323046,0.9898630547621778,0.6946642321882731,1.1848040295458913,1.1760512829873813,0.8100311354688772,0.7562862349368469,0.4432985351725143,1.2830675604639872,0.7535917006518248,1.227060474941369,0.5871853715515479,1.3627501492322662,1.1309717859939077,1.1739077064149555,0.5844772176976774,0.5067710545286009,0.9474270366959706,1.1384106654994504,1.0615781976401657,1.140418787806483,1.056503306638308,0.552107199180502,0.938522955566718,1.0132262438920114,0.9164722976322688,0.5401706870157159,0.9230982724457202,0.7325973192628646,1.234685289148967,1.271989777837639,1.155176460817199,0.4159078480215177,0.41531489510880193,0.7178032763750314,1.2330882943629708,1.084407886841299,0.8052479272043584,1.002952044868791,0.6707800782354233,1.1241843904583404,0.7248315848464741,1.2354880375922157,0.7689585034164935,1.1909856151047968,0.8273394356186075,1.3363652913242454,1.080653657900334,1.0202890945897989,1.0697055330089362,1.1466925464835978,0.5073136576237758,1.2982275933118381,0.3803364994857301,0.9616278180249548,1.1930137529029496,1.2064173928337514,1.3239700746401484,0.41791187972090005,0.5126645888840538,0.9718909208505622,0.912304689034531,0.5657491566014101,0.9327266083429284,1.1428787859290779,1.0312578989547279,1.0620796860941877,0.4063421720434902,0.981980228488749
bowl,1.0517127149505852,0.5183654671721876,1.203416103365305,0.7000937895919375,0.7553541942697339,0.8023212696566802,0.511422348096166,1.0172384192350532,1.190352780768649,0.6148815861028385,1.121354183429921,1.0546984546938887,1.0261141028891216,1.1957526489459078,0.6426367035860889,0.7538464945447745,0.8048010645775496,0.0,0.8083263576985464,0.6744226890950252,1.0249322863440533,0.9304516843530615,0.947013387852544,0.8393157864064454,1.0996958535758015,1.078422037884673,0.8782822900593905,0.9701361820192148,1.1449545224645528,0.9183761435060729,0.8082914224701433,1.0975852245580406,0.7302816586979508,0.9106259111974284,1.202241813846286,0.9611025570231091,1.339359868571027,0.9226252570084039,1.0377903181571118,1.0209780760719216,0.7608437469311304,1.200869322479656,0.8883156299642386,0.8913960950775973,1.0149579508561994,1.018831125558529,0.9785687826037021,1.0201007485127074,0.6386463924648929,0.6247646889956586,1.1839295956417208,0.6675945432781483,0.9147425253540251,0.8547195121844204,1.1538869716382665,1.1541811909919466,1.087866313531982,0.7043224751526548,0.8378549936351868,0.71328311151638,0.7301139991965705,0.9849514604979311,1.208088739349141,0.7551999585211854,0.869234032605949,0.5947333594482103,0.8712265730479757,0.9026850800252619,0.7810779799225938,0.8856767214558663,1.0811338432005986,1.0560026358983052,1.0776372872496378,0.9654315256003252,0.7833477931767575,0.9587781822828294,0.5757322471443741,0.8965136986105572,0.9681450658897711,1.1433811379218701,0.4088078785708429,0.9979784959130142,0.9228819408297947,0.9527535699122921,1.1682253888030005,1.0085433178668146,1.1734979177451206,0.8049197621812976,1.2690659759399894,0.8709371963328245,0.9217719529184467,0.9872814804466051,1.1964617091375032,0.7346167834333298,1.2266979442145614,0.8523421465380461,0.7698020471518069,0.8463626943103082,1.231859426494641,1.004241611715675,0.5842247002287059,0.7742738177996952,0.8795305065844683,0.6128708200442518,0.6466609660259406,0.8572179623680083,1.2473263587767702,1.0493192258866382,1.0899267540440942,0.9211265464325816,0.8062392216165093
