,alligator,ankle,apple,applesauce,arm,ball,balloon,banana,basket,bathtub,bear,bed,belt,bench,bib,bird,blanket,boat,book,bottle,bowl,box,bread,broom,bucket,butterfly,can,car,carrot,cat,chair,chips,clock,closet,cloud,coat,coffee,comb,cookie,corn,couch,cracker,crayon,crib,cup,deer,dish,dog,doll,door,drawer,dress,duck,ear,egg,elephant,eye,face,finger,firetruck,fish,flower,foot,fork,frog,giraffe,glass,glasses,glove,grass,gum,hair,hamburger,hand,hat,helicopter,horse,hose,jacket,jar,jeans,knife,ladder,lamp,leg,meat,melon,milk,mitten,motorcycle,mouth,muffin,nail,napkin,necklace,nose,orange,oven,owl,pajamas,pants,paper,pasta,pastry,pen,pencil,penguin,pickle,pig,pillow,pizza,plant,plate,pony,potato,pumpkin,purse,radio,raisin,refrigerator,rock,rooster,sandwich,sauce,scarf,scissors,shirt,shoe,shorts,shovel,shower,sink,slide,slipper,snow,soap,sock,soup,spoon,sprinkler,stick,strawberry,stroller,sweater,swing,table,tape,toast,toe,tooth,toothbrush,towel,toy,tray,tree,tricycle,truck,vacuum,watch,window
alligator,0.0,1.0559648216973754,1.1527793364709702,1.1310537146080653,1.02976882587439,1.1733503376881045,1.1458230319157683,0.9555301608827818,0.9659201879823054,1.0113265309860278,0.8590907066218214,1.0695994332832284,0.8453671633189039,1.021046011949401,1.180768524744911,0.4160469689619315,0.9679309140674518,0.9484841201096855,0.8830677468627907,1.0258309253590323,1.0195495748045977,1.0620916037789137,1.0331905852741063,0.7603093683076487,1.1094775836173916,0.6334085259477121,1.027000981577199,0.8018500601969369,1.1363285258279505,0.7522349218083381,1.0790285305331118,1.0065131494114365,0.8521256074311883,1.1380644315127526,0.8624138569220254,1.082442781536357,0.9854863697204083,0.8825919730414395,1.022507465849782,0.9128713580916614,1.050712732857148,0.9988662084553597,0.889686605644771,1.0875736297940364,1.035359331175094,0.6179722247180703,1.0666241934248495,0.7414153051389399,1.0421423874682803,1.063121590978451,0.7942250476290097,1.1882460171825748,0.8097008899935094,1.2972538304013184,1.187597621186589,0.900539016199284,0.987778710350817,1.1900149294976674,1.2435602904327974,0.975314988242881,0.5445334961588797,0.8831473337515534,1.1942526849968536,0.6973373019401508,0.5601674633803065,1.1040846686505885,1.174984562465657,1.0410540374126138,1.0650123830316738,0.887301269600115,1.1584595432723581,1.1604372949499002,1.1073786501576413,1.2390772848337457,1.1694234780678112,0.7637912669638164,0.714900858813322,0.7740761053575211,1.1374111050077391,1.1203236557384237,1.1672611418015808,0.6196282193214037,1.0140210822737254,0.7655594504597198,0.9924384154102801,0.9937551961405776,0.9863644824982163,1.1419458312207476,1.1990901739392303,1.1067332780950556,1.2720971285144256,1.0693687978698325,1.1577353398183061,0.8401515793724378,1.168455473240818,1.085097197627199,1.1541202701306974,1.0728487627603367,0.8416447783585811,1.2060684979547132,1.2155294013403644,0.9715403359089487,0.974566683624476,1.1528856619051304,0.7302584173954424,0.7701605312771334,0.6833602804543474,1.0014951225741242,0.7894172816565828,0.7546043209176233,1.0303433764970977,0.8270118392069616,0.9778703704285098,0.7014091738710254,1.1376328670735667,1.1955711002714113,1.0270957024355525,0.8755651948079354,1.0847484200785085,1.08442803091703,0.7929856413267184,0.6661507813669916,0.9926238808160953,1.021453105573793,1.0721394008642093,0.7725467654067454,1.1897809897048193,1.0550383969113022,1.2335683095934376,0.9100405548301543,1.093966297344108,0.8000995313076267,1.0208016967380686,1.0247161211773277,0.882704844657159,0.8785462830146512,1.0880868296925927,1.034805243941857,0.8574801386034152,0.8068343382700487,0.9188958365443388,1.119353273513071,1.1538436519242237,1.1730868749772174,1.0411238253123998,1.0835931880209553,1.0435514105551726,1.0816302914640732,1.2304093509559686,1.0972905374744637,0.9520638853579702,0.8468859035577572,0.9958041089808194,1.0650030838088926,0.9032037958224575,1.1204151079860305,0.9724107555575816,0.8087975456845788,1.0966314596515836,0.9381730541960085
ankle,1.0559648216973754,0.0,0.5515607754578072,1.061438440186479,1.1185364875497201,0.7773628673507832,0.6015627087907344,0.9214287722056631,1.040896519322493,1.4953552516899038,1.2219583855869651,1.5199852755613128,0.32088327033923336,1.3917617920049818,1.342113034082725,1.0171911328999383,1.4226082591391709,1.4616445730121805,1.1841513812579527,0.6190819894428135,0.9448846429226042,1.4690181438520635,0.6962260675821014,0.8343937763125009,0.870615574616519,0.8362176130256389,0.4684491964666867,1.022159639062212,0.5437575187933916,1.297191888316135,1.1896546540929398,1.3306854421601069,0.6868989300183599,1.4621567086931144,1.0406428834439603,1.1055633875731647,1.0468013128662395,1.19420568002253,0.7790492699312079,0.7523050292504418,1.410959205517417,1.102720617107822,0.4504993999920264,1.5382902444225461,0.6119846194469776,1.0001759953681186,1.505676057192836,1.352939736596074,1.0887631782590854,1.208237877948235,1.04921617155324,1.070112311571254,1.179464092040256,0.5111361722782573,0.527095071457774,1.1726177393741222,0.46854508249311366,1.2442824380575417,0.33756130952442653,1.5040549346255796,0.7810683113014966,1.0636026145646835,0.3292525581700452,0.6526985938330402,1.0417284226842038,1.2400343160767544,1.5222490121836565,0.36351600287562524,0.6120360606197237,1.24568658649483,0.8708810939426419,1.0891889747669943,1.2132231213128384,0.9079020938149907,0.3684725246456836,0.9522266404155153,0.9408240496408274,1.2660346092440093,1.347943883432587,1.0791595390531703,1.1616848098114991,0.6869000221271775,1.2266375244420489,0.5821249099117249,0.5520214290421872,1.2587322050952796,1.0330979958195377,1.2839613601043731,1.157390273309335,1.375281822695516,0.6265509827546847,1.1053652658143267,0.45000098487051665,0.6258288360311305,0.33622142278751976,0.43073295313259985,0.6217983102847374,1.288602485043691,1.2897608606465072,1.2039897993608386,1.0545222244803978,1.4144760548552904,1.0209392008340645,1.0860796571793232,0.5203570654057804,0.5083409101988763,0.8373408683010661,0.7094523891143453,1.1592816987625472,0.5907465392893362,1.2953809926557553,1.0170204223073018,1.1712637024365815,1.0755476252226623,0.5193521185979022,0.7670457702487832,1.2509334306673723,0.7371308525898597,0.38573831979954676,1.392055413219114,1.2146549756952427,0.9536361178737395,1.3876768467479177,1.0782245421316192,1.2665712008940073,1.1055396550818861,1.2176731265989251,0.8775395310207319,0.9504257505887193,0.5906937346324477,1.4978148920760401,1.0714246757281423,1.4714261881922865,0.26310988118606804,1.4239188173417836,0.48538918828346966,0.6082571370715888,1.374563147111753,0.6345127724599071,1.3180762396009111,0.7967477252211261,0.6070057157542018,1.3340539284238302,1.2501519132431718,1.3770696941560923,1.6073030204766308,0.7287629701100796,1.2916397358177578,0.2559861563425785,0.4712299433611705,1.1049552187149958,0.6117977432149635,1.1343470829373041,1.5612389593878653,1.26443228542758,1.3885137463741035,1.271314020438625,0.8648034223111927,0.2596426310333839,1.1919549065924424
apple,1.1527793364709702,0.5515607754578072,0.0,1.0073869202050754,1.5120686874906863,0.30421316543636023,0.21239420579077795,0.5786610630591161,0.9505926602555853,1.5896437093686364,1.251690329416098,1.5975991972673858,0.5121512128362687,1.5706549923799868,1.5216250188066922,0.9054138644694419,1.569020379357389,1.415367177454192,1.1131350175270283,0.3618930417232272,0.5310196826858841,1.4190076865926562,0.6112477348144698,1.0150949293170881,0.7966198626006696,0.7335939589423703,0.631044708815551,0.8153815946414869,0.5144205633076661,1.384643167864676,1.437489450979394,1.096701769960688,0.4565875140896287,1.5320870541057714,1.0525067794281675,1.2796756482364517,1.0310983886531881,1.3999272192248142,0.5494721438471902,0.7074309702126849,1.4860916739681316,1.022629034695769,0.34613493375877424,1.5922529302419226,0.38890580454827883,0.8785527173745453,1.208423787601827,1.2593300811593584,1.0545716051801164,1.3379045783500427,1.1489063569528937,1.3639468212674157,1.0821018591837777,0.7484164479296451,0.18197203104373982,1.3506338606679205,0.639860119833628,1.1856756018713581,0.6840637148325698,1.436900038286534,0.7167328548911255,0.6928165943468799,0.8712517854402655,0.668708046808152,0.7622367443237318,1.1907455997962264,1.3313923245848054,0.3896044366442539,0.9959059318743176,1.2763499611472402,0.5569203564396253,1.2633733138633556,1.0658443462256377,1.2362716430009357,0.45424571498642363,0.8989450774727069,0.7920278872007251,1.3769375733536744,1.558959774092436,0.8508643678313306,1.4990492660010863,0.9137038084905362,1.377198928758363,0.5141137599490422,0.9308578395246874,1.2135501233055261,0.6364633651088095,1.2286725050263487,1.3708771789553063,1.3832435435708013,0.8077665359385182,0.9878809694706145,0.2300538241120229,0.9296228725792491,0.7283883289034951,0.5128006026387785,0.12345571518285081,1.4307141531166545,1.1661971982900554,1.514773247178023,1.420405718803293,1.4810100276909657,0.9298383274971401,1.0477330311180733,0.4950820993410423,0.5376050244853544,0.7459172921924635,0.4289700804685377,0.9644444431720296,0.7467331705939816,1.0293586437951323,0.8134226954785706,0.832419212897272,0.9224174942204592,0.34924521401796604,0.4018203656074153,1.3552850009416524,0.6025554013210571,0.3540094883647329,1.4525199515849758,1.267265851911268,0.7875298169027438,1.3616171949455549,0.7009251597636755,1.4288355545342155,1.002647359751797,1.4503617071026964,1.1993638389956833,1.3556778015785325,0.5701495426423488,1.5102061862280083,1.151411186113525,1.503444998370639,0.375672955909255,1.4376285074140904,0.29881934748893246,1.1694578338085215,1.080103577110903,0.5440700755655011,1.3382008621219148,1.0318650557858393,0.1258923656452865,1.3960942846386517,1.4415588914596689,1.4188092112111232,1.5427151671636008,0.3460078450538765,1.1904018808250103,0.5300298565257657,0.6318838106526263,1.2273649853169384,0.9019804366417332,0.7387760597545204,1.3200085424604533,1.1785327973663113,1.2958443066990495,1.146322226775658,0.9784322627926391,0.46300242229373567,1.3401916133426215
applesauce,1.1310537146080653,1.061438440186479,1.0073869202050754,0.0,0.9033594467364104,0.9680734423137586,0.9490645201546957,0.5955332590074057,1.1522753916920268,1.0515739648541327,1.116497018436316,1.1731838633914613,1.25130344574906,1.141269841360022,0.8911269388096749,1.134666812310255,1.1073339547534842,1.006471849188979,1.0606914384138009,1.2391679350277278,0.9607218046953105,1.0146173805551828,0.6578922593812119,1.2202378849388154,1.0702271706333182,1.0661560955118121,1.2588380956417933,1.2479654481982783,0.905773905070355,1.0894303545055142,1.2575272558249149,0.6561684747873813,1.1554450600577704,1.1938157711308417,1.0455560771961157,1.1578991356634032,0.833136075940955,0.8839920815072326,0.5871047390733651,0.8333176256265467,1.1974983581768301,0.6127756160262313,1.1687232116872688,1.1508148798920272,1.166863457620389,1.0505068581308437,0.7050917066398816,1.0566183741927857,1.0605521594695182,1.178309409971933,0.9781985585257191,1.0235240900802853,0.9233897259381314,0.9255070763137914,0.8440650729728738,1.1039084004954467,1.041479377100248,1.007446394529934,0.7466375750306636,1.12142792461506,0.9934514311018373,1.1388832117634395,0.89024711958225,1.092744696365563,0.9635982885805581,0.7940786438899399,0.8034314184647313,1.2003750935074642,0.8347207985482533,1.1353230249734185,0.6344487623893793,1.0163811589302227,0.5470494295320125,0.584613562362317,1.158865413185286,1.199479702674753,1.1237484804512994,0.9319437257062795,1.1296357507119499,0.905316307389219,1.0390751979327324,1.0294128634113517,1.2095333207063077,1.2292648169916256,1.1505368212908533,0.6490382309041955,0.48348164131898697,0.814637213143973,0.7072532069121138,1.2457157821133975,0.7893326808120481,0.6801820054641906,1.1566181074925774,1.0364824845587244,0.8703128331981113,1.0003825990991093,0.8996643720160135,1.175198430652879,1.0453830095709018,0.997971071545861,1.07136616735136,0.9133399205741751,0.7810889699014633,0.8132040245800511,1.1929002037832253,1.089811844685766,1.1446950062054615,0.6830735802566168,0.9411561514151722,1.265200023102577,0.7468389765705895,1.2151244096017728,0.7890763504311951,1.120614639359066,0.8962116517368779,0.8388899123138267,1.1367325659981466,1.2426703060670323,1.035136461031723,1.1519898964744164,1.0989533914215655,1.1744583024222526,0.7102873250473852,0.6198633517786396,0.9307395561127402,0.8677522268740941,1.0711800764797357,0.9309383274715868,1.0515089477903088,1.179312728549443,1.1291089195281194,0.9890658006067763,1.0234024070130745,1.1239492645049431,1.1629423897962463,1.0637870473687752,0.9256801173245325,0.6325406769121276,0.9444059082895302,0.8913154622570207,0.863818580518515,1.0776201152051312,1.260377046071276,1.0911420028278556,1.0492244937453596,0.9810117159504346,0.9268005329942529,0.7305895806771292,0.9099183570960926,0.7542699814814449,0.7570926892301952,1.1379992588884673,1.0220245400120676,0.835797663601525,1.1416381091638113,1.149338069190088,1.2588517420417036,1.3082832844238759,1.1131591940000154,1.187236898830824
arm,1.02976882587439,1.1185364875497201,1.5120686874906863,0.9033594467364104,0.0,1.400307057216899,1.4970404796864458,1.2798035658008757,1.36179510725307,0.635895098954919,0.7416228265298428,0.5228262326612998,1.3697685238466022,0.6057049469011955,0.3501164425380886,1.250892633569525,0.5231391041764459,0.7969282483054102,1.0422389531557223,1.5065585077077412,1.4459169319086418,0.8572541920778922,1.1963697186316087,1.2704414469461995,1.3641981440990634,1.415171908608456,1.4587236786820124,1.3565798296618805,1.2166433280786613,0.6836638433021878,0.815427321723891,1.0767585604935466,1.5603454729146682,0.7200488718359492,1.039777326007077,0.7594750694734824,1.2181916324610287,0.7385357664765345,1.3370634402099437,1.3233292023094705,0.5794291185274795,1.0181024832642438,1.4860669553592682,0.7326402765558143,1.5202891491739634,1.3115545705872815,0.9678348880863125,0.8428992011344635,1.0040394080706354,0.9327112910805386,1.106414306468609,0.36904763329549883,0.975285473470672,1.0556528004425472,1.4083218698488535,0.5673795997149422,1.2921401857410713,0.7665636068036041,0.9273386901636126,0.7125114017287016,1.2449217227927933,1.4061479863211366,0.8064962817730709,1.437446655699318,1.3931418167547596,0.8754366939640643,0.7352565036021225,1.427885125205061,0.7753435360422003,0.8864842757398087,1.288621716721328,0.6628005739136352,0.7938755107008265,0.3837319634765426,1.3378888400650109,1.2526309256807169,1.3569673275972782,0.8025034678253009,0.39798699830019246,1.2568595085427225,0.3217643705335338,1.2087064945248867,0.9864735900861702,1.522507130749384,0.8144726314999472,0.7566063211087126,1.1286899503604046,0.9110303775112127,0.42473499311221263,0.8057676798839237,0.9622676340382637,0.9232893658970268,1.3743051770440102,1.2437213668280265,1.098460592414472,1.299623752670659,1.4669041010657873,0.7988804909242753,0.9347763235378358,0.2838403484969614,0.4566785626211207,0.6063828022055539,1.1739055057196521,0.8381744011119813,1.4332748012692402,1.3778932453467772,1.391595807116407,1.3498108703328773,1.1755396838315346,1.263871745687254,1.024243649413901,1.352005589319412,1.2573343513847548,1.2533165664100985,1.2626495804972993,1.1704228376537054,0.9186817386415598,1.4847337317924896,1.4338530601854278,0.7865060210149246,0.8157013132203694,1.412590840348442,0.6019887846034802,1.2988841302559337,0.44306067088388856,1.1270653465688056,0.3178254746927376,0.8815782531951323,0.48688780865577885,1.4852128128551025,0.6864923924654794,1.0417421552454538,0.4938841712932057,1.4158764258161338,0.7137224801910158,1.5177822339408686,0.6246750218640413,1.0229711359084093,1.4951335211325136,0.8316709140093639,0.9355889582691056,1.5118823549917288,0.859796730724663,0.3593715277048841,0.6910903378459702,0.5421440350363563,1.5840335268032235,0.8216266008359219,1.0817514481389272,1.0869994156718026,0.6860153992282962,1.256307052392545,1.3400420563057367,0.8260999644584679,0.8799204091418312,0.8793680743480473,1.1382066495849752,1.2369711778874821,1.2374227850464803,0.8878387670129426
ball,1.1733503376881045,0.7773628673507832,0.30421316543636023,0.9680734423137586,1.400307057216899,0.0,0.2260259816300777,0.7472271580702292,0.9562871246327445,1.4039748455030636,1.048659555521206,1.3609786756225022,0.8437085318812696,1.4266024937796649,1.2438438096289492,0.8821914946944909,1.2758709643261004,1.1982700576876884,1.0583910145635984,0.6761160658849927,0.6431975382877158,1.1980107581919783,0.8650789415073056,1.0944549070142,0.7647282219850469,0.7961329218839817,0.8807665513770573,0.9018311369302615,0.8070837748224667,1.2458316695979996,1.346205751392841,1.0639152514676091,0.5652553644361288,1.4286516362266828,1.0215221235903647,1.2563982328262222,0.8594090529973156,1.2721048429131445,0.6237768673226236,0.8270890330829004,1.3188779576210732,1.0866597461869718,0.7216522174979563,1.3689191717380402,0.6212789053112512,0.9005028253104239,0.9099749875220855,1.085657943044663,0.8739239746223941,1.3127422290500839,1.1330078227511868,1.2747797129740535,0.9397330217589209,0.9331634310468447,0.24375701307902886,1.2358465811033341,0.7700924991638722,1.1080607914475826,0.910726951887074,1.332068176952091,0.809623132879399,0.719549522049964,1.045580328369408,0.8847523927625527,0.7036612965751625,0.938691811604747,1.1423312258613887,0.7676739406613903,0.8743100052793648,1.1905600344437166,0.4483787610784089,1.2007053937209327,1.024341246571643,1.1820739847842272,0.5998587488489531,0.9338591736455635,0.7918960142536056,1.12608153715648,1.3815297374077324,0.7912615402445846,1.366743204541572,1.103670602158796,1.3504884823831702,0.7675275931885277,1.1421443068332298,1.1630954256458153,0.660605879759029,1.0598662419355154,1.0527086273342046,1.1980166568508523,0.9299961169737055,0.8433009261519496,0.5900946122924744,1.0153026900516169,0.9242808698816397,0.717657729608743,0.35489181240811085,1.3883629033048843,0.9703493251644301,1.3301955160218932,1.3606752901599768,1.2525976175754103,0.9797121690180153,0.9713035684538024,0.8046904925032454,0.8307298000423354,0.7951009693018399,0.7185247277329303,0.8374676773564717,0.840180407631488,1.0439413649234903,0.8892362080280528,0.8667245593872565,0.8586319371608242,0.45106951281650387,0.3891318387120841,1.1091256039506563,0.7767535722936005,0.5544063742785502,1.4020204277356518,1.0953711951009752,0.7992361826242613,1.2294304459931433,0.6887855966545235,1.1531561469902116,0.9166906580166052,1.3537024665628494,1.000568764104237,1.326275129603576,0.7878677715470562,1.4176525017536241,1.21425325583665,1.264333931274273,0.7153211454378268,1.2675756084608705,0.6659478624544486,1.012590731969647,0.9877742556157112,0.7319272417475413,1.0624434977752466,1.114992096725679,0.41241374784165985,1.21402525748337,1.3407195510434216,1.2300979198664754,1.284390340773371,0.40760903151418026,1.161964559184902,0.8112542920862795,0.8672911319336254,1.0690710723564982,1.0046392190245148,0.5723642822418058,1.1453280132372061,1.1514427816083213,1.125966750231982,1.13705032233547,1.0816923990950649,0.7718543864139504,1.3289604055606807
balloon,1.1458230319157683,0.6015627087907344,0.21239420579077795,0.9490645201546957,1.4970404796864458,0.2260259816300777,0.0,0.7372222326703374,0.9762947688294978,1.424688897303292,1.231038557828914,1.512506973657922,0.5295431252338082,1.4557014392787817,1.4291245918431275,0.924707037017078,1.4758882126928614,1.26782535635219,1.0497668880611428,0.4519196458179864,0.48385858952236516,1.2906921319513627,0.8021173136407274,0.9306598299294757,0.660895793896082,0.744007275005292,0.5672704757514307,0.8297363798178778,0.5423530473686703,1.3775926683237936,1.3187835854004084,1.2034494438324748,0.47380398059082673,1.4782105278470894,0.9870500112291918,1.2543222327690773,0.8302719100899069,1.2301800166144927,0.6701696149189975,0.7687688948581033,1.434290673573964,1.1562024970560623,0.4063125715510787,1.4655452029598635,0.39778830639771734,0.9705730488712161,1.048256169689336,1.2894403762714015,1.0994097263277642,1.253307775829835,1.0599959223498336,1.3295860536252042,1.1209491932055171,0.8203959739928841,0.244724728214059,1.3425076268359806,0.697964333403872,1.209460872196317,0.7665585497242966,1.417601737619662,0.6573960115418674,0.7558155296675197,0.9424854464107554,0.7295777623242334,0.7849909402854159,1.1009268617748946,1.1993056268121272,0.5366769261873424,0.9667583896395875,1.1859561438932804,0.4586628115446857,1.2679027157104938,1.2224513616520605,1.228918272569213,0.5087955871946226,0.8228789446350928,0.8399509129427742,1.1590779847372281,1.4845275994033382,0.8656928281139796,1.4406202437952171,0.8735599399990406,1.3026167290272148,0.4944176478468073,1.0277191353903727,1.2986567856693514,0.6589532228703601,1.1128124534000652,1.2461910397254077,1.3518291299953709,0.8551269718023768,1.0384101452264896,0.38548564307834243,0.8547949203277345,0.7458577988964905,0.6114457246261761,0.27702198166826264,1.3636455655916953,1.181336370802164,1.4381284827389291,1.3770156817173214,1.3554580454222316,1.0209000373409767,1.092105437994293,0.5517854476290862,0.5812172111891747,0.8399350548405375,0.5662288770456673,0.9730134174942275,0.7790701188017599,1.1357810606663787,0.9317806318281803,0.7763180904004089,0.9884891349979047,0.5619376647988966,0.5827630890074142,1.283755057926346,0.6913885925518778,0.43805350040340674,1.3903521168442463,1.2157982976703121,0.8881912528527282,1.4429511944815172,0.6246239101981803,1.3346425580926042,0.8601485411383146,1.4291097905078705,1.186104875564847,1.326916197808142,0.6052544698754085,1.4527852614194117,0.9651080437589972,1.3051381072600792,0.522111125881115,1.3582188558777122,0.4028838802386626,1.0241309641057832,1.0194581177423372,0.5468830933468718,1.109855069326549,1.0273507673787776,0.2610315744329992,1.3690870081323154,1.4391622033311662,1.3203050197185364,1.4371373341474643,0.3441086197991703,1.2186284278818325,0.6877259561720823,0.6807867720573741,1.0220258466802383,0.8501911118526333,0.7123484492256682,1.2375253674513087,1.1902695625309767,1.2755887993625143,1.158686348866286,0.9698246224424283,0.5894256253461743,1.2103211748169016
banana,0.9555301608827818,0.9214287722056631,0.5786610630591161,0.5955332590074057,1.2798035658008757,0.7472271580702292,0.7372222326703374,0.0,1.0248838081189067,1.3716034171999283,1.1679026422337613,1.4317328910673277,1.007133523234611,1.3697771539095873,1.2251196198309218,0.8555613022027418,1.3249907298434385,1.1920482162115122,1.1070350453037912,0.9206274388252189,0.8443403014333616,1.2033278258955273,0.5707216638092435,1.0594874676587076,0.9691370882349691,0.7036471095543844,1.0433296059405053,0.9329550089420731,0.6078676364360431,1.223965856467476,1.3253282830844146,0.6299077985029324,0.9066274731037185,1.3835002542419115,1.056872706788516,1.1524336032479199,1.056214071822522,1.1069179799359976,0.4649286832714947,0.5136384261875129,1.3504108585893224,0.6330994424632256,0.809327361787973,1.328581632445334,0.9241288503844394,0.748786083064235,0.9147942198219599,1.1135161976038426,0.962384652724106,1.28363732072743,1.0785063291442636,1.2443909738225223,0.897402115233846,0.9462797437952931,0.620057705486875,1.2660780528488087,0.944708272826337,1.1152976636560723,0.8961209898228306,1.156085210550178,0.7811303625504552,0.8120299066087294,0.9783960181167334,0.8120420663942467,0.5517665485332724,1.0557790880720686,1.0541681607998585,0.9353800511617761,0.8381268840171189,1.3388488015128321,0.6457686699822167,1.2192514247634527,0.6566054990981219,1.0444954396327084,0.9357375677183857,1.0733841958198231,0.8369008125716884,1.1453647732629246,1.35710845952005,0.8776730826376146,1.286410421768014,0.8932146382139518,1.2623760904756143,1.0043274227787264,1.1365107404279586,0.9426999817500061,0.2478811755410999,1.047080901198688,1.047272549378062,1.171489552245994,0.9067211309380231,0.8489584940203655,0.9333228743899318,0.9388310242391871,0.9734319474364719,0.9241613202592892,0.46965434172836285,1.3066383632314071,1.060098073802945,1.3186007622511253,1.2684026216293776,1.250043866552852,0.6764580265174073,0.9886820694846002,0.9124930829747706,0.8704843428799023,0.7507882668035866,0.20766936046391127,0.9634302328802,0.9917425014840843,0.814460768304087,0.9101646490890594,0.7931732432318193,0.9043905841265836,0.6492274562811129,0.6092560260430824,1.1569039264149947,0.9154311593988309,0.8760829406629869,1.2810747568383127,1.2524241420957858,0.8069122993808324,0.9807754510425659,0.6665215794088852,1.185479656161941,0.7097037937376718,1.3138913363450135,0.9837340852553683,1.2312031330315936,0.8613957414409503,1.3541049663994016,1.098793670545867,1.2096846642865475,0.8414206394472021,1.3162074258593344,0.7541515370602979,1.0452986621708888,0.8859816465918936,0.6241590326824997,1.102939549783655,0.9558991420541916,0.7368100447062347,1.242865938844158,1.3374175165681619,1.295458539195188,1.3133267565634072,0.6254054472948002,0.9688621805904533,0.8843717924635919,0.8349346208889927,0.9745272253021803,0.9880422658277399,0.6986025675865154,1.067119490004623,1.201291209736633,1.126463869002876,1.0371497835248666,1.11629046745525,0.9572107187552086,1.305702295145156
basket,0.9659201879823054,1.040896519322493,0.9505926602555853,1.1522753916920268,1.36179510725307,0.9562871246327445,0.9762947688294978,1.0248838081189067,0.0,1.1461659927528511,1.3623546047542485,1.050118752200759,0.8767018106912833,0.9037042948704412,1.3017322026939935,1.0238228033952432,1.0589622392426625,0.8614937549129165,0.688805177001625,0.7305686034489567,0.6900596477547298,0.634118983445983,0.9232201088982499,0.7029042393988776,0.5424610462323665,0.8856912562328174,0.6432335375316356,0.7103063849881961,1.1323183160629053,1.2527172764376595,0.7070831196901393,0.849222376771605,0.806712008550985,0.9190715644261982,1.0776215405492782,1.0769559662091028,0.7176166446666613,0.8986370698779488,0.9420220123462565,0.7886997196623816,1.0633318141169894,0.7872101026530578,0.8651960604356633,0.7309689250457412,0.6833471532652704,0.9424218883217838,0.9409138305023891,1.0885226598759208,0.9647905146289857,0.9588859521702335,0.6665289496767003,1.3304747343476522,1.017190514339143,1.2555197172148316,1.0795389950108707,1.3378219115009218,1.1104244293009253,1.3186908296592392,1.2487761450324288,1.057487826236483,1.0651232734023748,0.7099965873591434,1.232282800029171,0.6631817050409209,0.9421121553640498,0.9787041805972876,1.0952440266183059,0.9735233522761216,1.0306557447067712,1.206272475918798,0.878963692500803,1.3102615370349342,1.115390591433825,1.3393635961201094,0.9338997478758762,0.824442115128568,0.9194468843993355,0.9909579968212963,1.2666458632282374,0.6495479833965608,1.3639936440855789,0.7865975614140176,0.5908635405869687,0.7964977839510349,1.061502580122672,0.9376535599073587,1.0459702349170819,0.9272477874116034,1.251996344889735,1.0125676365805227,1.2946195954139919,1.0865928831926226,1.0643916824148993,0.704609191914741,1.129046260611716,1.1932989116481156,0.9966221436519245,0.8853932861001859,1.1650286561321526,1.3207323810127245,1.3255621209059385,1.046776860867911,0.9054303638449773,1.0700243899540403,0.8241137830584304,0.8365493822590515,0.9563744269532835,1.0166168611193953,1.0547196493286455,0.5677647170006872,0.8427264133132766,0.7196666388874527,0.81605539553014,0.9395410062214125,0.9940701485087197,0.9939287443873251,0.5586077893661624,0.5508788691639822,1.056835040158551,0.9259454528387138,1.1874236222772405,0.9004311142985115,1.120694784251897,0.9990558289255008,1.185852427051026,0.9075140598382675,1.3943042726252826,0.9375828621907762,1.2551987421314732,0.7120651939389178,1.1524501277546009,0.8674666023483608,1.1807175623431003,0.9192692638832799,1.1463640630412015,0.8707967853022673,1.0772707198384228,1.0026874738105505,0.7687401752636743,1.2008889945089083,1.0138519307937492,0.8695821575925435,0.896291743028741,1.3833290982058288,1.0537192944961864,1.092730775089479,0.6961487053341769,1.0413536314201766,1.2149348263066755,1.167880731142183,1.156575594742401,0.662523072310103,0.768549539785237,0.8109502266766904,1.0605512789976326,0.9362217143618445,0.6889878545148824,0.725508679492841,0.9891254985441743,1.0024262100503494
bathtub,1.0113265309860278,1.4953552516899038,1.5896437093686364,1.0515739648541327,0.635895098954919,1.4039748455030636,1.424688897303292,1.3716034171999283,1.1461659927528511,0.0,0.7787900743271399,0.3797075998422694,1.4456114719428756,0.41506567300569674,0.64269350732428,1.232400894058365,0.5522982203609561,0.4765418210337796,0.9434080975851876,1.4468141541056627,1.090901633792041,0.5241539048295956,1.4304392524729126,1.0058161775609251,1.0568092825304432,1.3959392040613379,1.3068535365432163,1.1744195188808046,1.3975394283933678,0.7270405540199973,0.6288229882242646,1.0232771621138215,1.4199506628968757,0.4030559173140901,1.0218389409525692,0.9027263529037447,0.8411900389667817,0.7747135383746192,1.4255333515720428,1.3408972776424344,0.5064890758689736,1.1821869018929587,1.5047617627444243,0.4077043482804428,1.3648947377928788,1.3147867275603775,0.651162869741068,0.8641451054389695,1.129512519229521,0.5472513033020701,0.7435035890926496,0.8121142965648971,1.0373717225498076,1.3213452997166133,1.4922448918196203,0.6824226298944129,1.3673903752649195,0.8662131558749845,1.3529296664879233,0.6565566081539462,1.3164214184463356,1.2330999794258142,1.2843200692811787,1.3929166084769486,1.334190967730609,0.9398866840214871,0.6234154131709756,1.5200284604158267,1.294553579425118,0.6264855961816022,1.34698390621323,0.8687605371960957,1.0453940035510152,0.9451215981483667,1.532054840230003,1.103293748991028,1.3289225009848935,0.7021916446506355,0.5842992983392438,1.060089176130759,0.6521616921419856,1.1950694072331034,0.7201114859677401,1.2734061416905824,1.1929896520968937,0.9993521402185068,1.1954892044585725,0.6949849241813444,0.8282947556358617,0.761948952748182,1.2472376420400846,1.1457037013207065,1.465326241200374,1.186777110598012,1.4043430305584064,1.437280917213554,1.52146581327853,0.48727571594425223,0.9627638669515759,0.6677181623995134,0.7192887689740661,0.5698853100969018,1.1896930682689817,1.0436513370861211,1.4154801644630985,1.4243762026721205,1.371325750014896,1.4232253672370156,1.1474517373534607,1.3193769662046355,1.0413301311651657,1.1794809699511066,0.9522965392055578,1.219578064149565,1.520834626349844,1.3676089512479757,0.856591186961214,1.3353051226165662,1.5055206596643602,0.4510404837908002,0.7451888849596126,1.3957430634772634,0.8140250994221051,1.1012234033408606,0.7999903620465515,1.0521773440756914,0.6805220484706541,1.080763018095143,0.8483064278219459,1.3955494871273735,0.21546574840796306,0.4719603646550279,0.3909874190839302,1.5729370795974222,0.5221625082280867,1.432804292159264,1.0627152838850098,0.8167144030865807,1.4049939866110635,0.7037773755127323,1.1396101445954498,1.5202953890670703,0.7766869247443164,0.6619213181693098,0.6569289187005676,0.4096159729034621,1.3867592785019727,0.904179164889053,1.4565882289019196,1.3457611933598086,0.8586997142456126,1.2320616007642717,1.2205857252673646,0.5513280746061944,0.7846236474821653,0.8103110259585455,0.8998359464204878,1.065256296621907,1.5155961471527668,0.6447049949213461
bear,0.8590907066218214,1.2219583855869651,1.251690329416098,1.116497018436316,0.7416228265298428,1.048659555521206,1.231038557828914,1.1679026422337613,1.3623546047542485,0.7787900743271399,0.0,0.6304528806452872,1.2408796384420504,0.8704144720183451,0.5534699358449897,0.7659732071332617,0.5550218336479507,0.8153044788471904,1.1623814634418186,1.34582048980715,1.3292075412245445,1.096070081212881,1.2290928662268705,1.2911046480037862,1.3735500463606167,1.1465950024594382,1.423691489256242,1.1453566856729853,1.1743199711032073,0.34407010838286745,1.08827222259408,1.1202992801235072,1.2227656180085718,0.8913085298668337,1.0354572267219715,0.9740518399339654,1.2316038964351255,0.8710076357342138,1.2023588293645855,1.1246307204271764,0.7277099443396069,1.1036625970238656,1.316757252781907,0.9006245223275949,1.3690985143753682,1.0115203629552252,0.9995683839556698,0.6484888383751077,0.861773911435973,1.0856127994857336,1.302875486991863,0.6915956084918352,0.8297674362831352,1.0956810305630553,1.1600196256249422,0.3489129514966115,1.0411434035519664,0.8082485508518442,1.1750834344232246,0.7275573922652148,0.9627904933881728,1.2323614301542403,1.1384385473198089,1.3349640055972785,1.0482245535245935,0.9886164232919362,0.8561263600754463,1.207519364547408,1.0529278833649907,0.5709821633819805,1.2529975149157573,0.7638121048333073,0.9074538394340481,0.9961984747560478,1.157215053478781,1.091952807931555,1.038618603125012,0.9121698536627545,0.5366145240793445,1.2713909686017169,0.6323953603380081,1.2708571295769868,1.2743002260597458,1.2995502044981186,1.0978504847587742,0.965295413516133,1.1772345609941737,1.0872808040592594,0.7522341217388016,0.7970560975716697,1.0234372440085409,0.8464397237143821,1.1638709467860369,1.2762672945488847,1.2130389110471762,1.0325225458254894,1.2339322369537649,1.0575378472762624,0.36917312276146863,0.6232523868820485,0.7635848675599062,0.9016627291194087,1.1636854301715218,0.9238735332898289,1.2950820389154014,1.3405538949246998,0.9524794897188462,1.2050331258757516,0.9101952157377075,1.207799938672617,1.1421475515131392,1.185590150052569,1.2601993626086836,0.9025624562640613,1.12040362406472,1.1713564233345117,1.0434333913372436,1.332803476053976,1.149806948149715,1.0353672341328095,0.31243865873362875,1.0436665842635848,0.7973407597866288,1.224830416339028,0.6479894727521753,1.160854435510998,0.6469633758645655,0.9857869928558504,0.8387129448902885,1.3772957883224226,0.8354721943319576,1.1850275732768172,0.6206586608585891,1.2692857144394993,0.3965686452080399,1.3173312070040248,1.0218720790194626,1.0982479447207274,1.3683462801802873,0.8288076177304178,1.1836385851727949,1.2975082493628343,0.9125327744511631,0.618152236115386,0.803200713333557,0.7343951491875154,1.3377942661789248,1.0426731808507086,1.1897191235501667,1.1462011100373448,0.9795248012005957,1.2423183834345966,1.1272680574590108,1.0238978882499545,0.752928920185111,0.8928021418482603,1.0628076076578306,1.3114073765182315,1.2585201453193045,0.9538921607040576
bed,1.0695994332832284,1.5199852755613128,1.5975991972673858,1.1731838633914613,0.5228262326612998,1.3609786756225022,1.512506973657922,1.4317328910673277,1.050118752200759,0.3797075998422694,0.6304528806452872,0.0,1.4937209129946671,0.3049596660900432,0.39910587226300875,1.2262912093729947,0.1859888229968315,0.5443227084043741,0.8953976006315256,1.5013363202146883,1.3382143778243596,0.5709706164735249,1.4566783459535446,1.1945806758587323,1.2798928046189977,1.4391646699222433,1.4337041240648791,1.1731883152167202,1.47170181710294,0.5997007824510514,0.483653072109542,1.0055606670101562,1.5260100462019228,0.3639773370532464,1.0289361419220546,0.7910427604886412,1.0269477178842872,0.8316239677076945,1.4950793271108482,1.4649840213478187,0.19551052324633633,1.1732326905521355,1.589565530883324,0.2323538343010717,1.4935964179783685,1.238210455946161,0.8463273081777398,0.6876573553742135,0.8632260540764952,0.7169195104060149,0.9930341088375184,0.6435292923854614,0.9702397729660325,1.3447960185383532,1.5178435465318394,0.5231023093758611,1.3893516217719961,0.7755092589167596,1.3973837536379505,0.5811768257752794,1.3488853582002347,1.268945470850454,1.2533205238298866,1.5375677612776355,1.334480224447614,0.7853006555680668,0.7015096466747442,1.5499670111528836,1.133102127569139,0.6529674076834014,1.4066559113376949,0.7795888952062566,0.8814719869488197,0.9427334491912572,1.4396956686220115,1.1682297206926837,1.2710900057696302,0.8328561143001378,0.3609897852065215,1.192354924605348,0.45073089342951767,1.3844312771307985,0.6758988545471376,1.4784339260184254,1.183250275451462,0.8509905101506698,1.2769366451646191,0.8652431522820316,0.6536179617816759,0.577649398254337,1.2280110543602403,1.070979711806986,1.4609928901008382,1.2371334003826617,1.4755091683922403,1.4220536042855996,1.5651613604808734,0.6002454490243776,0.8255903464962229,0.3715848635083827,0.6110443620325233,0.578561650321469,1.2468386432728056,0.8413278990622435,1.5393214710320122,1.553670459481894,1.2935196301121064,1.511928359545132,1.1020109655581918,1.1352795352704834,1.0708487008829297,1.203980899557157,1.1841448424697028,1.1201562231667435,1.4390167870476773,1.3439927336112354,0.6723010121086264,1.3808558181909696,1.5301218684332223,0.573829201016501,0.6402443191736393,1.3346890512331222,0.6023102910928652,1.2956389952509109,0.5520783943775924,1.201901975829796,0.5097662126245865,0.9739697025228667,0.7111853662640978,1.5238034081104508,0.39619993034039447,0.9631481029430314,0.3218302841039411,1.5870653936151093,0.4064873206624753,1.5528281747680452,0.9439399610714092,1.0154149915045825,1.6195243857718566,0.8528291006358392,1.1829127226052627,1.5672656315390654,0.5050355352153925,0.4620508477580876,0.5720130962726062,0.27506737773190504,1.542960384192592,0.8974519102617504,1.4682409580687892,1.4050163131534192,0.9736816880276897,1.2092952466372602,1.1620025261671028,0.6244206923140116,0.7189229647152574,0.6909553225154323,0.8729455007154607,1.1617263576588308,1.5336295826315354,0.6935565888739229
