,alligator,apple,arm,ball,balloon,banana,basket,bathtub,bed,belt,bench,bib,blanket,boat,book,bottle,bowl,box,bread,bucket,can,car,carrot,cat,chair,clock,closet,coat,coffee,comb,corn,couch,cracker,crayon,crib,cup,dog,doll,door,drawer,dress,face,finger,firetruck,fish,flower,foot,fork,frog,glass,glasses,glove,gum,hair,hamburger,hand,hat,horse,jacket,jar,jeans,knife,ladder,lamp,mitten,motorcycle,muffin,nail,napkin,necklace,nose,orange,owl,pajamas,paper,pen,pencil,pillow,pizza,plant,plate,pumpkin,purse,radio,refrigerator,rooster,scarf,scissors,shirt,shoe,shorts,shovel,shower,sink,slide,slipper,sock,spoon,strawberry,stroller,sweater,table,tape,toe,tooth,toothbrush,towel,toy,tray,vacuum,watch,window
alligator,0.0,0.653041268636398,1.0366833996618583,0.9162728529604525,0.948114828565684,0.7488296601639104,0.7763410320061752,0.9580250748219288,1.1012743196228763,0.6021606470432374,0.9512428073042123,1.0750987874657387,1.1445036881437067,0.6630228497490978,0.9252107339436844,0.7747369648866228,0.623859690851284,0.94005022115821,0.9129121122007912,0.7041265033614375,0.4986043883368849,0.8732123432307106,0.7726349202715994,0.9030723577701207,0.7988930210421106,0.9168447678124091,1.133753747146879,1.2394765159319465,0.7103616039332505,0.8306039898952087,0.4126263890763686,1.065480869700825,0.84090770337032,0.35800740173792267,1.041343881417044,0.7108865392174375,1.082898538150826,0.9172021258091789,1.1608350887804542,0.7043949738006194,1.0831211709781807,1.1461493824971412,0.9334644694494193,1.0532190168647981,0.7186761856125659,1.0912197889777835,0.8216646316495897,1.0592559238626926,0.7708019987550752,1.0242287405178117,0.6287477358491098,0.7348987927470603,0.5178510274111779,1.1235974210423907,0.9048175949041427,1.0723049540593017,0.8984741072762111,0.7134755636228224,1.1679143766685887,0.5888528267560965,1.0314100767944958,0.7751192794788516,1.0616697793995624,0.7553703392953312,0.8151666452764749,0.9602408728327485,0.9527297065674559,0.6310783036702945,0.3075233944801139,0.7232437144785754,0.8451632316886268,0.7345417253158605,1.0603849923080695,1.1554538398417264,1.0810491471400627,0.5639012317135985,0.5726539411490967,0.5007668173785081,1.1090513392154695,0.9433301032657176,0.6758207886432617,0.8767418394118249,1.0277083308893713,0.9647575632764789,1.1462512482877418,0.6543347233985812,0.9663526515971378,0.5907737206578062,1.151949093850886,0.5141038755186853,1.2071657637932431,0.8887835668405744,1.2842439445833524,0.8398548071011765,1.1415354127254131,0.4052891786138495,1.0110859451987007,1.0378167399853424,0.8330778202490619,1.08442286653931,1.2435721871259349,1.133823657320735,0.6476258499167549,0.6527626939749662,0.6165874476735647,0.5151720754883038,0.45188416503666207,0.8248310804033663,1.1141377948666236,0.8596014225089097,0.6400624569846872,1.1285611433307243
apple,0.653041268636398,0.0,0.9913349249303237,0.540648744230039,0.5792942584467383,0.8419921173265705,0.7489431962367314,0.9611428057093003,1.0880542912532596,0.6512160765307488,1.0113470040411494,1.1030661657944754,1.0478837618017443,0.8132033037637774,1.0395775074752862,0.6146909784815272,0.6266725067614551,0.9654342792944072,1.0011475543295276,0.7056581917334858,0.5928278968236719,0.9346682016282325,0.8658434619299499,0.9029670915567757,0.8714374427285978,0.8359486158875298,1.1854047151575424,1.1544574318190408,0.7336660762330767,0.8827726889141927,0.7558913685269235,1.0320504600791218,0.7961132924713363,0.4989216863309386,1.0986844803327787,0.5830197408399593,0.9359147978322265,0.8744458942611788,1.103938184481156,0.7874259834445803,1.0641814117858774,1.1991809863172451,0.8804331578951224,1.141225429158147,0.8199619231615587,1.130456467039736,0.6788646376598717,1.1379187479916402,0.8410881172853661,1.1104064620430916,0.5762006076662554,0.6628509360063528,0.5612161560914662,1.166230437267559,1.0196083557808515,1.0372931496782132,0.6682033532694995,0.8789385242559997,1.0452296835897972,0.575208412809842,1.041124091246441,0.8273322410250651,0.9539877662343011,0.8007429342273005,0.7805039194913023,1.1226172393149247,0.9240769015522066,0.542491057519267,0.6083739694214774,0.7977206655844361,0.6729542386686115,0.8107728816014745,1.0286641455998073,1.0828464609792317,1.1419088994684354,0.7192268283258568,0.6532863887645681,0.5161459675318091,1.1082238449372002,1.08268352124975,0.6286816229112185,0.8370399994103586,0.9844925414274677,0.8779058077283495,1.1947390199209633,0.857563106877557,0.8823618966710125,0.6097876278957447,1.1004553976492977,0.7595097210084412,1.1252753642969722,0.8444892067932888,1.378532054593633,0.8592285683563876,1.1624515684491423,0.5749430453233124,0.8474310835707636,0.6912040728613253,0.686723883640768,1.2527219765407538,1.1505282443189206,1.1063263520073703,0.6165753422353095,0.5906980487408456,0.6513331968583453,0.6699694306269497,0.5558883923015644,0.6785460974795032,1.1271250277595777,0.8873417042989971,0.608950222465125,1.2386311197133137
arm,1.0366833996618583,0.9913349249303237,0.0,1.1805960749438873,1.1497162462825365,1.1024273786223344,0.9446768557965122,0.5990327389161296,0.585882426760717,0.9193017166486168,0.7870231085348778,0.6705133359507264,0.6905456402560459,0.542112556341562,0.6395430810721077,1.3145140857822275,1.296236523158604,0.6090316671985729,0.9900593924876766,0.8595970181682658,1.0260487386359085,1.1221642517285664,0.6637038040612223,0.9135985737965711,0.6838217502665294,1.3323789367632328,0.9271242809808812,0.8404012334985633,1.0914519402476761,0.7416390887864746,1.0755180556548787,0.5432984207430012,1.1789855275157772,1.1413613908556024,0.5517578404854468,1.30100614511715,0.7696932567192016,0.9074803281798083,0.8374198246611589,0.861345793468639,0.8248388246531502,0.9083697629631462,0.953381889189595,0.9319049016216323,1.0503217694634233,1.1667805177312647,0.8992045925725957,0.9726987984688272,1.1392774480916126,0.7256497883871555,1.133682818039734,1.0306403951928216,0.9704811506302565,0.858086796732362,0.8949467319578629,0.39904944346500426,1.177580593942387,0.8881332197330968,0.685716528141128,1.2584864651154666,0.6878145576321895,1.000950074842717,0.6134994295243374,1.3340234538379243,0.8970256643018657,0.9786030931598384,1.0675614908343973,1.2690498054718666,1.0296526918806816,1.150683772558326,1.2228814979847866,0.7395973855412754,0.8312970615213846,0.552165293645289,0.6639940802846904,0.6991999898362664,0.7021135841662071,1.0171332331533713,0.9713182027567805,1.2176567761650898,1.2309260995545328,0.922480503406178,0.7453983959089843,1.1001219587758568,0.9451846585578833,0.97526998535424,0.7044011278099949,1.2589351320831814,0.5607519043833551,1.0261369271243617,0.553062928120668,1.2216038315279736,1.000603115928257,0.754459408999363,1.0991618025185157,1.190728347637671,0.7915397895291206,1.129979364019941,1.124661202771396,0.956384319629991,0.7253982956685991,0.607796633193495,1.2608085305349621,1.0365222183903704,1.2440265716956376,0.6598969812925471,0.9179923754858369,1.0509292833543318,0.8274877640201823,1.0773530265971158,1.0532001402121614,0.9101910794354847
ball,0.9162728529604525,0.540648744230039,1.1805960749438873,0.0,0.14087341732572578,1.0742001304207078,0.9831045183299739,1.1078515430051366,1.1883217674044528,0.9855573962024071,1.0115522423003043,1.1353283374909682,1.1450524409049556,1.0498401606207433,1.057825132295642,0.8173392346912587,0.8339242200177679,1.0358109373271278,0.9591747641971049,0.9096560462139612,0.9300921086238491,1.0613521566510524,1.1126157553215061,1.128809763297868,1.1289304766903654,0.7118800592354786,1.2346082730159824,1.1457810157307544,0.5402484539136011,1.1242936468019165,0.942172365966694,1.209797296859505,0.7459849727533906,0.8092184134555935,1.1519350064061853,0.732185049629789,1.1453535626531526,1.0205325596043997,1.2640349741966306,0.879283516707072,1.142524776400346,1.1397205177220857,0.8516868723923422,1.0846067341568073,0.9430733214086862,0.9238774391073931,1.0140618021098324,1.104122750737813,0.9100933870514385,1.1362921099837848,0.9710777673792443,0.864404893389326,0.7636412489597864,1.1731178697776123,1.1105764840696182,1.100839147076147,0.7886075090760651,1.085856648626883,1.1869769498490346,0.6819857434346426,1.1632935123177433,1.0564890902277089,1.2070506128368876,0.965167464714254,0.9700172606136486,1.099802085884886,0.9889631271396239,0.6202794833076344,0.9491478440683105,1.0294741454763359,0.7500992812111931,0.9686177074713612,1.2370431736178817,1.1455261409030306,1.0533799036876845,0.9771786827580785,1.018278357795324,0.8866140781024114,1.1538449003134899,1.0052036321552766,0.9055416619044463,1.0009695377926422,1.126052416711618,0.8975308929425805,1.2858606798776089,1.0085776447428743,1.1266166798744948,0.8236731219291786,1.1710381307109468,1.0365221986947637,1.2163047845467196,0.8083623031678782,1.214090572159514,0.9524252016318614,0.9807111633155905,0.8820602918434133,0.8060267214239332,0.44085813590399614,0.6650908415211321,1.0978311933797646,1.1885361439454138,1.0843904880392305,0.5368362637901745,0.7852007762077212,0.9235350918502054,0.9492428351349481,0.9497463370146831,0.5870795690928092,1.0086425540448318,0.9760095205968399,0.898157623334267,1.266715670503975
balloon,0.948114828565684,0.5792942584467383,1.1497162462825365,0.14087341732572578,0.0,1.0600718224421795,1.087832846645168,1.0507014313106353,1.1146028767401535,1.0377187630640243,0.9210041665460139,1.0406976434730106,1.0517194229975348,1.02339176571818,1.0692972616747387,0.8799625423511018,0.8671189609327203,1.0048559271034294,0.9245293982655557,0.9069438790554532,0.939159049106035,1.0909990481200513,0.9923376528314455,1.0888422810494809,1.042712597715011,0.9042149709872793,1.1919468817981147,1.0677651505631367,0.6433298774069074,1.0925266890267173,0.9880196251333926,1.0907754769155606,0.8323476662617126,0.8433467872340205,1.1135247817530163,0.7840941201234102,1.1301345028197176,1.0381509038697654,1.1756277432852678,0.9143066558427692,1.1028751878045273,1.0500791203219153,0.8544636256730831,1.0503541550241902,0.9699829352291708,0.9474282552175789,1.0436469514633666,0.9820123465321259,1.0204428753389065,1.1329624198010677,0.9808470667396731,0.8926858059717059,0.8425483782773748,1.0772751858043244,1.1207293866302979,1.0240834855758014,0.8449778170722142,1.1034296168738988,1.136344722934397,0.7529129216027697,1.0715180936331454,1.0144378004070695,1.1019738329228215,1.0174857948030718,0.8843892682763997,1.0123097491133404,0.9298246213236867,0.6680651306689032,0.91371461149148,1.0999042604397744,0.827205126625472,1.0042709625777033,1.1713247240026536,1.0338162433618334,1.0452224107463297,0.951510007162664,0.9964051123872216,0.9315470287900132,1.2243996897164497,1.0434043873582977,0.9338566924459606,1.0264832569843763,1.177457416925454,1.0252463996235253,1.2064551864505884,1.0544104174529676,1.1269941461652129,0.9221719553851017,1.080488384348556,1.1074757107245803,1.1496796352543301,0.912417279490523,1.1370930040011191,0.9396751731613101,0.9210058464329662,0.9404744029781419,0.8052587067410432,0.6542087959630047,0.6561627418917867,1.0826488318270535,1.080601073088398,1.0132833010753155,0.6584216400619509,0.8141910991049078,0.9440850509936477,0.8786881520821945,0.9033058137157086,0.6676659544946877,0.9643691687852831,1.0621710625279603,0.9405627699669757,1.1576823987411309
banana,0.7488296601639104,0.8419921173265705,1.1024273786223344,1.0742001304207078,1.0600718224421795,0.0,0.8793260009430017,1.1108556300296009,1.179572587705444,0.7673656082908323,1.1168700379138379,1.0722626121500813,1.1894569819938883,1.0230250140270052,1.0894349635404357,0.8125837557099658,0.8106343068981727,1.0750134101902713,1.0224647290886542,0.848215357738127,0.7120461879874761,0.8878043603293178,0.8562049504915973,0.9915618391956798,0.8839655276155622,0.8919354637205982,1.096518602427444,1.1317677969961786,0.9927237442990796,0.967667797119784,0.8529209372653134,1.0442804250510798,0.8916280688682964,0.7844973337608512,1.2170658142524637,0.8105559749857484,0.7105564046890424,0.6760002009027265,1.061594208769718,1.0040666812784762,1.013691214066727,0.9546858370086885,0.8437211606686807,1.0847670744213873,0.8657479647803513,1.0177571446121088,0.7891881359015012,1.1521075418531586,0.6643239312662665,1.094488173179005,0.7262683479051527,0.6840800963799326,0.8574456607733084,0.9926439795084498,0.9272948909500386,1.10047970213174,0.8096106018714815,0.9417883353561667,1.1000511848177563,0.7140471578109142,1.0368885723412462,0.9774810529899838,1.0321700212464837,0.7972465999951641,0.808692122513879,0.9901959406969751,1.085431883764626,0.9146403871722899,0.6237177463397321,0.5429203784686213,0.7944442229071982,0.8760172376855608,0.9767425099883341,1.1861720085157246,1.189756415939994,0.9220776712658706,0.862961491173506,0.6601038640192991,1.1180640776077149,0.9679500744252418,0.6661459762021411,0.9989396292782405,0.9606886963693356,0.7386435205096352,1.0612314958487756,0.8244974149581692,0.9352562214650888,0.6410942419548851,1.1501242338205837,0.7634533992035601,1.1159129354143498,1.0348604660677612,1.2109820616054685,1.04901840682125,1.1178686599963898,0.6784714956345536,0.9722180797907214,1.1095254063186215,0.951105841698629,1.0413164835465643,1.1795614791634155,1.2345754852734396,0.7100702741740815,0.7942509792935106,0.9686659289207581,0.8993075484648612,0.7736751292974111,0.7861946114066984,1.1076174538845434,0.9178800571096056,0.6790321059471325,1.133145068150244
basket,0.7763410320061752,0.7489431962367314,0.9446768557965122,0.9831045183299739,1.087832846645168,0.8793260009430017,0.0,0.91416722385862,0.9972196926814405,0.5234059922071097,0.9847310075022311,1.174336787559312,1.081104730525328,0.7817668895397345,0.7827691285264198,0.8668210856069996,0.8789752010478983,0.7295023919954471,0.6907697008739239,0.37967679644933505,0.5865038054796426,0.8860853256108155,1.0406537437465713,1.0545660134514172,0.6261878864656985,1.0030025053263547,1.027991731354822,1.1658480931226225,0.8319151478157106,0.8195494131364933,0.7773131130168214,0.913054847279577,0.8701829231631455,0.8276672242109282,0.7476137378577601,0.7122626400122162,0.844833367751145,0.6726210007411744,1.0419817523718653,0.6173038251011141,0.9059193012039346,1.253888752963197,1.1091063154728353,0.9529416691842134,0.9365319658625372,0.9780836854146023,0.7547806188371347,1.1334528318665273,0.7830007175779228,1.0119625223990198,0.9108809613826891,0.831418864630441,0.7315637249396311,1.2418933798350527,0.9007719359656576,1.1028925813606218,0.8913785710619353,0.8373353133067278,0.9369380711741271,0.7509411160693178,1.016181390715709,0.9138821851675134,0.8256746708433869,0.8846078771628578,0.9340865386696823,1.1495440690593977,0.7674383674035272,1.018223521228409,0.8745009013791859,0.8166763454378532,0.9624043675002358,0.7125466724888416,0.9420140061477883,1.1986230297982763,0.9286327709239229,0.753771122001921,0.7843575546663851,0.6117272228354459,0.979786151760626,0.884331710679613,0.7890652257297027,0.6542979442075545,0.3087843032246581,0.734013927975544,1.0484587150524898,0.8063648598208109,0.7469336064036856,0.8134967758152645,1.1251086579128415,0.7932636368812782,0.9239772374686926,0.9446528444443751,1.2057387257383856,0.8942254717180046,1.0448444145636282,0.7450748911821925,0.9119699796255015,0.7636694546897465,0.9220479154031479,1.053094693820112,1.1434092626890342,0.9047180243333675,0.7083494907533922,0.8721712411271663,0.9761703369039634,0.909786420991127,0.8498670889983421,0.5789751148912773,0.7878385780268998,0.670796156410663,0.8999755677990746,1.1689086521493885
bathtub,0.9580250748219288,0.9611428057093003,0.5990327389161296,1.1078515430051366,1.0507014313106353,1.1108556300296009,0.91416722385862,0.0,0.4441440476733708,1.0853186267081651,0.3827348943384148,0.753320073774105,0.5714635645142238,0.4404915086351586,0.6323214833115675,1.4170166832384083,1.2359720651894703,0.3133745116000365,0.918176603744755,0.7688072278034209,0.9719970567148382,1.0910078698334587,0.6771345585076117,0.9363645028330865,0.6309062539329392,1.3081860813350183,0.599332426554833,0.9232035745932261,0.8516003285692259,0.8074442904660006,1.076913078133451,0.5434995334603444,1.0014827903460373,1.154008242600041,0.3492952182800263,1.2879907669680248,1.0704304322592832,1.2373243243844925,0.5749962645387234,0.6138414439100719,1.039467956412318,0.9927631708130943,1.217544423296567,0.7951836402278327,1.1581097117499426,1.1298715394421917,1.0585431566947028,0.9467112823003389,1.0372298794162003,0.6639355312406935,1.294719864505142,1.1363051789551262,0.8740130359974316,0.978253537252785,0.9526100736535679,0.6625789953187335,1.402425236401891,1.0082428310284108,0.9287358039444576,1.2875824747974176,0.7788507848602542,0.9948738489292916,0.6042647631817888,1.37145480584921,1.0059409038876765,0.9017344598036229,1.070934243966194,1.3181575154014546,0.8425374432026734,1.358760817996313,1.3515501397644472,0.8637396114105124,0.8403193571764186,0.6520425653679274,0.559075157417419,0.6549578171559995,0.7078776518450981,1.1396291948260946,0.8677399272961224,1.2627323461943614,1.3110678472866524,0.936569524641343,0.8452718058077768,1.191377070692962,0.7007716117203201,1.1118392234450787,0.9808140048092523,1.292976945842001,0.7156040595846651,1.1034370664531727,0.7498719810700345,1.353005728033104,0.7989588129964751,0.15195116521019048,0.8704376558227316,1.2340157234382452,0.9283930125165735,1.1547410658993527,1.1220863729230977,1.023477907392851,0.8893213633623398,0.46559193815415734,1.096973029841957,1.2991141992353439,1.2260209862743738,0.522523558395489,0.8442251810043083,0.9680074465734871,0.5852017029931543,1.1943577997402817,1.2638391592517015,0.7799016453801645
bed,1.1012743196228763,1.0880542912532596,0.585882426760717,1.1883217674044528,1.1146028767401535,1.179572587705444,0.9972196926814405,0.4441440476733708,0.0,1.1934966605336443,0.2665026972475447,0.5524436727640062,0.18687124641673059,0.6371097270336223,0.5463553494442928,1.4766481511969345,1.3779782883885288,0.4572120491721512,0.836484211619213,0.9269795989943106,1.179535717040405,1.0116043984120435,0.7629196980495976,0.7464466534601214,0.6538006918323265,1.3940268571097887,0.6773905226442571,0.6721548442861421,1.0170730875647522,0.9533116543349076,1.1224657660116284,0.36516494341234107,1.1491672113969784,1.3026648858704775,0.3344064725992273,1.4376484318198983,0.8782555616960257,1.105061763885427,0.6805774341447984,0.8703048804378439,0.8118723503857943,0.8512734793128189,1.2392270869055488,0.7013985008082795,1.2074527747034596,1.0284740316907115,1.1486104945959934,0.862435686052928,1.2100478963053622,0.606068469081812,1.3049264820053181,1.2666860237924342,1.0565973268833058,0.8274144333553788,0.8750841424406207,0.6194973366817325,1.3487519694262247,1.066928223967255,0.6020468114759844,1.3905208449817665,0.6246513956868709,1.1123267843098876,0.6668090348395324,1.4644437031375082,1.0061703326332552,0.9113758851898511,0.9937200672619546,1.305159200026283,0.9850110908967362,1.4175960306629243,1.3622523778470768,0.966590586847324,0.8061815268796495,0.4080117954422786,0.4030152253764798,0.848480339947765,0.9224290496951033,1.1672489679402491,0.6328476880478965,1.317172920046723,1.4271429092425807,1.018408035474004,0.8445791345762621,1.2370196651100032,0.7555397078226689,1.1368505370203161,0.8365748373394835,1.4164107406811235,0.4653626339811219,1.1805354130337369,0.5193201413077261,1.3773873917838084,0.7382290725803957,0.6012212155067896,0.6547531467022945,1.2891314495844943,0.9500813503830599,1.1405341715943313,1.1697719536701452,0.9461753322876801,0.5683867599588703,0.18390390603118445,1.3468663882379401,1.2907333501808411,1.20488533217429,0.7213761985842323,0.9869026267894471,1.056358455239135,0.5865197572337232,1.3047859570757412,1.3227670008250534,0.6847153489217777
belt,0.6021606470432374,0.6512160765307488,0.9193017166486168,0.9855573962024071,1.0377187630640243,0.7673656082908323,0.5234059922071097,1.0853186267081651,1.1934966605336443,0.0,1.1003985073923508,1.1964287360745212,1.1854107591620158,0.7095441382179623,1.0331126353581908,0.7224806669814274,0.6866905938311816,1.0474409253822585,0.9768183110892537,0.6468073292676071,0.3580310028604142,0.7158437520038506,0.8774881917959636,0.8340974096531191,0.5702882112943406,0.8963022849258986,1.1802650219780424,1.284781140665278,0.8069842349152703,0.7358230869404895,0.73346398260553,0.9607315323770032,0.8812899035488094,0.5215391022734642,1.0940298660047028,0.6954740418002643,0.8230440579284408,0.6491141512960769,1.069256661455675,0.6564197238752374,0.9862959161477282,1.2016527722777666,0.8559382387130288,1.2217515302914919,0.6124733202585402,1.0960580770522454,0.4811622897668282,1.0264560141135952,0.9501214641871615,1.1428997970933863,0.4840432564373631,0.5848660592717944,0.7458666539882794,1.1297942072158078,1.0306755762607298,0.9901636968433979,0.7376896206140235,0.5697534314638447,1.0888841015219082,0.628374463850461,0.9355284859839691,0.7079817543783404,0.8074714600558723,0.7109098321596807,0.8075630815467632,1.011165825699641,0.8853054070464477,0.7370212025910573,0.6366307534792,0.6323566439080892,0.7521584198744266,0.8002467689319801,0.9615244656381057,1.102047944680439,1.1736604174937413,0.5312942204618594,0.508767987830107,0.42235520201041843,1.2114034933820226,0.9191336226038136,0.4985975378432377,0.8060403583080571,0.6999595239721037,0.6155053399169711,1.1438122129765727,0.6023245851941286,0.5572245480989031,0.5638891958551548,1.0870855352838562,0.4303058224182639,0.9767053790094047,0.8811985712527138,1.3010520488525015,0.947422581142611,1.1995293393957778,0.43205038896544945,1.014424025704657,0.9358992043115588,0.892230213279476,0.9968499898514184,1.187918048586781,1.1599172124752704,0.7420009460268994,0.5239271528716537,0.7109856504915059,0.7456578362806453,0.5993098548692561,0.8311605478436899,1.1274299770525653,0.7247104788203821,0.5070687385984666,1.1716825005718607
bench,0.9512428073042123,1.0113470040411494,0.7870231085348778,1.0115522423003043,0.9210041665460139,1.1168700379138379,0.9847310075022311,0.3827348943384148,0.2665026972475447,1.1003985073923508,0.0,0.7662019787816952,0.4009081504764618,0.5940188101064899,0.6693236807596362,1.3833024814768131,1.2303261127206782,0.4318172874603403,0.7933457813101643,0.8193363952279029,1.0238449210993794,0.985205686234359,0.7790195238797526,0.8632246196456085,0.5930557438688829,1.3662099940610786,0.7369508971885238,0.8744845216827649,0.8617974679262568,0.9279808907288111,1.037575676509226,0.4367759248959667,1.0471302573407149,1.1004112701704154,0.43264814444302235,1.285460594911482,0.9928504596639128,1.136699308314775,0.7533212589090332,0.7564951893663193,0.9900546975730493,0.9572938352952918,1.2240115978036967,0.7947186213429536,1.1445227196170606,1.0828921417171518,1.096880522061981,0.9555658965810233,1.187113821241016,0.7568166230865732,1.2706035412791286,1.1530981428649172,0.9888107364288033,0.9687156936263835,0.9727235557076087,0.8059743867682349,1.3044898925684316,1.0458838979827823,0.8652417742075249,1.2578902429749084,0.7174362314002174,1.0404079959236157,0.7255585711332715,1.418541997575776,1.043028141624542,0.8701349958659619,0.9779690873514063,1.2077741408084697,0.8095192214288822,1.3694460322900976,1.2757998457005268,0.9382926935171427,0.9142027799367412,0.6760773758425928,0.6521663601725813,0.7044084908414066,0.7742755072119508,1.0802734225303696,0.774456964894227,1.341388985230218,1.339346887633978,0.9576015979481508,0.9162872339437171,1.1911899470358382,0.8327055777933917,1.103943705936851,0.9598250983201788,1.3300653797696418,0.7527248436617091,1.1536628113629694,0.8322167825134408,1.281739243666762,0.8516367221887756,0.4468784733081701,0.7336553536940992,1.2016646739670374,0.8544978499415793,1.1270015342875754,1.1492525262305624,0.9759952552001365,0.8653467060259203,0.416140003286698,1.1379894422578392,1.260240727302769,1.1486956687550691,0.5637804879526767,0.8125800564603082,0.9467877441050555,0.599921994481943,1.2372357984633153,1.2390400644698074,0.8379277136715647
bib,1.0750987874657387,1.1030661657944754,0.6705133359507264,1.1353283374909682,1.0406976434730106,1.0722626121500813,1.174336787559312,0.753320073774105,0.5524436727640062,1.1964287360745212,0.7662019787816952,0.0,0.5299775999547383,0.8164438901465335,0.7560583834866299,1.3094128751813008,1.2047778550875177,0.7316912136820801,0.9745939150550407,1.0124006787443098,1.241262088748328,1.018678377984552,0.7000946339659294,0.9081000610302445,0.8975141483312139,1.3060770507624775,0.9353550245820924,0.5894778838865076,1.1343768542017252,0.8539539573476197,1.0959435485815527,0.6817260561817944,1.0350364413587014,1.223883685528026,0.6802363597506407,1.3169846228532298,0.8363532932040804,1.0551822654211935,0.9010226815063029,1.13083030598656,0.9850037451998097,0.5813422088676006,1.0708980718358416,0.7063833535543782,1.1676660409275008,1.0384740957992313,1.1300933524381809,0.8135720048546538,0.970088117316928,0.673702044395336,1.1864636475764452,1.0986675435858297,0.9916825995867925,0.5339227639560975,0.7841209142340316,0.5918557901592132,1.185057749892984,1.0427664519361455,0.794779373654545,1.1696395527997512,0.7011153085538943,1.0633536340811733,0.8417342120443444,1.4101300923745967,0.9235726946848524,0.774343119280123,1.029169121056095,1.2185130457779274,1.1084037130988442,1.242866235322589,1.2188920271589374,0.9137016522123177,0.831539730659212,0.38778829517388735,0.6777212906932036,0.8906003347556809,0.9249590016186822,1.2175342310674546,0.9332040345159582,1.1655255780561222,1.1967486979912485,1.1003825100428326,1.054882526047956,1.2023429873915015,0.9656996162604643,1.1126928078766785,0.7845034375307727,1.2680752455812772,0.2908226099745518,1.1754879851006919,0.6227933055982887,1.3390600261950412,0.8888306466523244,0.895327416764102,0.8432459488603975,1.2326182240341774,0.9997223578122044,1.0846822642918077,1.1200816831050366,0.8315466367516087,0.4493815278830332,0.5447099936676638,1.2436524119748138,1.1864458124672848,1.1551679999512308,0.7966823536026597,1.1239140260711171,0.9951734888335763,0.7211788065732194,1.3313436439955495,1.2069261135781537,0.7657825975022697
blanket,1.1445036881437067,1.0478837618017443,0.6905456402560459,1.1450524409049556,1.0517194229975348,1.1894569819938883,1.081104730525328,0.5714635645142238,0.18687124641673059,1.1854107591620158,0.4009081504764618,0.5299775999547383,0.0,0.6572022270047457,0.7275790426828135,1.4671627808499257,1.3820126492050024,0.656305929876829,0.881868299655516,1.0021431352123409,1.2006944485980844,0.9501468520973695,0.7628753042965082,0.6475234356509556,0.7603903581607326,1.3867173992111579,0.6935261789294401,0.6421984550894375,1.0714903754723013,0.9037157733141553,1.1498659115244094,0.49164693843490115,1.1156834967350227,1.2958870628656984,0.48442368808897884,1.4656928800763374,0.9189079791731943,1.120878138920758,0.6781712306477451,1.0478755322396303,0.7229618176227081,0.8361397282910914,1.2716083536206808,0.7253096697907345,1.169015171338816,0.9644784033921684,1.1373763423862568,0.776900745626394,1.245493814786112,0.6220433378479309,1.3032561129908822,1.1525976477465711,1.1195850490224544,0.787072885865163,0.8272917322874704,0.7093612115437844,1.3052166452985308,1.0730435542904346,0.5228929289263764,1.3418109756909147,0.5309887155605688,1.1857875344014273,0.7034278736757388,1.4279208668538244,0.9188239154441803,0.8046122053236837,0.9371272232739929,1.2891435499736004,0.9898874968538648,1.3854158337746512,1.3192652726544298,0.9518545227485696,0.6527765019473972,0.37872961570492614,0.6405991580333811,0.8356939939926386,0.9259457844214674,1.1735667229592808,0.648743577114633,1.2332182547550092,1.4024513184566798,0.9942739691950154,0.8674634829818741,1.232583677045646,0.7568901433592542,1.1655879093173582,0.7236430800758743,1.4126036710371914,0.44744229038120553,1.1552645798881853,0.572626052534422,1.3316113485260572,0.7291208961993806,0.7134422953645869,0.5793400989570745,1.3354008570056235,0.967575889881361,1.1150561668390755,1.1857514279495796,0.9189078614244216,0.49050786018930126,0.4051104479615111,1.3767243442321093,1.3141505480408506,1.2261471629065628,0.7165053160615864,0.9255124763016607,1.1359018416785998,0.726364182420595,1.2830304361159954,1.334741614084658,0.668201238590162
boat,0.6630228497490978,0.8132033037637774,0.542112556341562,1.0498401606207433,1.02339176571818,1.0230250140270052,0.7817668895397345,0.4404915086351586,0.6371097270336223,0.7095441382179623,0.5940188101064899,0.8164438901465335,0.6572022270047457,0.0,0.59237326844954,1.2386990189864278,1.0479109673218723,0.47503724676038206,0.8821544741232781,0.660146633788962,0.7019392681841791,0.8925952320682892,0.6443214552308678,0.8378146783301061,0.527924604013773,1.2254095608034934,0.8903439760433091,0.9900667513889986,0.7284540482439029,0.6378940311276634,0.8559940435975497,0.6055042405381896,1.0226465026630052,0.8600648055786668,0.4708878459627005,1.1405379208111135,0.9840021983084695,0.9653440242538947,0.8139662252483519,0.6522116491079617,0.9889293774514494,0.9836560965990112,1.131871247329676,0.9202402714742812,0.9216285978325084,1.1586454740379715,0.8811462078507551,0.9086134866860309,1.031010756736643,0.6718117294811147,1.0259716968408297,0.8933912908493924,0.6758329501152088,0.9368726606406871,0.7986149286788901,0.7061031348804768,1.2172591200451648,0.7564684683970482,0.9121642903909979,1.0870420155447316,0.6732116706894792,0.9240410726303692,0.6411646869481857,1.2269507664562522,0.8364184604095161,0.7754325645149661,1.0316122052410697,1.1093461094202504,0.7051895597365678,1.1121142711643166,1.1476240860344387,0.7010210051620863,0.8108494994805616,0.7257724450457972,0.6503950065775018,0.4042980499158435,0.4603674040149732,0.825377977041446,0.9779809520899327,1.203415646117226,1.004789974121606,0.7773224098203853,0.7709255427071184,0.9986748006705516,0.9200676418299046,0.8460626892885231,0.83199286395623,1.0533403468207372,0.7600551958680899,0.7907514349934168,0.8304471649934955,1.2461815104233325,1.0470600853932839,0.4625068343707085,1.0144190422761032,0.9328508000065038,0.9027113374608824,1.0783985506742628,1.051051325610507,0.9202975036635356,0.9182250847943059,0.6681201587395108,0.9979471215822857,1.0352629818425594,0.9996912446533563,0.3350700703904461,0.6537966719177595,0.9185203454846633,0.7476919234146808,1.03999408215995,0.983580161426801,0.8735151821614113
book,0.9252107339436844,1.0395775074752862,0.6395430810721077,1.057825132295642,1.0692972616747387,1.0894349635404357,0.7827691285264198,0.6323214833115675,0.5463553494442928,1.0331126353581908,0.6693236807596362,0.7560583834866299,0.7275790426828135,0.59237326844954,0.0,1.3433409681298414,1.2908291723044805,0.19623158903144744,0.8467473170793729,0.7500845364013038,1.1174527857206649,1.1513367618375292,0.9182213629626927,1.1160039568795381,0.8507609905375721,1.1762118881321273,1.010323871921721,1.0135054533590884,0.865014419524993,0.9532186142817248,0.9983023719744749,0.8033646635882095,1.0264844473345949,1.1277218546992813,0.395428180027142,1.2649175954913936,0.9159164937556402,0.9594260846493211,1.0477161471672045,0.8406566625527634,1.0142247206256285,0.925441282305417,1.1332476356587025,0.7072453492453565,1.1466786742354986,0.9735226057097035,1.0424346641889557,1.023360082561532,0.8138565802818144,0.6006709018588072,1.2507506894759086,1.209648141118976,0.5949818675601042,0.961798267059158,0.8612680518117758,0.681455108525892,1.2320975662198945,1.0246820259869736,0.9681208427237512,1.1707676660451183,0.949294374610738,1.1310874167526705,0.8522550291252435,1.3693327072138262,0.8916053445901888,0.9635370277773763,0.9829896056478843,1.259176432381599,1.074073646546406,1.2290448856404166,1.2774529252012612,0.7380968710179275,0.9547955153340136,0.8356545459064884,0.32538389445720695,0.757127501052022,0.8408412198597942,1.1008148401953115,0.8612329967640491,1.1298728172890111,1.2661648208184064,0.8372647093601556,0.7749855231433815,1.1635764975530063,1.0981913083129706,0.9654231434065927,1.0069280904135924,1.2630102072035758,0.8561908270513079,1.1555193096835548,0.8077446125822094,1.2444450594750325,1.061337705100322,0.8125461037201465,0.8518612805822149,1.2015399492511385,0.9890833106099257,0.9387601520709277,1.007632776969919,0.9202380969602643,0.9146967994895684,0.4265720228088026,1.0930089536400227,1.2171489411307461,1.214280855204266,0.7690111727184764,1.119575490910163,0.6402799910199306,0.4749765045765264,1.112846497887405,1.1963411441052385,0.9700430000743123
bottle,0.7747369648866228,0.6146909784815272,1.3145140857822275,0.8173392346912587,0.8799625423511018,0.8125837557099658,0.8668210856069996,1.4170166832384083,1.4766481511969345,0.7224806669814274,1.3833024814768131,1.3094128751813008,1.4671627808499257,1.2386990189864278,1.3433409681298414,0.0,0.1745528292761641,1.417334719266275,1.1780635708910303,0.7724615772107479,0.6177483706429635,0.6750535794060379,1.258726288148467,0.9564361704570925,1.1607115538217523,0.4987976473082676,1.176505594423008,1.2329854264684703,0.9312557849996776,1.0514734127166012,0.8018489047335065,1.4145659360070968,0.8473658164474855,0.3041530422085117,1.4690713482886695,0.1193647910830733,1.0809105212514332,0.8420578158292792,1.228425976609625,1.0464783585605064,1.1053623875177643,1.2013064537430678,0.890316158723653,1.1162820455841027,0.8121562823599525,1.0446061844077463,0.759304917381126,1.2264180604883226,0.8935890377339396,1.2075865171599849,0.25894502855005674,0.6664355567909394,0.7512939086642674,1.1921996312702827,0.9706381354154663,1.4315044664615049,0.28092622231577735,0.926943957416985,1.248687850888044,0.45729279200054873,1.2867830794624813,0.681901511412252,1.2604399677866174,0.36636240591523306,1.0116515310519274,1.2478886318373317,1.1312982197789632,0.2634235060189838,0.8058908225660292,0.5175265814047644,0.43577938157600293,1.1220517298088732,1.1794655547000779,1.4280611694753027,1.4426191892597198,1.0131290334522007,0.9412088627432672,0.5342419915330316,1.1607812576767964,0.8241296259396147,0.2526174146958102,0.9527742290230777,1.1933975882678332,0.7557541965798056,1.117751100432418,0.9454939850648684,1.093688903084975,0.28656009168816654,1.3521853727862365,0.7091521156176924,1.358986646751869,0.37547820187579184,1.2859542314705423,1.32350594152305,1.2224365063499116,0.384519018084309,1.0990080108132534,0.8593690584241096,0.8900939276776824,1.2402296319678432,1.351820763565537,1.5031043793453729,0.5546852819291953,0.49984173629565887,0.3420012391400783,1.0705764282768908,0.7429092377713152,0.9069062384293967,1.3967935723602838,0.5564288066341747,0.43254905209714556,1.2192420216722346
bowl,0.623859690851284,0.6266725067614551,1.296236523158604,0.8339242200177679,0.8671189609327203,0.8106343068981727,0.8789752010478983,1.2359720651894703,1.3779782883885288,0.6866905938311816,1.2303261127206782,1.2047778550875177,1.3820126492050024,1.0479109673218723,1.2908291723044805,0.1745528292761641,0.0,1.2915396331642401,1.0876501200450697,0.7114980606980794,0.5674226814668049,0.6707110696504133,1.118976629821001,0.9092434873106059,1.1079138876559544,0.5746700718372234,1.161352679911427,1.2168476023095747,0.7911782983212954,1.0367592587629437,0.7205765042438548,1.3356722295213652,0.7325884811776012,0.26653937351547263,1.364008041401071,0.18430635585139177,1.1987418436397796,0.9783651423535431,1.2137731126856837,0.876933696052696,1.238034407653115,1.2331657891926229,0.9687514152438379,1.092661344928775,0.8040015466381301,1.0970319097028776,0.855658305184157,1.1736534220948895,0.8520819110888955,1.1564283480551325,0.2819670443287652,0.7745313012596052,0.6541034709679372,1.2280881983418273,0.9012956751507684,1.388492140550408,0.5405772024166554,0.9117185202650993,1.2955216616673542,0.5089260328432038,1.2051973251140802,0.636362808905915,1.2887237319792013,0.5213582886548449,0.9738728023599807,1.121863862655106,1.0474884553691435,0.29089385576935833,0.6636006140843432,0.6631296095616371,0.5488521024528029,1.1074655693157687,1.1837346581718442,1.3616914207352302,1.3302085309012286,0.8296889545362088,0.7858777406125627,0.5435655076457815,1.1308768129170954,0.9271423347659142,0.22398909067104955,0.9666262762953132,1.2492439917122942,0.8063292275772604,1.118312650094308,0.9436922944778042,1.144240783304088,0.34653407130349645,1.3214052122732431,0.6247276148881196,1.4009892730522282,0.5600158690303603,1.2837281206653037,1.0790510442977492,1.2052604757102436,0.38280322789051313,1.1466688307317148,0.9533773071099017,0.9601385453347393,1.2686591184687601,1.3571071669169812,1.4005220824377642,0.5040116628572702,0.5859734860856463,0.2498636126195265,0.8753532900597925,0.7062689448227069,0.9256051915187199,1.2389638878906322,0.725812911656131,0.5178797717946942,1.1391136329720357
box,0.94005022115821,0.9654342792944072,0.6090316671985729,1.0358109373271278,1.0048559271034294,1.0750134101902713,0.7295023919954471,0.3133745116000365,0.4572120491721512,1.0474409253822585,0.4318172874603403,0.7316912136820801,0.656305929876829,0.47503724676038206,0.19623158903144744,1.417334719266275,1.2915396331642401,0.0,0.8270075413601147,0.5954342121043482,1.0209480731222451,1.1330268284976148,0.8241466309803965,1.0527180014347561,0.6689710748517996,1.2770765720966017,0.8143175038609064,0.9507702876770382,0.7813750738827213,0.8768229358551005,1.0315276972729925,0.6210410708657731,0.9721048845279546,1.157731418014549,0.24535520843474523,1.254252945066767,0.9116094895358694,1.0151132214662337,0.8298089632966559,0.6706631428310874,1.043927990125415,0.9369112972121234,1.1833024249843063,0.6373270257899436,1.1895596454022126,1.0633774253110844,1.0264362228643948,1.024166989278696,0.8913002043041343,0.5777242318826618,1.3009503192884448,1.1642804018719852,0.6426784302553662,0.969396145131931,0.8851898318332336,0.6512536068831789,1.3640480774376724,1.07560492225465,0.9200418351819886,1.2158524155125874,0.8571866678461542,1.1067320514445749,0.6779990246526235,1.4551538929764511,0.9330307035362255,0.8786053315434689,1.0119499719930514,1.30968154074443,0.9655060771632704,1.3296346938799397,1.3400896433326503,0.8045757881713125,0.8914074558551501,0.7346950856595067,0.36974256916599524,0.6615381322773993,0.7540972943740301,1.1664765792091845,0.8796036772723519,1.2215863429386364,1.326749850621082,0.8863659054499359,0.7127480503109773,1.1787801679675896,0.9137791540328309,1.0421960274051523,1.0250215455380467,1.309343759969321,0.7876978518911036,1.2003388779965636,0.7992415069617483,1.336790141299915,0.9656543277087708,0.4927428167924339,0.7975705469108796,1.222817745386916,0.8828839192586986,1.019269535678875,1.0727351956323252,0.9297249157330763,0.8960984004857415,0.30632257479977065,1.028870485507897,1.2840324878513336,1.2631837200821114,0.5726612503450352,0.9802167755767566,0.6025979658945226,0.3109771265694813,1.137188512757002,1.222234314553969,0.8719489260996318
