,alligator,ankle,apple,arm,ball,balloon,banana,basket,bathtub,bear,bed,belt,bench,bib,bird,blanket,boat,book,bottle,bowl,box,bread,bucket,can,car,carrot,cat,chair,clock,closet,comb,couch,cracker,crayon,crib,cup,dog,doll,door,drawer,dress,egg,elephant,face,finger,fish,flower,foot,fork,frog,glass,glasses,glove,gum,hair,hamburger,hand,hat,horse,hose,jacket,jeans,knife,ladder,lamp,leg,meat,melon,mitten,muffin,nail,napkin,necklace,nose,orange,oven,pajamas,pants,paper,pen,pencil,pickle,pillow,pizza,plant,plate,pumpkin,purse,radio,refrigerator,rooster,scarf,scissors,shirt,shoe,shorts,shovel,shower,sink,slide,slipper,sock,spoon,sprinkler,stick,strawberry,stroller,sweater,table,tape,toe,tooth,toothbrush,towel,toy,tray,vacuum,watch,window
alligator,0.0,1.1340595,1.3050673,0.8649605,0.9930904,1.1995606,1.0250328,1.1460832,0.7713008,0.941279,0.7052884,1.2383852,0.81141084,0.8526473,1.2390566,0.82321626,0.7057772,0.8753245,1.3222101,1.26509,0.944699,1.0591036,1.273119,1.3269928,0.7005055,1.1408526,0.9293371,1.0685843,1.0792835,0.84466183,0.8231927,0.8860529,1.1352916,1.2918563,0.9142253,1.3627703,0.9133115,1.0804069,0.9360365,1.080946,0.82940125,1.0790498,0.8093873,0.89667946,1.185226,1.1997682,1.1692106,1.2173504,0.9502358,1.1516576,0.4292612,1.204027,1.1636384,1.0783879,0.77300644,1.1462537,1.0098678,1.0192268,0.92367584,0.88371307,0.9424947,0.9149629,1.0616347,1.0619309,1.1436124,1.245267,0.8600328,1.1888528,0.9003219,0.9005161,1.2201163,1.3651209,1.1803567,1.1245546,0.99369705,0.8969971,0.86470777,0.8839507,0.8078635,1.2195128,1.2328054,1.0465921,1.1407222,1.0847316,1.1594635,0.8669592,1.0884553,1.2431822,1.1676077,0.92342424,1.1318097,0.9350642,0.872725,0.851311,0.9765677,0.8608443,1.1514927,0.8007762,0.85728586,0.7157718,1.329839,1.2619493,1.012874,0.88596433,1.1785102,1.2384602,1.1667858,0.8164866,0.8042521,1.2268305,1.2845341,0.8833943,0.9713661,1.2967768,1.0757213,0.83198404,1.1714894,1.2889428,0.9188088
ankle,1.1340595,0.0,0.90603775,1.2485565,0.82300794,0.7067697,1.0254676,0.85171765,1.1448102,1.1020708,1.2451376,0.97523904,1.2176878,1.1185112,1.009776,1.0859586,1.051397,0.99719554,0.7502875,0.74463564,0.8383049,0.9874443,0.52233213,0.7625964,0.9202998,1.1252654,1.1295133,1.1225729,0.90964174,1.1643817,1.0203294,1.1346036,1.0396559,0.85867417,1.0703526,0.7378465,1.0350492,0.85461414,1.1993976,0.9179281,1.1336566,0.8697792,1.017391,1.1510272,1.0742033,0.9297062,0.9873711,1.0749161,0.9493837,0.85388786,0.93246204,0.8985842,0.8907922,0.90524983,1.2081072,1.0487144,1.1498975,0.72421575,1.0898144,1.0035639,1.1042739,1.072287,0.9709063,1.1457741,0.96878856,0.9878944,1.1396064,0.9914175,1.0335063,1.1660643,0.9444778,0.85463107,0.93167096,0.9926438,1.0622545,1.1457521,1.1239948,1.1326169,1.1837116,0.8118806,0.8553036,0.9873159,0.8426476,1.0919285,1.0846744,0.9797542,0.880325,0.71851736,0.7391784,1.2084271,0.84775805,1.0460634,1.0087659,1.2606919,0.77346665,1.1170279,0.9825794,1.1843754,1.0513295,0.9608999,0.85383576,0.8476861,0.9740834,1.0428963,0.98858565,0.9276981,1.0038165,1.2519563,1.2609489,0.55389005,0.98140126,1.0584549,0.8971406,0.83061576,0.76844,0.99610597,0.9190676,0.936746,1.1410269
apple,1.3050673,0.90603775,0.0,1.3172767,0.94402367,0.41001546,0.7999226,1.0273294,1.5172515,1.0060133,1.4890009,0.41539383,1.4892769,1.224318,0.3839761,1.3331093,1.3999064,0.94712293,0.5073956,0.5004174,1.2048043,0.8688168,0.8043265,0.98034406,1.2644045,0.55957913,1.0205209,1.3922051,1.1041666,1.3927937,1.2726178,1.407537,0.8813148,0.2600553,1.48665,0.5254846,1.066916,0.9994778,1.4650657,1.1935323,1.2333404,0.77426183,1.0903022,1.0119221,0.49721813,0.31214434,0.34068072,0.6993753,1.1279783,0.58849776,1.4335847,0.32978773,0.90493506,0.73470217,1.3045356,0.94716793,1.0791367,0.86177963,1.0717702,1.4695804,1.2969673,1.3458506,1.1768988,1.3787196,0.92233056,0.8773795,1.2422235,0.5468006,1.330694,1.0186579,0.16967535,0.6544426,0.5928253,0.75868225,0.798897,1.4533811,1.3025577,1.2683263,1.2930712,0.4923098,0.3873998,0.8298968,0.62986904,0.6998569,0.7396569,1.1987823,0.85082376,0.8266986,0.8808458,1.4376307,0.8059056,1.3584368,1.4337056,1.3265924,1.1680427,1.2089324,1.1430717,1.3666874,1.4056163,1.428702,0.19566178,0.37432754,1.2131412,1.3370024,0.7620881,0.31171602,1.0384063,1.3899539,1.4943786,0.5879902,0.3678459,1.3085736,1.2738194,0.80928206,0.9498734,1.3136935,1.1696,0.26904523,1.3482081
arm,0.8649605,1.2485565,1.3172767,0.0,1.1965827,1.4629729,1.072796,1.31396,0.74844,0.9833312,0.81724966,1.2653675,0.801402,0.83000004,1.3374014,0.9062433,0.74129677,1.230165,1.4511826,1.4736767,1.2280717,1.1234127,1.465091,1.2204795,0.94341654,1.0218675,0.9537128,0.9203433,1.0679538,0.85480255,0.715529,0.9205165,1.0842773,1.3894918,0.9340446,1.3909665,0.9920047,1.1216106,0.8313561,1.0969784,0.88528955,1.0472318,0.8494557,0.8459684,0.84533364,1.3559891,1.3644669,0.70429593,1.0781673,1.4695984,0.83725834,1.1619527,0.9580337,1.1003917,0.6070211,1.040308,0.44416702,1.1695848,0.9634421,0.69123,0.79082686,0.5806318,0.8800104,0.9075667,1.1951085,1.1685963,0.77138495,1.205755,0.6993568,0.8724364,1.3436164,1.3297305,1.2439396,1.0281663,0.9633196,0.84581286,0.678093,0.6049036,0.90714926,1.3298676,1.3303217,1.2029595,1.3804427,1.1284516,1.1182532,1.0557919,1.195254,1.4011283,1.3161203,0.8583676,1.2167649,0.8750327,0.80001926,0.39435768,1.1642153,0.6207717,0.9642163,0.83516973,0.97103494,0.9059451,1.3756304,1.2343297,0.96693903,0.7177622,1.1520274,1.3548685,1.2976878,0.52178943,0.7507429,1.5000404,0.99512637,0.6384856,0.9603495,1.2708343,1.3163381,1.060124,1.1772534,1.3324957,0.91553235
ball,0.9930904,0.82300794,0.94402367,1.1965827,0.0,0.42640817,0.9184011,0.7916311,1.1442231,1.0461555,1.1141946,1.1896565,1.0987595,1.2067925,1.0983458,1.0604377,0.95119965,1.0323539,0.9229647,0.8192934,0.7783047,0.85322756,0.7303027,1.0857573,0.96520764,1.1256764,1.0401944,1.1084604,1.0403967,1.1341139,0.9578014,1.0534528,1.1311814,1.0872633,1.087219,1.0144929,1.0167279,1.0064996,1.1188505,1.011695,1.0662795,0.99910444,1.0432925,1.0775437,1.1346073,1.0176507,0.95078355,1.1760988,0.9806517,0.8193244,0.97303516,1.1542389,1.0015427,0.9197607,1.1483281,1.0569658,1.097774,0.8850153,1.0453184,1.0077089,1.1597074,1.1786509,1.0094634,1.1958985,1.1182778,1.1501131,1.0138127,0.9275909,0.9257563,0.9659127,1.0239588,1.1560444,1.0562878,1.0662031,0.7384324,1.1246356,1.2366192,1.186297,1.0578177,1.0411834,1.110151,0.8251414,1.0553243,1.2150822,0.9018315,0.79951525,0.3870833,0.8131092,0.90591395,1.1283916,0.87521386,1.036384,1.007617,1.160184,0.8430262,1.1138153,1.0964898,1.1510816,0.87992644,0.7980785,1.0401537,0.958926,0.8853644,1.0101084,1.1054684,1.0487728,1.0530279,1.1254847,1.0498856,0.71890175,1.1165067,1.0180818,0.8628789,1.1454358,0.7752573,0.61078316,1.0297804,1.0437897,1.1819686
balloon,1.1995606,0.7067697,0.41001546,1.4629729,0.42640817,0.0,0.8223683,0.79439276,1.371003,1.0785376,1.4242835,0.69028074,1.4330951,1.3790009,0.6077939,1.2769489,1.2314152,0.80601674,0.4783489,0.48303974,0.8868814,0.86088014,0.51777446,0.88131213,1.0644674,0.87138504,1.0562947,1.3334116,0.923676,1.331028,1.1452649,1.3013847,0.9650615,0.435776,1.3781447,0.5646452,1.1206214,1.0475383,1.3556153,1.008922,1.1995971,0.9769959,1.148673,1.1771846,1.0245892,0.36427796,0.52211183,1.1676229,0.9604487,0.47569245,1.2203584,0.75816715,1.0623629,0.8829892,1.3856277,1.0702171,1.3471324,0.8636874,1.1965804,1.3336037,1.3357854,1.4579356,1.0528294,1.3792708,0.8610163,0.98986834,1.2144332,0.66039574,1.2633495,1.1619918,0.39047563,0.74482656,0.81894666,0.8785007,0.9180118,1.3190429,1.4628931,1.43156,1.1197679,0.5496721,0.4835291,0.7413653,0.6334299,0.9788161,0.7907791,0.9194257,0.5748949,0.674503,0.7129519,1.3402879,0.7975373,1.2681584,1.2112013,1.4473257,0.9695965,1.3808641,1.1720843,1.2752132,1.0759966,1.1466985,0.47031194,0.69761527,1.0013139,1.244076,0.86751074,0.39661556,0.94935554,1.4358788,1.4039431,0.3472888,0.83628255,1.2610025,1.0164417,0.83961546,0.7358124,0.9928654,1.007627,0.59019136,1.2257066
banana,1.0250328,1.0254676,0.7999226,1.072796,0.9184011,0.8223683,0.0,1.0684873,1.1294094,1.0645199,1.327169,1.0155864,1.2913423,1.0670539,0.76866966,1.3394467,0.98701376,0.9494477,0.86256707,0.65704745,1.0782931,0.66003126,0.9500825,1.2156216,1.0064902,0.9129355,1.1419659,1.3092906,0.91723365,1.2864513,1.0699953,1.337667,1.0479449,0.8389536,1.2774884,0.7567026,1.2185073,1.126323,1.2512975,1.1112624,1.0877652,0.8710092,1.0622748,1.0053397,0.97064143,0.91197115,0.8701724,1.0898026,0.7948873,0.7304146,0.9920432,0.91972154,1.0502396,0.7780793,1.0950447,0.934123,1.0556,1.152254,1.104621,1.0274198,1.309387,1.2076601,1.0084015,1.2642205,0.9872108,1.2525724,0.92062604,0.37571192,0.99133265,0.8263078,0.8147663,1.1108243,0.9660667,1.0583549,0.5688561,1.2576759,1.1166598,1.202066,1.0694342,1.006208,0.8595359,0.5020917,1.0498829,1.025943,0.9298172,0.7768284,0.8766484,1.1490525,1.129789,1.2168055,0.8122625,1.3107681,0.9067195,1.1478255,1.0866963,1.147534,0.9088289,1.2246778,0.9556439,1.087529,0.90451497,0.9285687,0.6815832,0.97122514,0.80902064,0.89766955,1.0674207,1.250911,1.1870477,0.6583377,0.9994156,0.9028609,0.9583913,1.1549305,0.9184809,0.94467753,1.3079467,0.8487742,1.231014
basket,1.1460832,0.85171765,1.0273294,1.31396,0.7916311,0.79439276,1.0684873,0.0,1.1280507,1.2739599,1.0324607,1.0489484,1.0185609,1.1474396,1.0329974,1.0283347,1.015135,0.6401606,0.8120192,0.6624073,0.42423213,0.99789196,0.59905005,0.87509036,0.98164785,1.2276701,1.2708058,0.81645036,0.8393836,0.99296254,0.9201904,0.9801021,0.99712193,0.96033657,0.72523755,0.78561175,1.0768219,0.82371247,1.1387211,0.8430182,1.079603,1.0064607,1.3058329,1.1661401,1.2892966,0.99279237,0.9066484,1.2088306,1.0865753,0.8182343,1.0216795,1.1111785,0.9444513,0.93843526,1.2408726,0.94844687,1.2435564,0.91462517,1.1792691,1.203746,1.1423118,1.245734,1.0460197,0.87036836,1.1174276,0.98093677,1.0508478,1.0308635,1.0938056,1.3362225,1.0369583,0.9014884,1.019092,1.186755,1.0046303,1.0925901,1.1200526,1.2413782,0.8661791,0.86746144,0.9619985,1.0437503,0.88618773,0.9559158,0.9955509,0.92409134,0.87102145,0.52389514,0.55110824,1.0015473,0.9737987,1.0094589,1.0172367,1.3360766,0.5922857,1.264506,0.878713,1.1224656,0.95105356,0.8374335,0.9300486,0.9916865,1.0565431,1.1133587,1.1281002,0.889653,0.68011236,1.2546002,1.0524071,0.72034675,1.131772,0.98384744,0.94077915,0.8863061,0.4864018,0.6636931,0.71462667,1.0442585,1.1632675
bathtub,0.7713008,1.1448102,1.5172515,0.74844,1.1442231,1.371003,1.1294094,1.1280507,0.0,0.8347679,0.57504016,1.3050928,0.56191456,0.97904766,1.4048525,0.83166164,0.5390315,1.1527785,1.4430559,1.3756685,0.95697755,1.3217306,1.3527441,0.9491384,0.7503762,1.277931,0.8869156,0.7801689,0.88081306,0.4890594,0.6774893,0.7603755,0.9697035,1.4328752,0.6918285,1.2838879,1.1039157,1.2900231,0.45744157,0.69207144,0.92520726,1.1522493,0.77661455,1.0497154,1.320318,1.3821044,1.4422088,1.2644777,0.87602,1.4187794,0.7563229,1.3713882,1.3693691,1.3774948,0.8764658,1.3510057,1.0713654,1.331087,0.9154582,0.65395653,0.87272584,0.858013,0.874039,0.7370002,0.8676575,0.989173,0.9178325,1.2729781,0.98870397,1.0008037,1.3889937,1.2908189,1.4243801,1.2044456,1.146733,0.46432132,0.92592883,0.8497213,0.76271963,1.3350868,1.3372772,1.1916713,1.3154541,1.1032822,1.2905138,0.82714635,1.2389662,1.3157625,1.2625791,0.4735613,1.2783022,0.7593706,0.63539034,0.8014196,1.176047,0.8694079,0.947447,0.258407,0.45106876,0.6535535,1.513849,1.441747,0.8090154,0.80375826,1.1478512,1.3153383,1.2094315,0.8058685,0.6302486,1.3128068,1.3991562,0.85513794,0.9213123,1.2533387,1.299856,0.82038665,1.025984,1.4179847,0.50415564
bear,0.941279,1.1020708,1.0060133,0.9833312,1.0461555,1.0785376,1.0645199,1.2739599,0.8347679,0.0,0.8168802,0.7908817,0.85461843,0.9978231,1.0084668,0.89325583,1.0391068,1.2554966,1.1764424,1.204452,1.2804892,1.110043,1.2174371,1.0089468,0.8403404,0.9048168,0.20094347,1.1542249,1.1474786,0.9918953,0.7210885,0.9074035,0.84713495,1.0479718,1.1328853,1.178727,0.7859496,1.2672839,1.0231156,1.2783003,1.0906949,1.0432346,0.3227415,0.9081173,0.8726336,1.0724038,1.1299143,0.960212,0.9876277,1.225949,1.0609043,0.8934807,1.1008695,1.2172879,0.86528516,1.1388336,1.0309587,0.897208,0.6420987,1.0167612,0.8285098,0.8467438,1.0899128,1.1564997,0.8985937,0.74725235,1.2004665,1.0882217,1.0570872,0.74397755,0.92149645,1.0500929,0.8152007,0.81795406,1.1400125,1.1036717,0.9935114,0.9289348,1.1772056,1.1450719,1.0498946,1.0309927,0.9109926,0.71190083,1.151536,1.1010593,1.2021732,1.1716402,1.2171142,1.0466005,1.1085832,1.1180323,1.0604371,0.753388,1.1540561,0.9962993,1.1576566,0.88388056,1.0603956,1.1024818,0.97522146,1.0404423,1.0495977,1.168308,0.9614786,1.0620743,1.2366909,0.8097526,1.0475175,1.1883597,0.99885345,1.0397518,1.1594423,1.0878268,1.2983278,1.2896733,1.1113794,0.9510614,0.7363417
bed,0.7052884,1.2451376,1.4890009,0.81724966,1.1141946,1.4242835,1.327169,1.0324607,0.57504016,0.8168802,0.0,1.3609667,0.18059427,0.6574015,1.390722,0.31867802,0.61785483,1.1165396,1.4621805,1.524111,0.95588505,1.3282079,1.4436967,1.3156365,0.97431535,1.2457857,0.7154753,0.57560444,1.2682748,0.48383808,0.6705556,0.29318583,1.1080868,1.5231746,0.45493752,1.507007,0.6373587,0.9939646,0.71508026,1.1905283,0.78050876,1.2023042,0.663315,0.9303027,1.273141,1.4447048,1.4371539,1.25421,1.171687,1.4487224,0.7706068,1.3655257,1.1909554,1.2587259,0.7119992,1.1688712,0.99660265,1.113273,0.705064,0.9131486,0.55315423,0.5058307,1.2391883,0.6605658,1.2192997,1.0566809,0.95284176,1.458273,0.7824732,0.95833814,1.3891573,1.350739,1.3440886,1.2125862,1.1874846,0.7506464,0.5353347,0.6701568,0.9272486,1.4796382,1.4287701,1.3120391,1.278881,0.9039997,1.2855793,0.9846059,1.2827896,1.2270198,1.3281016,0.74540114,1.2875062,0.73644954,1.0094157,0.6074316,1.0968215,0.679893,1.0704366,0.5214491,0.94782895,0.6051364,1.5187017,1.3872589,1.257065,0.86487734,1.423002,1.300374,1.0948788,0.50886464,0.40848988,1.4947802,1.4407332,0.8302902,1.038112,1.232856,1.1003917,0.8453782,1.0373755,1.4177102,0.6661409
belt,1.2383852,0.97523904,0.41539383,1.2653675,1.1896565,0.69028074,1.0155864,1.0489484,1.3050928,0.7908817,1.3609667,0.0,1.2595189,1.2921042,0.4502715,1.2225698,1.4145286,0.91867995,0.66711986,0.5631493,1.2359078,1.0505897,0.88408405,0.73855126,0.97834224,0.48004407,0.81310296,1.2570273,0.9401063,1.2891974,1.1743184,1.2418363,0.6606798,0.31987512,1.4087715,0.66697335,1.0719913,1.1539086,1.3327429,1.0110865,1.2770746,1.0088303,0.90249103,1.0532825,0.6210731,0.40663707,0.6474503,0.7006231,1.0030954,0.8026961,1.468212,0.4194225,1.0319334,1.1214781,1.2870904,0.9026097,1.1690774,0.8844573,1.029966,1.3553535,1.1067032,1.1879942,0.8731814,1.2676694,0.6567531,0.57730705,1.404259,0.7249918,1.4342899,1.0633553,0.37018943,0.46295947,0.5644465,0.67053556,1.0642594,1.322146,1.3271608,1.0499783,1.1706038,0.54962754,0.4991337,0.8953084,0.4550649,0.526623,0.7894472,1.1802638,1.131543,0.8002467,0.82310855,1.3298742,0.93049455,1.2717978,1.298029,1.2174001,1.2147532,1.1399963,1.0280496,1.2869707,1.1510496,1.5471299,0.2695036,0.6708754,1.1548346,1.4262795,0.6886047,0.5211326,1.0955523,1.291437,1.5041056,0.71020395,0.5698097,1.3546894,1.3190694,0.6468788,1.1788206,1.4441391,1.0372534,0.39124078,1.091936
bench,0.81141084,1.2176878,1.4892769,0.801402,1.0987595,1.4330951,1.2913423,1.0185609,0.56191456,0.85461843,0.18059427,1.2595189,0.0,0.8602481,1.3498032,0.505014,0.5850749,1.1120757,1.453533,1.4047687,0.97889096,1.2261295,1.3312345,1.1605793,0.8788614,1.1338632,0.8051842,0.516544,1.2009814,0.60944676,0.6554886,0.27005374,1.0774971,1.4659282,0.5532366,1.4413729,0.7853779,1.0691414,0.77679276,1.1071653,0.94639707,1.168009,0.65510607,1.017518,1.2063776,1.4440941,1.4767766,1.1457679,1.0861737,1.5070145,0.8871936,1.3865497,1.1117291,1.2851213,0.8234586,1.0341419,0.9874884,1.1995289,0.8074682,0.8287438,0.626818,0.50339645,1.0726608,0.62710965,1.1592755,0.9254738,0.97483087,1.3519627,0.77623844,0.9655528,1.4107658,1.2779287,1.2801936,1.1985667,1.1713815,0.78908634,0.6781677,0.61969393,0.93350834,1.4532788,1.4293232,1.2557373,1.1847124,0.92136085,1.262831,1.0256335,1.2792047,1.2021728,1.2349869,0.8329867,1.327319,0.7563207,0.9515916,0.6901109,1.0708874,0.6456387,0.8805348,0.64573073,0.8924475,0.6607502,1.4510854,1.3071169,1.1493673,0.9089442,1.2936883,1.3346438,1.1498466,0.61503386,0.45190775,1.4260986,1.3851757,0.8150772,1.0053768,1.2018049,1.2038479,0.8545966,0.9991599,1.3585423,0.7413015
bib,0.8526473,1.1185112,1.224318,0.83000004,1.2067925,1.3790009,1.0670539,1.1474396,0.97904766,0.9978231,0.6574015,1.2921042,0.8602481,0.0,1.2094085,0.71489096,0.943082,1.1023438,1.2488604,1.408377,0.9909471,1.1297805,1.3545351,1.3723669,1.1252104,1.1670779,0.9686417,0.995364,1.2347156,0.93787056,0.9038148,0.92762053,1.0604292,1.3704123,0.73349756,1.2767737,0.81444657,0.5513972,0.89947456,1.2394854,0.30863535,1.0045125,0.9549632,0.6361944,0.9742453,1.3136654,1.1853976,1.0138505,1.1756836,1.2888954,0.81120735,1.1372273,0.9105163,0.77298117,0.6522786,1.0092307,0.69442445,0.9056823,0.9516986,0.98025537,0.8436664,0.74675333,1.2735164,0.943499,1.2298616,1.2097174,0.89739966,1.2626414,0.7798078,0.8729877,1.2331023,1.2805669,1.0923685,1.0486717,1.0813344,1.0094614,0.17262155,0.85346174,1.0341024,1.354017,1.2756593,1.1217117,1.2849793,1.0331866,1.2119999,1.0606081,1.180975,1.2572048,1.283617,0.98400444,1.1795797,0.94617105,1.0637805,0.668692,1.0355396,0.82893515,1.0562285,0.9158872,1.1860499,0.8639264,1.3419591,1.0661855,1.1620779,0.83525896,1.1919702,1.2299182,0.9752078,0.7420797,0.7751557,1.3754184,1.120049,0.82211375,1.0313339,1.2351913,0.903578,0.92415833,1.2239567,1.2837405,0.9601575
bird,1.2390566,1.009776,0.3839761,1.3374014,1.0983458,0.6077939,0.76866966,1.0329974,1.4048525,1.0084668,1.390722,0.4502715,1.3498032,1.2094085,0.0,1.2363918,1.3857328,0.8730979,0.5504782,0.5382735,1.1994103,0.9342865,0.7708663,0.9353912,1.1965623,0.57238424,1.0265293,1.237354,0.94714296,1.3285425,1.3371798,1.3022029,0.83832896,0.34295607,1.375277,0.6054595,1.0428468,1.0043212,1.3480304,1.1157421,1.2108442,0.9529125,1.1054695,1.1195477,0.76302695,0.33876765,0.43583024,0.80286443,1.0558814,0.5355657,1.3558424,0.6426485,1.0157562,0.92805815,1.2814575,0.8982326,1.2050202,0.9945796,1.1055291,1.2898341,1.1863636,1.2584063,1.0500818,1.208179,0.8454492,0.8645358,1.2136326,0.58084345,1.3132818,1.0809069,0.43638426,0.5970063,0.70856714,0.88923144,0.9673236,1.2973981,1.2547679,1.2354796,1.1602017,0.60070455,0.4883716,0.76074183,0.5859172,0.7180395,0.6560405,1.0967038,0.96426857,0.8739643,0.90854245,1.2887092,0.7722765,1.3160775,1.2667203,1.2958295,1.0938009,1.2554812,0.984864,1.3000144,1.2267259,1.4660635,0.3538304,0.686332,1.0993752,1.2893697,0.64371,0.49837792,0.9279003,1.3358845,1.3933464,0.6295612,0.6486645,1.3750985,1.21142,0.7210362,0.978479,1.2820637,1.0583702,0.42429423,1.2602882
blanket,0.82321626,1.0859586,1.3331093,0.9062433,1.0604377,1.2769489,1.3394467,1.0283347,0.83166164,0.89325583,0.31867802,1.2225698,0.505014,0.71489096,1.2363918,0.0,0.9403735,1.1465386,1.2671325,1.3419032,1.1023378,1.2568724,1.215572,1.1538377,1.0103886,1.2455277,0.7373128,0.69095945,1.2957275,0.6938576,0.81419176,0.47261947,1.0690606,1.3644994,0.74822867,1.3463929,0.64915055,0.9755953,0.89374024,1.2194668,0.8753387,1.1898149,0.74476165,1.0325559,1.1973076,1.2876201,1.2782644,1.1173087,1.1880516,1.3225884,0.89788204,1.29387,0.97154456,1.1832764,0.79828656,1.0849075,1.0221491,0.98917305,0.7418761,1.0160353,0.2797346,0.49454236,1.2232318,0.8482502,1.1516087,0.9393504,0.99369794,1.3765265,0.8182465,1.0208555,1.3005551,0.99025065,1.1763504,1.0897483,1.222044,0.86716974,0.5007298,0.6219113,1.0698016,1.3486247,1.3252213,1.2659599,1.026349,0.8779193,1.1797657,1.0291014,1.1570576,1.0008137,1.1990604,0.9317063,1.1532859,0.5715104,1.0935277,0.6352804,0.98133767,0.69680065,1.1210499,0.77868295,1.0653301,0.90441155,1.3257617,1.1868687,1.2369295,1.0304484,1.2619852,1.2031708,1.1017647,0.4731092,0.71480674,1.353386,1.2741641,1.0169284,1.0419084,0.7984872,1.1153628,0.9963745,1.0232458,1.3247678,0.7635254
boat,0.7057772,1.051397,1.3999064,0.74129677,0.95119965,1.2314152,0.98701376,1.015135,0.5390315,1.0391068,0.61785483,1.4145286,0.5850749,0.943082,1.3857328,0.9403735,0.0,1.1091434,1.2974536,1.2754824,0.84258133,1.126385,1.1776366,1.2096237,0.9213244,1.1834245,1.0850581,0.76763403,1.0233567,0.7049723,0.6091683,0.81880975,1.2122412,1.3945298,0.6217081,1.297088,1.076237,1.2032079,0.83691454,1.0882254,0.90346986,1.0935059,0.86821675,0.9619642,1.2434317,1.3568083,1.419478,1.30223,1.0524048,1.3764994,0.61932373,1.4068422,1.1854022,1.0949411,0.80590695,1.1845809,0.9611776,1.146455,0.85982823,0.74684405,1.0308052,0.7402029,0.98648596,0.8031136,1.266835,1.2349657,0.80203074,1.2025692,0.71000075,0.95834357,1.3459009,1.5481774,1.4345222,1.369434,0.9861154,0.81170624,0.87952495,0.87208736,0.90994376,1.3332522,1.3744438,1.107301,1.3880177,1.202008,1.3152767,0.8380321,1.165668,1.3298548,1.221132,0.8110471,1.2673583,0.9100724,0.75311565,0.7723014,1.0031078,0.8582906,1.0736606,0.64991516,0.759182,0.3255489,1.4715515,1.2922388,0.95289165,0.6624659,1.2892864,1.3217086,1.14705,0.77804244,0.49632,1.2228312,1.405364,0.61863273,0.75631124,1.5058389,1.0211809,0.68140244,1.0518821,1.3559453,0.91579914
book,0.8753245,0.99719554,0.94712293,1.230165,1.0323539,0.80601674,0.9494477,0.6401606,1.1527785,1.2554966,1.1165396,0.91867995,1.1120757,1.1023438,0.8730979,1.1465386,1.1091434,0.0,0.8480476,0.72795904,0.5952211,0.9226527,0.78619313,0.9247995,0.8313806,1.1412735,1.1755494,1.106424,0.70879084,1.1090391,1.11703,1.0326988,0.9439136,0.79838634,0.9967158,0.8484458,1.069659,0.90377265,1.1457844,0.83650935,0.9904987,1.0683116,1.2169209,1.1353738,1.2404792,0.8341334,0.7559726,1.2407649,0.96103543,0.6570612,0.90845466,1.0291371,1.1720153,0.9451582,1.1160274,0.9906614,1.2358843,1.0714371,1.2398987,1.2380891,1.2094321,1.3321748,1.0043935,1.0342184,0.92413056,1.0687461,0.97649443,0.90023446,1.2981619,1.2443593,0.9074476,0.8865246,0.92402565,1.1056366,1.0369213,1.0615994,1.1761816,1.2744823,0.64746505,0.69653004,0.7837062,0.926346,0.71147156,1.0330901,0.94539833,0.90428543,0.9682103,0.72723293,0.5597336,0.969031,0.87821877,1.0671875,1.0201912,1.2875861,0.9224371,1.268087,0.9646483,1.126116,0.9298731,1.008367,0.93187696,1.0707681,1.0365778,1.1188972,0.9505716,0.8244749,0.6961678,1.212599,1.188834,0.7284046,1.1159154,1.121682,1.0988772,0.89999527,0.6791885,0.8184484,0.8084109,1.0330116,1.038217
bottle,1.3222101,0.7502875,0.5073956,1.4511826,0.9229647,0.4783489,0.86256707,0.8120192,1.4430559,1.1764424,1.4621805,0.66711986,1.453533,1.2488604,0.5504782,1.2671325,1.2974536,0.8480476,0.0,0.54508024,0.9682306,0.9809586,0.43194735,0.6429747,1.1814129,0.9464043,1.2098806,1.1602015,1.0609833,1.29497,1.3054931,1.3049881,0.94064206,0.4242983,1.2751862,0.26679313,1.1533828,0.84591997,1.31947,1.0890472,1.2040185,0.9243054,1.3081028,1.1954451,0.97896343,0.5544523,0.6184111,1.0290883,1.0815666,0.5415679,1.2579304,0.74214196,0.7403325,0.8496661,1.3065239,1.0150301,1.2946596,0.8934282,1.167279,1.3372643,1.2312764,1.3679299,1.1092913,1.198628,0.8749355,0.8962578,1.11764,0.71793413,0.9780983,1.2454562,0.49539113,0.5691267,0.8145493,0.9084058,1.0456015,1.2988799,1.3284087,1.3400733,1.1646804,0.48722583,0.41965115,0.902261,0.6513619,1.0304681,0.73753905,1.1290762,0.8366202,0.64382565,0.5994388,1.2729406,0.73863506,1.1593075,1.2818987,1.3727527,0.85152984,1.3013964,1.0885932,1.3026685,1.2658781,1.2575886,0.41718906,0.57157505,1.0832971,1.2636297,0.8376633,0.4355042,0.65714216,1.3850477,1.2856816,0.5304681,0.73281497,1.2138698,0.9800448,0.65318894,0.65820277,1.1446321,0.74958706,0.57394296,1.2515856
bowl,1.26509,0.74463564,0.5004174,1.4736767,0.8192934,0.48303974,0.65704745,0.6624073,1.3756685,1.204452,1.524111,0.5631493,1.4047687,1.408377,0.5382735,1.3419032,1.2754824,0.72795904,0.54508024,0.0,0.7806343,0.7006333,0.4470482,0.70986784,1.0423746,0.7913567,1.2265234,1.1653484,0.88650763,1.3044264,1.2908342,1.2813104,0.95238954,0.5058148,1.2425584,0.37852985,1.1870408,1.0406334,1.4090246,0.948641,1.2602277,0.9343998,1.3203886,1.2211558,0.9951234,0.56305194,0.5332595,0.99412686,1.0036151,0.502338,1.2544348,0.7732037,1.0328315,0.93710583,1.4738507,0.7588324,1.324019,0.98271155,1.2257744,1.3899155,1.3269964,1.4287229,0.986147,1.1634241,0.8647342,0.7992251,1.0923707,0.42542654,1.3676097,1.2339551,0.6089998,0.58571494,0.6973418,0.9544194,0.8980459,1.285421,1.4724174,1.3382969,1.1028795,0.64561343,0.627592,0.61161613,0.52307016,0.90554184,0.7853528,0.83420664,0.7572932,0.58237207,0.55346924,1.2454529,0.6137108,1.2930677,1.1858304,1.5244049,0.9433368,1.3651333,0.93303585,1.3838983,0.93200004,1.3353317,0.4891752,0.71261084,0.97352636,1.2834287,0.77911663,0.5728348,0.9180594,1.5366389,1.3937876,0.31946868,0.81295186,1.2894262,1.1675521,0.70668244,0.8287231,0.907719,0.96070385,0.62508065,1.3058147
box,0.944699,0.8383049,1.2048043,1.2280717,0.7783047,0.8868814,1.0782931,0.42423213,0.95697755,1.2804892,0.95588505,1.2359078,0.97889096,0.9909471,1.1994103,1.1023378,0.84258133,0.5952211,0.9682306,0.7806343,0.0,1.0181129,0.65646267,0.91850173,0.8684001,1.335957,1.2948229,0.77867866,0.8568003,0.8550358,0.9919332,0.9603962,1.1234062,1.1459883,0.51005423,0.873564,1.1338571,0.79678965,0.94039357,0.7391953,0.89762163,1.0779676,1.2540098,1.0950534,1.4095061,1.1415296,1.0218219,1.3857658,1.0506401,0.84810054,0.88452804,1.2586702,1.0986388,0.9219502,1.1122662,1.0187916,1.2092527,0.9657187,1.2319591,1.1389698,1.1853676,1.2272571,1.095224,0.6959994,1.0694832,1.1093367,0.9146584,1.1267493,1.0301882,1.2672248,1.209764,1.1078857,1.1597706,1.2070521,1.0375668,0.8414742,1.0742211,1.2353697,0.80064726,0.95624995,1.0723432,1.030362,1.0174594,1.2159228,1.112793,0.8615344,0.8508364,0.69918287,0.5887406,0.768853,0.99916434,0.97090375,1.0009084,1.2397783,0.77960646,1.2112296,1.0032012,0.9547028,0.822595,0.6306136,1.2415854,1.198996,1.0969678,1.0196254,1.20607,1.0324697,0.6895586,1.1836408,0.8766459,0.8310311,1.3504924,0.9360157,0.9726195,1.0914102,0.41212672,0.40399492,0.7372862,1.3364415,0.9933755
bread,1.0591036,0.9874443,0.8688168,1.1234127,0.85322756,0.86088014,0.66003126,0.99789196,1.3217306,1.110043,1.3282079,1.0505897,1.2261295,1.1297805,0.9342865,1.2568724,1.126385,0.9226527,0.9809586,0.7006333,1.0181129,0.0,0.869735,1.120024,1.0247508,0.91432434,1.1044629,1.2751799,1.0065147,1.3242772,1.1333529,1.1840305,1.0742205,0.93547183,1.2776785,0.9378276,1.0095268,0.9296831,1.2370231,1.0537165,1.116688,0.92453104,1.0765481,1.0577977,0.90852517,0.9435032,0.83700156,0.9378272,0.7848654,0.6680994,1.0409241,1.0236408,0.8104762,0.7605452,1.1538427,0.39817405,0.8832387,1.1170205,1.1767223,1.0767505,1.2595154,1.1725761,0.96820486,1.1799073,1.0457864,1.1217966,0.85790634,0.5240654,1.0318282,0.8799899,0.9657565,0.97521293,0.70972514,1.029862,0.791348,1.205795,1.1366578,1.1878244,0.9969175,0.9503826,0.99133646,0.67832243,0.87073255,1.131243,0.9716601,0.94783854,0.74149835,0.88712645,0.91658115,1.2337332,0.71132994,1.1261154,1.0579375,1.2707186,0.9667587,1.1442846,0.9656668,1.351678,1.0930389,1.1701937,0.92155796,0.8316039,0.8335848,0.9668493,0.7889761,1.0346617,1.0449959,1.2319622,1.2343441,0.69859284,0.8547962,0.9958571,1.0280919,0.956877,0.97711575,0.97584754,1.1454065,0.7979429,1.2713175
bucket,1.273119,0.52233213,0.8043265,1.465091,0.7303027,0.51777446,0.9500825,0.59905005,1.3527441,1.2174371,1.4436967,0.88408405,1.3312345,1.3545351,0.7708663,1.215572,1.1776366,0.78619313,0.43194735,0.4470482,0.65646267,0.869735,0.0,0.4658152,0.99948937,1.0207162,1.2453796,1.0169451,0.8365729,1.2308276,1.2917897,1.1680028,1.0161816,0.63760346,1.1174935,0.42846394,1.1225625,0.8970454,1.2801906,0.90377116,1.2396679,0.9000542,1.3777536,1.2980411,1.2135336,0.7377895,0.7034379,1.137996,0.9743073,0.50645894,1.1656915,0.9984687,0.7936669,0.89835244,1.3921807,0.83596975,1.3577702,0.78290325,1.2335606,1.1995528,1.2047282,1.3026353,0.9720939,1.0535907,0.91611534,0.8459046,1.0957671,0.82169074,1.1134174,1.3149378,0.862172,0.5188123,0.7850735,1.029897,1.1107495,1.1502554,1.3696548,1.3871278,1.053408,0.6409007,0.7088667,0.8247111,0.5987369,1.0997548,0.8165728,1.0158584,0.70290834,0.4262823,0.41816878,1.1612949,0.6608027,1.097021,1.0928265,1.473641,0.694867,1.4242203,0.8973372,1.3198297,1.0637176,1.095913,0.6873439,0.7929529,1.004553,1.2294477,0.8510215,0.699658,0.7668045,1.4416316,1.3322114,0.43977237,0.9791877,1.2420263,0.90028095,0.5568757,0.59973407,0.9601554,0.61008596,0.83191264,1.260295
can,1.3269928,0.7625964,0.98034406,1.2204795,1.0857573,0.88131213,1.2156216,0.87509036,0.9491384,1.0089468,1.3156365,0.73855126,1.1605793,1.3723669,0.9353912,1.1538377,1.2096237,0.9247995,0.6429747,0.70986784,0.91850173,1.120024,0.4658152,0.0,0.8406634,1.0279197,1.008743,0.8281108,0.7573256,1.0516427,1.1053435,1.0411273,0.8410196,0.7655617,1.059215,0.52675647,1.1118735,1.1109812,0.9177592,0.7104425,1.2176232,1.0861336,1.212212,1.2301952,1.1656675,0.88466066,0.9287956,1.0645559,0.9496497,0.8661007,1.1746861,0.98914206,1.0350579,1.3141117,1.2417631,1.0192771,1.3127403,0.9975106,1.1261091,1.0326093,0.95311946,1.2413883,0.7734822,0.83259255,0.62840825,0.47012007,1.0728301,0.99877554,1.3428512,1.2881696,0.9680589,0.44445467,0.8665092,0.8966639,1.2687327,0.7812843,1.400278,1.1692908,1.042555,0.70585686,0.7892146,1.0827672,0.65139985,1.0521926,0.9198885,1.1390654,1.0201873,0.6271206,0.43534875,0.7669657,0.837993,0.8942721,0.9898147,1.2403482,1.0467929,1.2752504,0.92775697,0.9820334,0.86603564,1.2797955,0.8371891,1.0221453,0.93860066,1.2091445,0.84678763,0.83367956,0.8514166,1.2732095,1.181999,0.7420411,0.99129605,1.2665908,1.0395372,0.50445884,1.0456679,1.1513364,0.42874599,0.94618607,0.81507885
car,0.7005055,0.9202998,1.2644045,0.94341654,0.96520764,1.0644674,1.0064902,0.98164785,0.7503762,0.8403404,0.97431535,0.97834224,0.8788614,1.1252104,1.1965623,1.0103886,0.9213244,0.8313806,1.1814129,1.0423746,0.8684001,1.0247508,0.99948937,0.8406634,0.0,1.2453532,0.7440727,1.0906779,0.8227861,1.0647022,0.73599076,0.79465437,0.90006304,1.096153,1.0302061,1.1710382,0.9756038,1.1603863,1.0620822,0.83744925,0.98457885,1.1398703,0.73352295,1.0210143,1.2541734,1.1451231,1.1269612,1.1997185,0.70573366,1.0461208,0.8572118,1.167596,1.1797286,1.2152205,0.93732584,1.0917703,1.1687708,1.0662556,1.0155197,0.8901184,1.0061157,1.141686,0.7625381,1.0341816,0.8127097,0.93032503,1.0790809,1.0922816,1.1807375,1.0377059,1.1819481,1.0124573,1.0395234,1.0352098,1.1201086,0.9766905,1.0939424,1.0654445,0.9502986,1.0410863,1.0691707,0.9534873,0.7374699,0.9557792,1.1116462,0.95718896,1.0156927,0.96187377,0.89914536,0.9560695,1.0334033,0.90899795,0.7776685,1.0297724,0.95918727,1.1205521,1.0783443,0.96190286,0.7948302,0.9223686,1.1458403,1.254453,0.75536734,1.1384645,0.97164047,1.1501982,1.1124246,1.067658,1.1172404,1.0066749,1.2505214,0.98735005,0.9829187,0.9971537,0.9796046,0.9815473,0.9874733,1.192361,0.7910209
carrot,1.1408526,1.1252654,0.55957913,1.0218675,1.1256764,0.87138504,0.9129355,1.2276701,1.277931,0.9048168,1.2457857,0.48004407,1.1338632,1.1670779,0.57238424,1.2455277,1.1834245,1.1412735,0.9464043,0.7913567,1.335957,0.91432434,1.0207162,1.0279197,1.2453532,0.0,0.98804945,1.1345167,1.0343542,1.1316978,1.2481515,1.257698,0.8928711,0.54214364,1.2467487,0.88260996,1.0680043,1.1925831,1.2270733,1.1491817,1.206349,0.85059464,1.0071057,1.026246,0.47016537,0.6225264,0.82435346,0.568353,1.0282325,0.9651854,1.2815056,0.64170927,0.96825016,0.91783786,1.1825955,0.7207545,0.92754966,0.95455664,0.970391,1.1385119,1.1510063,0.9545855,0.8916414,1.1436226,0.92318225,0.8842666,1.2261639,0.7767658,1.1210203,0.864763,0.59770024,0.80562365,0.73835206,0.7335337,0.8205588,1.176138,1.178841,0.95383817,1.1474106,0.8723453,0.78889894,0.84276485,0.9564465,0.6678983,0.8211349,1.1417168,1.0918103,1.1556176,1.1424155,1.228302,0.97397095,1.2657785,1.2462187,1.0406188,1.2439569,1.0036248,0.99299,1.2616389,1.1671935,1.3445029,0.55937743,0.7708298,1.108698,1.0802727,0.7387153,0.7858139,1.1686716,1.0919471,1.2289687,0.94363344,0.6021788,1.1896791,1.1167748,0.9070978,1.2538073,1.2970809,1.2523482,0.5201508,1.2430894
cat,0.9293371,1.1295133,1.0205209,0.9537128,1.0401944,1.0562947,1.1419659,1.2708058,0.8869156,0.20094347,0.7154753,0.81310296,0.8051842,0.9686417,1.0265293,0.7373128,1.0850581,1.1755494,1.2098806,1.2265234,1.2948229,1.1044629,1.2453796,1.008743,0.7440727,0.98804945,0.0,1.1505725,1.1968449,1.013202,0.75719047,0.74219763,0.8610823,1.0712364,1.175683,1.2283236,0.40739572,1.1507723,1.0270702,1.2839681,1.0119001,1.075658,0.3278708,0.9217807,0.9507126,1.0294471,1.0745468,1.0038693,1.0335845,1.1133723,1.1102344,0.912547,1.1173329,1.2899947,0.799134,1.0957637,1.0547246,0.90383404,0.62358224,1.0674583,0.7493924,0.8407768,1.1436538,1.1682365,0.8738307,0.75315404,1.2201741,1.1276324,1.1401076,0.7443226,0.93750757,0.9744795,0.7585428,0.7862146,1.2099458,1.1226298,0.94163764,0.9129394,1.1531249,1.1186156,1.0307263,1.0555104,0.7643877,0.71862245,1.1431317,1.1681046,1.1722374,1.0541714,1.1795164,1.0674483,1.009414,1.099463,1.1222413,0.72430754,1.1811029,0.99805194,1.1976143,0.89818716,1.1233777,1.166932,0.9763182,1.0967609,1.1136934,1.1992825,1.0459001,1.0061597,1.2380685,0.7658951,1.0929848,1.235031,1.0280794,1.1389327,1.2231935,0.9994257,1.2818036,1.3029141,1.138393,0.9499432,0.7110792
chair,1.0685843,1.1225729,1.3922051,0.9203433,1.1084604,1.3334116,1.3092906,0.81645036,0.7801689,1.1542249,0.57560444,1.2570273,0.516544,0.995364,1.237354,0.69095945,0.76763403,1.106424,1.1602015,1.1653484,0.77867866,1.2751799,1.0169451,0.8281108,1.0906779,1.1345167,1.1505725,0.0,1.0442394,0.58502567,0.94318026,0.64957976,1.0554111,1.3728395,0.3486315,1.0802531,0.9879751,1.0022655,0.67158115,0.96219623,1.0117317,1.0676054,1.1687863,1.0900217,1.2880455,1.3613,1.3083696,1.1434307,1.1935557,1.2875738,0.9940879,1.3195717,1.0230318,1.3232175,0.95447123,1.0002148,1.0945464,1.0473235,0.9607896,0.87455815,0.680145,0.6255601,1.086164,0.17563605,1.0635259,0.8027761,0.93973225,1.2859058,0.8241923,1.1111506,1.4254596,1.0378128,1.2477467,1.2236439,1.1165019,0.6504874,0.9101283,0.73771435,0.9580199,1.2719518,1.3474901,1.3043736,1.25308,1.1200423,1.1305445,1.0533094,1.2066133,0.9767896,1.0024699,0.62992835,1.144594,0.66152227,0.9875701,0.81917393,1.0125886,0.80454254,0.78737175,0.7471135,0.9351511,0.71559954,1.3886483,1.2864349,1.1473985,1.0025257,1.2827979,1.2149947,0.80862355,0.71582055,0.28001797,1.2408215,1.3546177,0.956274,0.9897251,0.9749027,0.9994186,0.78464854,0.62545484,1.3637314,0.8329425
clock,1.0792835,0.90964174,1.1041666,1.0679538,1.0403967,0.923676,0.91723365,0.8393836,0.88081306,1.1474786,1.2682748,0.9401063,1.2009814,1.2347156,0.94714296,1.2957275,1.0233567,0.70879084,1.0609833,0.88650763,0.8568003,1.0065147,0.8365729,0.7573256,0.8227861,1.0343542,1.1968449,1.0442394,0.0,1.0971003,1.032816,1.1822795,0.84456813,0.8828843,1.0260471,0.9699841,1.2424359,1.1138659,0.96497184,0.58938956,1.071003,1.0655216,1.2188781,1.1797826,1.2617097,0.8564778,0.94281614,1.2176261,0.6475832,0.80624413,0.8653515,1.0805234,1.2392263,1.1668729,1.1721232,1.1660911,1.2359922,1.0561634,1.2317247,0.8190179,1.2465155,1.3352515,0.63044477,0.963708,0.80720097,0.9579256,0.94611496,0.9493414,1.2783073,1.1849092,1.0620244,0.9099474,1.0018388,1.1401174,1.0234277,0.86383206,1.2894144,1.2512543,0.75863826,0.7915278,0.9348861,0.9151379,0.93838793,1.0721601,0.9256158,0.7874578,0.99949324,0.8113747,0.75807667,0.85826325,1.0155472,0.99423856,0.48143333,1.2810497,0.97989833,1.2936828,0.7968636,1.0395705,0.6526923,0.9991412,1.0277565,1.2148379,0.6178055,0.83086145,0.89102817,0.9658887,0.92228496,1.2982934,1.1927243,0.7576159,1.1877382,1.0418705,0.9015029,0.9432466,0.96551967,0.8963144,0.7854388,1.0215394,1.0051407
closet,0.84466183,1.1643817,1.3927937,0.85480255,1.1341139,1.331028,1.2864513,0.99296254,0.4890594,0.9918953,0.48383808,1.2891974,0.60944676,0.93787056,1.3285425,0.6938576,0.7049723,1.1090391,1.29497,1.3044264,0.8550358,1.3242772,1.2308276,1.0516427,1.0647022,1.1316978,1.013202,0.58502567,1.0971003,0.0,0.97680336,0.6766664,1.1991246,1.4015452,0.43302834,1.2678756,0.983209,1.0709547,0.4150592,0.85952556,0.95370686,1.1207771,0.9902893,0.96796167,1.247014,1.3269525,1.3307304,1.1834986,1.1947291,1.324796,0.83292526,1.2406713,1.227598,1.2778817,0.8594868,1.1591508,1.0792081,1.1548367,0.92572963,0.8932869,0.7693529,0.7372491,1.1730918,0.5592377,1.0606741,1.0911813,0.9853707,1.3199602,0.8925905,1.0284252,1.3092242,1.2137206,1.2827485,1.1388553,1.1436309,0.45477355,0.86824244,0.7744529,0.8343934,1.3291783,1.2823532,1.2575991,1.3320557,1.0976187,1.2198458,0.9671241,1.1913106,1.1498712,1.1604624,0.45336288,1.1530349,0.78715885,0.9429232,0.7857003,1.0776422,0.7817243,0.9734032,0.36005354,0.7730911,0.74159,1.4160097,1.3311163,1.1700681,0.8123243,1.3260287,1.1980801,1.0013739,0.67284954,0.57309586,1.338696,1.3395944,0.95176125,1.0482318,1.1570331,1.1211518,0.8916711,0.8833726,1.3504337,0.6625163
comb,0.8231927,1.0203294,1.2726178,0.715529,0.9578014,1.1452649,1.0699953,0.9201904,0.6774893,0.7210885,0.6705556,1.1743184,0.6554886,0.9038148,1.3371798,0.81419176,0.6091683,1.11703,1.3054931,1.2908342,0.9919332,1.1333529,1.2917897,1.1053435,0.73599076,1.2481515,0.75719047,0.94318026,1.032816,0.97680336,0.0,0.8906941,0.91772544,1.3213813,0.84458274,1.2970755,1.007093,1.2533695,1.0000579,1.113495,0.91618925,1.1732966,0.5658653,0.9134452,1.1219227,1.2897738,1.3594146,1.2046177,1.0380907,1.3622797,0.814633,1.194636,1.0870126,1.2019689,0.80541974,1.197581,0.9374099,1.0023223,0.8843862,0.78662676,0.8267898,0.8299528,0.99476343,0.99454117,1.143507,1.0252604,0.9884479,1.1991062,0.8696538,0.9003464,1.196274,1.3057361,1.2457992,1.1197966,1.0551144,0.9566938,0.80944,0.85031486,0.97385585,1.2643816,1.2647073,1.2248504,1.2097992,0.8961653,1.2794216,0.93176824,1.1993873,1.1243482,1.1563853,1.0237803,1.2538347,0.9288755,0.8443501,0.7235529,1.0260906,0.8812266,1.1119272,0.8699,0.8992129,0.7385433,1.2911892,1.2250291,0.9871247,0.94309235,1.2014464,1.2439023,1.2450831,0.80549234,0.78439337,1.1367096,1.2748404,0.6537922,0.99292743,1.229458,1.1376412,0.9646503,1.0991752,1.262705,0.7822632
couch,0.8860529,1.1346036,1.407537,0.9205165,1.0534528,1.3013847,1.337667,0.9801021,0.7603755,0.9074035,0.29318583,1.2418363,0.27005374,0.92762053,1.3022029,0.47261947,0.81880975,1.0326988,1.3049881,1.2813104,0.9603962,1.1840305,1.1680028,1.0411273,0.79465437,1.257698,0.74219763,0.64957976,1.1822795,0.6766664,0.8906941,0.0,1.0832608,1.3716227,0.71370023,1.3414733,0.63150215,0.94306564,0.7771735,1.0345181,0.92686594,1.1963353,0.8305913,0.9899628,1.2665079,1.3177665,1.3020692,1.1792958,1.1228315,1.285321,0.93642306,1.3178885,1.1436543,1.2133794,0.8328226,1.0531763,1.0507574,1.1043633,0.85913175,0.9610375,0.634732,0.6794935,1.1302583,0.73707646,1.0440397,0.9488762,0.94802725,1.3268493,0.92490906,1.0264455,1.3319207,1.1294137,1.1761968,1.1053851,1.2588184,0.841448,0.7769628,0.773942,0.97647643,1.3115587,1.2956728,1.194802,0.88035196,0.9846136,1.1543707,1.0420027,1.1163802,1.0077792,1.0205905,0.84231555,1.1626395,0.78635645,1.0301948,0.81166387,0.9734008,0.7965938,1.0560311,0.68955845,0.961143,0.83191967,1.3455117,1.2835813,1.1619606,0.98702514,1.2520158,1.2188753,1.0218183,0.67407596,0.6641056,1.3348764,1.3203061,0.97445244,1.0355492,1.0469508,1.0763025,0.94869727,0.8263661,1.2992754,0.6488
