,alligator,apple,arm,ball,balloon,banana,basket,bathtub,bear,bed,belt,bench,bib,bird,blanket,book,bottle,bowl,box,bread,broom,bucket,butterfly,can,car,cat,chair,coat,comb,cookie,couch,cracker,crayon,crib,cup,dog,doll,door,drawer,dress,elephant,face,finger,fish,flower,foot,fork,frog,glass,glasses,glove,gum,hair,hand,hat,hose,jacket,jeans,knife,ladder,lamp,meat,mitten,muffin,nail,napkin,necklace,nose,orange,oven,owl,pajamas,pants,paper,pen,pencil,pillow,pizza,plant,plate,pumpkin,purse,radio,refrigerator,rooster,scarf,scissors,shirt,shoe,shovel,shower,sink,slide,slipper,snow,soap,sock,soup,spoon,sprinkler,strawberry,stroller,sweater,table,tape,toe,tooth,toothbrush,towel,toy,tray,tree,truck,vacuum,watch,window,zebra
alligator,0.0,0.91274357,0.8769469,1.1661949,1.192432,1.0078543,1.2050897,1.0483527,1.0511081,0.8809403,1.1488829,0.96289325,0.857229,0.45836598,0.92012805,0.7562791,1.2317985,1.2138752,0.8107686,0.9095822,0.933112,1.0937089,0.591588,1.2532531,1.2536919,1.0934502,1.0268201,0.9901487,1.0795461,1.0214223,0.92188704,0.9384218,1.1026412,0.9892663,1.2566521,0.968035,0.6967362,1.1171826,1.0826564,0.97577566,0.9748981,0.9844379,0.96082246,0.48426282,0.9124895,1.110898,1.2206075,0.54420936,1.0244235,1.1832209,0.94436604,0.885731,1.047953,0.94424736,1.06665,1.0626215,0.9750072,0.9240159,1.0513985,0.91587895,1.1463289,1.0138824,0.85241175,1.0041316,1.1820177,1.1892397,1.1090405,1.0571283,0.91627747,1.1082864,1.0222726,0.93160194,1.0081071,0.780087,1.0835304,1.1088495,0.98545533,0.90492415,0.84833,1.1239206,0.90341634,1.110069,1.2008011,1.0614367,1.2369401,0.95621765,0.83219534,0.95593745,0.76509446,1.0277457,1.1075308,1.1490761,0.9950731,1.0656555,1.1189314,1.1576228,0.8856248,0.9885603,1.1030718,1.0944597,0.88761735,1.1065258,0.97448707,1.0256841,1.1196256,1.0114427,0.96787924,1.0810821,1.0905473,0.84404933,1.1227494,1.045701,1.0335974,1.1621081,1.1949435,1.0907805,1.0792036
apple,0.91274357,0.0,1.1101574,0.68656015,0.58391345,1.0006164,0.89888674,1.0621165,1.143855,1.1761348,1.0610093,1.2913913,1.1283005,0.89457023,1.2578378,0.8915793,0.97813374,0.9188748,0.8893622,1.0186173,1.0492445,0.8643338,0.935035,1.0229524,1.1274014,1.2131392,1.0587921,1.1278411,1.1194404,0.97469234,1.1999865,1.1464533,0.9875546,1.1077131,0.928547,1.0479457,0.8537361,1.1137267,0.78635883,1.0753443,1.1675129,1.0089086,0.95718074,0.84805405,0.7792742,1.0477345,0.99957097,0.73295915,1.0580691,1.034111,0.95243907,0.85079604,1.1408329,0.9684447,1.0134197,0.8995678,1.0490087,1.1733797,1.1364553,1.088,0.9352777,1.0206999,1.1202877,1.1072015,0.9797084,0.93291813,1.0676341,0.95738596,1.1480954,0.8076389,1.1620535,1.1767032,1.1959344,0.85585904,0.951989,0.9746074,1.1904018,1.0241829,0.9197786,0.9473299,0.98427856,0.7909081,0.9980727,0.9709673,1.0174712,1.2031274,0.9343587,1.1635578,1.0776615,1.0483332,1.1395776,1.0006714,1.2178802,1.02503,1.100775,0.9720908,0.9670702,1.0507184,0.9299017,1.019343,0.2049154,1.0882344,1.2098335,1.164751,0.9584185,0.89070845,1.0279894,0.9707936,0.96780515,0.7633453,0.9707058,1.0837904,1.0140326,0.8854501,1.0222288,1.1189979,1.2108067
arm,0.8769469,1.1101574,0.0,1.1372975,1.1906137,1.2427598,1.4050179,0.7253408,0.9665559,0.5846033,1.2183925,0.4375962,0.60856247,1.0586187,0.48914534,1.100838,1.347079,1.4854931,0.9835839,0.8190685,1.0443759,1.4417093,1.2573295,1.3193709,1.120738,0.9375124,1.1263587,0.8733318,0.7656296,1.0934949,0.5394985,0.816264,1.3043737,0.9031333,1.4707248,1.011962,1.0385112,0.8745282,1.1146412,0.9265191,0.6978511,0.8276305,0.9223947,1.1376157,1.1644769,1.1080776,1.3675977,1.2399416,1.0672499,1.2291894,0.8004463,1.0605328,0.7380564,0.62381625,1.2387998,1.1081529,0.81654006,0.574035,1.131041,0.9312743,1.4027472,0.72778565,0.8509003,1.0216507,1.1447766,1.3188045,1.3003731,1.1005183,0.71134526,1.2149063,0.7263439,0.7261957,0.692879,0.890998,1.3527818,1.2219766,0.6393527,0.9887501,1.2924061,1.2635515,0.875594,1.2583227,1.2690076,1.0104635,1.3068737,0.73216105,0.967785,0.70642346,0.9924137,0.7903951,0.9604718,0.9944412,0.5610856,1.0645133,1.0853693,1.3237801,0.76793885,1.0948132,1.3946375,1.1423874,1.1542118,0.9181403,0.55944693,0.8916608,1.4218206,0.8742569,1.0516167,1.1728779,1.2832804,1.3734336,1.2835937,1.0549558,0.96318436,1.1735146,1.2671204,0.93632126,0.9798484
ball,1.1661949,0.68656015,1.1372975,0.0,0.120569706,0.7659664,0.7846422,1.1693308,1.0368704,1.1961282,0.8177253,1.2617309,1.1804847,1.0349469,1.2566822,1.1589116,0.8393666,0.74035573,1.1559387,1.0359405,1.1785824,0.7176933,0.83236927,0.8444676,0.95380396,1.1075836,1.1513388,1.1234106,1.1545062,1.0381253,1.1980088,1.2095212,0.7084968,1.2240275,0.7173787,0.99925274,1.0605949,1.2689719,1.0053283,1.2461271,1.1070306,1.0156224,0.80258656,0.9201635,0.931941,0.8829329,0.7954188,0.8851363,1.0468833,0.7322608,0.94824004,1.1113762,1.1576201,1.0898783,0.6985837,1.1003225,1.0375854,1.1376839,0.942397,1.2600844,0.79057497,1.102234,1.1201705,1.1269461,0.69008,0.8268471,0.76897216,0.7794284,1.0767281,1.2007666,1.1233523,1.2930689,1.191078,1.1446322,0.8191637,0.7934624,1.2387468,1.0230196,0.9389378,0.9655065,0.99487394,0.8171046,0.8535663,1.2474222,0.86429954,1.2616756,1.1244472,1.2424114,1.076585,1.0816202,1.1681519,1.0678238,1.2184609,0.80542773,1.0378498,0.82900333,1.0463085,1.1697941,0.728557,0.95917815,0.87092525,1.0693287,1.2495711,1.2090036,0.66309416,0.75952804,0.8988755,0.8468715,0.8577626,0.7900795,1.0021647,1.0280712,1.0919186,0.978016,0.6923238,1.1958125,1.1285324
balloon,1.192432,0.58391345,1.1906137,0.120569706,0.0,0.75470483,0.75347054,1.1630454,1.0971776,1.2650595,0.76243556,1.3219266,1.2499416,1.0272007,1.316529,1.184188,0.705495,0.6712228,1.1773905,1.0701027,1.1893036,0.63678986,0.88408107,0.7825296,0.9018922,1.1477727,1.1302922,1.1520638,1.1683546,1.04179,1.2713667,1.2479761,0.61774147,1.251397,0.60628605,1.0228429,1.0838486,1.295373,0.9494625,1.2663907,1.1124444,1.1240808,0.86809814,0.9090789,0.93217254,0.8971697,0.7159755,0.8812063,1.0274352,0.70889235,1.0058273,1.1270665,1.2012653,1.1537012,0.6411883,1.0064987,1.0769289,1.1730938,0.8908528,1.276971,0.7128833,1.1435697,1.2082456,1.148239,0.5928198,0.7590767,0.75759554,0.78103566,1.1920516,1.1379827,1.1399504,1.3282368,1.2479432,1.1736503,0.7525392,0.7097042,1.298764,1.0289183,0.8811047,0.93513364,1.0594854,0.7815931,0.7955997,1.2700443,0.8229347,1.3379742,1.1096511,1.2812735,1.1459442,1.0950156,1.1953032,1.0044847,1.2594252,0.7895313,1.0044787,0.74669814,1.1013248,1.1508446,0.6565292,0.93663365,0.7822624,1.0965817,1.3204798,1.2480278,0.6448342,0.77230895,0.95523673,0.77736104,0.7704524,0.74774605,0.9272393,1.0233059,1.1439344,0.86195004,0.6028288,1.2121346,1.1259224
banana,1.0078543,1.0006164,1.2427598,0.7659664,0.75470483,0.0,0.4219076,1.3820478,1.1478682,1.340438,0.7146667,1.389616,1.3001558,1.0870267,1.425503,1.1841216,0.62286735,0.45850146,1.2845609,1.0897809,1.0143441,0.6299568,0.6980623,0.686528,0.83996934,1.2048275,1.010837,1.107308,1.2667594,1.1418941,1.3484497,1.2040471,0.41238344,1.2252479,0.4607244,1.0748866,0.98654294,1.3468966,1.1503483,1.2296251,1.0474714,1.1473403,0.73131245,0.93547523,0.9179547,0.7329012,0.4939388,0.84121335,1.1289455,0.5230398,0.9825576,1.1921722,1.323046,1.1603118,0.49895394,1.0406855,1.0708506,1.3166144,0.7104248,1.1641594,0.56160253,1.208017,1.0616874,1.0953866,0.5795386,0.6455244,0.5008331,0.7989835,0.96071184,1.072107,1.1383896,1.3449056,1.206793,1.3274763,0.46106505,0.58570874,1.321644,0.9931655,0.82511497,0.9749993,0.88472295,0.5882452,0.7271646,1.0767041,0.9312714,1.2236179,1.164359,1.317729,0.9248483,1.1375057,1.2273391,1.2461067,1.3323202,0.5927169,1.0937873,0.65128094,1.0576756,1.0938925,0.49175668,1.0700696,0.90892136,1.1547487,1.406837,1.383392,0.4248227,0.66199183,0.8546421,0.71621007,0.5079329,0.7478374,0.95000166,1.2586377,1.3177739,1.0617356,0.48861635,1.3612323,1.0738505
basket,1.2050897,0.89888674,1.4050179,0.7846422,0.75347054,0.4219076,0.0,1.3218265,1.2131985,1.4106064,0.7485554,1.5112526,1.4697356,1.1257012,1.5228488,1.0088648,0.48485708,0.24053693,1.1155449,1.1315359,1.0934383,0.4390204,0.81694233,0.3976428,0.8245343,1.1995798,0.7203948,1.1830869,1.1743115,1.0632536,1.4396086,1.3178523,0.4746164,1.0679798,0.27626634,1.0947615,0.9743277,1.243695,0.9198806,1.1933489,1.235225,1.2812068,0.9492712,1.0096269,0.82417005,0.6979944,0.4071628,0.9358915,1.1265099,0.6446288,1.0697899,1.0679975,1.4614737,1.3102804,0.60392225,0.9880134,1.0922832,1.4327576,0.7169485,1.1702104,0.5722687,1.2287467,1.3024302,1.10156,0.68937135,0.41827846,0.5563645,0.89587057,1.196368,0.7832322,1.3874557,1.396886,1.2716591,1.2962661,0.41708207,0.58422905,1.3223243,1.0218436,0.72028697,0.74210286,1.0749784,0.5449543,0.43054813,0.96295094,0.6516633,1.3440728,1.2231133,1.4108026,0.99496454,1.303972,1.1962299,1.1188017,1.4429518,0.7549814,1.1169698,0.48663372,1.1377825,0.9993458,0.459427,1.0601013,0.79814667,1.095415,1.4587545,1.3395897,0.36167377,0.811033,1.0258913,0.79562694,0.47660112,0.64113927,0.6757558,1.2055161,1.25105,0.87572557,0.5106527,1.3029296,1.1579448
bathtub,1.0483527,1.0621165,0.7253408,1.1693308,1.1630454,1.3820478,1.3218265,0.0,0.9141107,0.77374756,1.077056,0.6545821,0.8347045,1.0450947,0.69931877,1.061123,1.2368339,1.2398902,0.857406,0.98489016,1.0644056,1.240146,1.139119,1.066711,0.8653033,0.9068569,1.0399512,1.0542853,0.6163674,1.0068074,0.7479473,0.9597767,1.3334506,0.96298736,1.2546744,1.0222822,1.1699811,0.578966,0.7418879,0.985162,0.8932865,0.9808543,1.2844281,1.1843092,1.2953508,1.3127226,1.2710868,1.1763496,0.8709198,1.3188071,1.1699373,1.0626729,0.90368485,1.0125568,1.3336066,0.8491882,1.1486604,0.8246592,0.97816217,0.85179347,1.2983936,0.9332557,1.093028,1.169214,1.2272923,1.125549,1.3562613,1.2438647,1.0302958,0.9461092,0.7803925,0.9015945,0.9372351,0.87110937,1.3567063,1.3007613,0.91970396,1.1760677,1.141521,0.99317354,1.0835979,1.2263031,1.0275573,0.86967015,1.123933,0.99667656,0.8464856,0.88035333,1.1391073,0.86083853,0.6344584,0.3204711,0.7110324,1.3121891,0.8101671,1.2678869,1.1648446,1.0259228,1.3366168,0.91011137,1.0570891,1.1024693,0.78095686,0.64425164,1.2800245,1.2777002,1.2110152,1.1543326,1.3572633,1.1912532,0.93689984,0.9032855,0.85609543,0.9205616,1.3295497,0.6778293,0.9084464
bear,1.0511081,1.143855,0.9665559,1.0368704,1.0971776,1.1478682,1.2131985,0.9141107,0.0,0.90180504,0.9997125,0.88081044,0.8775237,0.99855024,0.8117131,1.1331263,1.176132,1.1839685,1.0208471,0.9223435,1.0776122,1.2258593,0.9834762,1.236413,1.0012931,0.57486314,1.2273794,1.0504969,1.0056577,1.1253874,0.9146431,0.952667,1.114821,1.1026667,1.213432,0.8345174,1.2014003,1.0572593,1.1058365,1.0756836,0.79059315,1.0223479,1.0603411,0.9379387,1.1034856,1.1353333,1.14521,1.0120778,0.8974502,1.069278,1.0821902,1.1230831,0.7718526,1.0702531,1.0455623,1.0024523,1.0817915,0.9990529,0.9147826,1.1033288,1.1592528,0.7757976,0.9281974,0.99320155,1.0514691,1.1761657,1.0699769,1.0152407,0.970333,1.1985345,0.55853635,0.9961653,1.0556582,1.0040097,1.1502551,1.1085627,1.0063759,1.0596243,0.98635286,1.0490795,1.0793242,1.1932629,1.2265248,1.1258186,0.9988283,0.96222407,1.0685445,0.9523215,0.9638853,0.9537446,0.92704415,1.0038974,0.9479453,1.1248909,0.7680708,1.1683893,1.1491619,1.1001356,1.147604,0.93549013,1.1103731,1.1580021,0.8852387,0.86842275,1.0987098,1.16288,0.97799015,1.0969652,1.1751404,1.177582,1.1163892,0.86038697,0.94521475,1.1646973,1.0656043,0.9073203,0.40394175
bed,0.8809403,1.1761348,0.5846033,1.1961282,1.2650595,1.340438,1.4106064,0.77374756,0.90180504,0.0,1.3034976,0.36000776,0.4876327,0.9956866,0.29482138,0.5956974,1.316501,1.5200735,0.4827994,0.98408276,1.0697802,1.4482716,1.1561971,1.496452,1.10297,0.7520752,1.1885456,0.9218128,0.92020357,1.0123671,0.046937525,0.7868725,1.3892226,0.53479075,1.4754179,0.67521304,0.83638465,0.915555,1.183887,0.93759227,0.83659923,0.86878556,1.3069272,1.1506174,1.0270208,1.3283138,1.5277119,1.116428,0.84526485,1.395301,1.0419925,0.78013515,0.7626528,1.0099322,1.300994,1.2425343,0.99619025,0.62909293,1.2432911,0.8882185,1.4858452,0.7870668,0.8850351,0.9933133,1.2442397,1.3757236,1.409616,1.3221319,1.0219597,1.2026892,0.7045968,0.6597648,0.99532306,0.42420918,1.4043953,1.3758522,0.49849784,0.98434407,1.1262574,1.1583585,1.135537,1.2930883,1.3013024,0.9082265,1.1405306,0.7616239,0.96999824,0.72175825,0.8968679,0.9638376,0.962348,1.1317033,0.34782338,1.4524028,0.92817444,1.3335212,1.0409548,1.1002992,1.5962838,1.0368093,1.1797297,0.8874439,0.482522,0.51128227,1.398288,1.3499209,1.325115,1.4695783,1.4187284,1.1330976,1.1427734,0.88106817,0.8267753,1.2353823,1.3664856,0.8430364,1.0108349
belt,1.1488829,1.0610093,1.2183925,0.8177253,0.76243556,0.7146667,0.7485554,1.077056,0.9997125,1.3034976,0.0,1.3027066,1.3888211,1.0666261,1.3862969,1.1941059,0.55086493,0.60124564,1.1825751,1.1874807,1.0743308,0.72971994,0.8915124,0.50793445,0.8021605,1.1353511,0.9726724,1.2840393,1.1057855,1.1891901,1.3104062,1.2596514,0.32444698,1.2835327,0.552506,1.2442358,1.3196707,1.2542989,0.8953953,1.3168111,1.1299653,1.1706917,0.7946141,0.9082372,1.138045,0.6742973,0.54550904,0.9954324,0.9451228,0.4336356,1.180397,1.1990008,1.2389863,1.1929364,0.5761885,0.8060572,1.1958138,1.354464,0.78247106,1.2059144,0.5299199,1.1850243,1.3343462,1.2855133,0.38733804,0.68030906,0.46333706,0.7198609,0.93343574,1.0819321,1.0965539,1.3850584,1.2280712,1.246576,0.566984,0.43320668,1.3790566,1.1918601,0.91729885,1.0347623,1.0730244,1.0613726,0.79667306,1.2847474,1.005137,1.3548899,1.0751888,1.3333755,1.1630378,1.1898485,1.0125462,0.7731105,1.3227947,0.59242505,0.8272925,0.48551536,1.2196587,1.1403482,0.5641135,0.8762055,0.98879343,1.2562591,1.4094571,1.271471,0.4459741,0.83566576,0.8292555,0.700728,0.5753331,1.0628836,0.95386565,1.1148916,1.210402,1.0380566,0.40579164,1.0739052,0.811576
bench,0.96289325,1.2913913,0.4375962,1.2617309,1.3219266,1.389616,1.5112526,0.6545821,0.88081044,0.36000776,1.3027066,0.0,0.5614299,1.1140388,0.13915354,1.1240213,1.4464552,1.5716496,0.98033273,0.9198767,0.929088,1.5591855,1.3392508,1.3894645,1.0384433,0.7055366,0.9523126,0.71613514,0.8380358,1.0365804,0.23047197,0.7716962,1.4823589,0.7079679,1.6062994,0.8656002,1.0695366,0.72372377,1.1912918,0.8030043,0.6344267,0.89128876,1.2172521,1.2448037,1.2074133,1.1775628,1.5450546,1.3481846,0.9367777,1.407918,0.98926216,1.0809752,0.67948914,0.9274645,1.3676867,1.0919895,0.82714546,0.3153199,1.0707741,0.73123443,1.4791819,0.74408853,0.81669533,0.9824426,1.3123187,1.3849919,1.3966255,1.214503,0.7357242,1.2104577,0.6175688,0.5044346,0.61546075,0.8621104,1.5412188,1.4206876,0.32790017,1.0748638,1.2945523,1.2540205,0.9439268,1.3612612,1.3560038,0.95359606,1.179351,0.58350956,0.96216,0.5847153,1.1343008,0.7565404,0.77394855,0.9630284,0.24711347,1.3475599,0.93549055,1.4162644,0.9587554,1.0894899,1.5950874,1.0463984,1.2903433,0.8722478,0.40836614,0.563617,1.5342982,1.2950919,1.1919358,1.3693916,1.4281725,1.435793,1.2628593,0.8963542,0.9627484,1.1437416,1.4263763,0.7189388,0.890633
bib,0.857229,1.1283005,0.60856247,1.1804847,1.2499416,1.3001558,1.4697356,0.8347045,0.8775237,0.4876327,1.3888211,0.5614299,0.0,0.93304145,0.37299478,0.8534899,1.3225772,1.5514591,0.754483,0.92837936,1.0666757,1.2722265,1.108592,1.568805,1.2589201,0.8003638,1.3407426,0.8273954,0.887535,1.0301919,0.5081272,0.66266584,1.4974791,0.7742617,1.4572617,0.77906907,0.73161876,1.0059471,1.2076458,0.64324045,0.733719,0.78532356,1.1393279,1.0429142,1.0074898,1.3468533,1.4799249,1.0757107,0.9682911,1.4315377,0.73153406,0.8602537,0.68310595,0.7837785,1.2608382,1.2345716,0.8248365,0.58542943,1.1940236,0.99257433,1.501132,0.6692526,0.48772967,0.93784803,1.3461823,1.3846985,1.4687588,1.3195527,0.9009495,1.2611834,0.63764143,0.44128144,0.76300454,0.6570363,1.4559546,1.3998148,0.6240838,1.0383859,1.2284402,1.1841564,0.9217182,1.1565477,1.3707719,0.9502409,1.3055165,0.5260643,0.86999464,0.48686218,0.7973233,0.9028566,0.9494841,1.1681077,0.56259644,1.3412311,1.0226967,1.4601977,0.6903873,1.0852593,1.4845436,1.1030067,1.1858958,0.7512146,0.42961574,0.75118124,1.4992107,1.2220328,1.1790748,1.2732711,1.46174,0.9885164,1.2626437,0.98313963,0.84208304,1.3420094,1.4481974,1.0052892,1.0108944
bird,0.45836598,0.89457023,1.0586187,1.0349469,1.0272007,1.0870267,1.1257012,1.0450947,0.99855024,0.9956866,1.0666261,1.1140388,0.93304145,0.0,1.0668002,0.84206676,1.1542488,1.0961659,0.84980696,1.054496,1.0549742,0.9605413,0.48157525,1.2187867,1.232997,1.0771025,1.1671339,1.0520906,1.0419252,1.0114399,1.0195206,1.0359408,1.1043102,1.0109906,1.1129179,0.83092284,0.74879146,1.0873873,0.9846445,1.021904,1.1530877,0.9166795,1.1033385,0.11872041,0.82307994,1.160878,1.1692215,0.27343655,0.8843659,1.1489172,0.99685127,0.94662994,1.0546374,1.0140094,0.99398196,1.1099719,1.1421405,1.1043116,1.0801746,1.0396414,1.1575222,1.0102435,0.9525357,0.98970616,1.092062,1.1351646,1.1510086,1.101063,1.1565104,1.0996844,1.0807862,1.0802485,1.1702429,0.75983834,1.0720133,1.095533,1.0825645,0.9753983,0.88940287,1.0117666,1.0138029,1.148694,1.0703045,1.0427568,1.1282773,1.0103503,0.84406537,1.0829834,0.7843374,0.90135324,1.0763297,1.0662985,1.1040165,1.1944069,1.0474741,1.0873871,1.0333024,1.0099416,1.0714726,0.9885838,0.9277576,1.0980432,1.0322912,0.97046,1.058676,1.151229,1.112553,1.1020483,1.1526452,0.7395798,0.98093444,1.0039937,0.97058874,1.1158836,1.154921,1.1000506,1.0866803
blanket,0.92012805,1.2578378,0.48914534,1.2566822,1.316529,1.425503,1.5228488,0.69931877,0.8117131,0.29482138,1.3862969,0.13915354,0.37299478,1.0668002,0.0,0.9748335,1.4222083,1.5898077,0.87444997,0.8815227,1.0138009,1.5131831,1.3349686,1.5194952,1.1644472,0.70223904,1.1273878,0.7050514,0.86362076,1.0000486,0.22519207,0.7182636,1.5355483,0.7382076,1.5845368,0.7662723,0.98509306,0.837753,1.2273932,0.7355974,0.60807496,0.9231885,1.2848194,1.1915709,1.0881746,1.286675,1.5832013,1.2796664,0.9477216,1.4804292,0.8254571,0.9705556,0.7085973,0.9258435,1.3538959,1.1800052,0.78835905,0.34863043,1.1382512,0.8450853,1.5608733,0.7095616,0.63933957,0.9130431,1.3384292,1.3849398,1.4863074,1.2720267,0.8084662,1.2303214,0.60477346,0.40601516,0.6448027,0.72061074,1.5663702,1.4718008,0.26884067,1.0448819,1.3024673,1.1908867,0.9927507,1.3029611,1.397754,0.9636526,1.2206768,0.549248,0.96930146,0.5217494,1.0186086,0.8305306,0.8367852,1.0390868,0.325279,1.4268609,0.96359247,1.4373637,0.88320863,1.0281909,1.627624,1.0405666,1.2844701,0.84222996,0.3651355,0.5852295,1.543699,1.3535681,1.2536372,1.4448111,1.4639461,1.2807524,1.2440912,0.88752055,0.9172234,1.1962664,1.4531945,0.8122083,0.88839066
book,0.7562791,0.8915793,1.100838,1.1589116,1.184188,1.1841216,1.0088648,1.061123,1.1331263,0.5956974,1.1941059,1.1240213,0.8534899,0.84206676,0.9748335,0.0,1.0399076,1.0995512,0.22211754,1.0331717,0.9619496,0.9866832,0.8714039,1.1317087,1.1474546,1.102311,0.9032462,1.0938684,0.9973648,0.9011772,0.76069695,0.99773014,1.1580931,0.70892054,1.0995119,0.8909347,0.6455597,0.9890484,0.84154636,1.057267,1.2143033,1.0582076,1.1882191,0.9428982,0.75626224,1.20171,1.2086235,0.79665077,0.98965406,1.2882825,1.0130106,0.40172327,1.1444753,1.0157384,1.2015789,1.0455427,1.138121,1.0979381,1.1979939,0.9666267,1.1898425,1.0896308,1.0059539,0.92625797,1.2266077,1.070539,1.2767828,1.2698665,1.148153,0.79605174,1.1751593,1.0507367,1.2451276,0.35099596,0.9660307,1.1513712,0.95863473,0.8306357,0.76708615,0.92140186,1.2192459,1.0137345,0.90004003,0.7645091,0.9824878,1.0907574,0.9326954,1.1143113,0.53382355,1.1525683,1.1372557,1.1235671,1.0319315,1.2724793,1.137544,0.99809533,0.9620592,0.9206057,1.2107067,1.0829074,0.9497966,1.0168954,1.0113068,0.8757113,1.1200553,1.2346402,1.1469095,1.243819,1.1736354,0.7054188,0.66774523,1.0295757,0.90172535,1.0010571,1.2446104,1.0533488,1.218621
bottle,1.2317985,0.97813374,1.347079,0.8393666,0.705495,0.62286735,0.48485708,1.2368339,1.176132,1.316501,0.55086493,1.4464552,1.3225772,1.1542488,1.4222083,1.0399076,0.0,0.50060415,1.0575874,1.2551228,1.0932196,0.44158268,0.9439257,0.40141207,0.7734467,1.1794109,0.80621344,1.1581151,1.1333266,1.121533,1.3607028,1.3560512,0.31519783,1.1511172,0.19384253,1.1413748,1.1330242,1.2298294,0.9442039,1.1455661,1.134297,1.2110512,0.99992734,1.0789453,1.0658906,0.87185466,0.41817904,1.0152578,1.1552366,0.51506585,1.1596068,0.9711133,1.3369786,1.353976,0.5107089,0.9258455,1.1081249,1.3371054,0.7434677,1.1283033,0.46974325,1.3554893,1.3174043,1.2433656,0.4490797,0.42476064,0.53186333,0.88182926,1.2984922,0.8260201,1.250474,1.2879595,1.2796534,1.1941719,0.51980424,0.4891007,1.358832,1.2335031,0.8152758,0.94189304,1.1797287,0.69852126,0.6106914,1.0712192,0.77138877,1.3877786,1.230484,1.2626946,1.0622883,1.3588021,1.1939726,1.1110574,1.3111908,0.740829,1.0312873,0.4795559,1.1102803,1.0860674,0.5477962,1.0790542,0.8849968,1.10065,1.4042923,1.3089731,0.44781995,0.8511532,1.0877854,0.81320345,0.33749515,0.71531886,0.8828578,1.1622111,1.1068506,0.8128325,0.36907625,1.1363859,0.9967144
bowl,1.2138752,0.9188748,1.4854931,0.74035573,0.6712228,0.45850146,0.24053693,1.2398902,1.1839685,1.5200735,0.60124564,1.5716496,1.5514591,1.0961659,1.5898077,1.0995512,0.50060415,0.0,1.2191058,1.0793542,1.0741287,0.43579733,0.8519315,0.4461704,0.7608501,1.2679462,0.74501216,1.2621263,1.2780824,0.8685199,1.5447885,1.2768347,0.43805468,1.284096,0.18346554,1.1811662,1.1608464,1.2755669,0.9019342,1.2867588,1.287259,1.2810484,0.97118413,0.95425135,0.97441053,0.740238,0.41313088,0.9073074,1.0533094,0.61439794,1.1148729,1.0915735,1.4535782,1.3352177,0.6039749,0.8499098,1.2196705,1.5074761,0.60776913,1.2273897,0.4930343,1.2864637,1.3475654,0.9993245,0.6375079,0.5203753,0.5532536,0.8621554,1.1580899,0.8687734,1.3903451,1.4225409,1.3456298,1.3467132,0.46502185,0.56192446,1.4248054,0.96302205,0.7413522,0.4265707,1.0863028,0.7728865,0.49983126,1.1386373,0.7323638,1.459287,1.0797822,1.400101,1.0931234,1.2589022,1.140756,0.82334435,1.4812233,0.73586726,0.98460555,0.43030375,1.1433839,0.8580596,0.3595369,0.8656201,0.8612567,1.2218705,1.5143585,1.1886702,0.21081269,0.8766369,1.0022222,0.6908056,0.47662568,0.73648906,0.6192032,1.1674657,1.2574188,0.90748197,0.52429295,1.2439327,1.0991118
box,0.8107686,0.8893622,0.9835839,1.1559387,1.1773905,1.2845609,1.1155449,0.857406,1.0208471,0.4827994,1.1825751,0.98033273,0.754483,0.84980696,0.87444997,0.22211754,1.0575874,1.2191058,0.0,1.1027453,1.0767326,1.1176071,0.95217836,1.1780652,1.0718728,1.0268365,0.9570628,1.1028163,0.91529274,0.95099145,0.62807566,1.0130595,1.2153608,0.68152344,1.1782582,0.91589457,0.77559924,0.9322588,0.8479088,1.0146091,1.081361,1.0055633,1.3043433,0.9996495,0.92040193,1.3316123,1.2602972,0.8697983,0.8947911,1.3313694,1.1498935,0.5252415,1.0336071,1.0819801,1.2665576,1.0514352,1.1962025,1.0412735,1.1916692,0.93935615,1.2285608,1.0388674,1.0905153,1.0511094,1.2276839,1.0935955,1.3368816,1.3178384,1.2231059,0.87374043,0.9895225,0.9864628,1.2805219,0.2056216,1.1246547,1.2009513,0.9772166,0.9860169,0.8097739,0.96840113,1.228494,1.1050824,0.980666,0.78214854,1.034966,1.090285,0.95914346,0.993773,0.706258,1.188507,1.0188371,1.0404758,0.85316557,1.4053354,0.9940792,1.1006552,1.0637527,0.9917272,1.3635708,1.0457511,0.89382654,1.0337278,0.9002728,0.73020446,1.2165724,1.3288379,1.259228,1.3149233,1.2271166,0.8547782,0.8224822,0.92704546,0.76249313,1.0743693,1.2755318,0.89404273,1.0952954
bread,0.9095822,1.0186173,0.8190685,1.0359405,1.0701027,1.0897809,1.1315359,0.98489016,0.9223435,0.98408276,1.1874807,0.9198767,0.92837936,1.054496,0.8815227,1.0331717,1.2551228,1.0793542,1.1027453,0.0,1.0714818,1.2151198,1.0986338,1.2680411,1.1826476,1.0501183,1.1941912,1.0086902,1.0740513,0.76315594,0.9859798,0.33298433,1.2243574,1.093598,1.1788101,0.9362462,0.97835124,1.0666888,1.0211312,1.0223175,0.9492899,0.99317104,1.0458053,0.943087,1.0440764,1.1224624,1.1629648,1.0449708,1.034718,1.1881844,0.794036,0.9227946,0.9770479,0.8449952,1.219494,0.9444912,1.052027,0.8947578,1.0489744,1.0607659,1.2361618,0.89401853,0.80732757,0.67995787,1.191111,1.191465,1.1974782,1.1367517,0.90165895,1.1107334,0.99613136,0.94000703,0.9001527,1.0249594,1.1525694,1.1441542,0.8585801,0.6533949,1.2006315,0.8394775,0.7713971,1.0022926,1.1955426,1.088439,1.106667,0.98801893,0.92208505,0.95045847,0.9515687,0.8189191,1.0891268,1.0019618,0.9465133,0.85213846,1.097672,1.2291088,0.9015827,0.70307195,1.0346653,1.0490003,1.0862579,1.0622678,0.9370026,0.9653208,1.1637093,0.9892366,0.7232841,1.0231667,1.2513354,1.1885227,0.9775751,0.9389193,1.003681,1.0182889,1.1527221,1.1228498,1.0266163
broom,0.933112,1.0492445,1.0443759,1.1785824,1.1893036,1.0143441,1.0934383,1.0644056,1.0776122,1.0697802,1.0743308,0.929088,1.0666757,1.0549742,1.0138009,0.9619496,1.0932196,1.0741287,1.0767326,1.0714818,0.0,1.007719,1.05247,0.99244815,0.93704283,1.0971308,0.7570694,0.89068776,1.0195551,0.97063726,1.0520315,1.0163034,1.0379267,0.8629981,1.1532009,1.1090394,1.0027434,0.8490805,1.0928644,0.9501726,1.0698608,1.07352,1.0803959,1.085455,0.9381452,1.0344942,1.0841546,1.0222541,1.0446935,1.1623232,0.98501253,0.8892773,1.0652618,1.0940138,1.1737242,0.89981425,0.95483416,0.9596075,1.0590683,0.6016651,0.9233059,1.0660261,0.943453,1.0016761,1.107409,1.0202353,1.0970162,1.0902117,0.88631755,0.73620355,1.0923003,0.9666532,0.84710133,1.0824,1.0374265,0.94226867,0.89739525,1.0653094,1.0532411,1.0536635,1.0985554,1.0401375,1.0189166,0.83262175,1.0678055,0.9929517,0.9099803,1.03966,1.0650926,0.9183331,0.85982764,1.0013433,0.947482,1.1403095,1.0251013,0.99603945,0.98241335,0.91119295,1.0532678,0.9962809,1.0904846,1.0553983,1.0707848,1.0089113,1.1390868,1.1431694,1.0513684,0.976167,0.956652,1.0563978,0.931855,0.998418,0.88129276,0.9405878,1.2121739,0.8426733,1.0957497
bucket,1.0937089,0.8643338,1.4417093,0.7176933,0.63678986,0.6299568,0.4390204,1.240146,1.2258593,1.4482716,0.72971994,1.5591855,1.2722265,0.9605413,1.5131831,0.9866832,0.44158268,0.43579733,1.1176071,1.2151198,1.007719,0.0,0.6881604,0.3945052,0.8575106,1.1977795,0.7368592,1.226224,1.2246401,1.1861738,1.4817665,1.3570287,0.5489996,1.1240151,0.27594566,1.0621253,0.8836848,1.2763566,0.8145976,1.2017244,1.2333653,1.2051824,0.94202805,0.8748938,0.87434995,0.82553893,0.48374665,0.7473712,1.1341414,0.71633875,0.88583976,0.96982294,1.4283916,1.2844871,0.5499079,0.8380731,1.118693,1.4319773,0.5774545,1.1225072,0.5515762,1.2904128,1.0813872,1.2456354,0.7613418,0.4002787,0.71458024,0.9193531,1.1680734,0.76761585,1.3641932,1.3993843,1.3116587,1.2804016,0.47846282,0.64606434,1.374151,1.1593349,0.8000132,0.87967825,0.9975242,0.5796339,0.42933702,1.0609103,0.73482275,1.4170315,1.0529414,1.3716464,0.89312315,1.3240106,1.2416227,1.0820098,1.4599707,0.7710823,1.1304327,0.5182252,0.9626927,1.0970685,0.42372334,1.1336063,0.8488598,1.120153,1.5271524,1.3799973,0.46031672,0.8389933,0.9564904,0.66325754,0.57170916,0.33487314,0.5998909,1.2302676,1.210889,0.8101437,0.67469347,1.2560339,1.1351457
butterfly,0.591588,0.935035,1.2573295,0.83236927,0.88408107,0.6980623,0.81694233,1.139119,0.9834762,1.1561971,0.8915124,1.3392508,1.108592,0.48157525,1.3349686,0.8714039,0.9439257,0.8519315,0.95217836,1.0986338,1.05247,0.6881604,0.0,0.93909675,0.9998626,1.079957,1.087927,1.2031571,1.135809,1.0976689,1.2092832,1.1352928,0.84033823,1.1092671,0.81848174,0.92576855,0.7519103,1.1850853,0.9710474,1.184449,1.1886067,1.0534943,0.9410992,0.4398446,0.80673987,1.020361,0.8308512,0.30606413,0.9702711,0.9255565,1.0516961,1.0008482,1.2130189,1.0899253,0.7813098,1.1104715,1.2451682,1.2878458,0.82177263,1.1677717,0.8501079,1.1355667,1.025356,1.1347905,0.96103746,0.867728,0.8785869,0.99616724,1.0728973,1.1562457,1.1005195,1.3024408,1.292585,1.0018171,0.7795368,0.8996614,1.2929488,1.0134465,0.7375605,1.0018309,0.9460325,0.86296266,0.81182325,1.1006961,0.96280146,1.2215042,0.98738855,1.245067,0.73591065,1.0147997,1.0871418,1.1207458,1.3226032,0.97415876,1.03264,0.9149632,1.0949396,1.0822977,0.7597775,1.0467173,0.9352976,1.1893747,1.2749281,1.1769809,0.7647222,0.9514101,0.96998066,0.9233535,0.96363,0.6050956,0.9061095,1.1145233,1.1486105,1.0859493,0.9455826,1.2028031,1.0910869
can,1.2532531,1.0229524,1.3193709,0.8444676,0.7825296,0.686528,0.3976428,1.066711,1.236413,1.496452,0.50793445,1.3894645,1.568805,1.2187867,1.5194952,1.1317087,0.40141207,0.4461704,1.1780652,1.2680411,0.99244815,0.3945052,0.93909675,0.0,0.71233433,1.1508107,0.45611715,1.1434364,1.026869,1.1980695,1.4874734,1.4237863,0.48122472,1.133625,0.34102464,1.2668947,1.208214,0.97066385,0.71022415,1.1966962,1.1610053,1.2768035,0.88461626,1.1237415,1.0946783,0.56740445,0.3997742,1.0760615,1.2026693,0.5820962,1.1398885,1.1726359,1.4422746,1.3211372,0.67578185,0.73773366,1.0086839,1.3346038,0.5695917,1.0161403,0.4340794,1.3839391,1.420831,1.3189127,0.71769387,0.3184017,0.54556733,0.75208145,1.0229409,0.6419399,1.3332741,1.399937,1.1225743,1.4108285,0.49057746,0.6082425,1.35705,1.2821225,0.8276187,0.9933393,1.0840963,0.66891325,0.35819912,0.9804418,0.6776162,1.4485964,1.2433815,1.3962853,1.0728694,1.3028872,1.1156763,0.87216043,1.4087992,0.658587,1.0616174,0.46519685,1.092396,1.1197178,0.4879017,1.1197722,0.9025398,1.1081749,1.4969009,1.4003724,0.46977925,0.7937935,0.9475452,0.72792757,0.38820887,0.8356711,0.714137,1.1757504,1.2135174,0.621953,0.5575929,1.0355355,1.0180099
car,1.2536919,1.1274014,1.120738,0.95380396,0.9018922,0.83996934,0.8245343,0.8653033,1.0012931,1.10297,0.8021605,1.0384433,1.2589201,1.232997,1.1644472,1.1474546,0.7734467,0.7608501,1.0718728,1.1826476,0.93704283,0.8575106,0.9998626,0.71233433,0.0,0.979394,0.84292245,1.0467693,1.0610298,1.1545908,1.1020533,1.1759622,0.82402813,1.023432,0.75841105,1.1336749,1.2257276,0.8156223,1.0248148,1.1208255,0.95503044,1.1123258,1.1362267,1.2127283,1.2250254,0.9911728,0.8187841,1.1216276,0.82568085,0.8918906,1.2789876,1.164123,1.0477713,1.2502726,0.9184315,0.91443574,1.2322634,1.0402641,0.6849781,0.845944,0.6997855,1.2477132,1.2278309,1.2847124,0.82558393,0.7678821,0.89203644,1.0467777,1.0608944,0.97708935,0.99176836,1.1575221,1.1199431,1.1529619,0.8606069,0.9042555,1.2111549,1.1926976,0.747422,0.99807125,1.063206,0.9784702,0.75258297,1.043859,0.708384,1.1911509,1.2293985,1.1049061,1.1905667,1.1043313,0.8652983,0.82994896,1.0188942,1.0537232,0.80005836,0.84527725,1.2339329,1.1335369,0.9123211,0.8656066,1.0731999,1.1510754,1.1333624,1.017313,0.8581367,1.1188177,1.0726016,0.9883152,0.9063277,1.0804768,0.85091245,0.85509276,0.9928684,0.87728256,0.83672655,0.57644445,0.8842756
cat,1.0934502,1.2131392,0.9375124,1.1075836,1.1477727,1.2048275,1.1995798,0.9068569,0.57486314,0.7520752,1.1353511,0.7055366,0.8003638,1.0771025,0.70223904,1.102311,1.1794109,1.2679462,1.0268365,1.0501183,1.0971308,1.1977795,1.079957,1.1508107,0.979394,0.0,1.0739763,0.9273632,0.9701281,1.0869629,0.72276473,0.90308243,1.2799007,0.98492813,1.2482582,0.3456589,0.9947871,0.89959836,1.1909983,0.96413475,0.8530333,0.99264,1.1549342,1.1042576,1.0488664,1.0191863,1.1914061,1.121961,0.94869345,1.1676685,1.0382075,1.1854328,0.7670425,1.0600396,1.1207613,1.0383784,0.90663826,0.8598346,0.9177457,0.9605104,1.1702219,0.6733109,0.92920554,0.93991506,1.1890212,1.141085,1.1897246,0.9541715,0.94627523,1.1811393,0.70764405,0.86667633,0.8439226,1.0153443,1.2501526,1.2405264,0.8004781,1.1438184,0.8458878,1.1409533,1.0437925,1.0922346,1.1811144,1.0509102,0.62747455,0.87672305,1.139877,0.87656873,1.0604383,0.9571206,0.92398363,1.0957457,0.88005567,1.1978604,0.889804,1.2539,1.0395336,1.1094042,1.2674572,1.0099386,1.1886731,1.0113362,0.7843989,0.8519652,1.2229128,1.2090566,1.1747932,1.2384912,1.2245072,1.1171187,1.1910312,0.9287275,0.967812,1.0748608,1.2313154,0.8437826,0.6541219
chair,1.0268201,1.0587921,1.1263587,1.1513388,1.1302922,1.010837,0.7203948,1.0399512,1.2273794,1.1885456,0.9726724,0.9523126,1.3407426,1.1671339,1.1273878,0.9032462,0.80621344,0.74501216,0.9570628,1.1941912,0.7570694,0.7368592,1.087927,0.45611715,0.84292245,1.0739763,0.0,0.9990028,1.0548545,1.1041749,1.1384349,1.2574927,0.898627,0.80997574,0.8049878,1.2577639,1.0719624,0.7671284,0.79519355,1.0031178,0.9941112,1.2522537,1.0339235,1.2015078,1.1427369,0.7735154,0.8059386,1.1976888,1.1480327,1.0142468,1.1206571,0.9872391,1.3090338,1.2070117,1.059002,0.75840604,0.9765215,1.035446,0.6639375,0.60643196,0.68198955,1.2996545,1.2817663,1.1721526,1.0880916,0.6556349,0.8950658,1.0026907,0.85443026,0.6129034,1.2360766,1.0730273,0.9887155,1.1863242,0.7881978,0.913849,0.8958931,1.153131,0.87270033,0.9260785,1.0713265,0.9582444,0.6410497,0.76894087,0.74479085,1.2111745,1.0854597,1.1073039,1.0426408,1.2258672,1.0198827,0.93508834,1.0481519,0.9997691,1.1541473,0.73865473,0.88665545,1.0573363,0.8534104,1.1524074,0.97053707,1.0895605,1.1728851,1.0294315,0.8777053,1.0561377,1.0333011,0.9278067,0.7343672,0.99040693,0.6814159,1.0999106,1.0799177,0.7791852,1.0024998,0.8153724,1.0548947
coat,0.9901487,1.1278411,0.8733318,1.1234106,1.1520638,1.107308,1.1830869,1.0542853,1.0504969,0.9218128,1.2840393,0.71613514,0.8273954,1.0520906,0.7050514,1.0938684,1.1581151,1.2621263,1.1028163,1.0086902,0.89068776,1.226224,1.2031571,1.1434364,1.0467693,0.9273632,0.9990028,0.0,0.984345,0.93534064,0.87322533,0.9912455,1.2636335,1.041196,1.2483582,0.96463054,0.96654177,0.85914594,1.2075629,0.58710986,0.72684675,0.96024954,1.0750133,1.1059322,0.967768,1.0341729,1.2217987,1.1823351,1.0597501,1.2121282,0.87032557,0.9974112,0.79774135,0.92051727,1.1444331,1.2055357,0.43143344,0.5945614,1.2000124,0.8535279,1.2145073,1.0082539,0.7461794,0.86425406,1.1669954,1.2152243,1.1560252,1.0121254,0.9516527,0.98453325,0.9449213,0.59991956,0.5703831,1.0460799,1.2515466,1.250237,0.8254467,1.0137159,1.1115731,1.237685,0.8957909,0.9545923,1.2137057,0.96487546,1.042444,0.5924636,1.1239247,0.5341761,1.052439,0.8863843,1.0034115,1.1272745,0.7564695,1.1310092,1.1001359,1.1944033,0.9607346,0.96562916,1.227961,1.0898832,1.0408587,0.69135225,0.669521,0.98419267,1.3079184,1.074991,1.0737692,1.2271538,1.1189537,1.2020733,1.2218775,1.0406994,0.99866056,0.96605694,1.1732018,0.975997,1.1264496
comb,1.0795461,1.1194404,0.7656296,1.1545062,1.1683546,1.2667594,1.1743115,0.6163674,1.0056577,0.92020357,1.1057855,0.8380358,0.887535,1.0419252,0.86362076,0.9973648,1.1333266,1.2780824,0.91529274,1.0740513,1.0195551,1.2246401,1.135809,1.026869,1.0610298,0.9701281,1.0548545,0.984345,0.0,0.91343737,0.92765445,1.0167935,1.2188696,0.85079163,1.2275643,1.0583663,1.0700978,0.65572906,0.8880485,0.9408409,1.0082703,0.9193201,1.0215317,1.1408899,1.1023628,1.0181229,1.1444075,1.169378,1.1259552,1.1234939,1.0702628,0.9977645,0.88507897,0.8639323,1.1841192,1.018468,0.9372607,0.9708512,1.1784284,0.96217644,1.1435261,0.8685268,1.0088267,0.9225639,1.1492018,1.1789991,1.1423717,0.9779975,0.932269,0.94691014,0.957592,0.94100016,0.8633237,0.9231993,1.2503558,1.1835713,0.92805165,1.0305017,1.193537,1.1011415,1.0330992,1.1317499,1.0288448,0.8130964,1.1620791,0.89729977,0.9246159,0.9570191,1.0199383,0.96916246,0.85953337,0.82201576,0.87014985,1.0813242,1.0937786,1.2021989,1.0301647,1.0062058,1.2476835,1.1051676,1.1260525,0.9168409,0.9200574,0.9448288,1.2745867,1.0440164,1.005251,1.0880454,1.1594768,1.1639254,1.142523,0.9691379,0.9026004,0.9619042,1.1671312,0.77172595,0.96532035
cookie,1.0214223,0.97469234,1.0934949,1.0381253,1.04179,1.1418941,1.0632536,1.0068074,1.1253874,1.0123671,1.1891901,1.0365804,1.0301919,1.0114399,1.0000486,0.9011772,1.121533,0.8685199,0.95099145,0.76315594,0.97063726,1.1861738,1.0976689,1.1980695,1.1545908,1.0869629,1.1041749,0.93534064,0.91343737,0.0,1.0148722,0.8062303,1.2244608,1.0056522,1.0385427,0.8933131,0.9623964,0.9389874,1.0047939,1.0251899,1.1522623,1.0825076,1.185648,1.0633723,0.9293398,1.1788983,1.1650316,0.9813995,1.123408,1.2237213,0.9554415,0.76867235,1.0296034,0.99206626,1.2233511,1.1697891,1.0577285,0.98806113,1.2176516,1.0031254,1.2605729,0.92726547,0.97401184,0.2388556,1.1772805,1.2403007,1.201749,1.0889688,1.1704826,0.94227177,1.1688495,0.932582,1.0366108,0.92864215,1.1898394,1.224087,0.97540945,0.6900115,1.0353818,0.46803343,1.1063291,0.9857657,1.0720911,0.95700926,1.0023084,1.0405941,0.77556103,0.95584416,1.0623918,0.85840654,1.0453781,0.94525075,0.98101604,1.164335,1.1087842,1.140524,1.022006,0.26537097,1.1490611,1.0342093,1.0904734,0.9182847,0.96823835,0.6842957,1.0472965,1.2145226,1.0543792,1.1676404,1.2195629,1.0254493,1.0667124,1.0077629,0.9242361,0.9816055,1.197382,1.055354,1.1719058
couch,0.92188704,1.1999865,0.5394985,1.1980088,1.2713667,1.3484497,1.4396086,0.7479473,0.9146431,0.046937525,1.3104062,0.23047197,0.5081272,1.0195206,0.22519207,0.76069695,1.3607028,1.5447885,0.62807566,0.9859798,1.0520315,1.4817665,1.2092832,1.4874734,1.1020533,0.72276473,1.1384349,0.87322533,0.92765445,1.0148722,0.0,0.7697432,1.4291364,0.5111862,1.5149298,0.64164007,0.85077035,0.85611355,1.1951938,0.91094005,0.82007253,0.8515252,1.3098066,1.183058,1.0456104,1.3079009,1.5461571,1.1702452,0.86428696,1.4129095,1.0007592,0.8753205,0.73577106,0.9956146,1.3143337,1.2361509,0.9570709,0.5448506,1.2479827,0.8334629,1.4916215,0.7651084,0.86247927,0.9790194,1.2678417,1.3765306,1.4207617,1.2920289,0.97967225,1.2022195,0.69776964,0.61518335,0.91962755,0.54100215,1.4638791,1.4122565,0.3881328,1.0250825,1.1730101,1.1912866,1.0849699,1.2970258,1.341561,0.9052028,1.1209787,0.7139999,0.9642278,0.6835004,0.9994591,0.9036807,0.91716653,1.1068041,0.27253664,1.4618616,0.9481499,1.3666337,1.0242734,1.0941014,1.6190314,1.0464737,1.2084295,0.8597077,0.43425727,0.48818278,1.4388288,1.3456498,1.3276988,1.4802966,1.4295549,1.1784765,1.1971223,0.88441825,0.84921545,1.1893117,1.3956506,0.8092972,1.0070252
cracker,0.9384218,1.1464533,0.816264,1.2095212,1.2479761,1.2040471,1.3178523,0.9597767,0.952667,0.7868725,1.2596514,0.7716962,0.66266584,1.0359408,0.7182636,0.99773014,1.3560512,1.2768347,1.0130595,0.33298433,1.0163034,1.3570287,1.1352928,1.4237863,1.1759622,0.90308243,1.2574927,0.9912455,1.0167935,0.8062303,0.7697432,0.0,1.3591988,0.8168026,1.3552603,0.7883184,0.8697619,0.98723394,1.0922029,0.87546974,0.9631225,0.79795825,1.1239052,1.0425025,1.0851859,1.2216775,1.2776344,1.111019,1.0677569,1.2733427,0.7927251,0.95845646,0.7742476,0.72398216,1.2930392,1.0154166,1.0277828,0.81685746,1.1963378,1.0106927,1.3078558,0.8336737,0.67332363,0.66749513,1.2543218,1.3197916,1.2996588,1.2022555,0.93935585,1.1439047,0.8142444,0.7186752,0.91349876,0.8989179,1.243918,1.2281222,0.73541373,0.7492981,1.2396488,0.9333792,0.8277329,1.0821595,1.3286283,1.0266371,1.1215966,0.7866756,0.91805124,0.79112095,0.98031986,0.839567,1.0093274,1.069729,0.77819574,1.0259311,1.0953536,1.3332535,0.8280088,0.81168115,1.2296722,1.080154,1.1979012,0.9271603,0.70472807,0.817963,1.3362356,1.1247967,0.86876166,1.1355762,1.3691838,1.1938865,1.0899506,0.93472236,0.81024337,1.1488001,1.2825431,1.045048,1.0337338
crayon,1.1026412,0.9875546,1.3043737,0.7084968,0.61774147,0.41238344,0.4746164,1.3334506,1.114821,1.3892226,0.32444698,1.4823589,1.4974791,1.1043102,1.5355483,1.1580931,0.31519783,0.43805468,1.2153608,1.2243574,1.0379267,0.5489996,0.84033823,0.48122472,0.82402813,1.2799007,0.898627,1.2636335,1.2188696,1.2244608,1.4291364,1.3591988,0.0,1.2915227,0.326564,1.2502156,1.2484918,1.4200003,1.0286062,1.3306025,1.1239004,1.2298042,0.6684202,0.93943787,1.0731884,0.6475886,0.30378544,0.9597837,1.1128414,0.22690284,1.2014157,1.1187686,1.3817589,1.2578171,0.3171528,0.91247874,1.1715877,1.4544406,0.6979236,1.2280935,0.35011655,1.3115666,1.3701636,1.2838404,0.1743952,0.49419713,0.22329557,0.73233604,1.0438809,1.0093716,1.1819746,1.4574225,1.3422153,1.297976,0.28452313,0.13550687,1.4570186,1.0868833,0.90126604,1.0107825,1.1052268,0.8782977,0.6522588,1.2829121,0.9457455,1.4489204,1.1875017,1.4033611,1.1198742,1.2976129,1.2297909,1.1007481,1.3918686,0.4573058,1.0213256,0.35219383,1.1896939,1.1705544,0.3344381,1.0304295,0.88806987,1.2471374,1.5303233,1.4236646,0.24237746,0.6186011,0.8577189,0.55431813,0.24664563,0.83825517,0.9352195,1.2521982,1.2422733,1.0139002,0.116838455,1.2891576,0.9739727
