,elephant,zebra,giraffe,deer,horse,pony,pig,bear,dog,cat,owl,fish,frog,alligator,butterfly,penguin,rooster,bird,duck,ear,nose,eye,tooth,mouth,face,hair,leg,arm,hand,finger,toe,ankle,foot,lamp,drawer,bench,chair,ladder,table,couch,bed,crib,window,door,closet,refrigerator,oven,sink,bathtub,shower,stroller,tricycle,motorcycle,car,truck,firetruck,helicopter,sprinkler,hose,swing,slide,boat,tree,grass,snow,scarf,coat,jacket,sweater,shirt,bib,pajamas,dress,jeans,pants,shorts,slipper,shoe,sock,mitten,glove,blanket,pillow,towel,napkin,doll,toy,tray,box,book,paper,basket,purse,radio,vacuum,comb,stick,shovel,rock,hat,glasses,necklace,belt,watch,clock,scissors,fork,spoon,crayon,pencil,pen,knife,broom,mop,toothbrush,gum,balloon,ball,raisin,nail,potato,carrot,egg,orange,pumpkin,apple,strawberry,melon,pickle,banana,corn,flower,plant,cracker,toast,sandwich,chips,pasta,sauce,soup,applesauce,meat,pastry,pizza,muffin,cookie,bread,hamburger,plate,dish,bowl,tape,soap,milk,bottle,jar,glass,coffee,cup,bucket,can,cloud,game
elephant,0.0,0.6750691985804054,0.6625123931047184,0.7923817521421677,0.6240323719016538,0.6651567791417454,0.4922083436172935,0.6954902640201075,0.7050889767189655,0.9216249902868746,0.9414024058010825,0.9330195407506845,0.8676536016153807,0.7832574475732486,0.8963192428361915,0.7968339506579235,0.8243843497484473,0.7315043241836032,0.8287173110925574,0.9725687742493067,1.058538732568965,1.1149357708770227,0.9935244928932844,1.0287012363200907,1.0514328920148193,1.0760188596199431,1.0518371154456123,1.114766347745185,1.1280533396154744,1.1034901856336183,1.0840058879435455,1.1019713617525082,1.0627848815901182,1.0494879426860908,1.105599211974238,1.0774695699663945,1.0207307741365175,0.9825828794817505,1.0703755594404036,1.0156137302311665,1.0229094010965665,0.9672777374446557,1.0596936427969577,1.0896217241385588,1.0534510000587918,1.0610853950016939,1.0705764097172343,1.0923997965215648,1.061500337124018,1.0070287009461614,1.0359110146270671,0.9799846074426805,0.992725082518823,1.0166341827545962,0.9400043415576589,0.9023252889549571,0.952813048229161,0.9746394772985127,1.002069330569866,0.9759841978097323,0.950912903769239,1.0287224020537296,1.0506133180994304,1.0381789843619968,1.040955821300959,1.005458844526027,1.0279660982918881,1.0617145912071944,1.0094042878507503,1.036509407428967,1.070859773063572,1.0468474402543553,1.026410188720081,1.0498039937200023,1.02146365449723,1.013208701761924,1.0994001647126581,1.0766117514287525,1.0569752039531062,1.0669093583727673,1.106005073855133,1.0481256007460926,1.055377819768058,1.095151824296495,1.1152973937740198,0.9912624019315223,0.9690281862241964,1.0533893329684427,1.105345479795315,1.0006308466198046,1.0930496297795977,1.065694143570972,1.1169020752626093,1.028441709898779,1.071819358228939,1.054282128511134,1.046494656675209,1.0509083875563578,1.044594602291584,1.0580643200523048,1.0134635272868113,1.0413037961977791,1.0800210579698837,1.0654522594199347,0.9965985378232894,1.0136873232215091,1.06084558617485,1.073411873699408,1.1181208396018267,1.1071942761947304,1.1207574498380768,1.1344418013041726,1.0933209351688482,1.0555443095428734,1.0904633747801307,1.1151387055361548,1.0557378957769352,1.052227527849831,1.022989768339422,1.0839877058893903,1.0124605212255622,1.0456558366716941,1.0874491045455774,1.064231736280783,1.0594496525980048,1.0353397076044701,0.9804941456445284,1.042924560916864,1.047237982759789,1.0083500363783684,0.9978875296957298,1.0372193452623584,1.1066648853182408,1.0547484208556535,1.0320390233909125,1.0568013437013177,0.983745872479912,0.9726050283299389,1.0409830296529838,1.042194659703534,1.0819568818960894,1.020153522659942,0.9986555083849773,0.9860467893723748,1.0272820979994726,1.030912055062716,1.1089649748185408,1.0792317473125648,1.098152696180139,1.0420385845683178,1.125229004585527,1.0696827428173379,1.1214885029477693,1.0733247724263897,1.1050337912512471,1.06378871022206,1.0665254740275132,1.1018719339768246,1.1114980073267455,1.1676549519812798,1.1474665577876126,1.042097782244545,0.9609965470379087
zebra,0.6750691985804054,0.0,0.35030254008441,0.6537523453334659,0.4571178483614925,0.4408759957098024,0.6680238794116252,0.8934463069382188,0.8564200935483803,0.9835332791830075,0.9461873234752098,0.9649407207466822,0.8668864536756173,0.7363750091556451,0.803712283643358,0.8535233259243303,0.8427697551515942,0.8097323579873045,0.8582611891957137,1.041019385859942,1.087334775875957,1.0859457212730437,1.0329919429002639,1.0556214758400526,1.0665153150727296,1.0842588329879257,1.1123911823135337,1.0908503813674009,1.0730728091995674,1.0978070207139043,1.0867869722260133,1.0653028896273227,1.0538775372883455,1.0299789725951651,1.0881969722248312,1.079271153319465,1.0609050827890265,0.9887639273280967,1.0749525856338793,1.1006785226193436,1.0509752854354641,0.9150186420711557,1.0674407070209084,1.1071415093771395,1.0749092851536546,1.094721339155015,1.074066889808215,1.1034948302436,1.0692784205373131,1.037632774174496,1.0410622325599341,0.9777697682274145,1.0176557408423335,0.987002767177819,0.9723615724723739,0.8612036385823166,0.9148674036648011,0.9759969542081464,1.0071463769975337,0.9748630896543959,0.9913046622228542,1.063256017735757,1.0075475493528057,1.077565460812466,1.0330050829615036,1.021046801770501,1.0521342538374916,1.0914344915802134,1.0585923531628874,1.077665989062254,1.0264700726121985,1.0217734348975123,1.03295268527387,1.0892695181140393,1.0917307658330713,1.0970621932090823,1.070852453463303,1.068573581344606,0.9879921113759116,1.0531648333346555,1.0949619623272426,1.0678864852472376,1.0593605464819043,1.09599751472359,1.118052772716116,0.9829530546262754,0.9542716595247328,1.0423110992931013,1.1258212516087,0.9735368230580195,1.0581437614797873,1.0913165853800335,1.079934228896122,1.0839301067622837,1.088077552952812,1.0048378280658221,1.0559161947559086,1.0358752815500982,1.062414535008781,1.0685267864273738,1.0330212096651525,1.0528908699150201,1.1099966929275675,1.1131558410984312,1.0000100970810228,0.9631021412061945,1.0393534804717386,1.053113906524956,1.0741577078419255,1.0500343475993512,1.054537880453532,1.0783751429843587,1.0881473287239427,1.0892415689326285,1.0401847448399901,1.1394298863622543,1.02093413893226,1.0377340705462195,1.021693560219238,1.1007589770239843,1.136303890872925,1.0694537384595617,1.0894511599532526,1.0586455342686307,1.0006938137169146,1.034459605801366,0.9880528338777759,1.0208223747946572,1.0440065760108157,1.0064318539394108,0.9919973462321968,1.007022588498144,1.0573453212408301,1.071844921967309,1.0742362577456048,1.0856648847814598,1.0297695341528394,0.9331270893039902,1.0537469906489274,1.0542800953601292,1.0720934290448045,1.0234261869237737,1.0270353384478066,1.0386746917312255,1.0928321690685632,1.0822855339405475,1.1255463112172426,1.0301502166100238,1.090135308114286,1.0994530308280672,1.109875325614186,1.0970025869361295,1.0875460438449465,1.061234885794589,1.0654126057460611,1.044317729706041,1.0620977976107715,1.1211091450726234,1.097765781421939,1.1289892792558451,1.134029125097217,0.9756534844890458,0.9589247679846774
giraffe,0.6625123931047184,0.35030254008441,0.0,0.556873987535728,0.5248029840785113,0.5278696672540225,0.6782827138006122,0.8511341262392584,0.8437071806504381,1.0045728291504383,0.9208372515820661,0.9301913015406486,0.7808768538781232,0.6625206624980884,0.8263821496914078,0.8803205427050772,0.8498608107307759,0.7353575889553429,0.8015096654033947,1.0975031358953884,1.1147814221661976,1.1017619744114417,1.0729030579612355,1.0873711317190142,1.080032894964386,1.0861818755831774,1.107730977724138,1.0731663389144452,1.0837045795719589,1.1621480143793794,1.1337769752856004,1.1163603840735776,1.0870280163869241,1.03665064546831,1.0986824666513284,1.0943350648124057,1.0737287471505403,0.9941288713453066,1.0550049368151249,1.0950286395349003,1.0366114863801315,0.9721719677817036,1.0690787669061295,1.1127597561896536,1.0728563879802027,1.065221938286767,1.0549377826838675,1.0857862056487662,1.0489719613633897,1.0399162165020102,1.0278947297710064,0.9558355254776343,1.0326317358203418,1.0062430069231416,0.9700974353540925,0.8371826597705685,0.8862358071983756,0.9436717357938293,1.0170536704404938,0.9536672264146826,0.9892303926138251,1.0364086131066177,0.9815727191781688,1.0283719920668843,1.052109824184977,0.9934990403561106,1.0056979341159746,1.0573255098919947,1.0397935468548432,1.0644711887886575,0.9934520402256608,0.9879158782468634,1.0068276934949005,1.0571449146442329,1.0720869777449855,1.0875638495363087,1.1252554359535683,1.0796130750399693,1.070494077711559,1.0823074959269245,1.1441760742224736,1.0624537898516606,1.078003843534979,1.156486328299901,1.187452831554494,0.9238868348972846,0.8855084174702257,1.0125691718749652,1.107849279252061,0.8638922834897054,1.0557520480159872,1.0532469336106718,1.1168317253040105,1.0670933622703855,1.0419889229462136,1.1155405678389367,1.0077706860318252,0.980296791162549,1.0216702782889886,1.1127775924057042,1.0602752022911477,1.0883683737491303,1.1359049321878323,1.1151773069241153,1.0007921900465864,0.9604448236378579,1.0864858758902256,1.0548274081131124,1.1190012863529437,1.0783365832065774,1.0893759876712852,1.1371478964117268,1.0956305328995986,1.0777399494588522,1.0293337050869291,1.1639374513945056,1.0673417194054113,1.0688728121744249,1.065875393429102,1.1727359277691696,1.1105159885752933,1.0920003356794556,1.1165094444563017,1.0823666238229064,1.009861875861823,1.0638141524406786,0.9921107452915737,1.0329369918940292,1.0668320153761552,1.0197981862785837,0.9862322891421806,1.0663909356208374,1.0938645256616455,1.0435951222815698,1.0350641241058136,1.0430927789246134,1.0273681179534278,0.9695137022301967,1.040244519875232,1.0143617274712478,1.041393283295751,0.9627239599613737,0.9845128390730202,0.9514962395901697,1.0326194933088175,1.0564440285851526,1.1113144191385373,1.046416261061438,1.1094235287419718,1.0761550231425934,1.0967179880353575,1.0698429222378667,1.1332737257813523,1.0711082445472453,1.10804061690864,1.0584021833908013,1.0570699277977587,1.1002312220579926,1.0936284610028812,1.1090622250256081,1.136134786485967,0.9865329333720881,0.9370830275922811
deer,0.7923817521421677,0.6537523453334659,0.556873987535728,0.0,0.4198886558465227,0.4762433932986698,0.5210147876106372,0.8766321269808998,0.7868405923307806,0.9435030374089061,1.0012944373495192,0.8603532312088085,0.8293158089893544,0.8803014572724456,0.8615231738824926,0.85234440641043,0.7089166172616327,0.6460797041601618,0.7800065356867965,1.0578188885621342,1.0595090398087637,1.0401341066145096,1.0338868048621261,1.055800100737233,1.1169263427369682,1.1379459158304228,1.1832139785357523,1.2107577584472744,1.1761443751671494,1.113725240148228,1.0985407379884955,1.1028656033661521,1.0834618038512054,1.0182929797630407,1.122734263641905,1.0229667229653212,0.9949862487555157,1.0321658375662115,1.1099993964382193,1.0869847411041975,1.125905733553109,1.1001466033134655,1.0819073172002232,1.1354030571219065,1.1409806902207607,1.106863639631986,1.0890509295050517,1.0948213567958323,1.0794111442768053,1.0403650005211464,1.0080279480608518,0.9816912077666176,1.0383939006300418,0.9938986087814923,0.9897467799939257,0.9657000835746969,0.829871420657387,1.0077998630904597,1.0902623938217444,1.0311177671096123,1.087565766452059,1.0245487101871305,1.0005337913771368,1.103957947494752,1.080897078899009,1.1076294104630167,1.1045746351334413,1.1600054509531446,1.0789948606391284,1.1244748322221112,1.1236935516089064,1.1305166363746282,1.075493777908027,1.162292595699794,1.1352121177228036,1.0994760139591828,1.0670059391988116,1.096075110284503,1.0952760027113737,1.1672562776256037,1.2083228075847403,1.1605680724408094,1.0842557275582267,1.1408419760325441,1.1249799578070545,1.0189725737759567,1.0605828760194265,1.0278824793743873,1.1174933946199679,1.0472042392274459,1.1246810332643387,1.0849559367546673,1.0602921761426263,1.0286468095830237,1.058953876557619,1.1029243094554342,1.105828513489896,1.0402007921878131,1.0949603986580727,1.064048782840191,0.9836965100918125,1.0560214948790794,1.148879128099215,1.1600760642992762,0.9685717744349017,0.9124581139876822,1.012957001199,1.0152819416307277,1.07508872988017,1.030916170318556,1.0222353484478466,1.0265659333379578,1.0732031680807497,1.0940646420198452,1.0611872473287571,1.1349154522555258,1.0310450767207195,1.0284453315629187,0.9583430824598574,1.0716575960603725,0.9935774259109782,1.0168081479306657,1.0273973677496067,1.0160145933574722,0.9494719119107077,0.9453826263439546,0.9016908433035672,1.018843140929822,0.9886396750428685,1.0014136224927943,1.036941078801385,0.9090257735943511,1.0127982109549474,0.9598607048483954,0.9662310718880086,0.9845667271752804,0.9937639043918017,0.9876063816231732,1.0264107323124543,1.0273450335246388,1.0628620844772674,0.9645540011968641,0.9739115186080053,1.0175736704936313,0.9313807633384601,0.9175172817767523,0.9774548692699612,0.9672907648990299,1.0276863022539418,1.0699676301466088,1.0700690912435897,1.0391183225379068,0.9866678904023147,1.0872608396138717,1.0725607348789605,1.0649450820037758,0.9999194408544526,1.0374496197447918,1.0731582076504291,1.1300750440221554,1.1207828537710633,1.0018420139634965,1.0154740347221765
horse,0.6240323719016538,0.4571178483614925,0.5248029840785113,0.4198886558465227,0.0,0.0456885951831123,0.46462430046699066,0.7641021752176786,0.6995111089394974,0.8910384328820812,1.0307790700925672,0.8363530350490445,0.8123475980560673,0.7596995420713436,0.8408004777298017,0.861374211936665,0.6194021998716481,0.6574051480931284,0.8031184283953425,1.02629769105504,1.0447843221730997,1.0345206882877127,0.995149727278245,1.0596735108792543,1.082772897388907,1.1182207916062008,1.1755552651155885,1.2375138843274787,1.182691384408068,1.1067677243540004,1.0730942512745227,1.0903130026870511,1.0733667911552185,1.0734260266426245,1.0822697960690923,1.053460976783755,1.0186219748430017,0.997471901933596,1.1607709492610587,1.081957469653333,1.136792267493374,1.0748074145660131,1.1065434592906132,1.1497385139019394,1.1392186731434464,1.1538815554622666,1.121298980227854,1.1486747623350522,1.141750417721929,1.0948264537042294,1.008506910695327,0.9609223907168959,0.98716577115771,0.9052307133730849,0.8886683255886827,0.8559328149885765,0.8282462964923067,1.0052091031727155,1.0659996589218501,0.9930989563739077,1.0221172940339909,1.055728799165371,1.0103416382254051,1.1189034807155678,1.1055913899639074,1.1357805356987878,1.0976760994739367,1.1648032029818438,1.1386181118634655,1.1709088490870698,1.171534289859443,1.2010520049552158,1.0860344662315395,1.2067776167323738,1.1883600039921085,1.1621499048625794,1.0228561921418566,1.100587508478423,1.0878535555322253,1.1660645759232384,1.168938890973666,1.173150005567486,1.0927024219990598,1.1533369258082258,1.1443733169569499,1.0156648846560234,1.048073220909048,1.1268270886269183,1.1466229526460117,1.032950690251459,1.145343436749656,1.1161855530023177,1.0760273523490662,1.0420309891218342,1.0870924555809476,1.0881652071372592,1.1198011122180394,1.0785195102095075,1.1249732843064957,1.0385015691740507,1.0154586783678436,1.099271571166416,1.1375247756745879,1.1141969308013595,1.0010205704037527,0.957101913514265,1.0763175114082388,1.087544185131037,1.0108863218328277,1.0176988037453998,1.0287210984504023,1.0747711312110404,1.0566543299797468,1.0736304306268774,1.1098271854194108,1.102085081093066,1.0295557097922985,1.0186286708313652,0.9569791545718463,1.0276482370563604,1.003668028765834,0.981436733096492,1.0101982062141996,0.9800774168300072,0.9326496087305786,0.9621093541860369,0.9388967549861468,1.0341191960593503,1.000380066728501,0.9782446621769926,1.0039859284182422,0.9467427410144358,1.0574891899061376,1.006082430623741,1.0213762176090946,1.032629876335171,1.0167731687257435,0.982990284350885,1.0961614568342242,1.1118094006014365,1.0942209245761354,1.0075931095473531,0.9986620666257033,1.0048228409921567,1.002273377091093,0.9708857012947106,1.0039628002220953,0.9747389805250339,1.1019403866792707,1.1157008534556132,1.1340726637335057,1.0383494745770891,1.0405388556159931,1.1018722927573315,1.0647871000565678,1.0742284453200666,1.044104233632801,1.099620953355651,1.105937056173022,1.14647933703907,1.150110373777471,1.014433407661178,1.0519028070385397
pony,0.6651567791417454,0.4408759957098024,0.5278696672540225,0.4762433932986698,0.0456885951831123,0.0,0.49145599756823644,0.807959593345349,0.6869879191639781,0.8992877389897994,1.021870180202068,0.8710434895392414,0.8448876440135513,0.7689776878191521,0.8699908023343682,0.8895135586300953,0.6720367411109361,0.710506045671978,0.8024308896206525,1.0492323927955847,1.0714463656872364,1.057443702971265,1.0289527505265,1.0778993948418432,1.1037830451797102,1.1289880200388593,1.152963065021118,1.219787012435206,1.1799648949801216,1.1288583307424123,1.0775818654696647,1.0673652604930357,1.052952791313113,1.0849472338774138,1.0772117914476695,1.0313948750735757,0.978722198118236,0.9640051473418595,1.1392677532497615,1.0635732535059592,1.1068660713411984,1.0245557967865655,1.0939045207554043,1.134882508712999,1.134646784826224,1.1456162766614006,1.1170047791300377,1.1477393277323664,1.1386183364568367,1.1089445662736992,0.9736951831331179,0.9002787235370724,0.9632176377606839,0.9109667707319102,0.904412278849654,0.8548464147002877,0.8567974560294391,0.9952459107063447,1.0475558055524865,0.9671825078168065,0.9893157889636703,1.033038990947881,0.9998752213260125,1.0992167197633795,1.1146177516941993,1.1281031909579091,1.0884034817340011,1.1597674534328628,1.120589581261665,1.1661881498787197,1.1424001792747978,1.171272025572594,1.0429061082726447,1.199992711191755,1.180597134784424,1.153205003537054,0.9990578844748534,1.0695967361245078,1.0327034741183247,1.1061381282894813,1.136869896869609,1.1443714576810653,1.0687606450891431,1.13252148277512,1.136085560924017,0.9664619937391941,0.9787146013521314,1.100911758610768,1.1166910558919418,1.0234659029964908,1.1399473688459578,1.0888467532371362,1.0635924718130747,1.051629395827178,1.0519558537931026,1.0815324399654656,1.1076977429083996,1.074447421800342,1.13022672519333,1.0293120097704107,1.038719259026546,1.1047228630855424,1.1394135060477404,1.116193166186376,1.0046225206786148,0.9359154954872643,1.089995672341425,1.0949851113396982,1.016017649438594,1.0370444286970844,1.0445634746402384,1.0818912997021453,1.031948662180397,1.059001020405222,1.0794303226658166,1.1046093857733978,1.0307344815030408,1.0336776905078209,1.0021139694879342,1.0662859556712476,1.0364099180318171,1.0107369492199065,1.037262660052059,1.0136308320042242,0.9634917353226413,0.9998326959030309,0.9796267956992402,1.0343643678694916,1.0259898895683326,0.9908425070611452,1.012623297094289,0.9595031253529991,1.034228020799781,1.012402049152148,1.0208479715577072,1.032376110518588,1.0103633490017607,0.9777279115693414,1.1012624504693305,1.1089517590077422,1.0982548944045145,1.0194399242054464,1.0030019593665258,1.0116719072318723,1.0360416757033966,1.0021497682166267,1.0336685970357251,0.9964550210215894,1.1015857975018037,1.126055965405618,1.1322814741243834,1.0384066208158143,1.0547306752293482,1.0809611535836967,1.042356977543276,1.0614125900962625,1.0535275219045435,1.1037513471337044,1.0914628214072457,1.1230059368672516,1.1309866023758937,1.029061171303499,1.0241244409682158
pig,0.4922083436172935,0.6680238794116252,0.6782827138006122,0.5210147876106372,0.46462430046699066,0.49145599756823644,0.0,0.7432253716843716,0.6576906514299093,0.9451837640652737,1.0258524105821818,0.7846681245638707,0.7521962989397636,0.7517077659876604,0.9006096404187366,0.8295722528856198,0.7205284144877626,0.7094579475398467,0.7509537299227207,0.9997852926386113,1.0385979031554289,1.080764691924337,1.033278919963343,1.046816264651635,1.1251353763608698,1.1891132196570353,1.1035887312036188,1.200412360052204,1.142252905325553,1.0425891869235195,0.9711654898537755,1.0279563515852683,1.0070129389142546,1.099114460387862,1.1509561711832499,1.0644135856616952,1.0781975863884883,1.0607394204013936,1.1500884372658222,1.107836665341753,1.132333644603619,1.0736270347389003,1.140545629474793,1.1744199639661757,1.1930705489705966,1.1721889287678748,1.1315474239780674,1.143218337596478,1.1069458268552292,1.063779804756344,1.0562086325869027,0.9427948955580085,1.0592102165791726,0.9867202973706563,0.9586932127549135,0.8816989003864717,0.8988102856207711,1.0504047894856967,1.0840054338798735,1.0168304295651436,1.044758260808343,1.0450340619177554,1.0483543164323883,1.079433060412613,1.1198700594817375,1.1160906105567725,1.1034045312280636,1.1950025459415072,1.1093605827911839,1.1438232288113332,1.118154193130218,1.14267330210394,1.0768319057304354,1.1779299525833158,1.1598628807758784,1.137143167082803,1.0171656071090942,1.103796602987593,1.016407312939662,1.0350685225732335,1.0948812953212066,1.1531739519907147,1.0622364848296149,1.1187719370378082,1.088975105456849,0.9356882888417013,0.9849177978757131,1.0998953605606039,1.1351971887319243,1.0621074061532743,1.1504878115123447,1.0952128154977392,1.1164476648499824,1.079297121659231,1.1701067228369837,1.1316950873432066,1.097965095911157,1.1020435059013234,1.1147883437922022,1.067439632729032,1.020320414592738,1.0594764942801178,1.1397561077188099,1.105571280035585,1.0308025125383244,1.036423746782235,1.0772537578076862,1.0686529466916428,0.9915615637530059,1.027550929254266,1.0535726988443985,1.1096155947198494,1.1161219497501687,1.1242677022206864,1.1152330336862009,1.0674693715944776,1.0119712596479093,0.9982296923085965,0.9918965464740419,0.9955494495634515,0.9326823009669033,0.8836518866187858,0.9447717422081156,0.9347991698808965,0.9347678218886816,0.9295312241390816,0.8883592418391962,0.9563652685275955,0.9273241308035842,0.9175577455432095,0.9297323874893075,0.9661351411344853,1.1267413992619253,1.0325253414715982,1.0504010647499258,1.060628275145646,0.9479275524392609,0.9641755126523208,1.0162463765798275,1.046351353179448,1.0226026878149557,0.9557180825330971,1.002376298414386,1.0067112577230806,0.9995100532266237,0.9405602319974782,0.9777972327045177,0.9579324844304548,1.0167347573360115,1.03824065148199,1.0659976941084968,1.056357776256169,1.0106443322399732,1.0712797736256896,1.0979177770761022,1.0721075585913695,1.0750414495833394,1.0880286202660072,1.0638639996653476,1.1025262824215167,1.166560500059526,1.0275700308408824,1.0012526913685835
bear,0.6954902640201075,0.8934463069382188,0.8511341262392584,0.8766321269808998,0.7641021752176786,0.807959593345349,0.7432253716843716,0.0,0.750753607176099,0.7425928616883757,0.820374588439986,0.8469250301205182,0.8231630461326422,0.827431188089278,0.8896173602052699,0.7548293604080523,0.8255929454274803,0.7721975908185204,0.8788928260787389,1.0139417672441848,0.9655253755443957,0.937577052282606,0.9860079956969361,0.9814258082163066,0.8922862730372669,0.9211359793031411,0.971418678766029,1.0856010669414418,1.0334603199953163,1.0557540000504704,0.9859977637048468,1.0186959519715904,1.0012398894240886,1.0249793927156143,1.0134342635227864,1.0645160916412535,1.1030199408009653,1.0367992270816626,1.1558395348628796,1.0386005828591325,1.046506179819947,1.020063258241799,1.010389206489508,1.0026422375087511,0.9915731979030316,1.0912289437369982,1.0956454181718607,1.0785802451229312,1.0742337428835393,0.976210861226819,0.9957789102537626,0.9895104414899196,0.9533297296854666,0.9252661570372955,0.9502454289924466,0.9772818900860705,1.0237403462748602,1.0092663225796974,1.111171090972119,1.0052153520346419,1.0362177012835687,1.0853566588494759,1.0057080718549818,1.0221138899483049,0.9542656562976991,1.0561500938058765,0.8833974266185652,1.0245419447678978,0.980775121005588,0.9892487774931429,1.0456537495792364,1.0419544705016694,0.9790297120042467,1.0252934978918278,0.967467409335301,0.9650942333800596,1.0755307137976486,1.0935154876463582,1.0654455413466297,0.9578703186802053,1.0734479128075807,1.0603739560636107,1.05614608784982,1.092989629580727,1.1176082407184242,0.8459337562749634,1.0185359766881752,1.1668884941744646,1.0675216537014591,1.0526982947890684,1.0770812469849254,1.1191259442994907,1.0960950210704756,1.0308938595730588,1.0780360252255958,1.0295299003790017,1.0131605916094755,1.0786183064453745,0.9593849063317791,1.0245509284184797,1.0377522958513414,1.0489663097258535,1.0723044928293322,1.0409158069667626,1.010194946719304,1.0672899082576077,1.0528634167852513,1.0698544018676073,1.0783542903628518,1.0668363223492543,1.0630415815641718,1.0765203072037397,1.1029206175494928,1.0819658108417043,1.1026018715097903,1.0571363846852253,1.054400101941314,1.0379772740934134,0.943882659139236,1.036746740740848,0.9432680381420865,1.0903723552312337,1.0729124800702277,1.0811449314178896,1.0554568640450384,1.064488562975632,1.0147556147976884,1.1269744517151057,1.0801762066274256,1.078100352352241,1.1367217257356177,0.9560508653522035,1.0188832054647254,1.0611415244482214,1.0500946578459143,1.0811085019278488,1.0503905584756084,0.9732355838540746,1.0682153577841804,1.0534490663882918,1.1137973042965912,1.0138888516814337,1.0211996272145498,1.058957969216597,0.9197494224440179,0.9601368769771146,1.0374488763234968,1.0217635290323472,1.1507062497883314,1.0342495066997996,1.1249261524062515,1.0273179842886275,1.1027968771910714,1.1055062312168387,1.0995819622917753,1.0841153828635115,1.0584744153833228,1.0140194645185963,1.1301992974500332,1.1443838169003873,1.0588774579905762,0.9510236927119515,1.0620776685841797
dog,0.7050889767189655,0.8564200935483803,0.8437071806504381,0.7868405923307806,0.6995111089394974,0.6869879191639781,0.6576906514299093,0.750753607176099,0.0,0.5016545244632764,0.8132548635043038,0.8601605794126549,0.8510552113741192,0.8095745610257131,1.0475779118815518,0.8656587423828709,0.7989312456591771,0.7859134781572628,0.8583447533347465,1.0495927694876144,1.0371713432248937,1.0452309213258222,1.0824782779303512,1.054163648657176,0.8433159085986154,0.9125738385461661,0.8902377368223964,0.9846675236996328,1.0853465279643233,1.1711763829108761,1.1300035304966205,1.1019265614097125,1.0232336904636388,1.0426218949494097,1.1058815823230101,1.0472768607918495,1.006796175354506,1.0110900133038867,1.0532813893102857,0.8773276497502503,0.9065612174944304,0.9529307867612985,0.989060472386151,0.9517129335925887,0.9443956270025721,0.9613170877182831,0.9479884458912087,1.076410061508273,0.9969841577472698,0.930883793566569,0.8709588381986627,0.9052452819514314,0.7821473291216138,0.9040007827213503,0.9466286553017792,0.9615260855304856,0.9454353813630897,0.9891495530654638,0.9804140358267216,1.0137839326677491,1.0357286392543348,1.006548624278341,0.9474647356878327,0.9708377695609393,0.9074028605514542,0.9530317549420162,0.8848911288806773,0.8953956827276202,0.864128064565096,0.8778895995409366,0.9355790182230075,0.8922211804477318,0.9043176655460798,0.892230726956458,0.8676113710919445,0.9672929821994956,1.061387585352121,0.983530470500571,1.0194775656941375,0.8940801265881375,1.0491744757815424,0.8775275274724321,0.9881136565472697,1.0358938865970553,1.1318806448104177,0.9137731978062602,0.9399157525059674,1.0960144404440564,1.0758657939467917,0.9782249599399064,1.1202919367335922,1.1358845678008578,1.0700308351668382,1.0415202593405424,0.8859427522554348,0.9834263302913681,1.0251912112213808,1.0528407281576104,1.0243941403224215,1.097176059414763,1.038447515955766,1.1163021234825488,1.103605765041712,1.111711866760443,1.1243723814676065,1.1238894173985066,1.1623783940302,1.1811055546443305,1.1818549756339412,1.1839565341433285,1.189952519142342,1.2137338359995855,1.0380031203622697,0.9949212671155474,1.0630103799000246,1.078467741073649,1.108852319542979,1.0863790153145307,1.0884436408417135,1.176200305081094,1.0749015490602056,1.130502430993703,1.175399089730465,1.132462181820812,1.1015033118072355,1.1382961742965294,1.1130617658177506,1.1103818257069134,1.164265975768078,1.110184082240077,1.0961345753516147,1.0096104989522678,1.0911670398403748,1.066712019216904,1.050866289757601,0.995938393488761,1.0224801089986353,1.0076146310008829,1.1122247403219399,1.0547773096880118,1.0927564459149601,1.0004283073071556,1.0301023833493403,0.9780395042061618,1.0077752584562694,1.057564936328749,1.1378504701827628,1.0904923771849553,1.2146968633697641,1.06394389305445,1.1714541899438369,1.1268077288116307,1.179882611789179,1.07665092927049,1.1138331070919818,1.10438142459555,1.0010955180743126,1.1036896792309148,1.1628652914087105,1.1661287003650402,1.062969578455041,1.0270240717591832,1.0705619350468514
cat,0.9216249902868746,0.9835332791830075,1.0045728291504383,0.9435030374089061,0.8910384328820812,0.8992877389897994,0.9451837640652737,0.7425928616883757,0.5016545244632764,0.0,0.767513695221145,0.914026263620801,0.920498318058949,0.8890116923210841,1.0313647918778377,0.9019409969133421,0.9269761304595914,0.9222109012813559,0.9716074295384455,1.0150554585713494,1.048091790644812,0.958620751069276,1.1103570458082694,1.0786514088489512,0.821777407318172,0.7851439749495288,0.7621722948311334,0.8611925458461898,0.9414637449287965,1.0344070729991794,0.986459392687948,0.9614106192081591,0.9050275067382842,1.0119379650542804,1.0461764057695087,1.0435685603984708,0.999674007684278,1.0407219818051305,1.036599988390575,0.8803159175916333,0.8888534117573706,0.9810325112184308,0.9081550732120597,0.8917008924407823,0.9226644737372228,0.9330510175917384,0.971668687110465,1.0370944009546799,0.9922105270470543,0.9558015470580871,0.971668895822597,1.0335291891504128,0.8665249963744976,0.9474789355537667,1.003933280016228,1.0471201104699555,1.0474491342311412,0.9703120436191383,1.0047697763679726,1.0675710514078554,1.0638509115700763,1.0602864624893986,0.9613085477218075,0.9648054053364832,0.8813723659469862,0.9564245858670498,0.850994836989477,0.8366721051625774,0.8220976508889405,0.8382640724418282,0.9073979011296499,0.8257381949102531,0.8845179678140477,0.8391398018316665,0.8369705281390054,0.9264920646376313,0.9906887251964139,0.9405447702424543,0.9366284372326882,0.8422753869218988,0.942179585914836,0.8305681592307865,0.9201681505089274,0.9850378216861353,1.080862623238632,0.918373398868441,0.9990606367083636,1.1009259281444015,1.0173961419739825,0.934723797117731,0.9988125279110228,1.0692109618425458,0.9955326280213379,0.9993037583089635,0.9205935270709353,0.9362612546062387,0.9783237335122834,1.0612455205910993,0.9618555472525795,1.045534287919641,1.0127168720019302,1.1213099166791454,1.0295355684205112,1.091457865651825,1.0620457341635885,1.1169289432351779,1.0939005665141104,1.120725868986548,1.130325095286532,1.0757279506400281,1.069028636451607,1.0768900936080836,1.037882499277558,1.0562114092906312,1.0629083857817663,1.0603719198635884,1.0737972938667104,1.0711878279408542,0.9938995778964641,1.0940918187823128,1.0542330508998676,1.1508342814680814,1.1491411061112726,1.1084118838632286,1.084485395390629,1.0933749729139548,1.0885369319806855,1.0779725929819113,1.1547627233291378,1.1436603446218867,1.1451373340548976,0.9934193557690335,0.9769923535318971,1.1061653727877445,1.0663573334453988,1.0928754587761849,1.1232006239468935,1.03826343633204,1.1164438428081278,1.0762241016553695,1.1213409740488676,1.0232272725973344,1.1183004763252091,1.0648841036755756,1.0425361424041992,1.1033065331456338,1.1421030696784413,1.155984780177625,1.1830976291427235,1.1011001598453958,1.1434669128357686,1.125980025977442,1.1463631845806868,1.0614370392304817,1.0669354814718583,1.0977623915425494,0.9508150815344528,1.0593662477533987,1.1189316549878523,1.113533377010414,0.994330229046514,0.993758650777795,1.0991644092614972
owl,0.9414024058010825,0.9461873234752098,0.9208372515820661,1.0012944373495192,1.0307790700925672,1.021870180202068,1.0258524105821818,0.820374588439986,0.8132548635043038,0.767513695221145,0.0,0.7932081797838662,0.8706890668320537,0.8008421142669664,1.0056722781152414,0.8673788167000065,0.9312912696288423,0.7631949479150841,0.8237128986920681,1.0566501576040164,1.0701487761591877,0.9954010313253614,1.1010816321885906,1.0893940706237493,0.8771879976848788,0.8486523892114486,0.9115864742537004,0.9014748302123115,1.030038136074928,1.1423360239884184,1.113573126150878,1.0759276483168834,1.0516809359600916,0.9576346233380498,1.0666143462547708,1.0070020937466786,1.0705603574492328,1.0097921972340018,1.0612939956189928,0.9687335585346359,0.8938861619981343,0.9958443925067553,0.9206584315410486,0.9569093431735205,0.9370743599211974,0.9791132245821135,1.0133200423040936,1.06486927522096,0.9906437940922961,0.9451679538560948,0.9794364670486837,1.0171160473583305,0.9035645150299833,0.9108307649966068,0.98703893628984,0.9373772596302646,0.96058931429792,0.9090672936243486,0.9970802141057389,0.909527193305038,0.9815213410143323,0.9620706694170045,0.9000436958593862,0.8978020841278074,0.7365451786808198,0.8482791378618406,0.7989798537284483,0.8246177703983062,0.8498438519817101,0.835819513076747,0.8553520098613226,0.8411931165632145,0.8464257392936305,0.8478637281737555,0.8595212704284975,0.9171691275285163,1.1019926543008534,1.0350889008850486,1.023256804361636,0.7606916459421282,0.9344979900176189,0.8171543860988592,0.9435931168986348,0.9507401558738006,1.0901074321636535,0.9526435837238596,1.006334014166399,1.099868793899758,1.0825105570833897,0.9612137008092738,1.0663914137340853,1.004856661973304,1.0388589041278748,1.0429781360856523,0.9781921675632086,0.8954205505192433,0.8606269619109057,0.9969539241531467,0.8813065256420819,0.9883912923309455,1.0762545888683663,1.0582218240707977,0.9724105779045048,1.0942791644547354,1.0094290156823942,1.142404935288316,1.1695999250050486,1.1692284274408518,1.1694003236966661,1.1247200653067926,1.1481419631649161,1.1765955708070925,0.9889120232200737,0.9521282750396904,1.0660620132093919,1.0594406416472055,1.064152800696369,1.079535287630462,1.0673872345010769,1.1431864015400186,1.0842714997075114,1.1758159672372588,1.1440661527565892,1.1444156124634315,1.109576029983599,1.1884478448505569,1.0641014235293387,1.0978227658435786,1.1698216133007984,1.1443974906398933,1.0098242867770846,0.9912752958207242,1.0401363712415568,1.021772847797867,0.9887454302816102,0.9437822775661009,1.1346848580043796,1.0233645286691992,1.0675946764020403,1.0043574144271292,1.139431871152543,1.00348300869066,1.0004068470816454,0.9489543572880542,0.9764829919351823,1.0413894759256044,1.0870419837313998,1.0363588139241802,1.200704034773021,1.039577139854447,1.208366608802017,1.1603120763659152,1.138757237744948,1.1069318874791165,1.1374153811479004,1.1369499704519344,1.0286232924652297,1.1596043292255453,1.225033897793383,1.157400526162318,1.0731881019129068,0.9009748565389062,1.053719981379878
fish,0.9330195407506845,0.9649407207466822,0.9301913015406486,0.8603532312088085,0.8363530350490445,0.8710434895392414,0.7846681245638707,0.8469250301205182,0.8601605794126549,0.914026263620801,0.7932081797838662,0.0,0.6063203261940946,0.7461306034487656,0.8040290962631939,0.7865188626655621,0.7757463687424897,0.6394770769374302,0.8269935631393177,0.974954664507855,0.9953008169787178,0.8326937206340308,1.0432835689354272,1.0601479312357789,1.0234570469250814,1.0485951366293316,1.1009294188368637,1.1992518820027356,1.0668589425818649,1.0248876862132987,0.9856144185421476,1.020746321227296,1.0243897373176907,1.041602504321214,1.1119182536482,1.1178085363303434,1.1457460885940864,1.1375377341013637,1.2292570492172938,1.2030742694376635,1.2118453151109576,1.1453542546056967,1.138534586931932,1.186371070228278,1.173742230845365,1.2006280820086244,1.1763679790949135,1.1560293065891778,1.1256010862419754,1.0484717936085437,1.0995986441304804,1.060619471452429,1.0587568124698552,0.9138982260619335,1.0183955220763443,0.9824323907159032,0.8602615850016267,1.0064302524495359,1.1264025039249719,1.0533335483982154,1.1099169382020342,1.069850912827298,1.0595568805943478,1.0777997937879653,1.0163565803542502,1.1284149398688044,1.0990118840254617,1.1700333503406624,1.1674314526427692,1.1425956640585253,1.1134017932967297,1.176065865685508,1.0947752445622827,1.1414115186773268,1.127676381082825,1.0645398080970594,0.9374277633065523,1.0193788123759557,1.0500676121234158,0.9971723986058754,0.9698045739672466,1.1911681129238092,1.0845202269649716,1.1053350835139482,1.0488892272816857,1.0148570776233152,1.0441914404314079,1.186303990661398,1.204105812208005,1.1077447038739603,1.1258185233316067,1.1420336906205268,1.110184579063706,1.0697106274126704,1.1598763252087183,0.956069769642822,1.0110329716190463,0.9564542031201418,0.9975608359960673,0.9877138578775034,1.0660363065176557,1.0475087471340079,1.0507984292064254,1.037871838199373,0.9604174311499688,1.0441488824451286,0.9979796790430409,0.9647199465574369,0.7973910409622009,0.900370150406302,0.9076585171115138,0.9363589667008358,1.0224586405394978,1.0313771243869647,0.9138376172970186,0.8065650394335724,0.905954344984894,0.8847916841023437,0.8527524762891353,0.9113794172760918,0.851318964026102,0.7065167246377704,0.841137286831182,0.8691901650718584,0.9509567651506067,0.9278725706670258,0.9317642473529758,0.9236939223349331,0.7745349839415705,0.8905442981807508,0.9069292570708499,0.8667143526588538,1.0847218391317606,1.0242735741601936,1.0792913500357488,1.0712310507234364,0.9671603920930876,1.0510971164843423,1.0008472223956626,1.0331925353803568,0.999214690519126,1.0001928072979276,0.953732499499913,1.000363866872177,0.8039009898591907,0.7457306563934614,0.8099941207691337,0.8377813410146375,1.0441341599162732,1.0735884130746745,1.132815775149633,1.0428033696726495,0.922521576724862,1.1502634296329763,1.0653943166097495,1.0976217002359552,1.0258163961251852,1.0461955274879347,1.0929660148659954,1.1131821637617565,1.1463203586176407,0.9152367486256809,1.0534749564442771
