,alligator,ankle,apple,applesauce,arm,ball,balloon,banana,basket,bathtub,bear,bed,belt,bench,bib,bird,blanket,boat,book,bottle,bowl,box,bread,broom,bucket,butterfly,can,car,carrot,cat,chair,clock,closet,coat,coffee,comb,couch,cracker,crayon,crib,cup,dog,doll,door,drawer,dress,duck,ear,egg,elephant,eye,face,finger,firetruck,fish,flower,foot,fork,frog,glass,glasses,glove,gum,hair,hand,hat,helicopter,horse,hose,jacket,jeans,knife,ladder,lamp,leg,meat,melon,milk,mitten,mop,motorcycle,mouth,muffin,nail,napkin,necklace,nose,orange,oven,owl,pajamas,pants,paper,pen,pencil,pickle,pig,pillow,pizza,plant,plate,pony,potato,pumpkin,purse,radio,refrigerator,rooster,sandwich,scarf,scissors,shirt,shoe,shorts,shovel,shower,sink,slide,slipper,snow,soap,sock,soup,spoon,sprinkler,strawberry,stroller,sweater,swing,table,tape,toe,tooth,toothbrush,towel,toy,tray,tree,tricycle,truck,vacuum,watch,window
alligator,0.0,1.245844,1.2657118,0.874282,0.570644,1.1602912,1.0203983,0.9192785,1.0493962,0.5995994,0.53886473,0.5023608,1.4389756,0.6065892,0.5260518,0.7840561,0.43999994,1.0994892,0.821412,1.4833255,1.1293995,0.9559256,0.9708098,1.3481578,1.3068842,1.1069002,1.581068,1.3253577,1.037133,0.53066015,0.9820113,1.5592254,0.88077915,0.67851603,0.7266108,0.7456602,0.7036961,0.7799835,1.5119433,0.7181709,1.5032458,0.43403673,0.7363576,1.0838239,1.1597868,0.71406204,0.9830547,1.164022,1.3928692,0.77635694,1.0525699,0.90636027,1.3603767,1.0039823,1.4120054,1.3435805,1.1247894,1.3726323,0.840904,0.6704335,1.5603486,0.8947544,1.264094,0.95504725,0.9259826,1.4582374,1.0214362,1.2493949,0.9909137,0.65761256,0.56828827,0.94627714,0.8650329,1.5011053,1.2766905,0.8924443,0.7568415,1.0575502,0.62665486,1.0290463,1.3871073,1.1696099,0.8148665,1.5195773,1.3101864,1.4509213,1.3330797,1.4403424,1.0139705,0.5907963,0.49551046,0.7496017,0.50427157,1.4170656,1.4003077,1.0498866,0.8162713,1.32968,0.75764304,1.1356268,1.4590023,1.0976131,1.179161,1.4468153,0.9721513,1.4324253,1.0149667,0.8020855,0.52583694,0.7454293,0.8674269,0.69466245,0.84028876,0.9682983,1.2325305,0.8338268,1.044044,0.5924812,1.5153883,0.79356194,1.3987312,1.1266664,1.0671734,1.126132,1.1065596,0.88665164,0.9024038,0.6272543,0.73211753,0.49937326,1.426732,1.5291319,1.4294622,0.9704162,1.186326,0.98519415,0.7108964,0.9451171,1.0608817,0.9924359,1.1924351,1.4786985,0.93304473
ankle,1.245844,0.0,0.8706856,1.1241719,1.3071986,0.9677655,1.0711845,1.165979,0.7725491,1.2196501,1.2320385,1.2942972,0.7576003,1.240027,1.2383002,0.9080394,1.2139415,0.76517737,0.8816276,0.69617444,0.99763036,0.85216594,1.1515837,0.8339655,0.7207004,0.72097874,0.6988511,0.72863996,1.1027919,1.3030545,0.9641951,0.71854055,1.1743329,1.3057207,1.1925637,1.012816,1.2658056,1.1594741,0.7600354,1.1870601,0.73922276,1.1933279,1.0372841,1.0546582,0.83788437,1.2505499,0.80416656,1.268678,1.0333757,1.0883886,1.2013038,1.2516632,1.0322063,1.0613166,0.79399985,0.7110933,0.19842726,0.736645,0.88907546,1.2612187,0.9104903,0.7737855,0.870005,1.2400147,1.1509206,0.80412287,0.8693042,0.72174037,0.98972094,1.3057287,1.3000321,0.9841406,1.1920661,0.65905553,0.99209774,1.1005071,1.102942,0.8701289,1.1548252,1.0085028,0.76408,1.1859772,1.2250639,0.89536643,0.6941018,1.0244808,1.1665785,0.87506515,0.99055195,1.3316069,1.3141673,1.180002,1.1533597,0.5778146,0.6505466,0.9900774,1.1120789,0.7791821,1.0349481,0.77850115,0.76656055,0.76825285,1.057346,0.87924707,0.6564981,0.5467439,1.0428317,0.9184007,1.1916491,1.3223572,0.9655859,1.3244035,0.814114,1.0948327,0.7309068,1.2393668,0.92805856,1.2712532,0.630391,1.1291466,0.618467,0.2360102,0.93344885,1.0668005,1.3124403,1.0626628,0.91919214,1.3479251,1.1775658,1.2022886,0.84087765,0.9683367,0.90824115,1.0732621,0.7032411,0.835598,0.9918339,1.0726842,0.7705884,1.0873636,0.92716545,0.9679234,1.1609588
apple,1.2657118,0.8706856,0.0,1.1325994,1.3564664,0.508959,0.79678786,0.7245001,1.1560583,1.4435508,1.2674994,1.3955014,0.62467885,1.4668113,1.338903,0.8552811,1.3379798,0.98631424,1.0567598,0.60462725,0.9108432,1.2462549,0.87499535,0.9506003,0.85050464,0.7774602,0.89412004,0.9264003,0.9477629,1.2517347,1.2359488,0.65148425,1.3303093,1.2969607,1.2844477,1.2412959,1.3768722,0.9721214,0.53288233,1.4132161,0.62402886,1.1820263,1.0787677,1.3005838,1.1516953,1.3877034,0.9381669,0.9331684,0.50855577,1.1967252,0.954003,1.1712315,0.7967993,1.1074555,0.5890398,0.6645169,0.9632613,0.8984428,0.58829004,1.1890819,0.67717147,0.93381983,0.46346664,1.1621928,1.1666477,0.58913696,0.9524373,0.7030022,1.0484201,1.3198242,1.3410146,1.1814594,1.4194998,0.7660089,1.0404667,1.2430476,0.5843805,1.0998998,1.0416064,1.1012392,0.71500623,0.8971071,0.8687928,0.5151187,1.0254784,0.8646662,0.92952013,0.36097646,1.358957,1.234595,1.450602,1.3041506,1.2982366,0.7539032,0.7590821,0.44861293,1.1075784,0.87727106,1.0647517,0.9249666,0.630006,0.79252106,0.5705431,0.42827487,1.1054922,0.7790296,1.4272326,0.9761648,1.2175099,1.327455,1.1224293,1.3865252,1.1630137,1.272693,0.85350436,1.3531182,1.1437585,1.0900786,0.6177677,1.1890515,0.6761671,0.96273184,0.7401078,0.917866,1.0266129,0.8996308,1.2926908,1.3375604,1.1679312,1.4612556,0.49446338,0.6647988,0.57719254,1.0387546,1.091769,0.58904684,1.1623448,1.1284486,0.8928817,1.0572064,1.1929853,0.6707256,1.284311
applesauce,0.874282,1.1241719,1.1325994,0.0,0.75467336,0.91811055,0.86170894,1.0294265,0.9258644,0.7528088,0.9260402,0.82925206,1.2638361,0.91418606,0.9111116,1.1367315,0.91628593,1.1139562,1.0052472,1.0678946,0.73341453,0.9497079,1.1207495,1.1966699,0.94285184,1.1862098,1.1996131,1.155808,0.9973998,0.8914951,1.0845802,1.1670285,1.0129677,0.9938281,0.7874596,0.94006586,0.98796433,0.94187164,1.2941618,0.8350823,1.0820264,0.93386954,1.0730032,1.0238508,1.0560051,0.8387859,1.1184344,1.1055521,1.0913723,0.8805457,1.0926682,0.8993438,1.1300488,1.0439936,1.0874753,1.1328464,1.183874,1.1410617,1.175927,0.47643507,1.2313725,1.0875778,1.040406,0.97802925,0.86155784,1.2717637,1.0177338,1.2257197,0.9331262,0.9750045,0.8483489,1.0074881,0.92850447,1.1067743,1.0669683,0.7814274,0.7818117,0.99660635,0.8942497,0.90225035,1.1454213,1.0203651,1.1002829,1.2036996,1.2227986,1.1749132,1.046308,1.2109555,0.93099606,0.9569791,0.7893688,1.0243886,0.8187847,1.2633634,1.2730354,1.116081,0.9032675,1.2985966,0.99840736,1.064625,1.1417966,1.1882246,1.0374001,1.1413673,1.0588192,1.1384757,0.9546163,1.1181927,0.8270128,1.000562,0.9324365,0.88183475,0.9481639,1.0101842,1.0028088,0.8323584,0.96234965,0.8396417,1.2972027,0.91652733,0.99287134,1.1760277,0.7579498,0.9985298,0.9865394,1.0666816,0.9926085,0.943126,0.9370173,0.71279776,1.1590247,1.2233787,1.2292707,0.83364475,1.1747605,1.0636543,0.81660855,1.0382099,1.0946002,1.1297675,1.1537573,1.2546599,0.8618219
arm,0.570644,1.3071986,1.3564664,0.75467336,0.0,1.13308,0.9608713,0.8628757,1.2720929,0.5836981,0.8037077,0.5782786,1.4400805,0.5639295,0.552109,1.1191118,0.5680078,1.3240676,1.1243694,1.5114714,1.1801852,1.0542669,0.9847367,1.3096725,1.3457124,1.3716533,1.4352465,1.4545372,0.80438817,0.72872627,0.9751536,1.5581617,0.8104241,0.62487376,0.7181687,0.71863484,0.6553688,0.75871354,1.4706416,0.77209496,1.4739299,0.8409929,1.1145396,0.9477506,1.0577008,0.47619897,1.2229806,0.90313244,1.1640953,0.72892255,0.9058756,0.7133554,0.96368617,1.1114403,1.4376482,1.4549885,1.1713018,1.3431187,1.3622538,0.60322356,1.3794688,0.8283299,1.2847184,0.78794426,0.4755057,1.435423,1.1951427,1.4699643,1.0424305,0.57143414,0.34025228,0.7861358,0.7926818,1.5055811,0.8570663,0.64191216,0.882004,1.121896,0.47480994,1.0003972,1.4469907,0.9503665,1.0387253,1.4017537,1.2123545,1.1185359,0.99892116,1.3892636,0.93294173,0.6617193,0.3591075,0.5235085,0.71191174,1.4988335,1.4321704,1.0814651,0.8596723,1.1831204,0.99751014,1.3232778,1.4739909,1.386132,1.1840711,1.3672396,1.142585,1.5508873,0.8239479,1.3222971,0.63226706,0.5711366,0.9018183,0.3832991,0.8229357,0.6998291,1.2466229,0.67580825,1.0658319,0.75480694,1.4403721,0.81030643,1.454391,1.0781735,1.0786406,0.90106297,0.9116997,1.071542,0.97485024,0.5053009,0.8771671,0.5759027,1.4746566,1.1451085,1.3080063,0.8010938,1.1692951,1.4018205,0.9783356,0.9201658,1.2691897,1.1565213,1.1234362,1.2873977,0.8585861
ball,1.1602912,0.9677655,0.508959,0.91811055,1.13308,0.0,0.098158,0.9112145,1.0862328,1.1322969,1.1465712,1.1239542,0.99291766,1.1495614,1.1880966,0.92875874,1.1107819,1.0119374,1.1091616,0.8433037,0.733163,1.0252736,1.1023393,1.0147729,0.8481456,1.0361081,1.0420299,1.0768236,1.0592782,1.1997607,1.0049006,0.8880975,1.1179245,1.1361454,1.1501918,1.0952128,1.1463132,1.0956198,0.9531103,1.1730508,0.863413,1.0687943,1.0090121,1.1527942,1.1765066,1.1947949,0.8622464,1.0412651,0.47873008,1.1720786,1.0581715,1.083965,1.0344517,1.0880749,0.90985644,0.9089925,1.0347648,1.1310445,0.9631566,0.95844734,1.04748,1.0829293,0.8441919,1.0508269,1.1389914,0.8356483,0.95307505,0.8845812,0.9034378,1.1282731,1.0365655,1.2747152,1.2346023,0.92821646,1.0056591,1.1426159,0.8083339,0.9383469,1.0215628,1.0244236,0.9565801,1.0204616,1.0360062,0.8108935,1.1695513,1.0957274,0.99781626,0.5316552,1.1269884,1.1634519,1.2576736,1.0831767,1.128571,1.0103534,1.0229796,0.9799037,1.1215938,1.0509095,1.0825797,0.9687394,0.9966272,0.8518404,0.76267445,0.4858265,1.0418766,0.87627727,1.2561886,1.0437795,1.0925481,1.1418924,1.0657732,1.1861237,1.0149753,1.1520464,0.8762096,1.20275,0.97052026,0.9206009,0.9637717,1.2291769,0.76404154,1.029867,0.90310603,0.8516094,1.153495,1.0454795,1.0893632,1.1242778,0.9694661,1.1302333,0.73208153,0.9168017,1.0112766,1.0651817,1.1526375,0.6825799,1.0956124,1.0828154,0.95264816,1.1268159,1.062606,1.0184592,1.1240319
balloon,1.0203983,1.0711845,0.79678786,0.86170894,0.9608713,0.098158,0.0,0.9856944,1.0726551,0.94152963,1.0476493,0.93947214,1.1451792,0.91635215,1.0296986,0.96549946,0.9359465,1.0342933,1.0754645,1.0724071,0.76719445,0.94503504,1.1746638,1.0769936,0.94636446,1.1777469,1.1203314,1.1338413,1.0741601,1.1011221,0.85160595,1.0913699,1.0076184,1.0326588,1.0018011,0.98365146,0.9546839,1.0799848,1.1648873,1.0000502,1.0713581,1.0000467,1.0146708,1.0590563,1.1033695,1.025303,0.9002751,1.0530927,0.6911981,1.1208872,1.0240897,1.0369143,1.1169387,1.039168,1.0475173,1.1293119,1.071201,1.1949092,1.067904,0.8414762,1.2269669,1.051714,1.0389186,1.0076243,1.0586271,1.0636009,0.99311364,1.0738839,0.88513803,1.0025867,0.81661373,1.1699052,1.0653028,1.0858494,0.9949502,1.0384351,0.8416246,0.95368165,0.8987077,1.0035787,1.091991,1.0406735,1.0998,1.0747142,1.1727505,1.1720679,1.0394102,0.8449681,0.9882638,1.0462363,1.0643716,0.90977335,0.9922012,1.1586304,1.1641005,1.0545763,1.111521,1.0695977,1.0618243,1.039581,1.1562281,0.97491485,0.8871669,0.7967671,1.0226995,1.0254604,1.085111,1.1003603,1.005928,1.010081,1.0169703,1.0244625,0.92521155,1.0224396,0.9323543,1.0680928,0.92022806,0.797508,1.1636145,1.1582948,0.95610064,1.0506957,0.9821349,0.8826645,1.111155,1.0734634,0.9599627,0.9858596,0.84894496,0.91556764,0.95435745,1.0871664,1.1893346,1.0267631,1.1362135,0.85242546,0.9884711,0.99982196,1.0293454,1.066077,1.0031718,1.1836352,1.0120056
banana,0.9192785,1.165979,0.7245001,1.0294265,0.8628757,0.9112145,0.9856944,0.0,1.0555992,1.1333086,1.0101423,1.1410099,1.1882879,1.1682174,0.9599515,0.9847488,1.0550071,1.1243103,1.178212,1.0975438,0.9436939,1.223901,0.74828887,1.1464989,1.0197105,0.95806086,1.252818,1.2487026,0.71562576,1.0148879,1.186584,1.1206638,1.1540745,1.0654957,1.1454841,0.95021236,1.1496176,0.49213016,1.0866644,1.1619971,1.1021502,0.9201902,0.97069347,1.205396,1.2554388,1.021113,0.98646384,0.78631437,0.76717025,1.081295,0.9992245,1.0148529,0.8759687,1.1593192,1.0929177,1.0332838,1.0653672,1.1579216,0.8547013,0.90181184,1.0728772,0.7313098,0.7889684,1.0313144,0.7477567,1.0529556,1.1584967,1.0454873,1.0088665,1.0682675,0.9366243,0.9601706,1.1017195,1.2113842,1.0031533,0.97998434,0.6617361,1.0744855,0.5420921,0.8522942,1.0823419,0.9105773,0.8532764,1.07259,1.1037762,1.0229878,0.94866097,0.90299827,1.2600151,0.93780845,1.0176104,0.9741507,1.0497812,1.2248755,1.1719679,0.59966505,1.0485468,1.1866376,0.9312043,1.0850605,1.1021765,0.992807,0.751822,0.9418044,1.0517367,1.2046565,1.2604703,1.1371319,0.6458126,1.0246389,0.85525787,1.0428007,0.8714487,0.98028696,0.8456366,1.1593702,1.0383407,0.9830093,1.0811355,0.9402745,1.0243684,1.0457971,0.8820055,0.52179843,0.9717216,0.92730534,1.0495346,1.0281676,0.89823914,1.1279523,1.0032198,0.95973384,1.0320019,0.7248296,1.1546715,0.79096043,0.978376,1.1065782,1.015972,1.1498219,1.134969,0.9970147,1.2808356
basket,1.0493962,0.7725491,1.1560583,0.9258644,1.2720929,1.0862328,1.0726551,1.0555992,0.0,0.6855217,1.1146915,0.8879932,1.1550831,0.84347653,0.9853434,1.1205862,0.9207338,0.7263646,0.8138229,0.9010773,0.5735824,0.51216865,1.2406932,0.94253117,0.44524008,1.0223484,0.85393214,0.6459896,1.0773027,1.2393749,0.64698946,0.98687804,0.8756463,1.2625787,0.80110186,0.91034657,0.92355365,1.0137807,1.144084,0.6182327,0.9170774,1.0600044,0.9501138,0.87700105,0.76286024,1.1741699,0.87941957,1.3784096,1.2641315,1.169557,1.3355021,1.2717695,1.3411863,0.9479394,1.0827127,0.9424958,0.85440165,0.96155214,1.0225604,0.93508285,1.2701968,1.0114468,0.98593515,1.262686,1.2365758,1.1759363,0.9342474,1.0375732,0.79708415,1.2508397,1.220109,1.024068,0.71007824,0.9138583,1.2214826,1.0563643,0.9866816,0.80072886,1.0918267,0.8738683,0.98144686,1.3276542,1.265451,1.2263479,0.7218416,1.3304038,1.3212516,1.12422,0.7656093,1.2083716,1.1149219,1.2810209,0.96494496,0.89399254,0.94653773,1.0246444,1.1394118,0.9447936,0.9329721,0.8071431,0.8613348,0.94667083,1.0747167,1.1407907,0.71455836,0.71814686,0.788344,0.9369573,1.0247093,1.294841,0.8826769,1.275114,0.9355099,1.1324719,0.69736874,1.0063387,0.6203891,0.9705924,1.1296687,0.9260062,0.77257496,0.84635353,0.9032151,1.0567635,1.2120802,0.94207156,0.59820664,1.2802854,0.969915,0.77988935,0.96808445,1.3647213,1.2632043,1.0027462,0.64274395,0.7002809,0.56773394,1.0250692,0.7655134,0.90322256,0.8563319,1.2743604,0.9523227
bathtub,0.5995994,1.2196501,1.4435508,0.7528088,0.5836981,1.1322969,0.94152963,1.1333086,0.6855217,0.0,0.730888,0.25410652,1.4573103,0.27047646,0.59230006,1.1338007,0.40550685,1.0915501,0.9443888,1.4751687,0.7303194,0.71439177,1.333215,1.2219179,0.9415862,1.4158671,1.2959611,1.2811517,1.1987956,0.76977646,0.64266646,1.4702165,0.44932544,0.72640616,0.3869689,0.7461495,0.38425446,1.0347648,1.5521088,0.40311152,1.374807,0.8393858,1.091933,0.7122493,0.81193405,0.6900752,1.0667288,1.2594993,1.38169,0.80341756,1.1163327,0.9371697,1.4475504,1.0049328,1.447777,1.3805969,1.2022748,1.3319584,1.3723892,0.47043133,1.6116924,1.1952231,1.4595966,0.9943463,1.0436773,1.5837772,1.1495719,1.4638689,0.84123385,0.6887062,0.5450834,0.86605525,0.57989186,1.3739638,1.2128544,0.90220153,0.9121408,0.9073971,0.86960137,0.9761633,1.5079817,1.1993482,1.2192786,1.5428083,1.1038511,1.4806268,1.3432112,1.5081545,0.6447805,0.7427908,0.51774853,0.72217304,0.6818669,1.4037604,1.3651569,1.2734103,0.9112033,1.1767049,1.0029275,1.1677016,1.3269105,1.3222327,1.2250037,1.525456,0.93115413,1.3279932,0.57071,1.207328,0.76177216,0.7937972,0.7508478,0.6613153,0.9367987,0.96589434,1.1560261,0.46538717,0.49056327,0.56450576,1.595267,0.7155953,1.3058144,1.2018789,0.8890663,1.1143835,1.0534338,1.1675869,0.71476525,0.6847217,0.7092159,0.21727705,1.3880923,1.5804,1.5318041,0.9982294,0.99256533,1.1789984,0.62254614,0.89368296,1.0770758,1.0534115,0.92701083,1.5732028,0.67393243
bear,0.53886473,1.2320385,1.2674994,0.9260402,0.8037077,1.1465712,1.0476493,1.0101423,1.1146915,0.730888,0.0,0.6908575,1.191767,0.7414926,0.7858031,0.852897,0.5937569,1.1533741,1.071205,1.351935,1.1515527,1.0791115,1.0240028,1.2340951,1.3177364,1.1757367,1.3261681,1.2273672,1.120415,0.4237064,1.0463046,1.2872996,0.91854256,0.6424091,0.8800621,0.7633483,0.7984814,1.0019561,1.3466804,0.87221116,1.3122696,0.6766099,0.9766986,1.0456651,1.2083551,0.64241993,0.93609405,1.0360508,1.1803368,0.4744619,1.0116488,0.94093764,1.2311404,0.99538475,1.2357655,1.210121,1.1485192,1.1940699,1.1125499,0.78737855,1.2422323,1.0784128,1.3272268,0.95695144,1.030801,1.2641848,1.0746695,1.1566122,1.0506943,0.6652671,0.6744762,0.9523387,0.94667274,1.2709188,1.1952369,0.94636935,0.8984313,1.0309951,0.9086083,1.0555698,1.2256205,1.1304637,0.8530985,1.2806919,1.2038869,1.2386749,1.2024164,1.3387628,1.0135813,0.578974,0.59711605,0.78065044,0.80592185,1.2882161,1.2925221,1.2125746,0.542084,1.1826339,1.0161802,1.1350899,1.3119841,1.0255759,1.1437753,1.3104992,1.0060415,1.2804434,0.9615151,0.95960677,0.87538916,0.7430991,0.9783907,0.6673566,1.0366579,0.87061584,1.2178392,0.7520665,0.99244475,0.8479588,1.318988,0.6803766,1.3134224,1.2024999,1.1924183,1.1277238,0.9451455,1.0395595,0.98304904,0.66734755,0.8656856,0.75157094,1.2747571,1.3172566,1.3040662,1.1177701,1.1316605,1.1727809,1.0028886,0.8940502,1.0233792,1.0468599,1.1490402,1.2200371,0.9057854
bed,0.5023608,1.2942972,1.3955014,0.82925206,0.5782786,1.1239542,0.93947214,1.1410099,0.8879932,0.25410652,0.6908575,0.0,1.4654832,0.25154066,0.4827218,1.0677857,0.3463844,1.1517493,0.93885374,1.5132095,1.0634207,0.81418884,1.2779222,1.2410634,1.2435992,1.3989785,1.3914745,1.2227573,1.28214,0.68332744,0.6919026,1.5338368,0.40532112,0.54432184,0.5286144,0.89163685,0.26353896,1.1338516,1.5764968,0.17925608,1.4690671,0.6910847,1.0013909,0.6711724,0.98769766,0.6830237,1.0573962,1.2009547,1.3837373,0.8175597,1.0651469,0.78830063,1.4272377,0.9926703,1.5330653,1.3397431,1.2462316,1.4603933,1.354153,0.4624349,1.5833747,1.2316788,1.512172,0.8287712,1.0708914,1.5166304,1.1397762,1.4065127,0.8998568,0.5217955,0.5104254,1.1121236,0.46901703,1.4015311,1.2860022,0.9811289,0.9340611,1.0028211,0.8917813,1.0847615,1.4765134,1.1569414,1.1634396,1.4976132,1.2710296,1.4634795,1.3179283,1.5097842,0.76653695,0.60923505,0.3881855,0.66433847,0.6665634,1.4993868,1.463357,1.2740984,0.9147489,1.1932566,0.9499689,1.1022705,1.5152982,1.284904,1.2176261,1.4923122,1.0337423,1.4000841,0.60141313,1.0737149,0.6548866,0.6983384,0.94000334,0.5658459,0.9527229,0.9792303,1.3370163,0.34149998,0.8722684,0.4742645,1.5920216,0.7915293,1.4296038,1.2550206,0.971744,1.2663182,1.07813,1.1490266,0.6745152,0.51614994,0.5768878,0.28547466,1.4925612,1.5322429,1.5514154,1.1275377,1.1375359,1.1387917,0.80413187,0.8941068,1.0020432,1.0552214,0.91875696,1.5265852,0.5215899
belt,1.4389756,0.7576003,0.62467885,1.2638361,1.4400805,0.99291766,1.1451792,1.1882879,1.1550831,1.4573103,1.191767,1.4654832,0.0,1.4183869,1.4765258,0.9492587,1.3941646,0.8642467,0.90859467,0.39285886,0.9962233,1.1816295,0.9361147,0.7392158,0.85554904,0.778546,0.47290313,0.7502178,1.110874,1.1900755,1.1180868,0.42207038,1.2493017,1.3093529,1.3535492,1.1281128,1.3706377,1.1724476,0.19704604,1.4553565,0.3005998,1.3651063,1.1320919,1.1380129,0.9419951,1.2809906,1.1035061,1.050164,0.8251289,1.0449623,0.94510025,1.240408,0.76249826,0.9798072,0.53984684,0.44929063,0.8909491,0.5182221,0.7675186,1.49838,0.31673288,1.0125772,0.709428,1.2237767,1.2468759,0.40426695,1.0007524,0.59382606,1.1623409,1.3311932,1.3547084,0.94685054,1.3543346,0.50018215,0.8019166,1.1923634,1.1869037,1.0320523,1.3902789,1.1409259,0.5227598,0.9340477,0.9802439,0.33930528,0.71428645,0.550794,0.9283384,0.5960415,1.0913571,1.2937988,1.4601557,1.2503029,1.3202199,0.41277665,0.38794297,0.9166097,1.0723397,0.6580889,1.1272987,0.89523774,0.389655,0.89868826,1.0396452,0.66043603,0.9276869,0.6587657,1.1764171,0.9538727,1.4130806,1.3049604,1.097241,1.3441541,1.2353337,1.0970008,0.9296385,1.2334871,1.0908244,1.3034058,0.30987918,1.1079257,0.6336162,0.89320576,0.81646615,1.135702,0.99066985,1.0977097,1.3520846,1.385668,1.2665346,1.4888697,0.5217776,0.5769719,0.3140074,1.2272799,0.8417507,0.95011413,1.2426776,1.0579133,1.0180508,0.90291846,1.00358,0.4130711,1.1442493
bench,0.6065892,1.240027,1.4668113,0.91418606,0.5639295,1.1495614,0.91635215,1.1682174,0.84347653,0.27047646,0.7414926,0.25154066,1.4183869,0.0,0.5611262,1.1613559,0.33662075,1.1700015,0.93084127,1.5347912,1.0500963,0.55225384,1.1572196,1.167942,1.1638153,1.4525517,1.1874154,1.2025805,1.1148436,0.71867824,0.5176623,1.5367846,0.46598917,0.64163595,0.4470737,0.741923,0.20752525,1.0158017,1.5348873,0.38272256,1.4695785,0.8230806,1.1652217,0.62376356,0.63895327,0.6549816,1.1737345,1.1475263,1.370888,0.8286265,1.0232778,0.9262481,1.3115523,1.0470997,1.5193313,1.4562125,1.1393251,1.313031,1.4341518,0.6369953,1.5355407,1.0703198,1.4747171,0.96189266,0.9609415,1.5300525,1.2552172,1.4823598,0.9811885,0.59714884,0.44052613,0.82535803,0.49831676,1.4411378,1.0963377,0.87391096,0.99427307,1.0957575,0.7616622,1.1312213,1.4735177,1.1223018,1.192002,1.5219281,1.0738035,1.3568469,1.2477304,1.5063152,0.4684884,0.634881,0.45792228,0.54152113,0.7236549,1.4598196,1.4026856,1.1546372,0.93811774,1.0474246,0.9755815,1.1538007,1.4322567,1.347741,1.1963127,1.5005692,0.9589715,1.319453,0.501759,1.230509,0.7531761,0.7071477,0.95435685,0.5751864,0.84737206,0.8088754,1.1927277,0.5410169,0.85089314,0.64660364,1.4840338,0.7721054,1.4184338,1.0944016,1.0786344,1.2034657,0.9998172,1.1341759,0.74665105,0.5740722,0.7837136,0.27428102,1.4282812,1.4559945,1.4771225,1.0803068,0.9705313,1.3083916,0.7205241,0.86834097,1.1009743,1.019339,0.8592941,1.4393772,0.6671216
bib,0.5260518,1.2383002,1.338903,0.9111116,0.552109,1.1880966,1.0296986,0.9599515,0.9853434,0.59230006,0.7858031,0.4827218,1.4765258,0.5611262,0.0,1.0927631,0.36827552,1.2104043,1.0159702,1.5126269,1.1321893,0.94977397,1.0353615,1.4127715,1.1930562,1.3487792,1.4741642,1.3260777,1.0217165,0.7665297,0.787331,1.5548731,0.842089,0.5553966,0.68809915,0.93063736,0.5793592,0.87126285,1.5687358,0.704761,1.5313258,0.6955071,0.8448342,1.013033,1.0942532,0.47722125,1.112035,0.92208326,1.2292538,0.8698483,0.9677745,0.74930745,1.1493767,0.98938185,1.4209912,1.4717522,1.1759994,1.4586513,1.2426703,0.7605051,1.4258595,0.7827584,1.3118843,0.7625965,0.7686442,1.3839638,1.1672237,1.4523914,1.139891,0.4902088,0.4048034,1.0568261,0.87077165,1.5640315,1.162576,0.8024441,0.85766196,1.0715274,0.4792235,1.0719515,1.4137628,1.0113631,1.0128645,1.4632698,1.0305628,1.1630998,1.035764,1.4089001,0.9913028,0.541938,0.21287978,0.5284549,0.6650071,1.555563,1.5649929,1.0719886,1.0329132,1.0915033,0.9606157,1.2766886,1.4344656,1.289317,1.104282,1.3672526,0.9894837,1.4289898,0.9550624,1.158082,0.60261136,0.4909426,1.0974337,0.4353993,0.8028642,0.70044667,1.2044007,0.8620435,1.0309955,0.6543401,1.4499725,0.95334214,1.4239907,1.0815862,1.1177,1.1182598,1.0327435,0.95736855,0.6184334,0.47411573,0.661976,0.59484756,1.3853214,1.3026149,1.4559253,1.0046687,0.8830415,1.136613,0.92110455,0.96198606,1.1401033,1.0290306,1.1900761,1.3111598,0.9348357
bird,0.7840561,0.9080394,0.8552811,1.1367315,1.1191118,0.92875874,0.96549946,0.9847488,1.1205862,1.1338007,0.852897,1.0677857,0.9492587,1.1613559,1.0927631,0.0,1.025667,0.8885178,0.9775235,0.92865,1.135432,1.233117,0.9791842,1.1089232,1.130042,0.60152674,1.1812892,1.0342662,1.1370928,0.8931915,1.2240614,0.95074004,1.1810559,0.9061774,1.20688,0.912442,1.1913793,1.0589168,0.8757698,1.1581411,0.9952031,0.8902592,0.9485381,1.3184867,1.2730477,1.030537,0.48112345,1.0411142,1.0571623,0.8458563,0.9774209,1.0685921,1.1288626,1.0040534,0.9304985,0.8816993,0.81243664,1.0559783,0.6258548,1.143806,0.94951457,0.9452201,0.9446267,1.0849547,1.2067317,0.7835203,0.8529556,0.7101499,1.0009699,0.9390151,1.0481646,1.0590339,1.2497996,0.98622376,1.1952863,1.1950293,0.95239013,1.1042333,1.058993,1.1047025,0.94223607,1.0774674,0.94166726,0.8992605,1.1426059,1.1344489,1.1696107,0.9288125,1.2822726,0.9382755,1.0807984,1.0219866,1.0665444,0.8547239,0.89670324,1.0328451,0.88239014,1.1364481,1.0572509,0.9507121,0.9515922,0.74123794,0.9667922,0.9425512,0.8913752,0.9690783,1.302885,0.8557607,1.0764097,1.0056392,0.96603,1.0441122,0.9665305,1.1183751,0.96518606,1.1259493,1.140815,1.0139104,0.8304267,0.9353199,0.9942276,0.8771833,1.1008747,1.0652465,1.0062438,1.0480886,1.1726023,0.97222733,1.108877,1.1580248,0.86664724,1.0898217,0.97263694,1.0883138,1.1169068,0.89994836,1.1034805,1.0037725,0.9079251,0.999434,1.1778843,0.95698625,1.2447743
blanket,0.43999994,1.2139415,1.3379798,0.91628593,0.5680078,1.1107819,0.9359465,1.0550071,0.9207338,0.40550685,0.5937569,0.3463844,1.3941646,0.33662075,0.36827552,1.025667,0.0,1.2204849,1.0262538,1.4917806,1.0656819,0.9284826,1.0931644,1.2651433,1.216608,1.3648839,1.3716555,1.3422647,1.1334512,0.62932503,0.6730838,1.5114698,0.71820104,0.6268505,0.66876954,0.72802645,0.3983605,0.9533305,1.5189773,0.64697266,1.4521399,0.7044144,1.093709,0.9042211,1.0237681,0.54583603,1.0998658,1.1507307,1.2715429,0.6045408,1.0588918,0.95175606,1.32532,1.0424863,1.3800182,1.3882797,1.1580764,1.3269947,1.3499286,0.7232841,1.5091013,0.86900866,1.3825974,0.9951969,0.97659457,1.5090264,1.1824601,1.4210329,1.0105505,0.57893324,0.3432703,0.93392855,0.82305753,1.4194298,1.1092438,0.85481715,0.80140424,1.0132376,0.5535167,1.0954242,1.4473315,1.1683807,1.0616312,1.4813037,0.86220914,1.318948,1.2394643,1.465326,0.8619456,0.50588655,0.35584497,0.5687965,0.6746404,1.466065,1.4467833,1.147648,0.8637226,0.9001812,0.9591022,1.2186164,1.4129822,1.2926124,1.1534919,1.4569646,0.9255345,1.369725,0.82256925,1.1893144,0.6496465,0.6544846,0.9815301,0.5527554,0.8569983,0.80958164,1.2700448,0.6510447,0.84089315,0.56054753,1.4988098,0.82874006,1.3739556,1.0848386,1.0688112,1.1622125,1.1175094,1.1174967,0.79452854,0.5870535,0.77989864,0.49549657,1.4207163,1.4402856,1.4212226,1.0796627,0.7015746,1.2419323,0.8969266,0.9177852,1.1115323,1.1270618,1.1009067,1.4400293,0.81772053
boat,1.0994892,0.76517737,0.98631424,1.1139562,1.3240676,1.0119374,1.0342933,1.1243103,0.7263646,1.0915501,1.1533741,1.1517493,0.8642467,1.1700015,1.2104043,0.8885178,1.2204849,0.0,0.7330402,0.79045373,0.95328397,0.81755173,1.1472206,0.8754044,0.81799555,0.818418,0.9534342,0.638129,1.188592,1.2412156,1.0189661,0.90271044,1.0986452,1.161407,1.094231,1.1677742,1.1366901,1.1562252,0.8481116,1.0415152,0.88982517,1.07609,0.7959193,1.0813308,1.0114477,1.2257055,0.76398885,1.1913737,1.1766288,1.212966,1.1737657,1.1097491,1.1419866,0.8192296,0.9438368,0.7846435,0.8157984,0.9638734,0.7029389,1.1588302,1.0050375,1.1480763,0.9712653,1.0926024,1.2052824,0.9017625,0.6083301,0.72764355,0.94329417,1.162365,1.2866036,1.1119969,1.065432,0.89470327,1.1688429,1.1662716,1.0926071,0.8477961,1.2819062,1.0421634,0.7508018,1.135214,1.175908,0.994948,1.0308932,1.1157144,1.1424369,1.001921,1.0131097,1.2215089,1.2573013,1.2050254,1.0256389,0.6556113,0.70599186,1.090772,1.1100082,1.0215974,0.91040105,0.8362338,0.828506,0.8236321,1.1399181,1.0008098,0.8633028,0.73914814,1.0622057,0.7963551,1.1681116,1.1498089,0.8603914,1.2345434,1.0433089,1.0680319,0.9589843,1.1976141,0.9032345,1.0550423,0.9366802,1.0657859,0.88216174,0.8884046,0.97347885,1.0739597,1.2189864,0.97506654,0.93117726,1.1908466,0.9385485,1.0575272,1.0068638,1.1351539,1.0375429,1.0505345,1.0043164,0.71987545,0.81288755,0.96275645,0.7323305,0.718073,0.9539836,1.0403818,1.0259547
book,0.821412,0.8816276,1.0567598,1.0052472,1.1243694,1.1091616,1.0754645,1.178212,0.8138229,0.9443888,1.071205,0.93885374,0.90859467,0.93084127,1.0159702,0.9775235,1.0262538,0.7330402,0.0,0.85619676,0.98109937,0.5759807,1.0494416,1.0268338,0.91742456,0.9623427,1.0638757,0.79576755,1.1037831,1.1887871,1.0332011,1.058919,1.0840478,1.1647756,0.98418045,0.9837863,1.0486399,0.9960419,0.8383752,0.9095399,0.8806274,1.0602944,0.7340199,1.1330453,0.8361002,1.1349134,0.96565926,1.2244514,1.2227774,1.1817224,1.0421761,1.0817808,1.1598914,0.9104145,1.0025696,0.824559,0.97727793,1.013269,0.72324264,1.0572997,1.0825751,1.145668,0.8446208,1.105069,1.1222955,1.0061638,0.88224065,0.9235313,0.9986324,1.126473,1.1336662,0.93433195,1.0568018,1.052608,1.1583327,1.1370319,0.9913794,0.92302424,1.1428194,1.0882277,0.9396197,1.1044002,1.1704981,1.0002978,1.0748878,1.2128289,1.2181766,1.0839232,0.94427484,1.1645674,1.0793597,1.1945337,0.44381428,0.7576204,0.714089,1.0501091,1.0773547,1.1184794,0.60475475,1.0217539,0.78266364,0.9589147,1.1961809,1.1320189,0.9842816,0.9223405,1.0944147,0.8297882,0.96782994,1.1682785,0.8804497,1.1696674,0.9924758,1.2063098,1.0839905,1.1889534,1.0199276,0.88313895,1.0053825,0.92467856,1.0492197,0.99252015,0.85774845,1.2231064,1.0988013,1.0638429,0.84921825,1.1394253,0.92830056,0.63503057,0.97215724,1.2075493,0.9698407,0.9959406,1.076616,0.6737419,0.47295928,1.0542787,0.993353,0.7708777,1.1427783,1.1221586,1.0218508
bottle,1.4833255,0.69617444,0.60462725,1.0678946,1.5114714,0.8433037,1.0724071,1.0975438,0.9010773,1.4751687,1.351935,1.5132095,0.39285886,1.5347912,1.5126269,0.92865,1.4917806,0.79045373,0.85619676,0.0,0.8154127,1.039997,1.0622232,0.7388008,0.5137773,0.7139087,0.4403563,0.6220999,1.1409531,1.4081476,1.1630437,0.38760614,1.285564,1.3569962,1.3345046,1.2606977,1.4373227,1.2194057,0.26317304,1.38873,0.092056274,1.3494745,1.0410435,1.1569277,1.0910232,1.4247696,0.9213624,1.1681614,0.7921349,1.2250223,1.1744976,1.2682507,0.93540955,1.0863128,0.5062577,0.22505182,0.88310164,0.68171215,0.7847954,1.3176429,0.47993028,1.0721664,0.45997965,1.232553,1.3325117,0.35791588,0.9181715,0.36132282,0.9496336,1.3865048,1.5680926,1.1691403,1.3396155,0.41491038,0.8774519,1.3003753,1.1717165,0.8759688,1.4162939,1.0310575,0.41894865,1.1110281,1.1309545,0.28872424,0.7443048,0.8403187,1.0165174,0.5097501,1.1835829,1.4246277,1.5438814,1.447631,1.3288107,0.40350515,0.43120307,1.034078,1.1565101,0.775354,1.0346224,0.68298614,0.44671923,0.6742698,0.98127973,0.5302359,0.94093424,0.45315534,1.260633,0.89787537,1.364029,1.3807504,1.1226811,1.458363,1.2391018,1.2662574,0.81740844,1.3482004,1.1087086,1.2901438,0.41094536,1.2504878,0.39337564,0.9156393,0.71071386,1.0810102,1.0847058,1.0422711,1.1908962,1.4397234,1.2896985,1.4665822,0.5139077,0.65654624,0.434408,1.031213,0.82236147,0.6291075,1.1732938,1.1380255,0.8350046,1.0666021,0.925425,0.5578595,1.19256
bowl,1.1293995,0.99763036,0.9108432,0.73341453,1.1801852,0.733163,0.76719445,0.9436939,0.5735824,0.7303194,1.1515527,1.0634207,0.9962233,1.0500963,1.1321893,1.135432,1.0656819,0.95328397,0.98109937,0.8154127,0.0,0.8608568,1.295521,1.0294411,0.35842,1.1070511,0.8887643,1.0013398,1.0172393,1.1869276,0.9225235,0.8261081,0.95625436,1.2843671,0.71728957,1.0197921,1.0583695,1.0529984,1.039336,1.0184102,0.64903057,1.0654004,1.0558375,1.0043913,0.9617069,1.2772276,0.9611137,1.2082726,0.86610925,1.2349337,1.155086,1.1605389,1.2484639,1.0746777,0.9189146,0.87835705,1.0510669,1.0031183,1.0094216,0.74332035,1.1556827,1.0936732,0.93172383,1.1755706,1.1484785,1.0819335,0.9674427,1.0403847,0.7697343,1.2855719,1.1762857,1.0760288,1.089423,0.8640946,1.0853307,1.156865,0.9295009,0.86459124,1.1229279,0.8435222,1.0109191,1.1791031,1.0912212,1.0107266,0.97420114,1.2804868,1.1502961,0.9449579,0.86424017,1.171312,1.2521049,1.25961,1.0167973,0.9728609,0.97053826,1.0430837,1.1871393,0.9661518,1.0325719,0.92486906,0.644796,0.97381234,0.8419745,0.9783858,0.9212733,0.7327754,1.0020173,1.151648,0.9883063,1.3004937,0.85415256,1.3092394,1.0059334,1.2623124,0.62081444,1.0967892,0.41681647,0.9716915,1.0986906,1.0309689,0.6245333,1.0856187,0.6220014,0.7038156,1.0170056,1.0417317,0.9754984,1.2637628,0.9943218,0.8476082,0.67238903,1.1984704,1.1052758,0.9903618,0.9770115,0.8055148,0.65529966,1.0336756,0.9235128,1.0986779,1.0493534,1.1572267,1.0259616
box,0.9559256,0.85216594,1.2462549,0.9497079,1.0542669,1.0252736,0.94503504,1.223901,0.51216865,0.71439177,1.0791115,0.81418884,1.1816295,0.55225384,0.94977397,1.233117,0.9284826,0.81755173,0.5759807,1.039997,0.8608568,0.0,1.1840491,0.96452457,0.6966115,1.1398981,0.8807602,0.81254476,1.1042196,1.1541427,0.6546113,1.1597947,0.73575175,1.0888478,0.75167954,0.9904433,0.7800112,1.1119015,1.215631,0.61845523,1.0682348,1.0341643,0.91523963,0.73278654,0.6056148,1.0650169,1.0200127,1.2616465,1.2531106,1.2077812,1.1933904,1.0443971,1.2896414,0.9255794,1.2517884,1.0980457,0.85770917,1.1534138,1.098588,0.94069034,1.3263849,1.1125573,1.1197292,1.0562204,1.1236345,1.209525,0.948498,1.1398003,0.948931,1.049003,1.0539979,1.0226594,0.72691345,1.0954168,1.0796515,1.0481911,1.0696335,0.7689612,1.0641842,1.0330642,1.0923349,1.175441,1.2700949,1.2610455,0.98492146,1.2935853,1.2254697,1.2161561,0.57563597,1.1209804,0.9818881,1.0407912,0.79358083,1.048157,1.0328548,1.1358545,1.11081,1.1018239,0.86501783,0.9159506,1.1478374,1.0687487,1.142557,1.1991214,0.8600893,0.8732704,0.670542,0.95496887,0.9959986,1.0934622,0.9331369,1.0755749,0.8597089,1.032484,0.899336,0.9790319,0.8512641,0.8818082,1.2007227,1.0191839,0.98175746,0.8765306,0.91759235,1.1934347,1.2166253,1.010827,0.66126,1.0468459,0.93968576,0.6114358,1.1742177,1.3124313,1.276709,1.0232247,0.9330287,0.8085654,0.6271966,0.9583994,0.93209666,0.84488577,0.8536154,1.3307798,0.8724544
bread,0.9708098,1.1515837,0.87499535,1.1207495,0.9847367,1.1023393,1.1746638,0.74828887,1.2406932,1.333215,1.0240028,1.2779222,0.9361147,1.1572196,1.0353615,0.9791842,1.0931644,1.1472206,1.0494416,1.0622232,1.295521,1.1840491,0.0,1.050678,1.2019227,0.8956237,1.0715758,1.1909113,0.60295594,0.9663676,1.2820292,1.0593936,1.3033004,1.0931604,1.2406318,1.0051649,1.1804409,0.58558434,0.82518816,1.316436,1.1273515,0.91624653,0.9871447,1.2816379,1.0106144,1.0764143,1.1560893,0.5201644,0.78331065,1.0706968,0.60569406,0.960675,0.489609,1.0939832,0.91746813,1.1691701,1.062848,0.9977024,0.8750869,1.2916095,0.6112583,0.74730617,0.76565826,0.96590364,0.7467375,0.7817056,1.0654467,1.0170377,1.3094139,1.1018772,0.9845808,0.87561667,1.2211919,1.2335037,0.7859123,0.84052265,0.9552027,1.1987233,0.77389574,1.1379938,1.0199265,0.58604264,0.5069548,0.74540395,1.0017742,0.51513994,0.55879307,0.6671215,1.2489772,0.90370363,1.0863817,0.9979671,0.99287045,1.0573461,1.0279195,0.6687585,0.9501533,0.9938035,0.96563387,1.2673693,0.9460282,1.030824,0.9216368,0.6663436,1.1439146,1.1905303,1.3388081,1.0265834,0.8836895,0.9841633,1.1972082,1.0735202,0.9056529,0.89542204,1.0154456,1.2990822,1.3681899,1.2166951,0.6983228,1.1166412,1.1605468,0.98649293,1.1755722,0.9601574,0.7478285,0.7641602,1.2540452,1.0514513,1.2231644,1.2835197,0.8348526,0.5514829,0.69830894,0.9419703,1.0631974,1.07026,1.1073684,1.2430946,1.3392563,1.0208962,1.1885943,0.519321,1.3911839
broom,1.3481578,0.8339655,0.9506003,1.1966699,1.3096725,1.0147729,1.0769936,1.1464989,0.94253117,1.2219179,1.2340951,1.2410634,0.7392158,1.167942,1.4127715,1.1089232,1.2651433,0.8754044,1.0268338,0.7388008,1.0294411,0.96452457,1.050678,0.0,0.9149301,0.8090912,0.43440163,0.7457882,0.97532445,1.2351758,0.88389736,0.5901292,0.99354565,1.2311709,1.1304786,1.0474739,1.1803128,1.208298,0.60857487,1.0060608,0.72098726,1.2535628,1.0672699,0.69373965,0.72360814,1.2456704,1.0020704,1.1918049,0.89324594,1.1382564,1.1759572,1.2649975,0.99625385,0.9757982,0.775124,0.8143692,0.87816334,0.535782,0.96836746,1.2999549,0.8587363,1.2002324,1.0102639,1.2301661,1.2337649,0.86375844,0.9990531,0.86728996,0.7300714,1.2554157,1.3688388,0.84075105,0.78127056,0.52003473,0.68646556,1.053267,1.1704347,0.9644057,1.3486483,0.9004755,0.86131144,1.1355636,1.0690907,0.86794734,0.6294544,0.858912,1.0720861,0.83424133,0.85218513,1.329524,1.3740461,1.1819656,1.2512691,0.52948254,0.4747697,1.0004301,1.1446322,0.8118057,1.083461,0.7471785,0.7774415,0.9521351,1.0033194,0.88895965,1.0273973,0.76104605,0.76504004,0.8455411,1.2955518,1.2604706,0.76035106,1.3077102,1.1565351,1.0155506,0.88207936,0.9263941,0.96518224,1.2799141,0.78242385,1.0786438,0.7346703,0.89653933,1.0347315,0.74334913,1.1624262,1.0988401,1.0815613,1.3109215,1.2336711,1.2601771,0.9137083,0.8674761,0.7634331,0.9943147,0.7007349,1.0391694,1.0899845,0.89520955,0.99175537,0.9651777,0.32972074,0.97992635,0.9458919
bucket,1.3068842,0.7207004,0.85050464,0.94285184,1.3457124,0.8481456,0.94636446,1.0197105,0.44524008,0.9415862,1.3177364,1.2435992,0.85554904,1.1638153,1.1930562,1.130042,1.216608,0.81799555,0.91742456,0.5137773,0.35842,0.6966115,1.2019227,0.9149301,0.0,0.969617,0.55233395,0.6864337,1.051254,1.4116821,0.803511,0.6954883,1.0852381,1.3607098,0.8813463,1.1287545,1.1589992,1.0924364,0.8052697,1.0900958,0.4966023,1.2431014,1.0492109,1.0416408,0.90582204,1.3169287,0.99769604,1.2346778,0.9208156,1.3175614,1.2569269,1.2902904,1.1679552,1.0399004,0.81637514,0.7727438,0.8199979,0.8731477,0.92527926,1.0736651,1.0238842,0.9445119,0.7435081,1.2788743,1.2739922,0.856615,0.91498905,0.736256,0.86640143,1.3477615,1.2885804,1.0895119,1.0988817,0.76256233,0.95625746,1.1977541,1.0698899,0.7798817,1.1319405,0.9265148,0.74588335,1.1901923,1.1832349,0.852988,0.7236701,1.1623988,1.1915036,0.7927591,0.9174471,1.3109818,1.3375065,1.2717562,1.1742204,0.7487514,0.80027103,0.99402577,1.2276775,0.8012554,1.0868554,0.8282669,0.6212483,0.7781186,0.92852235,0.84211624,0.8211018,0.5634614,1.013865,1.0941764,1.1963792,1.3601083,1.0079904,1.3827782,1.0543107,1.1183378,0.57652736,1.246932,0.69735503,1.1146135,0.8606082,1.178441,0.50142086,0.803772,0.7182896,0.9523714,1.0703726,0.95887315,0.84876525,1.3704503,1.0893552,1.0738742,0.6146369,1.0697653,0.9390082,0.9958335,0.72673774,0.6498129,0.8193711,1.1506104,0.85367197,0.9754874,0.8810762,1.0011127,1.1390514
butterfly,1.1069002,0.72097874,0.7774602,1.1862098,1.3716533,1.0361081,1.1777469,0.95806086,1.0223484,1.4158671,1.1757367,1.3989785,0.778546,1.4525517,1.3487792,0.60152674,1.3648839,0.818418,0.9623427,0.7139087,1.1070511,1.1398981,0.8956237,0.8090912,0.969617,0.0,0.8892355,0.816881,1.0346954,1.1465532,1.2426294,0.57454914,1.2807076,1.2110571,1.3437358,1.1820853,1.3791599,0.9237684,0.68012035,1.2736088,0.77802116,1.0629348,0.8752665,1.1821184,1.1047909,1.2928467,0.7518201,1.0337389,0.8640022,1.1113629,1.1276202,1.1920879,0.9990179,0.9967104,0.5701716,0.618866,0.73592,0.738358,0.4929031,1.3171818,0.7582743,1.0267867,0.7983091,1.177428,1.2431024,0.73731136,0.7807909,0.49027205,1.0208632,1.2514338,1.4415694,1.1145303,1.2329386,0.5761653,1.0281718,1.1230175,1.1169068,1.029064,1.2744927,1.0573221,0.6210265,1.0469738,0.8954531,0.7547307,0.87817156,0.91763633,1.0603907,0.70213777,1.254389,1.2568054,1.4114966,1.3234599,1.1624581,0.63811207,0.6785017,1.0066128,1.0583544,0.8889227,0.8909218,0.7159103,0.6870043,0.5591129,0.8494383,0.7742702,0.89349097,0.74223447,1.2575136,0.6880469,1.1792456,1.2779704,0.99667245,1.3369561,1.099793,1.2712443,0.93707645,1.266593,1.122749,1.2315321,0.6737858,1.09421,0.7460923,0.8417248,1.0207638,0.8954221,1.0411837,0.9737524,1.1707042,1.305491,1.2203219,1.4054939,0.771842,0.86582905,0.7330905,1.1213894,0.92521036,0.84667116,1.0961168,1.0136304,0.82001674,0.9875561,1.0413324,0.83621055,1.1720477
can,1.581068,0.6988511,0.89412004,1.1996131,1.4352465,1.0420299,1.1203314,1.252818,0.85393214,1.2959611,1.3261681,1.3914745,0.47290313,1.1874154,1.4741642,1.1812892,1.3716555,0.9534342,1.0638757,0.4403563,0.8887643,0.8807602,1.0715758,0.43440163,0.55233395,0.8892355,0.0,0.5203624,1.0368681,1.337324,0.71918964,0.4052611,1.003934,1.3453703,1.0973158,1.0906514,1.1907585,1.2804893,0.46275675,1.1540474,0.3976084,1.4361055,1.230175,0.71232986,0.6179388,1.2544391,1.1482282,1.1757908,0.9216225,1.1455842,1.1596687,1.343698,0.90546346,1.043887,0.6452745,0.63462,0.78666294,0.46001554,1.0717694,1.3862901,0.61197656,1.0621688,0.90279573,1.3051444,1.2861252,0.6235962,1.1091108,0.691835,0.9806725,1.3591719,1.3536929,0.8725182,0.9196062,0.4066025,0.577708,1.1166708,1.301789,0.9767842,1.3969396,1.0915751,0.60482216,1.1080931,1.1847318,0.62007993,0.4611346,0.7354115,1.0197784,0.73158634,0.6881733,1.364166,1.450911,1.1650311,1.4255484,0.50001866,0.4991876,0.9710512,1.1690793,0.5601415,1.18937,0.68933964,0.5479369,0.8579714,1.0134097,0.77818274,0.9206519,0.46555066,0.69631547,0.99090564,1.4484026,1.3314297,1.1115355,1.3500698,1.2140486,0.9193268,0.7446604,1.060055,0.98635536,1.3289702,0.5199401,1.2044499,0.49987626,0.7679174,0.9632082,1.0430952,0.99508744,1.0673711,1.0916691,1.4208043,1.2728219,1.3478578,0.67787313,0.71950686,0.5594203,1.1923093,0.56267846,1.0364711,1.1723274,0.97475415,0.956385,0.9924607,0.5221636,0.68220574,0.9725906
