,alligator,ankle,apple,arm,ball,balloon,banana,basket,bathtub,bear,bed,belt,bench,bib,bird,blanket,boat,book,bottle,bowl,box,bread,broom,bucket,butterfly,can,car,carrot,cat,chair,clock,closet,coat,coffee,comb,couch,cracker,crayon,crib,cup,dish,dog,doll,door,drawer,dress,ear,egg,elephant,eye,face,finger,fish,flower,foot,fork,frog,glass,glasses,glove,gum,hair,hand,hat,horse,hose,jacket,jar,jeans,knife,ladder,lamp,leg,mitten,mouth,muffin,nail,napkin,necklace,nose,orange,oven,owl,pajamas,pants,paper,pen,pencil,penguin,pig,pillow,pizza,plant,plate,pony,pumpkin,purse,radio,raisin,refrigerator,rooster,sandwich,scarf,scissors,shirt,shoe,shorts,shower,sink,slide,slipper,snow,soap,sock,spoon,sprinkler,strawberry,stroller,sweater,table,tape,toe,tooth,toothbrush,towel,toy,tray,tree,vacuum,watch,window
alligator,0.0,1.3561442,1.4450395,0.70304865,1.4008979,1.4916253,0.72473973,1.448003,0.6458189,0.62587315,0.5100065,1.4759222,0.85012054,0.7399015,0.7963187,0.45869577,0.82052624,0.7249386,1.4781154,1.3713343,1.0655409,0.7277372,1.3546853,1.4339237,1.0136319,1.5483152,1.3774357,1.1577923,0.9482484,1.0861791,1.4900193,1.1306903,1.0511092,0.8857236,0.820626,0.7705852,0.45320117,1.5684509,0.71748644,1.5680953,0.9923439,0.4199531,0.57994306,1.1458074,0.92571497,0.7091143,1.2470739,1.4254148,0.7728349,1.3027518,0.7987772,1.3327127,1.4218054,1.3535528,1.0400708,1.3607392,0.557513,0.83788526,1.5378792,0.82305217,1.1284125,0.8937959,0.8344525,1.4473964,0.93318605,0.88119894,0.41085595,1.1005157,0.5669,1.0617906,1.2812967,1.4490284,0.74596024,0.32827806,1.0322614,0.75549865,1.4910058,1.4844046,1.4566832,1.2737479,1.4280144,0.9746544,0.5281102,0.48882067,0.7523631,0.5415657,1.524516,1.4741099,0.79073197,0.6254815,1.4320785,0.60683024,1.1163254,1.5302334,0.8388423,1.184143,0.92751837,1.281538,1.288938,1.0949072,1.2910527,0.68556845,0.95131564,0.6324599,0.6274141,0.9485938,0.78650147,1.0654411,0.9489906,0.6338255,1.5302219,0.88779294,1.457238,1.0391552,1.3603246,1.0272914,1.2341831,0.8181726,0.6199985,0.52749103,1.3524991,1.4651425,1.2975812,0.73379916,1.4145548,1.0279136,0.86844325,0.8780345,1.3081471,1.4374341,1.4162965
ankle,1.3561442,0.0,0.6822554,0.98240733,0.7431149,0.75338936,0.87992936,0.9120044,1.3863553,1.1420007,1.4039817,0.8924941,1.2156754,1.1006811,1.1451035,1.3031359,1.1062214,1.3284059,1.0548489,0.9732145,1.2312479,0.7785809,1.0122918,0.9746755,1.0781035,1.0841048,1.179694,0.871034,1.1868075,1.2879663,0.99124694,1.2621877,0.7095623,1.315758,1.1098511,1.3548172,1.0930138,0.77243686,1.4143608,0.9210889,0.9939465,1.2033535,1.0832459,1.2604245,1.1922193,1.1077113,0.48322904,0.6609325,1.1493299,0.68215483,1.0444331,0.32509786,0.8276378,1.1375878,0.8353269,0.94060075,1.1327314,1.1985339,0.50647485,0.82760024,0.8235768,1.0183414,0.7624428,0.64962494,0.93582195,1.1554618,1.2763883,1.1234599,1.0942285,1.0030392,1.168889,1.110388,1.0319374,1.0781581,0.6536312,0.8057729,0.61457795,0.91856676,0.39026082,0.46931434,0.78876936,1.2743015,1.2418199,1.2317336,0.9537982,1.3820451,0.7316661,0.7316372,0.8379238,1.0654407,0.9829158,1.1806331,1.1270278,0.879154,0.98009706,0.79181933,1.0469917,1.004337,0.666163,1.3253633,0.8777467,1.2553539,0.8094548,1.0836629,1.194526,0.89826125,0.90832984,1.2522854,1.2246454,1.250281,0.69079435,1.145188,0.8923073,0.7296926,0.6997711,1.0458442,0.750549,1.3142754,1.1556615,1.4986918,0.8889799,0.37449658,0.72430557,1.0859524,0.9388584,1.0601506,1.2619016,1.1423818,1.2339145,0.9389667,1.0285643
apple,1.4450395,0.6822554,0.0,1.2986205,0.091331124,0.19143116,1.0315044,0.6150718,1.4581232,1.2731006,1.5010498,0.60216916,1.3308067,1.1829022,0.96559876,1.4840014,1.0677574,1.2131308,0.44863284,0.6661048,1.0515971,1.0602624,0.99526,0.74056053,0.9468176,0.80964047,0.6937595,0.85120916,1.0679749,1.2828281,0.5681289,1.0452231,1.138094,1.2639716,1.2886007,1.3621604,1.3168055,0.44207227,1.4460186,0.48108983,1.0594893,1.2048547,1.1552498,1.1685413,1.2626745,1.2970467,0.88807195,0.45907795,1.2373841,0.6904847,1.1978894,0.721557,0.56688726,0.5501602,1.046732,0.78808105,1.0559852,1.1997756,0.626025,0.9020921,0.7656251,1.1561029,1.1892157,0.5927952,0.9970448,1.1981705,1.3420815,0.81192327,1.408052,1.2246162,1.0096399,0.7316065,1.3182268,1.3296604,1.043164,1.0038573,0.36404467,0.77736187,0.73239934,0.6469487,0.41156948,1.2245759,1.2719882,1.4494541,1.318147,1.4195454,0.5870086,0.70878726,1.1774199,1.1365812,0.75499475,1.2767206,0.9836906,0.5392144,1.0646908,0.62027025,1.218088,0.87166935,0.57655567,1.2712612,0.8161919,1.2703125,1.2175448,1.2685447,1.3593264,1.0972985,1.3055329,1.1106713,1.2473241,1.3001473,0.40137744,1.1712954,0.5543863,0.991154,0.86890054,1.1344224,0.26296365,1.3481747,1.3625962,1.4796878,0.7532768,0.54346144,0.59173316,1.240603,0.8319278,0.6507146,1.2114182,1.137127,1.0688776,0.45230967,0.74458873
arm,0.70304865,0.98240733,1.2986205,0.0,1.3685728,1.3687823,0.9285936,1.4415493,0.68046355,0.94226253,0.56476295,1.3591206,0.7504375,0.7614236,1.2838435,0.6166222,1.1007298,1.135062,1.3892503,1.339601,1.1533773,0.93977416,1.3081627,1.2948568,1.386739,1.2534324,1.3564675,0.91882247,1.0317447,0.98531175,1.4454215,1.0069468,0.79986995,0.8268981,0.9226682,0.6677839,0.7044216,1.4698054,0.8188751,1.4230146,1.0496137,1.0588121,1.0335332,0.9037994,0.9040464,0.6265587,1.0848132,1.3493962,0.83644986,1.2028345,0.71814656,0.87868094,1.4336668,1.3509138,0.7985996,1.3762393,1.2588902,0.999891,1.3501596,1.0183158,1.2986238,0.7511034,0.44487453,1.3867507,1.1978219,0.9898466,0.7270796,1.0752224,0.49453354,0.8077757,1.2253863,1.3497112,0.47276276,0.6146554,0.934127,0.9421236,1.3319279,1.3781573,1.1146846,1.1044874,1.427572,0.9282077,0.96828955,0.4721797,0.5101779,0.78348935,1.3763494,1.188167,0.8480307,0.9787655,1.2013552,0.91499865,1.1465732,1.4823143,0.9216584,1.1734776,1.0606918,1.2223183,1.189115,0.7965386,1.4249501,0.8163918,0.67378426,0.64189255,0.48243368,1.1034796,0.56701255,0.9498574,0.8084476,0.7489177,1.4320003,0.8694335,1.2791789,0.8533529,1.2318268,0.96007466,1.1610795,0.9026602,0.48963594,0.59550345,1.330291,1.1322614,1.1865432,0.6431747,1.3624351,1.41611,1.0310454,1.0056976,1.1210316,1.2958992,1.2947795
ball,1.4008979,0.7431149,0.091331124,1.3685728,0.0,0.19962156,0.9684021,0.62098336,1.4561604,1.2279946,1.4922154,0.72199726,1.4375439,1.1835223,0.8451973,1.4891287,1.0013107,1.1390448,0.43110955,0.5781241,1.0289913,1.1110306,0.9578506,0.6776678,0.844053,0.8686507,0.6827287,0.98853433,1.1051642,1.3315026,0.47652626,1.0994301,1.1708523,1.259484,1.2724845,1.4287167,1.329018,0.4571277,1.4392391,0.44712138,1.0044497,1.133973,1.0851225,1.2413808,1.2862134,1.3243695,0.9569402,0.43360126,1.2308251,0.65058297,1.2018082,0.81414187,0.6181758,0.5120562,1.0385797,0.7815615,0.93171763,1.1837201,0.7131655,0.9010352,0.7479968,1.1663625,1.2617587,0.5736492,0.9925723,1.1255542,1.3115711,0.73156023,1.4578485,1.3446054,1.0195835,0.65855956,1.3755687,1.332697,1.083066,1.0692387,0.39198017,0.84239316,0.8508427,0.64252007,0.3948425,1.2421803,1.2084894,1.4798051,1.423609,1.3770427,0.6131891,0.712639,1.2345232,1.1540534,0.8804559,1.2434647,0.906167,0.48017132,0.99189824,0.62444276,1.2145498,0.88160414,0.5648109,1.3496895,0.75132465,1.2810156,1.356188,1.2552664,1.4031851,1.06282,1.4149008,1.1445335,1.2834294,1.2632045,0.45179814,1.1297863,0.6069474,1.0299267,0.86763835,1.0992074,0.3578217,1.306185,1.3641243,1.4556577,0.617082,0.60737073,0.70925564,1.2058501,0.91125757,0.48002255,1.148858,1.0805525,1.0781047,0.53852993,0.69857013
balloon,1.4916253,0.75338936,0.19143116,1.3687823,0.19962156,0.0,1.0687213,0.59161866,1.3882811,1.1930126,1.470873,0.59410876,1.2743489,1.1506058,0.93464535,1.471396,1.0284944,1.1594607,0.4678306,0.6175179,1.0827144,1.153108,0.93416417,0.72765255,0.8928317,0.76691073,0.6660075,0.8604741,0.9619595,1.2409396,0.51695585,1.0744276,1.1225747,1.2346494,1.2821286,1.3704667,1.4119718,0.39242202,1.4328021,0.44591117,0.98662513,1.2343551,1.2422907,1.1447241,1.2479687,1.3774618,0.97296345,0.45774353,1.1584572,0.6667573,1.2608566,0.8074177,0.37256247,0.5722502,1.0967176,0.7269516,0.988249,1.1382343,0.6564102,1.0266355,0.7493541,1.2498807,1.2901387,0.6966449,1.0031042,1.1775181,1.3767291,0.80888003,1.4524398,1.2213358,0.9941351,0.6251597,1.3999916,1.4246542,1.1229534,1.112972,0.40113878,0.7013966,0.7694562,0.73979664,0.41487724,1.1947432,1.2119851,1.5050819,1.3841733,1.4109088,0.5028455,0.6991918,1.2087669,1.2352641,0.6220425,1.2465898,0.9223368,0.45064855,1.1208978,0.6362527,1.2504764,0.7825136,0.48473042,1.2395178,0.78712314,1.2688594,1.3348727,1.3383439,1.4183743,1.1706303,1.3829906,1.0551196,1.1053332,1.244162,0.4125533,1.0085583,0.45349073,1.0376844,0.7946626,1.0994059,0.45228535,1.3468406,1.4023483,1.4669652,0.71167016,0.6227779,0.65240324,1.2233659,0.7442863,0.6654304,1.1577642,1.0970485,1.009095,0.53046274,0.6728263
banana,0.72473973,0.87992936,1.0315044,0.9285936,0.9684021,1.0687213,0.0,1.2646399,0.96788377,0.9749711,1.0218564,1.2505076,1.1823095,0.777997,0.9917449,0.9524952,0.7409667,0.89483434,1.2455943,1.0603762,1.1794472,0.8981086,1.1781578,1.1943252,0.9062317,1.4273819,1.2840188,1.0980825,1.1186247,1.3036417,1.2062489,1.2118137,0.97865117,1.0833235,0.89486885,1.2062678,0.7619014,1.1313818,1.0399443,1.2161987,0.80872744,0.88859427,0.7482904,1.2875345,1.1435212,1.070135,0.89352083,0.87022233,1.0460325,1.045884,0.8750135,0.8824953,1.1440878,1.176623,1.0256134,1.1437683,0.68032736,1.0931522,1.1818285,0.8208749,0.5996612,0.96325326,0.6555724,1.1209683,1.108213,0.83839405,0.99474937,1.0686018,0.95934695,1.1618602,1.2853118,1.2714199,0.9216024,0.60150266,0.8193912,0.8624955,1.1357319,1.3656706,1.0798883,0.9566652,0.9531727,1.1792883,0.9350997,0.879487,1.0666696,0.8411735,1.1926626,1.1215091,0.974212,0.8666153,1.4137619,0.9063313,1.1005622,1.065567,0.8200088,0.76585287,1.0046915,1.2895653,1.0707467,1.2736878,1.1260521,0.9964308,0.9707687,0.5518606,1.007561,1.0283165,1.0569682,1.200171,1.0169793,0.8939632,1.2143221,1.0412198,1.09425,0.9760664,1.0101442,1.0047792,0.9092255,1.045923,0.9811917,0.97586817,0.99439615,1.0388129,1.1289911,0.54134303,1.347086,0.6651089,0.9439613,0.92562497,1.3882082,1.1927984,1.1849624
basket,1.448003,0.9120044,0.6150718,1.4415493,0.62098336,0.59161866,1.2646399,0.0,1.2583385,1.2695969,1.408315,0.542922,1.0058429,1.1863047,0.84474033,1.3424292,1.1067568,1.1039772,0.48515046,0.61578923,0.75714886,1.007354,0.82684696,0.54258007,0.97422737,0.52172637,0.49334818,0.93263316,1.1031286,0.8356276,0.59747744,0.9769974,1.2160645,1.1129725,1.1451899,1.1751351,1.2577765,0.44235587,1.2117842,0.4440962,1.123411,1.2296749,1.1424298,1.0944188,0.9399659,1.3938639,0.95149887,0.68191916,1.2384081,0.8981918,1.3423178,0.91747594,0.5689946,0.61004657,1.0264915,0.54823816,1.0496501,1.1549377,0.61984277,0.8267802,0.8707918,1.3072898,1.355907,0.6557802,0.8915394,1.0523146,1.4017067,0.98193085,1.4117305,0.89857423,0.7764919,0.66522574,1.2870395,1.3460859,1.2131114,1.0706253,0.54626465,0.41392684,0.82436085,0.9533291,0.62358487,0.9325343,1.2511625,1.4773295,1.3704942,1.3486923,0.42191947,0.51687515,1.1964871,1.1754764,0.42894864,1.2725077,0.9133323,0.4489591,1.1885861,0.8755857,1.0098207,0.41988313,0.8241051,1.155336,0.651202,1.1891367,1.2787304,1.4105674,1.5146433,0.81802297,1.2649648,1.0295913,1.0262614,1.3894904,0.37570858,1.1429584,0.59541875,0.8980639,0.86514884,0.8785846,0.84701794,1.0979731,1.4824147,1.3583348,0.66520065,0.66020185,0.8112191,1.339627,0.42385662,0.74416214,1.0797023,1.2339252,0.8059355,0.6373952,0.78764784
bathtub,0.6458189,1.3863553,1.4581232,0.68046355,1.4561604,1.3882811,0.96788377,1.2583385,0.0,0.8551568,0.29804432,1.3609198,0.3306272,0.8093598,1.1828406,0.43549842,0.882635,0.9187396,1.4295608,1.0548409,0.8249682,1.1192461,1.1534204,1.0339284,1.3611819,1.0480325,1.1281829,1.2060776,0.92925024,0.59864646,1.3978212,0.8169379,1.0568612,0.4447354,0.6682813,0.43317968,0.76985526,1.5542674,0.3646955,1.340956,0.80645525,1.0416666,1.1018101,0.6893659,0.44655955,0.8542833,1.3161077,1.5185794,0.81278396,1.3156487,0.91321766,1.4199121,1.4635931,1.3854133,1.2271867,1.3070781,1.2050872,0.74417394,1.4877859,1.245349,1.2184819,1.0164104,0.97622144,1.5758727,1.2156856,0.7954427,0.7255058,1.0874914,0.5711433,0.7697612,1.0522858,1.3011875,0.77830374,0.73789114,1.1577721,1.109121,1.5203767,1.2818828,1.4303668,1.3783839,1.4977381,0.6798868,0.87547415,0.55142146,0.6762067,0.54387283,1.4715858,1.3781543,0.9911561,1.0070482,1.1672106,0.7848386,1.1551954,1.3264434,1.0810792,1.1746817,0.8004975,1.141076,1.3380982,0.5425342,1.3911601,0.74376464,0.96719027,0.6547927,0.68501294,1.1779169,0.73967755,0.680973,0.24871612,0.56022465,1.5357814,0.70159435,1.2405854,1.1750863,1.352485,0.9063805,1.284076,0.6326775,0.67310107,0.2617017,1.145222,1.5723305,1.3324435,0.7587596,1.2128966,1.2434858,0.8611861,0.85692894,0.9814485,1.4067674,1.195585
bear,0.62587315,1.1420007,1.2731006,0.94226253,1.2279946,1.1930126,0.9749711,1.2695969,0.8551568,0.0,0.78685665,1.1816584,1.0882308,0.887475,1.0120257,0.70968884,1.1054542,1.1511725,1.2246152,1.2781289,1.2842336,0.82246315,1.1077112,1.3644751,1.0445948,1.3372766,1.2013861,1.234546,0.523982,1.2376676,1.1564143,1.2669888,0.58745956,1.1771185,0.9191234,1.0375533,0.8093908,1.2489672,1.0747722,1.2890527,0.99928683,0.88738966,1.0427318,1.1633242,1.1545488,0.9125522,1.0810521,1.2251662,0.25459743,1.081491,0.94335467,1.1516465,1.1360254,1.1644304,1.0498129,1.0213085,0.9321598,0.9261054,1.1535575,0.9689097,1.335601,1.0288087,1.0282534,1.1975949,1.11116,1.1380243,0.44812596,1.1239569,0.65143543,1.1029056,1.1838671,1.1749743,1.0518627,0.75522506,1.0405334,0.9373232,1.1219193,1.1291664,1.0897143,1.0743937,1.1975982,1.1672164,0.15808094,0.67353404,0.766726,0.9864131,1.1872807,1.2763321,1.026236,0.9812796,1.1561319,0.8431804,1.110271,1.2515516,1.0416187,1.2833244,1.1413027,1.2058749,1.0287527,1.0417821,1.1756778,0.6922966,0.9891764,1.0777519,0.7121965,1.0759095,0.80909634,0.82720304,1.0290768,0.8002417,1.1701779,0.52649856,1.2857288,1.0389633,1.1926054,1.1931946,1.2380004,1.1169463,0.76170796,0.93395156,1.2341185,1.1625764,1.0690743,0.98250055,1.1085194,1.2508111,1.1748405,0.74396145,1.1997812,1.1307476,1.1054813
bed,0.5100065,1.4039817,1.5010498,0.56476295,1.4922154,1.470873,1.0218564,1.408315,0.29804432,0.78685665,0.0,1.4197855,0.39013755,0.85926366,1.188509,0.19456065,0.93686676,0.8381203,1.4514718,1.3635714,0.99162483,1.1208401,1.249207,1.3996892,1.2785525,1.3304691,1.1849613,1.0701238,0.95980924,0.65910834,1.457921,0.8972318,1.0097281,0.66881555,0.84014213,0.24620068,0.7578862,1.5993989,0.3427006,1.5180699,0.99415743,0.9530458,0.9979149,0.7446613,0.69866943,0.5480908,1.2900549,1.4987075,0.7281251,1.2916098,0.7236955,1.4038162,1.5272336,1.3318768,1.158179,1.4102203,1.1747856,0.6109497,1.5270177,1.2868955,1.3446141,0.788066,0.97062325,1.4953384,1.168259,0.8960656,0.52027166,1.190497,0.3958099,1.0128318,1.0635865,1.362986,0.63537997,0.7251564,1.1232687,1.1007862,1.477506,1.3889568,1.4548441,1.3496784,1.4758223,0.8538511,0.79522943,0.33807933,0.52040166,0.5236774,1.5491011,1.4947783,1.0297447,0.9570966,1.1642933,0.69972634,1.1199803,1.5484089,1.0493048,1.2668719,0.89460385,1.2336498,1.3740516,0.70219505,1.4090462,0.6156338,0.9111991,0.72250915,0.47992444,1.1807964,0.68759644,0.7426727,0.6675666,0.30896616,1.5607107,0.6808855,1.4290878,1.2313315,1.5186067,1.0755262,1.3400021,0.62854993,0.4289987,0.23762429,1.3638366,1.5226159,1.2697496,0.8339421,1.3105329,1.2795482,0.9717915,0.8709789,1.0551529,1.3903804,1.2405977
belt,1.4759222,0.8924941,0.60216916,1.3591206,0.72199726,0.59410876,1.2505076,0.542922,1.3609198,1.1816584,1.4197855,0.0,1.0007002,1.2838883,1.0853996,1.3679037,1.2387767,1.1252393,0.5941503,0.8337861,1.0603304,1.1470163,0.7605185,0.8060597,0.9620166,0.6155756,0.74863434,0.6703642,0.81044054,1.0338196,0.5902518,1.0452721,0.9928827,1.22192,1.06543,1.2668843,1.403461,0.28994203,1.3738378,0.5473238,1.1721156,1.2789967,1.3329805,1.0508665,1.0884601,1.2401899,0.7593029,0.6542704,1.1379339,0.842587,1.2483351,0.7959048,0.37812942,0.70286983,1.0130601,0.52237135,1.1279027,1.2564018,0.4923606,0.9998875,0.9111463,1.2317134,1.2654152,0.6170821,0.94569737,1.2101204,1.3054907,1.0727681,1.2403522,0.8781171,0.81854486,0.7667413,1.3016908,1.4291837,1.1291621,1.1447409,0.56780416,0.5670776,0.5867521,0.93730646,0.5466599,1.0858594,1.2206743,1.3497679,1.1287386,1.3535149,0.38769192,0.5052638,1.0924432,1.2302955,0.52760863,1.2654816,1.0555018,0.55121833,1.1882036,0.9349734,1.1083411,0.8655683,0.7357502,1.0627899,0.7005751,1.2653675,1.132722,1.3547246,1.3345165,0.9740909,1.0800055,0.95949537,1.0979143,1.3087078,0.36207932,1.0922983,0.6516434,0.91609186,0.66603935,1.1397506,0.82238376,1.327497,1.3424933,1.4485784,0.9102574,0.6351699,0.5464423,1.305256,0.56285715,1.0390373,1.1422548,1.1025821,0.81438583,0.42890066,0.6740442
bench,0.85012054,1.2156754,1.3308067,0.7504375,1.4375439,1.2743489,1.1823095,1.0058429,0.3306272,1.0882308,0.39013755,1.0007002,0.0,0.9836499,1.2892272,0.5234684,1.0446362,0.92328924,1.3677099,1.2261488,0.7890116,1.1162621,1.0070546,1.1468071,1.3636885,0.9327948,1.0773642,0.854188,1.0392013,0.44559962,1.3715409,0.76467025,1.1056336,0.58530366,0.7988647,0.3336829,0.9012503,1.2228615,0.35401618,1.2980795,0.9789266,1.1526515,1.1888397,0.637246,0.33143276,0.8156527,1.1176188,1.3567803,0.9779097,1.2533296,1.0289927,1.2189026,1.1502587,1.3512613,1.1873105,1.146587,1.285985,0.7568264,1.2102232,1.2184318,1.0841557,1.0647501,1.0455227,1.4072738,1.074632,0.858091,0.9094146,1.2927083,0.6433728,0.6188554,0.8855852,1.2918422,0.72814226,0.9095541,1.1257871,1.0944204,1.3466448,1.0395067,1.1631024,1.3569059,1.3249993,0.6700019,1.1084914,0.70724535,0.63697416,0.70143837,1.1421374,1.0944158,0.94520444,0.9586256,0.88461596,0.92560256,1.1846762,1.3010877,1.1822417,1.1338766,0.8024926,1.0358257,1.3034773,0.6230347,1.2336487,0.9054301,0.88905925,0.7790375,0.84510034,1.1128675,0.7030989,0.83299476,0.52568406,0.71790516,1.2731924,0.8984536,1.0985652,1.0580397,1.20887,0.94404566,1.1952517,0.7170421,0.76128334,0.4598323,1.224497,1.3493873,1.049873,0.8573214,0.92927486,1.3218356,0.94211346,1.0772728,0.86073446,1.2598273,1.1335121
bib,0.7399015,1.1006811,1.1829022,0.7614236,1.1835223,1.1506058,0.777997,1.1863047,0.8093598,0.887475,0.85926366,1.2838883,0.9836499,0.0,1.0055636,0.70222825,1.0445137,0.85676485,1.28899,1.1329837,0.9940003,0.8545259,1.2549176,1.1594288,1.1518072,1.2476946,1.2238203,1.1413102,0.9719432,1.1787474,1.2297213,1.0752245,0.93187726,0.93594354,0.8352306,0.9974725,0.6505832,1.3354781,1.0113451,1.272341,0.7578781,0.96286005,0.8843204,1.0672749,0.9597957,0.8672279,1.124929,1.1391762,0.8920325,1.1569437,0.9097881,1.128304,1.1669364,1.3010238,0.9200242,1.1321452,1.0209647,0.9675312,1.2930614,0.8422016,0.926783,0.9754364,0.75025916,1.2780733,1.1274414,1.1115875,0.7938859,0.9338335,0.76365554,0.986095,1.2017186,1.2704115,0.96383435,0.59568214,1.0553273,0.89297765,1.2536924,1.0473931,1.1180826,1.1440398,1.1802388,1.0915041,0.8951967,0.62393135,0.9151705,0.63445246,1.3154335,1.2753743,1.0349212,0.92569137,1.0794419,0.89765984,1.3054298,1.1143882,0.9106238,0.9872939,0.9582715,1.1178384,1.1379586,1.0671555,1.2572294,0.7576612,0.7328395,0.76880693,0.58582616,0.9518024,0.7901325,1.0347713,0.7677789,0.9441303,1.3087121,0.90657365,1.1563947,0.8241051,1.087265,1.0625505,1.0349123,0.9909698,0.78607655,0.84274113,1.0740436,1.2144892,1.2183377,0.8325541,1.0153717,1.1090486,0.8539649,0.93188244,1.3442236,1.2706149,1.1828419
bird,0.7963187,1.1451035,0.96559876,1.2838435,0.8451973,0.93464535,0.9917449,0.84474033,1.1828406,1.0120257,1.188509,1.0853996,1.2892272,1.0055636,0.0,1.1758783,0.87411803,0.9169293,0.87740934,0.79660714,0.99137825,0.93758434,1.031222,0.86257577,0.69655955,1.0761571,0.9135118,1.0971127,1.0494146,1.040321,0.80651045,1.033768,1.2479067,1.0123562,1.0513415,1.1409777,1.0919024,0.98522925,1.0856664,0.8649614,0.97105074,0.4612931,0.56566024,1.1505166,1.1456702,1.1089783,1.2292892,1.0471326,1.1343573,1.0627208,1.1214651,1.2454532,0.9020147,0.83275867,0.95704514,0.9803791,0.3730675,1.0831877,1.1596413,0.6692033,0.94013596,1.0636755,1.2308958,0.9090708,0.7723757,0.9462739,0.97346175,0.875343,1.3053883,1.2305886,0.93801594,0.83535135,1.1856825,0.8943622,1.2362901,0.90101165,1.0554411,0.94613695,1.2904046,1.0609733,0.9895622,0.99757916,0.8843258,1.2557479,1.3210605,1.0804518,1.0473663,1.060856,0.858176,0.8292359,0.98957586,0.98195493,0.81386465,0.8619847,0.7981787,0.8864487,1.0480924,0.7894207,0.98646516,1.213496,0.78640676,1.0752022,1.3855926,1.0293987,1.2356673,0.82625824,1.32571,1.0650353,1.1546509,1.1141586,0.9697278,1.0823418,0.9295826,0.955987,0.99978065,0.752747,0.9971036,0.8974722,1.2294277,1.0730046,0.76229644,1.1173462,1.2076194,1.1179663,0.971941,0.53486884,0.8451873,1.07289,1.0151494,1.0442322,0.96890676
blanket,0.45869577,1.3031359,1.4840014,0.6166222,1.4891287,1.471396,0.9524952,1.3424292,0.43549842,0.70968884,0.19456065,1.3679037,0.5234684,0.70222825,1.1758783,0.0,1.039726,0.9194344,1.4895742,1.4040889,1.0866824,0.93339515,1.2427219,1.4241315,1.2944378,1.4107246,1.2836244,1.0105999,0.93859416,0.8348582,1.5107571,1.050917,0.9143009,0.82697546,0.79780126,0.41055715,0.60994375,1.5750154,0.626696,1.5339448,0.96256673,0.9113082,0.903083,0.95151126,0.8418696,0.54432166,1.2042392,1.427475,0.6859269,1.2404785,0.80903757,1.3030567,1.4442436,1.416436,1.0818725,1.2552619,1.125394,0.83493584,1.446785,0.97440714,1.2796545,0.90387213,0.86452615,1.4538763,1.1131209,0.9995278,0.5593136,1.186604,0.27267724,0.99406326,1.2074234,1.4494072,0.6720449,0.5097828,1.0812471,0.95652854,1.4498912,1.1665862,1.3370721,1.3220289,1.4315671,0.9799304,0.70242167,0.26207995,0.4672482,0.59981626,1.5036886,1.4564612,0.9952403,0.8789408,1.0215824,0.75832605,1.2379143,1.5377468,1.0205879,1.2381865,0.8478376,1.2267252,1.348724,0.89895236,1.3588086,0.46719277,0.73101544,0.8081701,0.51961243,1.0261028,0.55592203,0.9115113,0.69478405,0.5091727,1.5135686,0.8077518,1.4654007,1.0049739,1.398016,1.0952307,1.2998503,0.75489587,0.52331716,0.49444354,1.3466647,1.4330845,1.2601529,0.85159785,1.0452116,1.3176794,0.9968498,0.91998565,1.1814961,1.4068923,1.3345513
boat,0.82052624,1.1062214,1.0677574,1.1007298,1.0013107,1.0284944,0.7409667,1.1067568,0.882635,1.1054542,0.93686676,1.2387767,1.0446362,1.0445137,0.87411803,1.039726,0.0,0.7337779,1.067003,0.8525953,0.7135392,1.0446156,1.1567763,0.8792876,0.89851665,1.0165453,0.9772076,1.0799434,1.2143639,0.87769717,1.1057229,0.90497124,1.2355584,0.83296937,1.0459214,0.92966723,1.0155952,1.2413566,0.7797817,1.0378768,0.9806023,0.8021606,0.6723903,1.0159951,1.0294628,1.0259017,1.1995704,1.0994656,1.2529153,1.1303687,1.0268846,1.2279687,1.1722121,1.102789,1.0759376,1.2796793,0.7611225,0.8734743,1.2384695,1.1042097,0.7604039,0.9604101,1.0733666,1.1402024,0.9849929,0.66384876,0.8877051,0.83958906,1.1201766,1.1626238,1.0696394,1.0858679,0.99705136,0.88790673,1.0222764,0.98772866,1.2210542,1.2402165,1.2877033,1.12135,1.1028965,0.87184894,0.9953994,1.0701232,1.1625223,0.82701087,1.2944031,1.243024,1.0017684,0.7551794,1.2257005,0.91751945,0.94344383,1.0078384,0.9454958,0.87191725,0.8463086,0.9008927,1.1679794,1.0374285,1.094325,1.0840092,1.1127033,0.8974831,1.0435542,1.0304157,1.1776818,1.0680933,0.93900555,0.76680535,1.2528334,1.1210256,0.9358547,1.1671352,1.1113119,0.9002208,1.0445788,0.66697663,1.0043193,0.7709485,0.9187158,1.2751942,1.1774375,0.87776697,1.2429185,0.5265906,0.7597751,0.99427485,1.068468,1.1930602,1.1264267
book,0.7249386,1.3284059,1.2131308,1.135062,1.1390448,1.1594607,0.89483434,1.1039772,0.9187396,1.1511725,0.8381203,1.1252393,0.92328924,0.85676485,0.9169293,0.9194344,0.7337779,0.0,1.0753274,1.0573367,0.5159344,1.1804363,1.0667074,1.0357102,0.70619965,1.051756,0.8794961,1.1278588,1.1711519,0.95294714,1.0877924,0.96585095,1.2393688,0.88916063,0.8801237,0.9883121,0.94624627,1.1017325,0.7156105,1.149832,0.99934393,0.7705954,0.7351625,1.0314493,0.80939716,1.0146525,1.2352322,1.1441729,1.1616708,1.2486778,1.0103737,1.2821898,1.1240197,0.97662383,1.0358613,1.1519101,0.72115237,0.6915773,1.2579539,1.1309845,0.6310475,0.9988736,1.0346007,1.1747905,0.8910376,0.7920928,0.93914807,0.92947525,1.0496792,1.0442861,0.9636064,1.0871391,1.0880413,0.9653761,1.1548892,1.1768105,1.2834063,1.2150112,1.3371415,1.3088408,1.1014504,0.7735779,1.0401099,0.95615846,1.1858168,0.25388122,1.1239438,1.128515,1.1278905,0.84904003,1.2383947,0.55393684,0.94041634,1.0142763,0.9492094,1.0576099,0.7437855,1.0362545,1.2008003,1.0532664,1.0403464,1.0541992,1.1642525,0.86869603,1.0100093,1.001536,1.1371195,1.1515746,1.0087997,0.8714221,1.2382758,1.1392031,1.0162692,1.1303451,1.0310662,1.1025125,1.1235378,0.8085546,0.9486822,0.680713,1.0586693,1.347528,1.2051891,0.969534,1.2012872,0.73388433,0.40117043,0.8222519,1.1256897,1.1466539,1.0740331
bottle,1.4781154,1.0548489,0.44863284,1.3892503,0.43110955,0.4678306,1.2455943,0.48515046,1.4295608,1.2246152,1.4514718,0.5941503,1.3677099,1.28899,0.87740934,1.4895742,1.067003,1.0753274,0.0,0.47625303,0.91282594,1.23439,0.81915915,0.4614817,0.88169754,0.48729587,0.3750593,1.0413406,1.078503,1.0422257,0.37639034,0.9450457,1.188714,1.10648,1.2512786,1.3270468,1.3637731,0.35083038,1.31866,0.1632883,1.0963491,1.2240658,1.1837084,1.061109,1.2580334,1.30549,1.1418214,0.6411464,1.1748227,0.8413192,1.2717592,1.0313448,0.58145547,0.20221633,0.99390876,0.68033904,1.072094,1.1182089,0.65435594,0.9880069,0.934955,1.1995406,1.3980896,0.6173264,0.98129123,1.1462169,1.3406471,0.6692497,1.5091672,1.2322353,0.75137186,0.4266302,1.3679307,1.4885256,1.2495004,1.2408679,0.432989,0.5866525,0.94873405,0.8938674,0.53461224,1.0161098,1.2286122,1.4866104,1.4547688,1.339392,0.4836802,0.64193714,1.2998096,1.2647651,0.67721164,1.2730981,0.71973205,0.43692017,1.1251496,0.89384073,1.2077682,0.723059,0.7601182,1.0743049,0.6934259,1.2242666,1.3409997,1.3899593,1.3947191,0.99769187,1.4856064,0.9952382,1.204249,1.3129793,0.3244245,1.1446592,0.569913,1.0912282,0.8824166,1.0357476,0.78350306,1.1657567,1.3868701,1.334918,0.6451091,0.725195,0.71490127,1.280133,0.67428786,0.63742733,1.084471,1.1043396,0.70966697,0.2472701,0.6749433
bowl,1.3713343,0.9732145,0.6661048,1.339601,0.5781241,0.6175179,1.0603762,0.61578923,1.0548409,1.2781289,1.3635714,0.8337861,1.2261488,1.1329837,0.79660714,1.4040889,0.8525953,1.0573367,0.47625303,0.0,0.81880033,1.2105005,0.89886886,0.12585133,0.93761265,0.6128037,0.6906036,1.1316068,1.2361641,1.0083053,0.5307286,0.9523286,1.2630296,0.84953636,1.0069655,1.2771935,1.2805209,0.6755941,1.1948318,0.19030929,0.67828363,1.143192,1.024677,1.1186814,1.069369,1.3199198,1.0908755,0.83908665,1.2511778,0.85317516,1.2965224,1.0703614,0.8258138,0.627355,1.0264051,0.804492,1.0107019,1.1714997,0.854946,0.99118286,0.81085837,1.2522628,1.2711741,0.83215076,1.0025657,0.87499994,1.3504468,0.5509235,1.4527811,1.1438404,0.9275402,0.63468295,1.302305,1.2683332,1.1456952,1.2029605,0.76954675,0.8242365,1.0798808,0.9329603,0.8184854,0.97181416,1.2552564,1.4359244,1.4537154,1.2359045,0.7758429,0.79249114,1.2310629,1.2473443,0.9038374,1.2070101,0.81213474,0.3453561,1.0247593,0.71239984,1.0656799,0.73578745,0.8274424,1.1462102,0.8715948,1.3037772,1.3812528,1.1149554,1.4116578,0.94465387,1.454792,1.1010598,0.75684667,1.2551149,0.6700846,1.1511121,0.6444908,1.0408119,0.8164093,0.87262636,0.83773214,1.0579832,1.3563035,1.1530696,0.19688946,0.9416691,0.9928704,1.1501952,0.8770246,0.5773343,0.9272689,1.0428401,0.9151162,0.6958363,0.7778184
box,1.0655409,1.2312479,1.0515971,1.1533773,1.0289913,1.0827144,1.1794472,0.75714886,0.8249682,1.2842336,0.99162483,1.0603304,0.7890116,0.9940003,0.99137825,1.0866824,0.7135392,0.5159344,0.91282594,0.81880033,0.0,1.17798,1.0224435,0.6384007,0.9102586,0.5588377,0.7498241,1.0784017,1.2588692,0.67451346,0.9636462,0.62291974,1.3164973,0.74853957,0.95478565,0.84761727,1.0141925,1.1254891,0.6261747,0.88876605,0.94532543,1.0474703,0.8889944,0.75287175,0.5238652,1.1111958,1.2317574,1.1451085,1.2423342,1.1516254,1.1266415,1.2487936,1.1983583,0.96672773,1.039898,1.1337584,1.0607162,0.72415125,1.1741756,1.1462868,0.81702465,1.0790876,1.1518986,1.0877118,0.93978894,0.8885237,1.1084383,0.74031615,1.2128278,0.9693221,0.85835123,0.9041928,1.078044,1.1055462,1.2456352,1.1597389,1.2043601,0.94214255,1.2761457,1.2116067,1.1228819,0.48295933,1.1467345,1.1500869,1.2393823,0.58116025,1.1349036,1.1001437,1.1844766,0.96068066,1.0133508,0.98811495,0.9340185,0.9302442,0.9728356,0.93320495,0.6774049,0.7601366,1.1634305,0.8117585,0.96710545,1.1125299,1.1087942,1.0566865,1.1356854,0.89335704,1.1409978,1.0576495,0.91353357,1.0907621,1.1469134,1.1856587,0.81122637,1.0338249,1.1051828,0.9450634,1.0209819,0.6915468,1.0924444,0.74540836,0.8076399,1.2314489,1.2336875,1.1603384,0.9749413,0.77388763,0.6089634,1.0490506,0.91405565,1.0932446,0.9946525
bread,0.7277372,0.7785809,1.0602624,0.93977416,1.1110306,1.153108,0.8981086,1.007354,1.1192461,0.82246315,1.1208401,1.1470163,1.1162621,0.8545259,0.93758434,0.93339515,1.0446156,1.1804363,1.23439,1.2105005,1.17798,0.0,1.0853565,1.1973333,1.0099484,1.2004843,1.2373226,1.0140179,0.8788621,1.2201737,1.2177782,1.1697282,0.8900457,1.1296136,0.95523405,1.1256084,0.4243557,1.1088899,1.1402293,1.2068388,1.1448551,0.7105918,0.7391155,1.164368,1.0091054,0.99791414,0.8340144,0.9172882,0.8814763,1.0864935,0.99543166,0.83043987,1.0393554,1.2068077,1.0089185,0.92733914,0.9000463,1.1650589,0.91397667,0.7401576,1.0424534,1.0203596,0.80877364,0.9631763,0.9930811,0.9665425,1.0449014,1.0608287,1.0018834,0.8569948,1.1498073,1.2481084,0.9915189,0.7556453,0.7671201,0.2401799,0.9970573,1.0302484,0.8113644,0.9412598,1.0181477,1.1594709,0.85000867,0.9852723,1.026964,1.089255,1.0453053,0.9905775,0.8233154,0.8273704,1.0703046,1.0304434,1.090193,1.115324,0.92016923,1.0095401,1.0707624,1.0446098,1.013453,1.1673101,1.016695,0.7977197,0.77372724,1.0165969,1.0191171,0.8816202,0.91405535,1.0791512,1.1634104,1.1833613,1.0292178,1.0187993,1.1628423,0.8683578,1.0225227,0.94158435,1.0338286,1.1671631,1.099827,1.1663187,1.1271265,0.85455513,0.96333414,1.0595751,1.0161978,1.1619155,1.1590092,1.1014442,1.2200881,1.114201,1.211549
broom,1.3546853,1.0122918,0.99526,1.3081627,0.9578506,0.93416417,1.1781578,0.82684696,1.1534204,1.1077112,1.249207,0.7605185,1.0070546,1.2549176,1.031222,1.2427219,1.1567763,1.0667074,0.81915915,0.89886886,1.0224435,1.0853565,0.0,0.7748067,0.8171181,0.64762616,0.75768703,0.95510334,0.9660997,0.7643797,0.6979844,0.7715851,1.0564325,1.0063099,1.0629594,1.1481682,1.2486849,0.60749114,0.9160934,0.8202845,1.0456575,1.1863444,1.1363429,0.7483475,0.89967746,1.1809506,0.96989506,0.84314555,1.0387571,1.0104634,1.2493886,0.95178413,0.7276602,0.76887566,1.0595635,0.61985934,1.098862,1.1028577,0.83077145,1.0851024,0.98464334,1.2094622,1.190471,0.9198894,0.97593015,0.7372746,1.3078454,1.017734,1.3112335,0.8583275,0.49508166,0.5421644,1.2402213,1.3405998,1.0571215,1.1008157,0.9504154,0.6011598,0.8312198,1.0806482,0.8116061,1.0131325,1.1728369,1.3046244,1.2707665,1.2123945,0.61686665,0.61424524,1.1388161,1.1304919,0.8168053,1.202909,0.73409283,0.82489383,1.1454021,1.0667338,0.9329926,0.96491,0.9800436,0.8086654,0.7460699,1.1768883,1.0527378,1.1453221,1.3034344,1.1187739,1.265907,0.9413992,1.0855877,1.2191606,0.8454354,1.0577254,0.8932211,1.0498648,0.65144515,0.906003,1.0679245,1.0450977,1.3242621,1.2881477,0.9423436,0.9306442,0.99541736,1.0317941,0.60868776,1.0137572,0.9804203,1.0367098,0.38654387,0.87700033,0.6935159
bucket,1.4339237,0.9746755,0.74056053,1.2948568,0.6776678,0.72765255,1.1943252,0.54258007,1.0339284,1.3644751,1.3996892,0.8060597,1.1468071,1.1594288,0.86257577,1.4241315,0.8792876,1.0357102,0.4614817,0.12585133,0.6384007,1.1973333,0.7748067,0.0,0.9584293,0.3655119,0.58968735,1.1116126,1.281256,0.808835,0.5171293,0.8121035,1.2821203,0.8218472,1.0313003,1.233097,1.2687442,0.7035122,1.081296,0.2337184,0.8168764,1.1985073,1.0495249,0.9651317,0.95889205,1.3167365,1.1194028,0.8832847,1.2904025,0.9394908,1.3729999,1.0671431,0.8555502,0.63224113,0.96285295,0.7624861,1.0828528,1.176426,0.88549614,0.95649993,0.8538507,1.2888966,1.2630259,0.8248954,0.95152164,0.85831004,1.4031049,0.5681704,1.4624897,1.0172564,0.74942166,0.57084095,1.2969992,1.293153,1.2198846,1.2146807,0.86849296,0.6454817,1.0725328,1.0179453,0.85358787,0.8401209,1.3397958,1.4529755,1.4463766,1.1999098,0.79462457,0.7466671,1.2144952,1.2440386,0.8253164,1.2671231,0.7497008,0.4154235,1.0464848,0.769372,0.91506547,0.65675104,0.9102905,0.9582478,0.7682773,1.3195007,1.2801758,1.1526684,1.4144516,0.85414606,1.3937287,1.070571,0.7880186,1.3381096,0.75257754,1.2337435,0.59429145,0.94090444,0.78114164,0.8179427,0.88287926,0.9670454,1.3807111,1.1517621,0.3150766,0.9485417,1.0956775,1.1685615,0.71522975,0.632192,0.89721334,1.0919642,0.69421667,0.78953743,0.74486655
butterfly,1.0136319,1.0781035,0.9468176,1.386739,0.844053,0.8928317,0.9062317,0.97422737,1.3611819,1.0445948,1.2785525,0.9620166,1.3636885,1.1518072,0.69655955,1.2944378,0.89851665,0.70619965,0.88169754,0.93761265,0.9102586,1.0099484,0.8171181,0.9584293,0.0,1.0296272,0.9212424,1.0148603,1.0448561,1.1467042,0.7627398,1.0455235,1.1506672,1.1582196,1.1038156,1.2811794,1.1846734,0.7904874,1.1056873,0.9172515,1.0628617,0.837551,0.7629112,1.128991,1.1652722,1.1527537,1.0313346,0.7301059,1.1056255,0.9793401,1.036876,1.0737952,0.802475,0.8110834,1.0799576,0.81723285,0.4970768,1.0382771,0.93714714,0.9937209,0.82970715,0.99135154,1.215872,0.75972927,0.7544044,0.86149365,1.1304896,0.88508755,1.3617985,1.2328558,0.9132808,0.7478571,1.238781,1.2153828,1.0192671,1.0533328,0.9691268,0.98558056,1.0093875,1.0270351,0.7544993,1.0899072,0.9569095,1.263371,1.3933293,0.9813007,0.8565851,0.9220553,1.0014132,1.000483,1.0755517,1.0124384,0.7503756,0.8160126,0.83846384,0.92539984,0.91420096,1.0091469,0.94597137,1.2218565,0.6745604,1.195986,1.1881769,1.0613377,1.2327677,0.9550109,1.338242,1.1482992,1.3709887,1.107024,0.94186026,1.1048645,0.8812994,1.1245275,0.8134315,1.0053416,0.94951034,1.1021909,1.2102512,1.2590601,0.8576931,1.0012231,1.0645235,1.1276114,1.0185403,0.654161,0.82862294,1.0205222,1.0258842,0.95789456,0.83320844
can,1.5483152,1.0841048,0.80964047,1.2534324,0.8686507,0.76691073,1.4273819,0.52172637,1.0480325,1.3372766,1.3304691,0.6155756,0.9327948,1.2476946,1.0761571,1.4107246,1.0165453,1.051756,0.48729587,0.6128037,0.5588377,1.2004843,0.64762616,0.3655119,1.0296272,0.0,0.54822814,0.980231,1.0556071,0.57349956,0.5613641,0.549618,1.2268493,0.8218528,1.0368037,1.0021695,1.3200531,0.6606488,0.9452691,0.42676723,1.0582429,1.3262722,1.284222,0.55642796,0.78185564,1.2722728,1.118824,0.910426,1.2072356,0.9897075,1.3528382,1.0569685,0.74974465,0.66733724,1.0242075,0.7716751,1.3100328,1.0966744,0.8403362,1.2051935,1.0537611,1.2659805,1.3310894,0.87214077,0.99372524,0.980376,1.38133,0.7790451,1.4513831,0.8236823,0.55243134,0.50885594,1.2625923,1.5036181,1.3071915,1.2539473,0.8754673,0.42932922,0.92846966,1.1387515,0.8470727,0.6641898,1.3173835,1.455477,1.3260665,1.1873529,0.6986465,0.6928345,1.1936554,1.2153559,0.5219518,1.2875261,0.81503797,0.5873993,1.2026592,0.9682986,1.027202,0.6014828,0.9066551,0.4676485,0.78968394,1.2103266,1.1146357,1.3605708,1.3297589,1.0325388,1.2705634,0.7829539,0.87698764,1.352408,0.733172,1.0827905,0.56842077,0.98749316,0.8241399,0.8224735,0.97392756,0.93214285,1.363092,1.0963461,0.6995549,0.9184413,1.0046763,1.2859477,0.49802893,0.9752403,0.9389313,1.1575626,0.41189772,0.69596004,0.64703286
car,1.3774357,1.179694,0.6937595,1.3564675,0.6827287,0.6660075,1.2840188,0.49334818,1.1281829,1.2013861,1.1849613,0.74863434,1.0773642,1.2238203,0.9135118,1.2836244,0.9772076,0.8794961,0.3750593,0.6906036,0.7498241,1.2373226,0.75768703,0.58968735,0.9212424,0.54822814,0.0,1.0836242,1.0907521,0.78068733,0.5011002,0.89042866,1.2264918,0.97198164,1.2092223,1.0618099,1.3533864,0.5861032,1.0022893,0.54029906,1.1677775,1.1762415,1.1935601,0.9442293,0.9999862,1.2230631,1.243126,0.7580238,1.1077464,1.016711,1.2162914,1.2054517,0.64989614,0.39633596,1.0888618,0.7107464,1.0309732,0.919196,0.8875616,1.0487398,0.95174253,1.1664983,1.4372634,0.74999124,0.99957055,1.0788903,1.2581347,0.90913653,1.3481839,1.068616,0.6408229,0.6234304,1.3011827,1.447763,1.2609875,1.2293513,0.7618364,0.60065544,1.1400383,1.1070764,0.62325966,0.79862285,1.2242234,1.3039927,1.3292391,1.0900227,0.64697194,0.79704976,1.3362327,1.1889862,0.641802,1.1637573,0.66750336,0.52724284,1.1943374,0.9391341,1.0317641,0.48381394,0.970638,0.88973117,0.7755569,1.138066,1.2322944,1.3326049,1.264947,1.0898709,1.3475287,0.91135097,0.97720844,1.0647177,0.6558867,1.1224794,0.69884104,1.2140683,0.9422206,1.0731316,0.89062196,1.0298032,1.2751168,1.1196136,0.8520406,1.0245128,0.96008897,1.2891582,0.6398269,0.74534607,0.89995587,1.0545965,0.65461063,0.6630124,0.6037158
carrot,1.1577923,0.871034,0.85120916,0.91882247,0.98853433,0.8604741,1.0980825,0.93263316,1.2060776,1.234546,1.0701238,0.6703642,0.854188,1.1413102,1.0971127,1.0105999,1.0799434,1.1278588,1.0413406,1.1316068,1.0784017,1.0140179,0.95510334,1.1116126,1.0148603,0.980231,1.0836242,0.0,1.0378455,1.0168829,0.99046195,1.0151861,1.1448402,1.122131,1.2186632,0.94640136,1.133074,0.78524387,1.1008795,1.0135274,1.1365131,1.1166086,0.98520637,0.99916106,1.0864275,0.99298656,0.8497462,0.8453504,1.1801692,0.9036133,1.0022401,0.73814845,0.6954042,1.0403078,0.99967724,0.96324027,1.0632029,1.0585837,0.8564588,0.97587734,0.95220476,0.91393596,0.8834455,0.8954222,0.96511626,1.114651,1.156476,1.0871639,1.0777699,0.93696094,1.0757262,1.0076107,0.9055286,1.0426568,0.9747861,0.83867955,0.84916735,0.8985776,0.76871157,0.89513487,0.8461185,1.0453643,1.1792859,1.1211756,0.9443741,1.1792126,0.81164753,0.8379302,0.9747629,0.89659625,0.7277639,1.1071224,1.0991113,0.99072313,0.92336375,0.8371844,1.0564911,1.0051997,0.93439394,1.0766125,0.9019711,1.0763552,0.9484335,1.0708835,1.1074355,1.04145,1.0034187,1.1550089,1.1129029,1.0779905,0.8509915,1.1616037,0.86556053,0.9513987,0.9256857,1.0585107,0.74744856,1.1020437,1.0651941,1.1892645,1.0753355,0.7698641,0.7956481,1.0535744,0.8611834,1.1074286,1.1540755,1.2103882,0.9651632,0.93041515,0.9275917
cat,0.9482484,1.1868075,1.0679749,1.0317447,1.1051642,0.9619595,1.1186247,1.1031286,0.92925024,0.523982,0.95980924,0.81044054,1.0392013,0.9719432,1.0494146,0.93859416,1.2143639,1.1711519,1.078503,1.2361641,1.2588692,0.8788621,0.9660997,1.281256,1.0448561,1.0556071,1.0907521,1.0378455,0.0,1.1571525,0.96918607,1.0269909,0.80137503,1.0885777,0.9676139,1.0440555,0.97663325,0.9970733,1.1463677,1.1250875,1.0091689,0.9107175,1.2059335,0.8921264,1.0768068,0.99706274,1.0522808,1.076163,0.46338677,1.0550821,0.9885498,1.151879,0.8133638,1.0354468,1.1484833,0.7983041,1.036929,1.007265,1.002087,1.1668645,1.3052955,1.0729327,1.1118507,1.1228479,1.0966555,1.1358466,0.86778224,1.1396458,0.9090114,0.8613609,1.0204293,1.003952,1.1748152,1.1304044,1.0531008,0.95895046,0.9787291,0.9821676,0.93981117,1.1172012,1.0167655,1.1590251,0.585189,0.9417859,0.8863867,1.0737778,0.9718109,1.1185386,0.91705626,1.1444887,0.8760777,0.9686427,1.1256897,1.0779266,1.0093061,1.2217686,1.2136428,1.0894562,0.9171986,0.82848436,1.0411065,0.85708994,1.045554,1.222183,0.91232216,1.2146636,0.8906361,0.5424545,0.94757545,0.9970835,0.9610427,0.5044909,1.0885608,1.1147494,1.0674067,1.1405959,1.0907326,1.1774766,1.0516407,1.0370342,1.275181,1.0833652,0.89636457,1.1099364,0.9823767,1.3317438,1.140697,0.82942677,1.0418233,0.87300473,0.834147
