,alligator,ankle,apple,arm,ball,balloon,banana,basket,bathtub,bear,bed,belt,bench,bib,bird,blanket,boat,book,bottle,bowl,box,bread,broom,bucket,butterfly,can,car,carrot,cat,chair,clock,closet,coat,coffee,comb,cookie,couch,cracker,crayon,crib,cup,deer,dish,dog,doll,door,drawer,dress,egg,elephant,eye,face,finger,fish,flower,foot,fork,frog,giraffe,glass,glasses,glove,gum,hair,hamburger,hand,hat,helicopter,horse,hose,jacket,jar,jeans,knife,ladder,lamp,melon,milk,mitten,mop,motorcycle,mouth,muffin,nail,napkin,necklace,nose,orange,oven,owl,pajamas,pants,paper,pen,pencil,penguin,pickle,pillow,pizza,plant,plate,pony,pumpkin,purse,radio,raisin,refrigerator,rooster,scarf,scissors,shirt,shoe,shorts,shovel,shower,sink,slide,slipper,snow,soap,sock,spoon,sprinkler,strawberry,stroller,sweater,table,tape,toe,tooth,toothbrush,towel,toy,tray,truck,vacuum,watch,window
alligator,0.0,1.288064,1.0044874,0.9867541,1.0445505,1.1132939,0.64231175,1.1082919,1.0715774,0.98057914,0.9183722,1.1572369,1.0482018,0.7899467,0.89666986,0.9417161,0.8991998,0.7003464,1.22014,1.2138983,0.98211837,0.93362176,1.3192576,1.1913539,0.67411405,1.4122767,1.187158,0.9580412,1.090219,1.2764282,1.1618379,1.1607263,1.0942951,1.0299835,0.9850595,0.98971885,1.0495104,0.8043199,1.0489198,1.0595053,1.2833749,0.62288386,0.98594594,0.61183083,0.717429,1.2117705,1.1201845,0.8691305,1.0471703,1.0435168,1.1226759,1.029136,1.1976076,0.93622017,1.1255411,1.0451176,1.064719,0.27835834,0.9715083,1.2675734,1.2695711,0.9589127,0.81213,1.0492662,0.96241856,0.98173696,1.1969962,0.8301095,0.66368395,1.0939353,1.1019751,1.1661215,1.0498402,0.97814804,1.1270409,1.2042202,0.797403,1.0532488,0.6979202,1.1863767,0.95606995,1.0874492,1.0126524,1.2535139,1.1672225,1.2493103,1.2813094,0.9311536,1.2444758,0.7856284,0.97026765,1.0586287,0.76651114,1.1018971,1.1419272,0.8725288,0.8571644,1.2622144,0.833577,0.94145405,1.0172704,0.5328463,0.99616456,1.0452675,1.2042503,1.0205208,1.2106501,0.57685935,0.94702625,0.6986245,1.1092901,1.0702959,1.0447801,1.0068302,0.99148893,1.2061574,0.9658017,1.2214885,0.83760273,1.1538135,1.104401,1.1168877,1.1901702,0.8585404,1.1333117,1.0370762,0.7998214,1.1858227,1.245432,1.1759915,0.936698,1.2348306,0.7739938,0.82210153,1.0287498,1.2261562,1.2364054,1.1522753
ankle,1.288064,0.0,0.89529973,0.8096291,0.93117845,0.87366486,1.1506373,1.2677708,1.1778666,1.1017133,1.3267289,0.9683722,1.2147607,1.1632361,1.0266072,1.0963054,1.1361167,1.267838,0.9988278,0.919077,1.2417423,1.1476978,0.9039713,1.0140438,1.0788827,0.83576345,1.0576113,0.8816892,1.0387415,1.0546058,0.99328846,1.1895132,0.9471052,1.1152282,1.113232,1.0165157,1.2155534,1.0804418,0.85460746,1.3412967,0.951677,1.0871769,1.0881906,1.2038022,1.0866464,1.2007351,0.9389265,1.0356886,0.81792104,1.1344403,0.80927867,1.0701429,0.5580298,0.9057745,1.1052674,0.6431761,0.9391775,1.2038908,1.2267995,1.0308372,0.79805166,0.57488227,0.9926276,1.0149091,0.9621077,0.88501036,0.7571802,1.1613452,1.0860956,1.0755023,1.0373962,0.93574464,0.8712919,0.9388168,1.0972732,1.0310392,1.1120254,1.0504026,1.1094338,0.8828995,0.97065586,0.79190844,0.6799058,0.8508884,0.7676614,0.5973151,0.73149776,0.89461505,1.072001,1.1331402,1.0507557,0.7962923,1.2963672,0.89804804,0.97523594,1.1410089,0.81025016,0.73877513,1.1437894,1.2133683,1.0231308,1.0474831,1.0243496,0.8607162,0.81916666,0.8676426,1.2188797,1.1355869,1.020489,1.142658,0.9365498,0.61198545,0.7204909,0.8354192,1.2540805,1.0263165,1.188922,0.60014963,1.1639906,0.8924114,0.44139218,0.9640818,0.70919675,1.0010909,1.051414,1.0519358,1.4052751,0.8379606,0.556072,0.8320395,1.0349349,0.7177577,1.1976056,1.2401484,1.0166701,1.1165732,0.91502464,1.2267842
apple,1.0044874,0.89529973,0.0,1.3914913,0.18877614,0.36583793,0.9061427,1.2298034,1.4821103,1.1823721,1.582295,0.5789404,1.5639039,1.4199305,0.8061395,1.5592854,1.3429238,1.2427355,0.46590257,0.6361307,1.3156359,0.9258849,0.97212654,0.85984963,0.7017166,0.96517307,0.9327331,0.9186028,1.1663544,1.50792,0.4997226,1.183995,1.2202525,1.20533,1.3251449,0.9139515,1.5210508,0.77350044,0.46682405,1.4825182,0.45776415,1.0444956,1.0215156,1.4139831,1.0618014,1.2910894,1.093642,1.1344572,0.46787047,1.3153518,0.97549635,1.2244151,0.82966834,0.4252404,0.5542719,1.1048987,0.71648926,0.75180155,1.2338508,1.052201,0.60294485,0.9885243,0.83052546,1.220455,0.84547853,1.2764622,0.6277202,1.083344,0.874516,1.3249606,1.4154625,0.6820632,1.4884396,1.2385947,1.1875086,0.63642216,0.9848636,0.9638679,1.2814626,0.99248874,0.9984054,0.9594825,0.7529651,0.4666798,1.0610782,0.64798814,0.6571467,0.30175674,1.1596249,0.6529811,1.5719261,1.418695,1.3445499,0.63039154,0.6181561,1.1323748,0.57864785,1.0660398,1.2834319,0.9840402,0.8373498,0.9364752,0.17447102,1.3623258,0.65261436,0.6997128,1.3811786,0.9121851,1.4748513,1.1134908,1.3706884,1.2645031,1.3472966,0.99004793,1.3308787,1.2662266,1.4746652,0.5895839,1.2014549,0.46832544,1.1802601,0.73869634,0.9881815,0.48713773,1.2020928,1.3933218,1.5048786,0.514852,0.6571388,0.693113,1.3128264,1.0097907,0.7547115,1.3397131,1.0381265,1.2191387,0.60422754,1.3876281
arm,0.9867541,0.8096291,1.3914913,0.0,1.3289485,1.3352007,0.92261875,1.1213105,0.7461449,0.90611434,0.67335165,1.3324051,0.6937184,0.65169376,1.1635429,0.57422686,0.77016085,0.9348525,1.3717144,1.3616369,0.96768177,0.9748242,1.1779568,1.23641,1.2818134,1.1269495,1.3538227,0.888634,0.9421238,0.76834965,1.4356841,1.0105907,0.81258655,0.88549376,0.8092822,1.0742668,0.7290923,1.0174828,1.3820817,0.8525802,1.3807484,1.1310575,1.0823994,0.78058565,1.0751275,0.9311442,1.0355422,0.9904647,1.1816483,0.8088002,0.9858488,0.7750051,0.6951376,1.4029009,1.3709457,0.66699076,1.2762678,1.3164084,0.94423705,1.0277599,1.2884238,0.78761566,1.0648307,0.8039422,1.0931805,0.36311746,1.3206456,1.0975062,1.2715294,0.96068484,0.6027589,1.2195125,0.5031293,0.6807579,1.0843102,1.3178275,0.9084873,1.0852292,0.73487973,1.0788536,1.1354722,1.0231428,0.93983275,1.274013,0.9489092,1.1499935,1.0553508,1.305778,1.0039093,1.1958444,0.48816633,0.5496392,0.74684453,1.3034326,1.2765356,1.0169713,1.0936904,0.9142546,0.71823573,1.0750034,1.2742072,1.1853693,1.3476431,0.83027196,1.369966,1.3244877,0.8201848,1.1875991,0.60708517,1.0389553,0.5261927,0.6625537,0.48298085,0.97020924,0.8405647,0.8872234,0.6834252,1.279592,0.9444949,1.3171078,0.61270493,1.2891597,1.0072607,1.2377123,1.0900947,0.57442117,0.73245513,1.4415463,0.91735476,1.1642152,0.7427649,1.0482175,1.2874401,0.93857217,1.0952919,1.077805,1.2721858,0.8554056
ball,1.0445505,0.93117845,0.18877614,1.3289485,0.0,0.17295247,0.85477155,1.0706275,1.3757353,1.1724671,1.4187257,0.78103447,1.4550726,1.2675505,0.8137126,1.4095247,1.1754497,1.1948267,0.5522274,0.65315354,1.2401277,0.94796675,1.0190693,0.7694265,0.8116603,1.0264157,0.9646256,0.9537767,1.2420268,1.4488976,0.57273686,1.1382761,1.1638817,1.1682495,1.3333462,0.77049154,1.4066857,0.8174281,0.68038034,1.3482741,0.56300735,1.0407999,0.91310376,1.3193966,1.0484953,1.2866718,1.1652867,1.1909525,0.35869217,1.2549672,1.0357488,1.1819875,0.9495746,0.661183,0.58430034,1.0702863,0.91507536,0.79982907,1.1611708,0.99166495,0.8030393,0.9645449,0.7713265,1.1818712,0.7923955,1.2759178,0.71489346,1.0440291,0.91795427,1.2294657,1.3443947,0.73689777,1.4055059,1.294794,1.2065655,0.6551161,0.85052395,0.9375449,1.1371913,1.0727197,0.9596347,1.0451778,0.7965421,0.6223482,1.119159,0.89985657,0.7623068,0.41613132,1.1510426,0.7427494,1.4573417,1.3534675,1.262301,0.83275914,0.81914145,1.0341346,0.78317416,1.1306928,1.2223489,1.0392175,0.80291367,0.9794119,0.23490715,1.3227205,0.6945704,0.8461343,1.319458,0.97310466,1.3936458,1.076355,1.3098642,1.1993127,1.3468523,1.0594028,1.2355425,1.2290584,1.349055,0.75861573,1.0798787,0.61512566,1.1187887,0.87614787,1.0072616,0.74324536,1.0772389,1.3195008,1.3489926,0.52417964,0.8100153,0.90037435,1.2411377,1.0528746,0.5760159,1.2773638,1.1439077,1.1717215,0.77503824,1.3325362
balloon,1.1132939,0.87366486,0.36583793,1.3352007,0.17295247,0.0,0.9959058,1.0141951,1.3264265,1.1655897,1.3992269,0.73208076,1.3964579,1.316195,0.7731086,1.3993906,1.1235986,1.182619,0.5780979,0.6188764,1.1947501,1.0111848,0.9469579,0.6942377,0.8486178,0.9228765,0.91662645,0.96044177,1.1760352,1.3106194,0.5660703,1.131987,1.130364,1.1983452,1.3340361,0.80536246,1.3754302,0.9906626,0.6715202,1.3112383,0.5982819,1.0848063,1.0007977,1.2830455,1.0492054,1.2608719,1.0968326,1.1731328,0.44225836,1.1881808,1.0821092,1.186203,1.0116324,0.6792814,0.61339724,1.0442932,0.92408496,0.8421885,1.1737235,1.0258846,0.8188045,0.9219047,0.8753784,1.1709847,0.8330674,1.2941443,0.63335526,1.0440929,0.87264705,1.0777293,1.2746289,0.80350655,1.3318441,1.3125751,1.1621441,0.6483509,0.8839092,0.96292365,1.1865761,1.0118233,0.9252539,1.0735856,0.8191576,0.6782098,1.1208444,0.88350105,0.8440421,0.56486917,1.1171172,0.7975458,1.4370892,1.2953601,1.2851617,0.84202206,0.8573051,1.0078579,0.84497446,1.0675116,1.336164,0.9976829,0.83499885,0.9779752,0.43975437,1.2017064,0.67787707,0.8695389,1.2421802,0.9758619,1.3724146,0.9218424,1.2633537,1.1372786,1.3002892,0.98186576,1.2352734,1.1580447,1.2453612,0.76620567,1.0776032,0.6674465,1.0574331,0.8921221,0.9909967,0.7234718,0.9648513,1.2761045,1.3249215,0.50688624,0.8808968,0.9895234,1.1523784,1.0187073,0.572037,1.252249,1.2033248,1.0050445,0.8237643,1.2884898
banana,0.64231175,1.1506373,0.9061427,0.92261875,0.85477155,0.9959058,0.0,1.0655682,0.93785393,0.93400943,0.95524293,1.262515,1.0123292,0.593976,1.1183934,0.8323554,0.6812085,0.9885797,1.2860798,1.0324342,1.0945414,0.818902,1.2255068,1.0989228,1.0723506,1.38856,1.2180706,0.7229847,1.0854783,1.2279272,1.2367157,1.186741,1.0418937,1.0163858,0.8565797,0.8615658,1.0836201,0.7950632,1.1305835,1.1031506,1.2363482,0.9994617,0.9646669,0.8753693,1.0079287,1.2069846,1.1715236,0.9960969,0.83844596,0.9168539,1.0176214,1.0222634,1.0219469,1.0652375,1.2203519,0.9788191,1.1122401,0.71843445,0.879092,1.0399573,1.2806126,0.75869524,0.6930069,1.0370481,0.8998991,0.8196189,1.2600648,1.0233564,1.057102,0.9052651,1.0337782,1.1892107,0.94305515,0.80325854,1.3127346,1.2735779,0.59118825,1.0801775,0.5032156,1.1880445,1.0728127,0.9657442,1.0021781,1.2076745,0.993235,1.1995592,1.1427115,0.75904644,1.2019373,0.90481305,0.7514379,1.0269572,0.91565096,1.1849296,1.1796027,0.8546715,0.58451676,1.2782159,0.8957125,1.0630682,0.85368717,1.0911685,0.9574529,1.0037884,1.2236079,1.1914184,1.1361053,1.09199,0.97334427,0.6657673,1.0230193,0.91851854,0.8803262,1.0552603,0.96402335,1.0522178,0.9180481,1.1491612,0.80287755,1.199548,0.93195474,1.1858277,0.93202907,0.93725306,1.1397564,1.0118923,0.85659295,1.0843902,1.1154976,1.1284053,0.6653956,1.1460342,0.7187184,0.9180234,1.1429349,1.1713017,1.2274704,1.1508616
basket,1.1082919,1.2677708,1.2298034,1.1213105,1.0706275,1.0141951,1.0655682,0.0,0.60499823,1.2030666,0.739355,1.1788461,0.6705978,0.9526934,1.0410179,0.8988759,0.8399811,0.74420834,1.0257753,0.653125,0.491893,0.91387874,0.9185792,0.48531199,1.1426085,0.68684936,0.6958099,1.0406612,1.2179503,0.5569519,0.9392575,0.72620666,1.1695206,0.84987557,0.80642533,0.89050436,0.8194957,1.0001818,1.185957,0.39297533,1.0408691,1.0904161,0.8150066,1.116752,1.0124314,0.7943067,0.9583039,1.1510057,1.1010635,0.9788421,1.3577169,1.1531347,1.4065043,1.333287,0.89362144,1.1148878,1.1526217,1.0895934,0.83433414,0.7945188,1.3321792,1.0541097,0.91204923,1.1751828,0.9662527,1.2009046,1.1956714,1.0016578,1.0626047,0.85261244,1.1392069,0.9251302,1.1984471,1.0157361,0.64208776,0.86451286,0.87925375,0.88068265,0.9957692,0.8611313,1.0308372,1.3255652,1.0966352,1.313071,0.89304346,1.3827846,1.3402667,1.2226256,0.6765695,1.0511984,0.95943236,1.2249501,0.8282831,1.2210165,1.2634066,1.0311693,1.286284,0.9931772,1.002659,0.83427346,0.73742765,1.0680369,1.0614064,0.857546,0.8553647,1.279842,0.6834942,1.0325454,0.9407955,0.86369634,1.2008375,1.0349584,1.3174663,0.8892999,0.7364521,0.7072566,0.68534076,1.2715608,0.99589765,1.1716028,1.0230345,1.0663413,1.1565619,1.1499032,0.5172157,1.1821539,0.71598566,0.8880018,1.4368322,1.4047087,0.89570177,0.83190984,0.6306716,0.6017756,0.9635335,0.5921769,1.2923319,0.86737764
bathtub,1.0715774,1.1778666,1.4821103,0.7461449,1.3757353,1.3264265,0.93785393,0.60499823,0.0,0.88077337,0.425492,1.3382398,0.24940479,0.6523241,1.303335,0.5082288,0.40502334,0.8595828,1.4067347,0.9392753,0.6134207,0.8461282,1.1927899,0.8330404,1.3467674,0.9105813,1.0908498,1.0715787,0.8978958,0.46182752,1.3506906,0.72681344,0.9428615,0.86927706,0.64779043,0.99237895,0.51544565,1.1725737,1.477196,0.55624473,1.2898512,1.115503,0.8647405,0.84045434,1.1994953,0.6060001,0.8781168,1.0721235,1.2256749,0.76711255,1.1418462,0.92834914,1.3205583,1.4906433,1.3535748,1.1961435,1.2758939,1.3444388,0.66156983,0.8062662,1.461697,1.0958834,1.1746507,0.9902398,1.2425382,0.93709934,1.5028663,1.0553973,1.2122272,0.7530767,0.7190885,1.1815096,0.6767524,0.716864,0.974766,1.2252152,0.8918772,1.12679,0.79392016,1.0413177,1.1152531,1.1833742,1.2180552,1.4382602,0.8308381,1.4267628,1.4015298,1.387517,0.69008356,1.2608628,0.63792115,0.7234474,0.6369474,1.3418039,1.3321073,1.010436,1.2765368,0.94354117,0.78948784,1.0219803,0.90207064,1.2195526,1.3421651,0.63237405,1.3015385,1.3164421,0.55883193,1.1752908,0.6496231,0.9087078,0.77696025,0.9623927,0.7788404,1.1471777,0.6185789,0.401559,0.518755,1.4301108,0.70884836,1.3559864,0.9842912,1.2479208,1.1060448,1.2587365,0.87196755,0.76131016,0.52515346,1.2354054,1.4157339,1.3186852,0.712327,0.94131714,1.1628442,0.68223333,1.0308757,0.8487253,1.3847531,0.7024481
bear,0.98057914,1.1017133,1.1823721,0.90611434,1.1724671,1.1655897,0.93400943,1.2030666,0.88077337,0.0,0.7999484,1.0442885,0.927062,0.8118578,1.0860478,0.72336996,0.8891692,1.0392714,1.2554867,1.2914774,1.0950668,0.9443117,1.2128935,1.3218184,1.1187785,1.2409866,1.15837,1.0895007,0.442532,1.0336834,1.1914699,1.1091024,0.7176099,0.96242225,0.8574618,0.94188714,0.8812698,1.2054853,1.2507114,1.0572897,1.1954156,0.98087937,1.0220692,0.51079303,0.9829757,0.96734893,1.0954516,0.9490046,1.0521809,0.7230941,0.97410786,0.7916947,1.0248393,1.1335795,1.1822671,1.0896577,1.125687,1.0467653,0.6898438,0.94487923,1.1098824,1.1210588,1.1822307,0.8602038,1.2257463,0.8968547,1.1506524,1.0818224,0.95714855,1.0045416,0.7095069,1.2558593,0.64484334,0.9229118,1.2054917,1.2189333,0.9563533,1.2024529,0.8519285,1.0888826,1.129932,0.97144,1.0629414,1.0734061,1.1625308,1.0312921,0.9657261,1.1471587,1.1582633,1.1266229,0.74888754,0.66854143,0.9132117,1.1385336,1.0536547,0.9943346,1.0092008,1.0427366,0.8418149,1.0648943,1.1946528,1.0284882,1.181805,0.94488597,1.2187171,1.0465806,0.9699998,1.0042257,0.90148443,1.1363462,0.7134324,1.1076186,0.76501644,1.27342,0.9936102,1.0145993,0.97347665,1.1491678,0.734666,0.9992935,1.1401901,1.1279663,0.9829131,1.0960201,1.2472693,0.7357478,0.8976987,1.2701781,1.0345979,1.0289223,0.95584476,1.2173238,1.2476091,1.0656183,1.0779272,1.1846737,1.0731187,0.828449
bed,0.9183722,1.3267289,1.582295,0.67335165,1.4187257,1.3992269,0.95524293,0.739355,0.425492,0.7999484,0.0,1.4054834,0.26553977,0.4040122,1.2916985,0.23706043,0.48219824,0.63183916,1.4844897,1.3751085,0.61726844,0.9314079,1.2109762,1.1810645,1.3458357,1.2616227,1.1827104,1.2808974,0.87610346,0.5380508,1.4690428,0.71897316,0.81978047,0.93019676,0.8000078,1.0982558,0.22482371,1.2009505,1.589624,0.28893584,1.511742,1.0244187,0.9212684,0.54578173,0.8940524,0.6340076,1.1509849,0.9151012,1.2992295,0.59645325,1.1142893,0.7095284,1.3939475,1.5524508,1.3830156,1.136961,1.4354672,1.2599964,0.68370205,1.0295107,1.5531588,1.2042651,1.2179812,0.7855549,1.2891848,0.9259904,1.4721029,0.9529732,1.1812303,0.7612009,0.521447,1.3907974,0.4697932,0.94788677,0.91598034,1.3901911,0.8525419,1.1084312,0.6562853,1.2430594,1.0112445,1.2293642,1.298858,1.4774507,1.1768163,1.568779,1.4156003,1.4860661,0.8522526,1.2487677,0.44633496,0.5250194,0.51672006,1.4998288,1.401497,0.9256711,1.3325137,1.0439701,0.6669726,0.9303875,1.1971464,1.1589032,1.4041373,0.72179735,1.4609138,1.3247582,0.62461436,1.1105225,0.4951778,0.97589344,0.6139801,0.99594593,0.7277207,1.2552956,0.36130613,0.8460973,0.37384427,1.5674584,0.7671965,1.4233158,1.058777,1.3723503,1.2234981,1.3467817,0.79681706,0.5436923,0.21753705,1.5298622,1.4944261,1.3713297,0.918243,1.2290485,1.0756968,0.59699345,1.0722669,0.8757943,1.3946942,0.50760674
belt,1.1572369,0.9683722,0.5789404,1.3324051,0.78103447,0.73208076,1.262515,1.1788461,1.3382398,1.0442885,1.4054834,0.0,1.3411961,1.4407983,0.8055083,1.4138885,1.3597033,1.1988739,0.28388017,0.670822,1.2388809,1.1517789,0.79902315,0.93064195,0.8674288,0.76706076,0.75476503,1.0679649,0.80566967,1.2268686,0.53670645,1.1593127,1.1435162,1.208139,1.1738999,1.1479248,1.323628,0.931332,0.24438858,1.3579754,0.29631644,1.1627564,1.2040168,1.3478572,1.1886828,1.1230332,0.88290864,1.1341354,1.0138758,1.0837971,1.0034288,1.2062469,0.91980165,0.28587288,0.57753277,1.1709442,0.4306321,1.0107214,1.1107333,1.2058053,0.30805445,1.0326738,1.113162,1.2017535,1.0475188,1.3146454,0.5525505,1.0704134,0.9680819,1.237526,1.2317545,0.7873131,1.2993147,1.125144,1.057476,0.6284827,1.2921655,0.9839929,1.392887,0.83072954,1.0478115,1.0574783,1.0754293,0.34068418,0.9380008,0.48280293,0.73360157,0.7653669,1.0563508,0.96996444,1.4508922,1.282394,1.2990876,0.24047184,0.20425117,1.1503788,1.0140998,0.7499855,1.3404938,1.0378629,0.89241445,1.0257771,0.69271255,1.2499063,0.6771437,0.50787675,1.2036986,0.9551374,1.4099305,1.0807387,1.2785482,1.2502817,1.2991995,0.9773138,1.2603986,1.1104352,1.3883461,0.4303022,1.0969951,0.49720657,1.1990397,0.44633782,1.1181269,0.8737668,1.2195771,1.2922101,1.3877015,0.633718,0.7228969,0.5046653,1.2170233,0.8404548,1.0436845,1.3151672,0.9740566,0.98088187,0.23503172,1.1310384
bench,1.0482018,1.2147607,1.5639039,0.6937184,1.4550726,1.3964579,1.0123292,0.6705978,0.24940479,0.927062,0.26553977,1.3411961,0.0,0.706466,1.3239886,0.44669545,0.51543593,0.8334623,1.4257792,1.2021399,0.61033106,0.93225145,1.0976125,1.0339949,1.4221178,0.9059463,1.0500981,1.0990137,0.8718284,0.26970577,1.4578991,0.650445,0.9411323,0.79306084,0.71410275,1.0705061,0.26173866,1.134429,1.4657438,0.36145622,1.3872715,1.1123673,0.9941419,0.7607931,1.1509589,0.48899662,0.81163496,0.99013984,1.3342354,0.7202174,1.149519,0.8812369,1.3431953,1.5282449,1.3593167,1.130646,1.2556978,1.4216967,0.76916575,0.9870014,1.4637942,1.144218,1.2762518,0.9322707,1.3461125,0.9410395,1.4652135,1.0627397,1.2484553,0.65017176,0.66951776,1.3235087,0.58576405,0.7068261,0.7341634,1.2739446,0.9496456,1.1232679,0.8148914,1.00587,1.0989699,1.1990749,1.2788584,1.4689589,0.8794813,1.4272182,1.415628,1.4606398,0.619555,1.3275696,0.6043745,0.62899625,0.67636436,1.31897,1.2999487,1.0115067,1.2716951,0.85959107,0.8012328,0.9793378,1.1498333,1.1983845,1.4323409,0.689674,1.2948874,1.2786319,0.42157185,1.168647,0.5699572,0.9089803,0.73475635,0.90111333,0.7228923,1.035976,0.46657562,0.5312347,0.40327287,1.4202902,0.804095,1.3789107,1.0182414,1.2194608,1.1115799,1.3278472,0.8034743,0.67496043,0.42188323,1.4112135,1.4452566,1.2961514,0.7172872,0.98443276,1.2440661,0.7110404,0.96602696,0.7231351,1.376272,0.55314136
bib,0.7899467,1.1632361,1.4199305,0.65169376,1.2675505,1.316195,0.593976,0.9526934,0.6523241,0.8118578,0.4040122,1.4407983,0.706466,0.0,1.3305256,0.27811658,0.48464078,0.60997224,1.5359898,1.3683721,0.68955773,0.8855186,1.321352,1.2260776,1.2609838,1.493696,1.3823986,1.013177,1.0037845,0.9838794,1.5161349,1.0733273,0.82094336,1.0143595,0.79991317,0.95993364,0.6690481,0.92428434,1.4998765,0.7769088,1.5519361,1.0146109,0.9006763,0.5830022,0.8324233,1.0705842,1.247801,0.8124608,1.1492432,0.69204164,1.0128382,0.78923786,1.1486915,1.4229243,1.5231844,0.92139524,1.4854279,1.0521713,0.7781012,1.0275244,1.4862878,0.9058638,0.8403655,0.8409678,1.0881034,0.6751592,1.4230833,0.94401616,1.2395746,0.8282064,0.5530652,1.3521012,0.5046812,0.85334426,1.3002683,1.5665268,0.5591448,1.1887348,0.35707778,1.3346627,1.0653052,1.0387094,1.1536953,1.3927076,1.0446671,1.371714,1.2800353,1.1979029,1.2142584,1.151018,0.28152758,0.552082,0.4770335,1.5210451,1.397311,0.87473977,1.0787065,1.2360765,0.5632464,1.1394889,1.0625045,1.1828346,1.369704,0.6313468,1.5564141,1.3302544,1.0071908,1.116376,0.54896456,0.87267864,0.5738976,0.80191255,0.5742469,1.3683436,0.6875138,1.0568434,0.6762401,1.4435439,0.74212694,1.4163188,0.8504168,1.5260497,1.1136168,1.1948287,0.94258,0.5747102,0.37975472,1.4602733,1.2736976,1.2507548,0.77265954,1.171949,0.866346,0.5769149,1.0732309,1.1856252,1.3457708,0.8985835
bird,0.89666986,1.0266072,0.8061395,1.1635429,0.8137126,0.7731086,1.1183934,1.0410179,1.303335,1.0860478,1.2916985,0.8055083,1.3239886,1.3305256,0.0,1.351433,1.2758121,1.033931,0.72728646,0.9874933,1.1647944,1.1111983,0.938108,0.95182574,0.34074968,0.95822144,0.9377345,1.1477726,1.1097071,1.1966858,0.61356354,1.031139,1.051998,1.1204,1.1312094,1.0322711,1.2837253,1.0971538,0.8164505,1.1801547,0.84749645,0.9089678,1.1212741,1.064344,0.9902007,1.1140156,1.0557554,1.1369702,0.7677578,1.1417354,1.0044343,1.1460433,1.0535934,0.8606885,0.5490919,0.93137765,0.87016237,0.70112795,1.0887827,1.1379278,0.8345456,0.9172048,1.1647892,1.1215045,0.7178228,1.2847306,0.764104,0.8704828,0.70496833,1.2002717,1.1653941,0.8908368,1.326752,1.1816821,0.9792756,0.565048,1.1013837,0.8725733,1.1981606,0.88986766,0.97546124,1.1323524,0.7800075,0.8872119,1.037327,0.9632474,0.91499656,0.94972247,1.0455058,0.8142512,1.3680456,1.317131,1.0573868,0.8098562,0.89587265,1.0033771,1.0806808,1.0189081,1.136239,0.7554823,1.0889689,0.8190292,0.84353423,1.2079341,0.68753475,1.0115969,1.1678454,0.8702884,1.2573246,0.89825106,1.1940624,1.1361778,1.4091072,0.76266307,1.1323311,1.1521882,1.2166505,0.91511905,1.0509889,0.95823944,0.999682,0.7718835,1.125735,0.82261574,0.9509913,1.2218168,1.2541627,0.8045822,0.9847122,1.0932313,1.2520576,0.931665,0.9219868,1.2179165,1.1504953,0.943742,0.9166922,1.1292093
blanket,0.9417161,1.0963054,1.5592854,0.57422686,1.4095247,1.3993906,0.8323554,0.8988759,0.5082288,0.72336996,0.23706043,1.4138885,0.44669545,0.27811658,1.351433,0.0,0.5188863,0.7961044,1.5421504,1.3785492,0.77467597,0.9191098,1.2526602,1.2550782,1.4002941,1.3167424,1.2718967,1.1268852,0.7884209,0.63631856,1.5431261,0.93435824,0.8170445,0.87633574,0.80978835,1.0696899,0.33161825,1.1268327,1.5609823,0.6393891,1.5546918,0.9962083,0.9350319,0.42620146,0.9779815,0.8513282,1.17194,0.8497962,1.2810879,0.58267903,1.0816693,0.7974123,1.2296206,1.4814496,1.455342,0.98302805,1.410225,1.2375782,0.7139293,1.0131158,1.4944566,0.90810865,1.1396077,0.851995,1.2540964,0.7814925,1.4552016,1.060834,1.209795,0.8145927,0.5028147,1.4083855,0.3690877,0.86180806,1.1851082,1.4907439,0.7232928,1.2026654,0.5137607,1.2106594,1.0618508,1.1645663,1.1825786,1.4341652,0.8430935,1.4097947,1.3280027,1.3822432,0.9927795,1.2714787,0.26208186,0.409289,0.6344199,1.4751519,1.3919683,0.95831335,1.2320728,0.7656714,0.48636508,1.0769007,1.1691314,1.1441466,1.4561911,0.51498246,1.4280151,1.2858248,0.80808157,1.1449858,0.40975797,1.0537444,0.5815691,0.83259845,0.543566,1.2118064,0.68717295,0.83985853,0.5927716,1.4463114,0.77333236,1.3559821,0.8316004,1.3929085,1.1067302,1.3373791,0.8766165,0.5541034,0.47457325,1.538877,1.3452876,1.3048592,0.8315459,0.94595855,1.1662004,0.71867806,1.0665605,1.0481688,1.3618014,0.71730924
boat,0.8991998,1.1361167,1.3429238,0.77016085,1.1754497,1.1235986,0.6812085,0.8399811,0.40502334,0.8891692,0.48219824,1.3597033,0.51543593,0.48464078,1.2758121,0.5188863,0.0,0.7900504,1.4226882,1.0362252,0.79275507,0.815743,1.2573966,1.0416721,1.2835665,1.2208989,1.0849075,1.0444411,0.99547577,0.7919679,1.3965535,0.9371962,0.8915806,0.92091656,0.8669994,0.9501108,0.6679015,1.0536728,1.4237573,0.7115723,1.4044309,1.0529021,0.93652064,0.7561049,1.0828092,0.8998744,1.1314136,1.0783758,1.1395886,0.82867527,1.055243,0.87330157,1.283842,1.3167528,1.3887044,1.1248528,1.4052129,1.1153427,0.76906276,0.985941,1.4645784,1.0730624,0.99055904,0.9347122,1.139454,0.88615996,1.3984985,0.97160834,1.15448,0.73891205,0.7356194,1.2466598,0.6111994,0.9076637,1.1688018,1.3968803,0.6832064,1.2458797,0.65406364,1.2031945,1.0291766,1.0699086,1.1606232,1.4021773,1.1020573,1.4316602,1.3679744,1.1878791,0.9357414,1.1100538,0.6091028,0.66396374,0.68263334,1.4087327,1.368864,0.9300847,1.1452512,1.1678971,0.76355517,1.1072451,0.8813537,1.1778874,1.2500317,0.6946849,1.3381847,1.2752084,0.782948,1.1105669,0.7637019,0.8455609,0.75416493,0.9484831,0.6672366,1.2403345,0.62450683,0.6547895,0.52944934,1.415756,0.6660323,1.3865194,1.018528,1.3569894,1.0863932,1.1555822,0.891931,0.6914945,0.46176016,1.3086804,1.3790164,1.3055692,0.7875453,1.2057129,0.8994748,0.6245245,1.1131078,0.99056613,1.354596,0.8194233
book,0.7003464,1.267838,1.2427355,0.9348525,1.1948267,1.182619,0.9885797,0.74420834,0.8595828,1.0392714,0.63183916,1.1988739,0.8334623,0.60997224,1.033931,0.7961044,0.7900504,0.0,1.1955136,1.1218201,0.36691976,0.81034625,1.2760663,0.91841245,0.97732216,1.2011518,0.9655331,1.0690737,1.2191017,0.9710865,1.2062037,1.002586,1.1176202,1.0142015,0.8652804,1.0215197,0.8460912,0.7921357,1.1806413,0.7762699,1.3097322,0.8456781,0.93518126,0.8271034,0.649361,1.0860802,1.0533065,0.9011582,1.1082276,1.0292623,1.1532773,0.9557401,1.3218629,1.2321738,1.1106384,1.1124345,1.2540275,0.7976271,1.0081538,1.0726554,1.3530014,1.2005963,0.7031105,0.9988368,0.99127966,0.95742065,1.3190982,0.84270006,1.0065037,0.963911,1.0612079,1.1556537,1.027616,0.9439572,0.9707736,1.1957419,0.8386254,0.84984684,0.83890545,1.0406308,0.8813784,1.2211888,1.1397806,1.349412,1.2226567,1.4148291,1.3568755,1.1586213,1.0221848,0.9255755,0.84269994,1.048651,0.25126767,1.2032003,1.2441667,0.9579127,1.2071067,1.2705832,0.7626309,0.95751834,0.86351335,0.94381875,1.1805314,0.9071009,1.1451471,1.2594112,0.99204755,0.83202255,0.85707295,0.7773236,1.048271,1.0523622,1.0927075,1.1221468,0.7962301,0.9372271,0.7579841,1.397321,0.8670546,1.3107862,1.0901638,1.2442704,1.2592028,0.9979852,0.80430067,1.0253481,0.3851186,1.1901141,1.4108484,1.3616815,0.889749,1.2482798,0.69582987,0.2350744,0.9370524,0.9897284,1.2665722,0.97784805
bottle,1.22014,0.9988278,0.46590257,1.3717144,0.5522274,0.5780979,1.2860798,1.0257753,1.4067347,1.2554867,1.4844897,0.28388017,1.4257792,1.5359898,0.72728646,1.5421504,1.4226882,1.1955136,0.0,0.56894594,1.2177039,1.1906407,0.59269404,0.6757211,0.7730557,0.6353966,0.6469076,1.0587566,1.0876691,1.2471788,0.38403934,1.0974061,1.1642852,1.1768155,1.2716405,1.1095812,1.3878574,0.80948627,0.27038264,1.3108312,0.10240042,1.1645656,1.1499772,1.4729975,1.1685946,1.135882,1.052887,1.1661484,0.8622359,1.2342538,1.0756344,1.2352345,0.919682,0.3793857,0.33022237,1.1218437,0.5426352,1.0178707,1.226271,1.1151032,0.33434165,1.0327159,1.054815,1.2246205,0.9150612,1.3838116,0.456959,1.0813919,0.9506171,1.2578719,1.3271718,0.5544805,1.4769118,1.2165375,0.9209489,0.4545188,1.2273834,0.81923604,1.4444491,0.9156087,1.0434151,1.1162167,1.0099107,0.27366227,0.92837065,0.6299894,0.6763702,0.73365307,0.9812055,0.90652823,1.5362426,1.4558189,1.3418572,0.3592111,0.3465023,1.1392417,1.0341454,0.8507801,1.3566481,0.96275383,0.8764281,1.0071155,0.5091456,1.3533478,0.52652967,0.6325382,1.1675011,0.9926855,1.4271755,1.1436727,1.3585777,1.2793713,1.4619429,0.8263353,1.2464547,1.2135571,1.3496133,0.47143257,1.25039,0.5555093,1.1839534,0.46848148,1.0607852,0.9031108,1.0627464,1.3667872,1.4292243,0.47712392,0.7062342,0.59556824,1.3051779,0.7792875,0.84031916,1.355597,1.0154644,0.88942444,0.2612599,1.2124153
bowl,1.2138983,0.919077,0.6361307,1.3616369,0.65315354,0.6188764,1.0324342,0.653125,0.9392753,1.2914774,1.3751085,0.670822,1.2021399,1.3683721,0.9874933,1.3785492,1.0362252,1.1218201,0.56894594,0.0,0.95918214,0.9980307,0.9213376,0.35519016,1.0059121,0.606579,0.7390969,0.90454733,1.2648127,1.05533,0.6080579,1.0809221,1.3057023,1.0387985,1.1499896,0.83379465,1.2854173,0.93637764,0.64208835,1.1786642,0.42562354,1.0970435,0.6684524,1.4563909,1.1306968,1.1736808,0.8978541,1.2186254,0.8063879,1.2537884,1.1302634,1.3397977,1.0865781,0.71199894,0.7227223,1.1231887,0.74349934,0.97841084,1.1565318,0.8159862,0.7938217,0.8760666,0.8391094,1.3558496,0.89683956,1.2954977,0.8165481,1.0434433,0.9638816,1.12708,1.4373579,0.6027851,1.4793491,1.1469454,1.0713239,0.725987,1.0968707,0.9255234,1.2207868,0.9047282,0.98995084,1.1362948,0.9445284,0.7548426,0.90307903,0.90450245,0.98163,0.7562253,0.823511,0.937718,1.4411868,1.4451647,1.2708929,0.6929243,0.76813304,1.1174676,0.9871083,0.88540685,1.2877505,1.0462794,0.3187629,0.98043996,0.59600323,1.1366591,0.52919227,0.8127113,1.1337267,1.0637838,1.3959239,0.94276386,1.4355736,1.0332062,1.3826427,0.8542541,1.2023485,0.7536908,1.1918483,0.63379717,1.1590804,0.7165692,0.9330593,0.6711787,0.9073108,0.81959116,0.8569572,1.445847,1.2483146,0.24328387,0.9813178,0.932964,1.1390858,0.8443765,0.61352336,1.0049973,0.9720124,0.89952046,0.7815209,1.3150043
box,0.98211837,1.2417423,1.3156359,0.96768177,1.2401277,1.1947501,1.0945414,0.491893,0.6134207,1.0950668,0.61726844,1.2388809,0.61033106,0.68955773,1.1647944,0.77467597,0.79275507,0.36691976,1.2177039,0.95918214,0.0,0.833138,1.1400697,0.66604066,1.2014129,0.8703064,0.9351813,1.0420994,1.179988,0.6728562,1.2407647,0.774927,1.0967991,0.95040375,0.9143743,0.96853346,0.67067903,0.9367944,1.3056986,0.58584774,1.2300086,1.0139415,0.83667916,0.93673086,0.7958998,0.84320736,0.8718266,0.91468966,1.1510365,1.0055414,1.1666174,0.9354614,1.3310325,1.3632878,1.2062494,1.0934932,1.313023,1.0875691,1.0208423,0.9606966,1.3811549,1.1393795,0.8132405,0.9724234,1.1333165,1.0157075,1.3088183,0.9156683,1.1586592,0.8797459,1.0105563,0.98269355,1.0121257,1.0198041,0.87305826,1.1778753,0.9024924,0.83548594,0.8244555,1.0370508,0.9554871,1.193606,1.1484575,1.3395233,1.0668392,1.4030192,1.3136144,1.2967807,0.80214787,1.0868384,0.83867466,0.9811386,0.4790874,1.2989142,1.2931501,1.0027325,1.2534935,1.1392018,0.8560548,0.9732362,0.9281988,1.0684606,1.2111211,0.8304936,1.1055518,1.2509704,0.7173474,0.9772742,0.83354056,0.91879255,1.0198039,0.95862484,1.0772045,1.0757643,0.73018116,0.82650346,0.68489635,1.3453777,0.9858516,1.2840171,1.0130934,1.2788725,1.1461463,1.0930798,0.62279904,0.9797403,0.48054004,1.0970324,1.380206,1.321785,0.91421735,1.1062545,0.7638623,0.39509964,0.8852607,0.8196164,1.3007357,0.8998419
bread,0.93362176,1.1476978,0.9258849,0.9748242,0.94796675,1.0111848,0.818902,0.91387874,0.8461282,0.9443117,0.9314079,1.1517789,0.93225145,0.8855186,1.1111983,0.9191098,0.815743,0.81034625,1.1906407,0.9980307,0.833138,0.0,1.2759442,0.97464776,1.0365704,1.0962551,1.0811061,0.8239032,0.9337057,1.0060678,1.0276272,0.90934944,1.0859895,0.9141543,0.90765715,0.788498,1.0269623,0.87197506,1.2507842,0.9600704,1.1770068,0.9403652,0.86430955,0.88597476,0.98810756,0.94698316,1.0957363,1.0288565,0.93258625,0.99983305,1.0511676,1.0016564,1.240953,1.1878853,1.1047618,1.1332474,1.2328389,0.9798145,0.92942303,0.7944859,1.2545054,1.0762591,0.9118145,1.0114878,0.9704671,0.96976036,1.2499726,0.9689126,1.0118805,1.013006,1.0620698,1.0192049,1.0599223,0.8846237,1.0820272,1.0931125,0.7680466,1.0097239,0.9193684,1.0339737,1.1245981,1.0522424,1.006957,1.2456125,1.082439,1.2573686,1.1777761,0.78728175,0.8802112,0.860222,0.9378032,1.077084,0.8351791,1.246844,1.2194759,1.0180881,0.9724742,1.2008619,0.87908787,1.0195513,0.8762297,1.0594274,0.83756167,0.9644191,1.1288525,1.2825942,0.8829222,1.0237912,0.915981,0.94228613,1.0559585,1.051067,0.994313,1.1291597,0.9960889,0.8197515,0.93668014,1.2708918,0.8775332,1.0987737,1.0475125,1.2278963,1.1206614,0.8503789,1.0247974,1.0650172,0.8550923,1.011857,1.28297,1.292959,0.868924,1.1609399,0.92725277,0.7761171,1.0722877,1.1050041,1.2330922,0.91316926
broom,1.3192576,0.9039713,0.97212654,1.1779568,1.0190693,0.9469579,1.2255068,0.9185792,1.1927899,1.2128935,1.2109762,0.79902315,1.0976125,1.321352,0.938108,1.2526602,1.2573966,1.2760663,0.59269404,0.9213376,1.1400697,1.2759442,0.0,0.85326827,1.0023197,0.4894681,0.6787145,0.97142416,0.93402666,0.8074785,0.710095,0.8363056,0.9734814,1.0267993,1.2073628,1.2012935,1.0872192,1.0506527,0.66041577,0.9270097,0.6287072,1.1986225,1.2433995,1.3062016,1.1594518,0.73584753,0.8715244,1.0013287,1.1875039,1.038212,1.0850408,1.2027067,0.890119,0.85102135,0.7026473,0.9726579,0.7836304,1.2112907,1.237141,1.0968443,0.7005683,1.0629646,1.1874375,1.1162496,1.0315558,1.1710259,0.66922456,1.1432383,1.118279,0.7094069,1.0235234,0.85247797,1.1393982,1.0435834,0.6600231,0.60428345,1.1233784,0.94281876,1.2832662,0.784998,1.1470971,1.0338595,1.0404501,0.7413523,0.7074359,0.6532136,0.84880614,1.0443251,0.81951886,1.0781382,1.1915027,1.1355293,1.3374379,0.73429227,0.747614,1.1177518,0.97868437,0.75341773,1.2080187,0.83185995,1.1038095,1.0969709,0.9828647,1.0473614,0.763613,0.87449753,0.7613773,1.1069816,1.0553437,0.9998968,1.1094352,1.0611033,1.1129171,0.5571066,1.0618062,1.0641409,1.0388381,0.7250551,1.3162796,0.8169321,1.0790938,0.7158871,0.9123815,1.1276128,0.90273917,1.1098288,1.2517623,0.9306227,0.81068265,0.8018632,0.9538641,0.6095036,1.0704627,1.1679854,0.84441906,0.40151846,0.73220575,0.8494067
bucket,1.1913539,1.0140438,0.85984963,1.23641,0.7694265,0.6942377,1.0989228,0.48531199,0.8330404,1.3218184,1.1810645,0.93064195,1.0339949,1.2260776,0.95182574,1.2550782,1.0416721,0.91841245,0.6757211,0.35519016,0.66604066,0.97464776,0.85326827,0.0,1.0763596,0.42359865,0.6849954,0.89846265,1.2444413,0.8219484,0.7250009,0.8583219,1.2433953,1.0269426,1.1122433,0.88658834,1.1293858,0.9671567,0.8781274,0.90128636,0.6074245,1.1548252,0.77074414,1.3762772,1.0940534,0.92779994,0.9866465,1.180528,0.8669828,1.1891513,1.296902,1.2235436,1.2399865,1.0208039,0.6701443,1.0515462,0.98644197,1.0253582,1.0802749,0.7848572,1.1252327,0.95136636,0.825907,1.2400736,0.8870511,1.2923138,1.0174391,0.9558004,1.0024614,1.0555216,1.325673,0.5088081,1.4271336,1.1463538,0.7930151,0.66159475,0.9860068,0.58155876,1.1814662,0.79911065,0.9816722,1.2781868,1.0715743,1.0632969,0.7990849,1.1587242,1.1609879,0.94255835,0.75016296,0.93981224,1.2932363,1.3956791,0.97774714,0.99234575,1.1045756,1.1144555,1.0596082,0.92824405,1.2047392,0.8600416,0.6665985,1.0528136,0.7938829,1.0875107,0.66206765,1.1297867,0.8094516,1.015264,1.2513213,1.0021667,1.3177202,1.1149749,1.3891323,0.8532447,1.0503417,0.7656609,0.9407885,1.0168145,1.1511027,0.98745084,0.9251789,0.89990145,1.0212408,0.904343,0.6785701,1.3338637,1.0827373,0.46951228,1.2098957,1.2373188,1.0023633,0.76936615,0.6169012,0.9124804,0.95868236,0.69798476,1.096097,1.0725782
butterfly,0.67411405,1.0788827,0.7017166,1.2818134,0.8116603,0.8486178,1.0723506,1.1426085,1.3467674,1.1187785,1.3458357,0.8674288,1.4221178,1.2609838,0.34074968,1.4002941,1.2835665,0.97732216,0.7730557,1.0059121,1.2014129,1.0365704,1.0023197,1.0763596,0.0,1.124112,0.9492643,1.0199761,1.1672444,1.4015856,0.68004966,1.1825502,1.1129146,1.193982,1.1058421,1.0062099,1.3760302,0.9434237,0.72040224,1.2668533,0.8593936,0.7403319,1.0872238,1.0404232,0.8224799,1.236018,1.0430671,0.9911358,0.84946364,1.2188836,0.979953,1.1455965,0.96535057,0.68289924,0.7012009,1.0559793,0.85705066,0.46856034,1.0921346,1.1294749,0.79560745,1.0741996,1.0008004,1.1237172,0.7048244,1.1991874,0.7728847,0.862305,0.61727023,1.2187909,1.2813231,0.84954125,1.384456,1.1355013,1.0102057,0.7497865,1.0753245,0.9473019,1.232934,1.0450327,0.97079414,0.97232705,0.85684246,0.81699145,1.146803,0.84347975,0.92571956,0.74206746,1.2008858,0.69829655,1.3345779,1.3622367,1.0617592,0.8039532,0.8402395,0.9835941,0.945575,1.1797363,0.98129416,0.9011824,0.9981512,0.6570883,0.75287575,1.231945,0.8218683,0.85159886,1.3310885,0.6079838,1.230412,0.895441,1.2574736,1.2205678,1.3239938,0.9270343,1.2128795,1.2769673,1.3326074,0.8777079,1.1214931,0.9097261,1.1879444,0.85287994,1.0628151,0.7250079,1.1322051,1.2693572,1.2731481,0.82901615,0.89902335,0.9059742,1.2570921,1.0642081,0.8852482,1.1474153,1.0135989,1.1776328,0.86661315,1.2621756
can,1.4122767,0.83576345,0.96517307,1.1269495,1.0264157,0.9228765,1.38856,0.68684936,0.9105813,1.2409866,1.2616227,0.76706076,0.9059463,1.493696,0.95822144,1.3167424,1.2208989,1.2011518,0.6353966,0.606579,0.8703064,1.0962551,0.4894681,0.42359865,1.124112,0.0,0.60601246,0.90061367,0.9489622,0.5329199,0.70978916,0.6901636,1.1254809,0.95225793,1.0920124,1.081704,1.0640277,0.9938158,0.7748126,0.87145305,0.5571823,1.23774,1.0729197,1.4218578,1.2312503,0.5961164,0.64525676,1.1366119,1.1536338,1.1365097,1.1985563,1.2706184,1.0618027,0.984048,0.7053942,0.9593975,0.7960368,1.3048868,1.157009,0.8736198,0.8753209,0.9820433,1.2345133,1.2539451,1.0197369,1.259757,0.80501723,1.1635907,1.0772333,0.9758529,1.1914951,0.60883284,1.2632097,0.991737,0.56238824,0.5778024,1.2483354,0.85379505,1.3551626,0.58925474,1.0774469,1.1948705,1.0536867,0.93632066,0.5420754,0.8065345,0.9977162,1.0680199,0.4557296,1.15511,1.32655,1.2074153,1.2325485,0.7865999,0.88818884,1.1877441,1.0933993,0.58348143,1.2688625,0.90665007,0.9903841,1.079548,0.94385415,0.9877653,0.5451345,0.9438697,0.4745623,1.0692995,1.1653605,1.19104,1.2477169,1.0306771,1.2139604,0.59124464,1.1038681,0.68584603,0.9582283,0.79868054,1.2453657,0.84603536,0.92428297,0.71461487,0.9915946,1.0547575,0.7245302,1.2553594,1.3239534,0.6791168,1.0028032,1.0220267,1.0304714,0.49077046,1.1044813,1.1551523,0.825984,0.46506852,0.94362974,0.8818882
car,1.187158,1.0576113,0.9327331,1.3538227,0.9646256,0.91662645,1.2180706,0.6958099,1.0908498,1.15837,1.1827104,0.75476503,1.0500981,1.3823986,0.9377345,1.2718967,1.0849075,0.9655331,0.6469076,0.7390969,0.9351813,1.0811061,0.6787145,0.6849954,0.9492643,0.60601246,0.0,1.0338024,0.9824912,0.80791724,0.72235584,0.95608354,1.1026365,0.91225386,1.1162441,1.20006,1.1060412,1.0112767,0.7261517,0.89707667,0.7464414,1.0751241,1.1841005,1.2779057,1.1049507,0.92348766,0.88726866,1.0745008,1.1566832,1.1643043,1.2355926,1.2726333,1.2152963,0.7624254,0.51800615,1.2236956,0.73875797,0.9590993,1.0882068,1.0037266,0.84076583,1.1795256,1.0684416,1.2229592,0.90435904,1.3284439,0.8496469,0.98764074,0.8929636,0.9177645,1.2499017,0.7684304,1.2608995,1.1030508,0.63238543,0.67677766,1.2084249,0.73539436,1.4181713,0.66412276,0.87377834,1.2005404,1.1513984,0.96065813,0.8597538,0.98864025,1.1732324,0.9984612,0.7478255,0.9627852,1.2708237,1.2960308,1.1899033,0.6950128,0.85874224,1.1123008,1.0437143,0.73934406,1.204865,0.7752619,0.7933934,0.99431777,0.9080439,1.000074,0.49398994,0.81982064,0.8559601,0.95866644,1.2178999,1.0261209,1.2963221,1.278425,1.3140534,0.74575233,1.1015104,0.7529013,1.0342611,0.9139768,1.0871296,0.9183678,1.2634126,0.6003106,1.0868424,0.9818458,0.8010665,1.2599807,1.1648442,0.831113,1.1751091,1.0637288,1.0795897,0.74034154,0.9527624,0.8379389,0.7014247,0.69209415,0.8768052,0.7787797
carrot,0.9580412,0.8816892,0.9186028,0.888634,0.9537767,0.96044177,0.7229847,1.0406612,1.0715787,1.0895007,1.2808974,1.0679649,1.0990137,1.013177,1.1477726,1.1268852,1.0444411,1.0690737,1.0587566,0.90454733,1.0420994,0.8239032,0.97142416,0.89846265,1.0199761,0.90061367,1.0338024,0.0,0.9374317,1.064264,1.1055692,1.1132077,1.149519,0.96811706,0.95050645,0.7404468,1.2249193,0.7417362,0.8754544,1.1317942,0.9932041,1.0913998,0.98736954,1.118332,1.1051427,1.0613953,0.9018987,1.0321082,0.9984304,1.0532925,1.0386262,1.185257,0.82369775,0.97274137,1.1465932,0.9514463,0.92367256,0.9969692,1.0131279,0.907359,1.0505266,0.88985294,0.76765865,1.1628585,0.8647778,0.8199987,1.1346467,1.0465002,0.9885256,0.9079834,1.2183155,0.97835267,1.1583357,0.7314586,1.0053153,1.0511073,0.86616004,1.0060272,1.0194157,0.79220474,1.1534114,0.96216965,0.87933743,1.0600595,0.8395638,0.8864024,0.9504606,0.6419927,1.0748079,0.728247,0.9958519,1.1848953,1.092957,0.9479239,0.99444455,1.0660663,0.7723045,1.0272284,1.0703573,1.1698141,0.9401714,1.0349017,0.9670366,1.1150193,1.0785409,1.1201724,0.9696476,1.0542319,1.0884016,0.794654,1.164598,0.91107666,0.94599074,0.80035543,1.1739635,0.9461788,1.0326031,0.9451361,1.1197389,1.0015578,0.8727249,1.0295914,0.93843687,0.9107299,1.1519762,1.2143995,1.156744,0.93958724,0.9123964,1.0202922,0.5889258,0.96148336,0.89009595,1.0175942,0.99289894,0.99161947,1.0936013,1.1222086
