,alligator,ankle,apple,arm,ball,balloon,banana,basket,bathtub,bed,belt,bench,bib,bird,blanket,boat,book,bottle,bowl,box,bread,broom,bucket,can,car,carrot,cat,chair,chips,clock,closet,cloud,coat,coffee,comb,cookie,corn,couch,cracker,crayon,crib,cup,deer,dog,doll,door,drawer,dress,egg,elephant,eye,face,finger,firetruck,fish,flower,foot,fork,frog,glass,glasses,glove,grass,gum,hair,hamburger,hand,hat,helicopter,horse,hose,jacket,jar,jeans,knife,ladder,lamp,leg,meat,melon,milk,mitten,motorcycle,mouth,muffin,nail,napkin,necklace,nose,orange,oven,owl,pajamas,pants,paper,pastry,pen,pencil,penguin,pillow,pizza,plant,plate,pony,pumpkin,purse,radio,refrigerator,rock,rooster,sandwich,scissors,shirt,shoe,shorts,shovel,shower,sink,slide,slipper,snow,soap,sock,soup,spoon,sprinkler,stick,stroller,sweater,swing,table,tape,toast,toe,tooth,toothbrush,towel,toy,tray,tree,tricycle,truck,vacuum,watch,window
alligator,0.0,1.2994721,1.3600745,0.622002,1.2640076,1.2888994,0.8559458,1.1465555,0.6391417,0.7181329,1.3573797,0.7191807,0.85301065,1.0666449,0.9160695,0.7802751,0.74925756,1.3894751,1.3924927,0.7808503,1.234726,1.1405939,1.3754942,1.4371487,1.0697049,1.2704177,0.22359169,1.1604917,1.2025878,1.2224171,0.9820106,0.8218741,1.0189022,0.81640315,1.0274656,1.2498916,1.3732909,0.5807975,1.2377641,1.4625659,0.89176583,1.4299514,1.0323515,0.26179028,0.879129,0.962076,0.99176395,0.8064201,1.2893399,0.6996384,1.1277418,0.88414526,1.2225611,0.9459153,1.0542873,1.3266928,1.1248089,1.1439339,0.75415754,0.8743075,1.2930183,1.1143218,0.83482957,1.3609374,0.882965,0.90794694,0.81920135,1.3873938,0.9523704,0.76517725,0.7282237,0.7698325,1.1705563,0.7982719,1.3204856,1.2643169,1.2893164,0.9584064,0.9832377,0.74573773,1.0277288,0.6488975,0.95222205,1.0276786,1.0303841,1.4081278,1.1953679,1.410978,1.1327779,1.3266591,0.925967,1.1152759,0.68889904,0.8539696,0.56580365,1.1040827,1.3606493,1.3776016,0.90994996,1.2082529,1.004138,1.1899483,1.0968835,0.64534634,1.1833525,0.92266744,1.1436496,0.89105153,0.8091147,1.0563245,0.8513763,0.8446802,0.71358514,1.0460935,1.096438,1.1358831,0.6804212,0.896133,0.91596353,1.4388771,0.67636997,1.3437223,1.173027,1.2369169,1.2322501,0.7691883,1.2265131,1.0234128,0.7214141,0.8557923,0.58988756,1.324912,0.9208787,1.2720733,1.1788701,1.14851,1.1179261,1.0037771,0.97106105,0.7827028,1.0899683,0.8969097,1.1031957,1.3684583,0.9468954
ankle,1.2994721,0.0,0.8246184,1.0157411,0.8391255,0.90410995,1.059836,0.9066585,1.2785134,1.1190349,0.7666819,1.2907946,1.1213884,0.8211909,1.074723,1.2424858,1.2022176,0.793387,0.82395256,1.2649567,0.94912386,1.008997,0.79227895,0.79930866,1.0242022,0.90091026,1.2810519,0.99814534,0.9405555,0.93162185,1.1997348,1.2440064,0.9608173,1.3050559,1.0116836,0.9151057,0.8510475,1.2229962,1.0105497,0.7381192,1.2580732,0.74561954,0.9558731,1.2239974,0.81131124,1.1934505,1.041191,1.1081841,0.86609596,1.1043922,0.91419727,1.1305213,0.6387785,1.1772856,0.8932249,0.90761065,0.30066383,0.9496162,1.0587885,1.2063407,0.8201241,0.27302957,1.2255423,0.81310034,1.1346564,1.2196404,0.9691355,0.671914,1.0056566,1.1689227,1.3143318,1.1650584,0.78816617,0.9797608,0.8234772,1.0162909,0.88174593,0.7891954,1.082055,1.321873,0.8540211,0.784988,1.1140044,0.9796662,1.0802116,0.7528153,0.6522796,0.72267324,0.8684325,0.8203038,1.1835917,0.87768084,1.0685596,0.9977648,1.3208673,1.0427363,0.8406862,0.8067737,0.89072317,0.6414309,1.2130046,0.9188148,1.1621897,1.1603893,0.9546343,1.0847499,0.84992015,1.2248368,1.0593703,0.8308075,1.2536974,1.0527612,1.1588526,0.33254206,0.78793454,0.9511007,1.2806063,1.1401765,1.118865,0.3907833,1.2724513,0.893339,0.19911128,0.77617854,0.8833887,1.2768075,0.6131239,1.0800105,1.0727613,1.294455,1.4443517,0.8056797,1.2033457,0.4487607,0.8467225,0.90898156,0.7550101,1.0615662,1.1896396,1.3423383,1.0563021,1.1900208,1.0581496,0.66028166,1.1818429
apple,1.3600745,0.8246184,0.0,1.3323345,0.47617745,0.39960533,0.9650131,0.8608734,1.3723892,0.97052217,0.3792764,1.4959357,1.2117558,0.8353729,1.219216,1.3125634,1.246356,0.46620166,0.6994594,1.4414415,0.78493536,1.1704235,0.81240696,0.64326954,1.158809,0.35139573,1.3063673,1.2021112,0.8131665,0.7462695,1.1739368,1.2106998,1.0922931,1.3193893,1.1633954,0.70246315,0.50607234,1.4004508,0.73162687,0.27507257,1.4409517,0.566509,0.9027471,1.3003086,1.1664011,1.3135536,1.2597184,1.3483489,0.37273186,1.2082083,0.5734555,1.0992773,0.6180359,1.273864,0.5770185,0.6252744,0.9980085,1.025033,0.8817283,1.2282205,0.3767872,0.88919705,1.1407785,0.4286543,1.0822152,1.1789808,1.1437478,0.24393737,1.1121097,1.0633754,1.3293816,1.2169029,0.9890326,1.2830648,0.5961031,1.1804479,0.8187312,1.049503,1.0609183,1.2621835,1.0933917,1.2950196,1.2525749,0.872646,1.0550164,0.14804673,0.8529849,0.4878869,0.6230831,0.32000792,1.3141626,0.8754179,1.3326849,1.2168493,1.3740194,1.1445988,0.3929789,0.4090656,1.0226507,0.9064879,1.1689246,0.88847667,1.138843,1.1110247,0.57293934,1.3113776,0.9019605,1.3648524,0.89032847,0.94154114,1.2741878,1.208506,1.2914022,1.1801312,0.9576719,1.1388559,1.3052868,1.260073,1.1970652,0.37301564,1.3312097,0.3868367,0.9434061,0.7801542,0.8590876,1.2941686,0.8499359,1.3076262,1.2554355,1.3231075,1.5014347,0.53398424,1.2403481,0.54556495,0.63602626,0.92811346,0.903466,1.0581764,1.2614205,1.2470245,1.1699244,1.3332404,1.33556,0.2913478,1.2985286
arm,0.622002,1.0157411,1.3323345,0.0,1.3244967,1.3731987,0.94900537,1.2121567,0.601076,0.90011126,1.2960322,0.6695906,0.6299231,1.3664384,0.977137,0.97923505,0.8698455,1.3601782,1.4657239,0.83009875,1.2996773,1.1506523,1.3499892,1.4175708,1.130188,1.0902423,0.7299633,1.0504162,1.2070655,1.2374277,0.85631037,0.87231493,0.9265752,0.92109257,0.93062145,1.3401809,1.3917036,0.57560873,1.2701764,1.4264352,0.9100535,1.3906947,1.2479224,0.7717487,0.9383814,0.8373679,0.98086786,0.55154413,1.2956823,0.8690933,1.2887869,0.7516303,0.8244523,0.92768097,1.4158971,1.371081,0.79946446,1.1730754,1.1404418,0.8083985,1.1864415,1.0528744,0.89732945,1.2741873,0.723618,0.93745667,0.40878487,1.4773744,0.9646904,1.1213303,0.7925507,0.7559707,1.0482129,0.52935135,1.307553,1.1783715,1.3157246,0.5046597,1.1179383,0.7867203,0.95381343,0.5680324,1.0959661,0.9093077,1.0902808,1.3253261,1.3032216,1.1638292,1.041206,1.3573133,0.8277938,1.1562974,0.38595396,0.65295434,0.6975004,1.1082891,1.3915987,1.3362098,1.0484121,1.2973847,1.0920672,1.2667007,1.2031695,0.99976784,1.2062777,0.8875481,1.2105432,0.7687274,0.96491855,1.2379373,0.9036064,1.0055375,0.4502136,0.91290367,0.84264076,1.2866476,0.6346303,0.92081624,1.0888946,1.3143787,0.8211541,1.3671134,0.8467492,1.0766503,1.300855,0.8342022,0.84990305,1.0312977,0.4706514,0.93270385,0.65650094,1.4373034,0.978122,0.93134725,0.9983653,0.9581515,1.1887654,1.1537216,1.0411901,0.8520298,1.1460054,0.90246695,1.0907129,1.2140788,0.9915223
ball,1.2640076,0.8391255,0.47617745,1.3244967,0.0,0.2129798,0.8654573,0.8951413,1.3015192,1.10317,0.7797282,1.3950663,1.1903834,0.8766882,1.1146324,1.1473081,1.109241,0.6170989,0.65707994,1.1786063,0.8718248,1.0450357,0.64926803,0.7156073,1.0433763,0.84439945,1.1979461,1.1220524,0.72195196,0.75102025,1.2018607,1.2110124,1.0627648,1.2421223,1.0917464,0.72905636,0.80327797,1.3679188,0.8780376,0.65616786,1.241559,0.6313673,0.83610994,1.1546661,1.0368931,1.2938597,1.0805893,1.3043404,0.52356017,1.2313237,0.64243776,1.1676701,0.888106,1.1614143,0.7872959,0.6925225,1.0687541,1.0297133,0.70376503,1.1220292,0.7815565,0.79778314,1.198432,0.39439315,1.1615851,1.1062069,1.2092824,0.51753336,1.0684662,0.89674616,1.223383,1.1944014,0.9690244,1.2459387,0.89350027,1.0432558,0.83958775,1.2485929,1.036792,1.062777,0.9103174,1.139751,1.0337734,0.8509966,0.9409966,0.55833834,0.8583734,0.6547786,0.79304934,0.47559553,1.298849,0.90368956,1.3556321,1.3219233,1.2672274,1.0192028,0.8039403,0.7960995,0.9901622,0.80470526,1.1502472,0.8785145,1.0589935,1.0089091,0.7832132,1.0979284,0.6823744,1.3813033,1.0454525,0.93639505,1.2622515,1.0550971,1.3067948,1.0026213,1.0883588,0.9626351,1.319361,1.1550176,1.1620632,0.6613277,1.2408192,0.683642,0.9910957,0.8891336,0.93277514,1.1633174,1.0277047,1.1236297,1.3455143,1.1803443,1.4197607,0.37291765,1.1915898,0.86210436,0.8485142,0.8600423,0.89655036,0.6890042,1.2567818,1.2212901,0.97807705,1.2140412,1.1225381,0.7083487,1.2581856
balloon,1.2888994,0.90410995,0.39960533,1.3731987,0.2129798,0.0,0.954941,0.8406626,1.2292122,1.0815365,0.7019871,1.3434104,1.1695341,0.8546529,1.072971,1.071487,1.1269401,0.51806736,0.64421546,1.1976879,0.9695523,1.0392153,0.54370373,0.57877624,1.0762529,0.8047179,1.2447861,0.9867959,0.68547773,0.7043256,1.1237429,1.1245552,1.0731077,1.193044,1.0516312,0.83658177,0.79544836,1.3418565,0.95720136,0.5474253,1.1554732,0.5665666,0.8784802,1.2431501,1.0727786,1.2130144,1.1190327,1.3073429,0.5569478,1.199196,0.7332119,1.19095,0.9548574,1.1542716,0.7467858,0.6802518,1.1355163,0.9657785,0.8494849,1.1336013,0.770515,0.84484136,1.18473,0.39601707,1.1921642,1.2254006,1.2685962,0.44462395,0.99109906,1.0482024,1.1917127,1.1524745,1.0216532,1.2274745,0.8376686,0.9435203,0.78391784,1.2380455,1.1224835,1.1461695,0.9092234,1.1899052,1.0329785,0.9240135,1.0836738,0.49830723,0.7982137,0.6275835,0.9145341,0.4779482,1.2078421,0.820294,1.3629704,1.2726867,1.2473263,1.0992573,0.7198064,0.71055967,1.0447452,0.85397387,1.1991185,0.8680999,1.0931304,1.1191094,0.77250177,1.0437112,0.943489,1.2511958,1.0303804,0.91189694,1.3023176,0.96723074,1.2805411,1.0767443,1.0564002,0.9821306,1.3050537,1.1014555,1.0285718,0.6449158,1.290337,0.58241296,1.024208,0.9129871,0.87664396,1.1228219,1.0293576,1.0426716,1.3211939,1.108655,1.3931856,0.38122374,1.2144728,0.9039942,0.82871205,0.7766503,0.7875558,0.7517257,1.2637299,1.1990026,1.0047046,1.2101295,1.0796126,0.66467,1.1947069
banana,0.8559458,1.059836,0.9650131,0.94900537,0.8654573,0.954941,0.0,1.1521803,0.956065,0.8887108,1.2311459,1.1127913,0.8612033,1.1104032,1.1266977,0.84341514,0.9176194,1.1995056,1.1343807,0.9438607,0.9190449,1.1534419,1.184671,1.3222514,1.1721122,1.0091333,1.0722783,1.28007,1.0190772,0.99851173,1.184639,1.0490693,0.970196,1.1388453,0.98830855,0.838616,0.9478523,1.0323839,0.88164043,1.1818765,0.9827308,1.2219951,1.0257134,1.0077553,0.83092713,1.1590195,1.0706879,0.9750288,0.9014731,0.91726315,1.1229583,0.9111161,0.9809633,1.0584408,1.1334839,1.2242687,1.0665473,1.0010489,0.648906,0.9349517,1.0639415,0.9882994,0.8883661,0.99819165,0.98067164,0.81544185,0.8496293,1.1385214,1.075707,0.8556521,0.77099323,0.86058515,1.0806255,0.9979947,1.1817936,1.2503045,1.1810172,1.0216795,0.9902482,0.9002017,0.8776119,0.79363716,0.8765982,0.9493976,0.82306546,1.1107081,1.109659,1.153738,0.95910823,0.8794953,1.1637414,1.1060078,0.9676726,1.0281501,0.82236385,0.9121865,1.2337623,1.2021127,0.9705409,1.229091,1.0341713,1.2081456,1.0246948,0.9128003,1.0565084,1.0353601,1.0155721,1.1644058,0.8938539,1.2852583,0.97302,0.7369901,0.9220632,1.0064512,1.106066,1.1546949,0.9978192,1.1270849,0.8035939,1.1868848,1.0044209,1.1157644,1.0785842,1.0462868,1.0359436,0.7965025,1.0498531,1.0392365,0.9570055,0.8231991,0.9704132,1.0825052,1.0442691,1.0601758,0.88552153,0.9347865,1.0483084,0.6212107,1.1388692,1.0157963,0.87656736,1.0912492,1.1871518,1.1369509,1.1349909
basket,1.1465555,0.9066585,0.8608734,1.2121567,0.8951413,0.8406626,1.1521803,0.0,1.0372304,1.0767412,0.7662538,0.92775327,1.138245,0.92715555,0.7810089,1.1196052,0.96173745,0.71716243,0.67975014,0.91964793,1.015498,0.97044027,0.6713021,0.6347668,1.0664729,1.0413296,1.1172503,0.64796257,0.94186366,0.77191275,0.94985974,1.1489036,1.004526,0.90309715,0.86752737,1.0324311,0.84374636,1.04334,1.0588896,0.7732476,0.75517374,0.65155256,0.839594,1.1322198,1.0218667,0.97419196,0.83991134,1.1189966,1.0410779,1.044613,0.9372031,1.2413093,1.1106477,1.1752794,0.825866,0.7338076,0.9425969,0.9340667,1.0488207,0.81967056,0.95642483,0.7890818,1.1519551,0.8398787,1.1209283,1.1792923,1.1664491,0.7595411,1.0701427,1.0824395,1.247098,1.106747,0.8757759,1.1413511,0.80833113,0.7512202,0.72235405,1.2087579,1.0871414,1.2816073,0.93321484,1.0083847,1.1066529,1.0977203,1.099684,0.9090339,0.7084409,0.88421357,1.1091452,0.8671683,0.96630275,0.73569584,1.1297115,1.2218196,1.174118,1.1028008,0.7844845,0.76720834,0.9548514,0.5981275,1.1988264,0.82702863,1.0766388,1.1106882,0.83798426,0.80022144,0.9214106,1.0360845,1.088145,0.7602495,1.2833338,1.0518597,1.2241931,0.93362427,1.036484,0.9524993,1.1638001,0.75171316,1.0693454,0.7650426,1.1557014,0.7596997,0.9316464,1.0076034,0.8620485,1.2358673,1.0114442,0.91213244,1.191422,1.1667255,1.1633039,0.8772712,1.2679547,1.0555317,1.039659,0.97232497,0.7674323,0.9925488,0.9828714,1.0719,1.0641407,1.1524049,0.88223684,0.83086026,1.0577881
bathtub,0.6391417,1.2785134,1.3723892,0.601076,1.3015192,1.2292122,0.956065,1.0372304,0.0,0.79721117,1.274456,0.48992026,0.80110645,1.3047608,0.87768495,0.5686021,0.8322744,1.3455307,1.3052297,0.66145617,1.4547749,1.1197526,1.1285105,1.2261742,1.0410156,1.21047,0.71151674,0.8981881,1.2572147,1.27702,0.7708634,0.86217165,1.0120996,0.74339855,0.91092825,1.4638093,1.456454,0.52793175,1.4429991,1.4142772,0.637722,1.3166157,1.2294815,0.8323712,1.0226859,0.67153054,0.7010892,0.81513625,1.3287814,0.6604979,1.2736285,0.8312787,1.1270069,0.8741988,1.3688896,1.4064302,1.1374487,1.1173719,1.1367439,0.7478,1.258423,1.2074839,0.8230914,1.2903488,0.8504311,1.0926269,0.739834,1.4636796,0.8383502,0.9869158,0.63095623,0.66098994,1.1113539,0.6528743,1.2292304,1.0421678,1.238852,0.90290266,1.1976515,0.89661014,0.9687375,0.7543596,0.97139084,0.8292036,1.2386572,1.3671551,1.2168332,1.2874199,1.109893,1.338325,0.5493918,1.2797935,0.6449487,0.7381264,0.646128,1.2362417,1.3211722,1.3155336,1.2439467,1.2608187,1.1536232,1.2493353,1.1953828,0.9572305,1.2336526,0.8136101,1.2666452,0.5208819,0.8795228,1.1100596,0.97375405,0.890982,0.62411803,1.0836127,0.9753243,1.1941888,0.38270438,0.5030882,0.9064965,1.4482331,0.61709964,1.2374141,1.1380687,1.1449945,1.2326448,0.683379,1.2480747,0.88912624,0.57324517,0.8980858,0.5620205,1.3667434,1.0413178,1.225215,1.0309204,0.9658747,1.0949216,1.0073391,0.9524124,0.80188704,1.1137891,0.8539902,0.90125406,1.3310764,0.77580315
bed,0.7181329,1.1190349,0.97052217,0.90011126,1.10317,1.0815365,0.8887108,1.0767412,0.79721117,0.0,0.99336135,0.88327754,0.959958,0.9423377,0.8537039,0.8550292,0.9962504,1.1862009,1.2233456,1.085012,1.2221746,1.2494057,1.2334733,1.190099,1.0788367,0.871838,0.70496404,1.1519992,1.1214913,1.214639,1.1026345,0.91174656,1.0163087,1.0335675,0.93237156,1.1898144,1.1172322,0.82809746,1.2284489,1.086524,0.98466676,1.2353326,1.0709352,0.7999446,1.0586648,1.0278826,1.0862713,1.0181038,1.0342292,0.46469945,0.9078014,0.86948895,0.91319674,1.0192257,0.9573015,1.2480097,1.0065795,1.1231066,1.0292637,1.1540512,0.95720625,1.062697,0.7229421,1.1387917,0.89013314,1.139447,0.87457013,1.0113096,0.9593751,0.91760194,0.8893553,0.815419,1.1154479,0.8038566,1.0826348,1.2380506,1.1559603,1.0401782,1.1797163,1.0551695,1.1656891,0.89641565,1.0740751,0.9223178,1.1381923,0.9345835,1.1519086,1.073611,0.9271435,1.060689,1.0009725,1.0995414,0.8535385,0.8709834,0.8471275,1.2229322,1.0096025,1.0570295,1.1288071,1.0059279,1.2228277,1.2474473,1.2458663,0.9310333,0.8702154,1.0611619,1.1282655,0.94661444,0.01953119,1.1361465,1.0996532,1.006674,0.8605586,1.0651112,1.0161399,1.2612591,0.86638784,1.0358915,1.0418875,1.0519817,0.6388126,1.0408218,0.98883784,1.1045336,1.154551,0.94171375,1.030829,1.0832171,0.79433596,1.0861531,0.9159967,1.1090931,1.1762066,1.0090425,0.91828465,1.0570536,1.10227,1.1610442,1.2129653,0.8766038,1.1496195,1.0145459,1.2966504,0.9969452,0.8276771
belt,1.3573797,0.7666819,0.3792764,1.2960322,0.7797282,0.7019871,1.2311459,0.7662538,1.274456,0.99336135,0.0,1.2450292,1.2675612,0.6672608,1.0291846,1.2672857,1.2616879,0.52075297,0.67332166,1.4120734,1.0268523,1.1654117,0.7378353,0.40254653,1.0479116,0.49053997,1.2118748,0.8932363,0.9540335,0.83023715,0.9342474,1.0909822,0.9839968,1.224589,1.050371,0.94385874,0.7274507,1.2757013,0.96396834,0.26595658,1.31528,0.608104,1.0691597,1.2635496,1.2361578,1.1120795,1.0432247,1.32129,0.74735713,1.0651423,0.48535973,1.1706305,0.7891245,1.215993,0.4234867,0.65614647,0.89089215,0.9199418,1.0565747,1.2349808,0.46510994,0.84309006,1.2249378,0.75462925,1.1570303,1.4052434,1.2400937,0.2691847,0.9901199,1.0906876,1.3931783,1.2584592,0.96479106,1.0677618,0.39594847,0.9265477,0.6342968,1.0193605,1.247969,1.393296,1.1230376,1.2887361,1.2566077,1.0666593,1.313338,0.40283746,0.7958279,0.4588468,0.758985,0.5510631,1.0740476,0.84500325,1.2748336,1.0143898,1.4224313,1.2452382,0.24722463,0.2823274,0.89612985,0.52862495,1.2441454,0.79611313,1.177627,1.124513,0.6521894,1.2108338,0.7679317,1.0869827,0.91803133,0.81763303,1.3735219,1.2208536,1.254068,1.0943258,0.7360958,1.0966017,1.2685542,1.0817227,1.2895759,0.30582225,1.1809782,0.45421827,0.82454747,0.6969391,0.7722632,1.3282291,0.86460817,1.1761172,1.1433761,1.4211963,1.4711943,0.60347915,1.301482,0.68866897,0.6923971,0.9595239,0.84688413,1.2598388,1.19722,1.2639899,1.2506504,1.2263231,1.191878,0.31976664,1.0263044
bench,0.7191807,1.2907946,1.4959357,0.6695906,1.3950663,1.3434104,1.1127913,0.92775327,0.48992026,0.88327754,1.2450292,0.0,0.80212414,1.2342353,0.7117605,0.5936011,0.85358083,1.3799194,1.3448237,0.6152029,1.4857383,0.99496835,1.1399614,1.1807699,0.996575,1.2668375,0.713504,0.45998645,1.2644346,1.2435696,0.65173435,0.86263174,0.92298603,0.28062367,0.8230889,1.5360327,1.5075828,0.29652917,1.4711392,1.4082959,0.45334208,1.3276488,1.250953,0.79840887,0.980454,0.53419447,0.51167953,0.67599297,1.397143,0.79964113,1.326977,0.9005965,1.2173827,0.86154413,1.354759,1.432563,1.1338029,1.1183336,1.3105128,0.7858767,1.3220742,1.2537284,0.8037308,1.3817024,0.88463026,1.1459258,0.8396954,1.4841517,0.8489536,1.0901407,0.75978255,0.7584069,1.1408216,0.54126525,1.0832416,0.69908094,1.1962588,0.8332603,1.1955523,0.9180267,1.0002159,0.8120445,0.981815,1.0326604,1.2971684,1.4770424,1.0730315,1.30354,1.1829417,1.3893092,0.55559903,1.1792753,0.61673105,0.6302853,0.78197277,1.2918835,1.2447956,1.2637304,1.1996117,1.0948443,1.1354016,1.2628558,1.1450877,1.0387473,1.3794427,0.6621685,1.1578068,0.48490953,0.9993537,1.1035401,1.0144874,0.976722,0.63994557,1.0798434,0.89855915,1.1512305,0.5097814,0.6334607,0.8045374,1.4695871,0.5863847,1.2427396,1.1421523,1.2282308,1.2082195,0.7664529,1.1672564,0.7352991,0.6255933,0.8997896,0.35728586,1.4037564,1.0238595,1.3214533,1.0946176,0.99145764,0.91321343,1.0774279,0.8559689,0.83098996,1.0853709,0.824242,0.7497542,1.4146589,0.6883197
bib,0.85301065,1.1213884,1.2117558,0.6299231,1.1903834,1.1695341,0.8612033,1.138245,0.80110645,0.959958,1.2675612,0.80212414,0.0,1.37234,0.81115556,0.89426357,0.8373474,1.2367783,1.406712,0.8480692,1.2641907,1.2168435,1.2182661,1.325403,1.0686572,1.1242888,0.89395523,0.9989435,1.2696228,1.2975905,0.91654646,0.93170494,0.59165984,0.96325713,0.99821186,1.2960749,1.2913395,0.6841278,1.2226737,1.3957367,0.826307,1.2976089,1.2160398,0.90746796,0.78136253,0.9184507,1.1744105,0.26197863,1.1950781,0.832085,1.2934654,0.70699483,1.0262434,0.934577,1.4258082,1.2705234,0.95579004,1.3533038,1.0264128,0.862791,1.150862,1.0266278,0.88767105,1.1368765,0.584028,0.9017635,0.6675783,1.3247026,1.0938914,1.0175459,0.91377497,0.3175199,1.0577161,0.5675381,1.4325466,1.1376445,1.4399823,0.74404544,1.1517249,0.84962094,0.9104855,0.7308819,0.93246263,0.9483256,1.1172042,1.2692591,1.1259254,1.1657783,1.0340856,1.2176591,0.90346223,1.0564295,0.28300047,0.6170269,0.7343629,1.1462905,1.4508533,1.4478605,1.152632,1.2163655,1.0828642,1.2992146,1.1536994,1.0264482,1.0801426,0.717554,1.1836007,0.87902474,1.0179392,1.198947,0.96457094,1.009725,0.1894232,0.9770955,0.6759496,1.3509839,0.79109836,1.0571462,0.91825944,1.3220255,0.8717259,1.2110921,0.9548079,0.9882586,1.4323353,1.0053034,1.1451602,0.8332037,0.41461384,0.76357627,0.75933605,1.3583921,1.0103809,1.0857152,0.8983207,0.9985562,0.9812409,0.9389676,1.1062202,0.9013126,0.9306212,0.9414757,1.1260111,1.3183949,0.97481096
bird,1.0666449,0.8211909,0.8353729,1.3664384,0.8766882,0.8546529,1.1104032,0.92715555,1.3047608,0.9423377,0.6672608,1.2342353,1.37234,0.0,0.91917825,0.9938594,1.167927,0.7702782,0.67958546,1.2804592,0.9154819,0.8760052,0.7937746,0.6771955,0.855531,0.96861625,0.9955404,1.0344621,0.8398768,0.7906745,1.1913409,1.0721253,0.9989258,1.0858877,1.0129608,0.8000026,0.77577764,1.3579078,0.9333632,0.56338406,1.2261236,0.7481017,0.87125856,0.9853711,1.0339792,1.1458889,1.0192766,1.3343081,0.93867177,1.0126797,0.63986826,1.2432284,1.0361166,1.0736803,0.23758763,0.68960756,0.94975,0.6824389,0.7596592,1.2581606,0.9240124,0.7759378,1.1781514,0.8580736,1.2862992,1.2527902,1.2746122,0.52706647,0.88290274,0.96962565,1.176225,1.2664751,1.0698996,1.3587842,0.57786417,0.95819086,0.59923124,1.1337641,1.0652133,1.3137347,1.0947695,1.1681154,0.9958617,1.2747593,1.1314967,0.75884104,0.76314574,0.8926061,1.0432768,0.8445175,1.2563341,0.69823164,1.4253678,1.2957559,1.2879908,1.0625631,0.5315941,0.55649066,0.7664144,0.5883783,1.1136295,0.7026348,1.0486536,1.0281363,0.7481816,1.1929191,0.7758564,1.2124336,0.8740267,0.7978077,1.2735661,0.886841,1.4188194,0.98250973,1.1710429,0.68118685,1.3705608,1.0983354,0.97121876,0.58461696,1.1076368,0.7877046,0.90358317,0.97007394,0.56864625,1.1559472,0.8275219,1.1799357,1.3760648,1.1561099,1.3740468,0.6047909,1.2106072,0.9199375,1.1014531,0.90504545,0.9293978,1.0200524,1.1235075,1.1814317,1.0207305,1.0871346,1.041947,0.68865806,0.8892735
blanket,0.9160695,1.074723,1.219216,0.977137,1.1146324,1.072971,1.1266977,0.7810089,0.87768495,0.8537039,1.0291846,0.7117605,0.81115556,0.91917825,0.0,0.8005502,0.83315146,0.95589954,0.86273396,0.8611175,1.20928,1.0418389,0.89144,0.94282037,0.94448894,1.3183377,0.9683002,0.75281745,1.1106188,1.0587058,1.0059543,1.0175625,0.7907627,0.69408166,0.905695,1.2351602,1.1409566,0.7718496,1.2806784,1.1056359,0.69927984,0.9655856,1.058929,1.0316454,0.8525193,0.89256316,0.858675,0.763602,1.2884007,0.68082905,1.1169215,1.0734134,1.3482816,0.9735661,0.9404389,0.95489246,1.0731324,1.0317976,1.0658352,1.0310103,1.2648745,0.9274661,0.93686795,1.1519487,1.1014014,1.0666434,1.167467,1.0731984,0.93786895,1.033971,0.97558784,0.8006122,1.0434628,0.84634197,1.0823576,0.8593668,0.96764654,1.0951396,1.1637636,1.0517312,0.9364656,0.92231065,1.015876,1.2101527,1.1539295,1.2107241,0.70629585,1.1934154,1.356649,1.1790719,0.93107116,1.011872,0.7253487,1.0038669,0.879254,1.0745506,1.0487581,1.04369,1.1454549,0.55669457,1.0237911,0.980864,1.0024934,1.1142087,0.9183284,0.78296214,1.0874482,0.87244475,0.8982048,1.0717696,1.0752106,1.0176531,0.86064494,0.9842591,1.0242656,1.0347211,0.9612072,0.85595864,0.83313906,1.1279215,0.761138,0.9074635,0.95502615,1.1871532,1.0487348,1.0221255,1.1058714,0.8677614,0.90040773,1.0047872,0.85025454,1.0134673,1.1217432,1.3404462,1.3028812,1.0257897,0.71450835,0.96128666,0.9938781,0.8845283,1.0383708,0.93953913,0.9718088,1.2160681,0.77460754
boat,0.7802751,1.2424858,1.3125634,0.97923505,1.1473081,1.071487,0.84341514,1.1196052,0.5686021,0.8550292,1.2672857,0.5936011,0.89426357,0.9938594,0.8005502,0.0,0.8417611,1.2527561,1.1975813,0.75157213,1.3283415,0.8941869,0.98225504,1.1280196,0.82513297,1.2209415,0.94280463,0.9653207,1.1246482,1.2630688,1.0355619,0.87261367,0.9931479,0.73199093,0.78921103,1.3186045,1.3064688,0.82696575,1.3341775,1.2109793,0.67240226,1.2750363,1.1098467,1.0076965,1.0518928,0.92327225,0.7971421,0.9289059,1.2718929,0.77938896,1.2887527,0.9983309,1.2516077,0.7306657,1.1220293,1.2712317,1.110985,1.066072,0.9526346,1.0032208,1.2957654,1.1079428,0.7316865,1.1471474,1.0504358,1.0328308,0.9855891,1.2696607,0.70357263,1.0375619,0.57074875,0.73997927,1.2055049,0.8223416,1.0819757,0.83259904,1.2020841,1.1408406,1.1000274,0.93673664,1.0907341,0.84395957,0.72595346,1.0573367,1.1643823,1.3283353,1.0985936,1.2760514,1.2826228,1.2353212,0.8690865,1.1606487,0.9132465,0.9739457,0.7748666,1.135534,1.1215236,1.1517786,1.2180403,1.1454365,1.0786314,1.236544,1.075057,1.0464615,1.2010401,0.7592974,1.2157273,0.8676496,0.9058959,1.2359893,1.0048308,0.6429243,0.8987948,0.9420114,1.1414812,0.90559244,0.8463449,0.7791014,0.54119456,1.27912,0.55560464,1.097576,1.1845648,1.2323029,1.1300403,0.61987174,1.2478487,0.8345956,0.90684164,0.7265426,0.7469209,1.1723751,1.0351901,1.3411341,1.1635336,0.83493006,0.9832222,0.72898334,1.0065435,0.77759147,0.8294767,0.7222024,0.84201074,1.3204839,0.6682869
book,0.74925756,1.2022176,1.246356,0.8698455,1.109241,1.1269401,0.9176194,0.96173745,0.8322744,0.9962504,1.2616879,0.85358083,0.8373474,1.167927,0.83315146,0.8417611,0.0,1.0653733,1.0230548,0.31723607,1.1505815,1.0747327,1.0754166,1.1747996,1.0318274,1.2402103,0.96285355,0.9332493,1.0405802,1.0041907,1.0322745,0.95584196,1.0930699,0.87811977,0.92694885,1.173857,1.2438996,0.896979,1.197077,1.1668793,0.5505201,1.0820599,1.054456,0.9020583,0.87808156,1.0336963,0.8892006,0.9299939,1.1931577,1.034195,1.2198186,1.0755894,1.183282,0.96642405,1.1479517,1.0902803,1.1424146,1.0534008,0.81408274,0.8649926,1.2305231,1.1454631,0.9630784,0.99354136,1.0017816,0.9004383,0.89141583,1.2218065,1.0782003,0.82405275,0.9111663,0.8772633,0.95882,1.0384921,1.1794255,0.99199164,1.121161,1.177965,0.9702713,0.8804669,1.0403129,0.956189,0.85518384,1.0574269,1.021194,1.2751524,1.0829823,1.243698,1.2099515,1.1365814,1.0144231,1.2416193,0.8835144,1.1492364,0.1749298,0.9731478,1.1525605,1.1243318,0.82881343,1.1159792,0.9410288,1.0366974,0.8926103,0.7550485,1.2000633,0.91563785,1.1050706,1.01301,1.0845659,1.2211819,0.9282927,0.78851855,0.9425748,1.0401968,1.203519,1.0912397,0.9868884,0.93543917,0.8411494,1.311511,0.9032678,1.0250709,1.1647521,1.1447518,1.0954984,0.948731,1.2334399,0.87561595,0.9838441,0.7811671,0.6785333,1.1136196,0.93327254,1.2469685,1.2060496,1.009207,1.0477568,0.63275266,0.8420944,0.9036844,0.82931566,0.95428944,0.95336294,1.2573045,0.9915939
bottle,1.3894751,0.793387,0.46620166,1.3601782,0.6170989,0.51806736,1.1995056,0.71716243,1.3455307,1.1862009,0.52075297,1.3799194,1.2367783,0.7702782,0.95589954,1.2527561,1.0653733,0.0,0.45612812,1.1782707,0.8986786,0.93925965,0.27740312,0.2891726,1.0287359,0.8593673,1.3123453,0.8170838,0.77299654,0.5897424,1.142861,1.2333622,1.0243238,1.1980706,1.0209712,0.8566742,0.6048255,1.3776066,0.89907646,0.37135208,1.1392763,0.09786022,0.8876728,1.295707,1.1538954,1.1129628,1.1623025,1.2668381,0.7724431,1.2097769,0.73241925,1.279742,1.0923641,1.2077245,0.6136154,0.46372056,1.0555803,0.93807137,0.93556356,1.1193628,0.77398455,0.80238557,1.1707752,0.54394144,1.2698162,1.1710865,1.4096386,0.34780228,1.1121839,1.1241686,1.2933719,1.2068176,0.8061856,1.3323419,0.7419656,0.81392705,0.60042924,1.2411847,1.1450981,1.3200598,0.88420355,1.3818554,1.045792,1.1864505,1.1453769,0.49587148,0.77706724,0.6658306,1.1060901,0.6551217,1.1312199,0.7847162,1.3982681,1.3333371,1.2780254,1.0237617,0.48140448,0.49065328,0.94954896,0.67670745,1.1125685,0.6257372,1.0153033,1.1656334,0.62306273,1.1875623,0.8972224,1.1273866,1.1348735,0.8346744,1.2556154,1.0657258,1.362324,1.0711937,1.1764216,0.8438138,1.3055803,1.0219712,1.1227853,0.47501165,1.3113683,0.41367567,0.953796,0.9942537,0.792247,1.2939881,0.84160054,1.0672,1.3769448,1.160548,1.3488127,0.49303073,1.1952442,0.93809885,1.0572804,0.90423816,0.910105,0.85726315,1.1244274,1.202976,0.99731326,1.232232,0.9784355,0.46655416,1.1567175
bowl,1.3924927,0.82395256,0.6994594,1.4657239,0.65707994,0.64421546,1.1343807,0.67975014,1.3052297,1.2233456,0.67332166,1.3448237,1.406712,0.67958546,0.86273396,1.1975813,1.0230548,0.45612812,0.0,1.0523741,0.62040234,1.0128292,0.4593749,0.49219394,1.0022843,1.06039,1.3212618,0.96713686,0.63605875,0.69161594,1.1790231,1.1847202,1.096325,1.0248142,1.0959644,0.6053128,0.60585314,1.3970771,0.73188794,0.57576466,1.1437516,0.3307593,0.8615108,1.282783,1.093391,1.202238,0.8722502,1.4279196,0.80464524,1.2417308,0.7778636,1.3767295,1.1508706,1.2497214,0.6044268,0.58736277,1.1543539,0.6789295,0.9716994,0.90546954,0.9828959,0.88920426,1.1832765,0.6901959,1.3979021,0.9582219,1.4119022,0.57193637,1.0985322,1.0946717,1.3428898,1.3664271,0.8843354,1.4711107,0.6695288,0.9377352,0.5986376,1.3442127,0.83865964,1.1688969,0.88333976,1.4080281,1.1493206,1.171937,0.8141213,0.68772495,0.5934753,0.8207257,1.1743194,0.60192734,1.1191087,0.8728771,1.5040326,1.4753673,1.251946,0.6865469,0.60941356,0.5850218,0.9009055,0.5309614,0.84521854,0.63905334,0.54005307,1.1497021,0.7733892,1.2527083,0.8789606,1.1905956,1.160888,0.90143776,1.0332923,1.168529,1.5151157,1.0988845,1.2872976,0.7506685,1.3788555,0.7434643,1.1160712,0.6718696,1.2134541,0.5359654,1.0224384,1.0309409,0.52826285,1.2958965,0.9165946,1.181728,1.5526928,1.2126588,1.2251692,0.36495888,1.0264205,1.0418062,1.2133576,1.0358903,0.8431522,0.9716,0.782839,1.210485,1.0714769,1.2332659,1.0786276,0.74385166,1.0902243
box,0.7808503,1.2649567,1.4414415,0.83009875,1.1786063,1.1976879,0.9438607,0.91964793,0.66145617,1.085012,1.4120734,0.6152029,0.8480692,1.2804592,0.8611175,0.75157213,0.31723607,1.1782707,1.0523741,0.0,1.1541041,1.0749179,0.993679,1.1655945,1.0102606,1.3509787,0.9503362,0.82479566,1.1018633,1.0611327,0.9254865,0.9125383,1.0706519,0.6759951,0.83274466,1.2085187,1.3670285,0.73745775,1.1955011,1.3641136,0.4896912,1.1441548,1.1540006,0.9474098,0.95585513,0.8628029,0.64745164,0.85532045,1.3090189,1.047031,1.3550552,1.0264015,1.2571931,0.88061064,1.3500651,1.2834021,1.1634951,1.0104597,1.0518272,0.7056962,1.3715245,1.1968504,0.97357213,1.0994834,0.9659954,0.84245,0.89390516,1.448775,1.0076764,0.92717564,0.88204163,0.86988115,0.96566415,0.9128843,1.2038507,0.85626656,1.1926411,1.1264124,0.9121529,0.7775205,0.9195684,0.9008341,0.8911437,0.95842355,0.9427737,1.4447358,1.1243924,1.3288345,1.2492249,1.2586515,0.76654494,1.3117535,0.8422441,1.0173999,0.39365995,0.9480161,1.3182857,1.3002138,0.9697022,1.2021992,0.82809,1.1688217,0.8234732,0.8894495,1.3311682,0.7878366,1.1592054,0.79412866,1.1723937,1.2662444,0.7725495,0.79698306,0.86726874,1.0197177,1.1501296,1.1145005,0.83543515,0.750273,0.85983205,1.5051678,0.85584104,1.1636801,1.1708741,1.1840005,1.1071023,0.89397997,1.3140147,0.8285347,0.89933175,0.7883003,0.5410559,1.2176342,0.7761796,1.3545191,1.1899831,0.95728,1.0424701,0.7866239,0.67060083,0.873152,0.8986222,0.88354605,0.85265255,1.4180727,0.89273226
bread,1.234726,0.94912386,0.78493536,1.2996773,0.8718248,0.9695523,0.9190449,1.015498,1.4547749,1.2221746,1.0268523,1.4857383,1.2641907,0.9154819,1.20928,1.3283415,1.1505815,0.8986786,0.62040234,1.1541041,0.0,1.0942264,1.0396377,1.0604305,1.1344447,0.8821325,1.2595392,1.3438109,0.7417316,0.8542595,1.1874247,1.178732,1.1109694,1.2241915,1.1426115,0.10278976,0.2957183,1.4303846,0.065645754,0.8676512,1.322181,0.84893334,0.71864545,1.1720171,1.1068072,1.3525416,1.21086,1.3018483,0.6820976,1.2244966,0.9560148,1.214669,0.964717,1.2144449,0.8806128,0.8184553,1.0933492,0.92711234,0.87665045,1.0202044,0.9636348,0.99040335,1.2189832,0.8238652,1.2130225,0.40260923,1.1611364,0.8554783,1.2034265,1.0136368,1.3239448,1.2671494,0.8843134,1.4435565,0.9669455,1.1595427,1.0145866,1.2069451,0.33784425,0.788808,1.0760747,1.2180309,1.1767702,1.0587356,0.2015624,0.83145416,0.82935023,0.96899146,0.99023,0.7295535,1.3014603,0.88423073,1.3559921,1.367328,1.2278779,0.28221178,0.9364072,0.95000637,0.9294535,1.0357057,0.32530224,0.94922686,0.37197822,1.0314522,0.8316211,1.2808844,0.89657885,1.4114,1.1564757,0.98987883,0.4637335,1.2732983,1.4013523,1.0471255,1.2785444,0.8913399,1.3750889,1.2475941,1.150648,0.88465035,1.2644162,0.9004029,1.0901693,0.96131444,0.83877987,1.2928401,0.87621516,1.2679334,1.4233432,1.2099717,1.1497548,0.8036574,0.54972667,0.9338802,1.0983396,1.1654656,1.0391188,1.0862826,0.6877247,1.2215022,1.0489395,1.2424932,1.2472694,0.9358706,1.2962345
broom,1.1405939,1.008997,1.1704235,1.1506523,1.0450357,1.0392153,1.1534419,0.97044027,1.1197526,1.2494057,1.1654117,0.99496835,1.2168435,0.8760052,1.0418389,0.8941869,1.0747327,0.93925965,1.0128292,1.0749179,1.0942264,0.0,0.88604915,0.9226323,0.8500874,1.1464989,1.0922897,0.81367457,0.92226994,0.8856857,1.0519395,0.9765428,1.0505109,0.98985666,0.94801843,1.0807444,1.0399141,1.1124802,1.0982904,0.93656385,0.89898723,0.94465667,0.78955144,1.0763031,1.0106133,0.83828986,1.0076685,1.0778576,1.0832105,1.2225444,1.0551642,1.1063699,1.1482446,0.90635306,0.94963276,0.81135345,1.0362425,0.76671374,0.9957204,1.1373954,1.125632,1.0753802,0.8396828,1.0767149,1.1703185,1.0853999,1.1816444,1.0737914,0.8649512,1.0726379,0.77351826,1.1633866,1.0579985,1.1964514,0.938341,0.6993045,0.6357298,1.0986817,1.0471789,1.0842066,1.0405551,1.1749187,0.7327537,1.2250631,1.0711768,1.1426349,1.0082608,1.0259542,1.1729493,1.1367748,1.0527499,0.91220033,1.2207148,1.2251914,1.0992081,0.9998086,0.93309903,0.9058396,0.92800206,1.0423343,1.0933065,0.7200742,1.0712216,1.0546298,1.114459,0.9225122,0.98221076,0.9870195,1.2334461,0.77276534,1.1510372,0.747476,1.2544855,1.0173969,1.2176102,0.14853013,0.9826954,1.0469725,0.6253799,1.0422004,1.0817382,1.0712678,1.1119322,1.1121848,0.77976173,0.7924112,0.922658,0.7988709,1.2685947,0.5669232,1.1147858,1.0568846,1.126296,1.1427442,1.1530147,0.8917306,1.0334914,0.8241502,1.0078197,0.82817316,0.71751076,0.89812386,0.2763461,1.0307809,0.9394541
bucket,1.3754942,0.79227895,0.81240696,1.3499892,0.64926803,0.54370373,1.184671,0.6713021,1.1285105,1.2334733,0.7378353,1.1399614,1.2182661,0.7937746,0.89144,0.98225504,1.0754166,0.27740312,0.4593749,0.993679,1.0396377,0.88604915,0.0,0.20587564,0.9923584,1.0897896,1.292223,0.6491391,0.82574207,0.7136942,1.0658239,1.2033565,1.0520153,1.034758,0.93912446,0.9984722,0.8368438,1.249496,1.0824225,0.6151372,0.90997154,0.19594342,0.92764497,1.2785687,1.1103219,1.0319451,0.92252856,1.2147741,0.9434928,1.1607136,0.8942841,1.312634,1.1895363,1.1191189,0.812665,0.6397494,1.0683708,0.8944998,1.0637605,1.0124639,1.0087118,0.80746466,1.1731762,0.6884532,1.3181374,1.2341144,1.4024738,0.6242517,0.9622305,1.0881968,1.1745001,1.1590762,0.81981087,1.19272,0.8146546,0.56762147,0.66760767,1.2008692,1.1628449,1.3527044,0.7445997,1.2939959,0.9377984,1.1798972,1.1753485,0.816008,0.71175885,0.79100037,1.204214,0.7851417,0.9421665,0.8234486,1.3355944,1.2606168,1.2468555,1.0311568,0.6977974,0.6968691,1.0261881,0.61601925,1.1625501,0.68211174,1.0396672,1.1683532,0.79870117,0.9710941,0.98513377,0.94523984,1.1927534,0.84150386,1.2844667,0.9449869,1.3134941,1.0180746,1.1118073,0.7679827,1.2599896,0.78135073,0.9970966,0.7013401,1.232196,0.58980834,0.9403543,1.0411788,0.80166686,1.1838446,0.8809218,0.8797258,1.3142377,1.0665371,1.2820394,0.537765,1.2041067,1.0777106,1.1003822,0.8169392,0.7832477,0.8057122,1.081496,1.1398371,0.92809,1.1351925,0.77681744,0.7881313,1.0034515
can,1.4371487,0.79930866,0.64326954,1.4175708,0.7156073,0.57877624,1.3222514,0.6347668,1.2261742,1.190099,0.40254653,1.1807699,1.325403,0.6771955,0.94282037,1.1280196,1.1747996,0.2891726,0.49219394,1.1655945,1.0604305,0.9226323,0.20587564,0.0,0.9793844,0.8884361,1.2920244,0.58243227,0.8971262,0.6545721,0.9612762,1.1558449,0.97811335,1.1178155,0.9900847,0.98350394,0.7300323,1.290015,1.0510573,0.3732078,1.0327587,0.29662967,0.9592236,1.3084574,1.2154593,0.93152165,0.90120375,1.3084929,0.84894216,1.1837455,0.67601156,1.2877829,1.0767488,1.164312,0.5637366,0.5145238,0.98461,0.91070795,1.1033492,1.1771315,0.8003084,0.8229643,1.2273192,0.76151353,1.2692957,1.3630879,1.4413306,0.39572155,0.94871485,1.1325496,1.3344783,1.2453223,0.89653236,1.2149816,0.58321553,0.53827643,0.49267077,1.136203,1.2512418,1.4589486,0.92079705,1.3865811,1.0119971,1.217241,1.2954612,0.64646095,0.75574416,0.6130053,1.0485318,0.67458117,0.87202954,0.7036946,1.4285667,1.199195,1.3912362,1.13664,0.40684128,0.4345479,0.98255754,0.49997038,1.242782,0.5886326,1.1447717,1.1702838,0.6650132,1.1479803,0.9051909,0.8655509,1.1321427,0.65615493,1.3772277,1.108072,1.3581954,1.0973722,0.95069486,0.860025,1.2640941,0.8928362,1.1259401,0.47000223,1.2807025,0.38448328,0.92627996,0.94194156,0.7928472,1.2989497,0.8630383,0.9261037,1.3090432,1.1858937,1.4321748,0.5240375,1.2804728,0.9203904,1.0042458,0.88723385,0.8191777,1.0181528,1.1584922,1.1695279,1.002687,1.1759348,0.83394396,0.5470243,0.91034865
car,1.0697049,1.0242022,1.158809,1.130188,1.0433763,1.0762529,1.1721122,1.0664729,1.0410156,1.0788367,1.0479116,0.996575,1.0686572,0.855531,0.94448894,0.82513297,1.0318274,1.0287359,1.0022843,1.0102606,1.1344447,0.8500874,0.9923584,0.9793844,0.0,1.2115352,0.98954946,0.9262115,0.9946928,1.0811751,1.0777483,0.9567503,0.97832763,0.99865156,1.0375196,1.1321464,1.102151,0.95608145,1.1786814,1.1139759,0.99693036,1.0315225,0.9605513,0.9952463,0.9345138,0.9978629,1.0341539,1.034879,1.130246,1.0440428,1.098404,1.0355835,1.1760511,0.21251667,1.012938,0.9101626,1.0697174,1.0190742,1.0266113,1.085741,1.130519,1.0663568,0.9569069,1.1478952,1.0693692,1.0612384,1.157354,0.9941295,0.6716387,0.92764264,0.89574474,0.98114085,1.0336057,1.063078,1.0593368,0.9590702,0.98540145,1.0997958,1.0907729,1.0681099,1.0892256,1.1300863,0.6614389,1.182569,1.0682974,1.1403437,1.0814364,1.104382,1.1775542,1.1378636,0.9679111,1.0721188,1.1170282,1.055697,1.0456074,1.0398165,1.0576217,1.0809501,1.015497,0.89473766,1.0894294,0.8946594,1.0656347,0.99094003,0.94790107,0.8848188,0.87428886,0.9837833,1.0644822,0.9437568,1.1034853,1.0015045,1.0497996,0.973054,1.0265975,0.8634047,1.0692843,0.9722486,0.94630116,1.0251169,0.95701635,1.0844445,1.0971183,1.0573986,1.0332204,0.84759593,1.0140809,0.8441701,1.0641583,0.798517,1.0565687,0.9977417,1.100144,1.1504849,1.2197452,1.1830475,1.1261885,0.880705,1.0211945,0.8492986,0.727679,0.1507684,0.840558,1.0990156,0.807508
carrot,1.2704177,0.90091026,0.35139573,1.0902423,0.84439945,0.8047179,1.0091333,1.0413296,1.21047,0.871838,0.49053997,1.2668375,1.1242888,0.96861625,1.3183377,1.2209415,1.2402103,0.8593673,1.06039,1.3509787,0.8821325,1.1464989,1.0897896,0.8884361,1.2115352,0.0,1.220073,1.2206492,1.0049181,0.9725476,1.0408674,1.0801438,1.1602292,1.2726326,0.99880916,0.84315515,0.75369316,1.2391528,0.7723666,0.4253716,1.4009783,0.9297523,1.071447,1.2566453,1.3121667,1.1521158,1.1762735,1.2104293,0.5185417,1.0548702,0.6409316,0.8940246,0.4017877,1.1970371,0.72354615,0.8676103,0.8678731,1.0044711,1.0633389,1.1931019,0.39187598,1.0058092,1.1430788,0.64145565,0.9166642,1.2016916,0.8455062,0.60541886,1.0316429,1.053605,1.2621536,1.1848675,1.0107977,1.0864689,0.56271213,1.1533282,0.98950803,0.8436227,1.0641463,1.2011048,1.228758,1.161855,1.3517544,0.77143335,1.1253163,0.37893188,1.0475904,0.4961515,0.4786955,0.4940545,1.1658142,0.97705406,1.142379,0.98631155,1.2489886,1.1876093,0.5048212,0.5307207,0.94981146,1.0534787,1.1358182,1.0373888,1.2101474,1.1211227,0.7483586,1.2728401,0.94307077,1.1826489,0.7994902,1.0694844,1.17557,1.1841358,1.1121614,1.1210088,0.8191873,1.2108848,1.1174259,1.2554258,1.2220004,0.5650855,1.127055,0.69179726,0.86247444,0.7219683,0.92405283,1.2513591,0.8531234,1.3240186,1.0469142,1.33665,1.359021,0.866701,1.1837499,0.44043666,0.37585682,0.8323481,0.9856367,1.2954736,1.2010047,1.1727562,1.2803315,1.2624351,1.3035797,0.45778048,1.1352999
