,alligator,ankle,apple,arm,ball,balloon,banana,basket,bathtub,bed,belt,bench,bib,bird,blanket,boat,book,bottle,bowl,box,bread,broom,bucket,butterfly,can,car,carrot,cat,chair,chips,clock,closet,coat,coffee,comb,cookie,couch,cracker,crayon,crib,cup,deer,dish,dog,doll,door,drawer,dress,ear,egg,elephant,eye,face,finger,fish,flower,foot,fork,frog,glass,glasses,glove,grass,gum,hair,hamburger,hand,hat,helicopter,horse,jacket,jar,jeans,knife,ladder,lamp,leg,meat,melon,milk,mitten,motorcycle,mouth,muffin,nail,napkin,necklace,nose,orange,oven,owl,pajamas,pants,paper,pastry,pen,pencil,penguin,pickle,pig,pillow,pizza,plant,plate,pony,pumpkin,purse,radio,refrigerator,rooster,scarf,scissors,shirt,shoe,shorts,shovel,shower,sink,slide,slipper,snow,soap,sock,soup,spoon,sprinkler,strawberry,stroller,sweater,table,tape,toe,tooth,toothbrush,towel,toy,tray,tree,vacuum,watch,window
alligator,0.0,1.3245779,1.589042,0.5867959,1.3351731,1.4064894,1.063627,1.3866453,0.5475507,0.39444017,1.5322064,0.3986073,0.4748392,0.5526553,0.55076754,0.89761096,1.3109329,1.5872037,1.5823262,0.5965197,1.4744816,0.9406044,1.0100253,1.1950533,1.2785423,1.1716506,1.1466538,0.49212813,0.96774143,0.7230673,1.4195173,0.9186719,0.60577375,0.9029386,0.5734958,1.1790122,0.47834086,1.0330367,1.6395597,0.47017372,1.6603363,1.3391777,1.0512623,0.50160336,0.89932215,0.79497576,1.0150826,0.661488,1.2217362,1.4183849,0.77094233,1.4619961,0.7666352,1.3094904,0.98807245,1.3458673,1.0800289,1.5623875,0.6761313,1.2797451,1.4608716,0.91246355,0.7322285,1.3088602,0.6061902,1.3626738,0.81074196,1.4245695,1.0904691,0.63508195,0.49655497,1.1662657,0.5147279,1.5663083,0.87248695,1.1450077,0.8654585,0.43323654,1.0626335,1.0142612,0.42448997,0.9121,1.1778373,0.5642586,1.5712086,1.4898343,1.1487765,1.2242483,1.4889476,0.6547869,0.72519374,0.45456558,0.59754735,0.73408824,0.84188217,1.5631065,1.5989048,0.62202305,0.968504,0.9589063,1.1659305,1.258125,1.0376698,1.470763,1.0947919,1.3903937,0.9287736,1.4139917,0.6986449,1.2414254,0.5481654,1.1380935,0.5037595,0.89166623,0.78536487,1.2446643,0.84521586,0.81072074,0.54920876,1.5940341,0.5437936,1.6098639,1.0531507,1.1345782,1.5424471,0.95274997,1.5451899,0.6897571,0.47917247,0.5258203,1.5866878,1.4067428,1.1790465,0.87950647,1.4234171,1.3037317,0.81251764,0.7077484,1.4003112,1.602267,0.7314216
ankle,1.3245779,0.0,0.8407965,0.834949,1.0237373,0.9508189,1.0552647,1.0052462,1.3243277,1.2795665,0.8061938,1.2368139,1.0401423,1.210885,1.1929295,1.261364,1.1208482,0.9009205,0.93083346,1.3300048,0.8981965,0.9677178,1.1306311,1.0102404,0.8596575,1.0581576,0.7289592,1.2139041,1.0395374,1.2507722,1.0309346,1.1863786,1.1146715,1.1361668,1.3063978,1.1236418,1.1386657,1.1518943,0.83407634,1.3206888,0.8510567,0.93769306,1.19257,1.1412845,0.83182514,1.1756147,1.004037,1.0658308,0.7674066,0.8697642,1.0233493,0.8578088,1.0002595,0.4053545,0.96752685,1.0140815,0.36804253,0.8748546,1.2174706,0.92622435,0.6901443,0.4499898,1.2261482,1.0226305,1.0257505,0.7810081,0.7396268,0.7404345,1.1632583,1.1551099,1.1360295,1.1339724,0.8855399,0.8437263,1.0601104,1.1320429,0.5094303,1.1865981,1.0830206,1.1176924,0.871379,0.8781447,0.82189333,1.104306,0.7218579,0.7118005,0.90789276,0.7255084,0.95502645,1.2318642,1.1468332,1.0702372,0.8324024,1.2839051,1.1204777,0.91342515,0.8689764,1.108351,0.96766067,1.008966,0.69382215,1.0160832,1.0074941,1.0424188,0.94976234,0.93577445,0.9873679,0.88653404,1.2766898,0.9454966,1.0392419,1.0840482,1.0072111,0.8739208,0.58813536,1.013978,1.1382523,1.3331143,1.376108,0.5499884,1.3207352,0.7337874,0.29481316,1.2002492,0.86823434,0.97701746,0.8539883,1.0559913,1.0783392,1.3706403,0.9978301,0.25539696,0.55826825,0.98406935,0.7350773,1.0701478,1.3420637,1.2265866,0.92203027,0.62423396,1.2277801
apple,1.589042,0.8407965,0.0,1.4325852,0.4998523,0.4117099,0.84982735,0.76002204,1.5599387,1.4979055,0.4538092,1.621968,1.4748809,1.131994,1.3420085,1.0993568,0.7528347,0.42472792,0.4943415,1.5416334,0.3456682,1.1974084,1.2343309,0.80240583,1.0391304,0.7919694,0.79480004,1.2581491,1.2902062,1.1729256,0.7494769,1.1878731,1.3221664,1.2253021,1.5230656,0.8497467,1.4472986,1.1192963,0.24308372,1.6130109,0.36413217,0.8568793,1.0170627,1.2202204,1.0849379,1.4064769,1.2791367,1.3104577,0.8184658,0.4510497,1.1259636,0.39977026,1.1412495,0.8174869,0.72888494,0.55272424,1.0688539,0.51228094,1.0922513,0.7390088,0.55795103,1.1163062,1.2194095,0.74271595,1.2592556,0.6092544,1.2814169,0.41558957,0.9843324,1.2086743,1.4404175,1.0088869,1.4559238,0.53322965,1.3608961,1.0590919,1.1578178,1.314398,0.76301885,1.218943,1.4497011,1.1121918,0.9292239,1.2613367,0.21304333,0.55836266,1.0368288,0.7934213,0.3783276,1.4639468,1.1362973,1.4818678,1.4256096,1.3355404,1.1459208,0.25575888,0.28478903,1.1757544,1.0144863,1.0086566,0.883994,0.68341714,0.8975255,0.5615042,0.876778,0.2875371,1.2567865,0.71372145,1.459205,0.6519176,1.3915424,1.1857487,1.452876,1.276693,1.2508994,1.040524,1.2249794,1.3537532,1.4239223,0.32464814,1.372572,0.12300891,1.1220049,0.92779744,0.57315713,1.2156341,0.23954594,1.384041,1.4236176,1.507504,0.55516434,0.6797025,0.9007639,1.2306135,0.6066593,0.7249729,1.3534396,1.1491457,0.78460205,0.38654888,1.3079939
arm,0.5867959,0.834949,1.4325852,0.0,1.4048467,1.3408186,1.1721562,1.4921321,0.5912827,0.5055337,1.3850656,0.5111512,0.32375622,1.0648116,0.7014401,0.95289016,1.2983891,1.5208007,1.500263,0.69509053,1.4013289,1.1713806,1.0443156,1.3313477,1.2654257,1.322047,0.9055387,0.8402072,0.9600631,0.82065916,1.3184853,0.8677139,0.74833864,0.94421715,0.68567365,1.2981482,0.53888506,1.0903093,1.492331,0.6629807,1.5557157,1.1767986,1.0312512,0.9404132,1.0725945,0.91857606,1.1082271,0.79589534,1.0529722,1.3766222,0.7099794,1.3096023,0.73530173,0.84343874,1.2807723,1.5005893,0.7875012,1.4687486,1.0327834,1.3216124,1.2242935,0.7571746,0.9414901,1.336044,0.66781425,1.191344,0.3706736,1.2937634,1.1051795,0.7847876,0.48568064,1.2365004,0.42237592,1.4350138,0.95009756,1.1003072,0.4946016,0.57502675,1.1054621,1.0034305,0.49692523,1.0141735,1.0010799,0.6595986,1.3137372,1.4708217,1.0229471,1.0192068,1.4337925,0.7580907,0.8256854,0.31360757,0.5556314,0.7228554,1.016571,1.4328374,1.4648733,0.9018374,0.98946464,1.2691469,1.1398108,1.3110042,1.3263249,1.448978,1.3250432,1.3812399,1.0295966,1.3785906,0.7479139,1.3413757,0.5797298,1.1551479,0.31811947,0.9643823,0.57319427,1.1894636,0.8444993,0.81219953,0.8289764,1.3522336,0.7637414,1.3877883,0.725824,1.1696687,1.46727,0.8953841,1.4017806,0.9550946,0.42003578,0.5394733,1.510174,0.9364284,0.9082672,0.66788507,1.4484288,1.3913033,0.79987264,0.94746184,1.3564045,1.291609,0.7807754
ball,1.3351731,1.0237373,0.4998523,1.4048467,0.0,0.29839075,0.5616269,0.9184287,1.369139,1.3782966,0.92864114,1.454184,1.3540046,0.93053424,1.3101707,0.89525825,0.8755668,0.7394036,0.73403424,1.246051,0.7289026,1.0275729,0.9876549,0.7817201,1.1963311,0.842427,1.0991155,1.184631,1.3591075,0.9844454,0.7841284,1.0815123,1.3116003,1.0800914,1.3774105,0.60286885,1.3831968,0.9068058,0.7852825,1.4026816,0.7308544,0.8764396,0.7474273,1.0640002,0.96229815,1.3521185,1.1354038,1.2650313,1.0305462,0.2418502,1.1637601,0.68721676,1.080975,1.0573459,0.77177143,0.77444625,1.1163151,0.9050555,0.7322056,0.76368976,0.9639831,1.1110158,1.0598111,0.56444997,1.2222055,0.8459827,1.2419155,0.8416129,0.97548735,1.1250209,1.3768127,0.87082124,1.4183254,0.9181118,1.3580035,1.0123584,1.2701225,1.2604724,0.5788901,1.0158422,1.2588105,1.0438809,1.039268,1.1583803,0.73415506,0.9459149,1.1198791,0.9933586,0.4617551,1.3282137,1.1335548,1.3590825,1.4259865,1.0890917,0.8559689,0.84312636,0.8442363,1.0614128,1.1850888,0.9727004,1.1125236,0.8100149,0.9849392,0.761376,0.80240464,0.39805704,1.1326215,0.847545,1.3874379,0.78047454,1.3377078,0.97218746,1.3753357,1.0794252,1.3581214,0.97183836,1.2143164,1.1174854,1.2037857,0.8599936,1.2404208,0.6286129,1.1322246,0.70977503,0.88796,0.9600381,0.55305237,1.0990747,1.3709981,1.2815992,0.40063894,0.9868727,1.0845344,1.1557376,0.98318946,0.35559803,1.0109571,1.0321189,1.0539285,0.8489318,1.2452444
balloon,1.4064894,0.9508189,0.4117099,1.3408186,0.29839075,0.0,0.7903018,0.92223066,1.3835968,1.4135293,0.7555467,1.4564359,1.3620069,0.99295866,1.2741195,1.1210426,0.8020756,0.6482569,0.65848494,1.3584287,0.7160059,1.0747889,0.9461317,0.7941079,0.99643457,0.87611157,0.97318643,1.2272699,1.2470098,1.105189,0.8417469,1.1735392,1.2365407,1.07522,1.3739735,0.8436225,1.3714075,1.0839944,0.60828876,1.4401932,0.6369642,0.8471797,0.85137707,1.1586334,1.0993104,1.3159597,1.2106897,1.1692721,0.93168694,0.3067876,1.1192663,0.63560236,1.1694158,0.9272464,0.7083057,0.75664365,1.0095081,0.78045213,1.0113891,0.7265928,0.8513309,0.99545443,1.1297414,0.6779032,1.2411486,0.7956073,1.2191256,0.6060984,0.94737244,1.1392843,1.3304703,0.97700864,1.2842392,0.79036266,1.3099176,0.9524316,1.2136527,1.3404096,0.6729224,1.0916339,1.2629848,1.0364677,0.9790387,1.2149516,0.59161294,0.7664428,1.0288367,0.8848641,0.48317653,1.3779262,1.1885259,1.3327566,1.3164624,1.1456398,1.086626,0.68319935,0.6769145,1.1525729,1.0813632,1.008376,0.9589051,0.90897506,1.0008123,0.77491134,0.86913794,0.41899008,1.1536747,0.8406019,1.3574461,0.6825323,1.3259691,1.0300539,1.3061445,1.093457,1.1822728,1.0008152,1.2249061,1.1594257,1.1020006,0.6820786,1.3429074,0.54795694,1.0059034,0.8641224,0.7711983,0.99848723,0.4333917,1.2106533,1.3259786,1.3513019,0.56612927,0.83670866,1.0065197,1.069442,0.799846,0.6016933,1.1756644,1.0455986,0.8772496,0.7158865,1.2417862
banana,1.063627,1.0552647,0.84982735,1.1721562,0.5616269,0.7903018,0.0,0.9151833,1.2087598,1.2750189,1.0062077,1.1905922,1.0778663,1.0813106,1.1738219,0.86554605,0.97502476,0.978817,0.8227024,1.0874051,0.7971859,0.86242354,1.0689951,0.9277924,1.1044738,1.0172063,0.79052603,1.1966813,1.2483054,0.70927644,1.0357416,1.1643981,1.2870564,1.0556732,1.0008353,0.81884867,1.2718562,0.87059534,0.88106495,1.2476346,0.9650963,1.097699,0.9392613,1.1374761,1.0399325,1.304879,1.0223736,1.1456826,0.8961625,0.56641644,1.0937219,1.04687,1.1375493,0.89620465,0.7623699,0.96599936,0.9953137,0.90944487,0.75411403,0.9961542,0.99556524,0.9630998,1.0107894,0.650219,1.1551569,0.6596535,0.97153133,1.0361971,1.1666081,1.1479622,1.2195487,0.99632573,1.154903,0.90479714,1.2172127,1.1534986,1.1201873,1.0944684,0.3432052,1.062525,1.0110728,1.0152463,0.93901604,0.911514,0.9745669,0.8952756,1.0474701,1.0035118,0.5982849,1.2078972,0.96563596,1.2066157,1.1534641,1.0471647,0.91216993,1.009179,0.9490018,1.0575955,0.8962074,0.9743483,0.95071995,0.68646383,0.99287415,0.7133981,1.041605,0.74125594,1.1007631,1.0423057,1.2350519,0.98303497,1.1422496,0.85145044,1.2114493,0.9968215,1.1147808,1.0399511,1.2476838,1.1073,0.9685291,0.9278097,1.1758286,0.9454902,0.94709593,0.89499927,0.87087786,1.1284208,0.936511,0.91168433,1.2554343,1.1646986,0.7455133,0.97491866,0.8347962,0.8695241,0.9390794,0.661056,0.94500166,1.0048522,1.1285568,1.0336435,1.2253544
basket,1.3866453,1.0052462,0.76002204,1.4921321,0.9184287,0.92223066,0.9151833,0.0,1.3077297,1.336356,0.63413996,1.2538276,1.4304943,1.1304967,1.1438308,0.9262905,0.5706973,0.40519357,0.48780173,1.093343,0.69440204,0.8082925,0.8954148,0.81022763,0.55792403,0.7765503,1.0815643,1.2616391,0.7036989,1.1404803,0.59500635,1.1466755,1.171704,0.99085647,1.0681479,0.8852275,1.2957983,0.9592646,0.58751154,1.1031989,0.41809547,0.88041925,1.096479,1.2124876,0.9568335,0.9737996,0.83674735,1.1425021,1.1635092,0.95297766,1.3057668,0.8056791,1.3216593,1.1403465,0.9763669,0.5380726,1.1430528,0.5287653,1.1818184,0.6981739,0.9610404,1.0915514,1.1579163,0.87396884,1.3778751,0.93715614,1.4021146,0.8398217,0.8624848,1.1890057,1.3519576,0.7597447,1.423376,0.60993576,0.83421695,0.8687657,1.3037763,1.2859263,0.92139494,0.8724943,1.3896927,0.90690345,1.1589714,1.2810909,0.90642506,0.4721508,0.8932733,1.192058,0.7780608,1.2118616,1.1155617,1.4315763,1.3372321,1.153934,1.1414733,0.6314055,0.60981905,1.1787825,1.0061679,0.90161943,0.6026605,0.7756209,0.6915568,0.62264967,0.9002469,0.81042063,0.69112813,0.4554701,1.1820911,0.74792343,1.2907884,0.8901754,1.4576151,1.1200436,1.2838882,0.824267,1.1103975,1.1729317,1.1906182,0.7405379,1.1628536,0.75791407,1.1077557,1.0080252,0.6020708,1.0664855,0.7572232,1.0071675,1.4375355,1.3052738,0.58085895,1.0797557,1.1282935,1.189615,0.4633888,0.7489817,1.1238406,1.1477876,0.54944074,0.78666353,1.1862715
bathtub,0.5475507,1.3243277,1.5599387,0.5912827,1.369139,1.3835968,1.2087598,1.3077297,0.0,0.31579888,1.4160495,0.3017211,0.58586246,0.97577316,0.61004,0.9245138,1.1436552,1.5165529,1.2990787,0.32278293,1.4947147,0.9181558,0.64121884,1.3081713,1.027757,1.2413657,1.2177135,0.77306855,0.7151164,0.86205506,1.3273764,0.535704,0.7818276,0.77732736,0.5652327,1.1620897,0.44361418,0.9092902,1.588022,0.29119396,1.5402299,1.325296,0.970914,0.89738816,1.1891382,0.6156659,0.8484858,0.8406128,1.3183763,1.4060781,0.7869669,1.4410058,0.8418144,1.3180968,1.3275466,1.5119402,1.1306008,1.4730248,1.0249676,1.278946,1.4400733,1.2131449,0.80478895,1.2421603,0.7964246,1.4384365,0.86232924,1.4435462,1.0567045,0.837588,0.6075958,1.0809067,0.6566353,1.4436269,0.7173606,0.9654577,0.8745382,0.529522,1.1543187,0.8628305,0.7918365,1.1910709,1.1268067,0.71843493,1.4984827,1.5087065,1.2193074,1.2789063,1.4254284,0.3941437,0.8984591,0.57538235,0.73535514,0.6064379,0.9546832,1.4723685,1.5189621,0.80985546,1.0835052,1.1413968,1.2583269,1.3139553,1.2682319,1.265925,1.2494588,1.430649,1.0337605,1.3621597,0.37568295,1.4247562,0.8149837,1.0700316,0.61065197,0.91561514,0.8942687,1.0863261,0.40074492,0.26248157,0.46542263,1.586096,0.56666076,1.477114,1.1485723,0.9958656,1.4474003,0.9370529,1.4657103,0.8946195,0.5679758,0.32394004,1.3180927,1.4274056,1.3345184,0.86755973,1.4622573,1.2618005,0.46340775,0.93066317,1.2389464,1.541565,0.6373168
bed,0.39444017,1.2795665,1.4979055,0.5055337,1.3782966,1.4135293,1.2750189,1.336356,0.31579888,0.0,1.37855,0.24738789,0.43862432,0.90283185,0.25171328,0.80842674,1.1373206,1.5392512,1.4559219,0.44372654,1.4862093,0.99469984,0.983885,1.3677844,1.2392528,1.1476885,1.1958052,0.57379293,0.7953103,0.82738924,1.376545,0.5798564,0.6155469,0.80650085,0.6500338,1.3117182,0.15929526,1.117249,1.5766184,0.26754344,1.5932722,1.3338751,1.0486326,0.7367221,1.0383855,0.7447114,1.0511115,0.7039321,1.3666945,1.4797301,0.63539237,1.4000835,0.7578625,1.3284701,1.2636281,1.4910879,1.1865506,1.5548668,0.9168503,1.3426868,1.4290081,1.1438489,0.74900234,1.4216762,0.7250898,1.4530244,0.8837172,1.3814878,1.1366858,0.6008592,0.3241486,1.13228,0.4925322,1.5395339,0.8358893,1.1186146,0.87622064,0.47507942,1.218717,1.0427458,0.72877127,1.0330918,1.1916554,0.6774584,1.4584227,1.4945601,1.1909661,1.2967134,1.5002295,0.5977129,0.78151715,0.32433128,0.61185575,0.6044645,1.0511138,1.4499848,1.5227873,0.7860787,1.0324193,1.0536759,1.0838886,1.3679097,1.2318777,1.4320035,1.2412837,1.3841739,0.9409901,1.3188357,0.5603305,1.4503523,0.5695484,1.2368845,0.43444234,0.9192665,0.7952996,1.2972481,0.6036768,0.6359507,0.4984243,1.5234411,0.30340374,1.4702992,1.1168526,1.1230663,1.547893,1.0596849,1.5031347,0.81842357,0.3919611,0.33277512,1.4357523,1.4165506,1.3522351,1.0737491,1.4159355,1.2565858,0.7049023,0.8606015,1.3279514,1.5252845,0.61684257
belt,1.5322064,0.8061938,0.4538092,1.3850656,0.92864114,0.7555467,1.0062077,0.63413996,1.4160495,1.37855,0.0,1.4022832,1.453902,1.1653847,1.2159694,1.0701914,0.71642256,0.51315856,0.35339367,1.409696,0.5521109,0.9958462,1.2179662,0.82749665,0.6181848,0.78242433,0.75529075,1.1032374,0.9719749,1.1928146,0.772335,1.1429535,1.2226433,1.1522994,1.2871205,1.0948387,1.3017864,1.1971614,0.23482138,1.4305651,0.39533043,0.83733666,1.1734371,1.2312083,1.2285663,1.1547824,0.90575397,1.2690344,0.92492974,0.8442634,1.0561477,0.6103611,1.2615294,0.82317746,0.6814249,0.70042795,1.0355726,0.28557593,1.2275004,0.8203776,0.5361204,1.0344517,1.1629632,0.9464578,1.302228,0.73040926,1.2985679,0.41849053,0.98895824,1.1506373,1.343182,1.0893437,1.2404317,0.30604732,1.1707668,0.94441515,1.200523,1.4380817,1.0224568,1.196103,1.4819514,0.9618774,1.0063869,1.3710427,0.47599876,0.3984375,0.9039331,0.81273067,0.7239629,1.3153938,1.1565266,1.4200492,1.1800284,1.3374099,1.2621262,0.2548796,0.24043304,1.2122133,0.81370085,1.0022691,0.63166064,0.7880628,0.8839862,0.55482805,0.98869157,0.7673062,1.0737715,0.583411,1.2502418,0.89087886,1.3421268,1.0667166,1.3832114,1.0349692,1.0089978,1.0174024,1.1729091,1.3047061,1.2964349,0.2872312,1.2445226,0.45006543,1.005533,1.0757049,0.3276835,1.2399846,0.61988974,1.2891167,1.3524477,1.4723661,0.7071743,0.7451278,0.92622125,1.3145003,0.4612654,1.0132011,1.406343,1.1767224,0.5361846,0.41972494,1.1760848
bench,0.3986073,1.2368139,1.621968,0.5111512,1.454184,1.4564359,1.1905922,1.2538276,0.3017211,0.24738789,1.4022832,0.0,0.54095346,0.9180689,0.5319021,0.9044029,1.1337767,1.5445334,1.4056447,0.40533173,1.512183,0.8783048,0.9039571,1.4010036,0.9883858,1.2260247,1.1364675,0.73587525,0.46166575,0.924803,1.3529727,0.8057008,0.6599695,0.6526995,0.5601731,1.3350071,0.19619644,1.1029958,1.600801,0.24892712,1.579628,1.3466702,1.0562305,0.8508328,0.98781186,0.5206833,0.7562404,0.70606977,1.3150078,1.4985359,0.8492502,1.5154423,0.8321858,1.2486907,1.2741727,1.5151166,1.114409,1.4874742,1.0220908,1.2950501,1.4286153,1.0322642,0.6838151,1.398012,0.7250315,1.4162173,0.8004863,1.4240379,1.1238834,0.8190496,0.48301476,1.1568255,0.45119464,1.4600238,0.57055175,1.049256,0.82006943,0.64231986,1.2468369,0.9894676,0.6297339,0.97498715,1.1869359,0.6296655,1.541105,1.4621689,1.1236676,1.2480508,1.5293975,0.51295245,0.9533006,0.47397685,0.5008846,0.68586665,0.8890076,1.5073035,1.5467576,0.80974376,0.9752621,1.1129782,1.024722,1.3531944,1.1647652,1.3798511,1.3065408,1.4743117,0.89707714,1.2580851,0.5088923,1.4374161,0.6360489,1.1341776,0.4834593,0.8715701,0.68326706,1.1967524,0.74656945,0.6054883,0.4821928,1.5394889,0.48668545,1.5687801,1.0419607,1.1705296,1.4544559,1.0017076,1.5276372,0.6373465,0.39750063,0.20945883,1.4550327,1.3784107,1.2681599,0.87506235,1.4170177,1.3017154,0.65772,0.8402866,1.2555697,1.5900942,0.59007466
bib,0.4748392,1.0401423,1.4748809,0.32375622,1.3540046,1.3620069,1.0778663,1.4304943,0.58586246,0.43862432,1.453902,0.54095346,0.0,1.0600028,0.48606384,0.8666074,1.284987,1.5334951,1.5512278,0.59801674,1.4340299,1.0180323,0.9726346,1.4273996,1.3035746,1.3243338,0.92185783,0.8576015,1.0586382,0.71528244,1.4223545,0.8713421,0.6671217,1.0029762,0.5949579,1.2957479,0.55392534,0.9939628,1.5857389,0.5596205,1.598423,1.2450273,0.98719996,0.9402262,0.9444631,0.993749,1.1553237,0.60151565,1.0332057,1.3268952,0.83347595,1.3331804,0.6547843,0.9781717,1.3008382,1.5475167,0.9366672,1.5808483,0.92441005,1.3776088,1.2561334,0.7666738,0.9295224,1.2486892,0.5584298,1.2263556,0.47770178,1.2731811,1.2100903,0.8321121,0.36483836,1.1461139,0.44307816,1.5795724,1.0484837,1.2409935,0.7075906,0.34730905,1.0215489,0.9535972,0.3870955,1.0450455,0.95749885,0.49272555,1.3448427,1.4220691,0.9690183,1.0246097,1.441869,0.76311195,0.7342397,0.17437768,0.57083046,0.6390109,0.9899368,1.5317187,1.5583825,0.9617714,0.98330927,1.1340394,1.083125,1.2857511,1.3436543,1.461395,1.2893953,1.3553792,0.9391594,1.5068748,0.82535434,1.4518828,0.35007334,1.2469249,0.24471474,0.95752513,0.6146101,1.3453248,0.8503524,0.8354457,0.69797087,1.4295088,0.6573809,1.4399908,0.8151395,1.1090213,1.5966449,0.9192739,1.4896934,0.9042751,0.42352962,0.5782632,1.5053002,1.0825357,0.9137844,0.75184214,1.3324353,1.3097738,0.7493918,0.95826334,1.5116551,1.4057648,0.8625374
bird,0.5526553,1.210885,1.131994,1.0648116,0.93053424,0.99295866,1.0813106,1.1304967,0.97577316,0.90283185,1.1653847,0.9180689,1.0600028,0.0,0.92865485,0.8955345,0.9671222,1.0917871,1.2055286,0.9947045,1.1238307,1.0290451,1.0256715,0.8104497,1.2601867,0.9529719,1.2959533,0.7082341,1.1253096,0.99092436,1.0498308,1.0871899,0.96871626,0.90825427,1.0464187,0.9158549,0.9353184,0.9929491,1.143673,0.9529907,1.1742672,1.0395825,1.0413071,0.5256129,0.8308853,1.0788307,1.0204324,0.9548145,1.1738894,1.0901228,0.980609,1.1461462,1.0059822,1.284032,0.78775567,0.93805414,1.1168222,1.1295208,0.5529144,0.972143,1.2768216,0.9996417,0.86725587,1.0481799,0.97797275,1.2539647,1.0996407,1.1361225,0.8953557,0.764034,0.94283134,1.0058544,0.98511434,1.1173873,1.0354697,1.0025315,1.1464103,0.87650704,1.0830641,1.0688175,0.8610349,0.87119824,1.2056435,0.9737047,1.2725736,1.2095273,1.0758263,1.2942456,1.11289,1.0221047,1.0161583,0.9353659,1.0416353,0.98554516,0.9444811,1.0805418,1.1089226,0.47405255,1.207573,0.707427,1.175432,1.091606,0.91276294,1.1431365,0.6843768,1.0685116,0.9661354,1.064278,1.1004179,0.8749558,0.9536987,0.85770106,0.97028726,0.88397974,1.1135973,0.9145072,1.0007011,0.96845496,0.89948297,1.2529833,0.8477891,1.2129612,1.1583297,1.0401912,1.1024061,0.9136466,1.1129202,0.797007,0.9273917,0.88396066,1.1431197,1.2897227,1.1992767,0.8787273,1.1785548,0.8393936,0.99311084,0.94311655,1.0566618,1.2311735,1.0206685
blanket,0.55076754,1.1929295,1.3420085,0.7014401,1.3101707,1.2741195,1.1738219,1.1438308,0.61004,0.25171328,1.2159694,0.5319021,0.48606384,0.92865485,0.0,0.87026036,1.0102597,1.3676019,1.3505149,0.66228443,1.3545985,0.91305435,1.0401489,1.2290068,1.1467171,1.094967,1.0670782,0.683056,0.8931957,0.75164306,1.3309103,0.79050446,0.7189507,0.89490783,0.76710725,1.2246896,0.4134493,1.0785328,1.3863857,0.5020373,1.4729269,1.2999513,1.0137806,0.80761194,0.9730509,0.92571527,1.0905458,0.67018175,1.3153436,1.3885612,0.7962603,1.309862,0.934077,1.2792511,1.118023,1.2684902,1.0896403,1.3660829,0.87801385,1.3117051,1.3615164,0.9432786,0.8829764,1.2908118,0.90356576,1.3096786,0.9652516,1.2516056,1.132303,0.7590777,0.46547908,1.0536069,0.63761514,1.3580229,0.9851546,1.1470344,1.0201145,0.46522808,1.0675235,1.0834063,0.6795156,0.9682364,1.1877598,0.5855788,1.4003788,1.1557683,1.0330361,1.2700698,1.3207914,0.7924566,0.75893223,0.4292724,0.7728589,0.72656363,1.1243687,1.3011725,1.344535,0.8558484,0.93691856,0.9116359,0.6797508,1.2606609,1.1776388,1.3063903,1.1730908,1.2132084,0.84004146,1.2625247,0.80425763,1.3088447,0.5604945,1.1451946,0.62409574,0.9088323,0.8220581,1.25383,0.77469903,0.86194223,0.63323313,1.3475999,0.5684958,1.3473518,0.95028687,1.0783254,1.3655539,1.0861002,1.3376341,0.9387577,0.6777458,0.64426136,1.3142202,1.3637925,1.2845823,1.1455548,1.0097945,1.1123664,0.88240945,0.94917494,1.2977619,1.4370093,0.8316539
boat,0.89761096,1.261364,1.0993568,0.95289016,0.89525825,1.1210426,0.86554605,0.9262905,0.9245138,0.80842674,1.0701914,0.9044029,0.8666074,0.8955345,0.87026036,0.0,0.66468203,1.0823078,1.110384,0.6040134,1.1364802,1.0832206,1.0607665,1.0308669,1.2366766,1.0766691,1.006051,0.9303948,1.1543448,0.76635957,1.0367303,0.89180577,1.0903513,0.9676849,0.7680329,1.0248338,0.92079955,0.97719425,1.0756477,0.8551904,1.1088727,1.1721684,1.0048342,0.8880296,0.84981656,1.1019238,0.97908,0.98534155,1.2139609,1.1072152,1.0533249,1.1435194,0.9027579,1.1563823,1.0070529,1.1125817,1.3630122,1.11145,0.5969226,1.1076994,1.0732517,1.1870276,0.9811441,0.9936962,0.91806614,1.1458282,0.91296226,1.0885844,1.0040199,0.89245886,0.8696363,0.95416814,0.9851255,1.087318,1.143559,1.1059964,1.1894188,0.90042436,1.0239035,0.93504786,0.9994397,0.91399896,1.1378708,0.93221545,1.1612877,1.2049159,1.0077896,1.2135351,1.0335634,0.9334,0.8693674,0.84642214,1.0472224,0.6242722,0.8940295,1.0440335,1.0635787,0.98902214,0.992715,0.9408029,1.1089139,1.0933602,1.0909548,1.0603875,0.95417666,1.0940236,0.89229095,1.0225874,1.0259246,1.0839479,0.9876193,0.81823224,0.9435795,0.99255884,1.1269358,1.1554453,1.00547,1.0094256,0.82783747,1.1775651,0.7752267,1.2020562,1.3200252,0.99823964,1.1067417,1.1218507,1.1591275,0.8109944,0.95099384,0.85323167,0.94837725,1.2683839,1.1048876,0.94278085,1.2084104,0.65844643,0.7772051,1.0263176,1.2317566,1.1906168,1.0279329
book,1.3109329,1.1208482,0.7528347,1.2983891,0.8755668,0.8020756,0.97502476,0.5706973,1.1436552,1.1373206,0.71642256,1.1337767,1.284987,0.9671222,1.0102597,0.66468203,0.0,0.6154385,0.61041594,0.8093811,0.79669434,0.9454775,0.9654011,0.89282984,0.90436697,0.81517917,1.0669005,1.2524121,0.94097114,1.0752977,0.79526466,1.1527485,1.2691606,0.9546668,1.081167,0.8755038,1.2020574,0.89308625,0.6118901,1.1071796,0.6967407,1.1019799,0.96661526,1.129597,1.0080755,1.0612023,0.87855995,1.0478065,1.242413,0.91337854,1.2497846,0.9082501,1.2524178,1.1730103,0.93860334,0.8411091,1.189306,0.68258595,0.9610256,0.9054518,0.98295355,1.2105646,1.1556075,0.76016396,1.305663,1.0022521,1.2452672,0.8741705,0.9007377,1.1622896,1.2813385,0.8106165,1.3332262,0.6183251,1.0278562,0.95517015,1.319309,1.2354099,0.965771,0.898885,1.3318818,0.91330594,1.1619849,1.313432,0.90203124,0.7212407,1.0410197,1.1954886,0.7688605,1.1048791,1.1698879,1.2700183,1.3638879,0.5799513,1.0925639,0.56979644,0.58814794,1.0777694,1.1188879,0.8617345,0.8169895,0.8020028,0.9648951,0.576632,0.8244241,0.86459744,0.92150575,0.7134967,1.1832688,0.9202421,1.352956,0.80076146,1.3407898,1.0210229,1.2604005,0.85917866,1.0952485,1.00206,1.0116606,0.83225477,1.0518095,0.77456594,1.1815052,0.90621835,0.6877376,1.2230797,0.8201914,1.0716597,1.3337771,1.0671303,0.63867885,1.154353,1.166606,1.0021702,0.7036407,0.60502636,0.8884492,1.1637619,0.7811943,0.91655934,1.1513588
bottle,1.5872037,0.9009205,0.42472792,1.5208007,0.7394036,0.6482569,0.978817,0.40519357,1.5165529,1.5392512,0.51315856,1.5445334,1.5334951,1.0917871,1.3676019,1.0823078,0.6154385,0.0,0.42434096,1.3955017,0.51698303,0.9423226,0.7756561,0.819098,0.6108315,0.7681519,1.03583,1.3229942,0.9475758,1.222007,0.42158055,1.2283016,1.1770722,1.0519041,1.394278,0.87326026,1.4441003,1.0668888,0.35788643,1.4412038,0.10683042,0.7398124,1.1143348,1.2262545,0.940301,1.1345402,1.0955614,1.15601,1.0300447,0.7315527,1.2928393,0.5636779,1.3371472,1.081807,0.9360056,0.42769825,1.0331835,0.49979717,1.2010694,0.5696484,0.80746514,1.0598055,1.2410028,0.8202205,1.3943664,0.84411323,1.4512882,0.62618226,0.939882,1.2405878,1.4465141,0.5254159,1.4886487,0.5362562,1.054319,0.9077896,1.2631807,1.4516433,0.8926872,0.8176935,1.4493012,0.9757991,1.1300907,1.4351313,0.6074729,0.46045542,0.8901598,1.0597113,0.55071425,1.3421443,1.3093066,1.5214366,1.3840888,1.2956623,1.1620469,0.4242139,0.40712285,1.2277517,1.0710812,0.9028845,0.8195018,0.7577069,0.6889905,0.5985945,0.7896109,0.5910714,0.81123424,0.4774331,1.2630553,0.618293,1.4077024,1.0274087,1.5171992,1.1672547,1.3171892,0.7365124,1.2039871,1.304059,1.3798267,0.54688275,1.3454401,0.46803606,1.095587,1.0228957,0.5477587,0.9176958,0.5118688,1.1812648,1.4786775,1.4472227,0.5096493,0.912844,1.1100537,1.1213076,0.48240852,0.69088656,1.3192152,1.1861057,0.49168003,0.5323438,1.281122
bowl,1.5823262,0.93083346,0.4943415,1.500263,0.73403424,0.65848494,0.8227024,0.48780173,1.2990787,1.4559219,0.35339367,1.4056447,1.5512278,1.2055286,1.3505149,1.110384,0.61041594,0.42434096,0.0,1.2693394,0.45848548,0.98865294,0.81359637,0.83889467,0.52178955,0.7143041,0.960304,1.2601857,0.8932109,1.1983588,0.6870773,1.1600864,1.3245488,1.0529038,1.3286041,0.8642608,1.3890855,1.0484496,0.3786906,1.4158559,0.24533623,0.8838539,1.1179124,1.2615424,1.1874797,1.2027601,0.88828194,1.344523,1.0529635,0.65160507,1.2276787,0.6814406,1.3797727,1.0145049,0.7265083,0.64058185,1.1120601,0.3167665,1.2542061,0.5327499,0.75468713,1.1000754,1.1404707,0.7603046,1.4367247,0.6827289,1.3918653,0.57466596,1.0287068,1.2875378,1.4861597,0.91493285,1.4332488,0.37305605,1.1449121,0.95467687,1.2836405,1.4236147,0.79714334,1.0236461,1.5271164,0.9403726,1.1136878,1.4025819,0.58845735,0.38061976,1.0052476,1.007847,0.5936634,1.1961998,1.2474167,1.5521688,1.368733,1.2780437,1.1312273,0.41550815,0.373657,1.2593447,0.9252339,0.97021174,0.71401715,0.60648876,0.81793314,0.23025781,0.9254449,0.66230583,1.0466007,0.4183637,1.1937579,0.85317576,1.4655089,0.97650427,1.5202737,1.0248058,1.2434672,0.843555,1.2198733,0.9347742,1.3059071,0.43728876,1.2703397,0.46731132,1.0941435,0.9299883,0.33573073,1.1322664,0.5595143,1.2599168,1.4699123,1.3360497,0.3409704,0.9094968,1.0954651,1.2839979,0.45776868,0.82921743,1.1200238,1.156453,0.60255873,0.5809542,1.2599676
box,0.5965197,1.3300048,1.5416334,0.69509053,1.246051,1.3584287,1.0874051,1.093343,0.32278293,0.44372654,1.409696,0.40533173,0.59801674,0.9947045,0.66228443,0.6040134,0.8093811,1.3955017,1.2693394,0.0,1.4916029,0.9056868,0.6575624,1.2751198,1.0676221,1.2536733,1.2088666,0.9076578,0.7971715,0.7793039,1.2533495,0.6694734,0.88906664,0.74514127,0.58087504,1.049279,0.5632988,0.785531,1.5674158,0.33975685,1.4769194,1.3600842,0.8895235,0.914167,0.9845562,0.7317378,0.7638695,0.82266414,1.4256091,1.3745956,1.0045998,1.4676917,0.8620181,1.3116058,1.2489693,1.4476525,1.2099795,1.4893622,0.9014386,1.3227814,1.4519858,1.192464,0.88391423,1.0495443,0.8314121,1.3830643,0.83837825,1.4550434,1.0831846,0.8945575,0.68361914,0.8970449,0.7727835,1.4465168,0.8058938,1.0816417,1.0115637,0.61317426,1.1364465,0.6978824,0.7483419,1.0561675,1.150776,0.74192744,1.5307747,1.4796332,1.1939899,1.322628,1.3348022,0.47195292,0.8919053,0.63687146,0.83791965,0.37098122,0.84261125,1.4855229,1.5313418,0.91158575,1.0959704,1.0649714,1.1807398,1.2122595,1.1969556,1.1867052,1.1460813,1.3179436,0.81603193,1.2677695,0.59654474,1.3291956,0.8775347,0.99307656,0.70766985,0.8441486,0.9726256,1.1059252,0.7667589,0.4468724,0.58355755,1.5798292,0.64159226,1.5154411,1.1677506,0.94361764,1.4560342,0.9970621,1.4406106,0.7063628,0.6578853,0.36224848,1.1693584,1.448091,1.2992929,0.8453543,1.4276286,0.9905124,0.31589746,0.9449196,1.3071098,1.605341,0.8180816
bread,1.4744816,0.8981965,0.3456682,1.4013289,0.7289026,0.7160059,0.7971859,0.69440204,1.4947147,1.4862093,0.5521109,1.512183,1.4340299,1.1238307,1.3545985,1.1364802,0.79669434,0.51698303,0.45848548,1.4916029,0.0,1.1380589,1.2505968,0.89878654,0.9311724,0.82568264,0.85467017,1.2729073,1.1741242,1.1821733,0.7088395,1.2088016,1.2830045,1.233293,1.3948712,0.6139208,1.4345793,0.8620827,0.3422128,1.539495,0.3923226,0.9166151,1.1013365,1.2134103,1.0595639,1.3375913,1.1169038,1.3063586,0.7491001,0.6315612,1.2057464,0.5584054,1.2185359,0.91927636,0.77473605,0.6094525,1.0649208,0.44968235,1.1455989,0.74000037,0.5973327,1.0818118,1.2221311,0.6831542,1.2783475,0.34623826,1.3217366,0.5597094,0.9839274,1.2487341,1.4378669,1.0460778,1.4163623,0.504168,1.2202876,0.9921813,1.1121951,1.2665703,0.86298937,1.1872363,1.3991187,0.9755464,1.0043728,1.2090605,0.44939315,0.45798373,0.95211244,0.9147718,0.4856965,1.3599746,1.1457657,1.5109452,1.3560201,1.3875159,0.99279404,0.40897787,0.37461007,1.2173084,1.0253817,0.9670912,0.8324566,0.2590077,0.941008,0.33950615,0.8820093,0.5762779,1.1739502,0.66503584,1.3730712,0.7738578,1.309558,1.1069993,1.4783232,1.2438636,1.2494379,0.8746257,1.2581062,1.283585,1.4110134,0.41720217,1.3185546,0.38081998,1.1265368,0.9079018,0.52496773,1.2250936,0.49304718,1.2564812,1.4155886,1.4132357,0.55301374,0.77062494,0.84271145,1.2045379,0.5310992,0.8785061,1.2520028,1.188144,0.75067914,0.4697792,1.3248584
broom,0.9406044,0.9677178,1.1974084,1.1713806,1.0275729,1.0747889,0.86242354,0.8082925,0.9181558,0.99469984,0.9958462,0.8783048,1.0180323,1.0290451,0.91305435,1.0832206,0.9454775,0.9423226,0.98865294,0.9056868,1.1380589,0.0,0.8789494,1.0637761,0.63347614,0.9585507,1.1497886,1.1388807,0.66199666,0.91407025,0.98157793,1.0239908,0.87573963,1.0730292,0.9850411,1.1458596,0.9364138,1.0435325,1.0806559,0.75610566,0.97771144,1.0133505,1.1085031,1.1094229,0.78547394,0.73938066,0.78053254,0.8458015,1.1948403,1.0571593,1.1983396,1.1464573,1.0873942,1.1111946,1.192239,0.9139655,0.93957865,0.9832451,1.1231188,1.0037544,1.1557431,0.9128762,0.89773613,1.1243383,0.9902307,1.1401666,1.103335,1.0796856,1.0743024,1.0803567,1.0126191,0.91160595,1.0422698,1.0404674,0.5963906,0.87646866,1.0061808,0.99472535,1.0493912,0.9056707,0.9549378,1.0809933,1.0880225,1.0772703,1.2248586,0.8563234,0.909234,1.0044484,1.0545582,0.9364024,1.1861302,1.0246519,0.963104,1.0101901,0.97313035,1.1072267,1.0755464,1.0006136,1.037877,0.99877894,0.8624037,1.0535477,0.83045435,1.0624416,1.0562516,1.1556602,0.81480217,0.932101,0.91016096,1.0427114,1.1124887,1.0506403,1.0723947,1.0233669,0.99018246,0.921343,0.8974837,1.007373,0.9204072,1.0976421,1.0349035,1.1084484,0.9445562,1.05739,0.9972485,0.93692,1.1406171,0.71454775,1.0637285,1.010749,1.0567025,1.105637,1.1870475,1.0259261,0.812129,0.95911235,1.0517069,0.9713653,0.67889696,1.1561717,0.91521406
bucket,1.0100253,1.1306311,1.2343309,1.0443156,0.9876549,0.9461317,1.0689951,0.8954148,0.64121884,0.983885,1.2179662,0.9039571,0.9726346,1.0256715,1.0401489,1.0607665,0.9654011,0.7756561,0.81359637,0.6575624,1.2505968,0.8789494,0.0,1.055073,0.63703114,1.0641478,1.2819371,1.1147522,0.7816018,0.9612283,0.9616264,0.8352873,0.9714972,0.83440924,0.9100791,0.9522913,0.9799776,0.9156313,1.278368,0.75527453,0.8682419,1.067134,0.9216275,1.0380237,0.9871922,0.9115263,0.96159005,0.9796983,1.2689315,1.0046726,1.13924,1.1809665,1.1138566,1.2909327,1.2152236,1.1206946,0.95768696,1.1947294,1.1162907,0.7820339,1.3179696,0.9462421,1.0407009,0.9847747,1.1070495,1.2364025,1.094631,1.1466109,1.0395725,1.0853814,1.0155437,0.56563807,1.078338,1.2062614,0.8896939,0.9838958,1.1140647,0.97151065,0.937095,0.4456162,0.90714747,1.0684077,1.1699325,1.012989,1.2809932,1.0723677,1.1050425,1.2393653,1.0481107,0.661527,1.1892152,1.0423753,1.0800657,0.8320719,0.97241014,1.2440516,1.2610725,1.0316995,1.1913862,1.0318775,1.0762067,1.1925346,1.0032588,1.0201286,0.989043,1.0862731,0.7503139,0.9922655,0.6938711,1.0524982,1.0780755,0.9494196,1.0383495,0.82340264,1.1042155,0.8125518,0.9325132,0.49054885,0.8340921,1.2804914,1.0435071,1.1889642,0.9524339,0.9126751,1.1548094,0.559878,1.1158365,0.94618595,1.0377533,0.79365253,0.7885374,1.242343,1.2988322,0.87304914,1.0534128,0.8818614,0.69682515,1.0657668,0.96300817,1.2574792,1.0299932
butterfly,1.1950533,1.0102404,0.80240583,1.3313477,0.7817201,0.7941079,0.9277924,0.81022763,1.3081713,1.3677844,0.82749665,1.4010036,1.4273996,0.8104497,1.2290068,1.0308669,0.89282984,0.819098,0.83889467,1.2751198,0.89878654,1.0637761,1.055073,0.0,0.99385136,0.8320353,1.091327,1.0384232,1.1255605,1.0378836,0.84484565,1.1174611,1.2602456,1.1574922,1.1660488,0.7689525,1.3971946,0.973989,0.8024674,1.3305302,0.81249666,0.74087745,0.97342455,0.9380411,1.0000927,1.1552858,0.93939316,1.2641411,0.9490875,0.7925288,1.0439827,0.77885306,1.1788845,1.0299022,0.64521176,0.50990796,1.0774571,0.6959529,0.8535306,0.72864664,0.9010737,1.0556879,1.1131601,0.86553836,1.277091,0.9342843,1.2228167,0.9541713,0.79191214,0.9231947,1.3243177,0.92413914,1.2963752,0.7150867,1.0752578,0.8247792,1.2722442,1.35476,0.90501153,1.0487283,1.2506738,0.9231961,1.0723449,1.2787483,0.9571744,0.79139245,1.0088809,1.0263512,0.7512884,1.2087061,0.94929373,1.3823502,1.2941861,1.1535703,1.1277916,0.78833795,0.7837801,0.9613949,0.9793421,0.9181565,1.021549,0.930134,0.6968133,0.8342113,0.7899193,0.81406224,0.9444988,0.76610965,1.2210393,0.37126732,1.2848327,0.6504385,1.3828782,0.9247731,1.2351139,0.7936044,1.204072,1.1192219,1.1935015,0.8462451,1.1871446,0.8725121,1.0801717,0.89951205,0.68810713,0.99514294,0.7274554,1.1076347,1.36918,1.3708575,0.74271274,1.0203995,1.0390222,1.112575,0.8382924,0.8145,1.2177157,1.0594561,0.79252815,0.78840864,1.1413893
can,1.2785423,0.8596575,1.0391304,1.2654257,1.1963311,0.99643457,1.1044738,0.55792403,1.027757,1.2392528,0.6181848,0.9883858,1.3035746,1.2601867,1.1467171,1.2366766,0.90436697,0.6108315,0.52178955,1.0676221,0.9311724,0.63347614,0.63703114,0.99385136,0.0,0.93222797,1.027685,1.1144035,0.43092,1.1474841,0.7559544,1.0447582,0.9481256,0.9108804,0.96935713,1.1556199,1.0608398,1.1466566,0.7652921,0.902158,0.51120704,0.9350698,1.2535436,1.2051549,1.0378273,0.6178118,0.66319996,1.0626343,1.0920426,1.106691,1.2144847,0.97597325,1.3029763,1.0624694,1.0472051,0.8184658,0.87853944,0.63488716,1.4518683,0.7418424,0.9534857,0.829375,1.0592495,1.1376487,1.2590017,1.0090241,1.2608812,0.82216656,1.0066828,1.2280287,1.2014375,0.9096195,1.0511931,0.7176009,0.5532681,0.79799855,1.0811818,1.3509033,1.1273562,0.92238027,1.1422293,0.9391348,1.1513469,1.2469496,1.016179,0.48248804,0.8807463,1.017501,1.0288938,0.82457066,1.2481477,1.2992048,0.91251165,1.2510383,1.0670183,0.82715774,0.77998567,1.2257023,0.8820882,1.0549296,0.62144005,1.0380788,0.7453471,0.8568409,1.1053473,1.1221613,0.768306,0.62586385,0.7107771,0.96881336,1.1905713,1.033142,1.2528137,0.97416216,0.91554344,0.81429857,1.0061302,1.0170097,1.0279561,0.8023776,1.2470372,0.94804895,0.8304663,1.1522468,0.65909785,0.8613805,0.9768062,0.9385349,1.2207122,1.1801404,0.8488491,0.9845777,1.116569,1.1045249,0.49781358,1.1727203,1.2203269,1.101935,0.43253148,0.8962581,0.9606102
car,1.1716506,1.0581576,0.7919694,1.322047,0.842427,0.87611157,1.0172063,0.7765503,1.2413657,1.1476885,0.78242433,1.2260247,1.3243338,0.9529719,1.094967,1.0766691,0.81517917,0.7681519,0.7143041,1.2536733,0.82568264,0.9585507,1.0641478,0.8320353,0.93222797,0.0,1.1436431,0.98867905,0.9747826,1.083049,0.940868,1.0581797,0.95924413,1.1519766,1.1919117,0.9725506,1.1248426,1.1359693,0.7733009,1.1327734,0.74707603,1.0123587,1.0588008,0.97462595,0.9595024,1.0803877,0.9902872,1.0696124,1.0909294,0.85388196,1.0298711,0.81449664,1.0992348,1.1341616,0.9609676,0.73591834,1.1627727,0.7129497,1.0585928,0.6601998,0.95567364,1.1095657,0.81931883,1.0429066,1.1489828,0.9835479,1.3043089,0.8572353,0.915953,0.96572423,1.1273627,0.9762249,1.2439251,0.78332746,1.0289489,0.9405994,1.2115464,1.1985192,1.0439211,1.0822655,1.3406174,0.8960038,1.0813504,1.3766718,0.8939813,0.7454413,1.1048893,1.034505,0.8957067,1.0545915,1.1141658,1.2071726,1.1893193,1.1544621,1.1123219,0.72161466,0.7544583,1.0077155,1.0461041,0.9179295,0.9171651,0.908188,0.7953751,0.75683457,0.83884656,0.89520955,0.981613,0.6240386,1.096318,0.84985214,1.1504889,1.0109409,1.2123842,1.0260955,1.1529627,0.92842054,1.0655574,1.0804032,1.1058695,0.8366306,0.990582,0.770821,1.1534152,1.0050827,0.74391544,0.9800094,0.90649486,1.0373075,1.1747596,1.265909,0.80623436,1.072116,1.1853218,1.2440584,0.7851824,0.8438877,1.1611104,0.81871223,0.80970895,0.8442723,0.93094724
carrot,1.1466538,0.7289592,0.79480004,0.9055387,1.0991155,0.97318643,0.79052603,1.0815643,1.2177135,1.1958052,0.75529075,1.1364675,0.92185783,1.2959533,1.0670782,1.006051,1.0669005,1.03583,0.960304,1.2088666,0.85467017,1.1497886,1.2819371,1.091327,1.027685,1.1436431,0.0,1.0547937,1.2058084,0.957022,1.1832464,1.187062,1.181716,1.1075246,0.9177386,1.2568297,1.1565946,1.2108706,0.6651438,1.3230708,0.9583113,1.0995682,1.1567892,1.2076203,1.167008,1.26269,1.0274787,1.1185592,0.62205654,0.83570695,0.87485564,0.8127979,1.0344416,0.42502594,0.69655323,1.1463908,0.7875723,0.7638794,1.0497739,1.1398419,0.54302555,0.8039048,1.1717112,0.943569,0.9996062,0.54370207,0.70651627,0.7358084,1.244209,1.1584712,1.1512798,1.1590638,0.8991605,0.71915317,1.2512009,1.2820964,0.8504651,1.0230545,0.8453425,1.2828212,0.9613675,1.0459061,0.7633301,0.77436435,0.5702491,0.7786139,0.9884681,0.6250252,0.7201371,1.2399538,0.8410909,1.0723815,0.9138884,1.1031697,1.1153237,0.7579425,0.7217256,1.0954415,0.5936297,1.0100404,0.6491557,0.92534506,1.2173936,0.9068051,1.1522737,0.9441799,1.2395306,1.08403,1.1879852,1.1385111,0.9478764,1.0300404,1.0267365,1.0620363,0.8065796,1.2402568,1.204517,1.29477,1.0177053,0.5420166,1.0951383,0.784402,0.7192391,1.1671282,0.7576803,1.3288152,0.84603435,1.2077427,1.1331081,1.2405422,1.1022253,0.5306498,0.43719828,0.8662286,0.82430637,1.1793754,1.2996454,1.2068666,1.1082326,0.65948254,1.2207518
