,alligator,ankle,apple,arm,ball,balloon,banana,basket,bathtub,bed,belt,bench,bib,bird,blanket,boat,book,bottle,bowl,box,bread,broom,bucket,can,car,carrot,cat,chair,clock,closet,coat,coffee,comb,cookie,couch,cracker,crayon,crib,cup,deer,dog,doll,door,drawer,dress,ear,egg,elephant,face,finger,firetruck,fish,flower,foot,fork,frog,glass,glasses,glove,gum,hair,hamburger,hand,hat,helicopter,horse,jacket,jar,jeans,knife,ladder,lamp,melon,milk,mitten,motorcycle,mouth,muffin,nail,napkin,necklace,nose,orange,oven,pajamas,pants,paper,pen,pencil,pickle,pillow,pizza,plant,plate,pony,pumpkin,purse,radio,raisin,refrigerator,rooster,scarf,scissors,shirt,shoe,shorts,shovel,shower,sink,slide,slipper,snow,soap,sock,soup,spoon,sprinkler,strawberry,stroller,sweater,swing,table,tape,toe,tooth,toothbrush,towel,toy,tray,tree,truck,vacuum,watch,window
alligator,0.0,1.2257363,1.3863547,0.64370155,1.3542112,1.2911184,1.1089251,1.1103735,0.747856,0.76213163,1.3765649,0.7595715,0.7281863,0.81102955,0.94556755,1.1115185,0.9175037,1.3353977,1.4069752,1.0231178,1.2258985,0.8987633,1.1544402,1.2872783,0.8080801,1.325561,0.737505,1.0155522,1.1404316,0.86608887,0.8655009,0.8305062,0.8548983,1.1529983,0.8548122,0.9164527,1.3758813,0.6899121,1.481229,0.6407232,0.4892257,0.7598252,0.8249351,0.97292227,0.8204473,1.314703,1.3339462,0.85493803,0.90541625,1.1696297,1.0536723,1.0969937,0.9992608,1.0452017,1.2801921,0.7603146,1.0099976,1.2691638,0.8915564,1.0076478,0.7860066,1.0716518,0.8941364,1.3616326,0.8780902,0.6104225,0.77693266,1.2330964,0.7257535,1.2939146,1.0737741,1.1162072,1.0266488,1.133753,0.78310835,0.792928,1.0829177,0.85163033,1.3991959,1.3096628,1.4194074,1.1069499,1.2169633,0.8359822,0.76226723,0.78298056,0.6807432,1.2669144,1.3411939,1.1593311,1.1102455,0.55143714,1.0065429,1.2958627,0.79008484,1.2138548,0.8450402,1.2266222,0.95815873,0.79262245,0.643829,0.82623434,0.822256,0.7327464,1.0627971,1.0337101,0.9961474,0.88025665,1.138834,1.0382094,1.4010069,0.7876193,1.299341,1.1502875,1.275628,1.3061147,1.1935577,1.2092192,0.8559341,0.67740595,1.0551846,0.7402937,1.3135389,1.287621,0.9595472,0.8595942,1.2134783,1.168791,1.012655,0.8057451,0.8249169,1.1251645,1.3685395,0.7438209
ankle,1.2257363,0.0,0.7169566,1.0906277,0.84339744,0.8277513,0.97116774,1.1602043,1.375788,1.3608235,0.6870825,1.3324333,1.1254278,1.0939711,1.2726418,0.88688564,1.2276984,0.9269947,1.0409454,1.2789584,0.8250692,1.0725003,1.2259792,1.0313748,1.296478,0.77729017,1.232715,1.2977887,1.0943245,1.2853029,0.919136,1.1488988,1.0426127,0.7819544,1.340765,1.0017787,0.6802842,1.4416525,0.90818626,1.1335015,1.3539727,1.2369363,1.2258583,1.1938543,1.2427993,0.4827292,0.8606944,1.0982289,1.109453,0.38361537,0.7775974,0.8384841,1.0876023,0.45127994,0.86331415,1.0515121,0.8939576,0.5180452,0.84715426,0.9297534,1.0436558,0.9350893,0.7332803,0.71754634,1.0198861,1.1541064,1.2467722,0.9541852,1.1396358,0.88801557,1.1470218,1.0510641,1.0536059,1.1763886,1.126357,1.1907635,0.603618,1.025469,0.7080999,0.8308786,0.33158898,0.63227206,0.9373913,1.2877824,1.2289643,1.052135,1.3093305,0.88500345,0.76121116,0.6786519,1.0951152,1.2064786,1.0656893,1.011741,1.0898864,0.7534282,1.2141509,1.0563757,0.7477245,1.2851993,1.1471411,1.2218279,1.0932349,1.1613846,0.76169485,0.7519685,1.0073768,1.151539,1.2584736,0.9834456,0.48177886,1.3104014,0.79435575,0.6137198,0.90279645,0.8251697,0.89393777,0.7885576,1.2476535,1.2107136,1.0740387,1.4517312,1.0007252,0.36315507,0.8120774,0.81005436,0.9991032,1.0929222,1.3566706,1.2961785,1.0521394,0.93773174,0.635038,1.3017488
apple,1.3863547,0.7169566,0.0,1.3541559,0.17054379,0.29257143,0.76250863,1.1281018,1.485028,1.5139866,0.65148014,1.5531363,1.3519661,1.0336808,1.329518,0.77680683,1.0647292,0.46546417,0.5542339,1.3078305,0.49635053,1.4340472,1.1641722,1.0938878,1.3375919,0.52826595,1.2528837,1.4616694,0.80295724,1.4104309,1.0574082,1.3285116,1.2359029,0.57513857,1.5439168,0.9801953,0.4386832,1.6190491,0.39950466,1.1518406,1.3290572,1.193629,1.4196801,1.293596,1.2948134,0.6444201,0.28230816,1.3542192,1.0039947,0.7001808,0.90338343,0.5246322,0.8539809,0.94032675,0.7525399,0.818252,1.0592391,0.61498475,1.1235998,0.6236,1.2290486,0.71133333,1.0911311,0.39813828,1.1848032,1.1091588,1.4241407,1.0393411,1.481811,0.806442,1.237461,0.9111234,1.0478595,0.93375224,1.2711229,1.1329944,0.834134,0.9362706,0.31218714,0.936597,0.5567095,0.7860284,0.46082294,1.4990819,1.3687696,1.4550822,1.3382924,0.5645463,0.5143177,0.7074745,0.975076,1.1991751,0.8762382,0.71140444,1.000517,0.6534291,1.4099828,0.9946285,0.72601914,1.5305552,1.1724795,1.4190657,1.2552942,1.4105235,1.1892436,1.1954106,1.195667,1.224895,1.060124,0.9846486,0.3631488,1.2455016,0.33171582,0.93006164,0.57589346,0.72251177,0.68726313,0.4629373,1.3865855,1.4307499,1.1584966,1.5128776,0.4387169,0.52534974,1.0362394,1.157404,1.0541549,0.61796486,1.271155,1.1596138,1.2172928,1.2442329,0.48401207,1.3988636
arm,0.64370155,1.0906277,1.3541559,0.0,1.3407571,1.4975464,1.0273407,1.2235374,0.5674783,0.5852387,1.4579169,0.5789552,0.31873238,1.1376052,0.8948354,1.3038777,1.1614223,1.4818361,1.53582,1.0650275,1.458992,0.79230726,1.1124809,1.354616,0.8453599,1.3333595,0.9108034,0.9197244,1.2901006,0.75805616,0.66606826,0.6333129,0.79024464,1.4381784,0.6516588,1.2321529,1.5180238,0.5420326,1.5622269,1.0295601,0.8018501,0.7766939,0.6822613,0.8798433,0.66446877,1.1743546,1.302638,0.76346576,0.8441059,0.8018016,0.90570366,1.3437955,1.3488282,0.69696784,1.5196006,1.268246,0.709934,1.1934426,0.574615,1.1254239,0.59926224,1.2658236,0.39538282,1.4496963,0.826105,1.0984702,0.48970175,1.2659241,0.42965245,1.4457412,1.0873231,1.2876682,0.9625926,1.1034772,0.41262543,0.9921791,1.0724158,1.0928396,1.4187171,1.3083253,1.3503761,0.95821756,1.2796382,0.61911607,0.5668737,0.5144787,0.6938125,1.3540074,1.3989798,1.3513606,1.1952877,0.8160335,1.3405092,1.4694674,1.1700653,1.0619577,0.9227602,1.2942753,1.1619262,0.563817,0.9637466,0.659561,0.9740617,0.26579857,1.0658389,0.7223935,1.045571,0.8920726,1.1903502,1.1364518,1.346099,0.9298278,1.3936336,0.93584377,1.3733187,1.5392171,1.3886354,1.3312813,0.76250815,0.3680892,1.0242962,0.48853338,1.4584603,1.0101373,1.086839,0.7704418,1.1805515,1.3469119,1.0378922,0.74812704,0.8406993,1.1375163,1.322437,0.6344291
ball,1.3542112,0.84339744,0.17054379,1.3407571,0.0,0.2711898,0.82226175,1.1546266,1.4679222,1.4175258,0.69640076,1.4858545,1.3227487,1.0468763,1.2699653,0.8040659,1.0735792,0.4883263,0.52691615,1.3150691,0.4792773,1.4290912,1.1890155,1.1241492,1.2714092,0.63271284,1.1468452,1.4183285,0.77362764,1.3482232,0.9604525,1.2635026,1.1545887,0.5653144,1.4938703,0.9975165,0.47263002,1.5637405,0.41787827,1.1769856,1.3028142,1.241255,1.3809866,1.3022861,1.2459065,0.73049974,0.19671291,1.2774702,0.9515765,0.7985097,0.99742347,0.5744489,0.93425536,1.0161844,0.7651814,0.91821086,1.1151063,0.6641487,1.185416,0.64047647,1.2154434,0.7375282,1.1665775,0.39858842,1.1899002,1.0903188,1.3119845,1.035109,1.4093586,0.8083496,1.2286929,0.8736466,1.0689588,0.958539,1.3015759,1.1604214,0.91557693,0.96164376,0.343279,0.9954397,0.6737522,0.8164921,0.36764634,1.4519076,1.3252124,1.4262475,1.3464298,0.5216129,0.5005332,0.7067565,0.9707898,1.191706,0.9458462,0.7066573,0.9999768,0.6781438,1.4079779,0.9795907,0.73689115,1.4913306,1.197669,1.3871188,1.3102738,1.3857393,1.2128435,1.2225435,1.2546185,1.1873503,1.0105447,0.9881494,0.42139697,1.1425781,0.3614791,0.97914976,0.60613424,0.7503301,0.67501456,0.61678743,1.358245,1.3651311,1.1263102,1.4378225,0.34929228,0.59808505,1.0290176,1.1952248,1.0849168,0.6653093,1.2591506,1.125542,1.2366025,1.2457894,0.47318757,1.3150265
balloon,1.2911184,0.8277513,0.29257143,1.4975464,0.2711898,0.0,0.7226685,1.0862541,1.4962921,1.481006,0.6515273,1.4957168,1.3858799,0.87886703,1.3271458,0.6239727,0.9683565,0.47923148,0.53575623,1.2565645,0.5407735,1.3335241,1.2004609,1.014729,1.1888472,0.60742575,1.1548741,1.3613112,0.8015301,1.3486922,1.0676217,1.3125873,1.1352472,0.6188122,1.4997113,0.9822809,0.39637107,1.5497199,0.43327683,1.1111372,1.269734,1.1717479,1.4092823,1.3630254,1.2524333,0.7983934,0.4352672,1.2684424,1.0042404,0.9355519,0.85741556,0.512415,0.7728076,1.1006888,0.71268785,0.56983435,1.1463991,0.7450238,1.2085205,0.64101404,1.2819535,0.62667173,1.308878,0.3511641,1.1817143,1.0634755,1.3851545,0.99345136,1.3995981,0.7822821,1.2311323,0.8170694,0.9971429,1.0483569,1.3768743,1.0507727,0.98498124,0.9752641,0.4917326,0.9552887,0.6927165,1.0292559,0.43289024,1.5110998,1.3577322,1.4260787,1.3340873,0.56253165,0.53767276,0.7055284,1.0313753,1.1239393,0.7600696,0.6867052,1.0154998,0.8888246,1.3793654,0.97146875,0.7389069,1.5217507,1.0102367,1.3829798,1.1566659,1.4279213,1.1853508,1.1914387,1.1381243,1.1418214,1.0224864,0.8607755,0.56397563,1.1113515,0.39141673,1.0441992,0.6710171,0.65706563,0.6495309,0.5625628,1.3113451,1.4178495,1.0867901,1.517353,0.42539054,0.7589655,0.9424682,1.1252472,1.111794,0.5132488,1.243608,1.2039548,1.1173632,1.0971581,0.62898064,1.3331491
banana,1.1089251,0.97116774,0.76250863,1.0273407,0.82226175,0.7226685,0.0,1.0619596,0.98935336,1.127483,1.0755608,1.2145942,0.9975307,0.9786763,1.0907729,0.9319086,1.0224075,1.0509684,0.8093889,1.0699931,0.92736024,1.0526091,1.0705639,1.0440768,1.0009892,0.82384014,1.0270094,1.2825352,1.0662493,1.0949581,1.0957755,1.0442412,0.880376,0.95516455,1.2685758,0.89123094,0.88002145,1.1354856,0.95472556,1.2115514,1.1871064,1.076377,1.2236626,1.099709,1.0791733,1.0352427,0.7104252,1.10265,1.0612202,0.9035879,0.8808895,0.9661729,1.134366,1.0775651,0.9537768,0.77215827,0.9390118,1.0927461,0.9402032,0.67331725,1.0594628,0.87412864,0.8697701,1.0639426,0.90585476,1.0893077,1.0403152,1.126866,1.131337,0.90871966,1.1974921,1.0608633,0.43707108,1.0224152,0.92157966,1.0778683,0.98746496,0.9182444,1.0637407,0.97807854,1.0058764,1.0127935,0.49664736,1.0940285,1.1511271,1.1865067,1.0528672,0.9662978,0.9438476,0.9352746,1.1751585,0.95828575,1.0846529,0.8036599,1.1121719,1.0944599,1.1669283,1.1346763,1.015211,1.1144996,1.1755126,1.0699023,0.7829172,1.0933652,1.1255063,1.0842232,1.0073084,1.0365288,0.97362405,0.59719235,1.0740817,1.1085922,0.71812224,1.0513525,1.0261735,0.8967462,0.94135505,0.89780635,1.1717257,1.1348614,0.9758832,1.1247079,0.82042193,1.0466381,0.8427752,0.88571393,1.0671096,0.6705282,0.98791414,1.0301281,1.003725,1.1337677,1.1028641,1.1391722
basket,1.1103735,1.1602043,1.1281018,1.2235374,1.1546266,1.0862541,1.0619596,0.0,0.9852808,1.046484,1.0551232,1.0603626,1.3074238,0.85186815,0.83206916,0.92361635,0.76756763,1.0406101,0.76626396,0.084836006,1.0449251,1.0391991,0.52821565,0.7074893,1.0262302,1.1494039,1.1014752,0.8207418,0.850148,1.0070189,1.2940272,1.1292557,1.0770006,0.9900643,0.92188567,0.9604665,1.0557824,0.9339186,0.9026068,0.96583563,0.9790133,1.047511,1.0537567,0.7803607,1.1138008,1.1905351,1.1022445,1.1600077,1.0969731,1.3152703,1.1980714,1.1347373,0.80115104,1.1945072,0.82222104,0.9857983,1.0383395,1.2505283,1.0958749,1.0365013,1.2827299,0.9510175,1.2694168,1.1226401,1.1209215,0.9963334,1.2112619,0.68781674,1.2450284,0.87861997,0.8337197,0.8156087,1.0178132,0.79098034,1.1497283,0.9322827,1.0078154,1.0327917,1.1210974,0.8177256,1.1344295,1.2541771,1.1613655,1.0145535,1.1407152,1.2540941,0.9609974,1.0691563,1.0832515,1.0434482,0.70815635,1.0941381,0.7613643,0.83658606,0.9128983,0.9282552,0.8275066,0.6604175,1.1874806,1.0776737,1.0538455,1.0658348,0.8428328,1.2494453,0.9368253,1.1989822,0.89964753,1.0315424,0.43655306,1.0778341,1.1510012,0.96658593,1.1032515,0.8175967,0.9558671,0.866115,1.0404373,0.89570653,0.95413256,1.2358791,0.93036944,1.0095795,0.9041425,1.2377385,0.97677076,1.1132127,0.77238727,0.82277906,0.55542237,1.0310844,1.1477926,0.9522968,0.9904313,1.0888221
bathtub,0.747856,1.375788,1.485028,0.5674783,1.4679222,1.4962921,0.98935336,0.9852808,0.0,0.37394089,1.4655826,0.40885246,0.6264846,1.0428141,0.6558401,1.2213876,1.0879291,1.4674368,1.3028722,0.76386714,1.5185714,0.7129009,0.74920917,0.94786394,0.63607824,1.3689027,0.63206214,0.6124522,1.2380804,0.41612452,0.7910882,0.51454675,0.8438176,1.4746189,0.45504373,1.1123013,1.5893762,0.28395593,1.4462416,1.0590327,0.7272475,0.89987475,0.43860114,0.60038215,0.738337,1.4937997,1.319304,0.7792011,0.87376726,1.2861037,1.1334431,1.4426636,1.216896,1.2821926,1.3587363,1.2758696,0.9429991,1.4147503,1.01443,1.254618,0.7355957,1.2342966,0.91291445,1.5179526,0.9350016,1.0930289,0.5372639,1.0201415,0.5908499,1.2925924,0.8583072,1.0923699,0.81795007,0.96322393,0.731355,0.96579784,1.2386931,1.0658953,1.4942999,1.1852782,1.5077934,1.1630408,1.2607756,0.37387526,0.72091484,0.70723706,0.64837044,1.3466693,1.4626603,1.4088919,1.1867863,0.7889774,1.1927481,1.2821672,1.136497,1.2260739,0.78427505,1.0306919,1.3029473,0.2784567,1.0211899,0.71844214,0.8956788,0.58785874,1.171957,0.98796797,0.98473144,0.6818743,0.80676365,0.8585515,1.5748427,0.81051856,1.519755,1.2708364,1.3188474,1.4016839,1.4201193,1.3573143,0.67668897,0.522403,0.97853446,0.3564043,1.3858433,1.4959908,1.1131935,1.0512215,1.0584414,1.2875848,0.66091233,0.8396353,0.8834188,0.9388943,1.473376,0.45887792
bed,0.76213163,1.3608235,1.5139866,0.5852387,1.4175258,1.481006,1.127483,1.046484,0.37394089,0.0,1.3868914,0.21520615,0.5259695,1.076861,0.2890001,1.2095054,0.9615977,1.4880157,1.4030347,0.85562176,1.4830905,0.7419086,1.0366471,1.1841714,0.661792,1.3604805,0.5827172,0.5720075,1.2929089,0.55546844,0.6915851,0.47460622,0.87857956,1.4858835,0.2837801,1.1577526,1.5204314,0.3584934,1.5134695,1.0972776,0.69790155,0.8247547,0.6810671,0.77401674,0.7254647,1.4018737,1.3947964,0.6303774,0.9293411,1.2413676,1.0975825,1.3374628,1.2663891,1.1045488,1.4274465,1.2618518,1.0451885,1.3741978,0.85793453,1.2512211,0.8228759,1.2333779,0.8816131,1.4732642,0.91428554,1.0788549,0.46261352,1.2062141,0.42596245,1.3404834,0.907911,1.2454498,0.96940655,1.0770069,0.6423084,1.0276555,1.2079039,1.1242839,1.4905963,1.0028783,1.4717534,1.1922461,1.2982433,0.6324021,0.614199,0.59151113,0.60766184,1.3005605,1.4241892,1.4662318,0.912064,0.8008379,1.228503,1.3138614,1.1663827,1.1190823,0.8241939,1.206608,1.3282057,0.56450546,1.0958508,0.5771961,0.95605433,0.56927776,0.95455056,0.9095151,1.026556,0.6935674,0.9943546,0.97811455,1.4881232,0.48443568,1.5023875,1.1402985,1.3347703,1.4367003,1.3777156,1.3854872,0.7059897,0.50348693,0.882489,0.24611568,1.4239659,1.3834939,1.1219242,1.0549339,0.7874476,1.2945201,0.7667173,0.83209926,0.89212,1.051604,1.478146,0.6179397
belt,1.3765649,0.6870825,0.65148014,1.4579169,0.69640076,0.6515273,1.0755608,1.0551232,1.4655826,1.3868914,0.0,1.3309011,1.4682691,1.0784451,1.2844654,0.90251666,1.1076936,0.38885987,0.6272529,1.21127,0.54416966,1.2430166,1.0621494,0.5916363,1.136909,0.4996392,1.0768555,1.1126833,0.8027973,1.2671463,1.1861225,1.2418271,1.0870748,0.5918492,1.3242952,0.9889201,0.24638814,1.5093426,0.4077959,1.086586,1.4202895,1.4934957,1.2480228,1.0841577,1.3356326,0.5805105,0.7443674,1.0547928,1.2493985,0.8550711,0.98756635,0.3871256,0.8344046,0.8847968,0.38764143,1.0578451,1.3268511,0.5844528,1.3871962,1.0596113,1.3644956,1.0616739,1.3041363,0.39683408,1.0583446,1.0426793,1.3932962,0.9919354,1.3928297,0.38398194,0.9441588,0.75612843,1.2463771,1.1165484,1.5724696,1.1922753,0.89097804,1.0944186,0.39748132,0.76156527,0.44781113,0.99923474,0.7975411,1.3033893,1.4562869,1.2885044,1.4524096,0.39587867,0.3083493,0.7639585,0.94246894,1.3758204,0.8695322,0.6234164,1.0988295,0.8798718,1.2336055,0.86483705,0.8170656,1.3579862,1.2123257,1.3996603,1.2098656,1.4499761,0.84138846,0.7936086,1.136727,1.1343614,0.83464,0.8925113,0.3251685,1.1712425,0.5492416,0.9643903,0.36848235,0.29387033,0.44983792,0.8542505,1.3800244,1.4516661,1.0658787,1.4815955,0.76967704,0.6665428,0.9784029,1.1709924,0.893102,1.0387079,1.2926049,1.2443554,1.1546003,0.7241372,0.42631644,1.2769322
bench,0.7595715,1.3324333,1.5531363,0.5789552,1.4858545,1.4957168,1.2145942,1.0603626,0.40885246,0.21520615,1.3309011,0.0,0.62299883,1.0612439,0.5008572,1.2852085,1.003619,1.4542966,1.4192643,0.88854694,1.4728734,0.5789983,0.9629049,1.0116915,0.68384624,1.3782586,0.68498796,0.36084497,1.3265622,0.57217556,0.6735856,0.29326773,0.8087664,1.4484857,0.15766549,1.0819573,1.5120022,0.32085133,1.4764326,0.97398806,0.67798114,0.83652437,0.50470906,0.6907301,0.73697454,1.3402016,1.4325675,0.59907156,1.0350928,1.2129881,1.079288,1.3507516,1.2487496,1.0524604,1.422945,1.3447561,0.97560436,1.3869609,0.81528556,1.2690768,0.8235831,1.3347094,0.8703023,1.4775976,0.89127487,1.1305542,0.5359197,1.0416654,0.4084134,1.3551524,0.7525029,1.2275128,1.0249909,1.142233,0.65292287,0.9583659,1.2200508,1.0533258,1.5207715,1.0322623,1.4213624,1.1597921,1.3771787,0.5483306,0.65115684,0.47891372,0.71561444,1.3655376,1.4567208,1.3691859,1.0001475,0.8875114,1.2207137,1.3129721,1.1945132,1.1827282,0.74304396,1.1387395,1.2749516,0.4533031,0.9407469,0.74522233,0.9736255,0.58032227,0.86317456,0.8304524,0.9213774,0.8027549,0.9492301,1.0688367,1.5039685,0.7748703,1.5306984,1.1472286,1.3281009,1.4121618,1.3814468,1.3752601,0.66990507,0.48586476,0.9632928,0.18927109,1.4740994,1.3577299,1.1010759,0.97424775,0.8849232,1.3461052,0.8317892,0.9537672,0.7944795,0.8721659,1.5114121,0.5706265
bib,0.7281863,1.1254278,1.3519661,0.31873238,1.3227487,1.3858799,0.9975307,1.3074238,0.6264846,0.5259695,1.4682691,0.62299883,0.0,1.1999918,0.782606,1.1810316,1.1009449,1.4810739,1.529005,1.1254218,1.4428778,0.75441563,1.234097,1.4625648,0.84113187,1.3231754,0.851881,0.99832416,1.3935721,0.7619872,0.5771218,0.6630298,0.89037734,1.4671683,0.7009194,1.2069763,1.5295529,0.5175942,1.573144,1.1789211,0.79355884,0.6658045,0.8835088,1.0360738,0.3761747,1.1932125,1.3114884,0.68629473,0.7251718,0.91143453,0.91235197,1.3676732,1.4276161,0.8867676,1.584935,1.1622732,0.8426243,1.1218431,0.6001776,1.0724542,0.4609325,1.2518256,0.5255639,1.3772037,0.88145876,1.1222067,0.2778285,1.3464955,0.33506763,1.4916708,1.1705031,1.4802101,0.78631186,1.1433752,0.41892081,0.97098553,1.0421804,1.077605,1.4052522,1.281579,1.2704486,0.94445354,1.2708176,0.7003155,0.2741115,0.42656058,0.6311894,1.3703462,1.4443362,1.3140295,1.1983421,0.7136943,1.4086183,1.481616,1.222312,1.1912,0.89484864,1.3664501,1.1248511,0.6708469,1.0120449,0.5266727,1.019119,0.1447941,1.049995,0.6801885,1.0038989,0.8494206,1.3408575,0.9500581,1.3503053,0.8393126,1.3893712,1.1095626,1.4217485,1.5911896,1.3748335,1.3619783,0.65515554,0.26032102,1.0150024,0.54021,1.4606813,1.0806588,1.0640049,0.86692786,1.1571838,1.2743305,1.0770292,0.8512068,0.7562966,1.2253256,1.3559462,0.7954214
bird,0.81102955,1.0939711,1.0336808,1.1376052,1.0468763,0.87886703,0.9786763,0.85186815,1.0428141,1.076861,1.0784451,1.0612439,1.1999918,0.0,1.0369415,0.91609484,0.92389923,1.052097,0.9130386,0.90985864,1.0410227,1.101327,1.0284992,1.0833426,0.95671135,1.1667068,0.90297186,1.1068544,0.8533313,1.0414349,1.1305052,1.0158525,1.0708225,1.0047418,1.0784062,1.0005062,1.0385442,1.0773134,1.0310928,0.8125294,0.70491016,0.9524687,1.0907238,1.0972056,1.0425408,1.2648898,1.0025544,1.1008953,0.9360027,1.3003681,1.1470312,0.90492123,0.7377653,1.2008543,0.8534995,0.5442642,1.0451698,1.1321087,1.0943168,1.048614,1.1023369,0.6541983,1.2364836,0.9954624,0.8401881,0.69603366,1.1269995,0.9496999,1.0965605,0.8482873,1.1598287,0.86623853,1.0622278,0.95647347,1.0994855,0.7798317,1.1417067,1.0219208,1.1213909,1.0656018,1.1931218,1.2003953,1.0364687,1.1078572,1.1301842,1.1734663,1.0002179,1.0241219,1.0536104,1.0314246,1.0433244,0.94246006,0.7076818,0.9085041,0.65553534,1.0617117,0.9928151,0.9263097,1.0207186,1.1034389,0.7375442,1.0511991,0.8343601,1.1163892,1.0909513,1.2054406,1.0343195,0.9774364,0.92861533,1.1787343,1.1538286,0.97483957,1.0426899,1.0361314,0.9654935,0.882792,1.0214288,0.91011554,0.99912614,1.0419536,1.072472,1.0272803,0.87824494,1.2517955,0.9920413,0.97293496,1.0722748,0.8146706,0.87182885,1.0439925,1.0037056,0.98521334,1.083125,1.0583545
blanket,0.94556755,1.2726418,1.329518,0.8948354,1.2699653,1.3271458,1.0907729,0.83206916,0.6558401,0.2890001,1.2844654,0.5008572,0.782606,1.0369415,0.0,1.0388002,0.803188,1.3228203,1.1598772,0.7323186,1.2830975,0.87167096,0.8847173,1.005936,0.8640993,1.2287153,0.7854482,0.59442437,1.1220609,0.71019906,0.9286038,0.8244852,0.9948612,1.2701801,0.4478101,1.0260152,1.3302906,0.5849379,1.2876987,1.0647049,0.7702271,0.78406835,0.8855461,0.81358695,0.8789536,1.3202902,1.2693994,0.8518559,1.0402161,1.3071918,1.1783204,1.2863253,1.0488088,1.1657604,1.2060882,1.1754199,1.1043634,1.3712454,0.8729844,1.2129338,1.0196381,1.0562744,1.0781491,1.3162417,1.0505178,1.0326062,0.7634443,1.0558656,0.7262615,1.1630212,0.81487346,1.097035,0.9573575,0.88630044,0.73952484,1.0555935,1.1987104,1.0396641,1.3452191,0.5786372,1.3337708,1.235997,1.2474239,0.82774353,0.750324,0.83943725,0.72692156,1.2145823,1.2834222,1.2599505,0.5579215,0.9417952,1.0078727,1.0956376,1.0402999,1.0277107,0.7518389,1.0203874,1.3180792,0.8260864,1.1329986,0.6791724,0.985832,0.8439516,0.9454946,1.0510972,0.8943256,0.92397183,0.9762416,1.0567273,1.3852594,0.70131433,1.3229043,0.94569397,1.2061206,1.2657332,1.2578294,1.1343021,0.7558303,0.8002072,0.9102744,0.6034159,1.2466794,1.3612332,1.1280023,1.1233737,0.34898233,1.0381514,0.70106065,0.98349047,0.99879557,0.9654397,1.3782938,0.8350777
boat,1.1115185,0.88688564,0.77680683,1.3038777,0.8040659,0.6239727,0.9319086,0.92361635,1.2213876,1.2095054,0.90251666,1.2852085,1.1810316,0.91609484,1.0388002,0.0,0.80409586,0.8039441,0.68490386,0.9699878,0.7936857,1.1249857,1.0394974,1.1118276,1.1557822,0.90998673,1.1627655,1.1991482,0.92372537,1.2220981,1.148181,1.2731105,1.2118117,0.8418479,1.2221811,0.96508545,0.6904118,1.2291895,0.75684875,1.0640842,1.1582134,0.91054875,1.3399178,1.2070535,1.1137943,1.0150635,0.9650276,1.2019024,0.94085634,1.1045184,0.9443893,0.90535426,0.8479647,1.1097482,0.8238318,0.6016539,1.1278865,0.9249421,1.1386156,0.8455911,1.2747502,0.54781175,1.217363,0.6408428,1.0958023,1.0093474,1.1949978,0.983689,1.2305197,0.8111175,1.1698234,0.9742898,0.78679246,1.078756,1.2053338,1.0506253,0.9313446,1.0718527,0.8310685,0.9688865,0.8932119,1.1546363,0.8892645,1.281088,1.106199,1.2675904,1.0569944,0.80026454,0.78995025,0.95773447,0.988636,1.0523485,0.77814513,0.76144004,0.9508287,1.094882,1.1643887,0.9773455,1.0401387,1.3518529,1.1367493,1.0444148,0.9119728,1.2779773,1.1014774,1.1849649,0.86543727,1.0459635,1.0364443,0.8681451,0.86149555,1.0254756,0.704773,0.968561,0.93346715,0.8108368,0.90075624,0.6702958,1.0440023,1.2869196,0.97706693,1.2688489,0.71319103,1.0370781,1.0427706,1.0432082,0.9830166,0.5695612,0.9319931,1.0870291,1.0725187,1.0956098,0.8911315,1.2474599
book,0.9175037,1.2276984,1.0647292,1.1614223,1.0735792,0.9683565,1.0224075,0.76756763,1.0879291,0.9615977,1.1076936,1.003619,1.1009449,0.92389923,0.803188,0.80409586,0.0,0.95122087,0.82944685,0.6286248,1.0603476,1.033126,0.78428054,0.934053,0.9575869,1.1284422,1.2610455,0.8513869,0.7476372,1.14435,1.282449,1.1963016,1.119427,1.0979006,0.9243714,1.0455589,0.9819686,0.8793615,0.8959123,0.9659073,0.9612763,0.77127373,1.120324,0.77935565,1.0206597,1.1587362,1.0875698,1.2417774,1.0163376,1.2588584,1.048485,1.1831434,0.75590825,1.1964047,0.9378995,0.7887089,1.0203592,1.2459061,0.9998778,0.7416896,1.1764921,0.9890921,1.1507263,1.1075513,1.2234176,0.97924376,1.1344376,0.8871688,1.1941488,0.9541931,0.82477975,0.9597321,0.9846619,0.87887317,1.0567836,1.0483656,1.1356643,1.1270522,1.0906706,0.82655275,1.19245,1.2345374,1.0664239,1.0572506,0.9814904,1.2856698,0.4152788,1.0339915,1.0303293,1.1269157,0.37944603,0.7202648,0.77801,0.7767304,0.93703884,1.0276791,0.8296332,0.70126283,1.2745101,1.1493547,1.031595,0.9207679,0.846249,1.1878302,1.1021259,1.242176,0.84349483,1.16812,0.8498783,0.8135395,1.196332,0.8458413,1.0565422,0.87679553,1.0552583,1.0300274,1.0546771,0.81705487,0.8966888,1.2075788,1.0078499,0.9045005,0.90405625,1.2335622,1.1312282,1.0412171,0.7776556,0.6462969,0.5667076,0.9822838,1.0012298,1.0621203,1.1169373,1.0783566
bottle,1.3353977,0.9269947,0.46546417,1.4818361,0.4883263,0.47923148,1.0509684,1.0406101,1.4674368,1.4880157,0.38885987,1.4542966,1.4810739,1.052097,1.3228203,0.8039441,0.95122087,0.0,0.46828496,1.2094775,0.44454372,1.3014318,1.0142118,0.67035455,1.1781511,0.43162155,1.1617376,1.1428388,0.6046919,1.2295266,1.2030592,1.4319372,1.2278669,0.5862403,1.4136062,1.0302781,0.2476235,1.478239,0.13726246,1.103052,1.286028,1.2963746,1.2225728,1.2948375,1.2320201,0.7299286,0.5592315,1.2140214,1.1404008,1.0852538,1.1603903,0.5721913,0.58687,1.1371423,0.5020319,0.97065496,1.2846633,0.6690547,1.4169322,1.0107377,1.326995,0.9663626,1.4325776,0.30278516,1.2745439,1.0455368,1.4083675,0.87450975,1.45433,0.6160377,1.0005841,0.6764585,1.2225682,0.8880465,1.5324392,1.1676265,1.0251579,1.0833088,0.16495228,0.9012809,0.65281713,1.0324248,0.7183932,1.355054,1.3797942,1.3952847,1.4199007,0.3651458,0.33473575,0.8044796,0.87932146,1.2831342,0.6792947,0.6650542,0.9679387,0.88358563,1.2004162,0.85335666,0.96344054,1.3192531,1.1318884,1.3909922,1.2957046,1.4640939,1.1415744,1.2083652,1.0676732,1.1842333,0.8738093,0.88584995,0.32414556,1.1550038,0.39605618,1.0066979,0.3880449,0.50566894,0.45684183,0.71634215,1.2928023,1.4341581,1.1043878,1.4957616,0.53302795,0.81129134,1.0840399,1.2542856,1.0026014,0.74818504,1.2036693,1.1935403,1.2862096,0.851432,0.32371044,1.2769479
bowl,1.4069752,1.0409454,0.5542339,1.53582,0.52691615,0.53575623,0.8093889,0.76626396,1.3028722,1.4030347,0.6272529,1.4192643,1.529005,0.9130386,1.1598772,0.68490386,0.82944685,0.46828496,0.0,0.8979322,0.47936708,1.3559716,0.81285083,0.73573446,1.2170832,0.7606811,1.2381725,1.1441555,0.69590425,1.3024065,1.3319952,1.3135579,1.2665807,0.5621649,1.3351059,0.8443662,0.54051954,1.4294946,0.24133176,1.0580021,1.2591133,1.2284801,1.3801987,1.0885744,1.2821698,0.953538,0.5451814,1.3232906,1.1518389,1.1784078,1.1200457,0.74549174,0.72603333,1.2087812,0.44267058,0.8774779,1.0898954,0.91987956,1.360416,0.848645,1.4282905,0.7451753,1.4135797,0.5873208,1.1319463,1.0645617,1.4609461,0.71575344,1.5745834,0.5233715,1.02972,0.7645687,0.86909276,0.87938744,1.4581249,1.0714781,1.0260862,0.97522473,0.57071567,0.8095162,0.8272427,1.1153109,0.6800926,1.2340782,1.400706,1.541689,1.279095,0.6227263,0.58680415,0.73003745,0.8310888,1.2371141,0.7621604,0.21056342,0.96671605,0.92285967,1.2199692,0.6858114,0.96037185,1.3415396,1.1780033,1.3981017,1.1415317,1.532736,1.1486259,1.2905341,1.0578634,1.1466837,0.6383721,0.9045355,0.655328,1.1612347,0.47474575,1.013848,0.59568167,0.44454086,0.658165,0.598606,1.2668107,1.5207121,1.0940964,1.3249266,0.35273272,0.9645141,1.1154909,1.24295,0.9048984,0.6037339,0.6746532,1.1963612,1.2115853,1.0731802,0.6530471,1.3602114
box,1.0231178,1.2789584,1.3078305,1.0650275,1.3150691,1.2565645,1.0699931,0.084836006,0.76386714,0.85562176,1.21127,0.88854694,1.1254218,0.90985864,0.7323186,0.9699878,0.6286248,1.2094775,0.8979322,0.0,1.2380481,0.9126535,0.45091182,0.7411128,0.91110945,1.2697549,1.0753855,0.69972855,0.9004729,0.90413,1.2378315,1.010492,1.0374492,1.1825545,0.73215395,1.0352554,1.2405308,0.6767,1.0620861,1.0014677,0.92826414,0.8996594,0.94717515,0.6108134,0.987783,1.3397617,1.2309943,1.1074873,1.0317075,1.3737742,1.1774911,1.3133922,0.9149984,1.2529188,1.0098191,1.0309584,1.0007188,1.3759093,1.0303296,1.0330653,1.1796781,1.0400207,1.1894672,1.3092765,1.1274716,1.0094775,1.0218346,0.75420445,1.0937817,1.0188144,0.7546098,0.9305923,0.94559973,0.7702875,1.0186608,0.95827556,1.0639532,1.0961282,1.3048701,0.88984543,1.304528,1.3026302,1.2356751,0.82108855,0.99864775,1.160933,0.70853174,1.1989081,1.2408609,1.208742,0.72178555,0.9805881,0.8820043,0.9482872,0.94704324,1.0251076,0.6968989,0.6561258,1.3112093,0.9118192,1.0641311,0.89748824,0.7408266,1.0940845,1.0113168,1.163094,0.87500304,0.98573095,0.4652915,0.9645625,1.3603024,0.8966066,1.2688477,0.86349654,1.097662,1.0639675,1.1849034,0.9997892,0.80325675,1.0793186,0.94027203,0.8019508,1.0370138,1.3779973,1.0362265,1.0834752,0.7917252,0.83174086,0.4323985,0.94952154,1.0397947,0.98092777,1.1663625,0.9592506
bread,1.2258985,0.8250692,0.49635053,1.458992,0.4792773,0.5407735,0.92736024,1.0449251,1.5185714,1.4830905,0.54416966,1.4728734,1.4428778,1.0410227,1.2830975,0.7936857,1.0603476,0.44454372,0.47936708,1.2380481,0.0,1.4066346,1.1667697,0.9341668,1.3191878,0.63399994,1.2387693,1.2980013,0.7963672,1.3806422,1.1850885,1.3526686,1.2572482,0.089821756,1.4718251,0.45084435,0.472471,1.5560713,0.45997816,0.94788,1.2652059,1.2889934,1.3976424,1.2231873,1.3350241,0.75195605,0.4786954,1.2345911,1.1405741,0.9501883,1.0430001,0.55538005,0.88505894,0.9633401,0.52892697,0.88394135,1.301567,0.6340666,1.3414562,0.86305076,1.2728355,0.77034104,1.3204093,0.46439135,1.1883548,1.0299258,1.471586,0.9846347,1.481271,0.6649264,1.1123782,0.91194063,1.0959477,1.0510005,1.4310185,1.0164286,0.9624869,0.5344276,0.43004227,0.7704373,0.63494694,0.9653165,0.63204587,1.3855634,1.4197984,1.3676716,1.3948803,0.5845438,0.5214089,0.30001104,0.9233707,1.2089801,0.92193115,0.37194288,1.0084441,0.8808088,1.2609907,0.90000075,0.43946648,1.4645178,1.1346529,1.4070749,1.2981253,1.4607581,1.0674385,1.2077916,1.2404137,1.1646018,0.9682069,1.0109662,0.42490613,1.2156607,0.251729,1.0748733,0.51595765,0.47600847,0.50564975,0.7113198,1.4213226,1.4440601,1.0989733,1.4891315,0.5511071,0.70798755,0.9789141,1.3362554,0.92422754,0.8075316,1.1960087,1.2274601,1.1845988,1.091301,0.52307177,1.4079442
broom,0.8987633,1.0725003,1.4340472,0.79230726,1.4290912,1.3335241,1.0526091,1.0391991,0.7129009,0.7419086,1.2430166,0.5789983,0.75441563,1.101327,0.87167096,1.1249857,1.033126,1.3014318,1.3559716,0.9126535,1.4066346,0.0,0.9030412,0.8676821,0.9303803,1.1969537,1.0040798,0.6261039,1.2698891,0.7845679,0.90661854,0.6910634,0.7612603,1.4063716,0.5902482,1.0574601,1.2385439,0.5569431,1.2808254,0.97579575,0.9580375,0.83755755,0.7243886,0.75982535,0.90272033,1.0985001,1.3634269,0.71309894,1.1294079,1.0782127,0.92812836,1.3313544,1.1502601,0.95663834,1.2814157,1.2387617,0.9576577,1.1555085,0.7543972,1.1643143,0.86080337,1.3027486,0.8532877,1.344837,0.88002354,1.1031452,0.789677,1.0695225,0.6802218,1.2702007,0.82140213,1.1465601,0.87817943,1.0817088,0.71713,0.9614946,1.050375,1.0943744,1.3382595,0.954349,1.1394141,1.0150441,1.3401762,0.6322613,0.7780585,0.6209764,0.803198,1.2621177,1.2563525,1.2206035,1.120143,0.93625337,1.1584531,1.3537488,1.1467288,1.2296464,0.6844718,1.1226071,1.2267078,0.60620797,0.9491028,0.7701137,0.7370361,0.77409256,0.8998203,0.8486119,0.4130231,0.9485576,1.109521,0.84449446,1.3482348,1.0627514,1.4211979,0.9778645,1.347826,1.2658286,1.2026994,1.1971205,0.64243644,0.7599936,0.9791944,0.6658234,1.4167616,1.1583877,1.0118203,0.5775882,0.93643373,1.1413115,0.97584784,1.0177075,0.8137503,0.7103087,1.3731031,0.8653333
bucket,1.1544402,1.2259792,1.1641722,1.1124809,1.1890155,1.2004609,1.0705639,0.52821565,0.74920917,1.0366471,1.0621494,0.9629049,1.234097,1.0284992,0.8847173,1.0394974,0.78428054,1.0142118,0.81285083,0.45091182,1.1667697,0.9030412,0.0,0.40736133,0.95798194,1.1310754,1.1212283,0.71097237,0.84161866,0.9291054,1.2975118,1.0270946,0.94817704,1.0915644,0.81471986,1.0649892,1.1137894,0.8759632,0.8484795,0.98809755,0.9950688,1.0817134,0.79950106,0.5281867,1.0888071,1.2009264,1.0762663,1.1799401,1.1325641,1.2565086,1.0933794,1.2094579,0.89200693,1.2030889,0.8973516,1.1664923,0.976002,1.2789242,1.111518,1.1334275,1.141447,1.086418,1.2155796,1.1854022,1.0539453,1.0093639,1.1573178,0.6188074,1.1656045,0.8975016,0.7198374,0.8199563,1.0708169,0.55654,1.06497,1.1192478,1.1027495,1.1037732,1.1512318,0.804059,1.1649398,1.1784053,1.1538329,0.71377206,1.0840611,1.1551356,0.8734273,1.1131821,1.1186717,1.1008472,0.7063719,1.0939835,0.8842091,0.88885814,0.9078258,0.8932914,0.75406,0.64549553,1.2401538,0.8104868,1.0644581,1.0337592,0.93832076,1.1509382,0.96962154,1.1320994,0.805091,1.1182387,0.52571064,0.8898109,1.2492228,1.1147784,1.160742,0.87528515,1.0598397,0.9717645,1.0495399,0.9706276,0.9608877,1.1677508,1.0851576,0.9565244,0.94498247,1.2280278,1.122445,1.0987418,0.7648724,0.95273525,0.5931992,0.991918,1.0530897,0.7604499,1.1254153,0.92736274
can,1.2872783,1.0313748,1.0938878,1.354616,1.1241492,1.014729,1.0440768,0.7074893,0.94786394,1.1841714,0.5916363,1.0116915,1.4625648,1.0833426,1.005936,1.1118276,0.934053,0.67035455,0.73573446,0.7411128,0.9341668,0.8676821,0.40736133,0.0,0.98705006,0.8040454,1.0235744,0.55059975,0.7545971,0.89382297,1.347753,1.105873,0.9381826,0.8892668,0.8701094,0.97617674,0.78470343,1.0420102,0.5936174,1.0102689,1.1920314,1.3625038,0.7162736,0.6820091,1.2539623,0.9029608,0.9905158,0.9594864,1.3555838,1.2131091,1.226799,0.94645846,0.74648696,1.1088634,0.55758053,1.3149912,1.1156272,1.1032273,1.3156701,1.2300242,1.2810235,1.2002032,1.357027,0.9169023,1.070978,1.0753417,1.3418589,0.564571,1.2242942,0.59867334,0.5176971,0.62939095,1.1319836,0.80546606,1.3547759,1.2147205,1.1268964,1.121072,0.8898835,0.5788888,0.8401863,1.1810931,1.0014228,0.75559545,1.3290049,1.0764469,1.23634,0.92668194,0.8641782,0.87347335,0.7456677,1.3230181,0.75795215,0.7633668,1.0220063,0.9099418,0.84227604,0.62226355,1.1498617,0.74933136,1.083022,1.2580249,1.1334279,1.2948622,0.8102416,0.96256316,0.83479464,1.1015131,0.62724894,0.7952417,0.9631379,1.2471794,1.0033642,0.9261853,0.7501365,0.5855497,0.72834426,0.9954053,1.1475406,1.2784386,1.0385281,1.1951978,0.97742975,1.1011945,1.0914603,1.223016,0.6885648,1.071865,0.8604679,1.243824,1.2147605,0.4097482,0.9168642,0.9427077
car,0.8080801,1.296478,1.3375919,0.8453599,1.2714092,1.1888472,1.0009892,1.0262302,0.63607824,0.661792,1.136909,0.68384624,0.84113187,0.95671135,0.8640993,1.1557822,0.9575869,1.1781511,1.2170832,0.91110945,1.3191878,0.9303803,0.95798194,0.98705006,0.0,1.0378054,0.6015013,0.7993995,1.1823959,0.70360565,0.9590692,0.7357707,0.68107915,1.2902046,0.7601918,1.1721232,1.1788082,0.63019025,1.2496337,1.0625364,0.8377733,1.0910995,0.7147411,0.8237297,0.9043012,1.2187253,1.3257768,0.7961489,0.89602613,1.2419628,1.0407094,1.0193343,1.0717534,1.3051302,1.1358044,1.0034597,1.1139095,1.2694373,1.1760408,1.0614786,0.8192953,1.0636282,1.0682081,1.188298,0.8264381,0.9627412,0.8102446,1.1489501,0.6986089,1.0628728,0.89086396,0.98848563,0.8842701,1.1327765,0.9493348,0.7659416,1.156829,1.1280808,1.2299643,1.278862,1.3312919,1.1466751,1.0623828,0.72077584,0.930284,0.89957947,0.79565,0.9809203,1.0915822,1.3299997,1.1268628,0.73047894,1.0508549,1.1553597,1.079844,1.1937981,0.9481373,1.0736681,1.2473934,0.6564342,1.033217,0.83046615,0.88529724,0.75831634,1.1689764,0.97427243,1.1266068,0.87407875,0.80258363,0.9328137,1.3022029,0.60421556,1.218284,1.3399587,1.2013417,1.1026545,1.2293924,1.286381,0.91743785,0.75643337,0.932215,0.7319915,1.188015,1.4025624,0.9523084,1.0854172,1.18997,1.1996065,0.91750586,0.94599843,0.5640336,1.0325603,1.2769822,0.5483931
carrot,1.325561,0.77729017,0.52826595,1.3333595,0.63271284,0.60742575,0.82384014,1.1494039,1.3689027,1.3604805,0.4996392,1.3782586,1.3231754,1.1667068,1.2287153,0.90998673,1.1284422,0.43162155,0.7606811,1.2697549,0.63399994,1.1969537,1.1310754,0.8040454,1.0378054,0.0,1.0478697,1.186831,0.9792377,1.1631188,1.1851116,1.2685561,1.0767956,0.7283248,1.36476,0.9457639,0.36585617,1.4133438,0.50206536,1.2226624,1.3798331,1.3257785,1.2419459,1.2490541,1.2907505,0.57930166,0.71408504,1.1352781,1.1935287,0.78091466,0.844658,0.5429711,0.8363601,0.9669148,0.7145327,0.9848765,1.1589829,0.6513995,1.2283618,0.9533607,1.2317505,0.9177238,1.1100851,0.5231677,1.0584904,1.0981472,1.3761854,1.0730591,1.3167714,0.74081755,1.015993,0.85675144,1.0143051,1.0430286,1.2845938,1.1620672,0.95702964,0.9834339,0.36601293,0.863517,0.561834,0.88875335,0.6390434,1.3460647,1.377626,1.2643688,1.3730867,0.54487747,0.4844619,0.7965679,1.0266929,1.2441206,0.8944357,0.82389385,1.0914063,0.82969296,1.2782857,1.0712022,0.91277695,1.3093746,1.2765019,1.2056067,1.0913435,1.3217412,1.0838622,0.98633486,1.0851918,1.1248999,1.0450566,0.824462,0.46903777,1.140405,0.5101907,0.99390155,0.46468782,0.65847766,0.658745,0.76025915,1.3526213,1.3588058,1.0654207,1.457706,0.80763036,0.7008201,0.8520407,1.1070476,0.9736047,0.89884794,1.32131,1.1989146,1.1192423,0.9270715,0.5360017,1.2560124
cat,0.737505,1.232715,1.2528837,0.9108034,1.1468452,1.1548741,1.0270094,1.1014752,0.63206214,0.5827172,1.0768555,0.68498796,0.851881,0.90297186,0.7854482,1.1627655,1.2610455,1.1617376,1.2381725,1.0753855,1.2387693,1.0040798,1.1212283,1.0235744,0.6015013,1.0478697,0.0,0.94801587,1.2363209,0.6267615,0.80178815,0.67660916,0.8276179,1.200378,0.7681567,0.97995067,1.246869,0.81183904,1.2658861,1.0079942,0.42679995,1.0748163,0.84291744,1.1746993,0.8904005,1.1713241,1.1641922,0.59212524,0.89517015,1.1937069,1.2404066,0.9240484,1.0965149,1.2217216,1.1544869,1.0955862,1.1258917,1.1976357,1.1033839,1.310175,0.76860297,1.0598189,1.0000064,1.0907387,0.8378582,0.8043365,0.67151403,1.1433077,0.6743762,1.090393,1.0247034,1.0286702,1.0032964,1.1660588,0.94004774,0.8874337,1.1701436,0.9025032,1.1931744,1.2669394,1.2282217,1.0990801,1.006157,0.8603939,0.9263552,0.777578,1.0176569,1.0372186,1.137705,1.1961513,1.1822455,0.8527329,1.05176,1.2644303,0.97017837,1.0847005,1.0250938,1.2035798,1.1061864,0.7629594,0.96687603,0.89546174,1.0784239,0.8025534,0.9785152,0.9087666,1.1292194,0.6483219,1.0752784,1.1018527,1.2024549,0.6697234,1.2591243,1.3062013,0.99726003,1.0927414,1.1245776,1.305403,1.0348791,0.6849598,0.91045403,0.7974634,1.2471335,1.2825264,1.0576599,1.1948628,1.1966712,1.3384575,1.1200854,0.94417953,1.0328063,0.98360723,1.1880131,0.68579084
chair,1.0155522,1.2977887,1.4616694,0.9197244,1.4183285,1.3613112,1.2825352,0.8207418,0.6124522,0.5720075,1.1126833,0.36084497,0.99832416,1.1068544,0.59442437,1.1991482,0.8513869,1.1428388,1.1441555,0.69972855,1.2980013,0.6261039,0.71097237,0.55059975,0.7993995,1.186831,0.94801587,0.0,1.0544124,0.6165247,1.0198461,0.6870515,0.99388057,1.2722664,0.19077057,1.037731,1.2877848,0.41930187,1.1241089,0.8893702,0.91259015,0.94941163,0.45369792,0.6242759,0.89301866,1.2021315,1.3443282,0.7997327,1.1651525,1.3179364,1.2188745,1.342114,0.95747626,1.1541748,1.1091541,1.3844097,1.0985223,1.3588717,1.0563645,1.3284688,1.025609,1.2840339,1.1419805,1.3118383,1.0653381,1.1477792,0.865102,0.81883526,0.74346143,1.1121521,0.36427474,0.8930656,1.0685846,0.97144324,0.958484,1.0582561,1.217089,1.1268967,1.3113973,0.78098255,1.2461066,1.2111474,1.3276021,0.58794254,0.88021266,0.725204,0.91861486,1.2839199,1.3073304,1.190238,0.77885544,1.0838176,0.9389402,1.0912626,1.1077423,1.1023858,0.6286247,0.8417515,1.3271234,0.52252406,0.9158452,0.9017554,0.99811435,0.8557112,0.89606595,0.9536232,0.83010507,0.9637634,0.84333485,0.96844184,1.3819066,0.9941713,1.3937907,1.0775728,1.160249,1.1518652,1.1457913,1.2067859,0.6143055,0.7910228,0.9222732,0.53508186,1.3070421,1.3555863,1.2027426,1.1517795,0.70883435,1.1553087,0.7522197,1.05905,0.95003074,0.5756795,1.3409357,0.62811154
