,pony,horse,zebra,giraffe,rooster,cat,dog,owl,bird,fish,butterfly,frog,deer,penguin,duck,alligator,elephant,pig,bear,tooth,mouth,nose,eye,face,ear,hair,leg,arm,hand,finger,ankle,foot,toe,firetruck,truck,car,motorcycle,helicopter,boat,stroller,tricycle,lamp,table,chair,bench,swing,slide,ladder,door,window,snow,tree,grass,sprinkler,hose,refrigerator,oven,drawer,closet,crib,bed,couch,sink,bathtub,shower,rock,stick,nail,crayon,pencil,pen,toothbrush,vacuum,mop,broom,shovel,applesauce,soup,pasta,chips,raisin,meat,radio,pizza,flower,plant,strawberry,apple,pickle,potato,carrot,corn,banana,melon,orange,pumpkin,egg,ball,balloon,toy,tape,soap,gum,cracker,cookie,muffin,bread,pastry,toast,sandwich,hamburger,basket,bucket,can,milk,glass,jar,bottle,sauce,bowl,cup,dish,plate,napkin,paper,box,tray,spoon,fork,comb,knife,scissors,glove,mitten,sock,slipper,shoe,pillow,blanket,towel,scarf,sweater,doll,dress,necklace,bib,hat,belt,purse,clock,watch,book,glasses,coffee,coat,jacket,shirt,pajamas,jeans,pants,shorts,game,cloud
pony,0.0,0.31869906007615834,0.7807201523707843,0.9291202949751913,0.7920467856386675,1.0157868112098762,0.9623645698961285,0.975751261815825,0.9652730662655702,0.9214741244653397,1.0136857152777305,1.0059194438542869,0.8459854150868303,1.0406220324276612,0.9347856010675192,0.997773384975366,0.9260497023909988,0.7995608297266257,0.8252062006054599,1.0489131116086199,1.0863681987431024,1.0702594587688936,1.011451227237918,1.0286990842639416,1.069773515670654,0.9652995423170633,1.092994606626457,1.0872081251300996,1.1016142772767015,1.063365387003986,1.0921868359354403,1.0789379783295447,1.0434301193642666,0.9391005212464936,0.9293856693385109,0.9849491050599781,0.9845635353511681,0.9568366052001197,0.9603781485324917,0.9756582648268826,1.007574273981805,1.064437999148288,1.0325069663367104,0.9974012152786881,0.8989889149929966,0.9250159943348673,0.9634961069465777,1.0033729496746056,1.0098931535147175,1.0153770172085959,1.000732269291737,0.8789677269102661,1.0250555407613986,0.9883733796161182,1.0071040704109395,1.0274112615658695,1.0328011988412813,1.008238986472536,1.0063324333721404,1.0017456233316324,1.053575379287215,0.9065735263877008,0.973159251184942,0.9537226970060962,0.9952188826269186,1.0141696337259838,1.0301259575880641,1.040209393939373,1.0022339799130553,1.042191240571863,1.0323783925889454,0.9659123397976809,1.0141385964409992,1.0473057094047178,1.0539704648480197,1.0221734989689963,1.0528483814553178,1.0286204674349722,1.050041347848844,1.0446430778966667,1.010426179615157,1.0328306227306783,0.9864138060702863,0.978549731702834,1.0182906006941754,1.0407993455287106,0.9447393546332769,0.9705719550770061,1.0238170890367044,0.9955678823509841,1.0255800380145073,0.9835323775590193,1.0470161856331834,1.0470319969599406,1.00902468801619,0.9325210780031926,0.9987407841553934,1.0091508249372523,1.0826640201296813,1.032033878205991,1.0353344551485972,1.0286252266148923,1.0013955358983828,1.0283597748730509,1.052012671995114,1.0318435873145178,1.0888288862246127,0.9950148330054642,1.0368136113432294,1.0060359104727927,0.9877884523025839,1.033118844401557,1.0400755919053726,1.0232943935581011,1.0357225209308318,1.0272427039083993,1.0885368798955226,1.0633576295683502,1.0901089218933864,1.045491559254802,1.0700721801470585,1.0539340984383627,1.0765734973328818,1.0912939172326863,1.0986686070607645,1.0886313149745674,1.040594515464291,1.1025436174337868,1.0958572128858945,0.9821844042527416,1.037551704737366,0.943906266469161,1.148081393004757,1.0553471545518647,1.0299007341760578,0.9916450585809493,1.0586646725147038,1.0369668568515897,0.995237181029835,1.0595395146232383,1.0246313867632768,1.032107728401422,0.9857051835420056,1.0535659487516162,1.0522984108228397,0.983851467545593,1.1031579086815333,1.0521782004902975,1.031274652598248,0.9707863842721962,1.046803146748974,1.0530343166194347,1.0404452563786006,1.0260595620832709,1.0437327800043774,1.04192922588303,1.0246034213765538,1.012600557578529,1.035632262419314,1.0827615167644926,1.0665797801953576,1.0311840245141368,0.9842559335870867
horse,0.31869906007615834,0.0,0.7647522494059285,0.8080759191412485,0.8751319895887096,0.9886674859628317,0.9661926157288052,0.9884876603264062,0.992163535187339,0.9659123192146037,1.0018279627231685,1.0090711975963675,0.8996441956600152,1.0370894355083764,0.9077697196208505,1.0228893410672162,0.9556203862390354,0.9619172617939773,0.9454785786379374,1.0154654429337822,1.060911590257021,1.0753806413005487,1.0199634609541193,0.9979945729286719,1.0771640139113505,0.994023830880565,0.9940445552503102,1.0095115094683182,1.077764631955631,1.0456531432798999,1.0496679971923202,1.053128847017296,1.0256587996583837,0.9680396902401611,0.9322736884394971,0.9845803688647059,1.0029336630984191,0.9803224464351208,0.9840068178269341,0.9742497707151426,1.026404687396201,1.0090352381834036,1.0191428876999507,0.9771817593648815,0.9771618436121026,0.9667294196405868,0.9632434788556731,0.9958325822415101,0.9849481538147316,1.0480295908177664,0.9820327234675966,0.8973826981661053,1.0059470978407714,0.9761167846516985,0.984663678029165,1.0451525126238652,1.0498965681737087,0.9682443129373007,0.9650280514213104,1.0527503507907365,1.046547563915695,0.924387854076282,0.984120687546919,0.9568295913597987,0.9932758269839852,1.0332291794141006,1.0588890491048004,1.040113160791527,1.0038388209123095,1.0285320948171113,1.049320629458697,1.0040527826413217,1.0132700868248652,1.0794979959696842,1.056126480416476,1.0222231135590811,1.069320635741028,1.0470424661710467,1.0650386002838301,1.0637225303399438,1.0001935605695347,1.0549205474548977,1.019316474691213,0.942271871555458,1.0141973502545512,1.0595058285233216,1.0006166681252224,0.9774817624854759,1.0418566571276042,1.0283610333086868,1.0518411501875038,1.0070374596852667,1.0023062901063242,1.0242287143403466,1.0036116696746205,0.9124141292497587,1.015534445074319,1.040170633527989,1.0151520511322172,1.055427714263629,1.0331719742414625,1.0135995433698304,1.016486566828284,1.040785770281634,0.9992667196537807,0.9917247368659194,1.034971042492633,1.0093793142721306,1.0246447730030257,1.0126605848812538,0.9999863182533788,1.0231394545781247,1.0622690377468564,1.0473837015553074,1.059498815431737,1.0444024777208958,1.07700149547341,1.0269183178084105,1.0343923721394435,1.0449461785686143,1.071459696707409,1.057967117513749,1.0328506171782932,1.0590676942510868,1.03863668948448,1.0756227084752457,1.007092831445557,1.1035706424344274,1.0830368010600868,0.9852034901946246,1.0634816848817754,0.9646128583845472,1.0837982145235552,1.0648902433064102,1.0413599626083836,1.0335784148331333,1.0871208900850524,1.0115981546888388,1.0435433513307288,1.0363460364670019,1.0048021611985527,1.0135458057764657,1.0275578564583006,0.9984494459827902,1.0570758793755382,1.0035850368846773,1.0495587839591993,1.0432691188314502,0.9952176043071873,0.9501270123468931,1.0081933090609925,1.051071775320088,1.0449214846265154,1.027213976707476,1.0216030003537293,0.9904610115655662,0.9976005764004582,1.0668262060352915,1.0349986649773255,1.0135048511350313,1.075971723724027,1.042484380921096,0.9714597152736665
zebra,0.7807201523707843,0.7647522494059285,0.0,0.541430088647483,0.9459792395431064,1.0150756646180017,1.0300565807888467,1.0116111848050577,0.991657506691194,0.9797213990129754,0.9889167200129494,1.0356478197459067,0.9074995615637232,0.9327352574058622,1.0079270698985234,0.8833983249777386,0.847177613901901,0.9039049902328746,0.9607192391142878,1.0230324533362332,1.0712760479715289,1.0863010137081937,1.0731897604027714,1.0189876676916276,1.041445935911905,0.910597408316225,1.0584390981629772,1.0407978613652196,1.0731739871594703,1.0604277009846652,1.0900848819182634,1.0946617726937538,1.061326277695076,1.0488435964414946,1.0143292560248147,1.0199250569555596,0.9724265359046105,0.9770293842424457,1.0403775740201107,0.9905791613087509,1.0223469324892187,1.0262187452194638,1.0561104760476865,0.9760205314145074,0.9980596520209161,0.9704625839148623,1.0000747446836042,1.0109236565061581,0.9873198488464927,1.0578260462190787,1.0643906027584007,0.95696298159917,1.0375020043810812,0.9752425280130887,0.9983165448061607,1.013682943281533,0.9904791897214497,0.9934957978630962,0.9983541797820991,0.880199477770543,1.0370575651222549,1.0325850151286557,1.0186912460332436,1.045206538678037,1.0391404931936,1.05155837663106,1.0399267601129407,0.9452319725289904,0.9915190845480866,1.027977421579319,1.022284801264736,1.0340428922514755,1.0540737985244293,1.0925909527187898,1.0584127284100557,1.037452675921229,1.05247929177163,0.9958561724756645,0.9991830196185693,1.0003556757776133,1.0176491907652174,0.9471383114635632,1.059881036579355,1.0049487030771158,0.9886424542669832,1.0245557883010563,1.018710418977856,0.9718746279216592,1.079012911450713,1.0348360387047395,1.0431193131165852,1.0122601939946723,1.0004155401596913,0.98632502669376,0.9849347963325933,0.9694588065952543,1.014003394812063,1.0103619612107944,1.004653739055667,1.083021824156083,1.0826537405097856,1.0529184838207573,1.002378622211432,1.0495045320224783,1.0448783145675864,0.9833758762868552,0.9484431816752001,0.9950274242804945,0.9835024242251227,0.9831892046763339,0.982496301862884,1.029464712111457,1.062271565959749,0.9751426582608328,1.0284571445235076,0.9964958468485992,0.9995084426574904,1.047638879215617,1.0346658468380505,1.0416796951527214,1.0457008734400954,1.012924346345482,1.0544587490437443,1.0491951026184838,1.0544555826266298,1.0826010504731545,1.0592997339792811,1.016799210420601,1.0078463525124215,0.9451718460726933,1.0174183845345335,0.964419751680129,1.1156282517750156,1.0394041825913192,1.055389876618507,0.9985770922289949,1.0494044452381854,1.036019903426786,0.9992347063842641,1.0059826024482568,0.976634387019826,1.0385050735031782,1.0859426102818606,1.0745613397706484,1.0127290488558434,1.0250826413854384,1.0771376287437915,1.08773326022568,0.9834425519398983,0.9152545759325386,0.994207058269155,1.0014899857324218,1.0352173029309621,1.0366882135439424,0.9919139210858704,1.0490649994876193,1.0584173801300223,0.9916437556427543,1.0290278502393067,0.9997033803169151,1.0687545350176195,1.070404544021483,0.9746475236412392
giraffe,0.9291202949751913,0.8080759191412485,0.541430088647483,0.0,1.0192340495336947,1.0141627984317665,1.036096461504006,0.9456921965249722,1.0087403031875153,0.999866898614816,0.9511358477761567,0.9639451080825812,0.7825361134429257,0.9929380400769355,1.0001101920145061,0.9112916803802137,0.8757867221786455,1.0002321214975394,1.0183816063615903,0.9639980395716748,1.0137033047151318,1.082847366753076,1.0377358954428941,1.0213420298577434,1.055079587357016,0.9305242017341199,1.01247340510827,1.0549672812791573,1.070141105794287,1.0812145592263307,1.0437207602000227,1.0669357655329934,1.041198043418549,0.9534635067750965,1.0062108981451485,0.9503881747241657,1.0023564413198367,0.9619571363992357,1.0270179723989026,0.9924213279782423,1.0230699897737323,1.0182157653042638,1.0752175690098222,1.0227720611773852,1.06721202762716,0.9829996116290228,0.9784548967976489,0.9648434779882024,0.9811072388564361,1.0640270263722937,1.0497592511730647,0.9354562070658179,1.0802336687521168,0.9994938297322679,1.0716130800421668,1.0208260673564091,1.0292943863073163,1.0057982538979082,0.9929722523000779,0.9812384412636854,1.0001737893403724,1.0611489248427683,1.0257253213820556,1.0602352703634206,1.011828187364084,1.0367942505773682,0.9906151445405244,1.0124632013118708,1.0166302115398849,1.0167425524273825,1.040566395672588,1.0072068853116212,0.9776324575266222,1.0641785845673177,1.0198539621847433,1.0104779075598238,1.0615053117668707,0.9813827502438977,0.9872362365133436,1.037268972214913,1.025505671428787,0.8800395575582824,1.0632371433093144,0.9302145197283574,0.9633047014704713,0.9417440964809164,0.9967955642283144,1.0063462146414086,1.015972743824408,1.060463378761389,1.0027384450828214,0.9951553809142176,1.0256148156986216,0.9598071491800934,1.0234408805103088,0.9711817669094781,1.0179046231277349,1.0051348682845567,1.0014172409120785,1.0094635290607235,1.02036362229466,1.055103302076658,1.003744068667756,1.0322509872533487,1.038267594645091,1.0097489075099222,0.9663462362726297,0.9425935348071324,1.0176981924303519,0.9682340635109014,0.9732907992176209,1.0642306750861557,1.0177901406747538,1.0883369342446128,1.0153008197101958,0.9818254252223017,1.029531826548921,1.017759667057685,1.003550283601911,1.038209024949974,1.0809925577198705,1.0088939229046423,1.0062971799446574,1.050591272219082,1.037651790390571,1.0525372478467299,1.0546382475750375,1.0138841485309906,1.0733782241533625,1.0877701382177758,1.0531005693037099,0.9445004290675255,1.044857215104554,1.0503229720807854,0.9644828640759598,1.0141562601770409,1.0276287631635546,1.011472465543762,1.0540163689369697,1.0466302440503623,0.9921828440218191,1.0479883481367298,1.0829458369101637,1.0408370342601219,0.9990663495384382,0.9712919630308682,1.0703264815870908,1.0653705813178478,1.0548082289026444,0.9926249900811994,1.051274151221074,1.003142618281769,1.0349069235067716,1.0440186342845659,1.0292966942463468,1.053956265943575,1.0614812276037335,0.9956777447811872,1.0407511914205472,1.0285106979138396,1.048168265491022,0.9661257252406634,0.9938684413450694
rooster,0.7920467856386675,0.8751319895887096,0.9459792395431064,1.0192340495336947,0.0,0.9807033171452723,0.9141910051850659,0.9591278055868666,0.9275911069624945,0.9745635732932444,0.9532533277107453,0.9710940999253428,1.0047318879155802,1.0220109684560827,0.9713216701897627,0.9408674566893638,0.9587008667553265,0.847992674127402,0.9421464878104356,1.0817098844449522,1.0882546859841615,1.0600828533393918,1.0779844202931221,1.0873281176248009,1.142561234869548,0.9672792390852394,1.0282325414899947,1.036290665006356,1.077845595324569,1.0700490007061576,1.0458736460776954,1.0277565782492788,1.0092612763202375,1.0222856894736803,1.021027930727905,1.0376413570490306,0.8810015499586589,0.9049074837395354,1.0670333931594032,0.9560399291928602,0.9088871570316142,1.066367139649316,1.0034900403048193,0.9767670426639292,0.9957447585103381,0.9870645223001844,1.0359994470833775,1.0288859868520692,1.0970691428544332,1.039721103220794,0.9970144414118871,0.9686840303369216,0.9673171551405194,0.9425471242865634,0.9065591820916761,1.0433913983506204,0.9725128461165934,1.0308637374886975,1.0029982087304952,0.9730462191002845,1.0626893838437268,0.9615413857289901,1.0218100788094902,0.9875786764451264,1.0021565277896536,1.0042523194918178,1.0315192056082658,0.9896006171357368,1.0140933143875934,1.0319041331522874,1.090480821663717,1.058760496757278,0.9939049088975609,0.9964551571952773,0.9781049841728164,1.0138563456520957,1.0026377097499524,1.0147912108233907,1.0329452790069709,0.9603230050287945,0.9674328737351056,0.9778599961113604,0.9640124682409882,0.9766381268037877,0.9436649393882393,1.0026903203778748,0.9887164537228342,1.0047077809834486,1.0321477054537564,1.0289568139383634,0.9862132098889286,1.02620657764019,1.016870507783094,1.0335751278078638,1.014398001651412,1.0004900045207767,0.8386523016332464,1.0215277943978476,1.0704662251358656,0.9736265235772824,1.0512532466713005,1.0840175227136466,1.0483057752085625,1.032820258766678,1.0296435347690347,1.0466400116288168,1.0440714765549686,1.0159480349948051,1.0240710133956419,1.0047394461405688,1.0002602505638616,1.0285099286664199,1.070879485748765,1.0265108768229612,1.0176272522828909,1.051508042360238,1.0567331846736285,0.9964027376312734,0.9487096350326534,1.0612132347734877,1.059124831549668,1.0606558981041625,1.0558796246992246,1.0714059816015162,1.0584681928146753,1.01437821697728,1.0361227876419221,1.0257548256983853,1.0260136583066686,1.0001953121419374,0.9423147512926743,0.950118220213459,1.003588923231026,0.9675698381883899,1.0412974834540407,1.005153378103733,1.0047120994921943,1.098606840707978,1.0215401523241572,0.9937726863023081,0.9833421950864368,1.0638955011417948,0.9984863043266596,0.9872609906619676,1.0458461644671477,1.055274522361931,0.9996465903975608,1.0407792134144187,1.040961626780175,1.0103470682511464,1.0205866490657742,1.0154899886245672,0.9987945442897173,0.989360437047435,1.0595896808138452,1.0220535821694139,1.018031227298278,1.0185564685178023,1.06104648097798,1.0996567047034864,1.0808136677683893,1.0597520322415037,1.0402844283767196
cat,1.0157868112098762,0.9886674859628317,1.0150756646180017,1.0141627984317665,0.9807033171452723,0.0,0.8249105521778141,0.9203207083978494,0.9680112117512644,0.9455905077802246,1.0141874477314894,0.990405076638945,0.9051057888761996,0.9962445907134189,0.9145302424776887,1.040292884218741,1.0350966024450095,1.0138030872719028,0.9844335091695562,1.0594567015025371,0.9820606163638531,1.0051254321409493,0.9693687208093212,0.9476877521061126,1.0128424886915062,0.9928079597524655,0.998868854758961,0.9531670322247175,0.9884302173842354,0.974800438391133,1.0173783705755564,1.0018700922424149,1.0156784030115837,0.9531294632407974,0.9526749759564546,0.9831473612525795,0.940432876122583,1.0551369293941262,1.0449160223676548,1.047856985420621,1.073007842583355,0.9586555658244745,0.9943303093818242,0.9590144354487141,0.9507754271199983,1.0231588272534664,1.0248396153525334,1.0328329913809386,0.9830225767711072,0.9637721279237499,0.9638105197311053,0.977037933763103,1.0273522372937276,0.9924287984679102,0.9547836519620642,1.020719103230633,1.067215630972554,0.9865457071281579,0.9450266345920336,1.0677347268465944,0.968314102080246,0.9673020044429652,0.9886828302564961,1.0429032140132402,1.045257721965779,1.0029092458563962,1.0133378922671896,1.0637641890487788,0.9553666667151663,1.0174818084026536,0.9791036205723164,1.0008074540009162,1.001947204322496,0.9984695695039367,1.004437078284528,1.0070774034266279,1.030743913085214,1.0252041390946116,1.059147050825226,1.0687854574688385,1.0601832226128878,0.9786024675854548,0.9697032796784537,0.9914420010926026,0.984101703257712,1.02158054952519,0.9730154958574694,1.0197639299546963,0.9992330139961562,1.0592812645771776,0.9997884030712894,1.055935664523845,1.0289778978508628,1.0292127951991614,1.0174340441530627,0.981394193550948,1.018109962486469,0.9998845273488638,0.9678052111734067,0.9836469364738022,1.0232813336773483,1.0028233542278013,1.043243533475844,1.0326050585976385,0.9982088797250601,1.0598771491980135,1.0599105767935777,0.9879239012278291,1.0783366022074339,1.0514061745466805,1.0339869052124802,1.0216402035821646,0.9961489684071106,1.0448492728623366,1.0372987356433088,1.0132651312204766,1.0077590856255796,0.947431451353373,0.9807500223545413,0.9849498260064307,0.9729266698590925,1.025629108419548,1.0226973804295416,1.0626389443527804,1.0194048294230167,0.9771453709447443,0.996106530884,1.032802230442444,1.033461816283464,1.0537292693836329,1.0305589932771457,0.9741655587357065,1.0529057353173954,0.9728814104349713,1.020567684095752,0.9781450530696686,0.9568955860077963,0.994793763250783,0.9475679180428515,0.988643724271104,1.0235634647703813,0.9805184080349175,0.9508254487083134,1.02662107523997,1.0456915608693034,0.992414840012967,1.03498088483247,1.0736442203029237,1.0110751389339545,0.9977443075328806,0.9820066125143181,0.9710588884424618,0.9433522654142121,0.9582697159107166,1.0563837802259508,1.0855456137852604,1.0962443458254447,1.0594608584731187,0.9960717091520229,1.00367282448606,1.0511228399575827,1.0045993437161436,1.0022165490425823
dog,0.9623645698961285,0.9661926157288052,1.0300565807888467,1.036096461504006,0.9141910051850659,0.8249105521778141,0.0,0.8697408695687694,0.8583756339316703,0.8728554764693528,1.0260462481750952,0.8787850513629526,0.947365640596952,0.9406438968547134,0.9149342068024038,0.9681001844693626,0.9890317986075323,0.8304553709565661,0.9045075763455653,1.1076181683875905,1.0930569414775497,1.0593388047232521,1.033202152267899,0.9775157006100009,1.089706420469459,1.0343588335701388,0.9836073523777905,1.0137214789869913,1.0783933884009425,1.0626452903794752,1.1194927236985426,1.0851167473397123,1.059701847404189,1.0187090874359788,0.9389716956010092,0.9091016287940064,0.8937827541527298,0.9281006791379267,1.0393593299474837,1.044128053139219,0.9805332993475336,1.021540539581938,1.0235650212358078,0.9954154188358916,0.9689811865601652,0.9654973562505202,1.0351034495959421,1.0219722773620314,0.9832779092544081,0.9644401745210718,0.9930990219149729,1.033388641727075,1.0508987023910386,1.0050076893885707,1.0083159301637798,1.0572930821637503,1.0325405545257043,0.9982606966426727,0.9733216478767949,1.0400893803334867,0.9865380326789114,1.0244930015872382,1.0016528808411154,1.0445574974791387,0.9997748082729858,1.0058992753872662,1.035405876806831,1.0282146201315003,0.988663085618878,1.0595760586305618,1.0090271717780586,1.0014316716936467,0.9536395032749412,0.9470312516056584,0.9986293784153559,1.022278162468129,1.0167970363565784,0.9647461688973237,0.9489962319026038,1.0130574635782454,1.042283659827904,1.0001213791696415,1.0017401915517232,1.0148603860390315,0.993826546217388,1.0292599122006751,1.036171079715122,1.0320851875843091,1.0023480674252947,1.046057879902247,1.026491952490597,0.9369025211162443,1.073024186496327,1.026441895122535,1.0023606719886051,0.9633966842817889,0.9964054185511839,0.9594550714748338,0.9917229708006569,0.9172966069006171,0.9866339986446863,0.9414866242611576,0.9969709292046796,1.0086639144806187,1.0427456965409465,1.0676533668055632,1.057330199688564,0.9970677206604934,1.0373590488529372,1.0344194775625215,1.0247011798415369,1.0933750299489167,1.0634912501121438,1.001504660862629,1.029419582557813,1.0834064211067962,1.0850593457493463,1.0300201853477746,1.0249879027015638,1.0926837212272358,1.0306263774719382,1.0498381288391208,1.0432961966401173,1.0155481057478706,1.0942294605351548,1.034238300352922,0.9532297848349631,1.073290642756093,1.0492119186930537,0.9890297077164505,1.0407653957270768,1.0157056868224914,1.0570586637799757,1.016109382635452,1.0312395697222614,1.0903927374758042,1.0313611311637438,1.0221621015253552,0.9803229860715483,1.0550073793148091,0.9117731258369021,0.9201514068739807,0.9412989142999313,0.9868368547712725,1.0533962853328556,0.981031428462093,0.9841442295193078,0.9647314163646543,1.0087363845881923,1.0313708663357541,0.9544609557605044,0.9580364515577868,1.002881813763355,0.9961300639283549,0.9792861597300546,1.0042107008201313,1.0162816017549174,0.9729588659510183,0.9596533733721878,0.9524703430908339,0.9936016206054769,0.9245752155136924,0.9989509866461853
owl,0.975751261815825,0.9884876603264062,1.0116111848050577,0.9456921965249722,0.9591278055868666,0.9203207083978494,0.8697408695687694,0.0,0.9638142677876133,0.91550559528851,0.968944969744273,0.904128225878067,0.9396183710790232,0.9027678914478692,0.9679444413768175,0.9185074829924489,0.9354969149893781,0.9843258773239795,0.9543238418385702,1.0692153888872162,1.1215408702319545,1.0822418059285794,0.9670911099748535,0.9528171371110166,1.1064606529697456,1.0473862739370954,1.0735261819945732,1.046796362786474,1.0566472095600863,1.0918956248015543,1.1284833236970644,1.1319234581183366,1.117179261258297,0.9183866134158665,1.0002060399741695,0.9059988105439685,0.9451069111189976,0.9903164700407932,1.0486170650373423,0.9610982516008958,0.9668753109177001,0.9879141283835998,1.0244479282309231,1.0276465668603556,1.0316928408356318,1.0352569756830614,1.0348098111165265,1.0959458224978431,1.0409666983565267,1.0053086289509994,1.0172983187099858,0.9836076423600902,1.050502900116894,0.9988942125639054,1.0371617029942797,1.0235711343313814,1.0390484838848697,1.0428700189403775,0.970850666526285,1.0168981339599958,0.9907334775564048,1.0297884626114775,1.0337441230090416,1.0307653270681671,1.0038263514363321,1.0721018567806304,0.975126453409532,0.9928693369249414,1.0139627486358902,0.9880822012143479,0.9954739944339882,1.0149276635560016,1.0029292890062482,1.0278279712419074,1.0371723775446215,0.9985606650328896,1.0179111972947121,1.0215819331002367,0.9316015677963423,0.9807825701858699,1.0196241773449166,0.9756393686600429,0.9267085121470364,0.9708171078683373,0.9469667239090824,1.0033973650736945,1.0260835824450192,0.9220864037153806,0.9734933768853167,1.0255507590449349,1.0243752930064305,0.9745489247004057,1.035371623004926,0.9776827358965128,0.949790366160014,1.006163229341233,0.9904482577097109,1.0239100671556778,1.0097410555841746,1.0476227175671156,0.9339006482795662,0.9836486526521885,1.013235452031768,0.9499024703523619,1.0051351594702695,1.012664100397581,0.9474090579950449,0.9449265192118508,1.0177540140372783,1.0747305519651729,0.992688576389517,0.9491928634363339,1.0383816135109794,0.9368614109667431,1.026400199803731,1.023736242899295,1.0037503935988612,1.0183483008499807,1.0699835852963786,1.069618380137766,1.0581271973706752,1.0551648746292888,1.061929398737326,1.0154696472536577,0.999032224750023,0.9883480997478252,1.0401477514361628,1.0786677824429114,1.069014243751252,0.9794997963161004,1.068526277593558,0.9643372050504786,0.9824114370968855,0.9910096851129936,1.093407233768484,1.0594340959452995,1.0414521620289476,1.0369192950063386,1.035637199749973,1.0055295545322303,0.9990778024429401,0.9993190211198055,1.0180586847961632,1.010721711776106,1.0561700110946686,0.9739956441314304,1.0074385209009824,1.0501745435035978,1.0446065790472643,0.9606438626780989,0.9630231100827847,1.0303998934088356,1.0495217441472031,0.9903442295892471,1.0095131004311837,1.0318539841046672,1.0357194296419967,0.9839672018933849,1.04076200770768,0.9948696143057189,1.0211073329212015,1.0357201857753162,0.9986629348903652
bird,0.9652730662655702,0.992163535187339,0.991657506691194,1.0087403031875153,0.9275911069624945,0.9680112117512644,0.8583756339316703,0.9638142677876133,0.0,0.8686346365538605,0.9257822942445423,0.889950369885653,0.91157093424494,0.8735705266949519,0.9485299820391014,0.9444585573575364,0.9338477269111441,0.867000069933034,0.9218155341351415,1.1007196013366551,1.083706232653778,1.0547860474691586,1.051182475301883,1.0891229975004963,1.072736927803477,1.019195853875095,1.047684574013102,1.0460536060171448,1.0202435216890566,1.053129771429692,1.0857417581878919,1.1136041134477248,1.0802329624753162,0.9168587240800716,0.9636254691472576,0.8623264145980007,0.9741993333210307,0.951202064776273,1.0127554599269502,0.944782160614758,1.0200650480721702,0.9762532660372573,0.9988985198363862,0.985659025925683,0.986062875217594,0.9992015077641565,1.0655172420760204,0.9889298059993546,1.0411281323330774,0.9906651608107239,0.9814282366601121,0.9727796759700637,1.0354750718141104,1.0344013806839998,1.0139841297769303,1.0372432524829147,1.0067889923101372,1.0223685256423294,1.027614435649595,0.9708970126840248,1.0257177873166736,0.9316892375151425,1.0864983295248223,0.9685470054598996,0.9747128012309283,1.0357086901853825,0.9988393655387469,0.9032440987980414,0.9613958760074134,1.0160342803138502,1.0002011263603863,0.9858500352933305,0.9566267926079554,1.0171126441471372,0.9896254260047624,1.0194333815407686,0.9673733803055629,0.9619088738794634,0.97574503122714,0.9751769001269759,0.911037256262072,0.9913986903559219,0.9352254997350608,1.0104646814460154,0.9134788207425,0.9257960814221707,1.0020202740526432,0.9921724114113228,0.949792301996151,1.0159250391023715,1.078457698221737,1.0346076388390464,1.0678056897684678,0.9865849924625928,1.013772158450639,1.026061912175765,1.027169521076733,0.9862063876698192,1.0243824833497908,0.9173054420843298,0.9656154059383603,1.0081492803144774,1.0175274249191744,1.0532895044342965,1.013614107022302,0.9903376413321575,1.0704164115487647,0.9603241624936647,1.0421765007679353,1.0796102762008961,0.9962623757488591,1.0595367145482606,1.0118913172408783,1.0090284426109748,1.049491065032545,1.0734165549937897,1.0430548914145816,1.0335172861754685,1.0202159398911244,1.0095831027063586,0.9994519293598734,1.0282436865911144,1.056116609189728,1.0351996023737708,1.0649146386919601,1.0688111174584738,1.0013294240249715,1.019958885378584,1.079829261313908,1.027960478618426,1.064247986775079,1.050218039730182,1.0001175541828538,1.0097377900506443,1.0715390977653527,0.9774258338724438,0.9953695750921602,1.0374918343426411,0.9925941302920716,1.0022029882734975,1.0240344052152441,1.006013735311171,1.038824010055806,1.0027795048364128,0.9905103504952545,0.9589765248695965,1.0632444839366288,0.9918509430612991,0.998772712315072,1.008099998677357,1.007685643999548,1.030811174032966,1.0652345226156168,1.0232471025273022,0.993075147866573,1.022718872164774,1.0711102687415184,1.0280070319919772,1.0752062627624932,1.0906997050365346,1.06486690367487,0.9469889595470261,1.0148440822422493
fish,0.9214741244653397,0.9659123192146037,0.9797213990129754,0.999866898614816,0.9745635732932444,0.9455905077802246,0.8728554764693528,0.91550559528851,0.8686346365538605,0.0,0.8737370102061395,0.8664710914870983,0.8760958129530385,0.9502016574367695,0.9556877674067725,1.0922814675790309,0.9547919721234572,0.8903608924741163,0.9683519671912606,1.07348493262116,1.0316395490912078,1.0198235730023013,0.9969969478574648,1.0625471867733332,1.0016810032790864,1.0577612714951061,1.0684651171538346,1.0744162476379904,1.050189959602393,1.0636902586550685,1.1067451171707856,1.084892528679662,1.0581850178207635,0.9705201815165699,0.9701703114984891,0.9619943528007857,0.9477360717630323,0.9280540326876521,1.0500380446519535,0.9558643093334186,1.0156470146013994,1.0732485213226461,1.047017141495956,1.0202876559266272,1.04650873793751,0.9936712807433644,1.0741194920466999,1.0819878867755426,1.0054155356018366,1.0180168624032542,1.0314688296145713,1.0350841925421324,1.0813921924735415,1.0133971733301006,0.9905570478505088,1.0142935734043221,1.0607487964068365,1.0872598053709859,1.001922036519926,0.9881809371411389,0.9837965220859204,0.9510943536303533,1.0547468336946155,1.0386148346011026,0.9720501306272811,1.0437296220351282,1.1138090450827776,1.0291113990097456,0.9298242800609581,0.9958997526609078,1.0456292812324497,0.952371841957699,1.0032960294302318,1.0577863780601864,1.0138759294997914,1.0449846086025307,1.0388565535941474,0.9961340405757891,0.9575990014092698,0.9497288920846868,1.0186019764408059,1.0023792101263358,0.934101616182169,1.023647667088614,0.9026919296212905,1.0082966495635035,0.9919951433687333,0.9833195906929083,1.0443170449496364,1.0060390253323241,1.040702168070707,0.9592943962940622,0.9968559277569233,0.9707632648506388,0.9890558115303091,1.002541270097648,1.0432552520102272,1.033400594417459,0.9739140790139105,0.9143931794344409,0.9718414914794073,0.98010076188933,0.9620591706037362,0.9891014367948104,0.9988280083504518,0.9710760266320635,0.9912829394451694,0.9846168584735624,0.9515925964466055,0.9784824009231085,1.0224321297548769,1.0604034854777744,1.0165593996588937,1.0105453997251699,1.0125143180845921,1.0721204167599243,0.9963449427219645,1.0294772547563689,1.0133180674940807,1.0597156315653455,1.0111455992197824,0.9995511304841793,1.0239622926006953,1.0100371014561564,1.0460762034041362,1.0760046154643077,1.0565612992764832,1.0471412046937993,1.0460382266688089,0.9784923782605874,1.0412988885786651,1.024781396095027,1.0573593963807533,0.9759783809240818,1.0724108027788,1.0162656538787422,1.033586489756885,0.966183465655786,1.032756762235814,1.0120289066626886,1.0303590817339552,1.0254989268637298,1.006233109503824,0.9907586140759155,1.0303390636524061,0.9304509712607325,1.0110678328903302,1.0153537997140076,1.0526778722262449,0.9664733003841324,1.013684858118003,0.9787964727886395,1.0126450205009843,0.9950892251888949,1.0475613419233967,1.0276274864519062,1.0524248212262783,1.0241924400846316,1.0388465127554651,1.0282587459849468,0.9731981426709273,0.9660077513663567,0.9924746692957304
butterfly,1.0136857152777305,1.0018279627231685,0.9889167200129494,0.9511358477761567,0.9532533277107453,1.0141874477314894,1.0260462481750952,0.968944969744273,0.9257822942445423,0.8737370102061395,0.0,0.918671489141591,1.021348430742963,0.9411318865821193,0.9842801651387804,1.0263781211361969,0.9617751562694724,0.9518261007674539,0.9234612513193048,0.9569031507073992,1.0191532680875492,1.0186687685805924,0.9716484398064987,1.0475116861153368,1.0498461350123067,0.9903150761210882,1.0024377135242661,1.0055567862006587,0.977786198149915,0.9932931856898249,0.9719612584165336,0.9701848979573273,0.9540458425690472,0.9508866169277146,1.0199202143526669,0.9829903237390627,0.949365023357615,0.937909371102073,0.9640044436037489,1.0358763423692925,1.0009819881735609,1.0345751925731164,1.0147405466994985,0.9953262066675683,1.020974505297411,1.0353654861300625,0.9894055936066515,1.007454250823487,1.016059579563595,1.0365248358854904,1.0534717146061316,1.022859698038382,1.020464326524005,0.9915965687966899,0.9944082976897843,1.0050145684832807,1.030764714678947,1.0458645582199495,1.0039650904902788,0.9816610011561616,0.9591604479661661,0.9987039961264766,1.1089360130435602,1.0306541237235272,0.994611382876344,1.0130372634744276,1.03064656231562,0.9873017823933706,0.962559559152928,1.0486475726286617,1.0167858040309243,1.022844476555884,1.0397892470271943,1.0218375157942428,0.9878510459667228,1.00385361684808,1.0083619186613852,0.9489526809852614,1.019209546147949,1.06129974366967,0.9750979400931656,1.0037349716311228,0.970195470246254,0.9454868783853946,0.7571151194455239,0.8010256467199366,0.9279327007009016,0.9667739118932575,1.0242713276854725,1.0354185239930005,1.0287416645804128,0.9213323011069618,1.0196251755588306,1.0518099841089457,0.9926467554904879,1.0004517209565704,1.0517243793451228,1.054212242986497,1.0607642714973962,0.9619611371652528,0.9843258097866787,1.0859400645204174,1.0337930098503236,1.0019330980156358,1.006728954063468,1.0008496519897265,1.0796096549772436,1.0456649527894464,0.986647846287324,0.9769425452251081,1.0102808997863835,1.0588728027200671,1.0301740678347027,0.9893121164892889,1.0286572201742379,1.0802403552160231,1.037416670918815,1.002857599265328,0.8998599162164053,1.0919454727792355,1.0986973776281224,1.0975976102899028,1.0824218230869804,1.0993933341602786,1.0877927639981237,1.0430379740602371,1.1091634137991127,1.0591711191649238,1.0601506468716884,1.050670340634436,0.9750481078310552,1.0021449498088026,0.940808501549569,0.9756540429664337,1.0080642956659507,1.059606353936897,0.9830291837879314,1.0315280440928496,1.0643687606007537,1.0423440857928497,1.0504307706105755,1.0760851058356435,0.9557944908698625,0.9600944829068604,1.0437526038816727,1.0333773054911526,0.9793763789251431,0.9787732572038478,1.0405674742590425,0.9608984808545642,0.9434134414791033,0.9822923651105467,0.9968347270437138,0.9831332107863459,1.0297232778487957,1.0033991033535825,1.0777752367190165,1.016449518271991,1.000286441378651,1.0557705574364895,1.0187127507722566,0.9149444431780398,1.0295255719700933
frog,1.0059194438542869,1.0090711975963675,1.0356478197459067,0.9639451080825812,0.9710940999253428,0.990405076638945,0.8787850513629526,0.904128225878067,0.889950369885653,0.8664710914870983,0.918671489141591,0.0,0.8571901235450402,0.8664090609004844,0.8950023569572737,0.876956884299996,1.0790169060855963,1.0165529457205722,0.9514835902927314,1.0594991354817402,1.0133445960483687,1.0285373372757471,0.9804436173605726,1.0149557714210689,1.060881470679088,1.0347128493311433,1.0563037759212377,1.0824962779854823,1.0844681002891001,1.0678885948455115,1.0421983758436366,1.0534212057186518,1.013372568059362,0.9578344191559969,0.9436253933141932,0.9394765659874811,0.9431445718856163,0.9608274933441376,1.0259533081625396,0.9878982063442958,1.013665556692515,0.9861830635256804,1.0797331768555123,1.103452838069244,1.0525746476521285,1.0108916920521493,1.0251300088239612,1.0578077531447396,1.0374482465606667,1.0470751596939287,0.9646663281597477,1.0016610728474307,0.9916520747269523,0.97647704468909,1.0144644770149815,1.006306447058095,1.0161731828624565,1.0337486035206769,1.02363723063074,1.0291628827200985,1.025598250984448,1.0356295142153598,1.0406047656397548,0.9806677034288869,0.9946062363042565,1.0358289024453164,1.0106885679163475,0.9285213925120281,0.9898317973297874,1.0085614821288234,1.0016512044331063,1.0729169452544356,1.0334315299815466,1.0244612429013495,1.0547189028976396,1.0250267616631494,1.008569242425132,0.9799649637126682,1.0281877561490806,0.9821038423388692,0.9910851047212329,0.9502028447176141,0.9747616270920232,1.000750418006186,0.9246826994492687,0.9031783511529667,0.9870608160134873,1.0618772902224893,0.9330347769776443,0.996296762341645,0.9646380182320113,1.0322135641791,0.9967879499677661,1.0118277703604304,1.0084127437800616,1.0240298234011591,1.0364865746391245,1.0182925690541533,1.0467821045555266,0.9380269180587972,0.9720609291188472,1.0019722742279187,1.0185089004859422,1.0588178283665886,1.0261076989929023,0.9619371660465652,0.9985501460562042,1.0012263600405833,1.011185121733685,0.9757848973805323,0.9221273964116824,1.0768708112480823,0.9962956745619281,0.988035257198742,1.0871828110424355,1.093863579678539,1.0965804301374844,1.073065709984354,1.0682190518292598,1.0218304435333114,1.0895899271328502,1.087066678118911,1.088493418154417,1.0549529062482133,1.0663960387424347,1.04654346680371,1.0371938727799326,1.0665177406352093,1.0740116177220225,1.04381136316355,1.0175772994636625,0.9613164522000062,0.9852922688936683,0.9668331864122636,1.036326208267804,1.0229112497931976,0.990227504615195,1.0357695723592628,1.0686388864214451,1.0090045967126626,1.0105183272584664,0.999174434231693,1.0137457807344155,0.9831158267257883,0.9476274254196447,0.9917007280424041,0.9616410863002341,1.0565230644337422,0.9951285695847163,0.9881590063022679,1.0037625925195683,1.0159299379597133,1.0079458114136153,1.000599953034296,1.0417712774980898,0.9626614340094727,1.0189377846421153,0.9877188956517622,1.0566130653895034,1.0821972580412962,1.080868933766654,0.9448428380826787,1.0025440937595194
