,alligator,ankle,apple,applesauce,arm,ball,balloon,banana,basket,bathtub,bed,belt,bench,bib,bird,blanket,boat,book,bottle,bowl,box,bread,broom,bucket,butterfly,can,car,carrot,cat,chair,chips,clock,closet,coat,coffee,comb,cookie,couch,cracker,crayon,crib,cup,deer,dish,dog,doll,door,drawer,dress,ear,egg,elephant,face,finger,firetruck,fish,flower,foot,fork,frog,giraffe,glass,glasses,glove,grass,gum,hair,hamburger,hand,hat,horse,jacket,jar,jeans,knife,ladder,lamp,leg,meat,melon,milk,mitten,mop,motorcycle,mouth,muffin,nail,napkin,necklace,nose,orange,oven,owl,pajamas,pants,paper,pastry,pen,pencil,penguin,pickle,pig,pillow,pizza,plant,plate,pony,potato,pumpkin,purse,radio,raisin,refrigerator,rooster,sandwich,sauce,scarf,scissors,shirt,shoe,shorts,shovel,shower,sink,slide,slipper,soap,sock,soup,spoon,sprinkler,stick,strawberry,stroller,sweater,table,tape,toe,tooth,toothbrush,towel,toy,tray,tree,tricycle,truck,vacuum,watch,window
alligator,0.0,1.2752438,1.3452348,1.1135671,0.99897397,1.1070508,1.3382564,1.1836095,1.1578032,0.9083255,0.8241694,1.3979824,1.0219382,0.7159193,0.5424612,0.8320019,0.8480667,0.580865,1.4106405,1.4124591,0.7272507,1.233456,1.2573199,1.2807715,0.6156341,1.336945,0.8736558,1.3488022,0.6970049,1.2720435,0.87772745,1.1018401,0.9994168,0.8675468,1.1605533,0.84710586,1.0032432,1.088904,0.7027854,1.3367192,0.86105555,1.4229767,0.6087018,0.84008265,0.29740846,0.5953516,1.051289,1.2392837,1.0603702,1.2022985,1.3676397,0.5986078,0.78458554,1.2855954,0.78693926,0.5610218,0.9840947,1.3402815,1.1671966,0.40854293,0.40841973,0.9227597,1.1981735,1.0820637,0.9559494,1.1884403,0.9195868,1.2067635,1.0277971,1.1306652,0.37868935,0.86033165,1.2264222,0.96320003,1.2504869,1.2153703,1.1736691,1.21099,0.5719526,1.344391,1.2000883,1.0106229,1.1660211,0.9921609,1.0817806,0.81000376,1.3343889,1.2172278,1.3277766,1.3016124,1.2862679,1.1259009,0.44047582,0.9680666,1.1150608,0.48721683,0.8827232,1.2891643,1.3463624,0.96732247,1.1488907,0.4055357,1.0467298,0.9976387,0.97395366,1.0384517,0.4400872,1.2488645,1.3667419,1.2285893,1.2585561,1.1318471,1.1813978,0.32093215,0.8816368,0.9418508,1.0561116,1.2896785,0.9649439,0.89519906,1.1550668,1.3179033,1.0251701,1.0553687,0.8786487,1.405822,1.3230885,1.1093087,0.9783718,1.3148322,1.2709955,1.114658,1.2577944,0.82718647,0.8956376,0.8644174,1.2216897,1.3706702,1.3314484,1.3466692,1.3193045,0.9630092,0.9412288,0.65047526,1.0292242,0.9065992,1.4169438,1.3056693,0.9734607
ankle,1.2752438,0.0,0.80668855,0.7001828,0.8565825,0.99122286,0.8489761,0.984306,1.0580988,1.2647004,1.3055658,0.85757285,1.2194605,1.0389355,1.029752,1.232414,1.1567066,1.1938927,0.906338,1.125468,1.3063856,0.9449844,0.9995896,1.0692714,1.0353441,1.0702132,1.1768197,0.6264824,1.1560137,0.9932245,1.2413398,0.9995643,1.197541,1.1591867,1.2133403,1.0612117,0.9853496,1.1150606,1.1908816,0.8606707,1.3373498,0.947018,1.1674439,1.3677115,1.2508976,1.0733588,1.2053951,0.94102305,0.85640717,0.5449499,0.857427,1.0738704,1.0737255,0.371489,1.0903039,1.1776884,1.0390282,0.5598128,0.9114115,1.1501673,1.0730177,1.1822813,0.6636659,0.9376798,1.1345668,0.91512537,0.86994207,0.9141666,0.6422745,0.7552699,1.0382539,1.0809145,1.0395564,1.0211438,0.9366387,1.0347983,1.0352899,0.56469655,1.2534094,0.851163,1.0317543,0.898307,0.91587013,1.0716207,0.6994421,1.0774786,0.79357576,1.0416455,0.5947491,0.61102116,0.8588084,1.2597768,1.1632763,0.9846645,0.94454,1.2568628,1.1010693,0.825612,0.7357292,0.942882,0.948336,1.1802337,1.1326231,1.1431524,1.1231402,1.290575,1.1001207,0.834388,0.6020965,0.80928063,0.85692656,0.83966506,1.0917592,1.1346569,1.1627339,1.1291566,0.98709387,0.80056965,1.0656252,0.87211585,0.9261898,0.9734023,1.1298543,1.3145403,1.1421362,0.6281584,1.0441161,0.8478949,1.2035964,0.9386269,0.9480259,0.7592766,0.91711503,1.1254506,1.1088961,1.2781156,1.0178586,0.37940186,0.6491033,0.8304348,0.98216593,1.05717,1.2838135,1.205213,0.86547685,1.2368336,0.8275635,0.630793,1.2433069
apple,1.3452348,0.80668855,0.0,1.0501375,1.3118818,0.5677814,0.30371118,0.42833227,0.97191525,1.3664929,1.5311818,0.49349535,1.366233,1.4423717,0.9871945,1.4310915,1.264542,1.3441343,0.637182,0.6001122,1.5107208,0.50563645,0.7574272,1.0353775,1.0053471,1.0401043,0.98923707,0.26808172,1.3245103,1.2505267,1.2955928,0.83129454,1.4923363,1.290483,0.9242291,1.3249711,0.8003453,1.335095,1.1656388,0.25864065,1.5300386,0.7532007,1.146084,1.30208,1.2408729,1.249516,1.4195671,0.9988444,1.2965726,0.6603465,0.25034416,1.244047,1.0342033,0.70677245,1.0889171,0.8285732,1.016318,0.5983806,0.92008764,0.94177985,1.2658931,1.4213009,0.5884241,0.9323503,1.054092,0.47790205,1.1788411,0.7179702,1.1951365,0.45909584,1.1554447,1.3683364,1.0722208,1.3869085,0.77934307,1.2134672,0.7687689,1.1343453,1.310594,0.47073972,1.1109835,1.291518,1.012639,1.0441024,0.7898814,0.8769633,0.16042185,1.079073,0.643493,0.44599342,0.14574236,1.4395468,1.2580104,1.3599017,1.3452015,1.4756839,1.0777268,0.5378973,0.45444572,0.8634943,0.7158748,1.1750588,1.2413458,0.82536805,1.1817927,1.0122385,1.1593926,0.45082283,0.37365967,1.0341251,0.78503525,0.4528808,1.2108117,1.1574122,1.3573534,1.0964545,0.7757691,0.56089073,1.31251,1.1375183,1.2505925,0.84657526,1.3685594,1.4091038,1.270859,0.29926533,0.45187193,1.0510019,1.1404827,0.74667,0.93518513,0.9911452,0.29732776,1.331841,1.3585831,1.3985898,0.6217685,0.48460853,0.4950636,0.69689405,0.88225335,0.6449946,1.2469198,1.1630106,0.68321574,1.2606711,0.97540104,0.33700806,1.3299024
applesauce,1.1135671,0.7001828,1.0501375,0.0,0.71003574,1.0225486,1.1480496,0.970205,1.2293338,1.1711063,1.1052257,1.1819174,1.0785865,0.79692155,1.0940528,1.0480403,0.93020874,1.0483527,1.1352849,1.1878973,1.0231764,1.0294708,0.9681816,1.0191584,1.1972625,1.1771089,1.1069124,0.971779,1.1554589,0.9291947,0.928856,1.2310617,1.029231,0.9450859,1.197868,1.0267266,1.0305887,1.0431865,0.97743535,1.2223909,1.0990855,1.0391341,0.95443964,0.98907197,1.1115135,0.8758801,1.079137,1.000747,0.7453256,0.7885616,0.9724095,0.9693956,1.0847749,0.4896735,1.0253235,1.0436735,1.1001918,0.85956895,1.1562548,1.2282041,1.0607135,0.8992529,0.92276126,1.075027,1.2261243,0.8660524,0.8996648,1.0145565,0.45818895,1.1474864,1.0236472,0.91107315,1.0179071,0.81001467,1.2268668,1.0804166,1.2847608,0.6829601,0.9295386,0.8786887,1.0872986,0.63375264,1.1802336,1.0017968,0.78178406,0.97964954,1.156322,0.99062634,1.1976476,0.9241331,0.95498645,1.1014584,1.140571,0.80062616,0.8283845,1.0341705,0.901942,1.2624526,1.1387945,1.1003537,0.94193006,0.9740751,1.0575397,1.1054285,0.99238783,1.0450801,1.0236984,0.994385,0.7310397,1.1656183,1.2506448,1.1597321,1.1609316,1.1320214,0.84879506,0.8493886,1.045559,1.1844038,0.9067669,0.85478884,0.72107244,1.1536715,1.1080675,1.0979147,0.97417855,1.0293202,1.159239,0.76215327,0.8916981,1.1667211,1.2018411,0.93541723,1.1503901,0.9649036,0.91899204,1.0114295,1.1167634,0.8173687,0.8201242,1.0948986,1.1077876,1.0577598,0.99961925,1.1382308,0.9727039,0.9982123,1.0851963,1.0539181,1.0679281
arm,0.99897397,0.8565825,1.3118818,0.71003574,0.0,1.1364343,1.406488,1.4031457,1.3186127,0.77370566,0.6199478,1.2198652,0.83851206,0.4400593,1.2961233,0.7556225,0.9544107,1.069067,1.2991444,1.4172678,0.8335886,1.3615954,1.2812424,1.210454,1.2127528,1.1077137,1.150075,1.185728,0.6567301,0.95549965,0.9617394,1.2655759,0.7530793,0.5671549,1.2411093,0.78743505,1.2678049,0.9694524,1.0327345,1.3795869,0.67671514,1.3191773,1.0260551,0.996564,1.1209974,0.99877906,0.6992475,1.1376183,0.39327824,0.95703864,1.30968,0.8990521,0.99499625,0.73242795,1.1466694,1.225464,1.095297,0.92857593,1.2503093,1.375663,0.9567367,0.71207786,1.0662947,1.1859593,0.9338574,1.2754056,0.66430926,1.3230114,0.42269123,1.4592478,1.2321801,0.44362366,1.0971237,0.38530654,1.2925107,1.0884792,1.3339288,0.60861456,0.95401436,1.1399026,1.0673423,0.44936633,1.1721606,1.1207547,0.92773086,1.1710123,1.2722324,1.1028953,1.2825941,1.109391,1.2711076,0.7574037,0.9220015,0.3917123,0.4829961,0.70428145,1.1165392,1.3426759,1.3736383,1.2015399,1.2316942,1.2097564,0.87410676,1.2489667,1.0110282,1.175266,1.234622,1.2154573,1.0057552,1.2790233,1.2656574,1.3081088,1.0133843,1.2067114,0.7094147,1.0691966,1.2244945,1.4462214,0.34842682,0.973806,0.5244438,1.3411123,0.66480947,0.7984044,0.58456147,1.2495561,1.364769,0.7942981,1.0255827,1.3754011,1.1730382,0.98198134,1.31622,0.6822256,0.47150576,0.6560969,1.45472,0.97222,0.97829187,1.116989,1.2307302,1.5054023,1.1249001,1.0039983,1.2810699,1.0538869,1.1854465,1.3131863,0.72013617
ball,1.1070508,0.99122286,0.5677814,1.0225486,1.1364343,0.0,0.3969056,0.80331767,1.037342,1.1484413,1.1173519,0.96076894,1.1166791,1.0905473,0.98781264,1.0144857,1.0583397,1.1042204,0.9310087,0.8934948,1.1110194,0.8892691,0.92793804,1.0043706,0.9626168,1.1438316,1.01943,0.8423769,1.087407,1.169358,1.1775976,0.7585081,1.2142469,1.144187,0.84068775,1.1981888,0.9003584,1.2159613,1.0368158,0.8723694,1.1987253,0.96048236,1.0467663,0.96965665,1.0892537,1.0547332,1.2508925,1.077627,1.1369702,0.9684965,0.48739284,1.0815566,1.1050568,0.9453333,1.1075667,0.92062896,0.94237393,1.0151691,1.0979823,0.85000294,1.1132597,1.1003404,1.0017014,0.9778298,0.9991806,0.620379,1.1800253,1.0110463,1.1125774,0.7874621,1.0506757,1.110153,1.0334848,1.1342793,1.0729303,1.2095482,0.8271158,1.1311111,1.1601281,0.60733056,1.0522249,0.93266237,1.0463355,0.98167866,1.0161145,0.87052596,0.6663565,1.0072376,0.98234844,0.8299403,0.46491373,1.273571,0.99254376,1.1327692,1.181431,1.1365832,0.92385864,0.94211197,0.917209,0.9801374,0.88623303,1.1463381,0.98730683,0.9977725,1.1511451,1.0615472,1.0644544,0.6630196,0.7198169,1.0541878,0.83523315,0.6050503,1.2633305,1.072741,1.0994523,1.0435431,0.8499094,0.87765527,1.1767182,1.071613,1.1662955,0.875595,1.1150056,1.1098547,1.116671,0.8678412,0.70424926,1.0331609,1.0584657,0.88858265,0.9940549,1.0291212,0.79479194,1.1064751,1.14418,1.1796883,0.62524956,0.9498724,0.99030983,0.9541212,0.96029806,0.6687492,1.0425501,0.98321885,0.74329096,1.2263764,1.1053396,0.86044383,1.1804388
balloon,1.3382564,0.8489761,0.30371118,1.1480496,1.406488,0.3969056,0.0,0.620714,0.890109,1.310872,1.4422255,0.55960786,1.2028214,1.4712276,0.96430874,1.3242023,1.230518,1.2825992,0.6069533,0.53020966,1.4146607,0.7025818,0.77168596,0.80218804,0.92994547,0.8492167,1.0092298,0.50116944,1.308821,1.0298766,1.3926578,0.65520406,1.3845117,1.3599733,0.7468306,1.2818203,0.8876507,1.1842499,1.3044143,0.44344288,1.459029,0.62480676,1.187562,1.150478,1.2068259,1.2092068,1.3402815,0.95154786,1.4037697,0.79143524,0.32212806,1.1639932,1.1145357,0.8452153,1.1297979,0.9048161,0.9725804,0.7748859,0.8688767,0.82115257,1.2776974,1.3137124,0.8317668,0.779652,0.99794173,0.57015246,1.3248893,0.78653824,1.2603064,0.4677205,1.0877117,1.3718727,0.97946495,1.3956759,0.7673047,1.0495392,0.58342737,1.1703818,1.3683032,0.5145478,0.87532914,1.2924963,0.8639548,1.0026228,1.0392302,0.9905413,0.3946694,0.883394,0.61213684,0.6185517,0.32296288,1.3097429,1.2563201,1.3972709,1.3533008,1.4354818,1.1114612,0.5805537,0.5282693,0.90348,0.7873374,1.1112826,1.1186957,1.0102115,1.1519793,1.0929319,1.0847775,0.6211796,0.51371497,0.80595016,0.579957,0.5607598,1.0569118,1.1367562,1.3449676,1.0583215,0.82313764,0.54175985,1.3917189,1.2025626,1.288129,0.62677044,1.2585878,1.1986067,1.3819917,0.5071057,0.39164722,1.0738202,1.1134568,0.5748228,0.79550517,0.93457216,0.43687975,1.3413888,1.3865736,1.4506335,0.4692859,0.6800208,0.6793796,0.6694182,0.7451668,0.63622427,1.1706431,1.1215701,0.7716653,1.1849929,0.8054117,0.5585273,1.3214917
banana,1.1836095,0.984306,0.42833227,0.970205,1.4031457,0.80331767,0.620714,0.0,0.7837085,1.204063,1.4051285,0.69249845,1.1860518,1.4117869,0.9706469,1.3090568,1.0221614,1.1403438,0.7250421,0.62793654,1.3228371,0.41283596,0.72498864,0.99862915,0.9095526,0.9887834,0.857983,0.6360955,1.3638419,1.1451318,1.0842386,0.81817466,1.4390864,1.2749169,0.93480045,1.1644768,0.67738694,1.3114357,0.8656894,0.4854111,1.4022654,0.8087818,1.1792557,1.2149148,1.1938642,1.2584589,1.4260937,0.8115293,1.3184897,0.8706002,0.46913218,1.2286905,1.0625799,0.9762582,1.0147917,0.79616797,1.0518405,0.7811144,0.7872814,0.75312006,1.2001014,1.3413484,0.89675903,0.933798,1.1236175,0.565346,1.2575831,0.7744286,1.274976,0.63702214,1.0205605,1.408277,0.9587503,1.372046,0.67999244,1.1293291,0.8158947,1.2640581,1.1661383,0.56358814,1.032231,1.274511,0.9878489,0.9673359,1.0044062,0.73088455,0.6098412,0.9627764,0.7336097,0.90021586,0.41669422,1.2994404,1.1927872,1.3820875,1.3528544,1.3791978,0.9664632,0.5963578,0.57509273,0.8049748,0.5739454,1.130342,1.156334,0.67084795,1.133589,0.79103994,1.1525397,0.54408675,0.68677247,1.0292233,0.9271274,0.7211099,1.1602544,1.181388,1.1581979,0.9844815,0.7999518,0.6845553,1.3936635,1.0291548,1.2828395,0.79594564,1.444869,1.2484295,1.1801462,0.5869731,0.50574374,1.1353157,1.0264088,0.6725464,0.9268567,1.113931,0.51007205,1.3795447,1.3790953,1.3324933,0.56454325,0.82965034,0.7619928,0.789953,0.7908473,0.5724102,0.9114351,1.0746106,0.6065722,1.1323552,0.9023396,0.5725445,1.3742397
basket,1.1578032,1.0580988,0.97191525,1.2293338,1.3186127,1.037342,0.890109,0.7837085,0.0,0.90890306,1.0961803,0.9405834,0.9308539,1.3851594,1.0079031,1.0922885,1.0119315,0.9464714,0.7123966,0.54143447,1.0254929,0.7304031,0.90297097,0.72921944,0.91652334,0.7363713,0.9775888,1.1229371,1.2286677,0.90635777,0.8854885,0.7558261,1.0157323,1.2030177,0.7272738,1.0776587,0.79251766,0.7270169,0.9049385,0.88249665,0.9718644,0.68219393,1.2200861,0.9650915,1.084575,1.1509919,1.0259151,0.93487525,1.335398,1.3237422,0.9358939,1.0507427,1.138286,1.3620541,1.098794,1.2301009,0.7880075,1.2815541,0.5755312,0.96637434,1.117023,1.0706791,1.2556009,0.6585235,1.0211906,1.1248308,1.3132846,0.6727736,1.3575252,0.8701302,1.0192024,1.2813456,0.8148793,1.4063625,0.62652576,0.73188806,0.6480166,1.1857872,1.0583946,1.0084057,0.77030545,1.3591518,0.9973315,0.9884459,1.3879215,0.7856308,1.0264956,0.81417716,0.88213176,1.2245147,0.94511205,0.7924583,1.1238596,1.4048634,1.3435063,1.1732904,0.9006309,0.7248865,0.7638372,0.9248042,0.8048465,1.0763106,1.0445015,0.68638766,0.7975844,0.7732947,1.0157231,0.9454994,1.0907187,0.7378753,0.5219322,0.8934773,0.4663828,0.92481494,1.1405253,1.0429308,0.9793558,0.71081793,1.323797,1.2368329,1.3585603,0.72009593,1.0184883,0.936648,1.1742853,1.1388204,0.8769656,1.1845508,1.0309821,0.6711483,0.9854174,1.1097288,0.9174699,1.2390475,1.2987714,1.0588688,0.66941196,1.2500767,1.2922313,1.0450233,0.71413314,0.8082452,0.7339132,0.97967845,0.9623919,0.9493725,0.73063797,0.9344846,1.0858332
bathtub,0.9083255,1.2647004,1.3664929,1.1711063,0.77370566,1.1484413,1.310872,1.204063,0.90890306,0.0,0.4309727,1.2513942,0.69900286,0.6838802,1.177443,0.6673471,0.7844724,0.8465302,1.1893427,0.984528,0.5431755,1.287631,1.2811202,0.95219356,1.0946708,0.96093297,1.0412409,1.3680112,0.81505406,0.99630374,0.8793198,1.072902,0.72620386,0.84931546,0.9371922,0.9246757,1.1584384,0.94901276,0.8970836,1.3254701,0.28720725,1.1376758,1.0492563,0.7190471,1.0646353,1.0526705,0.76005554,0.99956894,0.84187114,1.3199075,1.2278788,1.0119017,0.91877204,1.2803972,0.9709437,1.2162681,1.076254,1.2990777,1.0871538,1.1730669,0.83533907,0.7126354,1.228571,1.1120279,0.91083837,1.3482261,0.9223554,1.2082183,1.0284663,1.3235236,1.1273603,0.656459,1.0091293,0.753392,1.1074535,1.0593675,1.0417693,1.0683005,0.9595812,1.2635559,0.8680418,0.91781485,1.0833902,1.1414976,1.1040071,1.1121602,1.3111589,0.9703439,1.3272011,1.3674761,1.318948,0.544837,0.9263439,0.8416594,0.8698306,0.61927766,1.078098,1.2634015,1.3727667,1.08273,1.1511993,1.1428229,0.8522174,1.0665586,0.968958,0.840363,1.1426746,1.2649279,1.3465656,1.1677915,1.1141888,1.3052142,0.85351264,1.1156819,0.7391676,1.0251108,1.2371752,1.336982,0.7107213,1.1651881,0.9411588,1.0443943,0.6666349,0.23775148,0.66598797,1.3970999,1.1746275,1.2003856,0.93591005,1.1435214,1.0774846,1.1175666,1.257717,0.7333996,0.68445885,0.57645994,1.0074161,1.3484173,1.2635956,1.1468594,1.0798665,1.1773274,0.63687044,1.000375,1.2738094,0.92496693,1.2271492,1.3548332,0.7606371
bed,0.8241694,1.3055658,1.5311818,1.1052257,0.6199478,1.1173519,1.4422255,1.4051285,1.0961803,0.4309727,0.0,1.3372002,0.39394414,0.40973938,1.3045171,0.13507873,0.75434214,0.6596982,1.392917,1.2772183,0.34075546,1.4951305,1.255203,1.1226736,1.2114336,0.9408927,0.9661694,1.5168575,0.6140969,0.7282333,0.94932395,1.2820168,0.43804055,0.57946634,1.095329,0.7384366,1.3450155,0.62843025,0.96753156,1.5016015,0.19247985,1.3693681,0.95311475,0.76936793,1.0035504,0.94451666,0.5220888,1.0497468,0.61098415,1.3457718,1.4681025,0.88486993,0.954439,1.289209,1.0217333,1.2317474,1.1123536,1.3491663,1.3693776,1.2804785,0.74678594,0.6873743,1.2763159,1.1285279,0.8430469,1.3418466,0.8051442,1.3160188,0.9215312,1.4128243,1.1562598,0.50372183,1.1309786,0.44732344,1.373014,0.8797381,1.2753922,0.9884049,0.93196094,1.3268577,1.0136315,0.58658206,1.2453256,1.0497894,1.1256061,1.2547573,1.452796,0.92115474,1.43863,1.409795,1.4887058,0.58697677,0.7846941,0.50654566,0.5701324,0.40365195,1.1979587,1.4940969,1.5853881,1.1741184,1.3314357,1.093792,0.3088187,1.2364665,0.9795806,1.0507112,1.1504202,1.4367589,1.3873552,1.1323923,1.3214271,1.461128,0.97102225,1.1383324,0.58161086,1.1239067,1.2775931,1.5071405,0.53849673,0.96924293,0.71621907,1.3529851,0.52454686,0.538656,0.4890498,1.5124648,1.3378568,1.1331639,1.0620396,1.4892678,1.2646935,1.142678,1.4335887,0.5624766,0.49567652,0.45478892,1.2464956,1.4424682,1.3476965,1.3524231,1.0667727,1.2516128,0.7642194,0.9211036,1.2775657,0.8466711,1.1902187,1.5273926,0.55669236
belt,1.3979824,0.85757285,0.49349535,1.1819174,1.2198652,0.96076894,0.55960786,0.69249845,0.9405834,1.2513942,1.3372002,0.0,1.0161706,1.3893776,1.1690805,1.288022,1.2185985,1.3034807,0.6014794,0.537387,1.3645062,0.78650653,0.7301667,0.8927144,1.0252029,0.57832575,0.9272241,0.4390614,1.1238927,0.88114923,1.3345406,0.91871977,1.2491271,1.2741481,0.85273963,1.034788,1.1327122,1.1606305,1.3027792,0.26024818,1.3733028,0.67347485,1.133752,1.3206086,1.3073614,1.3162314,1.1927254,0.70827276,1.1777565,0.77738667,0.7415321,1.228546,1.1157815,0.80543905,1.087005,1.0087178,1.0679162,0.49746215,0.8321621,1.0559003,1.2594035,1.3746235,0.6504452,1.0147166,0.8834141,0.76282823,1.2083888,0.8055982,1.1703029,0.6052296,1.1350946,1.3275846,0.9915488,1.159194,0.5568764,0.9598721,0.6384597,1.1014371,1.3812559,0.71624184,0.888363,1.2669544,0.8196677,1.0524427,0.9418134,1.2739557,0.43346405,0.91287935,0.40322495,0.54764724,0.6834331,1.1601267,1.3707889,1.1530073,1.07299,1.3967614,1.3337897,0.40152407,0.4178847,0.9806022,1.0058181,1.2203679,1.0047151,1.0540644,1.2175518,1.0591913,1.1654165,0.81262136,0.77036357,0.79349816,0.674765,0.9014288,1.0448236,1.3112657,1.3756511,1.1880345,0.8379954,0.69317555,1.2565176,1.0346258,1.0131661,0.73601353,1.1761326,1.1925918,1.2868944,0.3378539,0.502492,0.9440349,1.2116036,0.6437267,0.6951693,0.9446866,0.5070104,1.354193,1.3367267,1.3946333,0.8451968,0.5472959,0.51870745,0.48459405,0.6864749,0.9165375,1.2324998,1.1036506,0.87076545,1.1333432,0.6467424,0.39138108,1.2196575
bench,1.0219382,1.2194605,1.366233,1.0785865,0.83851206,1.1166791,1.2028214,1.1860518,0.9308539,0.69900286,0.39394414,1.0161706,0.0,0.7991059,1.2930597,0.5730123,0.81263393,0.81678575,1.1573981,0.9673396,0.58337635,1.2783755,1.0053203,0.9213952,1.1601155,0.4025824,0.8428309,1.303554,0.81541973,0.4618454,1.0170217,1.267637,0.62776285,0.8190627,1.0620294,0.6921916,1.3398187,0.7020197,1.0951775,1.2037073,0.49257553,1.1063472,1.0142721,0.9513524,1.1042523,1.1199682,0.6361802,0.7608863,0.85855246,1.2550256,1.3425943,0.94876546,1.088111,1.211639,1.0695541,1.1613228,1.056187,1.2060009,1.0678376,1.2001177,0.97498924,0.9530719,1.2425063,1.0115013,0.9200636,1.1831362,0.99128467,1.146288,0.9928652,1.2501632,1.1388936,0.8393763,1.0919214,0.68468106,1.0234691,0.7371827,1.0760242,1.053643,1.0576879,1.1675018,0.8199457,0.75573856,1.0585964,0.927701,1.1746821,1.3021011,1.3295627,0.75872326,1.1930251,1.2650528,1.3300478,0.5798366,1.0228858,0.75531554,0.7256423,0.74888444,1.2400439,1.1345396,1.2297854,1.1503959,1.2771232,1.0770602,0.58900535,1.2278591,0.96221274,1.0237418,1.1349028,1.3190544,1.2226971,0.94809467,1.1377008,1.3866343,0.85241616,1.2215186,0.8543918,1.1270303,1.1287109,1.2455335,0.8264922,0.9834523,0.79525054,1.0659304,0.79557395,0.65635324,0.75423765,1.2708831,1.1597977,1.087821,1.0952576,1.1328691,1.0625155,1.0629231,1.2099513,0.86429745,0.8246558,0.72990495,1.0467244,1.3304093,1.2063406,1.163609,0.8515345,1.1197551,0.754607,0.9462288,1.096051,0.8329587,0.8969991,1.3697457,0.74784696
bib,0.7159193,1.0389355,1.4423717,0.79692155,0.4400593,1.0905473,1.4712276,1.4117869,1.3851594,0.6838802,0.40973938,1.3893776,0.7991059,0.0,1.2010611,0.49623448,0.6900839,0.63522553,1.5413522,1.5197285,0.46844423,1.5581417,1.3516748,1.3017615,1.130899,1.2823164,1.0005561,1.3278346,0.61566246,1.0043892,0.93993294,1.3100028,0.6545914,0.5703247,1.3139468,0.6586491,1.3632977,0.9914158,0.979128,1.5373381,0.48714137,1.5493945,0.94610226,0.77431864,0.9836373,0.6977025,0.7358555,1.1869047,0.39330995,1.055603,1.4294924,0.9403661,0.8828836,0.9177728,0.927229,1.058471,1.1994338,1.1540123,1.4526728,1.183263,0.73179036,0.6737715,1.0853992,1.2951052,0.9510108,1.1766112,0.6421821,1.3071948,0.5137169,1.3596293,1.1684451,0.38280594,1.2254375,0.3412602,1.4944696,1.175229,1.4192137,0.84167486,0.8473299,1.2431232,1.2743924,0.34378994,1.2804164,1.1058742,0.8313649,1.160387,1.4300711,1.0969397,1.3261685,1.1843339,1.4024785,0.870923,0.6500733,0.31170964,0.53101456,0.3740849,1.1489404,1.5356634,1.5399767,1.1106457,1.3636723,1.0903577,0.73360926,1.2581587,1.0504717,1.0853355,1.1844674,1.3681883,1.2263258,1.198694,1.444799,1.4061661,1.2679754,1.0813215,0.56167036,0.9993145,1.258198,1.5040168,0.41165912,0.7875398,0.59019154,1.4942515,0.6737673,0.7804261,0.5843469,1.4019871,1.5181098,0.8386763,0.9691698,1.5324268,1.3643608,1.0344247,1.4183828,0.53237265,0.4232819,0.56622607,1.4482183,1.2177571,1.1009824,1.2925754,1.2866871,1.30151,0.88785034,0.8628862,1.1883255,0.95166343,1.3804569,1.3838965,0.75185275
bird,0.5424612,1.029752,0.9871945,1.0940528,1.2961233,0.98781264,0.96430874,0.9706469,1.0079031,1.177443,1.3045171,1.1690805,1.2930597,1.2010611,0.0,1.2134055,1.10654,0.9532727,1.1090157,1.1452004,1.219636,0.88211644,1.0639223,1.1544158,0.54582006,1.2514868,1.0577735,1.0482368,1.0385481,1.2624905,1.0236713,0.8004453,1.239392,1.1278644,1.0618439,1.1883963,0.7311156,1.1216862,0.94517684,1.0133215,1.2945435,1.1195889,0.7100663,1.0826452,0.4442886,0.78261125,1.2995083,1.1312745,1.2534238,1.0245179,0.9489738,0.80554885,0.8016078,1.1226386,0.8377999,0.38372266,0.89320624,1.0873675,0.8151822,0.3796867,0.8126827,1.2345473,0.98754245,0.79151225,1.0347829,1.0761503,1.1097443,0.9220199,1.1773973,0.757709,0.47838634,1.1607327,1.1689041,1.2833343,0.95686924,1.2150854,1.024202,1.1900642,0.8293098,1.0809371,1.2014532,1.3030958,0.8810146,1.0235776,1.0246109,0.7720324,1.0327158,1.10213,1.00931,1.0612397,0.9502531,1.2577255,0.71963036,1.2555262,1.302901,1.093548,0.8011509,0.9587127,0.9315384,0.8207888,0.9349066,0.5357175,1.2634293,0.86695415,0.9664342,1.0464369,0.4348662,0.89910865,1.1192088,0.9860576,1.0013455,0.77851033,1.0940115,0.39369774,1.1643862,0.8971281,0.9003555,0.8650383,1.2267475,0.95426756,1.2841018,0.9493281,1.2601019,1.1927681,1.2167522,1.0148971,1.0222517,1.0652615,0.9564623,0.85517466,0.9803291,1.0449333,1.0055629,1.1806893,1.1844565,1.234413,0.8873276,1.0777435,1.1425186,1.0919929,1.1226089,0.8263857,1.035141,0.8546785,0.98650914,1.0534263,1.2130053,0.93809634,1.2103125
blanket,0.8320019,1.232414,1.4310915,1.0480403,0.7556225,1.0144857,1.3242023,1.3090568,1.0922885,0.6673471,0.13507873,1.288022,0.5730123,0.49623448,1.2134055,0.0,0.76782346,0.624228,1.3293102,1.2202361,0.48238218,1.3566263,1.2388375,1.1035575,1.0926349,1.0519638,1.0277407,1.444218,0.7772648,0.8524173,0.93510544,1.1914873,0.6464014,0.7684449,1.0207179,0.81054515,1.2185798,0.6983408,0.9034569,1.4090757,0.45118582,1.2929997,0.9336583,0.79933006,1.0067607,0.93235403,0.75209105,1.103547,0.72983515,1.2997727,1.3276716,0.86672693,1.0092303,1.2219491,1.013786,1.1504232,1.0845454,1.3080435,1.2749965,1.1849762,0.7482709,0.82966864,1.2364316,1.0646372,0.8917404,1.2489011,0.90300035,1.2073765,0.92535925,1.2771617,1.0827569,0.65944064,1.1118672,0.5975463,1.2851775,0.99075544,1.2167435,0.98346734,0.8968743,1.2459154,1.0534085,0.67247057,1.3040243,1.0934522,1.1228138,1.1334311,1.3390692,0.85956335,1.3268181,1.3202842,1.3721774,0.77944016,0.78939843,0.63394433,0.7307359,0.48583424,1.1051474,1.3965378,1.453785,1.1381497,1.1885206,1.0650852,0.13361812,1.1234958,0.96103156,0.98449594,1.0742774,1.3505383,1.3143258,1.1325108,1.2489728,1.3484694,1.0760231,1.0736811,0.55636436,1.0389585,1.1943334,1.4065571,0.73624444,0.9484514,0.83679914,1.3076762,0.68850785,0.6959917,0.7007601,1.4265928,1.2010019,1.0388379,0.9865943,1.3729515,1.3074906,1.1725925,1.3341434,0.73981524,0.67054427,0.6167904,1.1214707,1.3593076,1.3095846,1.3425738,0.9796918,1.1590267,0.7411941,0.8476182,1.2294581,0.93295527,1.2076693,1.4121232,0.73662806
boat,0.8480667,1.1567066,1.264542,0.93020874,0.9544107,1.0583397,1.230518,1.0221614,1.0119315,0.7844724,0.75434214,1.2185985,0.81263393,0.6900839,1.10654,0.76782346,0.0,0.64992213,1.2627989,1.0266222,0.6307566,1.1839526,0.9070309,1.0241296,1.011149,1.0776261,0.9045227,1.269083,0.9863284,0.95616865,0.8156124,1.085434,0.89675856,0.96749943,1.0202732,0.8548187,1.0645221,0.98754114,0.82644486,1.2486645,0.7490152,1.2050314,1.0840943,0.70923823,1.0214216,0.99246496,0.92545766,0.9412983,0.9850356,1.1976184,1.2315683,1.0728633,1.0413266,1.1140721,0.9603818,0.9458216,1.0706041,1.2711515,0.9591434,0.98242915,0.88547164,0.8502985,1.1892202,1.1174577,1.0243932,0.9401859,0.997785,1.0204073,0.87033516,1.2167994,1.1219357,0.9520483,1.0228505,0.8543202,0.95550424,1.1192956,1.183094,1.0517514,0.781455,1.1319072,1.1519275,0.87680006,1.2015872,0.9954977,1.0855049,0.96363246,1.3284235,1.0781977,1.1902323,1.2710063,1.2302605,0.9412979,0.91467124,0.9180401,1.009124,0.68782806,0.9444893,1.1566732,1.1723788,1.1158365,1.0284644,0.9889966,0.9006883,0.97197324,0.9188025,0.54170513,1.1514767,1.2401625,1.1885427,1.0796311,1.193454,1.1925348,1.1501429,0.98624694,0.67836434,0.6089678,1.1490302,1.241061,0.98566276,0.99037373,1.0338459,1.0862641,0.891181,0.7623836,0.88255227,1.3221129,1.2350085,1.1058378,0.63074553,0.9818317,1.2425759,1.0378293,1.1604275,0.87455714,0.94114816,0.6037353,1.0670927,1.3252459,1.1878293,1.1486928,1.2188103,0.9928118,0.60514015,0.89829195,1.1253171,0.96223557,1.2223383,1.2243689,0.9235799
book,0.580865,1.1938927,1.3441343,1.0483527,1.069067,1.1042204,1.2825992,1.1403438,0.9464714,0.8465302,0.6596982,1.3034807,0.81678575,0.63522553,0.9532727,0.624228,0.64992213,0.0,1.1481059,1.1126164,0.25669777,1.2805395,1.0626392,1.016416,0.8148326,1.1192347,0.7940749,1.3647015,1.039795,1.0704143,0.9039475,1.0154387,0.8002458,1.0143715,1.0172162,0.7800418,1.1357849,0.92372614,0.863935,1.2145796,0.67413974,1.1752567,0.90111923,0.6468533,0.83554226,0.6786018,0.998049,1.0498397,1.0435289,1.3429561,1.297378,1.0197488,0.96021545,1.2368602,0.809588,0.95170444,0.9843759,1.3713937,1.0032369,0.8454379,0.5891342,0.7880491,1.2730674,1.0693307,1.1581798,0.9273656,1.0403637,1.0536696,0.97462356,1.1197406,0.90044576,0.84127474,0.99639404,0.9595856,1.0335522,0.91244704,1.1249396,1.1027615,0.8468426,1.4122381,1.0527008,1.037154,1.3200539,0.9868602,1.1645863,1.0650852,1.2830102,1.0537314,1.2589523,1.3445084,1.2931314,0.9374199,0.7981201,0.9633799,1.1453019,0.28008503,1.0376468,1.1208506,1.1712546,1.0067116,1.2058052,0.87832546,0.8448238,1.0357985,0.9641416,0.7793504,0.9140476,1.3785058,1.3372288,1.0603173,1.1340702,1.271498,0.9744827,0.786412,0.84240556,0.9755335,1.0966895,1.1597463,1.0504186,0.98382676,1.1678528,1.144586,0.9805883,0.9326821,0.9077711,1.4063146,1.249336,1.0600307,0.95930445,1.1643331,1.3175102,1.218519,1.167229,0.8761286,0.9129951,0.7061543,1.0366168,1.3567021,1.3483922,1.1945511,1.1497831,0.75686365,0.5479663,0.7354157,0.92295194,0.7287471,1.146121,1.2839521,0.90986174
bottle,1.4106405,0.906338,0.637182,1.1352849,1.2991444,0.9310087,0.6069533,0.7250421,0.7123966,1.1893427,1.392917,0.6014794,1.1573981,1.5413522,1.1090157,1.3293102,1.2627989,1.1481059,0.0,0.4152568,1.2566414,0.72759944,0.8173896,0.3343228,1.0279964,0.6386097,1.0313932,0.7264275,1.3677797,0.9565648,1.1811664,0.71219337,1.187943,1.3327525,0.61626124,1.1970284,0.94249755,0.94540393,1.1742301,0.4463308,1.2825675,0.112410665,1.1825912,1.1432937,1.2712495,1.2627611,1.1342473,0.9420919,1.3526025,1.0826724,0.6615013,1.2299256,1.165006,1.1252507,1.1307199,1.2503448,0.86407447,0.9638909,0.724148,1.1106197,1.2118021,0.978823,0.9764902,0.8731193,1.0742285,0.80893683,1.2924731,0.72552097,1.3433545,0.7042178,1.119459,1.3645473,0.34009945,1.4265392,0.59799874,0.7111979,0.6420448,1.0462644,1.2865745,0.91803634,0.48598826,1.4387286,0.85104614,0.97407234,1.1959608,1.0998902,0.53322524,0.84420943,0.6558517,0.86333305,0.7612627,1.012657,1.3957027,1.4401455,1.2950112,1.3797187,1.0942774,0.5361249,0.5352037,0.98098165,0.8630514,1.2261727,1.1629822,0.9544568,0.93893164,0.99360895,1.1016763,0.9313533,0.8809591,0.6862912,0.5095339,0.8361331,0.7073413,1.1088169,1.3560114,1.1455672,0.8375335,0.4668535,1.358244,1.264732,1.25754,0.54395056,1.0833491,1.1305691,1.3433254,0.70503414,0.5732032,1.1145902,1.1241293,0.609415,0.74778616,1.046552,0.6263218,1.2170916,1.3656917,1.1630476,0.5806263,0.8520516,0.9537667,0.5782334,0.65612364,0.70625997,1.146887,1.1479793,0.797521,0.99419135,0.5232624,0.6458843,1.1810385
bowl,1.4124591,1.125468,0.6001122,1.1878973,1.4172678,0.8934948,0.53020966,0.62793654,0.54143447,0.984528,1.2772183,0.537387,0.9673396,1.5197285,1.1452004,1.2202361,1.0266222,1.1126164,0.4152568,0.0,1.1865036,0.6309073,0.75957817,0.43277442,1.0559826,0.5827205,0.8740923,0.837191,1.358721,0.93943083,1.0602778,0.80594444,1.2402894,1.3525529,0.5267514,1.2342231,0.9171307,0.88557327,1.1185535,0.5146831,1.1839774,0.32748973,1.2302643,0.91019046,1.2824484,1.3517116,1.2014538,0.8600294,1.4622928,1.2283853,0.59541357,1.2321991,1.2337956,1.231373,1.146741,1.1268091,0.9337589,1.0415506,0.6420177,1.077976,1.30814,1.1547068,1.0581565,0.7055156,1.0332876,0.8049736,1.4223264,0.5687176,1.3972257,0.73649895,1.186127,1.4285672,0.7115781,1.4387926,0.51615036,0.8781513,0.60664636,1.2285932,1.1354007,0.7323632,0.72126573,1.4515524,1.018456,0.96022147,1.2855408,0.9641993,0.6210873,0.73878413,0.8109642,0.98218334,0.6657611,0.9444551,1.4285408,1.49739,1.3814423,1.3400294,1.0676644,0.5451428,0.5887754,1.0008248,0.7946687,1.1691993,1.0300844,0.8024088,0.9438499,0.6813473,1.1471696,0.8031897,0.84977716,0.7884338,0.48400044,0.89665824,0.7509657,1.1558481,1.2053226,0.9041493,0.86977583,0.56436175,1.4261098,1.310631,1.3207122,0.5147205,1.1322045,0.8218689,1.3064537,0.78704035,0.4002335,1.1562803,0.8410609,0.4582528,0.9292638,1.0770377,0.58320045,1.3423226,1.4339206,1.1687682,0.46612674,1.0209823,0.9492073,0.8031143,0.61756873,0.7101959,0.7812995,1.1538152,0.8676305,0.99989897,0.70203567,0.70967156,1.220143
box,0.7272507,1.3063856,1.5107208,1.0231764,0.8335886,1.1110194,1.4146607,1.3228371,1.0254929,0.5431755,0.34075546,1.3645062,0.58337635,0.46844423,1.219636,0.48238218,0.6307566,0.25669777,1.2566414,1.1865036,0.0,1.4963601,1.1090343,0.9884691,1.0872267,0.9560544,0.79083943,1.4930725,0.82775366,0.8216128,0.89304155,1.1502198,0.44457972,0.7446488,1.0687188,0.68714106,1.3240857,0.7610644,0.9441375,1.4567391,0.26345235,1.2333095,0.9517371,0.60665953,0.94622695,0.7509947,0.69468564,0.90218526,0.7952603,1.3744538,1.4744695,1.0534024,0.97121006,1.2634925,0.82323676,1.1543839,1.0523571,1.3810894,1.3049419,1.1322322,0.65955234,0.6311392,1.3208756,1.2248125,1.0562121,1.0945517,0.9084138,1.2617431,0.88526666,1.3573024,1.0955026,0.64144963,0.98502684,0.6558583,1.3105946,0.7588403,1.2626376,1.0160954,0.8970901,1.4172461,0.97683185,0.7458638,1.3100541,0.95911926,1.1276045,1.2341509,1.4775281,1.0940531,1.4239931,1.4115692,1.4541056,0.6442245,0.8166672,0.690124,0.82147,0.27752566,1.1117413,1.4265987,1.4827507,1.1769928,1.352237,0.989733,0.69504184,1.2151616,0.93421394,0.92381626,1.0832199,1.4963331,1.3594873,1.059569,1.2655913,1.4373081,0.90699375,0.9981168,0.7444583,1.0617692,1.2048403,1.4015007,0.77419555,0.96320695,0.8764254,1.2644608,0.70043427,0.665395,0.67317426,1.5249166,1.4096601,1.0308623,1.0125506,1.4348624,1.3084636,1.2155865,1.3865336,0.64382106,0.67294693,0.51741487,1.1506959,1.4382141,1.3809184,1.2998506,1.2425036,0.8931568,0.5319855,0.8295717,1.0533357,0.618235,1.0859289,1.4963956,0.7080098
bread,1.233456,0.9449844,0.50563645,1.0294708,1.3615954,0.8892691,0.7025818,0.41283596,0.7304031,1.287631,1.4951305,0.78650653,1.2783755,1.5581417,0.88211644,1.3566263,1.1839526,1.2805395,0.72759944,0.6309073,1.4963601,0.0,0.8215003,1.0276474,0.9578418,1.0699142,1.0874276,0.651262,1.4182261,1.2479719,0.7326305,0.7835039,1.5039331,1.3499429,0.86805534,1.355331,0.21742433,1.2457176,0.5777253,0.5986908,1.4910749,0.77780294,1.1484969,1.244488,1.0913515,1.2257034,1.4450167,0.8379202,1.4181826,0.8370281,0.41142058,1.1818669,1.1099894,0.98148334,1.1197459,0.881788,1.0409635,0.79962856,0.61993384,0.8615424,1.2783141,1.4191428,0.8797697,0.7865006,1.1572909,0.7706133,1.340005,0.6357171,1.3010542,0.70375985,1.0313206,1.462575,0.90704566,1.4905348,0.591246,1.1055992,0.8009039,1.2258917,0.90904284,0.5819837,1.0330435,1.3908552,0.97939694,1.0968558,1.0818068,0.39842898,0.5781995,0.8597887,0.77752924,0.81864417,0.41709828,1.272919,1.2389965,1.5187243,1.4407289,1.4676565,0.5518596,0.5772519,0.56678605,0.892431,0.23249638,1.0400115,1.2013674,0.30781764,1.1189687,0.6427995,1.0645626,0.30381083,0.6379129,1.0332129,0.8022325,0.5967393,1.0501398,1.0069195,1.1131265,0.8923688,0.8871233,0.6911131,1.457555,1.1824932,1.3783001,0.81847394,1.455826,1.3324685,1.3321738,0.5884181,0.5275774,1.1335547,0.8850215,0.6127605,0.93894535,1.0577866,0.65159637,1.4603434,1.4675944,1.2944306,0.60642356,0.8083297,0.77694744,0.9097499,0.70315677,0.77595496,0.916603,1.2196507,0.85988307,1.2266929,0.94009703,0.5994764,1.3627307
broom,1.2573199,0.9995896,0.7574272,0.9681816,1.2812424,0.92793804,0.77168596,0.72498864,0.90297097,1.2811202,1.255203,0.7301667,1.0053203,1.3516748,1.0639223,1.2388375,0.9070309,1.0626392,0.8173896,0.75957817,1.1090343,0.8215003,0.0,0.86247694,0.9920792,0.8895188,0.8680831,0.770571,1.2934628,0.8104611,1.199808,0.98178947,1.0767798,1.1139721,1.0561101,0.9403599,1.07054,1.0264146,1.1782252,0.6089467,1.2207367,0.76687765,1.071693,1.0976571,1.217774,1.1712171,1.1578897,0.6272038,1.1722333,0.85562617,0.89489716,1.2496952,1.236678,0.88573456,1.0640196,0.888792,0.8573623,0.8113835,0.7434207,0.95539445,1.2768451,1.0932467,0.9464928,0.9170265,1.1422381,0.587932,1.2536987,0.8510965,1.1048121,0.86357564,1.1355681,1.2537196,0.9641963,1.1673629,0.6428376,0.8001656,1.0330588,1.1151619,1.2084088,0.7559416,1.0297502,1.105828,0.72143716,0.84969914,1.0012946,1.1792064,0.83632505,1.0033584,0.7056339,0.8978482,0.8484677,1.2066693,1.2054433,1.2078965,1.1517382,1.267201,1.1361402,0.55451846,0.4900574,1.1186148,0.98468095,1.083726,1.0950104,1.0974414,0.91888857,1.0166976,1.1178396,0.940077,0.70444053,0.79921985,0.9544803,0.9364575,1.054669,1.1159024,1.1785622,0.95480055,0.80799246,0.68208027,1.3188214,0.93507385,1.0927291,0.610168,1.242686,1.2075008,1.1976749,0.70203507,0.7712606,0.90345126,1.077208,0.61158127,0.6267286,1.0645758,0.8138284,1.1863242,1.2386558,1.1915939,0.86888427,0.8757796,0.7497215,0.5760921,0.9089735,0.6801655,0.99456704,1.0225266,0.7602082,0.9660321,0.65604746,0.7480077,1.1475515
bucket,1.2807715,1.0692714,1.0353775,1.0191584,1.210454,1.0043706,0.80218804,0.99862915,0.72921944,0.95219356,1.1226736,0.8927144,0.9213952,1.3017615,1.1544158,1.1035575,1.0241296,1.016416,0.3343228,0.43277442,0.9884691,1.0276474,0.86247694,0.0,1.0471137,0.63155836,0.973074,1.1210681,1.2400049,0.82298815,1.0347267,0.9424486,0.9229624,1.2489969,0.6259175,1.0654997,1.111446,0.7833439,1.1662089,0.89081085,0.98757356,0.15457916,1.1683855,0.7932664,1.2073684,1.1603458,0.96206856,0.9974383,1.2415447,1.3090159,0.9856324,1.1193396,1.1621103,1.2574942,1.0651302,1.2620772,0.7480202,1.2373555,0.8431368,1.1382154,1.183675,0.6684707,1.2126074,0.9131341,1.0948223,0.968625,1.2526612,0.8439172,1.2150207,0.9715555,1.1051291,1.2509781,0.3750931,1.2562885,0.8309726,0.7028084,0.80173075,1.0624954,1.093254,1.0490731,0.5040502,1.1979811,0.9275113,0.8805623,1.2398512,1.1376729,1.0335948,0.79971814,0.9205938,1.1416844,1.0794172,0.78014797,1.3113046,1.293122,1.167291,1.1755214,1.0331225,0.89100814,0.89750504,1.0370967,1.0077723,1.125756,1.0315086,1.0611019,0.6617461,0.9333674,1.0886555,1.1591568,1.0602012,0.6543349,0.6945657,1.0978606,0.6718755,1.0533658,1.08009,0.92023003,0.8705563,0.6982492,1.2447369,1.2206689,1.1357657,0.5232979,0.87057984,0.7295575,1.2509898,1.1377841,0.824469,1.058966,0.87313175,0.70686007,0.8902068,1.0901605,0.88445073,1.0868486,1.2458242,0.98149157,0.69836265,1.1737611,1.197372,0.84567136,0.8029402,0.83320177,0.9088683,1.0434172,0.8891315,0.9261565,0.6496642,1.0694029,1.0347824
butterfly,0.6156341,1.0353441,1.0053471,1.1972625,1.2127528,0.9626168,0.92994547,0.9095526,0.91652334,1.0946708,1.2114336,1.0252029,1.1601155,1.130899,0.54582006,1.0926349,1.011149,0.8148326,1.0279964,1.0559826,1.0872267,0.9578418,0.9920792,1.0471137,0.0,1.0917163,1.0078149,1.0239706,1.1258887,1.2150376,1.0405127,0.75478613,1.2194362,1.2127361,0.9956863,1.0350456,0.9022697,1.1823709,0.94784504,0.88477963,1.2173842,1.0344932,0.9327053,0.9692125,0.8101442,0.9592917,1.3020899,1.0473473,1.276824,1.0599701,1.0472951,0.9687794,0.9411819,1.0940361,0.84913296,0.6378831,0.7585937,1.0359182,0.7762719,0.38142073,0.85645616,1.1695464,1.0435637,0.9765466,1.007379,1.0214024,1.1440012,1.051642,1.1411569,0.83583844,0.7025574,1.1654109,1.0638214,1.234051,0.8626888,1.1104803,0.8808207,1.1879857,0.9371597,1.1033474,1.0617292,1.2960256,1.0073131,1.0764194,1.1041808,0.85624975,1.0110704,1.0325692,0.872638,1.0816263,1.0213169,1.1829516,0.80661905,1.258644,1.296732,0.9293077,0.9378365,0.813951,0.8079737,0.9436106,0.99061066,0.84993446,1.1223541,0.90584177,0.8451176,0.9840957,0.7558972,1.01753,1.1537644,0.9729034,0.9648548,0.848416,1.0743928,0.64396006,1.0623351,0.92804676,0.7411462,0.85912204,1.2537731,0.9710375,1.2717206,0.93346673,1.240532,1.1180447,1.2611549,1.0173392,0.9195107,1.0086699,1.0052472,0.80713224,1.0292808,1.1047413,0.87676406,1.235281,1.1937162,1.2057573,0.9300176,1.058067,1.1162004,0.9745884,1.0063422,0.8569274,0.9972099,0.5146036,0.9007825,1.0312482,1.0948937,0.9187461,1.2025054
