,alligator,ankle,apple,arm,ball,balloon,banana,basket,bathtub,bear,bed,belt,bench,bib,bird,blanket,boat,book,bottle,bowl,box,bread,broom,bucket,butterfly,can,car,carrot,cat,chair,chips,clock,closet,coat,coffee,comb,cookie,corn,couch,cracker,crayon,crib,cup,deer,dish,dog,doll,door,drawer,dress,duck,egg,elephant,eye,face,finger,firetruck,fish,flower,foot,fork,frog,game,giraffe,glass,glasses,glove,grass,gum,hair,hamburger,hand,hat,horse,hose,jacket,jar,jeans,knife,ladder,lamp,leg,meat,melon,milk,mitten,motorcycle,mouth,muffin,nail,napkin,necklace,nose,orange,oven,owl,pajamas,pants,paper,pasta,pastry,pen,pencil,penguin,pickle,pig,pillow,pizza,plant,plate,pony,potato,pumpkin,purse,radio,raisin,refrigerator,rock,rooster,sandwich,sauce,scarf,scissors,shirt,shoe,shorts,shovel,shower,sink,slide,slipper,snow,soap,sock,soup,spoon,sprinkler,stick,strawberry,stroller,sweater,table,tape,toe,tooth,toothbrush,towel,toy,tray,tree,truck,vacuum,watch,window
alligator,0.0,1.2885172,1.3856308,0.83844316,1.351323,1.359967,0.98504657,1.1647128,0.9418493,0.88315046,0.6679066,1.4009445,1.091568,0.7533022,0.4649465,0.5970376,0.848143,0.6182063,1.4135295,1.2649384,0.86883855,1.1891434,1.0845563,1.3219978,0.7033805,1.4109459,1.31307,1.141152,0.7076973,1.2324529,0.9346391,1.0512878,0.8511828,0.81697434,1.1838005,0.8725877,1.1312538,1.0038998,1.1002597,0.8329099,1.3920131,0.8070277,1.4372592,0.81541586,0.8902577,0.44065225,0.88869655,1.0521947,1.2142702,0.8327219,0.74879766,1.2986825,0.96501935,1.3099184,0.8732616,1.2437876,0.7465409,0.7020743,1.2047583,1.3719538,1.3438997,0.5046819,0.60870194,0.8480593,0.9460297,1.1848426,1.1781044,0.9067322,1.1366178,0.87446177,1.0263486,0.8657187,1.3870391,0.6430365,1.0440618,0.84727097,1.376415,0.7784239,1.3648458,1.1334963,1.3927461,0.8643496,0.7570194,1.0096965,1.0959018,0.7562536,1.0026048,1.1920928,0.86591524,1.4311314,1.2029204,1.2647147,1.2108797,1.2290018,1.0226214,0.75158817,0.7696233,0.96682525,0.49726206,0.976861,0.4600016,1.371748,1.3595316,0.82414037,1.1731148,0.6153976,1.325309,0.8098097,0.94694996,1.0578258,0.59078217,1.2760527,1.2079647,1.4286852,1.3589448,1.2027867,1.2522892,0.66826147,0.92045593,1.152931,0.92059344,1.0201757,1.3504161,0.84782004,0.7455652,0.9429892,1.343219,0.92930007,1.0799834,0.87794805,1.3263651,1.054422,1.3345324,1.2213618,0.92110014,1.3630953,1.0218762,0.9790253,1.1487218,0.7115895,0.82746816,0.9167632,1.3840113,1.3382888,1.3357263,1.2545631,1.2753994,1.2317227,0.8940456,0.91123605,1.0176047,1.2330956,1.4137793,0.9305205
ankle,1.2885172,0.0,0.77639747,0.90033466,0.9160952,0.8631768,1.1419774,1.2610365,1.2923235,1.2091331,1.3225855,0.8270042,1.0973527,0.76654744,1.179359,1.2587088,1.1166402,1.2297561,1.03737,1.164079,1.2540683,0.85504395,0.89520395,1.1068332,1.1181155,0.9598427,0.9697809,0.65753895,1.2624066,0.9206143,1.0855794,1.1107382,1.3398815,1.1844519,0.7044082,1.2551072,0.9789441,1.1539812,1.0258213,0.9055963,0.83448315,1.3689831,1.019109,0.9995929,1.145231,1.2456355,0.9486626,1.1826656,0.8448999,0.79223627,0.8974819,0.7087576,1.1773864,0.78669,1.0177163,0.3814475,1.2192687,1.0198681,0.9342758,0.5398908,0.87858665,1.2847147,1.1820585,1.2525065,1.269068,0.65754485,0.5574526,1.2068344,0.90861076,0.9024146,1.0245495,0.73896223,0.7599186,1.082724,0.9601965,1.0633006,0.8515265,1.0272493,0.87818,1.0875742,0.9713641,0.86198014,1.1487663,1.0948629,1.1607449,0.8929705,1.078169,0.6622543,0.9213408,0.6188475,0.9278418,0.51211816,0.62181526,0.73297393,1.2592392,1.2481025,0.95490134,0.86674947,1.2583549,1.1159853,1.1589129,0.78334355,0.7260631,0.93609524,0.8015247,1.0892311,0.7049103,0.998764,1.1435106,1.2145482,1.162564,0.74123716,0.74416685,0.70574486,1.0080575,0.9133958,1.084551,1.127255,1.0963324,1.0241294,1.1015373,0.92089844,0.99849486,0.99406326,1.1984766,0.72948027,1.0293758,1.2731532,1.2185555,0.9726332,0.5858534,1.0749271,0.9515567,0.61070496,1.1701672,0.9110554,1.1115208,1.01334,0.77374524,1.2444302,1.0636876,1.280287,0.97173655,0.4040029,0.55638534,0.6701563,0.84839785,0.9719477,1.2545193,1.1888392,1.0773494,1.0792106,0.6149306,1.266967
apple,1.3856308,0.77639747,0.0,1.4447625,0.20296359,0.39787763,1.0767938,1.2362529,1.5332087,1.1303083,1.5629928,0.3667587,1.1589775,1.3604242,1.1295583,1.5091729,1.3877792,1.227803,0.8332592,0.95875293,1.3745475,0.602222,0.83646667,1.0889575,1.032744,0.86912185,0.6473582,0.48476237,1.2923747,1.2548003,1.1435058,1.0369643,1.421828,1.2479924,0.92502385,1.4498935,0.8110242,1.0962656,1.2820911,0.9794675,0.2126137,1.625329,0.7679285,0.92583007,1.2506335,1.1300546,0.910856,1.4364748,0.92892706,1.3520858,1.1972526,0.26559204,1.1145412,0.37932038,1.0890132,0.65130264,1.2276375,0.58265686,0.6663501,0.32147026,0.71511424,1.0590433,1.229491,1.3453863,1.5028517,0.733655,0.84525526,1.1276278,0.5882458,1.1488172,0.9895795,1.2405976,0.48198247,1.0132542,1.0351502,1.333497,0.66321355,1.4546881,0.6281894,1.394347,0.64958596,1.3888092,1.2704645,0.88494647,1.1464589,1.2796981,1.015411,0.83626497,1.081564,0.19124591,0.973638,0.62799174,0.64092594,0.2736653,1.4025257,1.1052936,1.3474619,1.2221351,1.4357307,1.0377128,1.2024709,0.3921122,0.4574176,0.9745722,0.44281107,1.0309222,0.6373592,0.84031796,1.1638045,1.0816969,1.0373896,0.27728558,0.5421584,0.6910766,0.88851976,0.30962944,1.1619155,1.2216927,0.6772392,0.911355,1.0260547,1.0931785,0.7252999,1.3733172,1.5089068,1.3351862,0.85364366,1.4053812,1.4137549,1.3248179,0.3399493,1.1912072,0.58623266,0.74066174,1.0925416,0.6445776,1.1528285,1.1896356,0.39478672,1.3300787,1.3410369,1.464705,0.4905982,0.5223237,0.6225075,0.82103837,0.94232064,0.29900354,1.4116976,1.2070853,0.97893834,1.2491412,0.24983597,1.3884429
arm,0.83844316,0.90033466,1.4447625,0.0,1.4648172,1.407792,0.98849344,1.1070011,0.703568,0.9290456,0.5758911,1.342408,0.95501935,0.43523318,1.1047841,0.5931534,0.8556143,0.9746732,1.208921,1.2210866,0.95232105,1.3259488,1.10056,1.1833347,1.1023232,1.2595783,1.4148905,1.1904054,0.8150326,0.8458786,0.9213927,0.9596262,0.72657955,0.804628,1.0494589,0.70795965,1.3031359,1.0113522,0.8968458,0.9663508,1.3990538,0.6063,1.3169715,1.1719619,0.90350163,1.1803672,1.2593039,0.65166646,1.0761327,0.3637991,0.7149409,1.3512816,0.89753395,1.3293884,0.814336,0.9063549,0.9124114,1.3672571,1.3037828,1.1739174,1.3493447,1.2020999,0.89763796,0.7290873,0.7169153,1.025123,1.0091336,0.92837983,1.3709537,0.7391865,1.1081625,0.47038358,1.4410421,1.2005293,0.94097745,0.54286987,1.3157592,0.4809186,1.2924566,0.8450874,1.3689947,0.43282086,0.81910604,1.1167433,0.9983375,0.7031168,1.2508469,1.0546063,0.96631676,1.3160064,1.2011392,1.0585271,1.0516647,1.3394842,0.74090767,1.1139573,0.5049259,0.6361765,0.6635802,1.0879022,0.98932874,1.3119882,1.2395397,1.2041178,1.4303056,1.1793349,1.3038396,1.2136258,0.9942551,1.1109421,1.2866645,1.3948207,1.3427093,1.2164291,1.2764808,1.5032712,1.0391655,0.90025115,1.3513923,1.0322721,1.0993731,1.0071352,1.361407,0.4154669,0.7797196,0.5131672,1.2408998,0.62217355,0.8206366,0.6077472,1.3033082,0.7593584,1.4242969,1.0071961,1.053954,1.4307712,1.1629167,0.85579383,1.3412325,0.9707839,0.51974076,0.55214626,1.4905405,1.0328248,1.1961324,0.9628538,1.1740357,1.5520996,0.7063537,0.8050749,1.1437252,1.0141737,1.3538041,0.6280678
ball,1.351323,0.9160952,0.20296359,1.4648172,0.0,0.20457387,1.1283213,1.1020094,1.4428545,1.0747256,1.4549522,0.5551868,1.0644051,1.4112053,1.1005086,1.3797877,1.31989,1.1678698,0.7592752,0.89130795,1.234519,0.66920495,0.9779541,0.9498903,1.0013916,0.8672114,0.64334154,0.7119918,1.2616403,1.2578332,1.2009627,0.9555769,1.3332611,1.1986984,0.9981205,1.3942733,0.6526335,0.94702756,1.2366751,1.1018392,0.37697363,1.5286276,0.6843038,0.85020626,1.2276108,1.0491908,0.928127,1.3756263,1.0041994,1.3712356,1.3191473,0.35802388,1.1336722,0.47943103,1.1170083,0.88775706,1.1729792,0.65684044,0.60058033,0.60042727,0.7313086,1.0661871,1.1815159,1.3181577,1.3870232,0.92642766,0.92596346,1.1000006,0.4739225,1.2278187,0.9588784,1.3384771,0.52037096,0.93742293,1.0575522,1.3179102,0.65351,1.3868036,0.6893087,1.3215821,0.5593287,1.4196274,1.2184501,0.8579301,1.0410804,1.2677728,0.9596128,0.8724718,1.1109803,0.3467661,0.92986244,0.84755266,0.7745335,0.37073547,1.3889804,1.0493329,1.4125957,1.3268824,1.3626413,1.0517173,1.1703311,0.5200753,0.5675583,0.9726176,0.66544807,1.0066882,0.74698323,0.9645373,1.1478428,1.0472143,0.9413253,0.41848576,0.60953045,0.7699488,0.7785308,0.36502445,1.1280745,1.1606897,0.6059331,0.8272367,1.0977075,1.0430093,0.6982237,1.3713086,1.4163032,1.3996626,0.816545,1.3533033,1.323309,1.3121743,0.55121946,1.1925327,0.49287516,0.98852366,1.1321748,0.64884156,1.0094191,1.1727427,0.4407221,1.2850422,1.3117304,1.3877314,0.41976923,0.74709773,0.69251764,0.8495051,0.9532844,0.19226801,1.3577211,1.1440235,1.0891101,1.1728804,0.48958373,1.3459032
balloon,1.359967,0.8631768,0.39787763,1.407792,0.20457387,0.0,1.1019046,1.0790356,1.3445597,1.0845519,1.4479736,0.62618524,1.0065655,1.3536791,1.1121814,1.3732111,1.157805,1.2411953,0.7146309,0.7886154,1.2375238,0.7706559,0.99463755,0.77762747,1.0393748,0.72696865,0.73315716,0.6788142,1.2694297,1.0885746,1.1839685,0.98699856,1.3409376,1.2594332,0.86912376,1.3338606,0.71901643,0.93815964,1.2000831,1.0750282,0.5406184,1.4725504,0.6180737,0.937932,1.0672042,1.1018037,0.92333686,1.2910805,0.96934223,1.3358152,1.2762852,0.4698342,1.1769768,0.5850554,1.2123445,0.8003742,1.1384299,0.6917753,0.6711521,0.7450353,0.75124955,1.0938761,1.246943,1.3551112,1.3204057,0.977436,0.8155454,1.1520009,0.45543367,1.2556236,1.0341789,1.2253255,0.55979425,0.9806899,0.92335343,1.3547286,0.6811415,1.2277396,0.72996306,1.1876228,0.60562336,1.3404667,1.1353444,0.73987526,0.9508432,1.1291124,0.913219,0.84828544,1.0290132,0.5126256,0.87468255,0.8468591,0.76837194,0.4613502,1.3560368,1.105275,1.4152312,1.2803403,1.3880335,1.089261,1.2487477,0.6344683,0.6334543,0.93738717,0.6603248,1.0485071,0.8006221,1.050251,1.0908355,0.954847,0.98551756,0.61927474,0.6490886,0.75930923,0.7615613,0.49157703,1.0896924,1.2278159,0.6903869,0.9082984,1.0023403,0.9097016,0.64775795,1.3930879,1.3071904,1.356557,0.7062971,1.3731021,1.1336919,1.1801312,0.670842,1.1904,0.5794098,0.9371973,1.0637057,0.6005497,0.8940566,1.1205308,0.4618687,1.2123971,1.3636808,1.357926,0.50588757,0.76466787,0.66299003,0.77765596,0.8603766,0.33475393,1.2818236,1.1910013,1.0839834,0.98026943,0.62337524,1.331272
banana,0.98504657,1.1419774,1.0767938,0.98849344,1.1283213,1.1019046,0.0,0.91640365,0.91682667,1.1318489,1.0573763,1.2299626,1.0834448,0.99722415,0.9706162,1.0556691,0.9460246,0.89122254,0.88514787,0.8136055,0.84277713,0.84810126,0.97992486,0.85142916,0.93377566,0.94235826,1.0829029,1.2033788,1.1828022,1.0951424,0.6918991,0.95524824,0.9416472,1.0174428,1.153911,0.99878496,0.99224114,0.91554004,1.0143434,1.0242975,1.1433764,0.993908,0.91990566,1.075438,0.8687471,0.9893934,1.052107,1.0247473,1.0472183,0.99886274,1.0333376,1.0755067,1.1583221,1.2147065,1.03093,1.1745281,0.88891894,1.1545655,0.9264292,1.2281183,0.9614234,0.4126616,0.98360914,1.0508316,1.0109737,1.1690614,1.0390049,1.1839545,1.0396483,1.1232688,0.7077494,1.0665678,1.1784141,1.0988376,0.94977224,1.0467724,1.0580721,1.1108452,1.0256003,0.94774985,1.0749605,1.0835302,0.9348493,0.7007603,0.8356341,0.97796667,0.9895754,1.0929844,0.98202974,1.2581654,0.9554596,1.2035459,1.1835014,1.0679041,0.88880616,1.0771228,1.0827352,1.1161389,0.9935936,1.1661056,1.0010092,1.1493183,1.1156614,0.7670744,0.80669606,0.942213,1.1473402,1.0014108,0.76338845,0.7495214,1.0980215,1.1268865,0.96352774,1.0894749,0.98809123,1.118533,0.92307323,1.0742238,0.8783038,0.82903063,0.8261372,0.92322755,0.93380386,1.0092976,0.8154596,1.0813634,0.9247373,1.0637091,0.921294,1.0812464,1.1862711,1.1757529,0.97639,1.2130506,0.8339008,0.92818236,0.9648273,1.0869163,1.0703545,0.9285257,1.0699677,0.81469744,0.9453275,1.2393233,1.1047629,1.0994507,1.0190651,0.9981175,0.80085987,0.94693285,1.0725073,0.9215657,1.2481439,1.0116882
basket,1.1647128,1.2610365,1.2362529,1.1070011,1.1020094,1.0790356,0.91640365,0.0,0.556123,1.0264788,0.6988067,1.0992808,0.79698765,1.133366,1.1560727,0.79732996,0.8012992,0.7972452,0.86630595,0.70459646,0.4869542,1.165143,0.98951584,0.657515,0.99743,0.7589838,0.9978063,1.2459619,1.0679278,0.7868093,0.93015325,0.9152362,0.7120465,1.0718927,1.1402105,0.46217728,0.9829454,0.6298643,0.8197843,1.0914242,1.1826978,0.5312711,0.8241973,1.130569,0.82921684,1.1915905,1.13474,0.84945047,0.84218335,1.1619668,1.1480448,1.2503109,1.0331573,1.1657097,1.1797954,1.316431,0.8654531,1.2570689,1.0310104,1.3287556,1.0332761,1.0526791,0.9462102,0.6623011,0.6114453,1.3185843,1.1784884,1.0611947,0.94771516,1.2537539,0.9212287,1.1934267,1.1040912,1.1661425,1.0070091,1.161276,0.94854635,1.1238164,1.0310717,0.7316767,0.93164474,1.0648534,0.9682447,0.84661233,0.81632304,1.0006771,0.96624833,1.1735706,1.1270325,1.2884307,0.87484384,1.2828475,1.2525356,1.2552462,0.71932006,0.99787325,1.1381978,1.1976074,0.86660844,0.91313654,1.1407088,1.1654422,1.1948175,1.2286699,1.1190302,1.1302046,0.93633974,1.1488065,0.90835136,0.7376592,1.1664792,1.2872636,1.0983273,1.0545467,0.5422303,1.1873612,0.6971319,1.0008962,1.0593568,0.94892126,0.97421795,0.85611844,0.9820259,1.1671852,0.6426853,1.176343,0.8975479,0.7511007,0.64307445,1.0509003,1.3183016,1.043545,0.8663788,1.1581895,0.94057286,0.99407494,0.89264166,0.9676223,1.165185,0.9520978,1.172358,0.84976196,0.8835322,1.3300151,1.175077,1.167683,0.9348384,1.0316205,0.7702217,0.9360934,0.9575155,0.818532,1.2858421,0.85866493
bathtub,0.9418493,1.2923235,1.5332087,0.703568,1.4428545,1.3445597,0.91682667,0.556123,0.0,0.85521436,0.45491993,1.3652122,0.8635771,0.8149955,1.089847,0.59611034,0.7321817,0.8803062,1.0884233,0.7676704,0.62393165,1.2653687,1.1552579,0.8454885,1.1046124,1.0180708,1.2805474,1.4734023,0.7673905,0.8419863,0.87602377,0.8830526,0.4499793,0.77777576,0.9943271,0.5540592,1.1263164,0.90388423,0.8445922,1.2040362,1.4767332,0.2651255,1.0345299,1.1890236,0.72908264,1.1061752,1.3340479,0.55462074,1.0340314,0.791985,0.9888102,1.4359308,0.834726,1.3584058,0.927767,1.3631339,0.7945441,1.3967848,1.3389869,1.4524122,1.2767189,1.0946378,0.87731713,0.5837562,0.42183352,1.2591599,1.4011892,0.8721813,1.362783,0.9761301,0.9680856,0.95480096,1.4669821,1.1987941,1.0893875,0.80507255,1.343429,0.7393526,1.2142518,0.7465267,1.1093838,0.7873428,0.7487343,1.0131297,0.81224906,0.98674536,1.1885444,1.146191,1.0448046,1.4751647,0.9484746,1.4435763,1.341338,1.460109,0.5864312,1.0267028,0.82634723,0.9666911,0.6426232,0.9979148,1.0095211,1.3867371,1.4327264,1.2207355,1.4001614,1.1712923,1.4149874,1.211981,1.0082157,0.8007673,1.1933048,1.4878156,1.3976476,1.3427628,1.0070847,1.5229107,0.89424914,0.9393137,1.3698287,0.96847665,0.95707697,1.0056375,1.2338774,0.7464795,0.618419,0.92117226,0.9521625,0.33825147,0.30070955,0.7829462,1.5286947,0.71107763,1.1343533,1.2794064,0.86738575,1.2186421,0.851297,0.95136446,1.4785414,0.88195676,0.7821579,0.5298711,1.2248424,1.423465,1.4149425,1.2306703,1.1852922,1.4481606,0.5299851,0.7554212,1.1612587,0.90009254,1.5353113,0.5595271
bear,0.88315046,1.2091331,1.1303083,0.9290456,1.0747256,1.0845519,1.1318489,1.0264788,0.85521436,0.0,0.6012502,1.0950425,0.99732095,0.9925004,1.0239532,0.6419662,0.86655325,1.0635289,1.2626472,1.2024919,1.1750501,1.2959123,1.0456833,1.2139579,1.0784647,1.2277322,1.2248232,1.0716648,0.21647996,1.0653042,1.0284939,1.0217948,0.7793726,0.83965015,1.1510813,0.83163464,1.018031,0.8104114,1.0149689,1.0034877,1.1750467,0.8016832,1.285707,1.1220263,1.093807,0.89587027,1.1316922,0.92874885,1.1875947,0.95277625,1.0458537,1.1705256,0.49684632,1.1242521,0.9982082,1.191327,0.9006041,1.082345,1.1792139,1.1538305,1.3292861,0.99528325,0.94534945,0.64237833,0.9202906,1.1086624,1.2295063,0.10362661,1.1629527,0.98606545,1.2723258,1.0483735,1.1469779,1.0550582,0.93952554,0.9642922,1.2765757,0.78483665,1.2690281,1.140362,1.0357498,0.78179145,0.98852575,0.99765337,1.040081,0.90383047,1.1177055,1.0817469,1.0835994,1.1520629,1.1895182,1.1793919,1.0685589,1.129372,0.99852103,0.27364743,0.93033934,0.8878449,0.9397635,0.48516607,0.91944253,1.2068245,1.2550075,1.1301571,1.2004107,0.9539944,1.0720427,1.1586741,1.1121314,1.1723975,1.0035334,1.1443777,1.2381955,1.1893232,1.271138,1.0781534,1.1422505,0.699412,1.1225172,1.21675,1.1020083,1.106216,1.151383,0.9429922,0.89279896,0.98739487,1.2609844,0.7339426,1.0299674,0.65581065,1.2035103,0.53329337,1.2582716,1.0669677,1.0939003,1.3120164,1.0012552,0.9686431,1.0934815,0.9781409,0.9407509,0.8869495,1.1125826,1.1901989,1.307903,1.2659597,1.1989708,1.1183009,1.0024259,0.8966465,0.98397017,1.1784256,1.1742339,0.86999243
bed,0.6679066,1.3225855,1.5629928,0.5758911,1.4549522,1.4479736,1.0573763,0.6988067,0.45491993,0.6012502,0.0,1.3585906,0.7029721,0.60741526,1.0936074,0.07969689,0.5788703,0.53524244,1.3057756,1.2162621,0.60195905,1.522479,1.2426732,1.1831901,1.0471677,1.2888892,1.3369869,1.4234293,0.50391304,0.7877791,1.0426567,0.9112771,0.45294452,0.63811386,1.3145807,0.53860104,1.2828723,0.80129355,0.6979152,1.1397562,1.4931962,0.23516977,1.395324,1.2057817,0.92248476,1.0664184,1.1898147,0.61402994,1.1131234,0.651498,0.9569222,1.5756246,0.620852,1.4550397,0.8532655,1.3970789,0.6550377,1.3500375,1.3987484,1.4274329,1.5647482,1.0854893,0.5529137,0.5628804,0.5347301,1.2417363,1.3478091,0.63959825,1.3568959,0.84259677,1.1654122,0.9054891,1.4579039,1.1816714,1.083571,0.5589055,1.4450822,0.54471874,1.4292026,0.79166234,1.3218486,0.6916585,0.8037613,1.1606154,0.9473307,0.7484822,1.0957633,1.2023977,1.189259,1.4929625,1.1769809,1.4015418,1.3153211,1.5179117,0.7225004,0.81503206,0.60657644,0.75953966,0.3489067,0.74792475,0.85528696,1.448571,1.5239644,1.272007,1.5927374,1.1539199,1.217211,1.2978301,1.0225997,1.0809133,1.1733468,1.5396534,1.5310762,1.2642279,1.1633936,1.5452514,1.0435178,0.70883745,1.3907275,1.118376,1.2373116,0.98486334,1.342349,0.5812252,0.49061888,0.75160635,1.3655586,0.390518,0.751313,0.5560463,1.5512677,0.621474,1.3330778,1.2163998,1.1505362,1.5974098,1.0964658,0.95961803,1.4539893,0.6624201,0.57044715,0.5431002,1.4376724,1.4171152,1.5273607,1.3580205,1.1774324,1.4294924,0.7136093,0.7418299,0.9922446,0.9889653,1.5347822,0.5484153
belt,1.4009445,0.8270042,0.3667587,1.342408,0.5551868,0.62618524,1.2299626,1.0992808,1.3652122,1.0950425,1.3585906,0.0,0.80478525,1.3929677,1.1819404,1.3974721,1.2877995,1.2107522,0.7722085,0.96412927,1.2191709,0.9086104,0.8076991,0.9787184,1.0652304,0.63490766,0.56959057,0.6358944,1.1358454,0.824723,1.2757885,0.91466683,1.3037329,1.2852521,0.95035225,1.2705531,1.0595641,1.1987319,1.057837,0.96712315,0.25023675,1.4053566,0.7342893,0.93461263,1.3195676,1.1928873,0.9778243,1.188367,0.74190986,1.3313632,1.1621206,0.6868047,0.9565304,0.43986142,1.1540618,0.82752407,1.2719638,0.63526565,0.8150354,0.40989912,0.6510725,1.2505305,1.2179163,1.2291961,1.3620529,0.83070475,0.8810961,0.9906664,0.837367,1.1623766,1.166466,1.320184,0.4878608,0.9729375,0.94740826,1.2687538,0.6799339,1.3012724,0.48383117,1.1224713,0.5360644,1.258413,1.3732351,1.11125,1.1124109,1.419315,0.89145577,1.0113107,1.2973254,0.41737592,0.8663619,0.6316384,0.7872562,0.70048505,1.1859593,1.1513271,1.2961693,0.93941325,1.3575195,0.9146712,1.301275,0.2880894,0.4031536,1.0626818,0.78209335,1.0902705,0.45773154,1.0409836,1.1555669,1.0840292,0.9970544,0.63021255,0.8818012,0.5102256,0.7038523,0.47046918,0.94384533,1.2324989,0.88758755,1.044954,1.2144971,1.1678522,0.7553526,1.342701,1.4104637,1.1748524,0.784811,1.255677,1.1666769,1.1658931,0.38399702,1.0005418,0.574431,0.5954349,1.2439663,0.6413708,1.1849557,1.0530529,0.80543613,1.2723441,1.3016878,1.3783572,0.6658961,0.65858346,0.7050228,0.8345456,0.66551113,0.64107996,1.3805683,1.1195261,0.7968968,0.9646237,0.3592016,1.2245333
bench,1.091568,1.0973527,1.1589775,0.95501935,1.0644051,1.0065655,1.0834448,0.79698765,0.8635771,0.99732095,0.7029721,0.80478525,0.0,1.1192348,1.1893983,0.74450123,0.7274002,0.97474205,0.9673019,1.0853622,0.912662,1.2911698,0.8504411,0.8973899,1.0864251,0.58382857,0.7813777,0.9952944,0.97698253,0.39449358,1.1797377,0.93745494,0.9152132,0.91181976,1.1675134,0.7843517,1.1816905,0.9975444,0.60765934,0.94567597,0.9467969,0.7082466,0.9621743,1.0264744,1.0061762,1.1769238,1.1424644,0.7944361,0.7444159,1.0139252,0.9206509,1.3020703,0.92752707,1.1331306,1.1202655,1.1778575,1.0918039,0.98032045,1.1350712,1.103059,1.0905759,1.2205269,1.0839198,0.9737352,0.98599577,1.1822001,0.91380894,0.96950096,0.99888474,1.1518242,1.2226359,1.1812966,1.0275006,1.0730184,0.8325529,0.8623351,1.0307674,0.76035994,0.8010604,0.6750004,1.036876,0.9083042,1.0641768,1.0993805,1.0567784,0.937124,0.89099133,1.2031227,1.317458,1.172511,0.8531336,1.0526803,1.1769538,1.196613,0.7726879,1.1701348,0.9798842,0.68145204,0.976113,0.91145873,1.1658626,0.8236999,0.9830618,1.1971183,1.2334241,1.1307073,0.65975314,1.2716787,0.9383106,1.1146138,1.1158601,1.2168758,1.2297463,0.7520469,0.83757997,1.0855949,0.82315195,0.9481549,1.2012446,1.1392998,1.2459412,0.8903402,1.0032276,0.93397814,0.8146242,0.8223032,1.0261652,0.8652926,0.8274521,0.8200042,0.938232,0.99458545,0.8848512,0.7999797,1.2662028,1.091111,1.0912485,0.92834604,1.1034154,0.8906311,0.9159267,1.0148087,1.0309331,1.2081268,1.1140676,1.1689726,0.62690496,1.0464811,1.137983,0.9200958,0.7926662,0.70035017,1.1317286,0.81080663
bib,0.7533022,0.76654744,1.3604242,0.43523318,1.4112053,1.3536791,0.99722415,1.133366,0.8149955,0.9925004,0.60741526,1.3929677,1.1192348,0.0,1.0541102,0.5494699,0.79019654,0.79298127,1.3434663,1.2302481,0.88524735,1.3518095,1.2377303,1.2783946,1.050937,1.4481599,1.4135551,1.1322491,0.85847723,1.0119088,0.92706734,1.0062256,0.82846344,0.78305936,1.0449227,0.77488816,1.3014351,1.0178742,0.9882662,0.9721028,1.4312745,0.71174705,1.3967156,1.1737126,0.89496857,1.0844676,1.0353669,0.8186326,1.123626,0.16676748,0.80757403,1.2706848,1.002014,1.2871313,0.6898597,0.8193197,0.87314904,1.2939253,1.3596785,1.0344025,1.4832883,1.0751288,0.8201666,0.84222585,0.81868875,0.8312461,0.9794739,1.0412471,1.2296982,0.56617785,1.1397185,0.45350707,1.3624274,1.1850544,1.0015907,0.4984343,1.4196581,0.5173212,1.4936589,1.025308,1.4540274,0.49240214,0.83821285,1.1315516,1.0464737,0.5040127,1.2235936,0.81251323,0.9168527,1.2058023,1.2314641,0.83201796,0.8766496,1.2543833,0.9327092,1.1135904,0.24761164,0.65220225,0.58566284,1.0805718,0.83205986,1.4352968,1.3404163,1.1405326,1.3192661,1.1040604,1.319005,1.1194444,1.1240269,1.1310557,1.2343347,1.3136554,1.33359,1.2236792,1.3254088,1.4216161,1.25543,0.8924441,1.3940744,1.1419549,1.1117324,0.877895,1.3661885,0.3569244,0.6723611,0.4178331,1.351537,0.82989645,0.97970843,0.7097045,1.2738128,0.927598,1.4932437,0.9844245,1.0782152,1.5319848,1.0443572,1.0037639,1.2224278,0.847985,0.5025219,0.74980813,1.4691432,0.91368216,1.0747316,0.93882877,1.1885501,1.4214647,0.78481674,0.9221548,1.1500671,1.1918467,1.2270436,0.8605829
bird,0.4649465,1.179359,1.1295583,1.1047841,1.1005086,1.1121814,0.9706162,1.1560727,1.089847,1.0239532,1.0936074,1.1819404,1.1893983,1.0541102,0.0,1.0740972,1.0927067,0.94036746,1.1349605,1.1468804,0.99928766,0.9609226,1.0974827,1.1477369,0.7337783,1.2189943,1.0728048,1.0642093,0.86646795,1.2336693,1.0066476,1.026993,1.0504967,1.0239909,0.98670703,1.0058591,0.9028529,0.93682396,1.1178802,0.8448929,1.1718714,1.0650238,1.1656892,0.7853035,0.9805291,0.44976175,0.8579576,1.0292861,1.1663342,1.0850223,0.91324806,1.0299808,1.0642188,1.0053488,0.9798888,1.1332366,0.9261749,0.7419991,1.0318472,1.1932976,1.056387,0.6136932,0.964557,0.9679445,1.0393393,1.076971,1.1066524,0.9683069,1.0563457,0.9191082,0.9801833,1.0334721,1.1084678,0.70592403,0.99842757,1.1396375,1.0464702,1.0535656,1.1149689,1.0759535,1.0766873,1.0499909,0.9223632,0.9633039,1.0204576,0.98867184,0.88162935,1.1603968,0.8001746,1.1647282,1.0138617,1.147294,1.0243957,1.0081202,1.0729362,0.7676231,1.0768508,1.1211685,0.8962439,0.9769838,0.81692475,1.1639996,1.1774617,0.6754146,0.9962062,0.6208633,1.2117398,0.83246017,0.99423397,1.0675316,0.62054586,1.0202872,0.9385277,1.2216911,1.1657305,1.0365813,1.0240065,0.91940814,0.80989313,1.0461318,0.8727536,1.0653517,1.1140138,1.096238,1.0349215,1.1152713,1.0658985,1.0865234,1.1221069,1.0634391,1.1387814,1.0749267,1.0536041,1.1307051,0.9046502,1.060138,0.880727,0.99818087,1.0243995,0.9267759,1.1145756,1.070033,1.1522689,1.1368753,1.1642203,1.1611501,1.1089745,1.0387691,1.04903,1.0010012,0.97586733,1.1512898,1.1681207,1.0505874
blanket,0.5970376,1.2587088,1.5091729,0.5931534,1.3797877,1.3732111,1.0556691,0.79732996,0.59611034,0.6419662,0.07969689,1.3974721,0.74450123,0.5494699,1.0740972,0.0,0.561407,0.50974226,1.3706197,1.2148906,0.67844266,1.4448326,1.2511611,1.249082,0.98617023,1.3571416,1.3876464,1.3006938,0.57132417,0.92340016,1.0022956,0.94952935,0.5860019,0.6663008,1.2891347,0.6070073,1.1836929,0.7608501,0.8601953,1.033394,1.4518871,0.41539448,1.4206506,1.1902865,0.9266675,1.0542675,1.1923039,0.8093331,1.1606318,0.62181485,0.93639266,1.4825923,0.66293514,1.4217534,0.89085114,1.2884892,0.68806475,1.2600007,1.3592546,1.3885239,1.5587332,1.042465,0.5583981,0.62883294,0.69947517,1.2189937,1.2177292,0.70860666,1.2145505,0.8653542,1.145707,0.8177081,1.437613,1.1579653,1.0867857,0.5808062,1.4445487,0.5066874,1.4378954,0.96368605,1.392955,0.6638374,0.7047522,1.0576817,0.99297106,0.6211293,1.1629987,1.1526859,1.1397936,1.4455304,1.1166396,1.3006241,1.244087,1.4237709,0.85295427,0.82036006,0.61184436,0.79750896,0.33652484,0.7186448,0.8226242,1.4204801,1.4606436,1.2400725,1.4951555,1.1275413,1.1962311,1.1958112,1.0366852,1.0557711,1.1543772,1.4657297,1.4536729,1.3060105,1.2575499,1.478286,1.2406722,0.6054561,1.3477473,1.0858622,1.15525,0.910768,1.3690643,0.6228019,0.48610806,0.7375523,1.3733113,0.5855285,0.8655713,0.573037,1.489965,0.710945,1.3163338,1.1898122,1.0860084,1.5736498,1.111914,0.9289068,1.334484,0.7642793,0.60625124,0.61831814,1.4122124,1.3528907,1.4302002,1.2630745,1.1515845,1.3447297,0.72311425,0.7930201,1.0655752,1.138778,1.489025,0.70330435
boat,0.848143,1.1166402,1.3877792,0.8556143,1.31989,1.157805,0.9460246,0.8012992,0.7321817,0.86655325,0.5788703,1.2877995,0.7274002,0.79019654,1.0927067,0.561407,0.0,0.78608483,1.1624806,1.0079935,0.847113,1.3053411,1.0543704,0.9451884,1.0800995,0.93573576,1.1805313,1.0840926,0.86875993,0.7858859,1.0180641,1.0924039,0.7433722,0.82483816,1.091007,0.7659531,1.1264893,0.88551444,0.91295666,0.8879218,1.28049,0.59579897,1.1252451,1.178435,0.67694074,1.1034777,1.035092,0.9340972,0.9584712,0.87898916,0.9051186,1.3586035,1.0177585,1.2823658,1.0631521,1.1377625,0.679317,1.0788574,1.2931784,1.301918,1.299028,0.97681683,0.91413605,0.8702611,0.8409045,1.1321993,0.98778063,0.93104094,0.9032851,1.0028765,1.15933,0.8845913,1.2229147,1.1604261,0.8925682,0.8026642,1.2417688,0.5738309,1.1545261,0.7851218,1.3311045,0.7648455,0.79581153,1.0178267,1.034118,0.6584947,1.0937581,1.0386238,1.0702002,1.3486065,1.0687486,1.1545349,1.152847,1.2879518,0.953101,0.9955725,0.8368528,0.90244263,0.8353569,0.9445995,0.94521236,1.2170298,1.2406231,1.1132655,1.212429,1.0906377,1.042781,1.1500165,1.0002357,0.9564275,1.172656,1.3474796,1.2201663,1.1074114,1.0965168,1.2265437,1.1389534,0.7516725,1.2974185,1.164288,1.0062202,0.80431056,1.1060699,0.9000506,0.44321966,0.86361766,1.1619687,0.86057925,0.8758506,0.4513638,1.2186793,1.0296572,1.2178293,1.0567837,1.0097041,1.2895242,1.0108161,0.8905604,1.1574543,0.6954633,0.8792666,0.76942533,1.0994288,1.2495238,1.1379511,1.0884522,1.0205922,1.1084503,0.8075644,1.0376854,0.96771467,0.8713714,1.2772207,0.8673986
book,0.6182063,1.2297561,1.227803,0.9746732,1.1678698,1.2411953,0.89122254,0.7972452,0.8803062,1.0635289,0.53524244,1.2107522,0.97474205,0.79298127,0.94036746,0.50974226,0.78608483,0.0,1.0639688,0.9990232,0.35870636,1.1823952,1.1592704,1.0564078,0.8295369,1.1142241,1.0628046,1.2606978,1.0059307,1.1584198,1.0143139,0.8886372,0.7928449,0.90601975,1.3002894,0.84533864,1.1132106,0.96211696,0.9838038,1.0802134,1.1209556,0.80966794,1.1403973,0.9720599,0.9633137,0.8879966,0.901397,1.0718522,1.0664322,0.9897786,1.1550819,1.2754755,1.0966978,1.1947215,0.94933206,1.2603993,0.60856175,1.092244,1.026072,1.2471124,1.131611,0.7750226,0.32446426,1.0136176,0.87353325,1.1587223,1.2723854,1.1189574,0.9332995,1.020539,0.9358109,0.96611273,1.2029417,0.91691256,1.2194121,0.975613,1.2114913,1.1080829,1.1074349,0.9282023,1.1492896,1.1276191,0.9197683,1.0945821,0.91489315,1.0389813,0.84991014,1.1564128,1.217206,1.2498522,1.1612158,1.2647126,1.2725009,1.2443538,0.9401398,0.9708953,0.94762594,1.2523676,0.24661481,1.1116762,0.6891499,1.1187713,1.1232195,1.0823114,1.2384973,0.90897906,1.2263423,0.9109883,1.0330834,0.81964004,0.9001019,1.2880592,1.2488486,1.2495664,0.9490261,1.2394166,0.9868641,1.0077846,0.9717638,0.9302611,1.074572,1.0329528,1.023863,1.0325197,0.6930623,1.1859306,1.1512977,0.92723775,1.0231787,0.94986695,1.3117368,1.0469652,1.0358346,1.2822244,1.022955,1.1654556,1.0899348,1.037249,1.2009587,0.6532796,0.97345054,0.828282,1.101237,1.2473693,1.1616771,1.0605189,1.2741258,0.96515346,0.7855302,0.9383833,0.90261734,1.0884918,1.2349885,0.94483817
bottle,1.4135295,1.03737,0.8332592,1.208921,0.7592752,0.7146309,0.88514787,0.86630595,1.0884233,1.2626472,1.3057756,0.7722085,0.9673019,1.3434663,1.1349605,1.3706197,1.1624806,1.0639688,0.0,0.6097639,0.8888377,0.84578997,1.136978,0.15931273,1.075856,0.50933874,0.64718235,1.1872398,1.3447661,0.8855352,1.0955786,0.9384932,1.1388401,1.2375631,0.9965571,1.2072837,0.8525121,1.023935,0.86668766,1.3191261,0.7135165,1.1654849,0.23351687,0.97502416,1.0837444,1.1570181,0.92586267,1.0051239,1.0241977,1.2756304,1.2784114,0.9577373,1.1837416,0.8511261,1.2020668,1.1964619,1.1872208,1.0672171,0.7604022,0.9593774,0.63333654,1.1849016,1.1116393,1.2772993,0.8269675,1.1341469,0.9856976,1.2639108,0.92348665,1.2689312,0.8353332,1.34278,0.74709237,1.0229262,1.071778,1.2658223,0.49372566,1.2709298,0.70338285,0.80268824,0.6489022,1.237436,1.1722088,1.0916132,0.3756113,1.374291,0.75234187,1.0766392,1.1218739,0.8861699,0.72567105,1.0855756,1.1018922,1.006884,0.89762455,1.2387455,1.385026,1.2603877,1.2334902,1.1765736,1.2289788,0.7702939,0.79464906,0.90371853,1.0227861,1.1053411,0.8463775,1.059944,0.7560538,0.82320005,1.0181221,0.9664642,0.88006663,0.65593696,0.62738293,0.8777596,0.60507774,1.3435364,0.86736774,0.80207,1.0363909,0.9901871,0.60823554,1.2486912,1.1157973,1.3039006,0.5544073,1.1367987,0.8761358,1.2202051,0.94786024,1.1496706,0.5637995,1.136999,1.018244,0.599067,0.91434634,1.1693478,1.0883374,1.0611141,1.3028368,0.9178342,0.63486755,1.0466204,0.95135057,0.85979354,0.7291833,0.77825594,0.99722666,1.0827198,0.9398928,0.5441396,0.8764555,1.0469643
bowl,1.2649384,1.164079,0.95875293,1.2210866,0.89130795,0.7886154,0.8136055,0.70459646,0.7676704,1.2024919,1.2162621,0.96412927,1.0853622,1.2302481,1.1468804,1.2148906,1.0079935,0.9990232,0.6097639,0.0,0.87241924,0.71629333,1.0542878,0.44401145,1.0891918,0.6614435,0.9489548,1.1144258,1.3167567,1.127512,0.731951,0.92363673,1.0590763,1.2167169,0.6598456,1.0422637,0.76248264,0.9169829,1.1011331,1.2108618,0.95505005,1.0926214,0.28426552,1.1381088,0.7692072,1.1655873,1.1692224,1.1552274,1.0577626,1.2328354,1.1800458,0.86573434,1.2146953,0.9709224,1.1909758,1.1259729,1.038486,1.0532055,0.9369399,1.17269,0.67353857,1.0228468,1.0398588,1.0862195,0.89223534,1.149788,1.0594972,1.2632873,0.79664123,1.3204728,0.6799563,1.1569638,1.0619875,1.14504,1.1374152,1.305372,0.90118504,1.1810043,0.7938732,1.0836546,0.7677734,1.1916509,0.9123368,0.6428035,0.7513237,1.2087877,1.0914145,1.0296128,0.9700085,1.0694544,0.68990403,1.1814566,1.1926178,0.97652304,0.87217546,1.2284513,1.3169663,1.297604,1.1189258,1.205465,1.1482936,0.97395283,0.96747565,1.0766397,0.7601802,1.1206149,1.1339884,0.8466051,0.9172331,0.22957027,1.1117109,1.0250125,0.9147899,1.0855507,0.7319419,0.9307601,0.9817802,1.1508548,0.9968363,0.7895745,0.53672516,0.98582673,0.88144976,1.2714486,0.9823776,1.3210121,0.53563654,1.144873,0.49610198,1.2235253,1.1023717,1.169659,0.6891129,1.184205,0.49037874,0.51935387,0.8321203,1.119419,1.0170841,1.2056696,1.3071781,0.7597321,0.55156505,1.2249851,0.94642776,0.96157205,1.0181077,0.8784281,0.43890262,1.0413452,1.0683668,0.9620761,1.0709313,1.1255744
box,0.86883855,1.2540683,1.3745475,0.95232105,1.234519,1.2375238,0.84277713,0.4869542,0.62393165,1.1750501,0.60195905,1.2191709,0.912662,0.88524735,0.99928766,0.67844266,0.847113,0.35870636,0.8888377,0.87241924,0.0,1.2332968,1.1717608,0.7958772,0.8589911,0.9299326,1.0944515,1.4113765,1.128226,0.8683791,0.9713187,0.84972465,0.66718733,1.0288488,1.1995609,0.8167554,1.0445061,0.9628654,0.7508184,1.1639941,1.3121934,0.59289634,0.97996914,0.98218024,0.83873826,0.97711116,0.97987497,0.80296075,0.7325231,1.039851,1.0970564,1.3821044,1.0764359,1.2154561,0.98753697,1.3724197,0.7406344,1.2760024,1.0472023,1.3537207,1.1335918,0.86910063,0.6318965,0.93013936,0.6705775,1.2738724,1.2937939,1.2209256,1.0729194,1.1020725,0.9307302,1.0680208,1.222071,0.95732665,1.1145749,0.9943105,1.0236096,1.1321288,1.1290776,0.7071239,1.0346506,1.1066273,0.9768614,1.1106741,0.8122249,1.0427519,0.7511038,1.1979861,1.127845,1.3598247,1.001864,1.2831392,1.2790532,1.3295144,0.7100816,1.1198143,0.9925917,1.161574,0.4317348,1.1855042,0.8714046,1.2472806,1.2494601,1.0788057,1.3171413,0.9902448,1.1623108,1.1533477,0.9336072,0.8100172,0.9594956,1.383211,1.2007186,1.1293572,0.53294015,1.2913646,0.72185516,1.0593196,1.0829442,0.963849,1.0925751,0.94884956,1.0307046,1.0052947,0.6993245,1.0814445,1.0615326,0.7695282,0.727803,1.1197593,1.4408536,1.03096,0.8944537,1.2745037,1.0326183,1.1611382,0.93115735,1.0165764,1.2856423,0.65749484,0.9996852,0.7617966,1.0841657,1.333041,1.2818068,1.196599,1.0751382,1.1028278,0.727203,0.89108247,0.96675843,0.8508841,1.3667916,0.8422885
bread,1.1891434,0.85504395,0.602222,1.3259488,0.66920495,0.7706559,0.84810126,1.165143,1.2653687,1.2959123,1.522479,0.9086104,1.2911698,1.3518095,0.9609226,1.4448326,1.3053411,1.1823952,0.84578997,0.71629333,1.2332968,0.0,1.0813718,0.961491,0.9917205,0.8712084,0.7949297,0.8482366,1.3709886,1.3406743,0.7602414,1.0662556,1.3355237,1.2264518,0.75704944,1.3160561,0.4731834,1.0286586,1.2111243,0.91532564,0.75383824,1.507135,0.7732204,1.000131,1.1253709,0.9521896,0.9000585,1.3548658,1.0884386,1.2792526,1.1266191,0.40660113,1.2277272,0.7436189,1.1274645,0.9034337,1.1778282,0.8440351,0.76454985,0.8756521,0.43283665,0.89285624,1.1657753,1.2879393,1.3545952,0.96179634,0.8762536,1.2959311,0.9067467,1.195814,0.35404694,1.1558473,0.7343338,0.9776734,1.1708353,1.4020655,0.64777327,1.3880084,0.6813611,1.3377278,0.76920784,1.3280213,0.99981976,0.79913914,1.0423557,1.2678903,1.0152249,0.8753743,0.57990205,0.72275126,0.67411184,0.9713427,0.991641,0.4508142,1.1314559,1.054482,1.4116919,1.3842225,1.3562562,1.1071804,1.0860198,0.7585899,0.7478941,0.7350073,0.5014794,0.958903,0.8647518,0.5611156,1.1004678,0.7498008,0.9401281,0.37669837,0.3132168,0.9765676,0.9879336,0.75766975,1.0287858,1.0927635,0.72976017,0.45462734,0.7354449,1.0661958,0.81262875,1.3743889,1.3242363,1.3601892,0.78147453,1.380281,1.1743368,1.3653721,0.7292425,1.2618263,0.53797346,1.1494738,0.74435496,0.48607302,1.0452142,1.2141199,0.7524028,1.3265401,1.3592361,1.2098963,0.61467016,0.87746036,0.76637685,0.9175285,0.990828,0.6895906,1.0454174,1.182803,1.1170294,1.2055929,0.74181664,1.3529553
broom,1.0845563,0.89520395,0.83646667,1.10056,0.9779541,0.99463755,0.97992486,0.98951584,1.1552579,1.0456833,1.2426732,0.8076991,0.8504411,1.2377303,1.0974827,1.2511611,1.0543704,1.1592704,1.136978,1.0542878,1.1717608,1.0813718,0.0,1.1348206,1.0219837,0.9053916,0.9542191,0.70847034,1.12792,0.9028604,1.0218619,1.0892185,1.0669515,1.0447265,0.8756619,1.069693,1.140168,1.0104119,1.0711035,0.67017454,0.7429209,1.1551954,1.0393262,1.0084509,0.9471707,1.1230037,1.0904274,1.0784221,0.70086914,1.2286968,0.8184169,0.93181205,1.036981,0.99673927,1.1661702,0.8156965,1.1245493,0.8193026,0.77392876,0.8858315,0.83402103,0.9402628,1.161455,1.0321558,1.1405246,1.0196819,0.92697054,1.0092722,0.90794295,1.1745716,1.1398621,1.052402,1.0236851,1.0905614,0.61366576,1.1124872,0.92464465,1.1558179,0.6456678,0.88757646,1.0181042,1.0239561,1.0122592,0.7921076,1.2066066,1.0123849,1.0000396,1.0726653,1.0830321,0.9393392,1.075067,0.81897783,0.97022736,0.930086,1.1936392,1.0139624,1.1367435,0.96070886,1.1875588,1.0591521,1.0895058,0.66157556,0.63165,1.0364683,0.6683196,1.0362029,0.7659385,0.9756403,0.83287925,0.95520777,1.1304089,0.93716806,0.92533845,0.9043803,0.9551202,0.8509649,1.0117959,0.99607694,0.8402855,1.214149,0.85743225,1.0142716,1.0526596,1.2125902,1.1458988,1.0390835,0.8566213,1.1029695,1.0521679,1.0884445,0.7119099,1.0706713,1.0330403,0.6561266,0.96403307,0.7851941,0.90722305,0.62108064,0.8246974,1.1161252,1.1504334,1.1457458,1.0189831,0.91316426,0.8165615,0.92489696,0.89923537,0.91570854,1.097849,1.0749578,0.88701576,0.91848904,0.88195926,1.0926814
bucket,1.3219978,1.1068332,1.0889575,1.1833347,0.9498903,0.77762747,0.85142916,0.657515,0.8454885,1.2139579,1.1831901,0.9787184,0.8973899,1.2783946,1.1477369,1.249082,0.9451884,1.0564078,0.15931273,0.44401145,0.7958772,0.961491,1.1348206,0.0,1.0818443,0.42384112,0.8046763,1.2275324,1.3034222,0.7984108,0.9901319,0.97206414,1.0160019,1.1761847,0.92372024,1.0593914,0.85518056,0.9641315,0.82179195,1.3066826,1.0018604,0.9534334,0.23287165,1.0587289,0.8725398,1.1382227,0.95870215,0.9533841,1.0089406,1.2231324,1.1812323,1.108196,1.215998,1.0536476,1.2238662,1.2585791,1.0952694,1.1089382,0.88787913,1.1983566,0.76671576,1.129482,1.1149045,1.1747371,0.72921467,1.2366018,0.96074206,1.2518148,0.89063877,1.2999879,0.86660635,1.2750684,0.89681315,1.0581564,1.012829,1.2299789,0.6854621,1.1083689,0.8685087,0.7164432,0.77194333,1.1584737,1.0602963,0.9489766,0.321046,1.2058088,0.8202096,1.0953379,1.0687987,1.1565373,0.6889469,1.2204497,1.2165684,1.1355633,0.77545315,1.2315099,1.307068,1.2078239,1.1700153,1.1928825,1.2029068,1.0180339,0.9987732,0.95785654,1.0571239,1.0878078,0.94155616,1.088969,0.68353766,0.7167655,1.0446931,1.1593683,0.9657829,0.76063216,0.6087135,1.0130829,0.61895066,1.266503,0.9748951,0.9226539,0.9137651,0.8619853,0.69155,1.198842,0.8730131,1.2222867,0.55406636,1.0663223,0.6346682,1.122754,1.1449888,1.1666299,0.6808333,1.1766717,0.9019606,0.6661951,0.8340238,1.1387389,1.0955673,0.9566484,1.2742503,0.8432746,0.636071,1.2137455,1.0348558,0.9349037,0.7383539,0.91481775,0.8666365,1.101103,0.95842135,0.49477178,1.1410121,1.0107096
butterfly,0.7033805,1.1181155,1.032744,1.1023232,1.0013916,1.0393748,0.93377566,0.99743,1.1046124,1.0784647,1.0471677,1.0652304,1.0864251,1.050937,0.7337783,0.98617023,1.0800995,0.8295369,1.075856,1.0891918,0.8589911,0.9917205,1.0219837,1.0818443,0.0,1.0449644,1.0098912,1.0220786,1.0343446,1.1686122,1.054376,0.97702223,1.0336198,1.1155761,1.0960106,1.0068849,1.0020248,0.9932592,1.1469994,0.8900293,0.9911836,1.1098572,1.0957512,0.797715,1.0399209,0.7498714,0.99326223,1.1395978,0.98763573,1.1371087,1.1142057,1.0802113,1.0398922,1.021822,0.9928416,1.0757446,1.0155214,0.8392986,0.82081807,1.09216,0.9448604,0.65153456,0.8849314,1.0067477,1.0997331,1.0284926,1.1074336,1.1015478,0.93639004,1.0600169,0.9788074,1.0952008,1.0133251,0.6510284,0.9722598,1.125755,1.0628072,1.1662866,1.0124108,1.1084217,0.9539035,1.1452885,1.0734338,0.9303521,1.0162135,1.111732,1.0058795,0.9486934,1.0877051,1.0768988,1.0422887,0.9840951,1.0334276,1.0162181,1.0947964,0.92422295,1.0657023,1.1334212,0.83336544,0.95890445,0.88426185,1.0090854,0.9961431,0.9298985,0.9736602,0.7854396,1.1240078,0.979123,0.9338949,1.0045857,0.6611852,1.0307976,1.0347754,1.1072087,1.0374354,0.9654168,1.1053879,0.9730888,0.69088024,1.0626072,0.9926989,1.056106,1.0139332,1.1204603,1.0249624,1.1448479,1.1242849,1.1292002,1.1317768,1.1454506,1.054184,1.0652069,0.9850498,1.0734046,1.0352181,1.00753,1.0641463,1.0313382,0.9661892,1.0108342,1.0928061,1.118489,0.98871684,1.1008236,1.0223546,1.0589236,1.0510962,0.92089844,1.0769,1.0321308,0.969792,1.145369,1.0195527,1.1141804
