,alligator,ankle,apple,arm,ball,balloon,banana,basket,bathtub,bed,belt,bench,bib,bird,blanket,boat,book,bottle,bowl,box,bread,broom,bucket,butterfly,can,car,carrot,cat,chair,clock,closet,coat,coffee,comb,cookie,couch,cracker,crayon,crib,cup,dish,dog,doll,door,drawer,dress,ear,egg,face,finger,firetruck,fish,flower,foot,fork,frog,game,giraffe,glass,glasses,glove,gum,hair,hamburger,hand,hat,horse,jacket,jar,jeans,knife,ladder,lamp,meat,melon,milk,mitten,motorcycle,muffin,nail,napkin,necklace,nose,orange,oven,owl,pajamas,pants,paper,pen,pencil,pickle,pig,pillow,pizza,plant,plate,pony,potato,pumpkin,purse,radio,raisin,refrigerator,rooster,sauce,scissors,shirt,shoe,shorts,shovel,shower,sink,slide,slipper,soap,sock,soup,spoon,sprinkler,stick,strawberry,stroller,sweater,table,tape,toe,tooth,toothbrush,towel,toy,tray,tricycle,truck,vacuum,watch,window,zebra
alligator,0.0,1.0994407,1.3441482,0.9607991,1.1935472,1.2367413,1.007222,1.2879521,0.86308646,0.7659843,1.1741599,0.8682201,0.67595,0.80270696,0.6142843,0.6574041,0.6498024,1.4970266,1.3082058,0.87255454,1.2157086,0.9961559,1.3836681,0.78468883,1.3436357,0.846769,1.1829937,0.7684555,1.2851853,1.2147386,1.0554266,0.96587753,1.2974524,1.0269555,1.1871324,1.1007551,0.75747174,1.2401004,0.92258173,1.4216545,0.9319914,0.6698947,0.8322449,1.0799153,1.1474856,0.8388971,1.1818492,1.309797,0.87832457,1.270616,0.95486856,0.77947736,1.1039417,1.1681427,1.1630822,0.42190814,0.7836807,0.55814874,0.80793273,1.1954421,1.0747087,0.9550669,0.87741244,0.80582035,0.9594367,1.1261077,0.6102196,0.9058959,1.3458482,1.012788,1.2996535,0.9847291,1.294451,0.9638371,1.0902191,1.3155171,0.70984626,0.856055,1.1208152,1.3709607,1.1944523,1.3260766,1.3422456,1.2115006,1.0543011,0.6983702,0.88805914,1.0389717,0.5641778,1.3086116,1.2777766,0.95861995,0.71517265,0.9893561,1.0432472,0.91996074,1.0644878,0.85515016,1.2435061,1.2366574,1.0008295,1.3527219,0.8385438,1.1682653,0.70476013,0.99137783,1.2107403,0.9151735,0.7143799,1.0462644,1.2258667,1.0068556,1.0162444,0.73649484,1.159377,1.30954,1.1487715,0.96582997,1.3238808,1.1325448,0.78560805,1.3401506,0.93405396,0.87115276,0.85097873,1.2352202,1.31506,1.2657089,1.1890786,1.2149388,0.7370597,0.8298198,0.7973122,1.0026475,1.2751769,1.2962649,0.9579723,0.89125174
ankle,1.0994407,0.0,0.7744646,1.0667951,0.79279137,0.7745711,1.0163794,1.2197967,1.3555081,1.3047222,0.83718395,1.0938042,1.1434355,1.1192778,1.2547586,1.2214133,1.2207273,1.008987,1.1859639,1.2778227,1.002954,1.2606668,1.0465257,1.0319413,1.0373486,0.9538747,0.70827454,1.1149863,1.0143222,1.0337117,1.3542581,1.0255004,1.1408857,1.0094123,1.0745085,1.1621324,1.03793,0.8884629,1.3813467,1.115293,1.2720761,1.0589266,0.8191752,1.3040752,0.77083683,0.9564001,0.47536224,0.8026808,0.91881824,0.39034748,1.1383362,0.79151165,0.96373516,0.37061864,1.1475508,1.0240005,1.1443269,1.0391867,1.3864595,0.5672678,0.6451589,0.9673698,0.90914434,0.8319217,0.75641537,0.4729395,0.9590323,1.0127043,1.0873034,0.8443557,1.152373,1.2286367,1.1521077,0.73087823,0.86533254,1.263573,0.79472804,0.93551093,1.0751045,0.5920939,0.8181026,0.66381407,0.58757347,0.8982746,1.3330349,0.995319,1.0199534,0.86128294,1.2440101,0.89240116,0.9072212,1.0074091,1.0111738,1.0686308,1.2870378,1.0567374,1.304242,0.9918647,0.7065847,0.64025176,1.0156419,1.1995873,0.7499361,1.3515444,1.1523993,1.1084179,0.91607463,1.061578,0.6253501,0.5967624,1.194252,1.3288015,1.3249798,1.1483618,0.34597445,0.7798241,0.6157092,1.1381339,1.1187677,1.270401,1.1228172,0.680705,1.0702189,1.1069518,1.3776879,1.0639241,0.33769548,0.5323672,1.0325104,0.9439602,1.0556594,1.2646906,0.96438503,1.1990658,1.0987488,0.6010107,1.2634034,1.1568941
apple,1.3441482,0.7744646,0.0,1.3687545,0.47266078,0.41719854,0.52698463,1.0734446,1.4981787,1.5579693,0.73676497,1.4333742,1.4424201,0.7705046,1.5406342,1.3563902,1.3992128,0.53822017,0.6168208,1.4359428,0.4713412,1.2723483,0.9459594,0.7811955,1.2090784,1.0491228,0.6140467,1.2430003,1.1760402,0.7280947,1.4353477,1.3911808,0.788901,1.33482,0.7073422,1.3385441,1.2026384,0.42161357,1.6181198,0.72247005,0.8426807,1.166577,1.0533932,1.4417578,1.0418047,1.1859658,0.80393875,0.12552243,1.1807909,0.634065,1.3207306,0.614996,0.67077106,0.76073265,0.8660637,0.9170276,1.2135679,1.2514861,1.4716604,0.64417154,0.97128713,0.6936278,1.1974542,1.048897,1.265331,0.4568088,1.1305214,1.4020458,0.70857126,1.2160219,0.61914945,1.5440422,0.7343905,0.9407065,0.4544605,1.0755899,1.416016,1.1067401,0.6536386,0.23847759,0.94727194,0.44295627,0.5760389,0.16154861,1.4737619,0.8063183,1.4228326,1.2812371,1.5041728,0.5658746,0.5868324,0.74538624,1.1124043,1.3844309,0.77457833,0.71541053,0.9587336,0.89395297,0.23369622,0.32426316,1.2784783,0.9537595,0.728117,1.3552736,0.922428,1.0138783,0.545627,1.3534967,1.3392444,1.0360848,0.88071454,1.4025222,1.4170426,1.3352147,0.5934413,0.3821479,1.0442963,1.072385,0.59546965,1.1755172,1.1249548,0.36153764,1.3233097,1.4040841,1.4658644,0.55393314,0.5948189,0.43612146,0.8280829,1.0357555,0.958223,1.4116675,0.9340217,1.2667384,1.2310845,0.43959558,1.3828833,1.0977018
arm,0.9607991,1.0667951,1.3687545,0.0,1.2190338,1.2439656,1.2890642,1.2910966,0.5739957,0.6450294,1.2665257,0.820719,0.69315904,1.2799326,0.6418849,0.90372354,1.036183,1.308043,1.4454861,0.9298036,1.3351754,0.8854378,1.2980081,1.3544029,0.94941336,1.1008768,1.036491,0.679688,0.89383656,1.2633324,0.66569006,0.4853747,1.132036,0.9011842,1.3254871,0.8989375,0.77665836,1.3824745,0.6414012,1.350898,1.3266531,1.0767319,1.2069765,0.64652073,1.0455328,0.6787599,0.9696072,1.2824367,0.6853187,0.8562571,0.83262575,1.3027127,1.2607462,0.76872003,1.2641139,1.3774202,1.046961,0.9641104,0.7591358,1.0624428,0.93522817,1.3951256,0.67983377,0.79142475,0.43970084,1.384708,1.1910838,0.6102147,1.2642183,0.61131316,1.314752,0.6828875,1.3176494,0.8261299,1.1007643,1.0477171,0.6239447,1.0555305,1.2876722,1.1980512,1.0921966,1.2320515,1.0189753,1.3240143,0.6928939,1.2656996,0.4845258,0.5214966,0.72874933,1.2689952,1.2770761,1.1177511,1.1531072,0.7859667,1.2122046,1.3140017,1.2522031,1.3353261,1.3163723,1.0579151,1.0799884,1.1772714,1.1612737,0.8581526,1.1700784,1.1052794,1.4409845,0.41157472,0.8920554,0.6990048,1.3549558,0.6390269,0.7873094,0.71658206,1.2512858,1.3374016,0.7655895,1.0088805,1.3999469,0.8828935,0.8657713,1.2946835,0.9494717,0.5581178,0.6365969,1.5179002,0.8970301,1.2499391,1.1650372,1.1183171,1.4179057,1.0246621,1.1648569,0.85394394,1.0646152,1.3202231,0.677658,1.1143452
ball,1.1935472,0.79279137,0.47266078,1.2190338,0.0,0.44683564,0.8826532,1.0651176,1.3283875,1.2727804,1.0685611,1.2648784,1.096467,0.9430456,1.2430286,1.2930205,1.1899825,0.80673736,0.88454443,1.1723087,0.68380207,1.2519102,0.94305557,0.91146517,1.2838757,1.1738348,0.86692077,1.2240727,1.2826822,0.6409784,1.3086531,1.2473406,0.9738644,1.1160349,0.6081407,1.1702762,1.0118493,0.877725,1.3479729,0.8498248,0.90920895,1.0750822,0.9635491,1.2436016,1.101176,1.139638,0.97236085,0.43904567,1.0948241,0.84791726,1.1442871,0.7870421,0.8161094,0.90003085,1.0028744,0.9669578,1.130637,1.071935,1.1709756,0.94899553,0.86027646,0.68139553,1.0991656,1.0456611,1.0643464,0.7754624,1.1047392,1.2733234,0.81359786,1.2235205,0.95656013,1.3224949,0.85506344,0.7579187,0.49321055,1.0001416,0.95442456,1.0873594,0.6594768,0.6081219,0.9720213,0.86301863,0.8363937,0.48740327,1.3233254,0.85458773,1.2043688,1.2154918,1.2160776,0.9295435,0.93864846,0.90592414,1.0284396,0.9831538,0.882781,0.8847549,1.0253513,0.96617633,0.6102803,0.50146186,1.0923588,0.9540594,1.0265752,1.2510889,0.92702365,1.0389932,0.8902159,1.1990361,1.060746,1.1128944,0.9241968,1.2186009,1.2555209,1.1810286,0.8746499,0.76209176,0.76887023,1.0334047,0.8655268,0.880929,1.2275586,0.7034149,1.1205219,1.2093298,1.1968725,0.70077455,0.7717192,0.7918985,0.92286503,1.0108572,0.8089564,1.1841221,1.0827551,1.1752989,1.1441301,0.8268323,1.20329,0.98029417
balloon,1.2367413,0.7745711,0.41719854,1.2439656,0.44683564,0.0,0.8647616,1.0559852,1.3216678,1.3342891,0.92449516,1.1218817,1.1993079,0.9373385,1.317073,1.2692018,1.2504964,0.7282579,0.81950605,1.26017,0.84325916,1.1606184,0.86097336,0.96827185,1.045621,1.1092777,0.785631,1.2115948,1.065604,0.83226067,1.288358,1.1704413,0.7931031,1.1338319,0.9325685,1.1589673,1.0743277,0.6877883,1.3345704,0.76766527,1.006821,1.1548873,1.0473162,1.1928616,1.0875239,1.1253678,0.88210976,0.38533747,1.0485086,0.73717576,1.1860334,0.8050157,0.8455435,0.93362254,0.9822832,1.0137632,1.1522391,1.1777651,1.2576251,0.8777441,0.98797244,0.760039,1.022354,1.0072924,1.0911484,0.62990916,1.0811065,1.1894941,0.8174473,1.0976919,0.817844,1.3137658,0.8075778,0.95353806,0.6984682,0.969823,1.0717424,1.0161837,0.9441187,0.5072074,1.0334262,0.7563592,0.66914546,0.4026277,1.3673396,0.8690955,1.1667044,1.1301938,1.3007276,0.83989894,0.8208767,0.8233867,1.112885,1.1461849,1.0659828,0.9284521,1.019741,0.9845176,0.6135124,0.4730841,1.1402371,0.96419835,0.90962315,1.2817173,0.91037714,1.0920801,0.7688621,1.1421262,1.1698371,1.0130049,0.8135061,1.1963704,1.2309458,1.1416912,0.77721226,0.6796389,0.82368016,1.1181946,0.79240483,0.9793141,1.2332944,0.5466177,1.2250257,1.1941578,1.2490324,0.73368764,0.7395674,0.73311216,0.87528604,1.0784011,0.8681719,1.2040058,1.042953,1.1778262,1.1007442,0.80293006,1.1751081,1.0080816
banana,1.007222,1.0163794,0.52698463,1.2890642,0.8826532,0.8647616,0.0,1.00267,1.3791201,1.4592699,0.8307501,1.2730281,1.345582,0.77447915,1.4090776,1.2536268,1.2577578,0.82444227,0.5405491,1.2806216,0.50084805,1.0270596,0.90894186,0.79873145,1.1635844,1.0205423,0.8060702,1.2817743,1.2170423,0.94471604,1.3315632,1.408833,1.0061718,1.1709608,0.6531047,1.2425305,1.0565598,0.6275563,1.4500623,0.8416372,0.55009246,1.055315,1.0646214,1.3842868,1.027984,1.1882355,1.0150474,0.6323636,1.2227864,0.9608944,1.1950011,0.68184894,0.6514969,0.9588411,0.7015885,0.6565692,1.1531411,1.1839691,1.3167064,0.9914931,0.85405815,0.7485458,1.2782413,0.9574688,1.2321014,0.74672246,1.0751634,1.4004979,0.84218955,1.2043227,0.6723586,1.3621942,0.8808907,1.0504698,0.5199928,1.0257003,1.287044,1.0588512,0.6756001,0.8671057,0.83462965,0.87931776,1.0242699,0.53468174,1.2434471,0.74304485,1.3707983,1.3384824,1.3329759,0.7387183,0.6952523,0.49977654,0.89294034,1.3258133,0.57618123,0.6410914,0.65105134,0.9463134,0.53194356,0.66795236,1.1739091,0.9980203,0.7291845,1.073267,0.85842246,0.8248708,0.6948515,1.3664848,1.1956841,1.1777349,0.7922569,1.4078765,1.1759602,1.1405381,0.87208205,0.5421642,1.1129346,0.79127806,0.5443295,1.1654314,1.0820125,0.84953463,1.2582977,1.354212,1.2828609,0.630344,0.94586563,0.7683028,0.7491616,0.84691346,0.8513503,1.054113,0.87119436,1.1848079,1.1607597,0.76452225,1.3571053,1.0372657
basket,1.2879521,1.2197967,1.0734446,1.2910966,1.0651176,1.0559852,1.00267,0.0,1.0083771,1.0349854,0.82322115,0.8864914,1.1728902,1.0378664,1.1149468,1.0165288,0.9932353,0.63496286,0.53635633,0.7805524,0.96054286,0.8596095,0.44967306,0.8981491,0.6728591,0.9582351,1.2109456,1.2263848,0.6392143,0.8131658,0.9071615,1.183104,0.78072095,0.6315865,0.85561746,0.70616114,1.0859181,0.86707383,0.7935639,0.52943957,0.6995424,1.1393054,1.1067864,0.9451482,0.80137736,1.2705886,1.2332834,1.1623031,1.3430157,1.2833723,1.0272045,1.13615,0.8889682,1.2452056,0.63130105,1.1188765,1.0522063,1.1225139,0.9834198,1.2321918,1.1461141,0.9412444,1.2726188,1.2969861,1.3555279,0.9904121,1.1112827,1.2044448,0.61209625,1.2422929,0.6277475,0.8018912,0.68121076,1.2369483,1.1383232,0.63454664,1.288702,1.0458221,0.93658525,1.1398921,0.9084684,0.9757368,1.1927836,1.1283926,0.7917631,1.2531652,1.2076946,1.2410984,1.1372246,0.7770219,0.7828516,1.1010711,1.1135164,0.85678554,0.9699916,0.7641115,0.84580076,0.9945465,1.1312069,1.2265718,0.7166937,0.43401378,1.1703316,0.5767728,1.1305699,1.1212189,0.77212036,1.2945524,1.1782914,1.2848508,0.6178505,0.988942,0.79218745,1.2444277,1.044885,0.8395794,1.1313757,1.1338965,0.69269454,0.960409,1.2012187,0.95510435,0.9059911,1.2070965,1.1626474,0.6276368,1.243708,1.1257774,0.88070995,0.7674459,0.96327984,0.8649377,1.1364267,0.90857565,0.51868474,0.92087907,1.0349509,0.78844947
bathtub,0.86308646,1.3555081,1.4981787,0.5739957,1.3283875,1.3216678,1.3791201,1.0083771,0.0,0.31723392,1.3008361,0.58073103,0.5402636,1.234192,0.41807258,0.70040035,0.7804592,1.4328715,1.1830198,0.6731255,1.326571,0.81129,1.2351675,1.3234923,0.90744853,1.0239033,1.3587948,0.7279567,0.9434689,1.2037416,0.34642357,0.67451614,1.1744883,0.9140787,1.2081039,0.86836106,0.66384035,1.4581914,0.31215,1.3371487,0.99925774,1.0600845,1.261645,0.56504464,1.005059,0.79192823,1.2777379,1.3420819,0.7703608,1.3373452,0.9027523,1.3983078,1.4157939,1.2865396,1.210911,1.2897731,0.9744694,0.8952415,0.56618255,1.2686425,1.2629632,1.32357,0.8509444,0.74366695,0.8864213,1.5498273,1.1054074,0.708052,1.3402939,0.78255224,1.3144248,0.6132095,1.1919023,1.0164592,1.235138,0.954901,0.80116516,1.0787016,1.2114649,1.4158168,1.2158809,1.4282005,1.3415987,1.3348022,0.4067726,1.1836933,0.62617713,0.76380485,0.52932024,1.4127486,1.4283221,1.1165801,1.1541843,0.7139117,1.1251707,1.4281639,1.0184399,1.314755,1.3792887,1.3754456,0.91736853,1.1248538,1.1439146,0.7374742,1.0973015,1.0121535,1.4216042,0.62415403,0.9338782,0.9711203,1.1205829,0.4455731,0.3253879,0.44882655,1.4187597,1.3903543,1.136496,0.9231147,1.3559513,0.80741155,0.88212526,1.5292177,0.8315563,0.64260656,0.4874977,1.2257473,1.4142303,1.4782732,1.2381841,1.2343369,1.1738585,0.5781626,1.1427734,0.9103694,1.0421565,1.4846001,0.6050924,1.119349
bed,0.7659843,1.3047222,1.5579693,0.6450294,1.2727804,1.3342891,1.4592699,1.0349854,0.31723392,0.0,1.3599696,0.54386854,0.3726194,1.3081775,0.18211114,0.59331656,0.5180615,1.4452882,1.352577,0.5281247,1.4508817,0.9022331,1.3038428,1.3751271,1.0356268,0.95440257,1.3457365,0.7919781,0.927464,1.2317595,0.4147687,0.56066537,1.2300143,0.908274,1.2602568,0.6691388,0.7695263,1.5051379,0.2571882,1.3978813,1.1041664,0.924153,0.8868495,0.57592547,1.118118,0.7775005,1.3251519,1.4923656,0.7477672,1.3591732,0.8263906,1.43018,1.3822652,1.2984859,1.2914112,1.2704171,0.79721546,0.81816524,0.50354785,1.2515593,1.1925591,1.3371775,0.7987247,0.724636,0.8648486,1.483103,1.0338109,0.64413935,1.3855536,0.83638656,1.4084886,0.51942825,1.2580891,1.0826118,1.3275305,1.0584629,0.6576622,1.0787133,1.3187563,1.4605863,1.2558272,1.4784293,1.3941128,1.4561931,0.55608714,1.2195792,0.4941833,0.7512085,0.3971398,1.4988158,1.5112329,1.2499063,1.0657816,0.44602168,1.1795706,1.3921943,1.1007466,1.2221143,1.5317991,1.399045,0.8208124,1.1497818,1.2642558,0.7090783,1.0969274,1.128227,1.4452151,0.58549166,0.80558926,1.0089492,1.1904829,0.45230412,0.6449704,0.4803089,1.4308646,1.5374355,1.0695509,1.0690436,1.5129269,0.92772806,1.024717,1.5093706,0.61495167,0.5054963,0.31894076,1.3442129,1.3933158,1.4869475,1.2891145,1.2175832,0.9215883,0.5893316,1.1431093,0.9300374,0.95558333,1.5175369,0.5060548,1.0901843
belt,1.1741599,0.83718395,0.73676497,1.2665257,1.0685611,0.92449516,0.8307501,0.82322115,1.3008361,1.3599696,0.0,1.0461516,1.4380307,0.9585564,1.3586209,1.0745362,1.227401,0.6027875,0.72433645,1.2717264,0.90965605,0.9179472,0.7616128,0.87510395,0.6592723,0.7850721,0.698246,1.0316981,0.7687733,0.8590394,1.2532136,1.1606777,0.60665536,1.0291404,1.0832996,1.1222082,1.326819,0.3831675,1.3802159,0.7223368,1.1139007,1.2170764,1.1884301,1.2014627,0.68866956,1.147798,0.8319228,0.8585002,1.1367235,0.79475224,1.2067529,0.63434726,0.8364057,0.7583883,0.8915252,0.92043585,1.1263382,1.1602398,1.3301365,0.67996675,1.0985914,0.9604107,1.2363788,1.176026,1.263758,0.6044149,1.1104048,1.246112,0.7916368,0.9309117,0.51293254,1.2381943,0.68805873,0.90461326,0.9411304,1.0139982,1.4191222,0.9964208,1.0780406,0.5979587,0.9386254,0.42770994,0.6695541,0.8855661,1.2168871,1.0350816,1.2463678,1.0577593,1.3400178,0.4863057,0.5075522,0.97456133,1.2237144,1.1604635,1.0837132,0.78202033,0.9627468,0.9976959,0.75502455,0.94139135,1.1015784,0.85341036,0.5350372,1.1739413,1.2159535,1.1287625,0.6748107,1.311408,1.2302669,0.8535799,0.9657466,1.2762446,1.2031811,1.3182068,0.55843115,0.44706106,1.1665546,1.1974468,0.64822805,1.2790492,0.9128345,0.6714942,1.2411736,1.3307343,1.3799968,0.8764981,0.8064108,0.55850834,0.7574243,0.9482461,1.1448916,1.2590481,0.8052335,1.041135,1.020094,0.37565482,1.2412933,1.1289222
bench,0.8682201,1.0938042,1.4333742,0.820719,1.2648784,1.1218817,1.2730281,0.8864914,0.58073103,0.54386854,1.0461516,0.0,0.796672,1.2750633,0.5908904,0.74653417,0.76216507,1.3223032,1.19656,0.70016944,1.3308284,0.959547,1.0310302,1.2669175,0.7398587,0.8432298,1.2006832,0.92885435,0.73165447,1.3023505,0.7437251,0.7121653,1.1005716,0.76847994,1.2668049,0.68321073,0.8790931,1.1952316,0.58580613,1.2480574,1.189245,1.0192407,1.1343518,0.7752009,0.8193221,0.9608648,1.1718733,1.3447131,0.9268608,1.1970947,0.85612607,1.1121061,1.3023167,1.0734245,1.1532078,1.241743,0.94729245,0.94693565,0.88880074,1.208616,0.99780864,1.1066086,0.98978436,0.9120587,0.93841326,1.2204268,1.0489701,0.76350105,1.2408473,0.6873354,1.1326138,0.6194091,1.2266997,0.97229207,1.1743262,0.99259424,0.73191017,0.83464324,1.3461245,1.2953836,0.95912194,1.3012638,1.1786708,1.3499404,0.7345227,1.2478276,0.7105948,0.75732327,0.71254826,1.1584727,1.1549371,1.1050227,1.0475175,0.57143956,1.2538913,1.2843165,1.1397405,1.1809782,1.3189329,1.2651215,0.78692275,1.055452,0.9462945,0.9154938,1.1562512,1.2029493,1.2790365,0.81521237,0.77296954,0.8574611,1.1492734,0.787182,0.79138064,0.6934208,1.0698059,1.1605817,0.83543897,1.1353834,1.2989571,1.0737805,0.9583962,1.3529567,0.80962634,0.7921357,0.7826635,1.2463372,1.2394009,1.271722,1.2528789,0.94281524,1.0082004,0.7717291,1.0637945,0.8826509,0.8564825,1.2698383,0.7927503,1.0883965
bib,0.67595,1.1434355,1.4424201,0.69315904,1.096467,1.1993079,1.345582,1.1728902,0.5402636,0.3726194,1.4380307,0.796672,0.0,1.3144158,0.20805627,0.6553465,0.43240792,1.4491601,1.3624892,0.6628104,1.3378539,1.0233759,1.3192124,1.3394272,1.2277232,1.0546467,1.2015643,0.8208123,1.183165,1.2248226,0.68716323,0.6479171,1.2853456,0.87086797,1.1623718,1.0201957,0.45998722,1.49592,0.5379826,1.3897631,1.0571471,0.9408557,0.8637967,0.8022294,1.3192563,0.85830444,1.1384826,1.3763783,0.78283805,1.194989,0.9418301,1.3795887,1.2787371,1.2094356,1.334708,1.1036308,0.6653946,0.6642574,0.5321328,1.2315375,1.1500483,1.1506014,0.7878263,0.6893001,0.68744665,1.4256792,0.9478184,0.69084865,1.2829211,0.8749741,1.497314,0.79103714,1.2789047,1.0158161,1.2075094,1.0343835,0.58339053,1.0862826,1.239571,1.4003284,1.2610456,1.4090227,1.2966504,1.350569,0.78908587,1.0373544,0.5065161,0.798364,0.26073813,1.5329022,1.49476,1.1343912,1.0778546,0.6480814,1.1647309,1.3138099,1.0756433,1.1951714,1.4079437,1.281405,0.90563613,1.2616609,1.2418108,0.95188034,1.0449269,1.0060378,1.4047391,0.5859619,0.7885989,0.96057856,1.1612043,0.6842992,0.7937009,0.58284575,1.4216037,1.4623127,0.9591413,0.95492864,1.5067596,0.9215229,0.9651148,1.4200855,0.84189254,0.580739,0.5044845,1.3321927,1.2476982,1.4047538,1.2134074,1.1963432,0.9168248,0.7189338,1.1132845,0.9238755,1.1500095,1.536197,0.69535756,0.94127566
bird,0.80270696,1.1192778,0.7705046,1.2799326,0.9430456,0.9373385,0.77447915,1.0378664,1.234192,1.3081775,0.9585564,1.2750633,1.3144158,0.0,1.2585421,1.0351392,1.1412497,0.946961,0.86859834,1.228736,0.7651714,1.0795578,1.0806236,0.29758906,1.2126664,1.0896182,0.990463,0.92265475,1.2642727,0.78933537,1.2385793,1.3367429,1.0128438,1.1563152,0.83119345,1.2025852,1.1833876,0.820699,1.3527538,0.9684562,0.78226393,0.78554547,0.9089079,1.259732,1.1094992,1.0437214,1.0855278,0.79073215,1.1941149,1.1508329,1.1903439,0.49528682,0.87549675,1.0590765,0.77049685,0.51918983,1.048116,0.94333786,1.2517445,1.0384607,1.0346599,0.85240126,1.1855063,1.2133464,1.3262887,0.8781268,0.7407615,1.2193898,0.97825,1.2040014,0.82829547,1.3449786,0.80627954,1.0087316,0.91439056,1.0721948,1.2035401,1.0402212,0.7440561,0.9426346,0.9978234,0.9413184,1.0621951,0.706908,1.2184157,0.49852186,1.2977755,1.2678218,1.207724,0.85211986,0.84998834,0.9692113,0.68638223,1.3076456,0.76038235,0.8060802,0.9392741,0.6343188,0.80841297,0.96879643,1.131351,1.0091265,0.9217036,1.1639674,0.2584505,0.9811183,0.7743808,1.2357895,1.046048,1.2130172,0.92679954,1.225372,1.1553497,1.2356136,0.9175579,0.8678855,1.1749424,1.0236678,0.7760694,1.1298555,0.8858133,0.8873221,1.1072477,1.2080555,1.2532983,0.7260417,1.091502,0.91506755,0.9584834,1.0582219,0.87523395,1.1782979,0.9778745,1.0863838,1.1587926,0.8744036,1.2294573,0.8493506
blanket,0.6142843,1.2547586,1.5406342,0.6418849,1.2430286,1.317073,1.4090776,1.1149468,0.41807258,0.18211114,1.3586209,0.5908904,0.20805627,1.2585421,0.0,0.5801584,0.49531448,1.4858544,1.3783077,0.6416931,1.4182799,0.9909889,1.3341395,1.3025825,1.125937,0.966279,1.264165,0.74861705,1.0431046,1.2775042,0.59095013,0.54152745,1.2232395,0.8787364,1.2452294,0.84628254,0.66183877,1.4665949,0.44857675,1.4237181,1.0567392,0.9927097,0.99060524,0.7297714,1.2315636,0.8060868,1.2411929,1.502861,0.7877388,1.3130372,0.9027386,1.2787378,1.3361719,1.2472044,1.3236158,1.1424584,0.72265637,0.73692906,0.48127472,1.265281,1.1801813,1.2048571,0.81980646,0.6995235,0.8058108,1.4319079,1.0201924,0.6443952,1.3930458,0.76982224,1.425088,0.68454254,1.2892573,0.9859695,1.2820938,1.0637699,0.5292375,1.0623865,1.3009584,1.4500387,1.2270696,1.4245124,1.3642203,1.465504,0.6802077,1.1721184,0.47817755,0.73261,0.31885874,1.4950734,1.5009894,1.2315557,1.105134,0.44131213,1.1486787,1.3212146,1.1178282,1.2327294,1.5096253,1.3882816,0.7916384,1.2489285,1.2604777,0.8787993,1.0259604,1.0811026,1.4388635,0.56036246,0.7396693,0.93372947,1.2064874,0.59230363,0.7372105,0.55565333,1.3916488,1.5170572,0.97849196,1.0299985,1.5204544,0.990507,0.9561843,1.4856902,0.72736716,0.5402804,0.41983104,1.4014475,1.3606528,1.4481485,1.2532511,1.1518189,0.9359049,0.6898824,1.0810502,0.8965331,1.0697886,1.5177479,0.6316353,1.0001917
boat,0.6574041,1.2214133,1.3563902,0.90372354,1.2930205,1.2692018,1.2536268,1.0165288,0.70040035,0.59331656,1.0745362,0.74653417,0.6553465,1.0351392,0.5801584,0.0,0.32503343,1.2544272,1.1981945,0.65796083,1.2757591,0.9256244,1.2270465,1.0463526,1.1531048,0.84268427,1.1614009,0.88649434,1.1081392,1.1109054,0.8821873,0.887292,1.2094135,0.9069719,1.1860809,0.9891019,0.8443529,1.1852112,0.72696716,1.2363206,1.0183645,0.96305346,0.975219,0.9855924,1.045508,0.97863156,1.1986656,1.3318295,0.91725504,1.2205691,1.0151819,1.0841874,1.1440628,1.1790524,1.0232509,0.91338044,0.6000408,0.7723476,0.69309354,1.1839641,1.1977266,1.0234386,0.97854185,0.90200585,0.93533546,1.253057,0.94528973,0.96313405,1.2285401,1.0057272,1.0963756,0.8399655,1.2132671,1.0259827,1.2922595,1.1368194,0.9440908,1.0149468,1.2087085,1.288365,1.2220008,1.2435691,1.2774888,1.280165,0.9059496,0.9873873,0.8016566,1.0289807,0.42681074,1.1312711,1.1584625,1.1082723,1.0380756,0.9328723,1.0788727,1.1306603,0.9632597,1.1221293,1.3450758,1.350821,0.9762124,1.0683426,1.0965501,0.95255524,1.0353062,1.0677722,1.192634,0.946264,0.8585862,1.0382314,1.1107317,0.82906234,0.92714345,0.6811841,1.2107341,1.3060744,1.201705,1.0103576,1.2152225,1.0233628,0.900072,1.2830839,0.9743743,0.8637003,0.66941303,1.1817338,1.2476811,1.2720726,1.122249,1.2547227,0.8574749,0.7181592,1.0121232,0.7778691,1.0463006,1.1956322,0.8615617,0.9609423
book,0.6498024,1.2207273,1.3992128,1.036183,1.1899825,1.2504964,1.2577578,0.9932353,0.7804592,0.5180615,1.227401,0.76216507,0.43240792,1.1412497,0.49531448,0.32503343,0.0,1.2927866,1.1688433,0.35209298,1.2823113,1.0514396,1.1780679,1.126254,1.1884513,0.85505605,1.1897259,1.0326873,1.1744802,1.073969,0.8908988,0.9461835,1.1789314,0.92326224,1.0990696,0.96352553,0.80273783,1.2569463,0.6864387,1.2125837,0.96441156,0.9033281,0.81200653,1.0124094,1.1045768,0.9951977,1.2334616,1.3715146,0.93488634,1.2679114,0.9506462,1.2049122,1.17891,1.2919786,1.0458306,0.8583799,0.4504087,0.71133256,0.6344009,1.2513158,1.1801171,0.8702603,1.0022141,0.91770947,0.8827956,1.3187454,0.85167503,1.0058004,1.2179703,1.1451612,1.1995797,0.82200396,1.1854028,1.0852526,1.3540581,1.0735279,0.8785911,1.0219964,1.1894557,1.3637334,1.2521284,1.3897703,1.3654699,1.300246,0.88649035,0.96633524,0.8026222,1.1113563,0.22207844,1.2618756,1.2318221,1.0533845,0.96286565,0.89045906,1.0701126,1.175647,0.86851656,1.0570977,1.3933127,1.4356015,0.915825,1.020298,1.1306262,0.90111744,0.99066234,1.0086209,1.2206832,0.9898414,0.85690415,1.173123,1.0298986,0.8763552,0.8985559,0.7219219,1.3059074,1.361009,1.1201322,0.9897841,1.2727796,1.041812,1.0820645,1.3533471,0.87847555,0.84032255,0.5469269,1.1060653,1.3064423,1.3437328,1.1244361,1.259585,0.6311358,0.53303415,1.0320152,0.7881647,1.0300305,1.3361971,0.8345623,0.9143044
bottle,1.4970266,1.008987,0.53822017,1.308043,0.80673736,0.7282579,0.82444227,0.63496286,1.4328715,1.4452882,0.6027875,1.3223032,1.4491601,0.946961,1.4858544,1.2544272,1.2927866,0.0,0.5654479,1.1855391,0.7764034,0.9804047,0.3765819,0.86938,0.7101873,1.0779139,0.7864659,1.2656703,0.7212264,0.71103513,1.2061217,1.2422228,0.4661858,0.9943824,0.874981,0.9541129,1.3818617,0.36587584,1.3062515,0.14981031,0.95816606,1.2219801,1.1011212,1.1308413,0.9589823,1.2657957,0.96763325,0.6962202,1.3144639,0.91413045,1.1451721,0.90701324,0.6314483,0.97146946,0.73206866,1.1447047,1.1074533,1.3121572,1.1341926,0.84701204,1.086303,0.79923284,1.284994,1.379648,1.3639555,0.66706,1.1985042,1.2761946,0.28065795,1.2052467,0.36595988,1.1466385,0.5803617,1.1500859,0.9026631,0.582677,1.4539847,1.1173224,0.92723453,0.55043316,0.8788497,0.4935935,0.7942513,0.73572683,1.1735886,1.1037021,1.3672779,1.2106141,1.4761992,0.44073355,0.4637859,1.0299746,1.2141676,1.2095083,0.9398676,0.6570932,0.9467417,0.9292563,0.8087919,0.8610763,1.0142093,0.60313696,1.0540377,0.9196134,1.1679127,1.0912756,0.5599657,1.3729953,1.3765062,1.1633265,0.6800057,1.1734324,1.2116582,1.4429952,0.788024,0.50360966,1.0226642,1.1533444,0.47614253,0.99065334,1.1293132,0.4855398,1.1840253,1.373804,1.3112456,0.65608543,0.836811,0.67027223,0.6036234,0.7774006,1.0785258,1.3372844,1.062269,1.0627174,0.7064775,0.4862759,1.2101465,0.9557258
bowl,1.3082058,1.1859639,0.6168208,1.4454861,0.88454443,0.81950605,0.5405491,0.53635633,1.1830198,1.352577,0.72433645,1.19656,1.3624892,0.86859834,1.3783077,1.1981945,1.1688433,0.5654479,0.0,1.0767561,0.5048883,1.0891236,0.4303288,0.86373097,0.861705,1.0621097,1.0030739,1.357321,0.97057515,0.74137235,1.2428311,1.4798723,0.626716,1.1537822,0.61720437,0.95410496,1.2030175,0.6647703,1.2779962,0.3964064,0.34417713,1.2053479,1.1720841,1.27192,0.9608093,1.3487707,1.2286017,0.63768744,1.4179955,1.1947312,1.2445716,0.88891923,0.83617485,1.1633189,0.4968031,0.986677,1.1604245,1.2785009,1.2102662,1.1300404,1.045544,0.783022,1.4546223,1.208914,1.4228822,0.8351317,1.137434,1.4925017,0.57663536,1.3599093,0.4612906,1.2694619,0.5695251,1.1242597,0.6905548,0.75412124,1.491135,1.1927918,0.67559886,0.91871935,0.85368276,0.85735047,1.067225,0.6596496,1.0330735,1.0777274,1.4171478,1.3815563,1.3261104,0.67944026,0.6499355,0.69090116,1.0216478,1.193472,0.62806153,0.680822,0.40092492,1.0197005,0.6895245,0.9669098,0.98419243,0.5178343,0.85708284,0.9091244,1.0351136,0.72938067,0.6360239,1.4815731,1.3329511,1.358741,0.46976113,1.1874199,0.8079082,1.329873,0.93193537,0.52053,1.1662264,0.73846453,0.3153121,0.95966786,1.1684741,0.8282958,1.236351,1.4398012,1.2029368,0.265536,1.1432648,0.9495541,0.71246076,0.8388688,0.9289706,0.8280585,1.0589658,1.1037294,0.90119594,0.7800224,1.2780967,1.0016727
box,0.87255454,1.2778227,1.4359428,0.9298036,1.1723087,1.26017,1.2806216,0.7805524,0.6731255,0.5281247,1.2717264,0.70016944,0.6628104,1.228736,0.6416931,0.65796083,0.35209298,1.1855391,1.0767561,0.0,1.2924044,0.95653546,0.9710954,1.2349758,0.92772967,0.9997192,1.2992504,1.0745113,0.95121336,1.0493814,0.72002697,0.93382657,1.1046132,0.8516911,1.0633264,0.7793439,0.8745667,1.3574026,0.5073863,1.0577993,0.93266284,0.9405302,0.91357213,0.8219801,0.95562893,1.0388727,1.2693052,1.4153898,0.94536835,1.3140149,0.8074145,1.3960402,1.1605552,1.3440028,1.064011,1.0925108,0.70428383,0.848109,0.647195,1.2763463,1.1811528,1.0217234,0.9932409,0.97719604,0.95773715,1.3647901,0.95170814,0.92599964,1.1301737,1.1272122,1.1777341,0.621348,1.1506755,1.1312113,1.277887,0.7906621,0.90264076,0.999952,1.1723098,1.4258952,1.1727397,1.4438156,1.3138468,1.3612556,0.6419922,1.1484568,0.7780274,1.0527835,0.48260683,1.3163978,1.3006316,1.0305822,1.0439047,0.7639929,1.0524929,1.1971849,0.85883856,1.1270096,1.4397922,1.3813667,0.8026273,0.7947056,1.2500688,0.6962126,1.0569674,0.9868082,1.2946875,0.9623029,0.9288938,1.1989639,1.013479,0.73408806,0.7312963,0.749984,1.383841,1.4035828,1.0595953,0.97357893,1.2896066,0.92785287,1.1153117,1.3839933,0.7719803,0.82564414,0.55820227,1.0378102,1.3398727,1.4193323,1.1338837,1.1513282,0.79175144,0.52216905,1.094369,0.78905666,0.8460082,1.4006745,0.7604761,0.9547013
bread,1.2157086,1.002954,0.4713412,1.3351754,0.68380207,0.84325916,0.50084805,0.96054286,1.326571,1.4508817,0.90965605,1.3308284,1.3378539,0.7651714,1.4182799,1.2757591,1.2823113,0.7764034,0.5048883,1.2924044,0.0,1.231416,0.90539086,0.7630241,1.16551,1.1909276,0.8354833,1.2873166,1.2005926,0.743523,1.3447424,1.4234948,0.8691947,1.2838991,0.30092728,1.2591441,0.95074815,0.77969325,1.4184911,0.7906904,0.7036172,1.0705959,1.0902083,1.3515122,0.9955864,1.2498791,1.0526489,0.4295076,1.2853961,0.983382,1.2647626,0.74070764,0.8795182,0.93503034,0.7964206,0.8933122,1.2039545,1.1499923,1.3957975,0.97484094,0.89120114,0.7867315,1.3099468,0.92905164,1.2982782,0.7577165,1.0687071,1.3723166,0.65896356,1.2962227,0.76365376,1.4854515,0.7473976,1.0073622,0.41513902,0.9533602,1.3904355,1.1903007,0.18578827,0.75396544,0.78048825,0.8134943,0.91067463,0.4434216,1.207653,0.8189182,1.4596003,1.3299932,1.2965269,0.7921792,0.7740905,0.7479955,0.8883568,1.2877284,0.2873649,0.83512676,0.60573363,0.9140245,0.27642322,0.55635494,1.1681834,0.88977975,0.84892815,1.2089467,0.9313385,0.6995977,0.7756695,1.4082963,1.2730529,1.2483289,0.85835725,1.3205235,1.1843551,1.2917637,0.85688317,0.4822219,1.0486286,0.740792,0.6388912,1.1196427,1.1179627,0.78223455,1.2428308,1.4218807,1.2943684,0.488303,0.89645,0.7492933,0.9714166,0.8606539,0.9996384,1.1182683,1.074724,1.2324089,1.2082325,0.7944899,1.3485295,1.0460092
broom,0.9961559,1.2606668,1.2723483,0.8854378,1.2519102,1.1606184,1.0270596,0.8596095,0.81129,0.9022331,0.9179472,0.959547,1.0233759,1.0795578,0.9909889,0.9256244,1.0514396,0.9804047,1.0891236,0.95653546,1.231416,0.0,0.8970393,1.0543324,0.7822084,1.0997189,1.1510608,0.9617521,0.72027713,1.1051148,0.7289233,0.91815364,0.97486985,0.8689263,1.1702225,0.9438454,0.9873144,0.975471,0.744504,0.9432901,1.1157851,1.0029749,1.0460756,0.76234186,0.88017374,1.0122714,1.0589814,1.265346,1.0208014,1.1601262,0.985493,1.21125,0.9183662,1.1278458,0.88952464,1.0601479,1.0033259,1.023281,0.8441994,1.1825688,1.1936097,1.1701678,1.0381137,1.0431075,1.0399133,1.2759558,1.0781217,0.91276693,0.9549576,0.96357936,0.8235762,0.6551787,0.99890274,1.1043283,1.1725177,0.8112457,1.0147586,1.0906878,1.1813679,1.2576926,1.0719421,1.0995933,1.1465919,1.2631238,0.8260371,1.0303603,1.0284612,0.9688004,0.99435246,0.89165413,0.8634104,0.9498834,1.0919173,0.9845203,1.1478648,1.0232899,1.0078921,1.0986423,1.2511574,1.1978575,0.9506916,0.97212976,1.104934,0.7297827,1.0563747,1.0881684,1.0392843,1.0188602,1.0917077,1.1007152,0.771341,0.89294595,0.7662339,0.8115016,1.2414541,1.0932807,1.138232,0.97106755,0.84168625,0.8177445,0.8116259,1.2094494,0.89849883,0.9821395,0.88642573,1.1838909,1.1941566,1.148547,0.6495397,0.9591161,1.0172176,0.8126198,1.0901027,0.8854601,0.6504185,1.191981,0.91425145,1.009753
bucket,1.3836681,1.0465257,0.9459594,1.2980081,0.94305557,0.86097336,0.90894186,0.44967306,1.2351675,1.3038428,0.7616128,1.0310302,1.3192124,1.0806236,1.3341395,1.2270465,1.1780679,0.3765819,0.4303288,0.9710954,0.90539086,0.8970393,0.0,1.0069921,0.47898233,1.0622985,1.0896518,1.3047628,0.63776773,0.89167356,1.0920863,1.1486197,0.6675241,0.8721575,0.8914128,0.69957334,1.3276145,0.81950855,1.059502,0.15287334,0.7989055,1.1571308,1.084939,0.9901186,0.8977778,1.3525075,1.1103392,0.99169827,1.4052434,1.1628752,1.0643921,1.0809814,0.7342596,1.0939577,0.7688037,1.1762719,1.0805027,1.2546957,0.9677367,1.2283142,0.99719095,0.87166524,1.3688674,1.3807118,1.3015075,0.9715095,1.1261553,1.1540955,0.34512544,1.1014384,0.6698134,0.8701265,0.6883854,1.1117619,1.0037038,0.45835245,1.2730342,1.0135679,0.97715867,1.0802155,0.7888629,0.91947114,1.0636964,1.0337454,0.92053187,1.2103436,1.2012472,1.1229044,1.3571072,0.7948222,0.7758238,1.010097,1.0886488,0.9867694,0.99139917,0.6857628,0.8722619,0.9805631,1.0194048,1.135608,0.69506985,0.5088871,1.0485786,0.67880905,1.1720275,0.9230032,0.63660264,1.3212602,1.2119178,1.1702532,0.50760454,1.0336821,0.88145095,1.3298783,0.9958472,0.7419584,0.94369507,0.9753919,0.5581784,0.8505615,1.1170393,0.8815156,1.0786387,1.2748852,1.2184119,0.66560245,1.0905523,1.0901375,0.76623464,0.6160655,1.0337381,0.99780214,1.1280212,0.9205841,0.4449951,0.91077423,1.0952737,0.9016167
butterfly,0.78468883,1.0319413,0.7811955,1.3544029,0.91146517,0.96827185,0.79873145,0.8981491,1.3234923,1.3751271,0.87510395,1.2669175,1.3394272,0.29758906,1.3025825,1.0463526,1.126254,0.86938,0.86373097,1.2349758,0.7630241,1.0543324,1.0069921,0.0,1.203513,1.0476152,0.9313366,1.0558537,1.1514624,0.73366266,1.2848917,1.3644755,0.994046,1.1063031,0.85180926,1.2142769,1.1820202,0.6983018,1.3869648,0.89865947,0.7970891,0.88230354,0.92478895,1.3348312,0.95687616,1.1418085,0.9788849,0.86401,1.2563233,1.0645955,1.252955,0.4848299,0.75315714,0.96548146,0.6607593,0.42255372,1.0738392,0.90458715,1.2873654,0.99893594,1.0502291,0.7723971,1.2362798,1.2877566,1.3143363,0.7756623,0.7338702,1.260859,0.8940222,1.1970223,0.71543837,1.3166366,0.7859078,0.93682563,0.98752975,1.1382798,1.1731262,1.087986,0.711383,0.8582196,1.0040718,0.8172756,1.0189332,0.7937798,1.2844306,0.7214229,1.3948206,1.2877157,1.2363203,0.6904378,0.7209543,0.9824187,0.8178547,1.3767617,0.8019506,0.6920079,0.9691959,0.6957581,0.78947794,1.0122249,1.0769291,0.9114371,0.8718747,1.2102941,0.46930504,1.0453644,0.6180892,1.3792837,0.98995894,1.1613882,0.8177461,1.3040962,1.1994225,1.2820122,0.7498611,0.8377812,1.1293079,1.1225579,0.6813902,1.1380379,0.91114664,0.78023535,1.1101562,1.3150173,1.3428106,0.7223485,0.97826076,0.81183386,0.86747515,1.0225627,0.8270493,1.1802672,1.0027128,1.1129577,1.0372021,0.7560569,1.3032331,0.75311315
can,1.3436357,1.0373486,1.2090784,0.94941336,1.2838757,1.045621,1.1635844,0.6728591,0.90744853,1.0356268,0.6592723,0.7398587,1.2277232,1.2126664,1.125937,1.1531048,1.1884513,0.7101873,0.861705,0.92772967,1.16551,0.7822084,0.47898233,1.203513,0.0,1.0165727,1.0494037,0.938316,0.22084677,1.1571915,0.7157643,0.72741514,0.6678721,0.78642225,1.2375649,0.5653187,1.289408,0.9225634,0.78141904,0.659165,1.1655248,1.2231706,1.2045114,0.5950315,0.690046,1.1284823,1.0102286,1.2417445,1.1980693,1.0787319,0.88102436,1.2297503,0.9964549,0.98608446,1.03623,1.3814342,1.0867558,1.2158089,1.0700485,1.13349,1.0992106,1.2850535,1.1366705,1.2121187,1.136463,0.9810059,1.1966709,0.77590036,0.78786,0.6969271,0.8225788,0.67374885,0.890896,1.0144564,1.2017854,0.6344481,1.1837956,1.0084418,1.2662141,1.1202688,0.85859585,0.83608294,0.92704326,1.269348,0.6721214,1.3021472,0.92435527,0.66991603,1.2105597,0.86372375,0.8305383,1.2810141,1.2585007,0.8161899,1.2494112,0.9857795,1.0932077,1.1575714,1.1562092,1.2161031,0.812239,0.70319843,0.9944259,0.63515854,1.321809,1.1132915,0.93285453,0.981303,1.1862929,0.8513888,0.9679921,0.8578841,0.8648723,1.0740781,1.0000536,0.91643924,1.0056635,1.1973953,0.924487,1.0828046,0.8907689,0.99789673,0.8422235,1.0152977,1.0009663,1.0973942,1.0824617,1.0835892,1.0197725,0.7116208,1.3152148,1.0478859,1.1327623,0.76077795,0.55652744,0.98365825,0.87696123,0.98759997
car,0.846769,0.9538747,1.0491228,1.1008768,1.1738348,1.1092777,1.0205423,0.9582351,1.0239033,0.95440257,0.7850721,0.8432298,1.0546467,1.0896182,0.966279,0.84268427,0.85505605,1.0779139,1.0621097,0.9997192,1.1909276,1.0997189,1.0622985,1.0476152,1.0165727,0.0,0.9969693,0.84905475,1.0496588,1.0311031,1.1080853,1.0908053,1.0385312,0.88343203,1.2593936,1.0151234,1.1272506,0.8454852,1.0198463,1.1129211,1.0997744,1.0322574,0.98707515,1.0859028,0.9639331,0.85700536,1.0456822,1.0999501,0.9312993,1.0362589,0.7863335,0.80816007,1.0646536,0.99618757,1.0366552,0.8585924,0.92961913,1.0305263,0.7426309,0.9642909,1.0480727,0.71125805,0.9766777,1.027456,1.017468,0.87859464,1.0180415,1.1021882,1.168288,0.9571931,0.970909,0.9521394,1.1457887,0.9013673,1.1420197,1.315556,1.0380908,0.51342565,1.2354217,0.97259325,1.1261352,0.98717874,1.0728123,1.0655354,1.09285,0.994072,1.0650783,1.0356733,1.0278007,0.9184957,0.9274748,1.0255467,1.0155652,1.061651,1.1704483,0.97231877,1.0925562,1.0072645,0.98909444,1.1972983,0.9427021,1.0467532,0.77219605,1.1192381,1.0738043,1.1587601,0.9093995,1.0289298,0.9540972,0.8815634,1.1547797,1.0504581,1.1576936,0.9128262,0.84728354,0.92375946,1.2044661,1.1944456,1.0656531,1.1849165,0.9077993,0.96047527,1.0148159,1.0383652,1.0511758,1.0832882,1.0852439,0.93444985,1.092676,1.1214722,0.7555251,0.9662147,0.4130174,0.86779857,1.0589917,0.79433703,0.9887583,1.1362072
carrot,1.1829937,0.70827454,0.6140467,1.036491,0.86692077,0.785631,0.8060702,1.2109456,1.3587948,1.3457365,0.698246,1.2006832,1.2015643,0.990463,1.264165,1.1614009,1.1897259,0.7864659,1.0030739,1.2992504,0.8354833,1.1510608,1.0896518,0.9313366,1.0494037,0.9969693,0.0,1.0985909,1.1071995,1.0110608,1.3444387,1.2145151,0.7924523,1.0715716,1.0193653,1.4023187,1.0245785,0.4702456,1.4269617,0.9386848,1.1475102,1.1989148,1.1283913,1.2977161,0.9896639,1.1835042,0.5864925,0.70924544,1.0528077,0.47896117,1.2660666,0.6169625,0.89610875,0.6259481,0.89732397,0.9834237,1.1705039,1.0960824,1.3861308,0.55886495,0.8604281,0.79322433,1.0554234,1.061721,0.86471313,0.7116779,1.062096,1.2757462,0.95953125,1.0337317,0.734398,1.3178926,0.9076759,0.6577471,0.86206895,1.0739412,1.0766572,1.1275368,1.0106552,0.47078633,0.92715836,0.52735263,0.5255514,0.7130238,1.3251655,1.0882428,1.1779824,1.151166,1.1807357,0.5591939,0.53823507,0.8616762,1.1465813,1.256191,0.9559088,0.97469395,0.9905298,1.0274434,0.74475896,0.6849696,1.2819989,1.1792427,0.81009567,1.3332223,1.0977682,0.9725048,0.8258165,1.238114,1.0967276,0.9112491,1.0430251,1.3219827,1.3349227,1.1571686,0.6285818,0.7355685,0.76784456,0.96445554,0.79149973,1.1967595,0.80139613,0.6385729,1.323731,1.2917137,1.2811475,1.0080171,0.50136214,0.39633095,0.71360433,0.9839531,1.0887673,1.2842202,0.8674994,1.0891078,1.2501056,0.55654824,1.2490538,1.132271
cat,0.7684555,1.1149863,1.2430003,0.679688,1.2240727,1.2115948,1.2817743,1.2263848,0.7279567,0.7919781,1.0316981,0.92885435,0.8208123,0.92265475,0.74861705,0.88649434,1.0326873,1.2656703,1.357321,1.0745113,1.2873166,0.9617521,1.3047628,1.0558537,0.938316,0.84905475,1.0985909,0.0,0.9752582,1.1675434,0.7613739,0.7075238,1.0449113,0.98142165,1.2701077,0.9894407,0.9490006,1.2322075,0.88329697,1.3052568,1.2398436,0.67474216,1.0367324,0.75113153,1.2248567,0.7919512,1.0253272,1.2255132,0.8308036,1.160533,0.92298126,1.0006827,1.2130219,1.1092802,1.2818382,0.9667256,0.9544417,0.93353826,0.77843094,1.0283422,1.089757,1.2291231,0.70597106,0.9714231,0.91696584,1.1086409,0.8954144,0.72693807,1.2735996,0.6536702,1.2397388,0.9483926,1.0865599,0.90974545,1.177237,1.1116943,0.8498896,0.84984916,1.2294033,1.1816485,1.1080627,1.0569239,0.97042006,1.2047524,0.91435903,0.8932091,0.7908752,0.68858486,0.9089748,1.1964291,1.2454628,1.2420293,0.8834564,0.92121744,1.2124108,1.1353567,1.3321278,0.8263334,1.1926615,1.1527598,1.0318389,1.145954,1.1280899,1.0230405,0.86904967,1.1262765,1.2318834,0.68911356,0.93402165,0.77224284,1.3030276,0.77145493,1.0088654,0.87427044,1.1494466,1.2317466,1.1226526,1.136645,1.2816739,1.0369089,0.62200904,1.1319463,0.99661714,0.79455644,0.8714507,1.382187,1.1772097,1.1475856,1.2500981,1.0788723,1.2161117,1.215138,0.84858507,0.7672311,1.1411303,1.130493,0.83100206,0.9429064
