,alligator,ankle,apple,applesauce,arm,ball,balloon,banana,basket,bathtub,bed,belt,bench,bib,bird,blanket,boat,book,bottle,bowl,box,bread,broom,bucket,butterfly,can,car,carrot,cat,chair,chips,clock,closet,coat,coffee,comb,cookie,corn,couch,cracker,crayon,crib,cup,dish,dog,doll,door,drawer,dress,duck,ear,egg,elephant,eye,face,finger,firetruck,fish,flower,foot,fork,frog,giraffe,glass,glasses,glove,grass,gum,hair,hamburger,hand,hat,horse,hose,jacket,jar,jeans,knife,ladder,lamp,meat,melon,milk,mitten,mop,motorcycle,mouth,muffin,nail,napkin,necklace,nose,orange,oven,owl,pajamas,pants,paper,pen,pencil,penguin,pickle,pig,pillow,pizza,plant,plate,pony,potato,pumpkin,purse,radio,raisin,refrigerator,rooster,sauce,scarf,scissors,shirt,shoe,shorts,shovel,shower,sink,slide,slipper,snow,soap,sock,soup,spoon,sprinkler,stick,strawberry,stroller,sweater,table,tape,toe,tooth,toothbrush,towel,toy,tray,tree,tricycle,truck,vacuum,watch,window
alligator,0.0,1.1579382,1.1934861,1.1796813,0.9669608,1.1682076,1.3841517,1.0647297,1.3525718,1.036881,0.8223356,0.970899,0.9895156,0.81814843,0.53380144,0.7125598,0.97114974,0.70473695,1.5177025,1.3811787,1.14354,1.1722562,0.96070415,1.4841973,0.7123567,1.3303382,0.7306106,1.0912834,0.8202928,1.2334801,0.9049214,1.196191,1.0520502,1.1716995,1.221806,0.866786,1.1796091,1.1043047,1.1379895,0.65775037,1.2253292,0.98942274,1.5015625,1.086062,0.5456735,0.8219867,1.1050186,0.92260665,0.9896435,0.5951741,1.1371056,1.2617683,0.74000055,1.1451324,0.9298062,1.1095326,0.7614954,0.7912481,1.0931629,1.0470992,1.2485641,0.3930143,0.53627527,0.91769886,1.1254251,0.99610424,0.67583245,1.0283484,0.8893984,0.8894535,0.9980557,1.1143476,0.580199,1.0866704,1.0230802,1.2761891,0.91665715,1.3104132,1.2197181,1.3441457,0.93267345,1.1580276,1.3907843,0.74561596,1.1443751,0.85269153,1.0486246,1.0661744,1.2805423,1.2733083,0.9142732,1.0772616,1.199652,1.2070765,0.804408,0.85367763,0.9895949,0.632933,1.2089046,1.2155961,0.9920571,1.0246817,0.5708848,1.0829186,1.0878618,0.8877954,1.1196815,0.6009071,1.0711653,1.1025877,1.1965529,1.3601117,1.2040887,1.3890429,0.7653311,0.8516935,1.1419938,1.3815857,0.9163716,0.94655573,0.9952874,1.4107168,0.99852115,1.106566,0.8775233,1.0986001,0.72388387,1.2572557,1.1267493,1.0418396,1.3342357,1.1432728,1.0727805,0.99285454,0.87235475,0.91283,0.9597189,1.2871026,1.1463189,0.85643524,1.3517344,1.3151418,0.8988752,0.9969016,0.7288741,0.84698343,0.75592923,1.419771,1.2003087,0.96363795
ankle,1.1579382,0.0,0.8222909,0.7724733,0.9298081,1.0798643,0.76623565,1.0225991,1.1731987,1.1852522,1.2586176,0.9193167,1.250063,1.1165302,1.101887,1.2260021,1.1574936,1.1231428,1.0132339,1.0786519,1.1538317,1.0189986,1.0940571,1.1045854,1.0106115,1.0971526,1.166378,0.7952856,1.0792904,1.0607013,1.0541719,0.9367184,1.2023944,1.0475079,1.1681817,1.1776156,1.0595961,0.95129347,1.1491921,1.1896628,0.955214,1.2710867,1.0193628,1.066979,1.045848,0.89856285,1.1773726,0.98156965,0.9174828,1.1218791,0.60902417,0.76923347,1.0363538,0.87149346,0.9168245,0.38876557,1.1528642,0.9990929,0.9454858,0.44852793,0.97996974,1.062324,1.097327,1.2251216,0.6426158,0.9683263,1.1224167,0.8859606,0.7638632,1.0539969,0.58645296,0.77765733,1.0878661,1.1607983,1.031612,0.9936194,0.9659863,1.007216,1.1075053,1.0559819,1.0550131,1.0039327,1.137675,1.1464273,1.0446185,1.175108,0.6386156,1.0003537,0.71674484,1.102325,0.91370535,0.55503255,0.8225535,1.231939,1.0489978,1.0086392,0.92634064,1.1873076,0.8971827,0.86434615,1.0458343,0.94622904,1.0206517,0.9716146,1.1160969,1.1051902,1.1533307,1.0766839,0.74103,0.8361312,1.1108197,1.0615396,0.9605028,1.1447604,1.0255746,1.0627737,0.89150786,0.9540364,1.0161442,0.82438105,0.8731612,0.9273526,1.1337909,1.2259967,1.164627,0.6516829,1.184753,1.0390192,1.0343463,1.114422,0.98566973,1.098327,1.1590565,0.7746693,1.1017754,0.9941399,1.2503052,1.020083,0.2648456,0.8613116,0.8505011,1.0910107,1.0587618,1.2447153,1.1678532,1.0803759,1.0831667,1.0167254,0.75961506,1.1695628
apple,1.1934861,0.8222909,0.0,0.7541624,1.3353223,0.82887506,0.25275797,0.37618554,1.0597991,1.4089737,1.5597248,0.62209994,1.4075599,1.4306101,1.1618124,1.5013947,1.1986883,1.3288143,0.70252293,0.49669278,1.3333247,0.6281417,1.2389371,1.1017909,0.8468996,1.0197821,1.0573516,0.28347242,1.1666424,1.1174922,0.80265754,0.7105758,1.5232961,1.1274021,1.1558272,1.371432,0.67606646,0.68111336,1.4184191,1.2779243,0.32773912,1.5609757,0.7575,1.1221149,1.256986,1.18591,1.4608511,1.110383,1.227626,1.2093787,0.5362507,0.08244383,1.0798646,0.65312463,1.178343,0.6395607,1.2968915,0.55999964,0.9762355,0.585931,0.85913277,0.81330884,1.2163482,1.4594758,0.6410451,1.0956023,1.0840603,0.4925558,1.1588758,1.0883121,1.1835606,0.4326402,1.190505,1.2895546,1.3644502,0.9037726,1.3190984,0.6260027,1.3608223,0.72715294,1.0519555,0.6000653,1.1571679,1.4675605,1.257,1.2120678,0.92525357,0.6413534,0.21162903,1.165395,0.90361184,0.8062586,0.054222643,1.429262,1.126114,1.4141643,1.2464032,1.4883461,0.433424,0.4390937,1.01615,0.22148389,1.0472851,0.81194127,0.86349547,1.1309398,0.80761105,1.1294876,0.33263564,0.5023458,1.3587466,0.9196164,0.48345405,1.2485564,1.061582,1.0945818,0.8856898,0.54197824,1.2841318,0.99629235,1.2154154,0.51438236,1.4369309,1.44255,1.3844626,0.39354408,1.2936499,0.45326197,1.118318,1.021865,0.587141,0.8830193,1.2622626,0.3632686,1.3494334,1.2908858,1.4494073,0.41362333,0.53025043,0.86252636,0.6470494,1.0497372,0.76241386,1.330746,1.0805737,1.2012862,1.1962388,1.273376,0.32765245,1.3758438
applesauce,1.1796813,0.7724733,0.7541624,0.0,0.9203,0.79069316,0.7122568,0.8290269,1.1468937,1.1341131,1.3580191,1.028107,1.3237629,1.1533651,1.1349437,1.2617978,1.2031384,1.2233309,0.90247947,0.9085134,1.1566,0.69141436,1.1137897,0.9730088,1.0399401,1.2621553,1.2782233,0.80768764,1.2070847,1.2429657,0.727971,0.8223987,1.306818,1.13181,0.79420096,1.0645274,0.7430121,0.88917696,1.2091173,0.7972505,0.9812287,1.3537432,0.9130767,0.6053972,1.1913948,1.0168726,1.2514988,1.1313461,1.0658209,1.1916833,0.84969497,0.6942743,1.0881631,0.8418523,1.0934408,0.57752794,1.3126478,0.9606641,0.9320652,0.85496116,0.8985143,1.0646648,1.1521319,1.1495489,0.96071523,0.8752372,1.1308701,0.64291286,1.0677942,0.63690865,0.66352,1.0244989,1.1760912,1.0699265,1.2409599,0.6170719,1.236567,0.98578364,1.2559065,0.9079504,0.8869966,0.49845827,0.9393368,1.0415655,0.9980641,1.2392375,0.79748416,0.701322,0.8027181,0.8968437,1.0704731,0.8062271,0.75239164,1.219026,0.97516763,1.1972115,1.2399484,1.2274091,0.94954395,0.89274246,1.1651528,0.5915096,1.1428384,1.0760884,0.8964856,1.1267709,0.90435493,1.1821814,0.78546774,0.6989347,1.1600381,1.1025879,0.7797383,1.126627,1.0793092,0.61212516,0.9956312,1.0353308,1.181744,0.91304344,1.186491,0.9477899,1.179812,0.9750042,1.1676394,0.9487126,1.1839309,0.7887087,0.9188074,0.5881968,0.7428983,0.95083845,0.9296485,0.8304778,1.1720794,1.2282635,1.1632838,0.86781865,0.7405989,1.0708013,0.81195426,0.9825869,1.1079407,1.0504128,1.2277467,1.1164333,1.2485855,1.1934448,0.8637656,1.2302794
arm,0.9669608,0.9298081,1.3353223,0.9203,0.0,1.1128588,1.2869046,1.3685808,1.2653692,0.73676515,0.66117793,1.2536331,0.82644176,0.7072859,1.0347365,0.6884027,1.0715234,1.0201195,1.2307507,1.3873489,1.0045321,1.1806275,0.8803122,1.1548587,1.2787572,1.0738604,1.1686631,1.2577018,0.80730665,0.9933544,1.1405926,1.2668657,0.680686,0.9997513,0.8969282,0.84074724,1.2699499,1.202667,0.82547003,0.8258648,1.3869323,0.71885765,1.2790223,0.93315196,1.0540642,0.96869886,0.7108951,1.00776,0.49735904,0.9429775,1.1207188,1.2948099,1.1240096,1.2732844,0.7471923,0.7779256,1.0873116,1.3722037,1.0030886,0.91891366,1.1621327,1.3735061,1.0447202,0.76460993,1.0912116,0.91680515,0.9256166,1.2120773,0.7469895,0.7901623,0.37581754,1.3427634,1.0884496,0.92479223,0.5959343,1.1240417,0.5687575,1.2647569,0.9593161,1.327162,0.9605416,1.0490272,1.005831,0.5406112,0.9416189,0.9803122,0.8129101,1.1832579,1.2846929,1.0224907,1.140827,0.8673069,1.2994537,0.7599925,1.1449218,0.62965465,0.65750015,0.74712324,1.3235228,1.2478858,1.2197971,1.3403887,1.2050054,1.0488915,1.1498486,0.89028835,1.2055341,1.1661395,1.1713306,0.9387511,1.0696737,1.2514229,1.4158027,0.94911546,1.143794,0.90797997,1.1340324,1.438529,0.46332967,1.1617115,0.641642,1.4028347,0.6567045,0.74967206,0.78672475,1.2489283,0.8491827,1.3755896,0.93822396,0.9472488,1.3494756,1.2000644,0.8340061,1.2464288,0.9925286,0.5912471,0.5926415,1.4627011,0.9258559,1.0536547,1.1292899,1.1835824,1.4061286,0.9613023,1.0451095,0.9455271,1.1147989,1.0831834,1.3169726,0.7314569
ball,1.1682076,1.0798643,0.82887506,0.79069316,1.1128588,0.0,0.79316944,0.9087091,0.9395696,1.1248404,1.0808798,1.1321261,1.0881032,0.939904,0.93703836,0.9429065,1.0241076,0.99415404,0.96249926,0.9480822,0.91360587,0.942519,1.0533686,0.9273654,0.96751004,1.1155868,1.0964346,1.0414592,1.1498584,1.1032398,0.95853215,0.83891827,1.1746086,1.0171292,0.90647167,0.9190328,0.86920655,0.90514946,1.0563761,0.9061541,1.0503026,1.1385128,0.91893524,0.8691016,1.0752375,0.93180585,1.1603919,1.1678615,1.1305811,0.947302,1.0683124,0.8735825,1.0508226,0.9593595,1.0965271,1.0365021,1.0423423,0.9820361,0.8456716,1.1414694,1.0126716,0.9756641,0.9140811,1.0384674,1.1110176,0.9364991,1.012689,0.83722943,1.1521784,1.0185553,1.0396483,0.9910802,1.1042491,1.0886664,1.185253,0.9177276,1.1132197,1.1074988,1.1026555,0.9748316,0.9626674,0.60906327,0.9228967,0.9588664,1.0313036,1.0670573,1.1508644,0.93434715,0.9553686,0.8910098,1.1102078,1.0683676,0.8151391,1.1132339,0.7577032,1.0837457,1.1619797,1.0245295,1.0924733,1.1054864,0.8867029,0.93704754,1.0923238,1.0269567,0.915339,1.032017,1.0061731,1.0715613,0.8993557,0.6819811,1.0113645,0.9409282,0.86795425,1.1003133,0.93401986,1.0226866,1.0620844,0.90264153,1.2006615,0.8248092,1.146328,1.0015335,1.1445044,1.0846635,1.0521479,1.1387355,1.115815,0.9809569,0.55749476,0.9249831,0.96316826,1.0776619,0.95132464,1.0031724,0.9812719,1.137621,1.0732801,0.8431901,1.1046032,1.1514035,1.0391988,0.8513398,0.7523775,0.9013497,0.99013937,1.0840769,1.1513538,1.0675972,1.0615011,1.1381744
balloon,1.3841517,0.76623565,0.25275797,0.7122568,1.2869046,0.79316944,0.0,0.6858239,1.0310473,1.4346406,1.5652112,0.6742353,1.3102424,1.3891262,1.2382038,1.504318,1.2658721,1.3635514,0.6484577,0.52769446,1.3008811,0.8432896,1.1643327,0.8817439,0.9387187,0.838055,1.1312022,0.36832976,1.1480243,0.92509156,1.0305691,0.7089592,1.4287615,1.0692502,1.0350772,1.2491364,0.90090054,0.85764325,1.2880646,1.4077446,0.4164046,1.5335042,0.6479454,1.1225427,1.3273251,1.1735139,1.2888631,1.1327262,1.2070771,1.2922196,0.43526328,0.2514143,1.0939988,0.64417696,1.1775501,0.5436866,1.3262324,0.6584396,0.9425417,0.6093672,0.8795929,1.0411731,1.2535219,1.409085,0.6719766,1.0640752,1.1481861,0.5747315,1.0675048,1.183754,1.058851,0.4993285,1.2221118,1.2030575,1.2597334,0.87042063,1.242025,0.6619812,1.1937882,0.6482689,1.1428802,0.6461839,0.99130875,1.3837403,1.1239871,1.2096517,0.8255597,0.842562,0.26306772,1.0314386,0.8700254,0.7442257,0.277875,1.3516604,1.114404,1.3405659,1.1527387,1.5115961,0.49518526,0.49662507,0.94202256,0.46999204,1.1144656,0.70672727,1.0381281,1.1748116,0.8861277,1.1832063,0.493661,0.54364955,1.2623038,0.8426678,0.5444762,1.1380647,1.1265074,1.1683685,0.70007914,0.5624046,1.2551019,1.0050148,1.1295254,0.49363363,1.3075135,1.347479,1.3342783,0.44416785,1.3141344,0.58356357,0.95755327,1.0740904,0.6256121,0.78689384,1.2336701,0.3623445,1.2697835,1.2785573,1.4387469,0.53731513,0.51409304,0.8239087,0.5700388,0.96698254,0.885006,1.3405479,1.1115413,1.1667181,1.2968285,1.0484216,0.4448533,1.3128706
banana,1.0647297,1.0225991,0.37618554,0.8290269,1.3685808,0.9087091,0.6858239,0.0,0.84365547,1.2658484,1.5146167,0.78541756,1.2577335,1.3776382,1.0778153,1.442386,0.94870067,1.2114965,0.7416855,0.51864386,1.1965795,0.40365547,1.2254409,0.98736554,0.8000101,1.0194255,0.9871722,0.56920934,1.3181617,1.0892668,0.53466505,0.728894,1.4968679,1.149505,1.1267893,1.2325113,0.4334575,0.25145608,1.3804736,0.99517244,0.507199,1.4112132,0.7614213,1.0479504,1.249843,1.2008606,1.467005,1.0414304,1.3559363,1.118324,0.87649596,0.47920656,1.0523214,0.8216316,1.2389671,0.9615921,1.2156682,0.59602934,1.0603127,0.8938713,0.6658236,0.6582897,1.0699148,1.4074948,0.899625,1.0377293,1.1639273,0.66777587,1.32213,0.90837276,1.2652593,0.55980736,1.1217293,1.1560978,1.4854023,0.833544,1.4299333,0.6131234,1.313446,0.73304605,1.020054,0.6075355,1.043747,1.3274376,1.1878645,1.1560203,1.1637955,0.4791528,0.6149497,0.9959943,0.96440774,1.104387,0.42760193,1.2623619,1.0660142,1.4731165,1.3627641,1.3855219,0.5581815,0.5862677,1.0059875,0.29079866,1.0073402,0.9741275,0.63758165,1.0614334,0.60362566,1.0838015,0.5451473,0.70274705,1.1507301,0.8525008,0.62779075,1.1153226,1.029179,0.9409967,0.9130571,0.5332167,1.4127901,0.9363376,1.365016,0.5425441,1.4714749,1.2955145,1.2466679,0.6913392,1.2299782,0.43030423,1.0542747,0.80654037,0.49034292,0.86892605,1.1205117,0.7412101,1.2527936,1.3962364,1.3345664,0.27096748,0.8829501,0.9461619,0.7419441,0.8899606,0.6296648,1.0275815,1.1110418,1.2147617,1.0992296,1.1841468,0.62048036,1.4408675
basket,1.3525718,1.1731987,1.0597991,1.1468937,1.2653692,0.9395696,1.0310473,0.84365547,0.0,0.80460644,1.0207174,0.984274,0.9120383,1.1592958,1.1712921,1.1579872,0.6250005,0.93630046,0.5979293,0.54086876,0.6296968,0.89292264,1.0442636,0.49245787,0.83878696,0.6622771,1.0135689,1.0885319,1.1979884,0.7539625,1.051914,0.80431014,0.94073117,0.92267656,0.886368,1.0300686,0.81473064,0.71872765,0.80224454,1.1877834,0.8592533,0.73626906,0.5427815,1.0332139,1.2385145,1.1021762,0.94299614,0.9323586,1.3150613,1.0657556,1.2322557,1.1049453,1.1065582,0.93661666,1.2557933,1.3221542,0.90135086,1.0922546,1.0316764,1.288291,0.6528492,1.0383481,1.1647542,0.96899164,1.2497272,1.0367376,1.1480062,1.1722231,1.3630922,1.2412782,1.3273259,0.9755306,1.0777917,0.8290356,1.2625828,0.75478613,1.3317604,0.65294087,0.684076,0.6296881,1.0727066,1.080354,0.6081211,1.3009894,0.93613344,1.0467676,1.3324122,0.97518694,1.1362431,0.7123679,0.90802956,1.3706503,1.0825188,0.69002426,0.9332979,1.3103685,1.3007529,1.0859361,0.8309908,0.9062906,1.0125797,1.0436466,1.1492574,0.9098406,0.8391062,0.9757588,0.7975989,1.0436369,1.0748475,1.1155387,0.57555354,0.398351,0.86873674,0.41361368,1.0039281,1.1922736,0.9877608,0.62861913,1.3413229,1.0187888,1.2983586,0.64943075,1.1587434,0.80717385,1.1192493,1.1729141,1.1573908,0.6844866,0.9217885,1.0421153,0.67160136,0.90426445,1.0131019,1.1785314,1.0677899,1.3042758,1.1036497,0.72273743,1.2723811,1.081814,0.8416839,0.62139225,0.8760707,0.7196376,0.9974635,1.1669064,0.85821927,0.5761105,0.99715424,1.040081
bathtub,1.036881,1.1852522,1.4089737,1.1341131,0.73676515,1.1248404,1.4346406,1.2658484,0.80460644,0.0,0.41204858,1.326818,0.6943468,0.6601204,0.9629024,0.59701514,0.36264342,0.8541467,1.1694227,1.1815702,0.71694756,1.1953527,1.002586,0.9696594,1.2562196,1.056121,1.0755668,1.3001721,0.82726014,1.0911901,1.1200932,1.1196325,0.58362806,1.1271954,0.70701927,0.99344945,1.1250399,1.0705363,0.9402165,0.6751738,1.3387904,0.3377769,1.1537246,0.63878006,1.0607297,1.2123754,0.7385599,0.96077037,0.7259817,0.84043986,1.3663006,1.377038,1.1021379,1.3037089,0.8181102,1.2962283,0.9804171,1.2759662,1.1635702,1.2728271,1.0347168,1.2241228,1.0636384,0.6095636,1.2253375,1.1347305,0.8478514,1.2489145,0.9171656,0.9554982,1.0052906,1.4132161,1.0681945,0.7921014,0.7834265,1.1774944,0.7708883,1.2070956,1.0299163,1.0879687,0.95164764,1.0897387,0.8647991,0.8012899,0.80277276,0.978084,1.0354519,1.1710672,1.3498753,1.0208896,1.1572207,1.1393733,1.3538413,0.5536105,1.1776924,0.75027716,0.85476875,0.62534046,1.3713791,1.3434234,1.1207087,1.349062,1.0764345,1.2717409,1.0866289,0.9254807,0.9572163,1.081397,1.4170498,1.2711456,0.9805821,1.1448894,1.4241319,0.8703099,1.1633183,0.87348324,1.1046065,1.2604666,0.6836798,1.2252355,0.9368336,1.2930624,0.71350515,0.21375144,0.7650668,1.3618956,0.8224009,1.1847426,1.0719215,0.9117767,1.2152519,1.0898911,0.89379114,1.412715,1.0313773,0.70870394,0.53431356,1.1938422,1.329922,1.2553066,1.1888294,1.1894116,1.2024635,0.58017015,0.972699,1.065811,0.9804707,1.0927309,1.364596,0.6783805
bed,0.8223356,1.2586176,1.5597248,1.3580191,0.66117793,1.0808798,1.5652112,1.5146167,1.0207174,0.41204858,0.0,1.3731091,0.46499896,0.32557666,0.9060858,0.20145631,0.71922696,0.51651436,1.347523,1.4444499,0.7054038,1.4474016,0.85058594,1.1452208,1.3339641,1.0019007,0.8887259,1.472488,0.67837226,0.8886455,1.2740281,1.2939324,0.34370536,1.0679368,0.90109617,0.73434824,1.3868303,1.3068756,0.5972768,0.76592493,1.4799402,0.20636487,1.3838344,0.93015534,0.8872814,0.9265064,0.5151991,0.9574171,0.62996256,0.8067273,1.4507602,1.5610639,1.0930382,1.3601316,0.75063574,1.3443178,0.69166934,1.4256563,1.1614571,1.3367264,1.3339349,1.247246,0.9567862,0.4583614,1.2658448,1.0213815,0.68811214,1.3310938,0.81872237,1.0643859,0.9324644,1.4419298,1.0486476,0.8498402,0.5680442,1.320566,0.5183711,1.3868296,0.69278616,1.2935512,1.019874,1.262941,1.0337491,0.53449064,0.96786,0.70688844,1.054612,1.4051245,1.4966075,1.0444232,1.1512463,1.1733271,1.5257823,0.5921036,1.0667157,0.44149065,0.6959103,0.3393482,1.5193077,1.4908533,1.0202956,1.609938,1.0656369,1.1163015,1.2553415,0.8971675,1.2047691,1.0806243,1.4453603,1.2890161,0.8168009,1.216311,1.5928401,0.86669517,1.1119514,1.0736623,1.2140676,1.4568479,0.5588888,1.1600722,0.76467776,1.5472312,0.5107813,0.60822386,0.59644496,1.4598835,0.6831691,1.451855,0.89413667,1.136867,1.558172,1.2740326,0.867407,1.492859,0.80052733,0.53113705,0.3222896,1.5027734,1.4078598,1.1596268,1.4294236,1.1586365,1.0670038,0.6200737,0.88761234,0.82595193,0.861539,0.97322255,1.5095167,0.44343477
belt,0.970899,0.9193167,0.62209994,1.028107,1.2536331,1.1321261,0.6742353,0.78541756,0.984274,1.326818,1.3731091,0.0,1.1184299,1.3958347,1.1765043,1.2565275,1.1167861,1.2250328,0.8842601,0.53389037,1.2998053,0.94169796,1.0381125,1.0484626,0.76674163,0.7079929,0.77097684,0.58339036,0.9226765,0.85710037,1.0228114,0.8796853,1.4208739,1.0427111,1.2341971,1.0883645,1.0352213,0.88656485,1.229096,1.3779519,0.43547046,1.4196036,0.8252211,1.3197246,1.2343258,1.1442721,1.2652717,0.7967357,1.2406164,1.2241304,0.5442169,0.6364368,1.1210692,0.7763609,1.1832328,0.6658294,1.1102186,0.6041713,1.0874068,0.4622966,0.9157326,0.8013034,1.0445088,1.3227385,0.5399277,1.2049944,1.039541,0.691007,1.0545219,1.2133204,1.0972357,0.5343007,1.1431869,1.1423782,1.1668928,1.0668054,1.1046449,0.5782668,1.16048,0.7972286,1.1793522,1.0606762,1.2228124,1.3698869,1.2612671,1.0360267,0.8441809,0.9424592,0.55244774,1.184691,0.6406851,0.72195953,0.6968198,1.1883323,1.1301911,1.2098151,1.0032189,1.3576498,0.39049911,0.4307437,1.1455443,0.6552196,1.0275756,0.48550916,1.0477145,1.2570579,0.89893305,1.111323,0.5701581,1.0799046,1.2269766,0.7580563,0.78299654,1.1665893,1.1490175,1.1383969,0.7065432,0.7247015,1.213289,0.7766289,0.9645637,0.529732,1.3203238,1.2288697,1.2207268,0.3425303,1.077417,0.65652865,1.1391429,1.2297974,0.6523581,0.8317256,1.1579493,0.49488437,1.1868138,1.2393242,1.4574502,0.75589097,0.580422,0.51383203,0.65298563,0.96830136,0.9411835,1.2762177,0.97080207,1.1050932,1.0184498,1.0327077,0.32018936,1.2623332
bench,0.9895156,1.250063,1.4075599,1.3237629,0.82644176,1.0881032,1.3102424,1.2577335,0.9120383,0.6943468,0.46499896,1.1184299,0.0,0.81795233,1.0145125,0.5826897,0.80257857,0.8353517,1.2076179,1.0957669,0.7753912,1.2893164,0.8483793,0.92389864,1.2153453,0.49071288,0.8688376,1.2553027,0.8164018,0.50468326,1.2632214,1.3287551,0.54754686,0.9842734,1.010879,0.7769724,1.2593268,1.1798598,0.6752253,0.98046637,1.2173147,0.50553185,1.1227497,1.0833498,1.0764552,1.1602747,0.6330327,0.7469099,0.90903324,0.9691225,1.3259188,1.4396497,1.035461,1.2691948,0.9544992,1.2573022,0.8809594,1.213606,1.1242894,1.2058606,1.1084988,1.2605326,0.9839544,0.84881985,1.236496,1.0559523,0.90630394,1.2738019,1.011335,1.1155528,1.007944,1.2598428,1.0387816,0.7651614,0.74991393,1.2380854,0.67938954,1.0782965,0.7094806,1.1142535,1.044994,1.2050146,0.9295534,0.7314284,0.9929792,0.8608259,1.0997486,1.2945125,1.3620577,0.8030565,1.168555,1.1499152,1.4135271,0.61531204,1.07124,0.78515553,0.7546288,0.7413665,1.180183,1.2130653,0.9353167,1.4014629,1.1111968,0.81496,1.1753359,0.9356123,1.0202044,1.0678443,1.2469859,1.2246236,0.8252591,0.9507433,1.4078609,0.86393553,1.2227583,1.0945706,1.0093484,1.2569414,0.7889854,1.1560962,0.805207,1.1987901,0.7307104,0.65840733,0.5881273,1.279023,0.80953056,1.1556845,0.84583586,1.0896552,1.2474629,1.1158646,0.7925267,1.2513801,0.84347606,0.8254608,0.6325735,1.2338932,1.3077483,0.98420465,1.2660842,0.9353884,1.0846939,0.6872713,0.95707554,0.9330337,0.96643126,0.84422237,1.3770211,0.7308344
bib,0.81814843,1.1165302,1.4306101,1.1533651,0.7072859,0.939904,1.3891262,1.3776382,1.1592958,0.6601204,0.32557666,1.3958347,0.81795233,0.0,0.8186692,0.21397555,0.8231901,0.42299646,1.3024917,1.5012318,0.72203153,1.3767167,1.0081103,1.1633617,1.2688304,1.2300676,1.0125904,1.3842161,0.82517517,1.1338806,1.1553206,1.2299786,0.6717207,1.018656,0.9612872,0.6698017,1.3326358,1.1605737,0.85660464,0.71837986,1.4342897,0.55029297,1.3879213,0.9339564,0.84889454,0.79884917,0.7998205,1.1473354,0.6527514,0.7241635,1.263248,1.4248737,1.0747463,1.2884469,0.79620737,1.1620337,0.7223511,1.3319182,1.096751,1.2469053,1.3224171,1.1055406,0.8719209,0.61636615,1.1564463,1.0760691,0.7037328,1.1518259,0.8028719,0.99844337,0.77926356,1.3076178,1.0662373,0.8779162,0.63434386,1.2055506,0.6506395,1.4502773,0.97485983,1.2911804,0.95287377,1.0876461,1.0264772,0.4433381,0.9924584,0.8729361,0.91272974,1.2915345,1.3758476,1.0055395,0.98816156,1.0257112,1.4187799,0.83581066,0.93148524,0.40432692,0.8229182,0.31745595,1.4988935,1.4433742,0.96560353,1.4928102,1.0101403,1.1826807,1.2217083,0.959628,1.1629215,1.0895737,1.3280088,1.1180184,0.88351405,1.3027128,1.4964551,1.0661047,1.0000942,0.9619739,1.202321,1.3757876,0.6832417,0.97394806,0.8330283,1.5075288,0.7491343,0.85850954,0.869117,1.3798614,0.89189863,1.4859216,0.72382724,1.0409588,1.5413264,1.2290626,0.98509145,1.3162631,0.93605447,0.6409073,0.53387314,1.4112148,1.2438037,1.0543958,1.300628,1.018627,0.9402905,0.7077921,0.96870553,0.926591,0.9569671,1.0707924,1.4111114,0.72673714
bird,0.53380144,1.101887,1.1618124,1.1349437,1.0347365,0.93703836,1.2382038,1.0778153,1.1712921,0.9629024,0.9060858,1.1765043,1.0145125,0.8186692,0.0,0.85047174,0.89888275,0.7069344,1.2702782,1.2675302,1.0071504,1.1677613,1.1171283,1.2024983,0.80692685,1.2506078,0.88169885,1.1597183,1.0334133,1.2957959,0.99003357,1.05511,1.0720587,1.1145653,1.0671276,0.90144765,1.0663172,1.084471,1.1236451,0.7838743,1.173837,0.9823344,1.2913687,0.9799334,0.59557766,0.75951743,1.1028666,1.063657,0.96874654,0.14302689,1.1400654,1.1776099,0.8747834,1.0929022,0.9443488,1.1530004,0.78248096,0.7508602,1.1087785,1.1898865,1.0449843,0.6020618,0.6727432,0.94331056,1.1336609,0.9356961,0.8897841,1.0412475,0.974527,0.97479165,1.0331887,1.1392698,0.7715452,1.0843703,1.0766094,1.2548892,1.0542961,1.2122629,1.1054068,1.2008898,0.945511,1.1537201,1.1553236,0.8288022,0.9624861,0.971056,1.1399341,1.1654503,1.1690239,1.1527815,0.9933732,1.0984479,1.1089646,1.1246015,0.83783805,0.9388965,1.1114323,0.651324,1.1848161,1.20548,0.9640425,1.1880572,0.80777586,1.2685266,1.0447506,1.0184958,1.0963794,0.7831992,1.1753991,1.0245283,1.0450608,1.2291648,1.1622587,1.1632302,0.84782857,0.96178645,1.1758021,1.0999874,0.99171036,1.0198238,1.1139934,1.2505995,1.0447539,1.0070865,0.9747582,1.1588386,0.9704255,1.1973141,1.0242759,1.0270616,1.1929624,1.1308104,1.068119,1.0894829,0.97017556,0.9481829,0.97113156,1.0879421,1.1952308,1.0666509,1.1946008,1.236363,0.8404128,0.89031625,0.8578453,0.9666052,0.8622812,1.1867999,1.1995044,1.0004866
blanket,0.7125598,1.2260021,1.5013947,1.2617978,0.6884027,0.9429065,1.504318,1.442386,1.1579872,0.59701514,0.20145631,1.2565275,0.5826897,0.21397555,0.85047174,0.0,0.8309345,0.53588986,1.4171879,1.4751483,0.84826,1.4145913,0.94508034,1.2250137,1.1708525,1.1155161,0.88857436,1.4136927,0.57725227,0.9910662,1.2381574,1.2810191,0.59370947,0.9801357,0.9794419,0.5879766,1.3778042,1.2203641,0.82907087,0.7178114,1.4059122,0.49816954,1.439077,1.0061022,0.86935544,0.99368,0.7497325,1.0818663,0.6621866,0.77435946,1.32105,1.4886081,1.0779642,1.2776521,0.8507279,1.2439077,0.73428124,1.3003458,1.1453788,1.2202289,1.3651183,1.1002434,0.8393848,0.58499587,1.2343384,1.0757129,0.5895308,1.187437,0.82951874,1.125979,0.89135873,1.3872516,1.0276667,0.8219253,0.56646985,1.293602,0.5037738,1.4146619,0.97360474,1.2990448,1.0205508,1.1943035,1.1272182,0.46685028,1.051237,0.78018546,1.0165706,1.3345484,1.4276276,0.986603,1.0129573,1.0898672,1.4917643,0.7777611,0.9088968,0.3582716,0.6813042,0.36589968,1.4416695,1.4198382,0.9957548,1.5278484,1.0407885,0.9616382,1.241801,0.9814199,1.2373359,1.0571412,1.3576229,1.3085397,0.9096234,1.2582464,1.531091,1.093902,1.0275044,1.0426966,1.1147796,1.4406701,0.62628645,0.9559081,0.7155318,1.511743,0.69858015,0.7652924,0.72845656,1.3958111,0.65483606,1.4398577,0.6766759,1.1169736,1.5367061,1.2200068,0.94380134,1.3426706,0.9197079,0.59857655,0.5464009,1.4865019,1.3086252,1.0062388,1.3710109,0.99300766,1.0712706,0.7814404,0.8580889,0.92090684,0.9564887,1.0929577,1.4123228,0.6463328
boat,0.97114974,1.1574936,1.1986883,1.2031384,1.0715234,1.0241076,1.2658721,0.94870067,0.6250005,0.36264342,0.71922696,1.1167861,0.80257857,0.8231901,0.89888275,0.8309345,0.0,0.78738517,1.0667192,0.9757007,0.6515165,1.0344076,1.0941913,0.92776924,1.0146452,1.0257328,0.8349306,1.1547991,1.0866247,1.0355752,0.9849664,0.95724833,0.96825683,1.160618,0.8978262,1.0528986,0.9540571,0.83113515,1.061532,0.84041524,1.1512829,0.56134915,1.0436717,0.858743,1.0307246,1.1210777,1.030842,0.90887964,1.0240741,0.8018172,1.2935009,1.2324121,1.0570219,1.1467192,0.9921204,1.2588502,0.84446275,0.9735081,1.1839797,1.2408412,0.91306376,0.9376027,0.9617155,0.96163905,1.1886861,1.1044991,0.97957015,1.1087826,1.133502,1.0224962,1.1819532,1.1409351,0.97621447,0.91358066,1.0817723,1.1176789,1.0555027,1.062408,1.0903258,0.9496556,0.98798305,1.0159558,0.8991009,0.99984986,1.0062258,1.00978,1.1678903,1.0308298,1.2247303,0.9313341,1.0517133,1.2244022,1.1706287,0.81483805,1.0129999,1.0312717,1.0948999,0.7628319,1.1697513,1.1788765,1.0458441,1.1309482,0.92936134,1.1615466,0.9608679,0.9816914,0.8094014,0.948059,1.1982954,1.0965759,0.9080514,0.8743324,1.2275853,0.9427414,1.1225815,0.9976455,0.9927377,1.0609512,1.0030382,0.9445842,1.1120749,1.1162243,1.090185,0.64983684,0.8419286,1.1952525,1.0037766,0.9452747,0.9842049,0.98639286,1.0465609,1.1603304,1.0205538,1.2585809,0.9995024,1.0079185,0.8653355,0.8826605,1.2815999,1.0779389,1.1583279,1.0312896,0.88881594,0.6344577,0.9036669,1.0924737,0.758041,1.0457915,1.1702517,0.922386
book,0.70473695,1.1231428,1.3288143,1.2233309,1.0201195,0.99415404,1.3635514,1.2114965,0.93630046,0.8541467,0.51651436,1.2250328,0.8353517,0.42299646,0.7069344,0.53588986,0.78738517,0.0,1.1245917,1.2258517,0.47803736,1.255464,1.0375929,0.9790748,1.0057478,1.1281357,0.82263654,1.2835608,1.1203566,1.136254,1.0842233,1.0694722,0.91939557,1.1237727,0.9724014,0.9202407,1.1377825,1.0838321,0.889499,0.8605993,1.2130092,0.71016186,1.1743579,0.9642585,0.77209306,0.81030357,0.99221325,1.0209831,0.9988792,0.6511144,1.3034587,1.3808098,0.9662695,1.2012604,0.93815464,1.2098265,0.5860464,1.1065468,1.0479702,1.3116989,1.0770508,0.82067597,0.7935889,0.71032566,1.2169882,1.1268289,0.88672185,0.96021885,1.0204283,1.0725645,0.96966594,1.2046727,0.8762722,1.0869081,1.0593125,1.1219362,1.0101926,1.1395719,0.8725001,1.1589422,0.8830765,1.1664014,0.9742019,0.8277034,1.082366,0.88194954,1.0974762,1.2291332,1.3365535,1.0906938,0.802634,1.177941,1.3185961,0.9641738,0.9116751,0.79086685,1.1241969,0.17539573,1.2427691,1.2481486,0.9243988,1.3532038,0.8804985,1.2795663,1.073793,0.9726964,0.9238024,0.8832785,1.2636636,1.151447,0.79997367,0.95861775,1.3538352,0.9817177,0.9449804,0.98721063,1.2428936,1.1605935,1.0223932,0.9962548,1.1117438,1.2762264,1.012957,0.970872,0.8872984,1.3425425,1.0352303,1.2425708,0.9524561,1.0100882,1.2791469,1.2661529,0.93782765,1.315344,0.91360617,0.9449058,0.6981066,1.155154,1.2965914,0.9785898,1.2271299,1.1539365,0.6741737,0.5383601,0.92116916,0.9145723,0.77810675,0.98831266,1.2887838,0.86281323
bottle,1.5177025,1.0132339,0.70252293,0.90247947,1.2307507,0.96249926,0.6484577,0.7416855,0.5979293,1.1694227,1.347523,0.8842601,1.2076179,1.3024917,1.2702782,1.4171879,1.0667192,1.1245917,0.0,0.47101438,0.81566393,0.7800398,1.1171672,0.34408534,0.9166435,0.67330587,1.1408197,0.8217149,1.2554231,0.86756927,1.1056002,0.6729975,1.1825558,0.92653084,0.8118851,1.253018,0.7972867,0.8536642,0.9222488,1.3111565,0.5067916,1.1930597,0.1744082,1.0469556,1.3114651,1.1581528,1.0832772,1.1209227,1.2569487,1.2800343,0.8814329,0.7043605,1.1609068,0.82690394,1.2179368,1.0762492,1.1045854,0.8997077,0.9245228,1.0377071,0.71320766,1.1358297,1.250649,1.0859194,0.99661124,1.0257231,1.3314468,0.8533618,1.2938176,1.1396556,1.2913404,0.75949186,1.2014881,1.041402,1.2769954,0.38662094,1.3457457,0.5081273,0.8214689,0.59552103,1.1250029,0.9541692,0.34554744,1.4579828,0.9739421,1.1333038,1.2279907,0.8848765,0.68357277,0.77617514,0.94219625,1.2082251,0.7505336,0.97795486,1.0402077,1.4023477,1.2599579,1.2986875,0.580531,0.6199524,1.0193936,0.73832095,1.1996136,0.8747822,0.88804156,1.0300928,0.818336,1.1571589,0.9384341,1.0238477,0.8966479,0.5371229,0.63191444,0.64760673,1.0957386,1.1595494,0.98293203,0.53975236,1.3355601,0.9784084,1.2755196,0.47467077,1.1862742,1.1035757,1.2444139,0.8111319,1.3442558,0.4979065,1.0856616,0.9548452,0.57175994,0.70144206,1.0262369,0.96183234,1.1625222,1.3363738,1.0931419,0.51300144,0.97046435,1.0738221,0.5618223,0.6477976,0.9056036,1.0927938,1.1008114,1.138467,1.0535557,0.6637781,0.6551346,1.169037
bowl,1.3811787,1.0786519,0.49669278,0.9085134,1.3873489,0.9480822,0.52769446,0.51864386,0.54086876,1.1815702,1.4444499,0.53389037,1.0957669,1.5012318,1.2675302,1.4751483,0.9757007,1.2258517,0.47101438,0.0,1.0373427,0.62090725,1.1553422,0.55489486,0.8338113,0.57928914,0.9638272,0.5631304,1.248508,0.78273,0.8671374,0.73108387,1.3944614,1.0487477,0.86344147,1.3109524,0.653759,0.74201244,1.0829289,1.3724993,0.39673108,1.3400863,0.33848697,1.0023063,1.3966988,1.2749214,1.2772622,0.89746624,1.416713,1.256197,0.880736,0.5440966,1.1326286,0.7764749,1.3563348,1.0169219,1.2202414,0.646143,1.0921595,0.9001701,0.6348986,0.9828883,1.2797289,1.3465065,0.9736942,1.0512776,1.2642726,0.7528659,1.4333485,1.0844303,1.3584859,0.6161316,1.1995391,1.1151701,1.4413754,0.75286925,1.4247395,0.36308426,1.0567214,0.50918585,0.9986039,0.72349423,0.77213293,1.5392452,1.1642305,1.2278756,1.2065752,0.78051716,0.6421882,0.81761503,0.9208206,1.1888742,0.568727,1.0309772,1.1325355,1.4869304,1.301697,1.426175,0.42670894,0.49066687,1.0827643,0.46392733,1.2003682,0.5939832,0.7655898,1.1104034,0.47921264,1.1466259,0.59226793,0.84987307,1.0549412,0.4450392,0.6044253,0.8489065,1.1899331,0.96632785,0.84638774,0.5135926,1.4574264,1.0181329,1.2603418,0.29625183,1.3993719,0.97605145,1.2847863,0.6710754,1.2662771,0.24520385,1.0644321,0.78600675,0.30833995,0.79547644,1.0963387,0.71161604,1.2949314,1.464436,1.3391654,0.33794534,0.9056875,0.89151686,0.6161416,0.74019927,0.84935516,0.93478346,1.0925994,1.2230108,1.0706563,0.89429754,0.57317644,1.3066235
box,1.14354,1.1538317,1.3333247,1.1566,1.0045321,0.91360587,1.3008811,1.1965795,0.6296968,0.71694756,0.7054038,1.2998053,0.7753912,0.72203153,1.0071504,0.84826,0.6515165,0.47803736,0.81566393,1.0373427,0.0,1.1362833,0.9925492,0.69624865,1.1541135,0.90281796,1.0714853,1.3227262,1.2101321,0.964231,1.1556597,1.0106835,0.80319583,0.9768884,0.8148297,1.038698,1.0373964,1.0597485,0.7908088,0.920273,1.220946,0.6059194,0.8654141,0.8430322,0.9742744,0.97773594,0.8589374,0.8201729,1.0777942,0.89903015,1.3183432,1.3570192,1.065656,1.1144518,0.9839695,1.3110837,0.8058796,1.2303542,0.9546463,1.3354652,0.96260405,1.1553922,1.0337907,0.88350254,1.2402201,1.0687896,1.1403811,1.1564795,1.0900402,1.0232747,1.0959332,1.2404761,0.9832767,0.956076,1.0566113,0.8572129,1.1186385,1.0240195,0.78179157,0.9800677,0.9549306,1.0601401,0.5704704,0.9445375,0.79964435,1.049455,1.1437912,1.1723745,1.352616,0.779526,1.0122832,1.194802,1.3248804,0.72475624,0.9762105,1.0501263,1.1335135,0.55045843,1.2332305,1.2323635,0.9693907,1.3235958,1.0479327,1.1813879,1.008704,0.8521871,0.8623346,0.9760453,1.3085608,1.0641605,0.7360425,0.64439523,1.2568369,0.71998,1.011783,1.0146563,1.220453,1.1264617,1.0935324,1.1221726,1.0944917,1.144792,0.9632215,0.7736178,0.80732083,1.3462409,1.0632999,1.0426104,1.0004221,0.9261589,1.1584301,1.069178,0.78460306,1.4021401,0.95244855,1.0457515,0.7369685,1.0221597,1.3170607,1.1381885,1.1244134,0.88802403,0.92940634,0.5639272,0.95229125,1.0194631,0.84261477,0.8159121,1.3259457,0.86814344
bread,1.1722562,1.0189986,0.6281417,0.69141436,1.1806275,0.942519,0.8432896,0.40365547,0.89292264,1.1953527,1.4474016,0.94169796,1.2893164,1.3767167,1.1677613,1.4145913,1.0344076,1.255464,0.7800398,0.62090725,1.1362833,0.0,1.2443665,0.96692264,0.8431883,1.0888121,1.1858636,0.67237806,1.2911125,1.1870643,0.40154928,0.73527455,1.4061146,1.093203,0.9633798,1.3344948,0.1111666,0.5927676,1.2137083,0.85615903,0.773856,1.369694,0.7790116,0.89178896,1.1873115,1.1447235,1.3295016,1.1251938,1.2791705,1.1736807,1.0001374,0.58984494,0.9893916,0.80108964,1.2274442,0.9947357,1.2849977,0.789597,1.0547562,1.0035707,0.66687155,0.9040481,1.0853479,1.3459257,0.95758075,0.89013904,1.2145492,0.8957709,1.295109,0.54263073,1.1672689,0.8166498,1.0624648,1.1413383,1.4349924,0.66856277,1.4039975,0.7043988,1.2626352,0.7509124,0.7281222,0.6320466,0.9691614,1.3196604,1.155169,1.2915869,1.1388149,0.13899767,0.76878726,0.8019822,1.0940562,1.107863,0.60194147,1.1504418,0.9789841,1.4202535,1.3913332,1.300475,0.74472874,0.7518953,1.0732824,0.47922188,1.075381,1.0545582,0.15469289,1.072254,0.5054706,1.0427622,0.7520112,0.7654755,1.1263572,0.9189681,0.5738403,0.996603,0.9878572,0.7094979,1.0401514,0.6917592,1.3753508,1.0319623,1.3658707,0.7874112,1.3715378,1.192421,1.2181098,0.8850539,1.2224511,0.54096895,1.1634673,0.55728894,0.57792515,1.0256665,1.0278192,0.90741396,1.3067305,1.3884424,1.1847608,0.5265519,0.9563917,1.0947957,0.89872146,0.86582804,1.0103649,1.0086113,1.1485758,1.2507019,1.147781,1.1747023,0.764657,1.3046713
broom,0.96070415,1.0940571,1.2389371,1.1137897,0.8803122,1.0533686,1.1643327,1.2254409,1.0442636,1.002586,0.85058594,1.0381125,0.8483793,1.0081103,1.1171283,0.94508034,1.0941913,1.0375929,1.1171672,1.1553422,0.9925492,1.2443665,0.0,1.0122193,1.2516041,0.945956,1.0231287,1.1902442,1.0139792,0.8105604,1.1043948,1.181338,0.7110033,0.9938415,0.9968271,0.7701417,1.2679604,1.170283,0.83073825,0.9978273,1.038054,0.81239736,1.0737298,0.9869328,1.1487083,1.092743,0.75978625,0.8020794,1.0146914,1.1141101,1.1043262,1.2438512,1.1501782,1.1846057,1.0133303,1.0586356,0.9758239,1.1745133,0.7523699,1.1193365,0.8716731,1.2045816,1.0372342,0.9016361,1.1046679,1.0607239,1.0752165,1.0825914,0.9609578,0.9637626,0.96387756,1.1658682,1.1659846,0.7172811,0.8631079,1.0550822,0.892563,0.9162308,0.6243758,1.1689572,1.1170045,0.9808558,0.99877137,0.90246797,0.6232357,0.92712295,0.99895126,1.23557,1.2165715,0.9897139,0.98940486,1.0607647,1.2694272,0.90902215,1.0865698,0.9620719,0.8683106,1.0105315,0.97589207,0.9321167,1.0309879,1.0916032,1.19575,1.005661,1.1804733,0.88168585,1.0461731,1.2123706,1.1896297,1.1255196,0.88506573,1.0735925,1.141494,0.87832046,1.053889,0.9335068,0.9811927,1.1634587,0.947647,1.101314,0.903461,0.98751414,0.747243,0.9278225,0.66585046,1.1551952,0.83844185,1.2066841,0.9256183,1.0286126,0.98108983,0.815902,0.42768455,1.1953397,0.86842453,0.924926,0.81996965,1.2463624,1.1614352,0.8450539,0.84630793,0.96212435,1.0984106,0.94455236,0.99106777,0.8642894,0.97658414,0.6936934,1.1658586,0.8726175
bucket,1.4841973,1.1045854,1.1017909,0.9730088,1.1548587,0.9273654,0.8817439,0.98736554,0.49245787,0.9696594,1.1452208,1.0484626,0.92389864,1.1633617,1.2024983,1.2250137,0.92776924,0.9790748,0.34408534,0.55489486,0.69624865,0.96692264,1.0122193,0.0,1.0079612,0.58167356,1.0847099,1.0737059,1.2963245,0.7662391,1.1060723,0.90765357,1.016681,0.9216364,0.7073234,1.0708767,0.93810546,1.0019633,0.7577988,1.2677,0.90287954,0.9722249,0.19936824,0.8908824,1.2183987,1.0540684,0.96069205,1.0633527,1.2386568,1.1915836,1.1731119,1.1191789,1.0730933,0.98653716,1.2294685,1.2136072,0.98998004,1.0600073,0.88710105,1.2831528,0.76499057,1.1986548,1.152036,0.90618014,1.2536294,0.9734133,1.305001,1.0309689,1.3316642,1.0970098,1.2023325,1.0354642,1.1224512,0.92881894,1.1836758,0.5551308,1.2648604,0.7722438,0.6445612,0.7256533,0.95852894,0.95112956,0.35064185,1.2486947,0.89736116,1.0634757,1.245423,1.0388373,1.1355968,0.66270345,1.0801727,1.2625805,1.1214857,0.78256166,0.9707457,1.2618235,1.2104695,1.125824,0.9220455,0.99636894,0.9088148,1.0057986,1.1840111,1.0146698,0.9339345,0.8835325,0.84559536,1.0961165,1.1232587,1.0589114,0.57431996,0.547321,0.8566179,0.5378842,1.026975,0.97246766,0.95075035,0.7005503,1.30298,0.94134223,1.1839724,0.59967166,1.1254995,0.7868593,1.067224,1.1831911,1.2527807,0.76605105,0.8080029,0.8253771,0.6708217,0.89792156,0.9296483,1.2222627,0.9905706,1.2873436,0.9973705,0.71197885,1.2403415,1.1494681,0.72067374,0.65749073,0.8758241,0.76396024,1.0907036,1.1195618,1.0266415,0.41796577,1.1058999,1.0372555
butterfly,0.7123567,1.0106115,0.8468996,1.0399401,1.2787572,0.96751004,0.9387187,0.8000101,0.83878696,1.2562196,1.3339641,0.76674163,1.2153453,1.2688304,0.80692685,1.1708525,1.0146452,1.0057478,0.9166435,0.8338113,1.1541135,0.8431883,1.2516041,1.0079612,0.0,0.9966547,0.9672254,0.91436225,1.0731832,1.0887836,0.87377906,0.7079501,1.3346901,0.9555242,1.1368482,1.2181021,0.81343555,0.874019,1.1852772,1.1846873,0.76013744,1.3578528,0.89159495,1.2317513,0.853158,0.96249545,1.2854564,1.0795012,1.2483926,0.8829626,0.9444866,0.9022023,0.80834955,0.72103,1.2243788,1.0376639,1.041706,0.5815387,1.0413132,0.99047065,0.7732383,0.38405406,0.75664467,1.2944138,1.0374155,0.96686065,0.99103665,1.0007354,1.2701604,1.234511,1.2429781,0.79367954,0.64563125,1.1109995,1.3161366,0.98192036,1.273916,0.7701038,1.2386842,0.77031004,0.97968084,1.1771145,1.0796813,1.3907354,1.1188909,1.1775612,1.2395606,0.8100453,0.86682904,0.98163575,0.7508542,1.1315457,0.8656682,1.2232864,0.60504836,1.2424932,1.2776141,1.09936,0.6934006,0.7569243,0.8697208,0.8542472,0.7307661,0.92784256,0.84150904,1.0843085,0.969077,0.58941174,0.9091298,1.1213348,1.0072646,0.82406265,0.613638,1.0843382,0.74667245,1.1549578,0.98644316,0.6995126,1.3178692,0.822178,1.2686183,0.75022125,1.3368615,1.2419757,1.3222752,0.87768906,1.1371924,0.7983078,1.0703332,1.1223667,0.6981804,0.93489015,1.2356355,0.8628267,1.1088015,1.3036773,1.3414477,0.7926301,0.9876196,0.9222124,0.8933921,0.8998105,0.90567625,1.2306004,0.8970559,1.2101743,0.94294494,1.076664,0.7542771,1.2208738
