,alligator,ankle,apple,arm,ball,balloon,banana,basket,bathtub,bear,bed,belt,bench,bib,bird,blanket,boat,book,bottle,bowl,box,bread,broom,bucket,butterfly,can,car,carrot,cat,chair,clock,closet,coat,coffee,comb,cookie,corn,couch,cracker,crayon,crib,cup,dish,dog,doll,door,drawer,duck,ear,egg,elephant,face,finger,fish,flower,foot,fork,frog,giraffe,glass,glasses,glove,grass,gum,hair,hamburger,hand,hat,helicopter,horse,hose,jacket,jar,jeans,knife,ladder,lamp,leg,meat,melon,milk,mitten,motorcycle,mouth,muffin,nail,napkin,necklace,nose,orange,oven,owl,pajamas,pants,paper,pen,pencil,penguin,pickle,pig,pillow,pizza,plant,plate,pony,potato,pumpkin,purse,radio,raisin,refrigerator,rooster,sauce,scissors,shirt,shoe,shorts,shovel,shower,sink,slide,slipper,snow,soap,sock,soup,spoon,sprinkler,stick,strawberry,stroller,sweater,table,tape,toe,tooth,toothbrush,towel,toy,tray,tree,truck,vacuum,watch,window
alligator,0.0,1.2011061,1.480979,0.7493491,1.2990541,1.3440534,0.8791063,1.0650249,0.7516156,0.6930847,0.6641917,1.3639469,0.9150046,0.44669992,0.61565274,0.54953945,0.6243645,0.46481663,1.3693452,1.2902625,0.7814286,1.2645108,1.1264645,1.2278531,0.98041755,1.3223935,1.3139616,1.1584244,0.8013233,1.1645479,1.4025407,1.0091474,0.74102813,1.1590899,0.9730744,1.2199817,1.1971673,0.9772332,1.0925797,1.4430578,0.60161006,1.3132155,1.1176354,0.44283623,0.72929835,0.97527444,1.1776382,1.1367159,1.2779882,1.2871017,0.80556643,0.8310182,1.2730205,0.8976681,1.1687018,1.2277505,1.4356638,0.54945815,0.8175045,0.7262527,1.2196279,1.0338969,0.7761019,1.0853744,0.9529223,0.75402856,0.85674924,1.3769484,1.2327347,0.6851076,0.8380904,0.69089985,1.3011646,0.8718927,1.4190991,1.0199677,1.3717494,1.1213973,0.86842626,1.1313069,1.1247077,0.66263586,0.61402756,1.0400697,0.730585,1.4748399,1.1755701,1.1279918,1.2853918,1.1966982,1.0077161,0.8053832,0.7251281,0.8494601,0.50873566,1.4435115,1.3325207,0.81488234,1.0253273,0.728208,1.3313107,0.96602064,0.9913651,1.0811193,1.1678003,1.1311598,1.0636649,0.99616057,1.3500133,1.3755453,1.1578861,0.65267813,0.8322805,1.3925626,0.75974506,0.96676606,0.9871315,1.426754,0.8127715,0.93483996,0.6446677,1.3587849,0.942768,1.326594,1.1033782,0.84156525,1.3997555,0.9689651,0.78139806,1.37373,0.8478162,0.7140721,0.6832214,1.3354713,1.347564,1.2403417,1.1611657,1.2980456,1.0659246,0.7519877,0.87753063,1.2366399,1.3467933,1.5122023,0.8637376
ankle,1.2011061,0.0,0.84742206,1.0868433,0.9020647,0.87645745,0.9709058,1.1708872,1.3272825,1.0423124,1.3230516,0.8420248,1.2651404,1.0788827,1.0538996,1.2307278,1.2079395,1.1866138,1.0519265,1.0906436,1.2389534,0.71638393,0.91750234,1.1216767,0.9591921,1.1157491,1.1205283,0.730129,1.0423905,1.0692863,0.9329753,1.2545459,1.1219039,0.85365355,1.0667728,0.8297175,0.9119614,1.1732992,0.7964546,0.86365914,1.3463728,1.0759959,1.0866927,0.98215425,0.976444,1.2906749,0.91447854,0.9144926,0.516887,0.56529844,1.0645528,1.052559,0.45689523,1.0122929,1.0823128,0.64662945,0.85592324,1.0037354,0.98793983,1.2868593,0.6617468,0.72222435,1.002186,0.8549284,0.77326113,1.130091,0.7439153,0.73745525,0.75248146,1.060353,1.1131892,1.1822288,0.9514698,1.180798,1.0492513,1.1990335,1.0084909,0.84618163,1.0165775,0.977265,1.100903,0.96025074,1.261183,0.77572757,1.0353323,0.7437916,0.9749742,0.58802915,0.67463946,0.8902715,1.2875823,0.95870554,1.1387523,1.0312465,1.1707929,0.78257453,0.7549627,0.91303575,0.8586245,1.1012859,0.8120612,1.0742612,1.1540222,1.1321023,0.8919713,0.57422286,0.8086173,1.1355164,0.9855809,0.84929395,1.1996363,1.2333599,1.1824542,1.0052819,1.1266229,0.9601554,0.8603229,1.0126336,1.2618364,1.2310594,1.2755408,0.70754087,1.2185271,0.9313927,0.5205282,1.1688068,1.0264642,0.90114784,1.117021,0.8286011,1.2237542,1.1607516,1.2996558,0.8533677,0.44228625,0.6446259,0.67381954,0.98818314,1.0034713,1.2644207,1.2326934,1.1246951,1.1157784,0.5816822,1.3049381
apple,1.480979,0.84742206,0.0,1.5248526,0.37358588,0.42518872,0.87968224,1.1964953,1.5950787,1.1845193,1.5228868,0.41714203,1.3007647,1.4433191,1.0819471,1.5421176,1.3001506,1.2851291,0.5556463,0.6782781,1.387883,0.6093706,0.92439824,0.9676306,0.7644758,0.99849296,0.6528278,0.7540941,1.1750895,1.1783323,0.42345637,1.3195348,1.3416091,1.029249,1.31532,0.55600774,0.6949675,1.2906172,0.66505116,0.17107064,1.6152143,0.7984252,1.0194882,1.3561887,1.1407621,1.3843905,0.9269401,0.8801729,0.68541557,0.5234478,1.303665,1.2867334,0.73780704,0.6126262,0.62671745,0.5515137,0.5857146,0.9461864,1.1819429,1.5354195,0.7108848,1.0531173,1.2159054,0.72072077,1.1903238,1.345407,1.3110571,0.41723275,0.7353152,1.0321194,1.3792968,1.5017381,0.6877737,1.3315288,0.4877823,1.3226751,0.6276889,1.054358,1.1661742,0.854783,1.09067,1.4492481,1.2683308,0.9492631,1.3691698,0.16114402,1.029017,0.89637077,0.6350623,0.48135984,1.3427366,1.1021383,1.4971348,1.3889349,1.4100364,0.3418324,0.55416626,1.0685611,0.8513832,1.0517731,0.61402524,0.8946566,0.9799242,0.8857807,0.7757393,0.85116243,0.7887019,1.1326127,0.6950275,0.2796017,1.1551576,1.0745314,1.1746699,0.43485802,1.4327738,1.254779,1.2995263,0.49077606,1.4253402,1.4396648,1.4966373,0.33957958,1.193045,0.53624386,1.0705608,1.1783475,0.5240191,0.92718935,1.15689,0.18182099,1.3778505,1.4299438,1.4997957,0.38692307,0.597883,0.78185046,0.8531412,0.8913896,0.4719236,1.3978038,1.127424,0.7817855,0.7938428,0.3062266,1.3816605
arm,0.7493491,1.0868433,1.5248526,0.0,1.4487321,1.4310117,1.2785783,1.1157283,0.57804275,0.94997185,0.52199125,1.2038187,0.75018317,0.67420965,1.1190065,0.5165417,0.8513729,0.88721716,1.3841666,1.376694,0.9028876,1.3101178,1.2478745,1.2408497,1.3470042,1.2119575,1.3571601,1.098583,0.8161239,0.87251186,1.480078,0.7053849,0.6469979,1.117921,0.8038448,1.385725,1.2928984,0.76840365,1.3165555,1.5261788,0.5768503,1.3397923,1.2484677,0.78558695,1.0804721,0.7215185,1.1469668,1.0599624,1.1726571,1.2435944,0.7061424,0.6155299,0.96071774,1.431754,1.3303909,1.2141321,1.3487619,1.3098875,0.86429524,0.66628766,1.107534,0.8134147,0.83925605,1.3172337,0.76024425,0.7256199,0.45093894,1.4656229,1.2193131,1.0803231,0.67824686,0.405949,1.384142,0.6063007,1.3872926,0.8444212,1.3935769,0.7419908,0.76583576,1.0749092,1.02369,0.56098205,0.9041474,0.87248945,0.76926076,1.4595692,1.1388937,0.8776483,1.140803,1.3465955,0.79265213,1.0250124,0.30147463,0.40275943,0.7341906,1.4324912,1.291596,1.1354389,1.1429996,1.0638313,1.2701072,1.0506016,1.112214,1.1781603,1.2865019,1.1145862,1.2153487,1.142106,1.4405755,1.5631315,1.0177917,1.0239723,0.84974974,1.5005541,0.36586797,0.87045264,0.49178112,1.4804906,0.6681049,0.847136,0.65128255,1.4116073,0.96105933,1.4018552,0.73811585,0.8786421,1.4596049,1.0964532,0.7689353,1.4669359,0.7339868,0.3885702,0.5614004,1.5525367,1.1038406,1.2006762,1.0114318,1.2434725,1.5383053,0.70312244,0.8849255,1.2522814,1.2060885,1.4257898,0.66489255
ball,1.2990541,0.9020647,0.37358588,1.4487321,0.0,0.17142326,0.61486673,1.0955253,1.4484267,1.1680253,1.460842,0.8207972,1.2410568,1.305397,0.98858255,1.4530205,1.0916455,1.1582639,0.6968576,0.6335728,1.283526,0.6984908,1.1199782,0.8814881,0.85252976,1.0686532,0.846975,0.8014808,1.2319578,1.3457558,0.60306174,1.4157398,1.3626418,0.88704485,1.2610304,0.68902874,0.51274014,1.3083245,0.7593715,0.52058196,1.4765995,0.80667454,0.7005957,1.2668598,1.0368974,1.3617251,1.0549252,1.0716528,0.90032715,0.4986127,1.2107133,1.2431729,0.899313,0.6759745,0.6350181,0.84826577,0.74759346,0.69698286,1.1545793,1.3145739,1.0065557,1.0662333,1.1378069,0.49970865,1.2509427,1.2813805,1.2726419,0.6494136,0.7971043,1.0286413,1.3268256,1.466669,0.6924464,1.2616048,0.7094788,1.2649174,0.65729934,1.2128394,1.1675702,0.47453743,0.97670966,1.1435541,1.103175,1.1520714,1.1289473,0.37119108,0.96346176,1.1621331,0.75616586,0.37950754,1.3480341,0.6715555,1.4366107,1.4157748,1.2033856,0.69652945,0.7947302,0.9653051,0.94915485,1.0507433,0.8821958,0.9678128,0.87881327,0.76829195,0.7085932,0.9641741,0.6197506,1.160081,0.7764336,0.34685785,1.1630273,0.9797419,1.0904307,0.72387326,1.396088,1.1915425,1.3789611,0.6726944,1.3368144,1.2438684,1.2966332,0.7259476,1.1493212,0.43877947,1.1743997,1.0554627,0.62943184,0.9496552,1.1650348,0.47135562,1.3471916,1.372966,1.3402823,0.32083154,0.8473376,0.9012612,0.8861636,0.9920685,0.27949345,1.2203952,1.0430045,0.91492325,1.0692562,0.65290034,1.3687396
balloon,1.3440534,0.87645745,0.42518872,1.4310117,0.17142326,0.0,0.78477573,1.0701022,1.4626603,1.273782,1.4866114,0.7802515,1.1553906,1.3673804,1.0795714,1.4378036,1.1305165,1.2357209,0.68158907,0.61050427,1.2458026,0.6953577,0.9974618,0.76079667,0.9123727,0.88751906,0.8484551,0.6712196,1.3027523,1.1518543,0.6405087,1.3211081,1.354311,0.7693114,1.2961345,0.76834154,0.6344588,1.2447089,0.8632636,0.5652293,1.5203856,0.7015627,0.7362019,1.3612852,1.0850943,1.28407,0.96427286,0.9780762,0.8049612,0.44565976,1.2857435,1.2869327,0.760605,0.73247564,0.723707,0.82641095,0.7162882,0.8770306,1.1342905,1.3661766,0.9588611,1.0107542,1.2594051,0.5866252,1.204866,1.2891428,1.1894097,0.6199202,0.8221793,1.1023808,1.2696792,1.4643348,0.6853242,1.1679912,0.7239176,1.1500119,0.67592835,1.1123661,1.0785044,0.6181351,0.90751094,1.1336883,1.190586,1.0654004,1.1537443,0.4215049,0.9105897,1.0241636,0.6993732,0.4424063,1.3595412,0.8420012,1.4356999,1.3469598,1.257612,0.6685253,0.7469679,0.98381793,0.8922218,1.1634238,0.83769983,0.8971064,0.8844324,0.7777085,0.7879033,0.8781419,0.6622916,1.0910909,0.7764961,0.4010499,1.1273824,1.1122458,1.0041546,0.6584611,1.4239645,1.176546,1.2608025,0.68415046,1.3974948,1.1622009,1.2457031,0.7326687,1.2448312,0.5492107,1.036971,0.9796655,0.6218423,1.0624219,1.2214859,0.41112363,1.2553177,1.3966966,1.369173,0.437739,0.74081653,0.8549711,0.857497,0.87426126,0.44933927,1.203702,1.0841013,0.9327001,0.92298114,0.5895659,1.3660998
banana,0.8791063,0.9709058,0.87968224,1.2785783,0.61486673,0.78477573,0.0,1.1709658,1.2201782,1.0687572,1.3355227,1.1674869,1.1819279,1.0445548,0.78494304,1.2435187,0.88703215,0.96811867,1.0696245,0.7959603,1.1113174,0.68179506,1.0260412,1.0583142,0.88169307,1.1088393,1.0786145,0.7863443,1.2185491,1.3595169,0.92750555,1.3161077,1.2157437,0.938849,1.0797527,0.7299758,0.59711504,1.3129475,0.5754465,0.85136706,1.2397463,1.0261886,0.70184183,1.0408672,0.84461987,1.3363171,1.0265757,1.1206784,1.0647575,0.85254025,1.0987035,1.2056993,0.9946932,0.7474159,0.80901647,1.0482166,0.9105829,0.4368655,0.9381206,1.1857195,1.082157,0.90271103,1.1175027,0.6012235,1.2616444,1.1494621,1.0650043,0.9867839,0.9575812,0.97104526,1.1587313,1.3078221,0.9470556,1.2754147,0.97576714,1.254594,0.94277203,1.1589239,0.98716176,0.4374295,1.1099906,0.8543193,0.9092136,1.1771307,0.86399865,0.9822698,0.92740834,1.1275563,1.1174442,0.62139845,1.1800722,0.7411771,1.2933598,1.2939239,1.025582,0.9013616,0.8383012,0.81580836,0.60544485,0.8903158,1.0541527,0.8072305,0.9144595,0.7268437,0.8739487,1.0007935,0.53044295,0.93740904,0.9685841,0.78919226,1.1632751,0.8974103,0.8977722,0.8840192,1.3029509,1.0827159,1.3011124,0.8697088,1.2822806,1.066835,1.1247308,0.91531533,1.0459251,0.7503689,1.1633995,0.9047295,0.8668712,0.8276453,0.9621616,0.8187317,1.1940852,1.2580665,1.1928164,0.54454994,1.1168574,0.9140967,0.8577691,1.0422392,0.4915253,0.9888127,1.0818989,1.0799733,1.2662833,1.039603,1.3257542
basket,1.0650249,1.1708872,1.1964953,1.1157283,1.0955253,1.0701022,1.1709658,0.0,0.75715804,1.0464194,0.86601585,1.2230844,0.8785392,1.09,1.0663189,0.94949704,1.0030183,0.92106044,0.76209325,0.8540796,0.504241,1.1376921,0.9446556,0.54450524,1.002309,0.52487105,0.80744636,1.3215344,1.0688995,0.64160407,0.99338573,0.7445068,0.9836468,1.0170954,0.9060857,1.2110409,1.0363792,0.6841636,1.1787019,1.207561,0.6931186,0.6925285,0.7398293,1.0156227,0.87390584,0.74645305,0.93799585,0.97315985,1.3292973,1.3397396,1.1018876,1.1658258,1.3129658,1.1739362,0.9531276,1.2779329,1.082242,1.0964645,1.1688493,0.78015774,1.3536394,1.1002437,1.0367541,0.94239783,1.2203753,1.0527184,1.2035859,1.0075246,1.13518,1.0065346,0.889688,1.0390874,0.77365994,0.97728366,0.9629982,0.5782063,0.9172544,1.0165716,1.0032146,1.062589,0.75600594,1.1453049,0.9989166,1.3124082,1.1424228,1.2816865,0.79084873,1.34003,1.2919061,1.2601601,0.77124506,1.0453745,1.097125,1.1326069,0.96988463,1.1910764,1.2369313,0.9908692,1.2172818,1.0883312,0.8969592,1.121398,0.7764404,0.9082205,0.8331761,1.1623969,1.2613243,0.65071774,0.7503929,1.128362,0.47253585,0.9259057,0.9888735,0.94571483,1.1337276,0.97242296,1.1591644,0.8785776,0.7459669,0.7353157,0.8616507,1.2430751,0.9162792,1.0109797,1.2604886,0.9983136,0.9340998,1.0924208,1.1392994,1.1755735,0.8066318,1.0531834,0.80197334,1.1333667,1.2907884,1.1582168,1.2110215,0.7675831,1.048392,0.88444364,1.0026858,0.83444905,0.65121526,1.2590626,0.7629316
bathtub,0.7516156,1.3272825,1.5950787,0.57804275,1.4484267,1.4626603,1.2201782,0.75715804,0.0,0.8161569,0.23078102,1.3204186,0.5652199,0.7266033,1.1042981,0.51658034,0.7603111,0.84333515,1.3249469,1.1117595,0.5536561,1.4713533,1.1819972,1.0089327,1.3097677,0.8840514,1.2227736,1.3315613,0.6928817,0.7736442,1.4501029,0.54425585,0.72423387,1.0143166,0.5930288,1.3657513,1.3271666,0.7483404,1.3731873,1.5758389,0.1635468,1.1065319,1.0263057,0.86101234,1.2049179,0.50005627,1.0309298,1.1836022,1.4187531,1.3788376,0.6785178,0.7571652,1.3835588,1.3546098,1.374063,1.4295077,1.4394543,1.2823224,1.030337,0.3676691,1.352001,1.1902212,0.71156347,1.3229487,0.9746406,0.7499611,0.9165249,1.5543764,1.3628439,1.0845045,0.64192283,0.5825317,1.3055377,0.7055301,1.2198887,0.6696294,1.2407974,1.0782058,0.9560846,1.1678971,0.83983326,0.8120496,0.85367876,1.0421455,0.8382543,1.5619842,1.0553567,1.2262322,1.3903544,1.4241339,0.5416244,1.1187595,0.5622299,0.6827302,0.6167464,1.562899,1.4426091,1.1348118,1.1838545,1.0776626,1.283186,1.132306,1.0890039,0.9356689,1.2814062,1.3033304,1.3689308,1.0567693,1.2292975,1.5895522,0.87541056,1.0005636,0.8553547,1.4930401,0.60906065,0.9718519,0.8498143,1.3079445,0.22074497,0.315292,0.38686,1.5254014,0.61990964,1.2623124,1.1167113,0.8352939,1.3281771,1.1648862,0.8711006,1.575626,0.7030885,0.6530507,0.36218047,1.4382384,1.4706142,1.3473504,1.2971969,1.200419,1.4759595,0.5114558,0.8279904,1.131035,1.1154077,1.6108716,0.42016006
bear,0.6930847,1.0423124,1.1845193,0.94997185,1.1680253,1.273782,1.0687572,1.0464194,0.8161569,0.0,0.5998876,1.0608127,0.9239002,0.72027826,0.8705856,0.6377532,0.83908355,0.91980904,1.2856557,1.2942436,1.0535684,1.2290634,0.9500205,1.2503664,1.0339459,1.2311262,1.160275,1.125511,0.29086226,1.0801251,1.1839063,0.9084059,0.827969,1.1456246,0.865834,1.1779575,1.0866196,0.94985366,1.1206747,1.204844,0.7084282,1.2997758,1.212847,0.43706864,0.87768286,0.91866577,1.2047429,1.163513,1.1862533,1.1759834,0.5229765,0.9347695,1.2055898,0.90173566,1.2177569,1.1342946,1.295629,0.8874435,1.0208423,0.8123315,1.0825235,1.1663488,0.2508558,1.1735605,0.9711866,1.090827,1.0556395,1.1801698,1.1589767,0.75730485,1.0046432,0.892503,1.2589852,0.9048295,1.1653585,1.1139572,1.0936412,1.0447828,1.1613315,1.1304137,1.1193376,0.9668805,0.772017,1.0403583,0.9974056,1.1645519,1.1749767,1.1191002,1.1403053,1.0300443,1.0165367,0.7779098,0.80227613,0.898952,0.9301871,1.2814922,1.2601659,0.8702066,1.0971004,0.6510886,1.0266197,1.1154218,1.1429209,1.2090837,1.0967636,0.9360352,1.1039457,1.1321849,1.2693086,1.1806228,1.0997535,0.9014213,1.1162266,1.2363853,0.9159683,0.9862736,1.0277474,1.2453269,0.7713499,1.0568233,0.79869235,1.1632931,0.81737816,1.1970837,1.1229023,1.0975375,1.2491949,0.8248945,0.8050022,1.1972661,0.92861426,0.8924048,0.857235,1.2226149,1.208988,1.1596887,1.2500767,1.180827,1.1184887,1.0582244,0.9090765,1.1068196,1.177634,1.238277,0.834942
bed,0.6641917,1.3230516,1.5228868,0.52199125,1.460842,1.4866114,1.3355227,0.86601585,0.23078102,0.5998876,0.0,1.1537318,0.42662102,0.5934276,1.1230696,0.22793353,0.6285562,0.73099536,1.3785337,1.3749154,0.6374399,1.5432796,1.031194,1.1960135,1.2433112,1.0470062,1.2568234,1.3701191,0.48151672,0.6797092,1.4469099,0.5481919,0.51794815,1.2710977,0.6325394,1.4030538,1.3767722,0.6293187,1.4240772,1.4920461,0.15156412,1.3338065,1.296801,0.7232077,1.0862393,0.54275566,1.0675083,1.1416044,1.4122006,1.4165726,0.6041014,0.7750238,1.3993614,1.2686329,1.362957,1.3799152,1.4989811,1.2470603,0.99707,0.5159266,1.2614539,1.1122907,0.5377388,1.3185987,0.92374414,0.85915935,0.9654707,1.3852303,1.3248173,0.9942069,0.64625376,0.43076915,1.4093893,0.47853267,1.2398347,0.68050146,1.2745624,1.0503215,1.0957303,1.3036096,0.952205,0.81030023,0.80363786,1.016003,0.99608946,1.500176,1.1147289,1.1132904,1.3719856,1.4326231,0.6754863,1.0822377,0.4084043,0.5345587,0.630224,1.517009,1.4162945,1.1505564,1.2546543,1.0313647,1.0918124,1.250349,1.1399819,1.1737232,1.3069084,1.2408409,1.400043,0.9893043,1.2886813,1.613323,0.9734118,1.0026678,1.0333344,1.4123509,0.5099479,0.9487444,0.7256843,1.3900031,0.31499743,0.68336606,0.37753403,1.4594984,0.66384685,1.3679714,1.1078541,1.0391936,1.4570538,1.0388131,0.8172798,1.5400767,0.59111726,0.54793495,0.4798171,1.5338107,1.4438426,1.4134886,1.3498632,1.0959558,1.4226465,0.7300396,0.81495225,1.1438211,1.0301915,1.5276258,0.4396026
belt,1.3639469,0.8420248,0.41714203,1.2038187,0.8207972,0.7802515,1.1674869,1.2230844,1.3204186,1.0608127,1.1537318,0.0,1.0131048,1.2519071,1.1419088,1.2168936,1.2024199,1.1981068,0.7890066,0.930011,1.2237904,0.87339723,0.78206027,1.1270272,0.91554594,0.9597131,0.87530667,0.84727895,1.0094403,0.9148925,0.6758231,1.1507604,1.0814059,1.0208981,1.1143627,0.725176,0.89660734,1.1551955,0.89131045,0.33696866,1.3677471,0.951867,1.1966199,1.2524036,1.210085,1.2388973,0.7323611,0.71282065,0.6575936,0.66492355,1.1678138,1.2354846,0.7156961,0.76162934,0.97792476,0.640877,0.70831615,1.1610337,1.1166735,1.4131074,0.68408406,0.9733274,1.0866122,0.92561215,1.037149,1.2738695,1.153471,0.58551323,0.82624185,1.0996854,1.286129,1.1854463,0.96221,0.99292177,0.47673404,1.2052106,0.78655744,0.885459,1.2401651,1.1109736,1.0858718,1.3201419,1.3013716,0.8055976,1.3202848,0.4133669,1.0134194,0.5867057,0.7088222,0.73461473,1.1923845,1.2118585,1.1387649,0.9792112,1.2555507,0.49592936,0.48907506,1.1395721,0.9243921,1.0604696,0.5478282,1.1137528,1.2159172,1.045183,1.0286721,0.85828793,0.9563457,1.1920016,0.7462798,0.7078606,1.2003453,1.2825785,1.2919154,0.7854191,1.1277547,1.1391785,0.8679302,0.67830527,1.2719605,1.2309453,1.2927928,0.40577495,1.0846254,0.8474884,0.8485701,1.2913187,0.7257426,0.8914549,1.1462815,0.60785043,1.2624321,1.1686316,1.3838496,0.7734793,0.6285577,0.8649689,0.86979717,0.8430591,0.83502376,1.3627887,1.0935985,0.9807967,0.7728812,0.3986531,1.2273147
bench,0.9150046,1.2651404,1.3007647,0.75018317,1.2410568,1.1553906,1.1819279,0.8785392,0.5652199,0.9239002,0.42662102,1.0131048,0.0,1.0470515,1.1490926,0.554476,0.8989545,0.96444976,1.2011833,1.2325613,0.72618157,1.3363156,0.78009385,1.0234699,1.1015936,0.8067762,1.0830493,1.0592663,0.8035917,0.53424054,1.3080213,0.6950252,0.8733016,1.1211816,0.79199684,1.2606313,1.0677351,0.7273395,1.2359277,1.149567,0.56922036,1.1535733,1.2706366,0.95993245,1.1419412,0.7056092,0.7944484,0.9062824,1.3025644,1.331734,0.994936,1.0179319,1.2383431,1.0181032,1.188445,1.2285993,1.2365665,1.1228982,1.0203934,0.9007668,1.2011867,0.9547138,0.82144773,0.9979789,1.0628074,1.0378972,1.0530553,1.207917,1.0876673,1.08421,0.72730446,0.7827598,1.2316574,0.52819073,0.9634752,0.5995682,1.1838429,0.9560296,1.1152117,1.1199102,0.83557534,0.876462,0.7986098,0.98901933,1.0187167,1.340725,0.93487936,1.0218549,1.2400844,1.2719742,0.8079129,1.0997326,0.79446435,0.7373279,0.888296,1.0857043,0.9854053,1.0736159,0.9952756,1.1000402,0.86573637,1.1451004,1.0719501,1.1214509,1.2587311,1.0921998,1.2063221,0.95716244,1.028258,1.362268,0.9674153,1.1281018,1.0691279,1.1542438,0.79726124,0.9317741,0.7350056,1.1627728,0.69915736,0.7687166,0.6319315,1.1437937,0.89277637,1.2355728,1.0010369,1.0869831,1.268235,1.134043,0.96705544,1.2594424,0.7033462,0.8737622,0.8098083,1.2964121,1.3338032,1.16258,1.1976507,0.8300874,1.1898988,0.9447716,0.92402685,1.1021745,0.80377924,1.2534707,0.7416612
bib,0.44669992,1.0788827,1.4433191,0.67420965,1.305397,1.3673804,1.0445548,1.09,0.7266033,0.72027826,0.5934276,1.2519071,1.0470515,0.0,0.87027895,0.4242233,0.4357379,0.27788734,1.414488,1.2651792,0.7585246,1.3161142,1.1820767,1.3109384,1.2382166,1.3551924,1.3356509,1.1155292,0.86863947,1.2330043,1.3941586,1.0248148,0.49540877,1.1914297,0.79589707,1.2376875,1.2398227,0.97208816,1.1767175,1.4293221,0.5546178,1.3582315,1.082272,0.75011814,0.79132926,0.93516225,1.216365,1.2188289,1.0921072,1.2034572,0.70432353,0.6726722,1.0907917,1.1947033,1.2733343,1.1757183,1.4035574,0.92424464,0.8873594,0.608412,1.0999148,1.0680968,0.8669696,1.1405038,0.8105075,0.76760036,0.72754186,1.2980278,1.2438296,0.9700721,0.859652,0.53341234,1.3969561,0.8553002,1.4572631,1.0337799,1.3535172,1.1417639,0.9034934,1.1124716,1.1606377,0.6572646,0.79040253,0.8958737,0.86769724,1.3674595,1.1903768,0.98258936,1.1408451,1.1610631,0.99413466,0.79261804,0.5061096,0.7502723,0.34478128,1.451346,1.3812973,1.0718547,1.146205,0.8421922,1.3810918,1.007003,1.139494,1.0302958,1.287328,1.125314,1.102656,1.058185,1.3461263,1.3909458,1.1880244,0.91445833,0.8659065,1.465281,0.63465655,0.93123597,0.8569312,1.4666529,0.74595004,0.9597477,0.5658437,1.4184085,0.8740379,1.3506583,0.9484498,0.89921314,1.455593,0.9358746,0.8571718,1.3889961,0.78132796,0.5575051,0.6411878,1.3716052,1.1654431,1.1733332,1.0554003,1.3238324,1.109425,0.6617139,0.9138274,1.2069285,1.4169102,1.4179873,0.82654333
bird,0.61565274,1.0538996,1.0819471,1.1190065,0.98858255,1.0795714,0.78494304,1.0663189,1.1042981,0.8705856,1.1230696,1.1419088,1.1490926,0.87027895,0.0,1.0755556,0.95918065,0.79946166,1.1066735,1.063498,0.97655654,1.0323479,1.0604732,1.1057754,0.8148819,1.1309537,1.0061573,0.9939916,1.064749,1.1787025,1.0736662,1.120419,0.99616003,1.0504224,1.1243705,1.0070943,1.051401,1.0987917,0.9454649,1.0255662,1.0509778,1.1382165,0.9769864,0.7342811,0.74362123,1.1270864,1.0717182,1.0607698,1.0711235,0.993498,1.1074046,0.97952485,1.0897676,0.6376676,0.9705654,0.98031044,1.0596489,0.5342646,1.0333898,1.0745473,1.0503104,0.96979344,1.0047927,1.0337495,1.0212781,1.0417192,1.0742452,1.0580932,1.0646034,0.8141356,1.0922755,0.9729682,1.1540178,1.2146741,1.1407534,1.1284175,1.083427,1.0377953,1.0902387,1.1170336,1.0930439,1.0252283,0.7741702,1.1188327,0.9519588,1.0536768,1.0077077,1.0993526,1.1124564,0.8739387,1.0889465,0.8897999,1.0409031,1.0687028,0.860238,1.0225103,1.0362743,0.65135586,0.96262205,0.5722499,1.1812161,0.99367833,0.999474,1.0498211,0.9335743,1.0232865,0.85498345,0.9979474,1.076671,0.95885587,1.0476235,0.76489776,1.06814,1.0172468,0.99838567,1.040279,1.1300709,1.0579699,1.1042452,1.0782474,1.0053116,0.9291912,1.0595628,0.9801004,1.1184026,1.0912691,1.0472425,0.98285747,0.9145826,1.0812689,1.1525704,0.9710327,1.0936384,0.914977,1.0646157,0.95047057,1.017496,1.1335839,0.7937926,1.0895646,1.0194669,0.99455684,1.1593487,1.1305794,1.0995076
blanket,0.54953945,1.2307278,1.5421176,0.5165417,1.4530205,1.4378036,1.2435187,0.94949704,0.51658034,0.6377532,0.22793353,1.2168936,0.554476,0.4242233,1.0755556,0.0,0.52348155,0.612744,1.452078,1.4302973,0.731247,1.4338458,0.9190568,1.2484258,1.1649657,1.1872944,1.3148125,1.1988363,0.60374236,0.7874358,1.4926953,0.7768089,0.465757,1.300925,0.7207302,1.4064423,1.3023877,0.71129465,1.3085445,1.5079685,0.36807358,1.3918866,1.2845389,0.65488577,0.8486027,0.75214,1.1821172,1.0312546,1.3453723,1.4374609,0.60100424,0.8446813,1.3035221,1.1985842,1.2823658,1.3391039,1.5291756,1.0789282,0.7778042,0.61285996,1.2677733,0.90794754,0.64505893,1.1542964,0.89608073,0.85134614,0.82185477,1.3351309,1.2844884,0.9677803,0.781569,0.41869116,1.4391553,0.40717733,1.4170632,0.8224921,1.4255295,1.0039709,0.932479,1.2115109,1.1183199,0.59221816,0.7793027,0.99786824,0.9168952,1.5523026,1.0445116,0.95947665,1.3385987,1.39277,0.8772659,0.94403875,0.3864879,0.44499433,0.5879157,1.4926689,1.4424148,1.0789065,1.1443548,1.009587,1.1040423,1.0826952,1.078163,1.1981313,1.3355412,1.1825631,1.278846,0.9073557,1.4281156,1.552836,1.1254306,0.95363146,0.9219659,1.3839623,0.5372267,0.82895845,0.61374414,1.5306661,0.60021806,0.89027923,0.47263306,1.4683181,0.8334755,1.4777243,0.98672634,0.9500702,1.559948,0.9930931,0.7752283,1.4548162,0.4737438,0.5353416,0.5465747,1.549873,1.3852761,1.2940218,1.2573748,0.9959485,1.3364874,0.7424882,0.8906591,1.2108549,1.1671853,1.4922127,0.67216575
boat,0.6243645,1.2079395,1.3001506,0.8513729,1.0916455,1.1305165,0.88703215,1.0030183,0.7603111,0.83908355,0.6285562,1.2024199,0.8989545,0.4357379,0.95918065,0.52348155,0.0,0.44866467,1.2805363,1.147663,0.7365296,1.274606,1.0756948,1.1424992,1.1814033,1.1912415,1.201547,1.148944,0.950707,1.1883707,1.3191593,1.0551766,0.6436438,1.2134142,0.9305798,1.1956261,1.1781187,0.93233323,1.1503198,1.2329185,0.633208,1.2388827,1.0263511,0.95201457,0.8367591,0.97363454,1.1416515,1.1890225,1.2382048,1.2158098,0.80139405,0.90893894,1.1981962,1.1233196,1.1225846,1.2375884,1.3355732,0.86562324,0.8747004,0.7087513,1.1778239,1.0712105,0.88958913,0.9361087,1.010934,0.86502725,0.94103986,1.1443814,1.2224128,0.99886966,0.90459573,0.74210376,1.2451866,0.8374814,1.2648866,0.90241915,1.2922244,1.2301342,0.9605536,0.9955929,1.0925332,0.739337,0.7259168,1.0847377,0.94036853,1.2934228,1.1734746,1.1097571,1.2508389,1.0886643,0.91565335,0.8251436,0.7539146,0.89361864,0.60053647,1.2810832,1.2522873,1.0496608,1.0777428,0.90929735,1.2502891,0.9634288,1.0714487,0.9653705,1.1550639,1.1822598,1.0885154,0.8863185,1.2246039,1.2721171,1.1406089,0.9158157,0.8675754,1.2673697,0.8545073,0.8843939,1.0277337,1.3166931,0.8397684,0.9761417,0.50554186,1.2858639,0.9193645,1.2044086,1.1194931,0.90760446,1.3260401,0.930509,0.8727782,1.2602351,0.7926987,0.81809294,0.696234,1.1912576,1.2777457,1.1518403,1.0662296,1.2232974,0.7934659,0.71652675,0.94712,1.0708989,1.2386401,1.3697578,0.8918466
book,0.46481663,1.1866138,1.2851291,0.88721716,1.1582639,1.2357209,0.96811867,0.92106044,0.84333515,0.91980904,0.73099536,1.1981068,0.96444976,0.27788734,0.79946166,0.612744,0.44866467,0.0,1.165552,1.0990219,0.5475635,1.244321,1.1070821,1.1440209,1.0394473,1.1567692,1.0982084,1.1978693,1.0909759,1.1697991,1.2393429,1.0975194,0.6982832,1.2269258,0.9680185,1.1651171,1.1755819,0.9202607,1.1189471,1.1854471,0.68534243,1.2119585,0.9805171,0.85203284,0.76681805,0.98296756,1.0354712,1.1394666,1.2064745,1.3064046,0.95740527,0.9137891,1.1808401,1.0601332,1.0766836,1.1962898,1.2498626,0.7889174,0.9786035,0.80951047,1.1839978,1.1234708,1.0400441,0.97057873,1.0404841,0.88410294,0.9045197,1.1948748,1.1931007,0.82013494,0.9117047,0.7586908,1.1833568,1.0326089,1.213823,0.88221806,1.2097864,1.2230811,0.92600924,1.1033039,1.075044,0.8805058,0.79539406,1.0988548,1.0146531,1.2895902,1.095277,1.1792685,1.2592924,1.1404908,0.941204,0.83889526,0.81315804,0.9946657,0.22366035,1.1877719,1.1710446,1.0166502,1.117782,0.89251846,1.2257161,0.98528326,1.030421,0.90623677,1.126138,1.264818,1.1577991,0.88943785,1.0390404,1.2624841,1.0218608,0.8632786,0.8639299,1.2500648,0.91064215,0.9439721,1.0826277,1.2373991,0.85821986,0.9797944,0.6530132,1.2583675,0.96358114,1.1455514,1.1316913,0.9058228,1.2585894,0.98646694,0.9529169,1.2613971,0.90237606,0.7829447,0.7661891,1.1863158,1.2362567,1.0749247,1.0217643,1.2135447,0.84935087,0.7354734,0.907372,1.0244638,1.1921719,1.355902,0.9008291
bottle,1.3693452,1.0519265,0.5556463,1.3841666,0.6968576,0.68158907,1.0696245,0.76209325,1.3249469,1.2856557,1.3785337,0.7890066,1.2011833,1.414488,1.1066735,1.452078,1.2805363,1.165552,0.0,0.5621473,1.0677748,0.8750083,0.9718485,0.2910955,0.8110324,0.50306195,0.5920831,1.1954997,1.3319278,0.8863028,0.44364107,1.0380644,1.2588634,0.95037603,1.1955614,0.90548164,0.93605685,1.0016979,1.0195421,0.56096625,1.360533,0.25881708,0.6906183,1.3341573,1.0183827,1.0727532,0.9894734,0.99145615,1.0097461,0.9530728,1.2307215,1.3072634,1.144711,1.030291,0.69735,0.9479917,0.57982916,1.1416224,1.0503702,1.2454985,1.0810719,1.0751436,1.3148828,0.9201383,1.3404434,1.0921445,1.4164624,0.5750779,0.8938917,1.0128483,1.1590166,1.3969221,0.2550115,1.2389203,0.50034183,0.89988244,0.5556543,1.0110786,1.1157655,1.0050986,0.5431999,1.4812543,1.257076,1.3598901,1.3688161,0.61903685,0.7002274,1.2316629,0.9988062,0.8850646,0.9438469,1.2305751,1.4323726,1.4114816,1.2691928,0.62453336,0.8103957,1.0427454,1.1968694,1.1465812,0.72471344,1.1560968,0.7309648,0.8507696,0.589124,1.1814085,1.0966295,0.85457575,0.52426064,0.6590306,0.6075618,1.0355959,1.1641066,0.45611537,1.4200485,1.0898021,1.3707345,0.40991127,1.2442038,1.0170102,1.3386552,0.75651413,1.1476071,0.49584913,1.3142426,1.1382594,0.45205802,1.0711663,1.1906959,0.7423406,1.2430813,1.3490517,1.1537163,0.63154024,0.9941056,0.97007066,0.93862945,0.63051283,0.7035773,1.1395983,1.0601617,0.6982696,0.45848662,0.7035405,1.2113528
bowl,1.2902625,1.0906436,0.6782781,1.376694,0.6335728,0.61050427,0.7959603,0.8540796,1.1117595,1.2942436,1.3749154,0.930011,1.2325613,1.2651792,1.063498,1.4302973,1.147663,1.0990219,0.5621473,0.0,1.0293013,0.7375995,1.1778809,0.49668968,0.92687607,0.61744833,0.813422,1.0992835,1.4035316,1.2125793,0.66459125,1.1937232,1.3111792,0.52677596,1.111323,0.7407058,0.90461564,1.1843928,0.9073865,0.75113624,1.3319988,0.30020177,0.30098647,1.4468126,1.1753101,1.2808089,1.0626906,1.0952576,1.1362519,0.82807744,1.2164154,1.2846537,1.136406,0.96920705,0.87824976,1.0829244,0.65326905,1.0120265,1.0228314,1.1700875,1.1380776,1.0862855,1.37486,0.711246,1.4273472,0.9574648,1.2973986,0.88134897,0.9376447,1.1075892,1.22614,1.436923,0.57690215,1.2839385,0.6725555,1.1894709,0.62146544,1.23176,0.8006333,0.75334775,0.80883825,1.3076093,1.2927467,1.2289352,1.0959704,0.71317583,0.69275194,1.262548,1.0608015,0.7486079,0.992891,1.142346,1.4190171,1.4566793,1.0519754,0.78896713,0.9351579,1.024955,1.0199653,1.117869,0.95803213,0.6943483,0.9058185,0.20868027,0.78543943,1.133258,0.97319895,1.0445632,0.74569595,0.6903542,0.98047006,1.1148487,0.65797096,0.74694467,1.4369293,1.1808385,1.420972,0.5647507,1.2415773,0.6586398,1.2095547,0.8615297,1.0156025,0.47938234,1.3568158,0.60886234,0.4026307,1.1011372,1.2309837,0.72314906,1.3210738,1.3133202,0.9833381,0.38052285,1.1517516,1.0125769,1.024348,0.9120976,0.69622993,0.6183709,1.0060014,0.8934703,1.016179,0.92437965,1.2633919
box,0.7814286,1.2389534,1.387883,0.9028876,1.283526,1.2458026,1.1113174,0.504241,0.5536561,1.0535684,0.6374399,1.2237904,0.72618157,0.7585246,0.97655654,0.731247,0.7365296,0.5475635,1.0677748,1.0293013,0.0,1.1736021,0.93812835,0.83300996,1.1690341,0.632302,1.0785096,1.210069,1.1005993,0.6717924,1.2974763,0.8348306,0.799258,1.1223475,0.9317157,1.1969631,1.2271599,0.5758276,1.1859748,1.3655739,0.5095292,1.0183364,0.949305,0.9463976,0.84121555,0.6889443,0.6352295,1.0272803,1.3143601,1.318983,1.0813925,0.99404293,1.3231025,1.2542955,1.1326845,1.2938385,1.3599548,1.0441523,1.0022243,0.747982,1.2511718,1.1189752,1.0424247,1.0422055,1.0978105,0.9561156,1.0342771,1.1846102,1.3475001,0.98137504,0.8124365,0.7860893,1.0756418,0.9695972,1.1656727,0.5668541,1.184618,1.1284926,0.9465964,1.202767,0.82840145,0.93157995,0.8311999,1.1284193,0.9777033,1.4517686,0.94561404,1.1431732,1.3426988,1.2457924,0.6645989,1.0285056,0.9086925,0.9277427,0.58241785,1.3115891,1.2385167,1.0853847,1.0696406,0.9828809,1.058509,1.0831925,0.916474,0.9050051,1.2042792,1.2058655,1.198895,0.6408313,0.82239413,1.3212612,0.7250748,0.9429722,0.8876791,1.2406281,0.9047726,0.97960335,0.94343674,1.185108,0.69570357,0.6455817,0.62237644,1.3099153,0.97373027,1.223517,1.1104655,0.9339643,1.2664943,1.1017482,1.0139657,1.2876654,0.780239,0.8414291,0.6134542,1.2690268,1.3519151,1.1988325,1.2511972,1.0149188,1.0757049,0.7063252,0.97264385,1.0532309,0.86000746,1.4022732,0.75722545
bread,1.2645108,0.71638393,0.6093706,1.3101178,0.6984908,0.6953577,0.68179506,1.1376921,1.4713533,1.2290634,1.5432796,0.87339723,1.3363156,1.3161142,1.0323479,1.4338458,1.274606,1.244321,0.8750083,0.7375995,1.1736021,0.0,0.9538564,1.0344597,0.9156353,1.0308595,0.9030913,0.61177063,1.2874599,1.1357968,0.7850127,1.369168,1.2996993,0.6585601,1.3450937,0.28368592,0.9152763,1.1686636,0.2854842,0.73363376,1.520433,0.93289804,0.8322785,1.116192,0.95550764,1.3133538,0.771219,0.91519946,0.770912,0.51161325,1.2568444,1.2362077,0.6952139,0.8581799,0.8840991,0.7003545,0.81968856,0.90211886,0.9788926,1.4241785,0.80388725,0.84157646,1.268139,0.7864127,1.0775402,1.1945878,1.0162356,0.7109877,0.86699694,1.0043865,1.3107913,1.3474762,0.6562393,1.2856001,0.93253285,1.3108306,0.936188,1.1034195,0.76678693,0.80970836,1.1678513,1.1010743,1.2174435,1.0052428,0.7560376,0.60418916,0.92588633,0.86097515,0.74478126,0.50457096,1.1999903,0.960198,1.3993495,1.1962872,1.2648861,0.66965586,0.75291735,0.9501816,0.6837876,1.0700985,0.7729633,0.68463206,1.01164,0.8476439,0.80094916,0.7126451,0.4310345,1.0843701,0.8067366,0.561137,1.1691647,1.084557,0.8930445,0.7907788,1.3189912,1.143909,1.0871335,0.802888,1.4192109,1.252734,1.42993,0.564948,1.3037318,0.6866195,0.85324097,0.8943443,0.7822701,1.0612803,1.1996799,0.55993116,1.287718,1.3238407,1.348984,0.5741192,0.6828633,0.76693916,0.9552681,0.91178197,0.76099485,1.209089,1.2463667,0.95257235,1.0590367,0.58144945,1.4055896
broom,1.1264645,0.91750234,0.92439824,1.2478745,1.1199782,0.9974618,1.0260412,0.9446556,1.1819972,0.9500205,1.031194,0.78206027,0.78009385,1.1820767,1.0604732,0.9190568,1.0756948,1.1070821,0.9718485,1.1778809,0.93812835,0.9538564,0.0,0.9875098,0.8298079,0.86986434,0.9188044,0.815305,0.88563013,0.6330663,0.842461,0.907146,1.014419,1.0388263,0.9734802,0.8983246,0.7477769,0.8996094,0.84549755,0.78975886,1.0846794,1.020361,1.1406406,0.97279054,0.95363784,0.9305858,0.73187256,0.75632966,0.9259211,1.0463314,1.1306632,1.29954,1.0561702,0.8487078,1.0132607,0.90560883,0.9055817,0.9792901,0.87459624,1.1521156,0.99794745,0.99870723,0.93914425,0.9639542,1.0489526,1.2175541,1.185677,0.8656769,1.0062128,1.039065,1.1413993,1.124492,0.8759612,0.99108565,0.7920298,0.86933875,0.96452457,0.6964414,1.1857386,1.1018423,0.95396817,1.0900283,1.0182153,1.0221895,1.1433825,1.0543205,0.9304693,0.84344333,1.1024276,1.0021615,1.1155998,1.0166533,1.1641937,0.97159547,1.2246646,0.772539,0.6905383,1.0090789,0.8138472,1.0420169,0.53473175,1.1368124,1.0733105,1.2109262,1.0627521,0.856912,0.9088954,0.8606313,0.79358435,1.0225064,0.97984296,1.1578176,1.2463334,0.83459693,1.1700596,1.0198586,0.878118,0.84266263,1.1816047,1.1736593,1.1913078,0.7483517,1.0898303,1.0980175,0.8716533,1.2441134,0.9545537,0.9227052,1.0324154,0.8445604,0.91446793,1.19585,1.277071,1.0774462,0.9585873,0.8895259,1.1096407,0.5921828,1.0058386,1.3415207,1.0812726,1.0366296,0.6990839,0.8167041,1.1416082
bucket,1.2278531,1.1216767,0.9676306,1.2408497,0.8814881,0.76079667,1.0583142,0.54450524,1.0089327,1.2503664,1.1960135,1.1270272,1.0234699,1.3109384,1.1057754,1.2484258,1.1424992,1.1440209,0.2910955,0.49668968,0.83300996,1.0344597,0.9875098,0.0,0.9267601,0.31239247,0.80425096,1.189071,1.3269236,0.85453993,0.80108356,0.91574925,1.1667228,0.7807729,1.0579795,1.0921723,1.0170207,0.9118493,1.165176,0.9669596,1.1106877,0.1636349,0.5410127,1.3268148,1.0157092,0.99472874,1.0344805,1.061856,1.1852301,1.105415,1.1250615,1.2678092,1.2303065,1.1050438,0.86589646,1.1464623,0.7747023,1.1478417,0.9512972,0.9892747,1.2483523,1.0145326,1.2762768,0.82399553,1.3510733,0.923307,1.2758598,0.8957221,1.0252614,1.0729934,1.0025966,1.25296,0.396518,1.0494362,0.80184877,0.77446073,0.7660947,1.0199524,0.9989528,0.96506053,0.48309875,1.2302486,1.1487406,1.3374615,1.1783074,1.0077622,0.6481649,1.2660601,1.1724508,1.0571821,0.8000988,1.1923453,1.2799737,1.2841139,1.138084,0.9427754,1.052026,1.0346378,1.1622262,1.1173813,0.9597452,1.0815681,0.68877065,0.81218696,0.7813556,1.2074684,1.1261028,0.7605126,0.73421603,0.92685485,0.60037446,1.0438898,0.97280014,0.70400596,1.2960647,1.060455,1.2447221,0.65833205,1.1032577,0.66874886,1.0878633,1.0895414,1.0986531,0.73316437,1.2720281,0.9310502,0.6648538,1.1430717,1.154184,0.9861575,1.044856,1.2217494,0.95126015,0.769719,1.1993153,1.0806035,1.014272,0.6776686,0.8770839,0.91710126,1.028321,0.8764377,0.6673192,1.0509585,1.0956074
butterfly,0.98041755,0.9591921,0.7644758,1.3470042,0.85252976,0.9123727,0.88169307,1.002309,1.3097677,1.0339459,1.2433112,0.91554594,1.1015936,1.2382166,0.8148819,1.1649657,1.1814033,1.0394473,0.8110324,0.92687607,1.1690341,0.9156353,0.8298079,0.9267601,0.0,0.920537,0.8145545,1.0702395,1.0980873,1.0565608,0.6493431,1.1309049,1.1844312,1.1037314,1.108672,0.83809346,0.88252985,1.1621121,0.8207675,0.6900416,1.2735815,0.94087523,1.0261414,0.96690094,0.99060774,1.2466216,0.9441683,0.89594424,1.0341748,1.0991224,1.1975317,1.2513285,1.0936741,0.4919101,0.7768963,0.93364626,0.6997285,0.55574936,0.99661064,1.3479828,1.0345849,0.9592181,1.082156,0.8916949,1.1873134,1.1509371,1.3198118,0.76886535,0.7259715,0.58484626,1.2363468,1.2850641,0.8134749,1.1776854,0.7449022,1.1289153,0.7980269,1.0126139,1.119649,1.0588396,1.0588338,1.3150624,1.0743239,1.2175422,1.2153995,0.8266664,0.89566314,1.0761275,1.1100767,0.96286637,1.0832639,0.9891266,1.3376796,1.294911,1.1078609,0.6973575,0.77054864,0.82843864,0.8977779,0.9291742,0.7956966,0.9277809,0.9406435,0.9832974,0.8232912,1.0967033,0.9394725,0.91615903,0.77411336,0.70151293,1.0034274,0.91093403,1.043822,0.66862553,1.2702132,1.0353359,1.2325325,0.7528088,1.2649056,1.1886933,1.3496279,0.7350645,1.0511171,0.8119408,1.2166955,1.0182505,0.71180236,0.9529129,1.0608103,0.7261092,1.2467241,1.2707057,1.3080786,0.8077232,1.0394692,0.9008003,1.0469269,0.7626479,0.78025615,1.2185838,0.9855663,0.8614699,0.9246399,0.7779181,1.2046282
can,1.3223935,1.1157491,0.99849296,1.2119575,1.0686532,0.88751906,1.1088393,0.52487105,0.8840514,1.2311262,1.0470062,0.9597131,0.8067762,1.3551924,1.1309537,1.1872944,1.1912415,1.1567692,0.50306195,0.61744833,0.632302,1.0308595,0.86986434,0.31239247,0.920537,0.0,0.7389986,1.1944193,1.2728393,0.52441365,0.7893679,0.7135934,1.1306427,0.83975875,0.9211291,1.1268485,1.0774127,0.7748599,1.179754,0.93788946,1.0058042,0.41011453,0.7188196,1.2857392,1.0606595,0.8275639,0.77266514,0.9674158,1.1597779,1.1846333,1.1871777,1.3389051,1.1948532,1.1215497,0.943607,1.1715975,0.743808,1.2505133,1.0446419,1.1316836,1.208837,0.9680046,1.2636566,1.0124247,1.3544977,1.1389918,1.2838607,0.8547702,1.0458485,1.0531963,1.014625,1.2524883,0.6170182,1.0229557,0.66671467,0.68513703,0.7166555,0.89587426,1.1342604,1.1147199,0.5574401,1.3912297,1.240723,1.3254088,1.293223,1.0620111,0.5431753,1.2207831,1.206282,1.1474285,0.59720755,1.3262191,1.2837818,1.2509406,1.0858107,0.83210033,0.89743507,1.0289419,1.096891,1.1666507,0.7561319,1.1353185,0.780006,0.8333914,0.86728734,1.160191,1.1965591,0.6036258,0.6060635,0.9979027,0.48752946,1.198494,1.0390248,0.6985568,1.3159832,1.025895,1.1442657,0.6280709,1.0055605,0.6103886,1.0921528,1.0188581,0.9938619,0.8187744,1.24809,1.0209643,0.65989727,1.1324062,1.1676924,0.99836206,1.0253375,1.2544308,1.0076677,0.8951167,1.1874042,0.9977684,1.0757725,0.54015315,1.048536,0.96907896,1.0313739,0.78067565,0.52334344,1.0090864,0.949726
