,alligator,apple,applesauce,arm,ball,balloon,banana,basket,bathtub,bed,belt,bench,bib,bird,blanket,boat,book,bottle,bowl,box,bread,bucket,butterfly,can,car,cat,chair,clock,closet,coffee,comb,corn,couch,cracker,crayon,crib,cup,dog,doll,door,drawer,dress,ear,egg,face,finger,fish,flower,foot,fork,frog,glass,glasses,glove,grass,gum,hair,hamburger,hand,hat,jacket,jar,jeans,knife,ladder,lamp,leg,meat,melon,milk,mitten,motorcycle,muffin,nail,napkin,necklace,nose,orange,oven,owl,pajamas,pants,paper,pen,pencil,pickle,pillow,pizza,plant,plate,pumpkin,purse,refrigerator,rooster,sauce,scissors,shirt,shoe,shorts,shovel,shower,sink,slide,slipper,snow,soap,sock,soup,spoon,strawberry,stroller,sweater,table,tape,toe,tooth,toothbrush,towel,toy,tray,tree,vacuum,watch,window
alligator,0.0,1.1819786,0.93321323,0.74138784,1.2719742,1.1026125,0.87404996,0.9293894,0.8212041,0.69719577,1.2826936,0.7722225,0.6402433,0.843347,1.0144384,1.0628388,0.8841886,1.3809041,1.3791491,0.8185697,1.2254883,1.2065554,0.70795715,1.2472196,0.879444,0.67495656,1.0362624,1.025955,0.84126735,0.8318795,0.6899339,1.0298781,0.7598834,0.735925,1.3522425,0.67487454,1.4394511,0.80074525,0.90765166,1.0676157,1.206381,0.8863528,1.0118113,1.2409542,0.72200173,1.2553315,1.0201374,0.9068409,1.3656564,1.3903384,0.9737809,0.79938394,1.1934131,0.7062509,0.9630686,0.9697155,0.85282964,1.1784081,0.87036496,1.341859,0.7878765,0.81780267,0.93227553,1.3861005,1.25427,1.3703516,1.1409981,0.99964684,0.8353927,1.3006883,0.59408534,1.1277899,1.0364034,1.3166616,0.96924263,1.2670751,0.9912255,1.3844526,0.7145393,0.6743268,0.5252103,0.6288288,0.7106333,1.2103572,1.3369558,0.98393923,1.1023991,1.1051313,1.0624897,1.0961305,1.0504562,0.83504665,0.73703337,0.99538314,1.2246418,0.91852266,0.6445749,1.2015122,0.88081574,1.1717205,0.8414922,1.1028329,1.021716,1.3328792,0.7601599,1.3672173,1.1278721,1.3098115,1.4011908,1.0871501,0.9447961,0.73254013,0.7074348,1.2410239,1.2690103,0.9283667,0.6737705,0.9039942,1.2825972,0.9210006,1.0398673,1.1683913,1.3641264,0.8374069
apple,1.1819786,0.0,1.1750159,1.3387359,0.14540726,0.55528,0.7423153,1.2727716,1.3549042,1.3739657,0.6621811,1.417376,1.3780541,1.1077172,0.98581946,1.0956962,1.166012,0.5745802,0.8612728,1.2754557,0.8653275,0.8177934,1.0549527,0.82441133,1.2272713,1.1863701,1.246184,0.84998244,1.2485969,1.295264,1.1589147,0.8257635,1.2948024,1.1301495,0.48524725,1.4274268,0.56908965,1.1086898,1.0741905,1.1689379,0.924507,1.2524481,0.8867059,0.6356121,0.9642221,0.82052046,0.6083535,0.9918818,0.8258179,0.8742734,0.5828376,1.2647262,0.73862576,1.097233,1.1654762,0.7151526,1.1019688,0.95586264,1.2256037,0.55355585,1.3097973,0.93512446,1.2876616,0.850325,1.0186133,0.7564733,1.0688736,1.0984046,0.6676769,0.9079913,1.2657459,0.9331981,0.83038354,0.45673543,1.1661875,0.8467984,0.8632668,0.4761194,1.402096,0.9115721,1.4070354,1.3206832,1.3342776,0.591864,0.5380442,0.46422386,0.9380516,1.1017377,0.97550553,1.2006143,0.74815047,1.4091463,1.3972335,0.8585101,1.0358915,1.14104,1.3498008,0.8819952,1.2930901,0.9846757,1.3761785,0.98561525,1.1911268,0.53950655,1.1615069,0.6910095,1.1486955,1.0409008,1.0290449,0.6551761,1.2613567,1.1788679,1.405324,0.54099166,0.6493457,0.8615021,1.3003082,1.170821,0.43079567,1.3213084,1.1248168,1.0212302,0.6421506,1.3333826
applesauce,0.93321323,1.1750159,0.0,1.0216697,1.1275243,1.1009681,1.1501594,0.9650524,0.9767672,0.90574473,1.2974315,0.8437998,0.80603707,0.95722306,1.1886516,1.1062691,0.8288976,1.1859705,0.9891428,0.82273394,0.9077737,1.1740698,1.0733039,1.2681334,1.0834868,0.92006385,1.0689766,1.06706,1.0313928,0.90508616,1.0672549,1.0271572,1.0049722,0.80529505,1.2636439,0.84947366,1.1613182,0.90614754,1.0271986,1.1323198,1.1575308,1.1006905,1.0315406,1.134964,0.8940727,1.1160325,1.2597642,0.853279,1.232158,1.0874313,1.1548529,0.91082156,1.1303144,1.1440864,0.8265859,1.070317,0.9746101,0.48828483,0.91265416,1.2704511,0.9506779,0.7928791,0.8318393,1.1336169,1.1557853,1.2638781,1.0524265,0.93996286,0.9226379,1.096333,0.96298283,1.2014989,0.8575767,1.2414908,1.2387056,1.2003583,1.0668892,1.1791235,0.9371064,1.1138774,0.9744442,0.97144765,0.827538,1.2739792,1.235034,1.065864,1.2749367,0.6137648,0.9148404,0.69031537,1.1236122,0.9328565,0.9398716,1.2022345,0.92621475,1.0149666,0.9678736,1.191632,0.91185075,1.0872824,0.9354814,1.1467334,1.0263157,1.2877798,0.9935521,1.147537,1.0497121,0.9477938,1.0151523,1.109446,1.0108609,0.93601435,0.8119447,1.1468873,1.2286137,1.1011722,0.86884034,1.2243593,1.1841787,0.52920353,0.9275036,1.1243454,1.2374995,0.91599387
arm,0.74138784,1.3387359,1.0216697,0.0,1.3870962,1.2157836,1.1188257,1.0455898,0.7206917,0.70087004,1.2036437,0.72179157,0.553195,0.85647047,0.83951247,0.969731,1.0500836,1.3324924,1.2804725,0.9148457,1.2522073,1.2805684,0.9408088,1.2095906,0.93815535,0.92504835,1.0537596,1.1837021,0.8404305,0.91974676,0.79735345,1.2237654,0.7278594,0.9628768,1.2989471,0.7681634,1.3686152,1.0648198,1.040894,0.94520617,1.1648536,0.58334666,0.99435335,1.237851,0.98001546,0.9965352,1.1946295,1.0990828,1.0578947,1.220951,1.2675905,0.83399117,1.1344045,0.7836707,0.84792817,1.2263489,0.81705976,1.2355428,0.5263496,1.3166158,0.7555338,1.0889118,0.6188581,1.183402,1.208175,1.2879937,0.8119611,1.0488538,1.0461375,1.1845353,0.61584127,1.2227292,1.2646086,1.2195659,1.0539432,1.0309157,1.0443029,1.2968659,0.74664444,1.1295557,0.46672225,0.6141156,0.7392793,1.1281991,1.2095968,1.1727663,1.1097991,1.123027,1.1383662,1.0097017,1.0161846,0.7561244,0.6269134,1.1824403,1.1831653,0.996828,0.39751977,1.230367,0.6128906,1.1986316,0.7332971,1.0523782,0.9582467,1.3364351,0.8949447,1.2597868,0.9879079,1.1792831,1.1297733,1.2096744,0.9711169,0.7008947,0.70864874,1.4020584,1.088243,1.1268029,0.79348016,1.0281626,1.4541978,0.8819159,0.9505239,1.2123655,1.1478487,0.7927116
ball,1.2719742,0.14540726,1.1275243,1.3870962,0.0,0.5144111,0.8473272,1.2034924,1.3016636,1.2905967,0.7605653,1.391854,1.3759427,1.0585319,0.9870172,1.0868721,1.0988475,0.5090378,0.7695642,1.1868776,0.83356977,0.76625943,1.1573639,0.9377936,1.1960204,1.169215,1.27363,0.73318154,1.1943994,1.3063519,1.1781145,0.8838667,1.2771835,1.145979,0.5272038,1.360229,0.49138516,1.0668837,1.0318635,1.1381329,0.96176314,1.3305979,0.965685,0.56372195,1.0218469,0.9515936,0.7139034,1.0182024,0.9147153,0.84962475,0.6554316,1.1894027,0.8587927,1.2251283,1.0963541,0.77624947,1.191212,0.8826363,1.3205945,0.57477695,1.3035364,0.9897314,1.2648759,0.8667945,0.94264835,0.72653204,1.121986,1.1321356,0.5692346,0.7433357,1.2707075,0.87030464,0.76460475,0.49913448,1.2359099,0.97082996,0.9867167,0.41776443,1.4312472,0.93034875,1.4276607,1.4041585,1.3036307,0.7113867,0.63729393,0.68783724,1.0169338,1.0682789,0.95471615,1.1363624,0.8202617,1.3295746,1.4265615,0.910149,0.97404575,1.0955458,1.3930547,0.7875979,1.3434528,0.93820864,1.3515184,1.064412,1.1341083,0.5738129,1.1601033,0.616446,1.0838042,0.9617994,0.97931284,0.708671,1.2042522,1.1797217,1.3384619,0.50479674,0.82729155,0.92668223,1.2340181,1.2570124,0.32205725,1.2483281,1.0593346,0.9966996,0.71790767,1.3248143
balloon,1.1026125,0.55528,1.1009681,1.2157836,0.5144111,0.0,0.7833809,1.1635844,1.1259288,1.2277868,0.9217459,1.3359334,1.1647028,0.9997081,0.9265153,1.1004097,0.9920091,0.7593561,0.8622279,1.0420475,0.97706926,0.64555985,0.99353284,0.9231516,1.0420545,1.1702884,1.2531517,0.71681005,1.230991,1.2744743,0.9982593,0.92587686,1.2624327,1.0750275,0.7185598,1.1573337,0.7837138,1.1432835,1.0663929,1.1688752,1.0410942,1.1813668,0.8447692,0.726467,1.0378536,0.9628809,0.5876033,1.0370542,0.99034613,1.0461423,0.6552904,1.0427973,0.9028997,0.9993345,1.0980234,0.64063936,1.0886077,1.061836,1.1647764,0.70700943,1.2580733,0.97101825,1.2420865,1.048034,1.0316817,0.8455829,1.0654842,1.1910396,0.66920984,0.7684833,0.9800735,1.0242223,0.95172745,0.72080183,1.0546222,0.9021697,0.930318,0.6278312,1.3064169,0.79942304,1.2643834,1.2854763,1.0349969,0.84513843,0.7527425,0.6584122,1.0843838,1.1545377,1.0363736,1.1195655,1.0131882,1.2553256,1.247965,0.93491215,1.0096482,1.056002,1.2595253,0.9306989,1.2635688,1.0242409,1.2338661,1.0383934,0.8149863,0.81689423,1.1140317,0.8245812,1.1526113,0.9729275,1.0719314,0.84098554,1.0912831,1.1749389,1.2144033,0.60886014,0.8556577,1.0382515,0.96580607,1.0921934,0.55691993,1.1456605,1.0527515,1.1659338,0.8766195,1.1938634
banana,0.87404996,0.7423153,1.1501594,1.1188257,0.8473272,0.7833809,0.0,1.0980723,1.1257445,1.3364755,0.8314858,1.2506492,1.2361275,1.1798084,1.135676,1.1089494,1.136535,0.7675637,1.0319492,1.1799673,0.8900174,0.84292895,0.76249844,0.8372154,0.9590727,1.1679535,1.1108898,1.0294027,1.1448212,0.9738164,0.8888349,0.7967886,1.1772676,0.768476,0.71592,1.1832243,0.8430269,1.1169124,1.1070169,1.1350952,1.0178154,1.0808505,0.94335574,1.0595691,1.0576674,0.9866178,0.7024166,0.8923463,0.92296505,0.90727293,0.7877061,1.1041366,0.9326069,0.90830994,1.2127912,0.7632799,1.0297911,1.0691917,1.1553661,0.8114386,1.2524228,0.8802718,1.2706193,0.8138666,0.99963397,0.9025553,1.094625,0.9283774,0.9460934,1.1352252,1.0625854,0.93246305,1.0156162,0.8194448,0.87873185,0.97176796,0.94173855,0.81452453,1.0311446,0.8316505,1.1868503,1.0278242,1.2027047,0.6937732,0.69398826,0.76736295,1.0282525,0.99910533,1.0414041,1.1431597,0.8823885,1.224271,1.0595767,0.90278107,1.1132859,0.9957957,1.176257,1.0193605,1.100055,0.95052755,1.0958151,0.78499174,0.7001367,0.80330473,1.0442182,0.98291767,1.05559,1.1295389,1.0283959,0.76886106,1.1523601,1.1680115,1.3164456,0.8900249,0.8896873,0.8144342,0.98297286,0.8060387,0.74236643,1.2005997,1.0509402,0.9322294,0.8892735,1.1258159
basket,0.9293894,1.2727716,0.9650524,1.0455898,1.2034924,1.1635844,1.0980723,0.0,0.72256625,0.91591305,1.0841975,0.6949276,0.9845102,1.017711,1.1046432,0.99024427,0.78346634,1.101705,0.90437305,0.6223686,1.0364889,0.7907107,1.1425343,0.9233965,0.7014217,1.082469,0.5868483,0.96188545,0.8322201,0.76801574,0.5936413,0.8812436,0.780843,0.84122276,1.1859097,0.27494144,1.0545264,1.0953655,1.0558159,0.8823725,0.60951656,1.1621749,1.2538893,1.2517126,1.1368153,1.2429577,1.1530696,1.0457349,1.1086733,1.0077968,1.1992718,0.92546594,1.2893922,1.0916837,0.906229,0.9747972,1.2003682,1.0730267,1.1382743,1.2607768,0.9401586,0.971535,1.0239743,1.0596827,0.6750372,1.0603783,1.146415,0.9171544,0.9828165,1.0029156,1.0398834,1.0295553,1.1212704,1.3135915,0.76599205,1.1889468,1.2454088,1.1990874,0.75828195,1.0822202,1.0098906,1.0704501,0.89822006,1.2749002,1.2436687,1.1570762,1.0319338,0.9559357,0.99834883,0.8754314,1.2617868,0.72011554,0.8361139,1.1252931,1.0028821,0.8029053,1.1293046,0.92222005,1.0447448,0.9271765,0.8383618,0.9477732,0.8037721,1.1662881,1.0010184,1.1047733,0.9424579,1.0249082,1.0457585,1.2172574,0.8700651,1.0699091,0.8190585,1.1110109,1.322608,1.2865282,0.93188506,0.7940695,1.017965,0.69821554,0.9295554,0.78318644,1.2311394,0.8660377
bathtub,0.8212041,1.3549042,0.9767672,0.7206917,1.3016636,1.1259288,1.1257445,0.72256625,0.0,0.50836515,1.3095062,0.4284153,0.81027484,0.75676996,0.7602838,1.0980768,1.0235932,1.3933218,1.1211219,0.66447866,1.2706494,1.0448006,0.99293953,1.2146592,0.74520814,0.8688452,0.7553432,1.0902146,0.5859096,0.8688357,0.8336051,1.2445936,0.5828331,1.0972962,1.4399261,0.39298618,1.3306212,1.0568886,1.296453,0.70750916,1.0526564,0.9704803,1.2183658,1.3113372,0.9729245,1.3339409,1.2309763,1.0862664,1.3648282,1.2857206,1.317724,0.65519613,1.3579128,1.1967252,0.6767907,1.2570027,0.9768395,1.208368,0.94920385,1.4822934,0.69924986,0.9156746,0.7418363,1.2459965,0.9996637,1.0641563,1.120575,1.1569254,0.86316574,0.8767919,0.9172325,1.2762756,1.3636205,1.3904511,0.9125995,1.3344488,1.2142206,1.3008785,0.45553404,1.1369116,0.7289829,0.81189835,0.6669639,1.3186114,1.476059,1.1608753,1.111376,1.1488556,1.0200496,0.895421,1.3141103,0.73458934,0.293504,1.315589,1.1144146,0.99212044,0.70644647,1.2238674,0.8599156,1.112692,0.35906005,0.5857351,0.67786217,1.4537528,0.590834,1.2304765,1.0232852,1.1217034,1.1733952,1.3136804,0.9323159,0.81596863,0.4492644,1.2474798,1.4458883,1.2810085,0.6750629,1.0003732,1.3924177,0.71276504,0.93217325,1.1519418,1.444658,0.5352934
bed,0.69719577,1.3739657,0.90574473,0.70087004,1.2905967,1.2277868,1.3364755,0.91591305,0.50836515,0.0,1.3225149,0.3607266,0.45583248,0.66483974,0.6571267,1.1367043,0.8044214,1.460697,1.35172,0.6406468,1.368703,1.3297343,0.9787122,1.3669204,0.8251991,0.6381502,0.821695,1.147624,0.61736274,0.88878,1.0181186,1.2639818,0.48532438,1.0708525,1.4700814,0.49325836,1.465446,0.83479047,0.92133415,0.9118145,1.2258811,0.9017225,1.1613486,1.1634679,0.8427124,1.283773,1.2647874,1.0741786,1.3769901,1.4241564,1.2959406,0.7207763,1.2704355,1.0058115,0.58499765,1.3427625,0.8864461,1.1815423,0.89576006,1.4061223,0.43382937,1.0099632,0.56459206,1.4547462,1.1730186,1.3853346,1.140002,1.208216,0.8893859,1.1338215,0.68689,1.2632732,1.2127379,1.3844779,0.9934485,1.3260968,1.2362688,1.2668934,0.72762275,1.063319,0.3847497,0.68044436,0.5691874,1.390426,1.4721252,1.2455328,0.93550813,1.2123194,1.02981,0.9955035,1.2564642,0.60833216,0.61813045,1.2865468,1.2048721,0.9641883,0.53826106,1.2583696,0.7117713,1.2314551,0.55251133,1.0831167,0.8660309,1.5151423,0.5674825,1.313441,0.9436257,1.2328695,1.3482845,1.3344839,0.77154994,0.5070064,0.26135135,1.4064398,1.3819196,1.2757621,0.83226764,0.9988322,1.4063541,0.7482102,0.9222597,1.2474186,1.4353075,0.61872286
belt,1.2826936,0.6621811,1.2974315,1.2036437,0.7605653,0.9217459,0.8314858,1.0841975,1.3095062,1.3225149,0.0,1.3387048,1.3991213,1.2392478,0.6812336,0.8990166,1.123323,0.47904897,0.87676203,1.2748034,0.9515082,0.81136787,0.9858443,0.3942511,0.89995664,1.2407157,0.8362237,0.9221677,1.2016354,1.2327201,1.0494274,0.9025209,1.1626301,1.3055557,0.279958,1.4204302,0.5596445,1.2065675,1.1617994,0.98258036,0.619056,1.1243119,0.98983085,0.9471085,1.1100272,0.813927,0.3992954,1.1323758,0.62187517,0.61336166,0.75234324,1.376142,0.6827221,0.9469578,1.2614685,0.8706045,1.0884094,1.1024996,1.2680042,0.50321865,1.2004161,1.1671188,1.2234668,0.5577497,0.865643,0.5408331,1.0160131,1.0518823,1.3045064,1.1089152,1.3649663,0.7633939,1.049795,0.52641296,0.8148348,0.62773967,1.0137101,0.74441636,1.1817105,1.035564,1.3405378,1.2270455,1.3011665,0.38765836,0.44484603,0.9308479,0.5078516,1.2170237,1.1376233,1.2232991,0.961731,1.25695,1.2398626,0.7360746,1.1502807,1.0912988,1.2926133,0.7485877,1.2445005,1.0343354,1.3132645,0.6562039,1.2480819,0.33287883,1.1780093,0.514446,1.049831,1.0827997,0.88513005,0.96321,1.1338919,1.2822874,1.4200227,0.7338299,0.58984524,0.8848247,1.4223516,0.79573625,0.6511354,1.3830683,1.0719559,0.8675379,0.47351646,1.2656896
bench,0.7722225,1.417376,0.8437998,0.72179157,1.391854,1.3359334,1.2506492,0.6949276,0.4284153,0.3607266,1.3387048,0.0,0.6495117,0.7802323,0.9062104,1.0387661,0.95013136,1.4777728,1.3788091,0.6314505,1.4376247,1.218718,1.0397621,1.2440145,0.7973323,0.73723423,0.59827495,1.1923891,0.629515,0.6150527,0.89492524,1.2197921,0.51608336,0.9216126,1.514349,0.36970758,1.4977258,0.87577516,0.98853785,0.8744522,0.99140024,0.8440239,1.1615182,1.2365024,0.9426664,1.2064563,1.363313,1.0212042,1.2954974,1.4595503,1.3555253,0.7420319,1.3262407,0.926593,0.6488334,1.1920271,0.8802896,1.2544789,0.79085433,1.438098,0.5837574,0.863711,0.58729815,1.402268,1.1174235,1.2961035,1.032631,1.2073447,0.88542646,1.1817157,0.74424726,1.2559907,1.2635331,1.4543238,0.76119804,1.2662582,1.1462398,1.3456887,0.57965803,1.2293339,0.53350025,0.54538023,0.7236581,1.3947461,1.507621,1.1272177,0.9463549,1.227245,1.0323901,1.039999,1.2097702,0.46738285,0.4874897,1.3307822,1.2145561,0.9788944,0.5848457,1.269402,0.584247,1.2095623,0.49885368,0.9166534,0.7932886,1.5185348,0.66019404,1.3705232,0.81199324,1.2777805,1.3668036,1.3628495,0.8249545,0.7796881,0.2911837,1.4726255,1.3546331,1.2542926,0.78266895,0.8314447,1.4553401,0.7898871,1.0134248,1.0829015,1.4182599,0.50337076
bib,0.6402433,1.3780541,0.80603707,0.553195,1.3759427,1.1647028,1.2361275,0.9845102,0.81027484,0.45583248,1.3991213,0.6495117,0.0,0.7996996,0.94241744,0.9164422,0.64476454,1.4933655,1.3262626,0.69069666,1.2696226,1.3225749,0.8660854,1.4181528,1.0559281,0.89258355,1.0835816,1.044092,0.97012895,0.9282841,0.96832365,1.095453,0.76246375,0.81413436,1.4771322,0.6408739,1.5433457,1.002077,0.76967174,1.1941344,1.2797121,0.69691277,0.94048345,1.2160919,0.8910706,1.0793035,1.2283769,1.0637141,1.2541807,1.40682,1.1176718,0.8208602,1.194755,0.6651598,0.67957306,1.0629404,0.8254274,1.0930744,0.6081817,1.3888699,0.5635264,1.0145243,0.47235078,1.4643286,1.3973796,1.541704,0.99547726,1.1278518,0.8800274,1.2470398,0.40335608,1.1936178,1.1969317,1.4087772,1.0020732,1.116276,1.0936701,1.3715222,0.858765,0.97578126,0.34675425,0.59405196,0.46168947,1.3947835,1.3940549,1.1493537,1.1872745,1.0453103,1.1116024,0.81329036,1.1863593,0.5388749,0.82797664,1.2532356,1.127226,0.8833976,0.4977768,1.2637371,0.5079807,1.1636422,0.81794083,1.3148847,0.9080093,1.5262668,0.80264544,1.4062816,1.0519922,1.2200437,1.280036,1.2585965,0.81035745,0.7237637,0.54681665,1.4343666,1.2113528,1.2198911,0.71610403,0.9499352,1.3909444,0.5979882,0.9430419,1.3418503,1.3224294,0.88907444
bird,0.843347,1.1077172,0.95722306,0.85647047,1.0585319,0.9997081,1.1798084,1.017711,0.75676996,0.66483974,1.2392478,0.7802323,0.7996996,0.0,0.7853706,1.1054127,1.0271304,1.2934403,1.2055833,0.9411091,1.2751101,1.2502716,0.93821055,1.3383856,0.9593126,0.5413744,1.1713713,1.1726236,0.96735835,1.0002445,0.9036572,1.0748738,0.81377125,1.0538234,1.2846318,0.785168,1.2833924,0.6316441,1.1319187,1.1775692,1.3118962,0.99490696,0.9598958,1.0711492,0.89622426,1.1080068,1.1572306,1.0351421,1.2505542,1.2350808,1.2022072,0.8601703,1.1566386,0.9777061,0.5631952,1.1792283,0.8072703,1.1452403,0.91004616,1.180325,0.71468335,1.1169801,0.6353709,1.2271018,1.1890588,1.268297,1.1453717,1.141742,0.885132,0.9980205,0.8064573,1.1725403,1.1347628,1.182513,1.0865881,1.2572541,0.9787721,1.1228127,0.96319526,1.037776,0.73894304,0.9102539,0.7979902,1.2020452,1.2554878,1.1342467,1.1179974,1.1025783,0.98198146,1.0634897,1.1708066,0.8986818,0.8674208,1.0526309,1.0896398,1.0254254,0.7528134,1.0227461,0.85748965,1.1940402,0.9293381,1.0863919,0.9225534,1.2573974,0.8160536,1.2035363,0.9764127,1.0714823,1.1641074,1.1042421,0.945746,0.72743136,0.67615974,1.19006,1.2005424,1.1663876,0.7325213,1.096876,1.3013396,0.90668875,0.9301677,1.1238431,1.230116,0.87331945
blanket,1.0144384,0.98581946,1.1886516,0.83951247,0.9870172,0.9265153,1.135676,1.1046432,0.7602838,0.6571267,0.6812336,0.9062104,0.94241744,0.7853706,0.0,1.0811921,1.1174849,1.0172861,1.1306778,0.96698964,1.1959543,1.0589643,0.90292174,0.9239415,0.8097029,0.81259847,0.8956788,1.0201846,0.80845153,1.180306,0.96870357,1.1008049,0.7601695,1.2704351,0.934881,0.9761419,1.0517952,0.9987502,1.1526656,0.9109015,1.02009,0.945037,1.1049012,1.01216,0.9516359,1.1297783,0.6450487,1.1840351,1.0366148,1.1654422,1.0546411,0.98831755,1.017008,0.99359804,0.8541266,1.1555066,0.97735584,1.197339,1.0852983,0.977359,0.8161529,1.1700251,0.86111224,1.1630204,1.122064,1.0042428,1.1497141,1.1624866,1.0240102,1.1075699,0.9598026,0.96579415,1.1260201,0.9804563,0.9834249,1.0116781,1.116652,0.9027283,0.9709066,1.014358,0.86677426,0.96378285,0.9779403,0.96518135,1.0382704,1.0656173,0.85418224,1.2917817,1.1122874,1.1396035,1.1943944,0.94401747,0.8245607,0.95274824,1.1884904,1.0880238,0.8794486,1.0604401,0.9921146,1.251112,0.8841679,0.89788806,0.9863896,0.9834649,0.8401739,0.9178107,1.0275848,1.1098793,1.2056874,1.1185834,0.9963654,0.9424866,0.84489024,1.077916,1.0495245,1.1516085,1.1544178,1.0084134,1.0990279,1.1067795,0.9295322,1.1659524,1.0005531,0.9011272
boat,1.0628388,1.0956962,1.1062691,0.969731,1.0868721,1.1004097,1.1089494,0.99024427,1.0980768,1.1367043,0.8990166,1.0387661,0.9164422,1.1054127,1.0811921,0.0,0.95201135,1.0507324,1.0033998,1.0863804,1.0094534,0.9939487,1.0829017,0.8810421,1.1270242,1.1232495,1.0029509,0.9921823,1.1645231,0.964166,0.9879079,1.0385286,1.138969,1.0135151,1.015519,1.0823464,1.1211424,1.0965111,1.0493296,0.96551895,0.753796,0.7530415,0.8720615,1.029087,1.1749513,0.86130667,1.0336529,1.1199815,0.88863707,0.9686701,0.9847805,1.1363753,1.0342516,0.820448,1.1326212,0.90755814,1.0351375,1.0280684,0.97320455,1.0503407,1.0556653,1.1227502,0.9847808,0.88117856,1.0543743,0.9933326,0.7771907,0.95763004,1.0181848,0.97136486,1.0096297,0.8349879,1.0032319,1.0846313,0.8073586,0.8055439,0.97503906,1.1994119,0.9950954,0.99833596,1.0290409,0.98586917,0.9378501,0.9884257,1.0075428,1.0902658,0.7715615,0.97728765,1.0797426,0.9707296,0.9256925,0.9182459,1.1080908,0.93194073,0.92585593,0.92650855,1.0671772,0.87259346,0.93122596,0.94548917,1.1033875,1.0166993,1.1348406,0.97298986,1.1973631,1.0162281,0.99636006,0.92382187,0.90636617,1.0431598,1.0242429,1.1752112,1.1453997,0.99624616,0.9094286,0.9623455,1.034567,0.8100857,1.1072602,1.0208815,1.0579847,0.91723347,0.93746895,1.1132172
book,0.8841886,1.166012,0.8288976,1.0500836,1.0988475,0.9920091,1.136535,0.78346634,1.0235932,0.8044214,1.123323,0.95013136,0.64476454,1.0271304,1.1174849,0.95201135,0.0,1.0771971,0.92428064,0.55679154,0.987241,1.0054528,1.0344683,1.1436474,0.9091925,1.0482993,0.9708394,0.8600113,1.1447766,0.99290526,1.0658578,1.0488284,0.9554689,0.83931893,1.090527,0.7524711,1.0972755,0.98992944,0.7804565,1.1568701,0.995104,1.1754903,1.148053,1.1224518,0.9777625,1.1298239,1.0657339,0.95854855,1.1053467,1.01605,0.9651869,0.9534283,1.1632901,1.0437618,0.8535381,0.79918563,1.0449765,0.9141022,0.9586182,1.1510178,0.94608575,0.99219126,0.94891083,1.0490236,1.0596216,1.2073916,1.1010637,1.0500914,0.9369914,1.0525491,0.87526953,1.0512807,1.0606992,1.1985893,1.0002177,1.1714474,1.2375007,1.1300896,1.0245086,0.8934321,0.9726004,1.1243479,0.36000234,1.1277531,1.0217545,1.1553183,1.1329691,0.8994295,0.96217334,0.77751464,1.2186347,0.88211524,1.1057913,1.0290124,1.0088603,0.73248017,1.0460535,1.0253268,1.0067918,0.9355098,1.0603769,1.0805029,0.9317867,1.1759197,0.9186145,1.120451,1.0956343,1.0667943,1.0357627,1.2349238,0.89104223,0.9653674,0.71514624,1.0547001,1.2029716,1.232002,0.89990795,1.0012559,0.86206144,0.6170765,0.9220919,1.0079985,1.2094214,1.062275
bottle,1.3809041,0.5745802,1.1859705,1.3324924,0.5090378,0.7593561,0.7675637,1.101705,1.3933218,1.460697,0.47904897,1.4777728,1.4933655,1.2934403,1.0172861,1.0507324,1.0771971,0.0,0.6467153,1.246809,0.7954577,0.42948198,1.2128347,0.4697336,0.93721163,1.2987909,1.0751348,0.9144449,1.1974925,1.2676771,1.0969191,0.9494855,1.3165386,1.26306,0.21726114,1.4187236,0.17227763,1.1549845,1.076888,1.0045222,0.8169811,1.1978848,1.0281225,0.8707998,1.1980096,0.90864426,0.7158212,0.97561926,0.6415282,0.51872885,0.7775768,1.2941055,0.7454063,1.1034809,1.2584828,0.76998246,1.2592697,0.9424946,1.3806846,0.35802847,1.3599229,0.9793665,1.3748401,0.49939436,0.67902076,0.40352798,1.0772811,1.0482286,1.1735289,0.92764056,1.397614,0.77561426,0.8999763,0.39054656,1.0365937,0.802492,1.1257032,0.5946282,1.3023794,1.0898474,1.4986345,1.4576135,1.375238,0.44333267,0.3545612,0.98502654,0.92111623,1.0673078,0.97667503,1.1505754,0.9057472,1.2971163,1.3554027,0.84750694,1.0535097,1.0751227,1.4828142,0.63197553,1.423633,0.82252175,1.3345386,0.8142698,1.1066036,0.31007552,1.2158076,0.44734502,0.9870467,0.91170686,0.72602534,0.78548795,1.1234764,1.312096,1.4956262,0.5134472,0.7237051,0.8774967,1.2630233,0.95848995,0.2843063,1.3095284,1.1075284,0.67608225,0.46609515,1.3355348
bowl,1.3791491,0.8612728,0.9891428,1.2804725,0.7695642,0.8622279,1.0319492,0.90437305,1.1211219,1.35172,0.87676203,1.3788091,1.3262626,1.2055833,1.1306778,1.0033998,0.92428064,0.6467153,0.0,1.0484239,0.44557077,0.59165335,1.1912935,0.9066261,1.0323246,1.2789909,1.0330143,0.91825217,1.2820628,1.082666,1.1892198,0.9495887,1.2856648,1.1530956,0.77654743,1.2357306,0.41677153,1.1572331,1.1108043,1.1058342,0.86395025,1.3256747,1.1391454,0.92083913,1.2080785,1.107147,0.94087416,1.0994084,0.9022321,0.53156626,0.9311317,1.1196647,1.0048014,1.3110977,1.1687781,0.9367134,1.3463383,0.5935742,1.3336833,0.88116825,1.3615181,1.0601084,1.2308187,0.5811167,0.8399594,0.8183074,1.0096493,0.6408179,1.0159668,0.6238099,1.3643796,0.9114649,0.7096875,0.83034074,1.0981458,1.0716717,1.1084526,0.729228,1.2234391,1.0487511,1.4485402,1.4854773,1.1843252,0.90377176,0.77379996,1.0297437,0.98963016,0.55280733,1.0290409,0.41163927,1.02728,1.2522602,1.3076714,0.9895252,0.46848404,1.0735132,1.4394941,0.7875664,1.2708677,0.85389197,1.3244588,0.8415228,1.0179389,0.7161126,1.2374024,0.7089808,1.0717624,0.4195249,0.42531562,0.9075352,1.1684202,1.2518188,1.3639235,0.47390336,1.0506303,1.1197981,1.1740571,1.1696333,0.6354462,0.7178011,1.0475023,0.98178047,0.9333096,1.3301885
box,0.8185697,1.2754557,0.82273394,0.9148457,1.1868776,1.0420475,1.1799673,0.6223686,0.66447866,0.6406468,1.2748034,0.6314505,0.69069666,0.9411091,0.96698964,1.0863804,0.55679154,1.246809,1.0484239,0.0,1.2029055,0.9880252,1.0677546,1.1988182,0.84026,0.9161294,0.63158613,0.94811106,0.8082398,0.81843394,0.966234,1.1398083,0.65992653,0.91560745,1.3244665,0.41240472,1.2576953,0.9624672,0.93253124,1.0074811,0.9473982,1.0524619,1.1754853,1.1317148,0.9701912,1.2491109,1.222387,1.0202005,1.2524366,1.2434767,1.1422553,0.8120148,1.2279366,1.0278302,0.7644471,1.0384995,0.9729329,1.1173316,0.9561641,1.3125434,0.7684845,0.84049827,0.82890713,1.2983197,1.0857766,1.3119867,1.1698349,1.080968,0.9112585,1.0817654,0.7842009,1.1418786,1.2035019,1.339298,1.011022,1.2373909,1.2694633,1.2192606,0.8155672,1.0541898,0.8481109,0.9156351,0.55166566,1.3299408,1.3594165,1.1239609,1.2072122,1.0068963,1.0404162,0.79710114,1.2620031,0.6751168,0.804067,1.2063549,1.1038884,0.8478192,0.87789613,1.1032017,0.9154283,1.0651612,0.77897304,1.0645015,0.8191582,1.3474196,0.8608621,1.2435923,1.0441135,1.115929,1.1935055,1.2379144,0.82066697,0.90877235,0.49944365,1.2327341,1.3035723,1.314398,0.82756066,1.0667223,1.0942354,0.5531935,0.93973744,1.0887336,1.3273138,0.8413259
bread,1.2254883,0.8653275,0.9077737,1.2522073,0.83356977,0.97706926,0.8900174,1.0364889,1.2706494,1.368703,0.9515082,1.4376247,1.2696226,1.2751101,1.1959543,1.0094534,0.987241,0.7954577,0.44557077,1.2029055,0.0,0.8558126,1.0138175,1.0377806,1.1446244,1.1962256,1.2347993,0.9357724,1.2099583,1.1109526,1.1877477,0.79307795,1.3353391,0.80996877,0.8761803,1.3399165,0.64371365,1.0816884,1.0255686,1.070037,1.0366737,1.300924,1.1387818,0.96352917,1.1517452,1.1461525,0.9120827,0.9806026,0.90224683,0.5982955,0.8057346,1.0745335,1.0495669,1.3145329,1.1506399,0.9718665,1.2819824,0.4164319,1.2978268,0.9931708,1.3505851,0.9714796,1.2630743,0.679378,0.8410511,0.9348608,1.0068945,0.5148151,1.0443609,0.72912854,1.2835205,0.911629,0.5728401,0.91492724,1.1171148,1.042049,1.0586079,0.76265675,1.2138906,0.90236574,1.411066,1.4184318,1.1960828,0.99079186,0.87177694,1.0689346,1.0095061,0.37989843,0.9419788,0.5837668,0.7836524,1.2961394,1.2965562,0.9405973,0.5559529,1.076836,1.419076,0.84741914,1.292855,0.82199395,1.2781687,1.0712757,1.026083,0.8247503,1.188047,0.7845863,1.0494692,0.55381274,0.57544994,0.76144034,1.1454661,1.2122437,1.3672608,0.8178462,1.0847588,0.9202653,1.2100674,1.1251704,0.74193925,0.80520815,1.0206211,1.0150399,1.0323175,1.2834973
bucket,1.2065554,0.8177934,1.1740698,1.2805684,0.76625943,0.64555985,0.84292895,0.7907107,1.0448006,1.3297343,0.81136787,1.218718,1.3225749,1.2502716,1.0589643,0.9939487,1.0054528,0.42948198,0.59165335,0.9880252,0.8558126,0.0,1.2034096,0.63268805,0.8395329,1.2447462,0.819604,0.83599794,1.1130376,1.0832746,1.0244274,0.94446784,1.2340789,1.1529863,0.7323563,1.0336328,0.48994362,1.1431699,1.0236688,0.9970345,0.7656752,1.1387569,1.1481905,0.9085456,1.2519569,1.083427,0.80072963,1.0273896,0.8144919,0.86092573,0.7514457,1.0804492,1.0485605,1.0730233,1.2400466,0.71558535,1.2613678,1.0555677,1.2925365,0.78328246,1.2868931,0.81651306,1.2998369,0.80855566,0.69441867,0.6308535,1.0177171,1.0394164,0.9533756,0.6960744,1.2304958,0.87517524,1.0165335,0.92577916,0.84247184,0.9810552,1.1656097,0.84216917,1.1235948,1.0304172,1.353846,1.3325033,1.192724,0.94710606,0.8186612,0.9035004,0.9475219,1.057078,0.93748,1.0588146,1.0455046,0.9292697,1.1861136,0.9669939,0.89960533,1.0194526,1.3409488,0.78315425,1.2841668,0.8769116,1.1846694,0.89415073,0.74984217,0.7596861,1.2027079,0.72723436,0.92668456,0.803741,0.8859413,0.8742459,0.95885956,1.2607515,1.3058344,0.5899228,1.0017141,1.1265858,1.0278442,0.8517798,0.42009544,1.143173,1.1092937,0.7737429,0.8747605,1.2322464
butterfly,0.70795715,1.0549527,1.0733039,0.9408088,1.1573639,0.99353284,0.76249844,1.1425343,0.99293953,0.9787122,0.9858443,1.0397621,0.8660854,0.93821055,0.90292174,1.0829017,1.0344683,1.2128347,1.1912935,1.0677546,1.0138175,1.2034096,0.0,1.1292287,1.085958,0.9400026,1.1266117,0.8773185,1.1300595,1.0007223,0.95076805,0.79884577,0.94738656,0.8535389,1.0605327,1.0352864,1.1823905,0.9863849,1.1135587,1.1957784,1.1100644,0.993768,0.9402717,1.2151227,1.0083154,1.0614269,0.7541889,0.95230055,1.1763003,1.1706889,0.7891646,0.9036626,0.9972421,0.9140781,0.99875593,0.93223435,0.8956096,1.0666237,0.98750114,1.1048403,0.9809943,0.9828937,0.96735114,1.1352546,1.189744,1.1327295,1.0877807,0.98804647,1.0409071,1.2147102,0.9007248,0.9094724,0.8620739,1.0325756,1.0017285,0.9245392,0.9833538,1.1105785,0.9166325,0.6134177,0.80620676,0.878853,0.9374229,0.90811217,0.98635477,0.8929389,1.0767345,1.082989,1.0612452,1.1083597,1.0102441,1.0295048,0.9437509,0.90239376,1.0859947,0.99208695,0.8735622,1.1178079,0.9481661,1.1325583,1.0198119,0.9624891,1.0507408,1.0385149,0.8516232,1.119387,1.2015208,1.1808761,1.2224534,0.8950548,1.0452666,0.99333817,0.996917,1.0771006,1.023955,0.83227605,1.0195198,0.91701555,1.1542809,1.0986899,1.0684235,1.1697652,1.0464696,1.0121897
can,1.2472196,0.82441133,1.2681334,1.2095906,0.9377936,0.9231516,0.8372154,0.9233965,1.2146592,1.3669204,0.3942511,1.2440145,1.4181528,1.3383856,0.9239415,0.8810421,1.1436474,0.4697336,0.9066261,1.1988182,1.0377806,0.63268805,1.1292287,0.0,0.8245071,1.2122406,0.7260312,0.9922813,0.9552391,1.1058228,1.0052116,1.0284111,1.1685228,1.2498804,0.43221003,1.2359705,0.56282616,1.1743574,1.1608536,0.6828174,0.6011776,0.91161776,0.9390895,0.8992006,1.181424,0.8599052,0.6883872,1.0636789,0.57500046,0.7346407,0.99303603,1.1268829,0.7410844,0.9321182,1.371908,0.8383008,1.0519459,1.1646746,1.2613487,0.543831,1.2771461,1.0469394,1.3191583,0.6712688,0.71473634,0.43801117,0.96853554,1.0941774,1.2802141,1.0541303,1.3525095,0.8750497,1.0905505,0.6283177,0.6813372,0.66141355,1.0046805,0.7965101,0.9737014,1.1093323,1.2895947,1.0731684,1.2908905,0.52829844,0.547315,0.8582631,0.5303218,1.2527835,1.0783042,1.2756224,0.946015,1.2496215,1.017058,0.85076404,1.1562978,1.1291201,1.2549839,0.8841414,1.2512631,0.93284965,1.088006,0.6081048,1.1591113,0.49554253,1.1741021,0.6420373,0.98436606,1.0793155,0.954522,0.99398035,1.0831968,1.3199272,1.3353004,0.7681142,0.62355447,0.90897363,1.394665,0.6395479,0.7580886,1.3789464,1.1804477,0.68383044,0.551784,1.0556706
car,0.879444,1.2272713,1.0834868,0.93815535,1.1960204,1.0420545,0.9590727,0.7014217,0.74520814,0.8251991,0.89995664,0.7973323,1.0559281,0.9593126,0.8097029,1.1270242,0.9091925,0.93721163,1.0323246,0.84026,1.1446244,0.8395329,1.085958,0.8245071,0.0,0.8854779,0.7163081,1.1628519,0.6949234,0.7895509,0.79858726,1.2690809,0.87587774,1.1493657,1.0203874,0.6498762,1.0450422,0.99019015,1.1555599,0.73473847,0.9054992,1.0266653,1.2919908,1.2176905,1.0038648,1.3880647,0.90205723,0.87055415,1.1223788,0.93864614,1.2125653,0.91432035,1.2368373,1.1570961,1.010618,1.0684448,1.1212937,1.1131146,1.236027,1.1147286,0.81699026,1.0166141,1.0655973,0.92718416,0.74720854,0.8874459,1.2829928,1.0310036,1.2268732,1.0810068,1.1496553,0.9664653,1.2453552,1.1579179,0.8811298,1.2891858,1.1750766,1.1669986,0.6391413,1.072087,0.8983939,1.0031013,0.85143447,1.0258896,1.0550109,1.181117,0.9709251,1.073633,0.8987545,0.99573845,1.3277457,0.8631861,0.5902254,1.0744641,1.1475219,1.0086838,0.90567154,1.0987217,1.0108368,1.1285803,0.66145134,0.7186329,0.74597466,1.1381134,0.7963059,0.8827194,1.0868595,1.0949801,0.9906123,1.1988637,0.7457323,0.93426013,0.84915197,1.1729459,1.3898144,1.2264335,0.8981321,0.888417,1.0220113,0.9251485,0.8736465,0.76248,1.2909169,0.5555546
cat,0.67495656,1.1863701,0.92006385,0.92504835,1.169215,1.1702884,1.1679535,1.082469,0.8688452,0.6381502,1.2407157,0.73723423,0.89258355,0.5413744,0.81259847,1.1232495,1.0482993,1.2987909,1.2789909,0.9161294,1.1962256,1.2447462,0.9400026,1.2122406,0.8854779,0.0,0.98487914,1.1657727,0.78879976,0.74544716,1.0473382,1.1859162,0.7477572,0.98337215,1.3546256,0.84119886,1.2833432,0.089782834,0.8772672,0.94303185,1.2557969,1.018082,1.1492022,1.1124636,0.8320738,1.2924783,1.161961,0.902721,1.2597593,1.2640896,1.1475374,0.82681006,1.1594852,0.9445828,0.9193835,1.2824711,0.8870449,1.0782956,1.0311292,1.2266247,0.7894037,1.0363318,0.9239751,1.3155522,1.1173329,1.241825,1.1719095,1.1129816,0.99725807,1.0647001,0.8198978,1.0590055,0.99596703,1.2920368,0.9900922,1.3064971,0.9244106,1.2216138,0.83661646,0.9320707,0.763802,0.8198206,0.90364206,1.2618701,1.3404124,1.0966716,0.9483266,1.131297,0.8724131,1.1276954,1.1813254,0.89151657,0.80570936,0.74868166,1.0632846,1.0265335,0.7788184,1.0786749,0.97198427,1.143851,0.7971915,1.1023519,1.1019443,1.2604413,0.7956391,1.1460629,0.8886647,1.0714211,1.2172234,1.167531,0.8264336,0.7083927,0.66580784,1.2138683,1.3208939,1.0618975,0.8444603,1.0004157,1.2967836,1.0067794,0.9707259,0.9083003,1.3169682,0.7313868
chair,1.0362624,1.246184,1.0689766,1.0537596,1.27363,1.2531517,1.1108898,0.5868483,0.7553432,0.821695,0.8362237,0.59827495,1.0835816,1.1713713,0.8956788,1.0029509,0.9708394,1.0751348,1.0330143,0.63158613,1.2347993,0.819604,1.1266117,0.7260312,0.7163081,0.98487914,0.0,1.0793514,0.7309235,0.6629015,1.0285796,1.0825406,0.6224192,1.1663215,1.1251798,0.6212493,1.0394396,1.0002829,0.9798008,0.7671237,0.60498595,0.9872278,1.2081169,1.081816,1.0835744,1.1268829,1.0730249,0.9877795,0.97914463,1.101434,1.1248366,0.97786015,1.1315128,0.94862616,1.1274053,1.1554886,0.9935926,1.2146693,1.109452,1.0881996,0.84400994,0.90798724,1.0412954,1.1397667,0.8242873,0.9532204,1.08889,1.1059642,1.1824806,1.0782362,1.1138537,0.9259523,1.3008405,1.2486197,0.68357456,1.1102169,1.2097013,1.1299912,0.69999033,1.1664388,1.002677,0.83682364,1.0301778,1.1704663,1.1844392,1.0393709,0.77071476,1.1691883,0.96982574,1.0308834,1.2038351,0.67793185,0.75807756,0.9788342,1.087466,0.94447744,0.957584,0.9491453,0.99241745,1.0496185,0.72941244,0.83366215,0.95162153,1.0640433,0.98607165,1.0354934,0.8906617,1.0684369,1.1393772,1.2179942,0.87257516,1.075537,0.7042589,1.1358731,1.0902697,1.2301217,1.1618257,0.74084103,1.0776373,0.974066,0.9796276,0.7779705,1.095718,0.7994929
clock,1.025955,0.84998244,1.06706,1.1837021,0.73318154,0.71681005,1.0294027,0.96188545,1.0902146,1.147624,0.9221677,1.1923891,1.044092,1.1726236,1.0201846,0.9921823,0.8600113,0.9144449,0.91825217,0.94811106,0.9357724,0.83599794,0.8773185,0.9922813,1.1628519,1.1657727,1.0793514,0.0,1.1366147,1.1137131,1.0262951,0.86852694,1.1367145,0.97383755,0.9385624,1.0302628,0.84519637,1.0952572,0.76248586,1.0883765,0.9227724,1.1150899,1.0485032,0.9262332,0.9900551,1.0915294,0.8029829,1.1487638,1.1074774,1.0034479,0.67468727,0.92164147,0.99386185,1.0165728,1.1110568,0.8114901,1.1637076,0.96366256,1.1322453,0.9092026,1.1506525,0.93589383,1.1722317,1.0898507,0.9241557,0.8947474,1.0630604,1.0951653,0.77630895,0.9195662,0.93333167,0.7709372,0.79030204,0.99092734,1.0381354,0.9490486,1.0455015,0.9381243,1.1439219,0.7026997,1.2035536,1.1775025,0.9907017,1.0822849,1.0555018,0.8155644,1.0900108,1.0725142,1.1425346,1.0057027,1.0265806,1.0622853,1.1966645,0.9221883,0.926793,0.8842044,1.1749297,0.8660076,1.1787369,0.92503357,1.1315385,1.0595498,1.042687,0.8869036,1.1112205,0.9132437,1.1144086,0.9611916,1.0292425,1.0261526,0.9718701,1.1332842,1.1064378,0.70295805,1.0616711,0.9354542,1.0230081,1.0500557,0.6570931,1.0414261,1.0694638,0.9901443,0.97993904,1.1962388
closet,0.84126735,1.2485969,1.0313928,0.8404305,1.1943994,1.230991,1.1448212,0.8322201,0.5859096,0.61736274,1.2016354,0.629515,0.97012895,0.96735835,0.80845153,1.1645231,1.1447766,1.1974925,1.2820628,0.8082398,1.2099583,1.1130376,1.1300595,0.9552391,0.6949234,0.78879976,0.7309235,1.1366147,0.0,0.8566086,0.95792115,1.2805748,0.61044335,1.1017919,1.3076999,0.6306108,1.2246382,0.91792476,1.0824242,0.30274355,0.98074937,0.835843,1.1433047,1.0975738,0.89344764,1.2965236,1.2686415,0.9634416,1.16411,1.2238818,1.3668427,0.74184567,1.1858354,1.1635029,0.9718338,1.3817582,0.937428,1.1749007,1.0468599,1.2050312,0.8108826,0.8239145,0.95950216,1.3021011,0.76895636,1.0454406,1.1992162,1.1352992,1.0322294,1.0258032,1.0400254,1.0513498,1.2042882,1.2443095,1.0204285,1.2233133,1.1208551,1.1588593,0.56532377,1.1089143,0.7493792,0.70656824,0.93554074,1.2906121,1.346293,1.1329223,1.0174229,1.1883035,0.94397175,1.0900643,1.1497461,0.8181244,0.4197998,1.1556393,1.1308396,1.0138359,0.7421397,1.1835065,0.9438097,1.0906577,0.41023886,0.946954,0.9436329,1.3049947,0.7749852,1.1196923,0.9886951,1.153696,1.2108113,1.1197951,0.93230355,0.8371209,0.6165571,1.3209801,1.300955,1.1373101,1.0084165,1.0594126,1.2868153,0.9685462,0.93499476,0.9513517,1.2962378,0.5027773
coffee,0.8318795,1.295264,0.90508616,0.91974676,1.3063519,1.2744743,0.9738164,0.76801574,0.8688357,0.88878,1.2327201,0.6150527,0.9282841,1.0002445,1.180306,0.964166,0.99290526,1.2676771,1.082666,0.81843394,1.1109526,1.0832746,1.0007223,1.1058228,0.7895509,0.74544716,0.6629015,1.1137131,0.8566086,0.0,1.0803655,1.0868759,0.858845,0.84276384,1.359956,0.68557984,1.1791574,0.7170455,0.85930544,0.94836044,0.9086709,1.0382484,1.155578,1.2120432,1.0449703,1.2328299,1.258127,0.8127595,1.127339,1.1462033,1.159021,0.8817774,1.2476172,0.96603775,1.0469475,1.0636876,1.0281144,0.99309975,0.97739637,1.3025144,0.9328075,0.86374855,0.99843943,1.1641687,0.9509023,1.1588762,1.132812,0.9245502,1.0570152,1.0902604,0.9347791,0.91404694,1.0219648,1.3357224,0.8061148,1.2831618,0.99862415,1.2427387,0.69319487,1.0693892,0.92496824,0.7884198,0.91832083,1.2847836,1.3303134,0.99313813,0.9969449,0.94866264,0.9497459,0.89172155,1.1637803,0.80053747,0.78253603,1.0253512,0.9471635,1.0380327,0.87659633,1.1475526,0.85126364,1.11122,0.7857838,0.9508904,0.9753568,1.3045619,0.9453857,1.1736674,0.9425104,0.9906719,1.0645498,1.1904588,0.9127346,0.9094341,0.71909714,1.2204597,1.2823567,1.1298822,0.91369313,0.8479803,1.2154914,0.82757854,0.96549284,0.8804793,1.3210815,0.71120304
comb,0.6899339,1.1589147,1.0672549,0.79735345,1.1781145,0.9982593,0.8888349,0.5936413,0.8336051,1.0181186,1.0494274,0.89492524,0.96832365,0.9036572,0.96870357,0.9879079,1.0658578,1.0969191,1.1892198,0.966234,1.1877477,1.0244274,0.95076805,1.0052116,0.79858726,1.0473382,1.0285796,1.0262951,0.95792115,1.0803655,0.0,0.8760269,0.8807835,0.7783078,1.0452986,0.6612501,1.1769425,1.1727232,1.1754951,0.9506525,0.94414216,0.9035004,1.0580177,1.1542373,1.0372822,1.0963669,0.9241725,1.0301352,1.0987885,0.98783237,1.1710522,0.91462135,1.0623744,0.88334966,0.99400425,0.9485259,0.9790385,1.2555193,0.9228114,1.106606,1.0125055,1.0574708,0.98905414,0.9465447,0.9215329,0.9823948,1.0111653,0.9295466,0.97627056,1.1060792,0.8408782,1.1451653,1.1244676,1.0768162,0.9085573,0.98238015,1.0641711,1.1501256,0.8928194,1.0114036,0.8182583,0.94546866,0.9711101,0.9692217,1.0231979,1.084077,1.0785165,1.0924714,1.0904987,1.1276838,1.0908909,0.93588114,0.8129477,1.1009408,1.1873469,0.89358485,0.93659663,1.0368443,0.9331126,1.0116973,0.8901533,1.0056664,0.8218303,1.0920032,0.9743992,1.0614567,0.98200303,1.1695334,1.0476892,1.0707766,0.9890157,1.0560735,1.021758,1.1173017,1.1468935,0.9246488,0.7869563,0.873857,1.1983286,1.0584034,0.9441256,0.96802676,1.0684714,0.8870116
