,zebra,giraffe,deer,pony,horse,pig,rooster,penguin,bird,duck,fish,butterfly,frog,alligator,owl,elephant,bear,cat,dog,face,hair,arm,hand,leg,foot,ankle,finger,toe,tooth,ear,nose,eye,mouth,stroller,motorcycle,tricycle,truck,car,lamp,chair,bench,drawer,ladder,window,door,closet,shower,refrigerator,oven,crib,bed,couch,table,bathtub,sink,boat,slide,hose,sprinkler,swing,grass,tree,snow,helicopter,firetruck,clock,ball,balloon,pumpkin,egg,orange,apple,potato,strawberry,hat,slipper,watch,nail,raisin,glasses,necklace,carrot,vacuum,broom,mop,stick,shovel,scissors,spoon,fork,knife,pencil,pen,crayon,plant,flower,soap,bottle,cup,can,belt,radio,basket,milk,jar,bucket,tape,bowl,plate,corn,pickle,banana,melon,bread,cookie,toast,cracker,sandwich,chips,pizza,hamburger,muffin,pastry,meat,pasta,sauce,soup,applesauce,glass,coffee,dish,tray,box,book,paper,rock,comb,toothbrush,gum,toy,doll,mitten,glove,sock,shoe,purse,pillow,towel,napkin,blanket,dress,pajamas,bib,scarf,coat,jacket,sweater,shirt,jeans,pants,shorts,cloud,game
zebra,0.0,0.8068204522132874,1.0350679159164429,0.9220201373100281,0.6906194686889648,0.6905040740966797,1.0279982089996338,1.0016674995422363,1.0048068761825562,1.0253514051437378,0.9767007827758789,1.1196613311767578,0.9226053357124329,0.7088165283203125,0.5463944673538208,0.6031780242919922,0.5472230911254883,0.5849472880363464,0.6496913433074951,0.8548996448516846,0.7793799638748169,0.7413025498390198,0.7378840446472168,0.730646014213562,0.8349425792694092,0.8145366907119751,0.9712128043174744,0.9396725296974182,1.094253659248352,1.0094082355499268,1.0087438821792603,1.0749009847640991,1.00066339969635,0.9588583707809448,0.9533495306968689,1.015836238861084,0.9691860675811768,1.0685733556747437,1.1688157320022583,1.0728919506072998,1.005034327507019,1.1310760974884033,1.0171021223068237,0.9671976566314697,1.0072880983352661,0.9784178137779236,0.9150802493095398,1.068544626235962,1.0754135847091675,0.951151430606842,0.8588207364082336,0.9609602689743042,0.9311321973800659,0.8712983131408691,0.9593288898468018,0.9105461239814758,0.9421519637107849,0.9508071541786194,0.9686712622642517,0.9021250009536743,0.7441422939300537,0.8666570782661438,0.7090753316879272,0.9565187692642212,0.9435173273086548,1.165318489074707,1.0819737911224365,1.109645128250122,1.0517007112503052,1.1083678007125854,1.083019733428955,1.1039786338806152,0.8206979036331177,1.1139661073684692,1.0254698991775513,1.0337951183319092,1.0469204187393188,1.1837284564971924,1.0883339643478394,1.0132604837417603,1.0003747940063477,1.000029444694519,1.0654282569885254,1.0445894002914429,1.0053279399871826,0.912031352519989,0.9689944386482239,0.9387972950935364,0.9582659602165222,1.0406521558761597,0.9451916813850403,1.1087067127227783,1.1335090398788452,1.1987242698669434,1.053091287612915,1.147315502166748,1.2120994329452515,1.2170937061309814,1.1732499599456787,1.1337342262268066,0.9675525426864624,1.1309149265289307,1.0006828308105469,1.0358389616012573,1.0420351028442383,1.1202470064163208,1.146223545074463,1.1282800436019897,1.0964837074279785,1.0414619445800781,1.0418835878372192,0.9709981083869934,0.8756877183914185,0.9120726585388184,0.8842697739601135,,0.8237909078598022,0.7946534156799316,1.0451916456222534,0.8969329595565796,1.009541392326355,0.925696611404419,0.8867896199226379,0.8141430616378784,,1.0019770860671997,0.9671484231948853,0.9811869263648987,0.8297418355941772,1.0936026573181152,1.0430541038513184,1.0310779809951782,1.090000867843628,1.0496885776519775,0.9405405521392822,0.7049960494041443,0.9250245094299316,0.885473906993866,1.0993763208389282,1.0772453546524048,0.8024189472198486,0.6846010088920593,0.8431771993637085,0.9014172554016113,0.86870276927948,0.9791548848152161,0.9418430924415588,1.0075868368148804,1.0179715156555176,0.7358807325363159,0.6848324537277222,0.5923664569854736,0.5478179454803467,0.7459591627120972,0.8678710460662842,0.8379684686660767,0.7349058389663696,0.8176791667938232,0.6635474562644958,0.7214843034744263,0.7503721714019775,,0.8732168674468994
giraffe,0.8068204522132874,0.0,1.0326787233352661,0.9294461011886597,0.6948075294494629,0.7949531078338623,1.0250169038772583,1.0852826833724976,1.0864062309265137,1.1361050605773926,0.9818335771560669,1.0881308317184448,1.005556344985962,0.7725055813789368,0.5280188322067261,0.6805086731910706,0.5906935930252075,0.545688271522522,0.7080786228179932,0.825626015663147,0.7940422892570496,0.7958139181137085,0.8891863822937012,0.703303337097168,0.8679026365280151,0.9251262545585632,0.9506080150604248,0.9350523948669434,1.105849266052246,1.0141655206680298,0.9744992852210999,1.0481516122817993,1.0131816864013672,0.9894970059394836,0.9449527263641357,0.9650532007217407,0.9810038805007935,1.124563455581665,0.997114360332489,0.9661051034927368,0.9233660101890564,1.0180002450942993,0.9527519941329956,0.8466894030570984,0.7994061708450317,0.8021658658981323,0.8208760023117065,0.9906983971595764,1.0436793565750122,0.8896083235740662,0.7761775255203247,0.8399479985237122,0.8876206874847412,0.7459343671798706,0.974467933177948,0.9814568161964417,0.9756001234054565,0.967393159866333,0.9634761810302734,0.9583222270011902,0.6436883211135864,0.9372855424880981,0.43040037155151367,0.9200841188430786,0.9294961094856262,1.0525619983673096,1.053574800491333,1.1116013526916504,1.0665956735610962,1.1130198240280151,1.0769530534744263,1.0875365734100342,0.8883224725723267,1.1263877153396606,1.092851996421814,1.0666608810424805,1.108640432357788,1.0880180597305298,1.066386103630066,1.0232993364334106,1.0719352960586548,1.0421831607818604,1.0156853199005127,0.9800023436546326,0.9775862097740173,0.9130022525787354,0.9869205951690674,1.0068957805633545,1.0777597427368164,1.1348398923873901,1.032297134399414,1.0625505447387695,1.124013900756836,1.0939898490905762,1.0425337553024292,1.128252387046814,1.1327860355377197,1.1490827798843384,1.113030195236206,1.1145416498184204,1.0504244565963745,1.0910494327545166,1.0520730018615723,1.0769671201705933,1.059593677520752,1.1093350648880005,1.0821510553359985,1.1268057823181152,1.1128039360046387,1.0375502109527588,1.0430519580841064,1.0652014017105103,0.9757416248321533,0.8760884404182434,0.9273841381072998,,0.8570594787597656,0.9812695384025574,1.1177780628204346,0.8822764158248901,1.0592471361160278,0.846072793006897,0.9431591629981995,0.9139012098312378,,1.0838334560394287,1.026678204536438,1.0704883337020874,0.9299435615539551,1.0809166431427002,1.0715104341506958,1.0474917888641357,1.014779806137085,1.0636433362960815,0.9528173208236694,0.627696692943573,0.9449149370193481,0.9675641059875488,1.106687068939209,1.0315215587615967,0.9925599694252014,0.8797754645347595,0.965506911277771,0.9711315631866455,0.9402729272842407,0.9969636797904968,0.9746227264404297,0.9753900766372681,1.0213820934295654,0.7241416573524475,0.860966145992279,0.7838336825370789,0.8197873830795288,0.9131191372871399,0.98093581199646,0.8266828060150146,0.7657479643821716,0.846461296081543,0.6975608468055725,0.7824079990386963,0.8726322650909424,,0.9285323619842529
deer,1.0350679159164429,1.0326787233352661,0.0,0.976669192314148,0.9897958040237427,1.027883768081665,0.9277087450027466,0.8124686479568481,0.7907201647758484,0.8308488726615906,0.8604245781898499,0.8179832696914673,0.8904829025268555,1.041303038597107,1.0277976989746094,1.0036457777023315,1.0969709157943726,1.1083214282989502,1.1016591787338257,1.0182733535766602,1.0691087245941162,1.1078919172286987,1.1127851009368896,1.1051669120788574,1.1080150604248047,1.0325003862380981,1.0581822395324707,1.0367376804351807,0.9883410930633545,1.009521484375,1.0222164392471313,0.9616456031799316,1.056563138961792,1.0199589729309082,0.9666216969490051,0.9547088742256165,0.9740763902664185,0.9965527057647705,0.6762930154800415,0.976124107837677,1.0647549629211426,1.0011682510375977,1.0492630004882812,1.033902645111084,1.0994782447814941,1.0988421440124512,1.0631083250045776,1.052122712135315,1.0772137641906738,1.0899994373321533,1.1106438636779785,1.1178921461105347,1.103310465812683,1.068538784980774,1.0115885734558105,1.0126268863677979,0.9776104092597961,0.83941251039505,0.855475902557373,0.9407498836517334,1.0639381408691406,0.9690443873405457,1.0554465055465698,0.8863558173179626,1.0174754858016968,0.8745180368423462,0.9418290853500366,0.9634802341461182,0.9118250012397766,0.9720258116722107,0.9441028833389282,0.9485245943069458,1.1154437065124512,0.9541566967964172,0.814415693283081,0.8601127862930298,0.8933756947517395,0.919641375541687,0.8738474249839783,0.8589742183685303,0.8336716890335083,1.0233808755874634,0.8640778064727783,0.9132273197174072,0.997552216053009,0.9336763024330139,0.8656584024429321,0.7934800386428833,0.902766764163971,0.8600755333900452,0.9002766013145447,0.7380650639533997,0.7482849359512329,0.7864868640899658,0.9765843749046326,0.9437242150306702,0.9157882332801819,0.8661326766014099,0.8803512454032898,1.0039139986038208,0.9407045841217041,0.9000611901283264,0.9946208596229553,1.0335850715637207,1.047372817993164,0.9114287495613098,0.8746771216392517,0.9150938391685486,0.9325028657913208,1.0471091270446777,1.0490155220031738,1.0167213678359985,1.0655783414840698,0.9601917862892151,0.9397788643836975,,1.0460325479507446,1.0277690887451172,1.0059751272201538,0.9996541142463684,0.9253402948379517,0.9573748707771301,0.9826924204826355,1.0325993299484253,,1.0036182403564453,0.962202250957489,1.05048668384552,1.035508155822754,1.0929309129714966,0.9490495324134827,1.0085532665252686,1.024946689605713,0.9478018879890442,0.9920327067375183,1.0351802110671997,1.054504156112671,1.0227762460708618,1.0016320943832397,0.9312899708747864,1.0362356901168823,1.163085699081421,1.0477699041366577,1.075251817703247,1.064460277557373,0.903623640537262,1.086142897605896,1.0402132272720337,1.014280915260315,1.124530553817749,1.0584195852279663,1.1238633394241333,1.1378552913665771,1.0723353624343872,1.072715401649475,1.1221054792404175,1.0837799310684204,1.0780974626541138,1.1113463640213013,1.140204668045044,1.0752334594726562,,1.0122572183609009
pony,0.9220201373100281,0.9294461011886597,0.976669192314148,0.0,0.7150804996490479,0.7284916639328003,0.8319060802459717,0.8235607743263245,0.8227044343948364,0.931174635887146,0.9456783533096313,0.9410315155982971,0.7102690935134888,0.762821614742279,0.8361638188362122,0.8440380692481995,0.8591132164001465,0.8912969827651978,0.6870641708374023,0.8948445320129395,0.9046630859375,0.8379892706871033,0.9323046207427979,0.797318160533905,0.8649640083312988,0.9611483812332153,1.0278041362762451,1.007811427116394,1.0465031862258911,0.9952703714370728,1.1080378293991089,1.0966966152191162,1.0222469568252563,0.9046388864517212,0.874276876449585,0.9920148849487305,0.8937028050422668,0.9656779170036316,1.0650233030319214,0.9081352353096008,0.8481432795524597,1.040419340133667,0.9021116495132446,1.0205533504486084,1.014105200767517,0.987795352935791,1.0077875852584839,1.0493323802947998,1.0568605661392212,0.9133212566375732,0.9020255208015442,0.9697177410125732,0.9101971387863159,0.9234021902084351,0.9761949777603149,0.8778256177902222,0.8217493295669556,0.8708528280258179,0.8437625169754028,0.8533422350883484,0.8526182174682617,0.898806631565094,0.8566839694976807,0.9371971487998962,0.9512065649032593,1.0693784952163696,0.9988455772399902,1.031602144241333,0.9962906241416931,1.1001845598220825,1.065147042274475,1.0588650703430176,1.0106196403503418,1.0066441297531128,0.9455054402351379,0.9147703051567078,1.0254141092300415,1.1347659826278687,0.9339708685874939,0.9301820993423462,0.9391769766807556,0.9688228964805603,0.9697428941726685,0.9187518954277039,0.9708038568496704,0.8639154434204102,0.8603151440620422,0.8264245390892029,0.9846919775009155,1.0339504480361938,0.9627861380577087,1.0436102151870728,1.1011052131652832,1.0490363836288452,1.0131964683532715,0.960601806640625,1.104600429534912,1.0552133321762085,1.1038460731506348,1.0924017429351807,1.01797354221344,1.0612752437591553,1.060165286064148,1.0401458740234375,1.0079494714736938,1.0650509595870972,1.0963054895401,1.0963919162750244,1.0490633249282837,1.049767017364502,1.0331836938858032,0.9489951729774475,0.9986957311630249,0.9536633491516113,0.8765103816986084,,0.8662309646606445,0.880031943321228,0.9756678342819214,0.9021961688995361,1.009729266166687,0.9858981370925903,0.8731712102890015,0.8625783920288086,,0.9743518829345703,0.9533194899559021,0.9081549644470215,0.8900348544120789,1.0556522607803345,0.9750681519508362,0.9377828240394592,0.9890391230583191,0.9690597057342529,0.9156295657157898,0.9614923000335693,0.8639655113220215,0.9049253463745117,0.9725997447967529,0.849873423576355,0.9150688648223877,0.8458824753761292,0.8617271184921265,0.9145817756652832,0.8122158050537109,0.9276197552680969,1.0269207954406738,0.9816572070121765,1.0041745901107788,0.8940165042877197,0.8181291222572327,0.8448005318641663,0.8652141690254211,0.9072423577308655,0.9976837038993835,0.9208095669746399,0.8250746130943298,0.8580489158630371,0.7850804328918457,0.8082745671272278,0.8010483384132385,,0.9396946430206299
horse,0.6906194686889648,0.6948075294494629,0.9897958040237427,0.7150804996490479,0.0,0.6271235346794128,0.9243396520614624,1.015496015548706,0.9544776678085327,1.0136089324951172,1.036380648612976,1.1441570520401,1.0039215087890625,0.41739386320114136,0.3802185654640198,0.31865036487579346,0.613537073135376,0.4168049097061157,0.458848237991333,0.5368974804878235,0.4478210210800171,0.4085603952407837,0.7764675617218018,0.4642009735107422,0.8394256234169006,0.9168281555175781,1.0394814014434814,1.0308665037155151,1.2104254961013794,0.9257227182388306,0.9951995611190796,1.1273045539855957,1.0117279291152954,0.8264626264572144,0.7939528226852417,0.8420343399047852,0.8150156736373901,1.0228307247161865,1.1379616260528564,0.808037519454956,0.754982590675354,1.1015008687973022,0.8122491240501404,0.6853624582290649,0.7196274995803833,0.748461902141571,0.7959499359130859,0.9231765270233154,1.003425121307373,0.7695483565330505,0.6214051246643066,0.7253686785697937,0.6920285820960999,0.6892067790031433,0.928727924823761,0.8259742856025696,0.8021334409713745,0.7872461080551147,0.8249508142471313,0.6572413444519043,0.579623281955719,0.5907391905784607,0.4905654788017273,0.7043626308441162,0.7647725939750671,1.1734426021575928,1.187347650527954,1.2133166790008545,1.1387618780136108,1.272731065750122,1.1889159679412842,1.2007503509521484,0.8483802080154419,1.221755027770996,1.0143743753433228,1.0848493576049805,1.1945587396621704,1.283707618713379,1.1656503677368164,0.8140449523925781,1.0609670877456665,1.1023964881896973,0.8744499683380127,0.8515040874481201,0.8890929818153381,0.7552210688591003,0.9034059643745422,0.9244142770767212,1.0845427513122559,1.1710004806518555,1.0155770778656006,1.1763043403625488,1.2499080896377563,1.3012187480926514,0.9067084789276123,1.14922297000885,1.3739845752716064,1.331869125366211,1.329714059829712,1.144579529762268,1.0641510486602783,1.17665433883667,1.0899783372879028,1.091935634613037,1.093132734298706,1.1790916919708252,1.266730546951294,1.2731930017471313,1.2280586957931519,1.144627332687378,1.1364115476608276,1.058339238166809,1.0392314195632935,1.1082767248153687,1.0781983137130737,,0.925017237663269,0.9276884198188782,1.132439136505127,0.969879150390625,1.0654237270355225,1.0453050136566162,0.9606900811195374,0.839099645614624,,1.1134796142578125,1.0768007040023804,1.0213422775268555,0.7573070526123047,1.0937049388885498,1.1025019884109497,0.9961836338043213,1.0952367782592773,1.086587905883789,0.954831600189209,0.6486300230026245,0.9030756950378418,0.9032713174819946,1.2545619010925293,1.1727951765060425,0.9587523937225342,0.7738457918167114,0.9334666728973389,1.030632495880127,0.8627371788024902,0.962160050868988,1.0424896478652954,1.0930795669555664,1.1544194221496582,0.6095147132873535,0.5582382678985596,0.5447152853012085,0.6485744118690491,0.7546508312225342,0.7832876443862915,0.5598130822181702,0.4333763122558594,0.4930904507637024,0.41840940713882446,0.44597870111465454,0.5348818302154541,,0.8603171110153198
pig,0.6905040740966797,0.7949531078338623,1.027883768081665,0.7284916639328003,0.6271235346794128,0.0,0.9418985843658447,0.9173099994659424,0.9382234215736389,0.890529990196228,0.8494632840156555,1.0784245729446411,0.8116698265075684,0.6110122799873352,0.5835448503494263,0.6269012689590454,0.5962927341461182,0.5621732473373413,0.3695814609527588,0.8569712042808533,0.7858880758285522,0.6412321329116821,0.6961063146591187,0.5597387552261353,0.5657696723937988,0.6096116304397583,0.8167562484741211,0.715525209903717,1.0319077968597412,0.932121753692627,1.0152418613433838,1.1302701234817505,1.0249903202056885,0.8588675856590271,0.8257642388343811,0.9997568726539612,0.9903843402862549,1.075416088104248,1.2207753658294678,0.9619950652122498,0.8719550371170044,1.1319580078125,0.9365200996398926,0.9736127257347107,0.9644908905029297,0.9313806295394897,0.9890920519828796,1.0803096294403076,1.1196048259735107,0.8672869205474854,0.7059720754623413,0.7814038991928101,0.8477709293365479,0.8716605305671692,0.9738782644271851,0.8530673384666443,0.8543294072151184,0.8341950178146362,0.8795214295387268,0.8692023754119873,0.6621056199073792,0.9169306755065918,0.712806224822998,0.9552116394042969,0.9472411870956421,1.1384081840515137,1.0017691850662231,1.0443195104599,0.9877644181251526,1.1001734733581543,1.0629581212997437,1.0374300479888916,0.6522356271743774,1.0850483179092407,0.9107146859169006,0.8347414135932922,0.9943352937698364,1.121049165725708,0.9517988562583923,0.9161314368247986,0.892533540725708,0.9172605872154236,0.9812164306640625,0.9342824220657349,0.949237585067749,0.8356055617332458,0.8517190217971802,0.8718764185905457,0.9716066718101501,1.126601219177246,0.9539504051208496,1.091360330581665,1.1464424133300781,1.1337521076202393,1.0052087306976318,1.0834914445877075,1.2103967666625977,1.2291767597198486,1.241294264793396,1.1102666854858398,0.909072995185852,1.1893337965011597,0.9783840179443359,1.0993958711624146,1.0893363952636719,1.121752142906189,1.2029459476470947,1.1489551067352295,1.1032845973968506,1.1081719398498535,0.9970595240592957,0.958117663860321,0.894171416759491,0.9145951867103577,0.8772663474082947,,0.8007978796958923,0.7939193248748779,1.032685399055481,0.9159440398216248,1.095037579536438,0.9181815981864929,0.8961536884307861,0.7922006249427795,,1.0615935325622559,1.0403677225112915,1.0442506074905396,0.8738112449645996,1.0235744714736938,1.0010790824890137,1.0166723728179932,1.086291790008545,1.0022083520889282,0.9091966152191162,0.595660924911499,0.8840418457984924,0.8184966444969177,1.0500733852386475,0.9653359651565552,0.6869674921035767,0.559638500213623,0.6493858098983765,0.7183617949485779,0.7155318856239319,0.8634768128395081,0.8117800951004028,0.8996796011924744,0.9494622349739075,0.6066228151321411,0.7487094402313232,0.5813040137290955,0.6002942323684692,0.8338656425476074,0.8909323215484619,0.7501422166824341,0.6852264404296875,0.8026458621025085,0.5265005230903625,0.671724796295166,0.6582671403884888,,0.9372463822364807
rooster,1.0279982089996338,1.0250169038772583,0.9277087450027466,0.8319060802459717,0.9243396520614624,0.9418985843658447,0.0,0.7834872603416443,0.6223694086074829,0.8196208477020264,0.6857278347015381,0.4257704019546509,0.4957529306411743,0.7740790247917175,0.9174402952194214,0.9750517010688782,0.9771661758422852,0.9292612075805664,0.8221802711486816,1.0163543224334717,1.0174429416656494,1.0370806455612183,1.047027826309204,1.0666505098342896,1.051612377166748,1.097519874572754,1.0869643688201904,1.0546588897705078,1.0067155361175537,0.9539650678634644,0.9929961562156677,0.9209734201431274,1.0652107000350952,1.0248390436172485,0.9300161004066467,1.029015302658081,0.9322617053985596,0.9115053415298462,0.9302693009376526,1.0676425695419312,1.0383244752883911,1.0721304416656494,1.0010225772857666,1.0228835344314575,1.078214406967163,1.0970494747161865,1.0357139110565186,1.1569550037384033,1.1214197874069214,1.0103063583374023,1.0448966026306152,1.0642354488372803,1.0470174551010132,1.0534965991973877,1.065453052520752,0.9791361689567566,1.016979694366455,0.9517892599105835,0.906376838684082,1.01016104221344,0.9880858063697815,0.9119271039962769,0.9897251725196838,0.971234142780304,0.9364591240882874,0.932288646697998,0.9460486173629761,0.9294458031654358,0.9580689072608948,1.0040884017944336,1.0225974321365356,0.949924111366272,1.1643996238708496,0.7233611345291138,0.8965194225311279,0.9166384935379028,1.002585768699646,0.9871594905853271,0.7943267822265625,1.0074412822723389,0.9501376152038574,1.0003175735473633,0.9915070533752441,0.9517865777015686,1.0695228576660156,0.8883916139602661,0.8841574788093567,0.9128388166427612,0.922947108745575,0.8717324137687683,1.0322158336639404,0.8893349170684814,0.8934743404388428,0.920486569404602,0.9017258882522583,0.5888514518737793,1.0021272897720337,0.9997790455818176,1.0833438634872437,1.1438510417938232,1.064221978187561,1.0247197151184082,1.032304048538208,1.0752019882202148,1.034203290939331,1.1130832433700562,1.0321439504623413,1.0310498476028442,0.9991058111190796,1.030583381652832,1.0024840831756592,1.0076090097427368,0.9745048880577087,0.9435350894927979,0.9113972187042236,,0.9115039110183716,0.9104744791984558,0.9939826130867004,0.909819483757019,0.9121899604797363,0.8743715882301331,0.9279485940933228,0.958316445350647,,1.0372453927993774,1.037786602973938,0.952786922454834,0.9170571565628052,1.0068236589431763,1.0046418905258179,1.0252792835235596,1.042932152748108,0.9370619654655457,1.0240076780319214,0.9959553480148315,0.9958972334861755,0.9443949460983276,0.9382109642028809,0.849734365940094,0.8658269643783569,0.8991836309432983,0.9859893918037415,1.1268736124038696,1.0110074281692505,0.9904922842979431,1.029779314994812,1.0107024908065796,1.0259443521499634,1.0404765605926514,0.9704892635345459,1.0649011135101318,1.0327235460281372,1.0444788932800293,1.0217190980911255,1.0663044452667236,1.0687785148620605,1.0874760150909424,1.0731488466262817,1.074568510055542,1.0611779689788818,,0.961189866065979
penguin,1.0016674995422363,1.0852826833724976,0.8124686479568481,0.8235607743263245,1.015496015548706,0.9173099994659424,0.7834872603416443,0.0,0.5758405923843384,0.503652811050415,0.665830135345459,0.8108402490615845,0.660971462726593,0.9493416547775269,0.9867467880249023,1.0124040842056274,0.9677008986473083,1.062512993812561,0.9166938066482544,1.0603971481323242,1.0753763914108276,1.1392428874969482,1.036051869392395,1.1084706783294678,0.9808936715126038,0.9111738801002502,0.9851664900779724,0.9202920198440552,0.9310788512229919,0.9307906031608582,0.945033609867096,0.8523732423782349,1.0784846544265747,1.0084714889526367,0.9498537182807922,1.0362908840179443,0.9424445033073425,0.9170095920562744,0.9337555766105652,1.0457953214645386,1.081387996673584,1.0751302242279053,1.0818350315093994,1.0863465070724487,1.157271146774292,1.145330786705017,1.0827184915542603,1.15277898311615,1.14777672290802,1.108958125114441,1.1822412014007568,1.1685211658477783,1.1756662130355835,1.1004383563995361,1.0583641529083252,0.8586466312408447,0.9246771335601807,0.9282999634742737,0.9309991598129272,1.0146734714508057,1.0556074380874634,0.9326724410057068,1.1195203065872192,0.9697730541229248,1.0171524286270142,0.9197057485580444,0.8982981443405151,0.9163224697113037,0.9026846885681152,0.9468861222267151,0.9775282740592957,0.9278780221939087,1.0965068340301514,0.8774233460426331,0.6891866326332092,0.6893365383148193,0.8464385271072388,0.9646614789962769,0.6655119061470032,0.8790460824966431,0.9066132307052612,0.9338924884796143,1.0632920265197754,1.024600625038147,0.9914024472236633,0.9284287691116333,0.848518967628479,0.8257197141647339,0.9020090699195862,0.9266504645347595,0.9036392569541931,0.9905521869659424,0.9522663950920105,0.8881109952926636,0.9622476696968079,0.9097582697868347,0.9013873338699341,0.860554575920105,0.9185375571250916,0.9904894232749939,0.9076977372169495,0.9094337224960327,0.9839361906051636,0.9969329833984375,1.0082573890686035,0.8958153128623962,0.9136406779289246,0.8748573064804077,0.9285222291946411,0.9783949851989746,0.9171161651611328,0.8871043920516968,0.9795618653297424,0.8806988596916199,0.8892179727554321,,0.9667022824287415,0.8581585884094238,0.9606847763061523,0.9820740222930908,0.9817038178443909,0.8554081916809082,0.9629758596420288,1.015976905822754,,0.8736599087715149,0.9536634087562561,1.001987338066101,0.9794893264770508,0.9700723886489868,0.9664257764816284,1.0772734880447388,1.0539242029190063,1.0204328298568726,1.0501617193222046,1.02552330493927,0.9905648827552795,1.0078661441802979,0.8760586380958557,0.8598123788833618,1.0025933980941772,0.9145791530609131,0.8033233284950256,1.0046968460083008,0.870508074760437,0.9723270535469055,1.0191487073898315,0.9598919749259949,0.9274359345436096,1.1454308032989502,1.0750031471252441,1.1494427919387817,1.0578477382659912,0.9942185282707214,1.115675449371338,1.1511602401733398,1.1518301963806152,1.1303255558013916,1.1108593940734863,1.1758652925491333,1.0622901916503906,,1.0162551403045654
bird,1.0048068761825562,1.0864062309265137,0.7907201647758484,0.8227044343948364,0.9544776678085327,0.9382234215736389,0.6223694086074829,0.5758405923843384,0.0,0.5638184547424316,0.6118814945220947,0.6343998312950134,0.4923691153526306,0.7921239733695984,0.9315018653869629,0.9468765258789062,0.9609214663505554,0.9941938519477844,0.8869757652282715,1.0710314512252808,1.111527919769287,1.073586106300354,1.0222198963165283,1.0561038255691528,0.9667314291000366,0.9534885883331299,0.9815495014190674,0.9320317506790161,0.9669452905654907,1.0058139562606812,1.0347115993499756,0.9844391345977783,1.1264251470565796,1.0382329225540161,0.9170049428939819,0.9534677267074585,0.8896756768226624,0.9549952745437622,0.848761796951294,1.0459343194961548,1.0569349527359009,1.100199818611145,1.0727791786193848,1.1055934429168701,1.177085518836975,1.1633408069610596,1.0808806419372559,1.1666393280029297,1.1510589122772217,1.0938526391983032,1.1363798379898071,1.1498359441757202,1.1057932376861572,1.12308669090271,1.0652856826782227,0.919427216053009,0.9437780380249023,0.8542588353157043,0.845144510269165,0.9138450622558594,0.9713088274002075,0.8483871221542358,1.0694576501846313,0.8783416152000427,0.9881360530853271,0.8437371253967285,0.8920738697052002,0.9022870063781738,0.908593475818634,0.9565375447273254,0.9643692374229431,0.9071655869483948,1.0699034929275513,0.9286777973175049,0.862488865852356,0.7824714183807373,0.9669235348701477,1.0003941059112549,0.7570381164550781,0.9668702483177185,0.9655438661575317,0.9501873254776001,0.9944007992744446,0.949680507183075,0.9497145414352417,0.8455380201339722,0.7801527976989746,0.8048944473266602,0.8453008532524109,0.8464995622634888,0.8202905058860779,0.9143959879875183,0.9203711748123169,0.9221200942993164,0.8864303231239319,0.8445721864700317,0.9917845129966736,0.9456243515014648,1.0008667707443237,1.0392043590545654,0.9626525640487671,0.9847053289413452,1.0192807912826538,1.0244697332382202,1.0339943170547485,0.9921281933784485,0.9905800223350525,0.9468500018119812,0.9209514260292053,0.9287929534912109,0.9718946218490601,0.9017120003700256,0.930238664150238,0.8578053712844849,0.8001658916473389,,0.8396553993225098,0.8433079123497009,0.9495202302932739,0.8671501874923706,0.9477541446685791,0.8415834307670593,0.8476728796958923,0.9333493709564209,,0.9898949265480042,0.9813647270202637,0.9595627188682556,0.9570308327674866,1.039750099182129,0.958722710609436,1.074305534362793,1.0905522108078003,0.9871454238891602,0.9786716103553772,0.8909227848052979,0.9480221271514893,0.9722928404808044,0.9608973860740662,0.9103829264640808,0.9507097005844116,0.89170241355896,0.8889471292495728,1.06594717502594,0.9132130742073059,0.9663797616958618,1.0229510068893433,0.988858163356781,0.9497666954994202,1.115182638168335,1.0254305601119995,1.098015546798706,1.0553399324417114,1.0400598049163818,1.1103764772415161,1.1204020977020264,1.116568684577942,1.1181596517562866,1.0454814434051514,1.1035743951797485,1.078981637954712,,0.990116536617279
duck,1.0253514051437378,1.1361050605773926,0.8308488726615906,0.931174635887146,1.0136089324951172,0.890529990196228,0.8196208477020264,0.503652811050415,0.5638184547424316,0.0,0.6133688688278198,0.8448099493980408,0.7788470387458801,0.9737321138381958,1.0163099765777588,0.9549071192741394,1.042879581451416,1.1060808897018433,1.037451148033142,1.0993882417678833,1.157386064529419,1.123798131942749,1.054494857788086,1.0954248905181885,0.9655022025108337,0.8782615661621094,0.9364821314811707,0.859061062335968,0.8562498092651367,1.010982632637024,0.9401637315750122,0.9065235257148743,1.0213905572891235,1.025395154953003,0.9796180129051208,0.988457441329956,0.9385297298431396,0.8702031373977661,0.9369164705276489,1.0076675415039062,0.9956983923912048,1.0694661140441895,1.0534751415252686,1.0825806856155396,1.1672983169555664,1.1329333782196045,1.108261227607727,1.0882916450500488,1.0975817441940308,1.1012353897094727,1.1716325283050537,1.1558443307876587,1.140978217124939,1.1505420207977295,1.0484033823013306,0.8358476758003235,0.9000954031944275,0.8677423000335693,0.8789159655570984,0.990410327911377,1.0658687353134155,0.8944289088249207,1.1345536708831787,0.9512656927108765,0.9875136613845825,0.8489392399787903,0.7895190715789795,0.8159202933311462,0.7806199193000793,0.9035286903381348,0.8995919227600098,0.7402558326721191,1.0532655715942383,0.8544163703918457,0.7633224129676819,0.6474533081054688,0.7639921307563782,0.8391757011413574,0.6542292833328247,0.8711771965026855,0.801193118095398,0.9532190561294556,1.0460700988769531,1.0103375911712646,0.993478536605835,0.8703926205635071,0.8337446451187134,0.8831459879875183,0.8697859048843384,0.8948031663894653,0.887920618057251,0.9249606728553772,0.9069508910179138,0.8037309646606445,0.8473241925239563,0.8510428071022034,0.8513725996017456,0.8136969804763794,0.8465933203697205,0.9064431190490723,0.8196896910667419,0.9145689606666565,0.9469105005264282,1.0515397787094116,0.9896907210350037,0.8207993507385254,0.8878165483474731,0.791069746017456,0.8952189087867737,1.0085221529006958,0.8772372007369995,0.8666888475418091,0.9367326498031616,0.876758337020874,0.848659336566925,,1.0152162313461304,0.9593101143836975,0.9385000467300415,0.9637447595596313,0.9316641092300415,0.9440190196037292,0.9438176155090332,0.937652051448822,,0.9299648404121399,1.0086013078689575,0.9946579933166504,0.9952917695045471,0.9768628478050232,0.9756537675857544,1.0733840465545654,1.0495988130569458,0.9923019409179688,1.0680272579193115,0.9354721307754517,1.0435820817947388,1.0464813709259033,0.8362528085708618,0.89505934715271,1.0815880298614502,0.9866452813148499,0.8254053592681885,0.9836739301681519,0.8609458208084106,0.9593598246574402,0.992699921131134,0.9380671381950378,0.9263356924057007,1.1488770246505737,1.0582914352416992,1.1599080562591553,1.0910413265228271,1.033166527748108,1.1538879871368408,1.1597635746002197,1.181944727897644,1.1570873260498047,1.1242988109588623,1.1698215007781982,1.0494383573532104,,1.0306297540664673
fish,0.9767007827758789,0.9818335771560669,0.8604245781898499,0.9456783533096313,1.036380648612976,0.8494632840156555,0.6857278347015381,0.665830135345459,0.6118814945220947,0.6133688688278198,0.0,0.637923002243042,0.5016500949859619,0.9419482350349426,0.8601791858673096,0.9991974234580994,0.890678882598877,0.9391365647315979,0.9326566457748413,1.1180429458618164,1.1273391246795654,1.1371325254440308,0.9172186255455017,1.013393521308899,0.8866632580757141,0.792481541633606,0.8144868612289429,0.7105343341827393,0.7063937187194824,0.958263099193573,0.9004621505737305,0.875967264175415,1.0385611057281494,1.1707653999328613,1.017650842666626,1.0532543659210205,1.0320810079574585,0.8793758749961853,0.907011866569519,1.162596344947815,1.0873157978057861,1.1424083709716797,1.1501213312149048,1.2421025037765503,1.2788915634155273,1.2685030698776245,1.1423192024230957,1.2495310306549072,1.2109639644622803,1.197784185409546,1.23247492313385,1.2490800619125366,1.214382290840149,1.178710699081421,1.1027209758758545,0.8447864651679993,0.9319521188735962,0.8886600136756897,0.8450350165367126,0.9965226054191589,0.9010109305381775,0.9666128754615784,1.0259556770324707,1.0304296016693115,1.0811231136322021,0.6999516487121582,0.6592278480529785,0.6745827198028564,0.6833615899085999,0.7542530298233032,0.7707421183586121,0.6367369890213013,1.055523157119751,0.7207927703857422,0.7345044612884521,0.530441403388977,0.7153521180152893,0.7091615796089172,0.6709936857223511,0.9291331171989441,0.7390146255493164,0.6882975697517395,1.1632641553878784,0.931979775428772,0.9940288662910461,0.6966354846954346,0.5999523401260376,0.7250573039054871,0.6523717641830444,0.7092041969299316,0.7511341571807861,0.6183978915214539,0.6335570812225342,0.4993975758552551,0.9221208095550537,0.7912365198135376,0.7732477188110352,0.776331901550293,0.8169695138931274,1.0327446460723877,0.6926778554916382,1.080630898475647,1.0867910385131836,1.132480263710022,1.067287802696228,0.9040237665176392,0.8461923599243164,0.7643264532089233,0.8318176865577698,0.8786380290985107,0.7048621773719788,0.7086636424064636,0.808570146560669,0.7732139825820923,0.8854449391365051,,0.8475592732429504,1.0135412216186523,0.9310911893844604,0.9657108783721924,0.8181822299957275,0.8239336013793945,0.9647715091705322,0.9895200729370117,,0.8759914636611938,0.9520826935768127,0.9744086861610413,0.962758481502533,1.0764378309249878,1.0039156675338745,1.155452847480774,1.1770334243774414,1.0267215967178345,1.0245404243469238,0.7065269947052002,0.9422691464424133,0.7720707654953003,0.6121251583099365,0.7424802780151367,0.9959061145782471,0.8109148740768433,0.707473874092102,0.9243489503860474,0.8493253588676453,1.0425901412963867,0.962236762046814,0.8927050232887268,0.8419963121414185,1.1384838819503784,1.0829213857650757,1.1010894775390625,0.9838412404060364,1.0384142398834229,1.1833031177520752,1.24284029006958,1.1932146549224854,1.1691155433654785,1.0080337524414062,1.1113295555114746,1.0085021257400513,,1.0865784883499146
butterfly,1.1196613311767578,1.0881308317184448,0.8179832696914673,0.9410315155982971,1.1441570520401,1.0784245729446411,0.4257704019546509,0.8108402490615845,0.6343998312950134,0.8448099493980408,0.637923002243042,0.0,0.5731556415557861,1.0921134948730469,1.1050740480422974,1.1642940044403076,1.1668245792388916,1.1504828929901123,1.0916370153427124,1.08673894405365,1.1542905569076538,1.2470439672470093,1.1431608200073242,1.159310221672058,1.0852758884429932,1.082353115081787,0.9911856651306152,0.9743462204933167,0.8537176251411438,0.9568978548049927,0.9710582494735718,0.8686501383781433,1.0478310585021973,1.1107680797576904,1.0021843910217285,1.033156394958496,1.0054033994674683,0.9464575052261353,0.783821165561676,1.122106671333313,1.161340355873108,1.0296964645385742,1.135601282119751,1.1468045711517334,1.1458916664123535,1.1528791189193726,1.1017128229141235,1.1723576784133911,1.1429479122161865,1.1979261636734009,1.2433104515075684,1.1799261569976807,1.2618577480316162,1.2090562582015991,1.1575547456741333,1.09646475315094,1.1655528545379639,1.1066147089004517,1.081250786781311,1.1706509590148926,1.1723089218139648,1.0391502380371094,1.166190505027771,1.021093487739563,1.0934399366378784,0.8083978891372681,0.9380354285240173,0.9288666248321533,0.9239327907562256,0.9068244695663452,0.929083526134491,0.8900231719017029,1.152052640914917,0.662356972694397,0.8489290475845337,0.8548030853271484,0.8490231037139893,0.8184288740158081,0.808020830154419,0.9242993593215942,0.8029406666755676,1.0013504028320312,1.08439302444458,1.0603725910186768,1.0975943803787231,0.9895252585411072,1.0051738023757935,0.9559012055397034,0.9364389777183533,0.6745208501815796,1.0122268199920654,0.8106282353401184,0.7579786777496338,0.7968748807907104,0.9547810554504395,0.7172116041183472,0.8705026507377625,0.9188723564147949,0.9343565106391907,1.0370393991470337,0.864214301109314,0.9889588952064514,1.0652265548706055,1.0469965934753418,1.0630651712417603,1.0716235637664795,0.9773340821266174,0.9831677079200745,0.9525797367095947,0.9841046929359436,1.0340954065322876,1.0608720779418945,1.106860876083374,0.9803270697593689,0.8800549507141113,,1.012994408607483,1.0310298204421997,0.9367482662200928,0.9847450256347656,0.8771538138389587,0.9522712826728821,0.9754685163497925,1.053875207901001,,1.0447156429290771,1.0595979690551758,1.0380065441131592,1.182538628578186,1.0204745531082153,1.0473002195358276,1.183611273765564,1.12907075881958,0.9733255505561829,1.0517382621765137,1.0961471796035767,1.0709501504898071,1.1281789541244507,0.9263553023338318,0.9847368597984314,1.039110779762268,1.128111720085144,1.0498695373535156,1.1606354713439941,1.0709227323532104,1.0468562841415405,1.0383933782577515,0.9660288095474243,0.944736659526825,1.2255592346191406,1.1490070819854736,1.2576079368591309,1.2061196565628052,1.1144347190856934,1.1020251512527466,1.2152224779129028,1.2504932880401611,1.1909706592559814,1.2313803434371948,1.2107677459716797,1.1181291341781616,,1.0474426746368408
