,elephant,zebra,giraffe,deer,horse,pony,pig,dog,cat,owl,bear,duck,rooster,bird,penguin,butterfly,fish,frog,alligator,tooth,mouth,ear,nose,eye,face,hair,arm,leg,foot,ankle,toe,finger,hand,sink,bathtub,shower,door,closet,refrigerator,oven,drawer,bench,chair,ladder,table,couch,bed,crib,stroller,tricycle,motorcycle,car,truck,firetruck,helicopter,lamp,window,tree,grass,snow,boat,slide,swing,hose,sprinkler,belt,shorts,pants,jeans,dress,pajamas,bib,shirt,sweater,jacket,coat,scarf,clock,watch,necklace,glasses,hat,slipper,shoe,sock,mitten,glove,rock,paper,book,napkin,towel,blanket,pillow,comb,vacuum,radio,box,purse,basket,toy,doll,applesauce,melon,pickle,banana,corn,flower,plant,strawberry,apple,pumpkin,nail,raisin,potato,egg,orange,carrot,balloon,ball,gum,scissors,knife,fork,spoon,pen,pencil,crayon,toothbrush,broom,mop,shovel,stick,tray,bowl,dish,plate,tape,soap,milk,bottle,jar,glass,coffee,cup,bucket,can,sauce,soup,pasta,chips,pizza,meat,sandwich,toast,cracker,pastry,muffin,cookie,bread,hamburger,cloud,game
elephant,0.0,0.6719454859375273,0.666887181534836,0.8066792846600652,0.6733137061022636,0.6976909800621298,0.4837372072477668,0.6924241602668981,0.9132014661075002,0.9489463352691411,1.048422027857761,0.834306708484723,0.8173698069501404,0.7574702614199154,0.7906768979931937,0.8889523600844292,0.8842644515823852,0.8443795745372162,0.7531347790042373,0.980907692659062,1.024161529189596,0.9764463436479416,1.0488932126592614,1.1049080112881393,1.0453567510943096,1.0826091650993526,1.1335061830162119,1.0629320928208403,1.0515463200087025,1.0959275174409007,1.075881271750163,1.0992197186170336,1.1255690635116795,1.098866495512934,1.0742257930838213,1.015178805221534,1.0905479576804904,1.0570329485400594,1.0637709323818623,1.0764692423135203,1.0998420216274178,1.0802328947351223,1.0257015449822369,0.9807492816965263,1.0755811015533172,1.0212149718093582,1.0339496619325004,0.9666787336086934,1.0368528880234538,0.9743660606510613,0.9900937310641574,1.007651725419664,0.9034427709103939,0.8953428861962871,0.952610057192345,1.0435244928990934,1.066256288335022,1.0595058735595726,1.05230629565543,1.0719072620829104,1.0383421291467567,0.9584478605458365,0.988902356579256,1.018792876643015,0.9785343967400916,1.0758739934433836,1.0226340909690326,1.0378157620007116,1.0746186969886702,1.0356117702813568,1.0623319328508412,1.0889425348089792,1.0495092183785897,1.0143688814694278,1.0838001285697327,1.0527019674285434,1.0030407715661551,0.9935649946229362,1.0611135522135948,1.0368773956960975,1.0029610632735086,1.0543000360015427,1.084778717386941,1.0765690029219805,1.0562962455067817,1.0794175663147298,1.1086374154580356,1.0450373509578053,1.093044430591564,1.014938919898195,1.1129152824775899,1.108588551039631,1.0636874022422764,1.0532745043799543,1.059736028780525,1.065299771500009,1.017148149228251,1.1020745439278494,1.1115641021693834,1.0640639727107761,0.9701897656873728,1.0059983316590904,1.0560099331247395,1.031856633026388,1.0281265372455115,0.9876045250966654,0.9744238370773026,1.0321306783062612,1.102144760684693,0.9697152258221876,1.0173894865160302,1.0413622166480625,1.0719433876003654,1.0144528575151635,0.9965227195161903,1.0787728627506024,1.0585613866942358,1.0307566779683606,1.0488818812118539,1.0396267906539913,1.1039871785714084,1.0112572047919606,1.111906784834294,1.0521429491322,1.0625495621311698,1.0946604348674813,1.0884051530276708,1.0927198755047036,1.0883449582147025,1.0796591525923567,1.053157421735582,1.0416657455072322,1.0528251329616412,1.0521329479623798,1.1202768909837109,1.0486216133191253,1.0956137068841967,1.0565678016952857,1.1092165626183095,1.0672506215197148,1.0996894807303097,1.0580543867931087,1.060905837659916,1.0968063896382902,1.1034737490275814,1.1627838085529159,1.1385392514578305,1.0327746468913854,1.046602970785076,0.97247585904719,0.9775075363744188,0.9784041400133523,1.0239779157924456,1.0522945506096781,1.0280481008453015,1.0473816088311594,1.0149779365143135,1.0167007629311837,1.023279729621283,1.0919866083847647,1.0554766463007255,1.0381824693817407,0.9606842930891213
zebra,0.6719454859375273,0.0,0.35205097600241,0.6692973981014838,0.4698171816980703,0.5025191761037845,0.6609790292528357,0.8323892925772753,0.9619436683203177,0.9490681426287574,1.0384083609037484,0.8654421737442206,0.8470671852858475,0.8316908408354218,0.8553557255040012,0.7974852173559872,0.9415589387768668,0.8522931724480358,0.7103755599070953,1.0251939317378027,1.0566706635635315,1.0407681770653538,1.090127740297262,1.0828300854671489,1.0688999290885617,1.089192648345021,1.103297904414114,1.1221842914679012,1.0597432456812685,1.0602713510752042,1.0794873378470369,1.0958078136085843,1.0776309666730584,1.1065478415872403,1.0714240354481745,1.0337887745442231,1.104922551399693,1.0751473641240734,1.0962845790993672,1.0764293022918063,1.0871543259413468,1.0746210217115906,1.0568383840655047,0.985981438305112,1.0810093313744797,1.1003231465004621,1.0564077580860953,0.9063453704848545,1.0440836906246702,0.9755018517587958,1.0222385656773008,0.9997634528122538,0.9588478558930923,0.8626446722398083,0.9146940903409716,1.0274693713103087,1.0684642874374852,1.0081974701008554,1.0856154142186947,1.0666835436791025,1.0765367196593296,0.9919344995801852,0.9782590590674831,1.0057422720040454,0.9722028152801675,1.1257803267912918,1.1027712572453339,1.0988038648136056,1.0891757754964966,1.0493756700930303,1.031359797332207,1.033170701382851,1.0765480398921337,1.0641733572119985,1.0967823249244129,1.0603668267452941,1.0294952420147472,0.995040156261833,1.1101386935142787,1.055325447700662,1.0320354116257138,1.0706878315195927,1.067020955355129,1.0780581263985396,0.9868751303926466,1.0639143039314292,1.102669931077517,1.0680326103031461,1.062391789417751,0.9959822263066983,1.1157825693465222,1.1008923626407991,1.0806586561590998,1.057021349498823,1.008762462070716,1.0893848516829951,1.0868800591607706,1.1297944557506505,1.0788183227089954,1.0905846059940139,0.9588216473132842,0.9927280454563366,1.0851838567688914,1.0001075990739652,1.0306225473014605,0.9905339165065083,0.9761091717580633,0.9862907606552692,1.0579768000362149,0.9782636655380995,1.0205614078857785,0.9850898100601092,1.0913706870902047,1.0140075020859438,1.120125508177627,1.0811977556443138,1.0516460389939324,1.0588928767894539,1.0180209035142354,1.0327262944513131,1.1302318833948486,0.9580127850641763,1.0662939455142462,1.0365175103599649,1.048182666418564,1.0419571016127587,1.0382655607405742,1.057257784823909,1.0389049317651482,1.0930358636349562,1.05330331840367,1.034492794824545,1.0649707224134506,1.0393705196451974,1.1061316231149867,1.100865760838787,1.0895943795069902,1.081795179985957,1.0767487384390741,1.0591022674637194,1.065639770146776,1.0446066972490848,1.0573319446231857,1.1178956889823088,1.0996093742584108,1.1255631435308093,1.1338199858483349,1.038133124571709,1.0586874724731041,0.9352833347192334,1.0278861261099719,1.0366611553610943,1.0079408995009502,1.079081358328962,1.0727432435040911,1.0673541474848738,1.0435388950491815,1.0751167693930275,1.0760668946991105,1.1129584320322883,1.018295984851519,0.9730191453429071,0.9594582464113082
giraffe,0.666887181534836,0.35205097600241,0.0,0.5613727493480734,0.5414955330749633,0.582095629695149,0.6808698500770352,0.8247794492366171,0.9802370821509967,0.9086491978501422,1.0238389791490061,0.808485295313188,0.8534290149052464,0.7745508218278445,0.8796184366792461,0.8266451717658531,0.8961881184069199,0.7665381081400341,0.6399840083825479,1.0628297807156846,1.0879205771703295,1.0953236369966788,1.113918293745308,1.0891453093514054,1.087331818835015,1.0973565916119574,1.0926078516882924,1.1127401289881753,1.0761009556894108,1.1005415491680766,1.1172465400074572,1.1583548228631488,1.087583261793347,1.0919460432908734,1.0591908823551959,1.0388553185444587,1.1131364281878966,1.0774243958574288,1.0682745956274948,1.0578768329993309,1.0976144334159104,1.087902453417588,1.068163899210094,0.9951535655851718,1.066249897004342,1.1015928772911299,1.0470671516255672,0.9794612238344235,1.0340956230432656,0.9552794264477085,1.0485554845983154,1.0162700922775576,0.9494325111510113,0.8395920271487891,0.8881586527507866,1.0351544503741994,1.076362859541291,0.9877956880150438,1.0366233700725689,1.0793353574126285,1.0533966557498764,0.9933488494236082,0.9579085139241799,1.0243617107508907,0.9449127469098111,1.1295238760595265,1.094898497147931,1.0837790255875532,1.0628757788405419,1.0256609864022201,1.000305803969801,1.0062671933515692,1.073999592547523,1.053888488950118,1.0673457134697901,1.0141302075377756,0.9981873737632723,0.997211641820664,1.1086730404931555,1.0924213381106516,1.0589828237772858,1.11215505678258,1.1161134987276922,1.0829570063167826,1.062303873957371,1.092383938444952,1.1441727145908982,1.0233326870976769,1.0701094081650502,0.9032091122657934,1.1792512463380844,1.1561213389542768,1.0816088685262795,1.075051089269684,1.121737886358434,1.0401782057098563,1.062505069704358,1.1211093131873333,1.119106958066876,1.0553330115411625,0.8914769520750557,0.9369504516174263,1.045771114615696,1.009721452350727,1.0509458730008194,0.9998324234923962,0.9615832843155644,1.0407400535189146,1.1042099046428453,0.9751439888868696,1.047539954321564,0.9874075288661843,1.1636385103544413,1.0541859148118198,1.0935519045986193,1.1005202291754401,1.0723842850100738,1.0759838783283147,1.0581842013033982,1.05736393100036,1.1588066391659528,0.9541974821469223,1.123816373482839,1.079077059729073,1.0470039609361734,1.067894641948202,1.0612522234571113,1.089175444451731,1.02692267456463,1.0936478002004701,1.0417936278829971,0.9710332912336034,1.0108190449296313,1.0221761868979964,1.0943147362032457,1.0806756746966293,1.1032007234289698,1.050020511279091,1.117823623993606,1.0686872136259893,1.105388065652701,1.0615195637903232,1.0595134192112543,1.0999301546774911,1.0905857555827707,1.1005284269807003,1.1308345975994885,1.0257594795400642,1.019086070035409,0.9720038050943091,1.0291839860288123,0.9534450822796893,0.9596721343799003,1.0409175382828306,1.0315409015229506,1.0410614403418719,0.9948057052376872,1.02617532054477,1.055104403134143,1.0941350250899338,1.0388392209988584,0.9833661124386364,0.9402092327860567
deer,0.8066792846600652,0.6692973981014838,0.5613727493480734,0.0,0.4859702278246628,0.5725236971620214,0.5601204539952166,0.7982375554383185,0.9351877837683497,1.0161739762515252,1.0576226979140204,0.7818898402552021,0.7243469353800961,0.6434103967601448,0.8746781173396913,0.8680911725188045,0.8450897228008932,0.814137284647249,0.8959918255071857,1.02057755824331,1.0431103087482987,1.0539042121154245,1.0526987875048661,1.0150577986102223,1.103753939497177,1.138827639388116,1.226379852746024,1.1855345924939897,1.0779819147501772,1.0913769238078124,1.0860881093849108,1.102486201147373,1.1677519372762073,1.103285351362829,1.0855252950218774,1.035528461054718,1.1366283524181346,1.144623606194798,1.1078339223989369,1.0903416721577153,1.1174009820340718,1.0139779563750235,0.9794965370529671,1.0291233399372892,1.1057256788068068,1.0899739968138866,1.1274348313491582,1.092582229799913,1.0133069226709681,0.9833460544621887,1.0399666864125725,0.9921339787241532,0.9918951456727901,0.9760290670499621,0.8257943076765085,1.0144958635982928,1.0829369033179612,0.9951877161529574,1.1114891283554806,1.0908387123401555,1.0458761538872487,1.0826140134803675,1.0262220499144206,1.0971517350015358,1.0060075336052638,1.156127643851375,1.095260284130539,1.1369271372261016,1.1606095659401114,1.0752514348762023,1.1253844167315226,1.1230607843785538,1.126655045776535,1.0719863679262804,1.1649631583593592,1.1018212679182562,1.1055534917448089,0.9516920866740984,1.159202927792418,1.0625914362988,0.9740709222908492,1.0488460996036182,1.0564979344568455,1.104961363824641,1.0883970814936332,1.1779499907521755,1.2010734103658494,1.0911719710892296,1.12402728630091,1.0792349554122358,1.121343953229512,1.147319844938179,1.1716893978424605,1.084266409452353,1.093877694074349,1.0688841716925466,1.0244909003483198,1.1179434063918372,1.0558706397489257,1.0734904884871184,1.060571683856676,1.0243562648960742,1.0591434266354747,1.0083550339821845,0.9751228665534255,0.9910327850029418,1.0304763622296587,0.9130889631330031,1.001450690950082,0.8899465492599602,0.9337387138164843,0.9392261215913909,1.0619129599774095,0.9487585939926843,0.9746003286611461,1.0047964298237577,1.0020689222876453,0.9959346015949148,1.0189619759002566,1.0118819943373916,1.1101445510322956,0.9075376117184716,1.013248876114488,1.0112004683938858,1.0088602426642237,1.0102627571499476,1.0171824337126514,1.047007275929205,1.0468303338277754,1.070715138715563,1.0714194036716949,1.0341882270170915,1.1036620601181477,1.0290373659725014,1.0681591772325394,1.0768716136554923,1.023899267599754,1.0232024766359122,0.9715198515899266,1.0922148295737573,1.0696802125993108,1.0617778096400308,1.0183065662965884,1.037187624686137,1.0710402590303356,1.1216197865180184,1.1249717414387876,1.0131892023211784,1.031568832357415,0.9985659638863443,0.997908442105804,1.0295431269277866,0.9686762008554886,0.9831059697665465,0.9683245460514303,0.9608700833275072,0.9585000157560486,0.918930871888763,0.9111770772599168,0.959511116936847,0.9483779900782024,1.0053303757441208,1.01429101415765
horse,0.6733137061022636,0.4698171816980703,0.5414955330749633,0.4859702278246628,0.0,0.07290792773615684,0.543234571906129,0.6872787898794689,0.8773264627152676,1.0227483662983368,1.0709817427643362,0.7985732950378087,0.6517143131674779,0.6848384074760465,0.8733929920431261,0.8441284560910044,0.8289853255614077,0.8290880193225612,0.7823232604069966,1.0008446586100508,1.055378081393716,1.0237102917821244,1.046055651772634,1.031408244256606,1.053301376112084,1.102507101260324,1.2155607242328306,1.171781594413064,1.0609138282654562,1.0719952213337416,1.0640893597100494,1.092913245282301,1.1556095140395093,1.1204283769837335,1.1245618877306,1.083136427906532,1.135448754170837,1.1245976438858563,1.1461312124572869,1.1116796436528324,1.06355055817138,1.0607312076555422,1.0126644254747288,0.9910267354854381,1.1513922435840458,1.065284725256052,1.120973250486692,1.0701199612177077,0.9978712952842648,0.9567404114519831,0.9727251913602712,0.9190317212416572,0.8894918554030878,0.8553659415796137,0.8346305991313451,1.0790354774067048,1.095999079393317,0.9993571533422434,1.1242900236608189,1.1147418668945694,1.0688316408747485,1.0127628117967997,0.9916357443426428,1.0706516796323244,0.9958156431077743,1.1326981500029565,1.1593014657248608,1.1810146212346893,1.1958744863187392,1.0818510509537562,1.1860356195691457,1.1498668604323656,1.1598701163545928,1.1274764928192131,1.1487960782264897,1.101778458372823,1.1136533393334829,0.9944302680457262,1.1001169848770984,1.1055090016490552,1.0153200623836902,1.039404970049904,1.001370368080904,1.0844821219412695,1.0717351751034245,1.1472862635543235,1.1498458886166922,1.110192589648661,1.1325190705852972,1.037775392240529,1.1418858218182306,1.1588349848585402,1.1603927220173194,1.0825078815249762,1.0615041361580018,1.073741231734353,1.0544686711014213,1.1358023896997869,1.0676385338580725,1.0991268684015103,1.0475855298091206,1.0149977046400935,1.0826618322767876,1.026183424103539,0.9996102041341154,0.9725142466412213,1.0232617136611022,0.9693658264060014,1.0444433099397203,0.9529194882151228,0.9749854926576307,0.9417745506921318,1.0386115172191874,0.9611574889517333,1.0057500728542716,1.0145310569180295,0.9888542635813923,0.9845679360512923,1.0371769763908232,1.0295460622200983,1.0919016641392343,0.9438547497975196,1.0730416854514826,1.086762455594923,1.0952140994681783,1.0354142872261665,1.0290285264514232,1.0125022716739647,1.0976992587477636,1.0635641212767755,1.0554867249995261,1.0757254873934226,1.1284026644259708,1.1097191542196914,1.1340338324712238,1.1156012309897303,1.1042918617840096,1.0210292814791382,1.042833351402259,1.0878770071748676,1.059678251576435,1.073195432552864,1.0434845122623406,1.0872124766595996,1.1138794971788017,1.1327722399261593,1.1449059760331988,1.0874291631304485,1.1067193023788442,0.9851114891954976,1.0192161838106446,1.002632397167742,1.0054091440543877,1.0196659223726368,1.0138359835581856,1.0027733369845002,0.981768776551246,0.9989383293666579,0.9671480479640437,1.0043734587402573,0.9666218481239067,1.010847809119805,1.0507995234705378
pony,0.6976909800621298,0.5025191761037845,0.582095629695149,0.5725236971620214,0.07290792773615684,0.0,0.540513348880733,0.6829478842665042,0.8772331637337428,1.0208745901314782,1.056153671588302,0.8077322864219154,0.7267309435031719,0.7554059855258375,0.9102525373767136,0.891509132039714,0.8540794269065607,0.8882101593453053,0.8024685887503777,1.0530673890364757,1.0899890749526735,1.0537899380358648,1.0694538902461628,1.0673968404254541,1.0845727671012562,1.1157162922367503,1.1831613617335037,1.1474471296167637,1.0480224911954894,1.053781963030417,1.0726363674824602,1.1325780942253623,1.1651914704811064,1.1124617751734,1.1165270149629647,1.0911837108711286,1.1169220450584427,1.1216905825355405,1.133047496080554,1.0976227679961368,1.0719413213139528,1.030597414454221,0.9712505836019315,0.9553563818828028,1.1254588025697716,1.0451464315159744,1.08013182567157,1.0244620992001365,0.987057150894824,0.9126733673845772,0.9834120529087655,0.9392471511122674,0.9127860808677225,0.8542311152596505,0.866199145823622,1.082572747932443,1.0757798408900503,0.9833554235215244,1.0915013991963882,1.115867061562295,1.031903375059708,0.9713511892856856,0.954353381287953,1.0387501402253483,0.9932384673592407,1.1258075168899744,1.1533616539330054,1.1690719394553157,1.1811509821225774,1.0402146575514788,1.1506556648543207,1.1110951519290297,1.1382769402319788,1.09628726872321,1.1217649575501385,1.0747120209744052,1.0797857537335696,1.0073466466674281,1.1087772419445914,1.1157444648751818,1.0253737418057811,1.0235660867360128,0.9787315786706305,1.060690156680174,1.027981063394068,1.081466294448232,1.1334108167026073,1.1152320507194453,1.1357859868821543,1.0331140589196302,1.1263868152969247,1.1258451370750464,1.1151784159646247,1.0488427525857307,1.0528507968577079,1.0363930969751847,1.0409640356676808,1.1092537920199235,1.053584067949959,1.070538398874126,0.9896630000316013,0.9819829365851732,1.0709640078033413,1.0095811373832482,1.0207813855948655,0.979331524806823,1.003536190947794,0.9970658561574237,1.0443809015762262,0.9871033759551905,1.0025431839733732,0.9655452004512922,1.088333091234969,1.0114634820299666,1.028562774524394,1.0495697466233724,1.024156478441633,1.0069111138645968,1.0524948890046117,1.0602508923116805,1.1190803003479128,0.9345551482522001,1.0806898498634787,1.1051972430601138,1.100107611330983,1.0640080981275972,1.0533921788231027,1.0295105755360878,1.0759781094011964,1.0452989731407691,1.0375820334463532,1.0549740430536096,1.0950327181067112,1.0875181368973732,1.124226013629224,1.1079496501136499,1.1037316313786796,1.0154194740086218,1.0567858965897583,1.048833816177566,1.0325079903996774,1.0531925874561388,1.0408946032324882,1.0891821474705234,1.0892573225132043,1.0975858670216068,1.1197759668119878,1.0724841574255615,1.0926046202229576,0.9726778276738107,1.0005542842855628,0.993268277369379,1.0076340273901736,1.019911995550561,1.0129021569308352,1.0119655879465927,0.9813379805480859,1.0357665862608763,1.0024679455867433,1.0272247591368109,0.9909179082834982,1.0352828211366363,1.0183826802839269
pig,0.4837372072477668,0.6609790292528357,0.6808698500770352,0.5601204539952166,0.543234571906129,0.540513348880733,0.0,0.6518322621717254,0.9333318122978745,1.0139053257699926,1.0714562899587152,0.7254185939790094,0.7373180068734109,0.7548544824864909,0.8276656371370068,0.8948360538787261,0.7495494927213511,0.7686174739702563,0.7328295516960088,1.0365240544571348,1.0441100386035314,1.0013944820832494,1.0409412098140738,1.0772232892925222,1.1097644249915344,1.186276471496745,1.1902749533099761,1.0948054735370187,0.9983704427455468,1.02060609437031,0.9738764653386115,1.031316133648941,1.1285096678479807,1.1286189440595666,1.0917265016863242,1.049463746127726,1.1683512035526014,1.1894996158676463,1.1613780842404886,1.1182405294690427,1.1466822793869904,1.0522253353490474,1.0697193875277895,1.0488999545868198,1.1394637498448177,1.1004427700612975,1.1267515061193856,1.0680509276632653,1.0449771861317678,0.9391394625882578,1.0504815650663262,0.976652776460206,0.9501362560462331,0.8858876574444332,0.9048702107062214,1.0932312699619953,1.129831926893052,1.0446976252465616,1.083039325956762,1.1305561223665797,1.0456973762022965,1.0409596006808823,1.0137229092214022,1.081357654665255,1.038994716734425,1.1270599878461034,1.1354770920409387,1.151024458882945,1.1672041241254838,1.077992375663384,1.1382362424228913,1.1170523238044552,1.1329067334064025,1.0907383557086514,1.189103059420403,1.0906727723896177,1.0949257465920188,1.0369319895897953,1.109283022383212,1.0621759871262402,1.0223139859132544,1.067575332602595,1.0187473370667741,1.121994698128609,1.013966700694621,1.0420418697599931,1.1005658844393744,1.1177311860478019,1.1518437556893861,1.0904311481334568,1.0900076232850275,1.125309415901585,1.154650275130325,1.0651193958438956,1.1213811848669444,1.1555993749136495,1.081842546721911,1.138280211328689,1.1225798046446804,1.0929901870117553,1.004674747071119,0.9776195329370572,1.0054479116648412,0.9558901706391902,0.9174732290123372,0.9130743063857486,0.9299150408503021,0.9826126403564216,1.1227343082674044,0.8922771370279747,0.9304761251016552,0.9368742781788505,0.9890439363612809,0.9842199197557018,0.9468178621836884,0.9487650487690787,0.9422239066273572,0.8830879918569383,1.0315498395611065,1.0064333880820604,1.0662711527584336,1.029964559952035,1.0969718155618928,1.0662409076411794,1.0620421305324128,1.049613374779128,1.020250620919747,0.984058708937601,1.1129334268300985,1.111859566355378,1.0865525349938392,1.0916237614261715,1.1001418384562252,1.0897938354220171,1.0624276604446818,1.0331947200562182,1.0233052972344563,1.0535774150454573,1.0076819724111712,1.0584095610190036,1.0978112182635116,1.0684030985272723,1.0823986964034094,1.0890819489088899,1.0697116660426453,1.0916519728405776,1.1691456995697176,1.0136810157999148,1.0427958969578393,0.9601223717792948,0.9454574084170185,1.0005129048218298,0.9592981653157931,1.0495478804673501,1.0527131393415006,1.0347563761007483,1.0021721488120703,1.0194583913862263,0.9499822038869892,0.9899160255671755,0.9496529228103472,1.0254106197669606,0.9970800416193764
dog,0.6924241602668981,0.8323892925772753,0.8247794492366171,0.7982375554383185,0.6872787898794689,0.6829478842665042,0.6518322621717254,0.0,0.524285918172577,0.8134262596725759,0.9497580078085367,0.8098210084840383,0.7802774538334679,0.7436351251158715,0.8389231459880958,0.9911752345284797,0.8238742546782295,0.7908524304630186,0.7772059556486295,1.0242228310758716,1.0112493061166015,1.059685813489166,1.0130646812803596,1.0187543303059952,0.8373406075456344,0.9541172887457495,1.0412098167713033,0.9497704916608424,1.0482470098475718,1.1038075912421734,1.1159629683248191,1.1539213585863788,1.085411623996322,1.0800092235475556,1.018303228559133,0.9455382022108116,0.9849461121175885,0.9925651389129256,0.9931871372926818,0.9650153948565744,1.0926794638051511,1.0726755856696415,1.0600058189871218,1.0394055016758743,1.1079740691980806,0.948892775859407,0.9885661475543016,0.999473036404115,0.9172564710073826,0.9196167648103956,0.8095382440205265,0.8631933869265599,0.911824122379259,0.932544817312024,0.941454507676182,1.0307394238677086,1.0139221109971248,0.9619040246787213,1.0065702993310959,0.938061874991672,1.0037275538256214,1.0598558533665903,1.020374434516175,1.0104618248272466,1.0056470625574636,1.0756751203660604,0.9993487188847602,0.9307454234318878,0.968183741110396,0.9479329390998198,0.9592262962095994,0.9840835587441953,0.9260424024981597,0.9188838104362729,0.9609827342394937,0.9643938327872018,0.9944451108825413,1.0987890845809674,1.1009186339674157,1.0870753547025958,1.0405189432094,1.1101429095715325,1.0501866901991663,0.9850663283390612,1.0490947591651796,0.9466222563203369,1.0740235577236636,1.0350814861085946,1.1228813760761513,0.9596298523790174,1.1315215377378802,1.063803952015592,0.9574266808772505,1.0340390658914775,0.9889327076799974,0.9284634258713407,1.0074840165873193,1.0747733297560302,1.0864065538967775,1.1411281293671192,0.9581567766295516,0.9287795891284458,1.0793332632998507,1.0958309355807978,1.122263928437453,1.0756756638591967,1.0620635155979326,0.9605613718626422,1.0891792882504603,1.052423828885741,1.1010614265945182,1.0679470112376956,1.1428145013712205,1.0435377349298658,1.0557825376713792,1.1385586006855353,1.1075934203889892,1.092117574823427,1.102360014695477,1.0651384871034326,1.0528236406803817,1.124394287365853,1.1803973871139548,1.1313225341818747,1.163587584530416,1.1590166864648128,1.1502181719192761,1.1340913190933108,1.067872915694433,1.0318285967673124,0.9995757674774467,1.0570559651601505,1.0384242789478257,1.11939517731156,1.1825917114238595,1.0546029287040362,1.1945401812353804,1.120738820032451,1.1442801199753099,1.0898358600912301,1.1159870093005329,1.120090236779696,1.0091042483568873,1.069380161309398,1.171955081151637,1.1781611449923453,1.0628346207647215,1.087074235381781,1.0550168373163773,1.0099921747355194,1.0126598871555625,0.9566356513365109,0.9810825236995955,0.9937239733788099,1.0443969824219854,1.0485714652533,1.0211578137109358,0.9888517101082313,1.0135145858838561,1.080201703515274,1.0585084818464585,1.0042795091836894,1.069452023678771
cat,0.9132014661075002,0.9619436683203177,0.9802370821509967,0.9351877837683497,0.8773264627152676,0.8772331637337428,0.9333318122978745,0.524285918172577,0.0,0.7356803684942913,0.9051852740358113,0.9233292331688345,0.9325421306248894,0.8716579953930841,0.9132772769851776,0.9811399667514924,0.9116313422683437,0.8788778940481219,0.889592741079551,1.0904053449924103,1.0564984804818536,1.0204775867938876,1.0484244544821486,0.9040040875954365,0.7989843592808389,0.7998332168937691,0.8863184884926845,0.7956603798607368,0.9167474213631412,0.9457025951575472,0.9754785401278104,1.0164509132183424,0.9156658809202463,1.0358995356657796,0.9994436151416625,0.9924988823420353,0.9358123655878033,0.9721829285334901,0.9714178406494743,0.9954846161703003,1.066459113687831,1.0698569520572592,1.041315358789115,1.0735694227805677,1.0768952449036577,0.9410912615517376,0.9556487231947576,1.0324249283832436,0.9960861174101872,1.0384002060003326,0.8751563304057037,0.9138120666205075,0.9668850993145209,1.012737009636206,1.0342485019511416,1.0242687842872307,0.9686770227097574,0.9813348719104498,0.9810148177781544,0.8897279785296839,1.0707510897475705,1.077359064909122,1.059371483080479,1.0146832180038654,0.960759091305822,1.0230732717152902,0.9501619112402844,0.8766119888279971,0.8824536227299657,0.8878806387247128,0.8562349033521772,0.9124698066551342,0.8694493243374362,0.8642876097231259,0.8837435278465241,0.9158829518804263,0.9775674553135557,1.0422614555364,1.081946695664579,1.1056326582490146,1.0158253731413072,1.0559221339398797,0.9699981574848907,0.9109245017812283,0.9440534601703582,0.8464385500384812,0.9437532755038281,0.9632942064039199,0.9976753479924949,0.9049497955910444,1.0781616550103206,1.0046941162157943,0.8847558396172684,0.9663585683460857,0.9448824073973155,0.9467690537190209,0.9828087458860485,1.0238086627311236,1.0132951285821212,1.0810472555714532,0.9913131151541423,0.9055247101963447,1.1280695131365315,1.06074940864395,1.1267340349108594,1.127839103504076,1.117022080485592,0.9870380825451133,1.0127470772459504,1.0578119673896462,1.0796621781638356,1.0779778210640651,1.070732792494162,0.9852712927267081,1.039335058554638,1.1291995791110294,1.0956162530159297,1.129888928193322,1.0727020036854336,1.0563084229205986,1.0260964363298382,1.1121595132709698,1.0880523432877958,1.0974003494791866,1.1220473568968905,1.068701204706345,1.0687051047694096,1.117196556666581,1.0591276435217738,1.041317270430137,1.071423751934774,1.053712324390745,0.9648838338100323,1.1060212743353837,1.14692375606138,1.0819459805023706,1.1704403727060135,1.1167243336350652,1.1295030527059893,1.0522326994980402,1.0532397864875436,1.0921752798378526,0.9509636969981614,1.0355697640688712,1.1212045029027928,1.1267994888026407,0.9972101538363918,1.091327997540727,1.0542057012736388,1.0297051960294163,1.1107096089768966,1.0379064086723253,1.0191610459817921,1.079327785839688,1.049962624578843,1.0874744330472765,1.0886561639763799,1.0293507118823468,1.0687580711531004,1.1018354258397116,1.1203544130449195,0.9763999174403041,1.0930444922436433
owl,0.9489463352691411,0.9490681426287574,0.9086491978501422,1.0161739762515252,1.0227483662983368,1.0208745901314782,1.0139053257699926,0.8134262596725759,0.7356803684942913,0.0,0.8261589935364713,0.8629741260060404,0.982550798508728,0.8052230748539604,0.8691164605437396,0.9846125323334706,0.8230525157296367,0.8489192517197435,0.8322317813629592,1.140697049536958,1.1234180286846267,1.1358308462478304,1.1132024769482676,0.9874839636429112,0.8862771548259045,0.8614999120348997,0.8864826578348106,0.9422448539675319,1.0781842797816343,1.075124848922201,1.1338108482953495,1.1784271447324728,1.0325484212112155,1.0513076587526904,0.9687820448096908,0.9350027516348325,0.9807360345860754,0.956506054626099,0.9891775506179602,1.0236489856736226,1.0928365055937608,0.9798970274279395,1.0405562149315633,1.012509478898185,1.0106680626140123,0.9595097827639466,0.9121794588136263,0.982480945436968,0.9613168372272264,1.0005113576917184,0.8914138342418997,0.9229206482196493,1.0050093733628707,0.9338609189964158,0.946189200254014,0.9926086978602576,0.951506022554311,0.9211295519020364,0.9129660808283524,0.805051876554651,0.9252419998212196,0.9842086012841506,0.9381000828558629,0.9941387078390395,0.9397671664139633,0.9485760500863513,0.8840763047974074,0.816893111393054,0.8038033388791618,0.7986091320727637,0.7692296205481302,0.7858510971268199,0.7908632538221929,0.8087616007178241,0.7971759429030124,0.7903780604887767,0.8323737337602931,0.996917585649889,1.0972669641327737,1.0489006122370748,1.057032711260327,1.0210373496415894,1.1039329477978044,1.0140568244903687,1.0231054404655548,0.8041378545148624,0.9492305334419977,0.9141949816425732,1.0419490490153485,0.8962588589655645,1.112818662135241,0.9652423978856606,0.8365605881026792,0.9528834348555548,0.9678124525357649,0.9795393219841697,1.0242235752309845,1.0755244513934206,1.0490012679993026,1.0273217649877169,0.9715828138611392,0.8932792164932895,1.0934199807071543,1.1014214444063788,1.1806945418839037,1.1240253204165263,1.0262489984210998,1.0174067241143792,1.0755522453192,1.0566948045917899,1.1624743579285828,1.1142711092094177,1.1905434969359998,1.0861243548292963,1.1054513698755637,1.1297182450143444,1.1276147653282584,1.1689428832541944,1.082697316446467,1.0868577989885748,1.0816712561421844,1.1256615840513888,1.1946279593152394,1.1750552028747372,1.1593674014074586,1.1432980295449053,1.1181957811018544,1.164343333821863,1.064693952898761,0.9996633186958404,0.9466610376105312,0.9903303252548605,0.8775653077974045,1.0373457249194586,1.1806817988532985,1.0563840196592507,1.2030303286259674,1.1504288476290423,1.1482166073041402,1.0894258108123813,1.1215362066610488,1.1061159845885944,1.0030549901863335,1.1402489774109612,1.1961896564595476,1.1169249201564881,1.067732019435259,1.0433970522496183,0.9882184067917388,1.0001715277250136,1.1354068852477015,0.9434521417662343,0.9707065985869043,0.9300361527302249,1.0107382304313324,1.0371247795427168,1.0382580424896273,0.9638926372739192,1.055240793397212,1.091996474843409,1.0226685992832651,0.9053059444213851,1.023435687516643
bear,1.048422027857761,1.0384083609037484,1.0238389791490061,1.0576226979140204,1.0709817427643362,1.056153671588302,1.0714562899587152,0.9497580078085367,0.9051852740358113,0.8261589935364713,0.0,1.026162478600292,1.024329189145986,1.0257574161981229,1.0749468261463488,1.0275673520148865,1.0636827480879858,1.1050459861643487,1.0300273212316937,1.0188207757182761,0.9811349874255746,0.9793226152426678,0.9559002583579965,0.9860864937728407,0.758619712062035,0.7718924740421156,0.8488843692411238,0.9214447162744381,1.0713196351253966,1.020048131531909,1.0773871341320564,1.0443057326581455,0.9661135095144141,0.9895836530846931,0.9766570405204882,0.9441782157924142,0.9463748313766084,0.9223272417240953,1.0201287323102413,1.0518263173750098,1.0220424844735931,0.9501528786613493,1.022899588436118,0.9879511698219087,1.0019574221031784,0.9427798140683983,0.9129383539319659,0.9799081943834757,1.0359176952817641,1.0740185692853015,1.006368644839811,0.9850114432834558,1.002390439227696,1.0295058857727637,0.9954696926430139,0.9675724571333859,0.851608801036501,0.8246705954433904,0.8775133854968115,0.7296492952177032,0.9652986259849343,0.924383832634128,0.8947168236088993,1.0109298191908933,0.9010768732667291,1.0143550270866108,0.9332528475384694,0.9087636326573083,0.9128106404953809,0.9181468473012062,0.9232426902400186,0.90466844123873,0.7960279708026606,0.8553583419414443,0.8047012066859041,0.8255195550867928,0.8919913476138517,1.0615352238654783,1.0860635126722484,0.9701172927948197,0.9401770417374402,0.9434362262365553,1.0592391965901502,1.011788826484588,1.0659622820895287,0.8933500705897237,0.976203962615651,0.8237158861584399,1.0261540076402096,1.0009009619877745,1.0527538042062392,0.968653283238804,0.8867868936078436,1.015074723860602,1.006416275263789,0.9983094493217828,1.0734656203153683,0.9717621799564713,1.0316668600089116,1.0788083772142743,1.030192447004169,1.066387312898448,1.0112306475278035,1.1080568047961026,1.1792717312482113,1.1343428862447207,1.095876245910801,1.0613296988810668,1.006497629044977,1.1538426285086691,1.1485424359786984,1.0925785949137994,1.0568661325262503,1.0564391295393358,1.0755603012605484,1.0842079147434458,1.0949296141472846,1.146569973252387,1.0298526281101443,1.0402786534192874,1.0808349241838937,1.085608801500114,1.1454356124804155,1.1354638131381225,1.1065217047049571,1.1430720654246085,1.1192865862019932,1.153592923677197,1.1191047964083347,1.0860733875489592,1.0519177186091566,0.9472225616625934,0.8762483905439262,1.013849737205579,1.003739789339633,0.9814665463776348,1.104710680745569,0.9474815188796636,1.1306632897180853,1.0532273048517338,1.1014601122987357,1.099861961738182,0.9680439968726298,0.9020265369280187,1.0202767551638317,0.9772920167835594,1.0318218067467728,1.0378476065049425,0.9626220593378529,1.0124461568085061,1.077318399407299,1.0249477094838586,1.0659877740959176,1.0201654314825466,1.0242019793707133,1.0405432611010572,1.1032806992250985,1.0579465910983261,1.0882048827341293,1.1011308908940545,1.1136758770159705,0.8746245116495552,1.0142601869208143
duck,0.834306708484723,0.8654421737442206,0.808485295313188,0.7818898402552021,0.7985732950378087,0.8077322864219154,0.7254185939790094,0.8098210084840383,0.9233292331688345,0.8629741260060404,1.026162478600292,0.0,0.6389703319479758,0.4829483435480768,0.7048783613788732,0.9620265530509328,0.8205689456681129,0.8218135866415763,0.8428772649409583,1.0627022117612126,1.0871917942601348,1.0933263414152872,1.094884334889547,1.1229146701990091,1.1206483400144716,1.190694868482457,1.1795112964260384,1.1001542507745539,1.045771491887412,1.0918167188447692,1.0841097989520847,1.1067190428712401,1.1348111467076374,1.043284105895445,1.0095863108073737,1.011075971877344,1.1192550508251773,1.1240812195933663,1.1172906683847161,1.1007955678729626,1.0139033922516347,0.9452947377174088,1.0439721443546042,1.0124940151594957,1.1287406344612168,1.0921357634228794,1.0886803453195577,1.0617943472077387,1.0467077369190083,0.9273705640026386,1.0017585374238203,0.9214140175653402,0.9563380808644104,0.9289975868783156,0.9215701676793964,1.003455456255808,1.090936888608469,0.9774500342195636,0.9985340884680236,0.9537733084579421,0.9509768770475061,0.9730842016758048,0.945573165023812,1.0504028208935845,0.7993061359197979,1.0965218251331195,1.1219085943982177,1.1260689818158764,1.0966000294988187,1.0939620766550504,1.1211337836197404,1.1026546421132066,1.1208711267588503,1.0879548495337235,1.0906601559063347,1.0644049688482273,1.0473967509283357,0.983144625266661,1.0705166375590802,1.0901256141606677,1.0829466929423066,1.0717205518996933,1.0004537132002442,0.9984125319289264,1.039316605058232,0.96433156678946,1.0612099199703215,0.9283326483261654,1.08764015887204,1.0431474666367926,1.0592458405083385,1.0754426745645773,1.1078291838807144,1.0519116805758324,1.0502508416926242,1.0843011332510546,1.0585643053179414,1.116729814500866,1.0534679950364472,0.9970833608177383,0.9944359564586583,0.9442594794978989,1.0456268894969356,0.978004616948274,0.9818840719008801,0.9605668067069719,1.0036636846768299,0.9713076132788525,1.0474732619829898,0.9952282921741018,1.0229370631359898,0.9763323698474643,1.0736711317990666,1.0572720531899156,0.9810535034812199,1.0057670827446814,1.007317375151624,0.9829071351304247,1.0416172380709352,1.0110772923418339,1.1000332136220403,0.9695294797031291,1.084817480258293,1.0690473937447167,1.0592859569339612,1.0837295529105764,1.047701002057094,1.0372121880446052,1.0641596770778963,1.0149977989770478,0.9992281344378192,0.988766480945706,1.0373499067800143,1.0707094423542696,1.0895161017393677,1.0304426978868313,1.0359780578232538,1.0568832500295893,0.9967063067572293,1.0716405372194442,1.071022269240708,1.0792313492709793,1.0791784285149095,1.0964832122225805,1.1152333515112844,1.0913185119682027,1.1089018343215933,1.0279424066658787,1.0429144029744226,0.9553929447517765,0.9835475729044648,1.0043265037091706,1.0017523763771412,1.0142372978366168,1.0196713281464462,1.0027473778090439,0.9654405480100204,1.0044222365398376,0.9829869108191147,0.9899060170679848,0.9707500553747368,0.9823887870051146,1.0151243696651369
