,alligator,ankle,apple,applesauce,arm,ball,balloon,banana,basket,bathtub,bear,bed,belt,bench,bib,bird,blanket,boat,book,bottle,bowl,box,bread,broom,bucket,butterfly,can,car,carrot,cat,chair,chips,clock,closet,cloud,coat,coffee,comb,cookie,corn,couch,cracker,crayon,crib,cup,deer,dish,dog,doll,door,drawer,dress,duck,ear,egg,elephant,eye,face,finger,firetruck,fish,flower,foot,fork,frog,game,giraffe,glass,glasses,glove,grass,gum,hair,hamburger,hand,hat,helicopter,horse,hose,jacket,jar,jeans,knife,ladder,lamp,leg,meat,melon,milk,mitten,mop,motorcycle,mouth,muffin,nail,napkin,necklace,nose,orange,oven,owl,pajamas,pants,paper,pasta,pastry,pen,pencil,penguin,pickle,pig,pillow,pizza,plant,plate,pony,potato,pumpkin,purse,radio,raisin,refrigerator,rock,rooster,sandwich,sauce,scarf,scissors,shirt,shoe,shorts,shovel,shower,sink,slide,slipper,snow,soap,sock,soup,spoon,sprinkler,stick,strawberry,stroller,sweater,swing,table,tape,toast,toe,tooth,toothbrush,towel,toy,tray,tree,tricycle,truck,vacuum,watch,window,zebra
alligator,0.0,1.1058111034537723,1.1311533155443885,1.1295612306979905,0.973668548425706,1.0973506768143413,1.07443731301836,1.0546107253274197,1.0764484939456367,0.9594504529402874,1.0300273212316937,0.9581309326155677,1.0765454517457627,1.033473271178258,0.9439810020101197,0.873619378162892,0.9886928243060423,0.9336650524878081,0.8543815765650216,1.0573610860847962,1.1737796736162756,0.9935136124788827,1.1659415775225552,1.0406005656010893,1.100029469057526,0.896239310986992,1.0736012620799895,0.9021558535174576,1.0847086134227655,0.889592741079551,1.066674365697909,1.0476377675357826,1.046805976812845,0.9738739068533785,0.9780295497949772,0.9755497430921535,1.1616461268862663,0.9403755862583503,1.1017590616821222,0.9549186065200596,1.0184776965169904,1.066386367169259,1.0344734910458349,0.9131011853186496,1.152261215086547,0.8959918255071857,1.0479694070484058,0.7772059556486295,0.9235280094660648,1.0186445091321157,1.0565800550399833,0.9534556780663719,0.8428772649409583,1.0756607970872472,1.2347135566924232,0.7531347790042373,1.1156570506567285,1.0010273672492829,1.1254961468139748,0.8427911598654687,0.8143250817542621,0.9070032953601147,1.067188622085967,1.1381614911712288,0.3818033647353576,0.9592441465779669,0.6399840083825479,1.046742066982468,1.0841817807286034,0.9668823940649347,0.9446374480223708,1.030762008604534,0.9829093885542195,1.0396586684062612,0.9858076385571233,1.069026053226718,0.9216361654392065,0.7823232604069966,0.9745371894069056,0.9671900846928577,1.0967061566989427,0.9832108648988367,1.179888495971219,1.0555661440919328,1.0617062555789403,1.0284380157631356,0.9922185850245818,1.023027818392688,1.0864421257935808,0.9644443868612578,1.0422792394303502,0.9079237407147892,1.0588943320976252,1.1194384447988008,1.2094713477604468,1.1640068978120524,1.0860998408883464,1.1191531720831382,1.1694306305542215,1.0618325787558611,0.8322317813629592,0.9050404100540617,0.9853132240956183,1.0496123543643379,1.017764612714515,1.0364847076197672,1.0848353075162922,1.097977999921456,0.9451387257794248,1.0515269670586938,0.7328295516960088,1.0213301070566487,1.004146652857638,1.0049594398380997,1.1564552141349598,0.8024685887503777,1.2008780738337634,1.11801564565845,1.0584203050407723,1.0084912760018134,1.1336779052884456,1.0337763122522128,1.0252381324631652,0.893450305126479,1.0038236157743374,1.0746164400418154,1.0447429126087204,1.060877758173896,0.9817180373778915,1.018336996346245,1.019167512002784,1.088187849914993,0.9719990286770194,1.0246985378828715,0.8727681825369735,1.0866184653833046,0.9981073493597739,1.148908363749872,1.0256971004750792,1.0679933495804965,1.175767445131714,0.9306321221021813,1.0234078241865443,0.98044346333479,0.9700744529987623,0.9866394518769497,0.9817411260431356,1.0214982903599938,1.1069104970834809,1.0363765422009907,1.109805565893282,1.0693508548337558,0.9980737548768583,1.0995024227655057,0.7596270076512025,1.0586525693417563,1.0109228446957401,0.9290472793195845,0.9302993640112018,0.9777981627197523,1.068268389734732,1.001512858071486,0.7103755599070953
ankle,1.1058111034537723,0.0,1.0053019042126297,0.9636687450829807,0.8878445568472213,0.8987792488172376,0.9695685605078058,1.0339355827518866,1.1022665565405365,1.1573866914752104,1.020048131531909,1.0766087552563397,0.8216092414027999,1.1358628700030151,0.9679054849486362,1.108715679665016,0.9939753844872551,1.121933238370722,1.0425572518373987,1.0195086284085568,1.0860177999068619,1.1029618084215191,1.0387507426014768,1.0619140917249181,1.0262235903338737,0.9707725040746827,1.079698251190647,1.1049230101721554,0.9908842142294281,0.9457025951575472,1.1580178099743672,1.0944673108382812,1.0194562273634473,1.1608151006742915,1.0400466401799209,1.1221980608669158,1.0160136929254207,1.0125438191441598,1.0257742098490228,1.075536109456371,1.113700259282002,1.0470287157094833,0.9388823117042195,1.0832417607861633,0.9884626422588096,1.0913769238078124,1.0892991450135314,1.1038075912421734,0.8675593655911795,1.1282762796832009,1.0435674313497163,1.0321455154988646,1.0918167188447692,0.9057198103496688,0.9347791578640772,1.0959275174409007,0.9192521643573904,0.9570471609707077,0.5753675639171429,1.0977333375234593,1.050034429819546,1.1079362823820238,0.13018837234441527,1.0617349225194115,1.0713493559881482,1.0178103822222682,1.1005415491680766,1.0793636507203461,0.9867656926458939,0.6702565452303733,1.0100386292188286,0.8667670405359322,1.008091111296709,1.07206106761031,0.6046819598785057,0.9686771596855174,1.0703268096213898,1.0719952213337416,1.0327148135240471,1.1392791056543254,1.0500141662342233,0.9439928891218283,1.00174767976509,1.1486310848609722,1.118644792477271,0.5176613083144219,1.0865554956310262,1.0357691492235395,1.0523417607713845,0.6963766534992125,1.0384241122608862,1.1178827449572992,0.9525654406718206,1.0514557576266277,0.7314933818852167,1.0123285843124128,0.9735057900782372,0.9084410899049868,0.9889404411043831,1.1131996642723743,1.075124848922201,0.8619980546064662,1.038274513235267,1.0035229706292905,1.0847041548692318,1.0790769359318855,0.9732735056063992,0.9657629996236667,1.0307904714338287,0.9874974119670371,1.02060609437031,0.9964213157520756,1.1084715171835664,1.0832273820842337,1.1239695667280312,1.053781963030417,0.9440600204841638,1.0361353353950438,1.1321243499158207,1.1367279438106137,0.9107975743613206,1.1765489179913855,0.939597157818403,0.992775364176088,1.0956587046952575,1.097899740539388,1.0587438424605349,1.0197900799879884,1.061126342215564,0.5345337147766858,0.9460278646404686,0.9131082395002543,1.1452517510572868,1.1704334460329493,1.090741238224907,0.39182777610380337,1.0549089353057624,1.0256636383173938,0.30973289609553745,1.0941214805963433,1.016437379504669,1.0828774412271274,0.8702526634104215,1.0310198322247461,1.095787917471363,1.112133130204429,1.0387242824765002,1.2130888142881375,1.0435675755078018,1.0709268738866973,0.12140767389944984,1.0028244438277882,0.9961987938711274,1.0120775059337193,1.0312304829468764,1.2064781232172423,1.1365301900422615,1.0747860367063362,1.0590699929496552,1.1152723342940265,0.8065551527518758,1.1953375636872319,1.0602713510752042
apple,1.1311533155443885,1.0053019042126297,0.0,0.7010013055935789,1.2247491868600413,0.5439463509881253,0.6319822326651129,0.6283419356388434,0.9691841691412622,1.1735911684280012,1.1485424359786984,1.225823605385051,1.1174101210030447,1.1435990453034917,1.2370308719496599,0.9326647527324495,1.2266202155431556,1.1567535486281324,1.1686982153220518,0.9436604176478047,0.9778040415021683,1.140601057432806,0.7308684072266225,1.096287077494754,1.0060220979602696,0.9760992971558496,1.068206815537801,1.123330662718503,0.6558152091010315,1.0796621781638356,1.1391003039477796,0.9082129468337863,0.9361383723798709,1.197937901775859,1.0608048882938583,1.2101605087803753,0.9730528031344023,1.1124120154416683,0.7895889888536233,0.8806389789674987,1.1974332675101578,1.0190274456875572,0.8226915597281861,1.1394090832445494,0.9137986865261472,0.9337387138164843,1.0427323344821837,1.1010614265945182,1.020082246268057,1.2084534820853308,1.0687404276910921,1.1831414335679178,1.0229370631359898,0.9992631334466963,0.41366695824583255,1.0173894865160302,0.9038185524208655,1.1664388963688843,0.8779690607128232,1.0382384066833052,0.9389261821274096,0.9131390878509639,1.040834951947196,0.931728830587869,0.9445800481983248,1.0454067885504015,1.047539954321564,1.0501421218075186,1.009006952388092,1.1151152968896672,1.1348025776574757,0.8977850729777473,1.1829669304222303,0.7106426006992046,1.070311698772685,0.9820091548270523,1.0524308844686219,0.9749854926576307,1.1356775280233344,1.2565186176679217,0.9489137303979545,1.2283075392175824,0.9626366981039197,1.1106539777310003,1.0172891096805732,1.193864296934125,0.9548709135957346,0.48949474748652655,0.9948697127569842,1.1882593686168017,1.1444348151924202,1.2076444849252836,0.9916302937059845,0.7382935813897383,0.7673043307708266,1.0069200180930495,1.0261815145785353,0.929310980630205,0.3714105206111751,1.1070504250358582,1.1624743579285828,1.2399365524311627,1.23040690673896,1.0991526886796898,1.051987072760967,0.756570022187476,0.9255177097506795,0.8865973565455387,0.9449064479879663,0.4675520970175855,0.9304761251016552,1.1474611032387954,1.0819514124277774,0.9855148037704657,0.8558295709569468,1.0025431839733732,0.5602123481078596,0.5725998652332405,1.0987726821843635,1.038367395645882,0.6820324611423327,1.1129761099109232,1.114556083211749,0.9382825029526838,1.024385066814629,1.0170361665945973,1.1303755354241478,0.9869039213901956,1.20082442220987,1.1318361919829676,1.1692606341758667,1.1235339960912025,1.1285087773951232,1.1179731084593953,1.1195742944822789,1.0562739431994221,1.2234776521303339,0.8999260604506955,1.0810139246550008,1.0755581583948257,0.9513098433927412,1.1187232760674726,1.1017685904385783,0.5208716732244469,1.139657350818185,1.1970055520345801,1.132184137096125,1.1700592889578556,0.9076416559970771,1.0554726805097525,0.9163425971136413,0.9304530581662972,1.1182742599828714,1.1374732388603488,1.0939964817209,1.131397597323078,1.1368081345556038,1.0995663377945675,1.1013321428227933,1.2247192601853234,1.0196455917146543,1.1552415704189802,1.0205614078857785
applesauce,1.1295612306979905,0.9636687450829807,0.7010013055935789,0.0,0.9654900387766501,0.9140838424519984,0.9744668549061974,0.5967686116177017,1.0785712522048563,1.0812606233598026,1.0112306475278035,1.216725719675,1.0821603292169848,1.1682033465191466,0.9591595349443557,1.0765410255093246,1.1995594527624565,1.1021624944727952,1.0934265453000083,0.9524278273861837,0.844351582069418,1.1415981039772933,0.7500982122714682,1.149096459387211,0.9087178478985316,1.093298775435343,1.1076524328357955,1.1733116110144364,0.7420394150267915,1.1280695131365315,1.1964158214634681,0.7367136180745719,1.0300756271033003,1.2043758046920778,1.1097197636071119,1.1324992077455935,0.8975646435086765,1.0386828026703974,0.7262548444902486,0.7723119707489894,1.1663646097120652,0.9443313756136273,0.945424525194724,1.1302964393099444,0.8633988524690108,1.0591434266354747,0.9792179062360152,1.0793332632998507,1.0676379174198096,1.2391300076145744,1.1503358869590885,1.1342472682343363,1.0456268894969356,0.9342858390227478,0.7240552641601581,1.0560099331247395,0.9520585686051968,1.0098025094074696,0.7784507225029391,1.1294736184573688,0.9818238272452118,1.101447398505458,1.0186304277999336,1.0233159737805895,0.9471678155812457,0.909180860585355,1.045771114615696,0.8950734908936799,0.9912324440466258,0.9415156278488273,1.0683668679551603,0.6449182528746381,1.1016709244892924,0.7827969644751714,0.8433306872577937,1.0137027760094635,1.0346048920838273,1.0826618322767876,1.1350326727325826,1.191607438869781,0.9326077517146412,1.1544336829864894,1.0415122480959669,1.1689098446216588,1.0747740204356577,1.1008312006897407,0.9158903629116879,0.6349392459643726,0.9494395381154478,1.02927669440459,1.1303207819226282,1.1999390006594473,0.8582149865861042,0.7497798496020402,0.8087406474898724,0.9812256334677377,0.9817101231592754,0.9092357628952652,0.7721518238129501,1.15106220958018,1.0934199807071543,1.1157422031668578,1.1835085976852195,1.0334888026717433,0.9628509840334536,0.7565273633329064,1.069323170703511,1.0388460420332315,1.0107034071997572,0.5706137536442942,1.0054479116648412,1.1947996499665028,0.984027015265502,1.1605329735843732,0.8716130215560726,1.0709640078033413,0.7586466313267957,0.9291501520113765,1.1675580135659396,1.0893923115447686,0.8937691480821662,1.1543042796009473,1.1287546172242924,1.044738532325089,0.9154275430153109,0.8372499641166538,1.0690098764579181,1.039749982500132,1.0949830449619582,1.061414816784414,1.1292683481902284,0.9922132922481066,1.1656276956910796,1.0118611358234146,1.0750263998155054,0.9893070996149642,1.1429779198988312,0.8659568362493351,1.0014078641938258,0.8084416246293273,0.9137285896334131,1.0888808499171054,1.0247792169227679,0.9300252388426136,1.1228514754137708,1.1339203019699835,1.0840611880662057,1.0609162570823927,0.8782099172003578,0.9991156838611553,0.9286805486448046,0.86347808639932,0.9714705312337816,1.1348418323929095,0.9498555002496759,0.947333129557992,1.1420743558967348,1.0828053423196493,1.1088264666047,1.1891232746816838,0.9498874022110187,1.1939814496842651,1.0851838567688914
arm,0.973668548425706,0.8878445568472213,1.2247491868600413,0.9654900387766501,0.0,1.182623795652657,1.0974765623662006,1.1625286954015528,1.0885721274858848,0.7821740980779621,0.8488843692411238,0.7615523760961356,0.7345081054731742,1.0777781274799936,0.4395598790716094,1.2488909125323158,0.6853964928755165,1.0102359327132377,0.7203167785138569,1.0435887391958354,1.069270315435405,0.9318858612571304,1.2887427856235507,1.0683821659776125,1.0695944306207326,1.1325016346802792,0.9688243963876637,1.1576604186640604,1.2353058756721245,0.8863184884926845,1.0143743999100918,1.1645280367954474,1.1762691811569088,0.823545920372494,1.0467275443750181,0.6264100574761895,1.130038615804381,0.9348220022338198,1.3311378431051426,1.1516098203472604,0.8287302531963932,1.1311649308421978,1.1645681237777847,0.9384435716730697,1.1306245261350822,1.226379852746024,1.057178597191114,1.0412098167713033,0.9589632431431077,0.7908423090621239,1.0280659599380209,0.5641641743196368,1.1795112964260384,0.9875738650957371,1.2296165615208157,1.1335061830162119,1.1007219457483415,0.6563917728673323,0.8424045091980319,1.137775951868676,1.1784590463307527,1.096820516168276,0.8689071898006792,1.1099791827993615,1.129900628391408,0.9213479892897359,1.0926078516882924,0.8483235103335353,0.9632117366759984,0.6877198857249855,0.8966123060490044,1.0571226792439077,0.5338516901698127,1.2449221618806223,0.517055100681538,1.007830404993365,1.1452682722771443,1.2155607242328306,1.0091550165777843,0.514261615520299,1.059845848310304,0.43917776708071776,1.0635690694772417,1.034529784483853,1.0401743355432462,0.46670988091315424,1.0398536465201356,1.1271302867213224,0.9818662962477513,0.8281472736043038,1.0634959501234846,0.9339066377441434,1.0078540679438825,1.2382330070595855,1.0812905183315165,1.0210710064763124,0.908977031147709,1.059767826287081,1.1809936878650618,0.8647524285444563,0.8864826578348106,0.43016535620543994,0.46330224069367176,0.7811335769602881,1.1179548312787244,1.26374465931189,1.0784084758351167,1.109058447412747,1.1662393168060678,1.2450934149400397,1.1902749533099761,0.8646219985992344,1.0232979776766467,1.0278773514409107,1.1839090579578924,1.1831613617335037,1.211578220450687,1.1565043657414102,0.9724510307764813,1.1049748603035787,1.173604828293792,0.8050143812907393,1.0579225825787213,1.217729633674658,1.0788106173377718,1.086503327574785,0.6847622569797687,1.109470392430763,0.33099050395581053,1.0155937024636383,0.5871995598940837,1.065697342564007,0.9527558085771477,0.7919960123313737,1.069100684208597,1.1720193533058927,0.8472715530325258,1.2545317326466898,0.8633783806704246,1.0523229600898463,1.134648564958159,0.9897094637152548,0.8801974974022739,1.2245188776837403,1.0218021030598616,0.4959513014669469,1.0335237296862658,0.7404828084451484,1.1521838492522458,1.074741644861211,0.9142578518295196,1.117109621775091,0.9568493717814501,0.8874885064699041,1.007322718254501,0.9142745964784015,1.0427043470561137,1.1190197495102208,1.1311067008317555,0.8723050870861739,0.9085050035111237,0.8400207585235611,1.103297904414114
ball,1.0973506768143413,0.8987792488172376,0.5439463509881253,0.9140838424519984,1.182623795652657,0.0,0.15434927133192566,0.9634926158654651,0.9885855095689009,1.2375630849929362,1.0402786534192874,1.2017023054257416,1.0738473948898524,1.0882222818956064,1.1836357697065318,0.9818844916586115,1.1958096488051626,1.1391740181037027,1.1276126772407837,1.0143371470169784,0.9677588506402742,1.0518863094200415,0.9372737962159479,1.045211486795574,0.9942271305675049,1.0485702986415728,1.1199135851238493,1.0635340639605189,0.7992811287162354,1.0563084229205986,1.143699965034267,1.0349620083573938,0.9314599913814793,1.147011722796421,1.0672099242439512,1.1649548569711865,0.9278593690595268,1.0275604917601242,0.955214390116839,0.9370082757172845,1.1489853537472159,1.0541497099036399,0.7126915874727745,1.0867096912194594,0.9327614619525064,1.0118819943373916,1.0486178837391533,1.0651384871034326,1.0104529201485053,1.1407202135814685,1.0269284363340743,1.1348595437784752,1.0110772923418339,0.9634423528473407,0.3308112778347567,1.0396267906539913,0.8122801383191322,1.0481438002320302,0.8242492991034085,1.0794363353642669,0.9169435898486967,0.907397859231529,0.9559487667029742,1.0611431292386038,0.9463992835156343,0.9160731816089981,1.05736393100036,1.1124333134663826,1.0135353165593013,0.9817647402246817,1.0762897208053936,0.6102733336941416,1.088612774805631,0.8793779645606303,0.9888660946397245,0.8315918417835366,1.0695878274918935,1.0295460622200983,1.0706549806385028,1.2061385717927469,1.0566897609239612,1.1799607540696193,1.0322253771804855,1.0782922884224815,0.9976744334670137,1.059008536474331,1.1227666289672866,0.6734380230875056,1.1129786076613306,1.0995563702412974,1.0689629220471184,1.1164498236104825,0.9874515008692731,0.8714181796125491,0.6782905262802965,1.0356524752944813,1.0265983821371714,0.9190341331066415,0.4663102965512469,1.1393979855837308,1.0868577989885748,1.1975264354276005,1.1754794221422507,1.059858474092478,1.0841813879440336,0.9661639215181436,0.8804699886430886,0.8417733931384097,0.9213247637112081,0.8145332545861831,1.0064333880820604,1.1009676653221088,1.141396085763191,0.9780606137069517,1.0247197605075913,1.0602508923116805,0.6943518422331445,0.6817999896867827,1.113241208664155,1.0397762848822778,0.5730220800430472,1.1473163263520894,1.0182797291331236,0.9678205959725326,1.0901823851308536,1.1015162750864957,1.1075217755555267,0.9995065126348553,1.1563927382866563,1.010340061780886,1.0681052402567244,1.0629590376431255,1.121228282689073,1.2423442214749103,1.0545340548170237,0.9454391230440147,1.0981394129867956,0.9244957885517818,0.980506028534232,1.114630354702186,0.992719557218914,1.14405196704123,1.0583121062994592,0.8374461606940284,1.1197596484176493,1.179587256866278,1.0790616001544522,1.184692989849741,0.9090523835692773,1.0939323844045137,0.8459451799903959,0.9291795561028101,1.0074562035891852,1.1382238163534777,0.9225309208496747,1.2152676419726893,1.1140021907016917,1.0552456109626545,1.0885719506298341,1.202249241715547,0.9705953842583287,1.1523855548453161,1.0327262944513131
balloon,1.07443731301836,0.9695685605078058,0.6319822326651129,0.9744668549061974,1.0974765623662006,0.15434927133192566,0.0,1.023797767877234,0.957818652392785,1.160468295746961,1.0298526281101443,1.1206976740263639,1.0546432048228749,1.0893877071265599,1.0794613465748961,0.9823673953002637,1.1410655596283763,1.1446239999551522,1.0646537477901692,0.9693036933123013,0.9712240396560324,1.0048620458930757,1.0168929198486705,1.0280172299788857,0.9643636165433138,1.0537167530329437,1.0872713668223148,1.0879181826953432,0.8018245554556398,1.0727020036854336,1.0615452944335624,1.0413252271293059,0.9870489682295369,1.0780512122894537,1.0344822863703598,1.102583292505599,0.9580492828044239,1.028580040457697,1.0351518669575916,0.9475994863769399,1.0855551800603602,1.0664907986324388,0.7767664258292868,1.0189149888913989,0.9250718730145645,1.0189619759002566,1.0304413848768368,1.102360014695477,0.9572044805038946,1.0632708180248787,1.0168372295454946,1.0415950033710148,1.0416172380709352,0.981761580440204,0.4046778169862941,1.0488818812118539,0.9294793246824947,1.0560605650878263,0.90490716045837,1.079400468983287,0.947662150917636,0.8434151766157524,1.006051252488847,1.0706971352845422,0.9659720916778756,0.9961911611274771,1.0581842013033982,1.0434551109235086,0.9893507088317233,0.9816304168839176,1.1044472166535284,0.6858549141929774,1.0174513754087977,0.9342251852509795,1.0160273229486356,0.795209086769304,1.0735834593070477,1.0371769763908232,1.0673908369934144,1.118587651847232,1.04061625979986,1.1300864707173193,1.061600823640168,1.01465425387441,0.8862405910209326,1.0530776201053065,1.1158440178648679,0.717161507237743,1.0646079924844885,1.1039426526553155,1.0516983844946703,1.0971160665770296,1.0274538485947697,0.9520422416975175,0.7895547136300499,1.0207559013132768,1.0064490767468208,0.9850068304933798,0.5183898798297337,1.1250495641044929,1.082697316446467,1.121619366595003,1.1040601365478835,1.0059056980971115,1.1024005416310443,1.0136167782567227,0.9313681908997713,0.9150729287116822,0.9501968208690756,0.8979358346552501,1.0315498395611065,1.0361134587408383,1.1097110963573678,0.9267688764752003,1.0465481651505428,1.0524948890046117,0.7807425876151552,0.7135926202107832,1.0429955836124327,1.0578920091648845,0.6701668266277186,1.0827373641304787,1.0625231318404498,0.9952790413556711,1.1053581096195546,1.062787779107578,1.0426126509067353,1.0023374782022854,1.0684184409670499,1.0844981948782326,1.0107003484935113,1.083945417876875,1.0981406857182872,1.1915436545967837,0.993868823042006,1.0444657066975869,1.0854606180938564,0.956619679582338,1.0119388875222999,1.1150060892930385,0.9983100122425091,1.1098465804220652,1.092926295404144,0.897601127543029,1.0765548588262537,1.0944954987431184,1.0649699511534814,1.1180609362812046,0.9421392170057792,1.0909311854220085,0.9289978209972334,0.9751380459793694,0.9893644038321625,1.1105185213142752,0.8681712832436189,1.183482072602704,1.1046056355835892,1.0340964017976928,1.105680073023563,1.134464742692931,1.0086109814843547,1.0661347097150264,1.0180209035142354
banana,1.0546107253274197,1.0339355827518866,0.6283419356388434,0.5967686116177017,1.1625286954015528,0.9634926158654651,1.023797767877234,0.0,0.9772795814233693,1.1636851480703776,1.1343428862447207,1.213215058581558,1.1150918718403668,1.1684204545882129,1.1573307217881428,0.9873581036305838,1.203689668454782,1.1506089482408721,1.1296912631641427,0.9214304509188991,0.9423432138468397,1.1024572401866637,0.6767692093306731,1.0575391012717992,1.0010669754358315,0.9950856203474374,1.0620659208324688,1.1134492568374939,0.6650565155186088,1.127839103504076,1.1517239608117078,0.7242720753106563,1.0044483885875988,1.1732425155610562,1.0857861694662096,1.198283865172227,1.0013735942428414,1.0624550235515664,0.7432585364002089,0.6731257224647503,1.179569691094672,0.9373996899128216,0.8404018567590144,1.1560325445127375,0.9174821457671957,0.9910327850029418,1.0224052816747409,1.0756756638591967,1.0915039326054394,1.1895161238475276,1.0723875201974749,1.1788545937427195,0.9605668067069719,1.0441220941977696,0.7400426975018514,0.9876045250966654,0.9968912912734629,1.1834627508499458,0.9986692687855379,1.0271601549926381,0.9253613728159357,0.9860407050525514,1.0409180570088155,0.8596781377256741,0.9432189590525761,1.0616798835914003,0.9998324234923962,1.017984821111749,1.0544722981341146,1.005772975601498,1.1548763380318872,0.975991842064772,1.2116341796368064,0.6732867826998522,1.0964794197964929,1.0078539087366107,1.0033531817018044,0.9725142466412213,1.0574456177695541,1.2139729067560157,0.8851742523639681,1.2142691467548647,0.8402193955195032,1.1869352656268668,1.098042286013372,1.2010321499017356,0.9131052459580323,0.44148663002111677,0.9260162478795725,1.0524745039368915,1.1027346044435402,1.1237544244900735,1.0331917676015625,0.880356244051768,1.0029870551415858,0.8999604211705887,1.064348534067729,1.0452041994329357,0.6938816316462787,1.0806421448667773,1.1240253204165263,1.2322739376552425,1.2471786576726231,1.0663558530098234,0.862501680570905,0.802852552085047,0.9698605679545564,0.9187977141224257,0.8894979117525121,0.40169091709560134,0.9130743063857486,1.1041514360276516,0.9890538082449183,1.0206037112843136,0.7408818651375297,0.979331524806823,0.7491949428237975,0.7470774976088913,1.0323054288348594,1.0757227616923557,0.9936741844570465,1.0795780483605395,1.1659524053556733,0.9662651690452385,0.913552109905488,0.992009190859085,1.1166884430122586,0.9992279679493801,1.1953772365330104,1.038425579062185,1.162833918946173,1.0985847444429513,1.1271896706789808,1.0818858765841564,1.0621059555145096,0.9384504809779194,1.1356356410815598,0.785483113954659,1.0094396431582937,0.956456343887306,0.8698402674517002,1.0659599061725016,1.1019223659693411,0.820529718422898,1.056754955725592,1.234891934386988,1.0993427870677641,1.124963927018047,0.8770907113036894,0.987862844964791,1.030494551389074,0.946620279214494,0.9946038873863494,1.0279170271688434,1.1103957540039748,1.0576986089776208,1.133437598871619,1.0779931144673638,1.0138993436838013,1.1479064592899693,1.0498625080589146,1.161965186458099,0.9905339165065083
basket,1.0764484939456367,1.1022665565405365,0.9691841691412622,1.0785712522048563,1.0885721274858848,0.9885855095689009,0.957818652392785,0.9772795814233693,0.0,0.95400060308951,1.0788083772142743,0.9705797320769799,1.0792675854068274,0.9345852453816288,1.0092585916731678,1.0830302386019028,0.9364505254095746,0.9411402037904103,0.8766349495293405,0.8753480097188937,0.879981613762377,0.7144570177858502,1.0093007295998413,0.9112560608926871,0.6741389599921773,1.0013246727345042,0.8383323854902252,0.9982000802232691,1.1038436760195964,1.0810472555714532,0.8536749227358782,0.9799305493797043,0.972326270399466,0.9420255287906306,1.0474336737702223,1.070967828696438,1.0581777001616675,0.9378919194317801,1.0783342428841665,0.9141011967555089,0.9903244705119488,0.9700413003228344,1.000324603005627,0.8546202326781219,0.9023901688244866,1.0734904884871184,1.051544431145453,1.1411281293671192,0.9054670311924645,1.0079838870524251,0.8173377845471619,1.014232197486533,0.9970833608177383,1.1287659940820973,1.024650388897655,1.0640639727107761,1.0829892545491988,1.2252372249638077,1.1451352162524175,0.9873318373443488,1.0931822359378456,0.9608263486022455,1.0901695999236656,1.0250732948552572,1.1306457607869311,0.9524948559542855,1.0553330115411625,1.0649829989508082,1.0808348090961788,0.9839304500365984,1.051561033727547,1.0888984195083053,1.1769012839875947,1.0023116800951495,1.1475217710324819,0.9499348627323843,1.0162022405412154,1.0991268684015103,0.9605032855288226,1.0263036508570251,0.9096837827204319,1.0856635064839368,1.0542671128237926,0.8901458432332346,1.0185795185427895,1.1323153490152778,1.0275399720902127,0.9081497861912557,0.8647247374766349,0.9361292324439883,0.9860027374808226,0.9757018308846636,1.1099224660553284,1.0366320029217526,1.1280414777288534,0.894878692183907,1.0825822810101582,1.1180072867786321,1.001854579539934,0.969761097935451,1.0273217649877169,1.0379650706618413,1.0945414651226812,0.9276745055063571,0.9627562664869689,1.0419104511929913,1.0209574073501404,1.0200615211836737,1.0908579062272203,1.0836045636651868,1.0929901870117553,0.9422804858168226,1.0369723625019664,0.8206130736045334,0.9884330000163273,1.070538398874126,1.0303035731625334,0.92934488752374,0.6674131134517556,0.862057418690434,1.0740119517887607,0.9191264726833326,1.0165627431636768,1.0335606431072322,0.9759127835274249,1.066267015073454,0.9899308075928059,0.9734025545762839,1.1346265210987394,0.9939768417814011,1.081136560089225,1.0296090629539167,1.0760326188207192,0.912455258155029,0.986159057068445,1.0135418999350527,1.1072270381770601,1.0277333122284849,1.0429952419860058,1.0412217836204403,1.018735709689921,0.9853811282394919,1.04585125744078,0.9965158278574135,0.8442227491987575,1.0820556150509817,0.9876120830909623,0.8859790244680097,0.9635651475376542,0.9459529075009593,1.128204696511256,1.044577702936786,1.0014755636519599,0.8065029570600852,0.8873042273734547,0.8293629514932328,1.0665615556765455,0.8986630256207954,0.9727321812039295,0.9412907228618692,1.045783508171594,1.0283358010935613,1.0905846059940139
bathtub,0.9594504529402874,1.1573866914752104,1.1735911684280012,1.0812606233598026,0.7821740980779621,1.2375630849929362,1.160468295746961,1.1636851480703776,0.95400060308951,0.0,0.9766570405204882,0.7627792904521733,1.0715808523879264,0.8948593837919973,0.7826829248880312,1.1012217741005736,0.7934581125085692,0.5750349884754381,0.8943201224365025,1.0184754279868193,0.8292406404899573,0.9101561695243303,1.2177142585302998,1.0106839403110797,0.8599197132737117,1.08347284536579,0.8467024831394858,1.020595207974228,1.1935059220879434,0.9994436151416625,0.8707452478253903,1.1099328044988703,1.090598122287745,0.8282287727221055,1.0427626614864505,0.8987523176574956,0.9931418600195474,0.9614289933523453,1.1798253080145429,1.0827673362335481,0.8667184937400463,1.1052287032297117,1.2042592564581818,0.8432417303178719,1.0204588447257088,1.0855252950218774,0.707391927380162,1.018303228559133,0.9699702586968679,0.8192987709362631,0.972615303533142,0.9160207238674389,1.0095863108073737,1.1468341491525025,1.2247183512634583,1.0742257930838213,1.1881258643027381,1.0495705853892912,1.1700747728786565,1.0492139658569066,1.0704936359539177,1.1159746857920014,1.11709600453907,1.030646254223588,1.0798229619254007,0.9722654646398092,1.0591908823551959,0.9387119337508977,1.1748839433580727,1.0734120740888984,0.9024883132863284,1.1244012889777255,0.9808922001422549,1.2365302056512781,0.9812578497679869,1.190175199929067,1.0880196654401368,1.1245618877306,0.8945757922357871,0.8191398834851076,1.080542130352243,0.8151538938037711,1.092307356081155,0.9776555254497261,0.9778720209202899,0.9289266483574308,1.0183200820307832,1.1019907530823376,0.8411269447895194,1.0162630887541595,0.9605352139042284,1.0100523033925177,1.1416138351222036,1.1176856110478555,1.2039868783625307,0.9808689633815809,1.0934168263425905,1.1628743093002072,1.2131730891082595,0.8672750615100986,0.9687820448096908,0.7476839336055345,0.8174624298758923,0.9406064580168623,1.016209498538503,1.1622162064443944,1.1491615174702838,1.1691153086875499,1.037336234652739,1.1844825057111281,1.0917265016863242,0.9764330430164656,1.0060380839794476,1.1433426114760128,0.8771293291162323,1.1165270149629647,1.1810029448643022,1.1736815934698661,0.9885480519550089,1.0053720542273945,1.1635464397257749,0.8378601037983153,1.000528086565209,1.134987185960441,1.0874181161622787,0.8912843140987008,1.0178594815574247,1.0443966343783908,0.8620723487496562,1.1014373158927817,0.9764579205488615,0.9425298949253113,0.49664863276037874,0.2341012414751984,0.7562568219312636,1.1681219349052647,0.8436028185166482,0.9699360244598949,1.128835337832815,0.8670490082986904,1.0329243981208869,0.8424923922445026,1.026927798952043,1.1252161850182374,0.9478995913589463,0.8542601806350485,0.9926887599491865,0.6927285832993846,1.0714042398958117,1.0392851079071357,1.1657149354655028,1.1533359690873173,0.8909965131532059,0.8464619541131706,0.8594919608945096,0.5663256146864469,1.0211619481216716,1.0142417753180206,1.0828374068706308,0.8592515309945675,1.1500389489922271,0.8893450641258462,1.0714240354481745
bear,1.0300273212316937,1.020048131531909,1.1485424359786984,1.0112306475278035,0.8488843692411238,1.0402786534192874,1.0298526281101443,1.1343428862447207,1.0788083772142743,0.9766570405204882,0.0,0.9129383539319659,1.0143550270866108,0.9501528786613493,0.90466844123873,1.0257574161981229,0.8867868936078436,0.9652986259849343,1.0009009619877745,1.1014601122987357,1.003739789339633,0.9717621799564713,1.1011308908940545,1.0860733875489592,0.9772920167835594,1.0275673520148865,1.0318218067467728,0.9850114432834558,1.146569973252387,0.9051852740358113,1.022899588436118,1.077318399407299,1.0615352238654783,0.9223272417240953,0.8746245116495552,0.8255195550867928,0.9020265369280187,1.006416275263789,1.0882048827341293,1.095876245910801,0.9427798140683983,1.0405432611010572,1.153592923677197,0.9799081943834757,1.0202767551638317,1.0576226979140204,0.9814665463776348,0.9497580078085367,1.066387312898448,0.9463748313766084,1.0220424844735931,0.9181468473012062,1.026162478600292,0.9793226152426678,1.0842079147434458,1.048422027857761,0.9860864937728407,0.758619712062035,1.0443057326581455,1.0295058857727637,1.0636827480879858,1.0613296988810668,1.0713196351253966,1.1354638131381225,1.1050459861643487,1.0142601869208143,1.0238389791490061,0.9680439968726298,0.9401770417374402,0.976203962615651,0.8775133854968115,1.0808349241838937,0.7718924740421156,1.1136758770159705,0.9661135095144141,0.9434362262365553,0.9954696926430139,1.0709817427643362,1.0109298191908933,0.8047012066859041,1.099861961738182,0.9128106404953809,1.1454356124804155,0.9879511698219087,0.9675724571333859,0.9214447162744381,1.0659877740959176,1.1080568047961026,1.0532273048517338,0.8933500705897237,1.0519177186091566,1.006368644839811,0.9811349874255746,1.0579465910983261,1.0568661325262503,1.0527538042062392,0.9701172927948197,0.9559002583579965,1.0949296141472846,1.0518263173750098,0.8261589935364713,0.9232426902400186,0.9087636326573083,1.0261540076402096,1.0124461568085061,1.1032806992250985,1.1430720654246085,1.1192865862019932,1.0749468261463488,1.1792717312482113,1.0714562899587152,1.015074723860602,1.0249477094838586,1.006497629044977,1.104710680745569,1.056153671588302,1.0755603012605484,1.0925785949137994,1.0316668600089116,1.0734656203153683,1.0564391295393358,1.0201287323102413,0.8237158861584399,1.024329189145986,1.0201654314825466,1.0378476065049425,0.8919913476138517,1.085608801500114,0.7960279708026606,1.011788826484588,0.9332528475384694,0.9472225616625934,0.9441782157924142,0.9895836530846931,0.924383832634128,1.0592391965901502,0.7296492952177032,1.1306632897180853,1.0659622820895287,0.9626220593378529,1.1065217047049571,0.9010768732667291,0.8762483905439262,1.1538426285086691,1.0359176952817641,0.8553583419414443,0.8947168236088993,1.0019574221031784,0.9474815188796636,1.0242019793707133,1.0773871341320564,1.0188207757182761,1.1191047964083347,0.968653283238804,1.030192447004169,1.013849737205579,0.8246705954433904,1.0740185692853015,1.002390439227696,0.9983094493217828,1.0860635126722484,0.851608801036501,1.0384083609037484
bed,0.9581309326155677,1.0766087552563397,1.225823605385051,1.216725719675,0.7615523760961356,1.2017023054257416,1.1206976740263639,1.213215058581558,0.9705797320769799,0.7627792904521733,0.9129383539319659,0.0,0.9875114771477839,0.8223206380130473,0.8058341743083868,1.1544859812890929,0.1661564606805498,0.827045316985882,0.7441787206991183,1.1218664863295205,1.1835036936925414,0.7229489816434105,1.2679238051611472,0.9780448003577825,1.1136137777348987,1.1088821333569516,0.9041062328759242,1.003024545552722,1.233722499315152,0.9556487231947576,0.7056924607489492,1.203869609736317,1.0959773047033652,0.4517480353799972,1.046267794129668,0.7599928476765742,1.1696461722519713,1.0643005703056378,1.2676793483397084,1.1875257821072898,0.2783459554562572,1.100002276166707,1.2604386660547722,0.5272350161118375,1.1779294310072668,1.1274348313491582,1.0828102879537056,0.9885661475543016,0.8674515358978121,0.5618980321536529,0.834106851316056,0.7449923137526875,1.0886803453195577,1.122214674500021,1.2526569390261488,1.0339496619325004,1.2032769624536035,0.9506309324976794,1.2029935900037434,0.994007161288991,1.164737178436999,1.105288700425347,1.0322767330150329,1.1902310104812135,1.1243430987118062,1.076628560475172,1.0470671516255672,1.0486820579635092,1.1070592230073801,1.0450087407995376,0.7918964733587616,1.2466839770729132,0.8854484609573937,1.2443734913876034,1.084760694328697,1.1334016411930863,1.0272876443401362,1.120973250486692,0.9338062870301664,0.532646620701507,1.1183815599778673,0.7142863751153717,1.241875041996181,0.7926299970770301,0.8983382721784366,0.8085997931991813,1.1295366628583667,1.1889041674857355,1.0404931723372373,0.8741191010061771,0.9969715617892686,0.8243433684200895,1.1280397888562363,1.2301754620773415,1.2357661136265856,1.0503432698311361,1.1131886329003517,1.1326372024923532,1.1960913494897059,0.8034580157891908,0.9121794588136263,0.5644195321804545,0.6865258806692055,0.9905832653762835,1.0863133685804138,1.2118460016732944,1.223548385804756,1.2172895324440471,1.077712303795375,1.2750594657246752,1.1267515061193856,0.3550981962681242,1.0191307146503237,0.905184051920502,1.2242478952165943,1.08013182567157,1.219498392527055,1.1819853919848333,0.8416943887946622,1.0064996348232327,1.2226769739954158,0.6761116737721363,0.9415704311138032,1.1435266554392807,1.0681405057351145,1.1824846590187978,0.8499557733212867,1.1304202320066172,0.695403088471474,1.066905738552349,0.8404710049507802,1.1070194605528028,0.7227098935066463,0.9366613160577358,0.9223739299748321,1.1894385737138045,0.7576997656209286,1.1769535315630528,0.9768904956539346,1.1752689330268338,1.2550010113383148,1.0403410988076416,1.0270329196516605,1.148223850001418,0.77450648885387,0.6416368673683992,0.9786283167915725,0.6116107628438251,1.1124575897156137,1.0688915922828608,1.1326453791747515,1.1657200119121875,1.1598334925845517,0.6628498818709856,0.9715806764765914,0.9644864347365985,0.9130014527794668,1.0083125062915428,0.9976808729862099,0.7183466856924094,1.1229745603034123,0.6289552029963525,1.0564077580860953
