,zebra,giraffe,deer,pony,horse,pig,rooster,penguin,bird,duck,fish,butterfly,frog,alligator,owl,elephant,bear,cat,dog,face,hair,arm,hand,leg,foot,ankle,finger,toe,tooth,ear,nose,eye,mouth,stroller,motorcycle,tricycle,truck,car,lamp,chair,bench,drawer,ladder,window,door,closet,shower,refrigerator,oven,crib,bed,couch,table,bathtub,sink,boat,slide,hose,sprinkler,swing,grass,tree,snow,helicopter,firetruck,clock,ball,balloon,pumpkin,egg,orange,apple,potato,strawberry,hat,slipper,watch,nail,raisin,glasses,necklace,carrot,vacuum,broom,mop,stick,shovel,scissors,spoon,fork,knife,pencil,pen,crayon,plant,flower,soap,bottle,cup,can,belt,radio,basket,milk,jar,bucket,tape,bowl,plate,corn,pickle,banana,melon,bread,cookie,toast,cracker,sandwich,chips,pizza,hamburger,muffin,pastry,meat,pasta,sauce,soup,applesauce,glass,coffee,dish,tray,box,book,paper,rock,comb,toothbrush,gum,toy,doll,mitten,glove,sock,shoe,purse,pillow,towel,napkin,blanket,dress,pajamas,bib,scarf,coat,jacket,sweater,shirt,jeans,pants,shorts,cloud,game
zebra,0.0,0.7100392580032349,0.8348662257194519,0.6301623582839966,0.6227957606315613,0.7146763205528259,0.634497880935669,0.9917288422584534,0.7849193811416626,0.8868616223335266,0.8958854675292969,0.6211720705032349,0.790574312210083,0.7378899455070496,0.6026073694229126,0.7441456317901611,,0.959218442440033,0.7237682938575745,1.1117092370986938,1.1083362102508545,1.1408934593200684,1.098840355873108,1.0323243141174316,1.1958106756210327,1.0659010410308838,1.1579242944717407,1.1507234573364258,1.1796925067901611,1.1051890850067139,1.1003153324127197,0.8103355169296265,1.1215808391571045,0.9336939454078674,1.0180641412734985,1.0499048233032227,0.9465194344520569,1.0256437063217163,0.933250367641449,0.9422447681427002,1.039885401725769,1.0506699085235596,0.9225822687149048,0.9880571961402893,0.9536003470420837,1.0301265716552734,0.9844682216644287,0.8196674585342407,0.9728590250015259,0.9662702679634094,1.0578370094299316,0.840916633605957,1.0341293811798096,1.086324691772461,1.0003674030303955,0.9133069515228271,1.194414496421814,0.9318670034408569,0.9402254819869995,,1.003928780555725,0.7889753580093384,1.0903376340866089,,0.9438251256942749,0.9611623883247375,0.9219103455543518,1.0076158046722412,1.086296796798706,1.1123533248901367,1.082872748374939,1.1095372438430786,1.0981734991073608,1.0609666109085083,1.0472822189331055,1.1497498750686646,1.0885225534439087,1.1349396705627441,0.9742079377174377,1.1589566469192505,0.9934795498847961,1.1275399923324585,0.8906210660934448,1.0491820573806763,0.9626330733299255,0.942890465259552,0.9325548410415649,0.924895167350769,0.9148164987564087,0.8547183871269226,0.9520924091339111,1.0467593669891357,1.0234065055847168,1.0945689678192139,0.8143240213394165,0.8282098770141602,1.0554351806640625,0.9164589643478394,0.8774294257164001,0.9469634890556335,1.103316307067871,0.7435675859451294,0.7555763125419617,0.8349977731704712,0.8382427096366882,0.8638793230056763,1.0280746221542358,0.9757748246192932,0.9868310689926147,1.0228029489517212,1.0585793256759644,1.0417230129241943,1.0978853702545166,1.007845163345337,0.9409492015838623,,0.9292503595352173,1.1108759641647339,0.9309902191162109,0.987617015838623,1.17287015914917,0.9053159952163696,0.9027613401412964,0.9379613399505615,,0.938499927520752,0.9826217889785767,1.0034129619598389,0.9400280714035034,0.8757733702659607,0.9402722120285034,1.0147619247436523,0.8827040195465088,0.8291430473327637,0.889701247215271,,0.7496470212936401,1.084676742553711,1.0145126581192017,0.9409927129745483,0.9238421320915222,1.001386284828186,0.8416328430175781,0.9102817177772522,0.877833366394043,0.8662077188491821,0.9777606129646301,0.8115254640579224,0.859412670135498,0.9824198484420776,1.1512393951416016,1.151126503944397,0.9639860391616821,0.9076855182647705,1.0137298107147217,1.1455881595611572,1.1750458478927612,1.1698092222213745,1.2070975303649902,1.1435939073562622,1.1812481880187988,,0.8704394102096558
giraffe,0.7100392580032349,0.0,0.6267421841621399,0.5378011465072632,0.42787349224090576,0.5735064148902893,0.5646650791168213,0.9661426544189453,0.6391890645027161,0.604268491268158,0.837386429309845,0.6911765933036804,0.6280300617218018,0.3624610900878906,0.5628068447113037,0.5390682220458984,,0.8888397812843323,0.5825096368789673,0.8769020438194275,0.9176497459411621,0.9844024181365967,0.9775541424751282,1.061100959777832,1.0654157400131226,1.0399876832962036,1.086912751197815,1.1205555200576782,1.102528691291809,1.0487442016601562,1.104986310005188,1.1435151100158691,0.9950037002563477,0.8572705984115601,1.011520266532898,0.9561915993690491,0.8277809619903564,0.8948819637298584,1.1403733491897583,1.09526526927948,0.9161468148231506,1.0728567838668823,0.9745061993598938,0.9686340093612671,1.038291335105896,0.970897912979126,1.035895824432373,1.1001110076904297,1.046207308769226,0.8474109768867493,0.7574970126152039,1.0272473096847534,0.8972579836845398,0.9002596139907837,1.0203261375427246,0.720280647277832,0.8996646404266357,0.9846634268760681,1.141544222831726,,0.9670277833938599,0.6160914897918701,0.946876585483551,,0.7580821514129639,1.07717764377594,0.9598104953765869,1.1877720355987549,1.1679726839065552,1.2069686651229858,1.1553243398666382,1.2204792499542236,1.1600849628448486,1.1481928825378418,1.0610355138778687,1.1420700550079346,1.1740485429763794,1.1964828968048096,1.0920915603637695,1.0471446514129639,0.9756199717521667,1.1447798013687134,1.1351994276046753,1.0659860372543335,1.027464747428894,1.0002546310424805,1.1585805416107178,1.1343047618865967,1.2044353485107422,1.1013017892837524,1.1865936517715454,1.1528593301773071,1.1595577001571655,1.161618947982788,0.9816263914108276,0.9918875694274902,1.2236664295196533,1.225149393081665,1.2361714839935303,1.1604007482528687,1.1591486930847168,1.2428250312805176,1.0884208679199219,1.0830739736557007,1.13985013961792,1.1590807437896729,1.1560680866241455,1.2528517246246338,0.9992251396179199,0.9905640482902527,1.143951654434204,1.0827242136001587,1.1286838054656982,1.1095679998397827,1.0395957231521606,,0.5832714438438416,0.8569997549057007,0.9264664649963379,0.997761607170105,0.9477115869522095,0.9773657321929932,0.9418275952339172,0.7954376935958862,,0.956344723701477,0.9866253137588501,1.0816481113433838,0.8994109034538269,1.2277344465255737,1.0195233821868896,0.8444035053253174,0.755710244178772,0.5766439437866211,0.5230529308319092,,0.872862696647644,1.123840093612671,1.0764826536178589,0.7893386483192444,0.752864420413971,0.8434418439865112,1.0894672870635986,1.0208121538162231,0.7953923940658569,1.0334635972976685,0.9461545944213867,1.1366592645645142,1.1293773651123047,0.6666479110717773,0.927333652973175,0.8655897974967957,0.6018388867378235,1.1187034845352173,1.0369609594345093,0.9299895763397217,0.8882887959480286,0.9435265064239502,0.9884269833564758,1.0446416139602661,1.0608294010162354,,0.7562074661254883
deer,0.8348662257194519,0.6267421841621399,0.0,0.38189995288848877,0.4228234887123108,0.4939204454421997,0.5999783277511597,0.9373224973678589,0.6678380966186523,0.7848653197288513,0.7706296443939209,0.8272063732147217,0.8068663477897644,0.5911731719970703,0.757938802242279,0.5385044813156128,,0.8412614464759827,0.4609508514404297,0.9552468061447144,0.9872849583625793,1.0376396179199219,1.0360686779022217,1.066233515739441,1.0472396612167358,1.0660911798477173,1.0638928413391113,1.0728892087936401,1.077614665031433,1.0492273569107056,1.0619637966156006,1.004024624824524,1.0215791463851929,0.9500758051872253,1.0413872003555298,1.0463539361953735,0.9354718327522278,0.9821027517318726,1.0483789443969727,1.0611857175827026,0.9513537883758545,1.0705949068069458,1.036444902420044,0.9673989415168762,1.0604419708251953,1.0370746850967407,1.0402438640594482,1.1214513778686523,1.0894091129302979,0.9910460114479065,0.9237967729568481,1.0084816217422485,1.0575312376022339,1.0184876918792725,1.0732580423355103,0.8809300661087036,0.9865270853042603,1.1049220561981201,1.0847786664962769,,0.9681735038757324,0.6918365955352783,1.0130045413970947,,0.8630898594856262,1.0245869159698486,1.0592553615570068,1.1070655584335327,1.0560131072998047,1.0259538888931274,1.0181885957717896,1.069087266921997,1.036993145942688,1.1006845235824585,1.0340301990509033,1.049906611442566,1.117268681526184,1.085764765739441,0.9395064115524292,1.0721290111541748,1.0621875524520874,1.1110140085220337,1.110372543334961,1.065717101097107,1.0133843421936035,0.9707801938056946,1.0891320705413818,1.0146088600158691,1.1111133098602295,1.0768001079559326,1.1418484449386597,1.112380027770996,1.1298649311065674,1.099921464920044,0.9943398237228394,1.0055460929870605,1.0418781042099,1.118323564529419,1.141922950744629,1.1364376544952393,1.044443130493164,1.1517349481582642,1.1630806922912598,1.0718636512756348,1.0858898162841797,1.1130070686340332,1.0043418407440186,1.116607904434204,1.062087893486023,1.1706757545471191,1.060912013053894,1.0841484069824219,1.0602290630340576,1.0510735511779785,1.0193227529525757,,0.8554904460906982,1.0041053295135498,0.9779183268547058,1.0530297756195068,0.9621474742889404,1.0291842222213745,0.9265291094779968,0.8697881698608398,,0.9603874683380127,0.9825215339660645,0.9840871691703796,1.0634390115737915,1.0498534440994263,1.0331288576126099,0.9659916758537292,0.913800835609436,0.8002234697341919,0.8053250908851624,,1.079374074935913,1.09688401222229,1.0617973804473877,0.9477081894874573,0.7478962540626526,0.9706486463546753,0.9116785526275635,0.9946760535240173,0.8948989510536194,1.035845160484314,0.9949251413345337,1.0697776079177856,1.0133246183395386,0.9040821194648743,1.0055593252182007,0.9207825064659119,0.8987914323806763,0.9778045415878296,0.9676370620727539,0.9667654633522034,0.9307891130447388,0.9657437801361084,0.9783045053482056,0.9840205311775208,0.9639447927474976,,0.9144603610038757
pony,0.6301623582839966,0.5378011465072632,0.38189995288848877,0.0,0.05666226148605347,0.13026738166809082,0.32669222354888916,0.8460162878036499,0.47876113653182983,0.8056824207305908,0.6266957521438599,0.5244736075401306,0.46698033809661865,0.43126755952835083,0.521331250667572,0.1931833028793335,,0.8337916135787964,0.2221326231956482,0.9852669835090637,1.0588868856430054,1.2444368600845337,1.1306607723236084,1.1241945028305054,1.0571836233139038,1.0079195499420166,1.090639591217041,1.033563256263733,1.0311691761016846,1.0141125917434692,1.0527294874191284,0.7894017696380615,1.0848371982574463,1.0002779960632324,0.9173902869224548,0.9282273054122925,0.8827716112136841,0.8739392757415771,0.9102602005004883,1.0778871774673462,1.100324034690857,1.0476185083389282,1.0876575708389282,1.127948522567749,1.1548463106155396,1.1588417291641235,1.1876517534255981,1.0300331115722656,1.1484655141830444,1.1396658420562744,1.1311097145080566,0.9780616760253906,1.1808006763458252,1.1496498584747314,1.12272047996521,0.9778772592544556,1.1760743856430054,1.1468909978866577,0.9633569121360779,,0.9554058909416199,0.7937976717948914,1.04616379737854,,0.8235987424850464,0.8591269254684448,0.9621041417121887,0.9614898562431335,0.9757246971130371,0.9675583839416504,0.928689181804657,0.9844628572463989,0.9592288136482239,0.9687706828117371,0.8952274322509766,0.9787970185279846,0.9966129660606384,1.0268006324768066,0.8145590424537659,1.0284289121627808,0.9970667362213135,1.030013918876648,1.0604726076126099,1.1032918691635132,0.9245505332946777,1.016653060913086,0.9370895624160767,0.8917137980461121,0.9493275880813599,0.9123265743255615,1.0056283473968506,1.0150104761123657,1.0125093460083008,1.0271532535552979,0.9052236080169678,0.9047515988349915,0.9433286190032959,1.0147688388824463,0.9783795475959778,1.111545443534851,1.0462688207626343,0.9465935230255127,0.9431012272834778,0.9927470684051514,0.9858365654945374,0.986445426940918,0.8644422292709351,0.9899842739105225,0.9874840974807739,1.0186301469802856,0.9463639855384827,0.9289373159408569,1.0211398601531982,0.8875144124031067,0.8042387366294861,,0.8572602868080139,1.1124547719955444,0.863757848739624,0.9009798765182495,1.0541225671768188,0.8009437322616577,0.7359658479690552,0.8241101503372192,,0.9512450695037842,1.0019549131393433,1.026894211769104,1.0854849815368652,1.015381932258606,0.9563287496566772,0.9830710887908936,0.9641342163085938,0.8330200910568237,0.9247811436653137,,1.110350489616394,1.0513200759887695,0.936150074005127,0.7230580449104309,0.5895718336105347,1.0818368196487427,0.7662990689277649,1.042159080505371,0.8280779719352722,0.9700887203216553,1.1027244329452515,0.96454918384552,0.9261271953582764,1.0980377197265625,1.128824234008789,1.167826533317566,1.0899851322174072,0.9335683584213257,1.0527561902999878,1.1510117053985596,1.1158816814422607,1.1530017852783203,1.2024123668670654,1.1878695487976074,1.1453983783721924,,0.9135138392448425
horse,0.6227957606315613,0.42787349224090576,0.4228234887123108,0.05666226148605347,0.0,0.1385384202003479,0.39428985118865967,0.8326101303100586,0.5075788497924805,0.7695009112358093,0.6470617055892944,0.5367295742034912,0.4580835700035095,0.3657410144805908,0.5134680271148682,0.1433107852935791,,0.8201230764389038,0.2509411573410034,0.9419029951095581,1.0288283824920654,1.1623680591583252,1.0497931241989136,1.1112943887710571,1.0509400367736816,0.9944134950637817,1.0680677890777588,1.0543538331985474,1.034644603729248,1.0151636600494385,1.0569977760314941,0.884366512298584,1.037060260772705,1.0002299547195435,0.9482054710388184,0.9360637664794922,0.8854045867919922,0.8685926198959351,0.9632805585861206,1.0798753499984741,1.0474456548690796,1.025485873222351,1.0958017110824585,1.1289713382720947,1.1495596170425415,1.1294021606445312,1.1640934944152832,1.0952736139297485,1.1370469331741333,1.0913443565368652,1.0574259757995605,1.002167820930481,1.1257660388946533,1.0844026803970337,1.0720829963684082,0.9065831303596497,1.1117714643478394,1.105654239654541,1.0014965534210205,,0.954894483089447,0.7763155698776245,1.012935996055603,,0.8198031187057495,0.9140130281448364,0.9965595006942749,1.0262947082519531,1.0188840627670288,1.0463545322418213,1.0001674890518188,1.0682071447372437,1.008205533027649,1.0232102870941162,0.9336888194084167,1.0197123289108276,1.0503939390182495,1.0868908166885376,0.8652650117874146,1.0263334512710571,0.9857953190803528,1.0577454566955566,1.0996025800704956,1.0975321531295776,0.9508767127990723,0.9876907467842102,0.9877916574478149,0.9590449929237366,0.9915796518325806,0.9289182424545288,1.0335562229156494,1.0384395122528076,1.0346705913543701,1.0786603689193726,0.9333958029747009,0.9442114233970642,1.0273290872573853,1.1065455675125122,1.055269479751587,1.1302311420440674,1.0750645399093628,1.012111783027649,0.9996212124824524,1.032684087753296,1.031476616859436,1.0338722467422485,0.9241548776626587,1.059139370918274,0.9835073351860046,1.0372896194458008,0.9830275774002075,0.9613920450210571,1.0602353811264038,0.9472476243972778,0.8761060237884521,,0.791991114616394,1.0636268854141235,0.8775621652603149,0.940009593963623,1.0356940031051636,0.8491910099983215,0.7822744846343994,0.7969086766242981,,0.9323145747184753,0.9875884652137756,1.004130244255066,1.0429644584655762,1.0461063385009766,0.9543210864067078,0.927574634552002,0.9182722568511963,0.7750153541564941,0.8302079439163208,,1.0538355112075806,1.0841695070266724,0.9721266627311707,0.7477603554725647,0.6191375255584717,0.9897972345352173,0.8513205647468567,1.0295829772949219,0.7790132761001587,0.9867410063743591,1.0791091918945312,1.032860279083252,0.9752252101898193,1.0102910995483398,1.0885083675384521,1.1033533811569214,0.9876850843429565,0.9714455008506775,1.042313814163208,1.1001603603363037,1.0692839622497559,1.106733798980713,1.1297472715377808,1.1306970119476318,1.1027204990386963,,0.9015588164329529
pig,0.7146763205528259,0.5735064148902893,0.4939204454421997,0.13026738166809082,0.1385384202003479,0.0,0.3721292018890381,0.8542143106460571,0.49273574352264404,0.7907965183258057,0.5645501613616943,0.6177622079849243,0.41931331157684326,0.35136890411376953,0.4679796099662781,0.2651195526123047,,0.8300297856330872,0.17458117008209229,0.9063469171524048,1.023441195487976,1.1796016693115234,0.994197428226471,1.1133553981781006,1.0442399978637695,0.9993230104446411,1.047415018081665,1.0377798080444336,1.0252633094787598,1.037009835243225,1.0854922533035278,0.8571062088012695,1.0531201362609863,0.9323406219482422,0.8316571116447449,0.8379762768745422,0.9126389622688293,0.7894837260246277,1.0377975702285767,1.081455945968628,1.0573805570602417,1.0166860818862915,1.0907689332962036,1.100934386253357,1.149248480796814,1.1523873805999756,1.152740716934204,1.0886026620864868,1.141387701034546,1.074460506439209,1.0477572679519653,0.9434208869934082,1.0739134550094604,1.111769199371338,1.0754247903823853,0.9129161238670349,1.0679748058319092,1.1776896715164185,1.0389370918273926,,0.905897855758667,0.8452321887016296,0.9782270789146423,,0.7526230812072754,0.9284471273422241,0.998774528503418,0.9978183507919312,0.9141993522644043,1.0010071992874146,0.942683756351471,1.0214612483978271,0.9248422384262085,1.0108400583267212,0.9088689088821411,0.9708458781242371,1.0487046241760254,1.0850327014923096,0.8349980115890503,1.0209800004959106,1.0951837301254272,1.03049635887146,1.1451737880706787,1.0723129510879517,1.00208580493927,1.0236507654190063,1.0383472442626953,0.9931902885437012,1.0029274225234985,0.9629642963409424,1.0869009494781494,1.0748274326324463,1.0984481573104858,1.1013505458831787,0.8753125667572021,0.9688692092895508,0.9971661567687988,1.139453411102295,1.0676571130752563,1.1757252216339111,1.1107149124145508,1.1085233688354492,1.0297592878341675,1.112776517868042,1.0674140453338623,1.0514700412750244,0.8897819519042969,1.029066801071167,0.9250247478485107,1.0173267126083374,0.8775678873062134,0.897709846496582,0.9706941246986389,0.8647609949111938,0.7810285091400146,,0.7764941453933716,1.027114987373352,0.7797356843948364,0.8856067657470703,0.9176948666572571,0.7855596542358398,0.6776689887046814,0.7571504712104797,,0.8409238457679749,0.9056404829025269,0.9235931038856506,1.0132994651794434,1.0695781707763672,0.8757607936859131,0.8559808135032654,0.9493288397789001,0.7957879304885864,0.8747639656066895,,1.0811153650283813,1.108091950416565,0.8704509735107422,0.6561523675918579,0.4578351378440857,0.9074333906173706,0.6959018707275391,1.047545075416565,0.7119110226631165,0.980705738067627,1.086783766746521,1.0169131755828857,0.9220396876335144,1.0378601551055908,1.058035135269165,1.0865510702133179,0.9968541264533997,1.0153406858444214,1.0961729288101196,1.1384938955307007,1.0662249326705933,1.1076688766479492,1.1532583236694336,1.15714693069458,1.1147252321243286,,0.9168975949287415
rooster,0.634497880935669,0.5646650791168213,0.5999783277511597,0.32669222354888916,0.39428985118865967,0.3721292018890381,0.0,0.8026431798934937,0.2890458106994629,0.6443220973014832,0.5788567066192627,0.4199632406234741,0.4086066484451294,0.39235806465148926,0.3841749429702759,0.5396969318389893,,0.8561689853668213,0.33025968074798584,0.9788091778755188,1.0485985279083252,1.1953818798065186,1.1364796161651611,1.1200854778289795,1.1821887493133545,1.059578537940979,1.1866415739059448,1.1410460472106934,1.1706616878509521,1.1104668378829956,1.1505669355392456,0.8400805592536926,1.15452241897583,0.9222912192344666,0.9185687303543091,0.9315160512924194,0.9165424108505249,0.931746244430542,0.9832171201705933,1.2212297916412354,1.2298794984817505,1.1665418148040771,1.085902214050293,1.0910881757736206,1.1367851495742798,1.1247978210449219,1.114912986755371,0.991529107093811,1.139278531074524,1.114823818206787,1.1344339847564697,1.0332363843917847,1.0699172019958496,1.133495569229126,1.1249957084655762,0.9372137188911438,1.108572244644165,1.0767402648925781,1.0115418434143066,,0.9390701055526733,0.7765123844146729,1.0411005020141602,,0.8439883589744568,0.8891311883926392,0.850836992263794,0.9691455364227295,0.9375355839729309,0.9586241245269775,0.8696990013122559,0.9415751099586487,0.9347448945045471,0.993395984172821,0.9070695042610168,1.1163185834884644,1.0918115377426147,1.1240386962890625,0.7904647588729858,1.1196820735931396,1.0632450580596924,1.0717768669128418,1.0720230340957642,1.0408862829208374,0.9570416808128357,1.0064103603363037,0.9219303727149963,0.829302191734314,0.929485559463501,0.8846858143806458,1.0621241331100464,1.0882573127746582,1.0967295169830322,1.1035174131393433,0.7323541641235352,0.7173232436180115,1.0737723112106323,1.069965124130249,1.0161212682724,1.2653898000717163,1.2069777250289917,1.0098742246627808,0.9343559741973877,1.0694283246994019,0.9667450189590454,1.0188076496124268,0.9055935144424438,1.0359424352645874,0.9427869319915771,0.9303866028785706,0.8585074543952942,0.8672324419021606,0.96546870470047,0.8375347256660461,0.7238062620162964,,0.786614179611206,0.967321515083313,0.7393877506256104,0.7472361922264099,0.9684163331985474,0.6776238083839417,0.6171584129333496,0.710544228553772,,0.8300559520721436,0.8850549459457397,1.0532679557800293,0.9516018629074097,1.0492305755615234,0.8113117218017578,0.9493750929832458,0.9708631038665771,0.8032324910163879,0.8606601357460022,,1.066554069519043,1.074695348739624,0.9135478734970093,0.682971715927124,0.5637950897216797,0.9899617433547974,0.7601873278617859,1.0512809753417969,0.8231176733970642,0.9386922121047974,1.256442666053772,1.034234881401062,1.0116578340530396,1.0807199478149414,1.081792950630188,1.1626965999603271,0.9820705652236938,0.9456353783607483,1.078328013420105,1.135536551475525,1.091421127319336,1.146520733833313,1.2742210626602173,1.2559754848480225,1.2479948997497559,,0.8720781803131104
penguin,0.9917288422584534,0.9661426544189453,0.9373224973678589,0.8460162878036499,0.8326101303100586,0.8542143106460571,0.8026431798934937,0.0,0.7375683188438416,0.9277201890945435,0.7473864555358887,0.7601349353790283,0.6031935811042786,0.8313828706741333,0.6918253898620605,0.9193514585494995,,0.9926114082336426,0.8508158326148987,0.9198596477508545,1.0168622732162476,1.2858697175979614,1.1819957494735718,1.0963939428329468,1.0383495092391968,0.9388899803161621,1.0881155729293823,1.003189206123352,1.0422868728637695,0.9697495102882385,0.983189046382904,0.9425157308578491,1.0452278852462769,0.9153134226799011,0.9311071038246155,0.9622195363044739,1.005758285522461,0.9613195061683655,0.9365856051445007,1.0086488723754883,1.0596981048583984,1.0548293590545654,1.1076915264129639,1.1122422218322754,1.1199426651000977,1.0395783185958862,1.175713300704956,1.0839816331863403,1.1244804859161377,1.1479148864746094,1.1294670104980469,1.0864824056625366,1.1434804201126099,1.1469995975494385,1.1684788465499878,1.0133289098739624,1.109592318534851,1.031775951385498,0.9893527030944824,,0.9856037497520447,1.011616587638855,1.1921701431274414,,0.8825949430465698,0.9551076889038086,0.8978689312934875,0.8441341519355774,0.9134570360183716,0.893526017665863,0.8129538297653198,0.8478390574455261,0.8523377776145935,0.9038828611373901,0.6442105174064636,0.9115188121795654,0.9567157626152039,0.9537168145179749,0.8354876041412354,0.9627896547317505,0.8026762008666992,0.936793863773346,0.9031245708465576,1.0650418996810913,0.9762906432151794,1.053971767425537,0.81047123670578,0.7373425960540771,0.8848119974136353,0.9317474365234375,0.9574109315872192,0.9722612500190735,0.9709257483482361,0.9311598539352417,0.9349332451820374,0.9410414099693298,0.9410554766654968,0.9404328465461731,0.9381865859031677,1.027862310409546,1.0086692571640015,0.9578027129173279,0.9278577566146851,0.9888023734092712,0.9472753405570984,0.9401581883430481,0.8032233119010925,0.9543085694313049,1.0145485401153564,0.9256033897399902,0.9317398071289062,0.7982187867164612,0.9768926501274109,0.8825059533119202,0.8593543767929077,,1.0306212902069092,1.105698585510254,0.9836772084236145,0.9180519580841064,0.9377747774124146,0.8882212042808533,0.8853090405464172,1.0652101039886475,,1.067444920539856,1.049999713897705,1.0951679944992065,1.0952732563018799,1.037680983543396,0.9324289560317993,0.971928060054779,1.0198168754577637,0.9078093767166138,1.0621904134750366,,1.1434975862503052,1.0000067949295044,0.9635326266288757,0.6514565944671631,0.708116888999939,1.0311931371688843,1.003909707069397,0.969041645526886,0.8965644836425781,0.6786233186721802,1.1175049543380737,0.9211585521697998,0.961908757686615,1.0865039825439453,1.0966432094573975,1.1515235900878906,1.0310829877853394,0.9394427537918091,1.0410710573196411,1.0305900573730469,1.0875779390335083,1.1294581890106201,1.0886411666870117,1.0610268115997314,1.0905179977416992,,0.8681539297103882
bird,0.7849193811416626,0.6391890645027161,0.6678380966186523,0.47876113653182983,0.5075788497924805,0.49273574352264404,0.2890458106994629,0.7375683188438416,0.0,0.34332549571990967,0.36177730560302734,0.3668403625488281,0.33842337131500244,0.4367353916168213,0.38965117931365967,0.6921789646148682,,0.9246318936347961,0.46209895610809326,0.932110607624054,1.0543804168701172,1.2066454887390137,1.11886727809906,1.1627007722854614,1.0452443361282349,1.0089057683944702,1.087411880493164,1.0494170188903809,1.0226140022277832,1.0218493938446045,1.0762133598327637,0.8530095815658569,1.11244797706604,1.016706109046936,0.9440866112709045,0.9276813864707947,0.913304328918457,0.8715840578079224,0.9700334668159485,1.1904586553573608,1.1581472158432007,1.0405137538909912,1.1596686840057373,1.1609916687011719,1.233866572380066,1.20585298538208,1.2358253002166748,1.087501883506775,1.1713392734527588,1.1629548072814941,1.1543996334075928,1.1343529224395752,1.1150254011154175,1.08457612991333,1.0692142248153687,0.8701355457305908,1.1076496839523315,1.1297372579574585,0.9755271077156067,,0.9540839791297913,0.7908142805099487,1.0552433729171753,,0.8131153583526611,0.8057446479797363,0.8519347310066223,0.9278925061225891,0.9676680564880371,0.8681892156600952,0.8099045753479004,0.8955841660499573,0.8724762201309204,0.9368440508842468,0.7964128255844116,0.9312255382537842,0.9287127256393433,0.9773594737052917,0.7683672904968262,0.9913475513458252,0.9617272615432739,0.9736850261688232,1.1290764808654785,1.075991153717041,0.922400712966919,0.9656789302825928,0.9191290140151978,0.8201346397399902,0.8269551992416382,0.788459837436676,0.9333796501159668,0.9334216117858887,0.9283755421638489,0.9518573880195618,0.9348449110984802,0.9174325466156006,0.9457382559776306,1.0624756813049316,1.0531983375549316,1.1782984733581543,1.0531139373779297,1.0562390089035034,0.9882676601409912,1.1154230833053589,1.0840792655944824,1.0838888883590698,0.7870076894760132,0.9871339797973633,0.8852419853210449,0.9007133841514587,0.8558475971221924,0.8067882061004639,0.9498665928840637,0.8298244476318359,0.7281770706176758,,0.8495181202888489,1.07041597366333,0.8596338629722595,0.8065617680549622,0.9396395087242126,0.7595768570899963,0.7501278519630432,0.7821193933486938,,0.8832507133483887,0.918165385723114,1.041955828666687,1.078550934791565,1.0671358108520508,0.8662695288658142,0.8940775394439697,1.0294561386108398,0.8052281141281128,0.8815973997116089,,1.0306079387664795,0.971500039100647,0.8426113724708557,0.6678453683853149,0.6268584728240967,1.0350661277770996,0.7643513679504395,1.0552899837493896,0.7657385468482971,0.9935935139656067,1.198939323425293,1.0068992376327515,0.956726610660553,1.0896029472351074,1.0488306283950806,1.1586412191390991,1.0413280725479126,1.0206903219223022,1.147350549697876,1.1360704898834229,1.0806723833084106,1.1345762014389038,1.2112458944320679,1.2335007190704346,1.2021197080612183,,0.8471023440361023
duck,0.8868616223335266,0.604268491268158,0.7848653197288513,0.8056824207305908,0.7695009112358093,0.7907965183258057,0.6443220973014832,0.9277201890945435,0.34332549571990967,0.0,0.6735481023788452,0.7526471018791199,0.6920435428619385,0.5380734205245972,0.6038545370101929,0.9141330718994141,,0.9079140424728394,0.6559004783630371,0.8683780431747437,0.9218484163284302,0.9386027455329895,0.9258652329444885,1.0727665424346924,1.1231794357299805,1.098272442817688,1.1224887371063232,1.1546835899353027,1.163367748260498,1.1263949871063232,1.167588472366333,1.0830450057983398,1.0856246948242188,0.8693954944610596,0.978847861289978,1.0008509159088135,0.8025007247924805,0.8875484466552734,1.1878997087478638,1.141990303993225,0.9485325813293457,1.0031262636184692,1.0229005813598633,1.015190601348877,1.0761605501174927,0.9609537124633789,1.0371257066726685,1.0338172912597656,0.9587709903717041,0.7968690395355225,0.7892781496047974,1.086722493171692,0.8384682536125183,0.7973581552505493,0.8741970658302307,0.6756145358085632,0.8405954837799072,1.0394222736358643,1.0949740409851074,,1.0176247358322144,0.7743936777114868,0.9526056051254272,,0.7561007738113403,1.027457356452942,0.9430326223373413,1.1661814451217651,1.0880728960037231,1.1390221118927002,1.1059461832046509,1.174342155456543,1.099674940109253,1.1843008995056152,1.0700984001159668,1.134916067123413,1.1968836784362793,1.1837224960327148,1.1002055406570435,1.129841685295105,1.1417261362075806,1.1750686168670654,1.1334034204483032,1.0487817525863647,0.9523269534111023,0.9860537052154541,1.1036146879196167,1.1000289916992188,1.1107524633407593,0.962225615978241,1.1182808876037598,1.163360834121704,1.1578094959259033,1.1807920932769775,1.047344446182251,1.0743578672409058,1.162198781967163,1.2430882453918457,1.2367942333221436,1.1540452241897583,1.215501308441162,1.1538748741149902,1.0419052839279175,1.0842093229293823,1.229835033416748,1.1653155088424683,1.0495589971542358,1.1580228805541992,0.9072575569152832,0.9904383420944214,1.1053848266601562,1.0625821352005005,1.062965750694275,1.107343077659607,0.9830231666564941,,0.7654924988746643,0.8841434121131897,0.9676085114479065,1.010441780090332,0.9111103415489197,0.995710015296936,0.9327806234359741,0.8033059239387512,,0.9961578845977783,0.971557080745697,1.0837678909301758,0.8858962655067444,1.1478904485702515,0.9126871228218079,0.711877703666687,0.7551659345626831,0.6163214445114136,0.5797492265701294,,0.8464879393577576,1.0944935083389282,1.0060160160064697,0.7842933535575867,0.6918032169342041,0.7634366750717163,0.9782462120056152,0.9522801041603088,0.764134407043457,1.0245752334594727,0.9945017099380493,1.1294203996658325,1.0557119846343994,0.754136323928833,0.8573376536369324,0.8634150624275208,0.6693249940872192,1.130802869796753,0.9948484897613525,0.8816585540771484,0.8459293246269226,0.9116668701171875,0.9682134389877319,1.0532811880111694,1.0476691722869873,,0.7511693239212036
fish,0.8958854675292969,0.837386429309845,0.7706296443939209,0.6266957521438599,0.6470617055892944,0.5645501613616943,0.5788567066192627,0.7473864555358887,0.36177730560302734,0.6735481023788452,0.0,0.3631766438484192,0.2770359516143799,0.5045619606971741,0.539994478225708,0.8144003748893738,,1.0519273281097412,0.6788147687911987,1.0346672534942627,1.1504486799240112,1.336367130279541,1.1290278434753418,1.243627905845642,0.7235614061355591,0.8761074542999268,0.8324303030967712,0.7677774429321289,0.5819099545478821,0.7968658208847046,0.8545827269554138,0.7507743835449219,0.959205150604248,1.2512139081954956,0.8817627429962158,0.7401247024536133,1.0196536779403687,0.6957666873931885,0.9306955933570862,1.1401176452636719,1.142465353012085,0.8255237340927124,1.3527830839157104,1.3420414924621582,1.4627509117126465,1.4867606163024902,1.4591578245162964,1.3558127880096436,1.3845425844192505,1.4212260246276855,1.3986343145370483,1.321040391921997,1.351370096206665,1.3103575706481934,1.2466015815734863,0.9690183997154236,1.236501693725586,1.2769362926483154,0.9625228047370911,,0.9876511693000793,0.8144403696060181,1.0704216957092285,,0.9536769986152649,0.8268593549728394,0.7773193120956421,0.6380352973937988,0.6590009331703186,0.5917608141899109,0.5584006309509277,0.5543766617774963,0.5266914367675781,0.5365124940872192,0.5404033660888672,0.4848148226737976,0.587385892868042,0.6329452395439148,0.42122310400009155,0.8204846978187561,0.6983352303504944,0.5589970350265503,1.198242425918579,0.9765516519546509,0.9987731575965881,0.958114743232727,0.8168089985847473,0.7029426097869873,0.6341299414634705,0.7560765743255615,0.7057558298110962,0.5843259692192078,0.5895578265190125,0.5324654579162598,0.9626376032829285,0.9578250050544739,0.5431730151176453,0.9427187442779541,0.9454562664031982,1.107887864112854,0.6086906790733337,1.0736063718795776,1.0656096935272217,1.22464919090271,1.0127753019332886,1.0655455589294434,0.6715089082717896,0.7557797431945801,0.789708137512207,0.778276801109314,0.5537139773368835,0.48904889822006226,0.627577543258667,0.6213055849075317,0.694928765296936,,0.9138290882110596,1.1349005699157715,0.8626337647438049,0.7847902178764343,0.8432689905166626,0.7031027674674988,0.7998660802841187,0.7331120371818542,,0.8469035029411316,0.9101179838180542,0.948418140411377,1.2830162048339844,1.0777260065078735,0.9757477045059204,0.9997541904449463,1.2424949407577515,0.9562872052192688,1.11295747756958,,1.0989857912063599,0.729764997959137,0.4652515649795532,0.5695818662643433,0.782435417175293,1.10202956199646,0.7651464939117432,0.9893993735313416,0.6726897358894348,1.0853581428527832,1.1053850650787354,0.8994919061660767,0.8843796849250793,1.2694811820983887,1.2172908782958984,1.310009479522705,1.2531530857086182,0.7954649925231934,1.3369927406311035,1.3621466159820557,1.2747305631637573,1.3062429428100586,1.2432928085327148,1.2948579788208008,1.165403962135315,,0.975037157535553
butterfly,0.6211720705032349,0.6911765933036804,0.8272063732147217,0.5244736075401306,0.5367295742034912,0.6177622079849243,0.4199632406234741,0.7601349353790283,0.3668403625488281,0.7526471018791199,0.3631766438484192,0.0,0.23706841468811035,0.513330340385437,0.4931544065475464,0.7736778259277344,,1.0538221597671509,0.697330117225647,1.0980353355407715,1.199783205986023,1.3221089839935303,1.205429196357727,1.164171814918518,0.9074906706809998,0.9009066820144653,1.0145668983459473,0.9241737127304077,0.8481054306030273,0.9199323654174805,1.0303394794464111,0.7333499193191528,1.1347509622573853,1.1759748458862305,1.0255898237228394,0.9640204310417175,0.9550562500953674,0.882698118686676,0.7663672566413879,1.076103925704956,1.2210960388183594,0.9371320009231567,1.193989872932434,1.2810405492782593,1.345808982849121,1.3250150680541992,1.3780579566955566,1.0747747421264648,1.2223976850509644,1.3214244842529297,1.3412271738052368,1.1612696647644043,1.3034536838531494,1.232614278793335,1.1716623306274414,0.9473046064376831,1.3426622152328491,1.1227967739105225,0.9498820304870605,,0.98846435546875,0.707756757736206,1.161588191986084,,0.9714307188987732,0.6431564688682556,0.8292549848556519,0.8419164419174194,0.9914514422416687,0.834974467754364,0.78748619556427,0.7939000129699707,0.765754759311676,0.7474042773246765,0.6590345501899719,0.76552414894104,0.7147102952003479,0.8513054847717285,0.5777072906494141,0.951777994632721,0.6678820848464966,0.8254706859588623,0.9984627962112427,1.0621333122253418,0.9405704736709595,0.9818362593650818,0.7142966985702515,0.6116752028465271,0.6031601428985596,0.6078572273254395,0.6826760172843933,0.664943277835846,0.6505756378173828,0.7106562852859497,0.8052511215209961,0.7656756639480591,0.7480764389038086,0.8727353811264038,0.8514601588249207,1.0363000631332397,0.7799903154373169,0.8236117959022522,0.7739861607551575,1.0656075477600098,0.9046221971511841,0.9510949850082397,0.6931792497634888,0.8157809376716614,0.8489255905151367,0.7544337511062622,0.7603549361228943,0.6730573773384094,0.9427856802940369,0.7143372297286987,0.6804633140563965,,0.9550443291664124,1.15523099899292,0.8766788244247437,0.7546936273574829,1.129657506942749,0.6606172919273376,0.7695745229721069,0.8042647242546082,,0.938713788986206,1.0052785873413086,1.0859930515289307,1.2273885011672974,0.9985997676849365,0.9151070713996887,1.0252888202667236,1.1157314777374268,0.8730983734130859,1.0206900835037231,,1.1079657077789307,0.8021762371063232,0.7655814290046692,0.6735528707504272,0.8219003677368164,1.2807040214538574,0.8430807590484619,1.0440999269485474,0.7949495315551758,0.9303543567657471,1.1743123531341553,0.8383853435516357,0.8940533995628357,1.201915979385376,1.2596242427825928,1.3443101644515991,1.2128753662109375,0.7602869868278503,1.2305628061294556,1.3216865062713623,1.2915825843811035,1.3388563394546509,1.300673246383667,1.3114848136901855,1.2573562860488892,,0.9450905919075012
frog,0.790574312210083,0.6280300617218018,0.8068663477897644,0.46698033809661865,0.4580835700035095,0.41931331157684326,0.4086066484451294,0.6031935811042786,0.33842337131500244,0.6920435428619385,0.2770359516143799,0.23706841468811035,0.0,0.2851717472076416,0.38816213607788086,0.6812366843223572,,0.9668182134628296,0.5032453536987305,0.9173851609230042,1.094763994216919,1.3480243682861328,1.1489936113357544,1.2388582229614258,0.9694843888282776,0.965424120426178,1.0397734642028809,0.9949479103088379,0.8534085750579834,0.9727994203567505,1.0606869459152222,0.8215776681900024,1.0709400177001953,1.0770432949066162,0.7879315614700317,0.6788127422332764,0.8631142377853394,0.6645534038543701,0.8829696178436279,1.1271612644195557,1.1831129789352417,0.9185534715652466,1.2199115753173828,1.2783361673355103,1.3502166271209717,1.3079378604888916,1.3671225309371948,1.1699031591415405,1.2551906108856201,1.2668139934539795,1.2379637956619263,1.189432978630066,1.225386142730713,1.1885184049606323,1.1560200452804565,0.8181754350662231,1.1618930101394653,1.184071660041809,0.9763763546943665,,0.9135358333587646,0.7664586305618286,1.064143180847168,,0.7737830877304077,0.7091601490974426,0.8087252974510193,0.8182759284973145,0.9094651937484741,0.8329104781150818,0.7447222471237183,0.7812597751617432,0.7380261421203613,0.777761697769165,0.5850660800933838,0.7961251735687256,0.7658607959747314,0.9133098721504211,0.5639908909797668,0.9372014999389648,0.7750791907310486,0.8633584380149841,1.1320655345916748,0.9941460490226746,0.9858899712562561,1.0288256406784058,0.8346223831176758,0.7278528213500977,0.7127367258071899,0.7742553949356079,0.8220771551132202,0.7859166860580444,0.7855546474456787,0.782462477684021,0.7972047328948975,0.8133918642997742,0.7584390640258789,1.0155600309371948,0.9726042747497559,1.1590811014175415,0.8339426517486572,0.9925011396408081,0.8916573524475098,1.1658867597579956,0.9923245906829834,1.0332666635513306,0.6643881797790527,0.8688433170318604,0.793977677822113,0.7150322198867798,0.636935830116272,0.5502960085868835,0.8292521238327026,0.7262569665908813,0.6666617393493652,,0.7997677326202393,1.0332995653152466,0.7786792516708374,0.7552235126495361,0.9003198742866516,0.645086944103241,0.716931164264679,0.7690628170967102,,0.8245397806167603,0.9154438376426697,1.0049798488616943,1.07646644115448,1.0598832368850708,0.8087315559387207,0.8475303649902344,1.0123087167739868,0.7231132388114929,0.9107910990715027,,1.0383647680282593,0.88625168800354,0.5832656025886536,0.3922220468521118,0.571769654750824,1.0807102918624878,0.849480390548706,1.0721675157546997,0.6769607067108154,0.9444992542266846,1.1648657321929932,0.9594433903694153,0.9864463806152344,1.1243196725845337,1.1601847410202026,1.2547199726104736,1.0511703491210938,0.8356979489326477,1.2585008144378662,1.2799277305603027,1.1993392705917358,1.2674789428710938,1.2743704319000244,1.309538722038269,1.2541803121566772,,0.8194828629493713
