,alligator,ankle,apple,arm,ball,balloon,basket,bathtub,bed,belt,bench,bib,blanket,boat,book,bottle,bowl,box,broom,bucket,can,car,cat,chair,clock,corn,couch,crayon,crib,cup,deer,dish,dog,doll,door,drawer,dress,duck,elephant,finger,fish,flower,frog,glasses,glove,grass,gum,hair,hand,hat,helicopter,horse,hose,jeans,knife,ladder,lamp,mitten,motorcycle,nail,napkin,nose,orange,owl,pajamas,pants,paper,pen,pencil,penguin,pillow,pizza,plant,plate,pony,pumpkin,purse,refrigerator,rooster,scissors,shirt,shoe,shorts,shovel,sink,slide,slipper,sock,soup,spoon,sprinkler,strawberry,stroller,swing,table,tape,toe,toothbrush,towel,toy,tray,tree,tricycle,truck,vacuum,watch,window
alligator,0.0,1.0092435,1.1203544,0.89216304,1.0751586,1.1133298,1.1493782,1.1111416,0.9250497,1.1517758,1.0779955,1.0172211,0.95974374,0.8626425,1.1330148,1.1885597,1.0147219,1.1206509,1.0440104,1.197443,1.2220743,1.1119133,0.97302747,1.204848,1.1056417,0.95712215,0.94579774,1.093226,1.0244,1.1810999,0.8406977,1.0052048,0.91957164,1.0754154,1.0937783,1.0933377,1.0654138,1.0529426,0.40598655,1.0275062,1.0050545,1.1442716,0.9900275,1.1027184,1.1083338,0.79988235,1.1657548,0.9403987,0.8785783,1.2011924,0.9882548,1.0896785,0.726673,0.89528036,1.0517936,1.1402569,1.1256055,0.85769266,1.050114,1.0930072,1.0411819,1.072386,1.1194451,0.99762446,1.074107,0.91377157,0.98526686,1.0734906,1.1210757,0.9583509,1.094923,1.0212333,0.9759979,1.0334641,0.86439145,1.0713586,1.1400167,0.9552613,1.0777055,1.1220573,0.8930204,1.0749457,1.0153873,0.99437386,1.0781432,0.98477685,1.1790836,1.028017,0.89911187,1.0345703,0.81146896,1.0942001,1.1562707,0.79985446,0.8995451,1.1646549,1.0229577,0.8990332,0.9632444,1.2077037,0.77986723,0.8883977,1.0166416,1.1394119,1.0791011,1.1445866,1.13522
ankle,1.0092435,0.0,0.7538056,1.1943092,0.77359223,0.7633486,0.9446603,1.0921912,1.347824,0.8963647,1.1350653,1.0413343,1.1873274,1.324332,1.0654594,0.8788078,1.2181811,1.2276483,0.9505632,0.9618088,0.87558836,1.1399678,0.87584496,1.1088358,0.8688829,1.04771,1.2976797,0.8473335,1.299381,1.0411768,1.130474,1.046183,1.0099531,0.8935623,1.1916083,1.1911573,0.8644637,0.9821716,1.1029505,0.76494694,0.7266271,0.79327416,0.89289546,0.7738761,0.5105606,1.2314878,0.7756974,1.0177641,0.8918279,0.69694674,0.85857004,0.7830504,1.3122785,0.96735686,0.857705,0.9847671,0.9628402,1.0095673,1.1884414,0.8571801,0.77544296,0.84136766,0.80221236,0.78752685,0.99573284,0.9587756,1.1025696,0.9727293,0.95574874,0.8788618,1.0110576,0.99209166,1.069607,1.2272048,0.9463821,0.700615,1.1036098,1.3132722,0.84211105,1.0796582,0.9751472,0.8521315,0.8870428,1.0963824,0.962012,1.3513992,0.5785385,0.99793893,1.220902,0.7969662,1.1876473,0.81729907,1.0144138,1.3246096,1.4545656,1.0946825,0.41521597,1.150943,0.8569132,1.0833117,1.3477236,1.2169478,1.2908026,0.79735726,1.1257468,0.73506373,1.1778897
apple,1.1203544,0.7538056,0.0,1.2908556,0.77741754,0.5581183,0.8360294,1.1471468,1.4741135,0.7754051,1.2036786,1.1553881,1.3333733,1.3041894,0.968871,0.7549534,0.6441238,1.1811045,1.0086634,0.7362239,1.0066545,1.0899676,1.0197055,1.2030704,0.8644994,0.89907056,1.3587689,0.77509594,1.2771568,0.8436874,1.1322486,0.99097127,1.0103294,0.83532774,1.3148019,1.1391761,1.1603572,0.93782693,1.2162709,0.9144776,0.89262253,0.5310736,0.87278485,0.8791771,0.756476,1.2871797,0.29447275,1.2047637,1.0522959,0.91479397,0.8645695,0.8473993,1.3326961,1.3210831,0.87323236,1.0212152,0.816936,1.3185934,1.2679687,0.7563887,0.96674776,0.80229044,0.10389435,0.9486057,1.3301548,1.3194125,1.16921,0.81915474,0.9514368,0.90109247,1.0525482,0.7414273,0.9005323,0.6519279,1.0516943,0.14233577,1.1114854,1.3446349,0.7426041,1.0808824,1.3357859,1.0175271,1.3363587,1.1758101,1.0599521,1.4050229,0.8539468,1.3195989,1.0104785,0.7054118,1.3556844,0.04245782,1.1294008,1.3405621,1.4303808,0.90035784,0.79116905,1.1626905,0.94354343,0.8812294,1.2902215,1.0808499,1.2339051,0.86731476,1.180039,0.79826653,1.1851114
arm,0.89216304,1.1943092,1.2908556,0.0,1.2245482,1.3129193,1.0945249,1.0401142,0.6951454,1.2882471,1.1127257,0.8315219,0.8467786,0.9067794,1.0068407,1.2255336,0.9642522,0.97729886,1.0971351,1.1375744,1.0963397,0.7861583,1.0892739,1.0450188,1.1419969,1.1357392,0.836758,1.3070369,0.91414815,1.1937292,0.9320479,1.0682477,1.0468067,1.177252,0.83822674,0.9069536,0.95030934,1.0581489,0.76191247,1.1867609,1.1956912,1.3122166,1.163625,1.1751561,1.2031046,0.905102,1.2975289,0.7518846,0.7334101,1.2309004,1.1347626,1.225765,0.76613855,0.8961106,1.2641089,1.1939873,1.2554923,0.79552466,0.89094645,1.2908335,1.207631,1.2211783,1.3045521,1.0286266,0.7499777,0.93752867,0.72397125,1.2074133,1.1731086,1.1188717,1.0890139,1.0007977,1.0724088,0.93309176,0.9279619,1.2692677,0.93510747,0.72931457,1.1193019,1.0010347,0.8137349,1.0339563,0.9019179,1.0626695,1.0737429,0.649069,1.1965637,0.7372203,0.8384196,1.2427146,0.91469365,1.2433345,1.0294328,0.77676684,0.72904813,0.99910647,1.1849654,0.70163,1.2090476,1.0783515,0.7324128,0.9204916,0.85149765,1.1292202,1.098628,1.2241219,0.88682413
ball,1.0751586,0.77359223,0.77741754,1.2245482,0.0,0.5824795,0.81270576,1.0333833,1.2281781,0.8898523,1.141515,1.0879829,1.1457677,1.1262696,0.9034948,0.8008933,1.003566,1.0058639,1.043241,0.7742651,0.8788536,0.9566067,1.0210149,1.0687271,0.72838116,1.0531249,1.1646451,0.96484745,1.1519637,0.81207585,1.1152416,0.8813023,0.9677528,0.9244244,1.227101,1.0426304,1.1218687,0.9459108,1.2237583,0.9416119,0.8876048,0.9403183,0.8340503,0.9299782,0.77864814,1.1956127,0.72551394,1.1176026,1.1040295,0.76264834,0.9020684,0.8769084,1.2004881,1.1497384,0.9222268,1.0629755,0.9758753,1.0739893,1.1051117,0.90675485,0.8640733,0.8762361,0.7681098,1.0294993,1.1665947,1.2203106,1.1061548,0.93548304,0.9574646,0.9047648,1.0063077,0.98325646,1.0480661,1.0253085,1.0893419,0.72900784,0.9789686,1.2268339,0.89644974,1.0516281,1.2227528,0.8747218,1.1742992,1.1326345,1.0419135,1.2388693,0.813642,1.0626937,1.108727,0.9134046,1.2069068,0.79386014,1.0448478,1.2522126,1.1240354,0.77104795,0.8548992,1.131561,0.80894864,0.745747,1.0484898,1.2553965,1.112655,0.97162676,1.1235442,0.8980631,1.1409328
balloon,1.1133298,0.7633486,0.5581183,1.3129193,0.5824795,0.0,0.9049841,1.1537396,1.3817927,0.6535348,0.9744162,1.0233009,1.2398243,1.3886535,0.90608495,0.617079,0.9699929,1.2235875,1.0777664,0.6416916,0.7551434,1.1513901,1.0902171,1.1564889,0.68178076,0.86879766,1.2225125,0.52578956,1.3188114,0.56678355,1.2546334,1.0192623,1.1413599,0.6373721,1.1831384,1.1494658,1.1001253,0.91068447,1.3086421,0.61881435,0.5607956,0.8749602,0.7433572,0.55628395,0.68642294,1.3550589,0.35892034,1.1824149,1.1439909,0.47513133,0.8772428,0.80783147,1.331399,1.2293155,0.63034797,1.0265434,0.6557687,1.2283603,1.2549605,0.56460845,0.65722644,0.6473781,0.47517824,0.9646887,1.3578619,1.1096823,1.2414712,0.8903582,0.6177502,1.0174329,0.7548109,0.93721604,1.1920781,0.9742574,1.1221073,0.6602847,1.0946494,1.3596413,0.86259174,1.0578574,1.2440627,1.0742244,1.1998804,1.257758,0.8565651,1.395165,0.63681036,1.2413796,1.065612,0.6843113,1.3026841,0.6216462,1.1697254,1.4803755,1.4810023,0.94993675,0.6695333,1.2169273,0.8335678,0.9822102,1.3929641,1.324716,1.3374294,1.008278,1.2536161,0.6393165,1.1630292
basket,1.1493782,0.9446603,0.8360294,1.0945249,0.81270576,0.9049841,0.0,0.9674928,1.1272061,0.86633724,0.84570545,1.1828747,1.0650531,1.0443016,0.6230405,0.799797,0.9486948,0.64862305,0.8323755,0.70713985,0.77209496,0.9544264,1.2449307,0.6057869,0.90343994,1.1885264,1.088898,0.9840194,0.6771935,0.8305908,1.1793507,1.0519823,1.1843858,0.9036182,0.961544,0.83146155,1.1130849,1.1511229,1.1848012,0.9944754,1.0717647,0.9490418,1.1101476,1.0327077,1.0047257,1.2612479,0.787362,1.1992253,1.1122555,0.9994656,0.92582214,1.1227636,1.2894439,1.1484665,0.9715883,0.69338894,0.9250568,1.1262627,0.88554704,1.0328965,0.90597105,1.0499823,0.8356792,1.2135457,1.2239687,1.2105367,1.0159557,0.79826546,0.95487326,1.0817522,0.91247916,1.1318091,1.0644723,0.9987164,1.1595784,0.8232948,0.73880154,1.0726533,0.9194002,0.8221705,1.1567564,0.8703053,1.2364664,1.1636752,0.8761494,0.9548004,0.89198923,1.0904648,1.0984946,1.0768014,1.1674517,0.7644444,0.8549079,1.262537,1.0153903,0.8189646,1.0405673,1.0597243,0.8471106,0.69464505,0.99732214,1.0621792,0.952237,0.8130857,0.98031324,0.8258703,0.8791786
bathtub,1.1111416,1.0921912,1.1471468,1.0401142,1.0333833,1.1537396,0.9674928,0.0,0.84814584,1.1601607,0.82302105,1.0533679,0.969458,0.7806047,0.998628,1.1267619,0.94502354,0.7443944,0.8972595,0.8691764,0.84963095,0.96059895,0.998068,0.8427236,1.1153246,1.1696103,0.85368526,1.1718103,0.75759244,1.1079297,1.0134715,1.0091975,0.9900568,1.1484523,0.7646369,0.81709445,0.93685275,1.0409087,1.0013269,1.1503125,0.9375559,1.0257679,0.9991795,1.191891,1.1896417,0.8708629,1.1972079,0.9718208,1.0653911,1.1548064,1.0331553,1.079573,1.014423,0.96686107,1.0920204,0.88634527,1.1812423,1.0722532,0.9812134,1.1776195,1.0091531,1.1716158,1.1810312,1.0759816,0.9150132,0.9532117,1.0195781,1.0568047,1.0958259,1.0287781,1.0579534,1.0733407,0.88575137,0.99640906,1.0418617,1.1695473,0.99158806,0.91444737,1.1409101,0.9705432,1.0348561,1.0099343,0.9581803,0.87587005,0.9537314,0.7970885,1.1470969,1.0310055,0.9577544,0.9787786,0.7890228,1.1343331,0.9243698,0.97094995,0.89372444,0.96827024,1.1312997,1.1346602,0.9664979,0.9888045,0.9250468,0.8917475,1.0232732,0.78122896,0.8718251,1.1809893,0.7989156
bed,0.9250497,1.347824,1.4741135,0.6951454,1.2281781,1.3817927,1.1272061,0.84814584,0.0,1.3618944,0.8682835,0.64937365,0.37906253,0.74719554,1.0370424,1.4497037,1.1084253,0.757467,1.1762881,1.3022115,1.1515884,0.92234564,1.1604465,0.7159045,1.2343967,1.02668,0.31528604,1.4232891,0.5124159,1.3504369,1.0283109,0.92667747,1.2205205,1.3139715,0.6696919,0.72836006,0.8099888,1.1895471,0.7904295,1.2604849,1.1253415,1.4091809,1.0526044,1.3227181,1.446342,0.88627297,1.4182699,0.88704115,0.9429013,1.2226511,1.1761955,1.4825892,0.6634165,0.7423328,1.3398106,0.99450964,1.3963218,0.54307455,0.7625773,1.3220099,1.0600919,1.3375422,1.477399,1.2667391,0.4917643,0.68871,0.72818875,1.3484704,1.1630315,1.277787,0.91798913,0.98423344,0.97953105,1.0758318,1.1036574,1.4049277,0.86245584,0.4548117,1.4258432,0.96692276,0.6327504,1.0482851,0.7172704,1.0143554,1.0171022,0.5603653,1.3022771,0.58061856,0.82334405,1.4606006,0.7172519,1.4237553,0.9910648,0.8227117,0.41864586,1.0303713,1.3307786,0.7135525,1.0623482,1.123772,0.5705095,0.93215185,0.74184895,1.1901777,1.0610104,1.4456367,0.8257803
belt,1.1517758,0.8963647,0.7754051,1.2882471,0.8898523,0.6535348,0.86633724,1.1601607,1.3618944,0.0,0.8222531,1.2544771,1.3039529,1.2143888,0.7824397,0.23492491,1.1870664,1.0926638,0.91254604,0.70006347,0.67829347,1.1267998,1.1385152,1.0586725,0.7343223,0.9863461,1.2315767,0.24130416,1.2587098,0.3415135,1.2717028,1.2914762,1.1836822,0.49498284,1.0424521,1.2088654,1.0698239,1.0803789,1.2556598,0.41967982,0.89619446,0.81337726,0.9563409,0.4095286,0.41806018,1.2203182,0.7262222,1.2933528,1.3107231,0.4174444,0.95720303,0.73595905,1.3905132,1.1163863,0.52472496,0.8410814,0.14237517,1.3212488,1.2338622,0.29384637,0.656927,0.31286854,0.8125826,1.0588998,1.3271337,1.1846113,1.2927467,0.4051106,0.58784187,1.047998,0.50639236,1.1681056,1.2396098,1.2227887,1.1633043,0.80250376,0.94308674,1.322837,0.7472861,1.0987246,1.165848,1.1103048,1.2052661,1.2339791,0.7554447,1.4166427,0.5946502,1.320931,1.4055182,0.80676365,1.3163126,0.8711593,1.1319463,1.3783628,1.417814,1.1768665,0.71684974,1.2990447,0.7210311,0.9458719,1.4077454,1.2212094,1.2444566,0.81267256,1.0742996,0.21346003,1.1105244
bench,1.0779955,1.1350653,1.2036786,1.1127257,1.141515,0.9744162,0.84570545,0.82302105,0.8682835,0.8222531,0.0,1.1742847,1.0554135,0.7241152,0.8258073,0.8964125,1.1896689,0.8396751,0.86670554,0.973276,0.69316626,1.0107499,1.1143016,0.5059735,0.9950738,1.0267851,0.7715376,0.8143329,0.6798455,0.91570497,1.1508234,1.2756957,1.1354897,0.82809234,0.7388384,0.8991005,1.1929928,1.0494655,1.0573152,0.9059016,0.9981812,0.9198197,1.0942998,0.8943427,1.0422382,0.87375,1.0749944,1.1256913,1.1425027,0.9472909,1.142023,0.97483534,1.0097013,1.0526937,0.8363379,0.46516657,0.86098176,1.1109438,0.94909227,0.94577336,0.9341042,0.9887615,1.2086446,1.0490315,1.1365781,1.0016689,1.1679435,0.87585807,0.60454285,1.1600367,0.91225433,1.1350511,0.9495514,1.2088192,1.1398337,1.2461216,1.045618,0.86513686,1.0629427,1.0652277,1.0641009,1.1493951,0.9695368,0.94700277,0.71447444,0.8839981,0.99875563,1.1670955,1.1182083,1.1223624,0.7459507,1.2219468,0.83500487,0.9238517,0.88829875,1.2329154,1.027655,1.192798,1.0952051,1.0839096,1.1497221,0.88721776,0.96938205,0.59771955,0.80287945,0.92219776,0.70640635
bib,1.0172211,1.0413343,1.1553881,0.8315219,1.0879829,1.0233009,1.1828747,1.0533679,0.64937365,1.2544771,1.1742847,0.0,0.5080018,1.1592425,0.9721616,1.3914762,1.0294293,1.1757658,1.3226566,1.2676852,1.2016736,1.0984907,1.0114661,1.132874,1.06295,0.80524945,0.9261942,1.2143807,0.90489876,1.2546215,1.0723635,0.9858894,1.1780845,1.1541303,0.95846146,0.87633014,0.6334355,1.0983802,0.9588794,1.0139741,0.7328547,1.2010683,0.84015405,1.0829821,1.2289951,1.0685301,1.0165892,0.7765053,0.70906794,1.0399072,1.1275971,1.2699677,0.9008332,0.8549249,1.1776519,1.2467399,1.3371971,0.60992634,1.0481331,1.1549609,0.946055,1.2087706,1.1541052,1.0150774,0.40390652,0.7769564,0.48241132,1.3974746,0.9581603,1.2429322,0.93714845,0.92062426,1.0566355,0.9544405,1.0953922,1.2228892,1.0604715,0.88775414,1.2651936,1.1255223,0.7151191,1.0245252,0.8764669,1.110141,1.1384103,0.9169109,1.0834339,0.56119466,0.8290788,1.1389171,0.95934045,1.1143353,1.1700939,1.0520029,0.87724733,1.0373861,1.0273877,0.5189235,0.9309272,1.1967903,0.83199507,1.0792241,1.0048995,1.3484056,1.260737,1.2887379,1.0242891
blanket,0.95974374,1.1873274,1.3333733,0.8467786,1.1457677,1.2398243,1.0650531,0.969458,0.37906253,1.3039529,1.0554135,0.5080018,0.0,0.87874293,0.9832456,1.4359717,1.0837768,0.929071,1.207362,1.2872126,1.1523626,1.0040394,1.1500056,0.9026933,1.1665955,1.057709,0.55681735,1.324456,0.70309514,1.3163195,0.96919006,0.95732266,1.1656581,1.2878121,0.8640467,0.86205554,0.7565813,1.2626693,0.8869343,1.2173028,0.93246734,1.276184,0.88956857,1.213258,1.33045,0.9374401,1.2451097,0.8868977,0.9361769,1.0513192,1.0955558,1.3453214,0.7411254,0.6770996,1.2037753,1.1133523,1.394073,0.5223598,0.8328523,1.323477,1.0303525,1.3758869,1.3224313,1.2592885,0.36061317,0.6991067,0.6895918,1.3393623,1.1265206,1.2058377,0.80514157,0.9366604,1.0181938,1.0457582,1.0870951,1.3236301,0.85911065,0.72699904,1.3805032,0.9304655,0.6571626,0.95633936,0.7678641,1.0283595,1.1250274,0.68026584,1.184121,0.4407233,0.8633424,1.3042487,0.79059774,1.2689345,1.04475,0.91343814,0.69767964,1.0807998,1.3085859,0.7219505,0.93814725,1.0783675,0.7170496,0.9745752,0.82407475,1.2571557,1.1518676,1.3473747,0.96491534
boat,0.8626425,1.324332,1.3041894,0.9067794,1.1262696,1.3886535,1.0443016,0.7806047,0.74719554,1.2143888,0.7241152,1.1592425,0.87874293,0.0,0.97190094,1.2367525,1.0284708,0.8068896,0.90326273,1.1776236,1.0863839,0.6757037,0.9707573,0.83685195,1.2242898,1.1073788,0.74955165,1.3447948,0.7902076,1.265142,0.74755687,1.0122743,0.74327445,1.2391979,0.96695405,0.87281907,1.1875458,1.0282382,0.8411019,1.3946866,1.1710582,1.1105342,1.1815509,1.3959215,1.3935764,0.57513297,1.3330172,1.0068662,1.1610626,1.3458954,1.0492376,1.168849,0.6233761,0.9460906,1.2027414,0.8956201,1.257862,1.0178022,0.6926867,1.3453426,1.3547772,1.2322983,1.3140953,1.2331171,1.0316346,1.0419447,1.0737437,1.0001589,1.2124423,0.8868402,1.1490772,1.1562912,0.8661143,1.066741,0.9619527,1.2450738,0.95616585,0.73140216,1.1503308,1.0479255,1.0201157,1.0429022,1.036751,0.79052454,1.0320029,0.6497585,1.3620458,1.0356559,0.88046885,1.2460951,0.55396146,1.2491851,0.7506844,0.5382355,0.60254717,1.0541162,1.4265211,0.9900823,1.2056786,0.865196,0.7165909,0.6888635,0.6267844,0.74058235,0.77287406,1.3486135,0.8606492
book,1.1330148,1.0654594,0.968871,1.0068407,0.9034948,0.90608495,0.6230405,0.998628,1.0370424,0.7824397,0.8258073,0.9721616,0.9832456,0.97190094,0.0,0.7443508,1.0207803,0.56266016,0.78954184,0.70924926,0.6755738,0.9327713,1.183533,0.8902375,0.84241736,1.0074841,0.8913502,0.8604109,0.970914,0.7400923,1.2791216,1.0436794,1.2150602,0.7225822,1.0164689,0.7699077,1.1533171,1.0400083,1.2424946,0.9239422,0.92892474,1.0257266,0.8154604,0.9432637,0.91661835,1.3056856,0.969256,1.2186737,1.0450515,0.9150642,0.92731076,1.1113636,1.2447009,1.1891987,0.61157453,0.8011081,0.87856585,1.0847979,1.1499202,1.0235808,0.818411,0.9709872,0.98538494,1.2164512,1.1186919,1.299875,0.92310315,0.63570696,0.659474,1.1267419,0.64616895,1.0742382,1.1404545,0.9932739,1.2354128,1.0016454,0.7768483,0.9675234,0.9959243,0.8241306,1.2175211,0.9588747,1.2731187,1.2015978,0.6549115,1.0668333,0.8619987,1.0451703,1.1590482,0.9836672,1.1657399,0.97035927,1.0761653,1.3201563,1.151688,0.8674525,1.0152744,1.0733002,0.7360002,0.75200415,1.0393618,1.2544115,1.1792423,0.8523839,1.0394788,0.82500917,0.8393549
bottle,1.1885597,0.8788078,0.7549534,1.2255336,0.8008933,0.617079,0.799797,1.1267619,1.4497037,0.23492491,0.8964125,1.3914762,1.4359717,1.2367525,0.7443508,0.0,1.0751475,0.9760733,0.8181505,0.47676194,0.58797413,1.0991821,1.1144668,1.0654793,0.75660884,1.0098538,1.2294365,0.3356551,1.3029766,0.19406074,1.1958127,1.1702322,1.078786,0.52966714,1.1000649,1.1474818,1.1957662,0.98634946,1.2962899,0.6042334,0.96441126,0.70861006,0.9383952,0.5214834,0.38357723,1.2518367,0.75364846,1.3086987,1.3686421,0.570793,0.93464243,0.6312763,1.3823173,1.2317212,0.559929,0.8279894,0.1764335,1.4123559,1.2357047,0.44033957,0.7250144,0.51426136,0.74951476,1.1031039,1.4325274,1.2553952,1.3170863,0.4237092,0.676324,0.9559782,0.6822947,1.1360027,1.1587472,1.1127447,1.016428,0.7697766,1.0424194,1.2933772,0.6552174,1.0106145,1.3077276,1.1360338,1.2827563,1.187657,0.8043101,1.4227941,0.70051384,1.3714623,1.3496101,0.72960395,1.3745706,0.8587643,1.0685225,1.335906,1.4248478,0.9797938,0.7855736,1.3499758,0.8076033,0.8560159,1.3657894,1.2261419,1.2608161,0.7650914,1.0108904,0.3222285,1.0888463
bowl,1.0147219,1.2181811,0.6441238,0.9642522,1.003566,0.9699929,0.9486948,0.94502354,1.1084253,1.1870664,1.1896689,1.0294293,1.0837768,1.0284708,1.0207803,1.0751475,0.0,0.98158723,1.037441,0.53034717,1.2018099,1.0394405,1.0580236,1.1887633,0.9939201,1.0473928,1.077565,1.2061937,1.0630424,0.88823646,0.9935795,0.7151929,1.0196484,1.124645,1.2113509,0.946798,1.1846726,1.0517743,0.9672129,1.2480643,1.1308239,0.8802648,1.0702777,1.2453275,1.246977,0.9863436,0.8745062,1.0310607,0.85945106,1.224098,0.9407359,1.1704894,0.9363848,1.21171,1.1301254,1.2596767,1.1375191,1.1195514,1.1752121,1.1584692,1.2590039,1.1679447,0.69831955,1.060744,1.0559309,1.2238078,0.9365068,1.1037747,1.1665859,1.0652019,1.189956,0.82829154,0.7532456,0.044599473,1.0350597,0.7542519,1.1353726,0.98560727,1.0666096,0.95234513,1.2136836,1.0568846,1.2311316,1.066406,1.102464,0.95260644,1.2280601,1.1013488,0.35145795,0.9652518,1.0472331,0.5790513,1.2153574,0.919521,0.87083983,0.5316638,1.2364029,0.90604347,1.1201532,1.0804538,0.721587,0.92363733,1.0463053,1.1569864,1.0975803,1.2224668,1.0159646
box,1.1206509,1.2276483,1.1811045,0.97729886,1.0058639,1.2235875,0.64862305,0.7443944,0.757467,1.0926638,0.8396751,1.1757658,0.929071,0.8068896,0.56266016,0.9760733,0.98158723,0.0,0.5882687,0.7380995,0.7224073,0.969345,1.2408798,0.59194887,1.0034492,1.2506294,0.7346848,1.1941471,0.6175959,0.9564819,1.0628318,0.8869907,1.1523366,1.057951,0.70201087,0.56569093,1.1206079,1.1668591,1.168531,1.2165087,1.2110124,1.1120583,1.014144,1.217464,1.2455734,1.136831,1.2184192,1.2300727,1.2088523,1.2076669,0.9948905,1.2110633,1.0308111,1.1169844,0.91260016,0.7036456,1.1489842,1.0675994,0.85664356,1.2659391,0.92189586,1.2418629,1.2100117,1.2534872,1.1076846,1.1212441,0.919438,0.90019864,1.0357608,1.1518576,0.9340697,1.0019133,0.9723989,0.9899988,1.1277435,1.168015,0.6820947,0.6729573,1.1002399,0.61620104,1.117294,0.94432956,1.1133698,0.9945165,0.7406652,0.74557966,1.1286325,0.9916386,1.0131028,1.0801325,0.9984512,1.1499391,0.8683459,1.0387868,0.77501696,0.72254354,1.3029921,1.1332539,0.85670614,0.8180829,0.8550821,1.043531,0.9296043,0.8625604,0.741409,1.1518384,0.63160557
broom,1.0440104,0.9505632,1.0086634,1.0971351,1.043241,1.0777664,0.8323755,0.8972595,1.1762881,0.91254604,0.86670554,1.3226566,1.207362,0.90326273,0.78954184,0.8181505,1.037441,0.5882687,0.0,0.7456853,0.77457833,1.0662293,1.0304599,0.7832099,0.9011408,1.2063651,1.01039,0.8711403,0.88211095,0.8440821,1.0715529,0.9460501,1.0250398,0.745393,0.8194212,0.91199046,1.1259869,1.0987731,1.0624397,1.0742567,1.0936818,0.8470142,1.0761701,1.0595654,1.0219828,1.0479714,1.1342856,1.2158197,1.2519782,1.0370284,0.82136995,0.8445356,1.0674889,1.1302134,0.5539253,0.6501595,0.8740051,1.2640823,1.1513917,1.1369007,0.88047975,1.0492017,1.0354377,1.1801018,1.3010703,1.2026039,1.0883045,0.64546967,0.90529317,1.0243286,0.9259373,1.160243,0.9906065,1.0197569,1.0507218,1.0404718,0.9695187,1.0483993,0.7511442,0.7277058,1.217318,1.0166686,1.117673,0.9311751,0.6918634,1.053817,1.0368453,1.229701,1.144758,0.84155774,0.9728945,1.0173886,0.99533474,0.96114385,1.0627959,0.91709626,1.124426,1.2882786,0.87412643,1.0766116,1.2389829,0.89643306,1.1911879,0.6384459,0.46787286,0.9679593,0.82848203
bucket,1.197443,0.9618088,0.7362239,1.1375744,0.7742651,0.6416916,0.70713985,0.8691764,1.3022115,0.70006347,0.973276,1.2676852,1.2872126,1.1776236,0.70924926,0.47676194,0.53034717,0.7380995,0.7456853,0.0,0.4679538,1.1074798,1.151122,0.9646731,0.67187804,1.0911124,1.095967,0.77310467,1.0936086,0.41513133,1.2219915,0.94639605,1.143358,0.6990787,1.0886467,0.94551134,1.1819518,1.0969956,1.2795659,0.9068913,0.87216866,0.8205898,0.9188201,0.8508488,0.75608563,1.3207401,0.80570173,1.2594922,1.2680855,0.7426082,0.81115717,0.9280851,1.3180215,1.3213323,0.7218832,0.91523,0.6965703,1.3361428,1.2093005,0.8832231,0.76275414,0.86890537,0.78492135,1.2358826,1.3538054,1.2687927,1.2195958,0.82994866,0.7841375,1.0328269,0.79356575,1.0662055,0.9758649,0.6346536,1.099448,0.82188946,0.97043705,1.1724575,0.8870258,0.7880712,1.3208652,1.003136,1.2643195,1.2240846,0.6978204,1.1477447,0.76166564,1.2472631,0.8976723,0.79789704,1.2659982,0.7748194,1.0978101,1.332936,1.257688,0.6403794,1.009651,1.3298528,0.83214384,0.9257102,1.1666709,1.2068759,1.2423393,0.84563166,1.0134156,0.7532763,0.9592274
can,1.2220743,0.87558836,1.0066545,1.0963397,0.8788536,0.7551434,0.77209496,0.84963095,1.1515884,0.67829347,0.69316626,1.2016736,1.1523626,1.0863839,0.6755738,0.58797413,1.2018099,0.7224073,0.77457833,0.4679538,0.0,1.0156429,1.1909368,0.71320856,0.73374736,1.1235862,0.95136666,0.7901307,0.9714678,0.7179761,1.246154,1.2572212,1.1921333,0.7121521,0.82117134,0.99185526,1.0194814,1.080716,1.3025098,0.834131,0.82444507,0.9054487,0.9171731,0.77060914,0.6696937,1.2714481,0.93394923,1.2061161,1.2916843,0.6211058,0.88612485,0.84254605,1.3335245,1.0808057,0.74189836,0.58938634,0.73362595,1.1665927,0.9355126,0.9273957,0.72557354,0.9209788,1.0350769,1.1632665,1.2276185,1.0854257,1.2379907,0.89921224,0.6985503,1.1207726,0.73007834,1.1502656,1.102969,1.256013,1.0860811,1.0307294,0.875197,1.0269605,0.8782484,0.8333869,1.100959,1.0104642,0.98567194,1.0834318,0.6763084,1.0068468,0.69171774,1.0732282,1.2530732,0.9245402,1.1544895,1.0481627,0.7505028,1.2797186,1.2414991,1.1140711,0.9245607,1.400249,0.9809822,0.8794356,1.3084253,1.1378753,1.100469,0.6172179,0.85771227,0.7106042,0.8120673
car,1.1119133,1.1399678,1.0899676,0.7861583,0.9566067,1.1513901,0.9544264,0.96059895,0.92234564,1.1267998,1.0107499,1.0984907,1.0040394,0.6757037,0.9327713,1.0991821,1.0394405,0.969345,1.0662293,1.1074798,1.0156429,0.0,1.0354466,0.86871266,1.0892273,1.0955737,0.8865783,1.2193925,0.9243492,1.1596794,0.9410065,1.0346209,0.94679785,1.1414378,1.0127809,1.0418515,1.0738361,0.9622005,1.1176888,1.2326075,1.0668004,1.0408195,1.0372183,1.1756742,1.1534308,1.0094353,1.1227969,0.99509084,1.037376,1.1635325,1.0004727,1.0610765,1.0239562,1.0940535,1.1367182,0.95291,1.1656177,1.0652745,0.6237512,1.2196013,1.1812584,1.1169206,1.0874008,1.0938121,0.9934002,1.0841545,1.0034431,1.0262287,1.0871819,0.99047714,1.1198993,1.0453452,0.9260157,1.0371859,0.99970067,1.0694666,0.8726679,0.9710751,1.0408432,0.9756799,1.0973066,0.9373924,1.0923725,0.81076026,1.0282052,0.7731116,1.131501,1.0233502,1.0031514,1.060963,0.94887465,1.0679444,0.6769087,0.88120365,0.94729525,0.97826916,1.1960888,0.98900634,1.1188183,0.4857009,0.9522746,0.93784523,0.4962026,0.8264734,0.8523036,1.1792066,0.93189996
cat,0.97302747,0.87584496,1.0197055,1.0892739,1.0210149,1.0902171,1.2449307,0.998068,1.1604465,1.1385152,1.1143016,1.0114661,1.1500056,0.9707573,1.183533,1.1144668,1.0580236,1.2408798,1.0304599,1.151122,1.1909368,1.0354466,0.0,1.1550432,1.0528725,0.99869466,1.1163149,1.0803496,1.2013351,1.1547209,0.6181146,1.0202345,0.36359954,1.0613711,1.1190422,1.1123363,0.98087776,0.75341725,0.8852544,1.0570884,0.9461628,0.92312205,0.9883369,0.99360764,0.88780975,0.92795134,1.0986568,0.7098079,0.948918,1.0557531,0.9527346,0.665354,0.9339308,1.0960412,1.067807,1.141263,1.0716956,1.0851496,1.1701168,1.0312586,1.0412073,0.88802403,1.0581914,0.69900477,1.008553,1.062203,1.0959538,1.068733,1.0252272,0.6095368,1.1565061,0.9674361,0.9829614,1.084873,0.7561068,1.0333703,1.2434361,1.2045088,0.7985994,1.1473359,0.9945663,1.0216055,0.9710754,0.9600558,1.0287216,1.1534019,1.0334852,1.1813718,1.0420756,0.95646477,1.0692046,1.0439901,1.0491643,0.88324,1.1600846,1.127762,0.9345425,1.0999321,1.0501829,1.1523389,1.1749464,1.0563684,1.144887,0.9756634,1.0334114,1.0791272,1.1017551
chair,1.204848,1.1088358,1.2030704,1.0450188,1.0687271,1.1564889,0.6057869,0.8427236,0.7159045,1.0586725,0.5059735,1.132874,0.9026933,0.83685195,0.8902375,1.0654793,1.1887633,0.59194887,0.7832099,0.9646731,0.71320856,0.86871266,1.1550432,0.0,1.0732818,1.2350894,0.67861086,1.2000489,0.25654048,1.1407169,1.1117269,1.1834445,1.1447053,1.0921224,0.73605615,0.7794228,1.0532578,1.1335741,1.1817887,1.1544392,1.1355052,1.0111274,1.1084863,1.1573634,1.1689959,1.0810645,1.1401829,1.1153677,1.165615,1.07107,1.0367867,1.164587,1.1198853,1.1131319,1.1338922,0.34960347,1.1116445,1.0084517,0.63764614,1.2106371,0.948736,1.1970897,1.2406522,1.2117672,1.014931,1.0081754,0.94646865,1.0649914,0.9676837,1.1490186,1.0083587,1.1344056,0.9328816,1.2084069,1.0973709,1.1879232,0.7126783,0.8343712,0.9986168,0.7343113,1.0153201,1.0115573,0.95054644,0.8520905,0.8275272,0.6668564,1.0737044,0.9829283,1.1541572,1.1808255,0.9515748,1.187457,0.57117003,0.95425135,0.66230756,1.0095297,1.2097259,1.0673327,1.0321548,0.79705685,1.0321566,0.9556309,0.6971602,0.6567528,0.6525304,1.1137356,0.6645235
clock,1.1056417,0.8688829,0.8644994,1.1419969,0.72838116,0.68178076,0.90343994,1.1153246,1.2343967,0.7343223,0.9950738,1.06295,1.1665955,1.2242898,0.84241736,0.75660884,0.9939201,1.0034492,0.9011408,0.67187804,0.73374736,1.0892273,1.0528725,1.0732818,0.0,0.98833805,1.1796697,0.76221406,1.2379167,0.7475041,1.2249734,1.0696291,1.1249174,0.46928263,1.0707375,1.0970114,0.9875113,1.0688456,1.2423422,0.7644181,0.9301943,1.0100911,1.0049413,0.7809893,0.79334205,1.1868013,0.82374585,1.0872976,1.1196505,0.55321234,0.94063145,0.8860843,1.2349709,1.1120371,0.6530056,0.996434,0.8172257,1.1947912,1.1273726,0.8757378,0.79045427,0.8370904,0.88036287,1.0010924,1.1809822,1.1058543,1.1327331,0.90325713,0.74894017,0.9967662,0.7589345,1.1161397,1.1263518,0.9606388,1.180487,0.93090755,0.91587746,1.2255504,0.8546589,0.8559839,1.099202,0.8830635,1.112659,1.2080033,0.67885643,1.1744871,0.63183725,1.16089,1.0783482,0.9117153,1.2166724,0.9017875,1.106393,1.3288223,1.2378935,0.8591163,0.8816236,1.1951405,0.96890295,0.99517006,1.2551963,1.2792537,1.1856443,0.9875659,1.106909,0.74422455,1.059946
corn,0.95712215,1.04771,0.89907056,1.1357392,1.0531249,0.86879766,1.1885264,1.1696103,1.02668,0.9863461,1.0267851,0.80524945,1.057709,1.1073788,1.0074841,1.0098538,1.0473928,1.2506294,1.2063651,1.0911124,1.1235862,1.0955737,0.99869466,1.2350894,0.98833805,0.0,0.9809014,0.78038245,1.1996918,0.9259765,1.124548,0.86951923,1.078896,0.9555894,1.1467394,1.0788219,1.0813389,0.91132784,1.0695804,0.8813738,0.8755544,0.8433603,0.8604144,0.8497508,0.99366444,1.0999693,0.74942935,1.078397,0.92104554,1.030469,1.0710292,1.041864,1.0056342,1.0492895,0.956087,1.1661723,0.96044916,0.92288613,1.1156596,0.79755783,0.931255,0.8718647,0.82564837,0.96991634,1.0308568,1.0228405,1.0842403,1.04503,0.8292887,1.0901469,1.0951438,0.9969727,0.9074566,1.0163555,1.1593267,0.9269515,1.0580935,0.95832634,1.0306317,1.1201025,1.0002735,1.0816705,1.0356646,1.016761,0.93401235,1.1329063,0.96694213,1.0248415,1.0548301,0.923818,0.95151573,0.92304474,1.1290877,1.1100116,1.1089578,1.0248181,0.81052566,0.94697016,1.0138562,0.9616337,0.95722234,1.0516481,1.0949165,1.1627929,1.1465207,1.0046277,1.1891475
couch,0.94579774,1.2976797,1.3587689,0.836758,1.1646451,1.2225125,1.088898,0.85368526,0.31528604,1.2315767,0.7715376,0.9261942,0.55681735,0.74955165,0.8913502,1.2294365,1.077565,0.7346848,1.01039,1.095967,0.95136666,0.8865783,1.1163149,0.67861086,1.1796697,0.9809014,0.0,1.2530361,0.67134476,1.1540252,1.0463529,0.8865553,1.1612738,1.223618,0.782426,0.8685267,0.9887473,1.1156307,0.8619409,1.2480755,1.0564147,1.1921577,0.94569534,1.2211328,1.2946396,0.9196442,1.3066461,1.0266758,1.0640081,1.1719608,1.0256567,1.3199602,0.7523829,0.9183204,1.1199371,0.8981788,1.2425109,0.82973444,0.8067372,1.3009768,0.9950525,1.2941874,1.3697679,1.2743357,0.756519,0.91295373,0.97523147,1.2191064,0.99025404,1.2119324,0.81322336,0.87431586,0.9054568,1.065975,1.090455,1.3133713,0.92487633,0.61515665,1.2637122,0.91215634,0.8999437,1.1412311,0.9205079,0.9144007,0.934478,0.64827013,1.2733407,0.7856196,0.8814523,1.3266665,0.7898259,1.3566179,0.87317014,0.85851985,0.66141415,1.0952345,1.3283176,0.9711209,1.027682,0.9459929,0.7423266,0.96090907,0.80917096,0.9835501,0.91240084,1.3493809,0.83775276
crayon,1.093226,0.8473335,0.77509594,1.3070369,0.96484745,0.52578956,0.9840194,1.1718103,1.4232891,0.24130416,0.8143329,1.2143807,1.324456,1.3447948,0.8604109,0.3356551,1.2061937,1.1941471,0.8711403,0.77310467,0.7901307,1.2193925,1.0803496,1.2000489,0.76221406,0.78038245,1.2530361,0.0,1.3168204,0.3243854,1.2643889,1.198838,1.2041595,0.4902897,1.087359,1.2428839,1.067627,1.0159003,1.2205818,0.26369977,0.80241746,0.811175,0.920047,0.24528861,0.5314965,1.2254521,0.62939376,1.2195336,1.1504371,0.5080338,1.0081687,0.69756263,1.335533,1.1198417,0.38409448,0.91760314,0.20019329,1.4025916,1.3371727,0.17806089,0.6413114,0.3438819,0.731369,0.91709566,1.3740122,1.1636357,1.3028123,0.4477489,0.45087492,1.0718936,0.5833943,1.1510837,1.2282053,1.1982725,1.1666127,0.8518581,1.0968058,1.3249896,0.8605594,1.0718801,1.1696854,1.1905463,1.2241875,1.161448,0.749059,1.4524751,0.62650347,1.359523,1.3647468,0.6394832,1.2614954,0.87876725,1.2264338,1.3790544,1.517168,1.1632559,0.5324975,1.3007314,0.8065248,1.0620704,1.4651539,1.2193,1.3598889,0.96390957,1.0588615,0.23254919,1.2089335
crib,1.0244,1.299381,1.2771568,0.91414815,1.1519637,1.3188114,0.6771935,0.75759244,0.5124159,1.2587098,0.6798455,0.90489876,0.70309514,0.7902076,0.970914,1.3029766,1.0630424,0.6175959,0.88211095,1.0936086,0.9714678,0.9243492,1.2013351,0.25654048,1.2379167,1.1996918,0.67134476,1.3168204,0.0,1.222955,1.0125414,1.0849477,1.1769228,1.2530124,0.70951265,0.66908795,0.9465705,1.1855621,0.94221306,1.2286675,1.1571555,1.1309325,1.1243645,1.2856483,1.4318097,0.9290776,1.2538825,0.9885655,1.0406411,1.2987071,1.1100336,1.3679795,0.9410878,0.96018714,1.3239788,0.5627735,1.274699,0.8774666,0.73294,1.2919579,1.0865315,1.3243091,1.2899463,1.2562914,0.83835065,0.91902506,0.70184195,1.1966805,1.1534946,1.2260727,1.0973583,1.0403748,0.86643815,1.0649304,1.0766672,1.2564114,0.8541411,0.67694026,1.1990755,0.81620324,0.871585,1.0996859,0.96796817,0.93196917,1.0287064,0.5408673,1.353112,0.87004054,0.9836388,1.276637,0.81797457,1.2170781,0.8165742,0.8314292,0.48384118,0.9803364,1.3469703,0.86013705,1.0336374,0.93524575,0.712976,0.7779368,0.69181114,0.90946436,0.7923653,1.3149483,0.71388334
cup,1.1810999,1.0411768,0.8436874,1.1937292,0.81207585,0.56678355,0.8305908,1.1079297,1.3504369,0.3415135,0.91570497,1.2546215,1.3163195,1.265142,0.7400923,0.19406074,0.88823646,0.9564819,0.8440821,0.41513133,0.7179761,1.1596794,1.1547209,1.1407169,0.7475041,0.9259765,1.1540252,0.3243854,1.222955,0.0,1.1948209,0.9820416,1.1536865,0.5972609,1.0397754,1.0592275,1.1799173,1.0583593,1.2565898,0.56104016,0.94440967,0.8512556,0.98096484,0.5169552,0.6048275,1.2210238,0.75819814,1.2535794,1.2294829,0.5762832,0.9844748,0.7945923,1.319326,1.1795635,0.573112,0.9922995,0.2620414,1.357129,1.3387313,0.44727814,0.71327746,0.5542011,0.7816391,1.1108956,1.363291,1.234161,1.2672039,0.57548815,0.6455833,1.0876215,0.59597546,1.103754,1.1732019,0.9035977,1.1201131,0.89543283,1.0992928,1.1925641,0.8832543,0.98600394,1.2423961,1.2044663,1.2845227,1.2903612,0.76410884,1.3182318,0.8136411,1.3175237,1.1656381,0.8348061,1.3280673,0.9239334,1.2634156,1.3160813,1.3101707,0.75669545,0.8538953,1.2639709,0.7794288,0.9944941,1.1897166,1.2038443,1.3285048,0.97700065,1.1142769,0.44236648,1.0546122
deer,0.8406977,1.130474,1.1322486,0.9320479,1.1152416,1.2546334,1.1793507,1.0134715,1.0283109,1.2717028,1.1508234,1.0723635,0.96919006,0.74755687,1.2791216,1.1958127,0.9935795,1.0628318,1.0715529,1.2219915,1.246154,0.9410065,0.6181146,1.1117269,1.2249734,1.124548,1.0463529,1.2643889,1.0125414,1.1948209,0.0,1.0167097,0.26812583,1.2444904,1.0628337,1.1009454,1.069026,0.82889855,0.81182307,1.2636126,1.1840806,1.0601966,1.0477728,1.2704551,1.1980431,0.7332937,1.2075841,0.83604956,1.068086,1.3008362,1.1165397,0.7376547,0.87521565,0.9471046,1.2642956,1.1247343,1.177803,1.033915,0.9442478,1.2075727,1.1760383,1.1658361,1.0951896,0.9687976,0.99623173,0.90158385,1.0606737,1.2008308,1.2795722,0.5496401,1.2835467,1.0054373,0.8822117,1.0115463,0.37057984,1.0957352,1.1567798,1.0418884,1.0325067,1.0585419,0.95289063,1.0998251,0.9557065,0.9123501,1.2570381,0.93182826,1.3473985,1.026058,0.9563249,1.0924674,1.0327163,1.104079,1.001009,0.6221378,0.93552566,1.0484818,1.2189401,1.0242833,1.1047912,1.0678352,0.9580773,0.8027795,0.8860299,1.0762658,0.9867932,1.2933723,1.034003
dish,1.0052048,1.046183,0.99097127,1.0682477,0.8813023,1.0192623,1.0519823,1.0091975,0.92667747,1.2914762,1.2756957,0.9858894,0.95732266,1.0122743,1.0436794,1.1702322,0.7151929,0.8869907,0.9460501,0.94639605,1.2572212,1.0346209,1.0202345,1.1834445,1.0696291,0.86951923,0.8865553,1.198838,1.0849477,0.9820416,1.0167097,0.0,1.0018646,1.1298673,1.0708423,0.80454254,1.1014613,0.9522077,0.9423478,1.2530189,1.0910385,1.0643866,1.060454,1.2781074,1.2362074,1.0474681,1.0049736,1.0602496,0.9836122,1.176332,0.8820542,1.1380082,0.8989169,1.0970864,1.0209491,1.2558,1.233083,0.87091064,1.0675201,1.1768525,1.0259569,1.2136729,0.88520867,1.0481145,1.0213877,1.1660542,0.95797426,1.1058482,1.1978232,0.9757314,1.1302159,0.8040093,0.9452743,0.68224615,1.135359,0.93672425,1.0264263,0.9023042,1.1172055,0.9611061,1.1350901,1.0179778,1.1274186,1.0540417,1.007876,0.98294103,1.1929758,0.9177523,0.69967127,1.1097401,0.9778132,0.97535914,1.1642436,0.9745365,0.8866582,0.6316937,1.1840708,0.9189087,0.9323667,0.98714286,0.71588975,1.0398167,1.0148643,1.2262229,1.073158,1.2826841,1.0342468
dog,0.91957164,1.0099531,1.0103294,1.0468067,0.9677528,1.1413599,1.1843858,0.9900568,1.2205205,1.1836822,1.1354897,1.1780845,1.1656581,0.74327445,1.2150602,1.078786,1.0196484,1.1523366,1.0250398,1.143358,1.1921333,0.94679785,0.36359954,1.1447053,1.1249174,1.078896,1.1612738,1.2041595,1.1769228,1.1536865,0.26812583,1.0018646,0.0,1.128326,1.1592119,1.1467458,1.1795411,0.62253994,0.9053588,1.2696273,1.0962532,0.93058956,0.96806633,1.2392749,0.9557806,0.803538,1.1141943,0.75599825,1.1534455,1.2143464,1.0062895,0.5344174,0.9063308,1.1701616,1.1480625,1.1274663,1.1075468,1.1182832,1.043861,1.1599151,1.1180481,1.0468537,1.0092876,0.83896804,1.1317787,1.1003813,1.2076272,1.0663445,1.1964352,0.2723571,1.2612755,1.0660738,0.9517401,1.0557777,0.4815851,0.9931011,1.1741529,1.1865127,0.76899576,1.1401072,1.1416482,1.0520536,1.0275607,0.9032762,1.157711,1.1199628,1.2212207,1.1829046,1.0458164,1.0172541,1.0731232,1.007047,0.9492873,0.69216144,1.0824647,1.0730761,1.1463857,1.1648169,1.0255897,1.0137429,1.0950065,0.9735689,1.0197406,0.9376806,0.9721248,1.2146082,1.0803022
doll,1.0754154,0.8935623,0.83532774,1.177252,0.9244244,0.6373721,0.9036182,1.1484523,1.3139715,0.49498284,0.82809234,1.1541303,1.2878121,1.2391979,0.7225822,0.52966714,1.124645,1.057951,0.745393,0.6990787,0.7121521,1.1414378,1.0613711,1.0921224,0.46928263,0.9555894,1.223618,0.4902897,1.2530124,0.5972609,1.2444904,1.1298673,1.128326,0.0,1.0149155,1.1653445,1.0824429,0.9714175,1.1860386,0.6686548,0.8784284,0.89106125,0.9441792,0.6681643,0.61126137,1.2204812,0.803644,1.1589383,1.2181618,0.5966316,0.9761907,0.70897746,1.2784523,1.1433357,0.37815112,0.82482463,0.55727047,1.3184403,1.2764453,0.69822234,0.7196516,0.650952,0.8456713,1.0230831,1.3167381,1.2375643,1.2342511,0.5563973,0.54772055,0.9804625,0.640993,1.1158478,1.199142,1.1080554,1.1017269,0.9530677,1.0108025,1.2650491,0.6560647,0.9425703,1.2052405,1.0788335,1.2329519,1.21973,0.57028335,1.3618478,0.6575319,1.2849514,1.2350532,0.7859521,1.2665197,0.91270775,1.1629335,1.3675756,1.3725483,1.0913265,0.83077294,1.2529867,0.9150355,1.0454714,1.4079155,1.2135209,1.3134944,0.82342476,0.995759,0.55481917,1.012646
door,1.0937783,1.1916083,1.3148019,0.83822674,1.227101,1.1831384,0.961544,0.7646369,0.6696919,1.0424521,0.7388384,0.95846146,0.8640467,0.96695405,1.0164689,1.1000649,1.2113509,0.70201087,0.8194212,1.0886467,0.82117134,1.0127809,1.1190422,0.73605615,1.0707375,1.1467394,0.782426,1.087359,0.70951265,1.0397754,1.0628337,1.0708423,1.1592119,1.0149155,0.0,0.7909565,0.8663422,1.191381,0.9853333,0.9950534,1.1962894,1.1630167,1.136612,1.0509046,1.2129788,0.904225,1.2616894,1.0111272,1.0564957,1.0292864,1.1502291,1.2031214,0.93376344,0.81304795,1.0382236,0.75035304,1.0202214,0.9381924,0.86071867,1.0802352,0.8364551,1.1230522,1.3314754,1.0646245,0.93169975,0.77150774,0.93715537,1.1309699,0.9741948,1.1842116,0.96663547,1.0874938,1.0684266,1.1811311,1.0652478,1.2922913,1.0112197,0.6273588,1.0908971,1.0299836,0.76397896,1.0832516,0.7345587,1.0874112,0.8031767,0.81207883,1.0997695,0.9370382,1.0685103,1.2176763,0.91522133,1.2955353,0.9298519,0.96524084,0.76691675,1.0760351,1.1223221,1.0114101,1.0304079,1.1854072,1.0113835,0.8727448,0.9875588,0.9461372,0.83532906,1.1127636,0.52568626
drawer,1.0933377,1.1911573,1.1391761,0.9069536,1.0426304,1.1494658,0.83146155,0.81709445,0.72836006,1.2088654,0.8991005,0.87633014,0.86205554,0.87281907,0.7699077,1.1474818,0.946798,0.56569093,0.91199046,0.94551134,0.99185526,1.0418515,1.1123363,0.7794228,1.0970114,1.0788219,0.8685267,1.2428839,0.66908795,1.0592275,1.1009454,0.80454254,1.1467458,1.1653445,0.7909565,0.0,1.0095067,1.1761004,1.0406872,1.1562793,1.063932,1.1165519,1.0031314,1.2297987,1.3133949,1.1090232,1.0939182,0.98938763,0.99091613,1.2083924,0.87580085,1.2789557,1.0223099,1.1229119,1.116157,0.8492644,1.1769601,0.883434,0.9993128,1.221782,1.1031147,1.2009256,1.094475,1.1699535,0.9291681,1.0844743,0.84268796,1.0748707,1.0500163,1.1758095,1.0188165,1.03635,1.0143093,0.93163174,1.1589859,1.1389683,0.84772116,0.76249814,1.1393723,0.81483257,0.98407185,0.89324504,1.0762393,1.1118678,0.92644185,0.7787477,1.1378284,0.8938026,0.88347983,1.1964688,0.8929427,1.1045086,1.0795383,1.0580847,0.79523885,0.83260036,1.2025104,0.9073891,0.9833963,0.94397455,0.81943566,0.99315155,0.9619039,1.0375091,1.0357219,1.2137032,0.7104665
