,alligator,apple,arm,ball,balloon,banana,basket,bathtub,bed,belt,bench,bib,bird,blanket,boat,book,bottle,bowl,box,bread,broom,bucket,butterfly,can,car,carrot,cat,chair,clock,closet,coffee,comb,cookie,couch,cracker,crayon,crib,cup,dish,dog,doll,door,drawer,dress,ear,egg,face,finger,fish,flower,foot,fork,frog,glass,glasses,glove,gum,hair,hamburger,hand,hat,horse,hose,jar,jeans,knife,ladder,lamp,leg,meat,melon,milk,mitten,motorcycle,mouth,muffin,nail,napkin,necklace,nose,orange,oven,owl,pajamas,pants,paper,pen,pencil,pillow,pizza,plant,plate,pony,pumpkin,purse,radio,refrigerator,rock,rooster,sandwich,sauce,scissors,shirt,shoe,shorts,shovel,shower,sink,slide,slipper,snow,soap,sock,soup,spoon,sprinkler,stick,strawberry,stroller,sweater,table,tape,toe,tooth,toothbrush,towel,toy,tray,truck,vacuum,watch,window
alligator,0.0,1.1429907,1.0293152,1.1772406,0.91770864,0.10851842,0.8564191,0.9881559,1.0047698,1.0787638,1.0012132,0.9377481,0.8787118,0.9061574,0.9467901,1.1140257,1.1770654,1.1109143,0.9870237,1.1211876,1.1943146,1.0960732,1.0469376,1.2759742,0.988062,1.1664968,1.0969054,1.0893542,1.0613643,1.0075488,1.0936067,0.7574342,1.015909,0.96532166,0.8570403,1.1703655,1.0174906,1.1821634,0.90574247,0.87745273,0.93964845,1.0203363,1.0098397,1.064144,1.1483266,1.1557987,0.98231727,1.221134,0.7656913,0.78247356,1.3642857,0.97250575,0.16237348,0.88746685,1.2471845,0.99184465,0.8190052,1.0738977,1.071322,1.0551374,1.1665444,0.9499664,0.610396,0.8353369,1.0631073,1.0559945,1.010903,1.0840657,1.0482217,1.2123265,0.5148517,0.8600069,0.8644587,1.0529709,1.0970936,0.8472921,1.2455314,1.0269129,1.2297028,1.0378094,1.137636,0.97263914,1.0432287,1.0374886,1.0911131,0.9621827,1.1072506,1.029791,1.0358943,0.83014846,0.7748396,1.0763067,0.88384855,0.9658767,0.8864652,1.0611233,0.95551574,1.2173216,0.85016596,0.8942429,0.9301171,0.85154295,1.1269456,0.97271824,1.2247789,1.1795015,1.1732249,1.1092803,0.85294044,1.2704117,0.98669076,1.1606065,0.99578536,0.8630134,1.0394479,0.94843024,1.0322922,1.0460434,1.1018924,1.1739612,0.9451885,1.0801699,1.2889524,1.3075755,0.8314394,1.0766413,0.86931485,0.9282437,1.1467607,1.1700968,1.2402089,1.0343816
apple,1.1429907,0.0,1.4806347,0.31434226,0.54512435,0.9177008,1.2208341,1.4516281,1.5639367,0.48756254,1.4712112,1.3551521,1.3177257,1.5337753,1.2266531,1.0383676,0.51018137,0.41815376,1.4601588,0.33347887,1.1499302,0.8303178,0.7863966,0.513678,0.91576713,0.622031,1.2280297,1.3363563,0.66041756,1.3907812,1.0626647,1.1839408,0.5782297,1.4189649,0.8978921,0.3735826,1.5707258,0.5117739,1.2791506,1.3427546,1.2672632,1.3786081,0.9705117,1.3044995,0.7364855,0.45271635,1.2146719,0.5387353,0.74931246,1.0435749,0.36271447,0.9862754,1.0099572,1.284091,0.43180513,0.8857497,0.85257274,1.1995134,1.1635052,1.1965351,0.39711136,0.92352235,1.2647203,1.0891714,1.42798,0.7045759,1.4506514,0.60219777,1.2120045,0.6153227,0.7765398,1.1749324,1.1644,1.4091223,0.8294425,0.8633423,0.39273894,1.1203268,0.55794823,1.0650369,0.23812997,1.3131709,1.1845267,1.4430424,1.2851373,1.4462354,0.5562281,0.6821482,0.6572225,1.2587287,0.9088255,0.5883519,1.0800604,1.0082856,1.2457309,0.80051005,1.3249493,0.8534615,0.9988031,1.2607883,0.81657773,1.0574962,1.3949064,1.3524156,1.143213,0.57778156,1.3690116,0.7543932,1.4556327,0.27514017,1.31404,0.46106875,1.3975706,0.8462535,0.611942,1.1782877,0.94848245,0.5936447,1.2808855,1.2896044,1.5415541,0.46129763,0.5165534,0.61480224,1.3321464,1.0638334,1.0128205,1.0982738,0.7599454,0.8372377,0.47234,1.3208787
arm,1.0293152,1.4806347,0.0,1.3582706,1.3070354,1.143085,1.1739019,0.7324525,0.46911943,1.3591572,0.54287803,0.5292784,0.7825967,0.5028179,0.87019336,1.0918059,1.4736893,1.4853582,0.7679973,1.385253,1.0485545,1.4034505,1.3620968,1.4345949,1.3316596,1.2414731,0.72198653,0.8840747,1.4186997,0.7494359,1.0829216,0.93418366,1.2217344,0.6476406,1.0284929,1.5212917,0.69843805,1.5132179,0.92149246,0.7298975,0.85826063,0.8009811,1.2105596,0.31377482,1.2077749,1.3270495,0.76382303,1.0559266,1.1206475,1.2134233,1.3256669,1.0731304,1.2346796,0.79254335,1.3722976,0.8810429,1.2241983,0.73714626,0.6498873,0.46486628,1.5636557,1.3130434,0.9277762,1.1315515,0.4129436,1.4187421,0.6780468,1.462592,0.5035182,1.2814058,1.0730767,1.057248,0.5856155,0.8071985,1.0144027,1.1348604,1.3004704,1.0376099,1.2621999,1.0184822,1.465924,0.9511303,0.72621375,0.36099732,0.5221763,0.6267308,1.4054835,1.2796906,1.3239434,0.83076614,1.3227277,1.4029078,1.1890807,0.958316,1.0047781,1.3819134,0.9026864,1.0386467,1.1999964,0.74721164,1.1110882,1.1557044,0.34541088,0.7426998,0.7858282,1.4505632,0.7382346,1.2336118,0.54413253,1.4905611,0.7134657,1.3760808,0.43849486,1.1524005,1.4314687,0.90882134,1.1914155,1.11894,1.0574577,0.3976351,0.5234145,1.4942563,1.184303,1.1973393,0.6114051,1.0762404,1.2990558,1.1160764,1.3863273,1.3370601,1.3039594,0.78392696
ball,1.1772406,0.31434226,1.3582706,0.0,0.48728156,0.92529976,1.3045835,1.4501579,1.4686464,0.76028335,1.4045136,1.0441022,1.2705199,1.4198916,1.2157576,1.0799768,0.7539545,0.6582544,1.4039876,0.5254337,1.2221004,0.8722186,0.8039447,0.76689875,1.0154469,0.7839848,1.2049778,1.3735148,0.68936837,1.4456716,1.1763368,1.2117138,0.710343,1.357027,0.8921668,0.61424416,1.5130954,0.6872989,1.2663054,1.2561512,1.0747426,1.3591161,1.0467206,1.1603091,0.68387973,0.26229262,1.0970421,0.58427495,0.8678431,1.0828047,0.5097095,1.0345767,0.95186734,1.1755738,0.60432184,0.7224721,0.8622758,1.0941083,1.0425127,1.0787412,0.44077468,0.8179704,1.1051471,1.0321538,1.2361035,0.82261646,1.4519761,0.7741295,1.2003789,0.6469005,0.8767344,1.2195464,0.9127548,1.2612159,0.73132324,0.96061254,0.6128907,1.1973786,0.6572203,0.9265566,0.446849,1.4278839,0.96229714,1.229887,1.2063308,1.3420126,0.76506245,0.8506093,0.79513854,1.2482475,0.98206764,0.6870204,1.0436126,0.9523285,1.1149274,0.84832597,1.4282107,0.9385396,0.9908764,1.2380058,0.744781,1.015663,1.2143135,1.0615829,1.1324729,0.6947928,1.355678,0.91929144,1.3310796,0.5251386,1.2840445,0.7461138,1.2970648,0.9203214,0.7727274,1.0673699,1.0132782,0.70913386,1.2493012,1.1216112,1.4225755,0.4729625,0.5971274,0.74669623,1.2478328,1.1398594,0.8635486,1.1187514,0.8590644,0.97202563,0.56680477,1.4050465
balloon,0.91770864,0.54512435,1.3070354,0.48728156,0.0,0.8016559,1.0896205,1.2117355,1.3448231,0.94393605,1.3636006,1.0520604,1.0621825,1.2444988,1.0889187,1.07947,0.7290904,0.65849805,1.3333758,0.715075,1.2040805,0.8378559,0.895676,0.97795165,0.9429936,0.9835654,1.1755091,1.3535569,0.68255484,1.2654206,1.0497276,1.0383707,0.92767423,1.2934009,0.85600173,0.7696271,1.3229556,0.6800342,1.0960186,1.0916687,1.0119821,1.2702997,1.0912192,1.2114127,0.86859196,0.5383769,1.0888236,0.90213925,0.84841955,0.8248264,0.8998623,0.96910393,0.79291725,1.0709249,0.7975639,0.9156175,0.76414156,1.0810528,1.2037457,1.1823908,0.5047977,0.8715297,1.0519732,0.8214146,1.2174637,0.86042,1.322191,0.7627125,1.190208,1.0266056,0.7881365,0.9602946,0.96301836,1.2910426,0.9825201,0.81270945,0.72689426,1.157259,0.84320176,0.9747649,0.59618604,1.2853382,1.035077,1.2475601,1.2579826,1.2111471,0.85076576,0.8879134,0.8301585,1.0544972,0.9255336,0.72291446,0.9466206,0.9429429,1.1289598,0.90572137,1.2454813,1.1428943,1.0252677,1.1436222,0.84947073,0.90697557,1.2632682,1.1522863,1.2495205,0.80058616,1.2519737,0.98536015,1.0973659,0.7537849,1.1961257,0.70993215,1.3118768,0.8005174,0.73179394,0.99273264,1.0408171,0.9476365,1.218443,1.2207874,1.24843,0.6113234,0.9221789,0.85206014,1.0283556,1.1318057,0.6757425,1.0025772,0.87281215,1.0257351,0.8712536,1.2184691
banana,0.10851842,0.9177008,1.143085,0.92529976,0.8016559,0.0,0.92974925,1.1252842,1.1767035,1.0050051,1.1034636,0.9719022,0.9759253,1.0770224,0.9808276,1.1490355,1.1068369,1.0056701,1.0971819,0.9534891,1.2042794,1.0249588,0.9861357,1.1275163,1.0277523,1.0189347,1.1851408,1.1774231,1.0204872,1.1460334,1.1652561,0.8019736,0.9296048,1.0741656,0.80624276,1.051304,1.161519,1.1027037,1.0036618,1.0206012,0.9896209,1.129275,1.0379143,1.0932205,1.0209908,1.0238937,1.0172107,1.0495051,0.7616118,0.83762604,1.1547325,0.9849423,0.19843447,0.9486665,1.1190588,0.92387193,0.8038057,1.1122142,1.0522751,1.0273091,1.0300616,0.91951483,0.6489279,0.8513973,1.1083453,1.0580183,1.1479483,1.0784966,1.0861255,1.0205657,0.37160897,0.9277645,0.8664507,1.1067774,0.9748016,0.8373735,1.1515625,1.0852244,1.0960915,1.0354409,0.94680953,1.1179353,1.0689166,1.086139,1.1255434,1.0882717,1.0771351,1.0160013,1.03401,0.93416905,0.7966317,0.99738884,0.9524802,0.9504472,0.9635251,1.0276449,1.0638994,1.1576706,0.9226123,0.960575,0.83564633,0.878814,1.1736963,0.9963615,1.2117264,1.0587553,1.2431377,1.0739862,0.9538158,1.1153189,1.0931827,1.0893861,1.065218,0.8106358,0.93601125,0.97239727,1.0878856,0.95498925,1.1663798,1.1873188,1.0862601,0.8793411,1.1438427,1.2065946,0.9035827,1.1301606,0.82982194,0.97874814,1.1279178,1.1716439,1.0887445,1.1524327
basket,0.8564191,1.2208341,1.1739019,1.3045835,1.0896205,0.92974925,0.0,0.9267206,0.91674423,1.1964386,0.90927255,1.0001646,0.8394958,0.83062553,0.7228192,0.7834548,1.090044,0.94446397,0.5694473,0.9807228,0.7961163,0.671425,0.98129994,1.0721675,0.8750936,1.1807975,1.1588585,0.77368546,1.0380882,0.87686175,0.70666987,0.78052914,1.0900126,0.91991657,0.9462199,1.1268508,0.57026565,0.9630308,0.76516676,0.9810936,0.9082465,1.0058461,0.7870993,1.1824971,1.246721,1.2308806,1.1664999,1.3142507,1.1457486,0.7617414,1.3335011,0.8545357,0.84902596,0.9533167,1.2833557,1.1627089,0.8395209,1.2327815,1.0493568,1.1744688,1.1143565,1.0215024,0.8983839,0.7631471,1.135292,0.9686442,0.87786645,1.0910856,1.151184,1.1631006,1.0228176,0.82379925,1.1081605,1.0328869,1.2010254,0.84289587,1.2619988,1.0116106,1.2718616,1.1388912,1.0935777,0.8162055,1.1123805,1.0418309,1.2120783,0.7767911,1.0975063,1.0698936,0.88312304,0.7894261,0.85251653,0.73359364,0.9629134,0.8712445,0.60891706,0.7214147,0.8818251,1.2405183,1.0170215,0.9691961,1.0678749,0.84026945,1.2637223,0.97622466,1.2539124,1.0902808,1.0674112,0.95634514,0.87098277,1.2054291,1.0388618,1.2245611,1.0211354,0.9129294,0.9126044,1.0362966,0.95545095,0.9525638,0.93266815,1.2487283,0.8032366,0.9981043,1.318141,1.2659698,1.0303885,1.016791,0.8061231,0.39054245,0.905953,1.0067255,1.2847636,0.9910819
bathtub,0.9881559,1.4516281,0.7324525,1.4501579,1.2117355,1.1252842,0.9267206,0.0,0.48948693,1.2189502,0.6128238,0.8608266,0.8616165,0.6573755,0.6345308,0.9326768,1.365794,1.2287322,0.6368904,1.4347961,0.8402934,1.0989394,1.1695107,1.2262341,1.0612532,1.2182156,0.70176464,0.6782948,1.3436153,0.7717719,0.9339525,0.86015946,1.1990833,0.70395017,1.1702596,1.3314795,0.56453377,1.3242297,0.7041209,0.9362743,0.9757248,0.61811393,0.6456245,0.87551403,1.2462711,1.3335638,0.9711084,1.2820358,1.0772594,1.0974791,1.359968,0.9875215,1.0794873,0.8587845,1.3298204,1.2720633,1.171812,0.97492737,0.9148306,0.9654439,1.4825954,1.1718302,0.9054686,0.99682045,0.8115605,1.2337966,0.70689464,1.0964746,0.9032309,1.241869,1.1297141,0.8415491,1.0113786,0.91352314,1.1654229,1.167129,1.3007534,0.9765428,1.2776253,1.0660793,1.3800375,0.70379066,0.9188971,0.83205724,0.8419705,0.5560136,1.2199767,1.158483,1.2376258,0.8468331,1.2103714,1.1686299,1.0494672,1.0271393,1.0607356,1.0556805,0.6685263,0.96824485,1.1116925,0.9578445,1.06811,0.98526436,0.80024177,0.95951587,0.9296651,1.3509371,0.53344184,0.78094745,0.55683315,1.4110955,0.5661967,1.2526729,0.77645475,1.0960091,1.2868044,0.8861906,1.0899105,1.2910422,1.0066035,0.8396888,0.6007062,1.3223084,1.3106642,1.2667556,0.75630254,1.0385008,1.0977557,0.883647,1.2297112,1.2026386,1.3631327,0.63660806
bed,1.0047698,1.5639367,0.46911943,1.4686464,1.3448231,1.1767035,0.91674423,0.48948693,0.0,1.3834453,0.34240782,0.5537938,0.69268924,0.18955791,0.7956533,0.915854,1.474441,1.434751,0.5652956,1.485982,1.0674812,1.3568548,1.300256,1.4625356,1.1346482,1.2954953,0.6717118,0.59234786,1.4208539,0.66632426,1.0159606,1.0057676,1.3366425,0.36852407,1.2192115,1.5517465,0.30797338,1.4827987,0.83703434,0.7424196,0.70201135,0.619744,1.0409889,0.6693061,1.3005972,1.3729335,0.75502694,1.4258432,1.037577,1.1492803,1.4820497,1.1634545,1.156709,0.7919165,1.4224566,1.179017,1.2747824,0.83905756,0.72112393,0.956144,1.5649495,1.2049605,0.8702965,1.1201911,0.5149652,1.4490647,0.53907025,1.3858337,0.8892006,1.3022434,1.1782693,1.1112154,0.808102,0.66854477,1.1550442,1.2132859,1.3015338,0.9613877,1.4635398,1.0575066,1.4550437,0.71165955,0.7721621,0.48393142,0.64876723,0.5244517,1.4293298,1.3663771,1.2097454,0.76482236,1.2633662,1.3250327,1.0529833,1.044284,0.85428184,1.2165959,0.7750273,0.9617667,1.2311747,0.7527946,1.1419487,1.1949418,0.51529056,0.6921412,0.9194747,1.5632925,0.5174384,1.0950431,0.44304347,1.5244765,0.44825935,1.3642901,0.57871604,1.2369869,1.5186309,0.9337391,1.1437267,1.2688738,0.89801264,0.6463181,0.3249637,1.4700199,1.4051985,1.3270829,0.8687998,0.9920283,1.1389804,0.90711087,1.339407,1.3256911,1.4802269,0.63113403
belt,1.0787638,0.48756254,1.3591572,0.76028335,0.94393605,1.0050051,1.1964386,1.2189502,1.3834453,0.0,1.2518027,1.3628037,1.2468238,1.3282619,1.128634,0.9183094,0.5545777,0.52617717,1.2677679,0.7519828,1.0139475,0.838254,0.8096983,0.362612,0.87392783,0.67557156,1.0524911,1.0935117,0.7661356,1.2611072,1.0010408,1.0488122,0.75625145,1.2508218,1.101105,0.37834597,1.4039683,0.5740158,1.2671475,1.2865617,1.3028599,1.215282,0.79257673,1.2468822,0.9509343,0.7975732,1.2143246,0.766197,0.640331,1.1751462,0.49324584,1.0132855,1.0090005,1.2499197,0.4515127,0.93445176,1.0490077,1.2008674,1.1649573,1.1944966,0.6478467,1.0014042,1.1697282,1.1811242,1.2970456,0.64826673,1.282249,0.51771647,1.2716739,0.7987133,0.86106837,1.0917448,1.325347,1.1890339,0.98496485,1.0886571,0.5405786,0.96667874,0.64973485,1.1158,0.6504619,1.1095151,1.2176824,1.3280213,1.2708204,1.3166821,0.4636258,0.6023958,0.5861317,1.3260319,0.9224313,0.7881142,1.1297523,1.10349,1.1497165,0.7802324,1.2174594,0.7102396,0.99654645,1.2254755,1.0620308,0.9531453,1.3447738,1.1684846,1.0114231,0.5492629,1.2402654,0.5793656,1.3855679,0.3793484,1.1529094,0.43025148,1.2207723,1.009527,0.6389634,1.0133134,0.93922365,0.8418808,1.1121166,1.2702839,1.4230604,0.6748199,0.7257049,0.6502477,1.2161533,0.91986775,1.1150894,1.1241536,0.78677297,0.81813985,0.41649747,1.1482383
bench,1.0012132,1.4712112,0.54287803,1.4045136,1.3636006,1.1034636,0.90927255,0.6128238,0.34240782,1.2518027,0.0,0.7045236,0.728498,0.3906625,0.87490916,1.0056319,1.5166374,1.3981464,0.5406542,1.3998933,0.95252717,1.2822888,1.297065,1.2506566,1.1714128,1.2064823,0.7231487,0.40693843,1.5093026,0.67652225,0.9410158,0.9634776,1.2179701,0.23088175,1.1026529,1.550215,0.51094675,1.5112611,0.94838905,0.7735431,0.9153657,0.6477118,0.98525125,0.69802356,1.2978942,1.4052155,0.75998694,1.3579229,1.0116119,1.2555017,1.3260977,1.1949776,1.231251,0.7306706,1.4419501,1.0263089,1.3600566,0.8078791,0.7787461,0.8889178,1.5357128,1.3039942,0.69793046,1.1630993,0.53934956,1.4338007,0.46759093,1.490047,0.8573545,1.1352,1.1548617,1.1318471,0.7601091,0.56473637,1.1622796,1.1469512,1.3418673,1.057471,1.4760536,1.109052,1.4296107,0.75212586,0.8126259,0.55978894,0.51196384,0.6670552,1.4739621,1.4211206,1.2351165,0.8678439,1.3561152,1.313942,1.1458709,0.9587664,0.85291094,1.1461885,0.8088767,0.77529776,1.2344038,0.7546227,1.0500497,1.2660911,0.5075623,0.591566,0.71991104,1.4914196,0.6726383,0.9181177,0.6286176,1.502836,0.59442073,1.44261,0.5656276,1.2400439,1.4887531,0.8855644,1.155129,1.0958873,0.840822,0.618037,0.45998156,1.3787283,1.4005893,1.3667927,0.90350324,1.080639,1.2480233,0.89737463,1.3100514,1.2766206,1.4291923,0.6988727
bib,0.9377481,1.3551521,0.5292784,1.0441022,1.0520604,0.9719022,1.0001646,0.8608266,0.5537938,1.3628037,0.7045236,0.0,0.74685216,0.4383564,0.8803429,0.8193286,1.5680524,1.4759808,0.6303976,1.3519509,1.2138156,1.3408499,1.2000113,1.5048568,1.3337116,1.1000367,0.96906054,1.0711286,1.4306991,1.0630391,1.196364,0.95401347,1.2438052,0.78087664,0.8843165,1.5107188,0.6499015,1.5639386,0.7299567,0.8126332,0.52629715,1.0015136,1.1398288,0.6282601,1.0912229,1.257731,0.7657014,1.1837074,1.0745852,1.0350282,1.3000618,1.0936911,0.9139347,0.87511355,1.3944013,0.80858296,0.923628,0.75984335,0.6380354,0.6737833,1.3424528,1.1208133,0.90426224,1.0689087,0.41789806,1.5471764,0.84131026,1.619669,0.8840277,1.0929772,0.9954471,1.2305146,0.36956918,0.8504695,0.87755054,0.9536519,1.3246517,1.1588056,1.2668552,0.97387016,1.3303117,1.1223291,0.6278167,0.33189178,0.67599547,0.5203582,1.5009744,1.3839582,1.3837281,0.6108473,1.3210366,1.1506628,1.216611,0.94219023,0.76798403,1.233485,1.159869,1.1377234,1.1235144,0.7250463,0.8494185,1.0426481,0.5673413,0.45612973,0.97064805,1.5103168,0.89117694,1.3285213,0.52409095,1.4249939,0.97693795,1.4425442,0.6598686,0.98643833,1.477869,1.0051935,1.2351093,0.95589113,1.181552,0.5831644,0.39882314,1.2810144,1.2196367,1.2965723,0.7483262,1.2111603,0.7952671,0.8738847,1.3813392,1.529759,1.2839943,1.079996
bird,0.8787118,1.3177257,0.7825967,1.2705199,1.0621825,0.9759253,0.8394958,0.8616165,0.69268924,1.2468238,0.728498,0.74685216,0.0,0.5840379,0.8794627,1.0309441,1.2856493,1.2536069,0.8808386,1.1949825,1.1334898,1.2930682,1.1089411,1.3761495,1.0976269,1.0974833,0.6017675,0.9909237,1.1914049,0.9618121,1.1291149,0.81445044,1.0743103,0.86085874,0.86309457,1.2569599,0.7628442,1.2821363,0.88962567,0.43689573,0.85638446,0.93256104,1.1668124,0.92504466,1.1974871,1.1919228,0.9781581,1.3048352,0.86774206,0.97342545,1.3094631,1.0294391,0.91468024,0.7271356,1.2096593,1.158432,0.99279505,0.855525,0.924935,1.0403703,1.2132813,1.0551323,0.947817,1.1139356,0.8379118,1.1567476,0.9544067,1.2560661,1.0160474,1.1248256,0.97878426,1.107085,0.91597694,0.8486729,1.1891304,0.832387,1.1512352,1.1253078,1.21987,1.0927811,1.2408737,1.0044018,0.5412247,0.83550954,0.9518673,0.84615713,1.2097931,1.1739758,1.2361913,0.75465417,1.0646921,1.0971191,0.7672224,1.0290301,0.89659315,1.1707462,1.0011365,1.0245299,1.0435989,0.88451546,1.1284337,0.90662813,0.8866947,0.82215315,1.0712996,1.2291588,1.0290271,1.117636,0.6826668,1.2625991,0.7654665,1.204799,0.97969425,1.1171232,1.236166,0.9347105,1.0030204,1.2130002,0.9995284,0.94036597,0.63194895,1.1868374,1.2599349,1.1736442,0.8209972,1.1299275,0.9342601,0.87376094,1.2011421,1.1744158,1.2455175,0.9716651
blanket,0.9061574,1.5337753,0.5028179,1.4198916,1.2444988,1.0770224,0.83062553,0.6573755,0.18955791,1.3282619,0.3906625,0.4383564,0.5840379,0.0,0.83975554,0.96641695,1.527481,1.4419401,0.6422688,1.4306916,1.116633,1.3889645,1.2979289,1.4888995,1.1807678,1.244608,0.67476094,0.7416305,1.4354932,0.7731333,1.021866,0.9336961,1.2976302,0.48262894,1.0363342,1.5614715,0.47242737,1.5362685,0.83127797,0.6887069,0.7025008,0.77454984,1.0950706,0.7608907,1.3160802,1.3548386,0.8203283,1.4388354,0.9684249,1.084331,1.4987595,1.1023288,1.0613549,0.785239,1.4697664,0.9842564,1.0702443,0.828005,0.6516116,0.93335897,1.4928074,1.2025574,0.8361771,1.1146232,0.46971726,1.4559035,0.65822953,1.4755764,0.8934818,1.2779245,1.1090556,1.1463897,0.6360687,0.74022645,1.1386877,1.0550091,1.3559662,0.900941,1.448525,1.0970383,1.4804909,0.8534523,0.7044323,0.36163974,0.6422936,0.58909607,1.4575982,1.3726968,1.1324645,0.6147076,1.2848566,1.2058638,1.0988001,1.0065452,0.6451828,1.2124265,0.92484665,0.9333016,1.1935388,0.68303883,1.1077831,1.1587492,0.6027148,0.53550977,0.9386897,1.5429132,0.6947197,1.1520126,0.5481529,1.5469351,0.56311995,1.3827572,0.55730724,1.1364979,1.4835252,0.9243545,1.1848888,1.1352955,0.9876477,0.6651531,0.41036832,1.38663,1.4536607,1.348036,0.8239436,0.9112922,1.0926598,0.8751227,1.3160707,1.4275767,1.4894693,0.8029295
boat,0.9467901,1.2266531,0.87019336,1.2157576,1.0889187,0.9808276,0.7228192,0.6345308,0.7956533,1.128634,0.87490916,0.8803429,0.8794627,0.83975554,0.0,0.7879431,1.1350938,1.0251249,0.68914604,1.227883,0.84782183,0.91507196,1.0839775,1.2069588,0.876868,1.1549354,0.9926177,0.9939444,1.1797013,0.9980129,0.9381853,0.7355077,1.2566817,0.96922624,1.1019495,1.1558735,0.7073665,1.1093954,0.78621674,1.0466571,1.0187451,1.0191393,0.77453536,0.9343058,1.160664,1.149803,1.0252565,1.1451147,1.0281163,0.9856683,1.2663492,0.88971317,0.96279126,0.7779428,1.2866459,1.193985,0.9494567,1.0615034,0.8447678,0.97577643,1.2194341,1.081573,0.91245776,0.78157914,0.99742746,1.0780137,0.9143184,1.0972325,1.0648108,1.1608249,0.8711922,0.9228406,0.9631613,1.0151452,1.0850579,1.1136453,1.175052,1.1467153,1.2304535,1.1078036,1.1279979,0.9388785,0.9589678,0.9484072,1.0727929,0.62557346,1.1475537,1.0873826,1.1732365,0.85408175,1.0597757,0.9757168,1.1169397,1.0177515,1.0076854,0.9329092,0.9612592,1.2007964,1.2031989,1.0383353,0.9464585,0.90465564,0.991076,0.9616577,1.066646,1.1812072,0.91398126,0.8845743,0.6193826,1.2707951,0.82544446,1.1600564,0.97955155,0.93795365,1.0793499,0.85895944,1.147864,1.0974715,1.1107898,1.0085136,0.7060766,1.0689781,1.2817407,1.1410651,0.79051834,1.1612825,0.98561716,0.77008295,0.9939545,1.2327267,1.224612,0.9107822
book,1.1140257,1.0383676,1.0918059,1.0799768,1.07947,1.1490355,0.7834548,0.9326768,0.915854,0.9183094,1.0056319,0.8193286,1.0309441,0.96641695,0.7879431,0.0,0.8964902,0.84495676,0.47800058,1.0539626,0.96810186,0.89943767,0.8573164,0.9961508,0.7579544,1.0635347,1.1779178,0.9437449,1.0008842,1.2161598,0.74909854,0.97790337,1.1360865,0.96365446,1.1675173,0.8355588,0.8269369,0.921506,0.8489082,1.0971547,0.8602878,1.1949137,0.7670462,0.9889705,1.0945675,1.1322078,1.0650972,1.1644678,1.0014248,0.946882,1.068449,0.92577755,0.9473464,1.1212865,1.0141603,1.2580352,0.906682,1.1334261,1.0663171,1.0921265,1.0059042,0.90075046,1.0759828,1.0907474,0.9983191,0.922405,1.0912844,0.9964278,1.2920337,0.99057364,1.0706463,1.0573865,1.1630944,1.0119092,1.1245253,1.1215279,0.93701714,1.1141686,1.120013,1.1569071,0.8885985,0.9877516,1.124326,1.0870978,1.2255824,0.47556853,0.8510573,0.8575138,0.9071587,0.90140957,1.0035695,0.7562153,1.0758448,1.0132612,1.017408,0.8159964,1.0630885,1.1557292,1.080063,1.0543051,1.0016942,0.8017052,1.1357311,0.9991891,1.1682477,1.0625305,1.1061978,0.79272985,0.85377103,0.9257203,1.0401835,0.91776145,1.105691,1.0102332,0.94785714,0.979304,1.0862966,1.1124891,1.0888846,1.0629808,0.6613072,0.833452,1.1246198,1.0350343,0.9708352,1.1043984,0.72082055,0.5370728,0.7631774,1.1611187,1.0207776,1.1208305
bottle,1.1770654,0.51018137,1.4736893,0.7539545,0.7290904,1.1068369,1.090044,1.365794,1.474441,0.5545777,1.5166374,1.5680524,1.2856493,1.527481,1.1350938,0.8964902,0.0,0.309528,1.3710854,0.5689427,0.9839297,0.5625644,0.88229203,0.5258521,0.679109,0.9907677,1.2349569,1.2196068,0.33839315,1.168947,0.83878183,1.1488454,0.91860473,1.3393635,1.189086,0.2932499,1.4256096,0.098736525,1.2735984,1.2408893,1.3227317,1.210475,1.0649428,1.327058,0.82505596,0.61490405,1.1963084,0.9025949,0.9182767,0.8536608,0.66617584,0.9923262,1.0770576,1.218226,0.38108164,1.2602628,0.8193712,1.2546961,1.3884293,1.4332805,0.35315138,0.8962473,1.2725239,0.79951334,1.5080094,0.46730673,1.3459902,0.2934767,1.252836,1.0253361,1.04596,0.80538327,1.5702208,1.304544,1.1180452,0.9690825,0.2609089,0.9622852,0.6776324,1.1253728,0.41346133,1.0627943,1.3278679,1.5906904,1.4421104,1.3999078,0.38604325,0.5529727,0.53561115,1.3056831,0.6258213,0.6444053,0.81574285,1.1927538,1.2496123,0.7979547,1.0618196,1.0708693,1.0196339,1.213503,1.2389418,0.96358544,1.4313316,1.48326,1.2272688,0.45273864,1.2016547,0.7766205,1.3775812,0.2713642,1.1856365,0.18485725,1.3894436,1.1003665,0.49984884,1.0939445,0.8671577,1.0382867,0.9907934,1.4117184,1.4795336,0.55238485,0.72585624,0.42342603,1.2075967,0.8704108,0.92899233,1.1089134,0.50802934,0.5570246,0.54981554,1.1422373
bowl,1.1109143,0.41815376,1.4853582,0.6582544,0.65849805,1.0056701,0.94446397,1.2287322,1.434751,0.52617717,1.3981464,1.4759808,1.2536069,1.4419401,1.0251249,0.84495676,0.309528,0.0,1.3275052,0.45710242,0.9840917,0.5006767,0.88392603,0.5585965,0.70361906,0.9663379,1.204018,1.2057952,0.53554,1.2835536,0.8598976,1.1258965,0.8421606,1.2945883,1.137392,0.40446162,1.404878,0.2133199,1.1063262,1.2753999,1.3377211,1.3259124,0.99011755,1.3004223,0.9367547,0.56520367,1.2148006,0.9483785,0.77798474,0.9537148,0.67712986,0.87848043,1.0389633,1.131732,0.49756372,1.2139523,0.8770926,1.3155017,1.3595767,1.4082477,0.4900157,0.9834234,1.1411657,0.80336213,1.4967997,0.51931155,1.474268,0.40051645,1.376144,0.956316,0.8763561,0.9315244,1.4746192,1.3102272,1.0919778,0.9079694,0.37929726,1.1305592,0.7781341,1.109934,0.297284,1.0441216,1.2664505,1.5636535,1.4780623,1.2726381,0.45746207,0.6054337,0.5266372,1.2249675,0.76905423,0.30646312,0.931428,1.1085191,1.2602264,0.7601254,1.0784192,0.983348,1.0676385,1.300995,0.9922601,0.9500445,1.4476393,1.4597834,1.2747734,0.5460777,1.3123591,0.3624937,1.2649719,0.38194978,1.1276144,0.35343635,1.3875422,0.8642336,0.3808788,1.0083003,1.0138094,0.9673229,1.1837578,1.3956224,1.3509505,0.4601919,0.87625605,0.647182,1.2505264,1.05265,1.0140601,0.83330214,0.60338515,0.8846679,0.6602463,1.1828861
box,0.9870237,1.4601588,0.7679973,1.4039876,1.3333758,1.0971819,0.5694473,0.6368904,0.5652956,1.2677679,0.5406542,0.6303976,0.8808386,0.6422688,0.68914604,0.47800058,1.3710854,1.3275052,0.0,1.4224243,0.8849586,0.9275804,1.1047628,1.191139,1.0986443,1.1946282,1.0888549,0.62555337,1.3893013,0.83260167,0.67921066,0.9504243,1.2783736,0.6304139,1.105828,1.4613692,0.38278723,1.3508658,0.6286055,0.8945145,0.71113,0.7912297,0.7414679,0.86858064,1.3001211,1.4402117,0.8917121,1.3944638,1.2480769,1.0080329,1.4139369,1.0975835,1.009182,0.87390476,1.4909592,1.1142751,1.0988818,0.97776103,0.83523464,0.9001105,1.4841347,1.1197634,0.85207164,0.8757999,0.7101172,1.4214474,0.62624896,1.4064572,1.037046,1.133719,1.1511178,0.89513344,0.8256713,0.69871235,1.1337326,1.0692799,1.4201359,1.0673022,1.4930227,1.1051358,1.3592496,0.65214145,1.0051157,0.7226758,0.8403421,0.36605215,1.4096589,1.3180814,1.3273263,0.71337247,1.2085646,1.1216434,1.1516587,0.86698306,0.71999276,0.9308938,0.76745903,1.200157,1.0832193,0.8016142,0.9438688,1.0314019,0.8454179,0.7013757,0.96977293,1.457872,0.7647423,1.0700669,0.5967308,1.4621923,0.9673159,1.4360745,0.795995,1.0383581,1.3738765,0.8625233,1.1199803,1.0197388,0.88133836,0.88579154,0.39531678,1.2716755,1.3902884,1.4246175,0.9183991,1.1309674,0.83317304,0.5886305,1.1893885,1.2629213,1.4141178,0.8907357
bread,1.1211876,0.33347887,1.385253,0.5254337,0.715075,0.9534891,0.9807228,1.4347961,1.485982,0.7519828,1.3998933,1.3519509,1.1949825,1.4306916,1.227883,1.0539626,0.5689427,0.45710242,1.4224243,0.0,1.1686298,0.79435134,0.8581991,0.65289396,0.85287744,0.84344935,1.1627758,1.2566172,0.58570755,1.3220958,0.9652908,1.1323813,0.44443667,1.3471029,0.8198677,0.52246815,1.4495664,0.5179041,1.2189091,1.1997105,1.2259972,1.3458953,1.0397382,1.2076088,0.80552715,0.507372,1.1995461,0.71510184,0.84026086,0.9523173,0.5979862,0.97826326,1.0318496,1.2398077,0.5924948,0.97109616,0.7968787,1.227346,1.1838708,1.2294499,0.50345755,0.9154821,1.2877878,0.99733394,1.3963522,0.6671108,1.418744,0.6586709,1.1590822,0.6969873,0.8919681,1.0164257,1.2449274,1.3862677,0.99893373,0.6085483,0.5949179,1.0995547,0.69560504,1.071837,0.33836257,1.2415195,1.1402767,1.3975148,1.3138151,1.3738134,0.64299244,0.761083,0.5453139,1.125464,0.83559126,0.5030481,0.9519029,1.0850801,1.1714296,0.75165236,1.2281913,0.8637342,0.93069845,1.2169003,0.91541964,1.0789628,1.3473516,1.3571277,1.244391,0.6227536,1.323636,0.78589696,1.4067125,0.46950626,1.2243688,0.6080484,1.3186003,0.8403193,0.58776486,1.219005,0.9131063,0.7946612,1.2040449,1.2716215,1.4404643,0.5888728,0.6642456,0.72404355,1.3596911,1.0089575,1.0100181,0.9006679,0.7475141,0.8668977,0.67229337,1.2910997
broom,1.1943146,1.1499302,1.0485545,1.2221004,1.2040805,1.2042794,0.7961163,0.8402934,1.0674812,1.0139475,0.95252717,1.2138156,1.1334898,1.116633,0.84782183,0.96810186,0.9839297,0.9840917,0.8849586,1.1686298,0.0,0.6873442,0.935369,0.7030749,1.0125436,0.9442599,1.013136,0.6640206,1.1706332,0.75526106,0.81090355,0.99217135,1.2129502,0.9618572,1.1759905,0.9683752,0.7676016,0.9177024,0.99309796,1.1231251,1.1113454,0.9072579,0.8108338,1.0646735,1.0347369,1.1663849,1.1799296,0.9949368,1.2470511,1.022981,0.96011776,0.88226604,1.2754601,1.0060432,1.0990391,1.0229578,1.1990293,1.0757289,1.042061,0.9945357,1.1168272,1.1201978,0.99448097,0.9530214,1.0556998,0.85405385,0.7837829,0.9935938,0.98014003,0.9472391,1.1325657,0.85498273,1.1403074,1.0055894,1.0769931,1.1915625,1.1469842,0.7976886,0.92777663,1.0096313,1.1539851,0.8127318,1.1846188,1.0024279,0.9778189,1.0128465,0.897632,0.8525435,0.96428823,1.0836151,1.0103525,1.0214365,1.0816445,1.0135317,1.0165668,0.97930616,0.7519251,1.0271443,1.0062387,1.1195267,1.1018497,1.0224996,1.0559967,1.0860698,0.7316735,0.852117,0.917774,0.87369704,0.98694247,1.097633,1.035295,1.0918822,0.98030585,1.0447396,0.8583144,0.92794305,0.93719256,1.0734313,0.8258334,0.99935883,1.0707256,1.037015,1.0955594,0.8923903,0.9261453,0.83159924,1.1498065,1.0088918,0.894939,0.7684038,1.108969,0.8004739
bucket,1.0960732,0.8303178,1.4034505,0.8722186,0.8378559,1.0249588,0.671425,1.0989394,1.3568548,0.838254,1.2822888,1.3408499,1.2930682,1.3889645,0.91507196,0.89943767,0.5625644,0.5006767,0.9275804,0.79435134,0.6873442,0.0,0.7904378,0.4850564,0.82342654,1.0701185,1.3113027,0.8544422,0.75099677,1.0901724,0.5970676,1.101899,1.0135732,1.182969,1.1956913,0.7725002,1.0773232,0.33059084,1.0881815,1.2290062,1.1634293,1.1458185,0.86617565,1.2742646,0.9687932,0.81551874,1.2428709,1.0407678,1.135014,0.8924423,0.90616596,1.0350366,0.9932708,1.1595141,0.96133333,1.0126956,0.9405618,1.3129442,1.2906377,1.2704885,0.70107853,0.915797,0.99841034,0.4857092,1.3162582,0.72219175,1.2131649,0.655686,1.273781,0.9784799,1.0252712,0.5520374,1.2863036,1.1732767,1.1403744,1.0545735,0.9476442,0.9457984,0.9829962,1.1020792,0.74688995,0.82485545,1.3752801,1.3361375,1.2953651,1.1217875,0.8093418,0.8818254,0.6380699,1.1991515,0.75651443,0.6601714,0.8823745,1.0408595,0.8987559,0.7303855,0.9100453,1.0704842,0.9935881,1.1995078,1.0315694,0.95556307,1.3725016,1.1799581,1.1201165,0.6163446,1.1419507,0.73684,1.1046945,0.7939487,1.2268875,0.85378027,1.1780096,0.9957854,0.5881728,0.94281536,0.9632337,0.91478497,0.959371,1.332305,1.2941706,0.6654323,0.98934865,0.9796237,1.2082745,0.9177424,0.82667506,0.8879509,0.6955471,0.7454988,0.915344,1.0833081
butterfly,1.0469376,0.7863966,1.3620968,0.8039447,0.895676,0.9861357,0.98129994,1.1695107,1.300256,0.8096983,1.297065,1.2000113,1.1089411,1.2979289,1.0839775,0.8573164,0.88229203,0.88392603,1.1047628,0.8581991,0.935369,0.7904378,0.0,0.7516326,0.8228259,0.71920633,1.0463938,1.0626194,0.8850459,1.1574473,0.9573345,1.1206802,0.8703295,1.2942283,1.0224116,0.6821334,1.1581665,0.8444258,1.0791662,1.1987466,1.1934206,1.1523612,0.8926143,1.2039245,0.9332316,0.9879952,1.2373044,0.9170013,0.8259245,0.96499723,0.83256763,0.912764,0.81500345,1.1195472,0.87114424,0.996173,1.0195246,1.1998098,1.1174484,1.2238035,0.76204467,0.41423,1.1466808,1.0777035,1.2716529,0.7121986,1.1630929,0.8212681,1.2265269,0.66532904,0.9240924,0.99159163,1.239034,1.1155401,1.0593438,1.1267264,0.971376,0.93037945,0.86618346,1.0358605,0.78568786,1.1054128,1.2362012,1.2525434,1.2552383,1.1990515,0.8345543,0.91955394,0.85195225,1.1664542,0.8639314,0.90423363,1.0001888,1.0689011,0.9698969,0.87738943,1.0765948,0.92006826,0.861179,1.1177403,0.8351635,0.7356109,1.2766973,1.0054951,1.0478923,0.6594678,1.1290351,0.9274136,1.2772284,0.76920897,1.0849519,0.9386587,1.3047509,0.79913867,0.71623677,1.0020639,0.97453535,0.9763805,1.0576514,1.1975387,1.2825987,0.6803957,0.93193674,0.9731703,1.2453632,0.9474133,0.8739472,0.9993916,0.7900282,0.8305128,0.86113775,1.0938548
can,1.2759742,0.513678,1.4345949,0.76689875,0.97795165,1.1275163,1.0721675,1.2262341,1.4625356,0.362612,1.2506566,1.5048568,1.3761495,1.4888995,1.2069588,0.9961508,0.5258521,0.5585965,1.191139,0.65289396,0.7030749,0.4850564,0.7516326,0.0,0.8834227,0.70047545,1.0416896,0.7966544,0.7399915,1.0696479,0.8136096,1.2090186,0.8108016,1.2313521,1.2467712,0.49368662,1.3438337,0.4514708,1.2911842,1.3703349,1.3390757,1.110671,0.79821944,1.2460798,0.91331685,0.8119793,1.2942469,0.75338614,0.91225326,1.1562705,0.40120625,1.0397755,1.2007465,1.3690519,0.58151543,0.92025805,1.1396523,1.2195817,1.2511367,1.2496731,0.5827285,0.91771424,1.1483164,1.034281,1.3061426,0.62122476,1.2537276,0.55340415,1.227261,0.64748,0.968087,0.88038194,1.4217155,1.1575158,1.1109493,1.1327829,0.74615866,0.7293395,0.59106696,1.1337729,0.68431246,0.9466655,1.3274683,1.3610525,1.176375,1.3839338,0.5948636,0.770151,0.5261271,1.4397945,0.8543879,0.8148658,1.0883383,1.0448754,1.0700368,0.7786822,1.0142246,0.6463761,0.9414041,1.3611271,1.060238,1.1085409,1.3156476,1.2619324,0.7581371,0.3176967,1.1511624,0.6432182,1.4568901,0.4630245,1.1995758,0.59617466,1.2383581,1.0455152,0.49839437,1.0959699,0.91702265,0.8348698,0.8751683,1.2034186,1.5623484,0.6671069,0.6963869,0.6857625,1.3991477,0.696279,1.154381,1.1889205,0.71406126,0.61021835,0.56334454,1.0601648
car,0.988062,0.91576713,1.3316596,1.0154469,0.9429936,1.0277523,0.8750936,1.0612532,1.1346482,0.87392783,1.1714128,1.3337116,1.0976269,1.1807678,0.876868,0.7579544,0.679109,0.70361906,1.0986443,0.85287744,1.0125436,0.82342654,0.8228259,0.8834227,0.0,1.1198105,1.1282159,0.9553617,0.6481692,1.016003,0.87626153,1.1034491,1.0803107,1.0067567,1.1879051,0.75563943,1.0336447,0.69033843,1.1510155,1.0694543,1.1430664,1.028839,0.8406469,1.2376202,0.9971295,0.95592386,1.0601069,1.1448656,0.9033571,0.8142699,1.0358207,1.0245211,0.8251111,1.0348535,0.87351644,1.2695006,1.0025824,1.137429,1.3750497,1.3515601,0.73061866,0.78750616,1.0439715,0.9749737,1.2904135,0.55111116,1.0647202,0.6790461,1.259704,1.0749469,0.99477917,0.90113217,1.4424818,0.9211367,1.2102289,1.1506037,0.8684862,1.001833,1.0445275,1.1640315,0.86197424,0.88612497,1.2909148,1.3750705,1.3193052,1.1949551,0.77614063,0.8870601,0.612893,1.1331195,0.6505975,0.82981247,0.804982,1.0674629,1.0385835,0.56594574,0.87052864,1.0707284,0.9905114,1.162705,1.1261197,0.8135104,1.2454057,1.2113777,1.2183406,0.714011,1.083018,0.6939099,1.2251623,0.84700584,1.0196571,0.77734554,1.3023199,1.0538162,0.6816855,1.0196621,1.0260947,1.1547172,0.7869972,1.204844,1.2240635,0.70904154,1.1087575,0.96684366,1.2721753,0.9612135,0.81061745,0.8062699,0.26054245,0.778038,0.9969687,0.81089604
carrot,1.1664968,0.622031,1.2414731,0.7839848,0.9835654,1.0189347,1.1807975,1.2182156,1.2954953,0.67557156,1.2064823,1.1000367,1.0974833,1.244608,1.1549354,1.0635347,0.9907677,0.9663379,1.1946282,0.84344935,0.9442599,1.0701185,0.71920633,0.70047545,1.1198105,0.0,1.0432695,1.2456919,1.0875188,1.1867063,1.1754364,0.9446301,0.7163297,1.2732899,0.69001603,0.63440514,1.2327303,1.054617,1.0851322,1.2558205,1.1181593,1.1705698,0.92530435,1.1725829,0.72518426,0.9979652,1.088933,0.56959975,0.8174764,1.13906,0.48423535,0.77510417,1.0917553,1.0792826,0.750923,0.83163744,0.99388075,0.972263,0.8610799,0.86987954,0.8520052,0.9756774,1.108302,1.2476513,1.2094573,0.93100077,1.1336544,0.99935603,1.1402156,0.40888977,0.87334025,1.2721815,0.987361,1.2077404,0.71841365,0.96067196,0.91207397,1.0223352,0.677402,0.96079373,0.8183894,1.2437528,1.0472484,1.1308591,1.1076138,1.1609255,0.7866464,0.8145027,1.0846543,1.142585,1.143448,0.94173896,1.2946572,1.1460745,1.1852454,1.0119616,1.2443832,0.6743822,0.917974,1.0205044,0.84227324,0.95949376,1.1425669,1.089107,0.93464786,0.84078646,1.1030835,0.9362481,1.2477651,0.7149581,1.2343628,0.90843856,1.1642442,0.8613645,0.96647006,1.1236717,0.9294809,0.7834399,1.2967086,1.1025927,1.2548599,0.82271516,0.67444193,0.7508425,1.0212191,1.0429235,1.0477496,1.2133011,1.0194899,0.9451752,0.6569346,1.1643941
cat,1.0969054,1.2280297,0.72198653,1.2049778,1.1755091,1.1851408,1.1588585,0.70176464,0.6717118,1.0524911,0.7231487,0.96906054,0.6017675,0.67476094,0.9926177,1.1779178,1.2349569,1.204018,1.0888549,1.1627758,1.013136,1.3113027,1.0463938,1.0416896,1.1282159,1.0432695,0.0,0.9052143,1.1399281,0.898294,1.1140498,0.9930449,0.98786086,0.8635626,1.0134887,1.2009971,0.9420127,1.2415452,0.9093663,0.710657,1.0058022,0.87326425,1.1763141,0.8476472,1.2286261,1.1398077,1.0344527,1.1491009,0.6597783,1.1718813,1.0752343,0.95290387,1.1887897,0.8673574,1.0099437,1.0884666,1.2245665,0.8523637,0.8572326,1.0084453,1.1813645,0.9389642,1.021151,1.2656797,0.8877411,1.1118467,1.0282643,1.0851626,0.8948132,1.061163,1.033398,1.0823817,1.0181973,0.9555917,1.1828561,0.9933021,1.0615788,0.83451414,1.0202965,0.9620874,1.2650217,1.0304123,0.5187021,0.8326092,0.8460232,0.96574783,1.1427075,1.2017069,1.0574496,1.0178252,1.0517089,1.2361958,0.91639096,1.0190696,1.0598774,1.2184348,0.95434636,0.5946188,0.97959185,1.0776067,1.0800428,1.1895409,0.7723276,0.94808805,0.68030727,1.0663897,0.8436496,0.9758086,0.9459932,1.1866937,0.46920848,1.0750321,0.9371785,1.0289645,1.1375779,0.96458006,1.1415064,1.2270787,0.9995845,0.7951616,0.908674,1.2906611,1.1574023,1.064538,0.9887692,0.83933246,1.3306746,1.1925701,1.1970868,1.236491,1.1711999,0.72824484
chair,1.0893542,1.3363563,0.8840747,1.3735148,1.3535569,1.1774231,0.77368546,0.6782948,0.59234786,1.0935117,0.40693843,1.0711286,0.9909237,0.7416305,0.9939444,0.9437449,1.2196068,1.2057952,0.62555337,1.2566172,0.6640206,0.8544422,1.0626194,0.7966544,0.9553617,1.2456919,0.9052143,0.0,1.2417786,0.64087516,0.75899553,1.1017582,1.2521214,0.38034523,1.3576307,1.3302329,0.49730742,1.1169354,1.0804588,0.92520475,1.0181166,0.6615752,0.7904208,0.879061,1.2460765,1.294298,1.0113575,1.2543819,1.1740686,1.1564689,1.1992025,1.2497768,1.2099428,1.0696459,1.3045192,1.0171072,1.3628708,1.0271065,1.0626931,1.0816987,1.264611,1.111983,0.7931889,1.0735188,0.7128426,1.0865738,0.5054921,1.1478157,0.9888992,1.0962731,1.247235,0.85669255,1.1006681,0.6034519,1.3096036,1.2708966,1.333769,0.8086394,1.2890098,1.1576235,1.3270059,0.5999462,1.1972538,0.8361219,0.73794955,0.8865384,1.2418439,1.2579978,0.8482128,1.1200936,1.094058,1.2565465,0.94636744,0.9834367,0.7534516,0.91382295,0.6649682,0.8444272,1.1289296,0.9930351,1.2100893,1.1814831,0.77185696,0.79732025,0.7134108,1.0066377,0.69212985,0.87581116,0.8568375,1.2922051,0.8469744,1.2861682,0.7409147,1.3132576,1.092838,0.9629195,1.0257587,1.1190604,0.49960035,0.7990391,0.7908277,1.2069676,1.2749825,1.2947288,1.166181,0.8282316,1.1530024,0.92689055,0.997177,0.8494832,1.2617931,0.6599599
clock,1.0613643,0.66041756,1.4186997,0.68936837,0.68255484,1.0204872,1.0380882,1.3436153,1.4208539,0.7661356,1.5093026,1.4306991,1.1914049,1.4354932,1.1797013,1.0008842,0.33839315,0.53554,1.3893013,0.58570755,1.1706332,0.75099677,0.8850459,0.7399915,0.6481692,1.0875188,1.1399281,1.2417786,0.0,1.142417,0.87543625,1.2145001,0.898098,1.3073448,1.1172217,0.51207393,1.3986367,0.3529241,1.0868874,1.1426319,1.1896453,1.1586505,1.0606455,1.2407634,0.81208956,0.5993866,1.1458548,0.99802965,0.9107702,0.79602295,0.7814486,0.9444486,0.91436803,1.1705657,0.560006,1.257766,0.83292234,1.2206495,1.3446014,1.3945448,0.38265836,0.7616621,1.0748184,0.9372444,1.3895562,0.52080816,1.3584561,0.33445197,1.2766551,1.0577383,1.0094998,0.95292515,1.4895915,1.2294409,1.1396873,0.8953119,0.52960145,1.0251577,0.7247889,1.1158092,0.56223476,1.1460487,1.116595,1.5163025,1.4608688,1.3569973,0.5833519,0.748382,0.61384255,1.2207539,0.55753386,0.67115045,0.7742493,1.0384116,1.0824971,0.7766092,1.0971439,1.0543176,0.90720916,1.219448,1.0424956,0.8133215,1.3645182,1.3968208,1.2488476,0.5190859,1.2166181,0.90641266,1.3800197,0.5280737,1.1989408,0.4850701,1.4045179,0.9626072,0.55222464,1.0016575,0.8779552,1.1216588,0.94507164,1.3582914,1.3858246,0.66653657,0.8405669,0.69151515,1.2678475,0.9432371,0.8944572,1.0048608,0.58807856,0.6565585,0.6792581,1.1511637
