,alligator,apple,arm,ball,balloon,banana,basket,bathtub,bear,bed,belt,bench,bib,bird,blanket,book,bottle,bowl,box,bread,broom,bucket,can,car,carrot,cat,chair,clock,closet,coat,coffee,comb,cookie,couch,cracker,crayon,crib,cup,dish,dog,doll,door,drawer,dress,ear,egg,eye,face,finger,firetruck,fish,flower,fork,frog,glass,glasses,glove,gum,hair,hamburger,hand,hat,horse,hose,jacket,jar,jeans,knife,ladder,lamp,meat,melon,milk,mitten,motorcycle,mouth,muffin,nail,napkin,necklace,nose,orange,oven,owl,pajamas,pants,paper,pen,pencil,pickle,pig,pillow,pizza,plant,plate,pony,potato,pumpkin,purse,radio,raisin,refrigerator,rock,rooster,sauce,scarf,scissors,shirt,shoe,shorts,shovel,shower,sink,slide,slipper,snow,soap,sock,soup,spoon,sprinkler,stroller,sweater,swing,table,tape,toe,tooth,toothbrush,towel,toy,tray,truck,vacuum,watch,window
alligator,0.0,1.0991371,1.0987427,1.1551404,0.9012004,0.96808606,0.977409,1.2292765,1.167532,1.2366068,0.59467936,1.0651438,1.2806103,0.7030062,1.1078217,1.117361,0.5969368,0.97307456,1.1963664,1.022518,0.5021546,1.1037388,0.5530863,0.8270736,1.0032257,0.8959732,1.0136764,0.6540288,1.1559197,1.1698222,0.8057278,0.87119764,1.0774851,1.1612666,0.99279714,0.6366705,1.2753099,0.81964904,1.2119122,1.1487504,1.2656813,0.9351195,0.92895687,1.1265599,1.0994846,0.96887517,0.85792506,1.259847,0.9615897,1.1120356,0.39240897,0.9843591,0.55439293,0.6935644,1.3244388,0.7080163,0.9776149,1.1762418,1.232724,1.1971952,1.241504,0.91190827,0.86071336,0.5299524,1.1455643,0.8651377,1.1498879,0.8770856,1.1047629,0.52738637,0.979102,1.1562444,1.1366671,1.3166282,1.070927,1.1383687,1.1244444,0.90076315,0.8963666,0.7403622,0.92589384,1.0196599,1.0867488,1.0216813,1.176798,1.1193556,1.1416026,0.65240073,0.65661865,0.9334236,1.2110285,0.64874935,1.124489,0.9580242,1.031593,1.0344425,0.9804996,1.2344124,1.2678413,0.64400536,0.8201629,1.2149936,0.8477581,0.8983126,1.1429249,1.1776788,0.60097957,1.2022209,1.0017389,1.1375204,0.7190772,1.2187428,0.52626055,1.1281549,0.7423823,1.0486239,0.7496481,0.9431552,1.2545893,0.8475443,0.6015918,1.3529733,1.2824036,1.0472708,1.3347259,0.849115,0.9247673,0.8993529,0.7825688,0.8286108,1.0657563,1.3089225,1.1088763,0.70114386,0.78068197,1.032559
apple,1.0991371,0.0,1.2417794,0.572757,0.5513128,0.8186393,1.2549603,1.338001,1.0013404,1.3606069,0.9827661,1.4238263,1.2682099,0.93147546,1.3988192,1.3213716,0.82236457,0.9244475,1.4171574,0.5801897,0.982864,1.100169,1.0489082,1.0238531,0.43743086,1.275251,1.4070181,0.7730036,1.1540873,1.1047798,0.8762862,0.90618277,0.72770655,1.3532534,1.0991005,0.8682749,1.3921764,0.9281716,1.1897309,1.1566213,0.94768214,1.2544241,1.242116,1.0747688,0.75742894,0.09119493,0.70760965,0.9251834,0.5986214,1.1900258,1.0170723,1.0124162,0.8620841,0.95387876,1.0718671,0.71750045,0.93472034,0.81602806,0.9984685,0.58312845,1.0589663,0.7075976,0.91288185,1.0196737,1.2917999,0.6684025,1.2703676,1.1436371,1.3545897,0.812716,1.1454961,1.0958177,1.1292685,1.1574726,1.258184,0.77412784,0.9646177,0.52682555,1.1330242,0.7208841,0.5779512,0.2178278,1.3681493,1.1630069,1.1491663,1.1766869,1.359035,0.9326073,0.9101769,0.7766328,1.0798783,0.93354625,0.9645394,1.0731771,1.0730839,0.9657607,0.13153028,0.31543863,1.2179723,0.9508784,0.5577671,1.319214,1.0910447,0.8882481,1.1015786,1.197673,0.9456785,1.16315,0.9385794,1.204304,0.6724694,1.2365606,1.1599152,1.2263802,0.67698735,1.1735084,0.8008219,1.0755341,1.1284113,0.8905307,0.95185757,1.2477427,1.214743,1.2333041,1.3024145,0.7396099,0.5403296,0.6486125,1.0262349,1.0718583,1.021049,1.2299079,1.2714438,1.1616113,0.6592903,1.2775888
arm,1.0987427,1.2417794,0.0,1.2679036,1.2714688,1.2456324,0.94442797,0.8953691,1.0135647,0.80173945,1.293406,0.7326453,0.5653043,1.205901,0.7183546,0.9478094,1.3898395,1.258574,0.8704211,1.0503695,1.1632975,1.0574163,1.1432384,1.0900061,1.0102658,0.8666675,0.74638915,1.3698229,0.883539,0.82920337,1.2467628,0.9985019,1.0664822,0.6866442,0.81763256,1.3413794,0.83643615,1.2797619,0.9600248,0.9857135,0.9483553,0.9702106,0.83464086,0.71009195,0.99314326,1.2857909,1.1848919,1.1154454,1.002428,1.0935922,1.0980132,1.1183932,1.2603915,1.2321401,0.85203516,1.3446844,0.8106819,1.04991,0.75451875,1.2292392,0.4028554,1.285083,1.1993376,1.1012067,0.5055289,1.3547554,0.5382521,1.0390097,0.8718206,1.3948936,0.86466765,0.7615476,0.8442838,0.5546819,0.84488624,1.1338872,0.9684464,1.3432778,0.84592354,1.1052912,1.3367236,1.3194288,0.74584466,0.93331605,0.5394638,0.72339875,0.71923554,1.2663884,1.2273746,1.2347863,1.0124639,1.0284654,1.0474848,1.1579894,1.1080042,1.2121874,1.1984649,0.9824598,0.7435584,1.213346,1.3792222,0.81891894,1.0704826,1.2921939,1.0170455,0.7381648,1.3545918,0.53908086,0.83689094,0.6534237,1.3787804,0.909619,1.1591567,0.78845024,1.2711579,0.9856694,1.3486332,0.77146244,1.0134662,1.2081566,1.1611099,0.9906162,0.5955983,0.8487784,0.8774699,1.3524888,1.0650547,1.1948621,1.1627406,0.89312977,1.1979696,0.9618394,0.9504928,1.0960667,1.1380363,0.79413944
ball,1.1551404,0.572757,1.2679036,0.0,0.3925885,0.69043005,1.155538,1.1414059,0.8864778,1.3082443,0.9728619,1.3580357,0.93847114,0.8858382,1.1707346,1.139861,0.90409225,0.91993874,1.1677679,0.7996454,1.0695692,0.78520876,1.0286592,1.0295583,0.889269,1.2202938,1.3919827,0.76299363,1.2460289,1.187776,0.7045905,1.001742,0.81407225,1.3305811,1.0541669,0.8338339,1.2509747,0.8334483,1.0815152,1.0719876,0.7914265,1.2716377,1.1870329,1.157607,1.0505674,0.5432254,0.9694208,0.95267123,0.9409193,1.0793393,0.9674006,0.83799005,0.97650266,0.6716007,0.98778933,0.9397988,0.7782062,0.4927929,1.2094343,0.65383744,1.1363817,0.66413224,0.89783716,0.9993439,1.2968065,0.79564947,1.3321002,0.96161145,1.2779518,0.8424709,1.0706432,0.9038599,1.0245922,0.97868,1.1111192,0.90279305,0.86287177,0.75964177,1.0030495,0.9019825,0.8703525,0.58027804,1.4114778,1.129615,1.1149795,1.3306553,1.1892068,0.90741533,0.9152526,0.65933675,0.8386748,0.8771376,0.9850492,1.0269816,0.99727726,0.88018143,0.61377156,0.716731,1.09194,0.99627256,0.7487823,1.3377645,0.95664525,0.8808677,1.0024719,1.0469599,0.88348275,1.2959652,1.1683693,1.2452366,0.82728004,1.2342777,1.1531022,1.2581452,0.91561496,1.1694635,0.80802256,1.0324787,1.054376,0.82291985,0.9916541,1.0730186,1.2853804,1.1121272,1.1685743,0.5676179,0.9385824,0.7608514,0.89753854,1.033711,0.58926797,1.1312761,1.1228951,1.2564082,0.88207483,1.290183
balloon,0.9012004,0.5513128,1.2714688,0.3925885,0.0,0.8023857,1.1276197,1.3239505,1.0818491,1.4668524,0.6530869,1.4124217,1.1936667,0.95731145,1.3819152,1.2383611,0.6509762,0.9492088,1.314571,0.7316614,0.76808417,0.8383585,0.61490136,1.0136641,0.6547852,1.3593297,1.315857,0.6516156,1.2713395,1.1759417,0.6643673,0.9335301,0.86390555,1.4234991,1.0781724,0.5764685,1.4270003,0.691929,1.1988055,1.3407278,1.1667664,1.219758,1.1276318,1.1446725,0.7692348,0.49055386,0.74557436,1.0401195,0.56743395,1.2434618,0.8723191,0.91906834,0.7455859,0.8467042,1.0455971,0.64065194,0.8105515,0.5689672,1.170475,0.82201666,1.1585996,0.5076822,0.9516946,0.86187047,1.2264881,0.7372836,1.3798549,0.96307844,1.2707698,0.5940973,1.1479281,0.9233737,1.0844498,1.181119,1.3235056,0.8522434,1.0059147,0.48298413,1.0179365,0.5154686,0.69495845,0.5227808,1.3424196,1.2258917,1.1318512,1.2749219,1.2591314,0.7681359,0.7362167,0.7456191,1.1109283,0.6983454,1.121199,1.1530728,1.1125183,1.0430298,0.54720646,0.877915,1.2670196,0.84019715,0.6470852,1.4169213,1.0515631,0.93627,1.1326864,1.0901068,0.8287488,1.3368757,0.9904033,1.3040882,0.54518425,1.3431726,0.89166486,1.2612945,0.5752771,1.2678292,0.6918378,0.8759631,1.248371,0.73269284,0.7742759,1.3542136,1.3741169,1.1202337,1.394664,0.5712359,0.5417012,0.5523692,0.74083984,0.9711369,0.86552453,1.3470442,1.2208855,1.0352261,0.5464202,1.2456914
banana,0.96808606,0.8186393,1.2456324,0.69043005,0.8023857,0.0,1.158654,1.2756307,1.0080675,1.3499393,0.9170046,1.3501933,1.2057669,0.9090977,1.2507906,1.0494965,0.86850786,0.7562718,1.1987438,0.76624274,1.0433643,1.1349981,1.0041604,0.99074715,1.0367795,1.2805102,1.3773701,0.82998514,1.2488364,1.1012052,1.0308276,1.1144023,0.7976799,1.3361135,1.0242214,0.6879769,1.3171437,0.9832676,0.988971,1.1600269,0.98375696,1.271845,1.190284,1.1059338,0.99141073,0.7979794,0.91301936,0.9380606,0.8824212,0.93103856,0.9777583,0.942653,0.7956077,0.6399132,1.1250569,0.8153268,0.9936659,0.8537189,1.210109,0.6263081,1.1978796,0.70179915,0.926597,1.0037876,1.3011307,0.923163,1.3387899,0.6606943,1.219652,0.9042952,1.0507448,0.7613748,1.1437423,1.2006824,1.0663111,0.90734667,1.0289506,0.8568714,1.0647933,0.88125634,0.88458395,0.6341272,1.3715423,1.0978789,1.2537241,1.2713828,1.1466691,0.71968454,0.7510921,0.08493078,0.9455506,0.947074,0.79952997,0.90033495,0.7341261,0.9321133,0.8336093,1.0576477,1.2266095,0.9101026,0.698666,1.3005588,0.9944626,0.8782643,0.6989565,1.166918,0.6549948,1.2612584,1.0537173,1.1164272,0.7500684,1.2654514,1.0549242,1.2362318,0.8014333,1.2492827,0.6717275,1.1957937,0.9462062,0.67285496,1.0225971,1.1373408,1.2940962,1.2024684,1.1565142,0.60594445,0.8985355,0.9048028,0.86699814,1.0791433,0.7365177,1.0267608,0.95027417,1.1703911,0.8464585,1.3038538
basket,0.977409,1.2549603,0.94442797,1.155538,1.1276197,1.158654,0.0,1.0016819,1.1591704,0.81032765,1.0479823,0.59436595,1.0220984,1.1588964,0.79955184,0.72479874,0.9991984,0.95743537,0.5466921,1.1374096,0.9593172,0.6702264,0.7481432,0.7592317,1.2175293,1.0384344,0.5885383,1.1796902,0.8933088,0.7146597,1.0502427,0.99398756,1.0586843,0.81522346,0.8070562,1.0625758,0.7581101,0.82657015,0.930419,1.0131046,0.9943679,0.8517902,0.56940943,1.2184358,1.2918184,1.3113127,1.167834,1.146773,1.3016798,0.8851794,1.0471953,0.8498559,1.07824,1.1286814,0.9460008,1.2748958,0.96983457,1.0908239,1.1684827,1.1827072,1.1759758,1.154109,1.0889013,0.8783111,1.054528,0.933272,1.0186107,0.80671304,0.76976144,1.0115371,0.9863929,0.8379112,0.7326822,1.0317067,0.9131806,1.1815431,1.0228654,1.3448997,0.73140574,1.1655483,1.3305767,1.3368793,0.6875249,0.96891814,1.0227418,1.0142114,0.8296932,0.89912504,0.96760327,1.1065115,1.0648986,0.83563524,0.9449477,0.83038414,1.0076013,1.0345496,1.3094447,1.0582103,0.59843045,0.745675,1.3097591,0.82747257,1.1477853,0.9895808,1.0304703,0.94692385,1.0169696,1.2163237,1.0033792,1.0424988,1.1571478,0.97290826,0.8079213,1.1347063,1.2149087,0.8960261,1.1418885,0.92428267,1.0016545,1.0001436,1.0997462,0.82603365,1.1015671,0.82381433,0.9856283,0.8955827,1.3409953,1.2232747,1.0058247,0.72373974,0.89870137,0.98646784,0.8841246,0.635744,1.2320414,0.8691709
bathtub,1.2292765,1.338001,0.8953691,1.1414059,1.3239505,1.2756307,1.0016819,0.0,0.8645233,0.36936426,1.2735277,0.5604006,0.6005552,1.1636455,0.5664784,0.8501735,1.4153353,1.0100833,0.54883784,1.365325,1.151093,0.8567921,1.317135,1.2435262,1.2800329,0.7397623,0.6818883,1.321593,0.774522,1.0350522,0.998805,1.0825849,1.2758706,0.5640266,1.0698093,1.4664257,0.35964954,1.2463291,0.75468224,0.8276462,0.922997,0.6843388,0.81413084,0.92329055,1.1279615,1.3984334,1.3331966,1.0221982,1.3182895,0.97849435,1.1892672,1.0462728,1.3634641,1.1508074,0.7270947,1.4084301,1.1947418,1.0893244,0.8392023,1.2951174,0.79827154,1.464834,1.2009275,1.1374407,0.6978288,1.3285973,0.6930968,1.1610067,0.7327638,1.2796947,0.9582972,0.94982624,0.92133385,0.6839777,0.9047053,1.2314186,1.0434271,1.371691,1.0642233,1.4370016,1.3246136,1.4463089,0.63953394,0.94135505,0.8291053,0.78922457,0.61402375,1.4629554,1.4331424,1.3021975,0.86875117,1.3364187,1.0647738,1.0586214,0.92404306,1.1325188,1.391545,1.0382464,0.75096536,1.3188154,1.3732042,0.54838574,0.8704531,1.262327,0.92461365,0.87735647,1.3918912,0.6596635,1.1540849,0.86199313,1.4409893,0.34927934,0.8679947,0.5482564,1.4877039,0.7536718,1.3375616,1.097822,0.7664397,1.2319385,1.1653327,0.6476046,0.57591206,0.8885664,0.42889524,1.3287562,1.3758401,1.273258,1.2194382,1.2565612,1.0513437,0.59461594,0.98097384,1.1437826,1.4835584,0.740746
bear,1.167532,1.0013404,1.0135647,0.8864778,1.0818491,1.0080675,1.1591704,0.8645233,0.0,0.8644999,1.1469597,1.0805035,0.7262141,1.0690811,0.93406755,0.90560055,1.23046,1.1203084,0.9002048,1.1258802,1.1681693,1.0817899,1.278584,1.104421,1.0243368,0.9199351,1.1696581,1.1666073,1.0147066,1.0340902,1.14444,1.0821487,1.1245958,0.97660637,1.1436198,1.1669176,0.8813063,1.2204691,0.99774265,0.8657305,0.6046455,1.053947,1.0927643,0.9627464,1.0282547,1.0254805,0.904124,0.8106408,1.1381708,0.9150561,1.1466644,1.0386024,1.2581296,0.9595453,0.9674995,1.1055495,1.1108361,1.019925,0.9133859,0.8557906,0.95842063,1.0566189,1.0236316,1.1852342,1.0495759,1.1684968,0.9397792,1.1351362,1.0624561,1.2402778,0.9855986,1.0306683,1.013794,0.8660159,0.76359636,0.9479116,0.96475524,1.1130435,1.0948812,1.1403607,1.029116,0.9546874,1.1077808,0.9100695,0.9333813,1.0280846,0.9277303,1.1658173,1.1569439,1.0580285,0.63839555,1.2329415,1.0199124,1.1232107,1.1097183,0.9107885,1.0181168,0.9231814,0.9752441,1.1845154,1.0798483,1.0181761,0.904608,0.98636013,1.0696077,1.0481149,1.1591685,0.92826277,1.1544414,1.0045856,1.1524587,0.9253629,1.2436881,0.957115,1.1611346,0.95199585,1.1044066,1.1732199,0.9910557,1.1844512,1.0711299,0.63793224,0.9700947,0.9870562,0.8162358,1.1776285,1.1162434,1.1430993,1.0338647,1.1522627,0.85435224,0.82130843,0.95236474,1.2020749,1.2159573,1.0193317
bed,1.2366068,1.3606069,0.80173945,1.3082443,1.4668524,1.3499393,0.81032765,0.36936426,0.8644999,0.0,1.2785845,0.45302874,0.53010786,1.2688231,0.32990283,0.74833405,1.4471211,1.2022636,0.53156555,1.4387633,1.2240837,1.0160822,1.3646716,1.1300484,1.2836208,0.6405866,0.50179183,1.4546618,0.7324082,0.908442,1.193073,1.107516,1.294668,0.36033142,1.0691391,1.5268216,0.1839602,1.3447285,0.85259086,0.6759926,0.77843285,0.71049726,0.8845891,0.9230455,1.1837504,1.4478371,1.2788782,0.9894793,1.4149022,0.8315633,1.1707574,1.096142,1.4901259,1.2363098,0.83810616,1.46239,1.1519674,1.2673073,0.83990633,1.3179976,0.8426106,1.46705,1.1621807,1.1880555,0.62348795,1.3864839,0.59735286,1.2002965,0.5612623,1.3597444,0.9356891,1.0240383,0.8285536,0.66257054,0.84471846,1.2378993,1.0658231,1.4488993,0.9615403,1.4962683,1.3194271,1.4982139,0.65960985,0.844729,0.67743146,0.74045426,0.69838643,1.4414604,1.4600426,1.374328,0.8731394,1.2317458,1.1398926,0.9364986,1.0648903,1.0633738,1.4203212,1.0166948,0.6223424,1.2891555,1.4463142,0.5576904,0.9129032,1.1885098,0.9244834,0.88363665,1.4333913,0.5916022,1.1799248,0.75887316,1.5532486,0.49543363,1.0893401,0.56769633,1.5362198,0.6203456,1.4304572,1.0441129,0.8762001,1.4091232,1.259713,0.4658968,0.49377126,0.884182,0.40466177,1.491029,1.4722059,1.3643142,1.3112128,1.1120237,1.0804418,0.5941749,0.89389855,1.0355703,1.5237969,0.63503295
belt,0.59467936,0.9827661,1.293406,0.9728619,0.6530869,0.9170046,1.0479823,1.2735277,1.1469597,1.2785845,0.0,1.2576188,1.3650707,0.9654194,1.3135362,1.1182379,0.33680642,0.7030738,1.1851639,1.0241959,0.68699306,1.002786,0.41788793,0.8936655,0.9759288,1.091993,1.1781759,0.52522326,1.1443917,1.2477942,0.8183522,1.0283915,1.0940317,1.2362112,1.1649489,0.4259888,1.3192897,0.58080673,1.2062424,1.2226913,1.3165778,1.1114699,1.1347455,1.1260679,0.96193016,0.8442106,0.8348137,0.99675274,0.80854094,1.0905823,0.76691556,1.0040509,0.63584197,0.9404955,1.2859674,0.41013235,1.1201365,1.0691941,1.1774032,0.97525764,1.3707672,0.59488547,0.9231942,0.8368352,1.1824424,0.713293,1.3071568,1.0012853,1.204766,0.4464615,1.1866928,1.2064342,1.1992725,1.48978,1.2184275,0.9559573,1.1516409,0.45393384,1.1503854,0.7065165,0.6915602,0.7476897,1.1824257,1.0854312,1.2692325,1.1997693,1.2748783,0.6197768,0.63804054,0.9178856,1.2570276,0.70213,1.087503,1.026886,0.95512,1.0705655,0.9520916,1.2617288,1.35306,0.6449623,0.61142874,1.2837906,0.9513155,0.9548741,1.1309674,1.1637465,0.5918413,1.2427509,1.0876033,1.1553733,0.41069973,1.2120578,0.60232264,1.1460159,0.42818362,1.124736,0.4605608,0.96832985,1.1908666,0.86105967,0.63181347,1.276655,1.266075,1.1625909,1.2528402,0.6687212,0.73066455,0.70720834,0.81767994,1.0234861,0.95627445,1.230906,1.1344872,0.8689883,0.51875913,1.1613243
bench,1.0651438,1.4238263,0.7326453,1.3580357,1.4124217,1.3501933,0.59436595,0.5604006,1.0805035,0.45302874,1.2576188,0.0,0.8166206,1.1909943,0.52714264,0.8065644,1.3266008,1.185406,0.5935415,1.2760503,1.0611871,0.93122613,1.0267794,0.936618,1.2458289,0.6737512,0.15113693,1.387064,0.67020166,0.7553806,1.0722837,1.0358824,1.2214128,0.3679304,0.86527205,1.4731128,0.43924195,1.1603392,0.94313574,0.7525636,1.0046889,0.5164167,0.5447018,0.9689062,1.2411637,1.4900974,1.3251576,1.1253053,1.379349,0.96015894,1.0775635,1.0645121,1.3135661,1.2975719,0.88877577,1.4566542,1.0395799,1.3315971,0.9749105,1.3716128,0.88516444,1.4752444,1.1601244,1.0137149,0.70078737,1.2891015,0.5997229,1.0744251,0.49585712,1.1806967,0.9609163,0.8690328,0.8742074,0.78223616,0.77277154,1.2733886,1.0278618,1.5248703,0.83737785,1.3536228,1.3480763,1.5388367,0.42506528,0.947173,0.78669757,0.6756011,0.70482874,1.3049428,1.3452411,1.3527629,1.0115993,1.0609434,1.0742185,0.8759084,1.0567704,1.0595453,1.4426382,1.0119998,0.6208656,1.0743102,1.4627516,0.46708083,1.0539795,1.1347908,1.034719,0.88158673,1.3289931,0.76162076,1.0021608,0.7473983,1.4715928,0.59387946,0.7402508,0.8092436,1.4618545,0.78250587,1.3884375,0.85086167,0.9625928,1.2937016,1.2104336,0.7602321,0.63857347,0.7941286,0.7242075,1.3104179,1.4452753,1.4287698,1.3052795,0.94752705,1.2224901,0.87682676,0.8752391,0.78288305,1.4747849,0.56419927
bib,1.2806103,1.2682099,0.5653043,0.93847114,1.1936667,1.2057669,1.0220984,0.6005552,0.7262141,0.53010786,1.3650707,0.8166206,0.0,1.2579002,0.3549409,0.8592757,1.534305,1.286787,0.783146,1.1693679,1.3772981,1.0015924,1.353932,1.2626455,1.101828,0.6981332,0.8145647,1.4046152,0.91395473,1.0298784,1.3160231,1.0957185,1.0988789,0.57356477,0.90514934,1.4515334,0.6317811,1.3824623,0.91231155,0.8836793,0.737891,0.9454189,1.0914551,0.65723443,1.002316,1.3289545,1.2810421,1.0374284,1.2260671,1.0117924,1.2332742,1.0688921,1.5077038,1.2122692,0.7931115,1.3731217,0.86162984,0.9437927,0.74878937,1.1870761,0.57941103,1.1598979,1.1877823,1.2466898,0.45137137,1.4892337,0.47717696,1.1337727,0.9078975,1.5198174,0.7899705,0.8279745,0.8481407,0.4013698,0.7734021,1.1473194,0.79459685,1.322484,0.92687523,1.2061443,1.2874124,1.3167746,0.96781904,0.91444683,0.32758868,0.65087736,0.6733592,1.4233065,1.4395901,1.233141,0.78456086,1.0970433,1.116915,1.1386443,1.1164243,1.1661363,1.261395,0.9876141,0.7371427,1.4322137,1.3716753,0.8564086,0.86117464,1.289417,0.9235967,0.70160425,1.4581549,0.51700675,1.0174286,0.622072,1.4671696,0.80821466,1.3654637,0.7201083,1.3656986,0.82573134,1.3980825,0.85951656,0.95318156,1.3009866,1.3544624,0.69597507,0.5953034,0.91792727,0.6495453,1.4164321,1.2699943,1.0975779,1.3011405,1.0604084,1.090742,0.77365947,0.91686314,1.3013028,1.331408,0.82742405
bird,0.7030062,0.93147546,1.205901,0.8858382,0.95731145,0.9090977,1.1588964,1.1636455,1.0690811,1.2688231,0.9654194,1.1909943,1.2579002,0.0,1.1734972,1.0125619,0.85693294,1.057314,1.14806,1.038315,0.871771,1.0582306,0.97170043,1.0752325,1.0149875,1.0599107,1.1610798,0.81049997,1.193407,0.98284143,0.8015216,0.97586983,0.84354764,1.2626457,0.9953829,0.8350021,1.203375,0.9087547,1.0179753,0.99970263,0.9998883,1.1517359,1.0715555,1.0026791,1.0731566,0.902973,1.0458055,1.0502639,0.9861107,0.82286125,0.44207603,0.99420565,0.775465,0.34042656,1.1909988,0.9338522,0.8558501,0.96654475,1.1966306,0.98212814,1.1743741,0.8763931,0.50844586,0.90392447,1.2583642,0.92754954,1.2399979,0.9426706,1.0449064,0.89354676,1.003502,1.1094036,1.1505183,1.1428949,1.0620481,0.95385504,1.0069959,0.9841226,0.96171385,0.92474455,0.978378,0.9238061,1.1472533,1.0827403,1.2697449,1.158347,1.0965239,0.79789424,0.7800597,0.9465129,0.9796852,1.0051005,1.0111928,0.9560038,1.0022703,0.69513035,0.87859476,1.0598986,1.120425,0.98542273,0.7694415,1.2250488,0.9529186,0.7270998,1.0880985,1.1212616,0.67027754,1.2327182,0.95173496,1.0988722,0.87672615,1.2353607,1.008957,1.2022291,0.90526587,1.2336403,0.9157858,1.0297827,1.0995905,0.84341645,0.83869255,1.1078742,1.2526553,1.0745322,1.1802043,0.89014715,0.9566838,1.0684764,0.7741429,0.91825384,0.8250633,1.1372306,0.9896556,0.9965593,0.93993384,1.1972449
blanket,1.1078217,1.3988192,0.7183546,1.1707346,1.3819152,1.2507906,0.79955184,0.5664784,0.93406755,0.32990283,1.3135362,0.52714264,0.3549409,1.1734972,0.0,0.82684815,1.4356954,1.2313898,0.73360664,1.307279,1.2304842,1.027227,1.2845722,1.0778501,1.2841932,0.5220251,0.58394945,1.3738201,0.8531121,0.9197125,1.1803379,1.0108799,1.2365664,0.35096252,0.90484154,1.4716696,0.5353994,1.3384573,0.93475574,0.68047136,0.89700955,0.8160579,0.95632166,0.80825007,1.213114,1.4643412,1.3183849,1.099683,1.4451082,0.9218189,1.0208305,1.0939884,1.4508134,1.1420201,0.833014,1.4450068,0.90552807,1.1467868,0.84372914,1.3157741,0.84368134,1.3262606,1.0878284,1.131022,0.544268,1.4614024,0.48979717,1.1229572,0.7964906,1.3708887,0.72681296,0.89434963,0.8913041,0.5369606,0.75971526,1.2995684,0.92957103,1.4683702,0.6982984,1.3965402,1.370309,1.5155289,0.7696333,0.80281425,0.52017176,0.6852244,0.692459,1.3585279,1.4233156,1.2401713,0.8972459,0.8695869,1.1006021,0.9007302,1.0913036,1.0435977,1.4272594,1.0388067,0.5641246,1.3403628,1.4358044,0.74510896,0.8237784,1.1532453,0.9586361,0.7531041,1.3989558,0.6091373,1.0635673,0.66142255,1.5645325,0.69368416,1.0991322,0.7470796,1.4939332,0.6721029,1.4025255,0.9055473,0.9003031,1.3645594,1.3282424,0.6934202,0.59979004,0.9407075,0.6148368,1.4186621,1.4950118,1.3043932,1.3386728,0.87054247,1.1847341,0.793796,0.91556865,1.1129128,1.4682915,0.735159
book,1.117361,1.3213716,0.9478094,1.139861,1.2383611,1.0494965,0.72479874,0.8501735,0.90560055,0.74833405,1.1182379,0.8065644,0.8592757,1.0125619,0.82684815,0.0,1.161127,0.8841053,0.26819003,1.2318462,1.1166492,0.8680457,1.1419753,0.948111,1.2611687,1.132175,0.8937639,1.2549613,1.105116,0.9999983,1.0394934,1.0809199,1.202688,0.9412281,1.1203685,0.9800708,0.72191846,1.0070271,0.79275,0.9979766,0.8575847,1.0796207,0.7744415,1.0637149,1.2195367,1.3602105,1.2252855,1.0241716,1.2506782,0.7496736,1.0986515,0.91074973,1.1061026,0.9898195,0.9937989,1.259676,1.1823144,1.0772648,1.1201437,1.1285532,1.0288198,1.1447518,0.90843856,1.1370217,1.0219998,1.1297967,1.0886064,0.5566951,0.78461623,1.1677396,1.0122926,0.90691626,0.7322765,1.031198,1.0083905,1.1423293,1.078224,1.2763269,0.93511117,1.2828529,1.338111,1.3079076,0.83305216,0.9927632,1.0419842,1.1550397,0.30971605,0.7443881,0.83125997,1.0587312,0.8962047,1.0649631,0.7291235,1.0211769,0.7323737,0.90332246,1.4033186,1.1841104,0.86394644,1.0373302,1.3584156,0.86788,1.0618676,0.9352452,0.87143373,0.99326485,1.0250652,1.0844436,1.2128212,1.0434391,1.2144647,0.95348185,0.9649415,0.9583509,1.3033398,0.7867826,1.2119865,1.1767862,0.8223826,0.93403554,1.1239984,0.81264246,1.0071454,0.99232894,0.4912547,1.0417734,1.3424603,1.2416117,0.90035725,1.0374464,0.79791534,0.43498647,0.85059917,1.1355188,1.2676425,0.89745855
bottle,0.5969368,0.82236457,1.3898395,0.90409225,0.6509762,0.86850786,0.9991984,1.4153353,1.23046,1.4471211,0.33680642,1.3266008,1.534305,0.85693294,1.4356954,1.161127,0.0,0.6406965,1.2835231,0.9841714,0.5013934,0.84245867,0.2953868,0.77306235,0.895394,1.2318506,1.2222751,0.3506137,1.2521044,1.123653,0.7031831,0.9957366,1.0800265,1.4117239,1.1508923,0.30373484,1.4410143,0.27242225,1.2779057,1.2780284,1.3487687,1.0776073,1.1519259,1.2258534,1.0715036,0.688769,0.806672,1.1145587,0.86190146,1.1297275,0.7175083,0.92859846,0.3901813,0.854277,1.2667518,0.40074128,1.0551693,1.0180315,1.32641,0.9152816,1.5079868,0.56594884,0.8486321,0.66265535,1.3796952,0.29712582,1.4055187,0.9197714,1.2236773,0.23464656,1.3251703,1.2684209,1.1633394,1.5626762,1.2134652,0.9503435,1.2762816,0.42010796,1.1081474,0.6159978,0.6305768,0.6129343,1.1810422,1.2450099,1.4358898,1.264823,1.3426125,0.44592428,0.47761023,0.819903,1.3393676,0.67453283,1.0493584,0.9433703,0.9402171,1.019746,0.8001908,1.2232921,1.3526034,0.5047908,0.45716518,1.2609336,1.0485046,0.9023591,1.1914045,1.2894715,0.39239597,1.4061104,1.1170906,1.3059591,0.22700053,1.3108962,0.54070127,1.3082881,0.4107145,1.147357,0.25739503,0.9590281,1.2586246,0.6845403,0.50626314,1.3770337,1.4014144,1.1811289,1.4066054,0.46875525,0.7575565,0.6384999,0.6393008,0.8727511,0.8514936,1.3354406,1.2025925,0.6770193,0.4339236,1.2343255
bowl,0.97307456,0.9244475,1.258574,0.91993874,0.9492088,0.7562718,0.95743537,1.0100833,1.1203084,1.2022636,0.7030738,1.185406,1.286787,1.057314,1.2313898,0.8841053,0.6406965,0.0,0.87994957,0.9066347,0.9269309,0.6316731,0.86164623,0.95877635,1.1129789,1.2594277,1.3133717,0.6623362,1.252049,1.2099751,0.63109577,1.1190652,1.099403,1.300448,1.218929,0.7144395,1.1524284,0.5915309,0.5052083,1.1284885,1.1209239,1.2339702,1.0816019,1.2295797,1.210212,0.87091935,1.0304886,1.0590098,1.1450274,1.0513837,1.0244277,0.86358947,0.60053647,0.922004,1.1678088,0.8705057,1.2503273,0.9802653,1.2994051,0.8777906,1.277073,0.96013236,0.9866327,0.9273654,1.400136,0.6721227,1.467523,0.5599143,1.1382896,0.651339,1.0702044,1.0625474,1.0189914,1.287282,1.2482879,1.043129,1.1662525,0.8431982,1.0500715,1.1113242,0.9206598,0.8776632,1.0762918,1.0995483,1.3944736,1.4209448,1.0019829,0.7555632,0.7877178,0.73305696,1.0634766,0.9542397,0.46824574,0.9005207,0.20396304,1.058379,1.0218892,1.0041939,1.1077516,0.85771036,0.856478,1.0453447,1.0317115,0.9827738,0.6650953,1.2518611,0.76178956,1.348861,1.2855114,1.3516076,0.6794501,1.0921968,0.6778846,1.1855812,0.91995496,1.1198263,0.735744,1.3118477,0.410608,0.42714977,0.8599003,1.1403862,1.2918057,1.2292731,0.81420803,0.6033923,1.1514059,1.0219542,0.86965954,1.0754178,0.8898188,0.6180064,1.1632221,1.1477783,0.9162907,1.1676381
box,1.1963664,1.4171574,0.8704211,1.1677679,1.314571,1.1987438,0.5466921,0.54883784,0.9002048,0.53156555,1.1851639,0.5935415,0.783146,1.14806,0.73360664,0.26819003,1.2835231,0.87994957,0.0,1.355073,1.0897473,0.6486827,1.1257365,1.067125,1.3973022,1.0728351,0.69977933,1.3533248,0.91538423,0.90998304,1.0115687,1.103318,1.249316,0.77334595,1.0871431,1.2567892,0.43292975,1.0096322,0.70050025,0.9111381,0.8046874,0.892619,0.5977964,1.0681436,1.3179953,1.4623392,1.3085264,1.042511,1.401936,0.75851786,1.2030326,0.8910984,1.290199,1.0541921,0.9068778,1.4825666,1.1980865,1.1043279,1.1413639,1.2815485,0.9945342,1.3930719,1.0540891,1.1282468,0.92909575,1.1495771,1.0410587,0.79878175,0.6176129,1.2047514,0.9968791,0.80389386,0.57322526,0.9120015,0.9827163,1.1928933,1.1042686,1.4800935,0.9021481,1.4790077,1.4646662,1.4744209,0.63936406,0.97974867,1.0077997,1.0936041,0.33316076,1.0947312,1.1429855,1.2052779,0.8523785,1.1920302,0.81994224,1.0214558,0.79473186,0.96607673,1.4805353,1.1305702,0.6019992,1.0027575,1.5095894,0.67283535,1.062959,1.0570999,0.90111786,0.95564246,1.2237428,1.0140208,1.2278244,1.0456179,1.399894,0.68894273,0.85787874,0.852259,1.5091186,0.7976852,1.3284168,1.1372716,0.74333966,1.0918338,1.0820729,0.627015,0.8941025,0.91217303,0.4360932,1.0977691,1.4802681,1.3965242,1.0738459,1.0473287,0.71406466,0.45449638,0.7606094,1.0466883,1.4701058,0.83705103
bread,1.022518,0.5801897,1.0503695,0.7996454,0.7316614,0.76624274,1.1374096,1.365325,1.1258802,1.4387633,1.0241959,1.2760503,1.1693679,1.038315,1.307279,1.2318462,0.9841714,0.9066347,1.355073,0.0,1.0223,1.1487768,0.9922242,1.0522153,0.6998795,1.1835754,1.2397906,0.9070304,1.1790776,1.1401862,0.9728098,0.8798411,0.53470397,1.2931902,0.7322243,0.87381756,1.4192528,1.0296067,1.0809067,1.1749358,1.1340475,1.2236118,1.1418669,0.9626929,0.7379812,0.4648552,0.7000905,1.0773542,0.58580214,1.2508557,1.0751457,1.0979822,0.8580279,1.0584532,0.93017894,0.74187255,0.81503385,0.7590223,0.9896372,0.47495455,0.90191466,0.75539327,1.1289902,1.049784,1.1266863,0.9015292,1.1613959,0.9499192,1.2469122,0.984452,0.92071223,0.9089697,1.0754093,1.0133897,1.2141657,0.8669293,0.651503,0.71391463,0.8050868,0.70307183,0.7166517,0.5082637,1.2442594,1.201111,1.0585334,1.0843254,1.1465125,0.9402822,0.90197235,0.7602739,1.1309657,0.8517731,0.7473864,1.1540892,0.8972446,1.1694007,0.4655788,0.7141024,1.2203035,1.0289938,0.7990595,1.2381423,1.0896126,1.089289,0.96124667,1.0707866,0.94660354,1.1489344,0.8019492,1.0658156,0.74312866,1.3054389,1.106406,1.2181082,0.68808496,1.2650608,0.8446554,0.9222833,0.9305339,0.7993875,1.0430697,1.3732228,1.1964847,1.1858535,1.2167794,0.7330426,0.5811696,0.683514,1.0449251,0.93539697,1.2410569,1.0993345,1.1909964,1.1831745,0.766715,1.2375503
broom,0.5021546,0.982864,1.1632975,1.0695692,0.76808417,1.0433643,0.9593172,1.151093,1.1681693,1.2240837,0.68699306,1.0611871,1.3772981,0.871771,1.2304842,1.1166492,0.5013934,0.9269309,1.0897473,1.0223,0.0,0.8850502,0.47407985,0.9282174,0.9343972,1.0715767,0.9890265,0.6826548,1.1525071,1.1046399,0.60508764,0.9776482,1.2130623,1.2664502,1.0903645,0.5792871,1.176464,0.6173884,1.1825389,1.1755385,1.2969255,0.7669154,0.8815124,1.1862359,1.0161293,0.86341035,0.9063889,1.2085168,0.94383293,1.1626647,0.64994276,0.907178,0.4727103,0.8811722,1.2620411,0.8245046,1.0382892,1.132956,1.2158812,1.175637,1.2793876,0.99649715,0.95237005,0.58333105,1.2513709,0.6922337,1.2536895,0.8851686,1.000505,0.3717537,1.2486701,1.1513822,1.1115994,1.331453,1.2078333,1.0873483,1.3671378,0.85651755,0.889634,0.7226971,0.9334104,0.95705175,0.9351703,1.2275903,1.3097324,1.1789052,1.0757979,0.664993,0.58050656,0.97236484,1.2554352,0.8118244,1.1188419,0.98460776,1.0211339,1.0794468,0.9294854,1.1222643,1.1551651,0.72971094,0.8750297,1.0849366,1.0080134,0.98109996,1.1802051,1.1717736,0.675514,1.2836928,1.1068476,1.318032,0.6019099,1.1084226,0.48073274,1.1422156,0.85701853,1.0735799,0.7944037,0.9472809,1.15752,0.7442651,0.2696067,1.2901177,1.2797781,0.9612004,1.3132783,0.81968296,0.91787755,0.8804885,0.5404893,0.78085613,1.0180027,1.2298847,1.1826091,0.5317519,0.80716574,1.0233439
bucket,1.1037388,1.100169,1.0574163,0.78520876,0.8383585,1.1349981,0.6702264,0.8567921,1.0817899,1.0160822,1.002786,0.93122613,1.0015924,1.0582306,1.027227,0.8680457,0.84245867,0.6316731,0.6486827,1.1487768,0.8850502,0.0,0.7001098,1.02104,1.1113768,1.2201866,0.9798484,1.010657,1.1318781,0.98348516,0.6601842,1.0214359,1.1703521,1.1128701,1.1079562,0.9641256,0.88998437,0.3187546,0.8129408,1.0815341,0.9505316,1.0579025,0.87594354,1.1911579,1.2316644,1.0932451,1.1689034,1.054893,1.243778,1.0504705,1.0699317,0.73274606,0.89477,0.9452252,0.9580325,1.216365,0.8738086,0.7794209,1.2730153,1.1357331,1.1484523,1.096985,0.94337994,0.9244253,1.1736591,0.66897184,1.2764592,0.82257783,0.88894624,0.80444384,1.0739548,0.95998245,0.6894317,0.94567275,1.168781,1.103511,1.1570323,1.1301295,0.7732843,1.1420748,1.2153014,1.2118793,0.9057832,1.1301091,1.1483223,1.2462262,0.9069566,0.9745278,0.9836827,1.0557228,0.99493575,0.8981781,0.8975034,0.93306553,0.8157485,0.9866888,1.1524322,1.0390886,0.7343775,0.7933167,1.2122979,0.8978221,1.0659488,0.998266,0.95026606,0.99801266,1.0103863,1.2801691,1.185277,1.2815061,0.9526882,0.9967984,0.8363086,1.1571449,1.1656035,1.0295678,1.0055248,0.90735847,0.8392084,0.72588503,0.90004045,0.95186067,1.2175628,0.9323523,0.9252235,0.6599533,1.2254606,1.060424,0.83209467,0.7762643,0.70201313,0.9283094,1.0641732,0.9366488,1.0836304,1.0373323
can,0.5530863,1.0489082,1.1432384,1.0286592,0.61490136,1.0041604,0.7481432,1.317135,1.278584,1.3646716,0.41788793,1.0267794,1.353932,0.97170043,1.2845722,1.1419753,0.2953868,0.86164623,1.1257365,0.9922242,0.47407985,0.7001098,0.0,0.82808167,0.9431904,1.1672198,0.85055983,0.6345499,1.1434579,0.9704894,0.8335322,0.9889248,1.1105705,1.2183009,1.0462606,0.51756084,1.3076527,0.33778238,1.2867895,1.3350673,1.3742211,0.8775554,0.8748633,1.1442649,0.9959764,0.9221567,0.899527,1.2335597,0.8408471,1.1742598,0.75851643,0.9967472,0.56409156,1.0119543,1.2642505,0.64374644,0.84329045,1.0973389,1.32329,1.1297696,1.3689452,0.6760085,0.94229656,0.5538283,1.1144882,0.57010865,1.1570224,0.924931,1.0605447,0.41475606,1.2714074,1.0622599,1.0539174,1.3979957,1.1995064,1.04954,1.2449565,0.70831794,0.90874016,0.580655,0.9048991,0.880513,0.8948523,1.2447159,1.184595,1.0080801,1.2481121,0.63409466,0.6383667,0.96453667,1.3878245,0.5680106,1.1282107,1.014768,1.090972,1.1563792,0.93732446,1.2965109,1.1469432,0.4770342,0.7573848,1.1086321,1.0362562,1.0212005,1.2263579,1.1069663,0.6462647,1.307569,0.9096477,1.106443,0.40713817,1.2985263,0.5083616,1.2514598,0.5150497,1.2181222,0.5455694,0.64457506,1.3322524,0.7781545,0.6237364,1.3474874,1.3184401,1.0291048,1.4713864,0.5862042,0.75861126,0.78191006,0.7101495,0.67889607,0.98323745,1.4090955,1.1360304,0.4885885,0.54379886,1.1154724
car,0.8270736,1.0238531,1.0900061,1.0295583,1.0136641,0.99074715,0.7592317,1.2435262,1.104421,1.1300484,0.8936655,0.936618,1.2626455,1.0752325,1.0778501,0.948111,0.77306235,0.95877635,1.067125,1.0522153,0.9282174,1.02104,0.82808167,0.0,1.0551903,0.9305532,0.9571232,0.8970401,0.88290954,0.95609,0.8726207,0.78966093,1.1873318,1.0209643,1.0104519,0.8621593,1.1187013,0.8701306,1.2516847,1.0063385,1.0621464,0.94717413,0.88051933,1.257967,1.1382467,1.0466603,0.9645865,1.0176401,1.0886784,0.83014536,0.9151148,0.91031474,0.8821532,1.0638118,0.9911284,0.9171759,1.0145091,1.0337775,1.034508,0.96022016,1.1854129,0.9089188,0.9545223,0.8082168,1.2347143,0.88568735,1.0518794,0.9299936,1.0561855,0.75188196,1.1060903,1.105635,1.0944855,1.2446324,0.6749027,1.0002831,1.1107,0.9828111,1.0132062,1.0218141,0.973475,1.0396843,0.9204986,0.7439594,1.155194,1.0736386,1.0364637,0.78432626,0.87613153,0.93544996,1.15595,0.731056,0.9699118,0.826548,1.0680302,0.9398219,1.0994672,1.0702126,1.0565106,0.59746194,1.0305165,1.014768,1.0221949,0.87720454,1.1837083,1.1121376,0.80273396,1.1848526,1.0449035,1.0997343,0.96177864,1.0066072,0.72582066,1.1854613,0.94471693,0.8470299,0.81976223,0.9856584,1.171618,1.0647521,1.0730644,1.0263579,1.1414018,1.0663724,1.2349225,0.74890816,1.0721009,0.9951901,1.0773681,0.9427443,0.93424714,1.2159907,0.8579164,0.8187415,0.9686592,0.77191556
carrot,1.0032257,0.43743086,1.0102658,0.889269,0.6547852,1.0367795,1.2175293,1.2800329,1.0243368,1.2836208,0.9759288,1.2458289,1.101828,1.0149875,1.2841932,1.2611687,0.895394,1.1129789,1.3973022,0.6998795,0.9343972,1.1113768,0.9431904,1.0551903,0.0,1.0407773,1.1948587,0.9460906,1.180095,1.0754955,0.95639896,0.89233786,0.8483586,1.2113966,1.0822166,0.90455323,1.3167498,0.96178657,1.192605,1.141357,1.0678035,1.0590574,1.1831396,0.8720312,0.59378636,0.51253545,0.72819567,1.0521636,0.51363987,1.244951,1.0121864,1.1148775,0.8676288,1.127094,0.9355213,0.7675735,0.8857092,0.8747436,0.8439293,0.9101293,0.70850515,0.8486607,1.0288702,0.9155858,1.0106812,0.8555534,1.0263227,1.1332481,1.198108,0.9596874,1.0954685,1.0284209,1.0559845,0.97755903,1.1446123,0.84222555,0.99493116,0.6206469,1.0695697,0.6072441,0.5926155,0.6389998,1.1457016,1.1757057,0.86927044,0.9549979,1.2644728,1.0023311,0.9584116,1.0008367,1.1426728,0.9823895,1.1122869,1.1066443,1.1900932,1.1256874,0.41589165,0.66559076,1.2542745,1.0834099,0.8639944,1.1444181,1.1100811,1.0209982,1.1664553,1.1733024,1.047146,0.9206378,0.8189262,1.1041983,0.7650664,1.2252655,1.1711973,1.1643275,0.6932731,1.0875959,0.9290632,0.90450364,1.2005345,0.9475965,0.9944897,1.287634,1.055388,1.0324872,1.2602262,1.0485562,0.48372227,0.6766966,0.94696134,1.0065942,1.2276899,1.2344477,1.1984556,1.0102434,0.68338746,1.0692774
cat,0.8959732,1.275251,0.8666675,1.2202938,1.3593297,1.2805102,1.0384344,0.7397623,0.9199351,0.6405866,1.091993,0.6737512,0.6981332,1.0599107,0.5220251,1.132175,1.2318506,1.2594277,1.0728351,1.1835754,1.0715767,1.2201866,1.1672198,0.9305532,1.0407773,0.0,0.7286624,1.2129765,0.84586895,1.023903,1.0884626,0.89530337,1.147054,0.5587473,0.8928111,1.3959484,0.7807532,1.305781,1.1285722,0.34978503,0.9304788,0.70312077,1.1320698,0.96449745,1.1112447,1.2782388,1.1702718,1.0652506,1.2898344,0.972263,0.81964195,1.1855962,1.3050408,1.1486818,0.8971291,1.1969908,0.9849298,1.2600889,0.699414,1.1879277,0.82800055,1.2869577,1.0386041,0.9599349,0.7563207,1.3347694,0.51922196,1.3266215,0.97741455,1.1496825,0.8223493,1.1035256,1.0660852,0.7635284,0.62352055,1.1881407,0.820068,1.2842875,0.9754352,1.2394147,1.0061811,1.3583384,0.8303213,0.7610598,0.7556431,0.6990616,0.98308474,1.3560401,1.3770888,1.2596043,0.87058413,1.025567,1.1750923,0.70974773,1.2016275,0.91676545,1.2565733,1.0176914,0.92860883,1.237886,1.2062396,0.7809936,0.719351,0.97369695,1.1326896,0.98016894,1.312059,0.6924381,1.0108649,0.7267039,1.3348639,0.788156,1.0422289,0.8275974,1.2414479,0.680201,1.2392268,0.9118217,1.0329337,1.4169545,1.1652988,0.8341571,0.6922375,0.98845387,0.9156667,1.4423826,1.2683936,1.2336833,1.314105,1.0550958,1.3330026,1.0260904,0.9534093,0.9994502,1.3101532,0.6949806
chair,1.0136764,1.4070181,0.74638915,1.3919827,1.315857,1.3773701,0.5885383,0.6818883,1.1696581,0.50179183,1.1781759,0.15113693,0.8145647,1.1610798,0.58394945,0.8937639,1.2222751,1.3133717,0.69977933,1.2397906,0.9890265,0.9798484,0.85055983,0.9571232,1.1948587,0.7286624,0.0,1.377897,0.65333426,0.68616897,1.1477091,1.0542216,1.1853361,0.34268486,0.79304665,1.4358059,0.43793142,1.1133416,1.1129062,0.8332696,1.0237151,0.46516073,0.621771,0.9552229,1.1495438,1.4622269,1.3163431,1.1675647,1.2728317,0.98081523,1.0676395,1.1439557,1.2854543,1.3275967,0.91879237,1.3926485,0.8905374,1.3843962,0.9656136,1.3592716,0.9212815,1.3540432,1.1690037,0.90388966,0.64017606,1.2654655,0.5655844,1.175646,0.4214279,1.1319027,1.0303525,0.8907887,0.83410555,0.765927,0.754683,1.2737504,1.0243748,1.4449536,0.7561544,1.2213694,1.3074105,1.4831057,0.4202788,1.0097996,0.7071458,0.5865915,0.80080634,1.2970552,1.3271749,1.4094702,1.0973173,0.96488047,1.1752299,0.9241888,1.2139934,1.1262703,1.3809847,1.0657866,0.5834987,0.96900374,1.4055727,0.50277233,1.1132506,1.1746727,1.1222429,0.84204215,1.2608787,0.79271924,0.8597122,0.72038496,1.3532426,0.7147845,0.7882774,0.76833874,1.303714,0.8118223,1.3075489,0.6514613,1.1133779,1.3685799,1.2020148,0.74832296,0.6677424,0.7673168,0.89708984,1.311528,1.3072641,1.3083744,1.2828236,0.81911874,1.243537,1.0450481,0.8571842,0.58510756,1.3575201,0.6206746
clock,0.6540288,0.7730036,1.3698229,0.76299363,0.6516156,0.82998514,1.1796902,1.321593,1.1666073,1.4546618,0.52522326,1.387064,1.4046152,0.81049997,1.3738201,1.2549613,0.3506137,0.6623362,1.3533248,0.9070304,0.6826548,1.010657,0.6345499,0.8970401,0.9460906,1.2129765,1.377897,0.0,1.2285492,1.3092941,0.66239977,0.9506602,0.8822477,1.3970368,1.1861249,0.46978247,1.4447162,0.59244007,1.1365361,1.2510484,1.375932,1.105121,1.065453,1.154327,0.994348,0.6368398,0.7500155,1.0471283,0.8479028,1.1996272,0.7869253,0.90965384,0.42400944,0.8073094,1.2589827,0.45113117,1.2334237,0.9750342,1.2641517,0.82346123,1.4060601,0.58566344,0.85334384,0.6689269,1.3675817,0.4367783,1.4301803,0.9311932,1.2828044,0.33381385,1.1020845,1.2262838,1.2787899,1.5537791,1.2259105,0.90670264,1.1154819,0.4618035,1.2177497,0.6158897,0.67312336,0.54999286,1.3027056,1.1054606,1.463445,1.35694,1.2931511,0.5579873,0.56522423,0.8351562,1.2217376,0.7846779,0.9935729,1.0179064,0.78619516,1.0237764,0.73711747,1.1328757,1.4017313,0.6070069,0.36935753,1.3088785,0.92373943,0.9401951,0.9920474,1.2406628,0.531434,1.3500316,1.1415876,1.2827077,0.43087864,1.3138232,0.65193623,1.1885812,0.5275906,1.2172575,0.47603512,1.229816,1.078942,0.672234,0.60016555,1.412361,1.388624,1.1946781,1.333744,0.55653226,0.81755763,0.6800349,0.7441615,1.0838683,0.9486759,1.2255859,1.259197,0.931294,0.50319666,1.2634435
