,alligator,apple,arm,ball,balloon,banana,basket,bathtub,bed,belt,bench,bib,bird,blanket,boat,book,bottle,bowl,box,bread,broom,bucket,butterfly,can,car,carrot,cat,chair,clock,closet,coffee,comb,cookie,corn,couch,cracker,crayon,crib,cup,deer,dish,dog,doll,door,drawer,dress,ear,egg,elephant,eye,face,finger,fish,flower,foot,fork,frog,glass,glasses,glove,grass,gum,hair,hamburger,hand,hat,horse,hose,jacket,jar,jeans,knife,ladder,lamp,leg,meat,melon,milk,mitten,motorcycle,mouth,muffin,nail,napkin,necklace,nose,orange,oven,owl,pajamas,pants,paper,pen,pencil,pickle,pillow,pizza,plant,plate,pony,potato,pumpkin,purse,radio,raisin,refrigerator,rock,rooster,sauce,scarf,scissors,shirt,shoe,shorts,shovel,shower,sink,slide,slipper,snow,soap,sock,spoon,sprinkler,strawberry,stroller,sweater,swing,table,tape,toe,tooth,toothbrush,towel,toy,tray,tree,truck,vacuum,watch,window
alligator,0.0,0.86605203,1.2531472,1.0420986,0.996259,0.88122416,0.8880887,1.0528638,1.3532114,0.46018863,1.3327715,1.3566589,0.98173404,1.3445497,0.954886,0.66403294,0.79934317,0.8502738,1.1224521,0.9688072,0.69670993,0.98680085,0.7296032,0.6054466,0.76879656,0.8080268,1.036161,1.1221645,0.6627058,1.2141095,1.2376246,1.0935982,1.0293552,0.9320339,1.3355132,0.89088225,0.6751567,1.2680407,0.7667525,1.1053209,1.2441267,1.0912613,1.223756,0.9857754,0.82806057,1.1986408,1.0640953,1.008594,1.028647,0.78395784,1.3241935,0.99429226,0.44295657,0.72730386,1.105633,0.59896284,0.6077441,1.20241,0.72141933,1.066207,0.9523859,1.0754284,1.2284534,1.3024094,1.2622257,0.8164276,0.699407,1.0844204,1.0147396,1.0990069,1.3446676,0.84565675,1.0240122,0.517548,0.9591752,1.3536263,0.85136807,1.2225499,1.3917592,1.079157,1.1151054,1.1145445,0.94494456,0.93372893,0.88264096,0.93984663,0.97253335,1.0970557,0.99002284,1.4354128,1.2861679,1.1010077,0.6669035,0.76020396,0.7315422,0.56565386,1.1446168,0.7006346,0.8694755,0.8010586,1.1357368,1.0614076,1.1261168,0.7135564,0.89860487,0.84632707,1.1549678,0.72106767,0.99490845,1.1719528,0.7670928,1.3503952,0.98770547,1.275969,0.9030533,0.98315024,1.0347102,1.1599607,0.6279396,0.9370821,0.6453309,1.0054187,0.7339147,1.1396521,0.85571665,1.0672206,1.3211277,1.1228752,1.2807891,0.94098735,0.95178527,0.8026982,0.9863367,0.8909676,0.9940705,1.24913,1.0468116,1.0645922,0.6835387,0.76998097,0.9561207
apple,0.86605203,0.0,1.4692318,0.6775563,0.4889738,0.8515,1.1048896,1.3816123,1.4994476,0.4962716,1.5163032,1.4811118,1.0500579,1.4650207,1.3262713,0.786803,0.2015078,0.4837929,1.3144946,0.89052814,1.0125281,0.97619426,0.55052686,0.43162394,0.79806185,0.46971387,1.3380561,1.3369498,0.5284605,1.274018,1.2573798,1.374943,0.94801843,0.9108218,1.423471,0.7653024,0.22857368,1.4805696,0.32424694,1.3415372,1.2586081,1.2690983,1.1717324,1.1483011,1.1870979,1.2952344,1.0407479,0.5657099,1.1676698,0.5900895,1.2086785,0.7349089,0.73698723,0.5364327,1.1602144,0.96039885,0.81804514,1.3341564,0.25297987,1.1531631,1.1039335,0.640066,1.2191185,1.2038686,1.2558283,0.2896018,0.9596068,1.3158607,1.187014,1.1773401,1.3803012,1.2525747,1.3732822,0.38622665,1.2251064,1.3109515,0.7823031,1.2212741,1.3322119,1.1666958,0.9596736,1.189144,0.16801703,1.1051139,0.7493429,0.798326,0.3372959,1.3339591,1.0985055,1.3981559,1.3108313,1.2901983,0.48904407,0.73957556,0.31880236,0.6507828,1.2018955,0.6769203,0.7080652,0.9390107,0.8733218,0.8538776,1.3062464,0.7873222,0.46507663,1.0698895,1.3444732,0.85698026,0.8361287,1.2504288,0.97403294,1.3571198,1.1413819,1.3267264,1.2014005,1.2509261,1.273972,1.3392628,0.41268146,1.2303272,0.34918982,1.077476,0.8456651,1.1018541,0.19708335,1.2457268,1.3281205,1.1934578,1.4322672,0.7744218,0.5094334,0.48299676,1.2542019,1.0242522,0.76019835,1.3008164,1.1650493,1.1028608,0.88182056,0.38191742,1.2581286
arm,1.2531472,1.4692318,0.0,1.348491,1.4388382,1.246837,1.2191074,0.7630433,0.54809463,1.3387345,0.53223336,0.48844767,0.94879144,0.60384005,0.8248192,1.2662642,1.5104606,1.493546,0.9770955,0.9357674,1.1406646,1.2867181,1.4090556,1.524925,1.2915224,1.3499873,0.7324057,0.89370865,1.4080491,0.7700715,0.9218172,0.84718305,1.0683709,1.2584698,0.56911534,1.1869552,1.4995848,0.8010185,1.4879324,0.6653353,0.96008533,0.82256925,0.8862649,1.0175626,1.0691508,0.7080032,0.9463086,1.217772,0.8959148,1.3085891,0.72934866,0.93307215,1.3618346,1.4299586,0.6910831,1.2674248,1.3193308,0.7418776,1.3843373,0.7358661,1.0069877,1.3273114,0.72043496,0.7327422,0.50398636,1.4604423,1.3264539,0.8263064,0.9238396,1.040738,0.43828285,0.86451495,0.86780864,1.4080772,0.9272913,0.7371229,1.2057916,0.89050937,0.65804315,1.0587852,1.007114,0.7442068,1.3547511,1.0883472,1.091951,1.1324277,1.1698842,0.8118368,1.0493503,0.48758167,0.60612583,0.7920618,1.2763741,1.1389272,1.4491208,1.2961886,0.63287884,1.3679559,1.3503611,1.255914,0.993891,0.91222024,0.96188474,1.3392148,1.2384505,1.0954865,0.53972733,1.3810537,1.1915784,0.6827041,1.1513091,0.46677023,0.96457255,0.5615497,0.897544,0.9942246,0.96002406,0.6774593,1.4225755,0.8575473,1.4578272,0.8914884,1.2942479,0.9719774,1.4912481,1.0260485,0.4631949,0.6633154,0.722442,1.2949305,1.1296445,1.279647,0.93926275,1.0787628,1.4068186,0.96670794,0.9512015,1.0473169,1.2295904,1.2194239,0.82882535
ball,1.0420986,0.6775563,1.348491,0.0,0.23311913,0.8366673,0.9394481,1.2209864,1.2162288,1.0093524,1.3227222,1.2165161,1.0914887,1.1225336,1.2145579,0.9296364,0.7167141,0.6372733,0.9659859,1.0316892,1.0244411,0.77402455,0.8844832,0.8775562,1.0017501,0.98810774,1.2392845,1.1179358,0.6606917,1.1425077,0.9024764,1.0900669,0.92276484,0.7282493,1.2240822,1.0279101,0.80208623,1.1517859,0.7434628,1.1657789,1.0069658,1.0074903,0.97515714,1.1360934,1.0659343,1.2949035,1.1981474,0.46669745,1.0998747,0.8262255,1.1843387,1.0996056,1.0009214,0.67682844,1.0927548,0.98583406,0.8076673,1.2166991,0.9833268,1.1065828,1.09953,0.55047923,1.216699,1.0764388,1.2240795,0.6225229,0.7976801,1.0099071,1.1240823,0.84286225,1.3160906,1.2203974,1.2601905,0.90553963,1.0722779,1.1498399,0.70234346,0.9842729,1.0472845,1.1172209,1.1105685,1.3655615,0.8002902,0.8478653,1.0510406,0.9567158,0.78600293,1.2681303,0.8937901,1.2600121,1.3527567,1.0595659,0.9345553,0.96140784,0.9219925,0.7824276,1.232944,0.7988044,0.8242427,0.8330611,0.7298018,0.9413444,0.9417823,0.809163,1.0305449,1.129536,1.2015896,0.71927124,0.8317533,1.0817561,0.9135995,1.3061848,0.8898248,1.3518982,1.0956211,1.1345992,1.1258758,1.0902374,0.8355748,1.1168666,0.73537433,0.86283994,0.8128062,1.0013052,0.6621552,1.0238076,1.2844658,1.1535851,1.0686172,0.60978115,1.0573816,1.0589597,1.0763576,0.9579426,0.47777402,0.9427904,1.0232943,1.2365284,0.87021977,0.9932728,1.2684585
balloon,0.996259,0.4889738,1.4388382,0.23311913,0.0,0.72950315,1.0539035,1.2567658,1.4009717,0.8270466,1.4355239,1.3480977,1.0913311,1.3000195,1.2830347,0.9518611,0.6252445,0.51415485,1.1022407,0.91688865,1.0334244,0.84103924,0.8151654,0.6812763,0.9153836,0.64791167,1.3513296,1.2071195,0.6739313,1.253759,1.0131586,1.1867235,0.8951965,0.75993997,1.3916523,0.933589,0.5872974,1.2776613,0.6594639,1.343123,0.9946966,1.2207208,1.0173078,1.1679574,1.0950887,1.2554965,1.0837255,0.35787702,1.1773748,0.7205076,1.2318811,0.89222765,0.7901989,0.7056157,1.1381497,0.94615114,0.7993175,1.2872349,0.78721887,1.0727271,1.0391124,0.4547633,1.2262986,1.1067064,1.2005501,0.44843543,0.82339907,1.1795046,1.1727617,1.0311123,1.3473604,1.1546175,1.3016307,0.748824,1.209979,1.1740116,0.6521644,1.0996176,1.078969,1.0978386,1.0502831,1.2221104,0.61129594,0.9707179,0.870498,0.8300093,0.5588335,1.313003,1.0556127,1.2530348,1.305434,1.1729873,0.8006179,0.84219533,0.65180117,0.8164974,1.1605453,0.880322,0.6876573,0.9245945,0.70869946,0.8616481,1.143701,0.86255,0.8151115,1.1116284,1.2814806,0.781972,0.65608954,1.2164276,0.8315012,1.3162155,1.085875,1.3274832,1.1478093,1.1963149,1.0842338,1.1236548,0.7499883,1.227738,0.57677406,0.9487355,0.65326,1.0214077,0.41102314,1.0916243,1.3772476,1.2221333,1.2088044,0.77065885,0.85155475,0.8629863,1.029258,0.9952705,0.5180185,1.0399531,1.1309446,1.1418363,0.972098,0.80946517,1.226975
banana,0.88122416,0.8515,1.246837,0.8366673,0.72950315,0.0,1.201262,1.1439645,1.3008425,1.0088198,1.2672904,1.1630931,1.1195054,1.2403173,1.0961506,0.9807327,0.92006105,0.70652795,1.0360004,0.5496023,1.0460874,0.8813421,0.9384422,0.9984938,1.0498292,0.6591431,1.2246604,1.2959123,1.004762,1.2151841,1.0826956,1.004535,0.6051663,0.61213344,1.274857,0.8086162,0.84718597,1.1762105,0.8790319,1.1403632,0.6357564,1.1727633,1.0525023,1.2294111,1.0044171,1.2729588,1.0833802,0.69349647,1.1937226,0.9478301,1.0459031,0.95539445,0.6700788,0.8845351,1.1074615,1.0285691,0.5719332,1.0216625,1.043606,1.0429682,1.0368046,0.6457732,1.172733,0.82963276,1.0905445,0.93793845,0.8629936,1.0333034,1.1414912,0.9137727,1.1654605,0.95334625,1.258293,1.0173523,1.1386769,1.135853,0.4404841,0.9888154,1.0979685,1.147619,0.94666183,1.0374466,0.94854075,0.9455537,1.0593338,0.9759831,0.6753545,1.2297851,1.2879806,1.2346854,1.1654098,1.0785689,0.9819452,0.9143137,0.6862566,1.0781727,1.1567671,1.0510261,0.60969007,1.0106125,0.7860944,1.0176117,1.1173269,0.96464807,0.90149117,1.1938956,1.0651945,0.9660073,0.788317,1.092156,0.604137,1.2409166,1.0669336,1.2262104,0.9171177,1.2062783,0.7852371,1.0448372,0.95680916,1.1410692,0.7290852,1.0342314,0.5820297,0.948772,0.8393688,1.2511641,1.2391483,1.2553177,1.0856233,0.8518727,0.9831241,0.93023133,0.9532491,1.0363061,0.7483338,0.9176242,1.2035654,1.1056299,1.1349121,1.0621556,1.277093
basket,0.8880887,1.1048896,1.2191074,0.9394481,1.0539035,1.201262,0.0,1.1122507,0.8740601,0.96381503,0.9271611,1.0875653,0.96226406,0.8212458,0.88164055,0.6588,1.0134212,0.88359845,0.6483872,1.2403296,0.86331713,0.8084831,0.9629206,0.79755175,0.7740574,1.1810373,1.0474966,0.63849354,0.9184821,0.97965,0.8839179,0.7065206,1.2215132,0.8373712,0.9799138,1.1769724,1.0300529,0.6866759,0.9607481,1.1005361,1.1132808,1.0101868,1.0013964,0.914425,0.7177982,0.9344822,1.2383612,1.2240673,1.042282,1.1496998,1.2711091,1.2848265,1.0702196,0.9399195,0.9728831,0.6387181,1.0877433,1.0582528,1.1355752,0.88089865,1.046946,1.0066309,1.1936805,1.096347,1.264714,0.968853,0.96632856,0.8737441,0.98710376,0.86993283,1.2382524,0.9959075,0.6856637,0.9699124,0.95915926,0.8239411,0.9518047,1.0654763,0.83971274,0.7977208,1.2035677,1.2196409,1.2110162,0.83574575,1.1585392,1.2632171,1.3200859,0.8735163,0.83931446,1.0404185,1.1887238,0.94461787,1.0322754,1.0182221,1.1087599,0.66013026,0.9673275,0.8738345,1.0028149,0.9370792,1.1104987,1.037101,0.54438114,0.7785009,1.2178721,0.85169,1.1957315,0.86715996,1.10571,0.891878,1.0501299,1.1673745,0.8460928,1.1438922,0.95279074,0.80187756,1.0362355,1.124554,0.95882314,1.0287067,1.056811,0.7701592,1.017434,0.90766776,1.1179574,0.7730259,1.233372,1.109371,0.9827135,0.8462732,1.2813778,1.187805,0.9437794,0.6536906,0.9488421,0.7735558,0.97962403,0.8667048,0.8306309,1.1448994,0.95150656
bathtub,1.0528638,1.3816123,0.7630433,1.2209864,1.2567658,1.1439645,1.1122507,0.0,0.5512869,1.2545276,0.52931905,0.75064623,0.9156242,0.7348769,0.5899603,1.1759841,1.3767772,1.1817522,0.768023,1.1542352,0.95278794,1.1094164,1.3281904,1.2853332,1.0421128,1.331144,0.8324826,0.76527727,1.1932662,0.56945956,0.6916938,0.9023569,1.1879005,1.2352695,0.64122283,1.244259,1.3774052,0.695971,1.251728,0.86136246,0.7843513,0.9646704,1.1138327,0.63371354,0.8268448,0.9507635,1.0802243,1.262899,0.79384255,1.209199,0.8408425,1.2659322,1.1028944,1.28023,1.1060302,1.0532765,1.1896176,0.7277786,1.2232363,1.3309622,0.78777254,1.326593,0.90667135,0.9491115,1.0520837,1.3788319,1.1783723,0.84111416,0.7459154,1.0351323,0.7317941,0.85184705,0.7768201,1.0669533,1.0619495,0.91442966,1.225944,0.8999227,1.0793263,0.92612183,1.1422952,0.8769127,1.3113571,1.0257001,1.2175997,1.1403259,1.3205677,0.5671479,0.9333052,0.879324,0.8163322,0.86384934,1.3268807,1.2961382,1.3478606,1.2780725,1.0740074,1.1913478,0.97648865,1.2201842,1.2594392,1.2873892,0.99194205,1.1888361,1.2823877,0.8107209,0.7274459,1.280809,1.0595748,0.9741904,1.0963032,0.8191784,1.1101284,0.87660575,0.9245286,0.72616816,0.52479476,0.56911105,1.3896852,0.5401098,1.2910552,1.2830781,1.2388926,0.9539788,1.3339801,1.0689607,0.72983634,0.8821446,0.70910215,1.1504806,1.3441144,1.2753811,0.9617405,1.1050701,1.2721006,0.76597416,0.797258,0.9795004,1.0483476,1.3310652,0.54646343
bed,1.3532114,1.4994476,0.54809463,1.2162288,1.4009717,1.3008425,0.8740601,0.5512869,0.0,1.4734173,0.21595979,0.41542488,0.8087797,0.15515661,0.7044494,1.2038031,1.5245867,1.4044743,0.6603607,1.3528523,1.1274168,1.197227,1.3828651,1.4721634,1.1249064,1.5151494,0.6169198,0.45080745,1.3733861,0.51138175,0.63492805,0.88494295,1.3215704,1.2349106,0.17600739,1.3437386,1.5780096,0.29949963,1.4929922,0.5888631,0.91394746,0.685696,0.7373532,0.87791413,0.95173675,0.80785996,1.1802845,1.3863919,0.7428029,1.4157447,0.77411556,1.41729,1.383281,1.3711722,0.9752564,1.2562361,1.2790186,0.7023393,1.456257,1.0834382,0.9512536,1.4755926,0.8573142,0.78241116,1.0475298,1.4862884,1.1932071,0.83189315,0.777763,1.0731872,0.4862404,1.0340751,0.7174665,1.4154832,0.8997523,0.64503527,1.3451982,0.8198672,0.7150165,0.7279741,1.1887277,0.9191176,1.4849842,1.0441333,1.476148,1.3124962,1.4513931,0.66402584,0.82592213,0.48904383,0.69615126,0.7461674,1.557302,1.4641768,1.5126264,1.198524,1.0337359,1.2881289,1.1704376,1.152627,1.1367788,1.1704309,0.77013636,1.2343535,1.3546176,1.0325183,0.57306397,1.2775708,1.2110195,0.64856446,1.2744644,0.65918034,1.0406038,0.71881485,1.0266469,0.8201997,0.8884561,0.5773026,1.5667359,0.652319,1.5040939,1.0871302,1.5111194,0.91861415,1.5483618,0.8014389,0.55931675,0.8696726,0.4386294,1.254457,1.4890826,1.4754012,1.0894934,0.94935215,1.1604439,0.696777,0.61050344,0.89787734,1.1841354,1.5170805,0.7351025
belt,0.46018863,0.4962716,1.3387345,1.0093524,0.8270466,1.0088198,0.96381503,1.2545276,1.4734173,0.0,1.3697703,1.535985,1.1083792,1.4573872,1.1567055,0.6755938,0.44615936,0.6461848,1.2899914,0.9359808,0.8437582,1.0094756,0.62744814,0.2698015,0.71492904,0.56914806,1.2113988,1.1672324,0.65918446,1.2337376,1.3413013,1.2535261,0.99853975,0.9795475,1.3732085,0.8245869,0.3542863,1.4599979,0.47844166,1.3569455,1.3251549,1.3458995,1.3105649,1.0519061,0.9360603,1.1559252,0.94612557,0.85348123,1.1250639,0.57084656,1.3070654,0.69250363,0.55372006,0.7968533,1.0567381,0.6695516,0.9383842,1.3703477,0.32271647,0.87321544,1.0819666,0.88846695,1.1628393,1.3181165,1.1645269,0.48421353,0.9763081,1.2938246,1.0907333,1.1665289,1.2474278,0.8774613,1.1582947,0.3827505,1.224817,1.3555942,0.90379417,1.3331208,1.4071208,1.0787821,0.9242474,1.0292886,0.5278504,1.0579098,0.61264235,0.6842765,0.6901089,1.0660446,1.1834024,1.4007527,1.0713221,1.2987812,0.3932612,0.61487556,0.41280508,0.46429396,1.054627,0.74776316,0.8362265,1.0420835,1.1025125,0.95052814,1.2754104,0.63108146,0.4852463,0.89087343,1.2654853,0.906262,1.002468,1.2874444,0.9838352,1.3067235,1.0127672,1.0749807,0.9683361,1.1711488,1.1721696,1.3212562,0.2973286,1.2012184,0.48357815,0.84497505,0.7224097,1.2439687,0.5547222,0.99943644,1.2472003,1.1810156,1.5213292,0.90906733,0.5640261,0.519151,1.1327553,0.91180754,1.079137,1.4102626,1.1930398,1.1340744,0.7883946,0.2678995,1.0544564
bench,1.3327715,1.5163032,0.53223336,1.3227222,1.4355239,1.2672904,0.9271611,0.52931905,0.21595979,1.3697703,0.0,0.57435066,0.87741214,0.3661523,0.6202434,1.2613969,1.5630175,1.4323657,0.7798267,1.1930863,1.0844752,1.2540663,1.3602991,1.3997205,1.0984712,1.4224184,0.54958314,0.37446147,1.4513824,0.5251629,0.6103677,0.8428631,1.2699258,1.2364901,0.12696493,1.2923917,1.5986269,0.5632906,1.513703,0.6070542,0.7933826,0.71844286,0.9561828,0.81106126,0.8425745,0.6900264,1.1127435,1.406797,0.80706084,1.4352677,0.78571427,1.3363676,1.3377781,1.4884096,0.9767054,1.2886425,1.3737911,0.6720706,1.450856,0.9152422,0.9384667,1.4598755,0.82756525,0.80133927,0.9986519,1.5168917,1.3036125,0.783601,0.892161,1.0639901,0.4010011,0.85519665,0.65098315,1.423089,0.8728871,0.75640893,1.2986709,0.8700984,0.8026601,0.7806721,1.163113,0.656176,1.4893959,1.061637,1.41659,1.2402536,1.4203484,0.53255624,0.93827045,0.5966933,0.5016882,0.8834298,1.5364043,1.4611318,1.4785628,1.1832749,0.8477243,1.341214,1.2690518,1.2333102,1.1248627,1.1516447,0.8699868,1.2572851,1.2600472,0.96868145,0.6193383,1.3965206,1.2085698,0.6583979,1.2449453,0.6140253,1.0900168,0.5517734,0.9027941,0.8307057,0.8359455,0.5386139,1.529154,0.67474425,1.5443256,1.0595683,1.370717,0.8794973,1.5389901,0.7950399,0.567248,0.8988223,0.626153,1.3242571,1.439973,1.4420382,1.0252173,0.99913615,1.3714933,0.75051165,0.859638,0.835986,1.2157438,1.4771136,0.71348536
bib,1.3566589,1.4811118,0.48844767,1.2165161,1.3480977,1.1630931,1.0875653,0.75064623,0.41542488,1.535985,0.57435066,0.0,0.83244866,0.3125221,0.80157226,1.2930183,1.5434515,1.4597483,0.88300616,1.135154,1.2769601,1.134437,1.4276993,1.581877,1.3192759,1.3683193,0.74928975,0.8601547,1.3956342,0.8075123,0.8120866,0.84285516,1.1439551,1.1333605,0.6009252,1.2144154,1.5368118,0.6408189,1.5465965,0.69774026,0.93966836,0.79907393,0.7359912,1.088148,1.2038121,0.71196496,1.005741,1.3499974,0.8081299,1.377275,0.72360325,1.2229933,1.3083537,1.3585619,0.84150195,1.3336229,1.118885,0.76664686,1.4362301,0.95353526,0.8879741,1.2692446,0.80771196,0.71411616,0.8166685,1.4437792,1.1657835,0.76895887,0.6051533,1.1187861,0.473153,1.0048845,0.9624673,1.5369703,0.85279834,0.6164978,1.2714772,0.8816413,0.4896087,0.9694387,1.026689,0.8084506,1.4152867,1.0168495,1.1770065,1.2862357,1.3282499,0.9706916,0.85045576,0.24406946,0.6446063,0.7586461,1.4732518,1.3420907,1.4546266,1.3204285,0.90133417,1.3751497,1.1844919,1.1615195,1.1066015,1.065305,0.7355386,1.3614783,1.3704371,1.2427399,0.40002388,1.2399588,1.1455001,0.46231437,1.0482748,0.42289537,0.9337994,0.65996504,1.056578,1.061115,0.96373135,0.5752417,1.5392394,0.7293528,1.4871709,0.98289794,1.3758085,0.9003885,1.4651283,1.0071733,0.41956437,0.78553236,0.58573246,1.310435,1.3353279,1.3202524,0.9405142,0.9154608,1.1634872,0.75068235,0.78430676,0.9294677,1.3602281,1.4305091,0.923651
bird,0.98173404,1.0500579,0.94879144,1.0914887,1.0913311,1.1195054,0.96226406,0.9156242,0.8087797,1.1083792,0.87741214,0.83244866,0.0,0.7440526,0.94348276,1.073675,1.061358,1.1240165,0.9963806,1.2458904,1.0500686,1.1228118,1.019198,1.1671853,0.9642282,1.1809634,0.64388525,1.0492549,1.056235,0.9757466,1.0250993,1.0044516,1.109025,1.1468283,0.87683076,1.0438142,1.0856279,0.9101982,1.0836339,0.7898507,0.93341136,0.8066576,1.034842,1.1514369,1.1037529,1.040878,0.98562205,1.1533304,0.85907656,1.030175,0.9583628,1.1866119,0.7706006,0.96784776,1.0964006,1.0191598,0.7893194,0.8130553,1.0188755,1.0989838,0.74409103,1.082093,0.9299471,1.0474244,1.0991147,1.0726955,1.0377235,0.94007766,0.8529456,1.1288981,0.89419466,1.0278295,1.0908568,1.0453544,0.82433957,0.86949176,1.2432669,0.9762264,0.97390974,0.83081794,1.1523533,1.0071648,1.0894653,0.96119714,1.2955022,1.1595098,1.1285646,1.0778048,0.57419217,0.88352394,1.0614337,0.9548527,1.1405147,1.1879007,1.1518992,1.0715021,1.0595355,1.0410073,0.9796446,1.0115516,1.1937704,1.2518113,1.000264,1.1474617,1.1050227,1.1613722,0.9125787,0.97492737,1.1432496,0.828653,1.1876866,0.9758251,1.0412254,1.087234,1.0116956,1.0174112,1.0200338,0.7990154,1.1590806,0.71400875,1.1098484,1.1291835,1.2233372,0.8558519,1.1265252,1.1131331,0.9877606,1.0297496,0.8543224,1.154244,1.2103324,1.1231985,1.0307323,0.9887219,1.0743095,0.9786105,0.6977356,0.89572895,1.0695877,1.1185051,0.9623493
blanket,1.3445497,1.4650207,0.60384005,1.1225336,1.3000195,1.2403173,0.8212458,0.7348769,0.15515661,1.4573872,0.3661523,0.3125221,0.7440526,0.0,0.767703,1.1932685,1.5189428,1.3681949,0.7605481,1.2886691,1.1910938,1.1739479,1.3946117,1.4762723,1.1991975,1.4432503,0.6669992,0.59103596,1.3817964,0.71281135,0.7237141,0.8402611,1.2536851,1.1236708,0.34295207,1.2542527,1.5402429,0.4579575,1.5279081,0.64128715,0.9209707,0.74575347,0.71100414,1.0399531,1.014847,0.8357599,1.111704,1.3228505,0.79454094,1.3749444,0.86131865,1.3363011,1.2959642,1.3514074,0.9402821,1.2514064,1.1727192,0.7585606,1.4775167,0.9553358,0.91061044,1.2819308,0.92707396,0.8004716,0.9818343,1.3969405,1.1544974,0.79056025,0.77442783,1.0833353,0.5158141,1.0672936,0.89224505,1.5016205,0.8403983,0.5556984,1.2799547,0.8390016,0.5123704,0.86225176,1.1685606,0.92442054,1.4743743,0.8706386,1.3741903,1.3172467,1.3924404,0.8800309,0.8039814,0.34577465,0.72306335,0.74747485,1.5091708,1.4000746,1.4657495,1.0787818,0.9482288,1.326204,1.1376601,1.1388026,1.0687234,1.1012722,0.72788095,1.2971863,1.364069,1.2007877,0.5333785,1.2202773,1.2001752,0.5169531,1.193431,0.689656,0.9722164,0.7462792,1.0412055,0.97959316,0.95794433,0.6303767,1.526065,0.7068156,1.4965613,0.92840934,1.4304543,0.8712391,1.52589,0.88846433,0.6244489,0.8928135,0.5304083,1.272142,1.452453,1.4323418,1.0133322,0.6813068,1.1056461,0.6935048,0.6544522,0.9378701,1.3107393,1.4985138,0.89407605
boat,0.954886,1.3262713,0.8248192,1.2145579,1.2830347,1.0961506,0.88164055,0.5899603,0.7044494,1.1567055,0.6202434,0.80157226,0.94348276,0.767703,0.0,0.9534293,1.3462102,1.2559295,0.8570599,1.1064358,0.98230153,1.1902225,1.3033234,1.1926042,0.84892833,1.2376034,0.73177725,0.8375479,1.1637789,0.8757123,0.8640584,0.71937877,1.1811864,1.1783471,0.74873894,1.1818825,1.3077085,0.7676108,1.3203838,0.8449125,0.91100216,0.87496877,1.0419189,0.86616737,0.868242,0.8743732,1.095581,1.2987287,0.975278,1.2197702,0.9098763,1.1682844,0.945255,1.2194637,0.9418988,1.0501438,1.0223956,0.8146478,1.2290611,1.126099,0.8740108,1.2080841,0.9020399,0.97694904,0.98449665,1.3497739,1.0669729,0.76471126,0.9158056,1.1285405,0.77410233,0.90034044,0.8440623,1.2015805,0.9174777,0.9982695,1.1486473,0.9818412,1.001166,0.9069811,1.1176071,0.78536385,1.3158357,1.0827417,1.1454049,1.2080747,1.2579811,0.82216144,0.9310111,0.8719153,0.83945864,0.81241786,1.2740543,1.2021279,1.236978,1.1159354,0.9213471,1.1541747,1.0375485,1.0665431,1.1546445,1.1216146,0.96421045,1.1553093,1.201049,1.0461433,0.8173436,1.1319818,1.1355035,0.8852918,1.0609813,0.8393229,1.0586759,0.867753,0.9122559,0.9373193,0.81966937,0.57502276,1.3034217,0.5580006,1.2600408,1.2235636,1.2456255,0.7878404,1.3089023,1.066457,0.8492161,0.88393325,0.7542772,1.2475374,1.253089,1.189823,0.7611093,1.1208676,1.1862998,0.8834189,0.97898245,0.73147917,1.1799432,1.3312123,0.73466885
book,0.66403294,0.786803,1.2662642,0.9296364,0.9518611,0.9807327,0.6588,1.1759841,1.2038031,0.6755938,1.2613969,1.2930183,1.073675,1.1932685,0.9534293,0.0,0.6841825,0.7171645,0.63801175,1.0763094,0.866086,0.825547,0.88949,0.6183473,0.7485968,0.9232698,1.2969111,0.9420664,0.7433652,1.2050862,0.9672133,0.79456556,1.0614212,0.9030506,1.2615019,1.0222044,0.6369573,0.98011094,0.6888217,1.2362999,1.1889951,1.186466,1.0851377,1.0708244,0.74860555,1.2058048,1.2031543,1.0408614,1.0955672,0.93693644,1.2398701,1.0297959,0.7975426,0.7001057,0.8760477,0.69026446,0.8902253,1.2935166,0.7872657,1.0295744,1.1476177,0.83722866,1.2486883,1.2387394,1.145858,0.78676915,0.85371846,1.1937307,1.0656213,1.0187417,1.3207502,0.92877173,0.9219381,0.6317779,1.0590885,1.0565547,0.868549,1.0891205,1.2062287,0.99344546,1.1153078,1.2631282,0.8972397,0.86894155,0.98579377,1.2075334,0.99351376,1.0900769,1.1727239,1.3019397,1.3040591,0.54856145,0.6070941,0.61754614,0.8287686,0.65889364,1.0341882,0.76601493,0.69778955,0.9343964,1.1583947,1.020479,0.8872525,0.7652755,1.0344124,0.9471129,1.1978754,0.88755524,0.96968657,1.2925307,0.87500757,1.289938,0.89329433,1.2738855,0.9310857,1.0364771,0.9909951,1.0722626,0.69069654,1.1190461,0.78154016,0.9212895,0.855899,1.1348034,0.838607,0.99020916,1.2655909,1.205924,0.88177,0.82222104,0.9993986,0.94431156,0.9467623,0.8075769,0.7670638,0.9263048,1.060442,0.97207296,0.81898797,0.8159512,1.0846645
bottle,0.79934317,0.2015078,1.5104606,0.7167141,0.6252445,0.92006105,1.0134212,1.3767772,1.5245867,0.44615936,1.5630175,1.5434515,1.061358,1.5189428,1.3462102,0.6841825,0.0,0.42202723,1.1807411,0.9743471,0.7775327,0.69941235,0.46834278,0.28246272,0.8068315,0.62333786,1.4030855,1.250355,0.45966488,1.2587826,1.2666637,1.3072175,0.9688353,0.90464926,1.4658451,0.8386434,0.17915797,1.406194,0.08913946,1.4134672,1.1910498,1.266895,1.2164248,1.0682701,1.1261526,1.2507973,1.1395332,0.7140642,1.1949886,0.61567223,1.2725391,0.89679915,0.7814575,0.4839006,1.1494397,0.79532945,0.9037894,1.2704626,0.30062532,1.1717256,1.116989,0.68774587,1.2481079,1.3034612,1.3542733,0.37569213,0.91622233,1.2967136,1.1779575,0.8692111,1.4574082,1.1976584,1.2213793,0.2662391,1.238083,1.3167905,0.83964604,1.1285943,1.4178267,1.0805306,1.0148752,1.2956102,0.32964802,1.0243582,0.7842229,0.8886705,0.53421086,1.2165079,1.1280942,1.513371,1.35269,1.2591221,0.4201923,0.68922716,0.40657628,0.6182163,1.2039162,0.54891276,0.7064047,0.8756751,1.0555048,1.016461,1.2025145,0.6382382,0.6251832,0.8412521,1.4400963,0.8200612,0.93016136,1.356864,1.0320177,1.3917568,1.0223124,1.3516229,1.1693748,1.1221943,1.1698539,1.3442454,0.37058842,1.2703503,0.282421,1.0098823,0.8627043,1.1767273,0.37956274,1.0954756,1.4004197,1.181189,1.3894553,0.5776498,0.62769973,0.5908647,1.1449995,1.013252,0.7198574,1.2885554,1.190011,1.1314148,0.64993453,0.3725469,1.2184662
bowl,0.8502738,0.4837929,1.493546,0.6372733,0.51415485,0.70652795,0.88359845,1.1817522,1.4044743,0.6461848,1.4323657,1.4597483,1.1240165,1.3681949,1.2559295,0.7171645,0.42202723,0.0,0.79656506,0.9407224,0.90915745,0.46752512,0.6962138,0.4636625,0.8748243,0.6271482,1.4683682,1.1379565,0.6561682,1.2646942,0.9046212,1.1955534,0.9815419,0.75255823,1.4198937,0.9480731,0.48672068,1.151353,0.29798293,1.4396962,0.87580085,1.3212543,1.1600667,1.1441041,0.9472671,1.334614,1.1831882,0.7254847,1.1985116,0.80012524,1.3015984,1.0013266,0.82310236,0.6273079,1.170819,0.7923985,0.9201672,1.2038157,0.6644726,1.2183385,1.0642232,0.64003634,1.3881319,1.2600064,1.2839763,0.60875905,0.9729452,1.200524,1.1589354,0.7151927,1.4591019,1.0818317,1.2314445,0.5595353,1.2585084,1.2210599,0.6692883,0.8895322,1.2818503,1.0384209,1.0634707,1.2864902,0.6792711,0.8811186,0.9378674,0.9360354,0.678982,1.0602106,1.1961563,1.4553733,1.3816131,1.1081594,0.68233913,0.7730882,0.58502024,0.7832242,1.2179673,0.7280447,0.29546392,1.0513254,0.95778394,1.0668414,1.0132009,0.65608555,0.8608544,0.9037457,1.3446605,0.95136213,0.7348286,1.3785217,0.81179315,1.4148037,1.0872495,1.3988819,1.0044459,1.0819334,0.7377706,1.269517,0.64571166,1.2903297,0.57259786,1.028941,0.6311641,1.1227087,0.5085058,1.1212502,1.4027336,1.3101387,1.0972522,0.4830569,0.91119504,0.807016,1.0434105,0.9548039,0.6651014,0.65445644,1.1429585,1.103741,0.8604746,0.7139764,1.2345486
box,1.1224521,1.3144946,0.9770955,0.9659859,1.1022407,1.0360004,0.6483872,0.768023,0.6603607,1.2899914,0.7798267,0.88300616,0.9963806,0.7605481,0.8570599,0.63801175,1.1807411,0.79656506,0.0,1.2470193,0.8840733,0.7132404,1.2162932,1.0833098,1.0809213,1.2700665,1.1262331,0.6004024,1.1789458,0.73229915,0.61768305,0.71894115,1.2156476,0.83057755,0.8181547,1.333044,1.2347316,0.2931075,1.0706298,0.9955327,0.8137985,0.9695248,0.80652666,0.8845443,0.5605502,1.0952171,1.3083671,1.3003074,1.0441582,1.3577297,1.0224485,1.3990922,1.205136,0.9405524,0.9273256,0.91688156,1.0188185,0.8419508,1.3713425,1.1209433,1.055979,1.022155,1.1361862,0.9740754,1.095348,1.3115957,0.9748524,0.8701358,0.9467936,0.7031945,1.0716995,0.87892145,0.6578015,1.1784579,1.0366832,0.7887311,1.0782477,0.84979373,0.8749361,0.7760914,1.1720934,1.1455745,1.4252712,0.86046225,1.3797686,1.4189744,1.4222054,0.7498076,1.0712869,0.9992989,1.118965,0.5132707,1.2041185,1.0074633,1.3093679,1.2289269,1.0497894,1.0697299,0.6854776,1.0446807,1.1684375,1.2112197,0.56258625,0.9419733,1.4019685,0.8899744,1.0498965,1.089035,1.0085641,1.0482678,0.8875966,1.0594554,0.9350349,1.0956905,0.8716871,0.78236306,0.58063585,0.77209693,1.3305532,1.0114386,1.2391003,1.0225163,1.0716468,0.99348116,1.2631323,0.8122947,1.068652,1.0902107,0.3518818,0.8770305,1.4616915,1.3879416,0.78396595,0.9460198,0.68964267,0.42269003,0.90416515,0.9242794,0.98779494,1.3883044,0.9830057
bread,0.9688072,0.89052814,0.9357674,1.0316892,0.91688865,0.5496023,1.2403296,1.1542352,1.3528523,0.9359808,1.1930863,1.135154,1.2458904,1.2886691,1.1064358,1.0763094,0.9743471,0.9407224,1.2470193,0.0,1.099091,1.080507,1.0185084,1.0107415,1.0844072,0.7904724,1.1043712,1.2483805,1.0195769,1.173437,1.2014267,0.9991287,0.6636951,0.84089625,1.2300469,0.80161154,0.9501562,1.3409929,0.91112864,1.1256398,0.9943584,1.1068559,1.0487671,1.0653377,1.1251905,1.0891992,0.9216027,0.7136237,1.0953811,0.9433732,0.9973025,0.71628237,0.93975306,1.0900731,1.0533917,1.0361247,1.0279124,1.1325431,0.9151474,0.85788894,1.0908852,0.8470684,0.9631426,0.87571937,0.78255934,0.8683327,1.0789174,1.1393323,1.2331012,0.91493833,1.1293216,0.91788983,1.1647269,0.9774723,1.1132083,1.0962332,0.42162406,0.99399734,1.0053418,1.2891246,0.8878772,0.7544937,0.8667232,0.8398371,0.80731153,0.8363676,0.5438392,1.0839767,1.2481182,1.125189,1.0515103,1.1456721,0.90734166,0.88249147,0.84940255,0.93459815,0.8052881,1.1159362,1.0724518,1.090082,0.72788274,0.68989277,1.1569197,1.0542955,0.8548164,1.0464685,1.0645783,1.104907,0.98204684,1.0365598,0.8429137,1.083285,1.1203954,1.0824653,0.8835507,1.1251854,0.98509777,1.17277,0.89296347,1.2043306,0.76731014,0.9373174,0.7666671,1.2081513,0.8879062,1.1442956,1.0772614,0.98096323,1.3004372,0.86986166,0.7461108,0.84024763,1.0221317,0.932905,1.1296068,1.1770403,1.2076163,1.139477,1.082652,0.8924893,1.0902694
broom,0.69670993,1.0125281,1.1406646,1.0244411,1.0334244,1.0460874,0.86331713,0.95278794,1.1274168,0.8437582,1.0844752,1.2769601,1.0500686,1.1910938,0.98230153,0.866086,0.7775327,0.90915745,0.8840733,1.099091,0.0,0.8993338,0.85715425,0.6936532,1.0465348,0.96375954,1.1459789,0.85318434,0.8743696,1.0473796,1.0782418,0.96254456,0.9392994,0.9356537,1.1043912,1.1099797,0.7878254,0.9974492,0.7398196,1.1200411,1.0533612,1.0798883,1.1374776,0.68763506,0.8015576,1.0520035,1.1496824,1.067307,1.2018831,1.0362022,1.1538765,1.1324073,0.9175035,0.7756552,1.0978103,0.72601545,1.023215,0.92273754,0.9663168,1.1758906,1.0065252,1.082523,1.1533391,1.0591638,1.221311,1.0666198,1.0192384,0.91924816,1.0919296,0.78157973,1.2692509,0.8325977,0.706916,0.6575118,1.045998,1.1469325,1.0353246,0.99518627,1.2320316,1.0027077,1.1100514,1.098198,1.0339338,0.8063596,0.9992531,1.0626912,1.117888,0.8486235,1.1436396,1.3314604,1.1852528,0.9895106,0.741658,0.7482122,0.9258208,0.89378905,1.0254371,0.78437424,0.93585896,0.9901729,1.1335222,1.1087464,1.0375624,0.9337894,1.0680372,0.597937,1.1978391,1.0029184,1.0955184,1.1417791,0.9726401,1.2233663,1.1124552,1.1605244,0.85077465,0.7293618,0.7955588,1.0651217,0.9771423,1.0536407,0.7276845,1.0444,0.9244533,1.0845724,0.98922455,0.90190816,1.210156,1.1425459,1.0894946,0.8779379,1.0842222,1.0398116,0.7122684,0.8655597,1.0129809,1.1116812,1.1101235,1.0168842,0.54620147,1.0236187,0.91075414
bucket,0.98680085,0.97619426,1.2867181,0.77402455,0.84103924,0.8813421,0.8084831,1.1094164,1.197227,1.0094756,1.2540663,1.134437,1.1228118,1.1739479,1.1902225,0.825547,0.69941235,0.46752512,0.7132404,1.080507,0.8993338,0.0,0.7907313,0.7389373,0.9648666,0.9690487,1.3441987,0.9049897,0.8635938,1.1249741,0.8289895,1.029892,1.0762382,0.84121776,1.2325963,1.0907888,0.8805842,0.87797356,0.5324849,1.2598492,0.74107516,1.1479591,1.0145001,1.0301061,0.9379439,1.1354668,1.1850563,1.0396694,1.1688079,1.0459713,1.1951749,1.1986408,1.0020792,0.8483411,0.94282943,0.8297414,0.9686182,1.0524247,1.0839635,1.0341442,1.1320764,0.8769585,1.2639517,1.1918572,1.1911232,0.9494141,0.8542353,1.0418952,0.98174596,0.5137329,1.3280988,0.9741376,0.9727633,0.91959256,1.1300613,1.0213867,0.8267674,0.8143333,1.040163,0.8977003,1.0860592,1.2190048,1.099796,0.85195994,1.0617673,1.1539279,1.1376652,0.9281896,1.0982674,1.2482368,1.2628213,0.9648483,0.9529401,0.95879525,0.99086386,0.9464102,1.129974,0.7523038,0.7296927,0.94391805,1.0940111,1.1688904,0.55361253,0.7401531,1.1899995,0.78505373,1.1946044,0.8996188,0.8375527,1.218029,0.8487234,1.2181358,0.727832,1.2553307,0.8921541,0.90243185,0.78452,1.1373353,0.89068115,1.2123619,0.946236,0.91842896,0.7503259,1.0782877,0.93130195,0.8214526,1.2549745,1.2013874,0.9502632,0.50892943,1.1622107,1.0744481,0.9478721,0.94499594,0.6924771,0.5922456,1.0694354,1.0554967,0.74794936,1.0299281,1.1295764
butterfly,0.7296032,0.55052686,1.4090556,0.8844832,0.8151654,0.9384422,0.9629206,1.3281904,1.3828651,0.62744814,1.3602991,1.4276993,1.019198,1.3946117,1.3033234,0.88949,0.46834278,0.6962138,1.2162932,1.0185084,0.85715425,0.7907313,0.0,0.5504887,0.9088216,0.6614016,1.1678321,1.1099681,0.6343833,1.1678565,1.2563366,1.2803144,1.1067562,0.95159537,1.3204195,0.8640679,0.49557233,1.2770015,0.54359686,1.1733723,1.0954883,1.102185,1.0898186,1.053038,1.0154698,1.2018986,1.0714164,0.85312235,1.0435662,0.77147275,1.2558923,0.92961234,0.7646023,0.65849197,1.0733984,0.8975131,0.750978,1.2628869,0.64495206,0.95236707,1.1260341,0.9193567,1.2475331,1.2465721,1.2329063,0.5647404,0.7635289,1.2327893,1.1312262,1.0234551,1.3385844,0.9499631,1.0549388,0.6000896,1.0442848,1.2530134,0.91378665,1.1956568,1.3164005,0.97292495,1.0613955,1.1848726,0.64599556,1.108741,0.85801405,0.9309399,0.76450384,1.1353178,1.0411637,1.4031997,1.2388492,1.2795281,0.6269963,0.80639195,0.6455548,0.70675004,1.2118442,0.66072065,0.9248823,0.78076816,1.0631027,1.0024779,1.0583396,0.6999317,0.66685903,0.90681815,1.3011339,0.7326223,0.9285355,1.2399384,0.835044,1.3281553,0.9284043,1.2402455,0.93911976,1.0548905,1.175527,1.3434873,0.44632578,1.2724798,0.6294966,0.96888024,0.6680518,1.1279781,0.6747483,0.8813611,1.3254251,1.1953112,1.3360032,0.7481095,0.7393589,0.7387216,1.1802999,1.0343593,0.78648627,1.2048997,1.1722327,1.1015826,0.58649826,0.5750083,1.2681384
can,0.6054466,0.43162394,1.524925,0.8775562,0.6812763,0.9984938,0.79755175,1.2853332,1.4721634,0.2698015,1.3997205,1.581877,1.1671853,1.4762723,1.1926042,0.6183473,0.28246272,0.4636625,1.0833098,1.0107415,0.6936532,0.7389373,0.5504887,0.0,0.7072264,0.5204208,1.3243511,0.94648015,0.5407953,1.2317879,1.1985083,1.2130439,1.1201441,0.91951907,1.4234111,0.91268486,0.28557086,1.2849896,0.29115057,1.468166,1.3109188,1.3537378,1.2800287,0.8997553,0.87268317,1.1238543,1.1194164,0.865423,1.1525748,0.6699636,1.38936,0.8670692,0.59691906,0.6690278,1.1087303,0.66527325,0.9829381,1.4166431,0.41464758,0.9962048,1.098352,0.8415226,1.3041954,1.3634591,1.3430414,0.44601297,0.93976295,1.3968397,1.0946263,1.0165412,1.3791593,1.0729038,1.0633007,0.28863776,1.2364168,1.3134596,0.8444015,1.2729192,1.3973199,0.96258813,1.0480151,1.0659294,0.5469009,1.0102125,0.70401967,0.87040925,0.7263257,0.9875303,1.1841418,1.455242,1.1851685,1.2912967,0.49588984,0.72242314,0.32677668,0.437733,1.0910335,0.60512733,0.7615048,0.94708854,1.1357445,0.95183766,1.1573234,0.57793826,0.633644,0.6970041,1.427331,0.8720971,0.8939296,1.3836718,1.0137552,1.3503902,1.0285723,1.2016368,1.1074764,1.0192313,1.1223142,1.396405,0.32642847,1.2864304,0.34602934,0.89105874,0.760894,1.2770743,0.45142424,0.91875005,1.4017043,1.2276567,1.4532362,0.75232947,0.65730655,0.6424488,1.1395515,0.8671505,0.88278395,1.2846497,1.2238468,0.99369055,0.6900076,0.43257248,1.0386621
car,0.76879656,0.79806185,1.2915224,1.0017501,0.9153836,1.0498292,0.7740574,1.0421128,1.1249064,0.71492904,1.0984712,1.3192759,0.9642282,1.1991975,0.84892833,0.7485968,0.8068315,0.8748243,1.0809213,1.0844072,1.0465348,0.9648666,0.9088216,0.7072264,0.0,0.9807516,0.9377957,0.9365566,0.7634897,1.0440208,1.1627393,1.0638255,1.0600611,1.079067,1.0436349,0.8594917,0.81212336,1.0365491,0.80607694,1.1885483,1.1191384,1.0401335,1.1618208,0.82842684,1.0065603,0.85149276,1.0583047,1.0332541,0.9877646,0.90662575,1.0783985,1.1149095,0.75798106,0.80877936,1.2227721,0.693431,0.9609076,1.0648074,0.8222604,1.1004684,1.1160421,1.0128508,0.9895306,1.2473443,1.2898154,0.8538306,0.83153677,1.15306,1.0799412,1.0953867,1.2035214,1.1131182,1.0053948,0.72476697,1.0563715,1.1720873,0.8874393,1.1586645,1.2661058,0.5903907,1.1307306,1.0904825,0.9182249,1.0872433,1.1006368,1.0283234,1.0413778,0.897383,0.9021532,1.2308028,1.1309648,1.1121633,0.9210619,1.0452242,0.83623946,0.6948159,1.0338631,0.7027292,0.9648058,0.8772427,1.0719191,1.0726696,1.0596195,0.7896923,1.0092493,0.8375343,1.2273898,0.8148956,1.0057878,1.2237285,1.1405674,1.0831823,1.0878279,1.1144676,1.1357836,0.88348985,1.1060427,1.1391811,0.8406762,0.98597026,0.8794815,1.1804366,1.055679,0.8258353,0.82239634,0.87400305,1.230208,1.0651356,1.2617846,0.96514493,1.0863178,0.9417247,1.1359744,1.0515897,0.9780376,1.137615,0.96989393,0.47721338,0.82549506,0.95320666,0.6754378
carrot,0.8080268,0.46971387,1.3499873,0.98810774,0.64791167,0.6591431,1.1810373,1.331144,1.5151494,0.56914806,1.4224184,1.3683193,1.1809634,1.4432503,1.2376034,0.9232698,0.62333786,0.6271482,1.2700665,0.7904724,0.96375954,0.9690487,0.6614016,0.5204208,0.9807516,0.0,1.3580433,1.2877351,0.9339734,1.3083391,1.2092875,1.1292968,0.98872477,0.714995,1.4626437,0.75189346,0.33047533,1.4081616,0.7237215,1.3633456,1.1581208,1.4092801,1.2418259,1.1830969,0.9861374,1.1686617,0.8932784,0.7246747,1.2281177,0.73630154,1.2532175,0.55298793,0.5865921,0.84645283,1.0033786,0.8857684,0.79269385,1.2268914,0.56980526,0.98027456,1.0698631,0.60863125,1.2464185,1.1731429,1.0239853,0.7033451,0.9246002,1.2733947,1.0440509,1.170562,1.1825064,0.87292516,1.1838323,0.74900764,1.1756489,1.2788115,0.82743144,1.2263899,1.2220168,1.1931689,0.83869725,0.9210347,0.5196154,1.1193234,0.62838304,0.84137857,0.5017159,1.2284938,1.2655909,1.2531208,1.0676353,1.2298712,0.53841805,0.5947425,0.21020436,0.9409686,1.0323431,0.98593175,0.7189528,1.0683804,0.924559,0.90441716,1.2460637,0.91033185,0.46421313,1.0794494,1.2104173,0.9717139,0.65790486,1.2495627,0.566959,1.2397333,1.1242274,1.101156,0.96996784,1.2882231,1.1517797,1.2319291,0.5569172,1.2674948,0.5607171,0.9803398,0.41994816,1.0934403,0.40426928,1.2107997,1.2855988,1.1899049,1.3549916,1.0156041,0.49915987,0.45524824,0.94029903,1.0171741,0.90596867,1.2068441,1.2685345,1.0951202,1.0700116,0.5293947,1.3078507
cat,1.036161,1.3380561,0.7324057,1.2392845,1.3513296,1.2246604,1.0474966,0.8324826,0.6169198,1.2113988,0.54958314,0.74928975,0.64388525,0.6669992,0.73177725,1.2969111,1.4030855,1.4683682,1.1262331,1.1043712,1.1459789,1.3441987,1.1678321,1.3243511,0.9377957,1.3580433,0.0,0.8492553,1.2022552,0.79560924,1.0241283,0.9682449,1.0669103,1.2387874,0.54836863,1.087186,1.4442027,0.84701324,1.4064053,0.30272186,0.96094453,0.2281878,0.9504614,0.9149773,1.1605628,0.8517145,0.960864,1.2931321,0.5266871,1.2094638,0.8605967,1.2997835,0.9865781,1.2794,1.046131,1.085358,0.95334697,0.7635451,1.2608308,0.9673347,0.9128555,1.4018366,0.8088804,0.9690867,1.0383646,1.319488,0.987417,0.8185262,0.9613864,1.1321013,0.7704276,1.1079692,0.95144,1.2458565,0.5042781,0.9600699,1.2399054,1.024722,0.9410078,0.8768193,1.1668894,0.7383608,1.3456746,1.0725702,1.3488708,1.0505804,1.2974207,0.8535506,0.5156861,0.8350438,0.8562648,1.0438273,1.424418,1.4350469,1.3200753,1.0520189,0.886325,1.1285695,1.3035684,0.8276043,1.0943815,1.0714269,1.0704192,1.2097282,1.1310562,1.0720129,0.79815865,0.9945389,1.2730097,0.7274839,1.3141465,0.829689,1.096104,0.8641058,1.0803945,0.9150128,1.0770291,0.88561714,1.3348204,0.7010561,1.3190945,1.1557963,1.3777837,0.8265304,1.3747119,0.946219,0.80951625,0.97973794,0.9407946,1.2811537,1.3024428,1.2974143,1.0385044,1.0718908,1.2986969,1.0965546,0.8544917,0.7662811,1.1324859,1.3437107,0.80048585
