,apple,ball,balloon,banana,basket,bathtub,bed,belt,bench,bib,blanket,book,bottle,bowl,box,bread,broom,bucket,butterfly,can,car,carrot,cat,chair,clock,closet,comb,couch,cracker,crayon,crib,cup,deer,dog,doll,door,drawer,dress,egg,face,finger,fish,flower,fork,frog,glass,glasses,glove,gum,hair,hand,hat,knife,ladder,lamp,leg,melon,mitten,nail,napkin,necklace,nose,orange,oven,pajamas,pants,paper,pen,pencil,pickle,pillow,plant,plate,purse,radio,refrigerator,rooster,scarf,scissors,shirt,shoe,shower,sink,slide,slipper,soap,sock,spoon,sprinkler,stroller,table,tape,toe,tooth,toothbrush,towel,toy,tray,tree,vacuum,watch,window
apple,0.0,0.80340886,0.7271131,0.89367276,1.0763562,0.91245496,1.1420474,0.91744554,1.135952,0.98151433,1.0321919,1.1913402,1.0980419,1.0365769,1.0189074,0.8804896,1.1562022,0.9857233,0.85864264,1.1213639,1.0407614,0.49353433,1.1538756,1.1218925,1.0107852,1.0991317,1.0360622,1.184903,0.62259835,0.7808809,1.1577436,1.0413659,1.1323462,1.1256247,1.0667506,1.1360161,1.0201316,1.1919131,0.5842216,1.0574353,0.8119031,0.79969615,1.0780882,1.1338942,0.89648134,0.86424375,1.0783422,1.1321208,0.65597236,1.1001143,0.802003,0.8597126,1.119593,1.129375,1.1878494,1.0996108,0.61137474,0.785545,1.0353285,1.0821004,1.0741485,1.0412086,0.66547245,1.2408313,1.1866237,1.1122379,1.0246212,1.0625548,0.8708632,0.49211293,1.1032225,1.0290933,0.7424152,1.2694341,0.99358076,1.1945766,1.2021636,1.0541108,0.97715485,1.0747925,1.1578104,1.1530666,0.96172553,1.058691,1.1577076,0.96063054,0.8876785,0.95985985,1.030211,1.1050451,1.1287221,0.9849139,0.8671781,0.71147263,0.98797804,1.1977457,0.87889564,0.63759613,1.1588496,1.2439699,1.1324142,1.1672138
ball,0.80340886,0.0,0.104649484,1.0547931,1.0568627,0.9633021,0.78284144,1.2466997,0.9912751,0.89578485,0.78627247,1.2561294,1.272537,1.1978977,1.037035,0.9214447,1.2550764,0.90569305,1.041168,1.288712,1.2009028,1.0503832,1.1238254,0.99860543,1.1154016,0.98474145,1.1060042,1.060815,1.0510399,1.2990239,0.9363009,1.1919461,1.0279757,0.9598259,0.79704434,0.97440064,1.1161094,0.9325251,0.88943577,0.85902226,1.0238681,0.57765526,1.1650196,1.3096335,0.9174534,0.8631065,1.3031735,1.0978781,0.96999145,0.9799195,0.76183766,0.80204654,1.3321751,1.071605,1.1533688,1.2068825,0.7610909,0.73921096,1.1869243,1.2382402,1.138585,0.9526082,1.0875252,1.2473997,0.9603236,0.95220375,0.95869523,1.2695698,0.9252766,1.1414385,1.2171576,1.1403898,1.1652634,0.98562473,1.0835531,1.0213373,1.0615702,0.85334677,0.76480186,0.9598263,1.0699667,1.1465428,1.2183732,0.7895086,1.3165241,1.2080014,0.88633335,1.2052653,1.0752684,0.7927511,0.8326075,0.7464257,1.0549456,0.8683814,0.82537067,1.2628306,0.51795274,0.7564372,1.0508916,1.2814064,1.1801791,1.1002599
balloon,0.7271131,0.104649484,0.0,1.0080498,1.0441433,1.0337658,0.99038845,1.1459594,1.0906999,1.0516218,0.9211345,1.163384,1.212477,1.1361518,1.1012344,0.77169156,1.1194772,0.76871777,0.9780681,1.1860262,1.0920218,0.9228875,1.0495261,1.0892271,0.8930886,1.0712799,1.0638067,1.1288288,1.0024613,1.1150054,1.1156952,1.1608831,0.9956087,1.0225531,0.93881726,1.1253976,1.1521462,1.0905036,0.7765626,0.93313336,0.9138681,0.6913495,1.0954545,1.1604806,0.9445621,1.0137745,1.1900705,0.9979688,0.8566743,1.0584522,0.8538133,0.8832234,1.2160091,1.1522435,1.1158811,1.1474185,0.7456097,0.85163987,1.1042904,1.09651,1.1417844,0.85592616,0.9929998,1.1756752,1.1434927,1.063234,1.0580273,1.0953525,0.8916558,0.98602766,1.1082553,1.0708241,0.98747027,0.9686796,1.006264,1.1282858,0.9728984,0.993622,0.895462,1.0725176,1.0447992,1.1812317,1.2208098,0.9821674,1.1554749,1.1840355,0.96119,1.0472295,0.94920206,0.7824359,1.0107883,0.7140064,0.9191346,0.8648449,0.9491309,1.1477815,0.5666231,0.84625006,1.0851036,1.1559677,1.1437223,1.1767527
banana,0.89367276,1.0547931,1.0080498,0.0,1.0232716,1.263431,1.169733,1.0269033,1.2065442,1.0358373,1.1060753,0.985747,1.0567565,1.0291872,1.2961967,0.7851782,1.1087737,0.96839786,0.92396265,1.1423596,1.0596573,1.0079093,0.7475154,1.2025821,0.97368854,1.1614497,1.0456095,1.111118,0.7374195,1.0075191,1.2152117,1.066376,0.79474777,0.9113064,1.0316293,1.2421348,1.2112404,1.1142663,0.9182929,1.0801843,1.0714381,1.0471385,0.8182068,0.84227145,0.08189213,1.064525,1.0532504,0.8249792,0.92714816,1.0363708,1.0877523,1.096048,0.9282904,1.2026613,1.0115509,1.2001297,0.88543147,1.0767308,1.0508178,0.45510852,1.1444664,0.99458814,1.0160314,1.0568092,1.0934372,1.2031544,1.1160034,1.0079342,1.0882131,0.8351949,0.9360912,0.7957665,0.725512,0.80672765,0.9171326,1.1775844,0.816726,1.050796,1.0659698,1.1256472,1.0375257,1.1345183,1.0911763,1.2172635,1.0016466,0.9505106,1.1475714,0.8866323,1.0467291,0.7939353,1.0378617,0.8259161,1.1294836,0.97886515,1.1478475,0.92867255,0.8181929,1.0214778,0.92968374,1.0667882,1.0404857,1.2043518
basket,1.0763562,1.0568627,1.0441433,1.0232716,0.0,0.8913075,0.9379301,1.0827025,0.7002549,1.0291874,0.92090726,0.6891115,1.1457008,0.9593175,0.71535105,1.1060532,0.93420666,0.7271202,0.99715,0.9723041,0.9813862,1.0546327,1.072088,0.75422645,1.1189588,1.0248188,1.0324287,0.6525381,1.1314914,1.1508543,0.80306894,1.1125035,1.0339212,0.9556172,1.0714102,0.93403685,0.83602566,1.0497783,1.1050414,1.1585963,1.1169671,1.1125779,0.9023212,1.0063561,1.0420479,1.1022637,1.1435732,1.109525,1.1491038,1.0831435,1.07628,1.1977369,0.961255,0.94580144,0.89307266,1.0200393,1.0055268,1.0737584,1.1939871,1.0120587,1.0157318,1.1802351,1.0934975,0.67937815,1.0662465,1.0528694,0.74400085,1.1654929,0.908183,1.0073745,1.0979418,0.9840158,0.92628783,0.7709363,0.8640102,0.7458472,1.0694088,0.9669835,1.0975881,1.050868,0.94838035,0.91645646,0.9772805,1.0138134,1.0927706,1.1597236,1.0140786,1.1005121,1.09887,1.0310346,0.8378887,1.0809352,1.1981672,1.0011339,0.95809114,1.0597697,0.91019976,0.86780584,0.96040934,0.87968886,1.1103915,0.80819803
bathtub,0.91245496,0.9633021,1.0337658,1.263431,0.8913075,0.0,0.62583166,1.0922902,0.83563,0.70533276,0.75421095,1.1519592,1.3383656,1.130097,0.69506,1.1843563,1.0379221,1.0629123,1.0746142,0.9756477,1.1059859,1.0965251,1.2184339,0.6366839,1.1671275,0.8180942,1.1164838,0.9270491,0.8182957,1.2609494,0.6817477,1.2283384,1.1774956,1.085114,1.0663631,0.75926495,0.7854134,0.8493066,1.0424078,1.1228291,1.049453,0.82077134,1.2272336,1.2233691,1.1971388,0.69566596,1.3063407,1.095795,1.0257648,1.0547923,0.84018356,0.8903038,1.3607018,0.8939444,1.1116209,0.93193203,0.9099279,0.6991285,1.3244642,1.2650698,1.0806376,1.2332708,1.0236323,1.0341898,0.8279094,0.8254645,0.8921844,1.2513063,1.0074998,1.0729655,1.2015731,1.2344007,0.85301644,1.0918218,1.1112528,0.85548604,1.1232811,0.7737272,0.9382883,0.81299263,1.046751,0.69440424,0.9148441,0.67180336,1.250686,1.2306293,0.7799169,1.2042975,1.1309853,1.3513072,0.51979256,1.083231,1.1549432,0.91901135,0.8220972,1.1265862,1.0827732,0.571777,1.1321803,1.089278,1.3229454,0.8349416
bed,1.1420474,0.78284144,0.99038845,1.169733,0.9379301,0.62583166,0.0,1.3577561,0.59836644,0.6188671,0.36688417,1.2238551,1.3943076,1.3100216,0.79836535,1.3741086,1.2277926,1.1344287,1.1891227,1.3314011,1.2585777,1.2965329,1.2602278,0.45682847,1.3303227,0.5358138,1.1621974,0.726519,1.099557,1.4969362,0.3203839,1.323029,1.0326936,0.92364335,0.6991254,0.55066097,0.882032,0.63085395,1.3064454,0.89383334,1.2927016,0.7852814,1.0877105,1.4830108,1.0134623,0.5905923,1.5140855,1.2539542,1.347197,0.82273364,0.87654966,0.893008,1.4281236,0.82760763,1.1077244,1.1267385,0.9572768,0.7868667,1.3077277,1.3281233,1.1913744,1.2257946,1.252965,1.0863495,0.600772,0.7496954,0.80523294,1.4409537,1.0249524,1.3200462,1.4375787,1.1492659,1.3417838,0.91139895,1.1258765,0.6221386,1.1375229,0.60916424,0.70972085,0.7390528,1.169805,0.9072118,1.1932793,0.22997665,1.5761517,1.275316,0.91572535,1.5021095,1.3374059,1.1885666,0.20253521,1.2141852,1.4049762,0.98187923,0.7181672,1.3322831,0.82517594,0.6398715,1.0089253,1.2437013,1.3188319,0.8986308
belt,0.91744554,1.2466997,1.1459594,1.0269033,1.0827025,1.0922902,1.3577561,0.0,1.2713383,1.327225,1.2941365,0.6972907,0.53033954,0.627141,0.96342677,1.144607,0.71222883,0.85938865,0.80061275,0.5641296,0.72668004,0.7901405,0.90332896,1.2165313,0.91084737,1.1799875,0.9085856,1.2371382,1.0496389,0.49232548,1.3097187,0.5984571,1.1486442,1.2069478,1.2455487,1.3208504,0.97408164,1.2346512,1.0421259,1.1134201,1.059179,1.1953185,1.086403,0.63369006,1.1557183,1.2504903,0.5381209,1.0527288,0.7573072,1.1719562,1.3201191,0.9236635,0.6384119,1.1982381,0.9186404,0.6043869,1.152516,1.3002907,0.6385961,0.69217306,0.87979424,0.8150103,0.75622714,0.86346257,1.3020586,1.1920414,1.143795,0.50701517,1.140396,0.64700717,0.7564954,1.075924,0.8243414,1.1224633,0.8552371,1.216711,1.1389732,1.3176488,1.3622009,1.0771432,1.0041146,1.1384342,0.6808852,1.334689,0.43511248,0.7321523,1.0917219,0.6333316,0.8400621,1.1838955,1.387806,0.89046466,0.8024503,1.171683,1.2893648,0.553026,1.3322785,1.3266137,1.0943025,0.667436,0.5325135,1.0886096
bench,1.135952,0.9912751,1.0906999,1.2065442,0.7002549,0.83563,0.59836644,1.2713383,0.0,0.9842095,0.7598616,0.87976927,1.3127632,1.1891842,0.3840146,1.2174182,0.94129074,0.8284404,1.1611739,1.0524776,0.9727512,1.2595778,1.1109064,0.32049036,1.1320007,0.6853816,1.1804241,0.38757336,1.1391339,1.4351017,0.501199,1.2729474,1.0594605,0.92783666,1.042009,0.5634057,0.48447067,0.8113948,1.1372316,1.0647279,1.1936321,1.0946522,1.0138899,1.1950023,1.1611862,0.8371265,1.3734647,1.1041844,1.3361967,0.9858028,1.0192121,1.1385627,1.1903452,0.5826359,0.9531,0.91488147,1.1004742,0.9864948,1.3240886,1.1784215,1.0763308,1.2793404,1.3089426,0.5712876,0.9454757,0.7839638,0.80042344,1.3620071,1.002107,1.1288319,1.2515229,1.1199864,1.1210923,0.9312246,0.8123323,0.49784392,1.0975516,0.90038353,0.9251736,0.9063574,0.9587299,0.8746822,1.0574851,0.7223727,1.2961121,1.2771347,1.0765619,1.357424,1.2619671,1.0971441,0.620608,1.2588457,1.2632952,1.1327322,0.8318304,1.1703893,1.0253085,0.84929645,1.0453652,0.95468605,1.3004878,0.6728757
bib,0.98151433,0.89578485,1.0516218,1.0358373,1.0291874,0.70533276,0.6188671,1.327225,0.9842095,0.0,0.80149573,1.3823043,1.3781712,1.3201913,1.0463331,1.1415013,1.4348153,1.3157322,1.1452782,1.420432,1.2768537,1.2139778,1.0740601,0.899703,1.2696159,0.7799717,1.1092982,0.9957729,0.8670919,1.4609553,0.7686386,1.3357651,1.1119459,0.7842628,0.39792937,0.82588714,1.0909833,0.82141566,1.1685294,0.58308876,0.95319015,0.8317071,1.2492969,1.3625257,0.8012886,0.63234514,1.3972055,1.0482737,1.1524422,0.90310735,0.43874145,0.74387133,1.3969637,1.000796,1.2948513,1.3471631,0.79874784,0.64553994,1.340112,1.2871921,1.2260294,1.1564995,1.1504587,1.3315302,0.3135829,0.8246157,0.9006231,1.386646,1.0406115,1.2469444,1.2741187,1.154378,1.1858659,1.0051842,1.1483967,0.92476404,1.1843052,0.17765617,0.651857,0.7729429,1.029524,1.0566882,1.247354,0.51846665,1.3675165,1.2333555,0.82150704,1.3666167,1.2064737,1.017246,0.61477876,1.1234939,1.1419787,0.8730486,0.8871639,1.306038,0.73474777,0.53935283,1.087526,1.4393551,1.2932644,1.1145799
blanket,1.0321919,0.78627247,0.9211345,1.1060753,0.92090726,0.75421095,0.36688417,1.2941365,0.7598616,0.80149573,0.0,1.1801088,1.2632343,1.2090161,0.90716463,1.1813269,1.149869,0.9997664,0.9629254,1.1245431,1.1362317,1.1443279,1.1860882,0.68866646,1.2553725,0.9170195,1.0764261,0.78065467,0.8203356,1.2268872,0.6834593,1.2050948,1.1128715,0.9989446,0.90493745,0.8728333,0.9484481,0.9397152,0.97185767,0.9463953,1.1343231,0.8626681,0.97656626,1.2461102,1.0400316,0.6984737,1.2912258,1.1956936,1.0425119,0.93806463,0.94640625,1.0206008,1.2162349,0.78562486,1.0411644,1.0489303,1.0161918,0.81298876,1.1704104,1.1235393,1.0617901,1.1848891,1.1026337,1.0649469,0.8287502,0.9585133,0.8948724,1.3068458,0.9490533,1.1907716,1.1202948,1.0921208,1.1435623,0.92693913,1.1019982,0.83540726,1.1123234,0.859257,0.8765211,0.9290021,1.179548,0.93679327,1.1221881,0.6091014,1.442607,1.1116014,0.88756615,1.3675115,1.3206439,1.2200696,0.5628484,1.1065187,1.355378,1.0210918,0.702531,1.1346714,0.86647093,0.7119484,1.0532179,1.1537968,1.2012666,0.83941615
book,1.1913402,1.2561294,1.163384,0.985747,0.6891115,1.1519592,1.2238551,0.6972907,0.87976927,1.3823043,1.1801088,0.0,0.62675035,0.55598515,0.76163447,1.0603297,0.6447336,0.52104187,0.93806964,0.6507746,0.8280363,0.95975924,0.9198188,0.99156404,1.0244153,1.217602,1.0249099,0.8550885,1.1988051,0.64382684,1.1834852,0.6058248,1.0585401,1.1252416,1.357944,1.2364672,0.8647084,1.2323786,1.0735908,1.251062,1.1558844,1.3417234,0.9099061,0.6643764,1.1353165,1.3850503,0.6429233,1.0118923,0.99413234,1.178964,1.3770709,1.2450942,0.5383515,1.078708,0.813131,0.77298087,1.2853581,1.3578675,0.6846799,0.69186246,0.8574951,0.9617686,0.8757986,0.6089325,1.390712,1.1865678,0.64215976,0.6121556,1.0072607,0.7860116,0.70887876,0.95559806,0.8137076,0.89571583,0.7328999,1.0200518,1.0126915,1.3234051,1.3485539,1.2430762,1.0217326,1.1602179,0.70819086,1.270498,0.6998904,0.73345894,1.2699881,0.8204822,0.98086613,1.044537,1.1792064,0.9628632,0.9719591,1.2524405,1.2669854,0.609812,1.202746,1.3352227,0.9613478,0.57931554,0.62282354,0.93480915
bottle,1.0980419,1.272537,1.212477,1.0567565,1.1457008,1.3383656,1.3943076,0.53033954,1.3127632,1.3781712,1.2632343,0.62675035,0.0,0.21499747,1.2651622,1.0315742,0.7855814,0.97402334,1.0099449,0.54441404,0.79641485,0.9091931,0.8970262,1.3729985,0.85614544,1.1785846,1.0149616,1.2696753,1.1746812,0.30071306,1.3285253,0.1110847,1.0488726,1.2859871,1.2970045,1.3255105,1.2009237,1.260294,0.94141144,1.1980925,1.1205853,1.1882751,0.9921721,0.60871124,1.2037483,1.3212452,0.18070161,1.133158,0.83566844,1.1169631,1.4134369,1.0327282,0.25703603,1.1896074,0.73244464,0.80513203,1.3091513,1.4966313,0.1910708,0.7769954,0.685681,0.7731061,0.6266228,0.88367784,1.2998781,1.2789481,1.1647005,0.42492867,1.2111368,0.9310008,0.5231353,0.9273101,0.9573393,1.1898731,1.1247506,1.2427783,0.99428666,1.3971975,1.3511648,1.1925102,1.133982,1.1011686,0.31552464,1.3566744,0.42527115,0.23402578,1.2326895,0.4219653,0.9257825,1.1543286,1.4931376,0.8444372,0.84316534,1.271789,1.3179514,0.60022503,1.2831492,1.4473858,0.9815528,0.68266743,0.19474947,1.1494864
bowl,1.0365769,1.1978977,1.1361518,1.0291872,0.9593175,1.130097,1.3100216,0.627141,1.1891842,1.3201913,1.2090161,0.55598515,0.21499747,0.0,1.1923668,0.98057115,0.8126174,0.86490166,1.0497075,0.63336164,0.8428403,0.956138,0.93246186,1.3252493,0.81328493,1.0976754,1.0728998,1.1953845,1.1391938,0.4578086,1.2127174,0.1604011,1.0732937,1.2898381,1.3435731,1.2930508,1.1455883,1.2971399,0.8391626,1.2697753,1.1813228,1.1191674,1.0264487,0.7217997,1.1739291,1.2861521,0.37652642,1.0862716,0.72533154,1.1414793,1.353987,1.0884656,0.39479315,1.1712489,0.744684,0.88845253,1.2794397,1.4157615,0.3300506,0.87612027,0.8126594,0.7876518,0.634673,0.8380574,1.34683,1.3375251,1.0787061,0.45500267,1.170006,0.92327857,0.59632957,0.95125365,0.8174904,1.1777282,1.0932372,1.2107472,0.9979209,1.3278726,1.3560544,1.2130998,1.195507,1.0342257,0.21140277,1.2621998,0.54937357,0.3555838,1.2553703,0.48078096,1.0562526,1.2107744,1.4155741,0.7589849,0.92576545,1.226567,1.2641677,0.7497903,1.2089307,1.3152997,1.0405456,0.7158984,0.28500664,1.1032888
box,1.0189074,1.037035,1.1012344,1.2961967,0.71535105,0.69506,0.79836535,0.96342677,0.3840146,1.0463331,0.90716463,0.76163447,1.2651622,1.1923668,0.0,1.3380611,0.76505923,0.76822907,1.065896,0.8814766,1.1160209,1.0311025,1.1885965,0.4978667,1.183842,0.879592,1.1606917,0.61220104,1.1406325,1.2810194,0.68175614,1.2633113,1.1535336,1.1223727,1.0392271,0.65839493,0.37709844,0.91535354,1.203333,1.0436412,1.0677993,1.0850741,1.1800649,1.2271821,1.2572172,0.78783685,1.2831395,1.1039318,1.2315732,1.0551027,0.9568391,0.8598412,1.250328,0.78610635,1.0175443,0.72437775,0.9395474,0.8468206,1.3046035,1.0353445,1.0220011,1.2126156,1.2150207,0.7497584,1.0862812,0.74957395,0.74557805,1.2591684,0.9179342,0.95517474,1.3312247,1.3389298,1.0876062,0.9798293,0.7622674,0.63188064,1.1602268,0.9849289,1.0041463,0.9710081,0.8325917,0.8522524,1.0728116,0.85649234,1.1169384,1.3233395,0.8919978,1.2902395,0.96594584,1.2228233,0.7524958,1.2696297,1.0533313,0.94611835,0.8451364,0.9617708,1.0493482,0.80357885,1.2048723,0.83814716,1.2816231,0.6888442
bread,0.8804896,0.9214447,0.77169156,0.7851782,1.1060532,1.1843563,1.3741086,1.144607,1.2174182,1.1415013,1.1813269,1.0603297,1.0315742,0.98057115,1.3380611,0.0,1.0705733,0.9798514,0.9995699,1.0887847,0.9676986,0.8749371,0.79498374,1.2945108,0.67564476,1.2022897,0.96518195,1.1737646,0.67471224,0.9079352,1.3965497,1.0300391,0.9405453,0.9280518,1.1717956,1.2699476,1.1534758,1.1710635,0.4445011,1.0553062,0.7169425,0.98793304,0.8763465,0.8288204,0.9140918,1.2848392,0.90791804,0.6551168,0.78311616,0.98532784,0.9119619,1.2475358,0.94246686,1.1413941,1.0663776,1.1430415,0.9174398,1.0047516,0.9786844,0.88192034,0.9819084,0.8778156,0.80983967,1.0851433,1.1093572,1.1473566,1.1451837,0.88497514,0.9590732,0.90816367,0.7972954,0.82739747,0.6223713,1.0510738,0.890442,1.303447,0.8261158,1.2423135,1.1861253,1.1523001,0.9753134,1.1344051,1.1339546,1.3974237,0.8643074,0.96069866,1.094698,0.8235007,0.8064077,0.76353264,1.2689848,0.7838257,0.6858704,0.89251775,1.1796207,1.0063229,0.98704547,1.1414603,0.9898484,1.1306814,1.0244743,1.2194617
broom,1.1562022,1.2550764,1.1194772,1.1087737,0.93420666,1.0379221,1.2277926,0.71222883,0.94129074,1.4348153,1.149869,0.6447336,0.7855814,0.8126174,0.76505923,1.0705733,0.0,0.73070955,0.9928597,0.4224866,0.8629637,0.8545047,0.97361606,0.9378969,0.89712477,1.1444311,0.96725374,0.9392359,1.1031636,0.6294963,1.0997446,0.8546827,0.9713948,1.2406597,1.3809259,1.01805,0.8376139,1.158865,1.1015759,1.2837636,1.0119303,1.2360872,0.9480961,0.7459801,1.269417,1.1760094,0.7744025,1.0481583,0.9604689,1.2315505,1.3421493,1.2402536,0.8338827,0.982734,0.73939085,0.49683404,1.1345911,1.3990517,0.8719826,0.62047935,0.9292362,0.9640156,1.0027262,0.7140081,1.4298108,0.97274315,1.188174,0.7075874,0.9142,0.792689,0.80038846,1.0462232,0.87016237,1.1139429,0.8365907,1.0005975,0.970824,1.378762,1.2801294,1.1961536,0.9414368,0.9078173,0.83968544,1.2361525,0.66264033,0.9427727,1.1833278,0.62368083,0.63788944,1.1063826,1.3054125,1.0600659,0.80332476,1.1522348,1.0953922,0.5703609,1.3778566,1.2892514,1.0940166,0.114910066,0.8698235,0.79403067
bucket,0.9857233,0.90569305,0.76871777,0.96839786,0.7271202,1.0629123,1.1344287,0.85938865,0.8284404,1.3157322,0.9997664,0.52104187,0.97402334,0.86490166,0.76822907,0.9798514,0.73070955,0.0,0.96636796,0.6804355,0.8501217,0.93598396,0.97510743,0.82031476,0.9596841,1.1963136,1.1315762,0.74470353,1.114717,0.8928513,1.1802127,0.9073415,1.0037296,1.0520859,1.2560067,1.2079941,0.8881083,1.1370586,0.9672904,1.2144715,1.1525309,1.1940863,0.82090026,0.8407519,1.0615108,1.1965677,0.9787512,0.9502887,1.0153728,1.1902056,1.2583215,1.2125719,0.8359597,1.0276432,0.89208764,0.74217343,1.1730237,1.2170191,0.92586803,0.72188735,1.0290147,0.95001656,0.97859097,0.482558,1.3616674,1.090169,0.9044452,0.8852916,1.0423542,0.73157513,0.8654974,0.9449355,0.811675,0.79316515,0.73347914,0.80346817,0.95053834,1.2704971,1.3120335,1.1683649,1.0224473,1.1356515,0.95353645,1.2828486,0.89757496,1.0141596,1.1155916,0.9418089,1.033113,1.0021403,1.0963588,0.8814696,1.0689766,1.1784686,1.1824913,0.7400191,0.92037845,1.124219,1.0080861,0.6007959,0.9947484,0.9617766
butterfly,0.85864264,1.041168,0.9780681,0.92396265,0.99715,1.0746142,1.1891227,0.80061275,1.1611739,1.1452782,0.9629254,0.93806964,1.0099449,1.0497075,1.065896,0.9995699,0.9928597,0.96636796,0.0,0.9583963,0.77247596,0.7441833,0.9886743,1.0671946,0.97563374,1.2172809,0.7219147,1.0228683,0.82633436,0.7914115,1.2690988,1.0248243,1.0449678,1.0682462,1.187456,1.2779133,1.0170671,1.1318167,0.83153117,1.1267035,1.0484577,1.0799224,0.8514745,0.66957974,0.9107872,1.1427095,0.9925477,1.0769342,0.6912966,1.1200349,1.1325468,1.0918245,0.94038755,0.9717444,0.95165354,1.0292525,1.1062088,1.0400351,1.0022,0.91961205,0.9309551,1.0148607,0.9816348,1.0211462,1.1732551,1.2148273,1.113053,0.87496126,0.98178625,0.7181842,0.85239357,0.9535352,0.8212482,0.938686,0.8566836,1.2269952,1.027472,1.1283169,1.124086,1.1754878,1.0101131,1.1172976,1.1006005,1.2408897,0.97864413,1.0098702,1.0366943,0.9364097,1.0490192,0.89044255,1.1287128,0.96853745,1.0695549,1.0322645,0.99295264,0.88376737,1.0893413,1.0050172,0.95162547,0.98461705,0.92224884,0.94713485
can,1.1213639,1.288712,1.1860262,1.1423596,0.9723041,0.9756477,1.3314011,0.5641296,1.0524776,1.420432,1.1245431,0.6507746,0.54441404,0.63336164,0.8814766,1.0887847,0.4224866,0.6804355,0.9583963,0.0,0.7272929,0.88757104,0.93366444,1.0369542,0.9254166,1.1538031,0.984183,0.9671363,1.038526,0.51841044,1.1822753,0.65529835,1.080141,1.2462023,1.450019,1.12819,0.8584647,1.2356074,0.97417146,1.3711139,1.1185849,1.2571898,1.0057151,0.6161476,1.3100202,1.1102372,0.50355697,1.043597,0.8835682,1.3037829,1.4666033,1.2364085,0.6130301,0.946129,0.7862245,0.32707405,1.3278043,1.3991299,0.7021157,0.6353084,0.7727209,0.88454705,0.8754231,0.6389756,1.3849933,1.1003274,1.1718907,0.6884068,1.0962837,0.7331421,0.7010468,0.97317195,0.87962717,1.1043221,1.0243584,0.92652845,1.0286332,1.433547,1.3616053,1.2165338,1.0336828,0.86165065,0.64947236,1.333071,0.54281425,0.7265763,1.1740726,0.6112007,0.8123427,1.1911705,1.3778567,1.012813,0.976839,1.3527329,1.1225888,0.37833083,1.3704573,1.363329,0.99552935,0.26770687,0.71619964,0.86338544
car,1.0407614,1.2009028,1.0920218,1.0596573,0.9813862,1.1059859,1.2585777,0.72668004,0.9727512,1.2768537,1.1362317,0.8280363,0.79641485,0.8428403,1.1160209,0.9676986,0.8629637,0.8501217,0.77247596,0.7272929,0.0,0.97718674,0.93000144,1.1054298,0.7825389,1.0180348,0.7285612,0.9616244,0.97155017,0.7567256,1.1765336,0.8346791,1.0280335,1.1010227,1.3094435,1.2059374,0.9678072,1.0927143,0.8804849,1.2273616,1.1631649,1.1455857,0.76723933,0.5195772,1.1452335,1.256999,0.76868904,1.0340129,0.81710327,1.0731733,1.3475842,1.2597146,0.6645519,0.98749846,0.79214764,0.8062626,1.3375623,1.2791892,0.8420108,1.0235422,0.8163067,0.91804665,0.8765569,0.7321971,1.2175465,1.2745849,1.1318172,0.7423724,1.1252412,0.84167,0.6885433,0.77038574,0.84993416,1.0266857,0.92752075,1.0946382,0.9325241,1.2290432,1.2379055,1.139287,1.1509395,0.9473522,0.8437774,1.2128882,0.8201481,0.8701149,1.1985865,0.8677291,1.1030027,0.9845858,1.2931588,0.97408307,1.1129448,1.2230424,1.1829083,0.8774973,1.1967468,1.2417212,0.8702884,0.8068292,0.71797156,1.0454495
carrot,0.49353433,1.0503832,0.9228875,1.0079093,1.0546327,1.0965251,1.2965329,0.7901405,1.2595778,1.2139778,1.1443279,0.95975924,0.9091931,0.956138,1.0311025,0.8749371,0.8545047,0.93598396,0.7441833,0.88757104,0.97718674,0.0,1.0965681,1.2309028,0.96729195,1.2959458,0.92962676,1.1329943,0.7268338,0.4608208,1.3688195,0.93174845,1.1001667,1.0763599,1.2511072,1.2308519,1.0413038,1.2304426,0.64818007,1.1587477,0.7761004,1.0084481,1.0078007,0.90791833,1.0760331,1.0162034,0.8292364,1.0416293,0.64373535,1.1577373,0.96930116,0.9367374,0.99434143,1.1992569,1.1246574,0.9600342,0.7534733,0.9712052,0.88771504,0.8787951,0.90266985,1.0557522,0.4990337,1.144878,1.3325192,1.0893893,1.139545,0.805464,0.7460607,0.4562813,0.9361416,1.1656816,0.7198186,1.2198591,0.85455984,1.1945589,1.1419648,1.25362,1.1730771,1.2213486,1.108224,1.1391549,1.0001587,1.3057883,0.9249649,0.81319416,0.9829441,0.75270057,0.83597577,1.0175763,1.2952409,1.0709605,0.69359136,0.6303312,0.94532317,0.8707528,1.0559528,0.9017105,1.2073154,0.93146867,0.943822,1.0420614
cat,1.1538756,1.1238254,1.0495261,0.7475154,1.072088,1.2184339,1.2602278,0.90332896,1.1109064,1.0740601,1.1860882,0.9198188,0.8970262,0.93246186,1.1885965,0.79498374,0.97361606,0.97510743,0.9886743,0.93366444,0.93000144,1.0965681,0.0,1.1088125,0.7842577,1.2007805,1.0006298,0.9932497,0.98196375,0.93798685,1.2539635,0.9502718,0.7999527,0.8697077,1.0659956,1.2458272,1.1247182,1.2008754,0.9507446,1.0069841,1.0613962,1.1620154,0.90734035,0.7547973,0.788095,1.2608237,0.77376497,0.7840972,0.97988445,1.0461854,1.2154233,1.0029877,0.79182416,1.0548908,0.9570571,0.9829073,1.225625,1.1513077,0.9362555,0.76304364,1.0168817,0.9094279,1.0919962,0.9507822,1.0915449,1.1602225,1.1535182,0.817338,1.1698507,0.9489207,0.7227104,0.7933117,0.77900946,0.8249713,0.8345679,1.1668407,0.7785716,1.1468828,1.1570196,1.1524299,0.9700103,1.1084346,1.0220839,1.278688,0.77959263,0.96752554,1.1544986,0.7552289,0.98595476,0.8441613,1.2410742,0.9349068,0.95155996,1.2518382,1.1895658,0.84247553,1.0182188,1.2631431,0.95704913,0.9144248,0.88136864,1.0780118
chair,1.1218925,0.99860543,1.0892271,1.2025821,0.75422645,0.6366839,0.45682847,1.2165313,0.32049036,0.899703,0.68866646,0.99156404,1.3729985,1.3252493,0.4978667,1.2945108,0.9378969,0.82031476,1.0671946,1.0369542,1.1054298,1.2309028,1.1088125,0.0,1.2829422,0.74338555,1.2008964,0.40045518,1.1577166,1.4379054,0.5618007,1.3536177,1.0329043,0.86338615,0.93192315,0.6424239,0.67071456,0.76969784,1.2310374,1.0592088,1.2471485,1.1315675,0.96319497,1.1579579,1.1321862,0.80773675,1.4272902,1.075,1.4127526,0.9298206,1.0296538,1.094394,1.2336838,0.6296501,0.9608842,0.90156335,1.1000068,0.9210773,1.3505654,1.1378701,1.1219848,1.3533962,1.3550407,0.7108048,0.86981165,0.66993034,0.8413599,1.3621783,1.0871505,1.0694845,1.1999764,1.0963118,1.1087662,0.765221,0.78601205,0.48112464,1.0858783,0.8720892,0.92181873,0.87570465,0.9789228,0.89190435,1.1617463,0.73769367,1.3279674,1.358967,0.98097634,1.2979243,1.221361,1.0699004,0.35629785,1.2651299,1.2957159,1.1010904,0.8802289,1.0893137,1.0000889,0.8363288,1.0420356,0.9234473,1.3775737,0.6673809
clock,1.0107852,1.1154016,0.8930886,0.97368854,1.1189588,1.1671275,1.3303227,0.91084737,1.1320007,1.2696159,1.2553725,1.0244153,0.85614544,0.81328493,1.183842,0.67564476,0.89712477,0.9596841,0.97563374,0.9254166,0.7825389,0.96729195,0.7842577,1.2829422,0.0,1.1129494,0.8958905,1.1758504,0.9588437,0.7786797,1.2295332,0.91080606,0.9055841,1.1207069,1.2355769,1.1663439,1.0470741,1.2210312,0.7472014,1.0891066,0.8697144,1.038703,1.0057487,0.837118,1.0906609,1.2381085,0.79509926,0.8928638,0.6668879,1.1505725,1.245434,1.1791162,0.78620374,1.0866699,0.82759356,0.93826336,1.12605,1.2695382,0.9018151,0.91543114,0.89430076,0.552921,0.83491224,0.90139323,1.2745173,1.1991519,1.1988282,0.69724506,1.0191221,0.9271921,0.92216057,0.8366696,0.8055731,1.0889497,1.054426,1.2563686,0.72504175,1.2484994,1.2597202,1.2211438,0.9735648,0.97247183,0.8813447,1.2698978,0.744809,0.86214435,1.0274494,0.73185635,0.79160196,0.94393915,1.3844635,0.73874605,0.8252585,1.0529325,1.2032915,0.97298187,1.1820066,1.2757056,1.0524734,0.89615697,0.9038767,1.0861962
closet,1.0991317,0.98474145,1.0712799,1.1614497,1.0248188,0.8180942,0.5358138,1.1799875,0.6853816,0.7799717,0.9170195,1.217602,1.1785846,1.0976754,0.879592,1.2022897,1.1444311,1.1963136,1.2172809,1.1538031,1.0180348,1.2959458,1.2007805,0.74338555,1.1129494,0.0,1.1593,0.9328802,1.1585288,1.3709899,0.32947612,1.1441683,1.0438507,1.0447954,0.864372,0.38926786,0.64463985,0.7260697,1.2429724,0.9343561,1.2426624,0.8700829,1.2335714,1.3277409,1.0672903,0.73892266,1.270308,1.1890303,1.2802693,0.8567985,0.98822844,0.9125011,1.2573893,0.7144802,1.098284,1.1108438,1.06197,0.9571432,1.1544017,1.3473362,1.1710095,1.1046174,1.1580604,1.0285268,0.71920574,0.7497463,0.9182639,1.3333555,1.1422329,1.2579618,1.3155894,1.1090763,1.3080084,1.0294455,1.1113082,0.44159937,1.1782825,0.74906784,0.8276478,0.7506131,1.148876,0.7293946,1.014998,0.51121926,1.3139644,1.1305922,0.99052954,1.3089854,1.1899552,1.1850023,0.6705737,1.1291411,1.2433434,1.0728358,0.9353299,1.2976706,0.9838543,0.92443675,1.0919253,1.1815348,1.1583154,0.9879894
comb,1.0360622,1.1060042,1.0638067,1.0456095,1.0324287,1.1164838,1.1621974,0.9085856,1.1804241,1.1092982,1.0764261,1.0249099,1.0149616,1.0728998,1.1606917,0.96518195,0.96725374,1.1315762,0.7219147,0.984183,0.7285612,0.92962676,1.0006298,1.2008964,0.8958905,1.1593,0.0,1.0443518,0.9356379,0.908774,1.1359041,1.0501838,1.0229286,0.98571825,1.0655923,1.1016494,1.0595745,1.1017486,0.919022,1.0432808,0.95578754,1.0323192,0.8873446,0.8142304,1.0522377,1.1071688,0.9660152,1.0932957,0.82843137,1.0438457,1.0763581,1.0364761,1.0383443,1.0081524,0.9151329,1.0221256,1.040822,1.080983,1.0559034,1.0507085,0.9248838,1.0480399,0.99305594,1.0636402,1.0894191,1.1820683,1.037926,0.9252455,0.9874719,0.96692175,0.9307109,0.8954779,0.91685677,1.1026634,1.1151179,1.2298423,0.99729913,1.0783554,1.0312446,1.0987043,1.0980397,0.9619203,1.069149,1.0865867,1.039227,1.0119903,1.0269434,0.97604334,0.97282493,0.7884793,1.172229,1.035037,0.9429814,0.94354457,0.9212648,1.031537,1.064273,1.0481004,0.74267036,0.9978531,0.9165203,1.028283
couch,1.184903,1.060815,1.1288288,1.111118,0.6525381,0.9270491,0.726519,1.2371382,0.38757336,0.9957729,0.78065467,0.8550885,1.2696753,1.1953845,0.61220104,1.1737646,0.9392359,0.74470353,1.0228683,0.9671363,0.9616244,1.1329943,0.9932497,0.40045518,1.1758504,0.9328802,1.0443518,0.0,1.1224293,1.2711511,0.7067919,1.2575155,1.0880362,0.8881686,1.0348879,0.86065185,0.7376747,0.92157555,1.100489,1.1585908,1.159033,1.1268821,0.87752384,1.0749904,1.0830103,0.9116033,1.2817345,1.0298648,1.1818628,1.0672585,1.0814002,1.1917746,1.0966808,0.66546625,0.94590473,0.94373554,1.1686904,1.0607889,1.2558821,1.093306,1.0875797,1.2912986,1.2095948,0.5460698,1.0068091,0.8977321,0.89809215,1.2107073,0.97553355,1.0489666,1.0331227,1.0188658,1.0605832,0.74458665,0.77228665,0.6093817,1.0215149,0.94063324,0.94664466,1.0154072,0.9372512,0.9353549,1.1160226,0.857854,1.2143713,1.2102113,1.0539434,1.2530757,1.2675807,0.9585928,0.7334907,1.2227237,1.2559633,1.1395793,0.84786856,1.0882752,0.88898915,0.9279064,0.9419085,0.86474717,1.2269839,0.68652797
cracker,0.62259835,1.0510399,1.0024613,0.7374195,1.1314914,0.8182957,1.099557,1.0496389,1.1391339,0.8670919,0.8203356,1.1988051,1.1746812,1.1391938,1.1406325,0.67471224,1.1031636,1.114717,0.82633436,1.038526,0.97155017,0.7268338,0.98196375,1.1577166,0.9588437,1.1585288,0.9356379,1.1224293,0.0,0.89881045,1.1875199,1.163204,1.1537702,1.0753787,1.2296112,1.1629367,1.048153,1.1339278,0.6138007,1.1464915,0.75332147,0.9849438,1.0761406,0.9364442,0.82808906,0.8111062,1.0651582,0.9166067,0.6345063,1.0647681,0.84668565,1.0696962,1.1598105,1.0274234,1.144523,1.1185384,0.7619509,0.7886076,1.1826572,0.81672907,1.0864551,1.1358185,0.8633331,1.1857551,1.060515,1.0856822,1.137532,1.014005,0.9131088,0.6961627,0.9660001,1.0442092,0.60346246,1.2329427,1.0343506,1.186976,1.1558656,1.0374377,1.0449333,1.0969982,1.0315995,0.9391673,1.0919971,1.1082089,1.0434065,0.95892924,0.88520277,0.925297,0.9437173,1.1168039,1.0453213,1.0103824,0.8954403,0.8705319,0.85690355,0.9519128,1.1545572,0.7367902,1.15928,1.1868355,1.13553,1.022817
crayon,0.7808809,1.2990239,1.1150054,1.0075191,1.1508543,1.2609494,1.4969362,0.49232548,1.4351017,1.4609553,1.2268872,0.64382684,0.30071306,0.4578086,1.2810194,0.9079352,0.6294963,0.8928513,0.7914115,0.51841044,0.7567256,0.4608208,0.93798685,1.4379054,0.7786797,1.3709899,0.908774,1.2711511,0.89881045,0.0,1.4915966,0.35427666,1.1050241,1.3060288,1.46575,1.4695549,1.1802104,1.3951747,0.7709777,1.3175651,0.8715021,1.2178159,0.92725277,0.5483558,1.1997054,1.3036623,0.26464462,1.0658548,0.59506947,1.2594842,1.3414645,1.1311877,0.4195397,1.2625899,0.85549283,0.73989457,1.1400422,1.4157834,0.31058866,0.698337,0.71675545,0.7771357,0.39330804,0.9644313,1.4742472,1.3354653,1.2350259,0.31334853,0.90944344,0.60158956,0.54995,0.95010436,0.76170623,1.2646158,1.0443825,1.4197335,1.0054327,1.4855723,1.3664579,1.3037796,1.1213025,1.1841532,0.56506485,1.4575884,0.4793114,0.3257749,1.1716539,0.4117815,0.793328,1.133496,1.5867238,0.883221,0.68337846,1.0748186,1.2502328,0.5732735,1.3332434,1.3278271,1.097894,0.6369933,0.37463337,1.1926619
crib,1.1577436,0.9363009,1.1156952,1.2152117,0.80306894,0.6817477,0.3203839,1.3097187,0.501199,0.7686386,0.6834593,1.1834852,1.3285253,1.2127174,0.68175614,1.3965497,1.0997446,1.1802127,1.2690988,1.1822753,1.1765336,1.3688195,1.2539635,0.5618007,1.2295332,0.32947612,1.1359041,0.7067919,1.1875199,1.4915966,0.0,1.2749081,0.9987301,1.0449756,0.82622737,0.27269745,0.69335055,0.66353476,1.3511128,0.9770155,1.2982178,0.84596944,1.2089288,1.4674869,1.1001242,0.57766163,1.4500806,1.2526629,1.4052889,0.8670489,0.9711365,0.9590224,1.3744226,0.70180035,1.0217934,1.0490894,0.9753401,0.8960805,1.3172148,1.3928092,1.2301233,1.2360929,1.2869798,0.96431357,0.71286803,0.71722746,0.7753458,1.4795828,1.0127168,1.3303164,1.4982699,1.1588838,1.3899821,0.96641964,1.1733725,0.46432567,1.1442349,0.6877157,0.6577361,0.7170546,1.0678078,0.6539402,1.0510677,0.26421607,1.4595234,1.2454803,0.87541014,1.4234114,1.2859707,1.2490413,0.4989156,1.2499079,1.3748701,1.0183067,0.6857108,1.397063,0.93321955,0.73161703,1.0625018,1.1201595,1.2915716,0.821192
cup,1.0413659,1.1919461,1.1608831,1.066376,1.1125035,1.2283384,1.323029,0.5984571,1.2729474,1.3357651,1.2050948,0.6058248,0.1110847,0.1604011,1.2633113,1.0300391,0.8546827,0.9073415,1.0248243,0.65529835,0.8346791,0.93174845,0.9502718,1.3536177,0.91080606,1.1441683,1.0501838,1.2575155,1.163204,0.35427666,1.2749081,0.0,1.0928057,1.2656043,1.2864602,1.306085,1.1887935,1.246032,0.9024054,1.2349643,1.1789584,1.1274426,0.97541803,0.70486975,1.1863878,1.2847261,0.2980091,1.1563294,0.788707,1.0960963,1.3841858,1.021273,0.34126103,1.202694,0.77482176,0.8709632,1.2842278,1.4089047,0.1984359,0.88544106,0.71091443,0.77813005,0.6026199,0.8873794,1.297893,1.2980661,1.0976177,0.47742027,1.1886741,0.98222893,0.5354273,0.90283936,0.93634766,1.1873488,1.1225913,1.2402194,0.9985697,1.35323,1.3204865,1.1762258,1.210779,1.1143249,0.24652779,1.2861902,0.56280196,0.23280835,1.2369945,0.5296134,1.0768905,1.1959878,1.3991448,0.7149863,0.9328681,1.2463938,1.3162309,0.70784944,1.2091738,1.3443011,0.9798201,0.7481573,0.20001686,1.1271147
deer,1.1323462,1.0279757,0.9956087,0.79474777,1.0339212,1.1774956,1.0326936,1.1486442,1.0594605,1.1119459,1.1128715,1.0585401,1.0488726,1.0732937,1.1535336,0.9405453,0.9713948,1.0037296,1.0449678,1.080141,1.0280335,1.1001667,0.7999527,1.0329043,0.9055841,1.0438507,1.0229286,1.0880362,1.1537702,1.1050241,0.9987301,1.0928057,0.0,0.98320717,0.9336947,1.0234857,1.1611793,1.0144655,1.1090115,0.91731596,1.0797414,1.0900418,0.755082,1.025588,0.8069955,1.1260288,1.0331497,0.90152216,1.2112917,0.9220965,1.1530696,1.1322309,1.0000019,1.0382575,0.72473776,1.0967691,0.980624,1.144177,1.0626442,0.88156235,1.0319295,0.9927361,1.1541563,1.0293422,1.1173297,1.1103085,1.0695689,1.0650373,1.0881976,1.051347,1.1266783,0.8273141,1.0041094,0.7602239,0.98215985,1.006463,0.3305608,1.0559283,1.0601994,1.1481436,1.0884113,1.005255,1.150496,1.1113224,1.0989752,1.079951,1.2268438,0.9279971,0.8032205,0.8232002,0.9887861,1.0263151,1.08028,0.97339827,1.1589494,1.0566666,0.89799845,1.1552083,0.82526064,0.93434936,1.0837417,1.0603669
dog,1.1256247,0.9598259,1.0225531,0.9113064,0.9556172,1.085114,0.92364335,1.2069478,0.92783666,0.7842628,0.9989446,1.1252416,1.2859871,1.2898381,1.1223727,0.9280518,1.2406597,1.0520859,1.0682462,1.2462023,1.1010227,1.0763599,0.8697077,0.86338615,1.1207069,1.0447954,0.98571825,0.8881686,1.0753787,1.3060288,1.0449756,1.2656043,0.98320717,0.0,0.8036145,0.9716322,1.1011007,0.85374385,1.0778582,0.9062029,0.99358964,1.075439,0.91790444,1.0885701,0.8277045,0.9577887,1.1543494,0.8142793,1.2380208,0.6542716,0.8692053,0.9779163,1.1755056,0.931663,1.1543207,1.1687214,0.9876402,0.83977944,1.1808875,1.0548676,1.0214635,1.1710804,1.2011563,1.0356609,0.735165,0.801575,0.9899708,1.1855468,1.1258128,1.0650147,0.96494395,0.92692375,0.99027264,0.89334476,0.86860055,0.84709936,0.9837644,0.8244968,0.837175,0.9851519,0.9899484,1.0549116,1.2803855,1.001758,1.2034872,1.2169331,1.0089722,1.1636095,1.0605997,0.6329353,0.83437085,1.19086,1.057838,1.0452968,0.88720596,1.1197141,0.9274062,0.97261626,0.932139,1.2020632,1.2394714,0.90234655
doll,1.0667506,0.79704434,0.93881726,1.0316293,1.0714102,1.0663631,0.6991254,1.2455487,1.042009,0.39792937,0.90493745,1.357944,1.2970045,1.3435731,1.0392271,1.1717956,1.3809259,1.2560067,1.187456,1.450019,1.3094435,1.2511072,1.0659956,0.93192315,1.2355769,0.864372,1.0655923,1.0348879,1.2296112,1.46575,0.82622737,1.2864602,0.9336947,0.8036145,0.0,0.82940453,1.1332022,0.78865254,1.2344824,0.25992584,1.037844,0.9343855,1.1446106,1.3819647,0.79301363,0.74000204,1.355799,1.0387396,1.3110694,0.82696474,0.53006923,0.65297455,1.3331447,1.0395422,1.2576427,1.2898769,0.7831534,0.7176058,1.2487423,1.236728,1.1848859,1.0107298,1.2478619,1.2843146,0.45345354,0.8011553,0.93842804,1.3667305,0.99947155,1.2683105,1.323159,1.1172282,1.2942138,0.9314517,1.0681883,0.92208207,1.0784063,0.33577168,0.6171316,0.7841844,1.0258688,1.1438439,1.3396924,0.5849281,1.3569865,1.2903596,0.9363593,1.3797114,1.1072947,0.79425466,0.71113765,1.0153829,1.0845301,0.8792566,0.9365584,1.311779,0.5264642,0.73584163,1.0430286,1.3682438,1.3009069,1.0614742
door,1.1360161,0.97440064,1.1253976,1.2421348,0.93403685,0.75926495,0.55066097,1.3208504,0.5634057,0.82588714,0.8728333,1.2364672,1.3255105,1.2930508,0.65839493,1.2699476,1.01805,1.2079941,1.2779133,1.12819,1.2059374,1.2308519,1.2458272,0.6424239,1.1663439,0.38926786,1.1016494,0.86065185,1.1629367,1.4695549,0.27269745,1.306085,1.0234857,0.9716322,0.82940453,0.0,0.6909306,0.6342602,1.3035452,0.9495374,1.1772656,0.8909823,1.2334276,1.4119931,1.1499722,0.6096893,1.3988736,1.1873682,1.3665707,0.8685036,0.91404504,0.94453114,1.3973198,0.55100685,1.0935863,1.0345633,0.8925189,0.87113357,1.331216,1.289374,1.174807,1.2098262,1.2948711,1.0325861,0.7189069,0.55407214,0.77842396,1.4611928,1.0092281,1.2948334,1.461995,1.1957784,1.3575469,1.0663463,1.1319308,0.44515765,1.1822412,0.7411305,0.7329569,0.7622739,1.0243751,0.5704346,1.1344042,0.47818363,1.3989636,1.2750068,0.9626119,1.322998,1.1308831,1.1361119,0.63255894,1.270437,1.2275546,0.9458714,0.71383,1.2775364,1.0298964,0.7837445,1.1203352,1.101395,1.3564973,0.7469784
drawer,1.0201316,1.1161094,1.1521462,1.2112404,0.83602566,0.7854134,0.882032,0.97408164,0.48447067,1.0909833,0.9484481,0.8647084,1.2009237,1.1455883,0.37709844,1.1534758,0.8376139,0.8881083,1.0170671,0.8584647,0.9678072,1.0413038,1.1247182,0.67071456,1.0470741,0.64463985,1.0595745,0.7376747,1.048153,1.1802104,0.69335055,1.1887935,1.1611793,1.1011007,1.1332022,0.6909306,0.0,0.97359,1.0465987,1.062126,1.1149338,1.049527,1.0970633,1.0474986,1.2034076,0.9397687,1.1473079,1.1904736,1.159882,1.0573213,1.0485356,0.9992152,1.1921501,0.7098031,1.0376791,0.7690368,1.072632,0.93024504,1.1964648,1.085773,0.96059895,1.1428149,1.1399486,0.8121877,1.0627904,0.8528316,0.89215857,1.2060399,0.95701075,0.9938143,1.1752472,1.190357,1.008024,0.99289125,0.839091,0.68582714,1.1537511,1.0383536,1.1055542,0.9769566,0.97749966,0.87021995,1.031693,0.891411,1.1111432,1.1806033,0.9934925,1.234594,1.0717449,1.2187216,0.8748529,1.1979358,1.0672504,1.0463439,0.9661298,0.9783962,1.175662,0.91120267,1.1454052,0.92830044,1.2372125,0.8116866
dress,1.1919131,0.9325251,1.0905036,1.1142663,1.0497783,0.8493066,0.63085395,1.2346512,0.8113948,0.82141566,0.9397152,1.2323786,1.260294,1.2971399,0.91535354,1.1710635,1.158865,1.1370586,1.1318167,1.2356074,1.0927143,1.2304426,1.2008754,0.76969784,1.2210312,0.7260697,1.1017486,0.92157555,1.1339278,1.3951747,0.66353476,1.246032,1.0144655,0.85374385,0.78865254,0.6342602,0.97359,0.0,1.2490845,0.9071707,1.1633419,0.98759604,0.9548483,1.2937518,1.0179683,0.7736532,1.3482811,1.0404793,1.342983,0.7712934,0.8900269,0.9611654,1.3093044,0.9401746,1.1685284,1.0285611,1.0176235,0.86403054,1.2284205,1.2962816,0.9854483,1.1992238,1.2386076,1.1305931,0.49534655,0.67222595,0.8785436,1.3606739,1.111511,1.2809606,1.2857478,1.1027348,1.2634156,0.96916896,1.0233831,0.74598914,1.0541258,0.7559999,0.7588592,0.5727286,0.88561213,0.86809474,1.1700435,0.67749184,1.2602695,1.233874,0.9614565,1.2666782,1.1669598,0.9592492,0.58667445,1.2358794,1.2142749,1.0080165,0.78994477,1.2792895,1.0235755,0.89794123,0.8716791,1.1921049,1.236007,0.8093442
