,alligator,ankle,apple,arm,ball,balloon,banana,basket,bathtub,bed,belt,bench,bib,bird,blanket,book,bottle,bowl,box,bread,bucket,can,car,cat,chair,clock,closet,comb,couch,cracker,crayon,crib,cup,dish,dog,doll,door,drawer,dress,egg,elephant,face,finger,fish,flower,foot,fork,frog,glass,glasses,glove,gum,hair,hand,hat,hose,jacket,jeans,knife,ladder,lamp,leg,meat,melon,milk,mitten,mouth,nail,napkin,necklace,nose,orange,oven,pajamas,pants,paper,pen,pencil,pickle,pillow,plant,plate,pumpkin,purse,radio,refrigerator,rooster,scarf,scissors,shirt,shoe,shovel,sink,slide,slipper,snow,soap,sock,spoon,stick,sweater,table,tape,toe,tooth,toothbrush,towel,toy,tray,tree,vacuum,watch,window,zebra
alligator,0.0,1.041973,1.3754293,0.8138313,0.918734,1.1487869,1.0685745,1.1968284,0.7778399,0.632368,1.301765,0.6281654,0.6472972,1.3515189,0.70158225,0.7412647,1.3574513,1.3393155,1.179914,1.4072404,1.3886354,1.4511566,1.2818801,0.6343273,0.8152814,1.3294241,0.8470881,0.8742827,0.68002784,0.82012624,1.2024028,0.71606207,1.4185266,1.0243951,0.7699799,0.6577383,1.0787792,1.354846,0.7590271,1.290234,1.0215464,0.9123827,1.0936534,0.8234829,0.97576016,1.258442,1.2676386,0.95659393,0.71636534,1.4462897,0.80032575,0.98026675,0.7574718,0.89364123,1.1144644,1.0656762,0.8712434,0.8033798,1.3364899,0.6474922,1.4185092,1.1931593,0.8617589,1.1170491,0.8117056,0.65683544,1.2579772,1.3450174,1.2735648,1.3780687,1.0621209,1.3742027,0.880321,0.7744698,0.9138342,0.7478811,1.0632066,1.3447338,1.326752,1.0023642,0.9195077,1.4442344,1.2471106,0.87643665,1.1770439,0.81541073,0.7930393,0.78966033,1.3406398,0.75696194,1.2950318,0.77022994,1.4089293,0.7054275,1.4747654,1.141465,1.2203953,0.69585603,1.2412988,1.2436415,0.6299556,0.51600724,1.2646736,1.3510902,1.3309805,0.72912824,1.3494626,0.7204147,1.0992591,0.8741869,0.6501639,1.4432552,0.8551532,0.91852725
ankle,1.041973,0.0,0.886829,1.1017252,1.0093199,0.89503807,1.0684526,1.0153911,1.2434281,1.0837084,0.9387612,1.1235559,1.0824498,1.1199609,1.1707218,1.0794675,0.9521263,0.9666628,0.7314314,0.73693585,0.6745497,0.9197335,1.0163546,1.0305338,1.1874694,0.9135304,1.2542672,1.066665,1.1516347,1.095239,1.0449629,1.1725024,0.83387923,1.0778687,1.0312096,0.9398024,1.0690197,0.9151698,1.1570629,0.9052674,1.012619,1.1139078,0.82179606,0.90215063,1.0317904,0.88854706,0.9925287,0.99539775,0.850556,0.84268457,0.6636215,0.6758963,1.0492345,0.9630365,0.5002778,1.0386031,1.2128959,1.0848727,1.0008769,1.2179866,1.1117262,0.9498797,1.1146706,1.0215625,0.98188007,0.7091596,0.8443756,0.8857899,0.91561323,0.928957,0.7341982,0.86448306,1.0952517,1.2103127,1.1265335,1.1705164,1.1021081,1.0558343,0.9206741,1.0639699,1.0442142,0.9326003,0.82208145,1.0330516,1.0298398,1.0340163,1.0202392,1.1061047,0.8651104,1.2609622,0.6382591,1.0303123,0.9918176,1.323876,0.6974482,1.1449716,0.9676965,0.569392,0.9925645,1.0264133,1.2593601,1.1853551,0.82070404,0.7841346,1.0038735,1.1593102,0.8948775,0.75553787,1.0176417,1.0687943,1.0441794,0.85545594,1.2180216,1.1743369
apple,1.3754293,0.886829,0.0,1.4005871,0.8488936,0.7340525,0.69665605,0.96826,1.524491,1.4231033,0.5258762,1.5180943,1.4857483,0.62571216,1.509102,1.3879731,0.2751276,0.48757207,0.90086323,0.42016292,0.6580627,0.6881474,0.8242435,1.2710183,1.5200869,0.5116784,1.3124384,1.2400875,1.3939931,1.1830661,0.6760978,1.4111816,0.35893118,0.9868939,1.1749904,1.2368189,1.3565726,0.8852006,1.3067752,0.28525853,1.0871555,1.0001174,0.979126,1.2399575,1.0765758,0.82374394,0.7558559,1.0608981,1.3155874,0.29224348,1.0502865,0.8411149,1.2179052,1.2389753,0.6280728,1.2312046,1.2269357,1.4324694,0.70534563,1.4525609,0.64237213,1.0588915,1.2228931,0.64581144,1.2577012,1.1875215,0.6643964,0.16060102,0.8810588,0.6868924,0.8285048,0.24942827,1.3896075,1.3906645,1.3926704,1.364811,1.0096134,0.6605389,0.569563,1.0538605,1.1710184,0.4216292,0.37219346,1.3334205,0.942781,1.3900924,1.0088001,1.3779703,0.5313573,1.358613,0.87470186,1.232751,0.47847742,1.3072796,0.39404476,1.0404272,0.3229016,1.1122664,0.82917476,0.8345811,1.4594083,1.5533286,0.67422956,0.61667866,0.63886,1.372781,0.81713605,0.9510199,1.226571,1.1626439,1.3440733,0.24975276,1.2030311,1.2611067
arm,0.8138313,1.1017252,1.4005871,0.0,1.0452843,1.2727988,1.2048383,1.3337951,0.7292584,0.6333692,1.2352684,0.6434043,0.6086661,1.2722344,0.6312838,0.8352436,1.4002028,1.2767987,1.1941111,1.2007632,1.3004596,1.2922535,1.1927129,1.0334456,0.83245313,1.3367381,0.7651429,0.74853295,0.721876,0.9443832,1.1518807,0.94613457,1.4234164,1.1233513,1.1657141,0.9555306,1.0188814,1.1450456,0.80740285,1.2552109,0.8757655,1.0093688,0.81092477,0.863479,1.2119336,0.98946875,1.1810915,1.0769132,0.7861335,1.2540662,0.9468313,1.1027242,0.85295856,0.57492054,1.208857,0.87986416,0.7132114,0.6330733,1.1450756,0.7661704,1.3414419,1.1937938,0.96383387,1.2097582,0.8720188,0.8868418,1.1797328,1.3065768,1.1465508,1.1030351,1.004555,1.3297714,0.9958983,0.7055985,0.7571108,0.70033085,1.0040766,1.1472139,1.3153403,0.9715647,1.1796137,1.3608301,1.2232938,0.9794079,1.1530845,1.0010577,1.1242186,0.71243626,1.2959865,0.61521244,0.97535026,0.9638544,1.3569331,0.72025514,1.2348648,0.9362023,1.33604,0.9953467,1.1046869,1.0950909,0.54514647,0.61809397,1.2456014,1.0010586,1.1246837,0.7365352,1.1867899,1.1571385,1.046155,1.1155661,1.0876799,1.2528489,0.9712799,0.6866654
ball,0.918734,1.0093199,0.8488936,1.0452843,0.0,0.5175669,0.934026,1.0094054,1.1975865,0.994123,0.9488743,1.1063374,0.9740942,0.99422365,1.1368903,0.9420511,0.85930395,0.8415288,1.148037,1.0724627,0.9475327,1.1031333,0.9944237,1.041502,0.97708505,0.7598051,1.1114917,1.1674991,1.1007346,1.3040774,0.915,1.0241492,0.8338241,0.6989758,0.9962584,0.9496856,1.2684262,1.1715703,1.0389025,0.6361449,1.1538424,1.0381272,1.1044203,1.0960007,0.91821283,1.2129275,0.8648335,0.91174614,0.9351011,1.057719,0.97949314,0.7339767,1.1192557,1.0963447,0.8215945,1.2251707,1.0871727,1.1660539,1.0496223,1.1470565,0.8680691,1.174495,1.2850331,0.72864765,1.0258086,0.9953387,1.0794055,0.81565225,1.0005835,1.0365918,1.08996,0.8789263,1.113223,1.1050928,1.1882474,1.0123308,0.99973494,1.004106,1.0073879,0.8617066,0.96302,0.8460207,0.89989257,0.8015053,0.9540078,1.2274837,0.9807253,1.1141928,0.96143055,1.1167294,1.2125878,0.79876125,0.99149275,0.9975418,1.0950602,1.0797167,0.82322145,0.8626849,1.0073671,1.10269,1.1512275,1.0422958,0.71255946,1.1124084,1.0999705,1.0188981,1.1398416,0.6644812,1.010083,0.96858174,0.9635946,0.95010656,1.0628456,0.9780639
balloon,1.1487869,0.89503807,0.7340525,1.2727988,0.5175669,0.0,0.7345665,0.7840378,1.2896103,1.330637,0.8203944,1.4147494,1.2523273,0.8076708,1.3657176,1.1137279,0.8372742,0.8045136,0.83633524,0.71407646,0.6411918,0.7686181,0.96552455,1.1794105,0.97449917,0.6210382,1.3031057,1.1607655,1.3774105,1.184955,0.7723112,1.256456,0.67321414,0.7660651,1.0670813,1.087986,1.145998,0.92217743,1.2288698,0.6352343,1.1176875,1.1416183,1.1232433,1.0885166,0.8481866,1.1142465,0.6793281,0.93347436,1.0293064,0.8504611,0.93578833,0.7039325,1.3033807,1.1660655,0.64593923,1.1588733,1.3456924,1.3283322,0.69103456,1.2799089,0.6834886,1.0512202,1.2174034,0.5871631,1.1064768,1.0736581,0.9800751,0.77825093,0.8316172,0.74542356,1.1123596,0.55832016,1.1031706,1.3144705,1.300693,1.2241273,0.8934027,0.7528199,0.70732445,0.7732868,0.953368,0.5718659,0.7507112,0.864024,0.987397,1.232117,1.1550214,1.2486904,0.7108212,1.4016687,1.0455862,0.75600004,0.8890059,1.2192149,0.8444829,1.1005441,0.86344194,0.86644816,0.7341047,0.7624929,1.3788018,1.3845806,0.55646914,0.9983123,1.0188824,1.1082025,0.9329396,0.7487943,0.827883,1.0222673,0.9370375,0.8342291,1.1846573,1.111711
banana,1.0685745,1.0684526,0.69665605,1.2048383,0.934026,0.7345665,0.0,0.7458398,1.2785342,1.2415237,0.9668352,1.3145736,1.1710173,0.89238876,1.2348354,1.1210083,0.8344734,0.78466487,0.8831672,0.7466936,0.8911904,0.94976914,0.9468103,1.1672242,1.2515442,0.83643687,1.2635163,1.135581,1.1786802,1.0875953,0.73476213,1.1200333,0.74173874,0.76727635,1.0858577,0.9896446,1.2497245,1.038258,1.1162647,0.8029838,1.2197077,1.1397688,1.0797569,1.1636932,0.724549,1.0260025,0.69513494,0.9415327,0.97917163,0.9233322,0.86381394,0.85500765,1.2309464,1.0465118,0.85991704,1.1921957,1.221622,1.257558,0.58384794,1.2622092,0.9005053,1.1604769,1.1224946,0.4590882,1.0077456,0.99422824,1.030431,0.9220649,0.9498346,0.80012727,1.192467,0.7966912,1.1384265,1.1897721,1.2271883,1.1556706,0.88918287,0.8522803,0.7460159,0.7746598,0.9105118,0.766383,0.83267134,0.97472364,0.94220865,1.12045,1.1031168,1.0717089,0.70267326,1.2348775,1.0347773,0.83725417,0.8846711,1.1412562,0.93317866,1.199132,0.7506922,0.99440175,0.5993031,0.61612225,1.2459362,1.2684592,0.75120836,1.0059059,1.0225755,0.95846146,1.0354996,0.7995616,1.049066,1.0193617,1.0304775,0.8952491,1.2166929,1.1233644
basket,1.1968284,1.0153911,0.96826,1.3337951,1.0094054,0.7840378,0.7458398,0.0,1.1143078,1.159186,0.9909785,1.2008125,1.1679934,0.8143904,1.2427976,0.99961275,0.8280065,0.8364232,0.6007869,0.95111805,0.63938713,0.62178576,0.7833145,1.0414016,0.90630805,0.8092947,1.062652,1.144266,1.2245957,1.09639,0.96249473,0.6892381,0.62877464,0.8679363,0.86857176,1.0572721,0.80098796,0.8387997,1.1644939,0.99944884,1.0375848,1.1403179,1.2315621,1.1608613,0.7679955,1.1869164,0.7484829,0.99406916,1.1686614,0.9480894,1.0680779,1.1231139,1.2353106,1.2914748,0.9590005,1.1391914,1.2773256,1.2658439,0.83013433,1.0813205,0.6250572,1.0033722,1.0828273,0.67902064,1.070187,1.1988997,1.1142901,1.0408695,0.86470455,0.8055644,1.2180827,0.9381624,0.6935066,1.2276235,1.2283278,1.1788605,0.94047076,0.89979,0.8552841,0.8217817,0.8818387,0.8329874,0.9451477,0.9256036,0.77236784,0.6890765,1.1245879,1.1595677,0.8678434,1.2923393,1.027901,0.9737107,0.7363099,1.1901809,0.9175611,1.0620457,1.0022894,1.1079302,0.83653146,0.80623496,1.2114332,1.2167951,0.62498325,1.1712437,0.97967124,1.194646,0.86507124,0.9256445,0.8079174,1.0020655,0.6788627,0.94888204,1.1435317,1.1363063
bathtub,0.7778399,1.2434281,1.524491,0.7292584,1.1975865,1.2896103,1.2785342,1.1143078,0.0,0.68397444,1.2621162,0.47123522,0.79148906,1.2724278,0.6406765,0.97072095,1.4428812,1.2812858,1.1692085,1.3550129,1.2673374,1.0985839,1.2059532,0.8713667,0.4737233,1.4049076,0.44553006,0.7203701,0.65884537,0.8979321,1.3024606,0.5123941,1.4545615,1.0950712,1.008759,1.0060589,0.4782185,0.9634274,0.8907506,1.4428805,0.7266427,0.993001,1.1276212,0.7522075,1.1143347,1.1943747,1.3829719,1.0832053,0.66716135,1.511414,1.2792809,1.3486644,0.8106456,0.9701532,1.4790821,0.64132667,0.8317568,0.63522315,1.2322521,0.48898375,1.1362414,0.8325915,0.94500256,1.2939451,0.8748713,1.0760438,1.2441734,1.4784391,1.1472968,1.3642678,1.1787963,1.4053693,0.68462634,0.82640123,0.6752105,0.76722276,1.1640542,1.3339332,1.3310856,1.135135,0.99004906,1.324373,1.4211452,1.055096,1.1994379,0.635387,0.99735934,0.9646108,1.4222794,0.7232388,1.2668176,0.92492133,1.198927,0.50603807,1.470811,0.59585893,1.2942312,1.1517159,1.1982412,1.1735373,0.6442928,0.49581242,1.3447559,1.3482156,0.9528593,0.5943433,1.1832238,1.2929133,0.97102475,0.9544994,0.80978477,1.5146885,0.74396634,0.7483361
bed,0.632368,1.0837084,1.4231033,0.6333692,0.994123,1.330637,1.2415237,1.159186,0.68397444,0.0,1.2364228,0.19312096,0.72737026,1.3221374,0.5481346,0.3467213,1.3609833,1.3356082,1.0984882,1.3802671,1.3520198,1.3336828,1.1382331,0.8192949,0.7871115,1.1458439,0.70107144,0.7813728,0.5195967,0.89584386,1.2982836,0.7942455,1.4150455,1.095354,0.91409177,0.85966706,0.9477129,1.1737933,0.8361163,1.2766873,0.9760556,1.0911902,1.0577896,0.8553024,1.0785514,1.2291427,1.3036661,0.6806854,0.89656454,1.4111571,1.0316498,1.1333371,0.894879,0.84913397,1.2032235,0.94386405,0.8777547,0.8004392,1.3325219,0.6578601,1.3245586,1.096638,0.9332403,1.2822993,0.9637593,0.84438205,1.197551,1.3262753,1.318443,1.3254836,1.0427151,1.3875902,0.8877562,0.82811606,0.898005,0.7172239,1.1098639,1.321569,1.3275876,0.9131171,1.0533671,1.4150512,1.37351,0.8440608,1.0322361,0.83052343,0.9049823,0.89538115,1.3935455,0.8378399,1.0094764,1.0151145,1.340718,0.76285267,1.2722759,1.0446225,1.227373,0.95921034,1.2764301,1.2084568,0.7097418,0.39252138,1.1790444,1.2492279,1.2667239,0.9563627,1.3616652,0.8281113,0.8940208,1.0148417,0.90858555,1.3857832,0.8886487,0.8708526
belt,1.301765,0.9387612,0.5258762,1.2352684,0.9488743,0.8203944,0.9668352,0.9909785,1.2621162,1.2364228,0.0,1.313699,1.3143361,0.59387356,1.3299694,1.1922804,0.3332702,0.5481735,0.9323332,0.63220084,0.7402009,0.48513293,0.9064234,1.1906317,1.1963856,0.7123399,1.1529438,1.1351978,1.2833381,1.1591599,0.603027,1.2758455,0.49258673,1.1036183,1.1748005,1.2396724,1.1224253,0.7047568,1.1581179,0.67862713,1.0471599,1.1171995,1.1473789,1.0196975,1.1113219,1.1123505,0.75443614,1.0247239,1.2496399,0.5917491,1.1082909,0.9452629,1.2759976,1.2990874,0.68292576,0.9834115,1.1064243,1.1799078,0.7518151,1.3203312,0.72050625,0.9503752,1.2314094,0.95690525,1.2945926,1.161981,0.75981,0.53298426,0.9355124,0.68843424,1.0944722,0.5496366,1.2288015,1.2264363,1.2159697,1.1851077,0.8278646,0.6107913,0.72821736,1.0429218,1.1261117,0.46232724,0.97768,1.2157687,1.0705993,1.3022054,1.0702758,1.2631506,0.6430041,1.232143,0.7997606,1.1772743,0.4422354,1.2537621,0.4649136,0.94978577,0.74474436,1.1707355,0.8866418,0.8853378,1.2702857,1.376767,0.7358303,0.9115186,0.5901251,1.1914194,0.8722096,1.1069076,1.0526181,1.1260852,1.2009714,0.40895945,1.0624578,1.1134953
bench,0.6281654,1.1235559,1.5180943,0.6434043,1.1063374,1.4147494,1.3145736,1.2008125,0.47123522,0.19312096,1.313699,0.0,0.6877287,1.4321843,0.4189732,0.6350271,1.4521645,1.4332829,1.1620992,1.4735339,1.4109486,1.3332251,1.2472484,0.7665546,0.55057776,1.3573374,0.48809695,0.75834346,0.2636757,0.7868232,1.3913894,0.6785021,1.5451615,1.1930892,0.89024776,0.89655125,0.765535,1.1705344,0.80952024,1.4322054,0.9068964,1.0276572,1.0429256,0.83125174,1.1381457,1.2014105,1.4158266,0.9540838,0.81047666,1.4881214,1.0659835,1.2951953,0.778854,0.8537086,1.3720014,0.8481782,0.7920641,0.62954396,1.4632078,0.41358876,1.4021561,1.0118599,0.8145721,1.4057543,0.8715706,0.87132454,1.2448835,1.4022403,1.3471235,1.4498369,1.0433873,1.4350923,0.7846615,0.7409007,0.73605496,0.6892785,1.1348804,1.4091573,1.4141983,0.96922225,1.012658,1.5461718,1.4075377,0.8614687,1.1457471,0.6923988,0.9281158,0.7925004,1.449221,0.6899231,1.0719827,1.0670887,1.3719773,0.57374364,1.3808494,1.0029112,1.3133346,1.0338737,1.409362,1.3306506,0.5917545,0.21774578,1.338738,1.3069265,1.2218229,0.8548147,1.3707663,1.0524509,0.89992255,0.9525771,0.82820976,1.4675329,0.7537423,0.81463635
bib,0.6472972,1.0824498,1.4857483,0.6086661,0.9740942,1.2523273,1.1710173,1.1679934,0.79148906,0.72737026,1.3143361,0.6877287,0.0,1.3960079,0.6168369,0.7921828,1.4075254,1.3908327,1.1789334,1.4974058,1.3217,1.4255203,1.2367002,0.9248856,0.76945055,1.3559003,0.85946596,0.9338612,0.72802186,0.93414754,1.3058414,0.725718,1.4414595,0.9647566,0.9941502,0.46084905,1.0666679,1.3512273,0.25884926,1.3929875,1.0683212,0.71051043,1.1335931,0.9763183,1.0117167,1.1969037,1.2558671,1.1038759,0.7767963,1.4840894,0.88912183,1.0734684,0.68355465,0.8510449,1.262456,1.1304251,0.47251272,0.72935843,1.3602815,0.7285385,1.4487362,1.1767013,0.86114055,1.2158188,0.7541585,0.76838136,1.2886286,1.4290843,1.2307203,1.3070893,1.0881912,1.4729831,0.9041303,0.22082543,0.8378265,0.6335828,1.0984217,1.4015042,1.3478526,1.1059126,0.9823845,1.4721534,1.2933469,0.7093811,1.143512,0.80046624,0.99853086,0.3799919,1.3130229,0.45162266,1.2510108,0.82817453,1.4918697,0.74180377,1.4995868,1.0894159,1.2967408,0.88468134,1.2084029,1.1923234,0.45015258,0.5177274,1.228698,1.3343816,1.4100319,0.84489167,1.281282,0.96652263,0.99950093,0.93777066,0.9102883,1.4618495,0.8640369,0.7556915
bird,1.3515189,1.1199609,0.62571216,1.2722344,0.99422365,0.8076708,0.89238876,0.8143904,1.2724278,1.3221374,0.59387356,1.4321843,1.3960079,0.0,1.4535123,1.1083817,0.5524932,0.61560315,0.93354243,0.74188507,0.7439668,0.5432661,0.7782947,1.1822727,1.2518643,0.54303336,1.2983636,1.1795597,1.4069779,1.2387437,0.60944515,1.2619917,0.49898356,0.95306635,1.1006099,1.2479125,1.0379821,0.6173315,1.268142,0.689777,1.1328623,1.1679192,1.054647,1.0437117,1.0143851,0.9076897,0.588564,0.9784274,1.2894062,0.66399693,1.1495496,1.0396965,1.2672341,1.204656,0.86410415,0.8447897,1.2773015,1.3440583,0.6828835,1.2656692,0.44062126,0.7643714,1.2785695,0.78596467,1.234546,1.2235523,0.8314423,0.7270974,0.71663535,0.54574203,1.0897502,0.7052964,1.2173316,1.3239417,1.2400566,1.1182343,0.73816204,0.4946192,0.7362367,1.0962102,1.0759025,0.50345284,0.8302598,1.2093025,0.8702705,1.2083905,1.0609714,1.3520509,0.653991,1.3556716,0.87855506,1.1065607,0.4953909,1.292413,0.63654864,0.8580167,0.743505,1.1599267,0.79433763,0.8594508,1.3753611,1.4180555,0.83112526,0.840119,0.64387417,1.1005396,0.6479894,1.0770792,1.0618185,1.0941517,1.1229929,0.6310262,1.1193614,1.1577206
blanket,0.70158225,1.1707218,1.509102,0.6312838,1.1368903,1.3657176,1.2348354,1.2427976,0.6406765,0.5481346,1.3299694,0.4189732,0.6168369,1.4535123,0.0,0.7565844,1.5048311,1.4705102,1.1613209,1.3604361,1.3877056,1.3597744,1.2380657,0.79157954,0.5871747,1.4151115,0.6928947,0.8163045,0.3535632,0.62518805,1.3825505,0.78907716,1.5841933,1.2566265,0.9091347,0.85540986,0.89122987,1.2087997,0.65695363,1.4838786,0.9616704,0.9975586,1.0075564,0.8210441,1.1132246,1.080046,1.3782705,1.0189174,0.92470086,1.3922174,0.89618534,1.2608329,0.7644464,0.7956859,1.2725558,0.9322939,0.66766167,0.44547832,1.4438475,0.6306769,1.4927783,1.0232425,0.5706132,1.3363514,0.9193802,0.8299092,1.1949323,1.4031383,1.1837817,1.3829266,1.0337442,1.4302626,0.88084567,0.5583446,0.507064,0.7134962,1.0583795,1.3429615,1.3933125,0.68630844,1.0189867,1.5904657,1.303833,0.84771776,1.1556379,0.84089774,0.9571518,0.43208683,1.3329372,0.59419864,1.1104614,1.0738492,1.4413835,0.7659212,1.3984346,1.0183365,1.3415396,0.91794425,1.3973515,1.3345721,0.48818934,0.50508696,1.4372582,1.1952238,1.2560645,0.9001377,1.1341822,1.0879631,0.91940826,0.9487626,1.0138909,1.4597985,0.812644,0.70084906
book,0.7412647,1.0794675,1.3879731,0.8352436,0.9420511,1.1137279,1.1210083,0.99961275,0.97072095,0.3467213,1.1922804,0.6350271,0.7921828,1.1083817,0.7565844,0.0,1.2874632,1.1645455,0.9473668,1.2587627,1.1684285,1.2250599,1.0385202,0.88527167,0.8399831,1.0358396,1.0405271,0.92655563,0.85881835,1.0742778,1.0943595,0.89064205,1.2110761,0.97330153,0.87363476,0.8674367,1.0613533,1.0782013,0.9131289,1.2370195,1.1295108,1.0918283,1.0941064,0.8687009,0.92647195,1.217959,1.0950421,0.5347058,0.97829187,1.3499169,0.9274903,0.92483294,1.0346962,0.8906436,1.0398101,1.0197688,1.0629344,1.0592611,1.1513734,0.8989424,1.1525569,1.0496938,1.0603466,1.1370858,0.9317213,0.8036454,1.184838,1.3397713,1.1376995,1.2061595,1.114856,1.3538082,0.865774,0.9264337,1.0441117,0.5651597,0.8966598,1.0804739,1.1761658,0.8577707,0.9619455,1.2025547,1.3256088,0.62866116,0.92714804,0.8781162,0.97879505,0.90376806,1.2892686,1.0462707,1.029075,0.83724004,1.2399299,1.0203558,1.2300239,1.0824581,1.1892971,0.840878,1.1002977,1.0689231,0.9379333,0.651197,1.0242043,1.236477,1.2848324,0.9859733,1.2239282,0.6585516,0.6312094,0.9733397,0.8125657,1.3333359,0.97157556,0.97479767
bottle,1.3574513,0.9521263,0.2751276,1.4002028,0.85930395,0.8372742,0.8344734,0.8280065,1.4428812,1.3609833,0.3332702,1.4521645,1.4075254,0.5524932,1.5048311,1.2874632,0.0,0.3782003,0.93249685,0.5834249,0.54755527,0.5116796,0.7508301,1.2331958,1.3873221,0.5508176,1.2247429,1.2412317,1.3789227,1.2326796,0.54159635,1.2922752,0.15956426,0.96180564,1.1251205,1.2500138,1.1623905,0.861242,1.2546241,0.42972165,1.0808433,1.0932136,1.1675824,1.2652377,1.021608,1.0337391,0.70913225,1.1610773,1.2812567,0.4038185,1.1204768,0.94032544,1.2891171,1.4038205,0.75094277,1.2152183,1.1923801,1.4158959,0.7591051,1.3961025,0.5152372,0.96506256,1.2745986,0.8148308,1.2686734,1.2274586,0.7999915,0.27499568,0.8376092,0.6851594,1.0684403,0.39878178,1.2135305,1.3322786,1.359697,1.2893629,0.83830696,0.54598737,0.6055636,1.0434891,1.0766165,0.43330097,0.73800474,1.1805412,0.90315837,1.2428963,1.072273,1.3754952,0.56735563,1.3345275,0.9162085,1.2444559,0.28554255,1.2531105,0.47553706,1.0081829,0.58030105,1.1742501,0.89233667,0.91706276,1.3970628,1.4748529,0.6745935,0.8585001,0.5360498,1.2372656,0.7924958,1.0331135,1.1219867,1.0848422,1.1637021,0.19590247,1.1289115,1.2127054
bowl,1.3393155,0.9666628,0.48757207,1.2767987,0.8415288,0.8045136,0.78466487,0.8364232,1.2812858,1.3356082,0.5481735,1.4332829,1.3908327,0.61560315,1.4705102,1.1645455,0.3782003,0.0,0.89148754,0.5170892,0.5751937,0.61055785,0.7463046,1.2317992,1.2544787,0.6812118,1.2378368,1.2246069,1.3958905,1.3157591,0.5484738,1.2245407,0.32658398,0.6379541,1.1454538,1.3370713,1.1874912,0.6549418,1.3655533,0.42385858,1.163522,1.1541806,1.0838042,1.0693388,1.0235018,1.0276732,0.73479986,1.0401337,1.2228781,0.622812,1.2549961,0.8659655,1.3576894,1.3095325,0.83239037,1.1508425,1.3367031,1.4422766,0.52998245,1.3953638,0.52013135,0.9026863,1.3302586,0.696975,1.0508566,1.323823,0.8870609,0.53664684,0.7682484,0.7920987,1.1622623,0.5012606,1.1353147,1.4174337,1.367163,1.1994797,0.8562612,0.5953761,0.682036,1.0520546,1.1133311,0.24309862,0.86244166,1.230124,0.9084951,1.2182467,1.1327945,1.4416032,0.78833973,1.3700966,0.9372717,0.9144367,0.26961046,1.2841346,0.62002325,0.9298677,0.690194,1.2176226,0.5253231,0.65920067,1.4670886,1.3600845,0.65636814,0.92607254,0.43736154,1.1135247,0.7587342,1.1014407,1.0377052,1.1271253,1.1762408,0.49172813,1.161838,1.2427909
box,1.179914,0.7314314,0.90086323,1.1941111,1.148037,0.83633524,0.8831672,0.6007869,1.1692085,1.0984882,0.9323332,1.1620992,1.1789334,0.93354243,1.1613209,0.9473668,0.93249685,0.89148754,0.0,0.8332004,0.46869147,0.62274754,0.8539887,1.1642108,0.9843424,0.8015355,1.1103536,1.1580975,1.1569023,1.013165,0.94817275,1.0674647,0.70119745,1.0621383,1.0513791,1.0157297,0.88054305,0.62953377,1.2092278,1.0069538,1.2225031,1.1202093,1.0555747,1.1263627,0.9552108,1.0730462,0.87653357,0.83717227,1.0683787,0.9184479,0.93586737,0.91878986,1.2896783,1.1477987,0.7245771,1.0076267,1.2590156,1.126932,0.7528472,1.2610216,0.8578185,1.031913,1.0028551,0.9440532,1.0923051,1.0473568,0.8947607,0.95112705,0.9543071,0.81859505,1.0269959,0.91348165,0.82085204,1.2322032,1.1328605,1.1740812,0.9921388,0.90569085,0.9329203,0.93140143,0.99776,0.80696136,0.9428293,0.9025302,0.87745166,0.8451522,1.0828762,1.1467457,0.7534331,1.2959809,0.781993,1.0342888,0.7841237,1.2737119,0.61921,1.0923955,0.98443407,1.0137471,0.8215344,0.74282205,1.3040895,1.1998423,0.68150574,0.971253,0.98850346,1.2606814,0.89713734,0.80333495,0.67031527,1.0977542,0.89226055,0.87632704,1.2196705,1.2500731
bread,1.4072404,0.73693585,0.42016292,1.2007632,1.0724627,0.71407646,0.7466936,0.95111805,1.3550129,1.3802671,0.63220084,1.4735339,1.4974058,0.74188507,1.3604361,1.2587627,0.5834249,0.5170892,0.8332004,0.0,0.5639998,0.6036747,0.8586753,1.2058609,1.347336,0.6814747,1.351764,1.0863237,1.3990319,1.104981,0.6583352,1.4471318,0.55384904,1.0387928,1.1299813,1.2829618,1.1738157,0.7162349,1.3943145,0.5151872,0.9933013,1.1854699,0.9232391,0.9994561,1.0888883,0.76666856,0.71933776,0.9227071,1.265268,0.41097546,0.89661306,0.75643766,1.2984535,1.1551002,0.5353623,1.036334,1.3419608,1.3516608,0.536165,1.4566096,0.7407888,0.97461516,1.1618963,0.74405164,1.2244298,1.0732883,0.7562361,0.5311419,0.7568429,0.72190404,0.8997027,0.35818648,1.3166338,1.4450387,1.3064222,1.3621638,0.9123445,0.59891504,0.6122623,0.9139436,1.1997397,0.42899752,0.60836744,1.2984252,0.9763984,1.3398511,1.0980827,1.3495498,0.6372056,1.4312218,0.70048594,1.1114861,0.5721789,1.3795755,0.43622357,0.9580971,0.7199105,1.0230271,0.647457,0.6251887,1.4874547,1.5387293,0.70933974,0.61642665,0.6094153,1.2215111,0.711199,0.97769016,1.001052,1.2242041,1.2837193,0.44617164,1.30305,1.2600014
bucket,1.3886354,0.6745497,0.6580627,1.3004596,0.9475327,0.6411918,0.8911904,0.63938713,1.2673374,1.3520198,0.7402009,1.4109486,1.3217,0.7439668,1.3877056,1.1684285,0.54755527,0.5751937,0.46869147,0.5639998,0.0,0.3767625,0.7906827,1.2090778,1.0247351,0.6977284,1.2724392,1.2516887,1.3823334,1.1739444,0.7708144,1.1798422,0.27096558,0.9040683,1.074878,1.2292709,0.9233481,0.6163696,1.308295,0.7046654,1.0532936,1.2465726,1.128603,1.2260859,1.0064086,1.0016111,0.758989,1.0337834,1.1217716,0.6437409,0.9887251,0.9479547,1.4328163,1.3128376,0.6137417,1.0971959,1.3833586,1.3575072,0.6972544,1.476116,0.6377499,0.8429899,1.1705233,0.88492554,1.1332905,1.1779536,0.83519363,0.6809221,0.7050228,0.6635696,1.1255271,0.58214235,0.91416,1.4110518,1.2781656,1.3392428,0.9258106,0.6829775,0.68677294,0.8490105,1.0563946,0.55002165,0.72896236,0.9851135,0.8859077,1.020179,1.1529208,1.3407468,0.5646185,1.4704249,0.7633717,1.0380388,0.52277786,1.3111199,0.49283683,0.9897211,0.9087615,0.99321485,0.77981466,0.7998881,1.4390721,1.4675847,0.57390064,0.8485484,0.7628274,1.2713213,0.7214979,0.9381101,0.7361118,1.1313835,0.85913575,0.5875188,1.2790253,1.250355
can,1.4511566,0.9197335,0.6881474,1.2922535,1.1031333,0.7686181,0.94976914,0.62178576,1.0985839,1.3336828,0.48513293,1.3332251,1.4255203,0.5432661,1.3597744,1.2250599,0.5116796,0.61055785,0.62274754,0.6036747,0.3767625,0.0,0.81807125,1.2037807,0.8533492,0.7475413,1.1486444,1.2293577,1.3417491,1.1213824,0.74734384,1.2375226,0.39451241,1.1156447,1.1134498,1.3932767,0.6371578,0.3606274,1.3474824,0.7779681,0.9779585,1.2471436,1.1195405,1.156183,1.0756958,0.9671824,0.76755327,1.1024984,1.2630608,0.6066881,1.1470972,1.1688333,1.3835506,1.3606703,0.6868513,0.87152416,1.3051753,1.145819,0.685585,1.299096,0.54958194,0.6393577,1.1727359,0.9204065,1.3013214,1.3296535,0.838247,0.78270054,0.63315475,0.5592908,1.1721077,0.64354587,0.9655616,1.3893266,1.1150181,1.3017577,0.859949,0.62556195,0.64904106,0.8952171,1.0798498,0.47022283,0.8719332,1.1603278,0.9650948,0.9898683,1.2189075,1.3206668,0.6684731,1.4009888,0.7545025,1.1735976,0.3885789,1.2918593,0.43506074,0.8012629,0.87924415,1.2116556,0.8671824,0.8194796,1.4135422,1.454222,0.67343295,0.8600988,0.55500007,1.1950073,0.56422776,1.2415152,0.8073046,1.1568971,0.9454495,0.5980852,1.1341778,1.1907661
car,1.2818801,1.0163546,0.8242435,1.1927129,0.9944237,0.96552455,0.9468103,0.7833145,1.2059532,1.1382331,0.9064234,1.2472484,1.2367002,0.7782947,1.2380657,1.0385202,0.7508301,0.7463046,0.8539887,0.8586753,0.7906827,0.81807125,0.0,1.1199076,1.2696726,0.79460025,1.1339427,1.0294193,1.2454474,1.1351701,0.85902125,1.12745,0.7043839,0.99268407,1.0418541,1.1079305,0.9581548,0.73003054,1.1859903,0.8255347,1.0719419,1.0600394,1.1111159,1.0755148,0.942354,1.0126154,0.81935847,1.0128714,1.2568107,0.8549958,1.1788768,0.9729949,1.1502601,1.2352576,0.93506056,1.049767,1.107584,1.2386556,0.7839193,1.3529415,0.7204655,1.003989,1.0908018,0.9183904,1.2145027,1.2016122,0.9542759,0.8802831,0.81991494,0.9195719,1.066648,0.88217217,0.9330922,1.2065921,1.1664855,1.1639748,0.9605903,0.820623,0.8580737,0.9472503,1.0107006,0.7250439,0.9479154,1.0165317,0.1006909,0.9919768,1.0791183,1.2781444,0.8919452,1.1757549,0.96484625,1.1424879,0.5814612,1.0976965,0.8235636,1.0045083,0.8706214,1.1674631,0.8832563,0.86206836,1.2070063,1.3300064,0.81684697,1.0043793,0.7043369,1.1875396,0.800011,0.9807987,0.97642183,1.0549463,1.0724373,0.8034986,1.0230503,1.0842133
cat,0.6343273,1.0305338,1.2710183,1.0334456,1.041502,1.1794105,1.1672242,1.0414016,0.8713667,0.8192949,1.1906317,0.7665546,0.9248856,1.1822727,0.79157954,0.88527167,1.2331958,1.2317992,1.1642108,1.2058609,1.2090778,1.2037807,1.1199076,0.0,0.8548047,1.202973,0.84747356,0.9328547,0.77827096,0.9398178,1.3133719,0.8437834,1.2752737,1.1021172,0.08500552,0.8606275,0.9102341,1.1616399,0.90536684,1.2538613,0.85215336,0.9416807,1.0766048,0.7482319,0.9186717,1.1443168,1.2354785,0.85113883,1.0054821,1.2040274,0.9777316,1.2064142,0.90572655,1.0477062,1.0828267,0.96185017,0.9323886,0.89246845,1.3139603,0.6661171,1.152719,0.86908954,0.8829898,1.1123264,1.0125132,0.96622884,1.178044,1.237956,1.099751,1.1960721,1.0935358,1.2335346,0.9566761,0.898703,0.9026196,0.99113536,1.1809133,1.2854509,1.2199633,0.9573791,0.88766754,1.2914361,1.1395379,0.9893166,1.0824912,0.912759,0.3882655,0.90146273,1.2319771,0.86155975,1.1416975,1.060533,1.1533053,0.88006437,1.2208358,0.9863089,1.1758034,0.93940026,1.286665,1.2537402,0.8327156,0.8301333,1.209805,1.1800172,1.1155334,1.0753942,1.0895898,0.9626911,1.065397,0.87446606,0.9521394,1.2523619,0.9124972,0.96922266
chair,0.8152814,1.1874694,1.5200869,0.83245313,0.97708505,0.97449917,1.2515442,0.90630805,0.4737233,0.7871115,1.1963856,0.55057776,0.76945055,1.2518643,0.5871747,0.8399831,1.3873221,1.2544787,0.9843424,1.347336,1.0247351,0.8533492,1.2696726,0.8548047,0.0,1.3293405,0.6825571,0.89949435,0.6253569,0.9238711,1.2194262,0.65605396,1.3059939,1.1051421,0.8833615,1.022184,0.576427,0.93050474,0.8844092,1.4123908,0.9469237,1.0874557,1.1111804,0.93616843,1.0916303,1.1956592,1.225772,1.086765,0.8350369,1.3887224,1.1112437,1.3131672,0.9402446,0.95707285,1.21608,0.87519246,0.96638024,0.61883616,1.2376299,0.55681556,1.1408273,0.8865143,0.9242014,1.2393786,0.9243736,1.1087554,1.2598308,1.4348814,1.0387065,1.2040424,1.2324687,1.3452482,0.62009877,0.8432925,0.7078456,0.7748007,0.97567636,1.1978952,1.2460196,0.74803287,0.96382207,1.2284831,1.3165557,0.76284564,1.2408106,0.651441,1.1625513,0.7835095,1.3071103,0.8345735,1.2021536,0.8085107,1.1729665,0.64400077,1.3271236,0.8963638,1.3806976,1.0918655,1.2187476,1.1704106,0.73816746,0.5384108,1.1570438,1.3106887,1.1649598,0.78476584,1.1035553,1.1869003,0.62161624,0.9631525,0.6108105,1.4197047,0.7806378,0.84796524
clock,1.3294241,0.9135304,0.5116784,1.3367381,0.7598051,0.6210382,0.83643687,0.8092947,1.4049076,1.1458439,0.7123399,1.3573374,1.3559003,0.54303336,1.4151115,1.0358396,0.5508176,0.6812118,0.8015355,0.6814747,0.6977284,0.7475413,0.79460025,1.202973,1.3293405,0.0,1.2811708,1.1101544,1.4176499,1.1787173,0.79371256,1.2860368,0.52016175,0.9867949,1.0870539,1.1408226,1.1874623,0.89312494,1.256598,0.44934094,1.1367297,1.145505,1.1652493,1.1102057,0.90700597,1.0473815,0.6011781,0.67426157,1.2424241,0.6410428,1.0852826,0.7869376,1.313355,1.3056406,0.7033771,1.0521462,1.2460155,1.4085083,0.70706064,1.3691522,0.5207294,0.9971071,1.210152,0.6089826,1.3293813,1.1619356,0.89040923,0.6267892,0.8720704,0.6552794,1.0269408,0.62523925,1.1960831,1.3644063,1.3813102,1.3137673,0.897027,0.6785629,0.8032298,0.97070754,1.035893,0.5393617,0.7459563,1.0316825,0.855175,1.253184,1.0446457,1.3994741,0.6011579,1.3944399,0.8418877,0.9996217,0.6300174,1.3733685,0.5596341,1.0561482,0.56960547,1.0512564,0.7974266,0.77316326,1.4253716,1.4616904,0.5177314,0.9601326,0.8397635,1.356522,0.8441756,0.72989976,0.9813606,1.0837666,1.1421692,0.5606396,1.2305663,1.2393785
closet,0.8470881,1.2542672,1.3124384,0.7651429,1.1114917,1.3031057,1.2635163,1.062652,0.44553006,0.70107144,1.1529438,0.48809695,0.85946596,1.2983636,0.6928947,1.0405271,1.2247429,1.2378368,1.1103536,1.351764,1.2724392,1.1486444,1.1339427,0.84747356,0.6825571,1.2811708,0.0,0.8106376,0.6194579,0.95797354,1.2221317,0.6680118,1.3401062,1.1528339,0.98593336,1.005867,0.6835764,0.9938579,0.8582988,1.2935692,0.83975255,0.9102931,1.0995847,0.9002022,1.1525965,1.2244613,1.326684,1.1455133,0.912495,1.3261437,1.2771759,1.369853,0.8116095,1.0554292,1.3717034,0.79729915,0.70160925,0.7310474,1.321718,0.49150825,1.2100164,0.97810435,0.94253886,1.2461114,0.9456313,1.0757985,1.1250229,1.2133836,1.3019321,1.2894032,1.1038717,1.2605746,0.75616,0.79941404,0.8127772,0.80887383,1.0846747,1.1920445,1.3469152,1.1570836,1.0440347,1.3520485,1.315756,1.0314522,1.1209885,0.7855163,0.8705858,0.9562455,1.3483534,0.6392424,1.2006738,1.1111754,1.1494265,0.47899902,1.3283219,0.8278758,1.1989138,1.2224451,1.326021,1.2790718,0.6873308,0.5225578,1.2038039,1.2945745,1.0096959,0.8397101,1.285799,1.2479937,0.98597467,0.9480439,0.9979153,1.270493,0.6920941,0.7720777
comb,0.8742827,1.066665,1.2400875,0.74853295,1.1674991,1.1607655,1.135581,1.144266,0.7203701,0.7813728,1.1351978,0.75834346,0.9338612,1.1795597,0.8163045,0.92655563,1.2412317,1.2246069,1.1580975,1.0863237,1.2516887,1.2293577,1.0294193,0.9328547,0.89949435,1.1101544,0.8106376,0.0,0.864249,0.8288244,1.1629099,0.87553513,1.3083203,1.0969232,1.045766,0.93723553,0.9439869,1.0514007,0.9944639,1.2609406,0.7326089,0.9397937,1.0801218,0.9330207,1.1281264,1.1353232,1.1695354,0.95975643,0.8291652,1.0353054,1.1516075,1.1691444,0.77708477,0.9008708,1.219166,0.9750101,0.9037815,0.88088953,1.1607239,0.7773999,1.219168,1.1551021,0.9309839,1.1259677,1.0567992,1.0501846,0.999606,1.1997442,1.2263759,1.1801822,0.91388357,1.1652169,0.89912194,0.9074377,0.9365289,0.9022831,1.0242925,1.1341658,1.1210407,0.9727788,1.1447127,1.1914018,1.174503,1.0027407,1.0416214,0.96849126,0.9606783,0.9440752,1.1834809,0.8308418,0.9584986,1.0570716,1.1615212,0.881889,1.1288588,0.9633261,1.122258,1.1888134,1.1261973,1.1321328,0.78671646,0.8521503,1.1859667,1.1370776,1.0833969,0.8667877,1.1935441,1.0967499,1.1364836,1.1215926,1.0579205,1.1303941,0.9369389,0.7284672
couch,0.68002784,1.1516347,1.3939931,0.721876,1.1007346,1.3774105,1.1786802,1.2245957,0.65884537,0.5195967,1.2833381,0.2636757,0.72802186,1.4069779,0.3535632,0.85881835,1.3789227,1.3958905,1.1569023,1.3990319,1.3823334,1.3417491,1.2454474,0.77827096,0.6253569,1.4176499,0.6194579,0.864249,0.0,0.7340443,1.3834324,0.74057424,1.4837458,1.1504389,0.867787,0.8265912,0.85852563,1.2246795,0.7463977,1.4028523,1.0352403,0.9367025,0.9680039,0.8912055,1.0530516,1.1107763,1.4298623,1.0535928,0.88054776,1.418064,0.95443004,1.2795022,0.74954677,0.808232,1.3283384,0.96219444,0.7828509,0.6098758,1.4448905,0.5666238,1.4357047,1.0647238,0.7216339,1.3216515,0.87712157,0.8278189,1.2175972,1.3325703,1.3335481,1.4172019,1.0357928,1.3675827,0.84790474,0.695912,0.69618094,0.75560725,1.1815767,1.410573,1.3401685,0.7729033,0.9235765,1.5392394,1.2374173,0.85503995,1.1513216,0.7485537,0.9675829,0.6830882,1.3491395,0.6412143,1.1891353,1.1161752,1.3598638,0.60936326,1.4023178,1.0884217,1.2496586,0.9728108,1.3785238,1.3445517,0.52224606,0.36658275,1.3906903,1.2058103,1.2276464,0.90490437,1.3200841,1.0344503,1.0209076,0.8977351,0.9322916,1.4050953,0.68807954,0.85500616
cracker,0.82012624,1.095239,1.1830661,0.9443832,1.3040774,1.184955,1.0875953,1.09639,0.8979321,0.89584386,1.1591599,0.7868232,0.93414754,1.2387437,0.62518805,1.0742778,1.2326796,1.3157591,1.013165,1.104981,1.1739444,1.1213824,1.1351701,0.9398178,0.9238711,1.1787173,0.95797354,0.8288244,0.7340443,0.0,1.2772739,0.9830194,1.2723967,1.1990118,0.98769563,0.9965803,0.80812085,1.1087112,0.84382546,1.2375351,0.7747038,1.0256605,1.109853,1.0708841,1.1217507,0.99857545,1.214345,1.0678849,0.97023916,1.0673747,0.9889669,1.2757148,0.8957008,1.0099157,1.1692039,0.9970139,0.8701258,0.71548414,1.1899035,0.835549,1.2874885,0.9467841,0.100726485,1.1809024,1.0138882,0.95579016,1.028523,1.1473117,1.0798295,1.1618519,0.94419444,1.1474191,0.9794969,0.8229706,0.60794073,1.0618677,1.176311,1.2469282,1.0564917,0.94245243,1.0342085,1.3024583,1.080479,1.0045648,1.1106211,0.92504776,0.95592266,0.685076,0.9917842,0.8785398,0.9696677,1.2067938,1.249608,0.97588813,1.0915306,1.053031,1.1669785,0.95194817,1.1798735,1.0717918,0.7325418,0.9338664,1.3237063,1.0665406,1.164719,1.0480611,0.9981689,1.1590693,1.0557781,0.9933073,1.0238109,1.1745608,0.9362093,0.9644116
crayon,1.2024028,1.0449629,0.6760978,1.1518807,0.915,0.7723112,0.73476213,0.96249473,1.3024606,1.2982836,0.603027,1.3913894,1.3058414,0.60944515,1.3825505,1.0943595,0.54159635,0.5484738,0.94817275,0.6583352,0.7708144,0.74734384,0.85902125,1.3133719,1.2194262,0.79371256,1.2221317,1.1629099,1.3834324,1.2772739,0.0,1.2274412,0.5769378,0.86909986,1.2772377,1.2445048,1.2807546,0.7565993,1.2476964,0.6131875,1.2061459,1.2490588,1.0543643,1.0753618,1.1108067,0.97847795,0.3471681,1.1020029,1.0106361,0.6892226,1.0752169,0.6918167,1.3479398,1.1623969,0.8180561,0.9351658,1.3283787,1.2984533,0.34975696,1.3476952,0.7144058,1.101195,1.3048003,0.8304762,1.0782216,1.1448878,0.849791,0.6468942,0.81595826,0.6275387,1.1134152,0.67531705,1.1971076,1.282695,1.327064,1.0408046,0.20567769,0.14698899,0.7804435,1.0925791,1.2127086,0.53316736,0.97552633,1.0365433,0.9755852,1.2926955,1.1522789,1.216129,0.63157666,1.3586231,0.88555586,0.79191184,0.65534574,1.0717268,0.729673,1.1209995,0.8670927,1.1396953,0.49137294,0.6088999,1.4191422,1.2520014,0.819977,0.92273355,0.62818676,0.56304985,0.921638,1.016895,0.921244,1.2062252,1.0663226,0.54498315,1.2255384,1.1777112
crib,0.71606207,1.1725024,1.4111816,0.94613457,1.0241492,1.256456,1.1200333,0.6892381,0.5123941,0.7942455,1.2758455,0.6785021,0.725718,1.2619917,0.78907716,0.89064205,1.2922752,1.2245407,1.0674647,1.4471318,1.1798422,1.2375226,1.12745,0.8437834,0.65605396,1.2860368,0.6680118,0.87553513,0.74057424,0.9830194,1.2274412,0.0,1.2924538,0.90864897,0.8409429,0.8539679,0.8070117,1.1697661,0.8261515,1.3339789,1.0267313,0.93701464,1.2230707,0.98731005,0.9330362,1.29216,1.2259636,1.0687448,0.74966824,1.5048447,1.0995117,1.2302891,0.8163701,1.0421112,1.3909099,1.0398196,0.8914063,0.8092947,1.3005192,0.63403666,1.199553,1.1404159,0.9397755,1.1316042,0.6890515,0.92864245,1.242856,1.3636721,1.266753,1.3708043,1.12715,1.3601162,0.45271993,0.83412904,0.8687137,0.7257687,1.0930227,1.3226388,1.3190149,1.1265237,0.9205964,1.3442181,1.3216491,0.81454116,1.036948,0.40596533,0.96799767,0.9059687,1.3120381,0.7779549,1.2988427,0.8224952,1.2325826,0.67881596,1.4736941,1.007513,1.191998,1.0060248,1.1539333,1.1964955,0.67715585,0.52239597,1.1719184,1.4062464,1.2477916,0.7946889,1.3217704,1.0219468,1.0274638,0.8846863,0.63977885,1.4369938,0.80730164,0.9156158
cup,1.4185266,0.83387923,0.35893118,1.4234164,0.8338241,0.67321414,0.74173874,0.62877464,1.4545615,1.4150455,0.49258673,1.5451615,1.4414595,0.49898356,1.5841933,1.2110761,0.15956426,0.32658398,0.70119745,0.55384904,0.27096558,0.39451241,0.7043839,1.2752737,1.3059939,0.52016175,1.3401062,1.3083203,1.4837458,1.2723967,0.5769378,1.2924538,0.0,0.7985449,1.1174784,1.2978135,1.1019995,0.7477654,1.3421144,0.43614292,1.1106634,1.1689371,1.2083524,1.2907362,0.92196697,1.0776006,0.623544,1.0949135,1.209883,0.49447834,1.0823392,0.9114044,1.4383152,1.4321203,0.6682969,1.2463232,1.3543439,1.5302055,0.6431562,1.5103439,0.4294417,0.92239046,1.3090713,0.6633842,1.2203208,1.2451239,0.85170335,0.41939247,0.7294575,0.6271735,1.173555,0.44532317,1.1173962,1.4362733,1.4049227,1.3229738,0.8573005,0.5599496,0.5338855,0.93888766,1.029449,0.33890182,0.6896839,1.097925,0.83594817,1.1800926,1.1438701,1.4373384,0.53915733,1.474309,0.9202996,1.1146281,0.27504647,1.3366635,0.49379468,1.0035975,0.6530028,1.0888513,0.7453853,0.7981732,1.5080376,1.5552926,0.491525,0.90024734,0.60146314,1.2450842,0.72073996,0.9442454,1.0000738,1.1099067,1.0450362,0.3341676,1.2275624,1.2433088
dish,1.0243951,1.0778687,0.9868939,1.1233513,0.6989758,0.7660651,0.76727635,0.8679363,1.0950712,1.095354,1.1036183,1.1930892,0.9647566,0.95306635,1.2566265,0.97330153,0.96180564,0.6379541,1.0621383,1.0387928,0.9040683,1.1156447,0.99268407,1.1021172,1.1051421,0.9867949,1.1528339,1.0969232,1.1504389,1.1990118,0.86909986,0.90864897,0.7985449,0.0,1.0170761,0.97901255,1.1708593,1.1421909,1.0449094,0.8053551,1.1501374,1.0439786,1.1590573,1.1860801,0.8219167,1.1842629,0.8759577,1.0022908,0.8935193,1.1611128,1.10525,0.915604,1.1198732,1.1433532,1.0578767,1.2399191,1.1815586,1.30066,0.764297,1.1214733,0.833235,1.0873284,1.2067614,0.6614609,0.8707914,1.0637552,1.1249962,1.0346502,0.93767095,0.92577314,1.1982536,1.0244066,0.95114386,1.1107461,1.2383806,0.98128426,1.029919,1.0205898,0.87469095,0.948715,0.89098895,0.7219873,1.0469404,0.8720093,0.9019978,1.0348643,1.0964564,1.1977781,1.0089746,1.1221762,1.2194784,0.66732466,1.057255,1.0032513,1.1933141,1.0566018,0.9361617,0.9445684,0.51007783,0.6891358,1.1255934,1.0404606,0.71707726,1.175155,1.16013,0.8475716,1.1097646,0.8771905,1.0513953,0.9451569,0.8702911,1.1141152,1.0933131,1.0020595
