,alligator,ankle,apple,arm,ball,balloon,banana,basket,bathtub,bed,belt,bench,bib,blanket,boat,book,bottle,bowl,box,bucket,butterfly,can,car,carrot,cat,chair,clock,closet,coat,coffee,comb,couch,cracker,crayon,crib,cup,dog,doll,door,drawer,dress,ear,face,finger,fish,flower,frog,glass,glasses,glove,gum,hair,hand,hat,horse,hose,jacket,jeans,knife,ladder,lamp,mitten,motorcycle,nail,napkin,necklace,nose,orange,oven,pajamas,pants,paper,pen,pencil,pillow,plant,plate,pony,pumpkin,purse,radio,refrigerator,rooster,scissors,shirt,shorts,sink,slide,slipper,soap,sock,spoon,sprinkler,sweater,table,tape,toe,tooth,toothbrush,towel,toy,tray,tree,vacuum,watch,window
alligator,0.0,1.1072756,1.0303326,0.75518274,1.1111894,1.407668,0.788416,1.1225908,0.7036774,0.7123077,1.2047138,0.9615131,0.74541867,0.8469575,1.2734046,1.1427889,1.388237,1.4431901,0.90870583,1.0798985,1.1684601,1.4139348,1.3264506,1.4023404,0.8443872,0.972168,1.3438787,0.8182016,0.690279,0.79863226,0.9477905,0.81559753,0.99069494,1.3764095,0.7088936,1.4520848,0.8937098,0.9561806,0.8109175,1.0126319,1.1256155,1.0845615,0.93942386,0.9656264,1.16856,0.87418133,0.7613857,0.81719625,1.1952121,1.0128843,0.9176716,0.8753661,0.816383,1.3725157,0.79740924,1.0018924,0.82384825,0.6930945,0.86865735,0.7736374,1.241338,0.94926786,1.208971,1.3741424,1.2782431,0.56961584,1.1109614,1.050679,1.3853388,0.6359707,0.89665216,0.7513664,1.323457,1.2904776,1.2144513,0.8685821,1.2997735,0.9499951,1.1879872,0.97729754,1.233015,1.2475731,1.0084641,0.9851717,0.71704143,0.92704594,0.84951097,0.9458419,1.4248025,1.2872068,1.0992068,1.0238283,1.0324403,0.89139533,0.7035291,1.3932667,1.2635442,1.1453325,0.6159129,1.3232994,1.0963202,0.9993561,0.79398334,1.1114321,1.318252,0.8948653
ankle,1.1072756,0.0,0.6347971,0.9862342,0.6559347,0.9388066,1.1428113,1.0759165,0.9731095,1.0405215,1.1669297,0.87776,1.0442541,0.9189619,1.1548615,1.210294,1.2170454,1.0079788,1.1538709,1.0659542,1.1299566,1.1364498,1.099219,1.143671,1.078855,0.88370526,1.1809294,1.0574837,1.0234886,1.0747461,0.99430925,0.94864225,1.1117903,1.1816386,1.1035126,1.1126829,0.82467777,0.8727919,1.0966322,0.93124735,0.9477914,0.82230985,1.0635844,0.921498,1.1203899,1.1437712,1.0614779,1.0203222,1.0098256,0.86142266,1.0758531,0.8568181,0.9267705,1.0280591,0.9275401,1.0515028,0.99079746,0.9162331,1.1442128,1.0920359,1.1353451,0.82648695,1.0277328,1.1167247,1.0633346,0.9863713,0.76510507,0.87250483,1.1774997,1.1610568,0.7956363,1.1352673,1.1174423,1.1732411,0.8818206,1.0648365,1.12363,0.7999928,0.9878317,0.9371015,0.95391417,1.1129278,0.91037077,0.92338353,1.0644951,0.8336201,0.8637413,0.9237799,1.1031095,1.2323426,0.380481,1.0320281,0.95146865,0.93972653,1.1192805,0.8842471,0.97878844,1.1425872,1.0760877,1.0267695,1.0809609,1.0851411,1.0676374,1.1004474,0.9391857,1.0412216
apple,1.0303326,0.6347971,0.0,0.9904261,0.28557694,0.6201364,1.1375961,0.9756638,1.0346017,1.1239222,1.1622536,1.064469,1.2050164,0.98261625,1.0138826,1.0075297,0.96659154,0.8884037,1.0989765,1.0502627,0.90091074,1.0985777,1.0197155,0.9650298,1.2164344,0.9067263,0.9815796,1.1449109,1.1062586,1.1014291,1.1325411,1.1680306,1.0393497,0.98321855,1.0303342,0.95174587,1.0339136,1.0086281,1.2065066,0.9795805,1.0761377,0.8936976,1.1383314,0.934066,0.9405276,1.0081863,0.9765332,1.0440513,1.0979755,0.85748893,0.94689107,1.0828571,0.91661227,1.0660759,0.942735,1.041272,1.1619858,1.203408,1.1679118,1.192095,0.91453457,0.9040888,0.99729234,0.8065118,1.0736998,0.8389771,0.5625074,0.54413843,1.1174421,1.0869315,1.0455406,0.9923759,1.0142796,0.8934814,0.9414281,1.0656382,0.9441868,0.98730284,0.7606555,1.2656875,1.0937244,0.9924647,0.8666894,1.0066751,1.1505169,1.230132,0.97525275,1.0519718,1.006815,1.0726646,0.9644061,0.98073614,0.9106912,1.1231709,1.0400057,0.73216534,1.0105238,1.0617121,0.9188905,1.1600295,0.9744476,1.0799915,1.0437791,1.146552,0.980515,1.124417
arm,0.75518274,0.9862342,0.9904261,0.0,1.0789601,1.2265589,0.98020655,1.100608,0.88668716,0.8919303,0.99813956,0.8925009,0.8404929,0.89033616,1.0765749,1.2195202,1.2601876,1.2180147,0.9848592,1.184179,1.132463,1.2337271,1.1740122,1.238826,0.9800724,0.9368273,1.1864955,1.0076387,0.6463038,0.96773505,0.96772414,0.77409023,1.0755384,1.269074,0.9072925,1.2717804,0.9918936,0.94969743,0.98199445,1.0650406,1.1323148,1.038464,1.0310043,0.8452626,1.2233586,1.1155523,1.0929953,1.0081947,1.1012739,0.9877262,1.0318555,0.9828516,0.77382106,1.2170527,0.85039526,0.978029,0.8443259,0.6121545,1.2243367,1.0144925,1.2169489,0.89721847,1.1306275,1.2083905,1.1296269,0.9201839,1.1089026,1.0137634,1.237804,0.62048435,0.94166523,0.7331817,1.1161848,1.1647549,1.131846,1.0820473,1.2753359,0.9864322,1.1444505,1.023615,1.1174052,1.1795713,1.1428539,0.87685245,0.7667524,0.81926244,0.9832056,0.9221643,1.2074697,1.1259702,0.9641428,0.9786312,1.0010358,0.93357855,0.91977537,1.2224077,1.0988541,1.1129206,0.7682333,1.1844807,1.1484294,1.0354383,1.0420439,1.1347209,1.1698239,1.0207353
ball,1.1111894,0.6559347,0.28557694,1.0789601,0.0,0.4681123,1.0116351,1.0412478,1.0384231,1.1535319,1.0823287,1.0408534,1.2628609,1.0378369,1.005005,0.9413815,0.9710276,0.81188,1.0673088,1.1073544,0.9304428,1.1537893,1.0471015,0.9686981,1.1910274,0.9540906,0.9961944,1.1636058,0.9930668,1.0428696,1.0660162,1.0952781,1.0020931,0.9422221,1.1040798,0.9083524,1.0401793,1.008272,1.1814238,1.0357431,1.1250823,0.9526547,0.9388599,0.9869542,0.8990829,1.0982338,0.9453634,1.1177992,0.9730552,0.9949263,0.9685217,1.0486147,1.0716999,0.9762355,1.0019425,1.1154789,1.067616,1.1109401,1.1318729,1.2051775,1.0086389,1.0199547,1.0796094,0.78395295,1.1610464,0.9317641,0.5130584,0.53956604,1.2061125,1.1138463,1.1574163,1.1408262,1.0518516,0.9540912,0.9167168,1.0923487,0.8041015,0.99684477,0.6376701,1.2724397,1.0988426,1.1730375,0.95907,1.0888468,1.1011469,1.0575899,1.0375566,1.1220809,0.95811754,1.034388,0.9414086,0.9116768,1.0377401,0.9743734,1.078381,0.64961106,1.0136578,0.96530086,0.9661417,1.1631606,0.9347085,1.0517468,1.0132477,1.1346992,0.9806407,1.1902359
balloon,1.407668,0.9388066,0.6201364,1.2265589,0.4681123,0.0,1.1125853,0.95408803,1.3970168,1.429566,0.84073246,1.3095608,1.3748803,1.2365888,0.68578887,0.82461476,0.41348255,0.463807,1.1730729,0.8552911,0.66793495,0.49929988,0.77008474,0.5092815,1.1826931,1.0609651,0.43214703,1.2810252,1.2293856,1.3451364,1.2585738,1.3900536,0.9934166,0.5019715,1.3421218,0.47510457,1.2074513,1.0948694,1.2084157,1.1109065,0.9102208,0.9476647,1.0893555,1.0346515,0.6846373,1.0597606,0.9411782,1.2873157,0.8144708,1.0183314,1.0384346,1.2283082,1.2317662,0.59673923,1.2398379,1.0915917,1.3351777,1.448751,1.1226637,1.273119,0.59044546,1.236381,0.98304987,0.384189,0.6037092,1.1358734,0.7320516,0.5352137,0.60571736,1.4031777,1.2963398,1.2983491,0.7255556,0.67815316,0.8178774,1.1351167,0.38737285,1.1984758,0.6023004,1.2138649,0.95150936,0.80765414,0.8493067,1.1249148,1.3679247,1.1699642,1.2531013,1.2867781,0.52479637,0.6435008,0.9713524,0.91186017,1.011141,1.2559205,1.329926,0.48729515,0.7235341,0.9077762,1.2489309,0.6724493,0.8279692,1.1251925,1.1939511,0.9774788,0.65854335,1.1628091
banana,0.788416,1.1428113,1.1375961,0.98020655,1.0116351,1.1125853,0.0,1.1213454,0.89193237,0.95942587,1.0410568,1.0112633,0.94764954,0.95706815,1.1534625,0.8545296,1.0927722,1.0085918,0.91638786,1.1317961,1.1154778,1.2797135,1.1437098,1.1001532,0.98067963,1.0319561,1.2736418,1.0466142,0.93212914,1.0153404,1.0235566,0.96333,0.91224676,0.91035545,0.96464336,1.1705445,1.014304,1.0874004,1.0595847,1.2228347,1.0923558,1.0925698,0.8640704,0.9972455,0.90855044,1.0931687,0.7097497,1.1433823,0.9063879,1.043697,0.77046627,0.81018615,0.9282851,0.85919267,1.044122,1.0577656,0.86414397,0.8168855,0.9871955,0.99940234,1.2180274,1.0482198,1.2630193,1.0898266,1.0878437,0.7554263,1.1726893,1.1349094,1.2790041,0.8699062,0.9371501,0.90090895,0.94973373,0.91163903,1.1088055,1.1189555,1.022985,1.107769,0.9140923,1.0012311,1.0862849,1.280279,1.105366,0.8465868,0.73946893,0.82554376,1.0445704,1.0733439,1.0511582,0.98304695,1.1293194,0.69706583,1.3008776,0.85691625,0.86229265,1.016042,1.0674732,1.0010054,0.6537879,1.0099851,0.88205796,0.86047876,0.9946124,1.0831833,1.0398089,1.2248049
basket,1.1225908,1.0759165,0.9756638,1.100608,1.0412478,0.95408803,1.1213454,0.0,0.78445995,1.0828186,1.0964322,0.91751075,1.0316724,0.8774477,1.0092431,0.76248896,0.925387,0.95856434,0.67452204,0.57264364,1.0363044,0.7403145,0.9506475,0.9862716,1.257823,0.87027526,0.8594903,1.0162978,1.1877582,1.0454108,1.0778852,1.1726489,0.7206509,1.0631738,0.5808822,0.72249126,1.133533,1.0719419,1.127188,0.8322922,0.98713064,1.1220324,1.1385393,1.1229377,1.1245852,0.93090045,0.9335103,1.0183265,1.2339671,1.0992551,0.8017192,1.2192596,1.0634621,1.1565771,1.0545719,0.8155584,1.081386,1.2948565,1.1325382,1.071192,0.7850075,1.0203984,1.0192082,1.087349,0.9462778,1.0204294,1.0707562,1.0095646,0.85894287,1.0416852,1.1121908,1.0151714,1.0417855,0.9983016,0.79686654,1.0449021,0.89146435,1.0508345,1.0261074,1.0298336,0.895674,0.73894405,0.9001516,0.89292574,1.1225021,1.1610432,1.0388422,1.0219488,1.1506088,1.071255,1.1856706,1.143039,0.8348724,1.1066341,0.8794882,0.8412391,1.1675342,1.1653402,1.0082988,0.8994062,0.7439805,0.81645364,1.0747312,0.7826451,1.1644511,1.0836577
bathtub,0.7036774,0.9731095,1.0346017,0.88668716,1.0384231,1.3970168,0.89193237,0.78445995,0.0,0.6190289,1.2515253,0.53950953,0.8980722,0.6342541,1.3806849,1.0745289,1.5136526,1.3414747,0.6777068,0.7023425,1.3649688,1.1931033,1.319913,1.4423727,1.0296766,0.67505884,1.4461054,0.8366834,0.9168248,0.58622557,0.75352126,0.6519723,0.97151023,1.5118847,0.26758456,1.3407865,0.93639994,1.0411774,0.6953139,0.6341478,1.0860418,1.286315,0.97305256,1.1840521,1.4007999,1.0403148,1.0739623,0.8670099,1.3443685,1.0533694,0.9555812,0.9842941,0.9125489,1.4434689,0.91950405,0.9400289,0.7729423,0.7364042,0.89003795,0.8190044,1.2498335,0.7828608,1.1664075,1.4748554,1.3443911,0.8047924,1.009969,1.1838189,1.3231287,0.694504,0.8693869,0.824703,1.4100771,1.3268601,1.163161,0.9977032,1.332531,0.88225615,1.249579,0.96324307,1.0309788,1.1945548,1.1579641,0.84629786,0.827702,0.8988111,0.5450356,0.82520324,1.4596227,1.294585,1.061374,1.1590588,1.093982,0.7770524,0.6050247,1.2121124,1.4854231,1.164199,0.6808683,1.2870872,1.1492013,0.9077517,0.84402007,0.94279104,1.4789753,0.96178555
bed,0.7123077,1.0405215,1.1239222,0.8919303,1.1535319,1.429566,0.95942587,1.0828186,0.6190289,0.0,1.1567469,0.56015563,0.7739006,0.6219632,1.2422273,1.177297,1.4497375,1.3857121,0.8576009,1.1633104,1.3413723,1.3181102,1.2285224,1.4325824,0.76948875,0.87759286,1.3887173,0.5595469,0.9269843,0.5683785,0.71312743,0.481283,1.162363,1.4512806,0.5400479,1.517542,0.9262731,1.2090154,0.5911155,0.85249543,1.1817528,1.1476886,0.8477273,1.2705438,1.439935,0.98430604,1.1641827,0.65034753,1.2971201,1.0825224,1.0982348,0.8670416,1.0648321,1.4267361,0.83020985,1.0635666,0.69440186,0.62156624,0.8966195,0.6572833,1.2822099,0.77558386,0.96378326,1.45736,1.2484821,0.9171965,1.1442921,1.1967664,1.2229477,0.68039924,0.86117405,0.88713527,1.4338353,1.4043564,1.254107,0.97938883,1.4379506,0.94376135,1.3354723,1.0000714,1.1203681,1.0963097,1.2446048,1.0736022,0.7153311,0.94276595,0.7565532,0.71406543,1.4090458,1.1890929,1.0636332,1.2528636,0.97775203,0.718361,0.62720346,1.436127,1.4884269,0.92099833,0.8496273,1.1858335,1.325777,0.8370166,0.7773256,1.1085095,1.469388,0.7681199
belt,1.2047138,1.1669297,1.1622536,0.99813956,1.0823287,0.84073246,1.0410568,1.0964322,1.2515253,1.1567469,0.0,1.2455143,1.0364715,1.1268224,0.8029429,0.7954874,0.6141921,0.5788483,1.0156121,1.0106798,0.987348,0.6751189,0.8171293,0.74978447,0.9298935,1.30732,0.7012274,1.2007897,1.0980409,1.2758985,1.0730407,1.2407093,1.0713172,0.43913865,1.2231106,0.73571974,1.1830599,1.1831193,1.1020179,1.2199377,1.0153159,1.0447165,1.0908711,0.9084441,0.6970484,1.2113056,1.0204321,1.2411562,0.8119787,0.8468315,1.0363504,1.1713184,1.0280348,0.690586,1.1683586,1.0083297,1.2057567,1.127997,0.9683379,1.1887658,0.8731243,1.1509943,1.0513372,0.6927414,0.6972065,1.058888,1.0234665,0.89964825,0.76842475,1.1598638,1.1767371,0.99976176,0.51337385,0.670702,1.0407141,1.2077886,0.7403662,1.2473769,0.9416733,1.088656,0.93018526,1.02884,1.139822,0.9977953,1.1491559,1.025844,1.095142,1.1064768,0.4649396,0.5184376,0.8818337,0.8235172,1.1374503,1.25952,1.245897,0.89196116,0.7719139,0.52791834,1.0896635,0.7969799,1.140308,1.0007857,1.216441,1.1787043,0.69565666,1.087553
bench,0.9615131,0.87776,1.064469,0.8925009,1.0408534,1.3095608,1.0112633,0.91751075,0.53950953,0.56015563,1.2455143,0.0,0.82308006,0.5421372,1.3579001,1.0367539,1.4520878,1.1751885,0.7142575,0.9868359,1.4433601,1.2568846,1.3642433,1.3729022,1.0777614,0.709079,1.4501523,0.8195597,0.9462353,0.5060996,0.6808661,0.3651352,0.8930785,1.4570823,0.67147607,1.3194909,1.0324564,1.1236634,0.73335004,0.7552353,1.1515231,1.1939981,0.98058015,1.0900021,1.487559,1.1863375,1.1590924,0.8894236,1.3066287,0.8764458,0.86726487,0.9874103,0.8177005,1.357517,0.9836292,0.9225059,0.6891317,0.6257307,0.9968021,0.8649715,1.3373435,0.70822316,1.1083808,1.4167455,1.1972942,0.93748194,0.97775185,1.2208577,1.2777282,0.7414503,0.8595046,0.9305474,1.3101528,1.2188447,1.1153096,1.1212573,1.3509283,0.93075466,1.3183277,0.8914435,1.0516447,1.1981854,1.3220344,0.8214517,0.82123387,0.8907918,0.60393524,0.6137085,1.4094236,1.2542958,0.90552264,1.1465014,1.1242762,0.6777332,0.6120354,1.2679015,1.4036086,1.155032,0.82635635,1.0502774,1.1966139,0.8732689,0.9218452,0.97227895,1.4420997,0.935934
bib,0.74541867,1.0442541,1.2050164,0.8404929,1.2628609,1.3748803,0.94764954,1.0316724,0.8980722,0.7739006,1.0364715,0.82308006,0.0,0.877099,1.1967505,1.1347128,1.3011887,1.3137496,0.93025255,1.0874109,1.2351527,1.2021481,1.2497889,1.286092,0.90737754,1.0634122,1.2498491,0.8959182,0.9098439,0.85399675,0.8493142,0.7358131,1.1215949,1.2605993,0.90177536,1.2852682,0.99360204,1.0578663,0.8056398,1.0811749,1.145815,0.9434082,0.8653181,0.97879624,1.1949115,1.0849131,1.0405653,0.9091445,1.037753,0.93686825,0.99566084,0.8557575,0.8100631,1.228255,0.85233116,1.1035655,0.5706785,0.67922,1.031596,1.0037262,1.279639,0.94004864,1.1527007,1.2598709,1.0610467,0.90906453,1.1709151,1.1413709,1.22191,0.7207755,0.881641,0.8146604,1.1507885,1.1782331,1.1631083,1.0474998,1.2437587,1.0609725,1.2242517,0.89632,1.0781947,1.2023399,1.1570013,1.0755248,0.40424645,0.7348318,0.8863517,0.81774884,1.3014266,1.1589624,0.9105474,1.0130808,1.0617087,0.8011128,0.883749,1.2871082,1.1429262,1.0589724,0.8893964,1.1230986,1.200132,0.98060447,0.9682715,1.1041934,1.1510633,0.87107587
blanket,0.8469575,0.9189619,0.98261625,0.89033616,1.0378369,1.2365888,0.95706815,0.8774477,0.6342541,0.6219632,1.1268224,0.5421372,0.877099,0.0,1.2775621,1.0130702,1.3812768,1.2025378,0.81145513,0.9790351,1.3071556,1.1485562,1.2249553,1.3641833,0.92613125,0.79032165,1.2791713,0.8881172,0.96889794,0.75635976,0.70550144,0.61761653,0.8792279,1.3795283,0.6997708,1.2868067,1.0442569,1.228241,0.76927423,0.73657686,1.0649555,1.1404768,1.0281433,1.1698275,1.3424791,1.030146,1.03796,0.9102558,1.2638386,0.90992886,0.95014566,0.9967889,1.0073005,1.3368313,0.99237734,0.9898311,0.89160955,0.7931921,0.98469335,0.85399985,1.1716521,0.71282333,1.0927677,1.3560323,0.82335305,0.7594265,0.9819553,1.1343613,1.1667001,0.86061716,0.87476563,0.882519,1.3248916,1.2213562,0.92679745,1.0663257,1.2722801,1.0469496,1.3296677,0.9019957,1.0272003,1.1413043,1.1962944,1.0079303,0.90701914,0.9393244,0.7090288,0.7516688,1.3322644,1.1821358,0.89418554,1.150339,1.0812936,0.8731307,0.8022314,1.2654555,1.39207,1.0382377,0.82262826,0.72070706,1.2952161,1.0001789,0.9754632,1.0849301,1.4041494,0.8909501
boat,1.2734046,1.1548615,1.0138826,1.0765749,1.005005,0.68578887,1.1534625,1.0092431,1.3806849,1.2422273,0.8029429,1.3579001,1.1967505,1.2775621,0.0,0.94194436,0.46820462,0.67614377,1.1694918,0.92501223,0.48416942,0.6304993,0.61177003,0.59773034,0.9716092,1.1244404,0.54176986,1.2472646,1.1643379,1.2876921,1.2118459,1.3788295,1.1309898,0.6569338,1.2661598,0.56547606,0.97452104,0.93876225,1.2230368,1.1591257,0.8667265,0.9600341,1.1290301,1.1068944,0.744991,0.9868495,1.03907,1.1061821,0.79181045,1.1369721,1.2005341,1.0957934,1.3208166,0.6263836,1.0635298,1.0870317,1.2692268,1.3577323,1.1152089,1.2104475,0.69708276,1.2161844,0.73192215,0.54116917,0.77966565,1.1988722,1.0847868,0.85329115,0.64350516,1.2852994,1.1992233,1.0863986,0.81373596,0.90724623,0.8891123,1.0253823,0.6722245,1.0539635,0.7690474,1.1022403,0.9187944,0.71291125,0.8692651,1.178465,1.242455,1.1752287,1.2350583,1.2575638,0.5803614,0.6524438,1.0927986,1.0065823,0.8958248,1.2497491,1.305367,0.84648836,0.70264995,0.77051395,1.3448033,0.8259231,0.8334249,1.0860451,1.1883967,0.96425384,0.65289736,1.0838095
book,1.1427889,1.210294,1.0075297,1.2195202,0.9413815,0.82461476,0.8545296,0.76248896,1.0745289,1.177297,0.7954874,1.0367539,1.1347128,1.0130702,0.94194436,0.0,0.7418665,0.69865847,0.34814322,0.7729061,1.0244634,0.83616006,0.92245406,0.91833526,1.208462,1.062659,0.979955,1.1983641,1.153909,1.0918447,1.1152985,1.3188555,0.60805595,0.5433552,0.9665657,0.73563486,1.1893816,0.95374256,1.2852371,1.0483888,0.8784889,1.1900502,1.2017986,0.9654631,0.6686027,1.1865599,0.556557,1.2914823,1.0974033,0.7803212,0.31941235,1.2861271,0.9568618,0.96898454,1.2780175,0.9488377,1.2235076,1.2464597,0.95539767,1.0932645,0.9964484,1.2499944,1.1271759,0.8889754,0.8263929,0.79797727,0.9412925,0.95598847,0.8722829,1.1104851,1.2644813,0.9001831,0.5722246,0.5853356,0.8518219,1.1541858,0.6530336,1.1324842,0.96088827,0.8779353,0.8223642,1.0286195,1.1358497,0.764952,1.2650429,1.1222718,1.135773,1.2445108,0.9427542,0.9511181,1.0790589,0.85040325,1.1726041,1.1567597,0.8041507,0.7150053,1.0318227,1.1175671,0.978235,0.6976775,0.61847675,0.4037491,1.1487153,0.99808496,1.0536748,1.228705
bottle,1.388237,1.2170454,0.96659154,1.2601876,0.9710276,0.41348255,1.0927722,0.925387,1.5136526,1.4497375,0.6141921,1.4520878,1.3011887,1.3812768,0.46820462,0.7418665,0.0,0.38264525,1.107578,0.78558874,0.56920975,0.3940525,0.567947,0.28444517,1.101848,1.1901466,0.2822804,1.3166561,1.3262506,1.4307663,1.3210988,1.5290046,1.02763,0.24635845,1.329673,0.25921845,1.2007275,1.049555,1.32342,1.3294235,0.8900861,1.0657101,1.1778561,1.1406155,0.49852395,0.96630335,0.88483554,1.2864031,0.7939131,1.0725789,0.9737549,1.2842679,1.3240161,0.41652513,1.2335382,1.1457553,1.3951312,1.5563105,1.1156906,1.3646231,0.5198927,1.3179095,0.8240558,0.32271963,0.5572675,1.1604476,1.1165196,0.7730669,0.4496709,1.3906181,1.2810175,1.231283,0.52866095,0.5534814,0.83874106,1.065403,0.42334926,1.2249893,0.6812756,1.1463892,0.9097119,0.60270935,0.8537274,1.0863341,1.3640317,1.2774626,1.4520962,1.2473618,0.27890265,0.4289689,1.1964662,0.97508717,0.9765196,1.3614426,1.2905412,0.55521053,0.6345782,0.70371985,1.3758835,0.616287,0.654228,1.0043124,1.1800507,0.97028816,0.49898863,1.1629413
bowl,1.4431901,1.0079788,0.8884037,1.2180147,0.81188,0.463807,1.0085918,0.95856434,1.3414747,1.3857121,0.5788483,1.1751885,1.3137496,1.2025378,0.67614377,0.69865847,0.38264525,0.0,1.069953,0.77719676,0.7845684,0.5695657,0.60267377,0.6040516,1.1048694,1.1906246,0.584956,1.3985407,1.320002,1.3299761,1.2010086,1.3725641,1.0319524,0.38431108,1.3275142,0.34853595,1.2615964,1.191758,1.3324957,1.2552586,0.8815008,1.0344622,1.1692286,0.984916,0.57247865,1.157985,0.9129881,1.371917,0.79698193,0.71857417,0.95321184,1.1439021,1.1593162,0.4431619,1.2716643,1.0465746,1.3059692,1.3338308,1.097241,1.393737,0.7497039,1.23684,0.8849443,0.4577859,0.72816277,1.1496567,0.8823398,0.863449,0.67328453,1.3535185,1.1771243,1.2373457,0.5085338,0.58391863,0.82478106,1.1975985,0.450835,1.3193715,0.7463249,1.0174996,0.72640026,0.87110466,0.9831667,0.9583814,1.320116,1.1546866,1.0861443,1.2019812,0.40095836,0.62148386,0.86754996,0.7309645,1.1803999,1.2683111,1.267919,0.43545806,0.6476482,0.73963153,1.2803967,0.69560695,0.7950349,1.0000098,1.2673426,1.0147249,0.558359,1.2587117
box,0.90870583,1.1538709,1.0989765,0.9848592,1.0673088,1.1730729,0.91638786,0.67452204,0.6777068,0.8576009,1.0156121,0.7142575,0.93025255,0.81145513,1.1694918,0.34814322,1.107578,1.069953,0.0,0.65440905,1.3102521,0.99221116,1.2073934,1.2291409,1.1385006,0.9217074,1.2777686,0.9573374,0.9137781,0.7251887,0.8886825,0.96207625,0.66268885,1.0138314,0.5207056,1.0589136,1.0968969,0.9665624,1.0133532,0.9333915,1.0539322,1.2705308,1.1013154,1.0264094,1.1130534,1.1817751,0.7690675,1.1224449,1.2629594,0.8703554,0.39238316,1.13923,0.8531016,1.2734928,1.2247797,0.9627497,0.98607475,0.9058334,1.032205,0.9150887,1.2475559,1.0592002,1.2119573,1.2600636,1.0422461,0.73956406,1.0816156,1.0840802,1.0952437,0.79088974,1.1441475,0.82526416,0.93869936,0.9188561,1.0871545,1.084898,1.0224249,1.0255744,1.1795355,0.821211,0.8705125,1.2091591,1.2974778,0.73563963,1.03031,0.9754215,0.9630744,1.0851532,1.2774692,1.1883682,1.0550385,1.0290325,1.1898439,0.97868097,0.50635016,1.0294479,1.2837472,1.2297094,0.8749724,0.9015219,0.7896635,0.47991842,0.97106016,0.9573059,1.3428066,1.1107457
bucket,1.0798985,1.0659542,1.0502627,1.184179,1.1073544,0.8552911,1.1317961,0.57264364,0.7023425,1.1633104,1.0106798,0.9868359,1.0874109,0.9790351,0.92501223,0.7729061,0.78558874,0.77719676,0.65440905,0.0,1.0102074,0.43315625,0.9217048,0.9383234,1.1400173,0.86468387,0.79824686,1.0269855,1.149347,1.0399466,1.0470469,1.2133508,0.8896896,0.88229805,0.6415616,0.63639736,1.2247105,1.0391767,1.0488344,0.9089291,0.6246321,1.0560634,1.2330239,1.1148621,0.9274529,1.0126582,0.93154156,1.1436242,1.0989563,0.8962784,0.8897618,1.2016968,1.1199759,0.9402893,1.295482,0.95265204,1.2568343,1.2482754,0.9695147,1.0606831,0.7727639,1.1555046,1.0650425,0.93415904,0.72117144,0.9296717,1.0461851,1.0354663,0.6753125,1.2443211,1.1795578,1.071278,0.8685331,0.9487551,0.84538114,1.0837601,0.65927917,1.1839877,1.0638686,0.8594744,0.6950524,0.7620116,1.0153234,0.9561611,1.3037461,1.0915818,0.7725433,1.1751077,0.97581655,1.0430529,0.91273236,0.9251727,1.048131,1.2826521,1.0188857,0.7169827,0.9440038,1.197331,1.0863025,0.6787371,0.8350133,0.8738475,1.1633451,0.63102573,0.964209,1.1174198
butterfly,1.1684601,1.1299566,0.90091074,1.132463,0.9304428,0.66793495,1.1154778,1.0363044,1.3649688,1.3413723,0.987348,1.4433601,1.2351527,1.3071556,0.48416942,1.0244634,0.56920975,0.7845684,1.3102521,1.0102074,0.0,0.75790775,0.63806415,0.6904415,0.95898694,1.0689753,0.48203528,1.1654712,1.1005118,1.3419261,1.3651447,1.3917445,1.1002812,0.7428119,1.2840121,0.595888,0.9001779,0.9436394,1.262325,1.1356298,0.8296427,0.8740029,1.1416619,1.121543,0.7024414,0.8096888,0.9565712,1.0563749,0.8733263,1.2080421,1.2036238,1.0700896,1.3371432,0.69577664,0.90754044,1.0134447,1.2778364,1.3553753,1.0325218,1.1302104,0.56803334,1.2485088,0.8343674,0.54613245,0.8129227,1.2484105,1.0421156,0.8609966,0.6781697,1.3211415,1.1449552,1.1108098,0.8794121,0.8923035,0.75997126,0.96296185,0.65290505,1.0274771,0.6730132,1.1055418,0.9524157,0.6699024,0.6863196,1.1074396,1.2333928,1.2064797,1.2691045,1.2792835,0.6480737,0.7827104,1.1790841,0.9815253,0.8275361,1.2353672,1.3431563,0.79766285,0.6427313,0.91188914,1.2287055,0.9127969,0.78589,1.1577792,1.1584134,0.9454649,0.6597898,1.1570325
can,1.4139348,1.1364498,1.0985777,1.2337271,1.1537893,0.49929988,1.2797135,0.7403145,1.1931033,1.3181102,0.6751189,1.2568846,1.2021481,1.1485562,0.6304993,0.83616006,0.3940525,0.5695657,0.99221116,0.43315625,0.75790775,0.0,0.68056035,0.5625051,1.0019711,1.0809405,0.3211795,1.2088585,1.3138276,1.350332,1.1862433,1.3964808,1.0492765,0.5685898,1.1168044,0.4627087,1.225349,1.1056284,1.0041326,0.9443334,0.6483019,1.0257165,1.265187,1.1473712,0.77696097,1.0097867,1.0605433,1.1966197,0.9357919,1.0173998,1.1485378,1.3330698,1.316296,0.69523585,1.2938807,0.9675138,1.4210013,1.4546546,0.96359086,1.1668482,0.42024755,1.2238057,0.8613882,0.6243918,0.32913542,1.1832733,0.99391776,0.8084882,0.25000405,1.4670429,1.1940992,1.2459383,0.70365727,0.7888742,0.8720367,1.1097916,0.4502207,1.2389274,0.94418126,0.984079,0.75000405,0.59167343,0.9119216,1.1178877,1.4453675,1.1911768,1.038192,1.1748483,0.52450067,0.59112775,0.93193,1.0479088,0.85826665,1.4410627,1.3326035,0.71302015,0.71612865,0.8371532,1.3519685,0.42776275,0.95640755,1.071548,1.2986555,0.6958222,0.69924176,0.94527483
car,1.3264506,1.099219,1.0197155,1.1740122,1.0471015,0.77008474,1.1437098,0.9506475,1.319913,1.2285224,0.8171293,1.3642433,1.2497889,1.2249553,0.61177003,0.92245406,0.567947,0.60267377,1.2073934,0.9217048,0.63806415,0.68056035,0.0,0.69252473,1.0099713,1.0624232,0.5969589,1.2054777,1.3235986,1.3024113,1.2426867,1.33231,1.1476073,0.65059304,1.2605615,0.57729983,1.063185,0.9438972,1.1664488,1.0793586,0.70746446,1.0048578,1.1117276,1.1390274,0.60638124,0.8366009,0.967177,1.1440071,0.896344,1.084978,1.1875709,1.147581,1.3514403,0.6921172,1.1259985,1.0191407,1.2938299,1.3814789,1.0173697,1.2056389,0.6426012,1.2283788,0.42923504,0.6239347,0.84549564,1.2224387,1.0098517,0.9804999,0.6112583,1.3878534,1.1783326,1.1859789,0.705101,0.8058139,0.7291905,0.89207786,0.568246,1.0639307,0.79699516,1.0725576,0.7521194,0.59622854,0.7238953,1.1312349,1.2818205,1.2403069,1.2066048,1.1923833,0.637889,0.79331577,1.0814223,0.97851145,0.868924,1.27611,1.3134918,0.65476924,0.7905957,0.8297417,1.3219934,0.8705769,0.77338064,1.019598,1.1375711,0.9586884,0.6642033,0.9685478
carrot,1.4023404,1.143671,0.9650298,1.238826,0.9686981,0.5092815,1.1001532,0.9862716,1.4423727,1.4325824,0.74978447,1.3729022,1.286092,1.3641833,0.59773034,0.91833526,0.28444517,0.6040516,1.2291409,0.9383234,0.6904415,0.5625051,0.69252473,0.0,1.0632685,1.190698,0.4286542,1.1802096,1.2620105,1.3390958,1.2408985,1.3906994,1.0392587,0.3849839,1.3188539,0.45514852,1.083038,1.0241019,1.2544485,1.2497954,0.93138355,0.9297881,1.1632507,1.0185913,0.6345027,0.9719225,1.0427082,1.2389057,0.6396149,1.1219529,1.1128095,1.1160022,1.2499576,0.39677978,1.1247114,1.1430675,1.3547046,1.4853001,1.1330562,1.2705324,0.6671018,1.1860565,0.9320103,0.3702551,0.6491773,1.2061588,1.086952,0.70702475,0.626262,1.3757768,1.2618272,1.2161229,0.64545894,0.6691717,0.9073932,1.0274187,0.62251174,1.1096331,0.7367439,1.1448874,0.99115086,0.6826865,0.883941,1.0945545,1.278753,1.225388,1.4281032,1.2003713,0.32921505,0.41928685,1.1923121,0.963001,0.97387624,1.3369855,1.2782282,0.70584196,0.5919882,0.7749256,1.3696098,0.7376116,0.8375721,1.0914516,1.1014991,0.99399364,0.4458065,1.146061
cat,0.8443872,1.078855,1.2164344,0.9800724,1.1910274,1.1826931,0.98067963,1.257823,1.0296766,0.76948875,0.9298935,1.0777614,0.90737754,0.92613125,0.9716092,1.208462,1.101848,1.1048694,1.1385006,1.1400173,0.95898694,1.0019711,1.0099713,1.0632685,0.0,1.2637182,1.0615536,0.9118259,0.9197085,0.9664005,0.884882,0.8469058,1.0736262,1.0667536,1.0139041,1.2065533,0.6359509,1.0786332,0.8208891,1.043314,0.9828254,0.9987635,0.94525194,1.0284282,0.9859067,0.95575535,1.070343,0.9725265,0.9499394,1.0629493,1.2834637,0.76367944,1.1733148,0.9265266,0.8778152,1.1454885,0.97233284,0.7148653,0.7897012,0.978226,1.1417402,1.0250835,0.9830023,1.0856017,0.9569854,1.1105628,1.123882,1.1174126,0.9571448,0.97422063,0.7531526,1.0758159,1.0985135,1.157777,1.1889849,0.9627327,1.053593,1.0165718,1.1811646,0.8901948,0.9804655,1.1447754,1.179284,1.205673,0.86026955,0.86312574,1.0538056,0.9513732,0.96794856,0.88759625,0.96026623,0.9048041,1.0554732,1.0095271,1.098706,1.1700424,0.9330565,0.838334,1.0484921,0.9595368,1.3106687,1.1505692,1.0140308,0.9680728,0.9778961,0.89896184
chair,0.972168,0.88370526,0.9067263,0.9368273,0.9540906,1.0609651,1.0319561,0.87027526,0.67505884,0.87759286,1.30732,0.709079,1.0634122,0.79032165,1.1244404,1.062659,1.1901466,1.1906246,0.9217074,0.86468387,1.0689753,1.0809405,1.0624232,1.190698,1.2637182,0.0,1.1278069,0.88396835,1.088107,0.8123094,1.0242208,0.7732158,1.0560334,1.2908103,0.7853841,1.0526707,0.963497,0.84370285,0.9298666,0.80849785,0.9934752,1.1789248,1.0027084,1.241523,1.1972262,0.8898795,1.0512713,0.8789425,1.2221359,1.1364756,1.0910485,1.1031263,1.1360726,1.183107,1.0577891,0.99538136,0.98980916,1.0950489,1.0601404,0.93361735,0.96191347,0.9120757,0.8933152,1.1728125,1.0936977,0.9862625,1.0284519,0.9749832,1.056479,1.0150108,1.0748746,0.84493935,1.3241934,1.2818329,0.635361,0.84731936,1.0894,0.79459333,1.0066482,1.0296745,1.0020658,0.8001783,0.93211526,0.9439436,1.0262731,1.1210407,0.77825665,0.8321792,1.2325735,1.2050276,1.0986362,1.2988064,0.9301349,0.96473646,0.8374148,0.9615687,1.3031756,1.2097089,1.0291892,1.0475439,0.7242074,1.0274588,0.82072467,0.811713,1.2538124,0.86310685
clock,1.3438787,1.1809294,0.9815796,1.1864955,0.9961944,0.43214703,1.2736418,0.8594903,1.4461054,1.3887173,0.7012274,1.4501523,1.2498491,1.2791713,0.54176986,0.979955,0.2822804,0.584956,1.2777686,0.79824686,0.48203528,0.3211795,0.5969589,0.4286542,1.0615536,1.1278069,0.0,1.2049962,1.323884,1.4644772,1.3427898,1.4395653,1.1611332,0.5119931,1.3262378,0.40995705,1.1852478,1.145331,1.1321106,1.1279231,0.8245139,0.9217174,1.1327199,1.1602321,0.69862497,0.8803525,1.0560268,1.1596955,0.72723925,1.2116683,1.2600683,1.1997119,1.3798351,0.53260493,1.1568652,1.0326165,1.3668536,1.5519245,1.0695442,1.1678323,0.3379209,1.2554553,0.82190007,0.41088486,0.44553393,1.2276027,1.057464,0.7338503,0.3896531,1.4261357,1.328088,1.1789011,0.7297739,0.77873755,0.7749923,1.017175,0.43514824,1.235768,0.76495904,1.2066178,0.92582357,0.4994532,0.77478385,1.1756597,1.3247156,1.267719,1.2930045,1.2109368,0.37576342,0.51524216,1.1320015,1.0752747,0.868995,1.384702,1.3880947,0.7245326,0.6211594,0.7526237,1.3632197,0.6468245,0.9135433,1.196907,1.177665,0.9503488,0.51847804,0.96573144
closet,0.8182016,1.0574837,1.1449109,1.0076387,1.1636058,1.2810252,1.0466142,1.0162978,0.8366834,0.5595469,1.2007897,0.8195597,0.8959182,0.8881172,1.2472646,1.1983641,1.3166561,1.3985407,0.9573374,1.0269855,1.1654712,1.2088585,1.2054777,1.1802096,0.9118259,0.88396835,1.2049962,0.0,0.9096527,0.69492495,0.8955108,0.6638524,1.0739738,1.3443443,0.700744,1.3332341,0.9613157,1.1218811,0.7057597,0.88966995,1.0924608,0.99570394,0.9384961,1.235814,1.3352861,0.8395152,1.1974144,0.5784571,1.1717781,1.2382556,1.2011082,0.8906046,1.1605512,1.2578285,0.9032328,0.9906811,0.84964377,0.8777124,0.86040556,0.36152184,1.0937604,0.94507533,1.0557528,1.2963161,1.1557627,1.0609207,1.153641,1.1800075,1.0737637,0.88326234,1.0186269,1.0974945,1.3497543,1.357179,1.2115805,0.86790043,1.3563745,0.9765926,1.1735637,0.9191781,0.9974962,0.9527879,1.0380135,1.1018707,0.82991064,0.92939305,0.9528394,0.874047,1.2861726,1.1360887,1.0916386,1.2435535,0.9047481,0.9492241,0.75394917,1.2938375,1.3093481,1.0407035,0.9900454,1.1289983,1.2272892,0.9515088,0.7581601,0.8647946,1.2521226,0.7981321
coat,0.690279,1.0234886,1.1062586,0.6463038,0.9930668,1.2293856,0.93212914,1.1877582,0.9168248,0.9269843,1.0980409,0.9462353,0.9098439,0.96889794,1.1643379,1.153909,1.3262506,1.320002,0.9137781,1.149347,1.1005118,1.3138276,1.3235986,1.2620105,0.9197085,1.088107,1.323884,0.9096527,0.0,0.9414029,0.8496586,0.80756354,0.9307659,1.27947,0.96134365,1.3498285,0.9475195,0.8608703,0.97334,1.1000075,1.0879387,0.94700694,0.9148521,0.7604394,1.2099073,1.116644,1.0407476,0.8556905,1.0250882,0.95239824,0.9608212,0.87019765,0.7932098,1.2026446,0.9247115,0.9950025,0.89340144,0.54876244,1.093041,0.83151627,1.3232657,0.8266194,1.2487271,1.231457,1.1197457,0.87984204,0.9503961,1.0930147,1.2715812,0.65551585,0.9317224,0.93724936,1.1798837,1.183344,1.2619369,1.1023347,1.258767,0.914834,1.1101706,0.93297905,1.0968024,1.3694091,1.1831619,1.0019118,0.86800265,0.6423878,0.9610078,1.0259202,1.2183346,1.28207,0.8693204,0.9131364,1.0371786,0.82818764,1.0256249,1.2520595,0.9584152,1.2141052,0.7891818,1.0715654,1.1825516,1.0260805,1.0619977,1.01666,1.1524273,1.1641823
coffee,0.79863226,1.0747461,1.1014291,0.96773505,1.0428696,1.3451364,1.0153404,1.0454108,0.58622557,0.5683785,1.2758985,0.5060996,0.85399675,0.75635976,1.2876921,1.0918447,1.4307663,1.3299761,0.7251887,1.0399466,1.3419261,1.350332,1.3024113,1.3390958,0.9664005,0.8123094,1.4644772,0.69492495,0.9414029,0.0,0.62983006,0.54918706,0.9631629,1.441837,0.6316761,1.327656,0.92282057,1.0612069,0.71247286,0.7886267,1.1854876,1.2195443,0.88427055,1.1190021,1.4147077,1.0576767,1.0528183,0.80781376,1.2862495,1.0540957,0.88159645,0.95907927,0.88860655,1.367746,0.9481961,1.026362,0.7414902,0.71280855,0.8808739,0.8133426,1.3313769,0.8724207,0.9607901,1.4189404,1.3893164,0.91190803,1.0372862,1.2923898,1.3237295,0.71103746,0.7856275,0.9161704,1.3814795,1.246514,1.2524054,0.97716236,1.3383566,0.85207903,1.2998683,0.9514442,1.0880196,1.2471002,1.2153466,0.900345,0.7603042,0.9393436,0.7190026,0.83844954,1.4047565,1.2164962,1.1563696,1.1892672,1.0702801,0.7115062,0.38493055,1.3058637,1.4418223,1.0265017,0.8432634,1.2914461,1.1082642,0.86077476,0.8045867,1.0068964,1.4192289,0.8943175
comb,0.9477905,0.99430925,1.1325411,0.96772414,1.0660162,1.2585738,1.0235566,1.0778852,0.75352126,0.71312743,1.0730407,0.6808661,0.8493142,0.70550144,1.2118459,1.1152985,1.3210988,1.2010086,0.8886825,1.0470469,1.3651447,1.1862433,1.2426867,1.2408985,0.884882,1.0242208,1.3427898,0.8955108,0.8496586,0.62983006,0.0,0.67682916,0.95295775,1.242028,0.8342848,1.3581809,1.0325991,1.1359222,0.744438,0.8327623,1.1863021,1.0742587,0.85886836,1.0783795,1.2493056,1.1520323,1.0997573,0.81798804,1.0952253,0.8323916,0.95933884,0.8632845,0.9558114,1.1943355,1.1472344,1.0341964,0.8694644,0.58753866,0.95893645,0.8577905,1.2780983,0.7897647,1.0495757,1.2770479,1.1057583,0.93334544,1.0332319,1.1950353,1.2502524,0.8519006,0.7745453,0.96400905,1.1776142,1.1335375,1.2229439,1.0588459,1.2485453,0.9960386,1.2641315,0.95889354,1.0358479,1.2115268,1.2456605,1.0344578,0.9447477,0.9047257,0.67283714,0.8408965,1.2469274,1.1719176,0.99602395,1.0637472,1.0992482,0.8106589,0.87472165,1.2653008,1.267442,0.9510475,0.9014811,1.0033735,1.2987747,1.0354656,0.98685807,1.050745,1.2495599,0.9206727
couch,0.81559753,0.94864225,1.1680306,0.77409023,1.0952781,1.3900536,0.96333,1.1726489,0.6519723,0.481283,1.2407093,0.3651352,0.7358131,0.61761653,1.3788295,1.3188555,1.5290046,1.3725641,0.96207625,1.2133508,1.3917445,1.3964808,1.33231,1.3906994,0.8469058,0.7732158,1.4395653,0.6638524,0.80756354,0.54918706,0.67682916,0.0,1.1505053,1.5282027,0.76971865,1.4867641,0.9911918,1.17004,0.53032124,0.8890078,1.2028805,1.0536535,0.6730925,1.1200088,1.4197681,1.1154855,1.2753334,0.86267155,1.1574876,1.0822157,1.1459417,0.7554579,0.9156244,1.2954695,0.8944793,1.1056783,0.4402356,0.38319242,0.9285605,0.7695459,1.4026511,0.6255433,1.0639651,1.3862011,1.2820241,1.0581669,1.0976262,1.2472765,1.3159922,0.59179926,0.8178774,0.9536453,1.4649205,1.4393141,1.1891832,1.0564394,1.4695277,0.9971503,1.306429,0.85589623,1.112148,1.2559652,1.353468,1.0857973,0.57538795,0.68303794,0.78072023,0.55664915,1.4331694,1.300288,0.91752064,1.181887,1.1763413,0.48759943,0.7092694,1.4061701,1.3530314,1.1219481,0.91975754,1.1838971,1.3832984,1.0997572,0.85131854,1.0179629,1.4136193,0.84305716
cracker,0.99069494,1.1117903,1.0393497,1.0755384,1.0020931,0.9934166,0.91224676,0.7206509,0.97151023,1.162363,1.0713172,0.8930785,1.1215949,0.8792279,1.1309898,0.60805595,1.02763,1.0319524,0.66268885,0.8896896,1.1002812,1.0492765,1.1476073,1.0392587,1.0736262,1.0560334,1.1611332,1.0739738,0.9307659,0.9631629,0.95295775,1.1505053,0.0,0.9707623,0.8560691,0.9734838,1.0609033,0.92075646,1.2243973,0.9256333,0.97828245,1.0856495,1.1279534,0.8067299,0.99669945,0.9675602,0.7314111,0.9837406,1.2072698,0.8413917,0.5442764,1.168896,0.75832015,1.1924279,1.0875502,0.88243353,1.1600595,1.0981501,0.91992295,0.9792987,1.0992432,0.97658396,1.1693665,1.1393259,1.0038258,0.9332316,0.8998312,1.123498,1.1003149,0.98694223,0.9151318,0.92353666,0.8844783,0.7462087,0.8863916,1.0209208,0.9868336,0.9831628,1.0760407,0.9522632,1.0780783,1.1139313,1.0689558,0.7926362,1.2624681,1.1855761,1.0050515,1.1292038,1.2028893,1.0848973,1.0748408,0.8419725,1.0046456,1.074807,0.87857985,0.9192287,1.0717978,1.2462319,0.7224499,0.8812453,0.77356493,0.7120169,1.0536897,0.9291863,1.1836984,1.1970046
crayon,1.3764095,1.1816386,0.98321855,1.269074,0.9422221,0.5019715,0.91035545,1.0631738,1.5118847,1.4512806,0.43913865,1.4570823,1.2605993,1.3795283,0.6569338,0.5433552,0.24635845,0.38431108,1.0138314,0.88229805,0.7428119,0.5685898,0.65059304,0.3849839,1.0667536,1.2908103,0.5119931,1.3443443,1.27947,1.441837,1.242028,1.5282027,0.9707623,0.0,1.3938541,0.44639915,1.2548152,1.082077,1.3359112,1.3850372,0.9254473,0.9840739,1.1812217,0.9027454,0.3323766,1.128371,0.75200754,1.3980482,0.6380751,0.8116499,0.82864136,1.230207,1.1149076,0.41253066,1.3059235,1.1209577,1.3929033,1.4525621,0.98525447,1.3051888,0.7418082,1.3780459,1.022767,0.30754822,0.55931175,1.0425267,1.0366206,0.7941756,0.61224174,1.3340256,1.3354813,1.156044,0.18982881,0.31996268,0.9346073,1.1741664,0.43200743,1.296529,0.70696247,1.1049063,0.94035107,0.85883904,1.000763,0.9795467,1.3553815,1.1811855,1.3736335,1.3135338,0.26470208,0.43686163,1.0310303,0.7017235,1.2004856,1.3688474,1.2895077,0.5036338,0.5125247,0.7140454,1.208873,0.60509634,0.77263415,0.9100422,1.2429229,1.1290641,0.41580093,1.2336804
crib,0.7088936,1.1035126,1.0303342,0.9072925,1.1040798,1.3421218,0.96464336,0.5808822,0.26758456,0.5400479,1.2231106,0.67147607,0.90177536,0.6997708,1.2661598,0.9665657,1.329673,1.3275142,0.5207056,0.6415616,1.2840121,1.1168044,1.2605615,1.3188539,1.0139041,0.7853841,1.3262378,0.700744,0.96134365,0.6316761,0.8342848,0.76971865,0.8560691,1.3938541,0.0,1.2559245,1.0451396,1.1523557,0.84460187,0.86615294,1.1951404,1.2520692,1.000705,1.1876054,1.4235077,0.9802846,1.034297,0.8195815,1.3580638,1.124287,0.83861446,1.0517437,0.93197745,1.4232508,0.9654075,0.95625985,0.8196138,0.86858964,0.9924048,0.7928455,1.1799207,0.85754645,1.1211274,1.3922799,1.262109,0.8314667,1.1692923,1.154499,1.2194991,0.67266965,0.9762409,0.79660755,1.3313041,1.2261825,1.209542,0.98002446,1.2999226,1.0120891,1.214418,1.0225168,1.069396,1.0809648,1.1666569,0.83970374,0.88031137,1.0213286,0.8674358,0.86642694,1.4275682,1.2310201,1.2314754,1.1938486,1.0157189,0.86031175,0.48151696,1.203598,1.4608746,1.166553,0.75102144,1.2167883,1.0579064,0.80544066,0.7970661,0.92396045,1.4633054,0.96662974
cup,1.4520848,1.1126829,0.95174587,1.2717804,0.9083524,0.47510457,1.1705445,0.72249126,1.3407865,1.517542,0.73571974,1.3194909,1.2852682,1.2868067,0.56547606,0.73563486,0.25921845,0.34853595,1.0589136,0.63639736,0.595888,0.4627087,0.57729983,0.45514852,1.2065533,1.0526707,0.40995705,1.3332341,1.3498285,1.327656,1.3581809,1.4867641,0.9734838,0.44639915,1.2559245,0.0,1.1702569,1.0327574,1.3482676,1.1848773,0.82652366,1.0032439,1.1947484,1.0636191,0.59907097,0.9626356,0.930234,1.3146255,0.8209395,1.0386983,0.9693846,1.2838234,1.2360773,0.527645,1.1982771,1.0289037,1.3693571,1.5715072,1.1969243,1.3624405,0.5272895,1.2661438,0.8651093,0.452407,0.6840349,1.2239116,1.0205439,0.8450668,0.5250253,1.4192514,1.2773759,1.2075026,0.58424985,0.59736156,0.6050727,1.068631,0.45414084,1.1884953,0.7131153,1.1208875,0.8234016,0.5921153,0.76467305,0.9790827,1.3431498,1.2254417,1.2920579,1.2512722,0.46854222,0.6503594,1.0975807,0.9040903,0.9741972,1.3698288,1.2551411,0.46523154,0.659466,0.88831395,1.3322618,0.7120572,0.57725394,1.0191144,1.1904716,0.8766389,0.5651576,1.2317625
