,alligator,ankle,apple,applesauce,arm,ball,balloon,banana,basket,bathtub,bed,belt,bench,bib,bird,blanket,boat,book,bottle,bowl,box,bread,broom,bucket,butterfly,can,car,carrot,cat,chair,clock,closet,coat,coffee,comb,cookie,couch,cracker,crayon,crib,cup,dog,doll,door,drawer,ear,egg,elephant,eye,face,finger,fish,flower,foot,fork,frog,game,glass,glasses,glove,gum,hair,hand,hat,horse,hose,jacket,jar,jeans,knife,ladder,lamp,leg,meat,melon,milk,mitten,mouth,muffin,nail,napkin,necklace,orange,oven,owl,pajamas,pants,paper,pastry,pen,pencil,penguin,pickle,pig,pillow,plant,plate,pony,pumpkin,purse,radio,refrigerator,rock,rooster,scarf,scissors,shirt,shoe,shorts,shovel,shower,sink,slide,slipper,snow,soap,sock,soup,spoon,sprinkler,strawberry,stroller,sweater,table,tape,toe,tooth,toothbrush,towel,toy,tray,tree,vacuum,watch,window
alligator,0.0,1.2218174,1.0763216,0.9317293,0.97443783,1.0944402,1.3350213,1.1184182,0.85130155,1.0290542,0.7304728,1.3420892,0.8006482,0.7554982,0.75678164,0.6523504,1.0686957,0.8863666,1.3429297,1.2874255,0.7873605,1.2832052,1.1102567,1.1562464,0.91038364,1.1994511,1.0622221,1.2950412,0.5544248,0.8750477,1.3099142,0.9795598,1.0022495,0.90492046,0.98496264,0.845288,0.64338636,0.9232056,1.4079163,0.8061174,1.38201,0.513732,0.8247695,1.0143471,1.1436961,0.78218955,1.2171956,0.7580012,1.2081482,1.0738248,1.3786913,1.0524935,0.8955627,1.0874448,1.3238261,0.71992356,0.86506784,1.0328059,1.272259,1.0792707,1.2909157,0.98362595,1.1281748,1.2702835,0.9229416,0.89724594,0.85125476,1.1149685,0.8812907,1.3332734,0.895254,1.2557687,0.72263587,0.82590806,0.9726878,0.8914703,0.8996787,1.2618332,0.8940597,1.375262,1.1127052,1.3487186,1.016298,1.0064234,0.78930247,0.8710924,0.9535518,0.854429,0.78066444,1.4286988,1.3782368,0.7731555,0.9993411,0.83265626,0.9554925,0.82924,1.2370777,1.0618646,0.73734426,1.0591815,1.2319736,1.0297784,1.0925673,0.57220954,1.0166347,0.8734524,0.93181926,0.928756,0.9241903,1.1945037,0.94945854,1.2776866,0.7469034,1.3007333,0.9777971,1.1804211,1.0318295,0.9788815,1.2709346,0.9001967,1.186605,1.1930851,0.85129017,0.7814449,1.2843145,1.3179699,1.335247,1.2631187,1.0563688,1.008708,0.9089755,1.0050378,1.048375,1.4184241,0.9024372
ankle,1.2218174,0.0,1.0484455,0.9155228,1.141077,1.0362327,0.7977235,0.9151746,1.0404292,1.2975783,1.3031602,0.85595536,1.1971047,1.0671264,1.0705253,1.1488578,1.0721462,1.1785511,0.821442,0.9647873,1.2650119,0.78017974,0.9228868,0.874411,1.0620134,0.7565682,1.0446212,0.63495183,1.1478088,0.94987464,0.8102032,1.0283377,1.0760552,1.1218979,1.1352286,1.0937787,1.2325258,1.1656818,0.7461035,1.2502407,0.81551343,1.1535547,0.8551831,0.99567103,1.2001227,1.1000706,0.45651412,1.134943,0.8109764,1.1137352,0.47072428,0.8969914,1.1818901,0.4530573,0.8066926,1.106116,1.2473197,1.0770943,0.7434484,0.50425225,0.74409956,1.0510502,0.7497514,0.66313136,0.8710573,1.1701744,1.2699897,0.9813366,0.9768945,0.74016815,1.1449863,0.88299096,0.9948291,1.1991227,0.99703944,1.008512,0.72627056,0.8632728,1.1607603,0.8686992,0.7140572,0.68312836,1.0217652,1.2402377,1.155018,1.1889777,0.96903193,1.2188381,1.2304353,0.77691925,0.74510217,1.114096,1.0703309,1.2042738,0.7001674,1.2042837,0.93622303,0.7262882,1.2024249,0.62425536,0.92885065,1.2531906,1.0507532,1.134531,0.8319618,1.2026616,1.2567363,0.98034334,0.94925284,0.89746225,1.2543728,1.1928904,1.3658526,0.7081765,1.1971041,0.9020568,0.4060222,1.0547295,0.73927236,1.0083015,0.9475332,0.79635966,1.2200713,1.3710837,0.8747221,0.2993526,0.64856267,0.7799885,0.6293804,1.0409498,1.2895977,1.1568758,0.88149524,0.7591517,1.1844542
apple,1.0763216,1.0484455,0.0,1.1236994,1.1781805,0.38593698,0.3946544,0.7259616,1.2790817,1.3877444,1.357264,0.8299867,1.3840286,0.97037864,0.982206,1.3070109,1.2567518,0.9806276,0.84427905,0.9562522,1.1103334,0.74246454,1.1185219,1.1837019,0.8637481,1.0219804,1.110299,0.79854274,1.0525677,1.2070637,0.6319734,1.1467242,1.1792312,1.2507792,1.3471993,0.33649707,1.2961698,1.181117,0.81440544,1.2409097,0.8541036,1.0135183,0.6915976,1.2527354,1.2014426,0.7662919,0.8299558,1.2768297,0.68237484,1.138555,0.82338053,0.7694857,1.1923625,1.1336064,1.1784505,0.56792396,0.99258715,0.93054247,0.8199371,1.177148,0.8147187,1.2130312,1.155029,0.67703575,0.9076156,1.1179544,1.202136,1.0420157,1.3316693,1.0831741,1.3618436,0.9061424,1.1845894,1.2966185,0.90183324,1.1931814,1.1944047,0.708749,0.37789547,0.74649715,0.9659154,0.92744094,0.23725307,1.2892458,0.689123,1.2800769,1.3031421,1.1810797,0.55892277,0.9704757,0.98956937,1.025076,0.82805085,0.65083015,1.1335691,1.2202079,0.94216806,0.80345315,0.49696594,0.91344273,0.8584959,1.368984,1.1385701,0.83579326,1.0112262,1.2641612,1.3027748,1.0713425,1.2837979,1.1752201,1.2149934,1.216972,1.2738582,0.9037342,1.3269403,0.92142445,1.1531308,1.0108142,1.0995543,1.1590708,0.42981136,0.9519341,1.2490304,1.3276316,0.7421976,0.86414695,0.90536517,1.1828401,1.077761,0.7598479,1.0420538,1.0528066,1.1641177,0.82157576,1.2143117
applesauce,0.9317293,0.9155228,1.1236994,0.0,0.9373161,1.0551076,1.1634326,1.1600643,0.97027755,1.0898262,0.9721888,1.1868719,1.0390558,0.8280082,1.1452781,1.0193688,1.1189852,1.0182827,1.1551082,0.95886165,0.9543329,1.1130285,1.1521348,0.810341,1.0839933,1.1030687,1.1128594,1.1549035,1.06407,1.2000458,1.083522,1.1194949,1.0402172,1.0311232,0.84866697,1.047519,0.99278516,0.8578795,1.2027142,1.0460068,1.0809199,1.0653014,1.149133,1.0805007,1.0243771,0.85102487,0.9295863,0.93601596,0.9873971,0.9356615,0.926723,1.1690512,1.0219221,0.96896845,0.9938111,1.1522449,0.9085457,0.97374994,1.0240651,0.92348313,1.1420138,0.9294652,0.66081166,1.1872818,1.0775418,1.021581,0.8700597,0.8816548,0.8300872,1.1005737,1.030744,1.2506526,0.8466033,0.9236692,0.80148727,0.8169917,0.8497072,1.0722036,0.9904311,1.1325908,1.1202878,1.0799071,1.0573783,0.8975055,0.98842144,0.84542745,0.92198485,0.9326399,1.0472732,1.1423796,1.1345072,1.0604634,0.9270074,0.9844806,1.2129142,0.95771825,0.9464904,1.2631794,0.8578294,1.1585554,1.1924114,1.0196927,1.0507244,1.1886472,1.1739331,0.8408411,0.8914219,0.9756599,0.7832011,1.0665634,1.0299317,0.9888245,0.9707868,1.1364971,1.0445161,1.0932454,0.9647065,0.94626456,1.0466442,1.0451998,1.1808143,1.0762362,0.8136612,0.8536937,1.071832,1.0487367,1.1438572,1.0672569,1.092049,1.1853646,0.74710274,1.0528431,1.0803562,1.1740217,1.0407854
arm,0.97443783,1.141077,1.1781805,0.9373161,0.0,1.0871334,1.3399838,1.1026725,1.0657625,0.8128325,0.77461797,1.2963676,0.91829795,0.8326605,1.0964177,0.94721806,1.0506377,0.91390944,1.2676208,1.2619845,0.7991016,1.2049606,1.0874479,1.1698171,1.0550158,1.3668311,1.1638132,1.1586826,1.0023942,1.1460878,1.3168571,1.2189608,0.796247,0.9831051,0.81947625,1.073869,0.8812945,0.86925066,1.2313839,0.85821074,1.303937,1.0089092,1.1264268,1.1868546,0.92979485,1.024276,1.1913537,0.80662096,1.1292858,0.8708064,1.0910854,1.2557247,0.9662202,1.0273207,1.0809606,1.1161189,0.8232776,1.0495235,1.1213692,1.0755006,1.3480828,0.8343591,0.76586723,1.332029,1.2309701,0.7750714,0.7243799,1.1379906,0.7996764,1.1908822,0.82419825,1.3451042,0.80471313,0.8971862,0.8935395,0.93362576,0.95207155,1.203643,1.0384898,1.1922786,1.354732,1.2215924,1.1872902,0.9540392,0.91611177,0.71801305,0.8984301,0.82751393,1.0066277,1.2071996,1.2408502,0.99721915,0.8393373,0.9601114,1.3420758,0.9417696,1.2267208,1.276019,0.93318707,1.2821146,1.2419236,0.94526875,1.026352,1.0579932,1.161033,0.67381924,0.6874958,1.050105,0.8719834,0.87253594,0.8218396,1.0489484,0.6207408,1.2861531,0.65111566,1.2737997,1.0601952,1.0356311,1.2049357,0.6577295,1.1481429,1.1735373,0.7485486,0.6926266,1.2025771,1.2347902,0.9684378,0.9790344,1.4171985,1.0257787,0.79689133,0.91516364,1.1171317,1.2886207,0.9439699
ball,1.0944402,1.0362327,0.38593698,1.0551076,1.0871334,0.0,0.5234398,0.8489739,1.2012107,1.1911643,1.2320778,1.0270859,1.2485256,0.85154086,0.933184,1.1737332,1.1940919,0.95566636,1.0473747,0.7888639,1.0140175,0.9507235,1.0370685,1.1056123,0.87490237,1.1286792,1.098542,1.0724568,1.0324287,1.2240529,0.7479483,1.1268033,1.1552454,1.184383,1.1610008,0.56951916,1.2341202,1.0706972,1.0210024,1.1420982,0.96161103,1.0503094,0.89951146,1.2578151,1.0797106,0.78978574,0.8239464,1.1911527,0.77916694,1.1159354,1.072326,0.9989539,1.1142521,1.1537678,1.0900416,0.66543067,0.8894707,0.84230816,1.0673442,1.1573646,0.9364825,1.221323,1.1651127,1.0014292,0.9108888,0.997852,1.143617,0.96578056,1.3041567,1.0758034,1.2835156,0.87097096,1.1491396,1.2493715,0.7243195,1.0966583,1.1345153,1.0314066,0.4419074,0.98106796,1.0234534,1.1575328,0.534921,1.2064269,0.7442301,1.2463279,1.2662468,1.0830789,0.6722954,1.1131384,1.0940207,0.9202403,0.86418355,0.77268827,1.1547574,1.1443393,0.7488768,0.9783631,0.6348306,1.059886,1.0184402,1.2674716,1.0601497,0.9469563,0.83945405,1.0973299,1.2398098,0.96459174,1.2780068,1.1247278,1.193792,0.9527285,1.137631,1.0431685,1.1491189,1.0381459,1.0465786,0.862206,1.0028803,1.0468642,0.75001395,1.1268406,1.1730852,1.0770199,0.690987,1.0435873,1.0812292,1.0209656,1.1244745,0.79846615,0.7651585,0.98241544,1.231194,1.0450805,1.1477656
balloon,1.3350213,0.7977235,0.3946544,1.1634326,1.3399838,0.5234398,0.0,0.7594409,1.1917756,1.4310788,1.4955058,0.47443557,1.3538332,1.2596598,0.91252315,1.407846,1.134602,1.1301526,0.461357,0.7018914,1.324072,0.53426105,0.88717926,0.9785806,0.8717282,0.66049284,0.95143014,0.55614316,1.1309468,1.0188786,0.393925,1.0199227,1.2157297,1.2321733,1.3523133,0.798591,1.4533437,1.3092594,0.43074465,1.3509529,0.50804245,1.0945878,0.83443844,1.1141121,1.2438841,0.968121,0.5679721,1.3394306,0.62554157,1.304388,0.6408644,0.56752574,1.1295048,1.0519255,0.91126305,0.8316801,1.1366357,0.8823198,0.8108272,1.0761417,0.48674667,1.2522855,1.2328577,0.41720992,0.7549413,1.2208765,1.3746086,0.9480467,1.4172127,0.7391548,1.43129,0.51203007,1.2768489,1.4380019,1.0818576,1.1915319,1.2334425,0.511639,0.79902434,0.47799468,0.7318095,0.66475797,0.5694796,1.3674312,1.0514877,1.4389949,1.3319347,1.3753208,1.0499282,0.5936493,0.6289276,1.1185111,1.0644075,0.9931228,0.8260545,1.2019458,0.74356055,0.5391413,1.0463725,0.65752304,0.6413533,1.385895,1.105797,0.8696631,0.96911496,1.4251876,1.4437746,1.0803422,1.3424883,1.0250884,1.2836245,1.0476271,1.4798304,0.5821269,1.3219118,0.6785041,1.0320276,1.0229127,0.7938503,1.2581129,0.42043245,0.74704105,1.3829647,1.4824712,0.54095244,0.5409701,0.71146303,1.0609622,0.81160927,0.7791937,1.2831341,1.0620675,0.9569341,0.50143856,1.2575767
banana,1.1184182,0.9151746,0.7259616,1.1600643,1.1026725,0.8489739,0.7594409,0.0,1.1694988,1.2714994,1.3664594,0.7668631,1.3363986,1.1443653,1.0239202,1.2982538,1.0756459,1.1362243,0.74472016,0.9034538,1.2784333,0.50673825,1.0825195,1.1707246,0.98192805,0.9561788,1.0876948,0.7639152,1.1618317,1.1407609,0.7359534,1.1953495,1.2350085,1.2225292,1.112802,0.7640796,1.3269032,0.9075907,0.7173228,1.2670872,0.8220521,1.1193765,1.0395199,1.2277665,1.2451348,0.9229193,0.7978916,1.1741688,0.6263557,1.1068804,0.9039461,0.74503565,1.0643278,1.0599713,0.88868654,0.5387504,1.0699711,0.90013313,0.8608074,1.076411,0.7418611,1.1716368,1.1458321,0.7763468,0.83730245,1.1144909,1.2793444,1.1454802,1.3147645,0.7814932,1.2470438,0.8281638,1.1995603,1.3020988,0.84155464,1.1743343,1.0731786,0.7967055,0.8895282,0.7845924,0.5082941,0.9224411,0.640645,1.2755696,1.0223006,1.3011672,1.2760563,1.2492883,0.8238765,0.8235747,0.8657543,1.0489168,0.96396124,0.7981788,0.96239245,1.1258967,0.7979516,0.8138763,0.9482454,0.8923931,0.7944199,1.2913201,0.9999128,1.0424833,0.97115535,1.0396336,1.3240618,1.0308802,1.2487131,0.77988553,1.1161679,1.1291531,1.2680398,0.770903,1.1107771,0.8530683,1.0922651,0.85142505,0.83482623,0.7527169,0.66646034,0.78161174,1.2789972,1.2873484,0.82098764,0.8092233,0.7976167,1.0161912,0.77137625,0.7207282,1.1723961,1.0660839,0.94957346,0.717945,1.2472032
basket,0.85130155,1.0404292,1.2790817,0.97027755,1.0657625,1.2012107,1.1917756,1.1694988,0.0,0.83234966,0.90954775,1.1397543,0.6336497,0.9799101,1.1232917,0.7293936,0.8992757,1.069711,1.1175348,0.85250485,0.8894691,1.2157494,1.0257475,0.60861206,1.1172334,0.67645174,0.8963376,1.2080475,0.9699868,0.6166673,1.1771854,0.6775532,1.0660512,0.7252148,0.6593791,1.2333454,0.8551902,0.7336916,1.2169355,0.6129507,1.0075694,0.9698414,1.0712326,0.7621802,0.845031,1.053636,1.1215435,0.87628525,1.2771617,1.1842024,1.185638,1.1940526,0.85615027,1.0142982,1.0012063,1.1955035,0.91613024,1.0135429,1.232039,0.80614865,1.1614069,1.137148,1.0401269,1.2062835,1.0616419,0.95909476,1.1415008,0.8101537,0.99401486,1.0524534,0.70960844,1.0187902,0.89889246,0.8117853,1.0784376,0.89986247,0.8775878,1.1271843,1.0382092,1.2386742,0.9216387,1.085534,1.2781962,0.7189396,1.0995305,1.0935727,1.0032107,0.9640293,1.172315,1.2018644,1.1269753,1.04379,1.113194,1.15884,0.7076361,0.8143067,0.9596478,1.0586567,1.1402501,0.88235635,1.0382237,0.7538115,0.8910753,1.0782771,0.94194007,0.9007728,1.022168,0.94568723,0.9987037,0.9309305,0.93162566,0.8384078,0.96322227,1.1202675,0.9557466,0.9818417,0.82563585,0.9510687,0.93811786,0.9260103,1.2705781,0.9705985,1.1125774,0.80698967,1.1016918,1.1250421,1.1216575,1.0259361,0.82122576,1.1211627,0.8400238,1.1226436,0.8445463,1.2093005,0.99308366
bathtub,1.0290542,1.2975783,1.3877444,1.0898262,0.8128325,1.1911643,1.4310788,1.2714994,0.83234966,0.0,0.40658998,1.282145,0.53096616,0.8781971,1.2742953,0.75636804,0.66517985,1.073158,1.4604955,1.1645308,0.781868,1.3798335,1.1248924,0.8966299,1.1141956,1.2205968,0.97802275,1.2503972,1.0009797,0.9324269,1.3523345,1.0124384,0.76711273,0.67085457,0.7107267,1.1560217,0.5858614,0.8390538,1.4417124,0.6954881,1.4142141,1.019755,1.3230379,0.6807834,0.42895162,1.0295185,1.2468994,0.72566116,1.1874927,0.72574157,1.3574421,1.3371642,1.0058134,1.0769107,1.0374615,1.3281136,1.0124342,1.1729459,1.2421736,1.1259968,1.4729365,0.8143682,0.9919919,1.4636407,1.3487096,0.8677772,0.6781076,1.0091022,0.6344588,1.2063612,0.5195832,1.2107135,0.8784729,0.64930856,0.880914,0.95071405,1.0377146,1.2441684,1.1965326,1.3633068,1.2628138,1.2973254,1.3616507,0.459396,1.1068217,0.6663844,0.6052283,0.7516738,0.9608758,1.2962205,1.1893928,0.9059583,1.0115252,1.0719389,1.3082571,0.95113105,1.1032687,1.3851839,1.1036214,1.2994237,1.349257,0.38691926,0.8719287,1.2758892,0.98328435,0.7228973,0.6041231,1.1238105,0.731523,0.95282817,0.4740703,0.5877887,0.4785049,1.4112886,0.6137588,1.2219772,1.173931,1.1917858,1.1775793,0.94723624,1.4232814,1.1996465,0.6746747,0.4836406,1.2858824,1.4657454,1.2690275,0.8752148,1.3122203,1.3740594,0.7694505,0.9227261,1.0909913,1.3423553,0.6813319
bed,0.7304728,1.3031602,1.357264,0.9721888,0.77461797,1.2320778,1.4955058,1.3664594,0.90954775,0.40658998,0.0,1.3264549,0.49603248,0.6694891,1.1950622,0.26806498,0.852123,0.99923223,1.4887652,1.3983543,0.7719569,1.4383104,1.2804606,1.1503865,1.2096106,1.393301,1.0480504,1.3706611,0.82009494,0.89997816,1.4324427,1.0200523,0.67727554,0.7131851,0.8859488,1.0837198,0.120361686,0.88300633,1.5035255,0.7101955,1.5188165,0.86793435,1.2463578,0.8513322,0.7601201,1.0002255,1.2959758,0.3738004,1.1724,0.74277335,1.3500319,1.3561559,1.086034,1.0188535,1.3455863,1.3203348,0.9017029,1.2310876,1.2488612,1.1017507,1.4816214,0.7415052,0.97521555,1.4347697,1.3465625,0.83749175,0.4014989,1.1930605,0.467189,1.5032072,0.61615705,1.4489381,0.691236,0.64898545,0.9646242,0.97263664,0.920442,1.2739209,1.1879787,1.3497984,1.4247867,1.3352075,1.3753407,0.69042283,0.9361695,0.47282708,0.529484,0.7771294,0.88867664,1.4822984,1.4342406,0.9475998,1.0870792,0.998127,1.0420434,0.9861435,1.3869522,1.4452007,1.0171933,1.3323817,1.3423389,0.6043575,0.82940817,1.1351137,1.0889893,0.7974947,0.45205933,1.0634388,0.64981896,1.2136525,0.533989,0.9527566,0.37922347,1.4193778,0.5291109,1.3173544,1.1041319,1.2407974,1.4901625,0.9206194,1.4312677,1.2592642,0.4094798,0.46855664,1.3500242,1.4719592,1.2706794,1.2077295,1.3150995,1.289409,0.8513378,0.893464,1.1724775,1.3984302,0.6662457
belt,1.3420892,0.85595536,0.8299867,1.1868719,1.2963676,1.0270859,0.47443557,0.7668631,1.1397543,1.282145,1.3264549,0.0,1.1817383,1.380499,0.96544,1.240087,0.85941356,1.1074665,0.3284291,0.6937664,1.3509743,0.4876957,0.8359641,0.95171404,1.0408415,0.49810505,0.7413242,0.66489303,1.1289608,0.9225556,0.47318769,0.9177694,1.1977363,1.1232069,1.3137199,1.0526319,1.3308325,1.32671,0.2837428,1.3245428,0.44284672,1.1006079,1.1182252,0.9954029,1.0743911,1.2390757,0.7872815,1.2552574,0.74573207,1.213953,0.6622417,0.3887567,1.1045413,0.98136544,0.6758799,1.0272738,1.2834573,1.0781401,0.80621994,0.92897683,0.37246394,1.1839379,1.2218544,0.5115168,0.7586974,1.2094009,1.3423142,1.01473,1.312191,0.5483361,1.3065791,0.57013386,1.3127916,1.2868162,1.3004746,1.1896348,1.2216214,0.33981013,1.303735,0.40358245,0.6378776,0.48807502,0.8824481,1.2270736,1.22744,1.3920405,1.2240103,1.3093603,1.2392867,0.29332566,0.31393468,1.2286148,1.1295509,1.2579641,0.5833465,1.1562757,0.7083109,0.60033286,1.3479643,0.7400391,0.4734984,1.2517612,0.93540806,1.0189193,0.9284086,1.435378,1.3762205,1.0561618,1.3062317,0.89790016,1.2609084,0.8024111,1.5041959,0.38784623,1.1695173,0.6168046,1.0183163,1.0643245,0.7281103,1.2537577,0.7085334,0.77556086,1.3394189,1.4697406,0.73104763,0.5504018,0.55479884,0.92864466,0.64998907,0.90765446,1.4634187,0.97205687,0.915694,0.20423925,1.1319597
bench,0.8006482,1.1971047,1.3840286,1.0390558,0.91829795,1.2485256,1.3538332,1.3363986,0.6336497,0.53096616,0.49603248,1.1817383,0.0,0.9926796,1.1030988,0.6465202,0.76030934,1.0082141,1.3031325,1.1431068,0.8053765,1.3846178,1.0062115,0.9032065,1.1882905,0.9828347,0.97230875,1.3340074,0.8616306,0.3949895,1.3527185,0.6692154,0.94692224,0.31918156,0.8940287,1.2208726,0.39410436,0.94031966,1.346319,0.44412386,1.3044022,0.9031122,1.1772499,0.53701925,0.61106825,1.0328568,1.1473718,0.7303723,1.2859945,1.0165038,1.3551652,1.2479837,0.970106,1.074645,1.12098,1.3325832,0.8365967,1.1525912,1.288637,1.025822,1.3628502,1.0015253,1.0876932,1.361592,1.2030618,0.93820244,0.8990653,1.0836953,0.7532666,1.1783918,0.41192275,1.1255678,0.6945948,0.82134545,1.1165588,0.9526796,0.95859325,1.1936023,1.1843287,1.3570256,1.1279122,1.2331524,1.3863819,0.65605533,1.1146457,0.84278107,0.81216836,0.92703533,1.1204152,1.2718451,1.1350442,0.9244377,1.101952,1.1042187,0.881089,0.85368717,1.0911549,1.2338464,1.1703945,1.0946105,1.1661774,0.6258087,1.0471046,1.1172678,1.0361532,0.798751,0.87154704,0.9765975,0.74880505,0.9817888,0.7392118,0.8272128,0.6477898,1.2501984,0.794942,1.1377084,1.0105733,1.1303155,1.1553991,0.999492,1.448788,1.0638964,0.87739646,0.3259012,1.2209558,1.3725915,1.2746847,1.0515636,1.0488373,1.1451876,0.7715144,0.9881237,0.8732264,1.3363627,0.66951305
bib,0.7554982,1.0671264,0.97037864,0.8280082,0.8326605,0.85154086,1.2596598,1.1443653,0.9799101,0.8781971,0.6694891,1.380499,0.9926796,0.0,1.2045624,0.78952193,1.0526365,0.88426393,1.4261477,1.3504925,0.7753445,1.3070352,1.3259814,1.1353608,1.1206264,1.3023512,1.2182533,1.238131,1.0395911,1.2607493,1.2746449,1.2208674,0.77609277,0.9627247,0.96841705,0.8276495,0.7513056,0.860222,1.4596353,0.9775946,1.4431695,1.0322741,1.0181017,1.0841148,0.9459238,0.7988409,1.1836264,0.69816715,0.9847778,0.7714094,1.1622539,1.3043549,1.0704945,0.9353246,1.3623735,1.0491937,0.85450417,1.2021121,1.0606275,0.98756135,1.3150294,0.7912404,0.845407,1.2730634,1.2326593,0.89885175,0.63200974,1.1801585,0.5904167,1.4832759,0.9383212,1.4825293,0.7515388,0.6407855,0.78139126,0.9677418,0.79631865,1.1644708,0.79811835,1.2855189,1.2961184,1.1140226,1.0585951,0.9175947,0.72901034,0.61285055,0.64025027,0.7416914,0.80060476,1.4661889,1.4683733,1.0614928,0.9265296,0.82966125,1.2531538,1.0171928,1.2891158,1.321284,0.67338276,1.0427822,1.3003395,0.9583847,1.0489006,1.0957036,0.7449902,0.8350773,0.5824022,1.0448132,0.6611651,1.2151915,0.85389924,1.1279483,0.73581916,1.3631467,0.8989869,1.2743857,1.0302916,1.0706272,1.432981,0.91525567,1.1766354,1.2110109,0.5884439,0.7873711,1.3147037,1.2607945,1.2017217,1.2564633,1.2587544,1.1783234,0.7377585,1.0055809,1.2562631,1.3416269,0.9745488
bird,0.75678164,1.0705253,0.982206,1.1452781,1.0964177,0.933184,0.91252315,1.0239202,1.1232917,1.2742953,1.1950622,0.96544,1.1030988,1.2045624,0.0,0.9527322,1.1280539,0.8900472,0.78909373,0.8263659,1.0151433,0.897081,0.6787393,1.1917863,0.63420063,0.9199926,0.6864382,1.1015592,0.36954755,0.86834174,0.8702272,0.9122584,1.0758973,1.1239843,1.1506634,1.1277941,1.1437516,1.1824034,0.9196651,1.0068394,0.78195524,0.42374396,0.76319057,1.1599141,1.2611483,1.2086785,0.9751179,1.014406,1.1157267,1.2561898,1.1682991,0.8203226,0.77655697,1.2066486,0.9889015,0.6344999,1.0235271,0.8425053,1.1019446,1.2557926,0.7769744,1.1493092,1.2695732,0.9012125,0.8584627,1.0978571,1.2334197,0.8181,1.3824247,0.8620759,1.2099046,0.6834218,1.1153871,1.2822909,1.1833854,1.066878,1.2845348,1.2129793,1.0380285,0.87606514,1.0645508,1.1703265,0.9502617,1.1839597,0.92641675,1.2193148,1.3661826,1.096351,1.1076252,0.9059663,0.9759354,0.77416044,1.1419798,1.0158511,0.7593985,0.8471282,0.9813577,0.7623651,1.0213379,0.92047656,0.84200823,1.1195936,1.0200975,0.20136428,1.0643127,1.1598443,1.2307287,0.81651646,1.3003521,1.1127427,1.1972597,1.0687488,1.1565475,0.8386018,1.1628666,0.774491,1.0965104,0.7571715,0.7916577,1.1500963,0.92435527,0.9947683,1.2736945,1.1740357,0.87012666,0.9756276,1.1265181,1.1013691,0.8946915,0.7856064,1.1554781,0.86218923,0.9158419,0.8606976,0.8798015
blanket,0.6523504,1.1488578,1.3070109,1.0193688,0.94721806,1.1737332,1.407846,1.2982538,0.7293936,0.75636804,0.26806498,1.240087,0.6465202,0.78952193,0.9527322,0.0,0.90179914,1.0162992,1.3584789,1.1993185,0.9063746,1.3900044,1.1163559,1.129491,1.15155,1.246834,1.0033915,1.3910873,0.6290433,0.88014024,1.3813852,0.95773774,0.7947289,0.8451152,0.8500055,1.0983369,0.30066144,0.90070873,1.3769284,0.79755414,1.3392804,0.71279454,1.1411673,1.0114412,0.9747569,1.113295,1.186985,0.37069035,1.1844817,0.9581046,1.3056941,1.2816745,1.0200864,0.942242,1.2452455,1.1719325,0.9020712,1.1122271,1.2520719,0.8928859,1.2952421,0.91904604,1.0307529,1.3499193,1.2214363,0.92873937,0.69444406,1.0571951,0.66964465,1.3509481,0.8458604,1.2828908,0.6920512,0.73571616,1.0051895,1.0159646,0.8128574,1.3353662,1.1093673,1.3079696,1.2397977,1.2897646,1.3079371,0.88824964,0.87787366,0.675313,0.75398266,0.9004881,0.91697806,1.3593961,1.3258495,0.94844556,1.1200441,1.0106769,0.603899,0.9849183,1.2735868,1.2682573,1.0094475,1.2253937,1.2419834,0.823134,0.7084227,0.9555153,1.010938,0.90445757,0.6898546,0.93420404,0.85411966,1.2029358,0.865675,1.0291301,0.61548185,1.2619398,0.7028632,1.2613225,0.83905435,1.1066856,1.3012713,0.95518273,1.3762152,1.2240398,0.7010201,0.74635834,1.1763628,1.2949195,1.2008829,1.1564147,1.0008279,1.2132756,0.9402383,0.9166369,1.1836759,1.3109034,0.7738786
boat,1.0686957,1.0721462,1.2567518,1.1189852,1.0506377,1.1940919,1.134602,1.0756459,0.8992757,0.66517985,0.852123,0.85941356,0.76030934,1.0526365,1.1280539,0.90179914,0.0,1.0789971,0.98368806,1.0059762,1.0656751,1.091293,0.9918108,0.884967,1.1812636,0.8501047,0.67972887,1.0451123,1.0948709,0.8555218,1.1419659,0.8673636,0.9300384,0.8627011,0.9597806,1.1574177,0.8944521,0.9707911,0.97199297,0.9524741,1.0285126,1.132061,1.1719567,0.7411579,0.7937956,1.2066602,1.0953418,0.88625187,1.1982328,1.0095272,1.149436,0.936502,0.9109471,1.1036522,0.88497144,1.2382524,1.0818945,1.0891343,1.0830072,1.0245274,0.91490996,0.98956513,1.0908505,1.0883837,1.0494261,0.8172606,1.0159346,1.1071261,0.88215446,0.89718854,0.8299103,1.0397602,1.0347036,0.8811967,1.0810535,1.0591093,1.0650034,1.0045143,1.2503349,1.0438188,0.9973532,0.9930235,1.1937333,0.8992568,1.1364019,0.9759552,0.9134266,1.0162628,1.1119684,0.8956542,0.839012,1.104809,1.0349869,1.1986623,0.86956525,0.88805914,0.915864,1.0764521,1.182751,1.0093203,0.867141,0.7746108,0.88979983,1.1525646,0.94051176,0.9308758,0.9215423,1.1697769,0.93484116,0.76682186,0.9861791,0.66338015,0.82918274,1.0737923,0.7448596,0.98763293,1.0791658,1.1224775,0.989027,0.88974655,1.2303485,1.0151815,0.9895884,0.9197954,1.13072,1.1172183,1.0709707,0.89210737,0.9431646,1.1124091,0.98179984,0.8489447,0.982386,0.8907662,0.70916176
book,0.8863666,1.1785511,0.9806276,1.0182827,0.91390944,0.95566636,1.1301526,1.1362243,1.069711,1.073158,0.99923223,1.1074665,1.0082141,0.88426393,0.8900472,1.0162992,1.0789971,0.0,1.0220374,0.9860168,0.20824194,1.1228231,1.0674129,1.0814259,0.9429922,1.0766653,0.96513593,1.238622,1.0024592,1.0286825,1.0555884,0.92630213,1.107243,0.9411707,1.0379882,0.9722012,0.99863344,1.013295,1.0221114,0.70266914,1.0131462,1.0314518,0.8120176,1.1061044,1.0306212,1.1370373,1.2501343,1.2129104,1.2013835,1.0703444,1.1365414,1.0036423,0.9856466,1.1878878,1.1044894,0.84363616,0.5959711,0.9569249,1.1450189,1.2142143,1.0636916,1.0869765,1.0494219,1.107161,0.98685884,0.8191599,1.0337977,1.0232602,1.1040462,1.0925122,0.8396723,1.0856516,1.1471562,1.0540035,1.0580771,0.8854093,1.2362868,1.1062312,0.91076773,1.0172925,1.057315,1.1056042,1.021174,1.0241472,0.81961805,0.9936396,1.2108929,0.34272742,0.95648974,1.0479426,1.076863,0.9733186,0.919843,1.0427058,1.0886241,1.0116088,0.9014667,1.0616384,0.98989624,1.2242165,0.9654852,1.1003437,1.0552629,0.9494975,1.0231758,0.79380816,1.0904406,0.85153306,1.2190874,1.0135225,1.1295892,1.0455761,0.8587405,1.0129261,0.98679835,1.0290898,1.1452653,0.8720801,1.0740173,0.9906748,0.9714346,0.99641854,1.071953,0.8467247,0.9955056,1.2224112,1.1749979,1.1087278,0.9924613,0.6767766,0.65080804,0.9210149,1.0180906,1.1319414,0.9797147
bottle,1.3429297,0.821442,0.84427905,1.1551082,1.2676208,1.0473747,0.461357,0.74472016,1.1175348,1.4604955,1.4887652,0.3284291,1.3031325,1.4261477,0.78909373,1.3584789,0.98368806,1.0220374,0.0,0.5978842,1.3244662,0.36097288,0.72302675,0.8303596,0.9846152,0.4145947,0.7472629,0.6359708,1.1001527,0.8933348,0.4153201,0.85783744,1.2056384,1.2100645,1.2735906,1.1546628,1.4399159,1.2979107,0.14984405,1.2836845,0.15169108,1.1027453,0.95280695,0.9903777,1.3375616,1.3226769,0.7962552,1.2626318,0.9570363,1.3221679,0.72800076,0.5265661,0.9843263,1.1123706,0.74222773,1.038098,1.1854357,0.853513,0.8575313,1.0580446,0.20433271,1.270688,1.2924929,0.43358982,0.7986798,1.2576394,1.4314667,0.867422,1.4818451,0.49847835,1.2864318,0.42999804,1.2479025,1.4174602,1.3474689,1.0029652,1.2856897,0.627173,1.2542646,0.19059348,0.6942482,0.5439382,0.8462393,1.2933502,1.1948161,1.4416326,1.4272692,1.3255593,1.313465,0.3018732,0.48666334,1.2161559,1.1953305,1.2296876,0.6348499,1.0504856,0.7941933,0.6112741,1.314041,0.73056704,0.29304975,1.2421874,1.0086935,0.82544565,1.0667939,1.4422545,1.4528482,0.962391,1.3968003,0.8452109,1.3240714,0.90999466,1.5109048,0.3320626,1.2264128,0.4946205,0.95527494,0.9772683,0.62887305,1.2191908,0.6123908,0.66454905,1.4536538,1.4797621,0.58229506,0.4665544,0.5942842,0.99654114,0.6309217,0.66287345,1.3984013,1.0203661,0.71437377,0.2240293,1.1845005
bowl,1.2874255,0.9647873,0.9562522,0.95886165,1.2619845,0.7888639,0.7018914,0.9034538,0.85250485,1.1645308,1.3983543,0.6937664,1.1431068,1.3504925,0.8263659,1.1993185,1.0059762,0.9860168,0.5978842,0.0,1.138217,0.7076465,0.7339173,0.5361235,0.9660234,0.53355473,0.7603699,1.0280653,1.0108254,0.9559559,0.63803345,0.9359849,1.2737877,1.1415855,1.0466717,1.2258834,1.3518133,1.0748202,0.6629474,1.1302345,0.3417902,1.0312982,1.1041769,1.1556983,1.0863892,1.2010009,0.7522888,1.2803822,1.0159028,1.3451812,1.0642886,0.8366054,0.9215816,1.2443457,0.59306073,0.99862254,1.1024001,0.59905636,1.0301286,1.1093227,0.5858995,1.3235404,1.2664858,0.849912,0.864073,1.2515373,1.2844943,0.42440122,1.4565918,0.44490004,1.3069984,0.5120592,1.1875274,1.300308,1.042891,1.0230944,1.3179405,0.9806804,0.99100035,0.71342,0.7148514,0.92172205,0.87465066,0.9396314,1.1486523,1.4219877,1.4260635,1.1305364,1.2353966,0.63482416,0.6902187,1.1345878,1.048779,1.2112794,0.7830982,1.0175883,0.3043115,0.8473562,1.1488328,0.97727346,0.6756151,1.0479356,1.0760489,0.9821879,1.0673572,1.2606398,1.406735,0.8131944,1.3793429,0.8486484,1.2965523,0.47515643,1.2820345,0.647963,1.2622894,0.62063545,0.94944656,0.5709914,0.31848156,1.2424232,0.9163406,0.91299206,1.3238275,1.1562837,0.5063616,0.8127302,0.9473048,0.7974655,0.73053217,0.8846887,0.9048523,1.047472,0.9873604,0.70015836,1.1886454
box,0.7873605,1.2650119,1.1103334,0.9543329,0.7991016,1.0140175,1.324072,1.2784333,0.8894691,0.781868,0.7719569,1.3509743,0.8053765,0.7753445,1.0151433,0.9063746,1.0656751,0.20824194,1.3244662,1.138217,0.0,1.3535453,1.1670051,0.98182476,0.9825268,1.1590185,1.04448,1.3832755,0.99254143,0.9923208,1.293207,0.90836495,1.0255945,0.8191715,0.9007645,0.9736053,0.7971547,0.8494809,1.3639916,0.48513198,1.2784312,1.0079477,0.8573755,0.99334055,0.8245279,1.006243,1.3194201,1.0361527,1.2318275,0.9703792,1.2846096,1.1993409,0.9786854,1.1687114,1.2620708,0.93717086,0.56495297,1.0067527,1.2571292,1.1658778,1.3944452,1.0077024,0.9775313,1.3306978,1.1214554,0.70686895,0.88989496,1.0295521,0.9064045,1.2993639,0.6380139,1.26578,1.0064226,0.8430934,0.9888884,0.8267412,1.0917627,1.2324264,0.8715099,1.3133293,1.2316004,1.2969918,1.1557269,0.8002982,0.87764853,0.82421273,1.015895,0.27720177,0.86288595,1.3458105,1.3183982,0.8931992,0.93299776,0.98202705,1.2637193,0.9597553,1.0815147,1.2284856,0.9329399,1.2622606,1.2085536,0.89072937,1.0602942,1.0422894,1.044341,0.6302748,0.90137833,0.88419694,1.0423408,1.0383149,0.9250694,1.0220677,0.60566413,1.2727921,0.8652605,1.1741734,1.1515046,0.95308053,1.2421162,0.89480895,1.1908369,1.059584,0.9043298,0.63588977,1.1363406,1.4419856,1.3115919,1.159502,1.1868582,0.85131437,0.5254421,0.9703482,1.0449948,1.4300734,0.8960007
bread,1.2832052,0.78017974,0.74246454,1.1130285,1.2049606,0.9507235,0.53426105,0.50673825,1.2157494,1.3798335,1.4383104,0.4876957,1.3846178,1.3070352,0.897081,1.3900044,1.091293,1.1228231,0.36097288,0.7076465,1.3535453,0.0,0.93249154,1.096781,0.99673456,0.74269485,0.97677827,0.49563646,1.1351017,1.0847461,0.52567875,1.1385375,1.2244953,1.2532709,1.2804681,0.94865555,1.4288034,1.0626209,0.34572655,1.3827631,0.43806762,1.1271656,1.0152191,1.1721385,1.2988878,1.0783844,0.61826247,1.2596809,0.7679566,1.2191583,0.6271544,0.57256234,1.087738,1.037561,0.7315301,0.89954257,1.2691771,0.8466135,0.8455067,1.046169,0.43993413,1.2109818,1.1327949,0.4926529,0.8166772,1.2532499,1.3011303,1.0464472,1.388344,0.5224639,1.3656285,0.6278938,1.1892909,1.3501012,1.0148678,1.2129654,1.2070038,0.6521538,1.0253514,0.30234683,0.6698009,0.69897044,0.6330637,1.317409,1.2253995,1.3932697,1.2937088,1.2890406,1.0688329,0.45810443,0.5527314,1.1993816,1.0242578,1.0589311,0.8512972,1.158144,0.75314325,0.68381107,1.1078392,0.8665856,0.54090494,1.3550766,1.0483379,0.9666528,1.0637138,1.3691285,1.419645,1.1141411,1.2578523,0.89573455,1.201521,0.97722375,1.4479419,0.5010668,1.2384356,0.6983236,0.9758448,0.87961847,0.66068166,1.1773121,0.51438963,0.7537057,1.315609,1.432362,0.78309417,0.45133132,0.5948318,0.99388707,0.74159503,0.8612884,1.3495429,1.069261,0.97764194,0.37583554,1.2652178
broom,1.1102567,0.9228868,1.1185219,1.1521348,1.0874479,1.0370685,0.88717926,1.0825195,1.0257475,1.1248924,1.2804606,0.8359641,1.0062115,1.3259814,0.6787393,1.1163559,0.9918108,1.0674129,0.72302675,0.7339173,1.1670051,0.93249154,0.0,0.9453518,0.8664839,0.80572796,0.84279776,0.9484291,0.93736815,0.86878496,0.7906237,0.7992021,1.0815377,1.0695622,0.9689387,1.2304881,1.292559,1.3001392,0.6988181,1.120921,0.6904511,0.97690934,1.0070152,0.9060564,0.9389266,1.2407509,0.8490019,1.1143562,1.0624273,1.2963864,1.0365438,0.9419583,0.76107055,1.1060593,0.49747348,1.0456318,1.1031297,0.8986629,1.0680176,1.0868297,0.73907495,1.2367965,1.1835276,0.94393784,0.8263269,1.0946857,1.2958585,0.67719406,1.3571353,0.45372593,1.0940684,0.49708903,0.9832813,1.1929802,1.2413219,0.983876,1.2237037,1.124094,1.2058835,0.8642929,0.85139257,0.9572858,1.0599847,1.0285444,1.0799797,1.3215227,1.323966,1.1110327,1.2464007,0.5557546,0.5771396,1.0603336,1.0793133,1.159868,0.7502459,0.8081558,0.828925,0.7957067,1.172991,0.9450911,0.86010015,0.94655186,0.9912058,0.7951602,1.0847822,1.1388373,1.3072737,0.86005986,1.2595754,0.8705594,1.1969739,0.79980284,1.2046187,0.7666609,0.9719368,0.6938828,0.8762673,0.9242042,0.47615397,1.0215021,1.0375578,0.9374231,1.3438709,1.1942343,0.79536545,0.82252014,0.9890945,0.66353977,0.75143635,0.91337067,1.1526076,1.0476327,0.6759767,0.82866824,1.0582156
bucket,1.1562464,0.874411,1.1837019,0.810341,1.1698171,1.1056123,0.9785806,1.1707246,0.60861206,0.8966299,1.1503865,0.95171404,0.9032065,1.1353608,1.1917863,1.129491,0.884967,1.0814259,0.8303596,0.5361235,0.98182476,1.096781,0.9453518,0.0,1.0899181,0.4620576,0.76330525,1.0646461,1.1318941,0.84163046,0.9761479,0.80909574,1.0404037,0.86311096,0.8668614,1.2189229,1.0766461,0.9695782,1.0096887,0.9114295,0.60770917,1.1258259,1.1002578,0.77803516,0.8655012,1.0823902,0.9098783,1.1342827,1.0953398,1.1368599,1.0667512,1.0719186,0.9881619,1.0425982,0.8766849,1.2939047,1.1072451,0.81322753,1.0786297,0.836003,0.95511866,1.0767311,1.041703,1.041796,1.0750678,1.2169484,1.1029017,0.5266465,1.0564747,0.8846702,0.95269,0.8991722,1.0276122,0.91819704,1.0280049,0.5381556,0.96088487,0.97646964,1.1097524,1.0592237,0.8672923,0.959553,1.196256,0.579317,1.2486438,1.1352637,1.0123639,0.97091085,1.2540231,0.9968924,0.96726406,0.9888781,1.1644299,1.1776261,0.95444936,0.9701753,0.7325256,1.0778148,1.209883,0.9162082,0.903262,0.66158503,1.1989838,1.1965793,1.0712228,1.1294992,1.067659,0.95990247,1.0334785,0.9040569,1.0287641,0.5743762,1.0565046,0.98505455,1.2090039,0.7607578,0.8108542,0.94133025,0.78194445,1.1715387,1.2205768,0.8091247,1.0913533,0.94581103,0.82225543,0.967331,1.0066158,0.94574493,0.813612,1.0740811,0.8692665,1.1196123,0.7669349,1.0278199,1.0602896
butterfly,0.91038364,1.0620134,0.8637481,1.0839933,1.0550158,0.87490237,0.8717282,0.98192805,1.1172334,1.1141956,1.2096106,1.0408415,1.1882905,1.1206264,0.63420063,1.15155,1.1812636,0.9429922,0.9846152,0.9660234,0.9825268,0.99673456,0.8664839,1.0899181,0.0,1.0334039,0.94227475,1.0459654,0.89671195,1.0812471,0.8212166,1.0870379,1.0994183,1.1653099,1.0464668,0.9035098,1.195041,1.0425118,1.0127653,1.055079,0.91512096,0.85631,0.7980404,1.1230692,1.0532817,0.9810681,1.0008241,1.1658683,0.97426605,1.098654,1.0751574,0.8494812,0.82971144,1.1034588,1.0188434,0.59947747,1.064002,0.7954722,1.0206884,1.1460311,0.9512525,1.1588249,1.1511278,1.0035759,0.82761467,1.0066727,1.1552835,0.86745226,1.2431066,0.979291,1.1774647,0.7867029,1.1035492,1.1242075,1.0156581,1.003055,1.2166644,1.0534018,0.8970675,1.0316845,1.0260475,1.060635,0.8144451,1.123266,0.89974385,1.1660519,1.2243396,0.93293107,0.8960582,0.98689836,0.9878143,0.8812581,0.90598774,0.9270645,1.0209899,0.920107,0.98209053,0.8739114,0.8382909,0.9958384,1.0137868,1.1590623,1.1126887,0.72685724,0.9851746,1.0106988,1.1729597,0.97089523,1.2183633,1.0337312,1.1000546,1.0569755,1.1192776,1.0182393,1.1758385,0.89958566,1.1046363,0.8409446,0.9344871,1.0360385,0.90921295,1.0233037,1.1792448,1.1817703,0.91041255,1.0552864,1.1018213,1.067493,0.9858685,0.96259636,1.0348724,1.0080708,1.0124806,1.0122631,1.0437679
can,1.1994511,0.7565682,1.0219804,1.1030687,1.3668311,1.1286792,0.66049284,0.9561788,0.67645174,1.2205968,1.393301,0.49810505,0.9828347,1.3023512,0.9199926,1.246834,0.8501047,1.0766653,0.4145947,0.53355473,1.1590185,0.74269485,0.80572796,0.4620576,1.0334039,0.0,0.6424473,0.82598394,1.0152518,0.64273334,0.66129947,0.69941694,1.1825787,0.93983406,1.1465502,1.2609284,1.27203,1.2268407,0.5077263,0.98061055,0.36774677,0.9980057,0.94987565,0.77121943,1.0419718,1.2241032,0.8498872,1.2500489,1.0352951,1.3986897,0.8533976,0.69390655,0.96417654,1.0156108,0.73247135,1.1426301,1.2369921,0.95439076,0.9598191,0.86171484,0.4713471,1.2994916,1.268602,0.6136532,0.81650466,1.2899764,1.4094625,0.750484,1.3018854,0.57016826,1.0850585,0.5969628,1.20018,1.194215,1.4075273,0.9788014,1.1484904,0.63878304,1.2691276,0.6706622,0.61214983,0.6739987,1.0565195,0.9654427,1.2649349,1.4381742,1.2307898,1.2556727,1.4064894,0.56233346,0.5744206,1.173847,1.2349026,1.2979155,0.5368766,1.0185066,0.66976506,0.64457566,1.3790789,0.52287304,0.43189377,0.9978438,1.1220137,0.8849457,0.9461242,1.3946909,1.3933146,0.9301293,1.2796258,0.79495156,1.245113,0.7920833,1.3953199,0.5172027,1.2926297,0.4822756,0.8347401,0.9764772,0.59297234,1.2065697,0.9138976,0.5932407,1.3938105,1.2966611,0.6393839,0.6327239,0.7863606,0.9472297,0.45750868,0.7921604,1.2449238,1.1273487,0.5638381,0.5164024,1.1495544
car,1.0622221,1.0446212,1.110299,1.1128594,1.1638132,1.098542,0.95143014,1.0876948,0.8963376,0.97802275,1.0480504,0.7413242,0.97230875,1.2182533,0.6864382,1.0033915,0.67972887,0.96513593,0.7472629,0.7603699,1.04448,0.97677827,0.84279776,0.76330525,0.94227475,0.6424473,0.0,1.0820117,0.88254327,0.81305015,0.9073339,0.8701339,1.015725,1.0980018,1.0520027,1.2401168,1.0452366,1.1677651,0.85706425,0.97095,0.7215799,0.91750914,0.93096185,0.94952124,0.974775,1.2700753,0.9883548,1.0538245,1.1751252,1.2188778,1.152498,0.76430464,0.9011272,1.1738962,0.9058225,0.9692133,1.1296847,0.9629759,1.0989927,1.104772,0.69751215,1.1182756,1.2758346,0.9094098,0.89782786,1.0382354,1.1677147,0.83105195,1.1984653,0.82530737,1.0903025,0.8282049,1.2346427,1.0286666,1.3412759,0.98909444,1.2176863,0.9996986,1.2860794,0.8936249,0.9459715,1.0716715,1.1253492,0.7643401,1.1022431,1.1828122,1.1561759,1.0917139,1.2627583,0.8121588,0.77994853,1.0426117,1.1598665,1.2121671,0.6943707,0.9253833,0.8315324,0.8061235,1.2866516,0.90483993,0.5666101,0.78602517,0.98598474,0.7893181,1.0290338,1.2119409,1.084397,0.7982815,1.168849,1.0459923,1.0840049,0.6638957,1.1014736,0.7268262,0.9900994,0.5647692,1.1003383,0.967702,0.8160825,1.0930221,1.0368309,0.8624854,1.1850386,1.1742486,0.8636807,0.9924807,1.0483302,1.0569384,0.77088326,0.75466335,1.128871,0.90465075,0.82755697,0.72918963,0.8534306
carrot,1.2950412,0.63495183,0.79854274,1.1549035,1.1586826,1.0724568,0.55614316,0.7639152,1.2080475,1.2503972,1.3706611,0.66489303,1.3340074,1.238131,1.1015592,1.3910873,1.0451123,1.238622,0.6359708,1.0280653,1.3832755,0.49563646,0.9484291,1.0646461,1.0459654,0.82598394,1.0820117,0.0,1.2550149,1.0384382,0.66151506,1.0758107,1.0620975,1.1834204,1.1378837,0.98066103,1.3358345,1.2082196,0.46471834,1.3604349,0.74512935,1.2001824,0.8839258,1.0021118,1.1896316,0.9535435,0.6677714,1.2294508,0.7000017,1.0271791,0.43732142,0.63966894,1.119477,0.7753874,0.77759266,1.0359303,1.3610201,1.051805,0.6910394,0.8292538,0.6599153,0.9994076,0.91733795,0.46727526,0.84513956,1.2095159,1.1825174,1.1414962,1.1238047,0.7006926,1.2784977,0.70854175,1.1852323,1.1742151,1.106514,1.1864145,0.95272225,0.5103704,1.0793588,0.56877065,0.70679605,0.53263086,0.812721,1.2771344,1.2460151,1.239602,1.0078269,1.3010223,1.1374781,0.55127436,0.5638397,1.1024656,0.8970634,1.1240067,0.9344034,1.1614437,0.9412104,0.65295064,1.1713023,0.628709,0.81783247,1.2595623,1.080525,1.0760105,0.8953534,1.3038807,1.2098135,1.2333882,1.0374255,0.905265,1.1232708,1.1258205,1.3969116,0.6840046,1.2337376,0.91472626,0.931428,1.1563123,0.81716454,1.2190889,0.45697725,0.7799839,1.1521112,1.4556487,0.94377446,0.42292225,0.5683169,0.83692956,0.8394545,1.0097129,1.3950022,1.1177458,0.9325308,0.58286357,1.2061074
