,alligator,apple,arm,ball,balloon,banana,basket,bathtub,bed,belt,bench,bib,bird,blanket,boat,book,bottle,bowl,box,bread,broom,bucket,can,car,carrot,cat,chair,clock,closet,coat,coffee,comb,couch,cracker,crayon,crib,cup,dish,dog,doll,door,drawer,dress,ear,egg,elephant,face,finger,fish,flower,foot,fork,frog,glass,glasses,glove,gum,hair,hand,hat,horse,jacket,jar,jeans,knife,ladder,lamp,melon,mitten,motorcycle,muffin,nail,napkin,necklace,nose,orange,oven,owl,pajamas,pants,paper,pen,pencil,pickle,pillow,pizza,plant,plate,pony,pumpkin,purse,radio,refrigerator,rooster,scissors,shirt,shoe,shorts,shovel,shower,sink,slide,slipper,soap,sock,spoon,sprinkler,stroller,sweater,table,tape,toe,tooth,toothbrush,towel,toy,tray,tree,truck,vacuum,watch,window
alligator,0.0,1.4364026,0.60924935,1.2137581,1.319145,1.1421597,0.8981986,0.6132859,0.4541219,1.3261031,0.61386156,0.6876114,0.5089815,0.3940345,0.75234085,1.2033671,1.5343326,1.3898289,0.94255954,1.3923433,1.1407688,1.2700642,1.4759008,1.1839751,1.182323,0.49621743,1.2579714,1.5212928,0.6839557,1.1368175,1.1649249,0.8062136,0.5925941,0.89685524,1.4978466,0.6035975,1.5574344,1.0393943,0.5595169,1.1481773,1.0327867,0.91873986,1.2237185,0.9859105,1.2962694,0.46340513,0.8069623,1.2192537,1.310823,1.0272859,1.1458446,1.1912941,0.8158161,0.7361117,1.1782635,0.86534387,0.99692744,0.71248865,0.7959061,1.3521299,0.66250706,0.8395475,1.0557532,0.5384277,1.2146312,1.0693275,1.2179358,1.0032703,0.93111104,1.231975,1.3628578,1.384841,1.3332388,1.3694093,1.1992048,1.4429669,0.9934897,0.5764988,0.6028712,0.6144824,1.2180732,1.4803225,1.3918743,1.4478526,1.0946794,1.3048503,1.087237,1.2239747,0.84048676,1.0261904,0.8053901,1.2484584,1.2681056,1.0351872,0.73460704,0.60409987,0.86573374,0.7158282,1.2494489,0.86428136,1.1016908,0.6843926,1.4215932,1.5174592,0.9798937,1.25583,0.6965159,0.7291143,0.6245595,0.7045628,1.3270993,1.2345693,1.3995527,0.96620333,1.2823528,1.207061,1.2563437,0.8482135,1.0730081,1.3296874,1.4639193,0.84988344
apple,1.4364026,0.0,1.2084484,0.41029394,0.89748514,0.7977812,1.2500793,1.3942409,1.4118166,0.580864,1.4616657,1.1430413,1.2699951,1.4225125,1.2560931,1.0216254,0.5449611,0.7813598,1.3230559,0.6303378,1.2428795,1.0872223,0.8714411,0.8697883,0.6782759,1.2774224,0.830881,0.67477405,1.4423772,0.9961312,0.97254896,1.238956,1.4106431,1.1931561,0.3890987,1.4674212,0.6810758,1.1211089,1.2625372,0.9916227,1.3534031,1.3691807,1.012976,0.70308334,0.29854882,1.2283442,1.0264312,0.5962098,0.56294525,1.0218778,0.8493808,1.0664611,0.87445843,1.2367854,0.6896206,1.1467266,0.74600726,1.000186,1.0872084,0.3989656,1.237701,1.1634138,1.1109384,1.2700946,1.0662266,1.4257593,1.1064825,0.73924464,1.082804,1.0001101,0.53614944,0.19881117,0.8381692,0.8115518,0.65918356,0.12599897,1.3594964,1.2255367,1.3792776,1.3106105,1.1105487,0.47867614,0.63248587,0.29037422,0.97148746,0.8017075,1.146476,1.0311706,1.1296968,0.7653854,1.3226166,0.9884544,1.221859,1.032257,1.2685262,1.2077142,1.244345,1.2493254,0.8887875,1.3365756,1.1717272,1.1752968,0.454229,0.35547554,1.1917343,1.000432,1.2949637,1.3267608,1.2388773,1.3350654,0.8357771,0.5911851,0.46068817,1.2189847,0.8535512,0.67184454,0.951842,1.132377,1.1714971,0.9138156,0.4369594,1.2884895
arm,0.60924935,1.2084484,0.0,1.1419003,1.2595192,1.2063501,1.0182765,0.56630015,0.59130275,1.2486321,0.68610775,0.9382943,0.6463694,0.5787497,0.932135,1.3360884,1.3958935,1.4525723,1.0113032,1.3872344,1.0666239,1.2690827,1.3381902,1.2403234,1.0243176,0.8855671,1.3162631,1.3827469,0.68133986,1.0766277,1.2685829,0.8955937,0.7510254,0.95425314,1.3636903,0.8702409,1.4306,1.1733435,0.9476287,1.1878238,0.76117057,0.8752549,1.2443984,0.7850853,1.0894266,0.76424587,0.69147885,0.9569908,1.2855215,1.0860797,1.0013417,1.249022,1.0880892,0.6577083,1.0462031,0.87627995,1.070013,0.577234,0.664024,1.2508311,0.9483878,0.6015605,1.072063,0.46105492,1.3062235,1.0209192,1.1797533,0.9538982,0.92529064,1.2592815,1.3591615,1.1366917,1.4384241,1.2798922,1.097712,1.1897094,0.8905615,0.8286153,0.52096856,0.44333678,1.1843199,1.4002866,1.333209,1.3387185,1.217546,1.2296304,1.1776361,1.3461666,1.1547737,0.9487678,0.9083534,1.343054,1.1007867,1.2464265,0.8078006,0.45316094,1.0507205,0.6244443,1.3485405,0.5668962,1.0765034,0.87121904,1.3526161,1.3258281,0.96430534,1.3435891,0.6992284,0.8342899,0.475128,0.76473737,1.436908,1.0666202,1.2981081,1.02666,1.3931646,1.2962096,1.262031,0.83159614,1.0924556,1.2439061,1.2958717,0.74955547
ball,1.2137581,0.41029394,1.1419003,0.0,0.6711174,0.8088772,1.1008912,1.2343627,1.241047,1.0016634,1.3814964,0.98085904,1.1837031,1.1843926,1.1060748,1.023192,0.89726675,0.85615706,1.1515813,0.73215884,1.2766771,0.92972374,1.1053946,0.9878597,0.78229004,1.125037,0.8208154,0.836532,1.3201759,1.1204585,1.079087,1.1333452,1.3464112,1.1454964,0.74894595,1.2676826,0.7996365,0.8845409,1.1329107,0.99544585,1.3484716,1.2179563,0.87584084,0.81045055,0.25923014,1.1206622,1.0158453,0.78012383,0.91826564,1.1165758,1.0302051,1.0099953,0.6727057,1.1871185,0.92866987,0.9495088,0.6141366,1.0538747,1.0442053,0.8704024,1.1379753,1.2405336,0.87643504,1.1968501,0.9925774,1.3974824,0.9879557,0.7129178,0.85938215,1.002398,0.73131764,0.6029146,0.9500545,1.0232441,0.8626472,0.45582384,1.3747545,1.1381719,1.2129216,1.2851084,1.1010805,0.82512283,0.88438743,0.77753454,1.0480188,0.92481995,1.1773989,0.93732625,1.0403484,0.6756232,1.2087257,1.0645074,1.2822233,1.0177835,1.0225847,1.1563954,1.0136592,1.2106915,0.8883933,1.2501626,1.1416888,1.0859016,0.8962977,0.76203185,0.981208,0.97186667,1.018597,1.3169838,1.1730906,1.1757348,0.70509607,0.87774247,0.89490455,0.93629533,0.9730141,0.5810275,0.9902225,1.1676078,1.0813116,1.1919807,0.7519796,1.3032987
balloon,1.319145,0.89748514,1.2595192,0.6711174,0.0,0.9834051,1.1125449,1.195617,1.2474865,1.0326606,1.3533118,1.1509618,1.182353,1.2401805,1.0489966,0.9696476,0.8125795,0.7797153,1.1089756,0.7297096,1.0314479,0.84855735,0.89397603,0.8250811,1.1010439,1.1396471,0.85695744,0.64582884,1.246677,1.0395131,0.98816496,1.0426546,1.2854779,1.0644975,0.8700062,1.1144696,0.7271527,0.8964455,1.0981103,0.8110088,1.0195844,1.0618539,0.7889229,1.190452,0.81766015,1.1839086,1.1537552,1.0860119,0.85095227,0.8596699,1.2031903,0.8415115,0.9344616,1.1780119,1.0348608,1.103535,0.9643738,1.2701709,1.1881087,0.96379817,1.058325,1.1854538,0.8899101,1.3692265,0.85998976,0.99583954,0.39793938,1.1240319,1.1055642,0.72386104,0.806625,0.92266583,0.8622526,0.8360786,1.019194,0.9271145,1.0641428,1.0995759,1.2162304,1.325932,0.9571074,0.8697914,0.9268891,0.8948724,1.0162516,0.8807692,0.83149886,0.8839249,0.89647734,0.98866993,1.1949658,0.93032014,0.9417797,0.7695148,1.0790185,1.268543,1.0603685,1.2923502,0.7807108,1.0413789,1.0133038,1.1580147,0.9934534,0.77659106,1.1040778,0.83966047,0.9957433,1.2553756,1.2389853,1.150631,0.76135206,1.1029165,0.8742694,0.9601409,0.88930213,0.85021895,0.9664646,1.026975,0.85470784,1.0084428,0.6490046,1.0310191
banana,1.1421597,0.7977812,1.2063501,0.8088772,0.9834051,0.0,1.0550107,1.2631618,1.3026686,0.8290936,1.2127957,0.92744476,1.1552907,1.2462051,1.1873003,0.9108064,0.8769802,0.8211481,1.1106936,0.7288356,1.0683455,1.023268,0.9631537,1.0402812,0.90989983,1.1419799,0.7782079,0.8694506,1.3016032,1.0356703,0.90004206,1.0270567,1.2373631,1.118418,0.6258857,1.2191261,0.87685513,0.99226576,1.1223756,0.95405465,1.2778442,1.137328,0.84034336,1.0059848,0.82179296,1.1597269,1.0959061,0.8425448,0.8660545,0.88992506,0.86597806,0.837562,0.7475441,1.1146197,0.9350464,1.0541548,0.7273322,1.1450444,1.074359,0.94206774,1.1041884,1.2121308,1.0320195,1.1530432,0.66054976,1.1276526,1.138594,0.6082575,1.0282556,1.0754956,0.75914204,0.8810139,0.80726385,0.93933815,0.9369055,0.76467663,1.2384061,1.1319201,1.3029373,1.1432978,0.98440486,0.76494217,0.74114,0.7290288,0.84764993,0.99714136,0.9983151,0.7062551,1.0407917,0.8913505,1.1892158,0.98923254,1.1414688,1.0003216,1.1195676,1.2223839,1.0120991,1.2275243,0.90711486,1.2611191,0.9645515,1.1454685,0.8292993,0.8102911,1.045395,0.61549675,1.1785063,1.1220105,1.185902,1.1638556,0.7689835,0.8949504,0.81444883,0.88394904,0.83101517,0.6926078,0.82052064,1.1922963,1.093465,0.90418047,0.8236728,1.2767957
basket,0.8981986,1.2500793,1.0182765,1.1008912,1.1125449,1.0550107,0.0,0.8746129,0.7633755,1.228239,0.776653,0.7701587,1.0224339,0.75123394,0.93770933,0.84477705,1.1714202,0.9558808,0.479214,1.214229,0.936812,0.6443662,1.1439004,1.0761275,1.2213534,0.9771507,1.0149287,1.2414879,0.77111673,0.9946387,1.1605719,0.9437306,0.8166764,0.9864164,1.2375562,0.57930624,1.0191711,0.5516535,0.9887084,0.86354244,0.917531,0.7796204,1.1480165,1.2069366,1.2287703,1.047656,1.0163562,1.3172736,1.3181663,1.0017483,1.1591798,1.1099648,0.91196334,0.9693379,1.2264122,0.908328,0.7826076,1.1418558,1.070769,1.3831847,0.9927941,1.0573392,0.7357797,0.94745636,0.94524676,0.74732876,1.0921053,1.1577755,0.95245564,1.0103754,1.1602501,1.3548118,1.0812539,1.1528774,1.1698643,1.2747632,0.9169624,0.8743863,0.92320967,1.0263547,1.0127583,1.2790343,1.1776285,1.2734697,1.0920708,1.119303,0.9851908,0.8902222,0.988642,0.9056498,0.454095,0.93196714,1.0470189,1.0733991,0.7762712,1.0262793,0.7520302,0.9478464,1.1231372,0.92658436,1.0666702,0.9280174,1.2509141,1.246967,0.8695654,0.98057395,0.9598322,0.7905869,1.0306398,0.77012354,0.92300117,1.3109264,1.2759167,0.89856756,1.0832682,0.64722013,0.90195465,0.98589855,0.997958,1.1645246,1.3303311,0.9687806
bathtub,0.6132859,1.3942409,0.56630015,1.2343627,1.195617,1.2631618,0.8746129,0.0,0.3291427,1.2546117,0.58666563,0.7907784,0.72112113,0.51258576,0.63247824,1.1683292,1.4743387,1.2623507,0.8153142,1.4835262,1.056797,1.0650512,1.3020914,1.166126,1.2254381,0.8464271,1.1740242,1.3538117,0.51849234,1.1414022,1.2024784,0.87232995,0.49547505,0.7165623,1.4150113,0.6894661,1.4047952,1.0053437,0.9590682,1.2071915,0.6683389,0.63195455,1.1927217,1.0600722,1.2966624,0.6269427,0.84777176,1.2903266,1.3345735,1.1872412,1.2602717,1.1931025,1.1900973,0.85192275,1.2035073,1.0464131,1.1851511,0.8011892,0.9222478,1.3460038,0.81885684,0.759384,1.0725261,0.6268072,1.2222874,0.95062673,1.0079451,1.035028,1.0200077,1.1964738,1.4823136,1.3384062,1.4031746,1.3490605,1.28602,1.3786116,0.6987467,0.85388356,0.557221,0.6103655,1.1132541,1.3708854,1.3144735,1.468313,1.2388769,1.2801577,1.2218151,1.2290014,1.181244,1.0672582,0.8944346,1.1376284,1.0452404,1.2491897,0.5441329,0.50059843,0.9419977,0.6038696,1.3582553,0.36257058,0.73522913,0.6762663,1.3671517,1.4135408,1.0703825,1.2810497,0.7297035,0.8705437,0.48395395,0.56671244,1.2804921,1.398868,1.3993791,0.90249026,1.3835976,1.2672057,1.2373306,0.72063696,0.940099,1.3131142,1.3690348,0.6520339
bed,0.4541219,1.4118166,0.59130275,1.241047,1.2474865,1.3026686,0.7633755,0.3291427,0.0,1.3606129,0.4485054,0.6897998,0.6743194,0.2677933,0.71290356,1.0627451,1.5365145,1.3406315,0.7135466,1.4716914,1.0209476,1.181661,1.4694644,1.2261862,1.2919669,0.77677554,1.1661408,1.4751049,0.38862264,1.1459044,1.2995287,0.84112656,0.35769564,0.7181232,1.5045928,0.4437794,1.4926517,0.9605901,0.88329554,1.1154389,0.79384637,0.754521,1.254546,1.0371029,1.3313686,0.55745864,0.7638268,1.3692807,1.4296081,1.1005131,1.2219899,1.3127685,1.0528313,0.8003597,1.2572448,0.98237216,1.1265155,0.7889961,0.94919246,1.4344056,0.73274416,0.74426746,1.0614221,0.59161866,1.2525051,0.84028435,1.0839839,1.1277698,0.97272587,1.2093681,1.4835193,1.3989731,1.3978639,1.420738,1.3480432,1.4018302,0.82177114,0.7113887,0.45230418,0.58093154,1.1469022,1.4548032,1.3974245,1.481196,1.189338,1.2475414,1.1783056,1.2528218,1.1399052,0.99467725,0.7508578,1.2237558,1.1333115,1.2205378,0.602453,0.4653331,0.9761729,0.6291481,1.4591397,0.5443318,1.0846481,0.656356,1.476693,1.4755807,1.0152842,1.321641,0.76967996,0.81558824,0.4623754,0.40960586,1.3129661,1.4466724,1.4700553,1.0189234,1.3482844,1.1719804,1.1893532,0.70503753,1.0100056,1.3469194,1.4830166,0.6625108
belt,1.3261031,0.580864,1.2486321,1.0016634,1.0326606,0.8290936,1.228239,1.2546117,1.3606129,0.0,1.1195967,1.2018685,1.2595516,1.3398002,1.1729589,0.8043301,0.5761728,0.62553775,1.1989406,0.7986553,1.0383509,0.9712111,0.5029081,0.9105465,0.9218205,1.217245,0.7751576,0.6465159,1.3358836,1.0489582,0.49374843,1.0971224,1.1451409,1.047091,0.32961684,1.3343194,0.74714446,1.2994099,1.2097125,1.0824848,1.1966767,0.96063936,1.0238442,0.9785682,0.8711096,1.2392929,1.1896623,0.8592627,0.42415822,1.0344365,0.7371472,1.0384177,1.0957376,1.3389008,0.7830685,1.2723026,1.0401628,1.1013919,1.2378889,0.29941326,1.1224946,1.1461153,1.2295662,1.0623051,1.0726938,1.1922457,0.935639,0.9045573,1.2649605,1.0455947,0.8015908,0.50678366,0.74832517,0.6072408,0.76021016,0.5242508,0.99213296,1.2381024,1.3941035,1.0423795,0.78809357,0.37382054,0.46346378,0.45173627,0.65050983,0.8826337,1.0789503,0.9880915,1.0665084,1.1264359,1.2421005,0.7317178,0.9907788,1.0745822,1.3783417,1.2259265,1.1186754,1.093321,1.0623052,1.2491295,0.70713836,1.1549491,0.21209383,0.49427587,1.1522914,1.006812,1.3819095,1.0906742,1.2670088,1.3567324,0.88475907,0.71441174,0.41756237,1.1793995,0.7826587,1.1051395,0.8863292,1.1563642,1.1494651,0.62689143,0.4543363,1.1707021
bench,0.61386156,1.4616657,0.68610775,1.3814964,1.3533118,1.2127957,0.776653,0.58666563,0.4485054,1.1195967,0.0,1.0341703,0.8776379,0.61820614,0.8112054,0.94718844,1.3674004,1.1926256,0.6156359,1.4238803,0.71724164,1.0298194,1.0577178,1.1890172,1.1288022,0.7974447,0.80876625,1.3899684,0.60205543,0.948627,0.8655004,0.77427745,0.2729569,0.914375,1.3740487,0.52932125,1.3260685,1.1301072,0.8452501,1.0995263,0.721809,0.48168695,1.17113,1.1013443,1.3521405,0.83140886,1.0204146,1.2537658,1.282542,1.1744332,0.87942946,1.2407571,1.2089584,0.8748177,1.223284,1.0131326,1.2533503,0.94888026,0.96206397,1.3063912,0.9309805,0.77043533,1.0994904,0.6219385,1.2594244,0.61575675,1.1064062,1.1094874,1.0494889,1.1957362,1.3597765,1.3854517,1.1313112,1.2236444,1.2275683,1.3694626,0.6118345,0.979687,0.7322172,0.57709724,0.88770616,1.3144306,1.1942908,1.366173,0.8873501,1.2267349,1.1040208,1.0801013,1.0949575,1.201912,0.7246528,0.92139983,0.8368542,1.230572,0.87966305,0.77746814,0.88531005,0.73742133,1.2856505,0.79143643,0.7096647,0.9409231,1.2022469,1.3780127,0.96267146,1.293647,0.7970967,0.67746615,0.7864819,0.60833335,1.2237481,1.2375296,1.2802875,1.0571842,1.1217628,1.2867211,0.8099699,0.91811895,0.9501947,0.8800048,1.351669,0.7207204
bib,0.6876114,1.1430413,0.9382943,0.98085904,1.1509618,0.92744476,0.7701587,0.7907784,0.6897998,1.2018685,1.0341703,0.0,0.8002293,0.53783214,1.0173999,0.81847996,1.2981977,1.1914456,0.7895802,1.2812856,1.2451384,1.0247185,1.3202147,1.2581929,1.0113342,1.0347414,1.2391098,1.2994115,0.83600485,1.1983826,1.1126379,0.6758378,0.981868,0.8125353,1.1820314,0.8117538,1.236327,0.8031193,1.0871491,1.1215187,1.1225471,0.9573343,1.1586651,1.0332661,1.1416928,0.882933,0.9545745,1.1240048,1.1867892,0.98383546,0.9962608,1.006628,0.81104326,0.75272715,0.9973921,0.8977602,0.55655104,0.9332695,0.73989195,1.260055,0.92746824,1.0003694,0.90147257,0.7479822,1.0844785,1.0610075,1.1388495,0.82937646,0.91074985,1.2318542,1.226722,1.183568,1.1522386,1.103952,0.99319434,1.1765753,1.0930417,0.70056534,0.71996945,0.781986,1.0189279,1.2270166,1.2468175,1.2345934,1.1058178,1.2619944,1.1430448,1.0434712,1.1393512,0.9825314,0.8676882,1.2214245,1.3126088,1.1277764,0.73292303,0.77798927,1.0092168,0.7384629,1.2743491,0.9357139,1.1160877,0.8846484,1.2737532,1.2721697,0.9661346,1.091666,0.84602463,0.8892637,0.8022361,0.83874035,1.0701448,1.0849799,1.2303617,0.7704568,1.1302519,0.7616559,1.1521828,0.9882406,1.1795621,1.3465098,1.2540736,0.99852026
bird,0.5089815,1.2699951,0.6463694,1.1837031,1.182353,1.1552907,1.0224339,0.72112113,0.6743194,1.2595516,0.8776379,0.8002293,0.0,0.6939838,0.904178,1.222944,1.3690554,1.3470576,0.9839459,1.2914131,1.1709808,1.2145231,1.3691375,1.175737,1.0956327,0.7890878,1.3074776,1.2964774,0.7523403,1.0794528,1.1531566,0.8514612,0.8379771,0.8309662,1.3772254,0.82366586,1.3880732,1.071802,0.79677635,1.1849056,1.0116938,0.9583024,1.217403,0.9221981,1.2223129,0.7137073,0.74457306,1.1273798,1.234778,0.920971,1.1258348,1.1443503,0.80013674,0.69093305,1.0349345,0.91012764,0.98658836,0.7376912,0.77223873,1.2600083,0.581316,0.8904738,1.0864955,0.6685757,1.186871,1.0814378,1.1575744,1.0371479,1.0108452,1.1143646,1.2290466,1.2640629,1.3525629,1.2887919,1.1673371,1.3242768,0.9521074,0.77236766,0.7003017,0.72081506,1.2101561,1.3705239,1.3197014,1.3646764,1.1818433,1.2425947,1.0525079,1.2134889,0.8593453,0.92353153,0.90726656,1.2275503,1.145192,0.9714252,0.79863083,0.645205,1.0126313,0.75959647,1.2178385,0.8600148,1.0815687,0.8539698,1.338084,1.3134537,1.0566458,1.2055295,0.7596433,0.8854878,0.6802393,0.8292761,1.3221121,1.1794168,1.244367,1.013989,1.3073559,1.1636815,1.2335217,0.847844,1.06892,1.3068309,1.290343,0.89930624
blanket,0.3940345,1.4225125,0.5787497,1.1843926,1.2401805,1.2462051,0.75123394,0.51258576,0.2677933,1.3398002,0.61820614,0.53783214,0.6939838,0.0,0.72952324,1.0840255,1.4912052,1.3015056,0.829128,1.4084597,1.1597104,1.178587,1.4226388,1.2157698,1.2030743,0.791281,1.2312073,1.4860567,0.62468106,1.1048009,1.2112219,0.8040478,0.5822818,0.78172433,1.4586043,0.62298775,1.4568744,0.94242775,0.8859118,1.1226392,0.9693879,0.8245609,1.1938891,1.0113367,1.2858143,0.6194669,0.9028702,1.2918477,1.2999651,0.9496388,1.1420655,1.2350569,0.9749,0.82375884,1.2205019,0.80838513,1.017257,0.849599,0.8765693,1.4095955,0.8727147,0.74951714,0.9975069,0.5381108,1.2540666,1.0114436,1.1564608,1.0082071,0.83554137,1.1987485,1.4537559,1.3483357,1.2435267,1.3325788,1.2600874,1.416802,0.93523073,0.62530065,0.412247,0.56094146,1.0679648,1.419637,1.3731548,1.4420521,1.0093883,1.2360098,1.059136,1.1927251,1.1211492,1.0767775,0.687884,1.2764086,1.2287096,1.2349873,0.75206643,0.5516637,0.88589394,0.56379616,1.4294386,0.6911557,1.0612813,0.7620977,1.4240737,1.4594162,0.83176684,1.2950621,0.78447044,0.8449933,0.5917518,0.63449347,1.2807436,1.2898068,1.4058057,0.97474706,1.2031515,1.2003481,1.2016883,0.8279242,1.0329909,1.3935765,1.4375213,0.8218623
boat,0.75234085,1.2560931,0.932135,1.1060748,1.0489966,1.1873003,0.93770933,0.63247824,0.71290356,1.1729589,0.8112054,1.0173999,0.904178,0.72952324,0.0,1.003851,1.2765838,1.0671865,0.8646196,1.1431947,1.0739262,1.0507072,1.2096348,0.68840253,1.2015636,0.8973472,1.1167907,1.1937575,0.8017329,1.0849528,1.0577074,0.8642253,0.86843705,0.86416143,1.2569115,0.87260705,1.2374339,0.96332324,0.9416576,1.1753435,0.9066371,0.76196086,1.118118,1.0127571,1.1604768,0.7696626,0.926851,1.2098887,1.0870254,1.0399308,1.2888583,1.1658816,1.024365,0.9908502,1.1983474,0.9558423,1.0551742,0.96350414,1.0032074,1.2512436,0.93922275,1.0576023,0.94969463,0.92930806,1.0703766,1.0297343,0.92629564,1.1287291,0.9815295,1.0180115,1.2531037,1.2363746,1.2242949,1.214733,1.1582476,1.285295,0.87131536,0.93671787,0.80194104,0.97289956,1.0650226,1.1854867,1.167731,1.3222021,1.0637898,1.1074784,1.0213515,1.0478137,0.9954572,1.0681896,0.94227445,0.91482264,1.1371813,1.0829551,0.85037816,0.86814404,0.92098993,0.89870125,1.2401687,0.76169515,0.7998487,0.83614475,1.3012505,1.1811624,1.0084554,1.1261249,0.8943436,1.0050988,0.85951525,0.78715944,1.115642,1.3366092,1.3167504,0.92959905,1.2297182,1.1747755,1.1785822,0.57910275,0.43976396,1.3209449,1.2614739,0.6530421
book,1.2033671,1.0216254,1.3360884,1.023192,0.9696476,0.9108064,0.84477705,1.1683292,1.0627451,0.8043301,0.94718844,0.81847996,1.222944,1.0840255,1.003851,0.0,0.9513751,0.7957309,0.48890352,0.95711094,1.0010684,0.82654166,0.82291317,0.90338045,1.1187851,1.1850483,0.7936186,0.85323083,0.9624085,0.9725766,0.85209596,0.7906138,1.046016,0.92621106,0.78054893,0.9775687,0.82758194,0.8608779,1.202695,0.9402772,1.0712444,0.7068925,0.90853447,1.2179343,1.069036,1.2403011,1.1706496,1.1300194,0.9786791,1.020381,0.9194827,0.92740804,1.0300722,1.1247101,1.1116787,1.1256953,0.76179266,1.2911279,1.1006086,1.0042839,1.0079767,1.2114964,0.99033785,1.2063257,0.87577283,0.7908876,0.98904836,1.0903398,1.1044018,0.9420814,0.9873199,1.0875816,0.60426325,0.9706606,1.0364169,1.0073159,0.83760107,1.1603962,1.2408028,1.2258571,0.3592739,0.7624019,0.7633673,0.95206225,0.78883064,0.90707296,1.004058,0.7303951,1.0200005,1.0647267,0.942068,0.65909696,0.88738084,1.0533916,1.0768154,1.2816253,0.94860035,1.112216,1.0118403,1.1743798,0.7261741,1.160176,0.9033873,0.9077946,1.0363892,0.8875661,1.1899192,0.9837959,1.2626381,1.0755078,0.7524049,1.1560924,0.96638286,0.8511107,0.6269929,0.7306824,0.7570721,1.1303513,0.90636677,0.9636294,1.0486925,1.1080983
bottle,1.5343326,0.5449611,1.3958935,0.89726675,0.8125795,0.8769802,1.1714202,1.4743387,1.5365145,0.5761728,1.3674004,1.2981977,1.3690554,1.4912052,1.2765838,0.9513751,0.0,0.5032306,1.2050896,0.5979087,0.981656,0.70261383,0.38994217,0.73390174,0.991736,1.2668334,0.60286415,0.40891647,1.3732563,0.8224483,0.814044,1.2602174,1.3184135,1.2309539,0.41094673,1.3413832,0.20606369,1.1156125,1.1966674,0.92506427,1.099103,1.3054843,0.6967274,1.1372662,0.8417847,1.2995617,1.3094037,0.9872684,0.4706471,0.7983011,0.9833601,0.89179707,1.1326394,1.3424819,1.0170354,1.2098279,1.0707016,1.3398776,1.4211802,0.41265392,1.2033896,1.1488582,0.76496047,1.48684,0.905467,1.085358,0.85015094,1.1662121,1.2150067,0.7821014,0.48733306,0.51937556,0.5503211,0.81402785,0.998145,0.6213062,0.969913,1.2891688,1.4144118,1.3809035,0.93165874,0.43569326,0.6088933,0.31585926,0.8032775,0.68805146,0.8098227,0.85335726,1.0123832,1.1310956,1.1486071,0.7953454,0.7852018,0.9168358,1.2950306,1.4604149,1.1407216,1.3956251,0.67180145,1.3018559,0.94978076,1.2207644,0.3909998,0.2777608,1.1416926,0.8245468,1.344509,1.1386735,1.4582326,1.284323,0.75032526,0.8591565,0.40155017,1.1731586,0.5734057,0.8239064,0.71831584,1.1805295,1.0172707,0.4954357,0.41632652,1.2285895
bowl,1.3898289,0.7813598,1.4525723,0.85615706,0.7797153,0.8211481,0.9558808,1.2623507,1.3406315,0.62553775,1.1926256,1.1914456,1.3470576,1.3015056,1.0671865,0.7957309,0.5032306,0.0,1.0437654,0.61891884,1.0678093,0.4381793,0.5807168,0.85169077,1.1317933,1.2185137,0.56635076,0.65963435,1.3377832,1.0106848,0.70329297,1.2822928,1.1785867,1.1261662,0.6210501,1.1950649,0.28486097,0.6989448,1.1783926,0.9522432,1.2269145,1.0229537,0.8455318,1.2702665,0.9042787,1.3198856,1.3593061,1.088353,0.63980085,1.0080168,1.0779598,0.6637984,1.0993432,1.3402284,1.0900545,1.167833,1.0297654,1.4401448,1.3082248,0.70079744,1.1838504,1.3290608,0.7556037,1.4298496,0.61813223,1.0913842,0.8644436,1.1238222,1.1484077,0.88486886,0.7221426,0.79454124,0.6586723,0.87144375,1.0489612,0.7701745,0.9197897,1.2100339,1.4216447,1.4255996,0.8740386,0.58329517,0.6410124,0.61727303,0.791452,0.7472124,0.99116313,0.52668333,0.9469734,1.0877773,1.1525936,0.7449055,0.8903975,0.9818456,1.2415552,1.4282082,0.9600965,1.3135707,0.80956465,1.2324953,0.70822906,1.1398437,0.56539905,0.5480245,1.0651011,0.56834793,1.1708801,1.3062308,1.4252971,1.037502,0.31620133,1.0295897,0.71567637,0.9259252,0.71541107,0.83416754,0.75888395,1.2307879,0.9666226,0.8937229,0.7240486,1.2786036
box,0.94255954,1.3230559,1.0113032,1.1515813,1.1089756,1.1106936,0.479214,0.8153142,0.7135466,1.1989406,0.6156359,0.7895802,0.9839459,0.829128,0.8646196,0.48890352,1.2050896,1.0437654,0.0,1.2651275,0.9737395,0.64024055,1.0327531,1.0756649,1.2048234,0.98204035,1.0137074,1.248271,0.6018498,0.977695,1.0645773,0.8114509,0.6890775,0.9439011,1.2953688,0.66891,1.0033765,0.6826412,1.0170302,0.9865018,0.77512026,0.49056393,1.0922787,1.2135931,1.2571845,1.0227139,0.97297245,1.3236074,1.3194447,1.097531,1.0372722,1.1833177,1.0272284,0.9233274,1.2730764,0.9397792,0.8092773,1.1332567,1.014082,1.3700607,0.9322592,1.0473356,0.76267886,0.9802499,1.1002872,0.70433235,1.033438,1.1756492,0.989388,1.061471,1.2513503,1.3902049,1.0412875,1.2506057,1.1796778,1.3228176,0.62605244,0.9781146,0.8997555,0.97397006,0.7061872,1.255442,1.198828,1.338712,1.0349901,1.0730765,1.0911777,0.9397448,1.0469537,0.9721797,0.56902647,0.70499563,0.91332555,1.1384364,0.8036971,1.0345045,0.77668077,0.9709072,1.2502351,0.86964065,0.8266399,0.9742014,1.2465739,1.2279171,0.93735754,1.1547139,0.92104197,0.7531114,0.98898774,0.76888466,0.9816229,1.3871288,1.3287342,0.920523,1.0444633,0.71981883,0.9205741,0.9514926,0.9012906,1.1372428,1.4010608,0.8955429
bread,1.3923433,0.6303378,1.3872344,0.73215884,0.7297096,0.7288356,1.214229,1.4835262,1.4716914,0.7986553,1.4238803,1.2812856,1.2914131,1.4084597,1.1431947,0.95711094,0.5979087,0.61891884,1.2651275,0.0,0.9988891,0.9960973,0.7810349,0.7542082,0.9965617,1.1451911,0.74824154,0.6232765,1.4287573,0.9233688,0.8361082,1.318124,1.4098595,1.1604655,0.626678,1.3532927,0.6288102,1.0203142,1.1235385,0.84760725,1.1875957,1.278363,0.83083487,1.1196622,0.7961647,1.2317644,1.1590695,0.9364215,0.6431528,0.8387407,1.062175,0.86078036,0.95083,1.3335751,0.9373549,1.1798742,1.030132,1.2591242,1.2830127,0.65403914,1.195467,1.2325999,1.0878229,1.454702,0.6230212,1.1160858,0.9354782,0.96242464,1.1477898,0.77674115,0.31655192,0.72062147,0.62084633,0.89534515,0.9211024,0.6102742,1.170613,1.2684383,1.4520073,1.4617447,1.0096982,0.57473946,0.69861007,0.45931888,0.81446874,0.37214917,0.81889457,0.63304704,0.87733454,0.9216076,1.2482895,0.89181113,0.90301514,0.76935047,1.3560692,1.4278101,1.1447902,1.367708,0.63986063,1.3314505,1.0580232,1.1254137,0.666092,0.55694795,1.1391008,0.5538223,1.3488576,1.2683287,1.4014618,1.2443565,0.6955141,0.8446958,0.7049093,1.1686786,0.64754283,0.84929734,0.84105325,1.1247445,0.949068,0.85194445,0.6787776,1.2252346
broom,1.1407688,1.2428795,1.0666239,1.2766771,1.0314479,1.0683455,0.936812,1.056797,1.0209476,1.0383509,0.71724164,1.2451384,1.1709808,1.1597104,1.0739262,1.0010684,0.981656,1.0678093,0.9737395,0.9988891,0.0,0.95450026,0.6907834,1.0818074,1.0693173,0.9903433,0.84329295,0.8697361,0.8567988,0.86088943,0.77674556,0.9676343,0.8683279,1.057319,0.99662364,0.84264725,1.0190285,1.1022089,0.9387335,0.9343258,0.53744566,0.7580137,0.88010937,1.1743258,1.2163856,1.0817013,1.2053866,1.159759,0.9720681,0.91471136,0.9146936,0.91030765,1.2552669,1.1500027,1.1212044,1.1002289,1.3611666,1.1586497,1.2289283,1.0643429,1.1088611,0.97449994,1.1320828,1.1581979,0.8977057,0.41144323,0.8075911,1.2122731,1.0627737,0.9212823,1.0174567,1.1795803,0.8041945,0.8868278,1.0532763,1.1864612,0.8314121,1.1504588,1.1348643,1.0580146,0.87851304,0.93910074,0.8492179,1.035924,0.87371325,0.98008835,0.6802904,1.0108027,0.90125656,1.1694151,0.8887246,0.91337955,0.5539884,0.8107877,1.0307498,1.2469836,0.98399776,1.1933434,0.7548192,0.9058447,0.8761271,1.0870632,1.0022188,1.1220638,0.9506985,0.9047219,1.0863819,0.8601222,1.2185003,1.0568123,1.1013358,1.0767136,1.0681626,0.96648794,0.81112444,1.219779,0.8691331,1.0395784,0.91903347,0.46474296,0.9832418,0.85057944
bucket,1.2700642,1.0872223,1.2690827,0.92972374,0.84855735,1.023268,0.6443662,1.0650512,1.181661,0.9712111,1.0298194,1.0247185,1.2145231,1.178587,1.0507072,0.82654166,0.70261383,0.4381793,0.64024055,0.9960973,0.95450026,0.0,0.5598457,0.9695416,1.142089,1.155437,0.73153305,0.8151985,1.0271811,0.9571152,0.92371917,1.0850835,1.0440468,1.1499898,0.9515248,0.93450874,0.37515193,0.6261486,1.1266431,0.9704057,0.9027072,0.8253718,0.8706303,1.3207529,1.0564394,1.2347393,1.2624166,1.2595559,0.99448645,1.0451093,1.1584271,0.812569,1.0655464,1.1694146,1.2128367,0.86040705,0.9516494,1.3873421,1.2625206,1.0565546,1.1006565,1.2601142,0.5741161,1.3156251,0.84110487,0.84357864,0.78439087,1.2583948,0.9386599,0.9372566,0.9571925,1.1295298,0.87559557,1.0191069,1.0869457,1.0608443,0.70917183,1.1670315,1.2416757,1.2872543,0.7864736,0.93503994,0.9812569,1.0366856,0.93564326,0.95984083,0.9576792,0.7546358,0.9561908,1.0424528,0.84706473,0.7256334,0.7436838,1.040536,0.8995193,1.370966,0.7346009,1.2324647,0.8510009,1.0373441,0.7171948,1.1229079,0.9233925,0.9037874,0.8095634,0.8490052,0.944716,0.98461556,1.3610432,0.9708244,0.5008365,1.265418,1.0377245,0.75545967,0.9291058,0.7310698,0.83622825,1.1339557,0.9218918,0.92345744,1.0752084,1.0906502
can,1.4759008,0.8714411,1.3381902,1.1053946,0.89397603,0.9631537,1.1439004,1.3020914,1.4694644,0.5029081,1.0577178,1.3202147,1.3691375,1.4226388,1.2096348,0.82291317,0.38994217,0.5807168,1.0327531,0.7810349,0.6907834,0.5598457,0.0,0.9150753,0.8563849,1.2552588,0.59678054,0.4348353,1.278816,0.8117432,0.46549332,1.0855461,1.0939898,1.1910387,0.54566765,1.2538338,0.41971052,1.213745,1.2145649,1.0221928,0.8008987,0.8620271,0.68118006,1.2091812,0.99112,1.3265284,1.3932763,0.99303913,0.54680467,0.91553205,0.85213137,0.85574454,1.3149973,1.3458414,1.0170462,1.2066082,1.3136756,1.3689761,1.3967505,0.59188306,1.2514606,1.1193677,1.0388151,1.3202753,1.0046743,0.8621398,0.7114345,1.1305482,1.172066,0.93567413,0.70397025,0.7707098,0.51396364,0.6961547,0.90215015,0.7731954,0.69228077,1.3627278,1.3636496,1.155375,0.54859304,0.52333987,0.6055248,0.61700094,0.57489187,0.8322176,0.7860966,0.930668,1.0083661,1.2244802,1.1160233,0.65401137,0.50190437,0.9908439,1.3122224,1.4910305,1.1069853,1.2642822,0.7807841,1.1478399,0.5118097,1.2046007,0.47468525,0.60555935,0.9447855,0.94661134,1.3552711,1.035575,1.5070374,1.3730571,0.7990161,0.86123383,0.59374166,1.075144,0.5834948,1.1597732,0.7370676,1.1907138,0.94983095,0.34541476,0.59387404,1.0407342
car,1.1839751,0.8697883,1.2403234,0.9878597,0.8250811,1.0402812,1.0761275,1.166126,1.2261862,0.9105465,1.1890172,1.2581929,1.175737,1.2157698,0.68840253,0.90338045,0.73390174,0.85169077,1.0756649,0.7542082,1.0818074,0.9695416,0.9150753,0.0,1.2006882,1.0829625,0.8631743,0.82972944,1.1713209,0.73185396,1.0025333,1.13849,1.1310995,1.1046685,0.88817036,1.1512066,0.7973895,1.0179857,1.031427,0.7843811,1.0539469,1.180623,0.9166805,1.1538634,0.98045295,1.0823828,1.080787,1.0981593,0.81247276,0.84508914,1.1040499,1.0533113,1.0214976,1.2126034,1.0601844,1.1866342,1.0899422,1.1630045,1.2774926,0.7949678,1.0453246,1.0990956,1.0355742,1.3707578,0.88980144,1.022408,0.9324227,1.2071024,1.2007252,0.5498036,0.8225282,0.92931163,0.73636246,1.0789658,1.0335989,0.9517104,0.99911743,1.0772436,1.2925858,1.3300037,0.9733123,0.82940984,0.9204189,0.80978286,0.8095636,0.80865157,0.8050643,0.920706,0.8497274,1.0641842,1.0779115,0.5538703,0.9175747,0.78218114,1.1706225,1.2868685,1.0399615,1.2595282,0.77280736,1.1099455,0.9570737,1.1277125,0.9084389,0.719193,1.2046231,0.8730929,1.2239059,1.013684,1.2682796,1.177586,0.92581904,1.0798001,0.7793251,1.1676679,0.742331,0.92486584,0.85908073,0.91274196,0.497967,0.96198356,0.8564311,0.98502725
carrot,1.182323,0.6782759,1.0243176,0.78229004,1.1010439,0.90989983,1.2213534,1.2254381,1.2919669,0.9218205,1.1288022,1.0113342,1.0956327,1.2030743,1.2015636,1.1187851,0.991736,1.1317933,1.2048234,0.9965617,1.0693173,1.142089,0.8563849,1.2006882,0.0,1.1522305,1.021258,1.0137209,1.2615921,0.98404175,0.8892084,1.0014826,1.1845362,1.1974267,0.8562021,1.2591815,1.0409584,1.171088,1.1333232,1.0497442,1.1801043,1.1417985,0.948995,0.58794546,0.5636019,1.205262,1.08824,0.41303355,0.92182463,1.1659156,0.65778035,0.9776612,0.9672953,0.91744804,0.7214995,0.77932525,0.91642946,0.89240617,0.6841171,0.90178084,1.1290458,1.0011833,1.0746878,0.83711094,1.1257275,1.1793599,1.1726669,0.55445313,0.7312733,1.1916554,0.9159569,0.6796777,1.0314606,0.73912567,0.5814567,0.54250133,1.2196748,1.1086733,1.006322,0.8732804,0.9844388,0.9114717,0.91186845,0.8475662,0.9547898,1.080798,1.184367,1.1144807,1.180912,0.97005826,1.1770067,1.1284671,1.0958626,1.1232662,1.1720854,1.0134182,1.1370215,0.8717374,0.94000113,1.235708,1.0625162,1.1717271,0.8573477,0.9425245,0.7260179,1.1041167,1.0402664,1.0876604,1.0866542,1.2994595,1.0720404,0.43177378,0.8366131,1.0817603,1.0487163,1.053326,1.0147263,1.1945776,1.1954174,0.8590088,0.79747176,1.193459
cat,0.49621743,1.2774224,0.8855671,1.125037,1.1396471,1.1419799,0.9771507,0.8464271,0.77677554,1.217245,0.7974447,1.0347414,0.7890878,0.791281,0.8973472,1.1850483,1.2668334,1.2185137,0.98204035,1.1451911,0.9903433,1.155437,1.2552588,1.0829625,1.1522305,0.0,1.1738609,1.249138,0.82038367,1.0718883,1.0538754,0.9792242,0.7816241,0.9354813,1.3553174,0.74190134,1.3080227,1.1226835,0.046789825,1.0180328,0.91716087,0.98218375,1.1023759,1.0724337,1.212716,0.68390954,0.81995255,1.2236103,1.1643058,0.999082,1.0933987,1.127952,0.8914878,0.8609807,1.0452676,0.96218246,1.1255448,0.8001703,0.990768,1.1948515,0.8565389,0.9532655,1.0625297,0.8184773,1.1049564,1.014247,1.0746115,1.0761323,0.9828725,1.0568463,1.1219932,1.2894541,1.2255257,1.2172953,1.1268591,1.2742889,1.0071242,0.8600364,0.8849889,0.85277474,1.151668,1.317781,1.252033,1.253664,1.0871434,1.1005758,1.0057367,1.0967662,0.64170694,0.86635184,0.906914,1.1943685,1.1115924,0.791859,0.99738944,0.85678923,0.88846636,0.93660223,1.0650349,0.9351943,1.1231596,0.8218297,1.2171344,1.3016058,1.00862,1.1113224,0.92552763,0.88153934,0.85252947,0.8515011,1.1973187,1.171628,1.2443436,1.1397702,1.1911936,1.1581633,1.1417928,0.9318173,1.031309,1.0312783,1.2681836,0.91867965
chair,1.2579714,0.830881,1.3162631,0.8208154,0.85695744,0.7782079,1.0149287,1.1740242,1.1661408,0.7751576,0.80876625,1.2391098,1.3074776,1.2312073,1.1167907,0.7936186,0.60286415,0.56635076,1.0137074,0.74824154,0.84329295,0.73153305,0.59678054,0.8631743,1.021258,1.1738609,0.0,0.665255,1.2437639,0.7795421,0.70886457,1.1136966,0.8090186,1.2220925,0.6715071,0.9509932,0.5425646,1.1153626,1.1504081,0.907663,1.0365939,0.955656,0.6736074,1.2736185,0.87154174,1.2290179,1.3903174,1.1363089,0.82500947,1.0311025,1.030587,0.87551594,1.0961943,1.3963358,1.1893374,1.2485355,1.1109558,1.4319131,1.3905983,0.7966919,1.1740569,1.0910617,0.9530304,1.3230553,0.8960671,0.7776445,0.8605259,1.0044658,1.1836253,0.92733103,0.6941686,0.8866179,0.573668,0.92613876,1.1272116,0.7374378,0.916314,1.3432807,1.4001274,1.2533809,0.80368656,0.6460483,0.6853389,0.65987325,0.6283785,0.85752463,0.9768601,0.7599789,0.9953717,1.1307359,1.0048774,0.71840024,0.69608134,1.011188,1.1849735,1.4014568,1.0524659,1.2423021,0.7320266,1.2006681,0.7063279,1.1153665,0.7162735,0.7350945,1.0718232,0.83714515,1.2397103,0.9908592,1.378448,1.0565411,0.6868048,1.0720007,0.77721167,1.0232583,0.6367165,0.82294166,0.5208931,1.275454,0.91421634,0.5647718,0.76897585,1.1473727
clock,1.5212928,0.67477405,1.3827469,0.836532,0.64582884,0.8694506,1.2414879,1.3538117,1.4751049,0.6465159,1.3899684,1.2994115,1.2964774,1.4860567,1.1937575,0.85323083,0.40891647,0.65963435,1.248271,0.6232765,0.8697361,0.8151985,0.4348353,0.82972944,1.0137209,1.249138,0.665255,0.0,1.3745197,1.0213314,0.70028186,1.151304,1.3252299,1.0060679,0.48466897,1.3203294,0.49491656,1.1147594,1.2053834,1.0420702,0.97474146,1.1183038,0.6851471,1.1388063,0.85397995,1.309478,1.2183468,1.0077397,0.62249035,0.8085971,1.0161031,0.8247091,1.0957241,1.3549914,0.9404903,1.2807506,1.1770821,1.2787805,1.3988206,0.5618054,1.1049039,1.2353911,1.0769447,1.4777908,0.880843,1.044069,0.61371547,1.1647196,1.2271074,0.76526064,0.50162363,0.66963536,0.5391583,0.7414988,0.96756333,0.69180536,1.0244479,1.2931187,1.4292581,1.3633052,0.7501265,0.48100448,0.5562842,0.53324765,0.7443501,0.7891871,0.78712916,0.85612345,1.0160214,1.0505979,1.2567519,0.8383668,0.84785235,0.8846503,1.1949292,1.4213715,1.1294612,1.3939124,0.67769516,1.1534752,0.80567634,1.1501563,0.5432484,0.5018043,1.1469172,0.82804835,1.268657,1.251898,1.4057405,1.3458174,0.72644585,0.92828876,0.5565487,1.0457904,0.5557716,0.94905436,0.9260045,1.1254817,0.95561665,0.63344836,0.4580136,1.1847271
closet,0.6839557,1.4423772,0.68133986,1.3201759,1.246677,1.3016032,0.77111673,0.51849234,0.38862264,1.3358836,0.60205543,0.83600485,0.7523403,0.62468106,0.8017329,0.9624085,1.3732563,1.3377832,0.6018498,1.4287573,0.8567988,1.0271811,1.278816,1.1713209,1.2615921,0.82038367,1.2437639,1.3745197,0.0,1.0340568,1.2611442,0.774607,0.61975276,0.7680358,1.4336756,0.54481107,1.3652376,0.9436186,0.8719855,1.129096,0.61278605,0.66042745,1.1989657,1.0839063,1.351733,0.703262,0.8124985,1.3088379,1.4141482,1.0192199,1.1780088,1.198324,1.1553642,0.7230954,1.2009306,1.0036457,1.1071613,0.79730976,0.94730735,1.3925902,0.820641,0.80587137,0.9969978,0.7518599,1.1813703,0.6093198,1.0452399,1.2157793,0.98679066,1.0940825,1.4448256,1.4163573,1.3537203,1.3188424,1.2586145,1.456042,0.6654682,0.8675606,0.6549982,0.7400744,1.056121,1.3390641,1.3207186,1.4740622,1.3183614,1.1654518,1.0104042,1.1889367,1.1073761,1.0808498,0.70966876,1.1183647,0.88612545,1.139412,0.671574,0.67266893,0.9454772,0.7702992,1.241699,0.55266356,1.0439144,0.776953,1.4507494,1.4163117,1.0374955,1.2484823,0.805732,0.73130924,0.6466254,0.5895653,1.2968259,1.4031974,1.4072188,0.9685543,1.3113244,1.160239,1.1066808,0.77778304,0.9496607,1.1370069,1.4242926,0.6866237
coat,1.1368175,0.9961312,1.0766277,1.1204585,1.0395131,1.0356703,0.9946387,1.1414022,1.1459044,1.0489582,0.948627,1.1983826,1.0794528,1.1048009,1.0849528,0.9725766,0.8224483,1.0106848,0.977695,0.9233688,0.86088943,0.9571152,0.8117432,0.73185396,0.98404175,1.0718883,0.7795421,1.0213314,1.0340568,0.0,1.0145969,1.178932,0.9690345,1.1032637,1.0141155,0.9761419,0.9074868,1.1064832,1.0341396,0.7046181,0.89367133,1.1325303,0.8809617,1.0988357,1.0380996,1.1134062,1.1817929,1.0552864,1.0055884,0.95632255,0.99409443,1.0897509,1.063417,1.142213,1.0491472,1.0861151,1.1916989,1.1636612,1.1994059,0.9689954,1.101488,0.5345634,1.0549811,1.1788183,1.0397756,0.77363765,1.1661638,1.1291713,1.1077185,0.8403357,0.8936417,1.0316815,0.80021095,1.0274942,1.1094131,1.01197,0.9514449,1.1174947,1.0781176,1.0813267,0.96967685,1.0044508,0.9888353,0.9440814,0.8890073,0.9539263,0.85619783,1.0784549,0.90192705,1.0304934,0.63195217,0.71606565,0.69455683,0.8585499,1.1698864,1.1877,1.0653704,1.1021069,0.76635075,1.0034331,1.0705376,1.0622606,0.94609094,0.92512965,1.06191,1.0382497,1.2056632,0.60836303,1.2091764,1.2147956,1.0024991,1.0069714,0.92773616,1.2018917,0.82671916,0.9573473,0.75616604,1.0931894,0.85847044,0.6242509,0.97828287,1.0144424
coffee,1.1649249,0.97254896,1.2685829,1.079087,0.98816496,0.90004206,1.1605719,1.2024784,1.2995287,0.49374843,0.8655004,1.1126379,1.1531566,1.2112219,1.0577074,0.85209596,0.814044,0.70329297,1.0645773,0.8361082,0.77674556,0.92371917,0.46549332,1.0025333,0.8892084,1.0538754,0.70886457,0.70028186,1.2611442,1.0145969,0.0,0.94063735,1.0133424,0.98520523,0.73475546,1.1082088,0.8408648,1.2627687,1.0510765,1.0527748,1.0214536,0.7283931,0.8907737,1.1547652,1.0183588,1.2797052,1.2296555,1.0332181,0.57601285,0.93579215,0.71876514,0.92842025,1.0779892,1.1843251,0.94012094,1.2513582,1.1634811,1.1194494,1.1739583,0.65068483,1.1694512,1.1184325,1.1602563,1.1166222,1.085734,1.0054499,0.83721316,0.9105412,1.2238982,1.0635096,0.8292265,0.9109118,0.6824138,0.70853215,0.8495585,0.83305657,0.883723,1.2155732,1.2956176,1.0183804,0.6730212,0.6875804,0.70762074,0.743955,0.46335536,0.9541146,0.9081319,0.87385356,1.023504,1.1452991,1.1493888,0.7621795,0.8334917,0.98689973,1.408936,1.2842829,1.1206657,1.1071004,1.0079465,1.2321186,0.4474209,1.1693088,0.5745729,0.81159544,1.1029634,0.9991001,1.2097454,1.05385,1.3266695,1.2714696,0.91273975,0.8450308,0.73457515,1.1208692,0.73383677,1.2388581,0.7766931,1.1134183,0.9870548,0.6088755,0.7184845,1.027134
