,alligator,ankle,apple,arm,ball,balloon,banana,basket,bathtub,bear,bed,belt,bench,bib,bird,blanket,boat,book,bottle,bowl,box,bread,bucket,butterfly,can,car,carrot,cat,chair,clock,closet,coat,coffee,comb,cookie,corn,couch,cracker,crayon,crib,cup,dish,dog,doll,door,drawer,ear,egg,elephant,face,finger,fish,flower,foot,fork,frog,giraffe,glass,glasses,glove,grass,gum,hair,hand,hat,horse,hose,jacket,jar,jeans,knife,ladder,lamp,leg,meat,melon,milk,mitten,motorcycle,mouth,muffin,nail,napkin,necklace,nose,orange,oven,owl,pajamas,pants,paper,pen,pencil,pickle,pillow,pizza,plant,plate,potato,pumpkin,purse,radio,refrigerator,rock,rooster,sandwich,scissors,shirt,shoe,shorts,shovel,shower,sink,slide,slipper,snow,soap,sock,spoon,sprinkler,stick,strawberry,stroller,sweater,swing,table,tape,toe,tooth,toothbrush,towel,toy,tray,tree,vacuum,watch,window
alligator,0.0,1.2778729,1.3171711,0.7970023,1.2282852,1.1473519,0.8795502,1.1392989,0.8653928,0.8967598,0.68801033,1.2956722,0.9176268,0.83214843,0.85824496,0.9157092,0.81155384,0.8664809,1.2962251,1.314075,0.9485104,1.2273226,1.1883398,0.7578645,1.3456621,0.9901934,1.3443466,0.8576518,1.180527,1.2761352,0.8523074,0.8941568,0.8427822,0.89512485,0.90799665,0.91441214,0.727445,0.73942184,1.3969479,0.76183,1.3643285,0.99385446,0.85872996,0.882005,0.80594516,1.0582166,1.2299851,1.3286483,1.0190098,0.8413626,1.2817708,0.7599675,0.8774202,1.073949,1.3190124,0.72560763,0.8716093,1.0472313,1.1763115,0.9840904,0.87473667,1.2992783,0.8300783,1.0151151,1.2471153,0.89068717,0.7517326,0.75389856,1.0561849,0.8100791,1.1556557,0.9593555,1.1920947,0.7873513,0.94056517,1.1898202,1.0301723,1.1137602,0.89926577,1.1576844,1.0948615,1.3429757,1.2071699,1.2474903,1.0948665,1.326407,0.9021765,0.85286075,0.7878998,0.8627267,0.6778558,1.2841711,1.2794366,1.1530378,1.2245567,1.0254331,0.8962264,1.1021415,1.1949457,1.144187,0.99587834,1.2679043,0.80613834,1.0245497,0.583118,0.99210876,0.8677368,0.75221753,1.0878325,0.8508376,1.1489644,0.7895048,1.0195132,0.82135206,1.3290969,0.807414,1.3315856,1.1951315,1.3392503,0.91567487,1.1050075,1.3507847,1.1033002,0.73291385,0.81306946,0.82516116,1.3248024,1.3582243,1.3636596,1.2355735,1.1346269,1.0730742,0.8630682,0.7511648,1.0016668,1.356907,0.8594148
ankle,1.2778729,0.0,0.8974437,1.0726064,0.741962,0.91503143,1.0647787,0.8186695,1.1488836,1.1337872,1.2420297,1.0447412,1.1619903,1.0187757,1.0494467,0.97544694,1.2953975,1.0714107,0.7250519,0.8582421,1.0949298,0.7406374,0.7403916,1.1132735,0.74937284,1.0822415,0.8454533,1.0921967,0.93192726,0.9193075,1.0498,0.93945086,1.2890545,0.9410109,1.1539915,1.1513236,1.2247745,1.1110492,0.84436035,1.3112242,0.7810538,1.1818117,1.108454,0.8596032,1.0671706,1.1884499,0.97004896,0.94888693,1.0074661,1.1893358,0.67007774,1.08161,0.9862062,0.51098645,0.9386567,1.0207103,1.2380943,1.0694095,0.9848312,0.73889506,1.1904211,0.913533,1.0906837,0.96551096,0.7961584,1.1664213,1.153399,1.1933892,0.8429872,1.0014467,0.9865565,1.0351189,0.85186255,0.9864245,1.0988656,0.8103137,0.7353927,0.7255333,1.1136926,0.99527764,0.8420937,0.8859625,0.6745692,0.88907146,1.0100754,0.95314634,1.2549559,1.0541906,1.1042012,1.0569011,1.2397128,0.9653068,0.9773642,0.9484579,0.66023606,0.9677472,0.96458364,1.0637465,0.81243193,0.6566587,0.85192174,0.9151201,1.2643427,0.89593655,1.1262407,0.8953537,1.2449801,1.1994599,0.62930256,1.1150334,0.89765686,1.0557798,1.216869,1.2630864,0.50648856,1.2467818,0.86132586,0.11358225,0.82900095,1.020103,1.0320683,0.85600734,0.94341177,1.2085673,1.2067602,1.3065784,0.7227479,0.41878653,0.8496118,0.73358953,0.7354978,0.9845603,1.2772548,1.229883,1.0072018,0.8561607,1.0954413
apple,1.3171711,0.8974437,0.0,1.4311785,0.7531389,0.7003866,0.76601934,1.0400962,1.5425841,1.08799,1.529403,0.47565836,1.4074223,1.332161,0.96127623,1.265148,1.3173766,1.1720285,0.42959106,0.8099612,1.2776824,0.8858823,0.9402892,0.9192909,0.6820878,1.1169944,0.4451306,1.0465684,0.95048684,0.31953228,1.2347192,1.1122792,1.3508104,1.1032693,1.1677977,0.8523755,1.423754,1.264684,0.28530174,1.5141218,0.46368623,1.1816547,1.1030499,0.9654895,1.2019509,1.2284617,0.64722013,0.24840379,1.1133904,1.1221657,0.72715664,0.72630155,0.8752565,1.1939758,0.7839643,0.7857822,1.1760025,1.1557813,0.73813677,1.2224805,1.1158128,0.39509004,1.1512418,1.2018865,0.8607956,1.1495084,1.2927823,1.400046,1.1364706,1.4037545,1.0364375,1.1550243,0.6930717,1.306477,1.0994686,0.68754214,1.1683745,1.0189155,1.2799337,0.9089478,0.63930815,0.24925125,1.097784,0.68765867,0.849558,0.2683429,1.3705907,0.9563515,1.4088782,1.2664275,1.4004574,0.7202672,0.7083535,0.60884845,0.7413579,1.0424911,0.95002943,1.0812228,0.58768344,0.8296076,1.18989,0.76253736,1.4094636,0.90890414,0.94276637,1.2445306,1.3260024,1.3688284,1.1297469,1.3067822,0.9985266,1.186377,1.0975177,1.3910978,0.545678,1.2544715,0.15748179,1.1000676,0.6130353,1.2261786,1.086059,0.24606186,0.56713074,1.4408734,1.2249936,1.4442831,0.5649099,0.48279405,0.29921395,0.7094779,1.1125592,0.79173386,1.3433831,1.1172159,1.1799906,0.30720115,1.1960913
arm,0.7970023,1.0726064,1.4311785,0.0,1.3379853,1.1476425,1.0476781,1.3644178,0.64526325,0.8739057,0.54694533,1.3460774,0.8520255,0.70678127,1.2232871,0.8636517,0.7541403,1.0711403,1.479497,1.3783379,0.97302526,1.2431011,1.4010297,1.2429157,1.4251646,1.0767319,1.2615881,1.0638331,1.2343853,1.48139,1.0353559,0.9100486,0.8068324,0.8572185,0.9973076,1.0331856,0.6296689,0.53110045,1.4317527,0.7705983,1.5249269,1.0925319,1.0605484,1.1622051,0.8812913,0.9497157,1.1476643,1.3879719,0.8647234,0.77962434,0.9061264,1.291851,1.2738069,0.7641959,1.2096684,1.361825,0.8093519,0.8975275,1.1098372,0.56882775,0.8255083,1.3281796,0.7489377,0.5270928,1.3147968,0.81926036,0.86907274,0.4691226,1.0149955,0.36471093,1.0986009,1.0766158,1.4531274,0.4579898,1.1081147,1.2019707,1.0350195,1.0127438,0.95110565,0.9541302,1.2823502,1.2854152,1.2283032,1.0694565,0.91926634,1.3636003,0.78606474,1.1512752,0.325109,0.43706244,0.763988,1.2883099,1.2952508,1.2120638,1.3925102,1.1934662,1.1968257,1.0600383,1.1311475,1.178642,1.2300733,1.3757213,0.73324335,1.2452481,1.0858531,0.65814424,0.7971885,0.38103712,1.0030168,0.46342826,1.0767494,0.9422397,0.8778204,0.7824459,1.3450032,0.77460134,1.4694089,0.8541063,1.4101222,0.98486066,1.0954903,1.41501,1.338748,0.34305298,0.9637693,0.6017711,1.4442931,1.2197113,1.3172559,1.2271557,1.1464207,1.4147955,0.88747084,0.91184545,1.2211188,1.3255835,0.91436946
ball,1.2282852,0.741962,0.7531389,1.3379853,0.0,0.5102754,0.97763056,0.6415312,1.2065257,1.0941153,1.3165629,0.9658611,1.2249628,1.0457944,0.8660823,1.0869296,1.1899338,0.92004853,0.63196194,0.7230322,1.021837,0.80810297,0.51146406,0.8679989,0.90132326,0.89877987,0.99068826,0.99522126,1.0434436,0.6311465,1.1972263,1.2058129,1.1235236,1.189144,0.7679641,1.1461325,1.2621422,1.322531,0.8858948,1.1313373,0.6134218,0.8601301,0.9654216,0.8738594,1.3152537,1.1299875,1.1150514,0.7895574,1.1320354,1.1150589,1.0878766,0.96356606,0.86270046,1.069825,1.017004,0.7191936,1.1210706,0.82904714,1.1240109,1.1412537,1.0874525,0.6519904,1.23102,1.1752989,0.7792573,1.1115104,1.1065412,1.3343526,0.9138705,1.3781157,1.0225822,1.2431595,0.63273746,1.300917,1.0070062,0.69026566,0.81127715,0.85098445,0.940456,1.1412144,0.7563585,0.8338228,0.77469236,1.2317216,1.137217,0.7863096,1.2520621,0.81308806,1.3375037,1.414629,1.0456215,0.92035794,0.91414875,0.9304877,0.7906843,0.89079535,0.90361303,0.770854,1.073363,0.75153637,0.89636123,0.8913016,1.2911308,0.80906534,1.022781,1.1130263,1.1899751,1.3482049,0.9885752,1.3594705,0.9752381,1.1636848,0.9425885,1.0401907,0.85539365,1.1682218,0.80515426,0.86644053,0.8355123,0.885073,0.9934192,0.8956644,0.80300236,1.3044032,1.088105,1.1033453,0.39500213,0.8607491,0.96049625,0.88904613,0.8802279,0.45213234,0.88625616,1.1474948,0.9241272,0.973362,1.1806598
balloon,1.1473519,0.91503143,0.7003866,1.1476425,0.5102754,0.0,0.82273006,1.0321573,1.0899999,1.0461693,1.2588644,1.025343,1.2782032,1.0147518,1.1083293,1.1529368,1.086914,1.0603051,0.68508923,0.7881253,1.1096246,0.7910365,0.6154849,0.97389597,1.0443051,1.186014,0.8367669,1.0707371,1.144707,0.8358975,1.1711181,1.1123875,1.140201,1.0664935,0.84760845,1.0374005,1.2037404,1.1944807,0.9548094,1.2421126,0.75800204,0.891014,1.0777725,1.0409366,1.1869546,1.1074575,0.96900487,0.8401865,1.2086833,0.9765702,0.8780322,0.85096747,1.1253757,1.1053789,0.9721398,0.91707987,1.1157516,0.5972514,1.0011543,0.9492239,1.1539825,0.6529463,1.0607923,0.92108494,0.7484622,1.0698843,1.0468829,1.2020882,0.7895957,1.1357005,1.0495197,1.2228005,0.8435663,1.0577769,1.0740658,0.81661344,0.96393543,0.7277076,1.1552265,0.91418576,0.92886853,0.8568987,0.8752481,0.90730405,0.899415,0.8200168,1.1956353,1.0567348,1.0737768,1.1130104,1.0461761,1.0404872,1.0383307,0.89539737,1.1296767,1.051664,1.1317842,0.5515947,0.9377812,0.69438577,1.2266575,1.0981605,1.2032808,0.9929901,1.0771092,0.9468993,0.9829609,1.063542,1.1213607,1.1109684,0.8098651,1.157663,0.7269035,0.97959644,1.0329884,1.1476672,0.8810087,0.9780668,0.78142494,1.074448,1.1141558,0.83192533,0.951945,1.115452,1.0805231,0.947878,0.6267916,0.9381605,0.96772945,0.7348598,0.92734134,0.6250332,0.65828466,1.180634,1.1553109,0.98675275,1.166166
banana,0.8795502,1.0647787,0.76601934,1.0476781,0.97763056,0.82273006,0.0,1.1123619,1.1168079,1.0030488,1.1713132,1.1137657,1.2295942,1.0183579,1.0538882,1.0812467,1.1086158,1.0103037,1.000719,0.94951856,1.1524308,0.8102527,1.0381486,0.7750217,1.1966193,1.225275,0.8505331,1.0804505,1.1358774,0.947518,1.2529758,1.189065,1.1472708,0.9486249,0.84473825,0.85162413,1.1515975,0.8038023,0.9963862,1.183954,1.0571256,0.8396801,1.1015512,0.8751075,1.1709083,1.0562751,0.95787513,1.0288535,1.0988584,1.0286652,0.9101083,0.6302402,1.1349533,1.0666069,1.0160241,0.62584925,0.92976296,1.01734,0.9758681,0.896774,1.2274811,0.87826896,1.06771,0.96183646,0.9077249,1.1315295,0.9500691,1.1729422,1.0465972,1.0695392,1.080561,1.0760915,1.0125571,1.0060613,0.8243548,0.6615458,1.0875243,0.79425055,1.1263262,0.9285109,0.787147,1.0621085,1.0338534,0.91541874,0.86541796,1.0141252,1.1338663,0.9677247,1.0918808,1.0567532,0.9737751,1.0610285,1.0582298,0.62865853,1.0541638,0.8815594,1.1567844,0.8996464,0.77573156,0.84076005,1.1472852,1.0655863,1.1860445,1.0677037,0.92265713,0.88607675,0.84275305,1.1303382,1.0982404,1.0537305,1.0325546,1.2485788,1.0167282,0.9451742,1.0164104,1.1992671,0.8375981,1.0739017,1.0072727,0.93102443,1.096121,0.9302908,1.0094116,1.1604662,1.0115824,1.060744,0.80058396,0.99451166,0.96706086,0.85940117,0.9378217,0.7391242,0.92647153,1.1569219,1.1752,0.9896198,1.2590019
basket,1.1392989,0.8186695,1.0400962,1.3644178,0.6415312,1.0321573,1.1123619,0.0,1.0657898,1.0520862,1.239755,1.016487,0.8714433,1.0614784,0.7797083,0.86491525,1.1565183,0.8758974,0.8135189,0.49081147,0.91104645,0.72149134,0.40525377,0.7355066,0.69887733,0.81948614,1.0790507,1.0172808,0.8529866,0.8815701,1.0547673,1.1301425,1.0285589,0.8535681,0.9416666,1.1586155,1.2146426,1.2069356,0.96517235,0.95869505,0.6019368,0.85400915,0.96499246,0.9613607,1.2243762,1.0710971,1.2048634,1.0205282,1.0953878,1.2751274,1.2212267,0.9602072,0.73951346,1.0391811,0.9509142,0.7669648,1.1616501,0.94165903,1.2330623,1.185883,1.1544423,0.95088965,1.3235339,1.2902695,0.70951974,1.1826587,1.0379453,1.3273528,0.89717054,1.3558357,0.9747973,0.9261193,0.76227856,1.2836285,0.78898704,0.681129,0.8233368,0.92599577,0.9839061,1.1255827,0.8963542,1.0824857,0.57042897,1.2958629,1.2961226,1.0227575,1.0401988,0.83206207,1.3363276,1.4613217,1.0827963,0.89733243,0.8899195,1.0113182,0.69798136,0.6804787,0.77073103,0.8248859,1.2238984,0.8824033,0.45736635,0.70468175,1.107268,0.80565107,1.0374072,1.1748796,1.1572381,1.3307168,0.7986881,1.3241981,0.8930463,1.1276915,1.0912099,1.0719181,0.801502,1.2186284,0.96550226,0.8677833,0.819412,0.8798857,0.89007235,0.98798394,0.8923472,1.3103532,1.0070933,1.1720024,0.5976056,1.004063,1.1534681,0.95515114,0.69844687,0.7201498,0.9096613,1.1114862,0.83107966,1.1103574,1.1368699
bathtub,0.8653928,1.1488836,1.5425841,0.64526325,1.2065257,1.0899999,1.1168079,1.0657898,0.0,0.9396362,0.3671894,1.3464601,0.5224037,0.7496889,1.202659,0.8937359,0.4652338,0.9369558,1.5106236,0.95297563,0.62532574,1.1215757,0.99956524,1.2461097,1.0881631,1.000624,1.3424683,1.0529842,0.8411754,1.5470812,0.76329803,1.1159828,0.5941179,0.87797785,0.97694105,0.9178965,0.6141887,0.8358901,1.5281594,0.43398345,1.3005253,0.7075442,1.033174,1.2317419,0.75441754,0.6320174,1.3505243,1.4878886,1.0352548,0.9517265,1.2661084,1.3017808,1.2919103,1.0188708,1.1884522,1.3716062,0.90907586,0.6498203,1.293714,0.95872784,0.8586112,1.3729832,0.9367913,0.9072456,1.0899578,1.0234737,0.77620494,0.74774003,0.86296904,0.65506727,1.074788,0.9099078,1.2137744,0.8138826,1.0103157,1.1689653,0.93158567,1.0517471,0.7796223,1.137532,1.4229401,1.4450355,0.93962973,1.2938439,1.1803184,1.4652709,0.4648816,1.1922773,0.659359,0.72065103,0.64477074,1.3427496,1.3542416,1.2911627,1.3471426,1.0538422,1.1630428,0.5863649,1.3489106,1.2312334,0.9858114,1.1814883,0.43284607,1.2045112,1.2186213,0.7592747,0.6226289,0.7263793,1.1248617,0.7086051,1.1296089,0.69899285,0.3865142,0.5841309,1.4593278,0.6684059,1.5004988,0.99081117,1.2124784,0.8899629,1.1033202,1.5353812,1.4035997,0.6743152,0.9098388,0.38013387,1.2717496,1.5005425,1.4790624,1.208564,0.9590564,1.2209997,0.488738,0.9655949,1.0581934,1.4630003,0.833384
bear,0.8967598,1.1337872,1.08799,0.8739057,1.0941153,1.0461693,1.0030488,1.0520862,0.9396362,0.0,0.73816335,1.0874162,0.976483,0.845017,0.94064915,0.79990023,0.95117867,1.0643386,1.2647446,1.1713006,1.1515554,1.0850186,1.1324309,0.96261,1.2396984,1.0745817,1.0504549,0.9015337,1.0704305,1.1213833,1.083149,0.95113975,0.91370034,0.91549385,1.0055467,0.8361366,0.86308753,0.8092873,1.1353914,0.9166769,1.2490923,1.0988357,0.85470116,1.0474305,1.0488964,1.1289023,1.0524265,1.0742062,0.69372016,1.0140508,1.122322,0.9782397,1.1430863,1.0483181,1.1494592,1.0480652,0.9285051,1.0710794,1.0865525,0.9998448,0.8929749,1.084597,0.9487741,1.0927651,1.1067866,1.0071726,1.0034485,0.74821365,1.2109689,0.7977952,1.0482031,1.0772228,1.2035841,0.93552786,0.9911971,1.1503539,1.1036496,1.0393984,0.9984681,0.9877167,1.0013934,1.0603387,1.1304563,1.0574343,1.0545541,1.085251,0.9803787,0.93692476,0.76268876,0.8116084,0.9192957,1.088075,1.0929612,1.2115451,1.0965114,1.0199275,1.1523633,1.0906619,1.0764534,1.0801859,1.1051097,1.1624736,0.9048047,0.887694,0.8869723,1.0711313,0.92681336,0.7929571,1.08961,0.7981411,1.1835946,0.9837815,1.0306321,0.9169437,1.1799736,0.8140072,1.0859587,1.1256602,1.2021738,1.0111997,1.0131242,1.1268045,1.1968789,0.8495586,0.9818027,0.8833501,1.2221023,1.176931,1.0843891,1.1991241,1.044309,1.2159489,1.0612804,0.992942,1.2294962,1.0618317,1.0424945
bed,0.68801033,1.2420297,1.529403,0.54694533,1.3165629,1.2588644,1.1713132,1.239755,0.3671894,0.73816335,0.0,1.2616172,0.4649508,0.6178752,1.1816207,0.64972854,0.59475803,0.90799385,1.5940194,1.3516389,0.71783835,1.3226454,1.2910147,1.3143476,1.327827,1.0119065,1.3970915,0.95706934,0.93624616,1.531246,0.611405,0.95046043,0.44890654,0.8933148,0.9613391,0.79574585,0.20818865,0.7253483,1.5464103,0.2958727,1.5631485,1.0223151,0.9529204,1.1112183,0.6908482,0.825724,1.2920766,1.4047844,0.87315446,0.8425429,1.3147519,1.3582101,1.2891034,0.9925907,1.4517735,1.383861,0.8141287,0.9886541,1.252048,0.86295795,0.7247913,1.3779378,0.7805809,0.94461805,1.305394,0.94140446,0.7680119,0.49351227,1.134226,0.46904612,1.2347983,0.8932992,1.4549105,0.6769322,1.1116227,1.2725505,1.0585709,1.1633444,0.69155943,1.1466635,1.3131783,1.3935473,1.2253143,1.2741466,1.1788945,1.3909268,0.665758,1.1630306,0.43330312,0.51597947,0.61611015,1.4784428,1.4780486,1.4140207,1.271673,1.1545097,1.1662431,1.03079,1.2558835,1.3113182,1.0121483,1.2412978,0.5464823,1.1921264,1.1282967,0.8754337,0.70564234,0.4927385,1.168033,0.6139617,1.3246615,0.6610329,0.75286007,0.6066568,1.4984717,0.52109325,1.4971805,1.0811793,1.5021241,0.98797107,1.1728295,1.5208715,1.3524153,0.4516403,0.9051386,0.3546012,1.4706312,1.5005457,1.4051579,1.373414,1.0885961,1.3125429,0.7357929,0.8717716,1.126548,1.4397374,0.7520553
belt,1.2956722,1.0447412,0.47565836,1.3460774,0.9658611,1.025343,1.1137657,1.016487,1.3464601,1.0874162,1.2616172,0.0,1.0916034,1.296435,1.0683258,1.0710782,1.2163277,0.9836145,0.58141595,0.8150519,1.0419413,1.0646136,0.9945376,0.9894178,0.47780973,0.9613192,0.6090765,1.0445647,0.6360065,0.3842364,0.97069424,0.93776417,1.1850867,1.0247542,1.1607087,0.90046984,1.2056913,1.2646143,0.32638937,1.2645488,0.55298465,1.2323438,1.0927838,1.0803436,0.9703687,0.9796803,0.74893004,0.3927194,1.0843098,1.1278609,0.94187,0.82628226,0.936329,1.1327598,0.80553514,0.94486636,1.1452398,1.3252189,0.8531878,1.2020171,1.0864345,0.54679036,1.1003704,1.2757225,0.9523475,1.126649,1.2527771,1.227915,1.2074647,1.2423011,0.98926663,0.9239433,0.6989024,1.2253307,1.1305132,1.044266,1.076512,1.205492,1.1672313,1.0600749,0.8772683,0.459302,1.0951577,0.7540636,1.0935789,0.43594885,1.1121576,1.1306863,1.2638807,1.0981946,1.2429299,0.62505865,0.5920152,0.9031693,0.6000326,1.1207658,0.96894777,1.15339,0.76352525,1.1025133,1.1523365,0.61106855,1.1679362,1.0015578,1.0363073,1.3078465,1.1638699,1.2344327,1.0642288,1.2141185,1.0500042,0.97748655,1.0400146,1.2995359,0.61294717,1.1058971,0.36488485,1.1188221,0.72933173,1.2380621,1.0414886,0.40704465,0.6444346,1.2896557,1.1770531,1.3678937,0.8130872,0.7344197,0.46314323,0.83042336,1.0916252,0.98407435,1.3348914,1.0672792,1.033841,0.4685434,1.0233467
bench,0.9176268,1.1619903,1.4074223,0.8520255,1.2249628,1.2782032,1.2295942,0.8714433,0.5224037,0.976483,0.4649508,1.0916034,0.0,0.992837,1.0202196,0.7760494,0.5977655,0.8530905,1.3362691,1.1092286,0.64382154,1.0717137,1.0419014,1.2048799,0.9131549,0.8474675,1.2950531,0.97160256,0.49631965,1.3368235,0.68702877,0.99440163,0.37221873,0.79618937,1.1161954,0.9627474,0.53323805,0.9196011,1.2625469,0.4529947,1.1815606,1.0184125,0.9376432,1.1299137,0.6363021,0.6116657,1.3407748,1.3133175,1.070084,1.1127445,1.3204169,1.264309,1.087996,1.0486898,1.248759,1.3016429,0.9804051,1.0688411,1.3018099,1.1313576,0.82605994,1.3119073,1.0965426,1.1194159,0.9661825,1.0392027,0.77152514,0.9273452,1.0598145,0.8853001,0.96522295,0.669937,1.0694933,0.92072237,1.0840441,1.147266,1.0085369,1.1172357,0.8446423,1.2136742,1.2554872,1.3453606,0.91822326,1.2943463,1.2989,1.3164244,0.6783977,1.123994,0.8916837,0.9943676,0.84128857,1.1024363,1.1019917,1.2583191,1.0203569,1.0603975,1.0058744,1.0530188,1.3000654,1.2045298,0.6490824,0.9046203,0.66363096,1.0222666,1.1677876,1.0440468,0.8920063,0.90659726,1.0252388,0.9949996,1.0862331,0.714341,0.93536973,0.76611364,1.2227659,0.7642728,1.3333954,1.0168961,1.2391044,0.94090116,0.90185815,1.3303759,1.1695464,0.8906786,0.9363673,0.63696945,1.1990151,1.3815837,1.3633288,1.2642305,0.8402363,1.1579465,0.7991868,0.85362786,0.8576523,1.353044,0.6803875
bib,0.83214843,1.0187757,1.332161,0.70678127,1.0457944,1.0147518,1.0183579,1.0614784,0.7496889,0.845017,0.6178752,1.296435,0.992837,0.0,1.1655159,0.7129647,0.94167155,0.77096343,1.3375788,1.153285,0.870305,1.0937647,0.9969969,1.1164902,1.3153931,1.0075853,1.1662031,1.0411034,1.1859059,1.3683394,0.977033,0.9457632,0.94626814,1.042184,0.92335105,0.93109494,0.7463073,0.92037857,1.416431,0.70848775,1.3613974,0.9326626,1.006821,0.6685632,1.0671114,1.1101832,1.0949833,1.3019042,0.83280027,0.8402647,1.0848874,1.1398817,1.2306503,0.9930671,1.2296675,1.0793719,0.94850695,0.92488325,1.1179354,0.73727655,0.9516518,1.2074503,0.86035824,0.78462875,1.1331569,0.95228225,0.9143379,0.73296165,1.0443239,0.6750659,1.2349304,1.1041756,1.3802221,0.8362859,0.88049597,1.0922694,0.9764752,0.9235633,0.8660415,1.0138067,1.2075856,1.3012618,0.9928511,1.0863106,1.002586,1.2710474,0.893416,1.0195875,0.5233848,0.7377379,0.62107146,1.3654022,1.3698176,1.188859,1.1024381,1.0383755,1.1752855,0.8380215,1.1075108,1.0284193,0.9892955,1.1552484,0.86645067,1.1447467,1.045861,0.822153,0.83855605,0.6585148,1.0559244,0.6515616,1.2377024,1.0100173,0.887092,0.766609,1.3086466,0.8611386,1.4091039,0.9124696,1.3020258,0.96172965,1.162167,1.3065288,1.2344522,0.70785284,0.9642632,0.71207535,1.1555676,1.2716542,1.2684093,1.0714849,0.90352625,1.0019344,0.7847841,1.0178249,1.1467128,1.3181366,1.0049411
bird,0.85824496,1.0494467,0.96127623,1.2232871,0.8660823,1.1083293,1.0538882,0.7797083,1.202659,0.94064915,1.1816207,1.0683258,1.0202196,1.1655159,0.0,0.8706156,0.9222084,1.053801,0.9709099,0.99622643,1.162042,0.93119234,0.9590558,0.73851407,1.0677819,0.7941468,1.170667,0.41132736,0.959175,0.9789518,1.1736585,1.0609968,1.0128529,1.1262761,0.9876561,0.9861485,1.0680366,1.1074262,1.0201232,0.998518,0.93422616,0.9790001,0.37193805,0.8847443,1.2112347,1.0847927,1.2696302,1.059992,1.0037111,1.0892019,1.2519538,0.8984063,0.6392386,0.9919306,1.0380787,0.6584788,0.950726,1.1269562,1.2422522,1.1331837,0.87975603,1.0568472,1.1732512,1.2615665,0.96116364,1.0471754,0.9629707,1.1336465,1.1280478,1.2568934,0.90569687,1.185643,0.8372812,1.1486729,0.9693974,0.87680745,1.0128422,0.99345344,0.9321778,1.211589,0.8889406,1.0888405,0.90334,1.3501529,1.1800258,1.0800838,1.1763321,0.6774426,1.3143996,1.3290675,1.1264999,0.9153076,0.91755354,1.014032,0.8800436,0.8050489,0.72182775,1.0822555,1.1920377,0.94115007,0.7283791,1.0547131,1.188652,0.78342164,0.5659703,1.1302735,1.1068448,1.2482531,0.8707046,1.2313735,1.0513802,1.1239176,1.1668367,1.0149895,0.9070411,0.9545783,1.0013913,1.0999993,0.9582405,0.8536316,0.8634709,1.0539384,0.9272479,1.1798383,0.8945008,1.0888721,0.9264374,1.0380875,1.165194,1.0819899,0.924418,0.8273051,1.0854238,0.8951914,0.77659214,1.1251595,1.0167987
blanket,0.9157092,0.97544694,1.265148,0.8636517,1.0869296,1.1529368,1.0812467,0.86491525,0.8937359,0.79990023,0.64972854,1.0710782,0.7760494,0.7129647,0.8706156,0.0,0.8601256,0.9288552,1.2252864,1.1198266,0.9793453,1.0031687,0.968274,1.0996791,0.9779666,0.8557502,1.2292707,0.83215684,0.86641115,1.2457252,1.0468837,0.9332906,0.8752118,0.7779683,0.98740596,0.8628293,0.6346309,0.85405,1.2391851,0.86739504,1.1744959,1.0929755,0.796,0.9257709,1.1054399,1.0683926,1.2788231,1.2373252,0.795226,1.1738153,1.2655642,1.119376,1.0602865,0.84857714,1.1770469,0.9782141,1.0702,1.1743627,1.2432567,0.64748824,1.0184066,1.1788771,1.0944104,1.1060549,0.9851105,1.1100398,0.8389643,0.9111125,1.1413736,0.77811146,1.1424408,1.0231183,1.2183172,0.952881,0.96242315,1.015007,1.0106356,0.8912974,0.91804165,1.2024767,1.0207608,1.2612764,0.7664056,1.2470287,1.1757096,1.249926,0.98814434,0.9990215,0.7810337,0.9088549,0.9781944,1.189947,1.1854994,1.1536624,0.6737594,0.9058081,1.0445213,1.0454227,1.2023664,0.9726518,0.77686834,1.079992,1.0177128,0.85883003,1.0633358,0.9950499,0.9784053,0.9032848,0.7813927,0.8134245,1.1192029,1.0349,1.0661963,0.87776154,0.91456836,0.94110477,1.2344637,0.86184114,1.1766334,0.95657384,1.0778658,1.2550881,1.0586756,0.91787696,0.8880751,0.9666428,1.1273944,1.1746349,1.3001246,1.1752808,0.5861439,1.0397394,0.9662472,1.0496807,0.96343136,1.2773445,1.0388932
boat,0.81155384,1.2953975,1.3173766,0.7541403,1.1899338,1.086914,1.1086158,1.1565183,0.4652338,0.95117867,0.59475803,1.2163277,0.5977655,0.94167155,0.9222084,0.8601256,0.0,0.9594299,1.4474562,1.2103536,0.84121084,1.2607238,1.158179,1.0839972,1.1907684,0.7784585,1.3259604,0.9484248,0.9317201,1.4004627,0.9190275,1.0093126,0.6671844,0.94677836,0.9341896,0.87631965,0.73230857,0.8849901,1.3442695,0.6660212,1.3361781,0.9339657,0.9232493,1.1991527,0.86306304,0.72867954,1.2822294,1.3465248,0.9186862,0.9466456,1.2633666,1.1542667,1.1290921,1.125218,1.2178562,1.1420535,0.7843009,0.8177798,1.1784881,0.9688587,0.6445612,1.2345958,0.9376072,1.0134752,1.1965566,0.9176384,0.77643895,0.7282443,1.0825546,0.80128425,0.9962769,1.0695591,1.1820235,0.94371784,1.0580924,1.1663324,1.1230551,1.1777596,0.79385513,1.130472,1.3278373,1.2987325,1.1518391,1.2421019,1.1337415,1.3498012,0.74899733,1.0112016,0.8363875,0.84505486,0.75396436,1.2000468,1.2239211,1.2192066,1.2729862,1.0555208,1.1227213,0.88635856,1.318984,1.3255253,1.0395299,1.1770544,0.71998197,1.064677,1.0425816,0.93167156,0.73518443,0.84353644,1.0661093,0.80661607,1.1441668,0.907975,0.6418405,0.6190083,1.3308461,0.5470673,1.3459448,1.2215757,1.195238,0.8815787,1.011995,1.3831851,1.2668527,0.7805737,0.8363049,0.6223857,1.2791128,1.4072418,1.3731656,1.288491,1.1123567,1.1773009,0.74010444,0.74421334,1.0399106,1.2946246,0.714569
book,0.8664809,1.0714107,1.1720285,1.0711403,0.92004853,1.0603051,1.0103037,0.8758974,0.9369558,1.0643386,0.90799385,0.9836145,0.8530905,0.77096343,1.053801,0.9288552,0.9594299,0.0,0.9550341,0.9824265,0.37453228,1.016014,0.90559715,0.7883904,0.912482,0.8813602,1.0453002,1.0636268,0.89636403,1.0148798,0.78268033,1.1152443,1.0300153,0.8958092,1.0165085,1.0817119,0.9671021,1.0693548,1.0546476,0.72806096,1.008777,1.046613,1.0324895,0.840044,1.0315845,0.8859658,1.165862,1.1595907,1.0955747,1.0549698,1.165783,0.80085933,0.9601203,1.11327,1.0733861,0.8204433,1.0931895,1.0159322,1.1877581,1.0684311,1.1104814,0.9611188,1.088879,0.9962795,1.0170639,1.0915952,0.9063062,1.1193637,1.1032405,1.0947437,1.0385779,0.7987953,1.0402088,0.985878,0.8852548,1.0363604,0.78143847,1.038723,0.96644497,1.1193473,1.1107639,1.1694479,0.90774894,1.1896166,1.2334702,1.1646578,0.9611201,0.9886968,1.022762,1.1676707,0.2640521,1.0248245,1.0063254,1.0878967,0.81745374,0.8991162,0.9488623,0.85760355,1.0883603,1.0881997,0.86118084,0.7694907,1.0084275,1.0278172,0.9578801,1.0456749,0.97403735,1.0663483,1.0162915,1.0555371,1.0885525,1.0175397,1.0029361,0.94693434,1.0985715,1.0977873,1.0600752,1.0221404,1.0648289,0.9491237,1.0689712,1.0933614,0.9858632,1.0553244,1.0338066,0.94452447,0.8949576,1.1613503,1.1129421,0.9545032,0.9024395,0.83869076,0.6557135,1.0519645,0.9247377,1.1724554,1.011395
bottle,1.2962251,0.7250519,0.42959106,1.479497,0.63196194,0.68508923,1.000719,0.8135189,1.5106236,1.2647446,1.5940194,0.58141595,1.3362691,1.3375788,0.9709099,1.2252864,1.4474562,0.9550341,0.0,0.77610666,1.0286849,0.8540396,0.5825478,0.8915069,0.5176323,1.0414003,0.69502556,1.0277779,0.93932223,0.3594733,1.0673994,0.943099,1.3578758,1.1800334,1.123286,1.1695368,1.4278626,1.3115906,0.36033195,1.4439894,0.21937275,1.1556505,1.0704488,0.91958016,1.0942936,1.2263411,0.8373503,0.4484427,1.2041798,1.204498,0.92315346,0.8320068,0.7309208,1.1066059,0.806048,0.78293073,1.1940982,1.034345,0.9549157,1.2663195,1.2463573,0.5461303,1.2622786,1.3088164,0.8413497,1.1910499,1.2463139,1.4103959,0.74911,1.4899263,0.90853184,1.0532056,0.5681101,1.3153505,1.0804702,0.78213894,0.6828133,1.0178251,1.2258445,1.040172,0.7478304,0.45420086,0.8081633,0.93578255,1.0861913,0.47258234,1.2944326,0.929077,1.4961376,1.4239635,1.2727256,0.62750435,0.6071679,0.6822211,0.6360174,0.95085055,0.8032949,1.0320157,0.8314618,0.8164189,0.9382054,0.7257501,1.2867365,0.92746234,0.91838205,1.2194804,1.3877709,1.4219551,1.0014343,1.4471412,0.77303654,1.0826805,1.1075729,1.3376825,0.574251,1.3275044,0.3513155,0.8744114,0.5771326,1.0013046,0.97909933,0.43410313,0.48217773,1.452326,1.1439943,1.4187233,0.57986265,0.5229138,0.55819243,0.62048376,0.9546815,0.5641577,1.2625321,1.1882668,0.8421087,0.52379185,1.1580851
bowl,1.314075,0.8582421,0.8099612,1.3783379,0.7230322,0.7881253,0.94951856,0.49081147,0.95297563,1.1713006,1.3516389,0.8150519,1.1092286,1.153285,0.99622643,1.1198266,1.2103536,0.9824265,0.77610666,0.0,0.94423366,0.5712714,0.5467192,0.9115225,0.6525766,1.1230445,0.76551753,1.0771562,0.8508944,0.76875025,1.1065619,1.239038,1.1185961,1.013951,1.002415,1.1039457,1.3090081,1.274987,0.8157464,1.1903279,0.52814233,0.57798606,1.0683393,1.0660615,1.1796207,0.954663,1.0452776,0.8622298,1.2630764,1.2605581,1.0082812,0.8902432,0.9348998,1.0946981,0.66054827,0.9749163,1.2340037,0.72535723,1.0985558,1.2226243,1.236784,0.80486476,1.2581972,1.1340063,0.62117994,1.2382149,1.0993931,1.395508,0.7781369,1.348241,0.8788454,1.0349927,0.6666457,1.2516258,0.6761677,0.83801067,0.91714823,0.7879438,1.1873815,1.077127,0.9175684,0.91077465,0.60824907,1.0548441,1.1336989,0.8598664,0.98041815,1.105899,1.3563502,1.2852938,1.1433885,0.8144833,0.807251,0.80216134,0.8267012,0.7169778,0.95128334,0.3867864,0.93945485,0.7565755,0.87494165,0.75328517,1.0925605,0.88929343,1.1503328,1.0604706,1.0736157,1.3532795,1.0266018,1.2363436,0.7608579,1.1365551,0.7230578,1.232842,0.8562263,1.2731178,0.725856,0.93531966,0.47608662,1.0611031,0.9416459,0.8235926,0.99623203,1.314847,1.1593211,1.0513968,0.5941607,0.9456193,0.9155861,0.72182864,0.7701725,0.8686069,0.76585966,1.2106322,1.1074018,0.93785703,1.1816573
box,0.9485104,1.0949298,1.2776824,0.97302526,1.021837,1.1096246,1.1524308,0.91104645,0.62532574,1.1515554,0.71783835,1.0419413,0.64382154,0.870305,1.162042,0.9793453,0.84121084,0.37453228,1.0286849,0.94423366,0.0,1.0585527,0.8759467,1.0726976,0.6589271,0.91470873,1.1944971,1.0322465,0.8229877,1.1286174,0.5421597,1.0322046,0.82817876,0.8933623,0.972563,1.034616,0.7532629,1.0595824,1.1895446,0.55097455,0.9701184,1.0002748,1.0255148,1.0237085,0.7197708,0.6199735,1.2395674,1.2614496,1.1791849,1.0384802,1.242792,1.1344206,0.99281114,1.1325713,1.1741254,1.113988,1.0852726,0.8473475,1.256691,1.0762881,1.0547935,1.0948824,1.0640938,1.0177788,1.0903356,1.0909377,0.987564,1.0245702,0.80322915,1.0465411,1.0338285,0.6185175,1.0372483,0.969957,0.9482454,1.0514413,0.7773061,1.0824697,0.9072456,1.1805098,1.2125666,1.2504786,0.8114463,1.2831795,1.2256409,1.2683105,0.62512034,1.1534381,0.99583244,1.029971,0.48068482,1.1307923,1.1199201,1.0976083,0.91363907,0.92351896,0.9050149,0.8425934,1.1012658,1.1637127,0.769904,0.75605756,0.65521884,1.0930685,1.0540371,0.9897546,0.9929552,0.9807835,1.1157205,1.0129242,1.1599183,0.74128795,0.86593187,0.94643587,1.2457823,1.0323174,1.1617666,0.95940024,1.1136591,1.0340842,1.1174316,1.221247,1.1380827,0.91914666,1.0783786,0.7964163,1.0501771,1.3082366,1.1880528,1.1091727,0.8984436,0.924505,0.6167823,1.0168089,0.8504332,1.2800585,0.8728218
bread,1.2273226,0.7406374,0.8858823,1.2431011,0.80810297,0.7910365,0.8102527,0.72149134,1.1215757,1.0850186,1.3226454,1.0646136,1.0717137,1.0937647,0.93119234,1.0031687,1.2607238,1.016014,0.8540396,0.5712714,1.0585527,0.0,0.77899474,0.94935143,0.841376,1.0863281,0.64239824,1.0348963,0.88203007,0.8865601,1.1927323,1.1141176,1.1514319,1.0234758,0.90169966,1.2134099,1.2789578,1.2710958,0.9600629,1.1925417,0.74995494,0.8792081,1.0201082,0.81201386,1.1831887,1.0336764,1.0040349,0.87714285,1.2734799,1.2341774,0.90258753,0.92245936,1.1242883,0.9138104,0.9693937,0.8616984,1.2031288,1.0234241,1.038264,0.92524385,1.2962871,0.89524573,1.2681448,1.0089872,0.16396987,1.2017348,0.9262457,1.3090365,0.9541434,1.2485704,1.0293727,0.9477274,0.8190837,1.1969227,0.98928696,0.73551244,1.0257822,0.12681544,1.1738228,1.0776666,0.7106811,0.97463566,0.42823267,0.9508505,1.0386205,0.83832544,1.1445675,0.96693516,1.2560108,1.2300303,1.1684712,0.96464646,0.95498204,0.8764938,0.8231409,0.8677187,1.1190848,0.8503157,0.7910179,0.18798542,0.6677786,0.8911409,1.2767606,0.943927,1.0488101,1.0503784,1.0436684,1.2319032,0.8751528,1.1068445,0.7232849,1.2918755,1.1653749,1.1198567,0.78727436,1.3612282,0.8698796,0.7545059,0.90258616,0.99168956,1.0270123,0.827787,0.99454427,1.2548797,1.1422917,1.1527308,0.69351715,0.7850622,0.9484487,0.8884714,0.48850197,0.7743267,0.9223271,1.2679844,1.0904616,0.9866466,1.3038635
bucket,1.1883398,0.7403916,0.9402892,1.4010297,0.51146406,0.6154849,1.0381486,0.40525377,0.99956524,1.1324309,1.2910147,0.9945376,1.0419014,0.9969969,0.9590558,0.968274,1.158179,0.90559715,0.5825478,0.5467192,0.8759467,0.77899474,0.0,0.9463905,0.59313977,0.98726034,1.007275,1.0403938,0.9103828,0.8602741,0.9622301,1.053655,1.063278,1.0879114,0.9523263,1.1303585,1.2271689,1.280574,0.917354,1.0858124,0.4560535,0.8728549,1.0184157,0.93767047,1.1677309,1.0937757,1.1299156,0.9795863,1.1864654,1.2088954,1.169342,0.9884566,0.9205885,1.1060014,0.97572684,0.81980926,1.1931276,0.7239232,1.1632438,1.1180698,1.2184966,0.80892235,1.2910423,1.2112954,0.7567253,1.2194456,1.0588311,1.3333063,0.6124702,1.3206995,0.975348,1.0139643,0.7520337,1.2753339,0.9197685,0.74632555,0.72604334,0.88790214,0.9863632,1.1313713,0.9134057,1.0432317,0.6242155,1.1901573,1.1838675,0.9879964,1.0420392,0.9618829,1.331825,1.3836399,1.0915744,0.9475846,0.9455322,0.9277824,0.7994362,0.89067876,0.9348812,0.68256885,1.1480886,0.8318242,0.7836679,0.7264614,1.1037822,0.896184,1.1057792,1.1213219,1.0840583,1.3375835,0.91316664,1.2884624,0.82306826,1.090549,0.8943298,0.91052854,0.832536,1.227999,0.90055,0.78476715,0.73294175,0.87763745,0.98490155,0.9323044,0.7417443,1.3297197,0.9340165,1.1147937,0.46746755,0.97267056,1.1148744,0.77191865,0.77303314,0.48491728,0.7964419,1.1902657,0.82520795,1.0702361,1.1413127
butterfly,0.7578645,1.1132735,0.9192909,1.2429157,0.8679989,0.97389597,0.7750217,0.7355066,1.2461097,0.96261,1.3143476,0.9894178,1.2048799,1.1164902,0.73851407,1.0996791,1.0839972,0.7883904,0.8915069,0.9115225,1.0726976,0.94935143,0.9463905,0.0,1.0483216,0.95815295,0.9701444,0.9770857,1.0635442,0.8251678,1.1617098,1.1398282,1.1972321,0.96383435,0.9635726,1.0160906,1.2407842,1.0686758,0.87921035,1.1595033,0.8714631,0.9623819,0.96124053,0.85316885,1.2199701,1.0101452,1.0697203,0.9961838,0.99344754,1.1010187,1.0603302,0.22104669,0.6500324,1.0824035,0.89482063,0.35870838,0.94976574,1.1068684,1.0277414,1.1946106,1.1382589,0.94422144,1.165777,1.2169064,0.9619732,1.1118046,1.0405755,1.22322,1.1165494,1.3025024,0.8566695,1.0366476,0.72626615,1.1868155,0.8458908,0.8900073,0.97369856,1.0312196,1.0736861,1.0300524,0.931966,1.0121286,0.9137386,1.084748,1.0691689,1.0133946,1.1992315,0.8074989,1.3112508,1.3381143,0.7704389,0.74698293,0.74075484,1.048587,0.7981712,0.9232239,0.7325302,1.003786,1.024261,0.99363554,0.8999165,0.93270934,1.2303067,0.95557696,0.5732167,1.1872371,0.90335816,1.286608,0.942827,1.2467122,1.0240518,1.1865141,1.147612,1.0913938,0.9246324,1.1877902,0.91214764,1.172712,0.8833376,0.9147494,0.8415062,0.90025115,0.928879,1.2957821,0.993137,1.2300735,0.8643678,0.97676533,1.0417035,0.913024,0.934023,0.79451346,1.0228548,0.9966222,0.9280426,1.0009731,1.1331873
can,1.3456621,0.74937284,0.6820878,1.4251646,0.90132326,1.0443051,1.1966193,0.69887733,1.0881631,1.2396984,1.327827,0.47780973,0.9131549,1.3153931,1.0677819,0.9779666,1.1907684,0.912482,0.5176323,0.6525766,0.6589271,0.841376,0.59313977,1.0483216,0.0,0.9478529,0.6831954,1.0186244,0.42823136,0.6140926,0.8683397,0.8671787,1.206411,0.8446511,1.2471226,1.0363245,1.2060915,1.2853961,0.49072242,1.221017,0.34968925,1.2113581,1.0648507,1.0152292,0.8213383,0.79147863,0.8692536,0.6775433,1.1877347,1.3378361,0.9579931,0.9565117,0.82987416,1.0979398,0.6810937,1.0007477,1.3455436,1.0816295,0.9566166,1.1516001,1.3105435,0.83866775,1.2831837,1.2834692,0.7779982,1.3001717,1.3199439,1.3785402,0.7714536,1.3449728,0.94200504,0.61237186,0.57853997,1.2961786,1.0927646,0.89526284,0.909994,1.02429,1.1601973,1.1706958,0.8273188,0.71476686,0.6672274,0.90716994,1.173658,0.71999013,0.8574167,1.1525168,1.4161642,1.2378491,1.2757651,0.6987125,0.67994726,0.9228965,0.40448952,0.96610206,0.83669996,1.0472686,0.7995366,0.9248779,0.7701843,0.40760922,0.9746538,0.9306616,1.0742531,1.2933576,1.2311654,1.3806717,0.89088714,1.2571789,0.88550895,0.89349663,1.0832934,1.343324,0.4736446,1.3387502,0.5620322,0.79759777,0.58277047,1.1494107,1.0617774,0.55625165,0.66136515,1.4091896,1.2196443,1.4111636,0.67179745,0.6930996,0.65616715,0.8348764,0.7806949,0.9121207,1.164681,1.1781219,0.8041546,0.6248308,1.0479863
car,0.9901934,1.0822415,1.1169944,1.0767319,0.89877987,1.186014,1.225275,0.81948614,1.000624,1.0745817,1.0119065,0.9613192,0.8474675,1.0075853,0.7941468,0.8557502,0.7784585,0.8813602,1.0414003,1.1230445,0.91470873,1.0863281,0.98726034,0.95815295,0.9478529,0.0,1.2114421,0.92314124,0.8695309,1.0366678,1.002036,0.9054736,0.9713371,1.0818218,1.0566826,1.0401517,1.0078038,1.14387,1.1142141,0.8770289,1.0305226,1.0651978,0.85259426,0.96279526,1.1008945,0.9691802,1.1646672,1.0746781,0.8951012,1.0284525,1.2272084,1.0831113,0.8777706,1.045012,1.1158345,0.9514501,0.9339969,1.1361551,1.1261938,1.0999267,0.87462205,1.0999814,1.0381886,1.1505685,0.9937298,0.89218676,0.98032284,0.9767035,1.1124403,1.0814632,1.0623765,1.0199044,1.0096486,1.0889417,0.9880181,0.8879005,0.9519307,1.136265,0.7093578,1.0979954,1.1084303,1.1036911,1.0228741,1.2346392,1.1770623,1.0718567,0.9693127,0.83336794,1.0838858,1.1555067,0.9706276,1.0486501,1.046367,1.1440815,0.9182202,0.92145276,0.9020223,1.1091815,1.2070283,1.1252345,0.8217658,0.94546664,0.9801866,0.8564257,0.9679266,1.1057407,1.1276876,1.0621343,0.83076906,1.072444,1.1262655,1.0857366,1.107665,0.87769943,0.966001,0.8213413,1.0983136,1.0978591,1.1688828,0.91687787,0.9840385,1.107044,0.9523068,1.0140767,0.80857766,1.0649992,1.0468539,1.1242292,1.1707644,1.2623746,1.0587473,0.8837259,1.0427566,0.75565207,0.69452816,1.135438,0.90266424
carrot,1.3443466,0.8454533,0.4451306,1.2615881,0.99068826,0.8367669,0.8505331,1.0790507,1.3424683,1.0504549,1.3970915,0.6090765,1.2950531,1.1662031,1.170667,1.2292707,1.3259604,1.0453002,0.69502556,0.76551753,1.1944971,0.64239824,1.007275,0.9701444,0.6831954,1.2114421,0.0,1.1637521,0.7939204,0.6572621,1.1382345,1.1327108,1.328799,0.90944755,1.2247736,1.0060197,1.3474271,1.2084414,0.40022796,1.4368399,0.6807377,1.2493744,1.2249049,0.8250269,1.0790212,1.0502641,0.46750832,0.44428855,1.144202,1.1588609,0.43466532,0.73591185,1.15707,1.048306,0.7263115,0.9636579,1.1699792,1.2104517,0.6310573,1.051185,1.3095579,0.62659156,1.0675255,0.93066597,0.7345378,1.2225591,1.2964196,1.3175461,1.0974181,1.1830056,1.0398045,0.88663334,0.86052,1.177355,1.1908985,0.96779233,1.1583557,0.73682594,1.352711,0.6938839,0.66304696,0.45822287,0.9632971,0.43404382,0.78172755,0.4488123,1.156088,1.1783816,1.2087728,1.0014328,1.2690712,0.78168404,0.77053463,0.7953464,0.73643816,1.1558534,1.1774508,1.0785742,0.39669067,0.67091703,1.1593429,0.7033988,1.267347,1.1185983,1.0370268,1.2160108,1.0948447,1.2206652,1.0788722,1.0089954,0.9178831,1.2044576,1.1290603,1.3218987,0.58917433,1.3255695,0.49059123,0.9699646,0.6805446,1.2090391,1.0946568,0.20593512,0.79588985,1.3109939,1.3310587,1.3881698,0.7070402,0.45219564,0.31704462,0.66074175,0.91900027,0.9919965,1.2819753,1.2993176,1.2528536,0.3946855,1.2475553
cat,0.8576518,1.0921967,1.0465684,1.0638331,0.99522126,1.0707371,1.0804505,1.0172808,1.0529842,0.9015337,0.95706934,1.0445647,0.97160256,1.0411034,0.41132736,0.83215684,0.9484248,1.0636268,1.0277779,1.0771562,1.0322465,1.0348963,1.0403938,0.9770857,1.0186244,0.92314124,1.1637521,0.0,0.94450575,1.0522982,1.0461558,0.9499451,0.90268165,1.1210246,1.0340204,0.91218436,0.8113504,1.0647243,1.1299212,0.9380082,1.0660843,1.0354578,0.031042576,0.8214636,0.9593323,1.0652952,1.19081,1.0659947,1.0480967,0.88999224,1.210139,1.0316305,0.8977554,0.9590276,1.0679262,0.85245645,1.0936879,1.094714,1.0704685,1.048146,0.99475193,1.138116,0.9412311,1.1188792,1.0716195,1.0648091,1.0255238,1.0071751,1.0426328,1.0216907,1.0747875,1.0534254,1.0067697,0.9668407,0.98546255,1.0403869,0.97293335,1.0215145,0.94884056,1.1746033,0.84570694,1.0952536,1.0674869,1.2216,1.0720072,1.0780975,0.9462086,0.98625576,1.0668137,1.0075539,1.0920558,1.099025,1.0966029,1.0787997,0.9303361,0.8621237,0.9340831,1.1009288,1.0461217,0.9737774,0.9702291,1.0187504,0.95082116,0.95077753,0.5455549,1.1513845,1.0904603,1.0144293,0.99101037,1.037363,1.0983247,0.87414753,1.0966324,1.1436725,0.9954517,0.96253717,1.0564358,1.0847124,1.0581435,0.9785616,1.0904826,1.1309716,0.9938042,0.95964074,1.0793136,0.9713644,1.0883224,1.0915575,1.1318825,1.1942003,1.0678331,0.9564048,1.0171363,1.0292354,0.85991275,1.1130128,0.9783898
