,alligator,ankle,apple,applesauce,arm,ball,balloon,banana,basket,bathtub,bed,belt,bench,bib,bird,blanket,boat,book,bottle,bowl,box,bread,broom,bucket,butterfly,can,car,carrot,cat,chair,chips,clock,closet,coat,coffee,comb,cookie,corn,couch,cracker,crayon,crib,cup,deer,dish,dog,doll,door,drawer,dress,ear,egg,elephant,eye,face,finger,firetruck,fish,flower,foot,fork,frog,glass,glasses,glove,gum,hair,hamburger,hand,hat,horse,hose,jacket,jar,jeans,knife,ladder,lamp,meat,melon,milk,mitten,motorcycle,mouth,muffin,nail,napkin,necklace,nose,orange,oven,owl,pajamas,pants,paper,pasta,pastry,pen,pencil,pickle,pillow,pizza,plant,plate,pony,pumpkin,purse,radio,raisin,refrigerator,rock,rooster,sandwich,sauce,scissors,shirt,shoe,shorts,shovel,shower,sink,slide,slipper,snow,soap,sock,soup,spoon,sprinkler,strawberry,stroller,sweater,table,tape,toe,tooth,toothbrush,towel,toy,tray,tree,truck,vacuum,watch,window
alligator,0.0,1.096226,1.4109535,1.0434144,0.77562577,1.2456431,1.329185,0.97354376,0.9984287,0.72297543,0.5880885,1.3567553,0.6951511,0.8590963,0.28603786,0.57382786,0.7292141,1.2398145,1.3653702,1.2622571,0.986085,1.0140173,1.1187,1.1568692,1.0320637,1.4438808,1.0756996,1.4237635,0.5215963,1.3783355,1.2345675,1.2472184,0.754089,0.8946258,0.81718695,0.85239285,1.0418035,0.8182235,0.7919652,0.932551,1.4792533,0.70705193,1.4069458,1.2118716,0.8699248,0.66093194,0.88362056,0.81860054,0.9392233,1.0404781,1.261657,1.3311415,0.7045891,1.0572946,0.8918338,1.3899134,1.0303125,1.0527954,0.835116,1.2397356,1.1900861,0.7294527,0.9359801,1.286249,0.8400041,1.3058579,0.85958207,0.8368953,1.0651081,1.2381445,0.95484585,0.916298,0.79650456,0.99494445,0.9123005,1.2556288,0.8870896,0.8925575,0.9111025,1.0427907,0.9944437,0.81520283,1.0223707,1.1777198,1.1354301,1.4310851,1.1984153,1.4346651,1.0897135,1.2818314,1.2264081,0.24984026,0.8115096,0.8623365,0.9280187,1.0496008,0.95188695,1.3874017,1.3890848,1.2996173,0.9604885,1.0001401,0.80662,1.1549656,0.8225671,0.8711134,0.9055099,1.2454929,1.2861509,0.7852843,0.6171025,0.75600255,1.3108761,1.0591319,0.9642955,0.7913495,0.8960882,0.9948205,1.0861218,0.77940255,0.99359506,0.72623897,1.429764,0.72303593,1.4364264,1.2601404,1.00471,1.3089156,0.7548307,1.4823295,0.9541989,0.784274,0.7690815,1.3126194,1.443004,1.430077,0.9222844,1.2298559,1.1227527,1.221226,0.8226036,0.92311543,1.1031806,1.4447004,0.92013115
ankle,1.096226,0.0,0.8797669,1.0210749,0.6990278,0.87725276,0.9914408,1.0542321,1.2391257,1.036731,1.0064914,0.8506657,0.8705014,0.81931436,0.96711093,1.0006466,1.0396912,1.2044846,1.1679466,1.337528,1.1974324,1.2351701,1.1266438,1.1457697,1.1285799,1.0015345,1.188612,0.46429092,1.0712802,1.0068914,1.1819923,1.19968,1.1749306,0.7632892,0.9091594,1.0389296,1.2541988,1.0107667,0.9278772,1.2515773,0.9654225,1.1105585,1.2723788,1.0756269,1.1194521,1.0616332,0.90716547,1.1255436,1.1867427,0.9601709,0.5635882,0.71682703,1.0685267,1.0209996,0.9101212,0.40880162,1.0844262,0.8602811,1.2671772,0.7522793,1.0439192,1.2207501,1.0482589,0.74307454,1.102289,0.73280084,0.7228459,1.1619146,0.6512427,0.9055702,1.0467688,1.0869691,0.73937404,1.2365341,0.7117608,1.044562,1.1465719,1.3268018,1.0057851,1.0173165,1.2203841,0.9442753,1.1987544,0.8245503,1.1649456,0.7601796,1.1856934,0.68161297,0.7197423,1.0264517,1.2346864,1.1534786,0.7801535,0.7018594,1.0828464,1.1160704,1.2527437,1.0879382,1.1034617,0.80397934,0.9466484,1.0950664,1.1935848,1.3560963,0.97403425,0.9114143,1.1918967,1.0191517,1.1275703,1.1647115,0.9954522,1.1695771,1.0490386,1.0193621,1.1576908,0.77313274,0.978714,0.69268227,0.9422055,1.0140154,1.0688804,1.0997949,0.84970814,0.9492142,0.9454849,0.54567957,1.1454717,1.1708957,1.0888745,0.9717918,0.79161733,0.8158511,1.0992031,1.0952321,0.46248478,0.68541604,0.94678026,1.1615345,1.0882612,1.1697941,1.0932488,1.1162126,1.15817,0.7211283,1.105644
apple,1.4109535,0.8797669,0.0,0.828318,1.372776,0.59048104,0.5163635,0.8305958,1.2925147,1.3496399,1.3951008,0.69640154,1.4789033,1.3359807,1.1591301,1.4304241,1.256236,0.726331,0.42327678,0.8035554,1.1803362,1.0067269,0.9695138,1.0402291,0.85788274,0.42361313,0.77026755,0.6509018,1.2154391,0.48360878,0.71808684,0.5654816,1.3545125,1.0846107,1.3754219,1.3597335,0.9908886,0.97864985,1.3124392,1.155092,0.3336349,1.4792836,0.45587635,0.62856805,1.2859367,1.045935,1.1875228,1.3331742,1.3188512,0.95877355,0.8274635,0.49277788,1.1243207,0.78477764,1.1752485,0.8027252,1.0676527,0.60488546,0.93072784,0.70874196,1.0626627,1.0649178,1.2756882,0.8699429,1.1666932,0.88371384,1.1924295,1.1157501,1.2808924,0.5357012,0.8142908,1.2961268,1.2801639,1.0921249,1.3307161,0.9604316,1.3419595,1.0495247,1.0478891,0.883579,1.191664,1.2049235,1.1984236,1.0040166,0.70259184,0.24938393,0.79996514,0.74857485,1.094423,0.50342345,0.85086906,1.1980853,1.4202356,1.3323255,1.1759701,0.98050654,1.1604117,0.49588472,0.42626274,0.5096782,0.8157521,1.2267615,1.0005376,0.93504053,0.95275944,1.1660624,1.2377996,0.7925229,0.59487444,1.3472111,1.1124207,0.89518934,0.61654496,0.8227107,1.1801587,1.355287,1.2514287,1.3144205,1.1471992,1.2522769,1.0875471,1.2218348,0.2867136,1.2159765,0.54978037,1.0295452,1.0272577,0.8020765,1.2764276,0.3454579,1.1754651,1.3281131,1.344053,0.65950406,0.6317857,0.4599182,1.2950903,0.6228926,0.8420535,0.7264964,1.1032897,1.136864,0.8933552,0.4747578,1.1269221
applesauce,1.0434144,1.0210749,0.828318,0.0,1.1648083,0.7009267,0.8566312,0.417377,1.0879309,1.2850922,1.2791752,1.2299322,1.2386534,1.1248164,0.94422555,1.2528658,1.1210527,1.0948595,1.1317388,0.6408933,1.184528,0.45722795,1.2043788,1.0241661,1.0915595,1.1385629,1.1195436,1.0839764,1.1264735,1.02446,0.7637164,1.1384046,1.2950311,1.1693103,0.7489016,1.1660306,0.51597756,0.7654095,1.3435938,0.5587356,1.1082773,1.2634579,1.01017,1.0740831,0.4823553,1.1201644,0.9278284,1.3382301,1.048919,0.9679021,0.9858387,0.45573717,1.1321415,1.0623308,1.1282103,0.9889028,1.1113013,1.1016991,0.9593472,1.066794,0.9177384,0.9567388,0.76959634,1.0857673,0.92137444,0.8255548,1.1880136,0.6611692,0.98440945,1.0938226,1.1937071,1.1520538,1.2422879,0.98241496,1.2882354,0.9880186,1.2740455,1.1058271,0.66489315,0.3998636,1.082323,0.84477794,1.1229308,1.001619,0.36682236,1.0599469,0.98840654,1.1464884,1.0226061,0.6151407,1.2132081,0.9862682,1.2262156,1.2709389,1.0772704,0.890836,0.61581033,1.0739087,1.044515,0.46184528,1.3471894,0.5642768,1.0010209,0.6059669,1.0052527,0.95773834,1.1508386,1.1091791,0.9557642,1.2154459,1.0575657,1.1160347,1.0587628,0.46936667,1.0717323,1.2551999,1.1361353,1.1938815,0.8887324,1.2679725,1.1425354,1.157716,1.0936227,1.1677028,0.8935702,1.1698523,0.49674892,0.90193194,0.97367346,1.0542499,1.2042685,1.1350994,1.0516315,0.8878626,1.0332693,0.96994954,0.87206286,1.1262488,0.9324611,1.0516065,1.0766397,1.158704,1.2564203,1.1235032,1.2297534
arm,0.77562577,0.6990278,1.372776,1.1648083,0.0,1.3507423,1.4131708,0.94819045,1.1087037,0.5562582,0.40869743,1.1654497,0.31997293,0.39107907,0.87024575,0.49704212,0.7805401,1.3464739,1.5114799,1.379305,1.027163,1.1692275,1.2958779,1.2223747,1.3934178,1.5474253,1.3751106,1.039599,0.9595982,1.4781529,1.3038435,1.3504295,0.71755165,0.66892636,0.77943164,0.73854804,1.2202492,0.95484495,0.5427407,1.0424747,1.400807,0.6829208,1.5215148,1.406987,0.8246643,1.192238,1.0688174,0.7226227,0.8630404,1.1925182,1.0434477,1.2267141,0.83324856,1.2874931,0.5018463,0.8917079,1.0681963,1.1868875,1.3656552,1.1607985,1.0577248,1.1738231,0.7424426,1.0322002,1.0697961,1.0461271,0.5861093,0.8588739,0.4387012,1.4431124,1.3609271,0.9208652,0.4609927,1.2755888,0.52787447,1.1663237,1.0789348,1.1299429,1.0588142,1.0227587,1.0124836,0.7707367,1.1463108,0.926083,1.3763764,1.2463393,1.4176767,1.1566845,0.6923525,1.3206621,1.2952995,1.0540444,0.26522642,0.51676226,0.93203175,1.1033726,1.0665656,1.4108789,1.3817716,1.2837918,1.0163225,0.961216,1.3322918,1.1974118,1.2630206,0.7917996,1.1770623,1.3728248,1.4246666,0.68478787,0.8529607,1.4324722,1.3608221,1.1621658,1.0659997,0.2703725,1.0626125,0.6059419,1.0461379,0.6941039,0.7883508,0.60538864,1.4171231,0.7287618,1.4137533,0.87224054,1.0090443,1.3633504,0.8322653,1.408149,1.000832,0.36105204,0.5389466,1.3864374,1.064071,1.2090919,0.6917454,1.4988222,1.2140326,1.4453269,0.7908937,1.0039632,1.3809416,1.3006959,0.9320791
ball,1.2456431,0.87725276,0.59048104,0.7009267,1.3507423,0.0,0.18292177,0.8935579,1.1816511,1.3896503,1.405073,0.9864035,1.4130275,1.275253,1.1372223,1.3450022,1.1953067,0.88610846,0.7720736,0.72255945,1.1627089,0.8590169,0.94054985,0.8692371,0.8721957,0.7889651,0.8485354,0.89168894,1.1718328,0.44310075,0.6678508,0.80916,1.3742589,1.1613848,1.0227954,1.2800187,0.80858636,1.0210431,1.3860388,0.9839495,0.71663773,1.4997098,0.69761163,0.8598917,0.9348085,1.0290731,0.97054493,1.4194125,1.1868019,0.7717448,0.84146976,0.29747975,1.183058,0.8557633,1.2149025,0.8672127,1.0401574,0.9115137,0.9420953,0.8632639,0.83755666,0.95869464,1.0840234,0.99974644,0.8872531,0.7592429,1.2454135,1.1343195,1.156137,0.66300046,1.0083603,1.2056181,1.3199275,0.89295727,1.402862,0.82092094,1.3235662,0.9323074,1.0594273,0.74870616,1.0527244,0.9949488,1.0844871,1.0400752,0.6690012,0.7218827,0.591493,0.9447255,1.1289605,0.4251926,1.0420693,1.0672357,1.4310262,1.3828641,0.96700853,0.9953089,0.97365403,0.6868624,0.690376,0.6506163,1.0972444,1.0607233,1.0190768,0.81160116,0.9146231,0.98852855,1.1193993,0.9322094,0.6137402,1.4452143,1.2064508,0.8885934,1.0005783,0.8448466,0.93078613,1.4141513,0.9850654,1.3125727,0.81795275,1.3913838,1.1281092,1.2580988,0.74091256,1.238119,0.4781018,0.96265686,1.023001,0.6853645,1.1057321,0.7166934,1.2090257,1.3526063,1.2650785,0.51729506,0.8004062,0.8193038,1.0113921,0.6893328,0.7998645,0.72106254,1.2307408,1.1366836,0.96365994,0.8132036,1.278873
balloon,1.329185,0.9914408,0.5163635,0.8566312,1.4131708,0.18292177,0.0,1.043708,1.1175764,1.3496672,1.369853,0.8547782,1.4169328,1.3340285,1.2123891,1.358923,1.196069,0.7793102,0.63563037,0.7327647,1.083049,0.9457993,0.8831003,0.8218632,0.76656216,0.6302118,0.7766564,0.8659002,1.1797906,0.34867024,0.7441472,0.6982019,1.3227339,1.1609342,1.153559,1.243461,0.8576755,1.0687046,1.282506,1.0699484,0.62671775,1.4200128,0.6099179,0.7951469,1.1165535,1.0095567,0.98916054,1.3318138,1.1471126,0.88502467,0.88425654,0.43325007,1.176867,0.8877802,1.2278974,0.91469926,1.0514339,0.8343203,0.89919645,0.8796572,0.9656625,0.9534147,1.2469661,0.9805347,0.99706614,0.80136776,1.2943643,1.2222767,1.2671305,0.6102969,0.92189515,1.2016395,1.3481052,0.8441371,1.3730906,0.88117623,1.2135521,0.87295127,1.1066334,0.8887506,1.0566938,1.0796604,1.0314391,1.0031571,0.7428417,0.6578655,0.6344161,0.9213537,1.178879,0.4183085,0.88584775,1.1328877,1.4453735,1.3635329,1.0076244,1.0406454,1.0468127,0.62702477,0.6269309,0.7368941,1.0243748,1.1690857,0.9986944,0.84398437,0.8722005,1.0851387,1.0650245,0.8314385,0.49856806,1.3712863,1.244841,0.80331004,0.9267406,0.9236281,0.9793266,1.4166756,1.0414727,1.303404,0.9281325,1.3101985,1.105091,1.2159111,0.6545619,1.2084312,0.38349646,0.95343125,1.1131611,0.73367923,1.1698694,0.55914843,1.1467705,1.3816035,1.2887483,0.4079163,0.82444024,0.7995647,1.1829281,0.62583315,0.7450143,0.6599852,1.1813927,1.1011734,0.8505531,0.7758223,1.1756036
banana,0.97354376,1.0542321,0.8305958,0.417377,0.94819045,0.8935579,1.043708,0.0,1.0950922,1.1226411,1.1399736,1.2457116,1.084358,1.0143484,0.9433845,1.0982184,1.0196456,1.0683427,1.1286712,0.80158746,1.1728716,0.64988506,1.2720894,1.0651679,1.1108605,1.2291124,1.2053088,1.0822297,1.1681721,1.0914612,0.7054307,1.1862943,1.1706533,1.1004794,0.82739675,1.0277916,0.66668063,0.7796857,1.2381508,0.6608381,1.0681165,1.172499,1.1214525,1.2309827,0.5736667,1.2126021,1.022795,1.2282119,1.1096293,0.88434744,1.1060026,0.6815796,1.1235489,1.200807,0.9840275,1.0108076,1.1207061,1.0954847,0.9739758,1.0672398,0.8374314,0.9103086,0.8536523,1.0705523,0.8845365,0.78034854,1.0766404,0.5241723,0.856689,1.1693318,1.2573216,1.1466781,1.1208134,1.0813905,1.1598154,0.93122894,1.273526,1.1630545,0.7514239,0.30803907,1.0903629,0.6721984,1.139672,0.9562104,0.6577643,1.1412613,1.0460893,1.213617,0.9262485,0.7177081,1.2492551,1.0406988,1.043246,1.119877,0.9416101,0.878553,0.71567994,1.0964601,1.0945883,0.4939375,1.2523075,0.7146938,1.0109547,0.6834644,1.0956209,0.8893752,1.1878566,1.2947774,1.1854845,1.1134553,0.9818252,1.2232105,1.1218578,0.5364827,0.9730426,1.0861707,1.1479738,1.1347066,0.96461165,1.1922379,1.0531201,0.93238497,1.1355844,1.2035232,1.0318785,1.0869066,0.5888491,0.92767596,0.9344181,1.0096754,1.167162,1.0207522,0.97777134,1.0326741,1.1143645,0.92424685,0.71124524,1.2147971,0.7863927,1.1176769,1.0589787,1.1625751,1.3102697,1.1516571,1.2561548
basket,0.9984287,1.2391257,1.2925147,1.0879309,1.1087037,1.1816511,1.1175764,1.0950922,0.0,0.9679301,0.8660985,1.0479562,0.84944403,0.9873209,1.1305189,0.76719874,0.93655777,0.76532626,1.0663214,0.7329479,0.5818165,1.0401143,0.9730581,0.53887767,1.0101908,0.9991376,1.0422057,1.1466708,1.0015396,0.9923739,1.12817,1.095712,0.79023695,1.1696298,0.9137653,0.6906707,1.0491256,0.9480171,0.8255123,0.9886882,1.1836456,0.54903054,0.9959917,1.1674554,0.93673927,1.0093414,0.8190788,0.9859391,0.7845723,1.0891782,1.149274,1.3426439,0.95579094,1.1499462,1.1179229,1.2805612,0.8964979,1.2584538,0.91482484,1.1536407,1.1007167,0.95973957,0.961912,1.2343769,0.8618864,0.9489521,1.1901567,0.92753357,1.0715736,1.2076516,1.2194704,0.94694465,1.0807805,0.7091018,0.95928997,1.0399151,0.69393504,1.0734067,0.9425996,0.9213773,0.7925083,0.84046817,0.79234844,1.103739,1.1752522,1.321152,0.91588867,1.2120178,1.1472421,1.1209795,0.98664516,1.0991788,0.9004842,0.98275304,0.81145334,1.0755657,0.95705724,1.1897866,1.2098774,1.2744044,0.99052995,0.9341433,0.98206836,0.8598815,1.0825634,0.70516074,0.5223562,0.8490426,1.0344789,0.9353578,1.1239692,1.0511425,1.134687,1.1001753,0.9093307,1.0684977,0.6819691,0.9016057,0.9319918,1.0140108,1.0032742,0.9242516,1.2168317,1.0804929,0.96732855,0.88027155,0.98455536,1.0657429,0.9802674,1.1375278,0.8953058,1.0650733,0.85458565,0.77648354,1.2940388,1.3732779,1.0019306,0.9379264,0.6853892,0.8246806,1.0497651,0.98622704,0.9234802,1.2656051,1.0145565
bathtub,0.72297543,1.036731,1.3496399,1.2850922,0.5562582,1.3896503,1.3496672,1.1226411,0.9679301,0.0,0.3503337,1.1435921,0.35171318,0.6976033,0.821322,0.51498914,0.6519176,1.2878735,1.4390503,1.1807888,0.8052283,1.2531903,1.0820065,1.0767095,1.3770124,1.3653721,1.2458225,1.3108603,0.86133736,1.2847042,1.3603895,1.2678053,0.3487543,0.79836214,0.7717055,0.6982948,1.3061771,0.9383805,0.56394124,1.1369812,1.3605367,0.42301214,1.3773986,1.2660241,0.83254826,1.1297419,1.1768227,0.37045205,0.50188434,1.0973573,1.3446252,1.2844496,0.60707307,1.2115188,0.8072927,1.2254211,1.123123,1.3004625,1.3054781,1.3014394,1.0982254,1.155477,0.8694986,1.1924114,1.233294,1.3037511,0.81483793,0.98255765,0.8824897,1.4307755,1.1910505,0.7181834,0.6459175,1.0319567,0.6907355,1.0358564,0.81811583,0.88608783,1.1686461,1.0342511,0.95370907,0.95575196,1.105224,1.1061707,1.4490963,1.3021176,1.2648381,1.2676926,1.01781,1.3673137,1.139451,0.91976535,0.62072474,0.6284057,0.83913875,1.1940639,1.1463745,1.3077399,1.2858841,1.4223979,0.9084826,1.1563419,1.257946,0.93074906,1.2556424,0.9921205,1.1484653,1.3271315,1.2914296,0.4543265,0.71261215,1.2690128,1.1914066,1.114552,0.9983719,0.56692415,1.1530685,0.8493326,0.9631298,0.4383366,0.26455903,0.55296725,1.3946197,0.43674284,1.4235388,1.0949662,1.0124059,1.2123278,0.7712681,1.4412197,1.055839,0.55028486,0.46260917,1.2348851,1.3714201,1.2464503,0.79986656,1.4221525,1.2411183,1.257062,0.7836389,0.9051949,1.1721961,1.3681595,0.6973718
bed,0.5880885,1.0064914,1.3951008,1.2791752,0.40869743,1.405073,1.369853,1.1399736,0.8660985,0.3503337,0.0,1.2088588,0.27916873,0.56928843,0.80127764,0.14646924,0.5443116,1.215555,1.4922688,1.3126435,0.8427973,1.2385383,1.2310925,1.16565,1.3518513,1.4927714,1.2572188,1.3455538,0.9005898,1.3728566,1.3440589,1.2603177,0.37558413,0.7091172,0.8404325,0.71295637,1.2607324,0.91873115,0.23994231,1.0988897,1.4490592,0.38964212,1.4672467,1.351597,0.9319395,1.1362859,1.063149,0.6075469,0.7273687,1.2264589,1.2802438,1.4325376,0.538007,1.281739,0.61703295,1.2981132,1.0743039,1.2867544,1.2464069,1.324685,1.2815174,1.087765,0.98276657,1.186284,1.0863758,1.3014472,0.7259626,0.9265516,0.9066797,1.3976991,1.2553554,0.9209722,0.47184885,1.1672332,0.6062434,1.3343372,0.8887647,0.9411936,1.0750217,1.099469,0.97412205,0.89377654,1.0624746,1.0684912,1.4283091,1.311205,1.3197987,1.346395,0.96856976,1.3661044,1.233275,0.83542615,0.37506974,0.5619401,0.82186186,1.1635691,1.093021,1.4508617,1.4165944,1.4750204,0.6611858,1.1550494,1.2082717,1.1402196,1.2165344,0.76758146,0.9287474,1.281689,1.3116062,0.611132,0.7505623,1.2769681,1.341507,1.2471268,1.0579722,0.35838807,1.0487986,0.7433373,1.1948589,0.57526034,0.7022115,0.5273093,1.4423754,0.57535046,1.4671301,1.1714083,1.1237103,1.4518621,0.860283,1.4623196,0.96538866,0.4167964,0.4045986,1.2816948,1.3970098,1.3934894,0.93608546,1.3663821,1.1458112,1.2962763,0.7266912,0.8550202,1.2732115,1.3917181,0.7985062
belt,1.3567553,0.8506657,0.69640154,1.2299322,1.1654497,0.9864035,0.8547782,1.2457116,1.0479562,1.1435921,1.2088588,0.0,1.1501106,1.2170379,1.2356218,1.1349401,1.1292006,0.7745803,0.7172663,1.0156949,1.0669118,1.2638466,0.8085338,0.9155365,0.7150887,0.4503572,0.90734434,0.5569646,1.1066381,0.57119215,1.0721661,0.75196373,1.1641604,1.0266635,1.2470106,1.0935365,1.2065566,1.1915064,0.9413894,1.3143854,0.56306875,1.2199914,0.81837076,0.65800506,1.4428831,1.0081812,1.0529829,1.1263142,1.0448714,1.0258363,0.8157352,0.99862814,1.0646288,0.8598556,1.1653353,0.70651454,1.0642254,0.5968723,1.0946745,0.5471686,0.9854783,1.1494703,1.3078053,0.76310337,1.01821,1.0060679,1.1904489,1.3768241,1.1254793,0.6741023,0.79278135,1.1485692,0.98450506,1.0380843,0.72309244,0.8048682,1.0515747,1.0464982,1.1978321,1.2294676,1.1742315,1.1780403,1.0224022,0.980873,1.1304655,0.6982718,0.8681733,0.46037674,1.1126432,1.0120819,0.79543114,1.1682729,1.1161748,0.80959404,1.1113974,1.0240291,1.3244915,0.64467835,0.664968,0.92400366,0.6367351,1.2191892,1.0721253,1.1130666,0.997498,1.151936,0.90173984,0.68748903,0.7041774,1.2495942,1.0911455,0.90789706,0.57691216,1.1719851,1.037022,1.1703733,0.87902737,0.7943191,0.9623342,1.2231487,0.91144294,1.2110493,0.4570802,1.1629021,0.8023207,0.52800584,1.2113476,0.9042926,1.1540707,0.6132021,0.7520781,1.172923,1.3883901,0.85379136,0.65838367,0.68049866,1.2932327,0.7036408,1.037394,0.8344506,1.2082983,1.1149931,0.8029711,0.57841194,1.0441216
bench,0.6951511,0.8705014,1.4789033,1.2386534,0.31997293,1.4130275,1.4169328,1.084358,0.84944403,0.35171318,0.27916873,1.1501106,0.0,0.5242466,0.7985649,0.38645375,0.67749906,1.2686667,1.5173745,1.3463976,0.7513185,1.2739134,1.1703572,1.107671,1.4525874,1.4565308,1.3465409,1.1915892,0.8368548,1.2850153,1.4103117,1.4660592,0.50595206,0.72521603,0.6329398,0.62932736,1.3367122,0.9467215,0.2632587,1.1098806,1.5054746,0.33613682,1.5661318,1.4247966,0.85704815,1.0887874,0.95095503,0.5426053,0.66275305,1.1567084,1.1973238,1.3854306,0.73356164,1.3685563,0.6568544,1.1691874,1.0468543,1.2696426,1.3497816,1.2528555,1.212621,1.1978885,0.8275183,1.1916621,1.0918407,1.1666217,0.6904259,0.8964938,0.6864587,1.5042081,1.3518695,0.8489108,0.5541653,1.1105007,0.48961675,1.2151834,0.8016226,1.0715643,1.0739499,0.9827391,1.0174187,0.7020114,1.0226,1.062958,1.5100988,1.3964828,1.4168575,1.3040161,0.82743293,1.3752276,1.286655,1.0063151,0.33408773,0.4599098,0.8622587,1.1691022,1.1348337,1.5318624,1.5083781,1.436981,0.9007803,1.0946205,1.3043689,1.1236669,1.276093,0.7532039,0.9482087,1.2653,1.3721538,0.5385115,0.8587793,1.347058,1.3344398,1.2158812,1.0539962,0.387349,0.9877667,0.6186113,1.0459117,0.6514858,0.61967903,0.5337831,1.486098,0.5997259,1.4354494,0.91972286,1.0723927,1.4321214,0.79409075,1.47313,0.76202875,0.4364913,0.34705007,1.3302388,1.3233638,1.3592434,0.81380343,1.4376178,1.10243,1.3113403,0.75698817,0.9192531,1.1939989,1.4472499,0.8009919
bib,0.8590963,0.81931436,1.3359807,1.1248164,0.39107907,1.275253,1.3340285,1.0143484,0.9873209,0.6976033,0.56928843,1.2170379,0.5242466,0.0,0.8460301,0.56748664,0.86426646,1.3746281,1.4308155,1.2614651,1.037326,1.1221595,1.2043375,1.1850024,1.3359522,1.4544809,1.271103,1.1040728,1.0203464,1.4500797,1.2258089,1.3547164,0.7817566,0.69636786,0.7871008,0.8967236,1.1891577,0.9255532,0.7163576,1.0085319,1.40043,0.77592814,1.4026711,1.297463,0.8308828,1.193753,1.110489,0.7389962,0.99455816,0.99912184,1.0488915,1.1525147,0.8052387,1.1729503,0.70743114,0.9836692,1.0340555,1.3236532,1.2714435,1.2395073,1.0188909,1.1852889,0.7829726,0.9871249,1.1280711,1.0339726,0.5866155,0.77667856,0.63687694,1.3498864,1.2688222,0.9902468,0.47673285,1.2032291,0.5841184,1.1490095,1.0900344,1.1120417,1.0468733,1.0119334,0.9858159,0.84798205,1.0844529,0.8255701,1.3223801,1.2241272,1.2888187,1.009215,0.80307984,1.2571115,1.3543577,0.95940435,0.34118748,0.59098995,0.9892877,1.1756939,1.0251757,1.4005437,1.3825989,1.2464961,1.0538647,1.0001605,1.2518988,1.121104,1.2557453,0.8262075,1.0529761,1.382503,1.3342649,0.81205565,0.8598794,1.3344045,1.2382802,1.1293947,1.0983516,0.29032117,1.053413,0.61141515,1.0489583,0.80004585,0.83167994,0.72825664,1.416352,0.8331976,1.3497527,0.9091334,0.98960966,1.2734435,0.9557861,1.3470976,1.110096,0.34569466,0.5817208,1.3234038,1.1167374,1.2074611,0.7319194,1.3793373,1.2346629,1.360923,0.7760569,0.93979627,1.2967232,1.266425,0.87803364
bird,0.28603786,0.96711093,1.1591301,0.94422555,0.87024575,1.1372223,1.2123891,0.9433845,1.1305189,0.821322,0.80127764,1.2356218,0.7985649,0.8460301,0.0,0.80390155,0.7857535,1.2653699,1.2297572,1.2110977,1.0539724,0.9749375,1.1740294,1.2172512,1.1165162,1.2976253,1.0385176,1.239613,0.57864076,1.2890937,1.1602722,1.242212,0.8882412,0.8528204,0.83291656,0.9816516,1.0636106,0.87804097,0.92880243,0.9414437,1.2991974,0.8557219,1.2420943,1.164912,0.90723664,0.66911125,0.9887967,0.85251343,1.0357262,1.0794626,1.0898186,1.1077411,0.7786226,0.98189986,0.93998975,1.2192211,1.0958173,0.9770813,0.9563088,1.186419,1.1578184,1.0091884,0.9322594,1.219748,0.91777754,1.2191223,0.86188745,0.81388676,1.0669764,1.1314776,0.9784134,1.0004693,0.8239876,1.0821049,0.94719213,1.2106146,0.97799355,1.0207386,0.89465666,1.0111982,1.1321223,0.90710694,1.1030172,1.0994066,1.0393459,1.173952,1.143428,1.2761543,1.0019324,1.1273825,1.1926653,0.2793485,0.91746473,0.9153414,1.0712619,1.1078583,0.9851818,1.2554476,1.2475444,1.1175473,1.0325564,1.038967,0.9179727,1.1148667,0.8918094,0.9089029,1.0404043,1.1838154,1.1150132,0.83616287,0.63779265,0.77632535,1.1659796,1.0335405,1.1179862,0.8561403,0.97497416,1.0001183,1.1359223,0.84191495,1.0048556,0.75104725,1.2341381,0.79978,1.2930753,1.200577,0.9991163,1.215666,0.8834108,1.2471864,1.0016063,0.8334907,0.8484305,1.286959,1.2545464,1.1904907,0.93559086,1.1506053,1.1818974,1.1673561,0.9099289,0.98463297,1.0815437,1.2627285,0.97115594
blanket,0.57382786,1.0006466,1.4304241,1.2528658,0.49704212,1.3450022,1.358923,1.0982184,0.76719874,0.51498914,0.14646924,1.1349401,0.38645375,0.56748664,0.80390155,0.0,0.53920734,1.1983119,1.4828895,1.3021327,0.91911983,1.244097,1.220119,1.0963521,1.2537682,1.4501266,1.2652524,1.2851708,0.9080787,1.330754,1.2790017,1.3069248,0.55568665,0.801412,0.7759635,0.58106244,1.2608309,0.8104449,0.38523912,1.1073625,1.4529821,0.518764,1.4931026,1.2974038,0.9289086,1.1282219,0.99633324,0.7491518,0.8105033,1.0835798,1.2246215,1.3924407,0.5425993,1.2185578,0.74833626,1.2439593,1.0227813,1.198385,1.2004228,1.2448186,1.2545972,1.0942676,0.9785587,1.1821365,0.9519758,1.2374682,0.8041754,0.92736214,0.8774139,1.3513548,1.209805,0.9902362,0.49649954,1.0922459,0.521338,1.2908013,0.95836294,1.0529659,1.0594075,1.0369397,1.0085213,0.74009615,1.1000105,1.0558528,1.4122264,1.3516678,1.1807197,1.2439482,1.0230142,1.3683599,1.2772954,0.778931,0.3632195,0.4951228,0.786439,1.1115538,1.1207111,1.467563,1.4561193,1.3952533,0.5154424,1.0734953,1.1062773,1.1623322,1.1833115,0.7014342,0.7775941,1.2826891,1.3264585,0.7749319,0.7449007,1.2488904,1.2963136,1.2157035,1.0765293,0.4665115,0.8771899,0.6567363,1.1198013,0.71384954,0.75677556,0.7051181,1.4130728,0.70086837,1.4280877,0.97235954,1.0951924,1.4400877,0.88208365,1.4485215,0.933112,0.5505867,0.61818486,1.2629933,1.354078,1.3778825,0.9588249,1.213211,1.1570612,1.3131753,0.85254484,0.9338925,1.2995396,1.3619946,0.9228077
boat,0.7292141,1.0396912,1.256236,1.1210527,0.7805401,1.1953067,1.196069,1.0196456,0.93655777,0.6519176,0.5443116,1.1292006,0.67749906,0.86426646,0.7857535,0.53920734,0.0,1.0807359,1.3046967,1.0779579,0.897868,1.112875,1.1896086,1.0639955,1.118699,1.3208563,0.9025886,1.2659187,0.9916311,1.1761404,1.1789789,1.1844587,0.6403688,0.92067415,0.8025248,0.8872652,1.153805,0.98645324,0.6955021,1.0326035,1.2908412,0.67272234,1.271291,1.2008252,0.88619626,1.127256,1.0690752,0.80095524,0.8179699,1.0257274,1.2810477,1.2003949,0.86240333,1.1994817,0.85049564,1.2462184,0.9085253,1.0795449,1.0513058,1.2387774,1.1210403,1.0174482,0.99221814,1.1718543,0.96073365,1.2198792,0.91181576,1.0618744,1.0239701,1.2450852,1.2184689,0.976041,0.79328597,1.0331837,0.8601459,1.1199727,0.9421574,1.0034399,0.9781047,0.94882655,0.9838593,0.9963496,0.9004203,1.1253641,1.2471907,1.2553884,0.9688965,1.3273256,0.996901,1.1819054,1.1156148,0.80612034,0.75567555,0.84930646,0.7348361,1.0720179,1.0373616,1.2440166,1.2317504,1.2671981,0.7613164,1.0604213,1.0602354,0.99253255,1.1597819,0.9440582,0.9236613,1.1976024,1.1896209,0.7918969,0.824945,1.1613111,1.2568451,1.0619603,1.0073833,0.7583178,0.9973024,0.89705086,1.0651783,0.7704052,0.75174564,0.76571405,1.3095955,0.889163,1.2908634,1.1615542,1.0171957,1.2194202,0.9578666,1.3224844,0.94491345,0.7910327,0.8035927,1.1507763,1.3439199,1.2772601,0.93867666,1.0764041,1.1219287,1.1651728,0.77680707,0.73058,1.237423,1.315176,0.87760764
book,1.2398145,1.2044846,0.726331,1.0948595,1.3464739,0.88610846,0.7793102,1.0683427,0.76532626,1.2878735,1.215555,0.7745803,1.2686667,1.3746281,1.2653699,1.1983119,1.0807359,0.0,0.538286,0.8080361,0.5367003,1.1063818,0.90342396,0.7080454,0.7897104,0.5706538,0.71415275,0.93257225,1.1472737,0.57388175,0.84341717,0.65641874,1.0610479,1.2307516,1.2437351,0.973831,1.0412166,1.1305444,1.0731231,1.1508152,0.53080153,1.0592389,0.5521842,0.78500783,1.2856977,1.01108,1.0137049,1.2466376,0.99603754,0.9920954,1.05438,1.0594367,1.2090855,1.0167443,1.1947052,1.1066557,0.8669351,0.8124958,0.88283014,0.8320925,1.0039688,0.941761,1.1469793,1.0615282,0.9565858,0.7995289,1.3213998,1.1468186,1.2913554,0.8072511,0.9020645,1.1431615,1.2421478,0.8091146,1.2586558,0.81307054,0.9183582,1.0342877,1.0527183,1.1078353,0.9299456,1.2517667,0.8993214,1.1278925,1.0035347,0.825077,0.639233,1.0238624,1.2595336,0.81561565,0.58629435,1.1501002,1.2861663,1.2658643,0.5500229,1.0695351,1.1391865,0.61664486,0.653797,0.9417948,0.82848793,1.1371951,0.9263208,0.853981,0.8808047,0.93369687,0.8596162,0.48268163,0.7520435,1.2152447,1.229069,0.8212767,0.903116,1.0044358,0.95822906,1.3436207,0.8988532,1.2213385,1.1000392,1.2825148,1.1245992,1.1565901,0.6736311,1.2470928,0.58935654,0.9526266,1.1112161,0.8110257,1.1473818,0.650367,0.9583415,1.3165934,1.2066369,0.6306889,1.0339141,0.8897538,1.1927056,0.5698989,0.59662306,0.45267034,1.1604235,0.9889187,0.85578084,0.8196372,1.0695517
bottle,1.3653702,1.1679466,0.42327678,1.1317388,1.5114799,0.7720736,0.63563037,1.1286712,1.0663214,1.4390503,1.4922688,0.7172663,1.5173745,1.4308155,1.2297572,1.4828895,1.3046967,0.538286,0.0,0.8136158,0.9017646,1.088603,0.6266771,0.79842424,0.6811523,0.23057508,0.6439003,0.7634773,1.1192756,0.4229524,0.7200974,0.47915733,1.2598295,1.2196379,1.4794014,1.2872992,1.052952,1.1968248,1.2491342,1.1884156,0.3302235,1.3177068,0.16003376,0.540896,1.458909,0.8485588,1.1006644,1.1705191,1.2848271,0.7672236,0.8498001,0.89075303,1.2091737,0.74349785,1.3436573,1.0041788,1.0141946,0.6427959,0.6500335,0.7181859,0.920955,0.95041907,1.2294588,0.9936767,1.0181497,1.0599805,1.3380911,1.2355579,1.4480308,0.5329327,0.686884,1.0825711,1.4198861,0.77305514,1.3587388,0.81098473,0.9051111,0.86566985,1.1786923,1.2369905,0.9476081,1.3976892,0.994086,1.1395049,0.90718067,0.4996208,0.60506415,0.7795609,1.2774897,0.77677536,0.33323336,1.1564481,1.521881,1.3596735,1.1339576,1.0405531,1.1652005,0.43204808,0.45192719,0.827093,0.8294611,1.284713,0.6462108,1.0037563,0.8920689,1.21697,0.9452376,0.50263643,0.5884355,1.1674898,1.2396599,0.6308503,0.6519275,1.1149979,1.0600936,1.4941063,1.0303303,1.3223865,1.0469594,1.1996324,1.2341187,1.280041,0.38602734,1.2620457,0.5631475,1.0583978,1.2135234,0.61680746,1.1334522,0.33708143,1.0557059,1.483691,1.406281,0.71243143,0.7497028,0.64670026,1.2749587,0.33985806,0.83974105,0.4434142,1.1899402,1.0925976,0.42344224,0.5628631,1.0243317
bowl,1.2622571,1.337528,0.8035554,0.6408933,1.379305,0.72255945,0.7327647,0.80158746,0.7329479,1.1807888,1.3126435,1.0156949,1.3463976,1.2614651,1.2110977,1.3021327,1.0779579,0.8080361,0.8136158,0.0,0.96795344,0.6337955,1.0111485,0.54826856,0.9596325,0.80390656,0.8758154,1.2151482,1.1526074,0.73670465,0.7457782,0.84787244,1.1924956,1.3425064,0.94238466,1.1635478,0.6446419,1.0589582,1.2961898,0.72064096,0.844942,1.1861831,0.47381526,0.9243365,0.6351313,1.058916,1.1048329,1.2990208,1.0394729,1.0666662,1.2282306,0.7001333,1.1302168,1.0015472,1.2462518,1.2503598,1.0081408,1.1728916,0.92861867,1.0397065,0.7200392,1.0080851,0.8908681,1.2019,0.94412106,1.0238148,1.4075389,0.9236412,1.2671626,1.0056356,1.1689043,1.1129434,1.3747303,0.60762715,1.4199911,0.72171307,1.1179012,0.9556906,0.7287598,0.5740931,0.831602,1.1841947,0.97613466,1.1267155,0.6248142,1.0018456,0.69679326,1.2100434,1.217519,0.65265846,0.9543945,1.1317389,1.4196918,1.4167814,0.96778405,1.0051143,0.7078324,0.7094498,0.66350245,0.8314516,1.1679091,0.6763165,1.023083,0.26715523,1.0216137,1.1255972,0.9827199,0.95791274,0.7555962,1.1420088,1.1787624,1.0553963,1.0260613,0.6053432,0.9118566,1.4167664,1.0420127,1.3082597,0.61122084,1.2892716,0.8511003,1.1360506,0.960039,1.2822034,0.74118745,1.1929902,0.43737823,0.48358703,1.0921293,0.8808345,1.303575,1.2137552,0.94432586,0.4800495,1.2054588,1.082828,0.9565439,0.84448713,0.9130378,0.71040356,1.1510724,1.0950966,1.0001596,1.1178415,1.2312126
box,0.986085,1.1974324,1.1803362,1.184528,1.027163,1.1627089,1.083049,1.1728716,0.5818165,0.8052283,0.8427973,1.0669118,0.7513185,1.037326,1.0539724,0.91911983,0.897868,0.5367003,0.9017646,0.96795344,0.0,1.0887225,0.81359655,0.6841196,1.1459248,0.8232206,0.99580723,1.1845492,0.97089803,0.9059515,1.1417269,0.94782984,0.66966945,1.0400989,0.9228055,0.8415377,1.1241499,1.129844,0.67574984,1.0337846,1.1591102,0.49722302,0.8510672,0.96492535,1.0061175,0.9988461,0.89846563,0.6877316,0.5814485,0.979614,1.1825657,1.2830299,1.0461359,1.2217244,1.0866601,1.3006608,0.95623845,1.2143953,0.98637193,1.1507059,1.2078016,1.0155585,0.9706611,1.2813787,1.06569,1.1320885,1.1290731,0.99080014,1.1249427,1.1751814,1.274461,0.9556076,1.1007059,0.79081184,1.0579022,1.0763617,0.618353,0.93512064,1.1672627,1.0629276,0.7234701,1.0970643,0.9253223,1.2695441,1.2199062,1.2409992,0.9072145,1.2979689,1.1477162,1.0745628,0.6358913,1.0617391,0.9651151,1.0260873,0.6039145,1.1772174,1.0150814,1.1822674,1.1730689,1.2797794,0.87296486,1.1073022,1.0447159,0.89130664,1.1351231,0.87891954,0.7389882,0.5809999,0.96621114,0.6823888,1.1925294,1.0100003,1.0589639,1.0758874,1.0076035,1.022495,0.95707446,1.0279611,1.1109344,0.83300793,0.8170312,0.89259326,1.1696718,0.98716676,0.88911176,1.0421122,1.0612377,1.1502875,0.96094,1.1518705,0.9238936,1.0148395,0.7879842,0.95459366,1.3219211,1.2744303,1.0120096,0.9011712,0.8296425,0.7035653,0.94027126,0.91723657,0.73387706,1.2838571,0.7878444
bread,1.0140173,1.2351701,1.0067269,0.45722795,1.1692275,0.8590169,0.9457993,0.64988506,1.0401143,1.2531903,1.2385383,1.2638466,1.2739134,1.1221595,0.9749375,1.244097,1.112875,1.1063818,1.088603,0.6337955,1.0887225,0.0,1.0802319,1.1170547,0.9627,1.1959004,1.0391685,1.247363,1.097497,1.1163883,0.6259667,0.9231974,1.2417393,1.167555,0.93177146,1.080391,0.08356261,0.96720713,1.3299255,0.048023045,1.1077131,1.2460953,0.9266927,1.0463998,0.5186398,1.0852861,1.1141247,1.2209903,1.0627862,1.0289413,1.1325235,0.77488,1.0685409,1.032117,1.1122494,1.189046,1.0798428,1.1537738,0.8518063,1.1515243,0.9806457,0.88883436,0.9638928,1.1555725,0.95466876,1.03177,1.2071428,0.7708195,1.1340374,1.1286842,1.2262905,1.1551874,1.3014011,1.0435659,1.3690304,1.036835,1.2082243,1.047023,0.8266132,0.64804345,0.9415267,1.0517914,1.0483315,1.023748,0.2704568,1.0985132,0.9070896,1.2399732,1.0537885,0.7725532,1.1183382,0.99139464,1.3074162,1.3632911,1.0236406,0.88000065,0.07426739,1.0289756,0.9619459,0.67568463,1.2807769,0.46238768,0.8871163,0.50754833,1.026731,1.0708802,1.0621674,1.165203,0.9624695,1.0850704,1.0797864,1.1219531,1.0760287,0.61372286,1.0305096,1.2671838,1.1374524,1.2380303,1.0382537,1.2036518,1.1378584,1.1174407,1.1163411,1.1838744,0.9533022,1.2736747,0.51253724,0.88002723,1.0533757,1.105312,1.2999945,1.1674256,1.0146862,0.9519098,1.1806214,1.1149666,0.97998357,1.0049556,1.1062849,1.0350791,1.0485026,1.0693419,1.1554285,1.186095,1.2033935
broom,1.1187,1.1266438,0.9695138,1.2043788,1.2958779,0.94054985,0.8831003,1.2720894,0.9730581,1.0820065,1.2310925,0.8085338,1.1703572,1.2043375,1.1740294,1.220119,1.1896086,0.90342396,0.6266771,1.0111485,0.81359655,1.0802319,0.0,1.0053732,0.7370057,0.6395402,0.8961741,0.93442965,0.95422804,0.7319435,0.9480663,0.72139704,0.9916047,1.1829668,1.2605683,1.0614893,1.0611607,1.0563205,1.0424263,1.1087918,0.8000169,0.9843589,0.75990283,0.5738064,1.304133,0.84078896,0.9735746,0.76026404,0.8699466,0.8771928,0.94350797,1.1092764,1.0653696,0.81072736,1.2893219,1.0039911,1.0363144,0.9339255,0.6923238,0.8058118,0.860919,0.9259712,1.1938372,1.0479538,1.039681,1.2297441,1.1995056,1.1798694,1.1991569,0.8642977,0.7946049,0.7938245,1.3180221,0.93453634,1.2183229,0.7153965,0.61162543,0.6704261,1.3396375,1.2641758,0.9144151,1.2664047,0.8738626,1.160227,1.0721185,0.98734355,0.8033019,0.7982942,1.2225659,1.0344926,0.6602828,1.0591961,1.304015,1.2451832,1.1102686,1.0931991,1.0805875,0.7039001,0.7549419,1.0774435,0.8354436,1.2315398,0.64272416,1.1257399,0.9537554,1.2222152,0.8454745,0.7613828,0.875804,0.9485725,1.2093105,0.7365226,0.6880002,1.1796881,0.8017651,1.3271859,1.0236253,1.2027425,0.87433124,0.9994992,1.0295819,1.0877662,0.8296028,1.0153856,0.8604702,0.9525123,1.2383335,0.7434716,0.92928416,0.93027437,1.0468746,1.3373042,1.1985158,1.0379012,0.91825116,0.98541176,1.047694,0.6404851,1.1210455,0.8126101,1.0651612,1.0606062,0.24500453,0.92435205,0.8455308
bucket,1.1568692,1.1457697,1.0402291,1.0241661,1.2223747,0.8692371,0.8218632,1.0651679,0.53887767,1.0767095,1.16565,0.9155365,1.107671,1.1850024,1.2172512,1.0963521,1.0639955,0.7080454,0.79842424,0.54826856,0.6841196,1.1170547,1.0053732,0.0,1.0145198,0.73308504,1.0040867,1.0252762,1.0670742,0.8060554,1.0479296,0.9676376,1.0537229,1.2219955,0.79613304,0.95458657,1.0504925,1.1201156,1.0637771,1.127584,1.0051594,0.8864904,0.624912,0.99695265,0.86451036,1.0286872,0.89207506,1.094676,0.9241045,0.91980404,1.1167176,0.92568415,1.1227676,1.1324472,1.1625469,1.1745484,0.8791985,1.0727167,1.0195701,1.0490713,0.97742313,1.0081167,0.9314395,1.1448262,0.9953842,0.86305034,1.2155342,1.0737989,1.1343877,1.0214152,1.176362,0.9439024,1.2090974,0.389207,1.0971551,0.951692,0.8800792,0.9512608,0.9417979,0.8126192,0.5036508,0.93879193,0.94156784,1.1366241,1.0695508,1.1430261,0.8828053,1.1460701,1.134509,0.88695383,0.79819345,1.0977377,1.1463767,1.0850186,0.89644456,1.0789137,1.0942507,0.99806356,1.0335988,1.0425977,1.0915387,1.0289109,1.0449464,0.79570484,0.97888666,0.90675545,0.8058514,0.7502082,0.8047204,1.0131302,1.1653337,1.0634418,1.1097009,0.9219167,0.9211882,1.2339209,0.83595824,1.0597998,0.6649693,1.0968025,0.8703022,1.1722977,1.0649331,1.1809906,0.7143679,0.9175022,0.8277626,0.90302867,0.9759309,0.9772285,0.8732586,1.1682225,1.0357776,0.47757787,1.1644552,1.1292443,1.0205488,0.9479612,0.7228246,0.8351575,1.1163244,1.0827848,0.9388751,1.1558354,1.1056621
butterfly,1.0320637,1.1285799,0.85788274,1.0915595,1.3934178,0.8721957,0.76656216,1.1108605,1.0101908,1.3770124,1.3518513,0.7150887,1.4525874,1.3359522,1.1165162,1.2537682,1.118699,0.7897104,0.6811523,0.9596325,1.1459248,0.9627,0.7370057,1.0145198,0.0,0.68031377,0.7304374,0.8981857,0.9395805,0.6912692,0.7997599,0.64620626,1.2417266,1.2285354,1.2636206,1.181889,0.8905454,1.0600324,1.2019095,1.0455337,0.77125573,1.3113782,0.77965724,0.6574019,1.3107073,0.7236719,0.9141631,1.1972294,1.1838422,0.863303,0.92456573,0.981778,1.1806985,0.76988804,1.243877,0.9699863,0.93352985,0.67252284,0.5751423,0.7133471,1.0166745,0.68005246,1.2903409,0.95871055,0.83033496,1.0578444,1.2468323,1.2435182,1.2646303,0.60624737,0.4878888,1.1742291,1.2714908,1.007239,1.205641,0.9521145,0.9759815,0.8714,1.0082002,1.2012005,1.0757161,1.1877016,0.8683604,1.0979528,0.81895095,0.91693914,0.68628854,0.8146821,1.2199764,0.89175737,0.8084645,0.937597,1.3609753,1.2598622,1.0712645,0.88129234,1.0318929,0.75011134,0.79199564,0.8771504,0.8796802,1.079576,0.63455445,1.1024109,0.64897805,1.1940017,0.8464412,0.79334474,0.7491693,1.3042891,1.090389,0.44455755,0.7250468,1.0654551,0.8802334,1.3563296,0.81153643,1.2037613,1.0297189,1.2602444,1.3000737,1.2147497,0.6640503,1.2430899,0.7947326,0.92449415,1.2058752,0.8380575,1.22696,0.69148624,0.9454481,1.3829505,1.4637275,0.84586436,0.83806705,0.96059525,1.316361,0.6530234,0.8538831,0.79732347,1.1981641,1.0135946,0.69734967,0.79271805,1.078501
can,1.4438808,1.0015345,0.42361313,1.1385629,1.5474253,0.7889651,0.6302118,1.2291124,0.9991376,1.3653721,1.4927714,0.4503572,1.4565308,1.4544809,1.2976253,1.4501266,1.3208563,0.5706538,0.23057508,0.80390656,0.8232206,1.1959004,0.6395402,0.73308504,0.68031377,0.0,0.67178535,0.62160265,1.1067847,0.27237964,0.8634033,0.5435051,1.3276672,1.2229424,1.3629174,1.2348616,1.1516593,1.2151599,1.1181753,1.3139241,0.3873338,1.2605033,0.31241083,0.43927097,1.5079577,0.8544643,0.9867319,1.1575805,1.1863586,0.8139435,0.74356896,0.8561606,1.2287132,0.74333537,1.3865454,0.84783936,1.0199207,0.5909146,0.80861807,0.6082977,1.0089691,1.0202297,1.3403845,0.88530624,1.1132723,1.0483172,1.3674245,1.3569536,1.3751562,0.43711782,0.7026363,1.1333338,1.3575625,0.7608472,1.2239853,0.8114955,0.85802335,1.0024289,1.1874468,1.190669,1.0946333,1.3558099,1.0631053,1.1272148,0.95957977,0.5001999,0.64666885,0.61013603,1.2426136,0.813897,0.4443701,1.2380086,1.4684465,1.2472951,1.1070716,1.0440595,1.2872258,0.50813746,0.5106124,0.78870034,0.6928036,1.2460576,0.8224238,0.9889447,0.90991765,1.2278101,0.92500246,0.3461666,0.5413768,1.2064078,1.2705407,0.6910291,0.5416018,1.0626848,1.1162091,1.4906566,0.98407996,1.2064869,0.9469969,1.1740223,1.0758878,1.3382736,0.28882015,1.267356,0.5358572,0.81855655,1.2067968,0.6966721,1.2667824,0.34877336,0.8896972,1.4807389,1.4525143,0.63693273,0.6360285,0.6008278,1.3771124,0.4234588,0.8624306,0.4458424,1.2526939,1.1321216,0.41735756,0.46837258,0.938469
