,penguin,duck,bird,owl,butterfly,fish,frog,rooster,pig,alligator,bear,deer,elephant,giraffe,zebra,pony,horse,dog,cat,toe,foot,ankle,finger,hand,arm,leg,hair,ear,eye,face,nose,mouth,tooth,shower,bathtub,sink,refrigerator,oven,couch,bed,closet,drawer,door,window,stroller,crib,bench,table,chair,lamp,car,motorcycle,tricycle,boat,helicopter,firetruck,truck,snow,tree,grass,sprinkler,hose,slide,swing,ladder,chips,cracker,cookie,muffin,pastry,bread,toast,sandwich,hamburger,meat,pasta,pizza,sauce,soup,applesauce,raisin,pickle,milk,egg,corn,carrot,potato,banana,orange,strawberry,melon,apple,pumpkin,flower,plant,glasses,book,pen,pencil,crayon,spoon,fork,knife,scissors,toothbrush,comb,vacuum,mop,broom,shovel,nail,stick,rock,coffee,cup,bowl,dish,plate,glass,jar,bottle,bucket,can,basket,tray,box,paper,napkin,towel,blanket,pillow,gum,soap,tape,ball,balloon,dress,pajamas,shirt,jacket,coat,sweater,scarf,pants,shorts,jeans,glove,mitten,sock,slipper,shoe,toy,doll,necklace,bib,purse,belt,hat,watch,clock,radio,game,cloud
penguin,0.0,0.62440526,0.55335575,0.5852343,0.7315971,0.6314893,0.7039734,0.7265321,0.8087232,0.75563097,0.64412934,0.6994255,0.61380124,0.50502956,0.54827553,0.80024844,0.83132076,0.7729958,0.7702931,1.0454042,1.0725769,1.1215051,1.0572778,1.1071045,1.0068206,1.0101366,1.0844728,1.0550984,1.0949427,1.0554652,1.084729,1.0581387,1.0750251,1.1181084,1.0809357,1.1393107,1.0384668,1.0642849,1.1549258,1.0627359,1.1309354,1.1288327,1.0930318,1.0872258,1.0794758,1.0924385,1.1012642,1.1458666,1.138692,1.1199404,0.9248142,0.96906835,0.9996875,0.9385506,0.9406818,0.9720363,1.0712482,0.9088703,1.0441233,1.0932081,1.0974772,1.0954278,1.0797349,1.1114712,1.0620992,1.0954726,1.0587137,1.1239607,1.056226,1.0565386,1.0670321,1.0518183,1.0287771,1.0169257,0.9855502,0.9923753,1.0115527,1.0340524,1.066358,1.0503541,1.0618263,1.0872606,1.0362006,0.9438082,1.0048757,0.92914826,1.0128263,0.92308205,0.9486316,0.9870762,1.0151618,0.99254113,1.0313522,0.92622304,1.0979441,1.0959945,1.023302,1.0008624,1.0429525,0.97773,1.0948226,1.089672,1.0637336,1.0347854,0.9959685,1.0464998,1.0524019,1.146329,1.1451274,1.0970156,1.0210412,1.0373651,1.0074927,1.0515864,1.1185329,1.1733172,1.1015831,1.1220077,1.1516291,1.084525,1.000785,1.0750167,1.0090133,1.1629119,1.0898666,1.0812972,1.0686004,1.1542723,1.0606514,1.1432309,1.16709,1.0814561,1.0369736,1.0271492,1.0365055,0.97332096,1.0468949,1.1185501,1.1022117,1.0725081,1.0038704,1.0448449,1.014203,1.1060634,1.1224823,1.0723846,1.1074356,1.0566422,1.1152227,1.0368694,1.045711,0.8798706,1.0215256,1.022012,1.1035566,1.1066396,1.1186765,1.0330485,0.9708401,1.0942827,1.0151497,0.9956941,0.96783954
duck,0.62440526,0.0,0.45466244,0.67527425,0.73579603,0.6984538,0.69244814,0.61553955,0.7915981,0.5951681,0.71342176,0.64887524,0.83533466,0.80529976,0.81117785,0.8407546,0.8419408,0.7624113,0.8152889,1.0572201,1.0642564,1.075782,1.0800905,1.1534178,1.0670342,1.0915132,1.0466154,1.0382195,1.039587,0.92944276,1.0909908,1.091423,1.0943644,1.0644368,1.0323079,1.0654415,1.1506497,1.1143061,1.1210515,1.1255721,1.1677402,1.1564305,1.0718157,1.078117,1.0850748,1.209311,1.0046539,1.125808,1.1461955,1.0501446,0.8669034,0.97724235,1.01844,0.8237848,0.9618312,1.0162904,0.9509007,1.0241969,0.99911684,0.96115106,0.9111523,1.0235037,1.0559493,1.0605403,1.1451702,1.0576781,1.0974317,1.0473534,0.9592031,0.99276584,0.9453672,1.0105733,0.9653471,0.93637025,0.9339125,1.0824229,0.990713,1.1176604,0.99389035,1.0216941,1.0324031,1.0009857,1.0556985,0.85697854,0.91708285,0.97275764,0.9957275,1.0447366,0.9520434,1.0454949,0.9974395,0.93531954,0.9436181,0.8167788,1.0020698,1.1004839,1.0686436,1.0424027,1.0750821,1.0345589,1.1001891,1.0649388,1.1047392,1.115517,1.0568955,1.0713187,1.0782108,1.1197248,1.0782253,1.0626289,1.1116737,1.0381402,0.98000276,1.0461028,1.1198524,1.1064957,1.0671272,1.0654763,1.0829024,1.1296316,1.0102583,1.0492263,1.0849783,1.0890634,1.1425396,1.0874788,1.1397744,1.1446398,1.1017032,1.2007132,1.159085,1.1349648,1.0935528,1.0580783,0.9890593,1.0256275,1.0777485,1.1005292,1.0489699,1.0693921,1.0779577,1.03578,1.0407276,1.0849787,1.1639972,1.1180918,1.1035048,1.1261718,1.1201822,1.0514061,1.0322092,0.922843,1.0027835,1.0857337,1.0843626,1.1154196,1.1048111,1.0551096,1.0482355,1.0981163,1.043725,0.9932315,1.009398
bird,0.55335575,0.45466244,0.0,0.47286892,0.53352803,0.6292286,0.54623324,0.62451607,0.8607485,0.74973416,0.71806955,0.5608429,0.81287205,0.7741766,0.74653983,0.8458802,0.81851685,0.82999367,0.768486,1.1016046,1.1504734,1.1470156,1.12419,1.1680912,1.0476459,1.0325968,1.0969539,1.0938958,1.0108037,1.000914,1.0877343,1.0628816,1.0620407,1.1138204,1.1133648,1.1116626,1.144505,1.115275,1.110883,1.0807612,1.1396557,1.101995,1.1137885,1.0550996,1.0660803,1.0887454,1.0199085,1.0674025,1.0888815,1.005179,0.877279,0.95594615,1.0242455,0.9990183,0.8748125,1.0489047,0.991271,0.9783534,0.89920545,1.0365267,0.99328923,1.0902613,1.1041467,1.0778174,1.0700583,1.0883045,1.087928,1.0600141,0.97847223,0.94802433,1.0092393,1.0622568,0.96682596,0.9716331,1.0365303,1.0239167,1.04403,1.0366921,0.9804025,0.98759,0.9061097,1.0359943,1.0849595,0.8627149,0.9717405,0.97724867,1.016675,0.98743993,0.90904355,0.9392661,0.9485382,0.85565364,0.9600965,0.74714684,0.86102635,1.1579437,1.0707798,1.0962048,1.0984839,1.0845641,1.114648,1.1036557,1.1253569,1.1292392,1.1436002,1.1273084,1.0399036,1.1142825,1.1052248,1.068751,1.0397433,0.9439249,1.0246148,0.9357137,1.012796,1.1028451,1.0434273,1.0906198,1.1630386,1.1276813,1.0756507,1.1141694,1.0560261,1.0808063,1.1118113,1.1557982,1.1647152,1.1852086,1.186615,1.1939594,1.1333716,1.1517568,1.1517245,1.0222124,0.99692124,1.037506,0.9939459,1.1109327,1.1427171,1.1196331,1.0688074,1.0871288,1.0524988,1.0987532,1.1282382,1.1524997,1.153518,1.168364,1.1498846,1.1905854,1.1313279,0.9318783,0.9918785,1.0263647,1.0752792,1.0920249,1.1219921,1.0948923,1.0428059,1.0435565,0.99968237,0.9627244,1.0388876
owl,0.5852343,0.67527425,0.47286892,0.0,0.6333053,0.71961874,0.64856344,0.7026415,0.8269883,0.6730691,0.64354336,0.65430325,0.71181726,0.65696657,0.69658226,0.8050537,0.8561096,0.8143767,0.68168205,1.0932157,1.1467683,1.1513573,1.0880314,1.0639367,1.0142734,1.0336503,1.0179641,1.0277656,0.8724112,0.961812,1.0556697,1.1098378,1.1261322,1.1227521,1.1471242,1.1326531,1.0967379,1.1122154,1.1541079,1.1025958,1.1312306,1.1305077,1.0588087,1.0444337,1.0916593,1.1492971,1.0938357,1.1386783,1.1535492,1.0730575,0.9003419,0.97680026,0.9629078,1.0000719,0.82023346,0.9518044,1.0040845,0.9865895,0.90638596,1.019295,1.0347428,1.1607239,1.0845788,1.0279421,1.037509,1.1311941,1.0747014,1.0371795,1.0123867,1.0431054,1.0065236,1.0171652,1.0014014,1.0042188,1.0145535,1.0882212,0.9839067,1.1113876,1.0468961,1.0846697,1.0287774,1.125398,1.0897764,0.9458328,1.0248917,1.0227236,1.1162956,0.96690434,0.9337502,0.9521342,1.0508469,0.9299832,0.93774915,0.856555,1.0406777,1.0516267,0.9637376,1.0383432,1.0789864,1.0630814,1.0691794,1.062384,1.0332139,1.0345664,1.0715979,1.0756872,1.0713229,1.072894,1.0396134,1.0234672,1.0590221,0.9510665,0.99490696,1.0069735,1.0740246,1.1057806,1.1024076,1.0540117,1.1221714,1.1033337,1.0835552,1.123723,1.0531158,1.0356445,1.111262,1.0426668,1.0703259,1.1088029,1.1062447,1.127601,1.1262559,1.1691488,1.1597043,1.1159302,1.0178045,1.0233973,1.1102238,1.0658046,1.0904926,1.1197221,1.0538062,1.0627129,1.0753744,1.1396047,1.1459233,1.1113472,1.1201408,1.0873734,1.111338,1.1404594,1.066156,0.9680615,1.010839,1.0777963,1.0708436,1.094656,1.1362934,1.0709898,0.9841878,1.0271717,1.0088346,1.0458907,0.9529682
butterfly,0.7315971,0.73579603,0.53352803,0.6333053,0.0,0.6043638,0.60112053,0.7693988,0.89747876,0.7959491,0.7598308,0.7257999,0.79577637,0.800694,0.68970734,0.84171396,0.79379773,0.95758814,0.82109237,1.049527,1.0771141,1.1079106,1.0647639,1.0146977,1.0437376,1.0396491,1.0846769,1.0959148,0.94476503,1.0477724,1.0215904,1.0423509,1.0026826,1.1149286,1.1155491,1.1265204,1.1050894,1.1693397,1.0992879,1.0577469,1.078733,1.1109588,1.0514147,1.0517908,1.077003,1.1174155,1.0541741,1.0847136,1.1150429,1.053052,0.93103045,0.8947635,1.0417999,0.95821655,0.85709345,0.96851283,0.99688447,1.0395774,0.8091384,0.9747903,0.9525486,1.113181,1.1163374,1.1385033,1.0859468,1.0663297,1.0552188,1.0933002,1.0923775,1.0348266,1.1023388,1.0060946,0.9804348,0.98643416,1.0695827,1.0832214,1.0952444,1.140085,1.058175,1.1221104,0.98254836,1.0313303,1.0545549,0.9830973,0.93812996,0.9892646,1.1162446,1.0006306,0.87362635,0.88329744,0.97633296,0.8957984,0.94241077,0.53133893,0.7569231,1.0430017,1.0059232,1.0281605,1.0543174,1.0600797,1.0681735,1.0413065,1.1008294,1.0223528,1.079186,1.0589148,1.1199564,1.1226792,1.1049793,1.0665543,1.0621923,0.9297799,0.95993954,0.9019761,0.97737306,1.096138,1.0253909,1.0494312,1.0448107,1.0749549,1.0600374,1.0861629,1.1120839,1.0651155,1.1261431,1.1263826,1.0977422,1.1128925,1.1652982,1.198446,1.0794615,1.0409884,1.1125563,1.1128938,1.0080764,0.95869327,1.0426685,1.0931239,1.0949782,1.087084,1.135303,1.1249336,1.1219893,1.0939921,1.1306734,1.1406813,1.0612351,1.1387992,1.1506565,1.1398115,1.0359807,0.9986143,1.0239288,0.99707943,1.1025538,1.080816,1.0903676,1.0658033,1.018702,1.0565375,1.05963,1.0154775,0.93237805
fish,0.6314893,0.6984538,0.6292286,0.71961874,0.6043638,0.0,0.58701336,0.7497839,0.8100397,0.7208692,0.760525,0.72251165,0.76637053,0.83681285,0.71567345,0.81067574,0.79958254,0.83520687,0.7675308,1.1003464,1.1089396,1.1390461,1.059875,1.0701724,1.0465902,1.1147811,1.0358595,1.0214602,0.9217807,0.9566632,0.9737638,0.97558576,0.959955,0.99964327,1.0333245,1.0750538,1.0690151,1.0626149,1.064517,1.0704032,1.0985178,1.1330594,1.091773,1.1323645,1.0628651,1.0647774,1.1130991,1.1006122,1.1524173,1.0487533,0.888181,0.8656009,1.0307615,0.82873225,0.95600027,0.99498755,1.0231569,1.0666538,1.0364093,1.0734138,0.99678683,1.0281594,1.1800456,1.195532,1.1668719,1.0243491,1.0545151,1.1147408,1.1092119,1.0508764,1.051145,1.0357991,0.9241526,0.94998753,0.98173773,1.0166733,1.0832556,1.1002842,0.97240543,1.1401731,1.0991567,0.9810059,1.1950103,0.9913242,0.9370174,0.97041196,0.97182274,1.040455,0.9121146,0.98049,1.0491941,1.032562,1.054533,0.82299185,0.8401289,1.061586,1.0590452,0.98570323,1.0262207,1.0274296,1.1314826,1.0367584,1.0058626,1.0591365,1.0303279,1.0795172,1.0400763,1.0822163,1.0723865,1.0797529,1.1076082,1.0578167,1.0061494,1.0874908,1.1188182,1.0705329,1.0694276,0.9847692,1.1021811,1.0774951,1.0423785,1.0412,1.0628673,1.093632,1.1180036,1.1096452,1.09191,1.0810509,1.100058,1.1215311,1.0862272,1.1451538,1.1846995,1.1025693,1.0650065,0.9853391,1.0261692,1.136476,1.0350729,1.0226861,1.0356853,1.000428,1.0250033,1.0728409,1.075963,1.0814654,1.1019927,1.1252745,1.1078743,1.1700665,1.1002841,0.97196734,0.98578936,1.0334042,1.0423433,1.004587,1.1272016,1.0622741,0.98724407,1.0473899,1.0277038,0.9930564,1.0788705
frog,0.7039734,0.69244814,0.54623324,0.64856344,0.60112053,0.58701336,0.0,0.7962297,0.7921821,0.5895375,0.75656855,0.64087117,0.81824493,0.75574505,0.76877946,0.8995041,0.8822474,0.8421503,0.77044284,1.0005959,0.9993851,1.0884761,1.009561,1.0296865,1.0134313,1.0488116,1.1137931,1.0550915,0.9529376,0.9898997,0.9812587,1.0574707,1.0231485,1.0678396,1.0611614,1.0990295,1.1195209,1.1440794,1.1151795,1.1081368,1.1341614,1.1259272,1.1140168,1.1656395,1.0438619,1.1091107,1.1101401,1.1613662,1.1134151,1.0966212,0.8833896,0.9334048,1.0281119,0.9751226,0.919391,0.9685612,0.9963158,1.0336809,0.94055957,0.9750801,0.99894017,1.0673513,1.0952317,1.1301333,1.0627105,1.0445004,1.0380087,1.0631862,1.0899738,1.0476441,1.0401092,0.99330664,0.9324221,1.0234761,1.0530218,1.0728245,1.1059209,1.0859432,1.0056716,1.0703759,0.9530832,0.8574052,1.0490273,0.97242856,0.91844183,0.91715175,0.9655538,0.9521181,0.93883926,0.9404353,0.927269,0.95898443,0.9744771,0.82206595,0.8520111,1.080195,1.0502975,1.0509448,1.0906367,1.0865288,1.1474895,1.19759,1.1443043,1.0926601,1.103884,1.1655037,1.0796711,1.0792949,1.085111,1.074115,1.0593435,0.85783404,0.96142846,1.0424336,1.0795186,1.1180915,1.1329381,1.1396153,1.1240499,1.08301,1.0722322,1.0166817,1.0938549,1.1254311,1.1268656,1.062438,1.0324664,1.1206154,1.1130891,1.1848742,1.1330613,1.0589315,1.0548275,1.0343572,1.082759,1.0903152,1.0386502,1.0938696,1.095442,1.0702608,0.99978185,1.0916512,1.092969,1.052466,1.1227897,1.1443427,1.0757693,1.0969272,1.1277369,1.0766687,1.1195707,0.9479866,1.0284783,1.0360602,1.0664274,1.0526707,1.101227,1.0221628,1.0309917,1.0642198,1.0410073,0.98758066,1.0686649
rooster,0.7265321,0.61553955,0.62451607,0.7026415,0.7693988,0.7497839,0.7962297,0.0,0.61537373,0.7319177,0.81520694,0.77126586,0.8877798,0.83930236,0.74847513,0.62239623,0.6904259,0.8555219,0.82051367,1.104993,1.0492699,1.0744548,1.0836184,1.1048208,0.9779946,1.0597001,1.0624069,1.053867,1.0687324,1.0444578,1.1318649,1.134975,1.1533597,1.0865941,1.0896062,1.1398464,1.0828122,1.0374087,1.1545901,1.068316,1.1764971,1.1559384,1.0489541,1.0741322,1.1433858,1.1450539,1.0159321,1.13998,1.1359441,1.0628837,0.9824976,0.9159611,0.9617893,0.9639693,0.9804524,0.9874091,0.94733953,1.0589695,0.9746052,0.8964015,0.9783368,1.0366061,1.0904021,1.0897348,1.0832065,1.0091939,1.1434044,1.0639806,0.9789471,0.9380212,1.0105684,0.976275,0.9293772,0.90896046,0.8771338,1.011944,1.0667087,1.0011803,0.98854667,1.0229093,1.0190271,0.9683645,1.0028144,0.59511065,0.79549205,0.7993938,0.8938179,0.95119786,0.9210896,0.96212167,0.9938562,0.8951896,0.9035939,0.8818905,0.90833616,1.0816753,1.048988,1.0624529,1.0621114,1.0715156,1.0696142,1.0235481,1.0171516,1.0993394,1.1495237,1.0534835,1.1038057,1.0383362,0.98071784,1.0068394,1.1122708,1.0650809,1.0320282,1.0490916,1.1456354,1.1009294,1.090655,1.0566101,1.1179643,1.148028,1.1006222,1.047613,0.9907042,1.0335215,1.1318473,1.0359681,1.0367914,1.1149238,1.1557028,1.2020804,1.1111205,1.1299263,1.1469133,1.0625756,0.96650636,1.0510414,1.1257153,1.1057204,1.1054792,1.1793114,1.1361954,1.0964416,1.1249622,1.1136386,1.1078856,1.0980852,1.1024129,1.1007258,1.0943146,1.1051997,1.0441817,1.0035583,1.0732353,1.1486102,1.1838181,1.2312996,1.0867678,1.0662423,1.1180732,1.0759845,1.0370512,1.0591857,0.99183476
pig,0.8087232,0.7915981,0.8607485,0.8269883,0.89747876,0.8100397,0.7921821,0.61537373,0.0,0.72495604,0.664235,0.6952203,0.65038824,0.8033311,0.7631587,0.59649533,0.6897086,0.81034774,0.844704,0.9568694,0.91967124,0.94907963,1.0284793,1.0191689,0.95496947,0.99854314,1.0826426,0.9912692,1.0334148,0.9556406,0.9575568,0.9926699,0.97621167,1.0976979,1.0988704,1.1434708,1.0742043,1.0982807,1.1673297,1.1092894,1.2142886,1.2003316,1.1700008,1.1794735,1.1572951,1.1330109,1.1208496,1.1792767,1.1958725,1.2402318,1.0141932,1.0056735,1.0534978,0.9948133,0.9513813,0.99723136,0.9203442,1.0893013,0.96741295,0.89905643,1.0100938,1.0550139,1.1261278,1.1019336,1.0550584,0.98618025,1.0333931,1.0155126,0.98639166,0.99236774,0.9773548,0.9973032,0.9544056,0.9036908,0.7216183,1.062611,1.0470691,1.1117026,1.0940949,1.0378706,1.0267379,0.97794753,0.976607,0.8904219,0.8077147,0.83867145,0.7971513,0.91428155,0.9106866,0.9323842,0.91731256,0.86011803,0.9141176,0.9219953,0.9814349,1.0597882,1.0302913,1.0274098,1.0274386,1.0535895,1.1664499,1.08685,1.0226647,1.093689,1.0732341,1.0371608,1.1057324,1.0866852,1.0686574,1.0617508,1.0566887,1.038516,1.0347408,1.1575667,1.19609,1.1839967,1.1461401,1.1152364,1.1349776,1.0559425,1.118255,1.027753,0.9537174,1.096233,1.1548048,1.107783,1.0249884,1.1349492,1.1219156,1.1993449,1.2012694,1.1123677,1.0871677,1.0785573,1.080827,1.0581886,1.0712572,1.0735695,1.03969,1.1256418,1.076916,1.0654144,1.1061988,1.1055008,1.042936,1.0397415,1.1151096,1.113174,1.0813291,1.020451,1.0524544,0.95417094,1.042565,1.1347301,1.1029379,1.1225979,1.0361974,1.0783235,1.0940726,1.14242,1.0888371,1.0531188,0.9168973
alligator,0.75563097,0.5951681,0.74973416,0.6730691,0.7959491,0.7208692,0.5895375,0.7319177,0.72495604,0.0,0.6556117,0.7434124,0.6607106,0.6617638,0.6799071,0.8527836,0.8776755,0.8646663,0.8873103,1.0314399,1.0044192,1.023463,1.0105073,1.0424901,1.027607,1.075464,1.1014285,1.0253764,1.0048683,0.96191597,1.0584254,1.0281057,0.93691635,1.0935482,1.0653288,1.101339,1.0697229,1.0740516,1.1402508,1.1250334,1.2024322,1.2120929,1.1153985,1.1926286,1.0699271,1.1514821,1.0371506,1.1914622,1.1960324,1.113002,1.0048872,0.974077,1.0317899,0.9120519,0.86297405,0.9207553,0.9841417,0.9734468,1.0038823,0.97763914,0.9476258,1.037077,1.0367177,1.0867355,1.0719397,1.0997442,1.0023135,1.0347743,1.0045967,1.0188912,0.98256516,1.0317142,0.9798103,0.99908346,0.9255683,1.088849,0.90156114,1.0481707,1.0585464,1.1649965,1.1268511,0.9903464,1.1050857,0.9653833,0.87314683,0.9974868,1.0927892,1.0023196,0.9159776,0.9937436,0.98997164,1.0786593,0.96286577,0.93966067,0.9830258,1.1039779,1.0645591,1.0709445,1.0801891,1.0505425,1.1572415,1.0771341,1.0248176,1.1662099,0.99807477,1.0645075,1.057157,1.0524226,1.0218059,1.016639,1.0799309,0.9156493,0.9317621,1.0982915,1.1549071,1.1414865,1.1459979,1.0759376,1.064483,1.1039172,0.9590994,1.0477871,1.1027333,1.0982789,1.1825011,1.0614399,1.0763725,1.1668656,1.1045095,1.1898689,1.1557204,1.0913498,1.1193141,1.1175941,0.99224365,1.0293388,1.0867617,1.102917,1.029633,1.0749472,1.0369632,1.0444751,1.1215721,1.0595645,1.1020119,1.1190666,1.0037704,1.0824037,1.0879252,0.9992076,1.0073729,0.93157387,1.0635282,1.0649532,1.1165816,1.1418846,1.0591729,0.994334,0.9954599,1.0160552,1.0015992,0.99297446,0.9721448
bear,0.64412934,0.71342176,0.71806955,0.64354336,0.7598308,0.760525,0.75656855,0.81520694,0.664235,0.6556117,0.0,0.61142814,0.51105815,0.6838382,0.6640799,0.66830534,0.73748004,0.731477,0.75944996,1.0461082,1.0517355,1.0704609,1.0234057,0.99961376,1.0158572,1.0801132,0.9703858,0.99756324,1.0207509,0.95721614,1.0473028,1.0977149,1.0584073,1.0910597,1.0894555,1.1290174,1.0231305,1.0804508,1.1330478,1.0952648,1.172682,1.1536962,1.1070545,1.095789,1.0420442,1.1020229,1.07042,1.1177793,1.1548406,1.1703844,0.955065,1.026744,1.079411,0.95883363,0.9180254,0.936545,1.0129143,1.0010147,0.9781609,1.0384126,1.0052717,1.0654693,1.024886,1.0520957,1.0512931,1.0302758,1.0190005,1.0497571,0.99649864,1.0525804,0.9747459,0.99637395,1.0595133,1.0035571,0.8981544,1.0271833,1.0045713,1.1139988,1.0730715,1.0814162,0.9997659,1.0046638,1.0871407,1.0654752,0.9718971,0.9744259,1.0378993,1.0279899,0.9485908,0.9388052,1.0841349,0.95106256,0.97994435,0.9257047,0.9989219,1.0814354,1.0337411,1.0208354,1.0303375,1.027371,1.1375884,1.0406988,0.99008095,1.0492052,1.040993,1.0280235,1.0948519,1.1330202,1.0830641,1.0726265,1.041156,1.0413787,1.0368106,1.0784674,1.1536913,1.1398916,1.0815954,1.0934594,1.0917296,1.1047434,1.0349162,1.1170382,1.0601805,1.1311986,1.1483802,1.1423393,1.099125,1.1493037,1.1172696,1.1728071,1.2312684,1.0991365,1.1084853,1.0993247,1.0490735,1.0163463,1.0708104,1.0733373,1.0822494,1.0712278,1.0508412,1.0572065,1.1241045,1.0643823,1.0819501,1.0832874,1.0710428,1.1191896,1.1375422,1.09162,1.1128874,0.9718232,0.9917183,1.0531307,1.0767442,1.1131376,1.0664448,1.0924326,1.0447748,1.0452394,1.0195205,1.0312805,0.9485401
deer,0.6994255,0.64887524,0.5608429,0.65430325,0.7257999,0.72251165,0.64087117,0.77126586,0.6952203,0.7434124,0.61142814,0.0,0.6741358,0.55178535,0.57692957,0.7299523,0.657332,0.80569136,0.75892025,1.0640448,1.0506934,1.0234679,1.0596007,1.0569725,0.9916331,0.98960406,1.0517185,1.0133747,0.9889493,0.97806346,0.997332,1.0517588,1.0513241,1.1371096,1.1398703,1.1251155,1.0228816,1.0263981,1.0931257,1.0602126,1.104411,1.1367786,1.1080872,1.0587205,1.006463,1.0538157,1.085758,1.1205235,1.0841044,1.1221733,0.8508049,0.9648267,0.987896,0.9786426,0.86408174,0.984191,0.90714025,0.98499835,0.84921587,0.98214996,1.0281373,1.1340815,1.0838171,1.05397,1.066031,1.1090456,1.1049081,1.0921543,1.0516119,1.0835953,1.0480193,1.0573571,0.97211593,0.9231389,0.8598392,1.0529779,1.0455953,1.013952,1.0674509,1.068231,1.0704387,0.9729601,1.0320754,0.9171314,1.002981,0.92955,0.9764266,1.0283101,1.024563,0.99367845,0.99567735,0.83864844,0.93635786,0.94695413,0.94523805,1.0722764,1.0433629,1.1209627,1.10488,1.1075268,1.1507881,1.0774293,1.0153973,1.0391026,1.0899104,1.1251875,1.068505,1.1891587,1.1617582,1.0838825,1.0707861,0.8949197,1.0425406,1.0400612,1.1490952,1.1901348,1.1281945,1.1698688,1.1328268,1.1370771,1.0943148,1.1741385,1.0877606,1.1144056,1.1829607,1.1078309,1.0972247,1.1671299,1.1410762,1.1981878,1.141298,1.121332,1.1011854,1.0744612,1.0273242,1.0937581,1.0346128,1.1164801,1.0952214,1.0933816,0.98444533,1.0704781,1.0877569,1.0262662,1.0480185,1.0874034,1.1668485,1.1753198,1.1416031,1.1178516,1.1222491,1.0659283,0.9647229,1.0953983,1.0704857,1.0842468,1.0873106,1.1011785,1.1367407,1.1542627,1.062639,1.0463763,1.0235174
elephant,0.61380124,0.83533466,0.81287205,0.71181726,0.79577637,0.76637053,0.81824493,0.8877798,0.65038824,0.6607106,0.51105815,0.6741358,0.0,0.40031087,0.44330168,0.627623,0.73318017,0.8010495,0.8419961,0.98324853,1.030172,1.0454645,1.0527148,1.0637968,1.0481735,1.0523864,1.010226,0.9705317,1.0243529,0.9751696,1.0151973,1.0632144,0.97402173,1.086514,1.0529513,1.0934039,1.0555801,1.1283243,1.0649493,1.0583676,1.1377735,1.1855539,1.1741318,1.19353,0.94122386,0.9884626,1.1081973,1.1073261,1.1349754,1.1148506,0.9348039,1.02783,1.007607,1.0626897,0.9520165,0.97218686,1.0069245,1.0575795,1.0078673,1.035339,1.0301716,1.0238758,1.0396966,1.0293051,1.0726476,1.1694446,1.0757365,1.0816643,0.99301964,1.0868882,1.0458405,1.0740235,1.0696759,1.0471362,0.9705598,1.0266362,0.97763145,1.0996895,1.061461,1.0828973,1.1035864,1.1531744,1.0266737,1.1246756,1.0038291,1.0240848,1.101729,0.955109,0.96195203,0.96156263,1.0900568,1.0299265,0.99766374,0.98877627,0.9988803,1.0697352,1.0524424,1.0872769,1.0539775,0.98377186,1.0705616,1.0834595,1.034576,1.0486581,0.9944106,1.0658069,1.0727015,1.1179496,1.0918598,1.0009624,1.0307434,1.0120589,1.1162779,1.0721382,1.0951848,1.1418626,1.0972378,1.1245737,1.1081148,1.1113307,1.0731704,1.0387962,1.081763,1.183083,1.1452472,1.0849179,1.0940796,1.1481546,1.0319369,1.1244714,1.1783984,1.0547986,1.0558894,1.0501225,1.0663241,0.9988187,1.0642669,1.0208646,1.0468283,1.0486026,1.0213337,1.0683676,1.1156011,1.0071682,0.9960369,1.0013717,1.0940937,1.063813,1.1547261,0.96620286,1.0442302,0.87781256,1.0374999,1.0210668,0.97470105,1.0126697,1.0680013,1.0427476,1.12714,1.114346,1.05424,0.9691786,0.9814719
giraffe,0.50502956,0.80529976,0.7741766,0.65696657,0.800694,0.83681285,0.75574505,0.83930236,0.8033311,0.6617638,0.6838382,0.55178535,0.40031087,0.0,0.27850795,0.6698116,0.6955525,0.88593674,0.85978913,1.0848669,1.0581448,1.0243018,1.0791888,1.05597,0.9816022,0.9957263,1.0716008,1.0497757,1.0399994,1.0158422,0.9887893,1.0575777,1.0533447,1.1102531,1.131896,1.1445045,1.0386504,1.1227455,1.1284536,1.0532945,1.1015857,1.1906809,1.1462662,1.1560119,1.0034188,1.008033,1.0786959,1.1303538,1.0669234,1.0617228,0.9100887,1.0838825,0.9928619,1.0919714,0.8864436,0.9406339,0.99084157,0.984006,0.90596306,0.9577328,1.0164789,1.0746063,0.96294,1.0086124,0.9385756,1.1561384,0.9791812,1.0518534,1.0500144,1.1147972,1.0958179,1.0655667,1.0550342,0.9913269,0.9613349,0.96158785,0.921635,1.0408282,1.1390297,1.1217325,1.0854926,1.0997298,0.92551666,1.001107,1.0143175,1.0290893,1.1074388,0.92085755,0.9825173,1.0016218,1.0552819,1.0173603,1.0257386,1.0035497,1.0322509,1.0287174,1.0088161,1.0715464,1.0336298,0.9821049,1.1023655,1.0873336,1.100368,1.0411851,0.9722589,1.1113055,1.0826797,1.1499822,1.1187648,1.086791,1.022374,0.9624412,1.0462824,1.04255,1.124307,1.177098,1.1533891,1.1480128,1.087956,1.0740993,0.97435737,1.085598,1.1443446,1.2149369,1.1707714,1.0247836,1.0340761,1.1445132,1.0738764,1.1345139,1.1101625,1.0410894,1.0539538,1.0531193,1.0049026,0.9743136,1.0657731,1.045144,1.0502708,1.1023079,1.0533063,1.0823991,1.0971335,1.049827,1.122787,1.1069692,1.1413621,1.1285996,1.1041183,1.0641536,1.0421542,0.95455486,1.0472414,1.0444694,1.050618,1.0909669,1.144831,1.0823627,1.065214,1.1182151,1.0920821,1.0080233,0.9360536
zebra,0.54827553,0.81117785,0.74653983,0.69658226,0.68970734,0.71567345,0.76877946,0.74847513,0.7631587,0.6799071,0.6640799,0.57692957,0.44330168,0.27850795,0.0,0.5457419,0.5942054,0.9035324,0.8732965,1.083507,1.0582755,1.0215855,1.0484629,1.0521402,1.0030551,1.0450237,1.0408423,1.0421373,0.9884529,1.0402818,1.0236354,1.0459843,1.0085694,1.1328548,1.1233097,1.1388022,1.0432727,1.1298134,1.1405487,1.0652081,1.0942192,1.1327249,1.1487235,1.1356806,1.0372069,1.029457,1.0622286,1.094828,1.0963156,1.0665559,0.8778363,0.96781546,0.9836525,1.0448444,0.96428615,1.0242263,1.0686488,1.0592667,0.93498915,0.90533364,1.0192357,1.0295638,1.0560504,1.0592552,1.0608433,1.1238042,1.0895219,1.132758,1.1190845,1.1596164,1.1140792,1.0630747,1.0717906,0.9801273,0.92717427,0.96155053,1.0719153,1.1112387,1.1253293,1.1174967,1.0984975,1.1015829,0.965323,1.0262017,0.9226254,0.9826871,1.0971541,0.9447197,0.9654389,0.98514813,1.0307277,0.97276866,1.0213417,0.9199809,0.9362734,1.0700308,1.0218858,1.0560896,1.0075461,0.9302146,1.0944899,1.021157,1.076028,1.0370178,0.9891046,1.008982,1.0906057,1.1393696,1.0782695,1.0647218,0.97114027,0.99637914,1.0374591,1.073261,1.1610243,1.152561,1.1199551,1.0897115,1.1091361,1.090565,0.9825704,1.0861026,1.0404129,1.1551557,1.1774539,1.0699729,1.0338707,1.0882957,1.1142837,1.1424006,1.1363429,1.0683837,1.121809,1.0517628,1.0051737,0.9757712,1.1185902,1.0520679,1.0337127,1.0751089,1.0776742,1.066128,1.0941272,1.0523647,1.12287,1.0919123,1.1235013,1.1151655,1.1397173,1.128716,1.0499452,0.9742245,1.0677481,1.1041033,1.1274705,1.1649387,1.1310182,1.0671525,1.0756052,1.1579211,1.0928941,1.0199298,0.96770495
pony,0.80024844,0.8407546,0.8458802,0.8050537,0.84171396,0.81067574,0.8995041,0.62239623,0.59649533,0.8527836,0.66830534,0.7299523,0.627623,0.6698116,0.5457419,0.0,0.2117104,0.6739906,0.7197552,1.0476089,1.0428933,0.99266833,1.1049976,1.077528,1.0490185,1.065301,0.9364606,1.0728768,1.0530083,1.0588696,1.1065695,1.1214912,1.1047875,1.1040736,1.076954,1.1616092,1.0677031,1.1204528,1.0703927,1.0509107,1.1367301,1.1849735,1.0964172,1.112448,0.92775834,1.0361391,1.0153239,1.0741606,1.0828663,1.1165245,0.8839834,0.877184,0.85811055,0.896648,0.9462868,0.946908,0.959672,1.0067381,0.9176603,0.8855893,0.9876,0.95969456,0.99161166,1.0087289,1.0909193,1.0118814,1.0455619,1.0468738,1.0232134,1.0797273,1.0485462,1.0619888,1.0693723,0.9327291,0.9497746,0.9791898,1.044589,1.0728362,1.0798011,1.0501685,1.083073,1.0697029,1.0407127,1.0488193,1.0117725,0.9387473,1.0267607,1.0274277,0.9923109,0.975439,1.1044827,0.9800492,0.9973653,0.9566783,0.913147,1.0811546,1.032815,1.1026002,1.0886722,1.0555792,1.199601,1.113627,1.0933884,1.0310576,1.114664,1.0633014,1.0663861,1.0735081,1.0468725,1.0848508,1.0792071,1.002343,1.0197358,1.1133766,1.1690159,1.1380439,1.1518143,1.1454773,1.1810813,1.1039404,1.0753051,1.0028657,1.0850229,1.0208973,1.1826398,1.0636284,1.0833439,1.1558741,1.1222022,1.104102,1.1437616,1.0866134,1.1252916,1.0675662,1.0383843,1.0486462,1.0677934,1.0498677,1.0554725,1.0692103,1.0428903,1.012598,1.0887341,1.0322701,1.0341861,1.0004263,1.1579119,1.1212878,1.0617006,1.1023575,1.0539408,0.9605815,0.93056667,1.0997142,1.0558716,1.0799184,1.0833476,1.0766413,1.1107875,1.1418873,1.0885507,1.0167983,0.9952096
horse,0.83132076,0.8419408,0.81851685,0.8561096,0.79379773,0.79958254,0.8822474,0.6904259,0.6897086,0.8776755,0.73748004,0.657332,0.73318017,0.6955525,0.5942054,0.2117104,0.0,0.6688603,0.681111,1.0765524,1.0760758,1.0287753,1.0724672,1.033202,0.98821676,0.99135816,0.99932325,1.0591509,1.0223428,1.0022818,1.0678607,1.089297,1.0771698,1.0708027,1.0373936,1.1237016,1.0509378,1.0841229,1.0534424,1.0023893,1.0673299,1.1555407,1.0295259,1.0549883,0.96872985,1.0180712,1.0480893,1.0327351,1.0278667,1.1183164,0.89399517,0.7718214,0.9024902,0.8880863,0.9172504,0.9477415,0.90212256,0.9879581,0.878371,0.97145915,1.0187206,0.9453204,1.0345201,1.0362654,1.091373,1.0365744,1.1113504,1.0735292,1.0811518,1.1076424,1.0687075,1.0918102,1.0335267,0.9369875,0.9270055,1.0191263,1.0578924,1.0393507,1.0877937,1.0891156,1.0336059,1.0547538,1.0388831,1.0471588,1.0097127,1.0018224,1.0864077,1.0516559,1.0129029,1.0195647,1.0775925,0.98135376,1.0331604,0.9510239,0.92354876,1.0578259,0.9990106,1.0914906,1.102948,1.0822337,1.1703943,1.15138,1.0689439,1.0294354,1.1414146,1.1130723,1.0439721,1.1404561,1.1218084,1.1024078,1.1018478,1.076948,1.0767461,1.0642362,1.1341375,1.1188675,1.1175808,1.1175895,1.1491318,1.0917813,1.0467889,1.085029,1.1147814,1.075085,1.1446085,1.0970874,1.1109009,1.1664923,1.1458529,1.1129922,1.1011794,1.1317732,1.1760355,1.0790551,1.0714839,1.0536914,0.9777349,1.0586191,1.0421382,0.9950546,0.96150327,1.0166879,1.0286492,0.9814988,1.0578412,0.97662586,1.1031116,1.18515,1.1089566,1.129986,1.066321,1.0036147,0.9398953,1.0522904,1.0903882,1.0532988,1.0202668,1.0042994,1.046876,1.090052,1.0840194,1.0124549,1.0085546
dog,0.7729958,0.7624113,0.82999367,0.8143767,0.95758814,0.83520687,0.8421503,0.8555219,0.81034774,0.8646663,0.731477,0.80569136,0.8010495,0.88593674,0.9035324,0.6739906,0.6688603,0.0,0.4841903,1.0343657,1.038817,1.0518923,1.0462316,1.0545899,1.0200784,0.94812775,0.94189364,1.0553889,0.9881581,0.94005394,1.0812403,1.0566292,1.0218903,1.050213,1.0491177,1.0418048,1.0239238,0.98216736,1.0054377,1.0409799,1.0937935,1.1401966,1.0502797,1.0549206,0.9975743,1.0263082,1.0355119,1.0958304,1.1539783,1.1228406,0.8981063,0.8776277,0.98396534,0.8877819,0.9892903,0.9511058,0.9812768,1.0213072,0.98356956,1.0296408,0.9906269,1.0059718,1.004025,1.0228049,1.1573737,0.9953824,1.0488652,1.0166191,1.0515403,1.0478551,1.0318846,1.0535828,0.9588088,0.9556531,0.92134494,1.025018,0.96961576,1.0481263,1.0131395,1.0483513,1.0240486,1.0281496,1.1178069,1.0859572,1.0504124,1.0557818,1.0978383,1.0796906,1.0393397,1.0530816,1.0793865,1.0554279,1.0530224,0.9385692,1.02696,1.0852534,1.0095414,1.0555003,1.1226568,1.051958,1.2040995,1.1636395,1.0823776,1.1058582,1.0424064,1.1081492,0.96535283,1.0318068,1.0935609,1.1083106,1.1082668,1.0923216,1.0295728,0.97364205,1.0563047,1.1125618,1.1393405,1.0773194,1.0911009,1.0947536,1.0645236,1.0989403,1.084128,1.0965053,1.0704517,1.0542054,1.0858705,1.0962551,1.0856897,1.0514541,1.1015236,1.0644466,1.0837624,1.0302929,0.9480696,0.97784436,1.036029,1.0397744,1.079704,1.0524635,0.9337173,0.96559674,0.9272116,0.98942167,1.0431288,1.0051968,1.0657185,1.11245,1.055875,1.1112337,1.0718,0.9589634,0.9176097,1.0699099,1.059108,1.059247,1.0358732,1.0728062,0.9910914,1.1005106,1.0010893,0.91161877,0.9750455
cat,0.7702931,0.8152889,0.768486,0.68168205,0.82109237,0.7675308,0.77044284,0.82051367,0.844704,0.8873103,0.75944996,0.75892025,0.8419961,0.85978913,0.8732965,0.7197552,0.681111,0.4841903,0.0,1.0463388,1.0396984,1.0432004,1.0213027,1.0370454,1.0569389,0.990817,0.99801433,1.0628624,0.89095217,0.9061856,1.03988,1.0541832,1.0661118,1.0763726,1.0616903,1.0476744,0.9995151,1.003412,1.036095,1.0429372,1.0744162,1.1527991,1.0122567,1.0306424,1.0764831,1.1114317,1.1496274,1.0687044,1.059133,1.0680411,0.92437893,0.92121166,1.0211042,0.955443,0.9746037,0.9721997,0.9342518,0.9898811,1.066339,1.0321782,1.058711,1.0951241,1.110066,1.1085252,1.0635915,1.0689945,1.0801115,1.0440997,1.0292586,1.0448743,1.0055088,1.0419941,0.9931535,0.98296607,1.0177145,1.1313995,1.0278556,1.0273783,0.91737306,1.0490391,1.0806892,1.0707684,1.022818,1.0482411,1.1269722,1.0728825,1.0871831,1.0932338,1.0132139,1.0692203,1.0139768,1.0195086,1.0477163,0.93862915,0.9865732,1.0060217,0.98094493,1.0536702,1.1331489,1.1254804,1.1113299,1.0750004,1.0406756,1.0771445,1.0609457,1.1107599,0.9870267,1.0371033,1.0609604,1.0862417,1.1528016,1.0578644,1.0376154,0.94955975,1.0177283,1.0460583,1.0720241,1.046825,1.0413561,1.0931271,1.020179,1.0882336,1.0553318,1.104347,1.0918655,0.9531917,1.0476321,1.0887517,1.071709,1.0744734,1.0631026,1.0838408,1.0537785,1.0745763,1.005408,1.0044589,1.0294945,1.0776876,1.0265733,1.0708911,0.97842705,0.95929426,0.9972597,1.0223427,1.091403,1.0004287,1.1281374,1.1200715,1.0397179,1.1112579,1.0056899,1.0048801,0.9198172,1.006354,1.0414122,1.0583965,1.118503,1.0485693,1.0192243,1.0586863,0.9764369,0.9805063,1.0594479
toe,1.0454042,1.0572201,1.1016046,1.0932157,1.049527,1.1003464,1.0005959,1.104993,0.9568694,1.0314399,1.0461082,1.0640448,0.98324853,1.0848669,1.083507,1.0476089,1.0765524,1.0343657,1.0463388,0.0,0.15940344,0.2919302,0.64351386,0.70544356,0.8787551,0.57037055,0.8243932,0.8477201,0.8000711,0.9089829,0.7358234,0.7425307,0.6846793,0.9639354,0.9634228,1.0302014,1.107754,1.1646707,1.0236609,0.96517295,1.0606921,1.0824554,1.04028,1.0338553,1.0215694,0.9782636,1.1653095,1.0728942,1.0886586,1.1209424,1.0141516,1.0526344,1.0790844,0.9819391,1.0849735,1.0005671,1.0388793,1.0681466,1.1602271,1.0166597,1.1256093,1.1146017,1.0772703,1.1049368,1.0400097,1.0310395,1.0079911,1.0275421,0.99389935,1.0329789,1.0895946,1.0822889,1.1079923,1.0539517,1.0398529,1.0739769,1.0331184,1.1140265,1.1086718,1.0685562,0.98361796,0.9900675,1.0608206,1.0815061,1.0353525,1.0871184,0.9950344,1.1066675,1.0489342,0.9884527,1.0673171,1.0610812,1.0102055,1.0002712,1.1588901,0.9157406,1.0249025,1.0184808,1.0599586,1.0397596,1.0398399,1.1340042,1.1239154,1.0095761,0.96657073,0.9330725,0.9923942,1.026221,1.0621223,1.1086973,1.0111444,1.0560701,0.98409885,1.0820082,1.0837295,1.0894073,1.1058544,1.1793195,1.0465133,1.0732193,1.1149914,1.0637789,1.0793847,1.1193432,1.1277692,1.1374722,1.1046474,1.2286108,1.0474669,1.0544645,1.0864118,1.0477394,0.96654916,1.029705,0.97649336,0.96808463,0.95123816,0.926327,1.0974773,1.1297504,1.0057166,0.9748809,0.9994404,0.96898043,0.8698758,0.85149956,0.9057334,0.80128866,0.6990986,0.6229503,0.64639235,0.9637324,1.0084188,0.8071454,1.0100255,0.96696186,0.94935954,1.0199609,0.8905257,1.0919565,1.189569,0.99333084,1.0676823
foot,1.0725769,1.0642564,1.1504734,1.1467683,1.0771141,1.1089396,0.9993851,1.0492699,0.91967124,1.0044192,1.0517355,1.0506934,1.030172,1.0581448,1.0582755,1.0428933,1.0760758,1.038817,1.0396984,0.15940344,0.0,0.12869477,0.58188,0.5950273,0.7053051,0.4590521,0.86494863,0.8643995,0.81350404,0.8338673,0.6839636,0.71606225,0.72375727,0.981635,0.99680996,1.0626616,1.0546545,1.13954,1.0861707,1.0423255,1.127449,1.1306019,1.0479255,1.0246935,1.0360978,1.0707692,1.1096617,1.0967139,1.0826136,1.1227338,1.0145264,1.0863069,1.0620824,1.0066142,1.1003699,1.0427176,1.0466597,1.0318631,1.0699755,0.901173,1.0447437,1.1056103,1.0311298,1.0583245,0.96495426,0.962266,0.9849723,1.0233148,1.049251,1.0513163,1.0928268,1.041224,1.1077414,1.0627073,0.9896635,1.0582844,1.0491976,1.0947043,1.1020273,1.0450238,1.0122675,0.9931323,1.0297356,1.0176457,0.99683297,0.9835217,0.9158906,1.0346466,1.0143675,0.9858434,1.0372092,1.0141361,0.9943425,1.0070796,1.0538386,0.96101516,1.0150915,1.0598375,1.065772,1.0819161,1.0635395,1.0836196,1.1475892,1.0682176,1.0133024,0.9406464,0.96646416,0.99930394,1.0284656,1.0465443,1.0315442,0.9626951,0.9413238,1.0791597,1.1451993,1.109866,1.1768742,1.1983207,1.0695733,1.1262044,1.1140085,1.008327,1.0868877,1.1559933,1.1429982,1.0892935,1.0111923,1.1803195,1.0905522,1.1389998,1.1558143,1.0482476,0.9548785,1.1052827,0.9382283,0.99977165,1.0916901,1.044725,1.128458,1.188417,1.0583997,1.0621709,1.0814877,0.968168,0.8639517,0.857319,0.9005917,0.84258735,0.6636719,0.68243325,0.63060373,1.0671256,1.0711337,1.0083729,1.1414148,1.0773498,0.9972388,1.074297,0.95059067,1.065019,1.1695086,1.0324746,0.9838064
ankle,1.1215051,1.075782,1.1470156,1.1513573,1.1079106,1.1390461,1.0884761,1.0744548,0.94907963,1.023463,1.0704609,1.0234679,1.0454645,1.0243018,1.0215855,0.99266833,1.0287753,1.0518923,1.0432004,0.2919302,0.12869477,0.0,0.56692374,0.58802825,0.6284864,0.45305836,0.8440243,0.78032494,0.80303735,0.82732016,0.65155035,0.68340164,0.74047655,1.070045,1.0782106,1.1132917,1.0927982,1.1562867,1.0465058,1.038599,1.1352885,1.1038438,1.0995322,1.070374,1.0548565,1.0770991,1.0857576,1.0777398,1.0724413,1.0579953,1.0559988,1.1182327,1.0481974,1.0638198,1.0951658,1.0599303,1.0644015,1.013624,1.059743,0.87396896,1.0195221,1.0968091,0.9766876,0.9999796,0.9389847,0.96570355,1.0085431,1.0381883,1.0795237,1.0445973,1.076866,1.0313165,1.1051147,1.0230232,0.9848887,1.0386031,1.0607078,1.1325146,1.1181072,1.0571222,1.0762262,1.0587157,1.0198073,1.0157828,1.0102756,1.0188739,0.95251864,1.0353065,1.0615759,1.0121679,1.0549982,1.0277575,1.0141218,1.0110193,1.042033,0.9576475,0.99042904,1.0602211,1.0669549,1.1210655,1.0554351,1.052337,1.1221324,1.0704609,1.0416307,0.953892,0.9253639,1.0065573,1.0367074,1.0278096,0.99649554,0.91330457,0.9731272,1.0771295,1.1297194,1.1117563,1.1866583,1.2117177,1.068199,1.1276788,1.1396397,1.0607226,1.1241472,1.167724,1.1538525,1.0795771,0.99472827,1.1227802,1.0746669,1.0720792,1.0910006,1.0524523,0.9721172,1.0421627,0.89879394,0.9700946,1.0760959,1.0397785,1.0879614,1.1521132,1.0282094,1.0047811,1.0402641,0.9380163,0.85619545,0.8488481,0.89204025,0.85995495,0.59260654,0.74160326,0.64632213,1.0967685,1.0814602,0.9713292,1.1352578,1.0695626,0.9546479,1.0442233,0.9518939,1.0584779,1.1703982,1.0305816,0.9564667
finger,1.0572778,1.0800905,1.12419,1.0880314,1.0647639,1.059875,1.009561,1.0836184,1.0284793,1.0105073,1.0234057,1.0596007,1.0527148,1.0791888,1.0484629,1.1049976,1.0724672,1.0462316,1.0213027,0.64351386,0.58188,0.56692374,0.0,0.27168083,0.54852766,0.8667524,0.8626815,0.721622,0.79682016,0.8334587,0.6130565,0.69914466,0.731285,1.079598,1.1299132,1.1162868,1.0323722,1.0758603,1.0766867,1.128242,1.1234692,1.091608,1.0211358,0.98644567,1.1357033,1.1050107,1.1400042,1.1667428,1.0832908,1.0930895,1.0767612,1.0670638,1.1413633,1.087162,1.0923021,1.0472459,1.0870132,0.96307373,1.0545137,0.95603305,1.131957,1.1258403,1.0825176,1.1236448,1.0001072,1.0130283,0.99402964,1.049025,1.0843096,1.0423802,1.0185605,0.86597943,0.99238056,1.0275359,1.011505,1.0925744,1.032531,1.0599163,1.1380917,1.0365119,1.0229052,0.99175376,1.0510216,0.9891223,1.0081835,1.0080876,0.9846285,0.9690743,1.0436087,0.98318833,1.0029769,1.0061975,1.0539007,1.0105313,1.0496616,0.9439364,0.8669021,0.8357619,0.8512349,0.9733518,1.066703,0.937745,0.98399156,0.89370525,0.9876209,0.8792048,1.1196859,1.0687606,1.0914577,1.0614318,0.78593504,0.85183096,0.8845484,1.0377477,1.093433,1.1289116,1.1840844,1.1283463,0.98003316,1.084719,1.0216745,1.0563611,1.0468922,1.2344872,1.1821544,0.96777487,0.8244967,1.0153812,1.1131206,1.1183681,1.1670057,0.88909775,0.8833544,0.97757477,0.91593695,0.9436323,1.1156795,1.1287059,1.045238,1.0787437,1.0332525,1.0222824,1.1034281,1.098491,1.0592431,0.99299294,0.82867265,0.91571623,1.0207804,1.0933368,1.0066341,1.0023603,1.0283765,0.993146,1.151989,1.1328644,1.0005677,1.0626714,0.936246,1.023601,1.0246557,0.9809618,0.9207851
