,alligator,ankle,apple,applesauce,arm,ball,balloon,banana,basket,bathtub,bear,bed,belt,bench,bib,bird,blanket,book,bottle,bowl,box,bread,broom,bucket,butterfly,can,car,carrot,cat,chair,chips,clock,closet,coat,coffee,comb,cookie,corn,couch,cracker,crayon,crib,cup,dish,dog,doll,door,drawer,dress,egg,elephant,eye,face,finger,firetruck,fish,flower,foot,fork,frog,glass,glasses,glove,gum,hair,hamburger,hand,hat,horse,hose,jacket,jar,jeans,knife,ladder,lamp,leg,melon,milk,mitten,mop,motorcycle,muffin,nail,napkin,necklace,nose,orange,oven,owl,pajamas,pants,paper,pen,pencil,pickle,pig,pillow,pizza,plant,plate,pumpkin,purse,radio,raisin,refrigerator,rooster,sandwich,scarf,scissors,shirt,shoe,shorts,shovel,shower,sink,slide,slipper,soap,sock,spoon,sprinkler,stroller,sweater,table,tape,toe,tooth,toothbrush,towel,toy,tray,tree,vacuum,watch,window
alligator,0.0,1.3798872,1.4441187,0.88897014,0.53928554,1.4078832,1.2109193,1.205677,1.1667621,0.7697363,0.60061723,0.43646336,1.1908338,0.8470628,0.48243678,1.2826335,0.4507699,1.4285779,1.4998426,1.5779802,0.96244824,1.2477784,0.95323443,1.2894692,1.2166898,1.5191151,1.0472451,1.0955814,0.5449699,0.8343697,0.7376989,1.4619364,0.9155409,0.79817903,1.051745,0.74739766,0.9393322,1.1741767,0.5748455,1.2336364,1.6089101,0.49244833,1.5931171,0.896293,0.33505613,0.6634723,0.9288632,1.1317109,0.591223,1.3095605,0.79399115,1.2370032,0.7924811,1.2836932,0.8298311,1.2828304,1.0635657,0.8745351,1.5314317,0.78866905,0.51753914,1.3566463,0.98791474,1.2037671,0.7497852,0.8552302,0.6936723,1.3502268,0.77250916,0.6588188,0.58169115,1.1865019,0.70729464,1.5060024,0.64165115,1.3469777,1.0052819,1.2340271,0.99420494,0.4328885,1.2914293,0.87911177,0.644663,1.4868817,1.4838071,1.499546,1.3137329,1.4037857,1.0573326,0.95097077,0.51814336,0.5083076,0.8858328,1.5406065,1.5383449,1.4894023,0.39374524,1.3041122,1.278173,1.3796256,1.4780977,1.4560446,0.8590136,0.7679672,1.3311293,0.96757793,0.68934804,0.93451494,0.70020145,1.0820154,0.6006038,1.1412665,0.82005745,1.4914341,0.7597561,1.3561573,0.7549626,1.5611627,1.5701532,0.7586749,1.5418024,0.90889114,0.96166724,0.57980895,0.45985603,1.462412,1.3280292,1.5123401,1.254266,1.4835026,1.2606714,0.61487603,0.86574376,1.0586666,1.4835902,0.8191404
ankle,1.3798872,0.0,0.6835081,1.1309909,1.2342951,0.8494945,0.8705003,1.0062314,1.1287215,1.1471696,1.2037373,1.298481,0.7622095,1.0095174,1.3294765,0.7076016,1.2788687,0.7814205,0.64104307,0.5777016,1.2005819,0.8409157,1.0233475,0.9479544,0.899976,0.6414228,1.0213218,0.7331759,1.1131059,1.1004026,1.2307072,0.83753586,1.0791994,1.0706048,0.9259201,1.2175453,1.0783875,0.9417435,1.1141397,0.8875749,0.57188624,1.3380831,0.61772275,1.2713385,1.2589419,1.1620795,1.0755913,0.99485296,1.2711972,0.78416026,1.1920413,0.8387742,1.1847655,0.57177293,1.2283968,0.7298151,1.0676844,1.1043323,0.7558894,1.2233711,1.2902893,0.74616206,0.9383166,1.015431,1.1981833,1.1197397,1.035338,0.71252024,1.1529623,1.1924825,1.3043218,1.0157257,1.0547568,0.6361504,1.2037722,0.8268318,0.9003368,0.9893861,1.2043169,1.2675931,0.91829413,1.1131237,1.3162863,0.54199404,0.7108357,0.68234456,0.72456,0.68667454,1.1063697,0.9473452,1.2665722,1.1662097,1.1697862,0.58033735,0.6322959,0.705446,1.2863834,0.4829809,0.8302785,0.72691,0.745165,0.6754058,1.2050681,1.2380228,0.82608247,1.1873237,1.0486419,1.0296758,1.2010474,1.1150203,1.2580913,1.0350847,0.9537037,0.74955726,1.1596671,0.66949165,1.1931535,0.56463003,0.7552395,0.9690671,0.7133394,1.0821344,1.167015,1.2631698,1.3656522,0.9107693,0.592029,0.57396734,0.92583215,0.77413976,1.0522184,1.3522811,1.0890931,0.96289617,0.59380174,1.0617272
apple,1.4441187,0.6835081,0.0,1.2308252,1.366404,0.3600887,0.5726414,0.45518947,1.0464351,1.3823596,1.2431198,1.4647837,1.1418443,1.3695151,1.3775554,0.7440513,1.4236281,0.7124709,0.5318092,0.56323004,1.244116,0.6054064,1.3014898,0.9031132,0.78492856,0.8123289,1.096389,0.8180548,1.2746727,1.4537503,1.0937011,0.6861146,1.3089118,1.2902033,1.0555385,1.2751238,0.6808628,0.8567062,1.3796294,0.64050734,0.39877594,1.4536219,0.550997,1.1664662,1.3495353,1.2386144,1.3518758,1.225748,1.2858814,0.15016448,1.3134047,0.9364622,1.1551898,0.77201396,1.2178689,0.6667427,0.64928705,1.2341876,0.58992255,0.78369206,1.2907917,0.76202315,1.0611993,0.65501547,1.2363502,1.196355,1.2463025,0.7984848,1.2448852,1.3539093,1.4084388,0.9554593,1.3022544,0.58142006,1.4472458,0.82971454,1.0765235,0.646983,1.0458019,1.3895807,1.0300951,1.2080797,1.179761,0.440516,0.6601363,0.76230365,0.73846793,0.0244897,1.2728986,1.0235269,1.4313444,1.4231795,1.2048749,0.5173317,0.4947384,0.2878191,1.2260349,0.81202483,0.60025036,0.6965703,0.5968213,0.59793365,1.2337787,1.1193357,0.700799,1.292029,1.2072389,1.0039511,1.2368349,0.92868024,1.34025,1.1185006,1.2848918,0.62192756,1.3493984,0.9122409,1.3215156,0.55463034,0.4808089,1.2590325,0.4984482,1.1601351,1.2717154,1.3657315,1.4366084,0.48780513,0.7369022,0.43518853,0.6533962,0.69381666,0.46909505,1.3317709,1.1339062,1.2298757,0.6708824,1.3317325
applesauce,0.88897014,1.1309909,1.2308252,0.0,0.9420596,1.0910529,1.0165193,1.0574626,0.9828871,1.1495154,1.0244874,1.0674044,1.1210827,1.1059899,0.7943796,1.259674,1.0620358,1.0559365,1.12929,1.1910253,0.9251059,0.879337,1.0588814,0.9848933,1.0506649,1.1673229,1.0326351,1.096568,1.1297841,1.0317514,0.8674556,1.0834808,1.1625732,1.0430399,0.9239113,0.8509436,1.0214401,0.93290055,1.056466,0.9472834,1.2255876,1.0263964,1.106698,0.7504245,1.0464989,0.7041109,1.1151159,1.0300777,0.9237135,1.156416,1.0805019,1.1256931,0.9823365,0.9281534,1.0971502,1.1401358,0.98920745,0.88919485,1.0514804,0.9773756,0.8550885,1.0614493,0.79886913,0.81987256,0.9965592,0.33096218,0.5625239,1.0257722,1.0796597,1.0771241,1.0892761,0.7722827,1.1332437,1.1407964,1.1001213,1.0896252,1.0073707,1.0895684,0.86703026,0.86209,0.9262666,0.9232542,0.7934259,1.1553086,1.1246681,1.1331459,1.0927424,1.2216604,1.1267406,1.2096744,0.84420276,1.0797222,0.8673737,1.2339872,1.1357067,1.1978208,0.98440665,1.1454011,1.0039032,1.0367252,1.0820893,0.9967289,0.8880031,0.85518456,1.0186521,1.0437783,0.90648437,0.8957816,1.0125504,0.97198415,1.0139608,1.0000125,1.0670848,1.1935229,1.1703783,1.0985193,1.0512123,1.16793,1.1225561,0.9058154,1.0824332,0.90233,0.96623474,0.98881304,0.87990636,1.1762283,0.93573403,1.081465,0.96991205,1.1280379,1.055569,0.7808845,1.0178881,0.99987245,1.0706674,1.0308943
arm,0.53928554,1.2342951,1.366404,0.9420596,0.0,1.3099444,1.2113501,1.28249,1.1826075,0.6951302,0.65843654,0.5280133,1.0782902,0.9810284,0.55233395,1.3005912,0.5384501,1.3298154,1.3587769,1.4262255,0.9923903,1.3469745,1.0423149,1.3345726,1.2712727,1.4376175,1.0072765,0.99162424,0.7315143,0.9583497,0.9995973,1.3794003,0.98909503,0.7653501,0.9301357,0.77234036,1.1402869,1.1318693,0.7250307,1.317205,1.4048218,0.6160586,1.4805037,0.7811731,0.6497527,0.94420266,0.906543,1.0003123,0.67167073,1.3121401,0.6693362,1.1011655,0.8202685,1.1316024,0.7803227,1.3896567,1.2706627,0.8791968,1.4390965,1.152118,0.74559677,1.196485,1.0264087,1.208814,0.80073816,1.0679281,0.62877303,1.3281866,0.6445085,0.7388984,0.47258556,1.2318269,0.65052897,1.4093125,0.7647946,1.2512965,1.0240536,1.294042,1.053655,0.4996907,1.1858661,0.96951467,0.81557345,1.3262509,1.4228942,1.3526251,1.2438126,1.3553668,1.0371244,0.9033448,0.57292855,0.51087415,0.7224808,1.3229573,1.3586338,1.4274707,0.8012761,1.356885,1.3733763,1.3985314,1.3745548,1.3274817,1.1189609,0.9719237,1.2110431,0.9065115,0.80657315,1.1261085,0.7222188,1.0245347,0.5455457,1.0471301,0.630212,1.3892903,0.71859443,1.2456365,0.59680676,1.3938203,1.4854323,0.70559704,1.4843831,0.9204477,1.0776469,0.45255017,0.5103262,1.3631512,1.2257421,1.3829424,1.127439,1.4060224,1.2833176,0.5756732,0.9459082,1.1670058,1.2424808,0.8807343
ball,1.4078832,0.8494945,0.3600887,1.0910529,1.3099444,0.0,0.21055639,0.64402735,0.90046185,1.3362517,1.2001443,1.4134603,1.2180599,1.3540306,1.2833351,0.97399545,1.4014962,0.8481071,0.7239486,0.7358094,1.1464798,0.7509302,1.200475,0.8008507,0.8289993,0.9144343,1.0366552,1.0487626,1.3133445,1.3843608,1.1426657,0.59654427,1.3235171,1.286123,0.9071177,1.2002617,0.773162,0.875769,1.4052371,0.74938595,0.63703966,1.4133701,0.698509,1.0569334,1.3461156,1.1109391,1.2786117,1.1445189,1.2598919,0.3601187,1.277162,0.93325746,1.1230994,0.9192783,1.1319494,0.62192684,0.8106265,1.0451952,0.80347455,0.853186,1.3157921,0.8930445,0.9123718,0.59578574,1.1712197,1.0627453,1.1584111,0.84552276,1.2359354,1.2456592,1.4297969,0.78868973,1.3894658,0.84448075,1.4004936,0.7115568,1.1828532,0.5602058,0.95723265,1.3097558,0.8457383,1.0906163,1.0804433,0.59887296,0.8253032,0.861205,0.8478445,0.37707317,1.2227349,1.0678493,1.3338139,1.4133601,1.0233604,0.78074884,0.76023614,0.61442786,1.2047117,1.0183442,0.8445968,0.8072279,0.759855,0.64732325,1.0642376,1.1709025,0.46445757,1.2272416,1.2188009,1.0103904,1.1758919,0.9011519,1.2968884,0.9196103,1.2655082,0.822214,1.2394584,1.0285366,1.241047,0.7316762,0.43352914,1.1316943,0.74264777,1.001327,1.1573788,1.3043692,1.3535345,0.39901853,0.798865,0.7086734,0.8020362,0.7997073,0.33285654,1.1597185,1.0947429,1.2152934,0.7767142,1.2328451
balloon,1.2109193,0.8705003,0.5726414,1.0165193,1.2113501,0.21055639,0.0,0.8291949,1.0455691,1.2719693,1.1973437,1.276926,1.130112,1.1664289,1.1660537,0.99116474,1.2408564,0.91533375,0.99761623,0.9353334,1.1929691,0.85584867,1.1480591,0.85218984,0.84531,1.0682139,1.0634203,0.8939165,1.2128613,1.2506552,1.0594517,0.7953738,1.3058386,1.1961021,0.83028924,1.0420007,0.7761514,0.94331574,1.1996762,0.9218858,0.847749,1.3178735,0.9199692,1.0392329,1.194727,0.9789776,1.3040715,1.1185141,1.197592,0.5236375,1.2530423,0.86273533,1.0825318,0.8101408,1.1772088,0.6900846,0.90519935,0.91757345,0.9553695,0.7950953,1.1292976,0.90765333,0.9244435,0.61292523,1.077951,0.98308015,0.9794099,0.8971522,1.2015933,1.0522386,1.2864487,0.8451101,1.2064917,0.9454428,1.2538965,0.8668132,1.0048153,0.6660371,1.054777,1.1379704,1.0214245,1.0533898,0.9898053,0.76249665,1.0261371,0.9496278,0.7197037,0.5858984,1.2849445,1.0946171,1.250537,1.2229092,1.040906,0.9442033,0.8913628,0.86946315,1.1220852,1.0226419,0.93978685,0.9265543,0.9076021,0.9075967,0.9861647,1.0542516,0.45309615,1.2822769,1.0955633,0.9940846,1.142319,0.9976113,1.2166283,0.9921279,1.1346049,0.9208082,1.2191471,1.0315583,1.2090104,0.9064694,0.76826656,0.9651161,0.8745695,0.9472244,1.1689101,1.2438887,1.1842906,0.6345538,0.7265492,0.8881575,0.8636768,0.99630654,0.51824486,0.94502866,1.1246176,1.0958785,0.8774731,1.2155585
banana,1.205677,1.0062314,0.45518947,1.0574626,1.28249,0.64402735,0.8291949,0.0,0.8844603,1.282824,1.2237002,1.4235002,1.0784266,1.2914959,1.3064454,0.9608967,1.2367754,0.8034872,0.934541,0.83228433,1.1319637,0.4109162,1.143752,0.94382775,0.8775148,1.0059028,1.1235365,0.89987475,1.3584992,1.3613325,0.8916045,0.79009724,1.3037472,1.2820041,1.1092428,1.0432357,0.7317836,0.6488935,1.4026493,0.43883097,0.6252962,1.3702425,0.8759245,0.9879159,1.281271,1.1229975,1.364402,1.0914015,1.2495067,0.5006102,1.2306132,1.0360436,1.2188433,0.967058,1.1535463,0.79915285,0.41106898,1.1497691,0.6460586,0.48490167,1.2082087,1.015448,0.88114655,0.6902274,1.3034165,0.8940795,1.1142882,1.025655,1.2460049,1.1473047,1.3684961,0.89808834,1.3733339,0.6981123,1.3639157,0.9480948,1.1528653,0.45615512,0.99804175,1.19926,0.9158314,1.1667469,0.8512597,0.9316631,0.79091185,0.94608694,1.037179,0.48299438,1.2022568,1.1338292,1.404612,1.3730246,0.9522172,0.81001866,0.6321951,0.43054664,1.1634706,1.0538309,0.51497525,0.7825073,0.6367527,0.8317094,1.0119984,1.0649154,0.93356705,1.2120085,1.1743404,0.6457698,1.250061,0.6934953,1.3655097,0.92986834,1.237912,0.7968582,1.3423393,1.0073076,1.1716841,0.8511963,0.6087129,1.0640297,0.6111054,1.070923,1.1992021,1.2964071,1.3337084,0.5544311,0.94272274,0.74920666,0.63024986,0.7650616,0.5807347,1.1417335,1.1069967,1.1058,0.9563721,1.3116721
basket,1.1667621,1.1287215,1.0464351,0.9828871,1.1826075,0.90046185,1.0455691,0.8844603,0.0,1.0133086,1.0563872,1.1487148,0.9823895,0.9712447,1.1396663,1.0344951,0.9770926,0.6026825,0.9392138,0.8869748,0.57812905,1.0460819,0.90211797,0.6786224,0.8732604,0.80853385,0.95854384,1.2878656,1.2652408,0.8649471,1.0218517,0.72328264,0.9139397,1.1564399,0.7677156,0.8163095,1.1778755,0.8252964,1.1833372,0.96954846,0.9385907,0.93863666,0.85587764,0.91208017,1.256092,1.08105,0.93488264,0.8115666,0.9111833,1.0456798,1.0962914,1.1476146,1.2973728,1.3126249,0.9324686,0.83563274,0.8859695,1.0465572,0.87286484,0.94516844,1.0184976,1.2173312,0.8889946,0.9217724,1.3201791,0.9890197,1.3088799,1.1190878,1.1997788,1.0853219,1.210773,0.7625129,1.2305349,0.91908073,1.0479172,0.6502865,1.2308652,0.85521513,0.8342633,1.1309261,0.71597624,1.0133549,1.0491858,1.1510484,0.8368423,0.9842116,1.3362455,1.0377591,0.76774764,0.9601899,1.2317358,1.299982,0.8470559,1.0129349,0.8915448,0.9787857,1.1843609,1.0295161,0.9918913,0.7768765,0.9380826,0.9519277,0.7101239,0.9681008,1.1212686,0.74207366,1.1156529,1.0123041,1.2158729,0.6920174,1.342982,0.7196,1.1035515,0.9532834,1.0610911,0.784017,0.9939755,0.99363273,0.7861674,0.9991461,0.9132921,1.0215763,0.80420566,1.267625,1.1718664,0.8002299,1.2589676,1.0978339,0.8744123,0.7626302,0.7930902,1.046774,0.9766498,0.8431139,1.1403214,0.8695327
bathtub,0.7697363,1.1471696,1.3823596,1.1495154,0.6951302,1.3362517,1.2719693,1.282824,1.0133086,0.0,0.81351733,0.52314323,0.9147208,0.6521207,0.7792793,1.0633126,0.6398819,1.1901426,1.2420835,1.0377185,0.7105651,1.4176414,0.8045994,0.8518525,1.2941364,1.0662682,0.9613165,1.1651115,0.78410125,0.6721481,1.0653716,1.1678106,0.6484634,0.8919574,0.921381,0.8907087,1.0860957,1.0943165,0.6268451,1.3978484,1.3326445,0.48271453,1.2038506,0.8705237,0.8419888,1.0185205,0.4878236,0.5642972,0.9117146,1.2565193,0.8199247,1.2429197,0.98085546,1.3028938,0.72902197,1.2470615,1.3057251,1.091571,1.2868516,1.2073935,0.8339269,1.3378134,1.1858369,1.2705617,0.981857,1.1211767,1.0196437,1.3691918,0.9071186,0.6696074,0.6932436,1.1187278,0.7580714,1.2846699,0.5578319,1.0373514,1.1247678,1.2262969,0.876973,0.7973367,1.0105157,1.0021067,0.96299386,1.3531799,1.296235,1.2896605,1.3340881,1.3462183,0.7692006,0.89707047,0.8226044,0.69156617,0.6979652,1.2053198,1.2919004,1.4636451,0.92028856,1.036654,1.3947985,1.2972115,1.0260503,1.300651,0.99757206,0.97210276,1.289175,0.63223886,1.1191245,1.175324,0.9019249,0.946922,0.8048506,1.106961,0.85777354,1.3694849,0.36626077,0.79990923,0.49521858,1.3398018,1.2365425,1.0270923,1.352092,0.7905413,0.9134052,0.74405444,0.55887127,1.187217,1.3676021,1.4217227,1.2699935,1.2786524,1.2955791,0.5032147,0.89252293,1.039495,1.3637111,0.6804851
bear,0.60061723,1.2037373,1.2431198,1.0244874,0.65843654,1.2001443,1.1973437,1.2237002,1.0563872,0.81351733,0.0,0.695838,1.174809,1.1569262,0.7458127,1.1570638,0.72491413,1.2292197,1.1286339,1.2177022,1.0031537,1.2353151,1.0548501,1.2247674,1.1950305,1.2786665,0.8854159,1.1474658,0.5476524,1.1090957,0.9026141,1.158978,0.97252476,0.9043798,1.0357022,0.9730246,1.0562851,1.0974374,0.966385,1.191858,1.2675809,0.66337264,1.243492,0.9910202,0.5401478,0.9415308,0.90593815,1.1034381,0.7687781,1.2279596,0.6322311,1.0904692,0.9459141,1.247659,0.7505556,1.0446388,1.1266475,1.0840706,1.285236,1.0776916,0.8086009,1.2073419,0.98674095,1.2248647,0.96908355,1.0642532,0.9669588,1.29235,0.5761452,0.9717558,0.76406294,1.1906369,0.9082387,1.2487416,0.90509665,1.1013378,1.077838,1.177378,0.95293933,0.7888591,1.0784698,0.94179654,0.98080593,1.1932774,1.1912307,1.2543945,1.2171174,1.2437623,1.0567297,0.57738715,0.72924924,0.8446226,0.91774017,1.1454946,1.3017265,1.2873372,0.695005,1.2746332,1.2045417,1.1834075,1.30593,1.1651905,1.038965,1.0448923,1.1432292,0.9620711,1.0098134,1.0593213,0.7967223,1.0540149,0.7635785,1.084523,1.0109818,1.3100917,0.8183844,1.2185371,0.72752047,1.2811147,1.2364529,1.0193968,1.3068526,1.0055647,0.95626634,0.7491529,0.7818279,1.2330421,1.3272685,1.3061776,1.1937389,1.1802465,1.1395845,0.8689657,0.7244139,1.2061057,1.2015905,0.7790584
bed,0.43646336,1.298481,1.4647837,1.0674044,0.5280133,1.4134603,1.276926,1.4235002,1.1487148,0.52314323,0.695838,0.0,1.1327684,0.6405232,0.44036406,1.2068894,0.23826021,1.4013214,1.4435148,1.4501307,0.78104746,1.4959036,0.9047518,1.2357944,1.317595,1.4054898,1.0096238,1.1033801,0.5669315,0.5725901,0.89166474,1.5622823,0.7553052,0.785993,0.9766705,0.89065886,1.0611614,1.2949042,0.22375858,1.4598805,1.6078758,0.19397974,1.5447202,0.9251166,0.49185646,0.7427637,0.7302251,0.97349244,0.53133243,1.3546839,0.6687373,1.210904,0.6926875,1.3384233,0.6546031,1.4286532,1.2861171,0.9397644,1.5742635,1.1606685,0.6684498,1.3322458,1.2545252,1.3860847,0.6429648,1.0759513,0.90371096,1.3445573,0.71933866,0.6833317,0.34464812,1.2800977,0.5124217,1.6041589,0.42776185,1.3626844,1.1669832,1.3059207,0.95187134,0.606935,1.2845724,0.86457324,0.8791317,1.4353043,1.5261676,1.5293305,1.2509176,1.4239767,0.8766608,0.8775404,0.4069556,0.3543368,0.86164844,1.4820828,1.5634414,1.5773598,0.5700357,1.1017833,1.4939665,1.4884472,1.4548131,1.3844445,0.9629528,0.827098,1.3666885,0.83528185,1.0226728,1.1973176,0.5622674,1.251986,0.40418273,1.2307206,0.6677985,1.5444616,0.51391745,1.2543325,0.48790163,1.5322094,1.5767817,0.9713782,1.622477,0.9676798,0.74003816,0.40642524,0.28829408,1.4410846,1.4240274,1.5557077,1.4661214,1.5176581,1.3620396,0.6859911,0.7857214,1.0918843,1.4894106,0.71009415
belt,1.1908338,0.7622095,1.1418443,1.1210827,1.0782902,1.2180599,1.130112,1.0784266,0.9823895,0.9147208,1.174809,1.1327684,0.0,0.505809,1.2049707,0.6663346,0.9762221,0.75470406,0.99482894,0.91859245,1.1024041,1.0736355,0.8644004,1.049443,0.85728353,0.5754221,1.0598458,0.792585,1.0058334,0.68681115,1.1653808,0.89052075,0.83207464,0.8927464,0.9202499,0.87800896,1.2791955,0.91251755,0.8738513,1.0943723,0.81390834,1.2335854,0.9365362,1.0860894,1.150113,1.2072921,0.91573215,0.7604641,1.1828576,1.221586,1.068715,0.9246431,1.3096384,0.74455285,1.3423405,0.9318918,1.1928662,0.88545847,0.7829028,1.1986517,1.2150182,0.9482752,0.777609,1.1635773,1.2479541,1.1083071,1.0239309,0.7913717,1.1426502,0.79808855,1.0813259,1.0795689,0.76357675,0.5643909,0.9837417,0.89151293,0.70252335,1.0428231,1.205951,1.0326627,0.89447296,1.0816665,1.2285949,1.034482,0.80674577,0.51826775,0.8679663,1.1502168,0.7693971,0.99465436,1.1943548,0.93035036,1.0559219,0.7380689,0.73418933,0.9023788,1.1816975,0.50143254,0.95193905,0.88058406,0.9343549,1.0741472,0.86802757,1.0531342,0.9943519,1.0103188,0.9159634,1.0881572,1.3589797,0.8729037,1.2940153,0.63855886,0.78979987,0.63084596,1.1943922,0.67252606,1.1487838,0.7761241,1.0550822,0.8253106,0.8269448,1.1030245,1.0138999,1.2599075,1.1846536,1.1290578,0.79395807,0.91658217,0.8767235,0.7981308,1.2895688,1.1692613,1.2101971,0.64256114,0.68568915,1.0717881
bench,0.8470628,1.0095174,1.3695151,1.1059899,0.9810284,1.3540306,1.1664289,1.2914959,0.9712447,0.6521207,1.1569262,0.6405232,0.505809,0.0,0.9828207,0.82289314,0.71296585,0.9506945,1.2398074,1.1109354,0.72515655,1.3046309,0.6977839,0.93147504,1.1808347,0.76105034,1.055885,0.9661293,0.8759095,0.22321975,0.8823334,1.2600055,0.5304035,0.81632686,0.821886,0.8359467,1.1333745,1.083264,0.34734523,1.3432286,1.2943609,0.66235816,1.1491776,1.0494356,0.88983667,1.0440714,0.60879767,0.6772513,1.0065101,1.3076394,1.0734397,1.1815952,1.1181452,1.1689942,1.088167,1.1558388,1.2559063,0.9113784,1.1586782,1.1772135,0.773144,1.285799,1.1264703,1.3730677,1.0188075,1.030513,1.0544088,1.1382337,1.1484208,0.61841506,0.8011738,1.0077342,0.6258054,1.0329471,0.38526022,1.1161225,0.95001465,1.2020197,1.1694812,0.9525264,0.97825617,0.86490595,0.9666992,1.3754573,1.1223178,1.0769457,1.1449499,1.312513,0.5592242,1.1014647,0.95572144,0.63111407,0.90530926,1.2283653,1.1401081,1.3111775,0.9708763,0.6937225,1.2377162,1.1216158,1.1707034,1.3891231,0.75613654,0.7656539,1.2688096,0.7160609,0.8745978,1.0871539,1.0608093,1.121565,0.9628353,0.9779295,0.7767976,1.0644528,0.7993574,0.6202322,0.83919567,1.2266827,1.3495849,0.9742545,1.1817876,0.997537,0.72276914,0.92416716,0.63288146,1.3546655,1.1983998,1.258508,1.297687,1.1028502,1.4120718,0.89015317,1.0322284,0.4954809,1.2558308,0.78526735
bib,0.48243678,1.3294765,1.3775554,0.7943796,0.55233395,1.2833351,1.1660537,1.3064454,1.1396663,0.7792793,0.7458127,0.44036406,1.2049707,0.9828207,0.0,1.3568771,0.46565652,1.3796453,1.4107803,1.4695172,0.9003425,1.3224361,1.0314171,1.1196407,1.2125951,1.4526179,1.0439978,1.1658456,0.7607331,0.9063082,0.86361617,1.4394232,1.0273484,0.83003366,1.0567919,0.91952187,1.011597,1.1325512,0.68109477,1.271375,1.5952635,0.5127099,1.462528,0.7998923,0.6408006,0.5942522,1.0118499,1.18059,0.37012768,1.2269564,0.70644176,1.1864514,0.7801862,1.242219,0.7989819,1.3428711,1.1752884,0.8396707,1.4958154,1.0911814,0.66576165,1.3038325,1.0191486,1.1112902,0.7059316,0.8562566,0.77224827,1.2744466,0.73216033,0.8816385,0.5019698,1.075122,0.811832,1.6054528,0.8077631,1.290118,1.1121064,1.2830191,0.75020313,0.47055942,1.1920091,0.9432794,0.74765193,1.3635168,1.406415,1.4040272,1.2032297,1.358235,1.040104,1.0099034,0.18021256,0.5634627,0.79608274,1.5181844,1.5708234,1.4665136,0.7269008,1.2863432,1.3470914,1.4098234,1.3903108,1.2074168,0.8907547,0.84368795,1.2338804,0.9919539,0.95913863,1.1116686,0.5878437,1.2238344,0.50656015,1.1048448,0.6848122,1.5202495,0.76258314,1.3688385,0.7757777,1.5112262,1.4193475,0.8305999,1.5516418,1.0157778,0.8356705,0.48238122,0.44023407,1.3386699,1.2495037,1.4622297,1.3292845,1.3921248,1.22921,0.6231477,0.9130673,1.2233756,1.4198279,0.87353474
bird,1.2826335,0.7076016,0.7440513,1.259674,1.3005912,0.97399545,0.99116474,0.9608967,1.0344951,1.0633126,1.1570638,1.2068894,0.6663346,0.82289314,1.3568771,0.0,1.1713411,0.5835333,0.6917975,0.5011426,1.078987,0.99041855,1.0977777,0.93275833,0.8823649,0.4908057,1.0325605,0.6929306,0.9713833,0.9837214,1.0785521,0.74888915,0.999045,1.0789039,0.9504063,1.1188846,1.0560777,1.0296419,0.99470437,1.0153563,0.50743747,1.2034044,0.66695595,1.2490698,1.1476823,1.1994632,1.0120841,0.97499377,1.1873834,0.91770965,1.152508,0.9763777,1.201973,0.84983826,1.1456804,0.7525834,0.9487698,1.1486995,0.72796774,0.9662305,1.2401876,0.9131902,1.117038,1.0595695,1.2351665,1.2490832,1.269598,0.8880659,1.1136472,1.1386279,1.199794,1.0741585,0.89194727,0.58535886,1.0812874,0.894334,0.86262125,0.9248461,1.1407355,1.2950095,1.0832752,1.0802956,1.3315177,0.782762,0.76529014,0.49533564,0.751789,0.75371957,0.94336474,0.93545526,1.2839267,1.1665828,1.2387798,0.45128036,0.4823408,0.7167177,1.1624687,0.4476688,0.8773097,0.6745753,0.73894787,0.9193902,1.0937172,1.1323633,1.0538083,1.1021361,1.1953992,1.0935125,1.2513086,0.983392,1.2219025,1.0294111,1.1602049,0.55489576,1.159018,0.6488756,1.2556736,0.53895783,0.7980448,1.1223501,0.6651669,1.1168923,1.1199447,1.285426,1.2515659,0.9162499,0.89690685,0.7270266,0.8111911,0.79689485,0.99591404,1.3111359,1.0735292,0.91762674,0.7721237,1.0636296
blanket,0.4507699,1.2788687,1.4236281,1.0620358,0.5384501,1.4014962,1.2408564,1.2367754,0.9770926,0.6398819,0.72491413,0.23826021,0.9762221,0.71296585,0.46565652,1.1713411,0.0,1.2440518,1.4960262,1.4222968,0.8845438,1.3142347,0.91729766,1.2247345,1.1938473,1.3996642,1.0958904,1.0725931,0.6128288,0.69661796,0.8234162,1.4237103,0.8245906,0.86638916,0.93474066,0.7377305,1.0891892,1.1845663,0.4319694,1.291934,1.5069647,0.47358584,1.5517715,0.9393808,0.55064267,0.7850714,0.9226762,1.0099748,0.51178277,1.3298101,0.6940278,1.1346227,0.9519899,1.2819042,0.8030548,1.240431,1.1495674,0.84984916,1.4572307,1.021029,0.7403172,1.3345747,1.0223017,1.2854996,0.9277433,1.0833814,0.89615506,1.4207759,0.807714,0.6548929,0.42929268,1.2459831,0.5659806,1.4471409,0.64561546,1.2665169,1.0737761,1.1960378,1.0043504,0.5143291,1.2501378,0.99511254,0.8021817,1.4543041,1.3403664,1.3878424,1.2704241,1.3851609,0.8660178,0.8274448,0.5877539,0.45149255,0.86383915,1.3924358,1.4160484,1.4414974,0.65573657,0.9794966,1.3107992,1.3567432,1.3564167,1.3747921,0.7973635,0.91627336,1.3410656,0.95418334,0.9748611,1.0649225,0.81239957,1.0920422,0.6790849,1.0369498,0.59328735,1.4287602,0.71887577,1.2456934,0.62736315,1.4650662,1.5150259,0.75226295,1.4851798,0.969975,0.9183925,0.63882387,0.5433687,1.379753,1.3385476,1.4938474,1.290226,1.284888,1.3608048,0.71509945,0.9256414,1.1163217,1.4474226,0.8562465
book,1.4285779,0.7814205,0.7124709,1.0559365,1.3298154,0.8481071,0.91533375,0.8034872,0.6026825,1.1901426,1.2292197,1.4013214,0.75470406,0.9506945,1.3796453,0.5835333,1.2440518,0.0,0.59664077,0.51902604,0.72036237,0.86239594,1.0226592,0.76283276,0.7403223,0.55458933,0.94287694,0.90374154,1.3915884,1.0697371,1.1805421,0.62085545,1.1503339,1.297635,0.6517438,0.9055673,1.0937017,0.88052905,1.2597278,0.8446657,0.44914275,1.2823031,0.5437318,1.0443135,1.4580207,1.1515219,1.1623387,0.82291263,1.2332299,0.81851393,1.3492134,0.98961985,1.313385,0.9183768,1.1097205,0.6678053,0.8302371,1.2029531,0.5263603,0.91132224,1.2317977,0.9132251,1.0003647,0.729404,1.3780267,1.0706115,1.2927452,0.88822937,1.3565156,1.1545838,1.4534073,0.9333936,1.228412,0.46736664,1.2680066,0.86968267,1.1045233,0.8122799,0.97427714,1.4097532,0.89412975,1.1748277,1.3587817,0.7627804,0.6015776,0.6706425,0.98289514,0.72750854,0.96352035,1.1281093,1.4079603,1.4892873,0.8816625,0.50184906,0.437173,0.5912932,1.2856629,0.59948707,0.7363467,0.548835,0.56855303,0.83216494,0.8974687,1.019594,1.0356071,1.0006763,1.1869986,1.0289245,1.3521699,0.6899976,1.5141664,0.84628826,1.271935,0.59273565,1.3302686,0.57417315,1.2728324,0.58483577,0.6062767,1.1006566,0.5214925,1.2303041,1.0568528,1.5007427,1.324449,0.6413468,0.9217845,0.65932417,0.6600064,0.5541559,0.69843537,1.1444,1.1779583,0.8296999,0.78175914,1.1533998
bottle,1.4998426,0.64104307,0.5318092,1.12929,1.3587769,0.7239486,0.99761623,0.934541,0.9392138,1.2420835,1.1286339,1.4435148,0.99482894,1.2398074,1.4107803,0.6917975,1.4960262,0.59664077,0.0,0.2748952,1.0934186,0.9375981,1.0563297,0.7536464,0.8689182,0.41284108,0.93717,1.0735778,1.2672551,1.1857395,1.2147053,0.6058245,1.0655332,1.1360569,1.0190884,1.3906214,1.1480145,0.9025531,1.3741512,0.812962,0.33319187,1.3794422,0.14055705,1.2398266,1.3642589,1.3128316,1.0163656,1.0706135,1.3161825,0.76537955,1.1859515,1.0668229,1.2204854,0.9353776,1.1635247,0.6777724,0.8104859,1.2716271,0.50065386,1.2284875,1.3505498,0.74171245,0.97989917,0.9240034,1.2413924,1.1931609,1.3842659,0.6603611,1.1952856,1.3426881,1.3844205,0.86057466,1.2206209,0.5615411,1.2831197,0.71451885,1.1442941,0.923741,0.9918006,1.4815679,0.7245268,1.1541134,1.379498,0.2851522,0.34183514,0.5217706,0.89111227,0.5824319,0.94019175,0.9965538,1.3409008,1.4388916,1.1736963,0.27564192,0.5190141,0.5144675,1.2981966,0.6824198,0.8238595,0.54867864,0.578029,0.41787946,1.1494051,1.2182907,0.94046736,1.0124031,1.075238,1.1617599,1.2094809,1.02447,1.3268385,1.0064203,1.3404222,0.5323123,1.1852244,0.7285518,1.2352531,0.32648647,0.45637953,1.3727912,0.4936942,1.1875416,1.0875483,1.3328977,1.4214866,0.70458573,0.8864424,0.3444363,0.8225218,0.38555342,0.7328759,1.4139414,1.021756,0.98735493,0.46894056,1.0890843
bowl,1.5779802,0.5777016,0.56323004,1.1910253,1.4262255,0.7358094,0.9353334,0.83228433,0.8869748,1.0377185,1.2177022,1.4501307,0.91859245,1.1109354,1.4695172,0.5011426,1.4222968,0.51902604,0.2748952,0.0,0.9538072,0.8766867,1.1150494,0.5931026,0.96966755,0.4571337,1.0062492,0.9638852,1.3181382,1.2027472,1.1958054,0.58536583,1.1949092,1.290817,0.8938634,1.203486,1.026391,0.8609017,1.3479681,0.8751298,0.32046187,1.3327299,0.15576982,1.1278658,1.4409689,1.2858524,1.1255296,0.9224911,1.3773749,0.7211667,1.2258874,1.0162971,1.245434,0.90988016,1.1094767,0.6952061,0.8624808,1.2108139,0.50409025,1.1493084,1.2961441,0.78854656,1.0824121,0.854783,1.3351896,1.1963085,1.341768,0.832309,1.230774,1.2916254,1.4570286,0.78799486,1.2379638,0.5652251,1.2691435,0.7336676,1.1104838,0.8682236,0.999783,1.4521894,0.81308645,1.1269927,1.3040154,0.4338776,0.5525713,0.6038703,0.8780465,0.5837642,1.0423907,1.0045729,1.4400485,1.4859115,1.0580779,0.2948017,0.42792982,0.562595,1.3124357,0.59713805,0.803825,0.6223424,0.4004581,0.57566535,1.1754313,1.2319902,0.9654234,1.1265273,1.3200827,1.0859196,1.2898788,0.9141898,1.3906244,1.003627,1.2970991,0.6282879,1.2067481,0.5065608,1.1673195,0.37361628,0.49513555,1.2638798,0.46679068,1.1106715,1.1813594,1.3991613,1.3679792,0.5476446,0.9047278,0.48337287,0.8227914,0.5655131,0.7263698,1.222902,1.0785402,1.0537685,0.5787073,1.155916
box,0.96244824,1.2005819,1.244116,0.9251059,0.9923903,1.1464798,1.1929691,1.1319637,0.57812905,0.7105651,1.0031537,0.78104746,1.1024041,0.72515655,0.9003425,1.078987,0.8845438,0.72036237,1.0934186,0.9538072,0.0,1.2558031,0.896065,0.52761585,1.1780341,0.9250855,0.942009,1.3488678,1.125705,0.7259043,0.9314597,1.04663,0.8350217,1.0237957,0.7582665,0.8069088,1.0494552,1.010914,0.81490135,1.2532699,1.2615258,0.5594465,1.0025809,0.6944349,1.05084,0.8264247,0.7663599,0.6695304,0.86153424,1.148504,1.0035008,1.2449917,1.0216422,1.4152315,0.7509076,1.1664273,1.0218343,0.9972223,1.1821659,1.0196426,0.78550786,1.326627,1.1647748,0.96155274,1.0195359,0.87634325,1.1452423,1.3161366,1.056417,0.9930651,0.9220983,0.85209495,1.0306085,1.2884383,0.76261175,1.1001751,1.2503258,1.0485692,0.5987413,0.9788529,0.9087267,0.8671682,0.9504777,1.3401663,1.2033186,1.3543339,1.4223613,1.1983656,0.76678455,1.1865562,0.91688114,1.012114,0.7040448,1.2715745,1.2397552,1.325724,1.0090126,1.0936807,1.2492417,1.0877438,1.0475532,1.1268661,0.7702536,0.71967036,1.3563664,0.6312428,1.1731884,1.0656084,0.9296393,0.9131184,0.99608356,0.98717684,0.9645319,1.351249,0.83327764,0.7696171,0.8448858,1.3256176,0.962608,1.0825353,1.2521402,1.0275689,0.68081844,0.92645925,0.7342111,1.002238,1.4164484,1.362466,1.2299987,1.1286132,0.97002065,0.7310913,0.93973,0.8492376,1.3540701,0.8534733
bread,1.2477784,0.8409157,0.6054064,0.879337,1.3469745,0.7509302,0.85584867,0.4109162,1.0460819,1.4176414,1.2353151,1.4959036,1.0736355,1.3046309,1.3224361,0.99041855,1.3142347,0.86239594,0.9375981,0.8766867,1.2558031,0.0,1.2521927,1.0565753,0.79266375,1.0084605,1.1048698,0.79361767,1.213633,1.3893299,0.83911633,0.80053854,1.3669959,1.3353508,1.2106726,1.1576061,0.8169606,0.80974245,1.4160782,0.1079092,0.6899752,1.5076659,0.8534018,1.1199253,1.184264,1.0983882,1.437027,1.1809045,1.3068719,0.5749537,1.3200138,0.8685184,1.1689937,0.68269557,1.2810115,0.78047925,0.676301,1.0365846,0.48788488,0.7113372,1.234016,0.7931848,0.79627883,0.63187796,1.2746918,0.67215765,0.91409737,0.84153986,1.269372,1.3108108,1.4189492,0.8515034,1.3533349,0.60930586,1.4373137,0.95126194,0.910235,0.7347342,1.097363,1.1568539,1.0492077,1.1877632,0.745191,0.74132746,0.7487698,0.80821896,0.78248477,0.61460996,1.266882,1.0895787,1.4086502,1.4058456,1.0939286,0.8191123,0.67023385,0.47819066,1.1267076,0.87401,0.1291908,0.82601506,0.4984684,0.74652785,1.0411109,1.0108845,0.74084467,1.3810538,1.0592539,0.3725788,1.3100629,0.99557894,1.3732609,0.9892866,1.2342737,0.7307787,1.4183726,1.0371675,1.3226209,0.73100626,0.63079906,1.0293518,0.4496349,1.0763655,1.2910529,1.392054,1.4066203,0.6804299,0.59051335,0.50358725,0.7171664,0.7990119,0.8000135,1.2032903,1.2103399,1.1855458,0.77341384,1.4146063
broom,0.95323443,1.0233475,1.3014898,1.0588814,1.0423149,1.200475,1.1480591,1.143752,0.90211797,0.8045994,1.0548501,0.9047518,0.8644004,0.6977839,1.0314171,1.0977777,0.91729766,1.0226592,1.0563297,1.1150494,0.896065,1.2521927,0.0,0.90939224,1.0583296,0.9017708,0.96233636,1.1711984,1.1054363,0.59228635,1.0177442,1.1165788,0.6768603,0.9175221,0.9937231,0.9024733,1.1489255,1.0341543,0.835989,1.1385878,1.1181135,0.8539332,1.0341811,1.0481837,1.0126439,0.9927026,0.6616523,0.7805451,1.0888352,1.263212,1.0402561,1.0843061,1.114943,1.2022659,0.9388375,0.97808665,1.0784769,0.951252,1.0197393,1.0715448,0.90289575,1.1738031,0.97078586,1.2732244,1.009136,1.0875201,1.1098412,0.9886761,1.1483302,0.5460636,0.94030124,0.99370176,0.8985244,0.9742546,0.6090833,1.0362899,1.1086352,1.1131718,1.0234649,1.0465914,0.6786422,1.009301,0.9994076,1.1794306,0.94311756,1.0853504,1.1942232,1.2761513,0.64119154,1.1282271,1.0121,0.89223665,0.95539,1.1151137,1.022374,1.1427772,1.064156,0.98721,1.2326733,0.9544335,1.1721597,1.14167,0.6981213,1.0465758,1.0798062,0.6542134,0.7820606,1.0607597,0.9984595,0.8141441,1.049651,0.90156996,1.03245,1.010408,0.7762432,0.940491,0.9177315,1.1604867,1.0805768,1.0688082,1.0308847,0.99189913,0.699178,1.017364,0.9290433,1.2017624,1.1952995,1.1776421,1.1278878,0.93776906,1.2050563,1.007422,0.91882193,0.4102869,1.1480017,0.8285529
bucket,1.2894692,0.9479544,0.9031132,0.9848933,1.3345726,0.8008507,0.85218984,0.94382775,0.6786224,0.8518525,1.2247674,1.2357944,1.049443,0.93147504,1.1196407,0.93275833,1.2247345,0.76283276,0.7536464,0.5931026,0.52761585,1.0565753,0.90939224,0.0,0.98372114,0.5343292,0.9929018,1.2709718,1.3583575,0.89289737,1.0521162,0.7172735,0.9419441,1.0337243,0.85232675,1.1121795,1.0458308,0.9043247,1.1140076,1.0756481,0.97149044,1.0409997,0.4935707,0.8409437,1.3664377,0.9950683,0.8793427,0.8052523,1.105628,0.8515348,1.2184359,1.2108126,1.246176,1.2162255,0.99963516,0.8185445,0.86992526,1.001309,0.89096576,1.015839,1.0133796,1.1824796,0.8123642,0.88200366,1.2468504,0.9721022,1.271816,1.0298864,1.263577,1.2517605,1.1690631,0.47823155,1.2448792,0.9828861,1.0620977,0.8152118,1.178559,0.7939853,0.63143253,1.1172967,0.77426606,0.95854527,1.063661,1.0560231,0.75986433,0.9893339,1.2232116,0.88139606,0.7365256,1.2613682,1.2334067,1.3100089,0.9265184,1.0430009,0.99581283,1.0304123,1.2133285,0.8782807,1.0328869,0.7849683,0.79790276,0.8367478,0.74620265,0.9747354,1.1477845,0.7110233,1.209706,1.0964917,1.1842301,0.95802045,1.3047417,0.9178841,1.1026089,0.96990454,0.9743208,0.5246611,1.1041746,1.0340073,0.5654832,1.1493112,0.8825977,1.0442296,0.7476797,1.2158266,1.1280581,0.6879134,1.1389079,1.0448035,0.97205496,0.7333138,0.7479511,0.9410418,1.104143,0.8237134,1.087596,1.0055135
butterfly,1.2166898,0.899976,0.78492856,1.0506649,1.2712727,0.8289993,0.84531,0.8775148,0.8732604,1.2941364,1.1950305,1.317595,0.85728353,1.1808347,1.2125951,0.8823649,1.1938473,0.7403223,0.8689182,0.96966755,1.1780341,0.79266375,1.0583296,0.98372114,0.0,0.88895255,1.0031953,0.83271503,1.2140021,1.0922371,1.1989005,0.7634901,1.0704107,1.0686765,1.0497411,1.068562,1.0730225,0.95344406,1.2350106,0.74483454,0.69552416,1.3220513,0.8676026,1.156992,1.2510039,1.0650306,1.1811904,1.062285,1.1124773,0.8727606,1.1780267,0.85514206,1.1613656,0.7776454,1.1282347,0.7532365,0.92941105,1.0678153,0.70705026,0.71513003,1.1414413,0.8515229,0.8746682,0.7767947,1.1983373,1.1017952,1.1415198,0.8026027,1.1866536,1.1602712,1.2045189,0.9914157,1.1719472,0.6931915,1.2023708,0.94599247,0.9305027,0.80610454,1.016925,1.2282779,1.05972,1.2213975,1.2270035,0.81880355,0.75678253,0.72357386,0.82442,0.84352875,1.080997,1.0514697,1.242553,1.2370341,1.2021002,0.78234076,0.74023014,0.68990374,1.13809,0.9022758,0.69362366,0.72226816,0.85833573,0.9381052,0.8640986,1.0860776,0.8076794,1.1127286,0.97659785,0.99979657,1.2080247,0.7960229,1.2645276,0.84921634,1.0596939,0.60590804,1.2536426,1.0798184,1.2580812,0.7924901,0.71857363,1.0350736,0.6710104,1.1304967,1.0883929,1.2924842,1.2823888,0.75741196,0.75188017,0.7560111,0.6964792,0.7416066,0.7640688,1.2842185,1.0616351,0.9427087,0.77581966,1.1989826
can,1.5191151,0.6414228,0.8123289,1.1673229,1.4376175,0.9144343,1.0682139,1.0059028,0.80853385,1.0662682,1.2786665,1.4054898,0.5754221,0.76105034,1.4526179,0.4908057,1.3996642,0.55458933,0.41284108,0.4571337,0.9250855,1.0084605,0.9017708,0.5343292,0.88895255,0.0,1.0589498,0.99067956,1.2212284,0.80162275,1.2260971,0.57564056,0.7192246,0.9311453,0.89147335,1.310007,1.2699335,0.8403396,1.1192598,0.9833003,0.49779958,1.3417039,0.30794787,1.2296537,1.4147604,1.337975,0.706862,0.8352126,1.3036356,0.98329735,1.2403669,1.0189025,1.3470628,0.8978808,1.2905886,0.7090947,0.9825291,1.2040846,0.58948547,1.2681189,1.3460324,0.90409917,0.88068163,1.1359754,1.3214588,1.1855721,1.3962688,0.6762664,1.2807487,1.2378519,1.2660774,0.74541897,0.9830365,0.4480452,1.1207179,0.6730971,0.9432544,0.9025774,1.0687035,1.4582715,0.6433748,1.1044314,1.4263115,0.7450066,0.29663503,0.349056,0.92199975,0.817163,0.57877636,1.0862389,1.3880131,1.289211,1.1611533,0.53672844,0.51135486,0.69266146,1.3288456,0.39134628,0.8806717,0.5455472,0.6975888,0.6738601,0.9749013,1.147595,1.0304962,0.74006057,1.051948,1.185978,1.3507898,1.022764,1.4165909,0.8711088,1.1590776,0.42543948,1.0985191,0.35450244,1.3122494,0.4838801,0.53056586,1.2409407,0.57410866,1.2025459,0.93836504,1.4040332,1.444605,0.8522679,0.8732793,0.5763715,0.8435049,0.34380305,0.98810285,1.4285595,1.2041909,0.62338936,0.70879793,1.0181953
car,1.0472451,1.0213218,1.096389,1.0326351,1.0072765,1.0366552,1.0634203,1.1235365,0.95854384,0.9613165,0.8854159,1.0096238,1.0598458,1.055885,1.0439978,1.0325605,1.0958904,0.94287694,0.93717,1.0062492,0.942009,1.1048698,0.96233636,0.9929018,1.0031953,1.0589498,0.0,1.2332964,0.97902733,1.0006071,1.0217257,0.9311365,0.96230763,0.95399004,1.0270529,1.0960776,1.0659274,1.036117,1.0138856,1.052364,1.0973446,0.97742873,1.0039694,1.0554413,1.0152568,0.96761066,0.9371689,0.94814974,1.1071675,1.0572671,0.9557939,1.0815852,0.95351404,1.1797428,0.86117876,0.9351825,0.96380347,1.0127729,0.9495226,1.09695,1.0344096,1.0345091,0.97656864,1.1274477,0.9009285,1.0426763,1.0886494,0.9654304,0.89339817,1.1152841,1.0425266,1.0631852,1.059547,0.9967758,1.0178449,0.8892166,1.0219285,1.0693283,0.90331703,1.0801107,0.95599407,0.8806935,1.0346295,1.0667272,1.0238273,1.0845033,1.1898175,1.0958803,0.97786003,0.9899279,0.97944295,1.0777833,1.0112101,1.0147763,1.1164669,1.0841106,1.0449928,1.1058791,1.0480456,0.8940734,1.0233601,0.9565756,0.9222168,1.05524,1.0927113,0.9331117,0.9307266,1.046473,0.91771376,0.8972376,0.99515235,0.9162917,1.0540403,1.0420904,0.9630789,1.0154697,0.99052876,1.0928619,1.0015669,1.1269957,0.9942061,0.9423345,0.6752786,0.989332,1.0288656,1.0447872,1.1555395,1.0749563,1.0604606,1.0334619,1.0062032,1.0511452,0.8315705,0.93892205,1.0549691,0.7658529
carrot,1.0955814,0.7331759,0.8180548,1.096568,0.99162424,1.0487626,0.8939165,0.89987475,1.2878656,1.1651115,1.1474658,1.1033801,0.792585,0.9661293,1.1658456,0.6929306,1.0725931,0.90374154,1.0735778,0.9638852,1.3488678,0.79361767,1.1711984,1.2709718,0.83271503,0.99067956,1.2332964,0.0,0.97781175,1.1763985,1.1019802,1.1640452,1.1636525,1.1044493,1.0961759,0.9864755,0.9947076,0.99210346,1.0020869,0.88623005,0.6764847,1.2208148,1.03667,1.1904414,1.0166411,1.1865314,1.2735658,1.1374261,1.0359179,0.9086615,1.0856156,0.70436716,0.97992265,0.3497579,1.1774876,1.0440016,1.1364965,1.0044308,0.93579894,0.95687246,1.0977472,0.70700574,1.0911856,0.8925323,1.0446404,1.1179036,0.6929968,0.90733355,1.0267338,0.919879,0.99332786,1.2692513,0.8531177,0.76526105,1.1075773,1.18866,0.6968433,0.9929534,1.2732444,1.0170513,1.2888982,1.1280429,1.1788481,0.79819155,1.0019164,0.7206441,0.47328687,0.83782566,1.2908452,0.88097084,1.1797783,0.9185891,1.1523131,0.72495455,0.6304168,0.800802,1.1030492,0.7587477,0.8151554,1.0063326,0.9851702,1.1431725,1.2395312,1.1961153,0.8518601,1.2949929,1.0405711,0.9266864,1.1032268,1.1116544,0.9974654,1.1157751,0.95249885,0.7276623,1.1423109,0.99767107,1.0919541,0.7456643,1.1457102,0.780613,0.8255998,1.1470288,1.3375916,1.1034374,1.1443632,1.066718,0.47901165,0.71482205,0.7563249,1.0356569,1.1090465,1.1584487,1.1891947,1.0290707,0.7114663,1.2643971
