,alligator,ankle,apple,arm,ball,balloon,banana,basket,bathtub,bed,belt,bench,bib,bird,blanket,boat,book,bottle,bowl,box,bread,broom,bucket,butterfly,can,car,carrot,cat,chair,chips,clock,closet,coat,coffee,comb,couch,cracker,crayon,crib,cup,dog,doll,door,drawer,dress,egg,elephant,face,finger,fish,flower,foot,fork,frog,glass,glasses,glove,grass,gum,hair,hamburger,hand,hat,horse,hose,jacket,jar,jeans,knife,ladder,lamp,meat,melon,milk,mitten,mop,motorcycle,nail,napkin,necklace,nose,orange,oven,pajamas,pants,paper,pen,pencil,pickle,pig,pillow,plant,plate,pumpkin,purse,radio,refrigerator,rooster,sauce,scarf,scissors,shirt,shoe,shorts,shovel,shower,sink,slide,slipper,snow,soap,sock,soup,spoon,sprinkler,strawberry,stroller,sweater,swing,table,tape,toe,tooth,toothbrush,towel,toy,tray,tree,vacuum,watch,window
alligator,0.0,0.92156965,1.4572088,0.4925998,1.403724,1.4663374,1.1237915,1.1280358,0.6493401,0.5397664,1.3700094,0.7847762,0.7905284,1.1188157,0.5546606,1.056148,1.155948,1.4905545,1.2448201,1.0587949,1.3044438,1.2424405,1.3767731,1.132399,1.4090545,1.2754439,1.0399501,0.63287604,0.8421637,0.8958886,1.0697553,0.9285098,0.64779264,0.7988671,0.88771576,0.6054389,1.1658622,1.4544837,0.7303033,1.4390647,0.68326014,0.9901323,1.0307164,0.9392727,1.0658412,1.4036405,0.49195963,0.9509395,1.1681737,1.142289,1.3412969,1.2021155,0.9921509,1.1683778,0.6583752,1.2508054,1.1027662,0.8661504,0.9802002,0.77068895,0.6107025,0.7344694,1.4478345,0.7378891,0.90280074,0.6077231,1.0618913,0.6085365,1.3684286,1.1549885,1.2863708,0.42427468,1.0460701,1.0326432,0.50994706,1.0073103,1.2340219,1.2625031,1.4854343,1.3019173,1.0482503,1.3543774,1.1295638,0.58107454,0.6361946,0.6735141,1.407738,1.3609256,1.1823926,1.0942446,1.062202,0.93921083,0.9894382,1.4079478,1.0223328,1.3551121,0.94947165,1.3784763,1.0576482,0.85631603,1.1911985,0.5364924,1.011753,0.66299164,1.4711025,0.7305063,1.3192796,0.86539006,1.4402866,0.80314004,1.4387833,0.8120998,1.3220657,1.046893,0.92324936,1.2752626,1.0047947,0.49159962,0.9051357,0.42023492,1.2990477,1.2685778,1.2947338,0.88079524,1.493105,1.155792,0.9477812,0.9393007,1.4179218,1.4508791,0.84855664
ankle,0.92156965,0.0,1.0501349,0.8253016,0.9812044,1.0814815,1.1356679,0.9707769,1.1227009,1.0702883,1.1718513,1.1461341,0.86779773,0.9672271,0.9729101,1.0584693,1.0054091,0.9925649,1.0943131,1.0194584,1.119183,0.9420469,0.88741994,0.8470993,1.1333046,1.1952572,1.0691674,1.0689949,1.135504,0.89127076,0.9744606,1.0406746,1.0019374,1.1319869,0.99069506,1.1064057,1.1497737,1.1575956,1.0462155,0.9625733,1.0090121,0.67610407,1.0905336,1.0234685,1.0550624,1.0059597,1.0295486,1.0566418,0.9696593,0.9698352,0.94548917,1.0393999,0.9096293,1.0405544,0.955543,1.1478479,0.94144136,0.9954905,0.8380263,1.111501,1.0633373,0.7004845,1.1198475,1.0175525,1.0575049,0.98290604,0.8940077,1.1441926,1.1022291,1.2509453,1.0351461,0.8927715,0.74856836,0.80599105,0.8764222,0.9423357,1.0969329,1.0856522,1.1329967,1.1573389,1.0467235,1.093512,0.87269825,1.0304449,1.1318078,0.8385166,1.1437352,1.1284578,0.9305496,0.9713754,1.0524564,1.0631316,1.0321593,0.9865229,0.9109425,1.1597763,1.0446073,1.1206452,1.1595662,0.8839283,1.1224763,1.0488211,0.92435133,0.9858049,0.9906016,1.0633907,1.0590119,1.0263541,1.0478278,1.0978293,1.1100953,0.7727937,1.2330606,0.91999483,1.0570754,1.038732,0.8937801,1.0511587,1.0473009,0.9896812,1.0373251,0.9406488,1.1539031,0.90822834,1.1196091,0.9950319,1.0771328,0.99455065,1.063103,1.0825946,1.1054392
apple,1.4572088,1.0501349,0.0,1.4031833,0.18939102,0.29276294,0.7159062,1.1361436,1.4753554,1.4476805,0.6557929,1.4868882,1.2100718,1.0113277,1.4290533,0.9730281,0.9669528,0.44295877,0.5556919,1.1702683,0.53433377,0.94964683,0.75395143,0.854488,0.725808,0.80997455,0.9281201,1.2735152,1.4584148,1.007824,0.8724739,1.3071302,1.2532115,1.3518684,1.1115108,1.4589937,0.7117528,0.46850657,1.5047266,0.5479877,1.3601966,1.1130687,1.2867844,1.3230991,1.1096218,0.31372124,1.3934033,1.1351749,0.86342484,0.6713749,0.6140638,0.94346225,0.9443805,0.68396115,1.343845,0.8161167,0.9186164,1.1047995,1.0024269,1.2435241,1.2028003,1.2054148,0.45546317,1.251019,1.1724288,1.333355,1.083288,1.3821751,0.61388814,1.1323106,0.65127695,1.3664725,0.81363106,1.0005504,1.405352,1.2224551,0.9484901,0.49210793,0.6195775,0.857092,1.0591372,0.32047588,1.1431903,1.4279282,1.3855228,1.3302795,0.57648885,0.65548426,0.3183126,0.93403214,0.94834244,1.0773402,0.8241546,0.57385737,1.1757143,0.7806564,1.2312993,0.68594235,0.84966636,1.1834459,0.8948913,1.3966589,1.1239377,1.306904,0.5435288,1.325968,0.8035029,1.185143,0.53153944,1.2655877,0.6015681,1.0582228,0.55361253,0.89033014,1.0841262,0.49653554,1.1232895,1.4040804,1.2813976,1.4169594,0.55362606,0.7561242,0.5908453,1.1489503,0.5762911,0.77094316,1.0681187,1.1620816,0.78680855,0.56312954,1.3178508
arm,0.4925998,0.8253016,1.4031833,0.0,1.31828,1.3672209,1.1131095,1.202202,0.64350605,0.41064048,1.401408,0.63686496,0.83577335,1.1445165,0.5508758,1.1379181,1.2748812,1.4162943,1.4455727,1.1020784,1.345324,1.2067184,1.3978156,1.1341038,1.4304122,1.3134758,0.94234055,0.63770545,0.81345403,1.113105,1.1562116,0.8011717,0.72612596,0.85161936,0.89531916,0.4772144,1.1588018,1.3791564,0.6337405,1.4391572,0.8195289,0.96688014,0.920659,0.8786461,1.1165688,1.3235903,0.56523776,0.71920294,0.9781141,1.2473682,1.3688058,1.2435658,1.2408929,1.3496103,0.7204511,1.1845124,1.1753914,0.84623665,1.077934,0.61876595,0.71762115,0.6647261,1.3739111,0.8411425,0.912967,0.6780227,1.162664,0.5446863,1.3261856,1.1536223,1.3784112,0.5348289,1.1029469,1.0707836,0.52485573,1.0466154,1.2496952,1.1172401,1.4611949,1.3359762,0.8825402,1.3228116,1.0763682,0.5904007,0.5834211,0.80829954,1.3363729,1.3091911,1.2033368,1.0721,1.0438238,0.95475894,1.3391057,1.2539959,1.0335076,1.3322754,0.92767465,1.3806372,1.1749568,0.87556636,1.2637964,0.45803624,1.1780092,0.5434743,1.4999458,0.7085618,1.2709446,0.82717407,1.4511118,0.91316295,1.4511615,0.8948318,1.3925046,1.308128,0.9796794,1.1517124,1.0192064,0.4235975,0.8947848,0.5168178,1.3901651,1.1062107,1.245857,0.85229754,1.4605966,1.2121698,1.138269,0.90161556,1.3735567,1.4370836,0.7835771
ball,1.403724,0.9812044,0.18939102,1.31828,0.0,0.3358395,0.801964,1.0992985,1.4747096,1.3283349,0.72333044,1.3916547,1.1045252,0.9858939,1.3229113,0.87699306,0.94203836,0.58430964,0.6742369,1.1646436,0.62592065,1.0149021,0.75584346,0.7830827,0.843323,0.9154372,0.90789527,1.2771832,1.4035393,1.0430495,0.8354554,1.3172158,1.2160474,1.2748276,1.1047484,1.3325197,0.86712223,0.61530745,1.4246365,0.5982174,1.2734685,1.006679,1.319346,1.3172472,1.0770329,0.24071848,1.321764,1.083559,0.87994915,0.62478,0.65931547,1.0124958,1.031165,0.706016,1.2927693,0.84240353,0.8842103,1.0862192,0.9577695,1.2230973,1.173388,1.1874437,0.45416915,1.2808514,1.1766527,1.2818849,1.0638361,1.3348612,0.73035514,1.1667566,0.65779305,1.3289376,0.84431624,0.98989123,1.2865534,1.2798302,0.8577504,0.5351107,0.73334384,0.89801097,1.0414902,0.40542388,1.1533887,1.3370645,1.3296554,1.2579812,0.6946039,0.7744179,0.4311316,0.92487466,0.82169485,1.1730442,0.88800824,0.62583953,1.1446648,0.78564215,1.208287,0.7474093,0.8223616,1.1702247,0.9515258,1.352705,1.0880139,1.2636845,0.6780719,1.3115963,0.8854471,1.2024508,0.6341138,1.2780929,0.6610482,0.9326671,0.6366646,0.9512687,1.1193191,0.64896464,1.0039098,1.3439646,1.2650732,1.3696988,0.4678225,0.78184265,0.68574953,1.1797012,0.70424855,0.6970507,1.1447706,1.1809283,0.8529252,0.62037164,1.3503265
balloon,1.4663374,1.0814815,0.29276294,1.3672209,0.3358395,0.0,0.6880048,1.243737,1.4023392,1.5196455,0.5225926,1.5475509,1.1752177,1.0407119,1.4362402,1.02581,1.0543448,0.455505,0.5194975,1.2828097,0.47509372,0.9221394,0.7473833,0.88802886,0.65743995,0.82667124,0.816285,1.1568868,1.485884,1.1104184,0.5441475,1.3565063,1.2937602,1.4602437,1.1321216,1.4937941,0.5641126,0.40383184,1.5589794,0.5387797,1.3502009,1.1789907,1.2886219,1.3682177,1.0884194,0.23270309,1.3806757,1.0750281,0.7002588,0.59587264,0.8212046,0.80741763,0.85949314,0.8554908,1.3618629,0.7057583,0.9896235,0.95540243,1.1009917,1.2475218,1.2351052,1.1679986,0.3427986,1.2500833,1.2045219,1.4180553,1.0920855,1.4037097,0.5403127,1.0880377,0.41627687,1.4237173,0.8404673,1.0514718,1.4620976,1.1728014,1.0167494,0.37451237,0.5132681,0.61147976,0.8793086,0.34766597,1.1741902,1.4896312,1.3798218,1.4018962,0.5184596,0.557673,0.69228166,0.8896462,0.8650093,1.2005687,0.7602105,0.46829313,1.2620124,0.7785209,1.3440233,0.66717196,0.6996858,1.2156398,0.83707994,1.4193586,1.093482,1.3351388,0.5064719,1.3745887,0.79010355,1.234728,0.41711617,1.0352273,0.5936911,1.0688213,0.5128956,0.8059645,1.173648,0.46201354,1.1396289,1.4707947,1.3450835,1.5271698,0.50247055,0.60733676,0.5073313,1.1554023,0.4841851,0.92667973,1.0475142,1.2218724,0.69036794,0.4602847,1.3297672
banana,1.1237915,1.1356679,0.7159062,1.1131095,0.801964,0.6880048,0.0,1.2284144,1.1891779,1.2100328,1.026326,1.2173667,0.96789575,1.0549872,1.1677663,0.98764783,1.0817922,1.0460887,0.9761327,1.1774027,0.72551966,0.9643726,1.0836365,1.0196131,1.0611732,1.0659289,0.6272129,1.1746844,1.3114185,0.9901682,0.8078096,1.1952057,1.2441825,1.1472498,1.1573286,1.2179576,0.644959,0.81930315,1.1833316,1.049457,1.1983047,0.92156416,1.1710122,1.1408746,1.0745788,0.7449824,1.1802381,0.98997456,0.6239892,0.9944159,0.96922386,0.8951695,0.9452298,0.6604396,1.1371195,0.78060085,0.7649435,1.1135168,0.95169264,1.1093136,0.9071195,0.7831111,0.78811896,1.162756,1.0047663,1.2777168,1.0214611,1.1124904,0.86077267,1.1196324,0.9311245,1.1042817,0.8445187,1.1041343,0.8793101,1.0522833,0.9366551,0.85164094,0.90671027,0.8497277,0.7577442,0.7609308,1.2624058,1.1025398,1.0767198,1.1889975,0.8847268,0.8181407,0.795853,0.81365484,0.9513134,1.180692,0.98760617,0.75040495,1.2089674,1.0251068,1.134701,0.90811694,0.7247247,1.2375182,0.70164174,1.1649415,0.9836296,0.9992224,0.935303,1.149159,1.1130036,1.0590805,0.83754456,0.9140808,0.8991524,0.99766135,0.9136268,0.94865596,0.9794093,1.04328,0.8892707,1.2091527,1.1111723,1.2368815,0.8507856,0.64708817,0.7760682,0.7649075,0.88611746,0.7160037,1.0679675,1.0810996,1.1293874,0.83229876,1.3440293
basket,1.1280358,0.9707769,1.1361436,1.202202,1.0992985,1.243737,1.2284144,0.0,0.9731082,1.0610702,1.0280231,0.9112253,0.9655478,0.98065495,0.982279,1.0160929,0.61288977,0.9465088,0.80843717,0.33373177,0.9763358,0.95382345,0.60699064,0.98679346,0.8254366,0.9996392,1.2474561,1.1845458,0.7196989,0.8061386,1.1741633,0.87808186,1.1577576,0.6054914,0.885711,1.0195336,1.2234251,1.1873189,0.8416257,0.78301406,0.9869778,0.9324411,0.87949103,0.65621597,0.8739445,1.1427133,1.0907917,1.2656959,1.2841549,1.0000166,0.8626525,0.9925404,0.9399796,0.9940636,0.90396905,1.2388915,0.8061704,1.2457353,0.7805986,1.238284,0.9922064,1.1600515,1.155383,1.0265535,1.0941032,1.0744773,0.674289,1.2477509,1.1449041,0.755932,1.0345709,0.99060476,0.84089094,0.7420107,0.9328803,0.8872769,0.8919208,1.3821915,0.9960595,1.0851543,1.3034391,1.0769458,0.722061,1.0216309,1.2125607,0.81247234,1.1541126,1.1379067,0.9729765,1.0787598,0.9515501,0.9909444,0.77987266,1.0936614,0.511367,0.82121634,0.69302696,1.004186,0.9322626,1.0299617,0.9595278,1.1633816,0.8126532,1.2116759,0.94049287,1.1208254,0.7061942,1.1097862,1.0628035,1.2229793,0.9549645,0.9218602,1.0729804,0.92926633,1.0871747,1.2057767,0.86329395,1.1507535,0.9855846,0.96231294,1.0164033,1.2859402,1.2557976,1.1146442,1.0082369,0.9108617,0.66703254,1.0407248,0.8834588,1.1076725,1.0008836
bathtub,0.6493401,1.1227009,1.4753554,0.64350605,1.4747096,1.4023392,1.1891779,0.9731082,0.0,0.56966907,1.2025892,0.5605738,0.9616854,1.0965911,0.7605784,1.0400512,1.114025,1.4201466,1.1758685,0.83865905,1.4212966,1.0042892,1.211939,1.1901735,1.0860971,1.1710826,1.0690215,0.67143244,0.57731575,1.0369902,1.0599347,0.6427912,0.8514634,0.7532284,0.97529453,0.6151508,1.1324314,1.3332839,0.470235,1.3083491,0.7210172,1.1987813,0.60350645,0.55502135,1.1406183,1.4071002,0.67990094,0.9980301,1.2269329,1.3011515,1.432134,1.2142441,1.0265017,1.2617548,0.6755281,1.3180655,1.2094425,0.6698185,0.93360806,0.8818011,0.8811823,0.98343974,1.5213274,0.7601639,0.92500263,0.81379426,1.0330423,0.6693039,1.2303121,0.8090074,1.2665576,0.7595195,1.1581085,1.0815059,0.7746157,0.81297725,1.1986907,1.3151114,1.354117,1.257766,1.1272587,1.4332663,0.84150445,0.7679832,0.6550954,0.6648731,1.226663,1.1949916,1.2121074,1.1488183,1.0862805,0.8945993,1.0213084,1.3903219,0.9749223,1.155465,0.92585266,1.3509648,1.1118922,0.8589772,1.0709836,0.71441627,1.1056061,0.78200024,1.3167777,0.49973452,0.9866822,0.77367187,1.4880378,0.7206098,1.203346,0.99320656,1.2900035,1.0323029,0.994164,1.2587426,1.0008818,0.71697307,0.9176644,0.546794,1.2531922,1.3483381,1.3172934,0.8633239,1.402216,1.1778586,0.7134367,0.9129925,1.1551253,1.4654442,0.6776185
bed,0.5397664,1.0702883,1.4476805,0.41064048,1.3283349,1.5196455,1.2100328,1.0610702,0.56966907,0.0,1.401182,0.33069032,0.7661398,1.1396483,0.22260672,0.97924966,1.1384839,1.5260876,1.4364129,0.97492766,1.4388645,1.3207476,1.4509847,1.1450064,1.4204669,1.3283273,1.073007,0.72499204,0.6030446,1.0786949,1.2957644,0.7409112,0.7724866,0.56286234,1.0474075,0.083292484,1.2625947,1.5038235,0.42474508,1.5110004,0.59655297,0.8934896,0.85759413,0.7770579,1.0972319,1.425123,0.4533409,0.785483,1.1862555,1.2365452,1.385741,1.2765086,1.312732,1.2045038,0.756145,1.2216305,1.1536696,0.9356829,0.99587715,0.68274826,0.67666733,0.8620886,1.3814458,0.7925207,0.8841312,0.63298875,1.1320994,0.38734734,1.4675473,1.0488063,1.4792991,0.52271694,1.2078648,1.1087525,0.52695477,1.1143714,1.0436018,1.2496121,1.4723493,1.3935624,1.0183545,1.3995712,1.0681236,0.4723189,0.46498495,0.7344515,1.4637859,1.4708886,1.2385012,1.0390623,0.71237105,0.9237627,1.2803112,1.4237349,1.0110074,1.3142956,0.7822391,1.3979714,1.2549714,0.86886036,1.35948,0.5046998,1.2107031,0.47941864,1.5722837,0.5873386,1.3482966,0.8099893,1.5387241,0.9039252,1.4048014,0.85527253,1.365953,1.3515092,0.9239096,1.2470515,1.006359,0.46653593,0.8194424,0.37935287,1.3455057,1.2808391,1.351764,1.0262463,1.4856248,1.1007531,1.1000268,0.8802512,1.4336736,1.4948378,0.74293244
belt,1.3700094,1.1718513,0.6557929,1.401408,0.72333044,0.5225926,1.026326,1.0280231,1.2025892,1.401182,0.0,1.2934663,1.2275602,1.0567867,1.3582399,1.004687,0.81740355,0.47840405,0.59499824,1.1361666,0.65063846,0.8735419,0.79472256,1.0490595,0.28669035,0.6911588,0.8459419,1.0216517,1.1918737,1.1408086,0.92709637,1.2551856,1.1903429,1.1922216,0.8889908,1.3650888,0.6368773,0.26953351,1.3726523,0.5934102,1.2175434,1.262516,1.1171204,1.2236878,1.0317295,0.67105347,1.2527018,1.2460371,0.7112943,0.7146204,0.8877873,0.58417386,0.82802045,0.9883314,1.4267771,0.7337808,0.782538,1.0013007,1.2705603,1.2698597,1.3139595,1.2261517,0.5456726,1.2470117,1.2614268,1.2669977,1.2276202,1.2329952,0.4144063,0.7415493,0.6068313,1.4086043,1.222299,1.2224517,1.5356271,1.0626369,0.79877806,0.65337354,0.34676075,0.41542912,1.1306708,0.67001444,1.0600429,1.3212105,1.162415,1.2942929,0.32320368,0.36944604,1.025105,0.9391501,0.8304708,1.107358,0.90252584,0.6525465,1.1683211,0.47751462,1.2495116,0.72869784,0.8829175,1.233361,0.81786263,1.3592603,0.99037737,1.205914,0.48553652,1.2455732,0.61061853,1.3200816,0.40801477,0.93886495,0.49192393,1.2795725,0.321325,0.84757525,1.2445855,0.715209,1.1262455,1.3863406,1.3386818,1.4715235,0.7392382,0.71961707,0.6366475,1.2085754,0.40641892,1.2020108,0.97028196,1.195534,0.36521983,0.34964836,1.1806443
bench,0.7847762,1.1461341,1.4868882,0.63686496,1.3916547,1.5475509,1.2173667,0.9112253,0.5605738,0.33069032,1.2934663,0.0,0.9566384,1.0050815,0.5413311,0.96052355,0.9825916,1.447463,1.3709364,0.8215502,1.377842,1.0038905,1.2879732,1.0940609,1.2550256,1.0880594,1.1421461,0.85820353,0.36527908,1.102504,1.2881525,0.66132003,0.89731926,0.6081028,0.9703795,0.3091662,1.3128023,1.3916167,0.2459495,1.4336782,0.71806085,0.9871517,0.6838201,0.7282077,0.9899208,1.5037378,0.717014,0.9409617,1.3034308,1.2394949,1.2308588,1.2025657,1.2594792,1.1560389,0.8202558,1.2696986,1.1461014,1.0198733,1.0419109,0.8428555,0.8367901,1.0581393,1.4369695,0.79982173,0.8069489,0.7983164,1.0685401,0.5987321,1.2646792,0.7549887,1.371258,0.74774563,1.224492,1.050986,0.7342264,0.8620584,0.92573345,1.4066306,1.3864567,1.3502862,1.128712,1.4288434,0.8877778,0.7433965,0.6477807,0.8155118,1.2672918,1.2841427,1.2529371,1.125665,0.8491532,0.8295566,1.2823704,1.4282972,0.8297428,1.0985546,0.82421756,1.278775,1.2715579,0.89329934,1.0892481,0.7698025,1.0202163,0.7097985,1.4232315,0.65869826,1.133494,0.7912471,1.4849281,0.9308511,1.238642,0.99028516,1.357063,1.2551615,0.8590956,1.3146055,0.79659784,0.7013424,0.7161024,0.60262406,1.3494003,1.4152068,1.3995667,1.0055212,1.3992484,1.0849787,0.98499936,0.7521806,1.1823422,1.4777442,0.60405934
bib,0.7905284,0.86779773,1.2100718,0.83577335,1.1045252,1.1752177,0.96789575,0.9655478,0.9616854,0.7661398,1.2275602,0.9566384,0.0,1.0920824,0.7193117,1.0739669,1.1282123,1.2264928,1.2504927,0.99877053,1.1704781,1.1955904,1.109567,1.0075134,1.2241662,1.216758,1.1110926,0.89629924,0.9329723,1.0165018,1.0796472,0.9344865,0.7233131,0.9540117,1.0662253,0.7912308,1.0796036,1.3717041,0.85003656,1.210407,0.82847804,0.73142064,1.0162969,1.0298507,0.8767433,1.1330445,0.829156,0.8507584,1.0734935,1.1252542,1.1385975,1.1082315,1.220091,1.1255467,0.90786254,1.140173,0.90848,1.1495268,0.9130944,0.8199614,0.81973326,0.8850618,1.0790972,0.9403568,1.1277044,0.6772909,1.0018984,0.8102145,1.394943,1.2171681,1.2216251,0.67811406,0.98238057,0.9308559,0.62437636,1.1255697,1.0089554,1.2061632,1.1761857,1.086138,0.8813937,1.1345443,0.91745305,0.55610114,0.7838766,0.91465116,1.3746934,1.3849858,1.1116121,1.0602207,0.8709246,1.0786625,1.1490531,1.0753919,0.97104865,1.2674596,0.9500307,1.1438394,0.9704891,0.6725483,1.2403911,0.71159506,1.0365232,0.80721146,1.3252544,0.9803952,1.1876116,0.92152065,1.2611691,1.0121702,1.1643424,0.6833982,1.2203436,1.2303234,1.1213529,1.1310841,0.8843038,0.73298794,0.897879,0.76188886,1.1854829,1.0846431,1.1834729,1.087045,1.1781242,0.95077026,1.1054955,1.0882475,1.2284201,1.2384219,0.970504
bird,1.1188157,0.9672271,1.0113277,1.1445165,0.9858939,1.0407119,1.0549872,0.98065495,1.0965911,1.1396483,1.0567867,1.0050815,1.0920824,0.0,1.1059108,0.671237,0.8584285,0.96737224,1.002071,0.91696453,1.0531204,0.8365445,0.9014611,0.6008307,0.9933573,0.98749924,1.1927387,1.1805921,1.0818899,0.9147793,1.0628308,1.0365254,1.1035384,1.0349013,0.90566903,1.160228,1.2458311,1.0292997,0.98292357,1.0089833,1.0395584,0.97869545,1.0266922,0.9439118,1.0060884,1.0662035,1.136991,1.0025452,1.1859293,0.85711086,0.84907997,1.0994427,0.9215208,0.6547609,1.0054394,1.1323433,1.0330896,1.0749758,0.97168505,1.1373662,1.1076052,1.1368734,1.0154959,1.0083971,0.8977728,1.1593381,0.95804954,1.2235603,0.99769604,1.031842,0.97622025,1.1241379,0.89018446,0.9009613,1.0688413,0.8979116,1.0601403,1.1366192,1.0348895,1.0558279,1.0883325,1.0397536,0.9837279,1.2097667,1.2230995,0.9288611,0.96991396,0.9852757,0.9700065,1.0700177,1.1118307,0.88662905,0.95558083,1.0998074,0.8607589,1.0758953,0.9877793,0.9522833,1.090925,1.0047734,0.7902781,1.1425781,0.9259194,1.24762,0.8922199,1.1068971,1.0738243,0.90508056,1.0254952,1.1542807,0.98858047,0.9967758,1.0528973,0.9345553,0.8869505,1.0653231,1.0846758,1.155879,0.92983353,1.0953579,0.937036,1.1636536,1.0492129,0.92541987,1.0197574,0.82918394,0.9812868,0.9710342,0.90268195,1.118467,1.0142444
blanket,0.5546606,0.9729101,1.4290533,0.5508758,1.3229113,1.4362402,1.1677663,0.982279,0.7605784,0.22260672,1.3582399,0.5413311,0.7193117,1.1059108,0.0,1.0292038,1.0767509,1.4693158,1.3429626,0.9971648,1.2837088,1.297184,1.4005334,1.1048291,1.3841941,1.2830244,1.0103208,0.777244,0.76566195,0.98317903,1.1829696,0.88239384,0.8084903,0.62170243,1.0659178,0.25105494,1.2617277,1.446956,0.64712167,1.4728639,0.5799,0.8114742,0.9882589,0.871723,1.0077105,1.3718202,0.45326746,0.88193035,1.1259965,1.1095701,1.3087003,1.2010204,1.205439,1.1669987,0.8575138,1.1958404,1.0329136,0.9375456,1.0472152,0.83966243,0.6371717,0.79683185,1.3352084,0.80630255,0.8992771,0.6608572,1.0908306,0.5538084,1.4169214,1.1063461,1.3689394,0.4769773,1.0995878,1.0728803,0.50857586,1.1254281,1.0903895,1.2410963,1.3387835,1.1816174,0.9882584,1.3605856,1.061917,0.5321536,0.60678977,0.7466612,1.4130294,1.4006063,1.2367709,0.96612877,0.55668795,0.9575412,1.1709834,1.2747123,0.9715487,1.3180181,0.8771056,1.3081062,1.1342409,0.95120037,1.3206518,0.60024476,1.1209624,0.61788434,1.4642253,0.8002141,1.3144375,0.92738205,1.3984045,0.86918724,1.3182149,0.78590316,1.3110834,1.262866,0.923049,1.2253752,1.0346155,0.6264587,0.9287101,0.58639985,1.3281024,1.1916356,1.3216984,1.107842,1.3449638,1.1665058,1.0631614,0.9403409,1.3811873,1.3766217,0.8689251
boat,1.056148,1.0584693,0.9730281,1.1379181,0.87699306,1.02581,0.98764783,1.0160929,1.0400512,0.97924966,1.004687,0.96052355,1.0739669,0.671237,1.0292038,0.0,0.8421048,1.0793371,0.9909437,0.97722936,1.0514019,1.1615852,0.9765569,0.905414,1.0835589,1.0116293,1.1405852,1.1750743,1.1377993,1.0122335,1.0668416,1.1953562,1.1486386,0.93559,0.90932816,1.0626307,1.2285639,1.0244406,0.8852407,0.9964213,1.06535,0.9085057,1.205915,1.052871,1.0509481,1.0206007,1.0387175,1.0331118,1.0985144,0.7848675,0.9757328,0.9263814,1.1073259,0.71922934,0.99032104,1.0400525,0.90086967,1.0638947,0.7836744,1.1320957,1.0282122,1.0931743,0.965856,1.1160855,0.80972683,1.1923006,1.0042069,1.1083819,1.1021823,1.0371221,1.0950948,1.114287,0.911373,1.0613695,0.92554754,1.1440961,0.9570849,1.0608089,1.1277833,1.2125578,1.1385387,1.0249491,1.2033793,1.072615,1.1257662,0.97011787,1.0621864,1.0987557,1.0199809,0.9649725,1.0556421,0.97297955,0.8989857,1.0536671,1.0274198,1.0389922,1.050081,1.0997881,1.1480803,0.9211787,0.9398951,1.1317533,0.8805173,1.058421,0.99875724,1.1107699,1.1586778,0.50833476,0.9552104,1.1525466,0.87914544,0.84042174,0.91173923,1.0626868,0.7687793,1.1043491,1.0548973,1.1378324,0.74413055,0.9799861,0.6987995,1.0555971,0.9211708,0.9477438,1.128803,0.50046676,0.9259077,0.9212805,1.1410338,1.0304754,1.0940661
book,1.155948,1.0054091,0.9669528,1.2748812,0.94203836,1.0543448,1.0817922,0.61288977,1.114025,1.1384839,0.81740355,0.9825916,1.1282123,0.8584285,1.0767509,0.8421048,0.0,0.86756,0.7596339,0.4909534,0.9222562,0.8951155,0.71432304,0.96397996,0.7588178,0.77318966,1.0879563,1.31001,0.91087824,0.8563672,1.1298589,1.1719981,1.1995691,0.6050911,0.78376186,1.1662589,1.0929298,0.83610356,0.96359587,0.8083079,1.1334156,0.9211788,1.0865047,0.8376397,1.0541408,1.0409786,1.2383335,1.2070916,1.0881681,0.9315622,0.80115825,0.92439806,0.8771309,0.79338384,1.0870199,1.0671076,0.7742622,1.1874344,0.80429226,1.2759011,1.1236035,1.0591654,0.9699306,0.977411,1.0883554,1.1709667,0.91863924,1.298785,0.8582247,0.76794094,0.98053473,1.2249275,0.91143584,0.84682924,1.0965308,0.9481001,0.9142737,1.1694281,0.93819374,1.0312837,1.266407,1.0440042,0.99595773,1.1680238,1.2951938,0.57567585,0.80424607,0.79201096,0.94271195,1.0084921,0.9158202,1.0516642,0.8153249,1.0864431,0.7602217,0.7919016,0.7466887,0.94632995,1.0230415,1.0727541,0.8387562,1.2810616,0.8769474,1.1949085,0.87667745,1.2679484,0.7773342,1.1277719,0.8795955,1.1910896,0.80772483,0.9554423,0.89146465,0.8927891,1.0915337,1.1277672,0.95333105,1.3141873,1.1109868,1.0261751,0.790971,1.1377718,1.033472,1.1080824,0.9458192,0.84960747,0.68768096,1.0620058,0.8603041,0.8948175,1.1371695
bottle,1.4905545,0.9925649,0.44295877,1.4162943,0.58430964,0.455505,1.0460887,0.9465088,1.4201466,1.5260876,0.47840405,1.447463,1.2264928,0.96737224,1.4693158,1.0793371,0.86756,0.0,0.49299717,1.0522833,0.620657,0.82676584,0.3895563,0.89449775,0.34688938,0.7119049,1.0046276,1.2802373,1.2790506,1.0274603,0.9574635,1.1654028,1.2819042,1.2939649,1.0081178,1.4884882,0.6620586,0.368357,1.4735516,0.20226711,1.3909888,1.2410696,1.1077908,1.2069001,0.99505097,0.5862515,1.3710563,1.2288644,0.9586102,0.7870568,0.70304525,0.8871183,0.8926932,1.0422609,1.2971104,0.858588,0.89415795,1.1242769,1.0473766,1.285908,1.361255,1.3320062,0.47535348,1.2238061,1.2226113,1.332113,0.8961451,1.4293075,0.5429264,1.003784,0.55136204,1.4272048,0.9654138,0.87214166,1.54238,1.1449177,0.9888883,0.58507985,0.2760471,0.72154,1.1932948,0.42907518,0.869362,1.4880645,1.4088335,1.2410173,0.46337688,0.55348814,0.90225583,1.0523717,1.0534348,1.0660795,0.89067274,0.68294364,1.0868583,0.65569234,1.099489,0.62618005,1.0234505,1.1871481,0.8530034,1.4089617,1.0509804,1.4107993,0.2988612,1.3022183,0.50461537,1.205746,0.4324689,1.2498115,0.4930789,1.2101415,0.5679447,0.8998326,1.1623383,0.44406432,1.0575573,1.4074908,1.2298466,1.4389985,0.6973165,0.86571556,0.617545,1.1091268,0.24116409,0.9925553,1.0719839,1.1471196,0.47722238,0.4715376,1.1979032
bowl,1.2448201,1.0943131,0.5556919,1.4455727,0.6742369,0.5194975,0.9761327,0.80843717,1.1758685,1.4364129,0.59499824,1.3709364,1.2504927,1.002071,1.3429626,0.9909437,0.7596339,0.49299717,0.0,0.8599099,0.5059241,0.88110006,0.56467986,0.9167788,0.58328193,0.7966548,1.0681666,1.3547698,1.2318379,0.67909,0.74431074,1.212354,1.3049619,1.1087908,1.0990236,1.4229759,0.7577436,0.5295835,1.3477043,0.43993413,1.3950891,1.2062492,1.1834595,1.009032,1.1695383,0.5821177,1.3503792,1.2937765,1.0602777,0.80383897,0.8745546,0.956216,0.41733742,0.8965469,1.1748513,0.9428869,0.9713654,1.1182649,0.97332066,1.3676537,1.1535455,1.2720996,0.72152764,1.2182482,1.2376666,1.3446625,0.8833239,1.4683105,0.5213932,0.9798246,0.54638773,1.353618,0.71367145,0.85612774,1.4617642,1.0016654,1.0411469,0.7649098,0.6338664,0.8799732,1.2191775,0.40840185,0.99191535,1.5005481,1.4582267,1.1538429,0.5397544,0.56592655,0.7800872,1.0305156,0.97190374,1.1496749,0.20972139,0.8240856,1.0886302,0.6700165,1.1293458,0.81076676,0.5995386,1.1954865,0.7265926,1.485333,1.0219481,1.4070657,0.45083946,1.2874596,0.45977902,1.273629,0.58944887,1.1679025,0.6508051,1.0739,0.55822545,0.425233,1.2385883,0.6803554,1.1441183,1.4028199,1.3083009,1.2529086,0.557921,1.0077686,0.707402,1.0990771,0.6290267,1.0205715,0.5529834,1.2042315,0.7433283,0.72314215,1.2957528
box,1.0587949,1.0194584,1.1702683,1.1020784,1.1646436,1.2828097,1.1774027,0.33373177,0.83865905,0.97492766,1.1361666,0.8215502,0.99877053,0.91696453,0.9971648,0.97722936,0.4909534,1.0522833,0.8599099,0.0,1.0533195,0.9944428,0.6684308,0.97069323,0.9845415,1.0923729,1.2968225,1.2414355,0.7056152,0.7784473,1.1443688,0.8805136,1.0909537,0.61088634,0.95802224,0.96714413,1.2564023,1.265393,0.6820568,0.9120187,1.0110977,0.92163825,0.85533094,0.54716617,0.9963878,1.2435944,1.1319612,1.1163523,1.3317484,1.126597,0.9159732,1.0815954,1.0124803,0.8960143,0.83539623,1.2781082,1.0238054,1.2415172,0.63380194,1.130132,0.94929457,1.1006709,1.2795033,0.8668568,1.0318524,1.0562662,0.654839,1.1509925,1.1692929,0.8200314,1.1477367,1.0520428,0.8394474,0.62817574,0.95082176,0.8886294,0.992674,1.3800738,1.2315426,1.2794247,1.242871,1.1405567,0.80250573,1.0811718,1.1655552,0.6336257,1.2005501,1.1941416,0.90979564,1.0437824,1.143133,0.9862252,0.7877317,1.2503712,0.56020164,0.90764844,0.5679858,1.0845705,0.9848393,0.9465505,1.0172358,1.1351292,0.89881575,1.1389709,1.0967326,0.9815962,0.777717,0.9676024,1.2007326,1.2752322,0.9823,1.0261977,1.1586319,0.98821026,1.0216651,1.2117953,0.85461897,1.084349,0.9222482,0.76446223,1.0501063,1.3655081,1.2452242,1.1004404,1.234081,0.8023485,0.6207377,0.9937894,1.0385911,1.245381,0.94736433
bread,1.3044438,1.119183,0.53433377,1.345324,0.62592065,0.47509372,0.72551966,0.9763358,1.4212966,1.4388645,0.65063846,1.377842,1.1704781,1.0531204,1.2837088,1.0514019,0.9222562,0.620657,0.5059241,1.0533195,0.0,1.0466611,0.75917995,1.0257653,0.75632226,0.7322269,0.748405,1.2114997,1.3156549,0.749905,0.785671,1.2867376,1.2956641,1.2684759,1.1410222,1.4183547,0.72059065,0.49944955,1.4500413,0.6052763,1.2673779,1.0879599,1.2355797,1.2581115,1.0567276,0.53574926,1.352746,1.1601814,0.80387604,0.5640489,0.69987786,0.8940051,0.8290656,0.7750014,1.3658772,0.72917557,0.7823725,1.1506224,1.2135112,1.2715179,0.8961331,1.1474003,0.46823353,1.1258591,1.2591844,1.3471576,1.0802704,1.3368822,0.5206574,0.98115134,0.6338086,1.2074263,0.7577719,0.9658153,1.3364902,1.1341985,0.88710845,0.67577887,0.55719614,0.7545078,0.9885374,0.29849255,1.1266031,1.3780036,1.3518115,1.3779389,0.5469303,0.6357845,0.84502286,0.80790573,0.8659562,1.1577563,0.71862584,0.65879625,1.1086286,0.6378252,1.2212251,0.56964314,0.685189,1.2791564,0.81292367,1.4541245,0.9469386,1.308603,0.56334144,1.4125086,0.7470809,1.349117,0.3946569,1.0608652,0.68295467,1.2038019,0.66085637,0.81543124,1.2207464,0.6875648,1.054632,1.4005871,1.3305005,1.4480621,0.7067362,0.69599867,0.535869,1.2465072,0.5063798,1.0173907,1.004517,1.2135152,0.8718245,0.4706241,1.3515877
broom,1.2424405,0.9420469,0.94964683,1.2067184,1.0149021,0.9221394,0.9643726,0.95382345,1.0042892,1.3207476,0.8735419,1.0038905,1.1955904,0.8365445,1.297184,1.1615852,0.8951155,0.82676584,0.88110006,0.9944428,1.0466611,0.0,0.8061038,0.79296654,0.7667444,0.9202845,1.1610479,1.190067,1.0229918,1.0481516,0.91579914,0.9464256,1.124867,1.1799375,1.0059562,1.3026763,1.006158,0.74185383,1.0217195,0.88357,1.2340153,1.0860995,0.791662,0.91495377,0.9207814,1.0127507,1.1939582,1.1608531,1.1421852,1.0696955,0.9094873,1.0476521,0.6460881,0.9574469,1.0873636,1.144659,1.1770638,0.91264284,1.0804318,1.2330848,1.3307549,1.2262825,1.095366,1.1122968,0.8525024,1.2147741,0.9304187,1.3252146,0.6044976,0.7502383,0.69219637,1.3153172,0.9939938,0.89936024,1.3488731,0.36873823,1.0788047,1.1341023,0.8530637,0.89546996,1.2009205,1.0016156,0.75624484,1.3392465,1.2705224,1.0245689,0.6345693,0.5430143,0.9215283,1.1414514,1.1128961,0.955631,0.9687041,0.9855959,0.9062561,0.8876336,1.0788462,0.843508,1.0693247,1.0930502,0.47145456,1.2379625,0.92792004,1.3624115,0.6697289,1.0470498,0.78580093,1.1131785,0.96760446,1.0626965,0.8323773,1.1122737,1.0967841,0.62156165,0.8786055,1.0007384,0.9574897,1.2954165,1.0500133,1.2029854,1.0021877,1.150777,1.0943799,0.71184164,0.83912057,1.078247,0.946973,0.96344256,0.35082352,1.0584843,0.981512
bucket,1.3767731,0.88741994,0.75395143,1.3978156,0.75584346,0.7473833,1.0836365,0.60699064,1.211939,1.4509847,0.79472256,1.2879732,1.109567,0.9014611,1.4005334,0.9765569,0.71432304,0.3895563,0.56467986,0.6684308,0.75917995,0.8061038,0.0,0.8098823,0.50163496,0.81661624,1.1714423,1.4077253,1.1113045,0.8324555,0.9428554,1.1211354,1.2227205,1.0872548,1.0412234,1.390188,1.0094244,0.84695673,1.2423986,0.17872274,1.2908992,1.1542286,1.0652437,0.9450308,0.9814253,0.7494735,1.2945899,1.2419727,1.1628784,0.9135266,0.7645924,1.0145098,0.8174114,0.89809936,1.0211089,1.1418447,0.93169236,1.1624236,0.7231036,1.308446,1.2975366,1.3297637,0.84878826,1.166475,1.1603267,1.2689084,0.5126668,1.4685665,0.8927491,0.962643,0.72062904,1.3761654,0.6850789,0.38243544,1.3692302,0.9962193,1.0073951,1.0512717,0.63704973,0.96637344,1.2732601,0.7158835,0.70473224,1.4674248,1.4745504,0.97651875,0.8558021,0.8695289,0.8066703,1.0674927,1.0703496,1.1075159,0.70849156,0.8634285,0.852443,0.7208768,0.8730202,0.7902279,0.9421955,1.1357262,0.84555876,1.4310648,0.9751403,1.4436365,0.5589981,1.2708803,0.43493587,1.123533,0.82206374,1.2740436,0.6434943,0.99115384,0.88293225,0.74882686,1.1222112,0.97340345,0.8962204,1.3600075,1.131157,1.2489837,0.68476945,1.1158782,0.99121684,1.0303253,0.64073414,0.8274815,0.7985654,1.1207137,0.6529355,0.8421816,1.1860809
butterfly,1.132399,0.8470993,0.854488,1.1341038,0.7830827,0.88802886,1.0196131,0.98679346,1.1901735,1.1450064,1.0490595,1.0940609,1.0075134,0.6008307,1.1048291,0.905414,0.96397996,0.89449775,0.9167788,0.97069323,1.0257653,0.79296654,0.8098823,0.0,0.9777993,1.0435643,1.2216243,1.1963658,1.1270185,0.8581446,0.89640033,1.0446008,1.1147238,1.0739892,1.1043084,1.1609883,1.2254963,1.0700732,1.0281922,0.89188135,1.1262164,0.95079005,1.0296885,0.97221535,1.0187448,0.92011636,1.0767089,1.0687152,1.2824103,0.88823044,0.7605951,1.182109,0.8548585,0.6922064,0.9953943,1.2257814,1.1377017,1.0516374,0.9493415,1.1353785,1.1246206,1.2493687,1.0211112,1.0607845,0.9718825,1.1996415,0.94571567,1.28232,1.0159804,1.0863497,0.8324038,1.1141208,0.7750787,0.8103875,1.1783931,0.88010824,1.1136307,1.0737942,1.0123727,1.0933622,1.1840414,0.9303065,0.92821896,1.2355349,1.324127,0.93440163,1.0161046,1.0665089,0.7638986,1.1299169,1.1332903,0.9725715,0.8991619,1.0490832,0.94073963,1.0161803,0.9406214,0.82981396,1.0175848,0.9832565,0.8060277,1.1888616,1.0829213,1.2986548,0.83504647,1.0726552,1.0041989,0.99772996,1.068416,1.2387965,1.0027556,0.95242417,1.0598001,0.80269575,0.9471289,0.98401666,1.0345261,1.1090087,1.0582055,1.0702343,0.9177956,1.2119507,1.09862,0.9289737,0.99580973,0.84699833,1.008322,1.0130881,0.85990053,1.1380588,1.0577075
can,1.4090545,1.1333046,0.725808,1.4304122,0.843323,0.65743995,1.0611732,0.8254366,1.0860971,1.4204669,0.28669035,1.2550256,1.2241662,0.9933573,1.3841941,1.0835589,0.7588178,0.34688938,0.58328193,0.9845415,0.75632226,0.7667444,0.50163496,0.9777993,0.0,0.6249439,0.9570765,1.1642528,1.0072312,1.0718161,0.9678265,0.9866486,1.2358819,1.1187495,0.9173257,1.3321532,0.7326443,0.45237708,1.309315,0.4123155,1.2241416,1.3451436,0.85238546,1.0041193,0.94742715,0.81143415,1.2656904,1.2928306,0.871516,0.83817416,0.84997416,0.70341647,0.8875231,1.0348603,1.3225914,0.90927523,0.79395777,1.0559657,1.1752967,1.3113616,1.3834903,1.3172235,0.6852672,1.2281101,1.2422056,1.2607172,1.026676,1.3086643,0.6411706,0.6771609,0.59412086,1.4183589,1.1081227,1.0840263,1.5257399,0.92841256,0.8984581,0.87335986,0.24728966,0.58327585,1.2448717,0.7392701,0.754504,1.3703831,1.241374,1.174309,0.5179977,0.5433825,1.0681053,1.0386535,0.89768374,1.0391719,0.88450074,0.7391342,1.0763288,0.5894551,1.0387429,0.7339288,0.9373034,1.2179413,0.85719776,1.3867348,1.0340166,1.2873496,0.4728065,1.1191524,0.42939454,1.2361066,0.58912235,1.0044295,0.4912727,1.2491057,0.50699145,0.904285,1.2395636,0.8734868,1.0811613,1.3889402,1.2060065,1.4161398,0.74157524,0.9072081,0.845376,1.1746106,0.30566126,1.1500117,0.92464316,1.1625072,0.3041029,0.5396447,1.0636387
car,1.2754439,1.1952572,0.80997455,1.3134758,0.9154372,0.82667124,1.0659289,0.9996392,1.1710826,1.3283273,0.6911588,1.0880594,1.216758,0.98749924,1.2830244,1.0116293,0.77318966,0.7119049,0.7966548,1.0923729,0.7322269,0.9202845,0.81661624,1.0435643,0.6249439,0.0,0.9466992,1.0818223,1.0188352,1.0994076,1.0359485,1.0411224,1.1230768,1.0826703,0.9049662,1.2473483,0.83693933,0.64357656,1.2671044,0.7299155,1.0193846,1.1500133,0.98443407,1.2131697,0.9568982,0.881763,1.2930313,1.0499356,0.91040957,0.77218664,0.696996,0.85189635,0.9028093,0.89750904,1.1681406,0.85340816,0.921236,1.0716447,1.1878107,1.0836236,1.1932282,1.1717519,0.75550944,0.9560365,1.1174728,1.1776307,1.0577432,1.1832404,0.7299877,0.8572707,0.81446326,1.2357284,1.0978552,1.1172264,1.3285987,0.978312,0.84131706,0.8838039,0.66869915,0.8045875,1.016214,0.87136036,1.0041022,1.1853213,1.205429,1.2250366,0.66455066,0.687186,1.072576,0.8776814,0.8993458,0.8487899,0.94949514,0.84823453,1.0215985,0.68199617,1.1607485,0.6758337,0.98772776,1.0489784,0.909635,1.292976,0.90670013,1.2823644,0.6932049,1.163499,0.77690446,1.2044046,0.67461354,0.8798126,0.6554594,1.2074367,0.727327,0.857245,1.1498919,0.8815306,1.0468309,1.2498244,1.0518241,1.3370829,0.8441696,0.92274404,0.80959105,1.1858191,0.6530795,1.1431719,0.96853626,1.1377498,0.7820405,0.632695,0.85704863
carrot,1.0399501,1.0691674,0.9281201,0.94234055,0.90789527,0.816285,0.6272129,1.2474561,1.0690215,1.073007,0.8459419,1.1421461,1.1110926,1.1927387,1.0103208,1.1405852,1.0879563,1.0046276,1.0681666,1.2968225,0.748405,1.1610479,1.1714423,1.2216243,0.9570765,0.9466992,0.0,0.94310844,1.1372257,1.1697267,0.84604836,1.2006085,1.1283488,1.001519,1.1080257,1.0361326,0.58581287,0.72380114,1.1734568,1.0156803,0.9332211,0.9904483,1.1811829,1.1806066,1.0636929,0.75354964,1.0705887,0.9152438,0.41501868,0.9655279,1.0247751,0.83233947,1.0755258,1.0434465,1.1712815,0.55927753,0.77141094,0.93518823,1.1899191,0.97728604,0.9520773,0.6973757,0.68141633,1.065523,1.2049022,1.1142454,1.1370015,0.9058594,0.8131839,1.0523556,0.9554616,0.9963741,1.1690906,1.256057,0.8895174,1.1768438,0.9145648,0.59777457,0.79899436,0.6449222,0.61732256,0.8255419,1.3052322,0.9265182,0.88162917,1.0928963,0.7859936,0.79617417,1.1631274,0.8946614,0.7655772,1.2195889,1.1676704,0.6997702,1.2356128,0.903491,1.1820154,0.869928,0.87477124,1.2267803,1.0221813,1.0834376,1.0708851,0.8506204,1.0130702,1.0311867,1.0715554,1.2458535,0.7760018,0.7540379,0.93162143,1.094942,0.7538528,1.149261,1.2271849,0.9058239,1.0737458,1.116822,1.1816566,1.1801397,0.9913017,0.43954122,0.6894257,1.0574338,0.7982588,1.1305536,1.1696033,1.1580495,1.1140409,0.63253,1.2152762
cat,0.63287604,1.0689949,1.2735152,0.63770545,1.2771832,1.1568868,1.1746844,1.1845458,0.67143244,0.72499204,1.0216517,0.85820353,0.89629924,1.1805921,0.777244,1.1750743,1.31001,1.2802373,1.3547698,1.2414355,1.2114997,1.190067,1.4077253,1.1963658,1.1642528,1.0818223,0.94310844,0.0,0.8477532,1.1409522,1.070079,0.76323956,0.6962044,1.03228,0.93348414,0.7331556,0.9136577,1.1851407,0.89348114,1.3434165,0.53612185,1.175651,0.7713934,1.0332208,0.95244473,1.253201,0.5664014,0.9112256,1.028413,1.0722547,1.219978,1.0766985,1.2029331,1.3776039,0.8808521,1.0324227,1.1407678,0.61633766,1.2216492,0.692153,0.7741183,0.91081595,1.1563572,0.7832204,1.0242957,0.70272464,1.2473434,0.59001267,1.1909351,1.0689492,1.1690942,0.73557943,1.2253222,1.1913866,0.8587893,1.0508691,1.06213,1.013505,1.1343074,0.95420307,0.93753284,1.2743239,0.9902717,0.67952514,0.537707,0.99773276,1.1896212,1.190872,1.2498374,1.0851762,1.0765328,0.8755593,1.2858348,1.2136886,1.139804,1.1712823,1.0427511,1.1714026,1.055131,0.91862726,1.2857229,0.54708636,1.1854378,0.78909516,1.3053846,0.7561493,1.2111616,0.9035416,1.260912,0.49605978,1.3585664,1.0900342,1.1196884,1.2569461,1.0605847,0.95132947,1.0787895,0.6478157,0.9653249,0.76859295,1.3798736,1.0919971,1.0854946,1.09613,1.1645683,1.3378187,1.1465937,1.0170044,1.1331108,1.1488949,0.62741333
chair,0.8421637,1.135504,1.4584148,0.81345403,1.4035393,1.485884,1.3114185,0.7196989,0.57731575,0.6030446,1.1918737,0.36527908,0.9329723,1.0818899,0.76566195,1.1377993,0.91087824,1.2790506,1.2318379,0.7056152,1.3156549,1.0229918,1.1113045,1.1270185,1.0072312,1.0188352,1.1372257,0.8477532,0.0,1.069059,1.2378327,0.4969377,0.8816085,0.5888883,0.9559447,0.474867,1.2488068,1.3893584,0.5530126,1.2184649,0.7172022,1.0479299,0.49661243,0.6406004,0.9247067,1.4470035,0.820778,1.1141949,1.2215801,1.2112157,1.1130583,1.1059331,1.2077793,1.2228781,0.84941256,1.3008862,1.0810465,1.0680571,1.0118273,0.96347195,0.9530818,1.0571696,1.3625822,0.7649143,1.0379733,0.7723161,0.9518825,0.6955905,1.3207905,0.45681107,1.2214766,0.8785835,1.1854411,1.0391955,0.8790933,0.87998986,0.9510379,1.4217658,1.1749562,1.1385716,1.1775496,1.3728321,0.6179293,0.8155366,0.69204414,0.8665923,1.3156171,1.3084972,1.2326865,1.0966753,0.908387,0.8619783,1.160405,1.3300345,0.7455482,1.1072625,0.76465786,1.1742675,1.1680826,0.912946,1.0979396,0.8639591,0.99354,0.8612801,1.3089032,0.6784531,0.92938995,0.88021845,1.3799901,1.002175,1.144392,1.0623486,1.2549142,1.1967247,1.0723426,1.31622,0.8872392,0.79186654,0.68258256,0.6359395,1.2892357,1.3368255,1.3837436,1.1192241,1.2118549,1.1318442,0.9202688,0.7734805,1.0169444,1.3436712,0.49169296
