,alligator,apple,arm,ball,balloon,banana,basket,bathtub,bed,belt,bench,bib,bird,blanket,boat,book,bottle,bowl,box,bread,broom,bucket,butterfly,can,car,carrot,cat,chair,clock,coffee,cookie,couch,cracker,crayon,crib,cup,dog,doll,door,drawer,dress,egg,elephant,face,finger,fish,flower,foot,fork,frog,game,glass,glasses,glove,gum,hair,hamburger,hand,hat,horse,jeans,knife,ladder,lamp,meat,melon,milk,mitten,motorcycle,muffin,nail,napkin,necklace,orange,oven,owl,pajamas,pants,paper,pasta,pen,pencil,pickle,pillow,pizza,plant,plate,pumpkin,purse,radio,refrigerator,rooster,scarf,scissors,shirt,shoe,shorts,shovel,sink,slide,slipper,snow,sock,soup,spoon,strawberry,stroller,sweater,table,tape,toe,tooth,toothbrush,towel,toy,tray,tree,truck,vacuum,watch,window,zebra
alligator,0.0,1.1526732,0.8605272,1.0169088,1.1405098,0.94954306,1.2820295,0.88506645,0.80908054,1.2221534,0.8939352,1.0037982,0.86238325,0.9040782,0.69116646,1.1242509,1.2777355,1.2055712,0.8761803,0.9466269,0.8901382,1.0235977,0.75401556,1.3064461,1.1548086,1.0339265,0.97486323,1.1367438,1.1153146,1.1131883,0.9836119,0.7893139,0.9804507,1.295728,0.80022436,1.3641398,0.8616897,0.7042988,1.0233436,1.0292145,0.9795338,1.2171127,0.95807886,0.9450649,1.2209735,0.46831524,1.0553234,0.93404937,1.1708963,0.24427706,0.9258358,0.8348646,1.265442,0.9410698,1.1591071,1.0097654,0.848104,0.9361486,1.2764317,0.78162724,0.86220485,1.1927991,0.8656092,1.1949027,0.8858589,0.9811734,1.083566,0.6145474,0.9925067,0.99937475,1.343494,1.2555833,1.2160728,1.1230912,1.0014157,1.042679,0.9799213,0.94999397,0.9477405,0.96549904,1.2270504,1.2241851,1.0251471,1.1900208,0.8353923,0.90871596,1.2881644,1.1420238,1.0676624,1.1373258,1.0485249,0.619264,1.120072,1.059139,0.92093873,0.8949299,1.0900716,0.8168254,1.1583321,0.7350538,1.3043725,0.9003035,1.0361062,1.0495083,1.166803,1.282546,1.1041695,0.9209603,0.7309201,1.276638,1.3068707,1.2801412,0.626354,1.1851524,1.0203817,1.0696634,0.9636112,1.0648661,1.0693278,1.3711118,0.83669084,1.0223902
apple,1.1526732,0.0,1.1944838,0.5516234,0.68938226,0.5617563,0.8915478,1.2569228,1.4055238,0.6057532,1.5066502,1.171619,0.8640482,1.2864516,1.2328019,0.89440066,0.5308073,1.0481029,1.269888,0.9086278,1.2271665,1.1359221,1.0063574,0.8086084,0.9352655,1.0917505,0.93748176,1.2563212,0.90794885,0.9483497,0.9679836,1.407507,1.1508365,0.4369967,1.5060582,0.63921756,1.1005323,1.3302501,1.2634096,1.2008648,1.161268,0.7918147,1.0100504,1.1531031,0.69335043,0.9369114,0.81342536,0.8375566,1.0336926,1.0484382,1.1001918,1.2009289,0.70868397,1.1255593,0.5022221,1.067107,0.94319797,1.1008846,0.45594716,0.96821666,1.313891,0.80122364,1.1892821,0.8287179,1.2101649,0.475906,1.2264286,1.1700444,0.79752094,0.8404045,0.3925013,0.8902223,1.0264157,0.60029525,1.3627236,1.1398265,1.1866584,1.2556813,1.2352252,0.9936696,0.6284149,0.7055023,0.73346853,1.0504518,1.0886184,0.93774426,0.70982563,0.5314537,1.1815355,0.9527955,1.3411802,1.2576942,1.1411262,0.95501167,1.2694441,1.157459,0.9475495,1.2740948,0.59693587,1.2595227,0.491171,1.1090766,0.9681633,1.203885,0.9029117,0.47615856,1.27372,1.2691089,1.4318953,0.68549,0.6766856,0.7531435,1.1833572,0.78351486,0.77379006,1.1252933,1.009256,1.0718397,1.0040257,0.4649217,1.3389343,1.0315324
arm,0.8605272,1.1944838,0.0,1.0739096,1.1714679,1.2254264,1.2591443,0.6170739,0.56900895,1.2476639,0.6658764,0.5352931,1.3767743,0.5863999,0.9304735,1.1752038,1.408316,1.1359208,0.7879814,0.9146281,1.0677465,1.0954218,1.2291682,1.359574,1.4040906,0.6837115,0.9921142,1.1019171,1.2191343,1.2546959,1.2355115,0.606919,0.9112196,1.3798101,0.77801776,1.442951,1.1288351,0.8995628,1.028633,0.8604628,0.7442329,1.1601232,0.7888262,1.0099319,0.8839359,0.8963022,1.4608915,0.7047494,0.9856005,0.89458483,1.0157313,0.8686274,1.1877944,0.66489226,1.3337538,0.77996695,0.88288766,0.44559515,1.3455856,1.3293867,0.33095908,1.121767,1.0715616,1.41497,0.8321852,1.1621841,0.9873157,0.5376115,1.3905393,1.2812668,1.2662594,1.2816124,1.0720549,1.0182772,0.7004564,1.1697085,0.5571357,0.5877237,0.6296576,1.0761367,1.1532679,1.1357383,0.90833974,1.0546749,0.95539737,1.2574168,1.410993,1.2665776,1.2319226,1.1806166,0.9985848,1.0507721,0.8185236,1.1452507,0.42742616,1.1732101,0.89534235,0.9778612,1.2749292,0.8975075,1.4101241,0.79997694,0.77460605,0.99779266,0.8819512,1.3719343,1.1407218,0.50534725,0.58603805,1.4052374,1.0374953,1.0184699,0.6883831,1.3563541,1.3572872,1.2025532,0.9978717,1.2445838,1.18688,1.2750988,0.8831402,0.71932834
ball,1.0169088,0.5516234,1.0739096,0.0,0.5554632,0.8273828,1.1949377,1.0287491,1.0976813,1.125386,1.2613072,0.9660148,1.2182531,1.0190098,1.1086345,1.1741579,1.0964725,1.0659357,1.0506686,0.6231244,1.0322729,0.83357674,1.1878107,1.1632098,1.1368581,0.89769894,1.1564276,1.2681549,1.0954677,1.2088103,0.70120245,1.1161983,0.9208789,1.0583086,1.229374,1.0878189,1.0161071,1.0149999,1.2678386,1.1758338,0.92505395,1.0612555,0.99981517,0.93292224,0.9009746,0.8516047,1.0359125,0.87698966,1.0778961,0.78941536,0.98379177,1.0111774,1.0162412,0.9123373,0.66890216,0.92363787,0.64963293,0.92029977,0.99195284,1.2059233,1.0648035,1.2045362,1.1861821,1.2369171,0.88675034,0.41919434,1.0539111,0.7697013,1.125051,0.59942186,0.9148816,0.99522597,1.1466194,0.6401977,1.2487502,1.0881883,0.9007461,1.1093628,1.0253023,0.9473454,1.0887867,1.0801169,0.81941617,1.0249096,0.6613835,1.0767728,0.94026226,0.43026203,1.0664322,1.1354336,1.2918174,1.1565592,1.0693859,1.0322102,1.0407486,0.9856087,0.9365878,1.0349536,1.1647298,1.0947139,1.0402423,0.9685819,0.96918297,1.0638235,1.0444357,1.0751975,1.1085751,1.0610534,1.1583772,0.9489138,0.9074594,1.0009459,0.9395866,1.0412915,0.9084127,1.1191245,1.0413712,1.0113288,1.2153492,1.0602849,1.2751672,1.0753822
balloon,1.1405098,0.68938226,1.1714679,0.5554632,0.0,0.76971483,1.0972004,0.85226077,1.1544697,0.9457264,1.2432685,1.0571779,0.9323655,1.118161,1.0730755,0.96508163,0.9065828,0.94291747,0.9517449,0.89064145,0.9797421,0.6460226,1.005626,0.8744523,0.943727,1.0887454,1.0246845,1.1031913,0.9027286,1.0328021,0.76473224,1.1966443,1.0899329,0.8838255,1.1294411,0.8247093,1.0932331,1.1882746,1.1134913,1.1351566,1.0392697,1.0773828,1.0228165,1.0466459,1.0906749,1.1441526,0.85718834,1.1141382,1.0351603,1.0576639,1.0490302,1.1067739,1.081715,1.129364,0.81125987,1.1073673,1.0654384,1.2207501,0.91212314,0.9729754,1.234142,1.1030979,1.0627241,0.8487641,1.0688549,0.7663065,1.0181422,1.1029662,0.95375055,0.78145486,0.92453796,0.89805543,1.0674505,0.57046604,1.2033215,0.9625794,1.1235616,1.223739,0.9399149,1.0473377,1.0148954,0.98983926,0.9826025,0.9559583,0.89799947,1.0028186,0.7774687,0.5849066,0.897058,0.962783,1.1315248,1.1319904,1.1629941,0.89335346,1.2365142,1.0135171,1.096556,1.1516575,0.9709297,0.91973174,1.0118705,1.0829905,1.056172,1.095452,1.0937635,0.92853683,0.9399907,1.1789767,1.1324626,0.7963612,1.039803,1.1228447,1.1030861,0.9448584,0.7087053,0.92689633,1.066412,0.9742208,0.88975894,1.0091163,1.1418884,0.98756933
banana,0.94954306,0.5617563,1.2254264,0.8273828,0.76971483,0.0,0.88673306,1.3241713,1.4320064,0.8036778,1.2832866,1.0065639,0.8792215,1.3405976,1.2413963,1.0775979,0.8536456,1.0483506,1.4142735,0.6388686,0.91773313,1.0761952,0.8659713,0.82926965,0.9450338,0.95831484,1.0417969,1.2060306,0.91460896,0.8413726,0.8071845,1.3827617,0.8656497,0.7408254,1.3748678,0.8619807,1.0439928,1.1223838,1.0966154,1.04255,1.1867864,0.71130204,1.0814763,1.063615,0.73125327,0.7757634,0.7243643,0.8624684,1.0337576,0.8838086,1.1490818,1.1662557,0.83601284,1.0482941,0.7431228,0.9769243,0.9036212,1.0168958,0.76124513,0.95575297,1.2971222,0.75729537,1.1507602,0.9513026,1.1234593,0.8359087,1.1265942,1.0976784,0.800436,0.7877922,0.82956386,0.8065054,0.9961107,0.48821884,1.1972623,1.0527482,1.2159166,1.1619768,1.3222759,0.7383984,0.79309255,0.82211554,0.7465678,1.053056,1.0162303,0.9251037,0.79140586,0.7584092,1.0643193,0.97952515,1.1758595,1.1846864,1.1472143,1.1240731,1.2091429,1.0533731,0.9907777,1.1928221,0.6613898,1.2028817,0.67561007,1.2534591,0.8917777,0.99407107,0.9546798,0.77043223,1.3121094,1.1755135,1.4218764,0.9134907,0.82134074,0.8195764,1.1477038,0.7768012,0.9839163,1.1287373,1.1018146,1.103844,0.93543005,0.78395283,1.2430515,1.1740558
basket,1.2820295,0.8915478,1.2591443,1.1949377,1.0972004,0.88673306,0.0,1.2813971,1.2251868,0.74561363,1.1047058,1.1807747,0.81845075,1.1356504,1.117471,0.6986754,0.49141198,0.7119744,1.0971823,1.165467,1.1259294,1.1290373,0.93139565,0.63641685,0.68707526,1.1374265,1.010998,0.74750704,0.6806951,0.5544465,1.1413382,1.2094008,0.9524401,0.564682,1.1021763,0.5224621,0.9086674,1.0823636,1.1379186,1.0689498,1.1559422,0.8359637,1.230044,1.1141775,1.0237375,1.1639225,0.72691965,1.2197338,0.9247372,1.3195534,1.1267198,1.165022,0.72484696,1.1958106,0.8084948,1.1216055,1.1997144,1.2933726,0.5345613,0.87398344,1.3523443,0.65132606,0.9015061,0.70236814,1.0882695,1.0724325,1.0401827,1.3083234,0.81077075,1.0946517,0.61211526,0.7601962,0.93069434,1.0908942,1.0734044,0.9262531,1.2059007,1.2864717,1.2316215,0.899615,0.7250477,0.73140204,1.0797899,0.8025267,1.2816496,0.86644316,0.6045229,0.9446627,0.86512434,0.73457426,1.1364071,1.1367108,1.1277468,0.90082705,1.3734647,1.0411868,1.1487896,1.3124974,0.7596459,1.0342408,0.5255277,1.2204012,1.1714592,0.9429519,0.87993103,0.5338659,1.0204893,1.3435316,1.2132647,0.57859826,0.84430397,0.840522,1.2865763,0.61592793,0.6609169,0.7022034,1.1560979,0.89519036,0.9497224,0.5013345,1.2601957,1.1941718
bathtub,0.88506645,1.2569228,0.6170739,1.0287491,0.85226077,1.3241713,1.2813971,0.0,0.43221587,1.2819656,0.55065084,0.8296938,1.2975111,0.6186656,0.74138343,1.1914701,1.3208647,0.9663078,0.615534,0.9946328,0.9161703,0.8044489,1.2688115,1.2642928,1.2734573,0.83042574,1.0400248,0.96573764,1.1505533,1.2142043,1.0593282,0.5351119,1.0033809,1.4328893,0.47528833,1.2575866,1.1969101,1.0526484,0.77548337,0.8531455,0.87493473,1.3349392,0.8803227,0.95295846,1.2149488,1.1255748,1.3532187,0.9458045,1.2490195,0.9866385,0.89731514,0.80670214,1.3129386,0.97861207,1.4113212,0.9308083,0.8815824,0.8413657,1.3620352,1.2231873,0.52811754,1.3204899,0.93784094,1.2197695,0.7919042,1.1160237,0.8938477,0.76503533,1.3654175,1.1744359,1.2747831,1.3480666,1.2501603,1.091313,0.541497,1.1142668,0.7898735,0.7686554,0.67450774,1.139542,1.4053532,1.3703165,1.2110969,1.157787,0.7582791,1.2598583,1.3145063,1.1296452,1.1916206,1.1797881,0.7018263,0.92130774,0.913238,1.1567361,0.6819855,1.0956862,1.0253639,0.89043117,1.1708333,0.7508929,1.5267922,0.801857,0.9912735,0.949141,1.1184207,1.3459234,0.9264367,0.771931,0.5132527,1.2267525,1.2257951,1.303545,0.85811156,1.4115499,1.1958593,0.99194896,0.8315668,1.0912158,1.0619622,1.3781008,0.6913519,0.8607971
bed,0.80908054,1.4055238,0.56900895,1.0976813,1.1544697,1.4320064,1.2251868,0.43221587,0.0,1.4035257,0.28363252,0.66682637,1.4322717,0.16160196,0.6339163,1.1104496,1.4619789,1.1711788,0.51387316,0.9913956,0.87443507,0.95525384,1.2826318,1.4126327,1.3667479,0.81015575,1.0341918,0.90396804,1.287023,1.3195521,1.1235783,0.13063455,0.79392934,1.5457907,0.36957467,1.4875052,1.2140995,1.0422112,0.88389635,0.7583136,0.86242765,1.3825788,0.9486266,0.9788626,1.3105323,1.0550916,1.495242,0.9490534,1.3296863,0.8969333,0.88646567,0.7733952,1.3561373,0.9283289,1.5185667,0.8854977,0.6446778,0.9389951,1.4277301,1.3549249,0.3936056,1.2951827,0.89579487,1.4368141,0.46714383,1.0541993,0.92790306,0.60475415,1.4628954,1.2585683,1.3660089,1.3237829,1.2638825,1.1916149,0.65115964,1.0784045,0.6370779,0.6222472,0.5983587,1.1266043,1.477406,1.4481747,1.2952957,0.77167326,0.7909018,1.2909328,1.451367,1.1331637,1.2161984,1.3088418,0.7780229,0.88152355,0.59829074,1.1849052,0.5177287,1.104075,1.0112827,0.6597159,1.2271926,0.66206336,1.6310012,0.5870679,1.0894798,0.9874075,1.2172064,1.4417162,0.97687227,0.6486815,0.31403518,1.3928363,1.4408109,1.2943797,0.79281986,1.390511,1.2709543,0.94570065,0.88954306,1.2221789,1.2167025,1.4911081,0.69008815,0.8038573
belt,1.2221534,0.6057532,1.2476639,1.125386,0.9457264,0.8036778,0.74561363,1.2819656,1.4035257,0.0,1.3254439,1.241354,0.65115833,1.3595885,1.1392008,0.7481182,0.5094386,0.9959469,1.2545327,1.1686352,1.2436507,1.1687843,0.8095445,0.5571267,0.71719754,1.3125606,0.73965895,0.9905944,0.8005631,0.7764815,1.1601083,1.3673129,1.2286577,0.46373087,1.3553333,0.58333033,0.9502349,1.214252,1.0740908,1.0106323,1.2442545,0.8238321,0.9954096,1.0195566,0.81926346,1.072671,0.76896966,0.9967304,0.91131365,1.2579306,1.1432828,1.2596964,0.71203935,1.1551884,0.6901248,1.0364487,1.2623891,1.2105992,0.5398283,0.7987962,1.3096089,0.66741765,1.0690281,0.56465256,1.3727977,1.0078727,1.2508231,1.4463185,0.65804607,1.1043015,0.6456704,0.7701432,0.8344903,0.91312414,1.1818483,0.998884,1.3021594,1.1855102,1.263006,1.1064545,0.58912987,0.64332974,1.0207118,0.9020387,1.2805102,0.8791307,0.678896,0.96793556,1.0058252,0.73689276,1.1148062,1.152013,1.1445156,0.9123325,1.2424878,1.0472966,1.0579103,1.2017449,0.49517405,1.2559353,0.44843584,1.0962768,0.9328427,1.2269036,0.9473752,0.53341174,1.059339,1.2445906,1.3461776,0.58997506,0.7156404,0.81520355,1.3078066,0.66441226,0.77624404,0.9111867,1.0225946,0.9368494,0.8296181,0.5419549,1.1434295,1.076156
bench,0.8939352,1.5066502,0.6658764,1.2613072,1.2432685,1.2832866,1.1047058,0.55065084,0.28363252,1.3254439,0.0,0.70798576,1.3974226,0.50496376,0.8521879,1.069129,1.4663792,1.1729549,0.7276525,1.1486298,0.7402724,1.0135947,1.251375,1.0883468,1.2400688,0.78027755,1.0802163,0.54474986,1.188627,1.0663823,1.2069744,0.35414422,0.77047753,1.5196457,0.3220756,1.383723,1.1418421,0.86489254,0.57778764,0.44106317,0.8772908,1.1845951,0.9855648,0.96949065,1.1727555,1.0986801,1.4479266,0.8862538,1.2464343,1.0472304,0.95584357,0.92862827,1.2886045,0.8030049,1.5093057,0.8551659,0.95084834,0.8533714,1.4626651,1.3393002,0.46368194,1.1214416,0.8150575,1.3034143,0.7744814,1.3072784,0.94586825,0.74453545,1.3767897,1.3119003,1.4306836,1.0907214,1.1551545,1.2766001,0.4575714,1.0573009,0.71471345,0.5741304,0.7432349,0.9685875,1.3721567,1.370532,1.1403098,0.7969358,0.96447456,1.1811857,1.3386767,1.4163666,1.1418351,1.2388155,0.53983116,0.92111164,0.65218306,1.2517372,0.57629156,1.0469179,0.8267262,0.73150223,1.119461,0.8092654,1.4847138,0.81948507,0.854571,0.9686044,1.2076582,1.4599777,0.9256166,0.6282356,0.4957484,1.3711851,1.3304665,1.1442838,0.8920096,1.1965519,1.3584079,0.9375217,0.9970324,1.1790559,1.0202371,1.4610893,0.6323117,0.98104656
bib,1.0037982,1.171619,0.5352931,0.9660148,1.0571779,1.0065639,1.1807747,0.8296938,0.66682637,1.241354,0.70798576,0.0,1.4348028,0.5874977,0.9245625,1.0288256,1.4616697,1.1877636,0.74039435,0.8591551,0.9360288,0.9289032,1.2305614,1.2940356,1.3753889,0.73218334,1.1023229,1.1259872,1.3302822,1.1074724,1.1816089,0.73971546,0.81068414,1.399048,0.7992319,1.4188306,1.1434277,0.81035537,1.0462453,0.8706166,0.5307284,1.0078218,0.96448106,0.8988115,0.8170992,0.9221945,1.4296519,0.7552725,1.0974545,0.9845463,1.0261239,0.93373215,1.0639691,0.7414987,1.273551,0.7015925,0.8567133,0.6146617,1.2665123,1.4730239,0.5595304,1.052758,1.1339679,1.4794283,0.8211278,1.1333146,1.0313721,0.5741699,1.3447267,1.1856136,1.2791736,1.0358707,0.9684754,0.9618388,0.95226145,1.0357393,0.27262652,0.6909373,0.5937106,1.0169407,1.1877785,1.1990566,0.8784907,0.91731894,0.8741926,1.2775787,1.2468474,1.1945238,1.2395216,1.3179915,1.0510956,1.1308252,0.72327757,1.2328105,0.46247375,1.1059234,0.67359805,0.8555139,1.1300625,0.8926089,1.3175619,0.74635124,0.88452,0.9894231,0.98216707,1.3355854,1.1017911,0.6775694,0.7092179,1.393062,1.0656226,0.9361717,0.76224935,1.1734793,1.3110454,1.0381013,1.1059506,1.2458899,1.3353951,1.2857664,0.98154944,0.94071186
bird,0.86238325,0.8640482,1.3767743,1.2182531,0.9323655,0.8792215,0.81845075,1.2975111,1.4322717,0.65115833,1.3974226,1.4348028,0.0,1.4082882,1.0917741,0.82500005,0.5519043,1.0235978,1.2771974,1.2704697,1.1859407,1.0948937,0.44686955,0.691892,0.5118771,1.4308546,0.83072335,0.9869178,0.67513144,0.8423769,1.0033331,1.3690343,1.2845075,0.56441456,1.3044522,0.6181856,0.71312404,1.077686,1.098184,1.1598084,1.2341864,0.86837125,1.0681672,1.0331181,1.1538253,1.011845,0.51503605,1.2040207,0.8422602,1.0346919,1.1046355,1.2256374,0.8509228,1.234525,0.7616143,1.2395818,1.3790561,1.408756,0.6249453,0.15016878,1.4486506,0.8889733,1.0464325,0.3814001,1.3275983,0.9337971,1.2034954,1.4171973,0.40239137,0.980087,0.7802487,0.7785283,0.8766501,1.0952176,1.270101,0.88770586,1.3895233,1.344136,1.2632875,1.0608491,0.7099407,0.73764867,1.1287496,1.0526942,1.2446718,0.69761324,0.74522316,0.96069366,0.78415775,0.646753,1.1330553,0.7884226,1.3226835,0.77946544,1.3962739,0.91979754,1.1835886,1.12237,0.8613947,1.1909562,0.5631834,1.1715835,1.1124803,1.2322038,1.0838162,0.6066854,0.94255,1.2974732,1.3689823,0.645936,0.9168248,0.95873827,1.218202,0.6399592,0.71235967,1.0281937,0.97808266,0.7713139,0.73159033,0.66703093,1.048707,1.1238632
blanket,0.9040782,1.2864516,0.5863999,1.0190098,1.118161,1.3405976,1.1356504,0.6186656,0.16160196,1.3595885,0.50496376,0.5874977,1.4082882,0.0,0.7994804,1.2274106,1.4231157,1.1564887,0.7033793,0.9240736,0.93961245,0.98583573,1.2542107,1.4064316,1.3801054,0.7587477,0.9439662,0.985139,1.2880561,1.3244454,1.0970756,0.27227986,0.6606995,1.5136144,0.5423485,1.4844891,1.17742,1.091319,0.9708897,0.94371593,0.7840667,1.3261536,0.92878443,1.0380507,1.2890418,1.0276974,1.4140604,0.94458956,1.2943869,0.9518707,0.9368213,0.7887278,1.3281195,0.8337486,1.4781444,0.9186021,0.62502766,0.9750241,1.3480295,1.3537807,0.47275025,1.3168087,1.0174102,1.4674488,0.2753625,0.9282303,0.91858256,0.46273142,1.4292152,1.1955727,1.3304812,1.2574356,1.2035372,1.0458362,0.8014362,1.016501,0.5401063,0.70754987,0.72189116,1.0293806,1.4619949,1.4245092,1.2064067,0.5219062,0.7844086,1.2740502,1.4168897,1.0056454,1.2165136,1.255289,0.8780603,0.88968545,0.58432996,1.1519582,0.59692854,1.0948462,0.97277427,0.74618447,1.2728966,0.7991619,1.5518215,0.5824839,1.0396682,0.95928985,1.1738482,1.3763746,1.0127923,0.71734136,0.5464442,1.3775415,1.4071817,1.2303872,0.89994264,1.2594566,1.364328,1.1105114,0.9346853,1.2715362,1.226325,1.4254646,0.78908986,0.7147196
boat,0.69116646,1.2328019,0.9304735,1.1086345,1.0730755,1.2413963,1.117471,0.74138343,0.6339163,1.1392008,0.8521879,0.9245625,1.0917741,0.7994804,0.0,0.93152434,1.2036732,1.1243231,0.5566285,1.0009882,0.8913955,0.98990667,1.0285796,1.3241757,1.0343032,1.1094617,1.0388163,1.0794487,1.059921,0.97294927,1.0600792,0.69838095,1.098742,1.227411,0.4983436,1.2674277,1.108635,0.9244737,0.98184115,1.0236368,0.9935175,1.1942971,1.0186716,0.9563827,1.2244397,0.98985064,1.1345342,1.1547886,1.1427864,0.8287224,0.85268104,0.8439486,1.2088187,1.2028816,1.2352333,1.0636995,0.8765789,1.0568204,1.1868547,1.0197452,0.8922332,1.1098937,0.61371845,1.1298108,0.8836562,1.1254908,1.013127,0.973815,1.0768569,1.1065333,1.2163243,1.2999761,1.086233,1.1891233,1.0102807,1.0078735,0.95069075,0.9592662,0.8289735,1.1059041,1.2191237,1.2394109,1.1530132,1.2208539,0.9252858,1.0502677,1.1384326,1.1472359,1.0777595,1.1982603,0.98383075,0.8915964,1.0478644,1.048296,0.8921795,1.0815032,1.2152646,0.7968185,1.0829817,0.31648982,1.3287666,0.83243895,1.3003149,1.0326165,1.1611208,1.1916301,1.0016263,0.99249375,0.47712302,1.1567079,1.2843266,1.2830697,0.79428077,1.2730837,0.73327434,0.7816726,0.7958368,1.0152148,1.145722,1.255702,0.6962351,1.0074042
book,1.1242509,0.89440066,1.1752038,1.1741579,0.96508163,1.0775979,0.6986754,1.1914701,1.1104496,0.7481182,1.069129,1.0288256,0.82500005,1.2274106,0.93152434,0.0,0.698819,0.9818837,0.59501433,1.2586246,1.139719,1.0915798,0.8834913,0.70847356,0.70188427,1.4018377,1.0201079,0.9230881,0.8693291,0.8464191,1.1132258,1.277137,1.066509,0.58962524,1.0665222,0.71758103,1.0313692,1.1272163,1.2177532,0.8617515,1.0114902,1.0616193,1.2038621,1.0666653,1.0309479,1.166558,0.8944372,1.1253124,0.7168472,1.2032049,1.0644029,1.2345107,0.9035413,1.301117,0.7307819,1.171956,1.261148,1.255051,0.75661457,0.8900707,1.3318927,0.6368259,0.77747184,0.7699033,1.341562,1.028781,1.1659563,1.4258825,0.7797649,1.1128956,0.78973186,0.78313977,0.93076104,1.106679,1.1709409,0.8727874,1.107492,1.2246273,0.5981482,1.1674976,0.6272967,0.72781515,1.1139992,0.95722336,1.2543479,0.9043925,0.5521574,1.0824522,0.91147816,0.7807254,1.1799076,1.1132473,1.2280189,0.75341433,1.2480012,0.9356695,1.106261,1.1006957,0.73655134,0.7900485,0.73319316,0.950649,1.1934061,1.1740675,0.96203864,0.73635995,0.9148416,1.2418324,0.83314127,0.6519198,0.9761205,1.0779493,0.91023076,0.7215461,0.60723174,0.3917182,1.1413347,0.8781576,1.0171758,0.78247327,1.1882577,1.0594505
bottle,1.2777355,0.5308073,1.408316,1.0964725,0.9065828,0.8536456,0.49141198,1.3208647,1.4619789,0.5094386,1.4663792,1.4616697,0.5519043,1.4231157,1.2036732,0.698819,0.0,0.8284172,1.2867565,1.2664764,1.2239268,1.0886015,0.86370194,0.43414235,0.6353712,1.3614036,0.92163396,0.86574817,0.57747304,0.72210944,1.0898134,1.4089751,1.290056,0.22454149,1.3915784,0.18217409,0.9444334,1.311352,1.0608957,1.2200452,1.2139544,0.8093152,1.0942471,1.1043222,0.9897489,1.2243042,0.55347466,1.218871,0.9556706,1.3057553,1.1331109,1.2495376,0.6676378,1.3529146,0.59620214,1.1696459,1.2660747,1.4184141,0.21141016,0.67445266,1.5279534,0.6778434,0.97986513,0.45755446,1.3268533,0.8771862,1.1893313,1.5097446,0.64994955,1.0223671,0.2733431,0.81679875,0.9264233,0.9714276,1.2076254,1.0839486,1.4026917,1.3179579,1.321003,1.1405228,0.50904584,0.5350355,1.1154771,1.0460207,1.2915124,0.7885289,0.6216624,0.79353034,0.8441728,0.64634013,1.087817,1.2189058,1.2349328,0.8863447,1.4280634,1.0755972,1.161082,1.2702718,0.63942254,1.252018,0.3567791,1.2063806,1.1397916,1.2294834,0.97092557,0.16664672,1.0104669,1.3430274,1.4005405,0.4293093,0.7472621,0.8210479,1.3255476,0.66284496,0.50151336,0.87867904,1.0298367,0.8717144,0.6834389,0.2513888,1.2319298,1.1452308
bowl,1.2055712,1.0481029,1.1359208,1.0659357,0.94291747,1.0483506,0.7119744,0.9663078,1.1711788,0.9959469,1.1729549,1.1877636,1.0235978,1.1564887,1.1243231,0.9818837,0.8284172,0.0,0.96323925,0.8802801,1.1892741,0.7592713,1.1514707,0.8858242,1.0093533,0.8848791,1.1060939,1.0880458,0.87465847,0.892527,0.83234596,1.1911203,1.1113236,0.9566952,1.164293,0.6417833,1.0395714,1.1119413,1.0781901,1.1071883,1.1510288,1.1148403,1.133233,1.0793521,1.168624,1.2302248,1.006836,1.2401607,0.9252144,1.1223751,0.9759197,0.64998686,1.0795248,1.0770172,1.0015543,1.1560419,1.0048047,1.0712049,0.9624268,1.0180176,1.1601108,0.85559773,1.0792357,0.86491215,1.0459754,1.0149643,0.33449847,1.157357,1.0592701,0.9150549,0.9008839,0.93644506,1.0371372,0.98105353,0.89258033,1.0432096,1.242717,1.2297281,0.9789533,1.0160357,0.992414,1.0004045,1.1648861,1.1362278,0.82496786,1.0199857,0.63226485,0.9313897,0.90497375,0.7844972,0.96732676,1.0822326,1.2648437,0.99043614,1.2138613,0.97798645,1.1629751,1.157232,0.8771306,1.10829,1.0094236,1.157718,1.0995317,0.32421577,0.4830287,0.8922935,1.0259886,1.106986,1.0218029,0.6721096,1.0888152,1.1380632,0.9971388,1.0230263,0.96717674,0.8402815,1.078253,1.03489,1.0351963,0.94756794,1.1293565,1.0545694
box,0.8761803,1.269888,0.7879814,1.0506686,0.9517449,1.4142735,1.0971823,0.615534,0.51387316,1.2545327,0.7276525,0.74039435,1.2771974,0.7033793,0.5566285,0.59501433,1.2867565,0.96323925,0.0,0.9909235,0.9223083,0.8087856,1.16964,1.2337655,1.232485,1.0379019,1.0712681,1.0436649,1.1271112,1.0639317,0.99087524,0.7073082,0.9711556,1.2752603,0.54176414,1.2065115,1.2079945,0.9939507,1.0611184,0.90523064,0.7927861,1.3196374,1.1229705,0.9951813,1.2454269,1.1294842,1.3584645,1.1246986,1.0237001,0.9784627,0.8800156,0.8266258,1.2655323,1.1410033,1.1641872,1.0721339,0.95133454,0.9746784,1.3210149,1.2626727,0.8371912,1.1350837,0.78089714,1.2349026,0.88861996,1.0979834,0.88675797,0.90685904,1.263918,1.1030645,1.29536,1.2331607,1.1591127,1.143481,0.8928174,0.9575502,0.7654196,0.9709041,0.27464217,1.2047058,1.1877718,1.215509,1.1400448,1.0911177,0.84353495,1.2183863,1.1356425,1.0976962,1.083028,1.1172943,0.9747147,0.97836655,1.0135672,0.9546617,0.8525103,1.0546455,1.133526,0.9161142,1.1643817,0.38439977,1.4688704,0.7512357,1.235546,0.92626977,1.0550349,1.3363451,0.8463688,0.8947383,0.33088434,1.1275494,1.3253093,1.3532801,0.6090887,1.2926526,0.83672535,0.4446745,1.0098436,1.098867,1.2165173,1.3632841,0.8863643,0.85255325
bread,0.9466269,0.9086278,0.9146281,0.6231244,0.89064145,0.6388686,1.165467,0.9946328,0.9913956,1.1686352,1.1486298,0.8591551,1.2704697,0.9240736,1.0009882,1.2586246,1.2664764,0.8802801,0.9909235,0.0,0.963922,0.9003991,1.1074591,1.3499867,1.2511331,0.74130493,1.1276915,1.397309,1.138868,1.1398059,0.60495824,1.0332184,0.73227406,1.2014077,1.1303241,1.2476974,1.1357481,0.98852843,1.2127566,1.1141005,0.9550419,0.9945991,1.0057744,0.99142486,0.9096304,0.81857383,1.107856,0.9747611,1.1452272,0.8271352,0.98081195,0.90213925,1.0324861,0.98022974,0.97347516,0.9214181,0.49760187,0.8209995,1.1042559,1.2377298,0.9776424,1.1801018,1.1759226,1.3249633,0.7765038,0.80492544,0.82006246,0.78340495,1.1529728,0.74930143,1.0726205,1.0828257,1.0887966,0.4519561,1.0823262,1.0446924,0.9232528,1.0542014,0.9352965,0.8558065,1.2080098,1.1787889,0.93431854,1.043566,0.63488513,1.231746,1.0685171,0.6080957,1.1620492,1.2080858,1.1955174,1.0218135,1.0375804,1.166209,0.9773808,1.0576005,1.1175169,1.0350261,1.1276295,0.959326,1.182405,1.0312403,1.0784054,0.7488588,0.91919065,1.1633335,1.1849597,0.9928013,0.9991797,1.1655076,0.98858464,1.082316,0.92460805,1.1819662,1.0870869,1.1084523,1.0571588,1.0805129,1.280534,1.1587152,1.1472632,1.07244
broom,0.8901382,1.2271665,1.0677465,1.0322729,0.9797421,0.91773313,1.1259294,0.9161703,0.87443507,1.2436507,0.7402724,0.9360288,1.1859407,0.93961245,0.8913955,1.139719,1.2239268,1.1892741,0.9223083,0.963922,0.0,0.86188984,0.95635295,1.1021689,1.0974756,0.87142026,1.1210787,0.9445652,1.1779346,0.94582725,0.995186,0.85433495,0.7912328,1.221078,0.7229643,1.2118659,1.0446668,0.8345939,0.86652315,0.7606273,1.0008692,1.0798848,1.0918102,0.985936,1.0827634,0.8553345,1.0263497,0.9726063,1.1885003,0.90537286,0.90008813,1.0206431,1.1250354,0.9842545,1.1141418,0.95356107,0.8957406,0.95928335,1.1754732,1.153682,0.90876234,1.0366257,0.87290657,1.1990596,0.7850052,1.1952366,0.9913159,0.842291,1.0964761,1.0104183,1.2062346,1.0525416,1.0682921,0.95365876,0.86660314,0.9617111,0.9791439,0.9138884,0.9974766,0.8620872,1.1790571,1.2167392,0.97034484,0.94159824,0.9971892,1.1047102,1.2318165,1.1155322,0.9153767,1.18452,0.88925827,0.9351889,0.8157388,1.2010715,0.96465796,0.94858134,1.0099442,0.8087693,1.0479207,0.80170023,1.214363,1.0157595,1.0373691,0.9732392,1.2159917,1.2285714,1.0479773,0.993949,0.9320184,1.2952676,1.2129426,1.0896707,0.9645119,1.1359586,1.0274394,0.96047467,1.0525852,1.071358,1.0595459,1.2321731,0.85614884,1.0257283
bucket,1.0235977,1.1359221,1.0954218,0.83357674,0.6460226,1.0761952,1.1290373,0.8044489,0.95525384,1.1687843,1.0135947,0.9289032,1.0948937,0.98583573,0.98990667,1.0915798,1.0886015,0.7592713,0.8087856,0.9003991,0.86188984,0.0,1.0125668,0.9290785,1.1107502,1.0419619,1.1312281,1.0492007,0.9699876,0.9716447,0.78075194,1.0002946,0.95302814,1.1467015,0.94933784,0.8228333,1.2034416,1.0202523,1.0708524,1.056974,0.8561964,1.15509,1.0934838,0.98549086,1.188552,1.0893706,1.0638089,1.1368834,1.1447059,0.97705513,0.99646896,0.913247,1.2044033,1.0446634,1.0092226,1.1197722,1.0194403,1.1177305,1.1351483,1.0695977,1.0630697,1.0741508,1.0343219,1.0783646,0.8573576,0.9664363,0.89807945,0.9116876,1.0988686,0.8365698,1.2013307,0.98198014,0.9743903,0.8839108,0.9896188,0.8954585,0.9810063,1.0815195,0.9286468,1.1117408,1.2042693,1.1319196,1.0797691,0.9282145,0.8396681,1.0852954,0.91041434,0.68818116,0.64971286,1.033456,1.0086814,1.0923495,0.98985785,0.96944344,1.0861378,0.8311697,0.9864153,0.8570281,1.1471627,0.8796446,1.1698725,1.0947047,1.1276107,0.93636274,1.0444838,1.1918344,0.78183436,1.0732664,0.95350695,0.8162168,1.2149692,1.2245363,0.9321345,1.1269318,0.8243966,0.8811653,1.1425439,1.0446805,0.903167,1.203885,1.0914896,1.0101905
butterfly,0.75401556,1.0063574,1.2291682,1.1878107,1.005626,0.8659713,0.93139565,1.2688115,1.2826318,0.8095445,1.251375,1.2305614,0.44686955,1.2542107,1.0285796,0.8834913,0.86370194,1.1514707,1.16964,1.1074591,0.95635295,1.0125668,0.0,0.95785135,0.7664404,1.2918642,0.8742076,1.0935671,0.86876833,0.8155142,1.0083352,1.2578957,1.0081226,0.7936203,1.2374506,0.91320133,0.7683678,0.88234735,1.155798,1.1070521,1.1830075,0.8948259,1.0985315,0.95912206,1.0724554,0.7045789,0.6573684,1.0629686,0.907927,0.79087573,1.0971595,1.1254832,0.90372384,1.1872996,0.85340226,1.1181017,1.1583083,1.2300951,0.8466541,0.50600654,1.3020109,0.98564345,1.072463,0.73417795,1.1648116,1.0635523,1.2010528,1.1854693,0.5107042,1.0168478,0.9876659,0.92059624,0.840062,1.0502208,1.2934897,0.76034474,1.2394745,1.2530789,1.1891918,0.9002452,0.8775999,0.86250556,1.066714,0.9517931,1.2259386,0.75542337,0.8650366,0.9844227,0.76852316,0.8954096,1.1967586,0.7104554,1.1509997,0.8735057,1.263119,0.8863348,1.1562377,0.9880282,0.9558199,1.0818737,0.7804632,1.0807748,1.1644256,1.1384623,1.1426189,0.8400207,1.0379888,1.2212529,1.1803119,0.8943682,1.0009246,1.0648092,1.1432776,0.8405018,0.7829725,1.0094,1.0893971,0.87498534,0.963187,0.88423896,1.0353569,1.0875908
can,1.3064461,0.8086084,1.359574,1.1632098,0.8744523,0.82926965,0.63641685,1.2642928,1.4126327,0.5571267,1.0883468,1.2940356,0.691892,1.4064316,1.3241757,0.70847356,0.43414235,0.8858242,1.2337655,1.3499867,1.1021689,0.9290785,0.95785135,0.0,0.6235737,1.3103908,0.8688603,0.49092656,0.73106456,0.5823955,1.1482348,1.3845502,1.1058388,0.5464768,1.1529832,0.283759,0.94290507,1.2028699,0.76410496,0.8306767,1.1425089,0.80755866,1.089204,1.1297044,0.969705,1.3179231,0.7098364,1.1463017,0.8855456,1.4102768,1.1986327,1.3297265,0.87456745,1.1036403,0.71796864,1.165972,1.4799814,1.3477255,0.62762433,0.8089043,1.4276161,0.66647136,0.9027152,0.49325788,1.3540707,1.0505538,1.2061499,1.4306551,0.70327777,1.0453336,0.7593218,0.49539268,0.9342182,1.0008566,0.90865284,1.0717254,1.3182969,1.1933366,1.2319003,1.0423595,0.66947025,0.7103888,0.9894558,0.78416955,1.3413641,0.7219081,0.5852392,0.9969604,0.7652113,0.57772684,0.7363392,1.206034,1.2086166,0.98888147,1.3530549,0.99773824,0.959591,1.2706892,0.61345,1.2079895,0.54620165,1.1837462,0.8440534,1.2284305,0.9972612,0.6304912,0.92435545,1.2127365,1.3852625,0.472229,0.8571578,0.8824111,1.3231127,0.4581372,0.7708647,0.8907445,1.0864528,0.9289624,0.48580128,0.6576409,1.1156399,1.0682249
car,1.1548086,0.9352655,1.4040906,1.1368581,0.943727,0.9450338,0.68707526,1.2734573,1.3667479,0.71719754,1.2400688,1.3753889,0.5118771,1.3801054,1.0343032,0.70188427,0.6353712,1.0093533,1.232485,1.2511331,1.0974756,1.1107502,0.7664404,0.6235737,0.0,1.3652787,0.8873838,0.7852006,0.8090771,0.8333587,1.0225452,1.3224785,1.2812972,0.6640426,1.1733522,0.63800365,0.7480879,1.0430858,1.0430802,1.0555648,1.2228746,0.9004582,1.0711153,1.0961624,1.1158619,1.1852243,0.5461745,1.2582858,0.862874,1.1927588,1.0407295,1.2531407,0.9039221,1.2652143,0.794218,1.1933255,1.3099287,1.3928708,0.6816472,0.5177046,1.4625738,0.8686751,0.88330734,0.5649565,1.330369,1.048193,1.1982687,1.512205,0.5298178,0.95128345,0.77978927,0.6983528,0.91849506,1.0974314,1.1839665,0.86571443,1.3662307,1.2959312,1.277824,1.0607957,0.77473587,0.8698009,1.0614574,0.9511549,1.2266778,0.6893085,0.59392786,1.0181291,0.7030676,0.70187694,1.0195462,0.9108363,1.2144332,0.90118146,1.381253,0.87391484,1.1730143,1.1794097,0.7515041,1.0915163,0.6092231,1.1956501,1.1753188,1.2288526,1.1351634,0.7064526,0.7529313,1.3447919,1.3292049,0.64234793,0.9396496,1.0082664,1.3230691,0.62963694,0.7053843,0.85521865,0.85379577,0.29967254,0.8364064,0.7452324,1.0074233,1.1184022
carrot,1.0339265,1.0917505,0.6837115,0.89769894,1.0887454,0.95831484,1.1374265,0.83042574,0.81015575,1.3125606,0.78027755,0.73218334,1.4308546,0.7587477,1.1094617,1.4018377,1.3614036,0.8848791,1.0379019,0.74130493,0.87142026,1.0419619,1.2918642,1.3103908,1.3652787,0.0,1.1837975,1.1124978,1.2133465,1.1801561,1.0153571,0.7857032,0.8058339,1.3634672,0.90203124,1.3520039,1.1017388,0.86349005,0.90420425,0.9691445,0.9628353,1.0091228,0.68415457,0.9524605,0.8056122,0.87840426,1.2902596,0.9823871,1.11304,0.9521619,0.9368067,0.7849668,0.9844558,0.7065121,1.2329757,0.7956511,0.71904,0.5257187,1.2371877,1.3744718,0.6104034,1.1067106,1.0874972,1.3893274,0.70718265,1.1269448,0.69189996,0.6227058,1.3956841,1.0388479,1.1255796,1.2222013,1.1258155,0.9149321,0.7389194,1.1902133,0.844586,0.7380831,0.946934,0.8871604,1.249567,1.1906542,0.87332547,0.9919527,0.8431234,1.2930017,1.3092836,1.0617752,1.2007654,1.2144401,0.93371665,1.0484892,0.8401365,1.2258215,0.7399063,1.1961015,0.8041403,0.90782374,1.2143202,1.0653322,1.2778873,1.1024815,0.8351762,0.66381305,0.753981,1.2765377,1.1857855,0.7545401,0.9866002,1.3757594,0.9690958,0.75179464,0.8621725,1.3255594,1.3761764,1.2270175,1.0639311,1.2131324,1.1644208,1.1645385,0.9615332,0.9994014
cat,0.97486323,0.93748176,0.9921142,1.1564276,1.0246845,1.0417969,1.010998,1.0400248,1.0341918,0.73965895,1.0802163,1.1023229,0.83072335,0.9439662,1.0388163,1.0201079,0.92163396,1.1060939,1.0712681,1.1276915,1.1210787,1.1312281,0.8742076,0.8688603,0.8873838,1.1837975,0.0,0.96830904,0.999796,0.9396401,1.1575265,1.033511,0.9931545,0.9866716,1.0145439,0.9706926,0.80965436,1.1578643,0.8269434,1.10614,1.1330934,0.9819233,0.8184736,1.1160358,1.1483083,1.0703673,1.0128449,1.0531856,1.0825465,1.1213346,1.1002872,0.9947054,0.99471736,1.1108178,1.0765535,1.0230517,1.1444356,1.1862265,0.93515795,0.83697855,1.0382273,1.0792558,1.1063484,0.84865016,1.1137297,1.1471334,1.173842,1.1331381,0.8174158,1.1638777,0.9697497,1.0222523,1.0534394,0.8401706,0.96589917,0.95228446,1.0593202,1.0257403,1.0765961,0.8025862,1.0248663,1.0191082,0.83673394,0.88656443,1.1524754,1.001157,0.97311467,1.1384307,1.0340947,0.8819201,0.8303158,0.76334053,0.960717,1.0266913,1.0363891,1.0295691,1.1567534,1.0908263,0.87473243,1.1720674,0.98441786,0.7467044,1.0512505,1.1323799,1.0776441,0.91311395,0.94820994,1.0570604,1.0435671,1.0794486,1.1353345,1.0958683,1.1944318,0.9595084,1.1476879,1.0959746,0.91309035,1.0313035,0.84956473,0.94069535,0.8169335,0.7570566
chair,1.1367438,1.2563212,1.1019171,1.2681549,1.1031913,1.2060306,0.74750704,0.96573764,0.90396804,0.9905944,0.54474986,1.1259872,0.9869178,0.985139,1.0794487,0.9230881,0.86574817,1.0880458,1.0436649,1.397309,0.9445652,1.0492007,1.0935671,0.49092656,0.7852006,1.1124978,0.96830904,0.0,0.89391315,0.7199023,1.230183,0.7830061,1.0021607,1.0621454,0.61902285,0.8179831,0.9578865,0.9975829,0.48730016,0.8187799,0.9082693,0.9678687,0.9899784,1.0669396,1.1711804,1.3507048,0.9052093,1.1591513,1.0222186,1.3073866,1.0352514,1.2590934,1.1312891,1.0246489,1.2137907,1.0734872,1.3380237,1.2330761,1.0533807,0.9837627,1.0533592,0.9674112,0.69452107,0.729041,1.0636786,1.209035,1.1152588,1.1797067,0.96832436,1.1784458,1.1297776,0.8386637,0.9897319,1.2958076,0.63051033,1.0016376,0.9958204,0.8634464,1.1084656,1.0325339,1.083195,1.081679,1.0730805,0.76798415,1.2434852,0.7411712,0.9882245,1.2394624,0.8108262,0.8656219,0.4687128,0.97329646,0.9275459,1.0984609,0.9746104,1.0624957,0.8655238,1.0069473,0.9534147,1.0151768,1.0405209,1.1025693,0.9144665,1.1821262,1.2583115,1.0199358,0.7213379,0.90160215,0.8889655,0.9112483,1.1268986,1.1047748,1.2459342,0.8280396,1.0424534,0.8936532,0.9830086,0.9286984,0.59228647,1.0575564,0.72780246,0.9847757
clock,1.1153146,0.90794885,1.2191343,1.0954677,0.9027286,0.91460896,0.6806951,1.1505533,1.287023,0.8005631,1.188627,1.3302822,0.67513144,1.2880561,1.059921,0.8693291,0.57747304,0.87465847,1.1271112,1.138868,1.1779346,0.9699876,0.86876833,0.73106456,0.8090771,1.2133465,0.999796,0.89391315,0.0,0.7687606,0.9469696,1.2925601,1.0657929,0.6444726,1.150415,0.6088358,1.0266169,1.1742418,0.8859471,1.039844,1.1580701,0.89023644,1.120218,1.0717926,1.0809524,1.2541308,0.78320205,1.1891973,0.8610742,1.2144644,0.99653536,1.1197586,0.8737826,1.2494714,0.83892655,1.1364001,1.2570337,1.2742977,0.78241,0.6800445,1.3329172,0.75854576,0.97337866,0.52026933,1.2538502,0.9591759,1.071821,1.3658277,0.75645363,0.9935138,0.80966496,0.9289967,0.8490826,1.0571579,1.009339,0.9281428,1.3130499,1.2350858,1.1642249,1.0533161,0.80324113,0.72972095,1.14362,1.1227795,1.2238814,0.8643322,0.6932148,0.9358081,0.856665,0.8123467,1.0300113,1.0906204,1.2637926,0.82121944,1.3041053,1.0551654,1.0862023,1.2634919,0.88354087,1.0468315,0.7431602,1.212979,1.0823724,1.0873966,0.9813305,0.710826,0.9917087,1.2166382,1.2144592,0.5484365,0.91915965,0.9570052,1.1617341,0.80953646,0.7450271,0.88402224,1.0455269,0.89035404,0.6083959,0.6805368,1.0758756,1.2382224
coffee,1.1131883,0.9483497,1.2546959,1.2088103,1.0328021,0.8413726,0.5544465,1.2142043,1.3195521,0.7764815,1.0663823,1.1074724,0.8423769,1.3244454,0.97294927,0.8464191,0.72210944,0.892527,1.0639317,1.1398059,0.94582725,0.9716447,0.8155142,0.5823955,0.8333587,1.1801561,0.9396401,0.7199023,0.7687606,0.0,1.1317067,1.2839789,1.0240068,0.79007715,0.99115515,0.6220608,0.9837965,1.0235626,0.8951607,0.89207923,1.0885006,0.7476932,1.0930156,1.1082888,0.9090195,1.0903463,0.8272045,1.055865,1.016078,1.2212174,1.0722039,1.0839531,0.873154,1.1861482,0.8922201,1.0922792,1.2788706,1.1913431,0.8214257,0.90056837,1.2836899,0.69188637,0.9517579,0.6790944,1.3089626,1.2145779,1.0982642,1.3226273,0.8014682,1.1006482,0.8960428,0.81422067,0.8230221,1.0855826,0.9911566,0.9997696,1.1395401,1.1679068,1.1921293,0.93291235,0.8890308,0.92877656,0.971371,1.0195292,1.3445642,0.83698446,0.6787857,1.1065949,0.8794823,0.87110496,0.92556816,1.1023018,1.1085362,0.99001765,1.27476,1.0649967,1.0444866,1.2464699,0.69274044,0.97404945,0.6636493,1.1411719,1.0177658,0.9799868,0.9485496,0.8309202,1.0486298,1.2555306,1.1316727,0.70404696,0.9032523,0.90087366,1.2755134,0.76215863,0.7138452,0.77648205,1.0626466,0.98129237,0.8189677,0.7435205,1.0480138,1.1287129
cookie,0.9836119,0.9679836,1.2355115,0.70120245,0.76473224,0.8071845,1.1413382,1.0593282,1.1235783,1.1601083,1.2069744,1.1816089,1.0033331,1.0970756,1.0600792,1.1132258,1.0898134,0.83234596,0.99087524,0.60495824,0.995186,0.78075194,1.0083352,1.1482348,1.0225452,1.0153571,1.1575265,1.230183,0.9469696,1.1317067,0.0,1.1451249,0.9354915,1.1402464,1.12307,1.0353416,1.0467155,1.0055988,1.1134152,1.1915052,0.97462404,1.234338,1.1142393,1.0243907,1.2373629,0.98411316,0.8156625,1.2162592,0.9620837,0.80335623,0.8915314,0.9865984,1.2278286,1.0582814,0.82095635,1.1972363,0.80953205,1.1390245,1.1605619,0.9831729,1.2554705,1.3168826,1.1398499,1.0685766,0.86311764,0.67778474,0.7893884,1.0018575,1.0473803,0.18145955,1.1422772,1.0602823,1.0988843,0.63497084,1.1888828,0.79738283,1.077252,1.2886838,0.9791595,0.9961969,1.2021475,1.1710588,1.0422198,1.0109849,0.680912,0.97087055,0.9323347,0.5020249,0.89257765,1.0279,1.0808786,0.9006409,1.2090596,0.80174375,1.245816,0.8709645,1.058511,1.0163316,1.1890227,0.9892497,1.185207,1.1344188,1.0746827,0.8455169,1.0983346,1.1109362,0.9912577,1.1255265,1.0688975,0.8347205,1.1920768,1.2327322,0.9789403,1.1307566,0.8964729,1.0020108,1.0202075,0.887134,1.0922474,1.2154038,1.1061273,1.1691507
