,alligator,arm,ball,balloon,banana,basket,bathtub,bed,belt,bench,bib,bird,blanket,boat,book,bottle,bowl,box,bread,broom,bucket,butterfly,can,car,carrot,cat,chair,clock,closet,comb,couch,crayon,crib,cup,dish,dog,doll,door,drawer,dress,face,finger,fish,flower,fork,frog,glass,glasses,glove,gum,hair,hamburger,hand,hat,jacket,knife,ladder,lamp,milk,mitten,nail,napkin,necklace,oven,pajamas,pants,paper,pen,pencil,pickle,pillow,plant,plate,purse,radio,refrigerator,rooster,scarf,scissors,shirt,shoe,shower,sink,slipper,snow,soap,spoon,strawberry,stroller,sweater,table,toe,tooth,toothbrush,towel,toy,tray,truck,vacuum,watch,window
alligator,0.0,0.62035763,0.89647156,1.2896744,0.6167896,1.3017163,0.6934744,0.643106,1.2171373,0.9101441,0.70651436,1.2136395,0.6754066,0.71484697,1.0959331,1.3204939,1.1125958,1.0463163,0.7966616,0.9041383,1.2566291,1.2105893,1.4212866,1.1214544,0.6840992,1.0631227,0.96891415,1.4335897,1.2188014,1.0652233,0.6689834,1.4250972,0.78804827,1.1193546,1.1016781,0.8391018,0.91074216,1.1720982,1.1689873,1.0080198,0.827902,0.89461243,1.1794116,1.1152443,1.1187156,0.8801921,0.7592186,1.3558714,0.83545715,0.99947095,0.7882409,1.1371888,1.0276499,1.2420063,0.87976444,1.1909297,0.8017853,1.5018744,0.97342664,0.54080975,1.1366335,1.1138644,1.0900943,1.1816422,0.65990347,0.8463136,0.7605307,1.3179693,1.3208163,1.0324084,1.1198194,1.0050066,1.0983381,1.1547192,1.3249016,0.99704903,1.1793396,0.76977944,1.138397,0.73499143,0.9666114,0.80988383,0.74168015,1.3340187,0.8699718,1.1462828,1.341398,1.2060626,0.7871745,0.8834541,0.66291875,1.0298595,1.2225008,0.7998661,1.2922144,1.0709274,1.0796134,1.1791462,1.2906761,1.2820437,0.97359353
arm,0.62035763,0.0,1.1405039,1.1416855,0.9055364,1.2099236,0.7480325,0.6055016,1.1840417,0.8568785,0.64678556,1.3170785,0.6568738,0.5035657,1.0916642,1.4831893,0.9345304,0.9229848,0.6528399,0.9511299,1.3797371,1.3295367,1.3055646,1.4293016,0.73423266,1.135234,0.8119899,1.4815838,1.0560602,1.2342355,0.6061262,1.4295018,0.8110352,1.250819,1.0513117,1.1491611,1.0090494,1.0206255,0.97342825,1.0437049,0.88494945,0.7232477,1.3149326,1.3001094,1.1079503,1.2414296,0.9226796,1.3167167,1.0801126,1.2117604,0.852064,1.1520545,0.6742264,1.3493751,0.783672,1.0823226,0.83928317,1.4935622,0.9945378,0.77696556,1.1881682,1.1827383,1.0856532,1.1444468,0.5017979,0.79770553,0.7459269,1.3794526,1.2630624,1.1420777,1.0070945,0.8489467,0.9805146,1.1771066,1.3926988,0.96639806,1.1669911,0.76150733,1.0464047,0.47442055,0.96619344,0.7212676,0.73159933,1.4327126,0.8879148,1.2152079,1.1836631,1.3473647,0.80781364,0.77691483,0.7092101,0.94929814,1.2288474,0.87793386,1.2396783,1.3414981,0.86206037,1.2375926,1.2361752,1.2924452,1.0099139
ball,0.89647156,1.1405039,0.0,0.8715035,0.5393353,0.9759194,0.91943204,1.0323756,1.1402732,0.94614434,1.0002215,1.0546083,1.0369779,1.1009316,0.9891098,1.024449,0.8388469,0.95141417,0.9608722,1.0604031,1.039487,1.2024701,1.149011,0.76844233,0.90570456,1.1684811,1.2412889,1.0602807,1.0900813,1.0350294,1.1259533,1.1104025,1.0572058,0.93819225,0.81186676,1.0513518,0.92977476,1.097803,1.1248724,1.0063789,0.9280809,1.0115005,1.1573513,0.865988,0.9656932,0.5819788,0.92079186,1.1832255,0.7470461,0.62898815,0.963217,1.2113931,0.97716296,1.0392255,1.0176802,0.9748542,1.0465487,1.100351,1.0372071,0.68110096,1.0067832,1.1028678,1.2327471,1.0679187,1.0121993,1.070379,0.9206147,1.1114235,1.1521575,0.8780561,1.2652298,0.9718854,0.8279706,0.97523904,1.1157608,1.0647756,1.1385446,0.9351746,1.0767838,1.0759282,0.8240354,1.124814,0.9058118,1.1813035,1.0960442,1.0749993,1.0068024,1.1948524,1.0615145,0.90097415,0.8913485,1.1786466,1.2309101,0.9111979,1.1271881,0.49683315,1.1563458,0.9977234,1.1518306,1.1675485,0.95806664
balloon,1.2896744,1.1416855,0.8715035,0.0,0.9942563,0.65652394,1.2459497,1.3323457,0.8858154,1.1255996,1.2550474,0.9143939,1.2251215,1.217681,0.98224175,0.74037874,0.96309984,0.98210794,0.8755945,1.2002187,0.7023865,0.79787123,0.7916651,1.0532752,1.0951377,1.0459534,1.0933489,0.8464842,1.0709736,1.1140977,1.3107933,0.727749,1.2880905,0.87283933,0.98958516,1.0137709,1.0865597,1.1256136,1.0562955,0.9244759,1.2394046,0.9585847,1.0669565,0.82681173,0.9346921,0.9334659,1.2963469,0.8643853,0.86736506,0.839553,1.2581917,0.9180136,0.9553137,0.8822935,1.0480932,0.9904307,1.3075967,0.8384247,0.9957363,1.0388478,0.6072209,0.86705315,0.8821527,1.1313783,1.1763105,1.0715383,1.1816958,0.8704314,0.8447722,0.7498801,0.9789941,1.0045683,0.9965115,0.8323871,0.91900736,1.1098294,0.9460238,1.0747507,0.7867954,1.2179245,0.82747954,1.200741,1.2325883,0.8774619,1.3164448,0.72461593,0.77496856,0.69606835,1.1785619,1.2272913,1.2908752,0.8189119,0.8910898,1.0181638,0.734096,0.74550354,1.0917249,0.9917961,0.7058816,0.7972144,1.2991421
banana,0.6167896,0.9055364,0.5393353,0.9942563,0.0,1.196013,0.8654669,0.90927327,1.1339204,0.86940205,0.8940017,1.1007011,0.90159273,0.8868047,1.0784794,1.2179507,0.9520762,1.0339618,0.98214054,1.0133182,1.0630414,1.2391565,1.3696687,1.0146828,0.8201362,1.2333858,1.1520219,1.3708773,1.1892143,1.103594,0.96872437,1.290252,0.9828499,0.9672289,0.92271954,1.0753821,0.97113043,1.2330254,1.0911319,0.89593744,0.9415273,0.86788964,1.1697882,0.98599315,1.0087042,0.38921535,0.92550474,1.3375626,0.6905448,0.6262006,0.9220692,1.1847959,0.9750795,1.1389413,0.96031857,1.1733073,0.98913234,1.4372704,0.8251313,0.3922305,1.0789548,1.041483,1.109477,1.141343,0.91422975,0.8966285,0.81186545,1.2199169,1.2801921,0.44422364,1.2272023,0.9403346,0.91296077,1.0775474,1.3308892,1.1260098,1.1947407,0.89227134,1.0597516,0.973695,0.8106718,0.97081566,0.88368315,1.2174656,1.1229897,0.7336689,1.1600082,1.2463325,0.9220604,0.9553415,0.85062397,1.0488497,1.1921471,0.68192846,1.2662685,0.58583236,1.1381946,1.157083,1.2665895,1.2334306,1.0924813
basket,1.3017163,1.2099236,0.9759194,0.65652394,1.196013,0.0,1.0785202,1.2060976,1.1194856,0.9172983,1.2015146,0.8610902,1.1744602,1.2650079,0.8146057,0.75306314,1.0518386,0.3504504,0.97519475,1.0727439,0.9255698,0.96014225,0.7598906,0.8586079,1.1236371,1.2117122,1.1398607,0.7706873,1.0052181,1.0387802,1.2477005,0.7977295,1.0364393,1.0413821,1.0182894,1.1089906,1.0967234,0.9476339,1.0668993,1.0697405,1.0803081,1.1778392,1.0646347,0.866464,0.9429791,1.0487252,1.2081949,0.89389044,0.9813589,0.86849207,1.1392666,1.0585532,1.0680315,0.9835882,0.9511661,0.8247731,1.1952453,0.7859634,0.9669396,1.2583597,1.0072827,1.0612154,0.8681105,0.9538665,1.1896881,1.1977082,0.9960972,0.8925307,0.8351462,1.1048906,1.2162478,0.86748755,1.060174,0.886598,0.7573281,0.96318954,1.0811968,1.0056716,0.82482487,1.225074,0.96493584,1.127096,1.0889984,1.012386,1.1624984,1.1423953,0.66208977,0.9380945,1.2520125,1.0076407,1.0723584,1.1841617,1.09366,1.1796994,0.85930157,0.8140656,0.8992976,0.91166747,0.8580209,0.9292759,1.0797744
bathtub,0.6934744,0.7480325,0.91943204,1.2459497,0.8654669,1.0785202,0.0,0.7214629,1.2924459,0.80398965,0.87628245,1.1769179,0.8287032,0.8788701,1.0132443,1.3969377,0.6003011,0.64849174,0.80562913,0.8983619,1.4162853,1.3250942,1.2894824,1.1401957,0.80598736,1.2467477,1.1265037,1.2858804,0.9463739,1.1528116,0.9048099,1.3851297,0.74832666,1.0851408,0.5859094,1.2916434,1.1788487,0.9866311,1.0391097,1.1067926,0.9883942,1.0441457,1.1999304,1.2533604,0.95554763,1.0778565,0.93776923,1.3752854,1.1674732,1.0720037,1.0158687,1.343046,1.1098174,1.3851733,0.90942526,1.0327417,0.81875074,1.3324189,0.98268664,0.94716626,1.3555827,1.139791,1.1662445,0.9619252,0.8337363,0.9486528,0.662223,1.3332521,1.3189166,1.0850924,1.2932551,0.91762125,0.53372335,1.1239026,1.2445061,1.0893106,1.2942529,0.7779963,1.1456401,0.81678575,1.0856223,0.7715317,0.01881349,1.4074974,0.83171695,1.2957639,1.1432166,1.4141402,0.96517277,0.77361834,0.055933595,1.2981536,1.2637626,0.9647983,1.2832197,1.0679276,0.60105395,1.1088561,1.3461928,1.4103975,0.8342862
bed,0.643106,0.6055016,1.0323756,1.3323457,0.90927327,1.2060976,0.7214629,0.0,1.1630915,0.7896857,0.6697719,1.2789861,0.16509563,0.62425905,1.0890408,1.4691956,1.019676,0.9048944,0.7642981,0.81082654,1.483496,1.3911221,1.4030826,1.2064161,0.9397407,1.1327784,0.62521464,1.4150016,1.2080145,1.229776,0.18885136,1.532624,0.6281234,1.3732821,1.0937698,0.958318,0.83697915,0.9807003,1.1245182,0.94920295,0.87599635,1.1127375,1.2441273,1.1490507,1.3331399,1.0168145,0.79678774,1.369554,1.0196283,1.2326573,0.75852627,1.3700106,1.0593606,1.310478,0.72702193,1.2388661,0.7648274,1.4898837,1.0654172,0.79433274,1.3323383,1.2071854,1.0986764,1.052225,0.36979938,0.8573052,0.8595106,1.400377,1.419579,1.2072394,0.96746886,0.84586805,1.0558015,1.0068284,1.2502002,0.81012845,1.3396665,0.6690854,1.2635478,0.50213176,1.012457,0.52668494,0.74919415,1.3540404,0.441495,1.371592,1.2925224,1.4088404,0.6093652,0.72422487,0.6435598,1.219018,1.3941224,1.0944431,1.301799,1.11336,1.0629559,1.0601699,1.4031801,1.4237978,0.73932785
belt,1.2171373,1.1840417,1.1402732,0.8858154,1.1339204,1.1194856,1.2924459,1.1630915,0.0,1.1718042,1.1300132,1.0342785,1.0594463,0.96837056,0.93147707,0.8880113,1.2678789,1.210634,1.1148257,1.157517,0.6638386,0.9103067,0.75889367,0.9486153,1.1523751,0.634933,0.9159635,0.91267186,1.0955424,0.67715776,1.0889932,0.5603025,1.1458695,0.85134625,1.2595527,0.99124503,0.9513923,1.1722989,0.72819054,1.0881885,1.261597,0.9599997,0.99137706,0.96457374,1.0600226,0.99495965,1.0665916,0.81627446,1.0134584,0.9746822,1.1463042,0.75257677,1.1127069,0.8084425,1.0004637,0.959143,1.0364804,0.8539421,1.1058487,0.9881545,0.8514012,0.74190944,0.89189726,0.8800544,1.0827243,0.93545246,1.1243334,0.59531635,0.6646447,1.0846854,0.5156893,1.2349237,1.2835345,0.76610106,0.916653,1.0240433,0.70086867,1.1968756,0.8962626,1.1535838,0.9799402,1.1761253,1.31003,0.49513626,1.095314,0.8822854,1.1309394,0.77530324,1.0603266,1.2750707,1.3074998,0.6660979,0.6997225,1.0239512,0.66269124,1.0754498,1.1196256,0.9979396,0.84193593,0.70406806,1.043624
bench,0.9101441,0.8568785,0.94614434,1.1255996,0.86940205,0.9172983,0.80398965,0.7896857,1.1718042,0.0,0.8763617,1.2832975,0.7310667,0.8754452,1.0583252,1.3247527,0.9687448,0.6645838,0.9420878,0.68886596,1.240643,1.4060674,1.1856813,1.0984854,0.9151675,1.1356221,0.79325974,1.3656183,0.8922264,1.1888862,0.7775598,1.3360703,0.65138197,1.2474681,0.9498196,1.0242501,0.9855792,0.7674761,0.7781194,0.8386051,0.9237772,1.0454311,1.3261642,1.0676191,1.246014,1.1466516,0.7942356,1.3603094,0.9262653,1.1324015,0.9852593,1.2928321,1.0332308,1.340544,0.65448916,1.0058594,0.9063696,1.2751582,0.9975986,0.88586646,1.3595061,1.1502155,1.0779644,0.8995011,0.7670703,0.9217901,0.8441052,1.3970716,1.3243325,1.0827378,1.0101447,0.7950716,0.9465905,0.9928099,1.2735755,0.7939164,1.1408792,0.70702267,1.1729888,0.873159,1.0326385,0.67539483,0.79895604,1.4710681,0.9883012,1.1583744,1.0880772,1.3142353,0.74607784,0.82428133,0.7716044,1.2985739,1.2229342,1.0672697,1.1315898,1.0997449,0.79647076,1.0896401,1.1473943,1.4457178,0.88135046
bib,0.70651436,0.64678556,1.0002215,1.2550474,0.8940017,1.2015146,0.87628245,0.6697719,1.1300132,0.8763617,0.0,1.1745303,0.6148365,0.72619545,0.9057091,1.4170234,1.0727011,0.9071035,0.8266882,1.0372093,1.3251207,1.295404,1.403399,1.2676926,0.76896083,1.1136695,1.0406059,1.3862351,1.0610971,1.1988746,0.7496246,1.422096,0.85296786,1.2048128,1.07006,0.89946383,0.7464481,1.0931867,1.0568386,0.7540088,0.71888816,0.9670073,1.3136218,1.1205302,1.126862,1.061733,0.82726,1.2735659,1.0233626,1.0373818,0.8027041,1.2281905,0.92023593,1.3210185,0.69758683,1.0813012,0.8103485,1.4514308,0.94869035,0.7713952,1.3240188,1.2916788,1.0211809,1.1723055,0.46233797,0.7072381,0.6289905,1.3973145,1.2680249,1.0924615,1.0193193,0.9770408,1.0596303,1.0482527,1.2331858,0.90083086,1.1027229,0.8610979,1.0552297,0.46055043,0.94445693,0.8979629,0.8890463,1.376328,0.8730233,1.1868103,1.1221464,1.3323438,0.8948816,0.791078,0.793753,1.1040614,1.2901695,0.914411,1.3678555,1.1879449,0.9083064,1.0179498,1.3694634,1.3246641,0.92659944
bird,1.2136395,1.3170785,1.0546083,0.9143939,1.1007011,0.8610902,1.1769179,1.2789861,1.0342785,1.2832975,1.1745303,0.0,1.2932757,1.3527064,0.9374677,0.7114489,1.1119553,1.1081676,1.1954353,1.1661805,0.87070996,0.40384114,0.83946383,0.8495287,1.0957469,1.1200873,1.1505558,0.66452646,0.9501963,0.95400745,1.2779866,0.7487958,1.2364098,1.0070922,1.0386957,1.0009851,1.0494429,1.0618557,1.0430385,1.041607,1.0549582,1.1543866,0.6761986,0.7882304,0.78472036,0.86075497,1.1921351,0.87045777,1.0868301,0.96723986,1.0564232,0.8354895,1.1210866,0.8394735,1.2203734,0.97889864,1.1443284,0.64042205,0.96930766,1.2215791,0.90237147,0.80952936,0.9035915,1.0548887,1.3368056,1.1609472,1.1451391,0.80135244,0.8499994,0.81269324,1.139922,0.9982855,1.0935065,1.1393167,0.6762338,1.1037827,1.0148017,1.1171527,0.8301519,1.2209868,0.9807296,1.2869942,1.1953211,0.7909109,1.0854732,0.790307,0.8231796,0.729361,1.2347498,1.0801344,1.2067097,1.0223905,0.7850281,1.0015756,0.8522753,0.8454503,1.186,0.88009274,0.83237535,0.8569579,1.1197103
blanket,0.6754066,0.6568738,1.0369779,1.2251215,0.90159273,1.1744602,0.8287032,0.16509563,1.0594463,0.7310667,0.6148365,1.2932757,0.0,0.6560172,1.0395855,1.4779761,1.044193,0.9512146,0.7412749,0.89578545,1.3255403,1.3915675,1.4071512,1.1650344,0.879315,1.1059691,0.6527207,1.4631479,1.1298251,1.1638079,0.39404666,1.5009013,0.6900934,1.3445122,1.0899861,0.9270199,0.8087947,1.0195147,1.0525781,0.82880247,0.9753723,1.1011637,1.3344023,1.0384998,1.303599,1.0295956,0.797888,1.3859468,0.8821304,1.1754035,0.9367371,1.3504727,1.0891927,1.339551,0.5864533,1.2322366,0.8289698,1.4563444,1.1107156,0.7486023,1.334517,1.0278434,1.0437475,1.0715718,0.31568873,0.7992613,0.8493884,1.3799089,1.3845204,1.2085729,0.80491734,0.8888539,1.0708319,0.8307078,1.2553064,0.86765516,1.2500855,0.6072153,1.159312,0.6195515,0.9475629,0.622428,0.8529327,1.3427303,0.536843,1.3456132,1.2932954,1.3796653,0.72252804,0.9087445,0.77122194,1.1888144,1.3179214,1.0717847,1.0965436,1.106101,1.0722299,1.0473299,1.4046019,1.4081893,0.8128203
boat,0.71484697,0.5035657,1.1009316,1.217681,0.8868047,1.2650079,0.8788701,0.62425905,0.96837056,0.8754452,0.72619545,1.3527064,0.6560172,0.0,1.121083,1.4641235,1.0956488,1.0686278,0.7933894,0.8939443,1.2691486,1.379308,1.2970912,1.1956594,0.9845677,0.9604266,0.70112395,1.432586,1.1770201,1.0579557,0.5592215,1.4004251,0.6693523,1.1040747,1.0943775,1.0179436,0.89218694,1.0685148,0.82774895,1.0820683,1.004126,0.8115707,1.2555788,1.3161724,1.2882793,1.1182591,0.6987877,1.2505947,0.8561568,1.2148594,0.7874191,1.0974702,0.9520231,1.2160594,0.8289191,1.1692505,0.7487227,1.4977559,1.1006352,0.6546227,1.1152662,1.1505704,1.0736185,0.9671118,0.5843795,0.6057168,0.9044336,1.2961531,1.2163279,1.1671138,0.86513525,0.9727147,1.1037276,0.8988914,1.2816924,0.97637415,1.135117,1.044024,1.0844375,0.4903944,0.8910478,0.73922086,0.900578,1.2007899,0.84571594,1.2103007,1.2427616,1.2724649,0.62695694,0.8757235,0.86639404,0.9466826,1.1889074,1.0085359,1.3074477,1.2822288,1.0511528,1.1259265,1.2908555,1.2306757,0.89551216
book,1.0959331,1.0916642,0.9891098,0.98224175,1.0784794,0.8146057,1.0132443,1.0890408,0.93147707,1.0583252,0.9057091,0.9374677,1.0395855,1.121083,0.0,0.9948343,1.0643508,0.52834684,1.0646173,1.1959434,0.98592013,1.0024935,0.89882815,0.964736,1.0392282,1.2280266,1.1884683,0.9958668,1.128463,1.0684301,1.1984736,0.79869795,1.2045664,1.1011362,1.0791245,1.0898074,0.81979597,1.0672543,0.88972974,0.89320946,1.0552607,0.99814767,1.1254535,0.9041248,0.8051206,0.8278749,1.2102971,1.0504973,1.0952504,0.6352472,1.0403836,1.0331943,0.9443239,1.0496808,1.0236648,0.6691383,1.2308946,0.9437346,0.9036425,1.1242857,1.1589146,1.0252122,0.7685106,1.0206535,1.1056969,1.1128494,0.43371618,0.9761767,0.75934803,1.039819,1.1505522,1.0125176,1.0723027,0.8569775,0.9198805,0.7878578,1.1368036,1.1054306,0.64073503,1.0855359,0.91029483,1.295573,1.0311222,1.111191,1.0494787,1.10793,0.88400596,1.115833,1.2004343,1.1082343,0.87123966,1.0145129,1.0648122,0.9456909,1.0147257,0.8061265,0.7779561,0.852237,1.0456251,1.1034079,1.0439848
bottle,1.3204939,1.4831893,1.024449,0.74037874,1.2179507,0.75306314,1.3969377,1.4691956,0.8880113,1.3247527,1.4170234,0.7114489,1.4779761,1.4641235,0.9948343,0.0,1.1210183,1.1739185,1.282692,1.2435557,0.36742675,0.49842727,0.5024346,0.6622493,1.1737922,0.9689201,1.2128478,0.33598256,1.0090412,0.90794104,1.4507457,0.39263213,1.4233431,0.5844312,1.1383142,0.930498,1.0701292,1.0709504,1.1952438,0.9777908,1.0960108,1.1762546,0.45779407,0.6465111,0.9773836,0.86892337,1.2102993,0.47670877,1.0243345,0.78016347,1.1817749,0.61228466,1.127341,0.3491249,1.286161,1.0127025,1.3267782,0.4043548,0.9518663,1.298197,0.5836541,0.93885064,0.89688724,1.0068483,1.4863392,1.3411963,1.3991538,0.42633998,0.5553137,0.9787385,1.1026253,1.1302317,1.164476,1.131598,0.55999994,0.96779835,0.8063514,1.2769486,0.98019284,1.4387785,1.0462964,1.3724067,1.3958553,0.4944448,1.1834254,0.7853116,0.8628602,0.35311866,1.2808796,1.2464212,1.4248362,0.8753131,0.7138674,1.1149637,0.6076769,0.6194584,1.1473892,0.8844472,0.51149774,0.4139638,1.2043066
bowl,1.1125958,0.9345304,0.8388469,0.96309984,0.9520762,1.0518386,0.6003011,1.019676,1.2678789,0.9687448,1.0727011,1.1119553,1.044193,1.0956488,1.0643508,1.1210183,0.0,0.94285697,0.9107554,0.9450695,1.106112,1.1255095,1.0377785,1.0931715,1.0389018,1.1424015,1.0801388,0.97935396,0.90021026,1.1507943,1.0576305,1.2082402,1.0283196,0.6587754,0.22612983,1.1018395,1.0803206,0.9380793,1.067813,1.0179455,1.0106374,0.88446796,1.0104593,1.0665987,0.89555955,1.0356222,1.072814,1.1100432,1.1113323,0.9487293,1.0198468,1.1571494,0.72953904,1.1489016,1.1036686,1.0085729,1.125418,1.0763869,0.9964953,1.0343153,1.0156051,0.9408431,1.2412564,1.1366463,1.0795145,1.0669633,1.0087382,1.1717286,1.1750578,0.911769,1.1754277,1.0525597,0.06504631,1.0377367,1.0765952,1.2156329,1.1243316,1.0076624,1.1611884,1.0796131,0.95484596,0.98100454,0.4850546,1.1646751,1.1079173,1.0195493,1.0124437,1.2269995,1.0195647,0.9620635,0.5910735,1.0793996,1.1896088,1.1307731,1.1009088,0.8938072,0.8732642,1.09984,1.1829294,1.1329114,1.0916722
box,1.0463163,0.9229848,0.95141417,0.98210794,1.0339618,0.3504504,0.64849174,0.9048944,1.210634,0.6645838,0.9071035,1.1081676,0.9512146,1.0686278,0.52834684,1.1739185,0.94285697,0.0,0.90709984,0.9552051,1.2558955,1.2826465,0.99870646,1.0562979,0.9696735,1.359019,1.1245406,1.124955,1.0627127,1.1991892,1.0059712,1.1395091,0.83881915,1.2428498,0.9633736,1.2221711,1.047363,0.84200954,0.9870452,1.0069739,0.9587078,1.1115084,1.2981578,1.0266554,1.0065519,1.0057976,1.0771601,1.2386228,1.1132327,0.88864046,0.9900228,1.3179247,1.0632071,1.2731262,0.7736037,0.76400274,1.0298613,1.1519241,0.9124861,1.1075422,1.3566432,1.2764068,0.8878096,0.9277782,0.9789172,1.1219859,0.48121887,1.2507534,1.0755429,1.1683838,1.3207169,0.7913258,0.9348875,0.9872314,1.0468383,0.7465549,1.2758235,0.8512163,0.90114903,0.9419097,1.03393,0.8981775,0.65853673,1.3767852,1.0640081,1.3327434,0.8596114,1.29866,1.0822685,0.83935493,0.52875036,1.3546851,1.347274,1.1172854,1.2072679,0.9197811,0.57613206,0.9739179,1.1684959,1.3545126,0.92637473
bread,0.7966616,0.6528399,0.9608722,0.8755945,0.98214054,0.97519475,0.80562913,0.7642981,1.1148257,0.9420878,0.8266882,1.1954353,0.7412749,0.7933894,1.0646173,1.282692,0.9107554,0.90709984,0.0,1.039936,1.2215676,1.2004087,1.1471941,1.2968166,0.9467529,1.1872994,0.96805555,1.2093203,1.119273,1.2763963,0.8277824,1.3251967,0.9814223,1.1745867,0.9853961,1.1144884,1.0216995,1.0996591,1.0005317,0.916489,0.91964126,0.96517557,1.266627,1.144944,1.1709375,1.1517739,0.9724875,1.2352543,0.94254065,1.0767082,0.9923704,1.074702,0.87619954,1.2569315,0.81461096,1.1575177,0.98727196,1.3518164,0.965222,0.8335669,0.99631363,1.0845578,0.9403795,1.1393962,0.75369793,0.9608222,0.8526289,1.2713468,1.2048645,1.0088592,1.0682673,0.9984085,0.93751085,0.9839975,1.184846,0.948784,1.1591697,0.8083979,1.0963402,0.8051131,0.949258,0.8596694,0.8085722,1.2299271,0.92920643,1.0726128,1.1519506,1.1585772,0.97755015,0.9717357,0.811587,0.98785967,1.1794323,1.1195706,1.1372066,1.1336262,1.022714,1.135387,1.243767,1.1491615,1.0072361
broom,0.9041383,0.9511299,1.0604031,1.2002187,1.0133182,1.0727439,0.8983619,0.81082654,1.157517,0.68886596,1.0372093,1.1661805,0.89578545,0.8939443,1.1959434,1.2435557,0.9450695,0.9552051,1.039936,0.0,1.2472188,1.2646765,1.2341828,1.0267742,1.0418128,1.0696954,0.75761616,1.2024003,1.033941,1.0302757,0.7309889,1.1983311,0.6529257,1.2109542,0.9853484,0.9712217,1.0349041,0.59237164,0.97845745,0.96025085,0.9440082,1.0777177,1.128813,1.1032784,1.0432487,1.1308087,0.6275803,1.2869054,0.9691972,1.2477971,0.9012603,1.2663267,1.0830802,1.3048812,0.83302283,0.9806638,0.800806,1.0102489,0.99173975,0.90147275,1.2679732,1.0478897,1.1363763,1.018272,0.8892168,1.0216333,0.9717426,1.2227069,1.2412746,1.1025354,1.0491682,0.7961353,0.9547752,1.0226552,1.1850971,0.9741543,1.167701,0.8552808,1.1536084,0.8895995,1.0884808,0.6577037,0.8915296,1.2782428,1.0196974,1.1808188,1.2042161,1.2782875,0.66072506,0.84204936,0.8823272,1.2493076,1.242425,0.9103979,1.1191655,1.1237787,0.9918987,1.0095519,0.9295346,1.3369358,0.8936508
bucket,1.2566291,1.3797371,1.039487,0.7023865,1.0630414,0.9255698,1.4162853,1.483496,0.6638386,1.240643,1.3251207,0.87070996,1.3255403,1.2691486,0.98592013,0.36742675,1.106112,1.2558955,1.2215676,1.2472188,0.0,0.70677704,0.6190952,0.750867,1.1818846,0.8429479,1.0201924,0.66157424,1.0127277,0.8204601,1.4274552,0.52661383,1.3596019,0.46110332,1.0713488,0.9318183,1.0097781,1.0934242,0.99644125,1.0214498,1.2591379,0.9779709,0.75640965,0.8242535,0.9689246,0.93739194,1.1237179,0.662691,0.8827696,0.7677289,1.2606134,0.58197325,1.0980711,0.5630264,1.2863955,1.0782396,1.2268363,0.60426456,0.9349082,1.0968996,0.59921217,0.7134071,0.7481468,0.90025914,1.4206495,1.0708852,1.3425648,0.59121794,0.6771899,0.88284767,0.7817577,1.2205478,1.1096754,0.9402643,0.6335017,0.98190534,0.66859686,1.3116904,0.9610399,1.4501855,0.99962854,1.3534766,1.4232494,0.54862225,1.327639,0.6486014,0.9434897,0.51305974,1.1966699,1.4144915,1.464206,0.66870236,0.6401811,1.0891267,0.63015914,0.75758386,1.1082246,0.9226155,0.6675792,0.45435095,1.245368
butterfly,1.2105893,1.3295367,1.2024701,0.79787123,1.2391565,0.96014225,1.3250942,1.3911221,0.9103067,1.4060674,1.295404,0.40384114,1.3915675,1.379308,1.0024935,0.49842727,1.1255095,1.2826465,1.2004087,1.2646765,0.70677704,0.0,0.6728536,0.87455016,1.1561137,0.78922534,1.1148757,0.42555106,0.946483,0.8961922,1.3273532,0.5397404,1.3328727,0.89667535,1.1341118,0.8422322,1.1050687,1.1129364,1.1007149,1.0564659,1.1383111,1.0637984,0.4268487,0.7534337,0.8656553,0.9202381,1.288083,0.57246745,1.1619337,1.0001669,1.1577021,0.66365445,1.0812272,0.62365526,1.3341033,1.0046222,1.2507716,0.46180886,1.0495739,1.3798681,0.6197528,0.7231622,0.871881,1.04293,1.4562547,1.275065,1.29934,0.59956014,0.6774441,0.8305105,0.8926095,1.0850457,1.1428425,1.1244032,0.56986797,1.1456726,0.8570099,1.2637415,0.9237569,1.3210976,1.1193957,1.283407,1.3194346,0.49927664,1.1210607,0.63091993,0.8220415,0.4080661,1.2649766,1.2312908,1.3619635,0.8126748,0.6028869,1.0815448,0.66696626,0.9954224,1.1476412,0.954118,0.6180198,0.59021205,1.1854236
can,1.4212866,1.3055646,1.149011,0.7916651,1.3696687,0.7598906,1.2894824,1.4030826,0.75889367,1.1856813,1.403399,0.83946383,1.4071512,1.2970912,0.89882815,0.5024346,1.0377785,0.99870646,1.1471941,1.2341828,0.6190952,0.6728536,0.0,0.9143945,1.2639375,0.7774112,1.0322517,0.4683476,0.9761579,0.90260947,1.3177567,0.5022205,1.2824116,0.7699108,1.0562038,1.034439,1.1257484,0.9353317,0.83509856,1.0781384,1.1512309,1.1396613,0.76502895,0.94600916,0.9793886,1.0827811,1.2701279,0.56892633,1.148458,1.0008378,1.1912018,0.6722771,1.0890682,0.63734233,1.2686723,0.8527276,1.2763289,0.51050687,0.9841758,1.3737464,0.78928506,0.8438402,0.8650565,0.5954458,1.4460729,1.3067181,1.2753706,0.56962466,0.589807,1.0327884,0.8364797,1.1254933,1.0692282,0.9430336,0.58416045,0.8740257,0.8129547,1.2623599,0.95137024,1.3548471,1.1385524,1.1962129,1.2663794,0.5811828,1.1859782,0.79259825,0.67612356,0.62020314,1.250918,1.2775522,1.318276,0.8944764,0.7457253,1.2439132,0.61294436,0.9708332,0.93514407,0.94831544,0.57740724,0.5870908,1.0406905
car,1.1214544,1.4293016,0.76844233,1.0532752,1.0146828,0.8586079,1.1401957,1.2064161,0.9486153,1.0984854,1.2676926,0.8495287,1.1650344,1.1956594,0.964736,0.6622493,1.0931715,1.0562979,1.2968166,1.0267742,0.750867,0.87455016,0.9143945,0.0,1.1221936,0.94716233,1.1903659,0.7214748,1.0164896,0.6592488,1.2359607,0.6904727,1.108358,0.80306995,1.0496253,0.93797404,0.92610914,1.0882508,1.0786872,1.1282846,1.1358647,1.217927,0.6954117,0.8221435,0.9750467,0.81838685,0.8352816,0.8422432,0.90033793,0.85634685,1.1221346,0.857557,1.2607203,0.6939306,1.0938839,0.973977,1.1201525,0.7050377,1.0795276,1.0722882,0.9258421,0.9176911,1.0563726,0.8619412,1.2247832,1.132193,1.1965868,0.6471208,0.75487465,1.1077585,1.1428782,1.0880312,1.0903219,0.7869407,0.77503115,1.1450436,1.0527133,1.1147165,1.002073,1.3224361,0.9969273,1.1832876,1.1593075,0.73891205,1.0139862,1.0979605,0.9559046,0.8879403,1.1454947,1.1952239,1.1436847,1.1476738,0.7627318,1.085076,0.93578815,0.76385665,1.1891439,0.65498257,1.0085961,0.8370801,0.8877878
carrot,0.6840992,0.73423266,0.90570456,1.0951377,0.8201362,1.1236371,0.80598736,0.9397407,1.1523751,0.9151675,0.76896083,1.0957469,0.879315,0.9845677,1.0392282,1.1737922,1.0389018,0.9696735,0.9467529,1.0418128,1.1818846,1.1561137,1.2639375,1.1221936,0.0,1.168865,1.1824793,1.2537351,0.85481924,1.0647018,1.018601,1.2343501,0.890873,1.1973058,1.0503486,1.0703014,0.93696386,1.0720049,1.1865803,0.92198205,0.90484047,1.1379014,1.1823442,0.9051504,1.0307316,0.9497122,0.9132609,1.1696694,0.9197837,1.0016977,0.9864875,1.2478654,1.0094477,1.1440318,0.81579596,1.0969943,0.9016681,1.2389708,1.0118823,0.80089486,1.2013855,1.2188869,1.1383337,1.1201308,0.7317323,0.99144095,0.7899286,1.2285382,1.2494171,1.1038837,1.1636258,0.94694424,1.0398933,1.1791399,1.2290648,0.96145874,1.0718526,0.6067616,0.9179211,0.8473182,0.8905823,0.8538776,0.81648785,1.2579893,0.93063986,1.2457001,1.0462157,1.1609347,1.0803316,0.9430166,0.78332984,1.1497377,1.2416594,0.86540353,1.1509043,1.0152794,0.91423994,1.1151923,1.17403,1.2551996,0.87384486
cat,1.0631227,1.135234,1.1684811,1.0459534,1.2333858,1.2117122,1.2467477,1.1327784,0.634933,1.1356221,1.1136695,1.1200873,1.1059691,0.9604266,1.2280266,0.9689201,1.1424015,1.359019,1.1872994,1.0696954,0.8429479,0.78922534,0.7774112,0.94716233,1.168865,0.0,0.81812006,0.81682277,0.85135454,0.5313817,0.97469056,0.83492863,0.98029995,0.8689617,1.0959394,0.5186026,1.0438871,0.9906846,0.8906599,1.1808144,1.1828934,0.9474248,0.84360445,1.0814615,1.0912296,1.0771357,0.9818257,0.637737,0.99932826,1.2067097,1.1034865,0.79990554,1.0417343,0.83129406,1.1963935,0.9552291,0.8961056,0.7579536,1.2204381,1.1200628,0.8473169,0.7299756,1.0822234,0.8030533,1.1495063,0.9621991,1.3125474,0.8239408,0.91328555,1.120992,0.27287412,1.2114894,1.1181048,0.74056697,0.8851358,1.1535892,0.5646062,1.250083,1.1535165,1.1597846,1.1345077,0.98169756,1.2205749,0.5132083,0.99189925,0.85786366,0.9713717,0.83847743,0.9840637,1.2509432,1.2882699,0.7665061,0.7011565,1.1255193,0.7439168,1.2323092,1.0545149,1.0551695,0.8086812,0.7141564,0.91763395
chair,0.96891415,0.8119899,1.2412889,1.0933489,1.1520219,1.1398607,1.1265037,0.62521464,0.9159635,0.79325974,1.0406059,1.1505558,0.6527207,0.70112395,1.1884683,1.2128478,1.0801388,1.1245406,0.96805555,0.75761616,1.0201924,1.1148757,1.0322517,1.1903659,1.1824793,0.81812006,0.0,1.1828791,1.0338783,1.0837567,0.39571857,1.2692853,0.74734795,1.1895082,1.0860393,0.8100598,0.90678203,0.7151052,0.8716266,0.9719167,1.0387481,1.0214136,1.1689537,1.1528218,1.2555394,1.2073654,0.92352206,1.1210974,0.8962962,1.3718517,0.903733,1.1402369,0.97535825,1.1833813,0.91295576,1.1172016,0.9629587,1.1058987,1.0812858,0.91181326,1.1206806,0.93494326,0.93872505,0.9041122,0.8591738,0.9828976,1.199575,1.2009724,1.2081727,1.1643056,0.5328543,0.84056175,1.1010059,0.92310226,1.0180978,0.83162177,1.0072256,1.0139079,1.2231909,0.8176858,0.9643644,0.74443674,1.1228908,1.0495863,0.8625379,1.0994692,1.1386098,1.0871605,0.3438995,1.0215759,1.1195062,1.040855,1.1524084,1.1799747,1.0244211,1.1425494,1.128669,1.0231419,0.9339651,1.1485987,0.91384023
clock,1.4335897,1.4815838,1.0602807,0.8464842,1.3708773,0.7706873,1.2858804,1.4150016,0.91267186,1.3656183,1.3862351,0.66452646,1.4631479,1.432586,0.9958668,0.33598256,0.97935396,1.124955,1.2093203,1.2024003,0.66157424,0.42555106,0.4683476,0.7214748,1.2537351,0.81682277,1.1828791,0.0,0.9036658,0.85855407,1.3479602,0.3943448,1.3509367,0.6734166,0.98797005,0.9476037,1.1602927,0.9265214,1.0776232,1.1379801,1.0783592,1.2636241,0.40305167,0.84507656,0.901778,0.96094656,1.2289376,0.42903447,1.210247,0.931343,1.1440711,0.7396531,1.195854,0.3975476,1.3105183,0.7979267,1.2561651,0.23994243,1.106116,1.4880028,0.7608571,0.85712206,0.99673223,0.9008484,1.4924037,1.3625727,1.3236544,0.45804268,0.5490024,1.0402906,0.94444805,1.1566858,0.9885639,1.0779749,0.46530366,1.1094735,0.88855594,1.2830735,0.99751025,1.3603731,1.1771144,1.2760987,1.2563406,0.43051338,1.1048111,0.8538679,0.6984832,0.50936496,1.3458297,1.1509424,1.3253831,1.0453849,0.7368064,1.2662419,0.6243912,0.91482663,1.0556953,0.9236787,0.7085462,0.49895966,1.1041644
closet,1.2188014,1.0560602,1.0900813,1.0709736,1.1892143,1.0052181,0.9463739,1.2080145,1.0955424,0.8922264,1.0610971,0.9501963,1.1298251,1.1770201,1.128463,1.0090412,0.90021026,1.0627127,1.119273,1.033941,1.0127277,0.946483,0.9761579,1.0164896,0.85481924,0.85135454,1.0338783,0.9036658,0.0,0.83879375,1.1985841,0.9859083,0.8870218,0.97475284,0.7942623,1.0455029,1.299206,0.64223665,0.8570534,1.096566,1.0909002,1.1355873,0.9412217,1.0678872,0.84871745,1.1944491,1.0393492,0.9142219,1.2208278,1.1327425,1.1866106,1.046445,1.0251447,1.0834066,1.0118979,0.8588868,0.87768614,0.7687042,1.1263077,1.3226062,1.1359993,0.9626707,1.1243753,0.7897858,1.0988147,0.943131,1.0764416,1.0474515,1.1142299,1.1096036,0.8633168,1.0021124,0.8344504,1.0718505,0.9805298,1.0563217,0.83804,0.93039924,0.90049934,1.1348858,1.1402357,0.899452,0.90338707,1.0440332,0.8608178,1.010803,0.7753185,1.0584222,1.2327167,1.0758041,1.037825,1.1503512,0.8573847,1.023743,0.8652819,1.1700583,0.7644735,1.0443014,0.98512405,1.0867716,0.8342252
comb,1.0652233,1.2342355,1.0350294,1.1140977,1.103594,1.0387802,1.1528116,1.229776,0.67715776,1.1888862,1.1988746,0.95400745,1.1638079,1.0579557,1.0684301,0.90794104,1.1507943,1.1991892,1.2763963,1.0302757,0.8204601,0.8961922,0.90260947,0.6592488,1.0647018,0.5313817,1.0837567,0.85855407,0.83879375,0.0,1.1859665,0.63341826,0.9777077,0.75353557,1.0521622,0.98610085,1.1421789,1.0511543,0.86466444,1.282607,1.2524943,1.0253203,0.81059635,1.0388502,0.7505611,0.96812236,0.9604912,0.8741665,0.9489091,0.9341509,1.1531471,0.8862875,1.1705998,0.82898444,1.1611041,0.8013147,0.93269295,0.71689653,1.210728,1.0355186,0.9281735,0.7127968,1.0913367,0.8013335,1.1652446,0.96793944,1.1847193,0.60849637,0.7894267,1.100024,0.6608653,1.2169048,1.0974725,0.80851805,0.85214305,1.2479371,0.7478639,1.2148783,0.8626244,1.2265514,1.0491172,1.061182,1.1501728,0.62269294,1.0228323,0.93825036,1.0429263,0.9702296,1.2395903,1.2333493,1.2021747,0.97679204,0.6458562,0.82289505,0.72773564,1.0269518,1.0262389,1.0751786,0.9489309,0.8127483,0.86076045
couch,0.6689834,0.6061262,1.1259533,1.3107933,0.96872437,1.2477005,0.9048099,0.18885136,1.0889932,0.7775598,0.7496246,1.2779866,0.39404666,0.5592215,1.1984736,1.4507457,1.0576305,1.0059712,0.8277824,0.7309889,1.4274552,1.3273532,1.3177567,1.2359607,1.018601,0.97469056,0.39571857,1.3479602,1.1985841,1.1859665,0.0,1.4972024,0.66020143,1.3343059,1.1026764,0.81834304,0.79690725,0.8705538,1.0598019,1.0054697,0.8191991,1.0747148,1.1833029,1.1967885,1.3613043,1.09451,0.7936853,1.3111919,0.97870415,1.3430817,0.5428599,1.2802025,1.0525911,1.2336442,0.70727336,1.2103702,0.7943479,1.4346621,1.0561041,0.773686,1.2485054,1.1341586,1.1316655,1.0713079,0.49123013,0.8594799,0.9833296,1.3713298,1.3705434,1.2009588,0.78169966,0.9003802,1.0918567,1.034673,1.2381563,0.8533436,1.2538809,0.7532543,1.3365382,0.41804546,1.0754062,0.5487333,0.9128032,1.276888,0.5967767,1.2831278,1.2996645,1.3051305,0.46925575,0.736861,0.838384,1.1827146,1.3459663,1.16155,1.2424097,1.2272284,1.1761796,1.0887961,1.3423475,1.3613393,0.82939136
crayon,1.4250972,1.4295018,1.1104025,0.727749,1.290252,0.7977295,1.3851297,1.532624,0.5603025,1.3360703,1.422096,0.7487958,1.5009013,1.4004251,0.79869795,0.39263213,1.2082402,1.1395091,1.3251967,1.1983311,0.52661383,0.5397404,0.5022205,0.6904727,1.2343501,0.83492863,1.2692853,0.3943448,0.9859083,0.63341826,1.4972024,0.0,1.4834489,0.6928087,1.2045264,1.0912211,1.2147634,1.1220653,0.89287174,1.1771897,1.2311734,1.0406585,0.57856196,0.8970442,0.757746,0.95245886,1.3045013,0.4624111,1.157623,0.76668036,1.2222964,0.56443495,1.1229073,0.40681636,1.2695507,0.714756,1.3127818,0.31517667,1.0750223,1.3785493,0.6311889,0.7725846,0.93141806,0.92538035,1.4782252,1.2639675,1.2334994,0.16049242,0.250171,1.022995,0.9063839,1.2433208,1.2391245,1.0160081,0.6685514,1.1703798,0.78928274,1.3142881,0.653946,1.4185181,1.1178902,1.4096863,1.3895206,0.40036952,1.2347547,0.7882754,0.79697293,0.46805692,1.4202507,1.2941375,1.427849,0.74623793,0.49965018,0.90506756,0.44933486,0.8664218,1.0316375,0.9740771,0.50036067,0.36971962,1.2199916
crib,0.78804827,0.8110352,1.0572058,1.2880905,0.9828499,1.0364393,0.74832666,0.6281234,1.1458695,0.65138197,0.85296786,1.2364098,0.6900934,0.6693523,1.2045664,1.4233431,1.0283196,0.83881915,0.9814223,0.6529257,1.3596019,1.3328727,1.2824116,1.108358,0.890873,0.98029995,0.74734795,1.3509367,0.8870218,0.9777077,0.66020143,1.4834489,0.0,1.235795,0.96878594,1.0259326,1.0516238,0.73702884,0.8991426,1.1263014,1.0045325,1.1609398,1.2242172,1.2332379,1.2056025,1.1690245,0.7025244,1.3555917,1.0071377,1.3330736,0.94000155,1.4181502,1.140831,1.4338348,0.7280533,1.1226616,0.43179047,1.2610134,1.1048974,0.84647393,1.3981502,1.1440479,1.0958004,0.66110426,0.69938475,0.8177058,0.8987386,1.431775,1.4603989,1.210995,1.0066797,0.7347111,0.9810221,0.94681436,1.0991311,0.80095184,1.2596138,0.86603224,1.1447744,0.75551945,1.010094,0.5016877,0.7628016,1.3577096,0.73470664,1.2837373,1.1738684,1.4366194,0.65102625,0.7731931,0.7590561,1.3241713,1.2883004,1.0444762,1.3075683,1.2348969,0.9014313,1.0706582,1.2424839,1.4769485,0.41695106
cup,1.1193546,1.250819,0.93819225,0.87283933,0.9672289,1.0413821,1.0851408,1.3732821,0.85134625,1.2474681,1.2048128,1.0070922,1.3445122,1.1040747,1.1011362,0.5844312,0.6587754,1.2428498,1.1745867,1.2109542,0.46110332,0.89667535,0.7699108,0.80306995,1.1973058,0.8689617,1.1895082,0.6734166,0.97475284,0.75353557,1.3343059,0.6928087,1.235795,0.0,0.5494041,1.043545,1.1464412,1.1589384,0.9821302,1.1742275,1.2063258,0.89295554,0.6391908,0.99008054,0.9235878,0.98653305,0.96845984,0.6865992,1.0623486,0.7127489,1.196303,0.696514,1.0490706,0.6153052,1.30826,1.0196712,1.0851434,0.8299176,0.98120946,1.0410242,0.6718622,0.7881841,1.0496168,0.9385561,1.2761477,0.92409617,1.1995373,0.69611406,0.79010713,0.9082942,0.9563406,1.2882918,0.5898597,1.0265033,0.8452914,1.1765316,0.82775027,1.3273387,1.0583639,1.3051162,1.0495497,1.3066463,1.0367476,0.668881,1.2311287,0.74768853,1.0170751,0.78683615,1.2130114,1.237077,1.1630337,0.7490401,0.7541102,1.0947028,0.83021355,0.8843826,1.0737907,1.1014427,0.9924634,0.57011783,1.1688688
dish,1.1016781,1.0513117,0.81186676,0.98958516,0.92271954,1.0182894,0.5859094,1.0937698,1.2595527,0.9498196,1.07006,1.0386957,1.0899861,1.0943775,1.0791245,1.1383142,0.22612983,0.9633736,0.9853961,0.9853484,1.0713488,1.1341118,1.0562038,1.0496253,1.0503486,1.0959394,1.0860393,0.98797005,0.7942623,1.0521622,1.1026764,1.2045264,0.96878594,0.5494041,0.0,1.160612,1.1327819,0.8631248,0.9798,1.0239798,1.0387669,1.028441,1.0120475,1.0371864,0.88777715,1.0789231,1.0252932,1.123797,1.0882275,0.9787465,1.0763433,1.2113127,1.0070866,1.2346394,1.054781,1.0304681,1.0370598,1.0239626,0.9941499,1.0624858,1.1393756,0.92651474,1.2002484,0.99616975,1.1036848,1.0156693,1.0247866,1.2012907,1.2341428,0.8976823,1.107464,0.99193907,0.06867921,0.97050005,1.0534565,1.1510843,1.0258917,0.98092,1.181687,1.0894877,0.96959156,1.0400647,0.49528813,1.18789,1.052937,0.96725106,0.9321715,1.2806721,1.0624328,0.95432353,0.674495,1.2191291,1.1134825,1.1587609,1.0557959,0.92540395,0.86968875,1.0998719,1.1964242,1.1874555,0.98508006
dog,0.8391018,1.1491611,1.0513518,1.0137709,1.0753821,1.1089906,1.2916434,0.958318,0.99124503,1.0242501,0.89946383,1.0009851,0.9270199,1.0179436,1.0898074,0.930498,1.1018395,1.2221711,1.1144884,0.9712217,0.9318183,0.8422322,1.034439,0.93797404,1.0703014,0.5186026,0.8100598,0.9476037,1.0455029,0.98610085,0.81834304,1.0912211,1.0259326,1.043545,1.160612,0.0,0.7030062,0.99603784,1.1240185,0.8831265,0.97927046,1.0886765,0.97211426,0.86866605,1.1614338,0.88263935,0.9904037,0.88016707,0.8339468,1.0934312,0.8615468,0.93424857,0.99892205,0.8976192,1.1144024,1.1568837,0.9917874,0.9505629,1.0132363,0.959487,0.9338218,0.90078413,0.9527207,1.1241051,0.98494714,0.9824341,1.2078382,1.060187,1.089371,1.0316402,0.7512023,1.0852311,1.1520053,0.8735991,0.93873423,0.9854206,0.9525492,1.0977719,1.1392086,1.0445441,0.97612286,0.99577045,1.2951063,0.85591507,1.0008534,0.9538533,1.0582237,0.8611739,0.784307,1.1741762,1.2473521,0.9159622,1.0255251,1.0987188,1.0092839,0.9740235,1.2350545,0.85642594,0.90540516,0.9366375,1.0381671
doll,0.91074216,1.0090494,0.92977476,1.0865597,0.97113043,1.0967234,1.1788487,0.83697915,0.9513923,0.9855792,0.7464481,1.0494429,0.8087947,0.89218694,0.81979597,1.0701292,1.0803206,1.047363,1.0216995,1.0349041,1.0097781,1.1050687,1.1257484,0.92610914,0.93696386,1.0438871,0.90678203,1.1602927,1.299206,1.1421789,0.79690725,1.2147634,1.0516238,1.1464412,1.1327819,0.7030062,0.0,1.1482196,1.1761006,0.74197286,0.83540857,0.97245246,1.1175508,0.79094416,1.1725016,0.8486838,0.8178325,1.1262133,0.7503309,1.0493227,0.7348286,1.0398972,0.9248698,1.0630226,1.067095,1.151986,1.0541335,1.2137549,0.9515243,0.81557107,1.0259552,1.0844591,1.0118393,1.1874118,0.8033639,0.8669447,1.0275689,1.180676,1.1073111,1.0615171,0.9817437,1.0848905,1.1299567,0.85748017,1.0521041,0.91857237,0.9839278,0.99965143,1.100332,0.8370443,0.824165,1.1042998,1.2036977,1.0630705,0.8722039,1.1285222,1.1510125,1.0203727,0.7446453,1.0100094,1.089786,0.99974036,1.1586347,1.0163088,1.1925611,0.92848474,1.2001469,0.8620373,1.1726998,1.144628,1.0334857
door,1.1720982,1.0206255,1.097803,1.1256136,1.2330254,0.9476339,0.9866311,0.9807003,1.1722989,0.7674761,1.0931867,1.0618557,1.0195147,1.0685148,1.0672543,1.0709504,0.9380793,0.84200954,1.0996591,0.59237164,1.0934242,1.1129364,0.9353317,1.0882508,1.0720049,0.9906846,0.7151052,0.9265214,0.64223665,1.0511543,0.8705538,1.1220653,0.73702884,1.1589384,0.8631248,0.99603784,1.1482196,0.0,0.80684084,0.9665863,0.9741101,1.1450675,1.10679,1.1002686,1.0172514,1.2237092,0.8921501,1.1087608,1.1402081,1.3297383,0.9832169,1.2490697,1.0243291,1.2095935,0.9140755,0.9072122,0.8994194,0.7951075,1.0434872,1.2338711,1.2829974,1.1027776,0.96473247,0.6820699,1.0964379,1.1707878,1.0773972,1.17827,1.1868067,1.1545029,0.9192258,0.8310146,0.89848644,1.0365001,0.9808209,0.72301877,1.0380992,0.9456763,1.1540221,1.0063877,1.1168761,0.61508214,0.96146417,1.201021,0.96742547,1.1079156,0.97112,1.161668,0.84978783,0.9598918,1.0165223,1.263418,1.1917555,1.2143636,1.0479646,1.1346778,0.879353,0.9507599,0.91598576,1.223343,0.7759721
