,alligator,ankle,apple,arm,ball,balloon,banana,basket,bathtub,bed,belt,bench,bib,bird,blanket,boat,book,bottle,bowl,box,bread,broom,bucket,butterfly,can,car,cat,chair,clock,closet,coffee,comb,cookie,couch,cracker,crayon,crib,cup,dish,dog,doll,door,drawer,egg,elephant,eye,face,finger,firetruck,fish,flower,foot,fork,frog,glass,glasses,glove,gum,hair,hand,hat,horse,hose,jacket,jar,jeans,knife,ladder,lamp,melon,mitten,motorcycle,mouth,muffin,nail,napkin,necklace,nose,orange,oven,owl,pajamas,pants,paper,pen,pencil,penguin,pickle,pig,pillow,plant,plate,pony,pumpkin,purse,radio,refrigerator,rooster,scarf,scissors,shirt,shoe,shorts,shovel,sink,slide,slipper,snow,soap,sock,soup,spoon,sprinkler,stroller,sweater,swing,table,tape,toe,tooth,toothbrush,towel,toy,tray,truck,vacuum,watch,window
alligator,0.0,1.3158443,1.0685774,0.63583785,1.3916686,1.4591819,0.77924746,1.1641967,0.6714701,0.4966514,1.3202616,0.5674483,0.516273,1.0081856,0.46903455,1.2088732,0.6866759,1.4799526,1.3393459,0.9872409,0.9806872,1.2824523,1.2809814,1.2630012,1.3618374,1.2386967,0.97688854,0.97419965,1.5527142,0.9102987,0.92742044,0.77134067,0.92715526,0.6989741,0.93874127,1.533978,0.669361,1.5152506,0.9814233,0.71784097,0.6594402,1.0736428,1.0498044,1.1897604,0.8728172,1.1056002,0.7659031,1.1930959,0.77359414,1.3389908,1.4141527,1.0337152,1.163336,0.7691496,0.776052,1.5206032,0.6826475,1.1745211,0.83313257,0.75693655,1.4273666,0.8232365,0.7945851,0.7071938,1.0995823,0.5098881,1.2640526,1.3416195,1.4769258,0.7124736,0.37743783,1.2768183,1.0429412,1.0992129,1.4382282,1.3380007,1.563704,1.1521264,1.3716195,1.0662076,0.9009945,0.4988743,0.65473485,0.53847,1.4078127,1.4588783,1.2406765,0.90839744,0.92555535,1.3877137,1.1358875,1.1375438,0.9131348,1.3225982,0.86357296,1.3362732,1.0307775,1.0227661,0.7190608,0.6028593,0.74032044,1.0195119,0.8914439,1.2459224,1.0302353,0.70042145,1.5079179,0.9650137,1.2234479,0.8133944,1.0492284,1.4406327,1.0362681,1.1234586,0.6620741,0.82042336,0.4229653,1.3071921,1.3226539,0.7950512,0.49824905,1.157398,0.8655527,0.56986594,0.921449,1.2650722,1.5129521,0.9736297
ankle,1.3158443,0.0,1.0743349,0.89704216,0.8612551,0.8199202,1.08274,1.1714826,1.30628,1.3508168,0.73961747,1.3466486,1.1907182,1.0338728,1.122799,1.0140903,1.3040011,0.7925329,0.94774044,1.2255213,0.9739631,0.9438505,1.0179386,0.8371589,0.8933152,1.0264221,0.9010492,1.1373881,0.7595614,1.257641,1.1919672,1.2559417,1.1232362,1.2849659,0.886307,0.6491263,1.4328239,0.85924804,1.2056854,0.9662637,1.1062438,1.1995165,1.1729589,0.9740213,0.8415718,0.92548573,1.2441484,0.734151,1.1749233,0.816458,0.86241174,0.7178804,0.8943851,1.0753537,1.2657835,0.62469965,0.8664395,0.9496885,1.214434,1.0309273,0.6725775,1.0239632,1.2808459,0.9735756,1.1496909,0.961098,0.87183636,0.8075539,0.8034768,1.1541903,1.1166842,0.8155565,0.968681,0.9151354,0.7312283,0.67036635,0.425534,0.9666614,0.89628005,1.1543986,1.0777236,1.0826101,0.8590123,1.349815,0.7347139,0.70643467,0.8071935,1.098168,0.8725883,0.66015226,1.079158,1.1512878,0.8987909,0.7886857,0.95715386,0.88706154,1.1516967,0.94182247,1.1655611,1.397275,0.93713,0.86852884,0.7583219,0.8407609,1.1843046,1.24551,0.583633,1.0071322,0.81703293,0.80880445,1.0535755,0.74456906,0.9888479,0.84411323,1.0738643,1.168191,1.5173638,0.9612618,0.623802,1.082857,1.2965329,0.85470474,1.1575959,1.3603592,1.1151667,1.020592,0.6846518,1.2506944
apple,1.0685774,1.0743349,0.0,1.074898,0.55222666,0.72458977,0.6863109,1.1643343,1.2178476,1.2884305,1.0711646,1.2757448,1.0929298,0.96254283,1.240624,1.0208042,1.005478,0.98437285,0.92282325,1.0865176,0.83180714,1.1466666,0.99358344,0.92017317,1.1958693,1.0550724,1.1793516,1.3095839,0.91363394,1.1678351,1.006141,1.1428324,0.83787256,1.2608047,1.1017387,0.9723112,1.2029526,0.86959535,0.9939753,0.96385664,0.8723176,1.1612906,1.198601,0.33434588,1.2562646,0.9418175,1.0052314,0.80205685,1.0625575,0.821379,0.9507144,1.1117445,1.0654665,0.8316413,0.95567447,1.0072124,1.0337889,0.64299804,1.0085857,0.8765838,0.9698446,0.89092207,1.150615,1.1935985,0.96671706,1.2257903,1.1023067,1.2307119,0.99515325,0.5261905,0.9152874,0.99968296,0.8705384,0.6929758,0.81402916,1.135388,0.99771523,0.9296236,0.39949787,1.1838202,0.9744346,1.2104685,1.1777655,1.0832332,1.1062973,1.1038635,1.0381513,0.84933805,0.8726393,1.1357447,1.0087079,0.8693243,0.90358675,0.6326994,1.2422872,1.149374,1.2486744,0.9308249,1.1096789,0.97245514,1.1661146,1.0727211,1.1672442,0.9725108,1.0993212,1.0372155,0.98191774,1.2477739,0.98937875,1.1312951,1.1296934,0.8836403,0.9989653,1.1213883,1.1637875,1.1113267,1.1885158,0.81655777,0.77382845,0.780797,1.0140982,1.1590737,0.7825259,0.9591948,1.006792,1.2600625,0.9752443,1.110513
arm,0.63583785,0.89704216,1.074898,0.0,1.4321724,1.4688835,1.0107044,1.2825153,0.7785434,0.6469388,1.2603517,0.68004817,0.5650754,1.1998135,0.5259401,1.3029915,1.0078102,1.4425457,1.3577976,1.0887156,1.0390573,1.2818258,1.288629,1.2924601,1.2046062,1.363354,0.9333818,1.0092115,1.5539902,0.9961071,0.99081194,0.7288406,1.121433,0.77504253,0.84465176,1.3725574,0.8693258,1.4393587,1.1060767,1.1815393,0.92615235,1.0688754,1.0488253,1.2530773,0.7707913,0.9328856,0.6095693,0.7001147,1.0134743,1.3686626,1.4708816,0.84424824,1.1268951,1.2174289,0.8426535,1.2964302,0.60563534,1.252426,0.66156834,0.35617483,1.2130294,1.2194345,1.0189568,0.552941,1.2966115,0.3358041,1.1572516,1.3227425,1.4800143,0.8597195,0.6169529,1.3096867,0.8419085,1.1894999,1.2265,1.2565217,1.1373458,0.8754535,1.2796968,1.0578315,1.1549124,0.40116322,0.4043485,0.80717945,1.3019378,1.2486902,1.2991024,0.98279834,0.82571197,1.1415198,1.2746999,1.2772505,1.2713683,1.1207409,0.9081943,1.3770595,0.9482893,1.1055127,0.5922559,0.93952084,0.45299053,1.101075,0.52717197,0.9738257,1.0553813,0.8797139,1.3279169,0.8009677,1.0718225,0.7309159,1.0360006,1.4129285,1.0392325,1.1623945,0.5018543,0.93653476,0.7386251,1.2997262,0.8553542,0.7847922,0.6403662,1.2112811,1.3727441,0.85906905,1.0925016,1.2896278,1.2654009,1.0187083
ball,1.3916686,0.8612551,0.55222666,1.4321724,0.0,0.21139753,0.8266383,1.0027274,1.4819667,1.4945683,0.6936362,1.5039937,1.3873639,0.9840883,1.4657578,0.77559865,1.1719602,0.25922102,0.685346,1.1795439,0.9697673,1.038557,0.8320327,0.7534373,1.0229403,0.84923613,1.0937399,1.386569,0.39901733,1.2230763,1.1454237,1.3359659,0.85107005,1.4245403,1.2204427,0.37539768,1.4097533,0.41529047,1.010572,0.897715,1.109974,1.2067091,1.2354139,0.35407358,1.1961868,1.0521561,1.2167926,0.8887228,1.198122,0.5698004,0.38489223,1.0849501,0.83369577,0.90815675,1.1399956,0.5526353,1.335166,0.5137742,1.2054378,1.3012351,0.47028506,1.0049057,1.2757982,1.3410183,0.8803036,1.4919426,0.92391706,0.99794406,0.61031777,0.9577148,1.3373268,0.6547808,1.0727367,0.7515578,0.28216052,0.9434632,0.653746,1.0544971,0.33657563,1.2471155,0.9488003,1.4305453,1.4148159,1.3621032,0.5387018,0.59390277,0.770688,1.0586219,1.1057447,0.8794992,0.9351096,0.8022021,0.8400794,0.6390159,1.2776704,0.80358887,1.3100202,1.0314947,1.364933,1.1617026,1.3471941,1.0301623,1.2840117,1.0657924,1.2352684,1.1573677,0.40975338,1.2017725,0.922446,1.2982755,1.1198014,0.5545358,0.93970114,1.1334534,1.352246,1.1956239,1.4473584,0.66975546,0.70844465,1.0322328,1.3065616,1.0544147,0.60735905,1.2087052,1.0788764,1.0122254,0.42488408,1.1581957
balloon,1.4591819,0.8199202,0.72458977,1.4688835,0.21139753,0.0,0.9518259,0.9361749,1.4364071,1.5142462,0.62224233,1.4887934,1.4266179,0.9287189,1.5178556,0.6809006,1.182714,0.29922462,0.67194307,1.1448754,1.017252,0.90608126,0.69480014,0.71288896,0.87202954,0.72295785,1.1357371,1.1982005,0.400725,1.214034,1.1855373,1.3048688,0.8978419,1.426006,1.2478368,0.41487074,1.3834918,0.4207245,1.1040964,0.86607325,1.1251363,1.1591474,1.2025921,0.5081316,1.189067,1.1469321,1.2829738,0.98558193,1.1316365,0.5389966,0.45742804,1.0440005,0.90036535,0.90215814,1.165557,0.6076481,1.2957857,0.6004133,1.2534847,1.3581121,0.48268437,0.99001443,1.1399212,1.3705308,0.84708744,1.5262146,0.8856124,0.78496563,0.5909575,1.074957,1.338135,0.60070145,1.1055355,0.80733025,0.47640324,0.8172827,0.6433913,1.148172,0.4404691,1.2083176,1.0072662,1.4817307,1.4479501,1.4025328,0.62991047,0.6383908,0.52025473,1.0949569,1.1153611,0.82888067,0.87390697,0.8564397,0.81051743,0.65786886,1.2185178,0.6837636,1.2175261,1.0341259,1.3100741,1.090091,1.370333,0.95093703,1.2735789,1.0808513,1.1468608,1.1075401,0.45596611,1.2345719,0.90971464,1.206527,1.0873518,0.5340216,0.8214224,0.9673497,1.3663352,1.1403421,1.4755983,0.6583448,0.8088143,1.1339546,1.3404304,0.9424177,0.56582415,1.2494597,1.0239909,0.83851314,0.53246015,1.154618
banana,0.77924746,1.08274,0.6863109,1.0107044,0.8266383,0.9518259,0.0,1.0818814,1.113947,1.1303656,0.97524,1.0792735,0.8106941,0.9984965,1.0237659,1.0023769,1.0727172,1.0587457,0.9933015,1.1734987,0.75169224,1.1799346,1.0512903,1.006372,1.2925274,1.0577104,1.1428634,1.1937536,1.1322905,1.2398046,1.0830169,1.1744996,0.82475764,1.1420145,1.0307872,0.9208771,1.1750381,0.9784731,1.0322608,0.879763,0.8949403,1.2833295,1.1317291,0.6448434,1.1185308,1.0912879,1.1202108,0.94985807,1.0570059,0.8633981,1.0361491,1.0686591,0.9725676,0.6140953,0.90171987,1.0351212,0.7444369,0.6517809,1.13726,0.9425232,1.0633769,0.99369854,1.0104351,1.1069059,1.0409994,1.0314461,1.0999722,1.2149485,1.1832466,0.6193867,0.6861913,1.1254017,1.0438397,0.8157726,0.99788094,1.0486228,1.0542054,1.1056073,0.8662283,1.2564917,1.0225232,1.0650256,1.0713574,1.0855956,1.0076426,0.9807235,1.0356485,0.6747553,0.85022366,1.1136978,1.0437024,0.85533154,1.021857,0.97067225,1.1070602,0.95523363,1.278913,0.9412901,1.106427,0.7855365,1.1395411,1.0404488,1.0462983,1.1139207,1.0260471,0.8738955,0.9501359,1.1175812,0.7684448,0.9722346,1.0181826,0.97191006,0.92094904,1.0820513,1.1101116,1.0362895,1.0442909,0.9013003,0.9695822,0.861779,0.69831824,1.1168162,0.6597752,0.868274,1.0367908,1.2006843,1.0409346,1.2220395
basket,1.1641967,1.1714826,1.1643343,1.2825153,1.0027274,0.9361749,1.0818814,0.0,0.84068245,0.96526515,0.90744483,0.81621015,1.1490321,0.92153287,1.1420248,0.7329341,0.8400152,0.8249272,0.81910706,0.66686946,1.0999223,0.714149,0.70595205,1.0376122,0.7243602,0.66978264,1.2121457,0.6040906,0.9011627,0.867892,0.9810057,0.84805006,0.946793,0.92113924,1.0800153,0.88924694,0.7245457,0.85368,0.99778473,1.0772293,1.1245617,0.8030006,0.5985851,1.1512337,1.1851778,1.2512201,1.1840997,1.2492583,0.9043189,1.1155438,0.8042624,1.0811793,1.0712523,1.1514705,1.060243,1.0379106,1.1331972,0.900997,1.1397483,1.2385365,1.0328065,1.096322,0.86322695,1.26558,0.8575781,1.2357228,0.74523884,0.6274067,0.8557985,1.2111945,1.1529528,0.85825336,1.146152,1.1054986,1.0830795,0.7897022,1.1378056,1.1662794,1.1058443,0.73884046,0.99343675,1.2164705,1.2943776,0.99008983,0.88219553,0.8619132,0.91385794,1.0500404,1.0597641,0.88826317,0.79543316,0.8355472,1.0946121,1.164399,0.9473443,0.64294195,0.7724167,1.1374936,1.2267759,0.94803387,1.3099489,0.8831737,1.3226203,1.1881399,0.7083291,1.024446,0.94038105,1.0708035,1.1416483,1.0267258,0.86805785,0.97476715,0.9436044,0.9608954,1.2675697,0.92183137,0.87128615,0.92560184,1.272356,1.23321,1.1415976,0.7739433,0.8848039,0.9674527,0.97340316,0.6233198,1.0165049,0.9124348
bathtub,0.6714701,1.30628,1.2178476,0.7785434,1.4819667,1.4364071,1.113947,0.84068245,0.0,0.34189516,1.1914057,0.23489541,0.52980244,1.2056899,0.39762545,1.1606704,0.7918279,1.4557049,0.93820655,0.65906996,1.1152973,1.0587397,0.6742356,1.4194977,0.7797657,1.2214372,0.8980615,0.5579844,1.4053175,0.68594474,0.69856876,0.81044275,1.0178876,0.45726597,1.0674343,1.5849057,0.5112184,1.2009144,0.83452696,1.2431664,1.1526589,0.70855814,0.6032869,1.3331549,0.81544626,1.171966,0.8667378,1.3833234,0.8465475,1.495377,1.460795,1.193045,1.1466238,1.3611498,0.689932,1.6312268,0.98720765,1.3641046,0.9733417,0.9612097,1.5528061,1.2020972,0.66544026,0.7209865,0.9156214,0.54588103,1.1322982,1.1409132,1.2859015,0.74022764,0.8124325,1.3395486,1.1051667,1.370925,1.4924858,0.99165887,1.5518286,1.2241038,1.4201524,0.65952104,1.1278805,0.5671005,0.680574,0.5502167,1.3467373,1.3924114,1.2661153,1.0287706,1.0689867,1.1070068,1.1216031,0.86949515,1.3721113,1.3333969,0.7264723,1.2436033,0.5805407,1.3365352,0.8110539,0.7282045,0.74497926,1.2202326,0.8956537,1.1738863,0.48966765,0.67241925,1.5948036,0.77734387,1.2115558,0.9749683,0.99131787,1.4156814,0.9163132,1.0755595,0.70701337,0.73041385,0.34825188,1.1154342,1.4886509,1.1101619,0.67705625,0.8551652,1.2430084,0.6014314,1.0569985,0.98901874,1.5387988,0.75298345
bed,0.4966514,1.3508168,1.2884305,0.6469388,1.4945683,1.5142462,1.1303656,0.96526515,0.34189516,0.0,1.2627008,0.15727073,0.5523679,1.203809,0.21465772,1.2506232,0.74950063,1.4706827,1.3497121,0.8291997,1.1948439,1.0968044,1.2075953,1.3933787,1.1020727,1.2162216,0.8288423,0.5185964,1.4808187,0.50859064,0.7841071,0.68511254,1.0547572,0.23377079,1.0862113,1.6031113,0.21489954,1.5226856,0.99117464,1.1283746,1.0384517,0.660432,0.7306371,1.4008147,0.7151561,1.1096689,0.6323308,1.323516,0.8907974,1.5400629,1.4059411,1.1646314,1.153324,1.3015697,0.68672824,1.6175774,1.0507963,1.4860921,0.7222361,0.9287406,1.480876,1.2106605,0.6363886,0.5308273,1.1210446,0.3882379,1.3286419,1.1158087,1.3501441,0.88160473,0.8917179,1.3094838,1.0746244,1.3897538,1.4554551,1.2481658,1.5779915,1.182081,1.4789855,0.77054846,1.1051786,0.38041598,0.5622886,0.5190937,1.4333279,1.4482975,1.3642828,1.0250177,1.0302616,1.1352886,1.0575172,1.198491,1.2926152,1.4449582,0.875691,1.3435388,0.609792,1.2891885,0.6723865,0.7548797,0.57641923,1.2395601,0.76527417,1.216655,0.875173,0.56151587,1.638207,0.68072265,1.1935835,0.97496444,1.0115718,1.5521915,1.0425007,1.2230443,0.49942183,0.6561581,0.2437005,1.3774616,1.4336724,1.0451391,0.7193613,1.0258836,1.2488384,0.6463208,1.0172131,1.0024134,1.5222577,0.5853045
belt,1.3202616,0.73961747,1.0711646,1.2603517,0.6936362,0.62224233,0.97524,0.90744483,1.1914057,1.2627008,0.0,1.2128719,1.1822197,1.0504345,1.1796575,0.72810197,1.1212394,0.6313554,0.9352535,1.1638751,0.93606293,0.96750164,0.9339458,0.8616063,0.9227973,0.90389955,0.67750984,1.137149,0.67220205,1.155881,1.0391545,1.2332922,1.008415,1.2486032,1.1218112,0.49184906,1.2984835,0.7447636,1.1149758,1.0654991,1.2315947,1.0829027,0.9335966,0.9101278,0.7950041,1.0971272,1.3194675,1.0610155,1.0748616,0.5980469,0.748021,0.98382956,0.79909736,1.0107781,1.0239143,0.7225709,1.1276066,0.7760644,1.287827,1.251706,0.7457931,1.0817745,1.1085058,1.1438615,1.030104,1.1862518,0.7794266,0.8824463,0.8434039,1.0553267,1.2215927,0.84199613,1.1145563,0.9426954,0.7678342,0.8031622,0.64558476,1.17134,0.8219903,1.0758764,1.1342005,1.1651255,1.1309081,1.2289169,0.6119798,0.61140335,0.8178936,1.056006,1.1547215,0.7758138,1.0221909,0.9094091,1.0273095,1.0636098,1.0581939,0.8551602,1.0445437,1.0800976,1.2695285,1.1566628,1.120882,0.97809494,0.95879775,1.019274,1.0595342,0.98357147,0.65892017,0.8891524,0.69769436,1.0692791,1.1137025,0.6970811,1.0161871,0.89579034,1.170912,1.1339432,1.2672467,0.96806496,0.99046576,1.2040622,1.2220169,0.93757576,0.99968404,1.1908314,1.1137958,0.94858146,0.65246516,1.0185126
bench,0.5674483,1.3466486,1.2757448,0.68004817,1.5039937,1.4887934,1.0792735,0.81621015,0.23489541,0.15727073,1.2128719,0.0,0.58747137,1.1925697,0.3410747,1.2347174,0.738673,1.4895144,1.2225071,0.62862426,1.1112324,1.0611461,1.031832,1.4212925,0.9837921,1.1829515,0.9015683,0.4874527,1.5117943,0.5701461,0.7235457,0.7518914,1.0312678,0.28763473,1.0232928,1.5329347,0.28293252,1.4252927,0.9889547,1.1998335,1.0802271,0.66876096,0.52006996,1.375211,0.76850414,1.1358331,0.8103957,1.3063046,0.8613243,1.5184094,1.4752057,1.1836609,1.0848095,1.3591764,0.67434216,1.601286,1.0141253,1.4226842,0.89613414,0.9277554,1.5096902,1.2316352,0.61657315,0.6172628,1.0803139,0.44793284,1.1778157,1.0681947,1.3936638,0.84323305,0.87769234,1.3745635,1.110385,1.3685707,1.4699204,1.1658659,1.5356829,1.2173102,1.4782913,0.6690798,1.1536561,0.49396318,0.5864138,0.5146115,1.3674176,1.3327034,1.3420705,0.97413355,1.060428,1.1731611,1.1460505,1.1160477,1.3226093,1.4207026,0.7921669,1.2495968,0.60469204,1.2822702,0.78958523,0.7463342,0.6664088,1.231736,0.77497494,1.1953166,0.7634592,0.6200533,1.5680941,0.72433746,1.1377177,0.9418136,0.99090624,1.5131878,0.98827654,1.1755079,0.59351,0.7473103,0.24696124,1.2697911,1.4252638,1.05207,0.67424923,1.0117961,1.2591399,0.64565444,0.9839082,0.99016213,1.5148052,0.75148284
bib,0.516273,1.1907182,1.0929298,0.5650754,1.3873639,1.4266179,0.8106941,1.1490321,0.52980244,0.5523679,1.1822197,0.58747137,0.0,1.2831953,0.34091657,1.194664,0.7294653,1.4505442,1.306041,0.89118004,1.1022213,1.3295059,1.127567,1.3613031,1.2739984,1.2804615,0.96728194,0.99001366,1.4913373,1.0073701,1.0014662,0.789776,0.9766073,0.7794702,0.9416549,1.5005699,0.78279847,1.4293625,0.92671716,1.1642909,0.941128,1.1024797,1.0603968,1.2157416,0.78902173,1.016721,0.7187087,1.1096152,0.83281255,1.4430909,1.4170905,0.9597556,1.2032622,1.1582949,0.6238271,1.4523127,0.7318038,0.9560866,0.7967623,0.70935297,1.3328298,1.2280719,0.8743098,0.5961534,1.0390967,0.42236006,1.2811105,1.3965098,1.4808781,0.61524725,0.54128927,1.2797494,0.9486859,1.308876,1.3597865,1.0667758,1.3810531,1.0494866,1.3777316,1.075912,1.1109469,0.34435093,0.5760197,0.5459776,1.4270527,1.4761863,1.333142,1.0016651,1.09418,1.2890804,1.2371861,1.035407,1.2992907,1.2408925,0.6061873,1.3760958,1.0408466,1.2388021,0.4448043,0.74543613,0.56159425,1.1101323,0.7481768,1.1163572,1.002525,0.76595616,1.4967713,0.87352836,1.1590545,0.7828958,1.1167276,1.4987068,0.98507303,1.089559,0.5539479,0.8341575,0.5402885,1.2598547,1.258697,0.9212916,0.55059785,0.91398644,1.056267,0.5245899,1.030602,1.2915583,1.4027394,0.96664315
bird,1.0081856,1.0338728,0.96254283,1.1998135,0.9840883,0.9287189,0.9984965,0.92153287,1.2056899,1.203809,1.0504345,1.1925697,1.2831953,0.0,1.2507973,0.8315862,1.047597,0.9107107,1.0362152,1.0533302,0.8403411,0.8202177,1.0459381,0.77251565,1.0009627,0.88866997,1.0949908,0.95802283,0.93858755,0.91316146,1.0119276,1.0903575,1.1003375,1.1379862,1.0270417,0.93505776,1.0635483,1.0315797,1.0851089,0.56390727,0.81315935,0.8668387,1.0221858,0.99619794,1.1270162,1.069331,1.2200258,1.1469368,1.0649253,0.81054676,0.8457453,1.0955727,0.9522152,0.61046076,1.2755599,0.89584917,0.9579939,1.0671878,1.1192361,1.1878338,0.9178738,0.5596432,1.019751,1.1255145,1.1199386,1.1599317,0.94533145,0.8647691,0.9097068,1.1934723,1.0360069,0.855936,1.2029887,0.71977055,1.0375552,0.9587303,0.98649466,1.0699271,0.91462064,0.98379505,0.85024726,1.2012477,1.040996,1.1525085,1.0007651,0.9718212,0.56550217,0.98229975,0.6904888,1.008858,0.91534513,1.1076441,0.5643169,0.9176696,0.9367062,0.8259815,1.0075265,0.7175021,1.0975109,1.0627929,1.1647757,0.92216855,1.0436027,1.0602703,1.0354489,1.1155667,0.89026886,1.1094608,1.094859,0.950008,0.8564048,0.9093846,0.98208225,0.83424616,1.1169869,1.1398377,1.1476806,1.0816745,1.0947895,1.0784495,1.1780356,0.93727094,0.8758183,1.2311337,0.9073039,0.82473445,1.0237714,1.0496461
blanket,0.46903455,1.122799,1.240624,0.5259401,1.4657578,1.5178556,1.0237659,1.1420248,0.39762545,0.21465772,1.1796575,0.3410747,0.34091657,1.2507973,0.0,1.3117678,0.8329864,1.504635,1.3985476,0.9238927,1.0429794,1.2420363,1.2362877,1.4431655,1.1883118,1.3202384,0.7090849,0.7466895,1.5487854,0.74433094,0.9008247,0.788241,1.0861114,0.41488326,0.88585544,1.5731894,0.62366164,1.5464025,1.0012337,1.1369076,1.0420853,0.868023,0.9113724,1.3481517,0.5965239,1.0821621,0.75255084,1.2081685,0.8812196,1.450118,1.4720573,1.0454054,1.1296691,1.274987,0.6993969,1.5579512,0.7676288,1.3013046,0.8232842,0.83249414,1.4368746,1.1940666,0.8291427,0.4460081,1.1569226,0.20224136,1.2923431,1.3001348,1.4780283,0.7645174,0.6685319,1.3206153,1.0423748,1.3273889,1.391408,1.013634,1.4397293,1.1450504,1.4383467,0.97139364,1.1470813,0.24385726,0.4041965,0.55868757,1.4126649,1.4450209,1.349098,0.9938909,0.9877359,1.0180662,1.2173489,1.2002909,1.2920752,1.3689306,0.7185024,1.3756577,0.8254039,1.2744443,0.63843477,0.84478766,0.48361808,1.1784507,0.62089366,1.128507,0.9644866,0.69918364,1.5537537,0.6327793,1.1757923,0.7965931,1.0081813,1.5157409,1.0467333,1.1241885,0.46932185,0.85336673,0.45869267,1.4035976,1.3069296,0.94331324,0.6555134,0.824608,1.3111329,0.74333227,1.0739052,1.1792895,1.4657121,0.7800212
boat,1.2088732,1.0140903,1.0208042,1.3029915,0.77559865,0.6809006,1.0023769,0.7329341,1.1606704,1.2506232,0.72810197,1.2347174,1.194664,0.8315862,1.3117678,0.0,0.9025378,0.59751123,0.80711496,0.979004,1.0075378,0.9090029,0.72385865,0.7650771,0.9236676,0.56824964,1.1224662,1.0502298,0.73246884,1.1376776,1.2281804,1.0937574,1.1030988,1.2195872,1.2280289,0.6615672,1.1509893,0.8054151,1.0073841,0.96483517,1.0898496,1.0806851,0.9806889,0.9192841,1.177928,1.2239194,1.2043395,1.1689351,0.95255035,0.6751366,0.6181167,1.120472,1.0527762,0.8672039,1.0354143,0.8351691,1.1972535,0.8052491,1.2094874,1.2349684,0.8126653,0.94143486,1.0327177,1.3184681,0.9327872,1.322433,0.74800223,0.7430891,0.7794302,1.0691869,1.2275444,0.49704057,1.1296678,0.90470636,0.92465293,0.8614571,0.90274215,1.2339585,0.8753785,0.93987226,0.95390606,1.3043513,1.3168409,1.0933487,0.76030827,0.76407933,0.7916415,1.0049986,1.0951655,0.8186593,0.8287337,0.86179763,0.9248877,0.9724418,1.0259827,0.6564392,1.0526547,0.97710824,1.1641756,1.0329543,1.3389077,0.9973074,1.2691991,1.1483976,0.96196234,1.0983425,0.7931251,1.1547364,0.89591897,1.2066058,1.0518835,0.76588535,0.9489587,0.95335984,1.2918541,0.929486,1.1690707,1.0124372,1.1462264,1.1795889,1.1415972,0.90136915,0.7686868,1.043134,0.91427785,0.8446715,0.8354713,1.0338118
book,0.6866759,1.3040011,1.005478,1.0078102,1.1719602,1.182714,1.0727172,0.8400152,0.7918279,0.74950063,1.1212394,0.738673,0.7294653,1.047597,0.8329864,0.9025378,0.0,1.1462284,1.1500185,0.5418437,1.1411064,1.1331148,1.0276461,1.0844934,1.1095554,0.8736104,1.1349449,0.9728382,1.1894702,1.0051031,1.0622616,0.8457098,0.9095158,0.9083065,1.211184,1.2284422,0.733451,1.2361343,0.8885567,1.1168112,0.7171932,0.99745053,0.7780061,1.1407204,1.0669967,1.1381147,0.93515486,1.2852652,0.5427311,1.1846992,1.0772583,1.066526,1.2095563,0.92223597,0.8511374,1.2900083,1.1624109,0.9223054,0.9927471,0.9813599,1.2723053,0.9033743,0.80614984,1.0581858,0.8913715,0.9616832,0.98763674,1.0996977,1.1781583,0.8728634,0.88873184,1.0429709,1.0688734,1.0928115,1.338465,1.1658934,1.3689741,1.177571,1.1523483,0.8621121,0.67760736,0.864117,1.0702163,0.14322245,1.2177342,1.1917567,1.2516321,1.0054234,1.1356674,1.2858729,0.99605584,0.87216556,1.0944891,1.3182014,0.902877,1.133592,0.99992144,1.0304404,0.9214724,0.73140967,1.05271,1.023004,1.2249658,1.2094212,0.9360164,0.7971263,1.3490382,1.0589086,1.1739706,1.0684412,1.0724158,1.2076297,1.0529592,1.1790808,0.97868013,0.8323952,0.49024737,1.1328374,1.3931239,1.027596,0.8410447,1.0176736,0.77810687,0.6184746,0.72582334,1.1249483,1.2960765,0.93610376
bottle,1.4799526,0.7925329,0.98437285,1.4425457,0.25922102,0.29922462,1.0587457,0.8249272,1.4557049,1.4706827,0.6313554,1.4895144,1.4505442,0.9107107,1.504635,0.59751123,1.1462284,0.0,0.6708283,1.139563,1.1175053,0.88166785,0.71042717,0.7146067,0.7497064,0.6733583,1.0748203,1.1652253,0.3348726,1.1409473,1.1762291,1.2594094,1.0302937,1.352328,1.16263,0.24158657,1.3561718,0.3709777,1.1156678,0.8808821,1.1912434,1.0932667,1.1518931,0.77783155,1.1650355,1.135435,1.2579544,0.97699094,1.1541969,0.576903,0.20909286,1.0559356,0.70086884,1.0135367,1.2585819,0.44809878,1.3800197,0.6525264,1.2325358,1.3840402,0.39608753,1.0459231,1.2362366,1.3679265,0.9555245,1.5127015,0.77056265,0.7111762,0.4843588,1.2088021,1.458955,0.552239,1.1597174,0.91455996,0.33823657,0.77645606,0.5687279,1.1295947,0.6776967,1.1055803,0.9991448,1.4601066,1.420124,1.3696523,0.40090638,0.41893977,0.67022365,1.1441255,1.1842071,0.70259076,0.82240975,0.8971792,0.8326936,0.7748691,1.170079,0.6508541,1.0863827,1.0191296,1.3349152,1.2528731,1.3635066,1.0089233,1.2544835,1.0633199,1.207041,1.2291324,0.3596558,1.1380552,0.90680283,1.2754953,1.0482888,0.56276274,0.9265486,1.0330622,1.3707367,1.1153872,1.448557,0.8199008,0.80895567,1.1339979,1.3727994,0.9025874,0.7462361,1.3004832,1.0579801,0.7325656,0.32949537,1.105928
bowl,1.3393459,0.94774044,0.92282325,1.3577976,0.685346,0.67194307,0.9933015,0.81910706,0.93820655,1.3497121,0.9352535,1.2225071,1.306041,1.0362152,1.3985476,0.80711496,1.1500185,0.6708283,0.0,0.8760718,1.0840297,1.0003049,0.16919589,0.90332,0.67838377,0.8448188,1.2337768,1.0670079,0.6062198,1.2297568,0.717893,1.2565295,0.8345906,1.24862,1.213773,0.74656296,1.2367095,0.15959501,0.6757156,1.0261627,1.0953166,1.185776,1.0208769,0.7245128,1.2574844,1.0897888,1.2464815,1.0523944,1.1109862,0.8397533,0.78511924,1.1074429,0.9312182,0.9782126,1.0487014,0.8415928,1.1439737,0.82259965,1.2847761,1.2046068,0.857188,1.0273442,1.1351882,1.3792168,0.62998474,1.3932796,0.9172334,0.87833846,0.7951079,1.1497432,1.1876165,0.8424126,1.0759511,0.93937355,0.7895029,0.8682784,0.90860164,1.1107779,0.77490836,1.0772187,0.9820937,1.359632,1.3851864,1.2598742,0.74455166,0.7685741,0.8689964,1.0559531,1.0048007,0.9099252,0.88978,0.3643602,1.0313796,0.77692527,1.2050362,0.5963044,1.1469002,1.0586083,1.3174443,1.0155549,1.4272122,0.950205,1.3395964,1.0559032,0.72302866,1.1979785,0.6559127,1.2721926,0.93588775,1.0988163,0.85847884,0.6710265,0.95166147,0.96385324,1.389452,1.0427648,1.196828,0.25385737,0.9740191,1.0934861,1.2345965,0.98127365,0.7174475,0.9267539,1.0176629,0.92961067,0.7662316,1.2190177
box,0.9872409,1.2255213,1.0865176,1.0887156,1.1795439,1.1448754,1.1734987,0.66686946,0.65906996,0.8291997,1.1638751,0.62862426,0.89118004,1.0533302,0.9238927,0.979004,0.5418437,1.139563,0.8760718,0.0,1.0364428,1.0042875,0.69788784,1.1542856,0.73223436,0.8321981,1.2145519,0.6725411,1.1454507,0.83234805,0.9067754,0.9766083,0.9044331,0.7625272,1.0884943,1.2603905,0.67901605,1.0017227,0.8509063,1.127435,0.92887473,0.7892849,0.4859318,1.1605983,1.1692302,1.1449095,1.0189611,1.2540824,0.7832249,1.279753,1.1358149,0.9853231,1.2215052,1.1329982,0.8693306,1.2864531,1.0710719,1.0391649,1.0609691,1.0606301,1.2327307,1.03038,0.8414187,1.1256074,0.71728504,1.0634085,0.98015606,0.89968956,1.083725,1.0344996,0.99053717,1.0522583,1.1433712,1.137789,1.2930167,0.9160763,1.3178755,1.1528071,1.1320422,0.62498164,0.87269235,1.0479647,1.0875125,0.5699346,1.220301,1.1935532,1.1036794,1.0731306,1.0139787,1.0707211,1.0375892,0.8941369,1.0988475,1.1825724,0.8169446,0.86605334,0.80252695,1.1071787,0.9937158,0.89145386,1.1393178,0.8929795,1.2023084,1.1402881,0.8104763,1.0406113,1.2120744,1.1349353,1.1845729,0.9334545,0.9285859,1.232629,1.0640998,1.0241879,1.0674136,0.8979445,0.6308436,0.9274953,1.2847291,1.1907544,1.0361209,0.8263724,0.8987372,0.8307352,0.8053375,0.8032155,1.2686293,0.9948916
bread,0.9806872,0.9739631,0.83180714,1.0390573,0.9697673,1.017252,0.75169224,1.0999223,1.1152973,1.1948439,0.93606293,1.1112324,1.1022213,0.8403411,1.0429794,1.0075378,1.1411064,1.1175053,1.0840297,1.0364428,0.0,0.9859084,1.0915033,1.0192516,1.0551589,1.068969,0.9466697,1.1508526,1.1216714,1.1247921,1.0306362,1.124027,0.87620986,1.1085144,0.85011387,0.9401094,1.1725508,1.0690491,1.0694145,0.96690285,0.9735406,1.0399493,1.0112711,0.7357254,1.0315907,0.9969915,1.1869338,0.9144884,1.0707039,0.7069118,1.1028011,1.0418218,0.9521289,0.85870576,1.0683396,0.97066313,0.82407045,0.8642372,1.1393957,0.99084574,1.0058832,0.7989459,1.1561787,1.1158869,1.053691,1.0939924,1.0048827,1.0755453,1.0892934,0.84321827,0.8362385,1.0686637,1.0265696,0.42731953,0.9834089,0.79544777,0.8687674,1.0105274,0.8214118,1.0425682,1.0389084,1.2023737,1.0505735,1.1237737,1.0475501,0.9399527,1.0031356,0.8590932,0.78234917,0.8868802,1.1731226,1.0154577,0.907072,0.8070073,1.0895365,1.0251136,1.1136451,0.8945597,1.1543442,1.1444376,1.1312457,1.0191139,0.9395151,0.7716025,1.0228177,1.1544068,0.953665,0.99860024,0.8000775,1.0667424,0.9668158,0.9912875,1.0235373,0.9256273,1.1522362,1.205306,1.2151587,1.0643865,0.8475238,0.9860507,1.0312752,0.8625451,1.0747504,1.1653181,1.0250269,1.1980314,1.0094508,1.1876352
broom,1.2824523,0.9438505,1.1466666,1.2818258,1.038557,0.90608126,1.1799346,0.714149,1.0587397,1.0968044,0.96750164,1.0611461,1.3295059,0.8202177,1.2420363,0.9090029,1.1331148,0.88166785,1.0003049,1.0042875,0.9859084,0.0,0.91113055,0.9574037,0.6255277,0.87948275,1.0018412,0.7360075,0.7504656,0.7857208,1.1288157,1.0470386,1.018874,1.039292,1.0927556,0.8481749,0.8630843,0.94638896,1.0596864,1.0410577,1.1648871,0.59315336,0.8516157,1.1649004,1.0792273,1.0738134,1.2773871,1.1257541,1.0756506,0.97233325,0.82447195,0.974363,0.93722725,1.1915252,1.1984106,0.95586485,1.1869243,1.0445944,1.2334297,1.2199033,1.1022217,1.0222728,0.79572725,1.2156463,0.8933274,1.238848,0.74052125,0.5205855,0.5158871,1.2349283,1.2427676,0.9389576,1.1179906,1.0062466,1.0823038,0.68211854,0.8955936,1.0650421,1.0195152,0.72791916,0.99708974,1.2411022,1.2162608,1.2202046,0.87099695,0.8250765,0.79216754,0.8403698,1.0248111,0.8311295,0.6843578,1.0578165,0.94094545,1.0757937,1.0749786,0.92205024,0.6855426,1.1138026,1.1533659,1.040583,1.2474972,0.96204394,1.2246615,1.0165484,0.8850644,1.1270427,1.0139439,0.97531307,1.0027473,1.0837765,0.8363019,0.75247115,0.9673947,0.813398,1.2776989,1.0237353,1.2059921,1.0263902,1.1076831,1.1710157,1.1287197,0.6777756,1.0798136,1.2145158,1.0439066,0.5661496,1.0385559,0.7441772
bucket,1.2809814,1.0179386,0.99358344,1.288629,0.8320327,0.69480014,1.0512903,0.70595205,0.6742356,1.2075953,0.9339458,1.031832,1.127567,1.0459381,1.2362877,0.72385865,1.0276461,0.71042717,0.16919589,0.69788784,1.0915033,0.91113055,0.0,1.0217532,0.43504268,0.7991367,1.2257231,0.8207232,0.7483586,1.0988837,0.755393,1.1823803,0.92743707,1.104605,1.1766593,0.88910025,1.1007849,0.308078,0.7604034,1.0834397,1.1501771,0.992778,0.901744,0.8886644,1.2356272,1.2666686,1.2730175,1.2231016,0.999161,0.9648223,0.84956014,1.1408676,1.019549,1.142401,0.95113117,1.0705293,1.1132039,0.8822146,1.326719,1.232878,1.0097976,1.0997074,1.002512,1.3435103,0.60993314,1.3054632,0.93243575,0.7979943,0.83293986,1.0355359,1.1057789,0.8593781,1.1842952,1.0686531,0.98658836,0.70170945,1.0631394,1.2772938,0.8780662,0.8966624,1.0153993,1.2917206,1.3190447,1.1131887,0.91727674,0.91663784,0.8242326,1.0633558,1.0450618,0.85152406,0.91143394,0.48353308,1.0945472,0.8494655,1.0515984,0.67419124,0.87122464,1.1715763,1.2348318,0.9671227,1.3803766,1.0097226,1.3062497,1.151613,0.61562735,1.096391,0.87987417,1.2116109,1.0043935,1.0468689,0.84508044,0.857918,0.91191226,0.90493953,1.3307161,0.9447033,1.0411537,0.48617744,1.1724515,1.2151732,1.1430728,0.7834748,0.75565207,0.8359569,1.02563,0.7343359,0.97086483,1.1094228
butterfly,1.2630012,0.8371589,0.92017317,1.2924601,0.7534373,0.71288896,1.006372,1.0376122,1.4194977,1.3933787,0.8616063,1.4212925,1.3613031,0.77251565,1.4431655,0.7650771,1.0844934,0.7146067,0.90332,1.1542856,1.0192516,0.9574037,1.0217532,0.0,1.0840037,0.7618202,1.1253718,1.2573705,0.62076366,1.2303307,1.230996,1.1786852,1.1487396,1.3534324,1.0447509,0.622441,1.2809149,0.82832235,1.0694424,0.8171454,0.9728049,1.219697,1.162193,0.84814703,1.126173,0.98199326,1.1806865,0.92358583,1.0117546,0.5448961,0.6222065,0.9981313,0.8716275,0.60027754,1.1971896,0.60974693,1.09298,0.8273946,1.1458266,1.1925691,0.7237321,0.6819279,1.259407,1.2565762,1.0935966,1.4047067,0.9041445,0.8716603,0.6820185,1.1480635,1.2304933,0.6463178,0.97432905,0.67952687,0.7668177,0.97048384,0.7033998,1.0082848,0.81494015,1.1208891,0.8067748,1.3657299,1.3453557,1.1855273,0.77182555,0.7642014,0.74951345,1.135935,1.0137687,0.96652204,0.72682065,1.0347317,0.6943525,0.7509005,1.1325243,0.7310052,1.240484,0.41202474,1.2407012,1.0973449,1.2132729,0.9178471,1.1625153,0.9941992,1.1669356,1.1768899,0.6322271,1.1367545,0.90384924,1.1061194,1.0264164,0.65025973,1.0323781,0.9796784,1.2278177,1.1590316,1.3992777,0.8845375,0.87058324,1.0261039,1.2727095,1.0864631,0.87848514,1.2705226,0.9183588,1.0110594,0.68411064,1.1032186
can,1.3618374,0.8933152,1.1958693,1.2046062,1.0229403,0.87202954,1.2925274,0.7243602,0.7797657,1.1020727,0.9227973,0.9837921,1.2739984,1.0009627,1.1883118,0.9236676,1.1095554,0.7497064,0.67838377,0.73223436,1.0551589,0.6255277,0.43504268,1.0840037,0.0,0.8827403,0.99723995,0.5873126,0.74901384,0.7627622,0.86357486,1.0576462,1.0940313,0.9239838,1.02168,0.91767275,0.96889794,0.6254732,0.9858303,1.0733517,1.238115,0.5348402,0.6644143,1.165729,1.0991725,1.1995617,1.236117,1.1764592,1.0839862,1.0640098,0.8383243,0.9717112,0.9106442,1.3597089,1.1554285,1.0569955,1.2004963,1.1474417,1.2469659,1.2520351,1.0443898,1.1099427,0.9410658,1.2234492,0.7508267,1.2489051,0.821911,0.5625117,0.6092005,1.2125521,1.243778,0.93617094,1.1681817,1.1537876,1.0405041,0.57390225,0.9236279,1.1430535,1.0214381,0.51574194,1.049151,1.2730108,1.1843827,1.1597854,0.88173693,0.8688262,0.7213319,1.1199162,1.0909002,0.6274364,0.9009848,0.91948223,1.0121095,0.99393684,1.0603087,0.83471036,0.33466244,1.215928,1.1913866,1.253396,1.2246394,0.9750016,1.1340501,1.0010778,0.6854895,1.1516771,0.9757356,0.9996258,1.0033256,1.022583,0.8607506,0.90946555,1.0174078,0.8527057,1.2323554,0.99855065,1.0555271,0.8787848,1.0812057,1.342376,1.2423369,0.6692058,1.1432337,1.1207144,1.1059144,0.38487935,1.0275725,0.86450636
car,1.2386967,1.0264221,1.0550724,1.363354,0.84923613,0.72295785,1.0577104,0.66978264,1.2214372,1.2162216,0.90389955,1.1829515,1.2804615,0.88866997,1.3202384,0.56824964,0.8736104,0.6733583,0.8448188,0.8321981,1.068969,0.87948275,0.7991367,0.7618202,0.8827403,0.0,1.2615821,0.8122761,0.77064776,1.0517466,1.2033516,1.1319101,1.1365806,1.1286805,1.1053894,0.73481923,1.1054946,0.83152544,1.1034614,0.8858899,0.8809238,1.0262924,0.9475038,0.9248339,1.2536577,1.1567813,1.2309687,1.1250482,0.57712305,0.70328623,0.6332761,1.067304,0.95041305,0.8374274,1.1443686,0.8011397,1.1712456,0.95318294,1.2378831,1.3010011,0.7968987,0.8704083,1.0898682,1.2791476,0.9889521,1.3848995,0.89587235,0.58745193,0.82180357,1.2466905,1.2988942,0.5700683,1.2230852,0.8965231,0.94414973,0.79620194,0.92549974,1.1450665,0.8543832,0.98896897,0.963536,1.3870598,1.3399509,1.0940009,0.7684616,0.7599503,0.90882987,1.0995399,0.9549429,0.7654054,0.7910161,0.9396375,0.83188367,0.8506193,1.0556636,0.40793204,1.0235729,0.8271491,1.2132027,1.1506729,1.3241359,0.9291866,1.1861972,1.1260751,1.0051041,1.095939,0.76327145,1.2009608,0.8740565,1.19431,1.0075562,0.80659854,1.0589023,0.8502558,1.2817132,1.048271,1.212744,0.94300157,1.1042894,1.20008,1.3134753,0.8627801,0.6907599,1.136898,0.3896283,0.7322578,0.8025776,1.0152924
cat,0.97688854,0.9010492,1.1793516,0.9333818,1.0937399,1.1357371,1.1428634,1.2121457,0.8980615,0.8288423,0.67750984,0.9015683,0.96728194,1.0949908,0.7090849,1.1224662,1.1349449,1.0748203,1.2337768,1.2145519,0.9466697,1.0018412,1.2257231,1.1253718,0.99723995,1.2615821,0.0,1.0571462,0.99974847,0.90687764,1.0406559,1.0219777,1.1428187,0.9105767,0.77687323,1.0218368,1.0349352,1.2181361,1.1285527,0.95790815,1.1950867,0.86827475,0.98367834,1.1781666,0.3586445,0.97266626,1.0131321,1.0549135,1.0490372,0.9715742,1.0491272,1.1016815,0.82825494,1.1021892,0.8824159,1.0123181,1.0922706,1.2789166,1.0063716,1.0395641,1.0440578,1.0316787,0.98458695,0.7289307,1.2251409,0.76040983,0.9181615,1.0875422,1.0070893,0.9646159,1.0616481,1.1076996,1.0001278,1.10429,0.9598146,1.0681486,0.9226929,0.9743614,1.1556857,0.9983016,1.1426251,0.77249753,0.79290557,0.99727434,0.9219489,0.9702757,1.0436304,1.1566478,1.2511613,0.8650514,1.1216578,1.1680892,1.033096,1.2176428,0.965124,1.2164811,0.8023043,1.106517,1.0794855,1.161523,0.72550416,1.1880218,0.7575014,0.7987832,1.1088787,0.88366425,1.084674,0.4143207,0.93426275,1.107308,1.0602134,1.0248171,1.0521507,0.9195422,0.8488156,1.0062846,0.986169,1.2974421,1.0394021,1.0505384,0.9750266,1.1050514,1.3934838,1.136098,1.2379214,1.099166,0.9718469,0.71611565
chair,0.97419965,1.1373881,1.3095839,1.0092115,1.386569,1.1982005,1.1937536,0.6040906,0.5579844,0.5185964,1.137149,0.4874527,0.99001366,0.95802283,0.7466895,1.0502298,0.9728382,1.1652253,1.0670079,0.6725411,1.1508526,0.7360075,0.8207232,1.2573705,0.5873126,0.8122761,1.0571462,0.0,1.1293256,0.51903707,0.7888833,0.94220054,1.1207311,0.3433504,0.9934322,1.3387628,0.47338855,1.1757214,1.0572928,1.0081912,1.0716318,0.4094196,0.59294397,1.3975097,1.0430279,1.2781014,1.1042833,1.3380067,0.94299096,1.3157111,1.1107955,1.0571651,1.0932558,1.3029041,1.0284817,1.4133123,1.0326246,1.4032657,1.1076578,1.1362519,1.2979393,1.1159954,0.60853493,0.9307508,0.9902553,0.87296283,1.1362854,0.50183964,0.93617064,1.1809742,1.0742642,1.0672754,1.2491932,1.2919251,1.4119668,0.7493439,1.3066121,1.2685066,1.3175784,0.54414696,1.1026523,0.9485369,0.88959223,0.9424767,1.2337936,1.1966696,1.0043577,1.1260458,0.882621,0.7081311,0.8806721,1.1042846,1.0776912,1.2357327,0.82047683,0.8743196,0.3708346,1.2163855,1.0074233,0.96842384,1.0069848,1.0090911,0.9614626,1.1401613,0.62262464,0.8753777,1.3330078,0.94858366,1.1593913,0.9404044,0.8396702,1.260054,0.9907539,0.81375927,0.9245353,0.651605,0.59692556,1.2225144,1.371488,1.2872758,1.1055349,0.66672933,1.091112,0.96545416,0.89367485,0.37993062,1.3830245,0.66469276
clock,1.5527142,0.7595614,0.91363394,1.5539902,0.39901733,0.400725,1.1322905,0.9011627,1.4053175,1.4808187,0.67220205,1.5117943,1.4913373,0.93858755,1.5487854,0.73246884,1.1894702,0.3348726,0.6062198,1.1454507,1.1216714,0.7504656,0.7483586,0.62076366,0.74901384,0.77064776,0.99974847,1.1293256,0.0,1.1432835,1.0504884,1.2968919,0.9263252,1.395708,1.2547596,0.45220447,1.3209451,0.4230832,0.9247521,0.9840541,1.1941019,1.0240108,1.087511,0.7199123,1.1266335,1.0320925,1.3301657,1.0865928,1.1580255,0.63192296,0.35876948,1.0071801,0.8125057,0.9492161,1.2472296,0.5220202,1.4175661,0.77408606,1.3004229,1.4187067,0.57839674,1.0009958,1.1200248,1.3992758,0.78904843,1.5691417,0.77537096,0.6447897,0.29390216,1.2403511,1.4945886,0.6216397,1.1779556,0.84856224,0.55868375,0.78743106,0.5827021,1.0596677,0.6667683,1.0265625,0.9411274,1.4891154,1.4871707,1.3669994,0.53915054,0.5836291,0.67717624,1.1758529,1.2115517,0.7314168,0.74497867,0.67272365,0.8736161,0.8465978,1.1026914,0.6772751,1.0659261,0.9781618,1.4063649,1.1521302,1.4008999,0.9382366,1.3359102,0.9376912,1.0388694,1.1785786,0.49617803,1.1311214,0.88620347,1.2801396,1.0749772,0.45604163,0.8503362,0.8824033,1.4200362,1.0846992,1.4788018,0.6507044,0.9192033,1.2358853,1.437053,0.93059295,0.82873935,1.3045135,1.046926,0.7745,0.51470333,0.9661436
closet,0.9102987,1.257641,1.1678351,0.9961071,1.2230763,1.214034,1.2398046,0.867892,0.68594474,0.50859064,1.155881,0.5701461,1.0073701,0.91316146,0.74433094,1.1376776,1.0051031,1.1409473,1.2297568,0.83234805,1.1247921,0.7857208,1.0988837,1.2303307,0.7627622,1.0517466,0.90687764,0.51903707,1.1432835,0.0,0.8239447,0.8796685,1.0427613,0.43679935,1.044363,1.3530078,0.45264173,1.2317734,0.9891084,0.9956256,1.0863705,0.20209682,0.7286652,1.2782547,0.9043201,1.1234115,0.8938113,1.2157395,1.0022621,1.3436582,1.0707349,1.1488943,1.1091126,1.2895663,0.9889282,1.358635,1.1784136,1.3457539,0.8801234,1.066154,1.224366,1.0607334,0.8195678,0.7907772,0.959423,0.8231918,1.1665224,0.8454068,0.9791603,1.0555867,1.1202624,1.1066216,1.1207778,1.195077,1.2318165,0.9950191,1.3311129,1.0816147,1.2148911,0.558251,1.085237,0.8339218,0.8265649,0.9155772,1.2909998,1.2947407,1.0649388,1.089324,0.97992873,0.94103706,0.95131373,1.1835643,1.010816,1.2165332,0.958002,1.1801652,0.38122642,1.2044678,0.94433933,1.0292388,0.8261771,1.1437851,0.9022218,1.1393607,0.8720654,0.846067,1.3741794,0.76992786,1.2301522,1.043561,1.0081128,1.3508799,1.1504424,1.0122825,0.7832119,0.95386684,0.6237798,1.2523631,1.2475054,1.162502,1.0495169,0.8512565,1.2190452,0.9884342,0.97256273,0.6423001,1.3183439,0.5564686
