,alligator,ankle,apple,arm,ball,balloon,banana,basket,bathtub,bed,belt,bench,bib,bird,blanket,boat,book,bottle,bowl,box,bread,broom,bucket,butterfly,can,car,carrot,cat,chair,clock,closet,coffee,comb,cookie,couch,cracker,crayon,crib,cup,deer,dish,dog,doll,door,drawer,ear,egg,elephant,eye,face,finger,firetruck,fish,flower,foot,fork,frog,giraffe,glass,glasses,glove,gum,hair,hamburger,hand,hat,helicopter,horse,hose,jacket,jar,jeans,knife,ladder,lamp,leg,meat,melon,milk,mitten,motorcycle,mouth,muffin,nail,napkin,necklace,nose,orange,oven,owl,pajamas,pants,paper,pen,pencil,pickle,pillow,pizza,plant,plate,pony,pumpkin,purse,radio,raisin,refrigerator,rooster,scarf,scissors,shirt,shoe,shorts,shovel,shower,sink,slide,slipper,snow,soap,sock,spoon,sprinkler,strawberry,stroller,sweater,table,tape,toe,tooth,toothbrush,towel,toy,tray,tree,truck,vacuum,watch,window
alligator,0.0,1.2971547,1.191684,0.68698597,1.2149961,1.2052547,0.5791713,0.79414755,0.62398064,0.5304896,1.0230789,0.8641232,0.315812,0.98172605,0.46978045,0.7475146,0.6225796,1.5028834,0.7830749,0.7451545,1.1863385,1.3546003,1.2730162,0.9841012,1.5611026,1.3148041,1.0679859,1.029174,1.0686293,1.4203402,0.710395,1.0226693,0.8577794,0.8238885,0.8286072,0.86388075,1.495704,0.7098902,1.5119822,1.0731466,0.70244265,0.53645694,0.83804834,1.1570905,1.2805724,1.163358,1.2741072,0.9601528,1.2617545,0.88616925,1.3438272,1.0595263,1.3258404,1.3770764,1.0163904,1.2942902,0.6407877,0.57059115,0.6397766,1.5314609,1.131234,0.8941483,0.92558247,0.9744021,0.8047493,1.4578723,0.9643066,0.7599715,0.69584805,0.7316251,0.9208819,0.7159307,1.0778213,1.1953073,1.4946368,0.8449738,0.9684796,0.8739671,1.2076159,0.46865177,1.1909715,1.1272535,0.8535764,1.4700389,1.1705317,1.4804536,1.2524762,1.2775896,1.3128886,1.1107398,0.6500756,0.9223182,0.37906206,1.4370074,1.4359089,1.1045356,1.3331041,0.70632666,1.2112477,0.92324346,0.87751514,1.2348645,0.95427173,1.2143289,1.4509747,0.97134066,0.8083421,1.0198679,0.6549284,0.7897162,0.7768922,1.4477067,0.6171326,0.69444484,0.9355822,0.5422578,1.3686926,0.68262047,1.4227166,0.965522,1.3015761,1.1113981,1.2153015,0.93716735,0.8066112,0.43338645,1.2831006,1.4233767,1.3800678,0.67141956,1.1643564,0.82753104,0.60170394,0.76841164,1.0774645,1.3806151,1.483979,0.9042188
ankle,1.2971547,0.0,0.95682406,0.80662173,0.9923272,1.0107855,1.1809114,1.3092284,1.2533722,1.2903275,0.93727607,1.2185138,1.1213244,1.1253775,1.1164181,1.2751956,1.226764,0.88133705,1.2315005,1.2785093,0.79113954,0.80664146,0.89301646,1.0679946,0.9004606,1.044026,0.78875667,0.99440926,1.0027757,0.869366,1.3595064,1.2054319,1.1008269,1.1206863,1.2148149,1.1536378,0.79689175,1.3898879,0.8876367,0.96490395,1.2610004,1.1147745,1.0380138,1.2018757,0.82055813,0.7334106,0.68344617,0.954172,0.7315831,1.1665114,0.47834802,1.0895061,0.9138912,0.97410685,0.6308968,0.8992096,1.1460159,1.1591904,1.423615,0.7046012,0.4607271,1.0570211,1.0804814,1.0405889,0.8714754,0.60086226,1.0956166,1.1232932,1.17848,0.914906,1.1888344,0.86668587,1.0112653,1.1963325,0.96951073,0.938897,1.176912,1.1184596,0.9860679,0.9461102,0.9639782,0.92613167,0.78976816,0.64473283,0.84968865,0.4255526,0.81554675,0.7803541,0.9685296,1.0628562,0.86798865,0.62038773,1.2943498,0.8731681,0.85139894,0.8144786,0.6259346,1.2081248,1.1159397,1.0803633,1.0415338,1.0671899,1.0658082,0.9939898,0.6566974,1.3242561,1.0651441,0.85346377,1.3818821,0.8819918,0.7766156,0.8429031,1.2755213,1.3385407,1.0717431,1.3461596,0.5935538,1.2206357,0.95948833,0.59846014,0.9882596,0.96210074,0.92098737,1.2997231,0.8956703,1.3871208,0.8336976,0.4725076,0.7485528,1.2658596,0.85274404,1.172304,1.2383199,1.2213523,1.026863,0.9807098,0.7809963,1.3009348
apple,1.191684,0.95682406,0.0,1.2998028,0.4348818,0.4537239,0.8874093,0.97004986,1.0981197,1.3892547,1.0421882,1.3089443,1.2487265,0.90697855,1.3992333,1.059797,1.019092,0.78657156,0.8003392,1.0392069,0.86470646,1.0308778,0.7384212,0.88170636,0.97760737,0.95167494,1.0207294,1.2425022,1.147902,0.7765572,1.3165376,1.07952,1.0444641,0.890146,1.2436984,0.9080504,0.74295765,1.2621236,0.7783251,0.9519098,0.9669587,1.2342024,0.9634071,1.1756891,0.9355801,1.0224721,0.62419045,1.2285895,1.0085406,1.1942006,0.8996589,1.136846,0.70763904,0.782311,1.0570773,0.8987454,0.79205436,1.0817382,1.0372319,0.903892,0.9309476,0.6029346,1.2174779,1.0334611,1.1481009,0.7704856,1.0274849,1.0525991,1.1171796,1.3419039,0.7808255,1.3365705,1.0347761,1.1580083,0.80136013,1.201161,1.0321164,0.5769432,0.82173824,1.1187476,0.9052453,1.0657189,0.8773746,0.79429066,1.0816914,0.9346856,1.0792791,0.60439163,0.94623065,0.6995816,1.3745793,1.2330892,1.2501643,0.91904396,0.92862153,0.6348956,1.0571054,1.0703566,0.8775145,0.70865893,1.0018224,0.5446503,1.0859367,0.79513854,0.9143019,1.2594149,0.9680064,1.0699912,1.2323235,1.3392649,1.0149418,0.87646985,1.2098241,1.3294895,1.0769435,1.2635412,0.80764794,1.1928254,0.76462317,1.0301151,0.98773336,0.7537414,0.60694623,1.1627891,1.3101144,1.2567441,0.66471237,0.8545837,0.92943287,1.2268627,1.0970471,0.68436205,1.0794328,0.96471435,1.0527062,0.95615035,0.77484775,1.3416561
arm,0.68698597,0.80662173,1.2998028,0.0,1.3485043,1.300207,0.8487782,1.0584949,0.9147026,0.61460435,0.97806156,0.73799425,0.7019074,1.2417458,0.53331405,0.91764313,1.0323926,1.373148,1.1150191,1.0059745,1.1458668,1.1087843,1.3108664,1.253686,1.1610951,1.2502244,0.71840036,0.8663336,0.97989935,1.4081013,0.79375815,0.95266616,0.8973222,1.1204953,0.7290481,0.96520567,1.3380007,0.8470826,1.3909664,1.1648053,1.0327963,0.91171837,1.20837,0.9192061,1.1180185,0.96401703,1.1830168,0.83049375,0.9759035,0.88046205,0.84001946,1.0592977,1.4264872,1.3862847,0.67118955,1.2106262,1.2991822,1.0307109,0.8530694,1.3145651,0.7491055,1.1519387,0.8398799,1.0064867,0.50202584,1.3895755,1.0256957,1.0478187,0.7430529,0.54880625,1.0228518,0.43573135,0.9221974,1.0285282,1.3738515,0.6622503,0.9667147,1.0590329,1.2225426,0.4760068,1.3224885,0.94872636,0.956539,1.1860417,0.9727824,1.085343,0.99359876,1.2561618,1.1643028,1.2592912,0.47216356,0.48046303,0.75608593,1.2471277,1.2055806,1.0483692,0.91593355,0.8016644,1.2295115,1.352442,1.1989676,1.3687928,0.95702255,1.2904277,1.2137058,0.8469617,1.1440693,0.94008946,1.0088998,0.5416597,0.7826581,1.3225882,0.805044,0.787833,1.0251899,0.7495029,1.2078332,0.8276352,1.3592892,0.6520552,1.2168229,1.1551287,1.2887481,0.9975264,0.5835873,0.7455022,1.4218919,0.9688004,1.1122664,0.65979946,0.9609523,1.3712558,0.98015153,1.0567733,1.1088675,1.2533839,1.3675877,0.7500287
ball,1.2149961,0.9923272,0.4348818,1.3485043,0.0,0.07835591,1.0081829,1.0842129,1.0862072,1.336276,1.1116788,1.3524041,1.1918924,0.89872813,1.3350528,1.1754248,1.1078476,0.59467804,0.6874992,1.1991405,0.71340793,1.0415436,0.8046199,0.8208965,1.0436343,1.0356983,1.2169472,1.1440345,1.2581942,0.5853356,1.2841134,1.1871796,1.0688947,0.7684306,1.3043952,1.2004745,0.7372813,1.3208385,0.60962737,0.9634286,0.984579,1.1695285,0.96019363,1.1928831,1.0645083,1.1524193,0.45942903,1.1605643,1.0015138,1.1408424,0.97709846,1.0919728,0.61459154,0.5574848,1.1309919,0.99760073,0.7502005,1.0412729,1.1787645,0.8058164,1.0561386,0.7649666,1.2003714,0.9340497,1.2752457,0.6454638,1.0259713,1.10049,1.3036796,1.2887554,0.83880925,1.3632523,1.2308465,1.2438447,0.5850307,1.2482119,0.9507853,0.8768076,0.7607289,1.212552,0.79991,1.070371,0.8018991,0.6357862,1.1081016,0.9534476,1.033257,0.43097055,0.9372815,1.0161319,1.3716788,1.3886931,1.2555594,0.80380327,0.78898233,0.9039576,1.0997827,1.0737494,0.9099443,0.6231672,0.94739497,0.2901097,1.08608,0.84329194,0.83182436,1.276434,1.1006006,1.0032748,1.2330985,1.2877076,1.1223758,0.8627913,1.3878157,1.2780814,1.1339399,1.303985,0.8306139,1.1753606,0.64873415,1.148721,0.99159276,0.73216915,0.672245,1.2110784,1.2852707,1.243019,0.60309315,0.8389729,0.9468411,1.3638257,1.0955138,0.5619885,1.1368364,1.0424433,1.1083378,0.9784675,0.59397006,1.2996111
balloon,1.2052547,1.0107855,0.4537239,1.300207,0.07835591,0.0,1.0453882,1.0670391,1.0551705,1.2519232,1.1577332,1.2225013,1.2350254,0.902378,1.2720258,1.1200465,1.1066047,0.68895227,0.68112457,1.168996,0.8442254,1.0539014,0.77741706,0.8747885,1.0022045,1.0210372,1.2454095,1.13869,1.1646874,0.6675817,1.1960509,1.1462861,1.0490421,0.8103059,1.2042571,1.2856319,0.8017169,1.2567931,0.68332565,1.0092056,0.93173647,1.1323345,1.012614,1.126535,1.0255139,1.1332268,0.55880207,1.1255774,1.0496764,1.1143178,1.0167646,1.0720001,0.7097822,0.6285582,1.0796477,1.0374972,0.8406023,1.0792224,1.0900073,0.9013587,1.0528727,0.80779636,1.1677926,0.9813878,1.2650387,0.70353293,1.0183533,1.1000806,1.2628715,1.2284846,0.81238174,1.2529424,1.1814024,1.19365,0.61258364,1.1272259,0.99707776,0.90276337,0.7349862,1.190608,0.8093617,1.0672576,0.89813125,0.7568951,1.0728908,1.0211042,1.0838392,0.5773939,0.87899905,1.06382,1.3101825,1.292213,1.2286125,0.8701888,0.8604438,0.9133986,1.064551,1.0793717,0.90180665,0.6847539,0.9863524,0.4208063,1.0078696,0.81435114,0.90025234,1.1687193,1.1130822,0.97157604,1.208274,1.2178928,1.0731682,0.9361803,1.3040323,1.2166369,1.0421325,1.2219695,0.86292696,1.1549829,0.7596808,1.1093894,0.96603936,0.8013065,0.72568053,1.1370666,1.2097245,1.1799784,0.634458,0.9097989,1.0321648,1.3195136,1.0702074,0.62238294,1.0993975,1.0364655,1.0907189,0.906036,0.6817662,1.2364674
banana,0.5791713,1.1809114,0.8874093,0.8487782,1.0081829,1.0453882,0.0,0.9229485,0.694546,0.8939172,0.78697145,0.98383677,0.6056924,1.1151379,0.81082845,0.9100096,1.0006309,1.4456916,0.71321964,1.0112777,0.88901746,1.3395472,1.1377094,1.2442923,1.4582567,1.3267443,0.65620404,1.1643853,1.2018769,1.3980074,0.94278747,0.91558045,0.74872017,0.63437295,0.99350667,0.56126535,1.3471926,0.9832963,1.4163424,1.1252538,0.7323085,0.9453102,1.1002953,1.2002201,1.2494473,1.0430987,0.9585331,1.0593084,1.0998367,0.9244611,1.0096009,1.1423249,1.2595506,1.4163246,1.0461437,1.2049074,0.74545896,0.9812923,0.6636854,1.3697617,1.0198177,0.52761316,0.9145503,0.82556516,0.6443363,1.3935213,0.99202824,1.0327262,0.5929483,0.9153908,0.735059,0.7957041,0.9880364,1.2659574,1.4924445,0.9014252,0.8364063,0.42181557,1.1760008,0.5412711,1.2511039,1.0141479,0.76053435,1.282224,1.2493465,1.2093923,1.0815147,0.86753035,1.4050333,0.8744034,0.81640744,0.87433374,0.79466414,1.37239,1.3683083,0.702757,1.3319217,0.6941823,1.2752542,0.8082043,1.1251181,0.8603243,1.1276122,1.2053893,1.2991502,1.1194799,1.0651339,1.1369723,0.8239199,0.9125521,0.8341075,1.3024033,0.73830044,0.942477,0.9236872,0.7157132,1.192195,0.833499,1.132275,1.047166,1.2268869,0.8103748,1.0493997,1.0342509,0.9055232,0.67182064,1.1487793,1.1381047,1.1633468,0.5200555,1.338835,0.81383836,0.7577948,0.9423765,1.1141725,1.4468043,1.413396,1.0546023
basket,0.79414755,1.3092284,0.97004986,1.0584949,1.0842129,1.0670391,0.9229485,0.0,0.39735353,0.70603704,1.2694962,0.65214425,0.71416,1.1394694,0.7781234,0.59786433,0.6298254,1.1579716,0.43470162,0.24997318,1.1605601,1.107286,0.6262032,1.1156065,1.0221474,0.894807,1.2774315,1.167331,0.65241694,1.1903682,0.7319083,0.79826796,0.78625274,0.879203,0.84791034,0.7922518,1.2060434,0.43512702,1.1035651,1.1977408,0.6066785,1.1389961,0.9295576,0.94853103,1.0859658,1.2161555,1.3342917,1.1929905,1.3949184,1.1136655,1.4046395,0.9505746,1.3193868,1.0728546,1.0065871,1.1610768,1.0767874,1.0078323,0.7345788,1.3875289,1.2943141,0.80704427,1.1755332,1.0059209,1.0201391,1.2668085,1.0006802,1.141356,0.8101136,1.0866196,0.58556485,1.0751425,0.9006777,0.7923472,1.1131548,1.0856647,0.95583165,0.8893772,0.8567545,0.9210716,1.1214174,1.1391318,1.019347,1.3962985,0.86752474,1.4129102,1.2717426,1.3591932,0.8831663,1.1241794,0.99611276,1.1971064,0.6497745,1.221684,1.2263619,1.1458453,1.2461116,0.89681226,1.0326756,0.77858937,1.1072601,1.1146861,0.67905945,0.8600721,1.4421049,0.7928667,1.164283,1.0101837,0.7758326,1.1643693,0.88948226,1.2550277,0.98588926,0.7569939,0.8676919,0.4258523,1.1927028,0.93578064,0.9438553,1.0024817,1.2295659,1.2248875,1.1723168,0.63162094,1.158026,0.53907746,0.93398714,1.4555995,1.3675327,0.70960975,0.86927754,0.61881393,0.39733452,0.8775718,1.0118754,0.98956555,1.2513734,0.9310897
bathtub,0.62398064,1.2533722,1.0981197,0.9147026,1.0862072,1.0551705,0.694546,0.39735353,0.0,0.5847283,1.1000564,0.58699965,0.56982917,1.1430581,0.5519576,0.7043321,0.93050176,1.3582326,0.30475718,0.67726266,1.0682722,1.17749,0.8207932,1.2369058,1.2056639,1.133122,1.2289916,1.0422456,0.69756913,1.2564888,0.69410753,0.7092584,0.77468204,0.7948911,0.7227938,0.9064154,1.4372103,0.5942217,1.229081,1.1529498,0.554297,0.9591354,1.0846753,0.93968105,1.1725956,1.1739445,1.2340001,1.0430474,1.3264726,1.0670866,1.4090829,1.0181906,1.4016527,1.2571121,0.9962797,1.2755747,1.0899777,1.0403031,0.739465,1.4574429,1.260625,0.9884992,1.0960485,0.91388386,0.99177456,1.3995345,1.0198888,1.0985862,0.7446468,0.9268888,0.7473474,0.86786693,1.0927224,0.9551246,1.2425706,0.958017,0.8978586,0.9038428,0.94931984,0.72358954,1.2511034,1.1474128,0.87598836,1.4323277,0.84210396,1.4111378,1.2453096,1.2042902,1.0816128,1.2422638,0.8271456,0.9968322,0.68701416,1.3256721,1.3359861,1.0988126,1.1547939,0.7859337,1.1330311,0.69001377,1.139296,1.0857542,0.72687113,1.0056969,1.4547058,0.800508,1.1403059,1.0104997,0.8873399,0.96531916,0.84304374,1.3224056,0.8483598,0.6852364,0.56277305,0.3956269,1.2187355,0.9016082,1.0936711,1.0278981,1.213862,1.1270567,1.2213417,0.76448333,0.9761619,0.4714201,0.9924629,1.4455255,1.3597839,0.73394984,0.8838104,0.85205424,0.50563276,0.9422621,1.1082165,1.16821,1.3717695,0.8514857
bed,0.5304896,1.2903275,1.3892547,0.61460435,1.336276,1.2519232,0.8939172,0.70603704,0.5847283,0.0,1.1403637,0.369478,0.5714249,1.2720969,0.257051,0.6703768,0.77389103,1.4332931,0.85425365,0.6946198,1.3351381,1.1578052,1.2550238,1.305059,1.2583716,1.1285664,1.2318705,0.92476916,0.6898113,1.4701986,0.1953566,0.71465194,1.0151386,1.1086224,0.29210025,1.0703222,1.5338556,0.19455373,1.4426901,1.3073907,0.80120397,0.81600213,1.0881214,0.69573563,1.1956244,1.2100744,1.3806875,0.85670024,1.2474251,0.7342046,1.4133909,0.9920695,1.4837682,1.3491856,1.0078113,1.433895,1.2772506,1.0090488,0.5945837,1.5292277,1.2522542,1.3109982,0.7991743,1.0601275,0.9392267,1.4846735,0.9871389,1.1215272,0.71230924,0.5677474,0.95709246,0.52723914,1.1904083,0.7712494,1.3970617,0.7130661,0.92737305,1.1377976,1.2029428,0.7482196,1.1934371,1.1393287,1.0831269,1.4518456,1.086485,1.5448785,1.2768953,1.4591541,1.129131,1.3476825,0.47860873,0.7576676,0.5376829,1.4133396,1.3990326,1.2666022,1.0756795,0.75718904,1.1246839,1.1771264,1.1937327,1.4284807,0.84667325,1.17005,1.4121703,0.5952724,1.1853248,1.0370164,0.7949953,0.6256648,0.9537437,1.4130356,0.65105075,0.22131371,0.9132955,0.3930198,1.4312944,0.54741406,1.4265776,0.9929909,1.3363497,1.2197171,1.4011803,0.70675135,0.61506724,0.26110077,1.3783224,1.4520884,1.4166515,0.721182,0.98389316,1.1157686,0.65876293,0.81771517,1.1154815,1.1244,1.4550202,0.4453845
belt,1.0230789,0.93727607,1.0421882,0.97806156,1.1116788,1.1577332,0.78697145,1.2694962,1.1000564,1.1403637,0.0,1.2009314,0.9502281,0.89179844,1.0489817,1.1414397,1.1296316,1.1691241,1.1204454,1.1805062,0.9954156,1.0744603,1.247537,0.9438819,1.2325631,1.288895,0.72243315,1.04492,1.3071603,1.0594957,1.1678567,1.1259199,0.91190255,0.88926065,1.073938,0.83826584,1.0481493,1.2396007,1.1889204,1.0182021,1.1360651,1.0538505,1.0455924,1.1831385,0.9832641,0.76357234,0.87324405,1.0750232,0.6284651,0.80541027,0.77626383,1.0356796,1.0048465,1.2039361,0.99966854,0.89502424,0.896762,0.9682314,1.0871247,0.8250152,0.92842877,0.90166926,0.8049406,0.9955584,0.81413436,1.0944558,0.9814784,1.004825,0.89033246,1.0432352,1.1185384,0.92620504,1.0517409,1.2252741,1.1861777,0.9226121,1.0392717,0.9164248,1.2802393,0.83196723,1.203419,0.77275944,0.9129684,0.96122307,1.1846411,0.74640554,0.70182383,0.8041301,1.2612785,0.8712975,0.9145108,0.9647428,1.0801898,1.0461975,1.0520059,0.78789353,1.055793,0.99962527,1.1930774,1.0256289,1.0717379,1.0035522,1.1759326,1.2151386,0.8406831,1.2522855,0.85398245,1.0521805,0.99931884,0.89134234,0.92826444,1.0847316,0.9102468,1.1675547,1.0735137,1.1927376,0.93092173,1.0952322,1.1105254,1.009971,0.9620012,0.7781893,0.9581778,1.1937464,0.92198586,1.150615,1.0450935,0.82293475,0.80455494,0.92570055,1.2082415,1.139998,1.1675084,1.0929143,1.0008813,1.2357534,1.0400337,1.1706855
bench,0.8641232,1.2185138,1.3089443,0.73799425,1.3524041,1.2225013,0.98383677,0.65214425,0.58699965,0.369478,1.2009314,0.0,0.8733443,1.2396884,0.47659045,0.70612556,0.90098834,1.3082739,0.95140654,0.6950544,1.2300699,0.968088,1.0369879,1.3324054,0.8236893,0.95161295,1.1307476,0.93887705,0.45116544,1.3887548,0.46107852,0.5173099,0.7026284,1.1013137,0.3494171,0.932549,1.2922106,0.444404,1.2565153,1.1799074,0.94091,0.9784917,1.266624,0.57440853,0.8504941,1.2862351,1.4701482,0.8914678,1.2896494,0.9839148,1.3205061,1.0751487,1.4310627,1.2581382,0.94307464,1.1329914,1.459353,1.1958272,0.78124106,1.4175187,1.1391233,1.2792897,0.9975296,1.0442302,0.9944453,1.3712445,1.1165724,1.1836962,0.6624474,0.7685544,0.9929499,0.59712964,0.7670736,0.62688935,1.1871554,0.6817641,0.9116387,1.0435793,0.9998727,0.8637172,1.2020397,1.1826632,1.1306719,1.4349114,0.6423713,1.427599,1.3271861,1.4230427,0.7568256,1.2825017,0.6952605,0.7796626,0.6893368,1.1764898,1.1769722,1.1917166,0.8550552,0.82060933,1.074589,1.199543,1.2329828,1.3544964,0.7337607,0.9943432,1.4066145,0.45031214,1.2672273,0.9898856,0.7696525,0.88367933,0.92024,1.2803769,0.7250562,0.48572654,0.6893877,0.41484785,1.1938238,0.8427371,1.1771613,0.94206524,1.0884397,1.2078848,1.3957136,0.64594644,0.86445636,0.4598199,1.2013079,1.42667,1.3339292,0.68786454,0.6681611,1.2623167,0.66793716,1.0017058,1.1190566,0.8781726,1.3389366,0.5701457
bib,0.315812,1.1213244,1.2487265,0.7019074,1.1918924,1.2350254,0.6056924,0.71416,0.56982917,0.5714249,0.9502281,0.8733443,0.0,1.1717789,0.36112916,0.75255674,0.7083914,1.5033865,0.6912858,0.7319623,1.1011431,1.3183734,1.1763091,1.1465728,1.5339153,1.4021832,0.99984056,0.9754581,1.101496,1.3649536,0.80362034,1.0634496,0.9147637,0.7559351,0.8784442,0.84385246,1.5265725,0.73604494,1.4857633,1.1976317,0.72660875,0.7465404,0.9130976,1.1323984,1.3209351,1.0244671,1.1641306,0.9413508,1.169668,0.8866292,1.1906374,1.0365107,1.4205979,1.436102,0.97096163,1.3619074,0.8578671,0.7816072,0.6991805,1.4427592,1.090836,0.7756182,0.88217366,0.91342455,0.62589663,1.4168863,0.97895265,1.0273224,0.70310414,0.6584734,0.8496386,0.6342782,1.0562798,1.2304205,1.4917568,0.91047704,1.0094839,0.92847925,1.2190484,0.40096617,1.3221817,1.0202978,0.74043375,1.3408785,1.0854961,1.2336946,1.0047044,1.2448654,1.3478664,1.1454732,0.48434108,0.83998877,0.4348849,1.4533724,1.432333,1.1657373,1.2784812,0.67124665,1.3137596,0.8063681,1.0970318,1.2590818,0.95709133,1.2703724,1.3751314,1.0161953,1.0638134,0.87367475,0.76820654,0.6714438,0.81191874,1.3993561,0.8354215,0.7989316,0.9672524,0.5828575,1.3615495,0.76491725,1.3865345,0.9527644,1.4152672,1.0698197,1.2337606,1.0132574,0.71238816,0.49922478,1.2079589,1.2586708,1.2866468,0.5820098,1.0654638,0.86727834,0.5775868,0.87112814,1.1212991,1.4570887,1.4470322,0.9082612
bird,0.98172605,1.1253775,0.90697855,1.2417458,0.89872813,0.902378,1.1151379,1.1394694,1.1430581,1.2720969,0.89179844,1.2396884,1.1717789,0.0,1.3269819,1.0697998,0.9966058,0.9075584,1.1244298,1.1316859,0.9189571,1.0242453,1.1166513,0.2920993,1.0823231,0.9626076,1.102968,1.0236111,1.1901958,0.7975662,1.2209215,1.1748073,1.095873,1.0502493,1.2613807,1.0630728,0.8422198,1.1747432,0.9264602,0.7718247,1.0394773,0.87644386,0.86829966,1.1822809,1.0859809,1.0126274,0.9526135,1.1116151,0.985097,1.0704365,1.095249,1.033178,0.7184443,0.84395003,1.1340466,0.8085038,0.56426823,0.75241363,1.1238794,0.8117452,1.1500416,0.96732974,1.0906707,1.0117482,1.2163007,0.87718517,0.88027596,0.7057481,1.1716418,1.2080104,1.100884,1.2623016,0.9501163,0.9985142,0.8139231,1.1082313,0.98671746,1.0351462,1.0278871,1.1990919,0.8237959,1.0279526,1.0648993,0.9905583,1.0741372,0.9691205,0.98879987,0.9335201,1.059306,0.7458296,1.2744926,1.3078411,1.051926,0.87151814,0.8783867,0.99468803,1.1242081,1.1251011,0.80281293,0.96965617,0.7033409,0.84328806,1.0701789,1.0250641,0.92757833,1.1823151,0.6019528,1.037352,0.7449133,1.2074324,1.068814,0.84408414,0.88115776,1.18433,1.044025,1.1884344,0.9525496,1.0505391,0.877645,1.1577448,0.8514115,0.99776995,0.84595835,1.0782351,1.2240044,1.2446684,0.8616331,1.0666307,0.96035403,1.1432775,1.1534476,0.9059595,1.1859967,1.0136784,1.0469778,1.0006446,0.8866623,1.1554471
blanket,0.46978045,1.1164181,1.3992333,0.53331405,1.3350528,1.2720258,0.81082845,0.7781234,0.5519576,0.257051,1.0489817,0.47659045,0.36112916,1.3269819,0.0,0.7336866,0.9338298,1.4884315,0.86519295,0.85337347,1.2093443,1.1554327,1.2268624,1.3425425,1.2849236,1.279112,1.0779138,0.7598795,0.79402906,1.4844832,0.5450747,0.856596,0.7951306,0.9960547,0.4824642,0.95566076,1.5114545,0.5868822,1.4553609,1.2460916,0.870982,0.76344883,1.1379101,0.9002273,1.1952499,1.1520746,1.3329382,0.7008689,1.2236633,0.88198,1.3167412,1.0484335,1.4762964,1.4099774,0.86936116,1.2833881,1.2249987,0.99898493,0.7268894,1.4753904,0.9734231,1.1967711,0.892116,0.98438656,0.82257515,1.4631407,1.0540617,1.134243,0.7264029,0.4678849,0.9926493,0.32158524,1.0835481,1.0509372,1.4407699,0.62355155,0.96820205,0.99420273,1.2018099,0.4968623,1.2943077,1.0992188,0.94754815,1.4194636,0.8386564,1.3881284,1.1980785,1.3508897,1.205869,1.3072603,0.23604482,0.5858838,0.5886986,1.3731258,1.3824539,1.1746391,0.8284412,0.67063075,1.2815397,1.1085545,1.2165034,1.4005328,0.76276267,1.238625,1.4135672,0.77651346,1.2454877,0.8912191,0.89953375,0.60374814,0.81758773,1.3793296,0.72686327,0.5779175,0.7737131,0.51884127,1.3316904,0.6245859,1.4119625,0.85308856,1.2657881,1.2036713,1.3701859,0.89730716,0.6346245,0.4862135,1.3470559,1.3739237,1.3287256,0.65445435,0.7066175,1.1962146,0.7406832,0.9118603,1.1511078,1.2458171,1.4512358,0.6831932
boat,0.7475146,1.2751956,1.059797,0.91764313,1.1754248,1.1200465,0.9100096,0.59786433,0.7043321,0.6703768,1.1414397,0.70612556,0.75255674,1.0697998,0.7336866,0.0,0.66716,1.1404773,0.69940394,0.5911303,1.2407478,1.0878303,0.81891716,1.1150181,1.0442976,0.808832,1.1583104,1.157612,0.82404715,1.2005775,0.7191217,0.90616244,1.050226,1.0784185,0.8802269,0.9482461,1.0967962,0.5842221,1.1579974,1.178312,0.667451,1.0776713,1.0116584,1.0324682,1.0290859,1.1960926,1.2715191,1.1279249,1.2662143,1.0563047,1.3361816,0.92870086,1.1035372,1.1507857,1.0603487,1.1637965,1.0662408,0.9726931,0.66003776,1.2745963,1.1834135,0.971009,1.110349,1.0802912,0.9964685,1.2428213,0.969572,1.1192102,0.73906446,0.9831278,0.8043027,0.83757263,0.9248259,0.88355744,1.1625679,0.88805723,1.0244575,0.9211017,1.0784912,0.8814548,1.1712313,1.1344767,1.1606301,1.2909486,0.93833506,1.3104631,1.2344646,1.3028274,0.97512305,1.0278728,0.83029366,1.095123,0.69554096,1.1306796,1.1153091,1.1956663,1.1483089,0.89502406,1.0740886,0.8820437,1.1223887,1.1962736,0.88550985,0.98180234,1.3292527,0.8049815,1.1490729,1.060348,0.7277039,1.0613233,1.0014076,1.2407624,0.9166473,0.79453254,0.7940054,0.5414866,1.2015121,0.8771498,1.0730609,1.0616332,1.0986049,1.2786769,1.2067001,0.6840857,1.0573478,0.64891595,1.0794011,1.3679645,1.2706342,0.7010952,0.9716894,0.84165597,0.5824621,0.66811645,1.0237637,1.006785,1.2157079,0.88652456
book,0.6225796,1.226764,1.019092,1.0323926,1.1078476,1.1066047,1.0006309,0.6298254,0.93050176,0.77389103,1.1296316,0.90098834,0.7083914,0.9966058,0.9338298,0.66716,0.0,1.1463598,0.85875714,0.31478536,1.2496649,1.1768876,0.9737329,0.91444504,1.1898861,0.909719,1.2004147,1.1227303,1.0200475,1.1456237,0.9009053,1.0710671,1.0746256,1.0054119,0.95274884,0.871573,1.0525081,0.65745497,1.1836991,1.0891626,0.83371526,0.8714675,0.61158514,1.0564076,0.91204095,1.1114163,1.2720056,1.1916217,1.2196133,1.006502,1.2727202,0.83187705,1.0668823,1.0863295,1.1214736,1.1349102,0.7653333,0.7543365,0.8360039,1.2526299,1.3149555,0.8622352,1.0676587,1.0654666,0.9945263,1.2001876,0.8427023,0.9041082,0.94629437,1.0739586,0.86588216,1.0790969,0.893307,0.97895205,1.1519682,1.1083397,1.0959127,1.0029062,1.0388182,1.0405252,1.0036957,1.0906533,1.0858543,1.2711964,1.1613252,1.2872667,1.2418851,1.2766235,0.9186163,1.107549,1.0759517,1.1675539,0.26481092,1.0968411,1.0913773,1.0529495,1.309231,0.90699977,1.1011955,0.8345176,0.89430934,1.1843762,1.0622734,0.85548913,1.2919676,0.9512117,0.83921313,1.0004927,0.70042616,1.0925183,0.9544799,1.1738075,0.9496207,0.88653785,1.1137998,0.77802277,1.2263472,0.89302796,1.0838405,1.1010137,1.1740477,1.2081969,1.0922554,0.90040994,1.0820599,0.62801886,1.0540537,1.3272997,1.2529157,0.8628955,1.1747835,0.66486657,0.5421849,0.7806581,0.79098016,1.0999253,1.1591728,0.9516439
bottle,1.5028834,0.88133705,0.78657156,1.373148,0.59467804,0.68895227,1.4456916,1.1579716,1.3582326,1.4332931,1.1691241,1.3082739,1.5033865,0.9075584,1.4884315,1.1404773,1.1463598,0.0,1.0880283,1.2093858,0.8334093,0.66385514,0.6400887,0.80228865,0.52373475,0.7623299,1.1265718,0.9722483,0.9726743,0.28365934,1.3183959,1.1883724,1.2159238,1.2313575,1.3176023,1.2958287,0.23571956,1.340747,0.0812515,0.96331114,1.2823579,1.3455145,0.99793744,1.0878046,0.8042939,1.0810905,0.7085656,1.0180926,0.85606706,1.212861,0.89641964,1.0483531,0.32260537,0.2214477,1.2040633,0.6018542,1.0335672,1.1533582,1.4029899,0.31530768,0.96014357,1.1943502,1.2296911,1.173952,1.4067866,0.3009646,1.1013429,1.1504925,1.3890195,1.2839203,1.1471186,1.4676344,0.9179844,0.97852236,0.28883684,1.3361639,1.1399918,1.1304226,0.73349273,1.5434248,0.71222943,1.1202317,1.1671573,0.33641404,0.8317079,0.702369,0.9967111,0.6251665,0.70535934,1.0334606,1.4608822,1.366122,1.395454,0.25775886,0.2799605,1.0650628,0.73720056,1.3721418,0.62110686,0.88684106,1.0144662,0.67344934,1.0366641,0.76528347,0.53211534,1.1384737,1.130365,1.1224802,1.1880887,1.3414527,1.3187134,0.51560783,1.4246578,1.2566713,1.0435685,1.3963966,0.65194005,1.225854,0.5372157,1.1935115,0.5843375,1.0910543,0.759114,1.1453452,1.3292859,1.4617767,0.67317414,0.696594,0.59160733,1.3950925,0.7989534,0.90998125,1.2476772,1.1438425,1.0249703,0.513928,0.17944324,1.219824
bowl,0.7830749,1.2315005,0.8003392,1.1150191,0.6874992,0.68112457,0.71321964,0.43470162,0.30475718,0.85425365,1.1204454,0.95140654,0.6912858,1.1244298,0.86519295,0.69940394,0.85875714,1.0880283,0.0,0.6728067,1.0013334,1.2244163,0.51712614,1.1346685,1.2326424,1.1182545,1.2382714,1.173311,0.94841886,1.0270159,0.88422805,0.8745557,0.90624195,0.6404093,1.0206723,0.95732564,1.1949214,0.7736794,0.9293244,1.2075987,0.43021655,1.1444691,1.0491698,1.1519525,1.1196008,1.1722568,1.0369867,1.2219043,1.2370554,1.1385825,1.3447722,1.0041753,1.1373111,1.0469439,1.1043916,1.2274817,0.93684494,1.0688201,0.69222575,1.3125182,1.2920954,0.6996722,1.2277542,0.9227997,1.0344738,1.206964,0.9829095,1.1567284,0.8549609,1.1609936,0.4835958,1.1297777,1.1491091,1.1522498,1.0627736,1.138364,0.9307899,0.7838963,0.928815,0.9020263,1.1648834,1.1337854,0.7935424,1.2155774,1.0928252,1.3435405,1.2522554,0.97666013,1.057472,1.150358,1.0954976,1.2215858,0.79383427,1.1745833,1.1665865,1.0032853,1.3586429,0.88319546,1.1554837,0.32587194,1.1309319,0.8316984,0.8216425,0.85467726,1.2909471,1.02448,1.1852927,1.0719731,0.9721672,1.1923887,0.89288145,1.2371597,1.0513351,0.89549595,0.7350876,0.6427205,1.091749,0.9747737,0.90975565,1.1110971,1.1654843,0.94049567,1.0618474,0.9271474,1.1901644,0.5792509,0.6671803,1.3427806,1.2382644,0.8269006,1.155799,0.52255493,0.41243058,0.8908167,1.0673378,1.1611803,1.0959321,1.0669866
box,0.7451545,1.2785093,1.0392069,1.0059745,1.1991405,1.168996,1.0112777,0.24997318,0.67726266,0.6946198,1.1805062,0.6950544,0.7319623,1.1316859,0.85337347,0.5911303,0.31478536,1.2093858,0.6728067,0.0,1.3093562,1.1423558,0.7144125,1.0761999,1.0351064,0.8450426,1.2319359,1.1691134,0.72881556,1.2411613,0.74145794,0.78596395,1.0010177,0.992067,0.7731601,0.8480911,1.1841152,0.47308308,1.199759,1.1717005,0.7628491,1.0203334,0.78653395,0.93704766,0.9046276,1.1808413,1.3353102,1.221502,1.3113368,1.0288508,1.3712776,0.850729,1.2548069,1.1827334,1.0441138,1.2323365,1.013189,0.89368224,0.76665044,1.3809824,1.3122879,0.89727724,1.1046146,1.0870678,1.0088098,1.2757617,0.8852731,1.0206753,0.7957405,1.0624932,0.6910758,1.009766,0.91352177,0.8433425,1.2303066,1.0442337,1.1043881,0.9855945,0.96155345,1.0158083,1.0562421,1.1212523,1.1135262,1.3790232,1.0374991,1.4008946,1.2731695,1.406015,0.8105022,1.1507009,1.0046773,1.1179432,0.4836616,1.2190168,1.2204036,1.1066731,1.2687593,0.96934766,1.0788021,0.91508436,1.0155065,1.2679558,0.8100024,0.8088558,1.3791726,0.7540947,0.98631734,0.9984518,0.74731904,1.112258,0.88576245,1.2441658,0.9123337,0.774917,1.0172954,0.52514696,1.181918,0.9394757,1.0561202,1.0318788,1.2744188,1.2056617,1.0981426,0.6880325,1.0993731,0.5225167,1.0194176,1.4271622,1.3338659,0.76031554,1.0473173,0.6866735,0.40692937,0.8150307,0.8034061,0.95211434,1.261553,0.9238766
bread,1.1863385,0.79113954,0.86470646,1.1458668,0.71340793,0.8442254,0.88901746,1.1605601,1.0682722,1.3351381,0.9954156,1.2300699,1.1011431,0.9189571,1.2093443,1.2407478,1.2496649,0.8334093,1.0013334,1.3093562,0.0,0.9104929,0.97458684,0.92894727,1.0203837,0.9841881,0.94695187,1.1229038,1.0823412,0.8186437,1.3437588,1.0285769,0.94311243,0.88226324,1.2765055,0.96966374,0.9142533,1.3347852,0.84610575,0.7216546,1.0723634,1.0854903,0.96937186,1.1667298,1.0524065,1.0543879,0.67292273,1.0316552,1.0291734,1.136391,0.8294115,1.182856,0.86949724,0.79228866,1.0174576,0.9413892,0.9104998,1.1774211,1.2017982,0.8469111,0.89543617,0.9062935,1.115489,0.33897483,1.0029101,0.74402446,1.1283121,1.006889,1.1943885,1.2171321,0.967817,1.2301118,1.0776521,1.1246591,0.87506473,1.1796832,0.5850508,0.86702836,0.9012322,1.0480523,0.91026765,1.0353414,0.4159065,0.8162476,0.92772406,0.80652416,0.9665566,0.5825472,1.0556397,0.8690596,1.1880789,1.1858698,1.2344068,0.9537073,0.9443748,0.89737314,0.92306155,0.6812526,0.9821212,0.9195131,0.9009054,0.50610644,1.0402772,0.9320497,0.84729844,1.2310373,1.0240848,1.0991787,1.2434409,1.2003515,1.0220188,0.8464861,1.2415148,1.3044838,1.0657322,1.202205,0.8016567,1.2172254,0.5839957,1.0096397,1.0248625,0.9135225,0.91145396,1.1227487,1.1947472,1.3035808,0.7943407,0.82514274,0.92704463,1.1966275,0.9832576,0.97092634,1.2194465,1.220046,1.1887931,1.1248088,0.8396334,1.2461907
broom,1.3546003,0.80664146,1.0308778,1.1087843,1.0415436,1.0539014,1.3395472,1.107286,1.17749,1.1578052,1.0744603,0.968088,1.3183734,1.0242453,1.1554327,1.0878303,1.1768876,0.66385514,1.2244163,1.1423558,0.9104929,0.0,0.77820444,1.0102444,0.41603518,0.7543744,1.0689571,0.7461069,0.64731216,0.6761009,1.1100278,1.0346279,1.1552393,1.2787236,1.083834,1.2350869,0.7152122,1.0521867,0.6679836,0.8437377,1.359232,1.2026746,1.0226061,0.75846654,0.765487,1.0382577,1.0257926,0.810308,0.93371403,1.2075083,0.9486601,0.9155403,0.86055166,0.65208834,0.98078156,0.739398,1.2130038,1.1436011,1.3209375,0.6882567,0.9448956,1.3167486,1.1551151,1.1319971,1.2350504,0.62491995,1.1145087,1.1284063,1.2160422,1.1227132,1.2543726,1.1487465,0.8900958,0.7349035,0.6322988,1.1564655,1.1303885,1.180893,0.7867771,1.3176053,0.84686875,1.1288809,1.1002685,0.84022653,0.6287899,0.81592405,0.96846235,1.0106435,0.70240766,1.0031738,1.2164725,1.0221856,1.2683835,0.7378305,0.7807758,0.9971489,0.61069536,1.2341291,0.736952,1.1009351,1.0778697,0.98494005,0.9520715,0.8874892,0.7841319,0.83597034,1.0125244,1.0072414,1.1394075,1.1557097,1.2002653,0.7376082,1.1546507,1.0958279,0.9341887,1.2350917,0.8104856,1.1829227,0.7401323,1.0209044,0.7500717,1.1524262,1.0188595,1.0078528,1.1558737,1.3245008,0.9452421,0.88811004,0.8538271,1.1249682,0.63076615,1.1885682,1.2283226,1.1608303,0.9485773,0.48960948,0.69997025,0.90926254
bucket,1.2730162,0.89301646,0.7384212,1.3108664,0.8046199,0.77741706,1.1377094,0.6262032,0.8207932,1.2550238,1.247537,1.0369879,1.1763091,1.1166513,1.2268624,0.81891716,0.9737329,0.6400887,0.51712614,0.7144125,0.97458684,0.77820444,0.0,1.0901864,0.5379016,0.71729404,1.179353,1.1542921,0.61184144,0.69302946,1.1571723,0.89356136,1.0495219,0.94947964,1.1456949,1.0738071,0.75456804,1.0396963,0.49379504,1.0419749,0.8657055,1.3142846,0.9420042,1.0404813,0.72155005,1.1171417,0.96124315,1.1774405,1.1985093,1.3536471,1.1188389,1.0099069,0.8447379,0.7562252,1.03809,0.9091654,1.0332077,1.1946638,1.0021764,0.93896013,0.96141005,0.84861994,1.4029307,1.1186475,1.2428795,0.6983297,1.0520959,1.2165196,1.0637461,1.3287311,0.59678966,1.3137982,0.9918937,0.9572786,0.70964575,1.2496743,1.1934102,0.8995721,0.6124638,1.2566199,0.90896136,1.2164954,1.0133588,0.95372045,0.6781611,0.9803489,1.1944113,0.9658484,0.6050866,1.0096521,1.3310118,1.197048,1.1613508,0.8673415,0.9096274,0.9206289,0.85265595,1.2912014,0.92678,0.5591089,1.08682,0.8770267,0.71078366,0.6484019,0.99667907,0.90395486,1.1777292,1.0829424,1.1550071,1.3958328,0.98282534,0.80797136,1.253467,1.2060381,0.7113697,0.97502434,0.71097827,1.2282951,0.56987333,1.0135138,0.89690924,0.979218,0.89753723,0.8706014,1.3839349,1.0825132,0.47428966,1.0721632,1.0497496,1.0965405,0.75489885,0.57661915,0.72909427,1.0544124,0.9480539,0.6429623,0.7178807,1.220212
butterfly,0.9841012,1.0679946,0.88170636,1.253686,0.8208965,0.8747885,1.2442923,1.1156065,1.2369058,1.305059,0.9438819,1.3324054,1.1465728,0.2920993,1.3425425,1.1150181,0.91444504,0.80228865,1.1346685,1.0761999,0.92894727,1.0102444,1.0901864,0.0,1.0512747,0.9523696,1.2071389,1.0557467,1.1803901,0.697609,1.243935,1.2194159,1.1354574,1.0720628,1.2954333,1.1377373,0.7947333,1.1974822,0.85073435,0.76990914,1.0354848,0.8799583,0.820096,1.1959071,1.088673,1.0371183,0.978726,1.1266094,1.0760163,1.122302,1.0782528,0.9723702,0.68849885,0.69533175,1.1369982,0.8193417,0.5288983,0.6861417,1.1803133,0.79191005,1.2104809,1.0118138,1.1761101,1.0362654,1.2333536,0.8410777,0.8138408,0.6802595,1.2735107,1.2184105,1.0803092,1.3703669,1.0056107,0.9788875,0.7091521,1.2155641,0.9772094,1.135946,0.9977607,1.295537,0.70020694,1.0345141,1.03314,0.95891726,1.0774472,0.9261461,1.0490535,0.95048296,0.96108836,0.7799437,1.3257608,1.3785543,1.0374613,0.8204036,0.8286889,1.0699675,1.1305352,1.1528578,0.70257056,0.971835,0.6230439,0.8368466,1.0632513,0.92046493,0.9338914,1.1751626,0.5263324,0.9659226,0.7970724,1.2117783,1.0880069,0.87045753,1.0211972,1.2123709,1.1341125,1.2621571,0.93827426,1.173562,0.8821767,1.144494,0.8889304,1.016991,0.82716614,1.0995445,1.2214617,1.2772808,0.85676146,1.0592768,1.0019237,1.2572849,1.099799,0.8514182,1.2094924,0.9276914,0.96302545,0.94986546,0.8059295,1.1788484
can,1.5611026,0.9004606,0.97760737,1.1610951,1.0436343,1.0022045,1.4582567,1.0221474,1.2056639,1.2583716,1.2325631,0.8236893,1.5339153,1.0823231,1.2849236,1.0442976,1.1898861,0.52373475,1.2326424,1.0351064,1.0203837,0.41603518,0.5379016,1.0512747,0.0,0.5489812,1.090265,0.83821946,0.49449497,0.62313896,1.0537087,0.8067908,1.0590985,1.33234,1.0081472,1.2071396,0.578863,1.0592101,0.47255474,0.8880413,1.34778,1.3334521,1.1103367,0.5557504,0.60704005,1.1120088,1.1378131,0.8753433,1.0521014,1.2778051,0.9797254,0.9439614,0.8356817,0.5947263,0.9932909,0.6197085,1.3706746,1.2538602,1.2269883,0.7231205,0.9550069,1.3458393,1.2541823,1.1555967,1.3125936,0.6317991,1.1718209,1.205281,1.2119181,1.2152159,1.1287192,1.2270797,0.6863102,0.5658578,0.44253957,1.1375539,1.1369237,1.1587174,0.6409047,1.457202,0.8124611,1.1683844,1.2712774,0.8613467,0.4293878,0.8670397,1.0654202,1.0503821,0.33112884,1.0047929,1.3136928,1.0327145,1.3489265,0.5899895,0.63898855,1.0444202,0.5084684,1.268276,0.64435637,1.1432043,1.1393104,0.9619368,0.78763306,0.71406984,0.8404771,0.50724137,1.149467,0.9802146,1.1571882,1.3065394,1.2447652,0.6393546,1.1750151,1.1079638,0.8276481,1.1626786,0.8015135,1.2663748,0.60628736,1.0302556,0.6097747,1.1373346,1.0319158,0.77508146,1.2956591,1.3717854,0.8460546,0.94593585,0.89653134,1.2106786,0.45625,1.2068522,1.183662,1.1769572,0.91101694,0.28636205,0.6392188,0.86241287
car,1.3148041,1.044026,0.95167494,1.2502244,1.0356983,1.0210372,1.3267443,0.894807,1.133122,1.1285664,1.288895,0.95161295,1.4021832,0.9626076,1.279112,0.808832,0.909719,0.7623299,1.1182545,0.8450426,0.9841881,0.7543744,0.71729404,0.9523696,0.5489812,0.0,1.204653,1.1350154,0.5618504,0.8738697,1.0161376,0.8941135,1.1946987,1.260608,0.9836541,1.0562762,0.8218636,0.88540184,0.80084527,0.84658504,1.1222332,1.1217101,0.8336973,0.8053568,0.7668307,1.21255,1.1131965,1.0988026,1.23194,1.2100981,1.176578,0.7267026,0.8621079,0.6866996,1.1110027,0.8866564,1.044539,1.103488,1.0402457,0.9531671,1.0876268,1.1705186,1.2272872,1.0375246,1.31143,0.7892984,0.8486679,0.93935794,1.1590548,1.3014307,1.0532178,1.2684914,0.9228556,0.52545017,0.7341964,1.1802237,1.0543641,1.1654547,0.791149,1.4026004,0.5722524,1.2123784,1.1662097,1.0763667,0.7893912,1.0942672,1.2101873,1.1586578,0.60934293,0.84359795,1.2937243,1.1401597,1.1701944,0.8573338,0.8951736,1.0141084,0.7628379,1.1660376,0.7212177,1.0661883,0.8725994,0.9953814,0.75611544,0.66417825,1.0042903,0.81665975,0.9077969,1.0728897,1.0342224,1.3575001,1.1882395,0.73382574,1.0403892,1.1008663,0.85791826,1.0896832,0.93803465,0.99077594,0.7374654,1.1426289,0.7363281,1.1648774,0.9931895,0.652238,1.3296372,1.22802,0.9491892,1.1621652,1.11639,1.1532153,0.8176584,0.93528074,0.94897634,0.97113794,0.5471379,0.6545598,0.8668946,0.8332243
carrot,1.0679859,0.78875667,1.0207294,0.71840036,1.2169472,1.2454095,0.65620404,1.2774315,1.2289916,1.2318705,0.72243315,1.1307476,0.99984056,1.102968,1.0779138,1.1583104,1.2004147,1.1265718,1.2382714,1.2319359,0.94695187,1.0689571,1.179353,1.2071389,1.090265,1.204653,0.0,1.0443034,1.2725605,1.207971,1.2121136,1.0454108,0.8862632,0.7851859,1.1284354,0.6210395,0.8700078,1.2894068,1.1724012,1.0399692,1.1356429,1.1555811,1.1094346,1.1253828,0.89645326,0.7138913,0.7348678,1.0719984,0.6629503,0.99627745,0.52533215,1.1509913,0.9648433,1.3230188,1.006767,0.8772241,1.0642294,1.0896909,1.0736729,0.85471284,0.68102145,0.7055278,0.895585,0.9763463,0.61330897,1.0719999,1.0481355,1.0008117,0.81043005,0.9818959,1.1477063,0.82697797,0.77723354,1.1641306,1.330086,0.95905554,1.0335791,0.6865171,1.1596886,0.8021945,1.3240914,0.81463873,0.9645764,0.7885553,1.0490215,0.63623905,0.68050027,0.658445,1.3169177,0.80718285,0.9096759,0.7273493,1.1060355,0.97955155,0.94415206,0.6495895,0.9936106,0.99603933,1.2632166,1.137009,1.1364094,1.0577867,1.3001356,1.2899334,0.8127042,1.17569,0.9882615,1.1351323,1.0109103,0.91870314,1.0227625,0.8806037,0.83431077,1.1855575,1.1179515,1.0986426,0.9249607,1.0854565,1.0491256,0.9704592,1.021925,0.7997455,0.86337775,1.2146693,0.9207925,1.1812854,1.175982,0.61282015,0.6184638,0.67843026,1.1414021,1.2052449,1.2165354,1.1454207,1.0542876,1.2713104,1.0664009,1.136442
cat,1.029174,0.99440926,1.2425022,0.8663336,1.1440345,1.13869,1.1643853,1.167331,1.0422456,0.92476916,1.04492,0.93887705,0.9754581,1.0236111,0.7598795,1.157612,1.1227303,0.9722483,1.173311,1.1691134,1.1229038,0.7461069,1.1542921,1.0557467,0.83821946,1.1350154,1.0443034,0.0,1.0366635,0.9162026,0.9970384,1.1223007,0.92340577,1.197645,1.0433109,1.1679747,0.90585315,1.0399617,0.89355105,0.97921497,1.1928397,0.8769194,1.1845137,0.86208236,0.9973447,1.100922,1.1706709,0.32247996,0.9179237,1.0502951,1.073341,0.9136967,0.93306136,0.92552876,1.089088,0.6999002,1.1409338,1.0255876,1.119075,0.8506513,0.94799197,1.2946832,1.008527,1.1870954,1.0531348,0.98564214,1.0560911,1.0392542,1.1680342,0.7080426,1.3324542,0.8474488,0.835076,0.9795481,0.8267733,1.0942923,1.1083603,1.0610812,1.0539463,1.031483,1.0599172,1.0677667,1.1952369,0.9425794,0.90454435,0.9653992,0.9983322,1.0742928,1.0136526,1.2037286,0.8065592,0.75879943,0.9732136,0.74758005,0.78760237,0.9738227,0.7722617,1.0382669,1.0518386,1.0673944,1.1294076,1.1757799,1.0117204,1.07547,0.8955673,0.89058554,1.1398851,0.8627832,1.0189725,0.8093215,1.1795309,0.86524373,0.97169167,0.93964803,0.86037767,1.1203902,1.096639,0.8179781,1.0468887,1.1036745,0.718026,1.1093457,1.1409266,1.2595053,0.8658581,1.0736244,1.1356444,1.0295386,0.8435833,0.90275794,0.86021143,1.3653622,1.0918096,1.06593,1.0180417,0.8829291,0.9118874,0.689839
