,alligator,ankle,apple,applesauce,arm,ball,balloon,banana,basket,bathtub,bear,bed,belt,bench,bib,bird,blanket,boat,book,bottle,bowl,box,bread,broom,bucket,butterfly,can,car,carrot,cat,chair,chips,clock,closet,cloud,coat,coffee,comb,cookie,corn,couch,cracker,crayon,crib,cup,deer,dish,dog,doll,door,drawer,dress,duck,ear,egg,elephant,eye,face,finger,firetruck,fish,flower,foot,fork,frog,game,giraffe,glass,glasses,glove,grass,gum,hair,hamburger,hand,hat,helicopter,horse,hose,jacket,jar,jeans,knife,ladder,lamp,leg,meat,melon,milk,mitten,mop,motorcycle,mouth,muffin,nail,napkin,necklace,nose,orange,oven,owl,pajamas,pants,paper,pasta,pastry,pen,pencil,penguin,pickle,pig,pillow,pizza,plant,plate,pony,potato,pumpkin,purse,radio,raisin,refrigerator,rock,rooster,sandwich,sauce,scarf,scissors,shirt,shoe,shorts,shovel,shower,sink,slide,slipper,snow,soap,sock,soup,spoon,sprinkler,stick,strawberry,stroller,sweater,swing,table,tape,toast,toe,tooth,toothbrush,towel,toy,tray,tree,tricycle,truck,vacuum,watch,window,zebra
alligator,0.0,0.9981956972013917,1.0466422328593068,1.0084236986410575,1.0120526579076399,0.9937477981703927,1.056457778258533,1.0373766017804202,1.0284246443354241,1.0737411135805186,0.9069910249778271,1.0035163276557664,0.976490094129466,1.0802271095621447,0.9975749634694173,0.944379612971255,0.9983548178467434,1.0243220656515122,1.0303548879562,1.0488198625623997,1.0784498026424008,1.0092928124313574,0.9777287519933474,1.0413297180541736,1.0483166695123634,1.026428239961448,1.024448536934161,0.9691626307012347,1.0169754672397615,1.040234992739523,1.093594604416797,1.0189494940420174,1.0182901451530506,1.0892254620383293,1.0314572440003356,1.0319599727874949,1.0523562895391347,1.043945299128516,1.033243802205002,0.9288868027132483,1.0357261328941316,1.0362480379829517,1.0010343518002363,0.9816829058822757,1.0992589339640952,0.9736224201829821,1.0885139730365594,0.9680655510573982,1.0725067599723528,1.0090354674772182,1.0505196015148694,1.0417310074824278,0.8689476899767251,1.0509409791201283,1.0299315922564107,0.818999363041323,1.0296865218273155,0.9970394129096902,1.0811884976678308,0.976218049344847,1.0922562031559755,0.8813662644116286,1.0267447588295253,1.0616152962484768,0.8769344152874408,0.9780192521783287,0.9112202445225066,1.0964992139724867,1.0301678937017493,0.9467230468977648,1.0310092070786936,1.0403913050146938,1.0868444826023944,0.9595078339164325,1.0526191126565452,1.0249606537329161,0.9663142062025275,1.023017991597578,1.0024837791199397,1.0325192071330485,1.0334624333882496,0.9451714713259709,0.99515906133897,1.060096417952293,1.0128135912595515,1.014285680412976,1.0006146502171906,0.9437740748527336,1.031024691234676,0.9716089798495892,1.0335776608653935,0.9786055035220073,1.0236299930354007,0.9823368388655105,1.0188692216782407,1.0463397949617652,1.0112378661630197,1.0593488924550418,0.9673324596428967,1.0119292572460856,0.9184877803354503,1.0159321574290432,0.9816870795291219,1.0439966911720782,1.0223903803144345,0.9290063893804398,0.9337984948025355,1.004997300104296,0.9099132520533874,0.9754420179135201,0.8423123407780557,1.0244678967065015,1.032057542360752,0.9357467627590202,1.0803198429048744,0.9979319349870074,1.076975077426322,0.9564911426806159,0.9795755159155253,1.002688521047878,0.9670971274710423,1.0236889672706702,1.0679183559996963,0.940813639105668,1.015759272814463,1.0303920003096576,1.0176799707330673,0.9781937213149176,1.0275495267650387,0.9288424982931256,0.9699364915467081,1.0343865953677682,1.077893207389973,1.043066037405452,1.0115162120058103,0.9445232471240803,1.0473999599136143,0.9992500213141934,0.987626874086476,0.9965343090473191,1.0600964965430018,0.9266333113038431,1.0116582947686583,0.9739554288387114,1.0204672247105995,1.0249434487804436,1.0292331869478049,1.0654473004470395,1.042071438648306,1.0391381838764537,1.021097540257525,1.024103322000374,1.011265611035384,1.0009239729506223,1.0059548104800171,1.0585163051204025,1.015173283990521,0.9412260706352745,0.9923206043847795,1.0218087550464496,1.0041453783461038,1.0702990525769986,0.8833445175354474
ankle,0.9981956972013917,0.0,1.0386342513288733,1.0760759158286168,0.8874109716668315,0.9734250373696874,1.0278125496598736,0.9883254376122586,1.0687887447325677,1.0283270127112205,1.1009837904456035,0.9949393684063973,1.0308631338622958,1.1120365306638835,1.092205136935573,1.0857680567544752,1.0368513307852054,1.055085865479965,1.0629060632806555,0.9628230641534947,1.0616414922988096,0.9705482561682847,1.047543747000092,0.9699757021231773,1.0506344068499605,0.9720022993172605,1.02446479594141,1.0284573964457056,1.0567961517508269,1.0172672907118483,1.0135647104719505,1.0776458210539726,1.0249221035971243,1.0916664612879674,1.0141348744246887,1.1072639817776642,1.0144984668177879,0.9614892487704477,0.9988676137204918,1.090444499274418,1.072597970719496,1.0271140406924764,1.020834140461627,0.9770813198346717,1.0325623849856498,1.0633987902689495,1.1126476004021912,1.1195284783974142,1.0340063751471984,1.0737382207288344,1.0054418104650782,1.0765874757710654,1.0917098759329806,0.8396196130203708,0.9756812572750717,1.0398899857279233,0.9107720925559474,0.8887443337222226,0.8207658992185809,1.1027949731626567,1.1066702906776185,1.0586711058432487,0.23452678660435766,1.0514115427367017,1.0422174899339023,1.0124780958724797,1.0437020290023222,1.0259786845398544,0.9894929413886628,0.9961705374324288,0.9700674035976927,0.9776397889749796,0.9546015966745718,1.0292164672945472,0.7402642198992655,1.0484723073360667,1.021630458152933,1.0496090528504773,1.056097051253648,1.1147880133560746,1.0176205161722822,0.974337527886377,1.0703029987971366,1.0669282558114304,1.0225811043050959,0.5991976688357608,1.0070837581943113,1.0051560428105388,0.9715943185679748,1.0400386254984058,0.9942871088955901,1.0351851395679028,0.8577481953689791,1.0322386615683117,0.9869726733719784,1.017005388564742,0.9036698156903497,0.8199311966107361,1.055651472766739,1.0823529911489813,1.1284315436295351,1.02268096196045,1.041679341260909,0.9693211179282456,1.0352446506977766,0.9985876111369567,1.0456839471020414,1.0471495478686164,1.0500026271414653,1.0701756544519019,0.9863887499681665,0.9466742996149325,1.0735756747709184,1.0574382279585637,1.0926225762948154,1.0921972385096699,0.9762554153573579,1.015937969724932,1.0516183011298745,1.057361548367708,1.0544643727670437,1.096800250757155,0.9786929752065425,1.0459497793717756,1.068988079484734,0.9663014700601161,1.0677250692087652,1.0499301630201852,1.0246815607609254,0.9389161648432163,0.9329343119548801,1.0276310649320772,1.053649649138358,1.0789033945675315,1.020075503771543,0.8869553922923963,1.0028706595004184,0.9220597208499405,0.515288771293766,1.063614600197262,1.0016315151994288,1.002827971380016,1.0080972299620903,1.0228689339793229,1.0351125232342833,1.110780100703251,1.0247744102609966,1.0095589622692809,0.9529450438932981,1.1073814745596777,0.4065627697036108,0.9658811240560432,0.9657398840449615,1.0258548614200127,1.0554116406780971,1.0403737667454755,1.089798614086986,0.9943943833319409,1.031293572109359,1.0288191140411183,0.9235785645107799,1.053227537540082,1.09005045044247
apple,1.0466422328593068,1.0386342513288733,0.0,0.9153167249294055,0.9958580494823309,0.9163808506556266,1.0040512658607348,0.9085056084595049,0.9813816274344579,1.051736976225546,1.0492691954587834,1.079272484061989,1.0122859818581396,1.0573454814810035,0.9925992970088533,0.9921054875914023,1.0322796015709785,1.002106871658081,0.9761105912102337,1.0016427960249004,0.9930922310714265,1.0610953166104469,0.9684757569155987,1.0519298572451639,1.0494552575875724,0.9667667303618694,1.0062997982276283,0.9741414121046795,0.9667252491623538,1.0198700471684283,1.0922914934200068,0.9474833348173389,0.9683999694344548,1.0300377191755448,1.0273756844706068,1.0936705457842146,0.9865056365609985,1.0161392117295032,1.0038743997136514,1.0004961601080102,1.0066572502566957,0.9621357174932147,0.9956781666736357,1.0302230306481883,1.0046685779577986,0.9861052714209894,0.96778559081404,1.032158072364827,0.991225933946039,0.9812888438965038,1.0207373961814392,0.9818950302094874,1.0797831515129566,1.0160255147064337,1.0234464674500896,0.9635397550949402,0.9718655787159804,0.9857299428779771,1.0604224620719633,1.004355152818109,0.9833303200467824,0.9149463063346464,1.0780295951635532,0.9984344237477121,1.0619129965256382,0.9895914311115799,1.0063593493564829,0.9918749025821529,1.0423590365126514,1.0188592437017767,0.9707698656199102,1.0134401256973269,0.9889219851854189,0.9948419365347364,1.0125155289212213,1.0096375790201575,1.0468824550567406,0.9775194768726918,1.00457984705111,1.0834212522614817,1.024866262317977,1.0322223945617524,1.048497192953794,1.0194940524048848,1.025797849071549,1.0410556227462717,0.9598684333358285,0.8620221206209941,0.9815858800904114,1.0126056186886963,1.034685975817497,1.0614358142052276,0.9678346847375927,1.0173354828600338,1.0248573474790248,1.0144485323647159,1.055384421525651,0.9616786292593892,0.8904279231241232,1.0660388190849015,0.922110853778491,1.0589650728304314,1.0605813047647799,1.074547571231275,0.9854277547503864,0.9297047186420575,1.0401148955969681,1.0055836517181231,1.038871679357088,0.9885170899280611,0.9869040608314951,1.0196942048204172,0.9889092661651324,1.0540777163932196,1.0207699636903143,0.9706534890692008,0.883834971410202,0.8720922956079445,1.0246888755582635,1.04329913126277,0.9666515308719346,0.9805665473027291,1.0123647454971083,1.004551168542189,0.9439092542578152,0.9740878512738562,1.008498086399791,1.0450686513344678,1.0683920934193125,1.0641809919993028,1.035536056580311,1.042329431343563,1.0962581010803476,1.0417342255567081,1.0333683453404494,1.095450713867802,1.0552888646157352,0.9929598379358363,1.0304014463560824,1.0290720241022184,1.050383200875423,0.9730638378300673,1.0535574942000916,0.8394365069728439,1.0399556711761444,1.035852776535883,1.0088536253135914,1.0758989150779616,0.9348202700141458,0.9327680036937256,1.0563895688615579,1.0030697496161185,1.056088568431384,1.0181976504549188,0.9985536150682776,1.0055562861987777,0.9957290123454998,1.0228410435453932,1.0060410224046112,1.0200447980754765,0.9731897795602095,1.052293436410256,0.9719344203226865
applesauce,1.0084236986410575,1.0760759158286168,0.9153167249294055,0.0,1.0111164241755122,0.9738339629271396,1.0508213179881964,0.9828723609680424,0.976641575656501,1.0536059303236227,0.9654629918681953,0.9933685318953605,1.0197964932703323,1.027478974877849,1.0194059077620807,0.9672841813978695,0.9974057962740721,1.0293007485383332,0.9868503062906534,1.0885191708830733,0.9382455396053222,1.015277608341438,0.9855028121231832,1.0325778940538985,1.0438388096746478,1.008411398413423,1.0551632207844255,0.9758335558528798,0.9959659166449992,1.0307076380315412,1.0516400118640885,0.9044119055412692,1.0395291544794254,1.0160218730156563,0.9959535687236566,1.0085235372171313,0.906056866365673,1.0036818183631127,0.9556505377006087,1.0461711959069555,1.0210979510269351,0.9860402062303721,1.055231346440993,1.0372690099965003,0.9999194400040858,1.0172745717612999,1.018742477801522,1.016840334648675,1.0118599758677522,1.0170124355117716,1.0136719605920896,0.9575247562259123,0.983777719794434,1.0024764695552004,1.0782531320668896,1.0064346971626708,1.0427713045786486,1.019524511908939,1.033819272448019,1.0117694409157199,1.0389706940299668,1.028487369272117,1.0536581128696325,0.9818791410104742,1.0086437963094268,1.0213060593727599,1.0614349042729043,1.040237239210939,1.0226291429902672,1.0352503529125312,1.0416933765107201,1.092725198991472,1.005895089439864,1.1074735171178172,0.9914405509034518,1.0318175261661595,0.9736328602303362,1.0693214860899043,0.9806856221622674,1.0097445062499593,1.011760556794412,1.0828203527545892,1.0292569057718528,0.957241322081344,1.0513954683906548,0.9964897834618877,1.031806315565209,0.9457828879316997,0.7146982432165636,1.0090098573269046,1.0728465688174418,0.9707712824137512,1.023424832493842,0.8892089952899616,1.0530288913794354,1.0180554272399982,0.9799552906345459,0.9872491410442609,0.9698832731202509,1.0148481671452183,1.0178530907837355,0.9549791114828918,1.0191945360610417,1.0378316040096582,0.91316121328634,0.9107968150672048,0.9871357829186513,1.022675346566305,1.0880225840794358,0.9024667753211995,1.0421026504211948,1.006449386090231,1.0541580195091178,1.0194070856547637,1.0161096560780154,1.0528693682291508,0.9827856902296497,1.0400951353575392,0.9974651738618826,1.0126790459345985,0.8357647242919075,1.032246194393623,1.0709944341487143,1.002616600710685,1.082381265820142,0.8844947924190028,0.9958955384891781,1.0598139898931276,0.9873146563132879,1.03517212276638,1.0406033841813909,1.0461186207244721,1.071825914453968,1.0358290063349103,1.0240748024936228,1.039171534451467,1.0004031511265907,0.9419726259466782,1.0535748006746353,0.6811196307577648,0.9667040489939941,1.056192363485048,0.9641256171787718,0.9977520963641441,1.0127331555751502,0.9783376247833095,1.0263321743290021,1.0108822236230957,1.0986575456704173,0.8763843000191478,1.0777278914960222,0.9894990880930717,1.0419104220029056,1.0557919383699164,1.0147351931451898,0.9882332690564335,0.9281978841506259,1.010748507608789,0.9951515825658837,1.0098627012697137,1.0503591153573375,1.022012293672084,1.052469675873306
arm,1.0120526579076399,0.8874109716668315,0.9958580494823309,1.0111164241755122,0.0,1.0127787424447057,0.9595312504030904,0.9922501736783645,1.010443177534045,1.0769628633494062,1.0038396672011016,1.0335842574822118,0.9222716690672722,0.9828439527375408,1.026941576915583,1.0461315655980026,0.9385618109070406,1.0631046425317394,1.0381242724212076,0.922830032409516,1.0032757775778705,0.919788618109733,1.0338035396637526,1.0155484834604314,1.0117708481505865,1.0054606540360498,1.0249598968752456,0.9933177154110134,1.032638594264733,0.9531912648409323,0.9693869899249465,1.0569682560050735,1.0219017799864083,1.0236032829883706,0.907148163214331,1.0249994812228465,1.0587723162642908,0.9776962427365303,1.0444723169268837,1.006146170170195,0.990808321233359,1.03371048008992,1.0827200516093147,1.0538750362979619,0.9903803912926256,0.990078692806727,1.0541253002525708,1.013785801057827,1.0102330030445268,0.9843503037624517,1.002613019644837,0.9853918358181918,0.9964959181072932,0.9611402550095701,1.0230789237161886,1.0333982637611934,0.967268106423754,0.8579654978114076,0.747685248519361,1.0217352595922449,1.074305874287611,1.0216099268501522,0.9323833080407488,0.9811378682067706,1.0823848175066968,1.0257286790619526,1.054893898148772,0.952031650916979,1.0006296397976402,0.913363041412997,0.9864109453082408,1.0194801926810035,0.8555436354162576,1.0497816824940105,0.6566643159140864,0.992878382797721,0.9738326521264639,1.0095086927585668,1.0136039439932607,0.9877459533277941,0.9499294594066054,0.8955846809227965,1.0174658756560002,1.0192903198810972,0.9765573013336648,0.6847527160746294,0.9804822567911966,1.02770521503468,0.9799346424144777,1.007337124307363,1.0247382099462137,1.014664592577953,0.9932899729409841,1.0262227336683492,1.0585511185050447,0.9692935111393333,0.9598204940223621,0.968368597677614,1.0207785264900011,0.9838561208792936,1.046812247522731,1.015400016859252,0.8516256665388131,0.9396028513800717,1.061642452227025,1.0263692438027539,1.009019847918277,1.0778698425050195,1.0960562790430275,1.036585289259232,1.0618348703839986,0.9211363376142938,1.0180119059801898,1.038223721899218,1.0044749814177922,1.0871982605965524,1.0195927095921762,1.0342945033372883,1.0240152150702007,0.9849345497085653,1.0264021035583026,1.009944370297956,0.9902618859355508,1.0363075326339253,1.0625014432719366,1.013150407607147,0.9364754310862788,1.0690055396208844,0.9447696840318657,1.085519463234166,0.9322864538987485,1.0894172783762164,1.057015344206749,1.0372399560801748,1.1136526983997606,1.1232484343344857,0.9796039477003801,1.0079833690396431,0.9887765512444247,1.0436791440913533,1.0078042473500863,0.9972285565027221,1.0159727626240327,1.06614371690508,1.0626505432502058,0.9464283447503317,1.0372445997355406,0.9807177604047965,0.9581609236599004,1.071236541423417,1.0828224663883925,1.0625108508779189,0.9778511863946087,1.0035525464947475,1.0883163454102192,1.0101836309040382,0.9955642368182119,1.0271980178000004,1.0039323163759144,1.0453892305340216,0.9760054106109025,0.9336606693719243,1.0407571837869303
ball,0.9937477981703927,0.9734250373696874,0.9163808506556266,0.9738339629271396,1.0127787424447057,0.0,0.6572280315301062,1.0810751288948914,1.0031554194734555,1.0532409068066733,1.0414076490752933,1.0749013734532034,1.0637923293222316,1.0074913085014365,1.0392322221671322,0.9862670954505134,1.0211838889927016,1.0610300802955808,1.0326369043021661,0.9863207243626496,0.8580327009207902,0.9651082288188252,1.0189987268329186,1.0815089167041472,0.9111731762952029,1.0541485933263464,1.0012377686069414,1.0065886592807833,1.0147887112813243,0.9997582389821713,1.0400987341607366,1.010379161872362,1.0321263042680284,1.036871855162397,0.9788088633269927,1.016035263581575,1.0936999443796367,1.0399535873555592,1.0144771753410275,1.0240358815118507,1.0371699233822695,1.0224782296633064,0.9175969517322592,1.0097990586027776,1.0387969962036712,1.002941587921942,1.0248559510913386,0.9595802402443273,1.0041740386976352,1.061564961864721,1.0259045274907976,0.9950149867413246,1.0162266123138002,1.0207402387104783,0.7087875898746991,0.9910700180289199,1.0455029907965991,1.0163742387666628,1.0034495319157055,1.0177176077943926,1.0332678728154918,0.982898907893499,0.9349346799651542,1.1057679855648144,1.018312556080282,0.9214448830052984,1.005076919634211,1.0518487205084106,1.0407026322416475,1.0002730232142403,0.9350441779173428,0.9511924552983047,1.0466117500265015,0.9382540886579696,1.0224679890570239,0.981222395790074,1.0241200625230897,1.040160100901592,0.95018133021296,0.9828200557151643,1.0978325812874976,1.055912867810212,1.068595344978195,1.0227246174980749,0.9611219932288089,0.8890984167890639,1.012935308058283,0.8800525211541684,1.0712395372238248,1.0290241669470719,0.9780164326089632,0.9802668769191318,1.0394909776090406,0.99016278804746,1.0344437251244896,1.0324273016481782,1.024849004380134,1.0189887552397396,0.8615146584898694,1.0605212650417586,1.0239369103921117,1.018369907459578,1.0070990123768215,0.9212299562257897,1.004739006645325,1.0314336626051668,0.9775336569281028,0.9683461766973522,1.0027766543525682,1.038490251425923,1.019403097560743,0.9513025687446728,0.9935004105311626,0.9856551420565145,1.0039460932632192,1.0091451421853512,0.9992691885327009,0.9361382783270694,1.022463715000327,1.0545843905333778,1.1739503458945857,0.9938835391980693,1.0234498636247944,1.0214561308844496,1.0481441161739966,1.0243718733812317,1.0432578249416071,1.0048201659146399,1.025217598461463,1.007192369813809,1.0097135007586735,1.0469714139680941,1.0229472845093017,1.0645381406788155,0.956696708595564,1.062559271517829,0.9473172600726579,0.934288794157927,0.9505623759555767,1.0194361955670264,1.0797454065887402,0.9188796630323851,0.9868676607261938,1.0262216917132765,1.013378458192223,0.9931293812491337,0.9570275561146847,0.9642451065363595,0.9045117400023968,1.083583255132886,0.964114049303711,1.0275197680893107,0.9999103950886218,1.0630482240619765,0.897468485767653,1.07297490954444,0.9962878039271833,0.9480497488876409,1.0593478953556597,0.9955126128033909,1.0760601207788947,1.0238719970063666,1.0103501677845301
balloon,1.056457778258533,1.0278125496598736,1.0040512658607348,1.0508213179881964,0.9595312504030904,0.6572280315301062,0.0,1.0229612396221348,1.0282193292016129,0.9964632735950103,1.0795664651812222,1.0006301303038585,1.086022377093267,1.0271664609843798,0.9762061929605971,1.0243690406270678,1.0177194105919023,0.9979233091055925,0.999904033538254,0.9845583774627468,0.9933784474531755,0.9520560716974423,1.085034396797902,1.010010781107846,0.9755003216338378,1.060632642992562,1.0139371432116993,0.9791523808138932,0.9972021861150331,0.9678136550888646,1.0056110403283545,0.9884491425730417,1.0149301161510549,0.9898971031324716,0.9390617603234994,1.0370684776257435,1.0571115391633865,1.0367867194238833,0.9886196707671894,1.0362086958722376,0.9997028042164732,1.0212893638612819,0.9906460304349752,0.9680166269974659,0.9955187562159787,1.0233650577046132,0.9830886531759115,0.9918194996291196,0.971514199776416,0.9748924959605806,1.0381240446913587,0.9318122633716929,1.033608948533894,0.9904907848010305,0.8399738863117179,1.0146599988647862,1.059553916505411,1.057501913676342,1.0043810644120803,1.0110242868026162,0.9738623825808974,0.939613126298905,1.031506656816765,0.9988804952668834,1.0467703478455097,0.9983473493797703,1.001363178568656,1.0429235474477612,1.0314600168167525,1.0317789485773694,1.0358527365633716,1.0372809382625954,0.9460818801120922,0.9943381805283759,1.0386910401106524,0.9447235830585965,1.0089353668311083,1.014987544998401,1.0041191384068135,0.9703018302996321,1.0432975460833525,0.9356273162839501,1.083921376631268,0.958451482057528,0.8787296933850332,0.9552196664370847,1.0892608931373942,0.9512592177620879,1.0373024237312471,1.0571779651211912,0.9983239004061423,0.9759000509947968,1.0801210616718735,0.9706851535876946,1.0653642913955572,1.0181575428466245,0.962919294302207,1.0670906307037344,0.9488465253889848,1.0441192474273409,1.0097377763404118,0.9833946493150022,0.9425049083494901,0.8592230649173158,1.0014932348256573,1.0165562646683288,1.008537017739825,1.0151660936493756,1.0108826916462625,1.048057806310528,1.1098559140145092,0.9259492790868602,0.946751670898883,1.0373588175156128,0.9561433776089249,1.0825063378240631,0.9624369834159572,0.9826918762390899,1.043469132561138,1.0507585514752584,1.0273292240594312,0.9825277231766738,1.017298042092787,1.0704470636425154,1.0103570814562803,1.0244934976135218,1.0082871746130466,0.9819365401046618,0.9534494410496236,1.0566817922511162,0.9900097851723686,1.0278980337613695,0.9979450268375268,1.047586630176121,0.9793525180382636,1.0806013807295993,0.973657739566754,0.9967335169773636,1.0620226353484374,1.088750165206621,0.9893431655467204,0.9395108493640254,1.07800232360004,1.0245419311397106,1.0228995326459502,0.9793130145708147,0.9855276077929483,0.9604024229082554,0.9642593445187858,1.014303740804598,1.0209179289536678,1.013860045980989,1.0159048562008433,1.0927437048194029,0.9540036706300442,1.0127827518692356,0.9393502700868316,1.0138807789307704,0.9973693460669975,0.961900559339165,1.0573795808782107,0.876263402179055,1.0046165227826536
banana,1.0373766017804202,0.9883254376122586,0.9085056084595049,0.9828723609680424,0.9922501736783645,1.0810751288948914,1.0229612396221348,0.0,1.0301419827550464,0.9886386758976351,0.9848368052211977,1.0319227845361432,1.064454856364327,1.0339661253565102,1.030297397861522,1.0678932768442646,1.0582460119724781,1.0301265150393117,1.00219018479303,0.9937101958299437,0.9987875941736823,0.9277662706081495,1.0026291946800265,1.0105883507469282,1.0215061827093985,1.0196307883215656,1.0371471648004336,1.0545338650682607,0.8214272540802576,1.0289214484314864,1.1043691238701154,1.091094771054335,1.0259408801513688,1.0648625517143724,1.0269771712059341,1.0241937477529846,0.9484310252322713,1.0163735003015297,0.9869682651576663,0.8238222476200934,1.0014092140593072,1.0769053260358206,0.9754511298438708,1.028867465704452,1.0025897164356334,1.0714724202380195,1.001835394582122,1.073042444142689,1.1009168010320804,1.0559295292971607,1.048533912695019,1.0503258649974785,0.984361335401069,1.0100171635608048,0.930852307992126,1.030698667859018,1.0314965153207165,1.0295637297453712,1.0235579439185918,1.0408184707018115,0.9968635249279763,0.9648672311842731,0.9336246773268959,0.9857332243938174,0.9967921748189351,1.0870333506135061,1.0255571529209786,1.0029353675933386,0.9721449457482368,1.0293005431808986,1.033847191820205,0.9821040423187475,1.0028018604841853,0.9826778835997261,1.0472693404213842,0.9620188498316536,1.007418058351265,1.0022975071905897,0.9635198770573961,1.05466137234041,1.0335743191944646,1.0757720384230174,0.966244607588704,1.0406073151545037,1.0630795423585502,1.0097458619783575,1.0105307168887838,0.8363737876000206,0.9349662879647966,1.0048296475299763,1.0272594311345158,1.0553983544019079,1.0027992926061484,0.992668939555374,1.033933746379362,1.059954358755532,0.9877857278819399,1.0410407857041206,0.9316688952710787,1.0675764331113717,1.0353365906743657,1.0672954079244739,1.110829969098415,1.0179134400835808,0.9244763423260809,1.1044150003156108,1.0252582687033054,0.9178351565619212,0.9311334109411964,0.9204735166912393,0.9434747710878186,1.0455152081570203,1.021863986452424,1.0445423968473593,0.962858756846395,1.047001154130011,0.8373578295260615,0.949393291469787,1.016301338436111,1.1311964096339984,0.9261303162965009,1.003644249605692,1.0434851346140228,1.0169456472376965,0.9886311138463505,0.9989930028684363,0.9866875540842969,1.0447124713067448,1.0084822955446104,0.9971540284374929,1.0528718595714872,1.0677806244988135,1.0429261937145926,1.0362359239624188,0.965348836274919,0.9922044139262949,1.042536405159612,0.9846089391272841,0.9037673018158675,1.0098765472348026,0.9644579631069475,1.0765736120695946,0.9721946307570494,0.956897465469498,1.0007249682010366,1.1026793962153507,1.046291715648368,1.0455797226502028,0.9876839040933644,0.9845420617261307,0.9722123432885864,0.9624131850104919,0.9814673500033675,1.0235513956138789,1.011617586545129,1.0568476542864418,1.0119090395533332,1.0314925633008327,0.9807523956464075,1.0150596186214054,1.0461962443329498,1.0585183649439778,1.0003895306312478
basket,1.0284246443354241,1.0687887447325677,0.9813816274344579,0.976641575656501,1.010443177534045,1.0031554194734555,1.0282193292016129,1.0301419827550464,0.0,0.9395882367435442,0.9884875341064346,1.0504127069075142,0.9744708030135891,0.9045098593053652,0.9880906896632518,1.059555295656614,0.888873463289272,0.9556794310742529,1.0226940799991808,0.9684247759348593,0.9330285613387704,0.9304006131998969,0.9263131340749077,0.9448700515708083,0.7406502483021724,1.0588326942548567,0.853262184799656,1.0640455244265985,1.0031132496156006,1.0216563662247466,0.9316570531351097,0.9828821622311824,1.0186773820112733,1.0231129754606123,0.9665138017555921,0.990747376269991,1.0291423228386047,1.0416338861570507,1.0510003940601678,0.9446227291947848,1.0091548236533021,0.9760451229845046,1.0133090373393547,0.9756939589054808,0.9714562743657628,1.0160435759090856,0.9448229222159367,1.0932583540261955,0.9226477375980195,0.9640483572110665,0.9945685115770369,1.0120056084538906,1.0219080403087006,1.0107300193777222,0.989784235117929,1.078740106971752,1.0629226448644205,1.0440972002628008,1.073417435435349,1.0290937851114808,1.060385781724168,1.0201918254373405,1.0461615417977057,1.0590831912808365,1.0768784764937043,0.9960546367181876,1.0641439831315456,0.9180951854296896,1.0212398136321053,1.0236260133672548,0.9616640068840461,1.163579627831348,1.035751449896667,1.014382601558118,1.065870829869855,1.004967867609118,1.0257267197689284,1.0231223353923133,0.9311776862829102,1.0630806166340665,0.9967047714531285,1.077835231052791,1.0571817431906405,1.0082666847076664,0.9823510071592837,1.01942931536305,1.0314719345926204,1.0050573671693679,1.013642570462607,1.0153069180664605,0.9766914500259286,0.9916036837749376,1.0352978315061911,0.9395600704876286,1.0406395043756376,0.9866015588407732,1.0663508542826028,1.025560259224323,0.9784459025983172,0.9996811924274196,0.9491286509779596,1.0383127752040873,1.0308528345418158,1.0029546117912442,0.9415854165897259,1.001562656088843,1.0295033092071133,1.0595418764186748,1.061809961044184,1.0050546585538547,1.0453836702702584,0.9957725211768383,1.0310190726718929,0.9358148610467392,1.0115933813996665,1.0331932316906018,1.0071297354739852,0.9359293233749186,0.9235817152686261,0.9880619973386447,1.01726483007491,1.0004332361303327,0.9874392129924376,1.0284777031310282,1.0246381918342953,1.0513537394035128,1.009334975753928,1.035900806335603,1.006987522776813,1.005772897884685,1.0197229513532666,0.9832538022966606,1.0384369219557479,1.0014540697519385,1.0625693687932414,1.0743252017413043,1.04078578060615,1.1173186453065493,1.0720381326011201,0.9836997928352267,1.014953144758862,0.9982177285944558,0.9301985200685913,1.0076714663154285,0.9195085387267511,1.0164953692475696,0.9689464608203796,0.9770101027290835,1.0434604192987487,0.9941657778717833,1.0683215443543301,0.9976742978878491,1.0221649553704648,1.0055420386701615,1.0169175836672906,0.8540666445836101,1.008327650663735,0.9912782357958779,1.1042456703756718,1.010696272459337,1.0153195373955306,0.9712137181877856,1.0295372346502538
bathtub,1.0737411135805186,1.0283270127112205,1.051736976225546,1.0536059303236227,1.0769628633494062,1.0532409068066733,0.9964632735950103,0.9886386758976351,0.9395882367435442,0.0,1.0006198710876562,0.8906041840464513,0.983707193683335,0.9793234232404218,1.0843530987369912,0.9685618801695143,0.9083968447091468,0.8415127258435602,1.0429010153609246,1.1024688198780568,0.8652245292150132,0.9888906469215657,1.0043981357358243,1.021308812932283,0.8743497320437621,1.0305622627145048,1.0528864167966634,1.0366525618389077,1.0614398597645311,1.0429216024821297,1.0150660336338875,1.0672052840988737,1.0175389342695362,1.0261962889458192,1.0125657321942088,0.9347958873195787,1.028643539134754,1.059197574671088,1.123420741658578,1.054821247129171,0.8764672704046594,1.102904094161455,1.105566215177815,0.8968221391333362,0.998182875546318,1.0204140647391808,1.0146760364400569,1.0445015487866638,1.0777346182052585,0.9644201208452617,1.033098601337469,0.9915681661238411,0.9554886947507184,1.026703525619175,0.9997842736108244,1.0668944192713243,1.019336153294364,1.0355340714305785,1.0996314392356736,1.0014609609735365,1.0385855788926612,1.0727514174329844,1.0329006542899795,1.0482153543087014,0.9805956549270832,1.0582195627719433,1.0602542798024548,1.0576603217094271,1.0301219376551338,1.0469888707680641,1.0669067763765927,1.0237393248940039,1.0532440704822197,1.0729325959777902,1.0762568085440956,1.0498852067905506,1.0055383820052628,0.9568177907369202,1.0068845057887132,0.9987978742216256,1.1501651166098719,0.9735365726951956,1.0227012032930158,1.0078013531656782,1.0502439852921066,1.028954314094287,1.028089309801581,1.0633200741362239,1.0244015763771464,0.9533682254821696,1.0322953874750223,1.030254388307198,1.011377817888667,0.9733548948467262,1.0199924544322747,1.0352197910017191,0.9695676490040448,1.0096588764116616,1.0395975233630224,1.0295439231359134,1.0307935027948563,0.9745104281786271,1.0376915524805637,1.0108296888124089,1.024904548479942,1.0739102771607307,1.0697050029524975,1.0475792209637338,0.999930270313329,1.0180046851366986,1.0162098412936027,1.0223096491842592,1.040778629762055,1.0217513864951837,0.9868351137521182,0.9537466416330302,0.975089394043097,0.9923160431669492,0.9409819934960272,0.9763135594614142,0.9797424529216859,1.0432562394672247,0.967207592948929,0.9876212677445814,1.0837266865342292,1.0919718984390516,1.011231422190441,1.0745280197085643,0.9848743236810227,1.0005330978160993,1.0514281508581431,1.0512392785557094,0.4877207275767107,0.5885874689757652,0.965492960865779,0.979734620542726,0.9626751420445261,0.792443359003769,1.0307571864810827,0.9988231172288166,1.03003134068093,1.0177855559175168,1.0457435530584203,1.0191968653950838,0.9839861776796184,1.0160215535128763,0.9996654031795148,0.9819896049504716,1.0480494513033731,1.039328981102272,0.9954485270408313,0.9691373260121331,0.9856429071989786,0.7702510324529951,1.0300760120691885,0.9787559709413033,1.044094104089154,0.9775874425466675,1.028492354288847,0.9966917906423749,1.0000928091915422,0.9567224223821663,1.0450901680209264
bear,0.9069910249778271,1.1009837904456035,1.0492691954587834,0.9654629918681953,1.0038396672011016,1.0414076490752933,1.0795664651812222,0.9848368052211977,0.9884875341064346,1.0006198710876562,0.0,1.0156298776687012,0.9752168048853903,1.0181302387621547,0.9607882092182265,0.9219326216030986,0.976067466809015,0.9861620605883065,1.08237279080725,1.0362914535151604,1.0327339342996655,1.046857983160358,1.002360148253863,0.9945673031847562,1.0234610119237169,0.9235472636058629,1.0361682425134362,0.9960863542404926,1.0337484255923226,0.9843846316641872,1.0348861306164887,0.9840692672288388,1.0330538941394474,0.9821178550305177,1.028903793004108,0.990987153935967,1.0406766575922541,0.973306825563388,1.0105036193486736,0.9671628052449557,0.9707838548040623,1.063558993031848,0.9696234474732104,1.0171167544173851,1.0453196122581796,0.9391425779392893,1.06265519585589,0.9046261684630406,1.049451843343875,1.0063717581023481,1.023770526667093,1.0067959808073346,0.9517013777472905,1.087683651335469,1.0576775301633432,0.8154703642599694,1.0740858900003656,0.9951403612941246,1.0787362560990363,1.0082995151528178,0.9683422971962646,0.9376770991929938,1.0771861010929134,0.9997612062847925,0.9514338649760236,1.0007056767224531,1.0183316122513397,1.0310717575513004,1.0118665477054718,1.0589783592771576,1.050807132843641,1.0134430420154859,0.98242966782009,1.001681390242379,1.082681863904094,1.0448579248888092,1.0420421901304877,0.9454983104243537,1.0635577642094773,1.0187919804202654,1.0795644733441798,1.0513451785190981,0.9546263399569237,1.0016928153385625,1.0147612090103515,1.0525891636418754,0.9945174998271978,1.0502487389868655,1.0803624428980754,0.9704905685049271,1.0226331316536748,1.0007609587120871,1.034575044419765,0.9696985418486201,0.9841131663773741,1.0142740213943071,1.0650989029105136,1.0400399944167122,1.0596340651891027,1.031526728304572,0.9542292631274872,0.9837262714925831,1.0056858821086276,1.0906990136582364,0.9937629654666358,0.9915457342798437,0.983691136886828,0.9899536909337173,0.8859994220006866,0.9456086623885075,0.7912933875029089,1.0389396035879983,1.0264090053034671,1.0740419468491769,1.0959147861156824,0.8252415512129787,1.018184826075734,1.0344141343532265,1.002152262211892,0.9817414514448981,0.95960991307118,1.0410265833228445,1.027374256664098,0.9422228070121275,1.0328163494050224,1.0486451483953976,1.0006406287668923,0.9721029427329716,1.0415415831908879,1.0555590244264172,1.0302382872502251,0.9891717131630059,0.9681709859023697,1.0610705313317472,1.037555895285534,0.9869032733759155,1.0180556399893892,1.0289626684370676,1.0133642395989098,0.9957497397881444,1.033569144145681,1.0161475414478562,1.057300404237364,0.9937474236695335,1.0472191820982555,0.9577082247251063,1.026000843009929,0.9790411326985193,1.0099691861634787,1.0249099383483489,1.0661945596392275,1.0264894605207866,0.9904043027588589,0.9591236177496505,0.9792260313910164,1.0561218907260363,1.0111707546695863,1.0236805293190356,1.011672643736639,1.0000430272810326,0.8851860873604972,1.0146259259062018,0.9606765872082542
bed,1.0035163276557664,0.9949393684063973,1.079272484061989,0.9933685318953605,1.0335842574822118,1.0749013734532034,1.0006301303038585,1.0319227845361432,1.0504127069075142,0.8906041840464513,1.0156298776687012,0.0,1.0242648151881153,0.9665516601970019,1.0362566244501334,1.0256464106018217,0.887494889154824,0.9183050488725585,0.9609545485035816,1.0953010879673775,1.0731815350819565,1.0185767360262952,1.013929227778187,1.0270302239681517,1.0686595701103783,0.9591571206209875,1.0308424817437891,1.0052756475875464,1.023365493550156,0.9682864678322655,0.9245099336154058,1.0488230621077907,0.9612726619478089,0.8330703824520436,1.0389818469215253,1.0078709155258552,1.009642429840626,1.0232330745028373,0.9925060705522556,0.9905906091471203,0.8886632783723082,1.016835817935895,1.0302715159429894,0.7776102337408108,0.99857257226107,1.0446040598872335,0.9741881731170112,0.9864625570274143,1.011201243422391,0.968770222514694,0.9603727784265975,0.9638705312345994,0.9467002295718246,1.0651978841679912,1.0942870268780531,1.0034623044633912,0.984986791825742,1.0376253621682774,1.0449588032284705,0.9938567639115544,0.9837744447432537,1.0048387613273813,0.9814225755897548,1.0522123518077182,1.0255998046022803,0.9914823238511002,1.0001540439618783,1.1075189877507647,1.0442182810145058,1.0838381932644499,1.048684559844589,1.0214225620992077,1.0802922075520576,1.0209152610183279,1.061780638693449,1.0092648150107244,0.9926176725918612,1.04655766399298,1.0511074914036966,1.0237912477337865,1.0451906044978887,0.9871802360362875,1.013547538091105,1.0169197102428629,0.9642400138267191,1.0441402145219876,1.0059829581907267,1.0678681109668242,0.9776228870314446,1.0268935192963726,1.0276501718199986,0.9590992403754888,0.9994997481353094,1.0173459543434795,0.9679722327627849,1.020645740426375,0.918038461447332,1.0404897316523605,1.05214530418226,0.9713091879051722,0.990707598154485,0.9577311249845075,0.9786586221182145,1.0563046903584854,1.0366340453331009,1.01358248771634,1.099285407306594,1.04440599069213,0.9741850954896193,1.019235217290486,1.070725530786303,0.7262855425730412,0.9924494280380414,1.028789419956321,1.0120928138208058,1.0536919816946775,1.0550903051064493,1.025371151832851,1.0059483758994845,1.0232030747981733,1.016062751931905,1.0206401451303821,1.0320672477258575,1.0626379602635554,0.9736562042272987,1.0098507102496572,1.006491007961004,1.08203453403877,0.9756935523045555,1.006627251662795,0.9520085119923811,1.0317303216703524,0.9569181151964447,1.0022189716339607,1.021632122003152,0.9868009828070766,0.9341260212826831,1.0154318367589978,0.967935988995043,1.0138195965621675,1.0059138614893541,1.0359745331287702,0.9635742929206377,1.0265251856575863,0.9993345715193912,1.0030443466469863,1.0227410758999895,0.976663387265083,0.9970235575455274,1.0317510628666113,0.977789691965662,1.034682126918428,1.0415487970689767,0.9614592169738948,1.004042385875209,1.0037024681273479,0.921766494399454,1.0411255981876912,0.8614972572847827,1.0067597301642137,0.991809839580297,0.9248252060455671,1.0370818214409254
