,alligator,apple,applesauce,arm,ball,balloon,banana,basket,bathtub,bed,belt,bench,bib,bird,blanket,book,bottle,bowl,box,bread,broom,bucket,butterfly,can,car,carrot,cat,chair,chips,clock,closet,coffee,comb,cookie,couch,cracker,crayon,crib,cup,dish,dog,doll,door,drawer,dress,ear,egg,eye,face,finger,firetruck,fish,flower,foot,fork,frog,glass,glasses,glove,gum,hair,hamburger,hand,hat,horse,hose,jacket,jar,jeans,knife,ladder,lamp,leg,meat,melon,milk,mitten,mop,motorcycle,muffin,nail,napkin,necklace,nose,orange,oven,owl,pajamas,pants,paper,pen,pencil,penguin,pickle,pillow,pizza,plant,plate,pony,pumpkin,purse,radio,raisin,refrigerator,rooster,scarf,scissors,shirt,shoe,shorts,shovel,shower,sink,slide,slipper,snow,soap,sock,soup,spoon,sprinkler,strawberry,stroller,sweater,table,tape,toe,tooth,toothbrush,towel,toy,tray,vacuum,watch,window
alligator,0.0,1.3544817,1.0217104,0.7169206,1.102912,1.3345182,0.9652272,1.416141,0.82561624,0.542614,1.4044113,1.0283843,0.6106427,0.53034896,0.5011928,0.9183507,1.5201037,1.3323436,0.9391043,1.1830914,1.440214,1.553712,0.93631005,1.5692633,1.1157182,0.9544898,0.793354,0.9849334,0.8840387,1.3733335,0.8501485,0.83468735,0.90958506,1.2095368,0.8323638,1.0548929,1.4802642,0.68168074,1.5533347,0.83115155,0.88362586,0.6787329,1.1418339,1.1120036,0.72260666,1.220447,1.2516922,1.3258868,0.8237955,1.2544119,0.72748566,0.64881516,1.0750008,1.1219567,1.2678232,0.4478053,0.79823065,1.4203203,0.67627597,1.1595414,0.84558696,0.85283685,0.8641583,1.2502606,1.0207322,0.9732172,0.6895946,1.1326417,0.6656793,1.2748988,0.86319494,1.4668796,0.93025535,1.0162387,0.8340437,0.9342884,0.25600857,1.3043667,0.9132455,0.85135174,1.4285266,1.0348866,1.2628787,1.2869809,1.2885084,1.0700836,0.5492287,0.58371234,0.7773185,0.6872121,1.4569199,1.4685621,0.82196045,0.9294822,1.369762,0.9931904,1.3014812,1.1421053,0.99701077,0.91721845,0.7995613,1.4379644,1.2867466,0.99821144,1.1589504,0.6769058,1.0187194,0.7025645,0.77365744,0.7931051,1.3206646,0.7377554,1.0388496,0.65248,1.4522058,0.8998194,1.3643286,1.0272301,1.2529302,1.2293164,1.2816682,1.2494509,0.73894167,0.7976675,0.6287205,1.3827801,1.2620437,1.4014189,0.97808653,0.878813,1.0659062,0.75553834,1.4656568,1.4782801,1.0589857
apple,1.3544817,0.0,0.6065995,1.3975664,0.44595248,0.44806147,0.5891164,1.0734036,1.4579043,1.5384091,0.7675998,1.4324424,1.4286321,1.3903675,1.4997358,1.1459639,0.41093367,0.74332696,1.4055557,0.5713099,0.8586514,0.77394396,0.9197948,0.8825621,1.1640053,0.7396518,1.3717208,1.569753,1.0662757,0.60619056,1.4600477,1.301125,1.177935,0.5864604,1.4251373,0.7803558,0.38163245,1.5831785,0.50523686,1.2522268,0.97199553,1.0038682,1.3849586,1.3738513,1.3733516,0.89982533,0.4212953,0.76323956,1.143748,0.67090225,1.14609,0.888059,0.82084346,0.94943047,0.9398504,0.8527467,1.3586366,0.42166197,0.97134143,0.53460747,1.1650276,0.7484766,1.2295219,0.71236753,0.94104713,1.3966862,1.1844349,1.0642426,1.4372344,1.0695003,1.5972438,0.6998239,1.1366681,0.8991946,0.9303417,1.1527537,1.2417526,0.967158,1.3038089,0.8967184,0.21340066,1.0660093,0.8002251,0.62781215,0.20335603,1.4263821,1.207214,1.4586849,1.4593672,1.4760437,0.51959807,0.48627472,1.0624201,0.75033796,0.6889273,0.8749106,0.61463594,1.001316,0.9501693,0.51072437,1.5152597,0.92198336,0.7665435,1.4571617,0.8667866,1.2885091,0.8993848,1.481554,1.2220085,1.4163945,0.7166774,1.360388,1.2837701,1.4021907,0.3642665,1.2612209,0.2880001,0.6680275,0.8700247,0.9375777,0.7951495,0.44573897,1.4530759,1.462095,1.4924288,0.44261903,0.68791735,0.43143415,1.0485332,1.1357181,0.430874,1.4335976,0.9185494,0.42641407,1.2942281
applesauce,1.0217104,0.6065995,0.0,1.0430464,0.84257627,0.95431507,0.77747136,1.2406583,1.2845628,1.2105501,1.0652057,1.2901862,1.1098943,1.065581,1.1673886,1.0501562,1.0434604,1.1446314,1.2159535,0.81003433,1.1644675,1.0721709,1.0917207,1.1387037,1.1167817,0.7794397,1.2976491,1.3335402,0.8776104,1.0374216,1.2721074,1.0462314,1.1041999,0.8451847,1.1836623,0.8159889,0.93045104,1.2756987,1.081203,1.1391314,1.0063916,0.64047146,1.3441589,1.2640371,1.0598202,0.92975724,0.809906,1.0050638,0.8845248,0.761347,0.96402025,0.935522,1.0343847,0.8603926,1.0925934,0.68417335,1.0718393,0.8752928,0.7170147,0.83009875,0.9852199,0.3504002,0.9976426,1.007364,0.81933284,1.3337996,1.0369554,1.0577589,1.1270599,1.1734496,1.3076229,1.1007192,1.0162867,0.7512922,0.8958614,1.2051011,0.8286582,1.152096,1.0892662,0.8608146,0.8400092,1.2178425,0.92848045,0.88978976,0.5894399,1.282469,0.9530002,1.1518509,1.158849,1.2303679,0.98363,0.9596237,0.9474304,0.7751931,1.0369033,0.8443996,1.0724051,1.1573046,0.8127198,0.60401136,1.2930263,1.1855443,0.9760994,1.2686777,0.99535775,1.1695949,0.99694407,1.1394888,1.0169117,1.1176236,1.0627279,1.1291646,1.2736602,1.1678928,0.9221412,1.1921812,0.8657837,0.71856236,1.1689702,1.1227188,1.0757587,0.8688395,1.1550233,1.2129161,1.2345653,0.8898469,0.7773985,0.8199094,0.9483267,1.2565484,0.65182716,1.2008482,1.1909083,0.8557086,1.2427039
arm,0.7169206,1.3975664,1.0430464,0.0,1.4177122,1.3594174,1.3425869,1.290163,0.59774387,0.59517306,1.2676129,0.89721835,0.38589156,0.76758444,0.64876646,1.0560848,1.4592857,1.3484913,0.86555094,1.2694279,1.2909466,1.308015,1.2679441,1.3035369,1.08915,0.9687158,0.82196033,0.7644087,0.6518071,1.4802065,0.68880343,0.87668955,0.8943977,1.3927581,0.7952696,1.1025449,1.4571767,0.6357567,1.4204106,0.92081887,1.2473688,1.0031172,0.8626734,1.0039965,0.4303378,1.0774415,1.2333604,1.2226204,0.7044284,0.8381959,0.84671056,1.1625547,1.3677081,0.8975413,1.2030432,1.1764317,0.5660012,1.2443092,0.951392,1.384009,0.6922697,1.0975132,0.4260459,1.2916952,1.2188507,0.9132595,1.0247529,1.0638175,0.54515123,1.0876696,0.70686114,1.3277903,0.56362563,1.1301739,1.0427799,0.983412,0.7041132,1.2092087,0.95290834,1.0676601,1.3874795,1.1918485,0.89274883,1.1868029,1.3061913,0.8272956,0.85904014,0.50176173,0.5658106,0.62978864,1.3812574,1.3980129,1.0922694,1.1009555,1.3002677,1.0599885,1.4197922,1.1213415,1.1544869,0.91191447,0.86589247,1.3974683,1.2146941,0.79969656,1.3043832,0.8403193,1.30598,0.4331382,0.9860957,0.5468507,1.3774145,0.5198553,0.8650374,0.6595689,1.4411997,0.867035,1.4187478,1.3290391,1.1501418,1.1870375,1.2610056,1.3761115,0.8596485,0.55915177,0.59044814,1.5001051,0.88896143,1.2835332,0.7224608,1.1780994,1.5222373,0.7215718,1.3238072,1.2757477,0.92537755
ball,1.102912,0.44595248,0.84257627,1.4177122,0.0,0.50221074,0.79240537,1.0635633,1.3152828,1.3050721,0.9222763,1.2401397,1.3457543,1.3024464,1.2683394,0.91252613,0.5988098,0.711184,1.1566504,0.7772658,0.9170325,0.77135015,0.88074017,0.9608237,1.116909,0.7642106,1.3357732,1.3803535,1.2331865,0.54924273,1.3210139,0.99056923,1.0959405,0.6890347,1.2644569,1.1524026,0.6676774,1.3632839,0.6548264,1.1485323,1.0072936,0.9161096,1.2718375,1.205295,1.294545,1.0834736,0.4872499,0.9335898,1.205069,1.0284324,1.0932565,0.8254826,0.8574355,1.0431248,0.9662599,0.77063656,1.3444525,0.90342563,1.0368922,0.4323728,1.2588502,0.84624916,1.3210434,0.7732995,0.8722624,1.3126504,1.0299542,0.8259027,1.3719945,1.0602423,1.4464493,0.8299645,1.1919947,1.0505786,0.89745027,0.9298374,1.072149,0.9266846,1.1975803,0.88836455,0.6122616,1.032289,1.1763669,0.88395125,0.45061833,1.2524868,1.1131212,1.2872221,1.4010004,1.2858316,0.82566917,0.77874315,0.8905889,0.9795313,0.9087349,0.9880134,0.7575611,0.99078184,0.8923419,0.7468343,1.2100635,0.7810149,0.9049125,1.1782382,0.9959976,1.1612158,0.74607056,1.4081007,1.017626,1.3371667,0.6714804,1.2431049,1.1623274,1.3506917,0.69177836,1.1290278,0.66615707,0.76386917,0.86165166,0.8963505,0.67985904,0.5724945,1.1860995,1.3329165,1.2861385,0.36560595,1.0405476,0.81497097,1.0761673,0.9514263,0.34308708,1.2101221,0.9085783,0.860397,1.2643538
balloon,1.3345182,0.44806147,0.95431507,1.3594174,0.50221074,0.0,0.8984078,0.9511465,1.213846,1.4194702,0.43968344,1.1242832,1.4161373,1.3853503,1.4125161,1.0799416,0.47417432,0.58027047,1.1690104,0.85890865,0.46565616,0.70294994,0.828634,0.6334126,1.1053684,0.8226307,1.1130261,1.3524578,1.1883209,0.54641044,1.2848747,1.3063512,1.002111,0.8509523,1.2975149,1.1643203,0.52032226,1.4246901,0.46920478,1.2796128,1.1144403,1.1721269,1.0241836,1.1039637,1.4001763,1.0156113,0.53473836,0.56415015,1.221116,0.9359276,1.1158949,0.87591666,0.87580985,1.0497587,0.8226707,1.0961584,1.371487,0.70839834,1.1842589,0.7930508,1.2381499,1.026669,1.2718766,0.6797638,0.9591058,1.2110504,1.087467,1.0608761,1.4137467,0.9292072,1.4473697,0.4500867,1.181261,1.1200014,1.1545271,0.92580664,1.3167548,0.5422049,1.2940502,1.0949199,0.42616677,0.9139519,0.8947091,0.779988,0.4809469,1.0718974,1.2750437,1.4212087,1.3806239,1.3058707,0.592185,0.6066404,0.9405862,1.1215534,0.6164319,1.0819745,0.617456,0.92709655,1.0371283,0.90986276,1.3911558,0.76250327,0.71864367,1.1057272,1.0082139,1.2254041,0.86480147,1.4272165,1.3448704,1.3415984,0.5097856,1.2852932,0.9617288,1.3502942,0.6188016,1.184185,0.5465947,0.8030441,0.7492846,0.84389544,0.685737,0.5911454,1.3511227,1.32724,1.3973124,0.5283438,0.97285604,0.74042946,1.2104003,0.97528744,0.7438396,1.3174213,0.6459987,0.7014213,0.88624793
banana,0.9652272,0.5891164,0.77747136,1.3425869,0.79240537,0.8984078,0.0,0.94163847,1.2598176,1.3820195,0.8702026,1.2025926,1.2828925,1.2506657,1.2255837,1.0380276,0.7719413,0.80580604,1.2163739,0.687835,0.91254056,0.925103,0.731748,0.99545896,1.0330634,0.87159264,1.3012424,1.3628232,0.958072,0.8352281,1.3301759,1.2244985,0.96330005,0.71786726,1.2672858,0.71757394,0.65142536,1.4144418,0.8348632,1.1150897,0.90508807,0.96927375,1.3032355,1.196013,1.3087311,1.0516058,0.81016636,1.0172207,1.2657433,1.0226624,1.0482411,0.85797,0.7165784,0.9986781,0.8204001,0.39329565,1.2276301,0.9028835,0.66245055,0.62704366,1.294666,0.7417625,1.1803648,1.0011976,0.8954236,1.2187794,0.96833354,1.0344555,1.2671664,0.8543395,1.3780477,0.9685858,1.2373334,0.82939875,0.887066,0.98845756,1.0704927,0.9824922,1.2701144,0.74080855,0.8269199,0.64017695,1.0784655,1.0500426,0.69426227,1.2042739,1.2295392,1.3177338,1.3070427,1.2506814,0.72250795,0.6724749,0.9549765,0.45127487,0.81889015,0.83618164,0.6716507,0.8525583,0.9026788,0.89848137,1.1780288,0.89996094,1.0819618,1.252738,0.99274254,1.290875,0.60617274,1.3837309,0.95290905,1.2834203,0.7258555,1.3616827,1.0715053,1.1113224,0.7357124,1.2397656,0.5671792,0.6327529,0.9829837,0.72908366,0.9120616,0.77434856,1.2534137,1.3468835,1.297739,0.60369897,1.0160937,0.8867786,0.8934156,0.679173,0.5026978,1.1309843,0.870644,0.8669247,1.231664
basket,1.416141,1.0734036,1.2406583,1.290163,1.0635633,0.9511465,0.94163847,0.0,0.9817972,1.1667166,0.7306475,0.63709897,1.2990727,1.2871264,1.1626003,0.811862,0.73706806,0.64897025,0.72527415,0.99565196,0.6119269,0.591024,0.9076829,0.5571273,0.8567017,1.1125969,1.0597445,0.74760836,1.1458049,0.76186395,1.0032064,1.0964305,0.8288657,0.9396469,0.8852231,1.0713555,0.78424776,0.85049325,0.6792974,0.99800414,0.97706777,1.1362104,0.741159,0.6044833,1.329918,0.9775288,1.0721048,0.8309369,1.2748829,1.0932035,1.1509789,1.1202843,0.8326088,1.0377458,0.65516126,1.2333899,1.0648817,0.96240515,1.1424716,0.94299126,1.261188,1.1772716,1.1690406,0.99788624,1.035811,0.8756354,1.0845835,0.89208513,1.274508,0.743606,0.7970451,0.6945246,1.1116061,0.95019585,1.1918218,0.93195885,1.3757606,0.7504514,1.0223638,1.0874258,1.0005453,0.7457484,1.0620075,1.1081153,1.0655105,0.8432961,1.32673,1.2732444,1.2215506,1.0753694,0.76400876,0.761837,1.112678,1.0551814,0.69059443,1.0272847,0.67878205,0.7511953,1.1009054,1.3729317,0.92709315,0.48222226,0.93493754,0.82978094,0.8470119,1.2748199,0.9457302,1.266093,1.0676717,1.2341185,0.77568567,1.1769019,0.79579175,1.1124893,0.8496062,1.0476631,0.93489885,0.9421052,0.848019,0.75200033,0.9060947,0.9476886,1.0600555,1.134117,1.1903971,0.7734153,1.1025465,0.9778543,1.1112041,0.8245393,0.9772455,0.90055674,0.53673655,0.8985086,0.8169526
bathtub,0.82561624,1.4579043,1.2845628,0.59774387,1.3152828,1.213846,1.2598176,0.9817972,0.0,0.52507246,1.2701584,0.6237229,0.61971426,0.847173,0.6015729,0.929185,1.426565,0.8522998,0.59403133,1.1197596,1.2120447,1.2889552,1.1492262,1.2714283,1.0633465,1.0935915,0.6639117,0.6238023,0.91557425,1.1391726,0.5488713,0.79408216,0.9725237,1.1198094,0.73691916,1.0810841,1.5077436,0.5736531,1.2746857,0.7365806,1.1264148,1.1157076,0.62404263,0.6984899,0.76159865,1.2221708,1.0556214,1.2484607,0.9837774,1.2425916,0.85610765,1.1362832,1.3159583,1.1910155,1.0668274,1.1890332,0.76480585,1.4096369,1.1049722,1.3837237,0.97750175,1.1617146,0.76391506,1.3705634,1.2227197,0.8223083,0.90776485,0.96673673,0.708375,1.1171547,0.6621021,1.0698678,1.0351138,1.1795145,1.0432146,0.8096373,0.83003795,1.1151145,0.9767072,0.88122386,1.4171048,0.919448,1.1666799,1.3425492,1.2865028,0.6998034,0.83988863,0.68456924,0.7231959,0.53604925,1.4262874,1.3927231,1.0367771,1.1504093,1.3446009,1.0488669,1.3079498,0.59390885,1.1819379,1.1526785,0.82507986,1.1962657,1.2686749,0.63533276,1.3937473,0.86016256,1.2536668,0.70283777,1.0369573,0.7515458,1.3175966,0.48606247,0.32970643,0.7197778,1.496521,0.70344293,1.374655,1.2369652,0.9090353,0.9972513,1.2394665,1.3503263,0.92119956,0.7185218,0.445917,1.2530842,1.29658,1.4395553,1.0493568,0.9409555,1.4816574,0.40600818,1.2690612,1.4785047,0.6933826
bed,0.542614,1.5384091,1.2105501,0.59517306,1.3050721,1.4194702,1.3820195,1.1667166,0.52507246,0.0,1.440931,0.6241178,0.4400388,0.5481492,0.19875777,0.7323002,1.5041443,1.319205,0.5693838,1.425477,1.3595144,1.4612198,1.271684,1.3578578,0.9952427,1.1723235,0.61676866,0.52278095,1.0785235,1.3668975,0.4430446,0.7242234,0.98062664,1.4015404,0.43061805,1.2914417,1.609615,0.24165928,1.5388985,0.64269483,1.0117626,0.85117894,0.7313868,0.7325989,0.54002047,1.2147307,1.3406968,1.2356033,0.74600494,1.3299683,0.67721653,1.167964,1.3516295,1.1559753,1.3368888,1.0949956,0.7494434,1.4093324,1.1209924,1.4155321,0.7639951,1.0406088,0.92799556,1.3062239,1.2250061,0.87826973,0.800263,1.0652307,0.44421226,1.3046571,0.46791643,1.3441738,0.91821575,1.1916485,0.94644564,1.0243531,0.621425,1.3070104,0.7974567,1.0770802,1.4623389,1.140913,1.2788881,1.3802295,1.4290966,0.76528674,0.6529482,0.4348197,0.5218622,0.4166566,1.5602869,1.4949956,1.0541185,1.2200712,1.370848,1.1564685,1.4234518,1.095047,1.1596882,1.1282111,0.6507691,1.2672275,1.2727194,0.6436037,1.4214447,0.57282376,1.3312947,0.48605067,0.93378556,0.5691131,1.5118508,0.45410436,0.86355245,0.49227136,1.5440865,0.5887372,1.4515747,1.4075005,1.29004,1.332855,1.4109508,1.4618511,0.6418626,0.57799965,0.2533586,1.4902487,1.3276753,1.5096405,1.1285659,0.9930985,1.4505923,0.52619565,1.390036,1.4976871,0.82106596
belt,1.4044113,0.7675998,1.0652057,1.2676129,0.9222763,0.43968344,0.8702026,0.7306475,1.2701584,1.440931,0.0,1.0170009,1.4251955,1.3330934,1.30994,1.1848454,0.59349054,0.7648425,1.2238461,0.994092,0.23929977,0.59726626,0.8035381,0.33923602,0.9226164,0.98380977,0.94307214,1.1979382,1.0377735,0.78246915,1.2547568,1.4243025,0.87009585,1.0178621,1.2383149,1.0418532,0.38327688,1.4218402,0.6360799,1.3764365,1.020107,1.3193543,0.87275314,0.96759355,1.4200168,0.7628053,0.9995021,0.36318862,1.325311,0.781191,1.2642343,0.87983865,0.91056716,0.9385894,0.7198241,1.1863028,1.347322,0.6246662,1.0592393,0.97049785,1.2761629,1.2099874,1.1081016,0.75572526,0.97771925,0.97457516,1.0278684,1.2178688,1.2573385,0.6458647,1.3563868,0.5255323,1.0006361,1.0454569,1.3057464,1.0389451,1.4479206,0.42080665,1.2521883,1.2887156,0.6016042,0.7032959,0.6387329,0.804144,0.8521827,0.9693111,1.434135,1.4405947,1.2016351,1.3269708,0.38495356,0.48236853,1.1346188,1.0511496,0.23994172,1.1500719,0.6072405,1.0407155,1.0743058,1.187632,1.2588853,0.63799846,0.48846138,1.143193,0.9026651,1.2299554,0.86774445,1.3394635,1.2258697,1.1959243,0.54768336,1.3760118,1.015427,1.2951261,0.5011896,1.2605577,0.64860636,0.7651892,0.79221714,0.78213054,0.7307479,0.76195705,1.3273578,1.2649384,1.5127897,0.69318163,0.8101661,0.6394904,1.0542703,0.8244228,0.96212023,1.433895,0.4232602,0.5085989,0.8780285
bench,1.0283843,1.4324424,1.2901862,0.89721835,1.2401397,1.1242832,1.2025926,0.63709897,0.6237229,0.6241178,1.0170009,0.0,0.9877134,0.98341686,0.66593695,0.70679694,1.2333382,0.9221872,0.19020998,1.1961908,0.92644215,0.98478955,1.0579516,0.8777236,0.76541424,0.89405465,0.9009245,0.37742847,0.9873219,1.2261996,0.72104204,0.8558065,0.90241456,1.3199749,0.36185837,1.1789502,1.2321916,0.52232754,1.0982678,0.9483068,1.1177593,1.0557585,0.6272073,0.30835974,1.0153886,1.2040536,1.1777406,1.0496895,1.1471597,1.2170917,0.97749835,1.116584,1.2016957,1.1199437,1.0626673,1.2801147,1.0125879,1.3318921,1.0651231,1.2342335,1.1362147,1.1769562,1.0177462,1.2058991,1.1740419,0.81796634,1.0240393,0.91547185,0.8913239,0.83106565,0.47519034,0.96989226,1.028171,1.0458488,1.1249378,0.8614822,1.0123593,0.901037,0.8540045,1.1023406,1.3766603,0.7531965,1.2152749,1.2787318,1.2439787,0.61137486,1.0446572,0.9887373,0.8848918,0.5613356,1.2065198,1.1485623,0.9897656,1.1919172,1.0318173,1.0614667,1.1750333,0.9036499,1.1427689,1.2848041,0.6644497,0.75320005,1.121423,0.57522905,1.3075376,1.0095978,1.0695127,0.9519918,1.0647864,0.9193661,1.161083,0.98199934,0.58999234,0.8323849,1.3109554,0.77846193,1.3588094,1.1483314,1.0170348,1.0684277,1.0803889,1.2897453,0.74677145,0.867381,0.69287753,1.1574839,1.2849842,1.3937182,1.0784515,0.7949248,1.2774787,0.70524704,0.8741351,1.3501331,0.7077586
bib,0.6106427,1.4286321,1.1098943,0.38589156,1.3457543,1.4161373,1.2828925,1.2990727,0.61971426,0.4400388,1.4251955,0.9877134,0.0,0.75534105,0.5256181,0.9211608,1.4986984,1.3836281,0.83522654,1.3452929,1.420101,1.4116137,1.255607,1.3752184,1.2124226,1.1582708,0.7737771,0.7577788,1.007362,1.4527694,0.677755,0.80892295,0.9787125,1.379843,0.8156066,1.214427,1.6082611,0.5237066,1.5057745,0.82686293,1.0849983,0.8679471,0.93726945,1.0663481,0.18325019,1.0163682,1.2716662,1.2780186,0.5506991,1.0168927,0.7441182,1.2480216,1.3303235,1.0479169,1.3606013,1.099076,0.56849325,1.2862251,1.0097672,1.3180537,0.547121,1.0916893,0.5648465,1.136019,1.2368262,0.9836077,0.94326115,1.0319798,0.42675602,1.3656706,0.6873343,1.4005246,0.77108514,1.2288555,0.92197275,1.0017606,0.60000485,1.3661805,0.9417647,1.048174,1.4090569,1.1727163,0.8321629,1.1529411,1.3803331,0.937536,0.75399905,0.23752302,0.44807446,0.5821607,1.5500351,1.5513184,1.0559456,1.1480067,1.4060273,1.1086452,1.4343579,1.1345452,1.1433786,0.92029727,0.6861229,1.4577715,1.2238418,0.7959975,1.3251379,0.664559,1.3408387,0.2510476,0.8276254,0.3849672,1.4579943,0.52704704,1.0117346,0.58654636,1.4868386,0.80359054,1.4104564,1.392662,1.1984874,1.342116,1.4036819,1.3812,0.7292241,0.42972523,0.46725023,1.5157288,1.0262474,1.2937614,0.8507808,1.0446209,1.4696549,0.5891274,1.47261,1.3297622,0.9729382
bird,0.53034896,1.3903675,1.065581,0.76758444,1.3024464,1.3853503,1.2506657,1.2871264,0.847173,0.5481492,1.3330934,0.98341686,0.75534105,0.0,0.6010047,1.1536545,1.4469311,1.3810039,1.0426118,1.3131478,1.362989,1.4293425,1.2229738,1.3471674,0.8087281,1.266003,0.5964466,0.8143346,0.8204678,1.3596984,0.73006225,0.8062909,0.94252425,1.2335973,0.73517644,0.9308756,1.4487065,0.67201537,1.5137856,0.63330555,0.86961365,0.97793406,0.9883265,0.9977213,0.7157723,1.0519235,1.3559124,1.1820478,0.715289,1.251428,0.81161594,0.9714414,1.2544172,1.0961199,1.259474,0.86436355,0.66559696,1.2061598,0.9366876,1.3317883,0.75361335,0.8619519,0.959581,1.201902,1.1194066,0.7728856,0.7506262,1.1541442,0.6416596,1.2311187,0.73087823,1.3552775,0.98941517,0.9241747,0.93190265,1.2062488,0.5685118,1.2807336,0.6607108,1.0229956,1.3073772,1.2167568,1.173125,1.1778488,1.3183634,1.009231,0.5873854,0.6091316,0.6659303,0.82279825,1.4025383,1.4295878,1.0217643,1.0581675,1.301102,1.0983804,1.3953147,1.1710793,1.0949197,1.1243484,0.78307194,1.3114359,1.109691,0.9945788,0.9380971,0.5470681,1.1264875,0.63486034,0.7887171,0.7636327,1.3937881,0.7932436,1.0509381,0.6146021,1.2994765,0.7056004,1.2570024,1.1644636,1.204614,1.2487023,1.2099457,1.3145378,0.6030127,0.7604059,0.6351236,1.4456527,1.1823636,1.2353582,1.1387104,1.1398014,1.311066,0.8615193,1.3905375,1.3216707,0.9938951
blanket,0.5011928,1.4997358,1.1673886,0.64876646,1.2683394,1.4125161,1.2255837,1.1626003,0.6015729,0.19875777,1.30994,0.66593695,0.5256181,0.6010047,0.0,0.8004523,1.526223,1.3264275,0.6447971,1.2707874,1.3406258,1.3955865,1.223363,1.3023021,1.061136,1.0926509,0.68826747,0.6123835,0.97446615,1.3738103,0.64568317,0.75413704,0.88869315,1.2993457,0.55363655,1.1291486,1.5310001,0.4269253,1.5212106,0.84702766,0.9722308,0.90591985,0.8832272,0.8258705,0.66344833,1.1054127,1.2969807,1.2305983,0.8899721,1.2661237,0.78659713,1.0435225,1.3284711,1.1538036,1.3184013,1.0062991,0.829708,1.3898294,0.84082973,1.3300664,0.9006731,1.0141934,0.9008853,1.3119571,1.2069118,0.92704314,0.51242054,1.1083844,0.4548337,1.2748424,0.6589857,1.3501403,0.88186467,1.1177262,0.95652235,0.9945376,0.52319306,1.2909102,0.8729216,0.93001485,1.4573704,0.83662903,1.2069968,1.3162005,1.3261662,0.842917,0.69917905,0.54070467,0.5618844,0.45813704,1.4958727,1.45981,1.085018,1.1310382,1.179749,1.089433,1.4677367,1.1015352,1.1461709,1.0705501,0.57616633,1.2887881,1.172872,0.79431295,1.3897333,0.63009334,1.2331315,0.57490003,0.8163657,0.6005963,1.4390732,0.65698993,0.91900873,0.6210429,1.48025,0.7876549,1.449286,1.2347755,1.2644161,1.3110833,1.3860646,1.3599098,0.7142639,0.6235411,0.4797359,1.3967705,1.2789322,1.4293747,1.0474337,0.7038842,1.3936002,0.61298376,1.37336,1.434606,0.96908635
book,0.9183507,1.1459639,1.0501562,1.0560848,0.91252613,1.0799416,1.0380276,0.811862,0.929185,0.7323002,1.1848454,0.70679694,0.9211608,1.1536545,0.8004523,0.0,1.0498387,0.84455657,0.42382276,1.0215942,1.1201507,1.1400195,1.00529,1.2361445,0.9384123,0.9939008,1.2543979,0.90908253,1.1945255,0.99071276,1.0475898,0.8408817,0.9927939,1.0558023,0.95438343,1.0822375,1.0526495,0.8035151,1.0254333,0.90623873,1.223072,0.88470256,1.0432174,0.7096142,1.0993813,1.152371,1.0007433,1.0670214,1.0293527,1.1739447,0.8213618,0.92818755,0.98661613,1.0887537,0.88625973,0.98859,0.9180161,1.2115678,1.0941464,0.60826516,1.1074035,1.013218,1.0611413,1.1497258,0.94857943,1.0575285,0.9828377,0.8687498,1.1338738,0.89110327,0.9000342,1.0617368,1.1031646,0.92288494,0.93188137,0.8563178,1.0178014,1.1076753,1.0264566,0.9340542,1.2009445,0.9869169,1.2746286,1.2289844,1.0796499,0.95278275,1.0649084,1.0436052,1.1700964,0.37806427,1.0157112,0.9177964,0.816816,1.0469251,1.1975957,0.7956952,1.1042633,0.7077857,0.9822693,1.0401788,0.82142067,0.8868835,1.1513788,0.7078946,1.2699482,1.1331222,1.0016694,1.101091,1.0077033,1.1264513,1.1007427,1.0133336,0.86313105,0.9665214,1.1861689,1.001433,1.1070014,1.1379442,1.1299636,0.9380102,1.0107645,1.090485,0.9581776,1.0383452,0.7311799,0.8900529,1.2289143,1.1986636,0.89459634,0.95735115,0.8806063,0.48825085,1.0658475,1.2181997,1.0496418
bottle,1.5201037,0.41093367,1.0434604,1.4592857,0.5988098,0.47417432,0.7719413,0.73706806,1.426565,1.5041443,0.59349054,1.2333382,1.4986984,1.4469311,1.526223,1.0498387,0.0,0.5704011,1.281134,0.7848564,0.5199801,0.44179958,0.7935506,0.5497814,1.0105579,1.0157392,1.2375048,1.3296287,1.2754982,0.40897536,1.3030075,1.2353653,1.1647228,0.72929406,1.2907783,1.0476747,0.23589218,1.4346762,0.15218139,1.204336,0.9249094,1.1597916,1.0923892,1.1900916,1.4181054,1.034519,0.7342677,0.7057904,1.2679977,1.0042822,1.2443165,0.9442724,0.56948066,1.0018963,0.7286964,1.1424186,1.373882,0.45293224,1.2661414,0.658533,1.2878847,1.1159222,1.3645287,0.6466747,0.89075917,1.1291573,1.2587388,0.89705825,1.4487411,0.7585467,1.3792204,0.5244431,1.2044996,1.1083628,1.1735206,0.92233974,1.5351765,0.69067454,1.1914043,1.1766412,0.26641,0.9433077,0.96123075,0.8588486,0.68068343,1.0914831,1.3587487,1.4511949,1.406355,1.4121819,0.32708085,0.30218256,1.0298269,1.0659927,0.5116729,1.0517116,0.33256364,0.94604975,1.0271709,1.0611851,1.2976012,0.54646003,0.8806882,1.2017463,0.68232197,1.294902,0.73096746,1.4811237,1.2187032,1.4000368,0.35931242,1.3134079,1.117773,1.3603388,0.26619792,1.1831388,0.29010856,0.85115564,0.83125246,0.746228,0.64979064,0.57358706,1.3680688,1.3968302,1.4575796,0.41003895,0.96642077,0.52182657,1.1237566,0.9985223,0.53802794,1.4382044,0.46288288,0.47338402,1.0400316
bowl,1.3323436,0.74332696,1.1446314,1.3484913,0.711184,0.58027047,0.80580604,0.64897025,0.8522998,1.319205,0.7648425,0.9221872,1.3836281,1.3810039,1.3264275,0.84455657,0.5704011,0.0,0.8419113,0.70019054,0.7544831,0.6043401,0.87261105,0.7668606,0.9820901,0.94080687,1.2538674,1.1472654,1.1805723,0.46457958,1.2364366,0.96972114,1.0563369,0.72423095,1.1403067,1.0474306,0.71172357,1.2491088,0.40528643,0.8921664,1.124488,1.1533654,1.0997275,0.84825885,1.427282,1.1835638,0.620538,0.81773216,1.2880594,1.1509326,1.1433723,0.95991987,0.784936,1.126974,0.6101134,1.1149607,1.3029385,0.92724437,1.1545839,0.7667462,1.3231031,1.1427088,1.2821324,0.92922336,0.9922088,1.0788178,1.0575302,0.68871653,1.4715762,0.7625432,1.2743235,0.6521065,1.282356,1.0231438,1.0526506,0.80916643,1.3391626,0.77847254,1.2026682,0.8918773,0.7555065,0.79529655,1.2206968,1.0764842,0.782505,0.9093487,1.2298867,1.4084814,1.4421169,1.1001536,0.73843193,0.67555606,0.98694843,0.9563355,0.8236581,0.86158025,0.57207143,0.30013472,1.0601621,1.1495782,1.0847435,0.55858445,1.0194174,1.0449209,1.0920446,1.3409063,0.87534904,1.4602554,1.1466054,1.3560522,0.60534585,1.1871866,0.46392995,1.3261448,0.7852173,1.0961542,0.70020664,0.9224235,0.64933765,0.5019187,0.7382754,0.82967865,1.247922,1.3553565,1.1306989,0.3893236,1.1917807,0.9953382,1.1598206,0.8608147,0.776474,0.8127136,0.78576505,0.99554783,0.98290527
box,0.9391043,1.4055557,1.2159535,0.86555094,1.1566504,1.1690104,1.2163739,0.72527415,0.59403133,0.5693838,1.2238461,0.19020998,0.83522654,1.0426118,0.6447971,0.42382276,1.281134,0.8419113,0.0,1.1159333,1.0998359,1.0977705,1.110015,1.0931833,0.89984965,0.89334893,1.0249037,0.5697279,1.0638682,1.1818361,0.74686193,0.7228065,0.9809983,1.2335874,0.5156746,1.1899556,1.3600497,0.476274,1.1333702,0.8225087,1.2060701,0.9422787,0.7658605,0.320665,0.94675654,1.2167773,1.102538,1.1156915,1.0281686,1.2944578,0.84880877,1.1561754,1.1944518,1.1614513,1.046043,1.195238,0.9284168,1.4097264,1.1008645,1.0976561,1.0728855,1.1066499,0.9985623,1.259521,1.1517997,0.94946045,0.9812535,0.8154179,0.9372382,0.9628178,0.5911571,1.1337693,1.0708153,1.0357797,0.9730201,0.7844131,0.9307124,1.0427129,0.91401964,0.9372232,1.4405856,0.854123,1.3131821,1.3464937,1.235103,0.64089036,0.99571186,0.9036255,0.9420285,0.4031518,1.3366544,1.2375727,0.9137801,1.1234818,1.2569377,0.87597746,1.223809,0.748687,1.1343389,1.1625501,0.5517902,0.8617482,1.2122749,0.5533088,1.4197191,1.0635384,1.1274785,0.91119695,1.0368638,0.9266643,1.234588,0.864709,0.58374774,0.8164088,1.4514916,0.79393303,1.3689022,1.2537286,1.0707877,1.050346,1.1307316,1.2604911,0.7637133,0.8512994,0.5890216,1.1488448,1.3627429,1.4829258,1.0557035,0.84555,1.2051718,0.43310374,1.0874112,1.444708,0.8434084
bread,1.1830914,0.5713099,0.81003433,1.2694279,0.7772658,0.85890865,0.687835,0.99565196,1.1197596,1.425477,0.994092,1.1961908,1.3452929,1.3131478,1.2707874,1.0215942,0.7848564,0.70019054,1.1159333,0.0,1.0989811,0.87423646,0.88155484,1.0698346,1.1348584,0.8176476,1.2919035,1.3842196,0.8540038,0.66268253,1.3836063,1.1396879,1.1621736,0.2204746,1.2564564,0.3754499,0.7708972,1.4177403,0.76379085,1.1175692,0.8386905,0.9701339,1.3451977,1.2410387,1.3528411,1.0487891,0.39543116,1.0879667,1.1829684,0.8972366,1.1664413,0.8867612,0.77608585,0.9909483,0.7817553,0.8924399,1.2986339,0.8801755,0.8400715,0.72125775,1.2142887,0.87497205,1.157386,0.97104084,0.9332416,1.2140421,1.0186028,0.845909,1.4261023,0.95159113,1.3918916,0.86088663,1.0655384,0.7585,0.8670294,0.9810061,1.1599967,1.0609282,1.2293757,0.26950312,0.7604134,0.7780893,1.0367047,0.9052857,0.5115124,1.2282281,1.0534366,1.4169586,1.4292839,1.197223,0.8252287,0.7604564,0.9910672,0.52902937,0.90610546,0.4981591,0.8510697,0.6149718,0.9628874,0.7052682,1.2462437,0.8692473,1.0376136,1.3180041,0.91614455,1.3434625,0.9065227,1.4109361,1.0948555,1.3760298,0.8698777,1.3283627,1.0115094,1.3506851,0.7729039,1.1940596,0.7616303,0.74726665,0.7268251,0.7425355,0.8643993,0.7080283,1.3495476,1.365009,1.289786,0.7392523,0.9061065,0.8367276,1.1147127,0.9388904,0.67738414,1.1277994,1.0724453,0.8517685,1.2215489
broom,1.440214,0.8586514,1.1644675,1.2909466,0.9170325,0.46565616,0.91254056,0.6119269,1.2120447,1.3595144,0.23929977,0.92644215,1.420101,1.362989,1.3406258,1.1201507,0.5199801,0.7544831,1.0998359,1.0989811,0.0,0.47213358,0.88657135,0.26101398,0.98895687,0.98820615,1.0044869,1.0608735,1.2136967,0.77865744,1.0492541,1.2906332,0.9612135,1.0719968,1.153802,1.1739514,0.45171756,1.2054462,0.5013288,1.2834008,1.0707443,1.3069866,0.58516735,0.82620096,1.3941643,0.87247515,1.0267943,0.39342654,1.299864,0.93293506,1.311867,0.9754541,0.8563529,0.94177717,0.7467634,1.2139728,1.2713075,0.7747095,1.2354342,1.0135758,1.2868772,1.2182271,1.2429092,0.81395787,1.0420032,0.892598,1.174804,1.0699193,1.2806844,0.6246841,1.1458615,0.60010827,1.0700568,1.1631849,1.2869804,0.9309346,1.472553,0.2566384,1.2044929,1.3089664,0.7051562,0.7435061,0.81104285,0.90893376,0.9293561,0.8641763,1.4284003,1.3637736,1.1831558,1.2825966,0.49313897,0.5453048,1.048425,1.0810887,0.4150074,1.2178773,0.5299735,1.0350573,1.108036,1.2895708,1.1975156,0.6493828,0.60982454,0.8651725,0.9084876,1.254479,0.88672376,1.3450907,1.2724082,1.1835083,0.48531348,1.249953,1.0032488,1.2896978,0.6407492,1.2064047,0.6647157,0.8342437,0.79736924,0.7988796,0.735656,0.8189176,1.2656336,1.2257619,1.437008,0.7144083,0.9326173,0.76891685,1.0656861,0.8172941,0.9604921,1.3262101,0.16381711,0.6563074,0.74782777
bucket,1.553712,0.77394396,1.0721709,1.308015,0.77135015,0.70294994,0.925103,0.591024,1.2889552,1.4612198,0.59726626,0.98478955,1.4116137,1.4293425,1.3955865,1.1400195,0.44179958,0.6043401,1.0977705,0.87423646,0.47213358,0.0,0.8758757,0.20094287,1.0323575,0.96151465,1.2069248,1.0004216,1.2667441,0.66925,1.261491,0.94791496,1.1649745,0.83390963,1.1207874,1.1283737,0.5873046,1.256684,0.2743559,1.2850461,0.9103912,1.0996093,0.9210628,0.99301016,1.3160851,0.89287555,0.8029151,0.770365,1.355908,0.8991369,1.3592062,1.114026,0.75606006,0.93191355,0.80222064,1.2840052,1.3265092,0.78733325,1.0814536,0.90030724,1.3115964,1.1418915,1.2822512,0.7201471,0.98230493,1.0422493,1.1748704,0.6528009,1.2694778,0.71388626,1.1693006,0.65768266,1.0334147,1.0907854,1.1951771,0.80119944,1.447068,0.60061646,1.1561934,1.1907402,0.73353773,0.7609035,0.9322711,0.907724,0.81708014,0.8711432,1.3987083,1.3543694,1.1924753,1.3977332,0.6528228,0.68672305,1.080356,1.0350804,0.4988407,1.1164995,0.45773876,0.9610857,1.0309194,1.1654646,1.009471,0.52202654,0.7795774,1.0036043,0.75278324,1.2747352,0.77947414,1.3548162,1.0488735,1.1594177,0.45147097,1.3828254,1.0035579,1.390737,0.603295,1.2810247,0.78249776,0.78929985,0.7302462,0.7865917,0.8147796,0.6926005,1.208329,1.2390256,1.4539758,0.48179042,0.87180984,0.7215402,1.0535253,0.8552444,0.75353086,1.2982961,0.3897851,0.7054641,1.0111532
butterfly,0.93631005,0.9197948,1.0917207,1.2679441,0.88074017,0.828634,0.731748,0.9076829,1.1492262,1.271684,0.8035381,1.0579516,1.255607,1.2229738,1.223363,1.00529,0.7935506,0.87261105,1.110015,0.88155484,0.88657135,0.8758757,0.0,0.93487656,1.0903941,0.9557765,1.1314907,1.1692914,1.0416957,0.69309974,1.1580456,1.1666248,0.8915709,0.87997365,1.1350117,1.0175791,0.75601935,1.2321379,0.82404965,1.214209,0.89671165,0.99897176,1.094294,1.082104,1.2732431,1.1277363,0.93421406,1.0220768,1.2302644,1.0631977,1.0342715,0.64916,0.6081851,1.0507916,0.7663849,0.78680766,1.2765291,0.9829068,0.9847416,0.88274115,1.2177702,1.0710588,1.0910728,0.91885966,0.7224849,1.0880361,1.0407352,0.97764796,1.2580575,0.89097726,1.1743464,0.7332126,1.0991874,0.9948532,1.1284744,0.860801,1.1694384,0.8678818,1.1634139,0.96814954,0.9289228,0.7926761,1.0665754,1.0476079,0.96186215,1.0354725,1.1683519,1.311999,1.2921091,1.1404457,0.7290516,0.7547463,0.79906505,0.96716386,0.8482123,1.0117573,0.6639308,0.9597259,0.90554494,1.1030178,1.1431375,0.8002085,1.1024966,1.0543749,0.8071688,1.2012155,0.58334625,1.2690679,1.0312626,1.295881,0.69163096,1.2020673,0.99156183,1.0469494,0.8535206,1.1649495,0.876366,0.8151406,0.8777338,0.84610945,0.82328284,0.76306295,1.2222518,1.2547731,1.2026011,0.7923017,1.1007442,0.9229099,1.0436628,0.8650713,0.7905712,1.1963639,0.8267065,0.91804034,0.95396763
can,1.5692633,0.8825621,1.1387037,1.3035369,0.9608237,0.6334126,0.99545896,0.5571273,1.2714283,1.3578578,0.33923602,0.8777236,1.3752184,1.3471674,1.3023021,1.2361445,0.5497814,0.7668606,1.0931833,1.0698346,0.26101398,0.20094287,0.93487656,0.0,0.9749571,1.0744725,0.96374315,0.8828252,1.2394303,0.818207,1.099162,1.1911594,1.1206999,1.0437336,1.0191557,1.1686847,0.610634,1.1715297,0.47689325,1.3322477,0.89285624,1.2367235,0.6854048,0.821576,1.2598453,0.7412672,1.0389085,0.5179474,1.3326243,0.8813895,1.3986223,1.1710358,0.8666037,0.9141868,0.8793359,1.3779969,1.2692993,0.7319348,1.1295696,1.1220858,1.2505053,1.2024398,1.2342321,0.7051104,1.0332221,0.9766871,1.1266682,0.9773629,1.0915384,0.7689932,1.0647324,0.6490506,1.0440127,1.0736808,1.2776242,1.0219083,1.4882244,0.5056426,1.0750351,1.354179,0.73839164,0.7622174,0.77798223,0.8402065,0.93827605,0.77252275,1.4353731,1.3172245,0.97815436,1.3995183,0.6369537,0.71623987,1.1327616,1.1070917,0.29928458,1.195409,0.5430131,1.0843365,1.0933793,1.2770288,1.0483747,0.55500954,0.56393045,0.90601325,0.7659535,1.141825,0.9380141,1.2076322,1.1291974,1.0023233,0.5658467,1.3209573,1.0285771,1.2716651,0.6017297,1.2390587,0.7693832,0.82022595,0.7781764,0.91081685,0.86065805,0.8295821,1.1456462,1.0835499,1.4697776,0.6919821,0.8376231,0.7255484,1.1501861,0.86339295,1.005177,1.3638301,0.33096528,0.624442,0.8431435
car,1.1157182,1.1640053,1.1167817,1.08915,1.116909,1.1053684,1.0330634,0.8567017,1.0633465,0.9952427,0.9226164,0.76541424,1.2124226,0.8087281,1.061136,0.9384123,1.0105579,0.9820901,0.89984965,1.1348584,0.98895687,1.0323575,1.0903941,0.9749571,0.0,1.1080238,0.84456396,0.8847382,0.953263,0.99937147,0.8967594,0.9612368,0.83363783,1.096459,0.8420367,0.949715,0.9460728,0.97220504,1.0354819,0.87825185,0.9770123,1.1624781,0.89773285,0.7241931,1.1078643,1.0679842,1.2324362,0.99411255,0.9913593,1.1860934,0.96839005,0.9506869,0.9831435,1.1437559,0.9591068,1.0172706,0.8222685,1.0425295,1.0779927,0.8628217,1.0348868,1.1376333,1.0842968,1.0899485,1.0893348,0.7576049,1.0118997,1.0171212,1.0613513,0.80436397,0.85418415,0.9494835,1.0591244,0.8695922,1.0804937,1.1207123,1.1489756,1.0413284,0.5558822,1.1120844,1.0721393,1.0852315,1.1993648,1.023189,1.1739395,0.81149316,1.0126874,1.1175883,1.0751863,0.9581488,0.9277854,0.937984,1.0848715,0.99668795,0.95137525,1.0493486,1.0122975,1.0096872,1.0321454,1.2455597,0.88404745,0.6286604,0.94721043,0.8976023,0.93459237,0.97462904,0.9375192,1.0259408,0.9665563,1.133904,1.0917633,1.1004314,0.84916675,0.84322524,0.9434058,0.7369096,1.032955,1.1266999,1.009201,0.9511539,0.7531655,1.1770935,0.7476188,0.9884311,1.0245947,0.95846695,1.1726012,1.1355606,1.0565227,1.0972735,0.9234822,1.0399878,0.94812846,1.089655,0.9314056
carrot,0.9544898,0.7396518,0.7794397,0.9687158,0.7642106,0.8226307,0.87159264,1.1125969,1.0935915,1.1723235,0.98380977,0.89405465,1.1582708,1.266003,1.0926509,0.9939008,1.0157392,0.94080687,0.89334893,0.8176476,0.98820615,0.96151465,0.9557765,1.0744725,1.1080238,0.0,1.30062,1.0992825,0.9018322,1.0049423,1.1529914,1.0218914,1.0387636,0.993931,0.9521315,1.0177975,0.9207954,1.1144433,0.9085025,1.1274143,1.1718309,0.6945257,1.1289475,1.0097097,1.1173502,1.188025,0.70270145,1.0321004,1.1243861,0.9210544,1.0319571,0.7807419,1.0314975,0.97625005,0.89510024,0.84627914,1.1500998,1.1387279,0.81048524,0.84731245,1.1560788,0.8457589,0.9806206,1.0580693,0.9657466,1.1267616,1.0855169,0.8883351,1.226154,0.81340754,1.1284369,1.0410112,0.98789465,0.88005483,0.84957594,0.8713534,0.81871986,0.90392107,1.1726888,0.8563012,1.0358597,0.9066124,1.0956256,1.0455347,0.56379354,1.0459261,1.0079328,1.1653227,1.2594593,1.0785974,1.026425,0.95781267,0.8827358,0.95659554,1.0844958,0.86177325,1.0586854,1.0125222,0.9948992,0.55844027,1.0524485,1.0164608,1.060843,1.0652094,1.1365113,1.2266109,0.9178471,1.2391214,1.0938655,1.1661478,0.8725234,1.1237826,0.96833634,1.2209066,1.0877339,1.2101057,1.0777863,0.861962,1.0684062,0.8368419,0.8823792,0.84147304,1.0516725,1.1982642,1.1379745,0.9620308,1.0141224,1.1205951,0.80466247,0.88101035,0.7240262,1.0566792,0.9121107,1.0962267,1.1021764
cat,0.793354,1.3717208,1.2976491,0.82196033,1.3357732,1.1130261,1.3012424,1.0597445,0.6639117,0.61676866,0.94307214,0.9009245,0.7737771,0.5964466,0.68826747,1.2543979,1.2375048,1.2538674,1.0249037,1.2919035,1.0044869,1.2069248,1.1314907,0.96374315,0.84456396,1.30062,0.0,0.81337035,0.8882231,1.196497,0.66204506,1.035304,0.91397303,1.2086327,0.7957059,1.1670063,1.314829,0.7139172,1.2808033,0.898085,0.6010991,1.1062392,0.6372351,1.0137624,0.7974252,0.99119943,1.3424121,0.9843723,0.96007395,1.2355807,0.79770195,1.0731986,1.1489803,1.1632754,1.2673346,1.119552,0.67162097,1.1633285,1.093006,1.4583473,0.8964278,1.1722693,0.73954815,1.0407658,1.1537673,0.81132483,0.8539376,1.2009867,0.63439107,1.2138848,0.78790736,1.019809,0.95731395,1.1257182,1.1469247,1.1517645,0.8714949,1.0617518,0.7706269,1.1343722,1.1601948,1.08268,1.0652306,1.1296034,1.3641553,0.8786472,0.72558004,0.71499854,0.6399367,0.890524,1.2152419,1.2983556,1.1370704,1.1793392,0.93866616,1.2619032,1.1268321,1.1883056,1.1692879,1.2206203,0.8518952,1.0809966,0.91373277,0.84063035,0.9245844,0.6228342,1.2522051,0.6683171,0.9914727,0.7689693,1.298645,0.73290336,0.96853316,0.60506684,1.16232,0.63048255,1.1897581,1.1510739,0.9289124,1.2396317,1.1956618,1.3026764,0.82926726,0.67268527,0.7715607,1.4373355,1.2014892,1.274461,1.2027779,1.030021,1.4401963,0.9407191,1.1459225,1.208984,0.6334342
chair,0.9849334,1.569753,1.3335402,0.7644087,1.3803535,1.3524578,1.3628232,0.74760836,0.6238023,0.52278095,1.1979382,0.37742847,0.7577788,0.8143346,0.6123835,0.90908253,1.3296287,1.1472654,0.5697279,1.3842196,1.0608735,1.0004216,1.1692914,0.8828252,0.8847382,1.0992825,0.81337035,0.0,1.0643208,1.2850302,0.567855,0.7211961,1.063408,1.3859766,0.33254427,1.2853701,1.4313698,0.35891414,1.2300304,0.8261304,1.0631608,0.98965067,0.5733351,0.52801704,0.7382444,1.1286625,1.3638175,1.1648514,1.0357152,1.1786661,1.0609946,1.2573569,1.1145204,1.1064222,1.1149464,1.3441677,0.77649283,1.3601987,1.1153768,1.3915007,0.9875186,1.2359468,0.89504224,1.1657076,1.1233759,0.68823016,1.0191569,0.9440669,0.6062988,0.9404526,0.15148777,1.0776525,0.92714167,1.0566114,1.070581,1.0126703,0.937382,1.042695,0.66912735,1.1917322,1.4755144,0.9927494,1.1635759,1.282357,1.4399924,0.63947487,0.9479706,0.7138366,0.60455215,0.73044056,1.3699683,1.3346499,1.1082088,1.2352347,1.0971135,1.1394161,1.201932,0.9987114,1.0761417,1.3160267,0.56267756,0.9425062,1.1046005,0.59063524,1.0913436,0.7911476,1.195846,0.65013665,0.94014746,0.65410775,1.2100744,0.8256005,0.78463656,0.72473156,1.40346,0.8377267,1.4990861,1.327769,1.1025243,1.0975926,1.2211058,1.3592603,0.5352493,0.62701356,0.5360754,1.3494465,1.2176613,1.3739033,0.96204185,0.9688077,1.4405103,0.6736014,0.94841397,1.3849372,0.6790757
