,alligator,ankle,apple,applesauce,arm,ball,balloon,banana,basket,bathtub,bed,belt,bench,bib,bird,blanket,boat,book,bottle,bowl,box,bread,broom,bucket,butterfly,can,car,carrot,cat,chair,chips,clock,closet,coffee,comb,cookie,corn,couch,cracker,crayon,crib,cup,deer,dish,dog,doll,door,drawer,dress,egg,elephant,face,finger,fish,flower,foot,fork,frog,glass,glasses,glove,grass,gum,hair,hamburger,hand,hat,helicopter,horse,hose,jacket,jar,jeans,knife,ladder,lamp,melon,milk,mitten,motorcycle,muffin,nail,napkin,necklace,nose,orange,oven,owl,pajamas,pants,paper,pen,pencil,pickle,pig,pillow,pizza,plant,plate,pony,pumpkin,purse,radio,raisin,refrigerator,rooster,sandwich,scarf,scissors,shirt,shoe,shorts,shovel,shower,sink,slide,slipper,snow,soap,sock,soup,spoon,sprinkler,strawberry,stroller,sweater,table,tape,toe,tooth,toothbrush,towel,toy,tray,tree,vacuum,watch,window,zebra
alligator,0.0,1.0169249,1.1613706,0.87657773,0.7736099,1.031178,1.2533911,1.0751112,1.1512649,0.8013804,0.5936605,1.3708586,0.8686522,0.85907066,0.9621479,0.4217906,0.9845982,0.9890222,1.277337,1.1101156,0.8871215,1.2653866,1.1272689,1.0749372,1.0109547,1.3291682,1.0277754,1.2907975,0.7403139,0.8936428,1.0489522,1.2477155,0.859674,1.0903829,1.0345962,1.0077368,1.1868815,0.626864,1.1025138,1.4351335,0.71086454,1.2403926,0.92338765,1.0524,0.4261843,0.5488744,1.0863504,0.9850118,0.80207473,1.3110553,1.0017631,0.7760165,1.2447332,0.8741473,1.04848,0.95843804,1.2974842,0.5772388,0.81506085,1.2389964,0.587345,1.0967302,1.1605924,0.92234373,0.92294526,0.92860293,1.0768461,0.9972193,0.8456329,0.93965214,0.7052169,1.1656861,0.67611647,1.3726997,0.84650564,1.372757,0.99125916,0.91259116,0.45437664,0.8613166,0.8719214,1.3169156,0.8604516,1.3558948,1.0257168,1.2615227,0.9516772,1.0782163,0.7033284,0.78819954,0.9128258,1.4435599,1.3722241,1.2378343,0.80917716,1.0924064,1.2512598,1.0150363,1.1555399,0.8528327,1.3533807,0.84079194,1.2654446,1.2860204,1.0419862,1.2187922,1.2237986,0.9530456,1.058491,0.8144323,0.84676373,1.0601928,1.1702482,0.89653766,0.9865354,0.81355596,1.2552267,1.0096712,1.2971764,0.902224,0.9411719,1.2634792,0.87676394,1.0928783,0.6235069,0.88931733,0.7826668,1.2567264,1.199086,1.2676265,1.0837526,0.83853203,0.870944,1.0200886,0.99682164,1.2183598,1.3414216,1.0865753,1.0898082
ankle,1.0169249,0.0,1.1724684,0.95625436,0.71263355,1.2083687,1.3308104,1.0963159,1.0644777,0.9494747,0.8568425,1.0784491,0.9159789,0.9169731,1.1993141,0.8972795,1.0207411,1.0899514,1.2623382,1.2254592,0.9247687,0.95866454,0.9104047,1.05953,1.071916,1.0558665,1.120038,0.7343185,0.835922,0.83809936,1.0421411,1.3540334,1.0840327,0.9383762,1.0858032,1.0837834,0.97060394,0.91139734,0.9767207,1.1501478,0.9577189,1.2483017,1.1543386,1.0493747,1.0263149,0.99799615,1.1147567,1.0209004,0.7821753,1.1479769,1.2006699,1.0588129,0.5790324,1.2595787,1.3118055,0.25078773,1.0598364,1.2107329,1.0756116,0.87509537,0.7664915,1.1792963,1.0580181,0.8498169,0.9901992,0.61043805,1.0489706,1.1794806,1.1499271,1.0122126,0.89318615,1.1671543,0.71615463,0.95413107,1.0135225,1.185744,0.7936113,1.1767689,0.8825155,0.917462,0.9288911,1.0926133,0.9752405,0.6609428,0.9074404,1.1084163,1.0883148,1.0379685,0.8120253,0.693298,0.9483126,1.0673925,0.9841661,0.9159175,1.2686207,1.0213728,1.0944264,1.2195792,1.2499096,1.2230468,0.9294368,1.0611674,1.1439074,0.8031157,1.096385,1.0656624,0.7594687,0.9728865,1.0195358,0.6906437,0.966334,0.5606664,0.94891703,1.1254652,1.1172881,1.0738932,0.9949348,1.1554034,1.2024002,0.35472727,1.1032834,1.0118306,0.95148647,1.2058156,1.0189418,0.86647165,0.99483514,1.1324294,0.5352338,0.8617203,0.97589844,0.9740298,1.155474,1.0653846,1.1577775,1.1465747,0.8133017,1.21162,1.125473
apple,1.1613706,1.1724684,0.0,1.1000098,1.352448,0.22393,0.4788921,0.6882291,1.1197717,1.4463603,1.4986284,0.81782615,1.3212037,1.2893908,0.64173627,1.43678,1.2820194,1.0920565,0.6751146,0.8694037,1.2644804,0.69878244,1.1113398,0.9412638,0.90821755,0.90444183,1.2652979,0.7210051,1.2221389,1.3620744,0.9359828,0.6497967,1.3533804,0.76497626,1.1768552,0.6815107,0.94660175,1.3936894,0.7114657,0.6731714,1.4972547,0.68085617,0.8881593,0.845996,0.9286672,0.983383,1.3128755,1.2466967,1.3536865,0.31455374,1.1418941,1.0114481,0.7210358,0.69339633,0.8136902,1.0828649,0.9390645,0.6705483,1.1526837,0.8218421,1.0386875,1.1887972,0.592885,1.1901754,1.0987704,1.1504,0.7444245,1.1093335,0.8683467,1.2094705,1.3601832,0.9059982,1.4019055,0.9687855,1.3177013,0.8692055,0.8681703,1.0377357,1.1344894,1.3857954,1.2529433,0.5357837,1.1079367,0.9157933,0.8889637,0.32992852,1.4261435,0.76395345,1.3900476,1.422837,1.2224008,0.78465277,0.8423093,0.74589014,0.82799935,0.83198416,0.7205605,0.8858868,0.77697283,0.8162545,0.6608416,1.0881244,0.89164966,0.66671175,1.3347228,0.7560566,0.93866813,1.2377956,1.126807,1.3723525,0.9347275,1.2805898,1.0411813,1.27897,1.3268743,1.2024775,0.6426941,1.1841462,0.62385094,1.0877292,1.1176573,0.9265684,1.1033882,0.32830942,1.2774345,1.3026677,1.3511009,0.54869735,0.7654801,0.7287709,1.0961751,1.0881643,0.57022536,1.17727,1.0697417,0.96321785,0.81790125,1.2306373,1.1494355
applesauce,0.87657773,0.95625436,1.1000098,0.0,0.62993383,1.0560583,1.3679003,1.0846337,1.1359553,0.6944103,0.74009484,1.4898545,1.0554947,0.4636879,1.1832771,0.712276,1.1182649,0.8323833,1.2817211,1.0280277,0.8058218,1.0804317,1.302888,1.0735989,1.1273586,1.4483798,1.0876641,1.0862731,1.0455606,1.0461123,0.867779,1.2761178,0.9038502,1.0319018,1.0036758,0.9937681,1.2576455,0.86282074,0.943213,1.4293199,0.79346657,1.3253562,1.0639238,0.9799751,1.1549981,0.6490473,1.1187469,1.1689669,0.61353433,1.1557817,1.0564882,0.7341885,0.9159891,1.3048787,1.0440512,1.0263629,1.0563735,1.1012286,0.52546203,1.1332419,0.7348969,1.1120292,0.8012525,0.79985833,0.8912024,0.47411066,1.2435305,1.0662767,1.1632503,0.9958779,0.7951846,0.92236716,0.74201274,1.2932678,0.96056044,1.4158924,0.7976939,0.8710457,0.66345084,0.9018462,0.86233985,1.2095444,1.0794429,1.1841383,0.8203118,1.1394769,1.0048383,1.0065837,0.6419852,0.844566,0.8510848,1.449198,1.202061,1.2214432,1.1711085,1.3279016,1.1597769,1.1128776,1.0614966,1.1410999,1.3046982,1.0102983,1.2865493,1.057478,1.0335741,1.1968309,0.83920145,0.7388717,1.0547123,0.70027316,1.1320473,1.0182663,1.2180537,0.765237,0.98636276,0.8116381,1.3500767,0.900929,1.2946849,0.921847,0.7726821,1.0491724,1.1691658,1.1175747,0.95344967,0.70324934,0.6912981,1.3349172,1.0265908,1.1319242,0.7070879,1.1558155,0.97859925,0.8754925,0.98322904,1.4177561,1.2109988,1.1540308,1.1549313
arm,0.7736099,0.71263355,1.352448,0.62993383,0.0,1.2506461,1.4909508,1.3064405,1.3206747,0.40605652,0.47194332,1.444516,0.7799729,0.5714364,1.3672214,0.5546591,0.93816656,0.8683661,1.4747319,1.1442729,0.735836,1.3193433,1.1528529,1.1935164,1.0982797,1.449039,0.93786716,1.2018774,1.0081203,0.85051,1.0359019,1.4486138,0.7314563,1.1672289,0.9073413,1.2063831,1.2708548,0.6917245,1.1630332,1.5332558,0.5547608,1.4579781,1.1342919,1.1504903,1.2724165,0.879602,0.93426955,0.95076793,0.4442672,1.3724704,1.0458018,0.8754993,0.97259563,1.329026,1.2078041,0.85515624,1.1326586,1.2863898,0.5419208,1.200711,0.88368607,1.0055189,1.2015661,0.7028298,0.8107121,0.35877204,1.4544513,1.0115454,1.2647054,0.6819927,0.78339994,1.1191792,0.42648238,1.3532563,0.751638,1.4324956,0.8613952,0.97404945,0.58421576,0.75281596,0.9962989,1.3494751,1.0405749,1.1976488,0.979412,1.3639271,0.6354986,1.3553326,0.4027611,0.5198897,0.58007973,1.5064964,1.2478979,1.321923,1.246834,1.5416502,1.3497844,1.2001218,1.267489,1.2635126,1.4024277,1.163011,1.4277049,1.1974571,0.8501979,1.4601735,1.0040157,0.73491544,1.0891362,0.37787223,1.292095,0.78933895,1.2301955,0.61150247,0.7300401,0.70473397,1.5569694,0.8294673,1.4832604,0.64320457,0.79287654,1.2215589,1.1498017,1.266489,0.88024324,0.58943343,0.34250224,1.5460999,1.0563875,1.329737,0.7213181,1.1679524,1.3152275,0.8759564,0.76506424,1.3468587,1.3316225,1.0541768,0.99430215
ball,1.031178,1.2083687,0.22393,1.0560583,1.2506461,0.0,0.47474635,0.899871,1.0641991,1.248548,1.3437663,0.94281447,1.1864369,1.2293586,0.75455916,1.274338,1.223935,1.0098094,0.7545731,0.7678456,1.129648,0.8962083,1.1306347,0.8087208,0.9664335,0.9882505,1.1572562,0.9179852,1.2322258,1.2714432,1.0238452,0.6146351,1.3053969,0.88662773,1.0256469,0.54985917,1.0539113,1.2746642,0.8314574,0.8083577,1.3202374,0.68194693,0.92556226,0.8240208,0.9585606,0.9111727,1.2877976,1.1630424,1.258297,0.38477862,1.1213471,1.0168091,0.8562715,0.84922355,1.0225772,1.1438112,0.9998217,0.72649074,1.029379,0.9670145,0.9830433,1.1399239,0.61390525,1.2022498,1.0698148,1.1198254,0.7890848,1.0914828,0.92416716,1.0921309,1.2820749,0.8871068,1.2817867,1.0517784,1.2066257,0.8627612,0.9230838,0.8797618,0.9671672,1.3143165,1.2707243,0.681055,1.0763239,1.0832037,0.82884026,0.45471746,1.3498313,0.86995447,1.260612,1.3611851,1.1114504,0.9221268,0.91697085,0.97249466,0.8273066,0.8907646,0.90118533,1.0179538,0.8032786,0.85983557,0.8026184,0.9986029,0.9284626,0.7795392,1.2586823,0.9361499,1.0738444,1.2297759,1.0310313,1.2802205,0.7994081,1.2764578,1.0301914,1.1991454,1.1896996,1.0028328,0.7394569,1.0852959,0.7856499,1.1110814,1.1387209,1.0154489,1.0192126,0.59579605,1.1865575,1.2059582,1.1913899,0.52427256,0.89106274,0.84753585,1.041516,1.0313313,0.40198374,1.1268489,1.1312169,0.9508058,0.959526,1.2436272,1.1232417
balloon,1.2533911,1.3308104,0.4788921,1.3679003,1.4909508,0.47474635,0.0,0.8683201,0.94823104,1.5038482,1.4986414,0.5015846,1.2647418,1.3573673,0.6499865,1.4453135,1.1245334,1.1804805,0.36968327,0.7862487,1.3823211,0.7347913,1.0005552,0.88573486,0.964152,0.5207062,1.1707557,0.86186755,1.1883361,1.2587487,1.0720043,0.20576143,1.2880104,0.8782469,1.1303248,0.8983142,0.7705175,1.3621441,1.005606,0.4282344,1.4673219,0.4109931,0.96825147,0.8913019,0.9801564,1.2789878,1.0816442,1.140216,1.4510351,0.27326977,1.0110227,1.1332668,0.94561565,0.53538597,0.8415665,1.1848954,0.8627265,0.86567056,1.2713087,0.758809,1.2130982,1.0070696,0.804374,1.2547262,1.2203087,1.4046426,0.5093255,1.1371932,0.91673386,1.2537878,1.4045112,0.82355607,1.4579529,0.81622076,1.2918811,0.42032325,1.1352985,1.0203824,1.3835868,1.2929256,1.237856,0.41513944,1.1229248,0.84782624,0.97070783,0.38634473,1.3210027,0.8725066,1.4504657,1.4084363,1.3075008,0.4584756,0.72338444,0.7975931,0.8307121,0.51870286,0.67742556,0.8790653,0.7158264,0.88362426,0.55548024,1.0550643,0.6867422,0.855838,1.1693037,0.6353117,0.99712837,1.2785611,1.0864663,1.4356921,0.95468897,1.189163,0.87009627,1.3310724,1.1384888,1.2592125,0.49060446,1.1372174,0.36034274,1.2892365,1.2310061,0.8728888,0.98048574,0.66745645,1.2467233,1.347395,1.4283742,0.387587,0.89655274,0.7678735,1.1110159,0.9774717,0.8024703,1.2316635,1.1563697,0.6381649,0.7542578,0.8461298,1.0223645
banana,1.0751112,1.0963159,0.6882291,1.0846337,1.3064405,0.899871,0.8683201,0.0,0.9104266,1.3405316,1.3855124,0.89854187,1.2152348,1.2042216,0.68300027,1.2874253,1.217587,0.89428604,0.8263459,0.8970189,1.0895238,0.6919413,1.0218768,0.9989182,0.79862833,0.98939687,1.1814264,0.82965475,1.1880603,1.315517,0.6525609,0.8707055,1.3076032,0.88623124,1.036956,0.932821,0.9252891,1.2757739,0.5352738,0.74495804,1.3581378,0.8971494,0.9055325,0.7542292,0.93929005,1.0515376,1.1994355,1.1461807,1.3045332,0.7738085,1.2002335,1.0270272,0.9887396,0.83416134,0.79921156,1.0141592,0.75496304,0.5935605,1.1051013,0.9537936,0.9438817,1.1361232,0.62407845,1.1996166,0.8881295,1.1751347,0.9501556,1.0571787,0.8791695,1.1759341,1.2270284,0.8188621,1.2984368,0.79013044,1.2406093,0.9872777,0.89388984,0.9436301,1.1972343,1.1670358,1.0376239,0.9587021,0.7954595,1.018444,1.1451426,0.7193939,1.315752,0.773722,1.3223299,1.2838165,1.1405642,0.8575207,0.8410065,0.67706454,0.8706265,0.9246696,0.721029,0.8910613,0.6424001,0.87146956,0.92418396,0.98651856,0.9262728,0.89745724,1.183739,0.8023606,0.92211425,1.183178,0.9146451,1.3398438,0.9405638,1.2290356,0.9414607,1.2601807,1.2497605,1.1877924,0.82390034,1.1703682,0.7836855,1.1467857,0.87129104,0.75937533,0.9902626,0.7263909,1.1752193,1.2975516,1.2740352,0.7560763,0.9872472,0.77269495,1.0182852,0.824446,0.7526113,0.8389354,1.0799623,0.9824412,0.9655771,1.1667482,1.1043676
basket,1.1512649,1.0644777,1.1197717,1.1359553,1.3206747,1.0641991,0.94823104,0.9104266,0.0,1.0414069,1.0316137,0.92362654,0.8033361,1.2107658,0.9446293,1.0542256,0.9853681,0.79631203,0.76926756,0.60125226,0.7096774,0.848407,0.71450156,0.651842,1.0274372,0.7663307,1.0060483,1.1908911,1.1505958,0.76146364,0.96903485,0.79610336,1.0456138,1.0579773,0.883176,0.93282914,1.0043657,0.9305986,1.0023563,0.81015253,0.8637235,0.7458774,1.1171479,0.8602421,1.0648862,1.0826814,0.9807442,0.7581938,1.2560399,1.0325688,1.1640967,1.168647,1.2080326,1.0624253,0.9427166,1.1175419,0.6697228,1.0405267,1.1265849,1.1194625,1.0965873,1.0399412,0.9095271,1.3061323,1.1009026,1.2936168,1.00493,0.91298866,1.08957,1.0158939,1.073139,0.74246585,1.3192292,0.6035962,0.802786,0.80557686,1.2206665,0.88659835,1.229254,1.0399572,0.9311357,1.0888338,0.77945983,1.1883385,1.2378352,1.0198323,1.0126258,0.99906325,1.2429557,1.276697,1.0515846,0.83491117,0.78462183,1.0801024,0.97824377,0.7845181,0.7436851,0.77739096,0.59562427,1.0490599,0.96695095,0.5829888,0.6161906,1.1692946,0.90565735,0.8966345,1.0638964,1.1832548,0.8188324,1.3015105,0.69944376,1.2464541,0.6251738,1.1434002,0.88807094,1.1222994,0.8131697,1.0988901,0.9379678,1.2247139,0.9865193,0.6833948,0.8011299,1.0121264,0.9663261,1.1897485,1.0826137,0.6520084,1.1795053,1.0855105,1.0272754,0.8241855,0.80070084,0.5793247,1.1378872,0.74713916,1.0733958,1.0129108,1.0765237
bathtub,0.8013804,0.9494747,1.4463603,0.6944103,0.40605652,1.248548,1.5038482,1.3405316,1.0414069,0.0,0.41400683,1.4762856,0.61485004,0.6092974,1.4037414,0.45215148,0.7600711,0.7534523,1.4755881,0.9338373,0.4939233,1.5620431,1.0384752,0.96453595,1.108834,1.413304,0.616627,1.3688445,1.021742,0.74858725,1.185522,1.3752961,0.53497183,1.1080872,0.79955786,1.2075195,1.271293,0.69796807,1.3431029,1.5479816,0.35054815,1.3904802,1.1671222,1.0941564,1.3228606,0.93817675,0.6448926,0.7398943,0.5701196,1.5156591,0.88431716,0.9635745,1.3149815,1.412224,1.2144423,1.1055924,1.1980441,1.2921305,0.4827041,1.3717268,1.0595005,0.76726246,1.2556577,0.91802937,0.7605105,0.734313,1.5419164,0.8300537,1.2819638,0.7441932,0.7827166,1.1195797,0.49495757,1.3819834,0.7029911,1.2810798,1.0362085,0.8069842,0.64706504,0.722844,0.9207928,1.4800401,0.8768586,1.3732542,1.0237676,1.4976437,0.39982545,1.354084,0.47088933,0.5414962,0.5190131,1.5405823,1.4387274,1.395575,1.2550361,1.5741452,1.5242006,1.1901798,1.1724336,1.2538677,1.5280442,0.9826042,1.2563049,1.3735874,0.6126385,1.5586944,1.2433298,0.86543965,0.9295113,0.5733057,1.2144101,0.84250796,1.1885157,0.4340955,0.399516,0.43956828,1.6080651,0.5471214,1.5017473,0.9010667,0.8522585,1.2512167,1.0752686,1.3726128,0.7922134,0.66279346,0.2889731,1.4927592,1.3574529,1.4149615,0.79489094,1.0416204,1.1480013,0.7123777,0.71856225,1.2894417,1.4792317,0.9508406,0.88535625
bed,0.5936605,0.8568425,1.4986284,0.74009484,0.47194332,1.3437663,1.4986414,1.3855124,1.0316137,0.41400683,0.0,1.4285719,0.45273697,0.6663517,1.3893056,0.27162385,0.7071877,0.8629181,1.4664311,1.1768093,0.54066133,1.4884567,1.0281329,1.034674,1.204874,1.2661874,0.8613442,1.3412504,0.7359252,0.36050808,1.1978365,1.4800539,0.39059103,1.1664033,1.0025282,1.2430648,1.1658996,0.116334856,1.311025,1.588297,0.16320449,1.4357564,1.1607345,1.1895812,1.0396543,0.7618785,0.6958617,0.6316892,0.4528563,1.515985,1.043047,0.88114816,1.2849414,1.3425683,1.1650178,1.001969,1.371202,1.291235,0.73010075,1.3246481,0.86936206,0.9918985,1.3834255,0.7410495,0.93791145,0.7734386,1.3357766,1.0276368,1.250243,0.87887895,0.46985817,1.2169278,0.39025903,1.395016,0.44682384,1.3052845,1.0050063,0.9894374,0.60917425,0.55115706,0.6794511,1.4403219,0.9218427,1.3456497,1.1137315,1.4697233,0.54457235,1.2571787,0.37063938,0.4231615,0.7134733,1.5288908,1.4590358,1.3544534,1.2527654,1.3220665,1.4484639,1.0753719,1.3498001,1.248524,1.4244797,0.88633454,1.2730317,1.3795416,0.6244574,1.3800195,1.236016,0.767625,1.1777383,0.46131092,1.1321918,0.7760462,1.1931773,0.6008178,0.7090845,0.768383,1.5707347,0.88879716,1.442133,0.7633569,0.8605441,1.327892,1.0485312,1.4129837,0.54591054,0.5888178,0.41626358,1.5881898,1.2794939,1.4579277,1.0059932,0.97815233,1.2528057,0.92226636,0.8814993,1.2317488,1.4438646,0.8037464,1.0685796
belt,1.3708586,1.0784491,0.81782615,1.4898545,1.444516,0.94281447,0.5015846,0.89854187,0.92362654,1.4762856,1.4285719,0.0,1.2006092,1.452863,0.90271765,1.3783687,0.9832781,1.2277826,0.45570254,0.9385046,1.4041283,0.79104394,0.69821405,0.93313855,1.0786043,0.28911203,0.99828595,0.6918701,0.94064224,1.1416949,1.1757952,0.5939423,1.2273183,0.9041833,1.0877814,1.1208613,0.3984958,1.3312135,0.98041505,0.27062756,1.4691162,0.5064591,1.1124364,1.0836401,0.93966174,1.3877411,1.0033928,1.0394175,1.4387658,0.6372768,0.96701634,1.2166698,0.86299014,0.48744464,0.9746449,0.9723743,0.8713563,1.0882148,1.5210338,0.6991249,1.2471284,0.93872863,0.9813339,1.2298541,1.1467366,1.4209113,0.58770835,1.0183892,0.9599685,1.1833256,1.3066635,0.9845356,1.3676529,0.60876584,1.2929441,0.40723288,1.169873,1.1770439,1.4831278,1.1693429,1.130663,0.4950627,1.0089821,0.57251793,1.0602229,0.64011365,1.1601717,1.013366,1.4353607,1.270125,1.2468213,0.19616735,0.5318749,0.44385868,0.9987355,0.3884809,0.7259634,0.94890594,0.93859667,0.99684453,0.29796237,1.0367993,0.64907706,0.7718535,1.1209946,0.7805103,0.95653874,1.3248293,1.0512041,1.3396287,0.97221434,0.8555447,0.80787045,1.3062097,1.0267959,1.3393605,0.4305017,1.1460013,0.38323635,1.1424302,1.33558,0.8972944,0.95976514,0.94257617,1.2399739,1.3111023,1.4645095,0.5340464,0.7931733,0.79390955,1.1607366,0.8253572,1.056946,1.1886446,1.1022005,0.50854933,0.59882647,0.87782985,0.94303083
bench,0.8686522,0.9159789,1.3212037,1.0554947,0.7799729,1.1864369,1.2647418,1.2152348,0.8033361,0.61485004,0.45273697,1.2006092,0.0,0.9514237,1.3037496,0.6837618,0.7264048,0.7514452,1.240979,0.95512164,0.2781328,1.3501881,0.9015107,0.87630934,1.0612962,1.034541,0.9433657,1.3116499,1.0369245,0.4539492,1.1318907,1.3158216,0.62758803,1.1297859,0.8414057,1.1089382,1.0894783,0.41600418,1.2004704,1.2296253,0.33796996,1.1158816,1.0697867,1.0688246,1.1539457,0.9962287,0.65005803,0.078409255,0.9304055,1.303987,1.1811984,1.1435562,1.2923381,1.2348115,1.1269637,1.0654613,1.0712042,1.2522309,0.88737446,1.3308961,1.0883981,0.99670434,1.2369777,1.0167749,1.0731169,0.95387214,1.3186357,0.92977214,1.1771358,0.784536,0.8577384,1.1049259,0.8574259,0.95874166,0.5061556,0.98915523,1.1147151,0.88507235,0.89431834,0.7890626,0.9913631,1.368789,0.73192316,1.31131,1.0863359,1.3162011,0.6188075,1.3318522,0.8111801,0.7895719,0.7920256,1.1968986,1.165308,1.331551,1.0825295,1.2758485,1.2851937,0.972262,1.1069266,1.1786715,1.278952,0.8165058,0.94974005,1.302455,0.6042208,1.314989,1.2800385,0.9991339,0.9086462,0.89998317,1.0387641,0.94502985,0.9254731,0.85825187,0.60462695,0.8828335,1.3109977,1.0093861,1.3617122,0.8381008,0.9552214,1.0693341,0.80726486,1.1897998,0.73509705,0.98261887,0.70417136,1.1938521,1.2874051,1.2684095,0.89848953,0.8162341,1.0774815,0.7867964,1.0120766,0.92074645,1.3648496,0.76066643,1.0640893
bib,0.85907066,0.9169731,1.2893908,0.4636879,0.5714364,1.2293586,1.3573673,1.2042216,1.2107658,0.6092974,0.6663517,1.452863,0.9514237,0.0,1.2170026,0.62720615,0.9265546,0.7973547,1.385586,1.115148,0.78135264,1.2957585,1.2555006,1.1260505,1.0371578,1.3816378,1.0281599,1.1835393,1.0206949,0.9388611,1.0198572,1.3077627,0.8321986,1.1319164,0.9702748,1.0543889,1.1838635,0.8072527,1.2305021,1.4565744,0.68354803,1.3895733,1.0608649,1.0474864,1.180787,0.66129106,0.9575482,1.0676589,0.35853142,1.3078699,0.9751462,0.72297037,1.1395534,1.3720298,1.099189,1.0575479,1.219835,1.1430268,0.63440555,1.2371777,0.853379,0.95761645,1.078223,0.7367445,0.8662109,0.59911686,1.227525,1.0855802,1.186302,0.925523,0.69919455,1.0528482,0.6318724,1.4148378,0.8778066,1.3712435,0.8969048,0.97934043,0.65014166,0.9128948,0.82936275,1.3267753,1.0158534,1.1661284,0.907876,1.2932187,0.8577159,1.0312868,0.43029165,0.67616254,0.6992042,1.4581552,1.323058,1.2849107,1.2212379,1.3934032,1.2714133,1.1266859,1.1821089,1.2003055,1.3533258,1.0582509,1.3994296,1.2239583,0.9229558,1.3124982,1.0030513,0.6044949,1.0518576,0.4527737,1.2157657,0.8414017,1.3048167,0.46628797,0.9687368,0.6977014,1.4693373,0.79946053,1.3894672,0.94259363,0.849382,1.2828947,1.1300656,1.1916178,0.85456115,0.47804856,0.5723725,1.4315581,1.2040823,1.2461065,0.8306429,1.0954013,1.1167021,0.8964901,0.93520904,1.3587732,1.2360377,0.9768213,1.0351782
bird,0.9621479,1.1993141,0.64173627,1.1832771,1.3672214,0.75455916,0.6499865,0.68300027,0.9446293,1.4037414,1.3893056,0.90271765,1.3037496,1.2170026,0.0,1.2676514,1.2191206,1.1082665,0.7976644,1.0257119,1.2919049,0.6879956,1.0773969,1.1371102,0.69090766,0.9881431,1.169368,0.97768736,1.0824099,1.3171244,0.82126284,0.6450463,1.2588122,0.8873285,1.2026199,0.7703153,0.96206564,1.2697142,0.74584246,0.8121375,1.3731128,0.8551463,0.78915834,1.0134182,0.58676475,0.9612921,1.2018768,1.2239075,1.2572837,0.7135978,1.0358608,0.8835967,1.0152283,0.72551566,0.7948295,1.1020362,0.8755504,0.4598574,1.2539735,0.9139868,1.0330775,1.1372228,0.7861628,1.214915,1.0615435,1.3141237,0.8070617,1.0565588,0.67602015,1.194436,1.2907239,1.0054079,1.3281467,0.9327608,1.1904591,0.89096504,1.146363,1.070688,1.2162436,1.2536114,1.1085825,0.82633424,1.0778702,1.0827405,1.1123695,0.6581745,1.3435478,0.4096526,1.3097619,1.3279572,1.272993,0.8526565,0.878758,0.93304515,0.57819796,0.7529032,0.7140871,0.8507337,0.8051339,0.5910097,0.8504884,1.0165702,0.85318357,1.0229471,1.2358326,0.5765306,0.94605833,1.1471897,0.9764563,1.2916173,0.8752646,1.2926103,0.9958117,1.1918781,1.3730948,1.1929832,0.72705835,1.120919,0.75150627,1.29966,1.0468708,0.8814839,0.9373599,0.6988424,1.1198498,1.2306752,1.3324625,0.67091,1.0089042,0.8288898,1.1953505,1.0669156,0.73689324,1.1387773,1.0771601,0.9735756,0.97140485,1.0910529,1.0865198
blanket,0.4217906,0.8972795,1.43678,0.712276,0.5546591,1.274338,1.4453135,1.2874253,1.0542256,0.45215148,0.27162385,1.3783687,0.6837618,0.62720615,1.2676514,0.0,0.8063642,0.8797541,1.4919713,1.1712136,0.7196944,1.3847401,1.1556342,1.1597742,1.1186421,1.404901,0.9376453,1.3054442,0.7335154,0.7021168,1.1310422,1.3566936,0.67433375,1.0828943,0.91816676,1.1979938,1.1661824,0.44369382,1.2361681,1.5378853,0.4578358,1.4708128,1.1379299,1.1744933,0.87034863,0.69169486,0.94454455,0.863549,0.58143026,1.5038817,0.9476681,0.8730995,1.2927787,1.1772807,1.1651189,0.94774276,1.3210392,1.066928,0.7262455,1.3381413,0.6061846,0.8707483,1.2594746,0.8858522,0.7130276,0.76107526,1.3364712,1.0347583,1.1586161,0.8904524,0.5599261,1.2670212,0.4381224,1.4454752,0.72358227,1.3374128,0.9680028,1.0332326,0.4256369,0.6967331,0.6689852,1.4373782,0.6677777,1.3359716,1.0596861,1.442791,0.7456156,1.1708536,0.4354362,0.50824285,0.60598767,1.500025,1.4239302,1.2887037,1.1579504,1.1772554,1.3332072,1.1579988,1.2394757,1.1528847,1.3999147,0.8190932,1.3351753,1.401114,0.9164706,1.4160784,1.1399268,0.8053671,1.069499,0.5645332,1.0055957,0.81077445,1.2631491,0.7459384,0.7765444,0.6336117,1.46339,0.7683944,1.4296222,0.81633604,0.9006634,1.3659902,0.97445107,1.3243115,0.7029153,0.62290275,0.54464924,1.4566388,1.2987702,1.3923599,0.97998214,0.6895463,1.1728474,0.9095889,0.9427283,1.3764303,1.4218104,1.0033542,0.954331
boat,0.9845982,1.0207411,1.2820194,1.1182649,0.93816656,1.223935,1.1245334,1.217587,0.9853681,0.7600711,0.7071877,0.9832781,0.7264048,0.9265546,1.2191206,0.8063642,0.0,1.0334163,1.1956333,0.93158674,0.91523856,1.296765,0.9321167,0.9079386,1.0673133,1.0022404,0.5309079,1.216151,0.8693205,0.6511343,1.2308575,1.1318153,0.75469583,1.0992754,0.95664346,1.1500767,1.0232766,0.7222661,1.2988744,1.1490873,0.7059635,1.1231588,1.2030048,0.97416455,1.170377,1.1915157,0.69317645,0.6758926,0.9301139,1.2685568,0.89273936,1.1191936,1.1680497,1.05729,0.9722245,1.0842936,1.1462508,1.2588533,0.94434327,1.1637084,1.1236773,0.80755836,1.3727651,0.9266888,0.97927,1.013408,1.1252286,0.9324081,1.171661,0.9822877,0.8147033,1.1076512,0.77664495,1.0323883,0.8537903,0.8689419,1.0101522,1.0892143,1.0173041,0.84113336,0.91290253,1.2222131,1.0153031,1.1087453,1.076802,1.2850567,0.63088286,1.2133311,0.8980147,0.75729156,0.94620454,1.0708025,1.1457155,1.17676,1.2111249,1.0533992,1.2183027,0.8950541,1.0970882,1.2038014,1.1640465,0.9817402,0.8463955,1.1810392,0.737147,1.1702542,1.1182013,0.967761,1.0257727,0.83883524,1.0180824,0.76145756,0.9577676,0.87076485,0.59908164,0.79356545,1.1711998,0.87820554,1.1375698,0.98334557,1.0811762,1.1331513,0.9476948,1.2010586,0.85100806,0.9622104,0.8928174,1.1650236,1.2074113,1.2222972,1.0954559,0.9770745,1.2231128,0.9378144,0.7265834,0.9435597,1.1252549,0.6112821,0.90397024
book,0.9890222,1.0899514,1.0920565,0.8323833,0.8683661,1.0098094,1.1804805,0.89428604,0.79631203,0.7534523,0.8629181,1.2277826,0.7514452,0.7973547,1.1082665,0.8797541,1.0334163,0.0,1.1147754,0.871847,0.4028536,1.2590545,1.0737464,0.9850226,0.804939,1.2504454,1.023153,1.2321647,1.2770817,1.001631,1.0166738,1.0535619,1.0485184,0.92448634,0.842343,0.84569675,1.0850142,0.94892716,1.0795612,1.078526,0.7545314,1.1524264,0.92088383,0.88910013,1.1831375,0.7498382,1.0036128,0.77489924,0.97003514,1.1738777,1.1767485,0.90031743,1.2478311,1.1116102,1.0426068,1.2385771,0.9722629,0.8569677,0.7791624,1.2396859,1.1873813,1.1230586,0.59915996,1.1001163,1.0165468,0.8903477,1.3009679,1.0119312,1.0103194,0.9276234,0.97975165,0.86177623,1.0264581,1.0879173,0.8613411,1.1943077,1.1282375,0.8223946,0.9343473,1.028073,1.0166649,1.2424165,0.78953457,1.3558788,1.0700101,1.1637536,1.0040995,1.118072,0.9184767,1.1027582,0.44522238,1.1591989,1.0431652,1.1457294,0.926838,1.3036308,1.1545131,1.0376117,0.9218685,0.978817,1.2763965,0.8456285,1.0307381,1.2580521,0.8332815,1.1253687,1.0850025,0.9822885,0.8052237,1.0719175,1.0489132,1.1909884,1.1963924,0.82628953,0.96203613,0.80657434,1.2944738,0.9407265,1.2059608,1.1191496,0.8895753,1.1438417,1.0940553,0.9464602,1.0680335,0.99305433,0.57516783,1.0360101,1.3225272,1.1504649,0.7732539,0.9898685,0.67517155,0.6346623,0.9009769,1.1493516,1.3071679,1.0897558,1.1492004
bottle,1.277337,1.2623382,0.6751146,1.2817211,1.4747319,0.7545731,0.36968327,0.8263459,0.76926756,1.4755881,1.4664311,0.45570254,1.240979,1.385586,0.7976644,1.4919713,1.1956333,1.1147754,0.0,0.78920555,1.2972243,0.7092501,0.8447943,0.6401927,1.0362736,0.25699717,1.1551373,0.95609593,1.1781425,1.1372988,1.0985724,0.4358468,1.2440193,1.0061871,1.12693,0.97580165,0.8538337,1.3259909,0.97733384,0.3501333,1.4141346,0.104495585,1.0255651,0.92189544,1.0202127,1.3052747,1.0576428,1.1349971,1.422055,0.43748063,1.0925591,1.2066418,0.97799253,0.48372412,0.76791465,1.1877906,0.8676607,1.010358,1.2431287,0.7510617,1.1935351,1.0857031,0.7943655,1.2756335,1.3333863,1.4585309,0.5577076,1.1206264,1.009645,1.2241273,1.3163973,0.53895587,1.4448669,0.7021049,1.2222254,0.521451,1.2267499,0.7274076,1.4643351,1.2239027,1.1917548,0.39151,1.0033611,0.8026954,1.0482926,0.5524814,1.2469656,0.9240635,1.4443138,1.3972187,1.2873077,0.3604567,0.6631245,0.7708336,0.9344316,0.49803674,0.6494694,0.75903225,0.7531873,0.97039115,0.5609603,0.83372253,0.6085012,0.8925618,1.0618178,0.57790077,0.8986908,1.2564623,1.1066177,1.4211116,0.8465064,1.2006246,0.7186693,1.326676,1.0885313,1.3290329,0.43684125,1.2321701,0.25441378,1.3651321,1.2611833,0.808061,0.93341094,0.808671,1.123906,1.3618124,1.4043782,0.42600584,0.86559993,0.79244363,1.0809954,0.87454885,0.85001934,1.2031908,1.1191652,0.40801382,0.747303,0.9130604,1.0872409
bowl,1.1101156,1.2254592,0.8694037,1.0280277,1.1442729,0.7678456,0.7862487,0.8970189,0.60125226,0.9338373,1.1768093,0.9385046,0.95512164,1.115148,1.0257119,1.1712136,0.93158674,0.871847,0.78920555,0.0,0.8571018,0.93517184,0.98283374,0.42087448,1.0422649,0.91812325,0.9334395,1.148753,1.2531017,1.0123386,0.7681994,0.7929809,1.1457832,0.7936449,0.9244995,0.843028,0.9462004,1.1462982,0.8913176,0.9428786,1.061988,0.6428358,1.1271174,0.6085278,1.1993806,1.1292639,1.077173,0.9096969,1.2612095,0.7617982,1.1237178,1.1314964,1.207179,0.903318,0.9945838,1.2541277,0.68589115,0.9902049,0.7972284,1.1781998,1.1944857,1.0829114,0.8268886,1.286272,0.96437526,1.150537,1.0678545,0.96285933,1.1459762,1.011301,1.2341077,0.6721425,1.2670927,0.854905,1.0922772,0.8029081,0.9780492,0.87043476,1.1500856,1.1404016,1.1843427,1.0144448,0.8813682,1.2704228,1.1231004,0.86891603,0.9787628,1.1578243,1.2427979,1.3047576,0.9814464,0.97386146,0.9655769,0.98510396,1.0086427,1.0560993,0.850303,0.91129327,0.27736294,1.0742532,1.029061,0.91649413,0.77920663,1.1066966,1.0113593,1.0824116,1.1871587,1.1585062,0.95688516,1.273243,0.9439723,1.2360994,0.76468825,1.0334313,0.56835294,0.96715975,0.94284046,1.1022956,0.8278342,1.1283166,0.6104144,0.6336602,1.067292,0.8864734,1.1187202,1.2352127,0.9040227,0.6473887,1.1941917,1.1318953,0.9761882,0.92270595,0.78338134,0.40184832,1.0226861,0.9471276,1.2241106,1.1195792,1.1386496
box,0.8871215,0.9247687,1.2644804,0.8058218,0.735836,1.129648,1.3823211,1.0895238,0.7096774,0.4939233,0.54066133,1.4041283,0.2781328,0.78135264,1.2919049,0.7196944,0.91523856,0.4028536,1.2972243,0.8571018,0.0,1.4043481,0.96930194,0.7558752,0.9727999,1.2068852,1.0114253,1.2629982,1.1518159,0.6505865,1.0421546,1.3115602,0.70613825,0.9864869,0.84634393,0.9484505,1.1257582,0.6087861,1.121806,1.3453538,0.32523024,1.1854166,1.0555493,0.98281646,1.2075509,0.7891743,0.73810375,0.36018318,0.8481779,1.3367885,1.2307009,0.96911514,1.312619,1.3564093,1.1847315,1.1181928,1.1027519,1.0934184,0.7014673,1.3417594,1.075105,1.081415,0.96301967,1.0183566,1.0190072,0.83014506,1.3827603,0.9867831,1.2017963,0.82366586,0.81953055,0.9377079,0.85662365,1.1422782,0.5817182,1.2242523,1.0491806,0.789534,0.774163,0.87941784,0.9382923,1.4533794,0.7077178,1.3770027,1.1125135,1.3306996,0.7196637,1.2571206,0.7577316,0.83847594,0.6150819,1.3701656,1.2410089,1.2705907,1.1018566,1.421742,1.3764095,1.0649064,1.0725158,1.1703827,1.3913716,0.7864779,1.0749499,1.3358129,0.6098361,1.3445939,1.226367,0.9470603,0.83229715,0.91115767,1.1048533,1.0224857,1.0723475,0.76225996,0.71254563,0.72289187,1.4632841,0.96104836,1.4323492,0.8970497,0.8414778,1.1329345,0.90536785,1.1468998,0.84091014,0.9210566,0.5462382,1.2186575,1.3563926,1.229708,0.8200542,0.928205,0.7678758,0.60279083,0.98791325,1.1428005,1.4401863,0.9641332,1.1231635
bread,1.2653866,0.95866454,0.69878244,1.0804317,1.3193433,0.8962083,0.7347913,0.6919413,0.848407,1.5620431,1.4884567,0.79104394,1.3501881,1.2957585,0.6879956,1.3847401,1.296765,1.2590545,0.7092501,0.93517184,1.4043481,0.0,1.1169109,1.136058,1.0515665,0.85300016,1.2774241,0.6167935,1.0440592,1.3335254,0.5446464,0.8271351,1.41528,0.93275785,1.2816126,0.95087975,1.0068253,1.3372397,0.38412708,0.66386986,1.5517687,0.8050425,1.0306262,0.9192474,0.9016404,1.1411003,1.3855679,1.2960303,1.3559804,0.52254486,1.1309865,1.115154,0.5720235,0.84267014,0.9344531,0.8203529,0.6739502,0.9165906,1.313611,0.5858863,0.8676212,1.1686969,0.67874175,1.1418703,0.93661845,1.0640739,0.7210815,1.1973003,0.94814044,1.2680604,1.2763119,0.84612525,1.4139807,0.5623679,1.2877986,0.9161113,0.8533864,1.2030551,1.290705,1.2701498,1.0715578,0.55518246,1.027365,0.6827543,0.9805409,0.50796235,1.4275522,0.7600056,1.4121355,1.3788059,1.3207676,0.69951993,0.5597163,0.76563644,0.8986738,0.59225744,0.17150545,0.9730393,0.54685104,0.9598193,0.58223313,1.0789655,0.806606,0.5794545,1.4017442,0.5412344,0.5245241,1.1068175,1.0326974,1.3449258,0.8844515,1.2095839,0.80083203,1.4126806,1.3930163,1.3784702,0.47124672,1.2500737,0.6585344,1.0165615,0.87856925,0.5639392,0.984211,0.77363086,1.3218049,1.2973776,1.4354808,0.51774645,0.5588169,0.62560594,1.0971004,0.94375217,0.9681721,0.9408696,1.267475,0.988584,0.6083144,1.2720735,1.0347152
broom,1.1272689,0.9104047,1.1113398,1.302888,1.1528529,1.1306347,1.0005552,1.0218768,0.71450156,1.0384752,1.0281329,0.69821405,0.9015107,1.2555006,1.0773969,1.1556342,0.9321167,1.0737464,0.8447943,0.98283374,0.96930194,1.1169109,0.0,0.705201,1.1373374,0.54377425,0.9185433,0.9703251,1.0136648,0.69561434,1.1787884,0.9237977,0.8156901,1.0143598,0.8695664,1.0958753,0.7903525,0.9862456,1.1210378,0.697925,0.94182646,0.77985,1.080038,1.0923203,1.0372916,1.1953621,0.64970315,0.8454211,1.1246932,1.1462293,1.1030421,1.16998,1.0620956,1.0331638,0.96847516,0.912736,0.8488256,1.1545528,1.2175856,1.0777457,1.1370761,1.0618304,1.1302643,1.1930313,1.1678401,1.2372622,0.97246015,0.7588354,1.0558393,0.88364875,1.0172564,0.97421366,1.0293483,0.65463734,0.85878265,0.80227137,1.2003977,0.98990905,1.207574,0.9841234,1.1347401,1.0901725,0.9113066,0.9688948,1.1816146,1.1211016,0.75117385,1.113312,1.1141651,0.96017647,1.1162274,0.71670383,0.82696205,0.8363052,1.0390168,0.8871253,1.066737,0.87162745,1.0916833,1.030203,0.9141444,0.7974824,0.7811704,1.0572318,0.644601,1.0074116,1.1241632,1.227531,0.9498505,1.1296868,0.92703325,0.87143403,0.5242504,1.0747772,0.8657454,1.1279972,0.97344655,1.1362584,0.9362288,1.0007727,1.2198789,0.78151584,0.8406292,1.0981534,0.89173126,1.1665521,1.1236322,0.98222715,1.0220008,0.94577754,0.98333895,0.9071767,1.0743163,0.95983225,1.0922234,0.34985054,1.038966,0.8233921,1.1285979
bucket,1.0749372,1.05953,0.9412638,1.0735989,1.1935164,0.8087208,0.88573486,0.9989182,0.651842,0.96453595,1.034674,0.93313855,0.87630934,1.1260505,1.1371102,1.1597742,0.9079386,0.9850226,0.6401927,0.42087448,0.7558752,1.136058,0.705201,0.0,1.111372,0.5916099,0.9260317,1.0877072,1.0822768,0.6883927,1.0783503,0.8759741,0.9459359,0.8871777,0.90817606,0.9238752,0.93250906,0.9602966,1.0424875,0.9315578,0.8657796,0.42691356,1.1225297,0.69300926,1.1217588,1.0643864,0.8508835,0.8811345,1.1498333,0.9344015,1.1610575,1.177205,1.2206007,1.0069791,0.94422233,1.104797,1.0238526,1.0810966,0.77401245,1.2226549,0.98152894,1.1063735,0.9721039,1.2073234,1.0962751,1.1845925,0.9331951,1.0333816,1.1673926,1.0374151,0.93895626,0.5517087,1.0886796,0.9428339,0.949655,0.7904288,1.0415105,0.650689,1.0273073,1.0054357,1.0991788,1.1198925,0.8725566,1.1543635,1.1552488,1.0123863,0.8748822,1.1584039,1.1732477,1.0882939,1.1131572,0.98032385,1.0726292,0.91741514,1.158783,0.94538665,1.0913665,0.8003464,0.7799949,1.1384443,1.0113121,0.71707463,0.78738344,1.1627321,0.74660367,1.0411904,1.188273,1.1510464,1.0317507,1.1569178,0.82889754,1.0394884,0.5862782,1.1192088,0.67740715,0.98401004,1.0167044,1.1886775,0.86848426,1.026902,0.9873935,0.8107652,0.9245377,0.982195,0.8323567,1.2108942,1.0807172,0.78532547,1.1816745,1.0713552,1.0219527,0.8970436,0.7584566,0.8510884,1.1465662,0.6223862,1.2088931,0.96017784,1.1969571
butterfly,1.0109547,1.071916,0.90821755,1.1273586,1.0982797,0.9664335,0.964152,0.79862833,1.0274372,1.108834,1.204874,1.0786043,1.0612962,1.0371578,0.69090766,1.1186421,1.0673133,0.804939,1.0362736,1.0422649,0.9727999,1.0515665,1.1373374,1.111372,0.0,1.1441624,1.07811,1.1148832,1.1983874,1.1963273,0.9749718,0.8849927,1.1315106,0.96350986,1.014468,0.7631662,1.061041,1.1752231,1.0281557,1.0235428,1.1470746,1.0428257,0.7623484,0.8946154,0.940257,1.004257,1.0639852,1.0098935,1.1411786,1.0545453,1.0469395,0.9821382,1.1211411,0.9373754,0.8260536,1.121678,0.889373,0.58479697,1.026583,1.05164,1.1408736,1.0660156,0.9620625,1.0756888,0.961147,1.1051608,1.0770192,0.9767609,0.7115329,1.0032226,1.1155082,1.0440695,1.2078837,1.0419528,1.093103,1.038234,0.9668595,0.9793046,1.0652657,1.0992908,0.9775808,1.1179802,0.96212226,1.100097,1.0222526,1.0445293,1.1517205,0.7399074,1.154869,1.1935542,0.9178858,1.0283998,1.0435678,1.0461109,0.8211986,1.0950758,1.0274272,0.86869,0.93534195,0.75060165,1.1450315,1.0642161,1.0034606,1.0606151,1.0099826,0.88698965,1.0675908,1.1026864,0.8630801,1.1667457,0.98490006,1.147114,1.1153811,1.041263,1.1541506,0.9738417,1.0618472,0.9920009,1.069135,1.1944325,1.0059111,1.0422484,1.0493687,0.80606955,1.111631,1.0957328,1.060736,0.95889086,1.1622124,1.063695,1.0908127,1.0713326,0.8623034,1.0008942,0.92955667,1.0811267,1.00608,1.0289978,1.0401754
can,1.3291682,1.0558665,0.90444183,1.4483798,1.449039,0.9882505,0.5207062,0.98939687,0.7663307,1.413304,1.2661874,0.28911203,1.034541,1.3816378,0.9881431,1.404901,1.0022404,1.2504454,0.25699717,0.91812325,1.2068852,0.85300016,0.54377425,0.5916099,1.1441624,0.0,1.0772185,0.83391416,0.9440205,0.85127175,1.2374184,0.64011633,1.0068389,1.0685632,1.091772,1.1386364,0.6671593,1.1305394,1.0751656,0.34007454,1.2299559,0.25491893,1.1478448,1.0633452,1.0099366,1.3944316,0.76506567,0.92089343,1.3157413,0.6443881,1.0040593,1.2885165,0.9575011,0.6162589,0.9018521,1.0020596,0.93172,1.2557695,1.431747,0.79662704,1.2203666,1.0243621,1.098728,1.2190769,1.3513191,1.4441732,0.59040827,1.063392,1.0848821,1.1862774,1.1179882,0.7854999,1.2662833,0.59643483,1.1026626,0.41448748,1.2136717,0.9869483,1.4743266,1.1258374,1.1108725,0.54820657,0.9744506,0.6250344,1.0907377,0.7087884,1.0156784,1.0361981,1.335201,1.1279474,1.2943674,0.27099925,0.64626276,0.67515206,1.0881422,0.45958334,0.7988711,0.8211452,0.98253894,1.1212251,0.4431302,0.8315045,0.6279895,0.8841891,0.85007614,0.74063355,0.9891829,1.2561946,1.1431489,1.276216,0.9334643,0.88776237,0.58162665,1.2901075,0.9887653,1.3281257,0.51218194,1.2692063,0.42188907,1.1767374,1.3547959,0.83243316,0.8681066,1.0146347,1.0120939,1.2698966,1.4483494,0.6201197,0.82717645,0.81944436,1.1504346,0.83744,1.0819407,1.2235727,1.1773516,0.24198961,0.70837057,0.7240331,1.0697671
car,1.0277754,1.120038,1.2652979,1.0876641,0.93786716,1.1572562,1.1707557,1.1814264,1.0060483,0.616627,0.8613442,0.99828595,0.9433657,1.0281599,1.169368,0.9376453,0.5309079,1.023153,1.1551373,0.9334395,1.0114253,1.2774241,0.9185433,0.9260317,1.07811,1.0772185,0.0,1.191895,0.7848894,0.87188804,1.2137195,1.0770891,0.85433006,1.0612123,0.88191044,1.175104,1.0415474,0.9640039,1.2854528,1.1560539,0.8296795,1.1050096,1.0770892,1.013433,1.1091905,1.17706,0.7427554,0.8998151,0.9308833,1.3061113,0.6869633,0.98767734,1.2291694,1.1263618,1.0257766,1.1774677,1.1481146,1.1296753,0.8619355,1.0954058,1.2053373,0.700755,1.2670264,0.93684113,0.8147423,1.1195877,1.0690781,0.8261425,1.004693,0.9258515,0.8996989,1.1045821,0.79059434,1.083721,0.99846935,0.97481275,1.2018827,1.054758,1.0372158,0.7161976,1.0197897,1.1761441,1.1508465,1.1600944,1.0958939,1.2413712,0.46782523,1.1757139,0.9660685,0.8417772,0.99090695,1.1276078,1.193396,1.1326066,1.159894,1.0677114,1.2286367,1.0591477,1.0839427,1.0464965,1.1480131,0.97200227,0.8022268,1.1652839,0.73498785,1.1402178,1.2038734,1.0185993,0.914461,0.8713401,0.8665549,0.86358523,1.0500003,0.73795676,0.542089,0.7251851,1.0978414,0.67037773,1.0751615,1.0881892,1.0821302,1.1430392,1.1628805,1.2843047,0.8563882,0.9589972,0.8475649,1.1229088,1.2401384,1.2444171,1.1417226,1.153288,1.0395063,0.91600287,0.7251962,0.9923017,1.1496928,0.84853595,0.7267758
