,alligator,ankle,apple,applesauce,arm,ball,balloon,banana,basket,bathtub,bear,bed,belt,bench,bib,bird,blanket,boat,book,bottle,bowl,box,bread,broom,bucket,butterfly,can,car,carrot,cat,chair,chips,clock,closet,coat,coffee,comb,cookie,corn,couch,cracker,crayon,crib,cup,dish,dog,doll,door,drawer,duck,ear,egg,elephant,eye,face,finger,fish,flower,foot,fork,frog,glass,glasses,glove,grass,gum,hair,hamburger,hand,hat,helicopter,hose,jacket,jar,jeans,knife,ladder,lamp,leg,meat,melon,milk,mitten,motorcycle,mouth,muffin,nail,napkin,necklace,nose,orange,oven,owl,pajamas,pants,paper,pen,pencil,pickle,pillow,pizza,plant,plate,pumpkin,purse,radio,refrigerator,rooster,sandwich,scarf,scissors,shirt,shoe,shorts,shovel,shower,sink,slide,slipper,snow,soap,sock,soup,spoon,sprinkler,stick,strawberry,stroller,sweater,table,tape,toe,tooth,toothbrush,towel,toy,tray,truck,vacuum,watch,window,zebra
alligator,0.0,1.1369306,1.4226031,1.3582221,0.48481214,1.4796922,1.3403952,1.0548421,1.1661897,0.81690836,0.7608982,0.43379223,1.451148,0.6525111,0.43725199,0.85610735,0.44068182,0.6121995,1.0577598,1.5634648,1.4005159,0.8926239,0.90094656,1.0876637,1.4559789,1.0816543,1.5334388,0.82818556,1.2427475,0.51154435,0.77191687,1.0017885,1.4466414,1.1360499,0.7283173,1.4379232,1.0859164,1.2223219,1.155715,0.6189093,0.6239592,1.6177025,0.571106,1.6395808,0.99867517,0.47959578,0.9071328,1.0603558,0.96698064,0.5867158,0.99542797,1.3183601,0.7954025,1.1665132,0.8366911,1.265339,1.1462592,1.155755,1.0477238,1.4447036,0.7376623,0.7855449,1.3971128,0.65067136,1.0215693,1.10531,0.7302532,1.3567839,0.71420264,1.4244366,1.1832057,0.7978864,0.8379648,1.37657,0.36648887,0.9918902,0.9142132,1.4719727,0.9849251,0.5655838,0.8478327,1.1286545,0.3846795,0.6002247,1.082057,0.49885714,1.5572522,1.1560638,1.1703116,1.1141032,1.4790952,0.98544014,0.6943319,0.43272072,0.4097321,1.0320807,1.5352683,1.5213548,1.0850924,1.3272269,1.0591128,1.2313002,1.4550226,0.87211967,0.63597894,1.2894757,1.0833579,1.0498457,0.73258775,0.6982427,0.831509,0.46651983,0.7629211,0.81703365,1.2896502,0.81248677,1.1409975,0.5733036,1.3177485,0.8863373,1.5390902,0.98472065,1.0242628,1.5101259,0.97227496,1.4908931,1.225187,0.69371843,0.44183624,0.5864241,1.5602877,1.2951655,1.3798938,1.2019274,1.3075398,1.440757,0.8500687,0.68193233,1.2999527,1.4102188,1.0563489,0.89569664
ankle,1.1369306,0.0,0.84253377,0.9031203,1.0903124,0.9133133,0.9427411,0.66135,1.0675914,1.2043465,1.0788556,1.2274448,0.79512334,1.0967739,1.0463336,0.5818072,1.1734663,1.2484982,1.2210877,1.045482,1.163877,1.1980455,0.7855393,1.2366823,1.0886534,1.1807176,0.9558799,1.1893072,0.5038445,1.1748664,0.9995667,0.8548018,1.2735366,1.292114,1.0147369,1.060542,1.0214665,0.59690654,0.7956965,1.0459522,0.963699,0.8023601,1.3212168,0.98095137,1.303487,1.203082,1.0370975,1.1950802,1.0874132,0.78439903,0.5098362,0.7274506,1.1944541,0.6305102,0.9919833,0.38275778,0.9318795,1.3038429,0.8096902,0.7267281,1.0111747,1.243984,0.60400337,0.73131615,1.1112733,0.9675862,0.8873084,1.1353761,0.81440747,1.0060633,1.177591,1.2885644,0.93267685,1.0172477,0.9580739,0.9597508,1.180582,1.196642,0.97257817,1.1324139,1.0189985,1.1516362,1.082051,1.2164494,0.6210779,1.164604,0.7232586,0.9700586,0.5440656,0.4576422,0.7542375,1.1465912,1.277295,1.1665736,0.932569,1.2429273,0.9857374,0.9865612,0.5897472,0.8830687,0.7686349,1.1792622,0.99650645,1.0951531,1.2689205,0.99524355,1.2400103,0.8215889,1.0233654,0.8895043,1.2028453,1.0589092,0.97023207,0.8931404,0.87799644,1.2387773,1.3008041,1.3017672,0.57024777,1.2332321,0.9788566,0.49242014,1.0151943,0.80622053,0.8541894,1.0160362,1.0831538,1.2224315,1.0881746,1.3306,1.0438105,0.306763,0.6715184,0.8755084,0.99301016,1.1221948,1.2970014,1.1485468,1.0969396,0.4572506,1.1816938,1.159404
apple,1.4226031,0.84253377,0.0,0.72431356,1.3678651,0.21202219,0.50586534,0.63609046,1.0054748,1.2701735,1.1664851,1.3910255,0.45721734,1.3231661,1.449542,1.0072118,1.4214326,1.263077,1.1203077,0.51173776,0.7242532,1.3186336,1.0182631,1.121186,0.823686,1.0146898,0.6546428,1.0695705,0.8564774,1.2205179,1.2865603,0.99020004,0.83087385,1.1773732,1.2530473,0.6306353,1.155221,0.61586004,0.79926085,1.2802296,1.2235792,0.39316225,1.4946986,0.39228135,1.2328173,1.1957835,1.1357856,1.2873766,1.2749795,1.2023685,0.93106043,0.4824459,1.1271639,0.8012546,1.1117278,0.77357703,0.726286,0.90714747,0.69567525,0.61747587,0.91113937,1.2263178,0.44743896,1.1836339,1.0793146,0.89701736,1.1969395,0.8641951,1.2667468,0.6941403,1.0605543,1.3271066,1.1572044,0.81433237,1.3667264,1.1532766,1.3307505,0.79697406,0.8738133,1.292974,0.865916,1.0815017,1.3572857,1.2386835,1.0123547,1.2742357,0.30549866,1.06352,0.8417255,0.9685434,0.4411533,1.2882664,1.1751833,1.4444169,1.3576866,1.2851968,0.5639871,0.59844345,0.6274384,0.7486738,0.84933585,0.7790117,0.3773017,1.089054,1.4004813,0.9022316,1.2229545,0.7789518,1.2434477,1.2155027,1.3432138,1.3904657,1.1315724,1.0658439,0.9029664,1.3694475,1.1302438,1.3618166,0.47719824,1.0545806,0.41126776,1.0041276,1.0888412,0.5431857,1.0748743,0.65023303,0.92647713,1.3541749,1.3507226,1.3747243,0.45911568,0.6608277,0.6984152,0.9562355,0.8726727,0.5513085,1.3277674,1.1951389,0.9311267,0.5524333,1.1866641,1.1125138
applesauce,1.3582221,0.9031203,0.72431356,0.0,1.3581827,0.8945573,0.8964742,0.9960049,0.8371351,0.93779796,1.2331463,1.2579428,0.48609495,1.0396924,1.4127043,0.9224967,1.308294,1.202722,1.0476357,0.5505687,0.7922352,1.0847108,1.0716636,0.98174274,0.7794565,0.9819725,0.37826347,1.09973,0.8141822,1.1767626,0.89327025,1.0274364,0.852106,0.9796198,1.0605139,0.4070704,1.0500395,1.0948858,0.8666767,1.0268849,1.3073385,0.54168963,1.1858805,0.5452893,1.1400225,1.2439872,1.1254795,0.9746326,0.9424911,1.1343374,1.1011174,1.035878,1.1255589,0.95222384,1.1818599,0.9422426,0.77852356,0.97388667,0.88958704,0.6763543,1.1544833,1.2418813,0.6253293,1.2526706,0.90908027,1.1417329,1.220772,0.9052009,1.3387868,0.8535899,0.9141415,1.1657251,0.9429337,0.76590705,1.3242493,1.0912355,1.038221,0.6973945,0.58739376,1.3539859,1.1160915,1.1137375,1.4504764,1.2176356,1.0414633,1.2802271,0.6954694,0.73275065,0.82598054,1.1201091,0.8344102,0.8690809,1.206414,1.3309401,1.3103434,1.0478034,0.60958964,0.664044,0.74219644,0.572245,0.9983408,0.8539591,0.63798726,1.2565477,1.3024228,0.6666013,0.8098647,1.0785031,1.2985108,1.2826874,1.262921,1.3273997,1.150672,1.1062927,0.79192764,1.2896739,0.84191334,1.2091491,0.718014,1.104933,0.42338973,1.0174644,0.97177523,0.64386606,1.2077069,0.6502803,1.1051854,1.1713517,1.3275472,1.2674025,0.84804404,0.888121,0.74980056,0.91692334,0.5817765,0.89909434,1.198057,1.1571677,0.7096356,0.7937973,0.95276207,1.0557481
arm,0.48481214,1.0903124,1.3678651,1.3581827,0.0,1.3660648,1.3030871,1.1152717,1.2831388,0.74527436,0.72797465,0.44913483,1.3441982,0.7702226,0.42443717,1.1168501,0.44282442,0.61711425,0.94425553,1.4589909,1.4012499,0.92255634,1.0521592,0.9659514,1.5168972,1.1838251,1.4928732,0.8573811,1.1518626,0.69253767,0.97399807,1.124885,1.3811389,1.132712,0.8710987,1.3746855,1.1079185,1.1313636,1.1265094,0.723922,0.7230359,1.4655473,0.73544085,1.5180697,1.0137849,0.73241436,0.8846393,1.078592,1.0306609,0.9469734,1.0616956,1.2630496,0.8565569,1.2341684,0.73171055,0.9527751,1.2835383,1.2241669,1.2129486,1.4032605,1.0842515,0.7637571,1.2947083,0.7012584,1.0544803,1.0254235,0.675967,1.3204195,0.34319365,1.3809495,1.2393311,0.81614965,0.81300175,1.3832567,0.398808,0.83078253,0.95784086,1.4403355,0.8913234,0.47396845,0.85759324,1.1993836,0.41774917,0.5583494,0.9490479,0.7201952,1.3841765,1.1983291,1.0397384,0.96823835,1.3965899,1.0796362,0.8564281,0.42338187,0.53690946,0.95804465,1.3651983,1.3436579,1.2298304,1.2940843,1.1213729,1.3519524,1.4148476,0.79818547,0.6754154,1.2634954,1.0857526,0.98755044,0.6472941,0.67168653,0.7767842,0.37925977,1.0390288,1.0719385,1.3721575,0.7504474,1.1412922,0.6095972,1.3589697,0.9030678,1.4221025,0.86161655,1.0985752,1.5241973,1.0398326,1.3809528,1.1483895,0.8934064,0.38719654,0.552198,1.4657707,1.0812452,1.201539,0.96995384,1.3441274,1.389684,0.8529582,0.86295736,1.2582757,1.2770836,0.9585678,0.9668379
ball,1.4796922,0.9133133,0.21202219,0.8945573,1.3660648,0.0,0.30597776,0.75385773,1.0524604,1.4371012,1.2356893,1.4081945,0.6506574,1.3429072,1.4214482,1.045867,1.4095802,1.2040187,1.130923,0.5686232,0.7063334,1.2873492,1.0485653,1.1440883,0.778527,0.9253367,0.76732683,1.1678814,0.9365542,1.3016845,1.3890611,1.1070457,0.6073138,1.1765239,1.2883626,0.6251346,1.1756498,0.5994268,0.8662981,1.3341002,1.2528183,0.5108903,1.536566,0.45825446,1.0285872,1.1579918,1.0743445,1.3067766,1.2778383,1.2542298,0.8754195,0.23193622,1.1912403,0.7392839,1.0835656,0.7650535,0.74648345,0.77561957,0.67633307,0.74897754,0.90820545,1.2183372,0.6075541,1.0848312,1.152171,0.7688687,1.195845,0.7284651,1.2531104,0.5430073,1.0680515,1.3009593,1.2136599,0.7882414,1.3980812,1.2576742,1.3648227,0.7727667,1.0292311,1.3046799,0.7941222,1.0282233,1.3088388,1.2737755,0.95991117,1.21064,0.32260585,1.150316,0.9253172,0.8740094,0.26935506,1.3790853,1.1220081,1.4274629,1.3874897,1.2107259,0.68137467,0.6930813,0.8481026,0.8599664,0.910143,0.8542484,0.5366647,0.8919383,1.3008757,0.9752018,1.3518894,0.82553315,1.2370586,1.2283868,1.3358471,1.4045582,1.0740968,1.1446464,0.87350976,1.3514426,1.1241872,1.3739748,0.5347086,1.0989614,0.51416886,0.9568592,1.0456355,0.5927489,0.99708927,0.6529988,0.7012925,1.3272903,1.3670208,1.3805778,0.3273419,0.6448298,0.735089,0.93058956,0.91327316,0.38856167,1.2491568,1.2500893,0.9792385,0.5589038,1.2295421,1.1440573
balloon,1.3403952,0.9427411,0.50586534,0.8964742,1.3030871,0.30597776,0.0,0.7014143,1.0114695,1.3509929,1.2149489,1.2859216,0.9377796,1.148591,1.2841564,1.0830688,1.2602701,1.1536193,0.93353605,0.7269231,0.6298682,1.0380753,1.0733937,1.1751683,0.7163168,0.82130754,0.81502223,1.1883966,1.0055907,1.3662074,1.1742587,1.129705,0.6115909,1.0944556,1.1515014,0.69722813,1.1398423,0.73895967,0.90137815,1.1356614,1.1658694,0.71227646,1.3388302,0.69755745,0.8972488,1.159693,1.0340886,1.2316242,1.2057899,1.2285761,0.9751355,0.35397655,1.2834469,0.97605985,1.1569793,0.9528816,0.79416007,0.7001933,0.7876601,0.97374094,0.7869743,1.2236297,1.0096462,0.95241606,1.2713091,0.66482466,1.2321147,0.66218626,1.2417523,0.50486326,1.0411148,1.182305,1.08843,0.8123021,1.3396362,1.3180715,1.2191576,0.82023424,1.1394324,1.3035262,0.59587646,0.8536172,1.1321336,1.2317853,1.0839508,1.0962583,0.73819697,0.963097,1.1393472,1.0296233,0.39174873,1.2195405,1.1086826,1.3437788,1.3636317,1.026175,0.8818307,0.8541206,0.7728786,0.84485245,0.9118036,0.7936281,0.55394214,0.6990328,1.0211841,0.9626351,1.2599413,1.1218998,1.1302905,1.165682,1.224454,1.3205023,1.0935271,1.2414167,0.74912035,1.2648544,0.95632654,1.1995962,0.8355006,1.1469722,0.70925,0.9335919,1.0168058,0.7272126,1.139372,0.85090923,0.62293583,1.2095281,1.2794514,1.2409991,0.5004784,0.88982785,0.8765691,0.9585537,0.80453956,0.36674964,1.0836499,1.2506173,1.0146501,0.9201483,1.2051663,1.1357485
banana,1.0548421,0.66135,0.63609046,0.9960049,1.1152717,0.75385773,0.7014143,0.0,0.88796335,1.2883667,1.1851662,1.2185404,0.92179793,1.1124278,1.0711669,0.7904105,1.2181478,1.2010183,0.91402733,1.0409726,0.84712344,1.0203073,0.6337211,1.2162659,1.0293353,1.1250542,1.0635712,1.1168995,0.72516656,1.285203,1.1438905,0.7072556,1.0421891,1.3100779,1.2728398,0.9572976,0.95034474,0.71825176,0.46613324,1.0554931,0.6977832,0.7060398,1.2673914,0.9195405,1.0335557,1.1358328,0.97578806,1.3851109,1.1010869,0.96060586,0.9022727,0.6257341,1.2267065,0.892316,1.1125016,0.78775764,0.6732171,1.0269463,0.8313385,0.7567483,0.544715,1.137078,0.9450176,0.76886094,1.211073,0.64066833,1.169599,0.9486197,0.9729259,0.9249539,1.202952,1.1690024,1.2000067,1.0716208,1.1783923,0.8833847,1.2301354,1.1463224,1.1621032,1.1248286,0.6737572,1.0543021,0.9598974,1.2130377,0.91692984,1.0228719,0.9231871,0.9533668,0.8848657,0.9724273,0.64404297,1.3032463,1.1820871,1.2908657,1.1512021,1.1165173,0.904634,0.8643448,0.4355842,0.8975359,0.74801576,1.024951,0.56263506,0.9328744,0.99507403,0.92727584,1.3809433,1.0660843,0.8913609,1.0095248,0.9621319,1.2740579,0.76430273,1.0642245,0.8394517,1.2946426,1.1252506,1.2020736,0.62649274,1.1425757,0.9884449,0.74636817,0.94364274,0.7889205,0.999884,1.016333,0.9889123,1.1435941,1.2151518,1.1888033,0.7283302,0.7744975,0.70568216,0.78025454,0.97351784,0.6832007,0.9745714,1.1951065,1.162508,0.83546716,1.2815799,1.1911935
basket,1.1661897,1.0675914,1.0054748,0.8371351,1.2831388,1.0524604,1.0114695,0.88796335,0.0,1.1361564,1.1558204,1.1529295,0.8439311,0.8437461,1.2606654,1.0840418,1.1625528,1.1019412,0.72604597,0.83050185,0.6803093,0.5925541,0.82414526,0.98441446,0.61535364,0.9256412,0.74248564,1.1822488,0.76617104,1.2934477,0.7592335,0.58364344,0.86694777,0.93015474,1.1232376,0.82930595,0.70762557,1.0874891,0.81093943,0.93890095,0.92942816,0.7862252,0.82115066,0.77958685,0.9734597,1.1727304,1.0490947,1.0068154,0.6252469,0.9905764,1.137784,1.0890446,1.1858929,1.1001942,1.2573826,1.1493561,1.015416,0.87859005,1.122077,0.80481184,1.0445397,1.1602117,1.0000266,1.2033632,0.99839294,0.9992276,1.2992951,0.8155935,1.2960136,0.9398707,1.0497301,1.0659776,1.1780223,0.733524,1.3265978,1.0018691,0.8384933,0.8462475,1.0737336,1.1849089,1.1363784,1.0068817,1.2715176,1.2482893,1.1395322,1.0434113,1.0191678,0.8603504,0.9902201,1.2101772,0.9955553,0.8021141,1.0875328,1.2252017,1.1836118,0.90306675,0.8728383,0.86453104,0.9409124,0.8443829,0.9569139,0.8176907,0.79617,1.1472464,1.0005758,0.67286533,0.96284115,1.1377156,1.1325856,1.2078329,0.9766897,1.3232255,0.7347925,0.90578425,0.87984097,1.1700933,0.7700723,1.0357383,0.7746802,1.153181,0.9211231,1.0921832,0.8385178,0.8918763,1.1336117,0.84520733,0.9199339,0.93118656,1.3006988,1.042709,0.7494555,1.0844038,1.0611266,1.0187032,0.78656006,0.7517834,0.84482616,0.98052263,0.8518124,0.9584725,1.0384129,1.1524787
bathtub,0.81690836,1.2043465,1.2701735,0.93779796,0.74527436,1.4371012,1.3509929,1.2883667,1.1361564,0.0,0.7919738,0.531844,1.1682746,0.66776395,0.8787647,1.1079677,0.7486074,0.68032944,1.0563459,1.3246408,0.9888248,0.82070607,1.2028346,0.68101233,1.20712,1.1806207,1.0757865,0.63823646,1.1776776,0.57659876,0.7040855,1.1420776,1.2429926,0.8975804,0.9503915,1.1170939,1.1008751,1.3020277,1.1095651,0.66932535,1.025204,1.2968652,0.60252243,1.2661211,0.9873397,0.9392284,1.1235182,0.57682145,0.65608835,1.0485876,1.2543428,1.3614175,0.7406024,1.2136983,0.9280155,1.3121694,1.1490698,1.2187309,1.1954088,1.135188,1.304697,0.8196837,1.2071017,1.3456683,0.6673732,1.3910451,0.9062968,1.2556089,1.0015006,1.3598714,0.9900206,0.66943693,0.90084016,1.3038559,0.71624726,0.8120968,0.709194,1.0610567,0.8560433,0.9253642,0.99202484,0.97247535,0.9845639,0.6950978,1.1547292,0.9738676,1.3283858,1.0163965,1.197138,1.2556396,1.3399575,0.66392547,0.9008042,0.7591818,0.8325015,0.957729,1.097065,1.1209012,1.0618129,0.9932348,1.2780269,1.2143438,1.1091187,1.026449,1.0223451,0.9321416,0.45743865,1.1737559,1.0389502,1.0353093,0.85876364,0.7667078,1.2678721,1.1606221,1.1382635,0.5618691,0.6924185,0.58251965,1.4428036,0.62953424,1.1553123,1.2155192,1.0149393,1.2025595,1.2546638,1.2005165,1.2620175,0.919008,0.7151563,0.6085007,1.3473097,1.397793,1.2529323,1.1647966,1.157833,1.4534657,0.91452146,0.69848955,0.9295175,1.3814602,0.6011692,0.75143045
bear,0.7608982,1.0788556,1.1664851,1.2331463,0.72797465,1.2356893,1.2149489,1.1851662,1.1558204,0.7919738,0.0,0.7503554,1.1453625,0.9890265,0.74853384,1.1870652,0.5866412,0.78384316,1.109038,1.2751579,1.2534238,1.0773478,1.1267238,1.0848517,1.2612256,1.040032,1.2536769,0.68633413,1.0805331,0.6113606,1.1124978,1.0495096,1.2050784,1.0997396,0.78157604,1.3244941,0.9762295,1.0484982,1.0918648,0.9441584,0.9519171,1.2771947,0.89371145,1.2955258,1.0606306,0.8829751,0.9899157,1.0179371,1.1101501,1.0554205,1.0586181,1.2473934,0.4284212,1.1603816,0.92478204,1.1244771,1.1195316,1.146041,1.0957942,1.2298036,1.0790689,0.7674823,1.110916,0.9581639,0.7422371,1.2174888,0.8959917,1.1561382,0.8950618,1.195071,1.038452,1.0190448,0.6133707,1.1983739,0.60157603,1.0755558,1.0403289,1.1582413,1.1958749,0.7361157,1.1005162,1.0565257,0.7669438,0.72512764,1.0547934,1.029516,1.1982744,1.1372666,1.0008224,1.0583489,1.2664329,1.0269109,1.0055037,0.51751125,0.70178473,1.0301119,1.1734757,1.2102605,1.1172392,1.1939158,0.937736,1.1240778,1.2563887,1.1079715,0.9609655,1.2144686,0.9771466,1.0948681,0.8541112,0.5146011,1.0727208,0.5442966,1.0954758,0.93485874,1.323925,0.88527894,1.1091275,0.78507763,1.3039315,0.85382277,1.2279617,1.1082006,1.1279309,1.2875857,1.1491611,1.2794473,1.1763176,1.0210618,0.57439935,0.8386755,1.2948728,1.190014,1.218512,1.2438012,1.1450874,1.3084526,1.0243031,0.71630514,1.197882,1.1711822,0.9552855,0.6498226
bed,0.43379223,1.2274448,1.3910255,1.2579428,0.44913483,1.4081945,1.2859216,1.2185404,1.1529295,0.531844,0.7503554,0.0,1.4461958,0.30205393,0.43474555,1.1196775,0.18707442,0.43456852,0.905243,1.4926648,1.2687606,0.7178741,1.1705914,1.0094489,1.4571234,1.1424268,1.4686408,0.7682171,1.3230007,0.60293466,0.6509489,1.2018863,1.3627759,0.98597074,0.8552543,1.3476186,1.1642283,1.3392334,1.2334213,0.2861017,0.75052166,1.5621834,0.3900277,1.5506746,0.8580857,0.69666505,0.9390393,0.90202945,0.8542127,0.9494186,1.249584,1.3682456,0.74617475,1.3146482,0.80706906,1.3479466,1.3439066,1.1559879,1.1774805,1.5655643,1.0726095,0.78519243,1.4392717,0.93281406,0.8653463,1.1341355,0.7797481,1.3553823,0.8222351,1.380805,1.2947311,0.7353687,0.8168211,1.372935,0.36772472,1.0519079,0.75847447,1.416463,1.014331,0.7291214,0.8212407,1.121076,0.46694624,0.50409544,1.1237129,0.6891052,1.5076549,1.1259131,1.3004832,1.2001922,1.4787116,0.9215702,0.76119334,0.35986674,0.57161784,0.9261413,1.4810061,1.4440742,1.1796446,1.1810603,1.1535141,1.3211163,1.4067731,0.9529226,0.5986394,1.2680694,0.9046469,1.1740344,0.85432947,0.7413434,0.90008277,0.44785064,1.1106585,1.1393137,1.4078107,0.6255388,0.9496134,0.21919322,1.507959,0.86644983,1.4045382,1.0714632,1.0178461,1.6160176,1.1376877,1.4531302,1.2031091,0.63954335,0.3887391,0.36043668,1.4919525,1.4272515,1.399632,1.20707,1.2049469,1.3548169,0.7378386,0.5677625,1.2580948,1.4944224,0.83656466,0.862796
belt,1.451148,0.79512334,0.45721734,0.48609495,1.3441982,0.6506574,0.9377796,0.92179793,0.8439311,1.1682746,1.1453625,1.4461958,0.0,1.2404963,1.5416172,0.9255413,1.4217712,1.369178,1.0603844,0.36258566,0.77469456,1.3226966,1.1196611,0.99135095,0.6872669,0.9677569,0.33928496,1.1016322,0.66886026,1.2100217,1.0489347,0.89284325,0.8755237,1.1867679,1.2302289,0.6225491,0.98098725,0.84173536,0.92858183,1.2111015,1.4097857,0.18646091,1.4783479,0.31347322,1.4012878,1.2874457,1.2107999,1.1975492,1.0659721,1.1440028,0.89882386,0.9666485,1.0885541,0.7807456,1.259445,0.73015285,0.6344309,1.0882089,0.66750604,0.3067484,1.1572013,1.3946646,0.16975713,1.149912,1.0015234,1.2002752,1.2939541,0.7861231,1.3098814,0.7276597,0.9178531,1.2801268,1.0376626,0.62439734,1.3577976,0.84697473,1.257115,0.63469034,0.65556633,1.3176591,1.3178113,1.1901029,1.5394881,1.3350341,0.9646232,1.3965377,0.2639932,0.79386663,0.51053494,1.0241866,0.7761793,1.0021206,1.3579221,1.4667761,1.3532724,1.2321447,0.23627973,0.32522744,0.7809143,0.48138475,0.89483875,0.75999373,0.495592,1.4569188,1.4185445,0.51362973,1.028599,0.81502974,1.2436663,1.2175586,1.2778692,1.4739629,1.0171329,0.8806112,0.74357474,1.4504421,0.95008785,1.4149077,0.32424504,1.1669252,0.27925438,0.8954972,1.0895827,0.3605435,1.1375409,0.51713777,1.2193267,1.357925,1.475549,1.4694972,0.60561,0.5992325,0.63734007,0.8495544,0.5891983,0.79471254,1.430094,1.2228583,0.68459964,0.34600508,1.0825559,1.1186273
bench,0.6525111,1.0967739,1.3231661,1.0396924,0.7702226,1.3429072,1.148591,1.1124278,0.8437461,0.66776395,0.9890265,0.30205393,1.2404963,0.0,0.7716783,1.0475016,0.49513072,0.658608,0.81924903,1.2957268,1.044832,0.5368032,1.0593258,0.97682554,1.1651578,1.112455,1.1571604,0.9753744,1.0264809,0.9287298,0.36072475,0.97063,1.2589269,0.9673824,0.95443565,1.1208776,1.0290605,1.3103893,1.0876949,0.15537196,0.85342765,1.2738273,0.46754682,1.3464009,0.883291,0.95328736,0.9922417,0.89099157,0.55104536,0.8698484,1.2274381,1.3031172,1.028518,1.1936209,1.0809877,1.2913511,1.2154429,1.1346159,1.033799,1.3189433,1.0825477,1.0537106,1.3691512,0.8902643,0.9495722,1.021469,1.0656718,1.2159263,1.0078949,1.2862104,1.2028804,0.7176094,0.97698396,1.2069236,0.64588267,0.96487254,0.71319926,1.2839636,1.025469,0.97595197,0.82968843,1.055515,0.71932626,0.8745549,1.1170368,0.81489956,1.4627132,0.79530907,1.2512375,1.2482795,1.3173616,0.74225867,0.96987385,0.7321363,0.7579257,0.9485095,1.2142295,1.206959,0.99947023,0.89499396,1.1331768,1.2094362,1.1746594,1.0297066,0.6894552,0.9179727,0.8843734,1.316442,0.9945491,0.8141617,0.9308255,0.8067845,1.0139884,1.0594785,1.1576285,0.91162395,0.7408377,0.35716474,1.3086889,1.0420594,1.1971593,0.8928694,0.8765087,1.4078491,1.174248,1.2988522,1.137995,0.72494614,0.7989796,0.710834,1.275456,1.3491677,1.2573742,1.0936291,0.8083699,1.155055,0.7912575,0.7209865,1.0872226,1.396574,0.90422416,1.0539519
bib,0.43725199,1.0463336,1.449542,1.4127043,0.42443717,1.4214482,1.2841564,1.0711669,1.2606654,0.8787647,0.74853384,0.43474555,1.5416172,0.7716783,0.0,1.0197785,0.29659754,0.63243455,0.94095105,1.5412662,1.4058695,0.827909,0.9244362,1.1813554,1.4651139,1.1924261,1.6190354,0.962236,1.2625952,0.75282836,1.0189271,1.1777763,1.3937368,1.0951455,0.8075479,1.4890286,1.0671227,1.1853693,1.1489828,0.7638112,0.47962552,1.6623727,0.62684757,1.624063,0.79703784,0.6973465,0.83096075,1.0324647,1.0468409,0.8587749,1.0348454,1.2778833,0.82484424,1.1783142,0.7133645,1.1442261,1.3956139,1.1450586,1.2868303,1.6161252,0.937867,0.6814916,1.4602236,0.6616566,1.0079345,0.9104092,0.61338574,1.2852591,0.5391486,1.3290126,1.3086743,0.9145223,0.8255398,1.3288963,0.397184,1.0516483,0.9254871,1.5487665,1.0710424,0.440466,0.7920601,1.0718546,0.27220744,0.5707076,0.95031744,0.5510205,1.5205903,1.1931996,1.0989578,0.91440636,1.404012,1.1128037,0.70348,0.2580254,0.46593553,0.91299546,1.6614933,1.6085637,1.167421,1.4554329,0.8959137,1.3472608,1.5215725,0.7050714,0.5437479,1.4601105,1.1387002,1.043337,0.54149944,0.59797996,0.89868224,0.29095447,0.9375079,0.9519297,1.415375,0.6624644,1.2481345,0.5810548,1.466143,0.95565313,1.5628538,0.8919194,0.98281544,1.6575261,0.9088566,1.5469972,1.0473344,0.73087513,0.352499,0.54263353,1.5462723,1.2495388,1.2664018,1.084261,1.3438188,1.4082278,0.759979,0.8228579,1.4638047,1.3827543,0.9892203,0.88076437
bird,0.85610735,0.5818072,1.0072118,0.9224967,1.1168501,1.045867,1.0830688,0.7904105,1.0840418,1.1079677,1.1870652,1.1196775,0.9255413,1.0475016,1.0197785,0.0,1.0971483,1.2041767,1.247865,1.0937176,1.2130781,1.200706,0.8376671,1.1194855,1.0616385,1.0276797,1.0348625,1.1302443,0.6677309,1.0393373,0.8239553,0.82684344,1.2555081,1.2463582,0.9813538,1.0576954,1.0269006,0.823761,0.87461513,0.9796295,1.0351076,0.93382484,1.1855582,1.1193125,1.2637296,1.0979685,1.0437757,1.0787457,0.96944326,0.6269601,0.69294924,0.9245556,1.0979166,0.68110895,1.0602915,0.70900995,0.7467012,1.2867026,0.8639288,0.7073634,0.75227875,1.1789227,0.79916763,0.67884016,1.0099981,1.043701,0.97376794,1.035088,0.89372396,1.0018541,1.1313885,1.0035049,1.0038991,1.0660673,0.8447093,0.7768567,1.0850577,1.1565468,0.92138326,1.1099604,1.0396028,1.1200637,0.99987435,1.1248893,0.893144,0.96878725,0.965508,0.92101043,0.71513206,0.76690555,0.97502035,1.0392754,1.1437411,1.1017362,0.80569553,1.3181916,1.0217514,1.0050969,0.62664056,0.946121,0.8977295,1.0464758,1.1378485,1.0757015,1.0886965,0.96571285,1.175487,0.8744117,1.0744423,0.97199005,0.92221105,1.0524707,0.7771567,0.81279516,0.7533382,1.1255027,1.1950567,1.2461058,0.6248423,1.1575996,1.0770838,0.65139025,0.9707144,0.80958366,0.72765636,1.0740408,1.1411285,1.0840993,1.0378536,1.2512515,1.1050681,0.67470586,0.9194795,0.8759824,1.0110472,1.1749564,1.2386764,1.1153015,1.0084196,0.71755517,1.1365744,1.1263021
blanket,0.44068182,1.1734663,1.4214326,1.308294,0.44282442,1.4095802,1.2602701,1.2181478,1.1625528,0.7486074,0.5866412,0.18707442,1.4217712,0.49513072,0.29659754,1.0971483,0.0,0.5619517,0.9310174,1.489522,1.3239887,0.80334127,1.0680737,1.1282619,1.4212933,1.1197007,1.4885902,0.8920532,1.2192287,0.63849026,0.8025496,1.1699858,1.3832113,1.1067079,0.8172153,1.372709,0.95566237,1.2659084,1.1483006,0.4985304,0.64031595,1.5541258,0.5584869,1.5640122,0.8991026,0.7611834,0.937616,1.0316932,0.97438693,0.96005917,1.1886516,1.3661733,0.60681844,1.2476543,0.8863403,1.282812,1.3818531,1.1702191,1.2079792,1.5577636,1.0593106,0.7431617,1.4235008,0.77959913,0.8572725,1.0815947,0.8140019,1.2715161,0.778352,1.3030702,1.2986324,0.89321554,0.7273787,1.321503,0.3355528,1.09113,0.88199145,1.4536455,1.0742521,0.5785583,0.8445663,1.1080545,0.35939002,0.63388574,1.0963347,0.66067827,1.5093833,1.0194993,1.1524076,1.1211932,1.4696513,0.96032774,0.8146314,0.14399278,0.47541678,0.96741974,1.5030453,1.4754076,1.173905,1.2174999,0.9170321,1.2991554,1.4554155,0.91486394,0.57750654,1.3475897,1.0511211,1.1455128,0.72935355,0.4896899,0.9655177,0.36306196,1.0337814,1.0310909,1.3786802,0.70156777,1.0633185,0.3744613,1.4700086,0.95683694,1.4220383,0.95742,1.0292876,1.617595,1.107441,1.4875443,1.1505338,0.7693043,0.38062006,0.513268,1.5173225,1.3653771,1.3610823,1.1790812,1.1209148,1.383957,0.81359076,0.68704003,1.3390832,1.4341826,0.90448785,0.8540434
boat,0.6121995,1.2484982,1.263077,1.202722,0.61711425,1.2040187,1.1536193,1.2010183,1.1019412,0.68032944,0.78384316,0.43456852,1.369178,0.658608,0.63243455,1.2041767,0.5619517,0.0,0.8819734,1.356943,1.0856205,0.6341442,1.1910083,0.9925199,1.3143559,1.1198456,1.3941708,0.6400877,1.3663218,0.79014057,0.9470364,1.2257825,1.2594723,1.0378978,0.9532439,1.2049387,1.2429779,1.2092944,1.1868211,0.7088902,0.8946692,1.427401,0.46958792,1.4040785,0.6978269,0.781599,0.96150416,0.97451234,0.83985627,0.9395208,1.2192647,1.1657363,0.8775474,1.2353427,0.75508845,1.3235765,1.3377964,1.1157311,1.1839814,1.4604651,1.0408936,0.7422483,1.3513873,1.153569,1.0087465,1.123223,0.7955609,1.2137284,0.8818889,1.2969468,1.0757136,0.789825,0.89742625,1.2509835,0.6109412,1.032635,0.8651281,1.2585217,1.1412694,0.7138071,0.88431525,1.0782934,0.74629587,0.5114217,1.0514653,0.8219485,1.3635762,1.3206562,1.3398054,1.1346421,1.2468647,0.96376383,0.88856834,0.5923686,0.7609303,0.8854915,1.3213642,1.2986069,1.2799376,1.3230193,1.1236992,1.2516431,1.2597423,0.85541415,0.74852914,1.18886,0.9880775,1.1679995,0.8776985,0.93512845,0.8640655,0.6333356,1.1494392,1.1685982,1.3833381,0.7790947,0.8631079,0.460118,1.4632514,0.8205525,1.3590027,1.2472004,1.1294925,1.4828883,1.0721619,1.3285115,1.0343993,0.6378232,0.5876818,0.4065451,1.2985139,1.3941264,1.3398082,1.2030241,1.3227987,1.0931935,0.6232521,0.658086,1.2048956,1.4021772,0.9352921,0.8488131
book,1.0577598,1.2210877,1.1203077,1.0476357,0.94425553,1.130923,0.93353605,0.91402733,0.72604597,1.0563459,1.109038,0.905243,1.0603844,0.81924903,0.94095105,1.247865,0.9310174,0.8819734,0.0,0.96773005,0.782621,0.36150008,1.0997174,1.1365557,0.8656421,0.8328089,1.0905678,0.96547663,1.1378806,1.3351176,0.9066373,1.0758536,0.9523765,0.90457124,1.2523981,0.9985478,1.0029526,1.194019,1.044098,0.8734913,0.86770713,0.9154261,0.67875135,0.9934865,0.7756264,1.1024805,0.785878,1.0790989,0.68354464,1.1901422,1.3309381,1.1609274,1.1978235,1.2767472,1.0603584,1.2376512,1.0842338,0.9321034,1.185507,1.1497672,0.89241743,0.8771517,1.2339755,1.0590413,1.2232502,0.64446086,1.145688,0.786186,0.9764766,0.9512593,1.0104294,0.8745156,1.2126906,0.8394513,1.1566178,0.87039286,0.74580085,0.96134806,1.2464892,0.98634905,0.92182994,0.8895863,0.97288775,0.96137756,1.1617151,0.99446815,1.2198017,0.93525785,1.2568886,1.2803875,1.0835308,0.90193975,1.1193563,1.062186,1.2360433,0.42821825,0.9262224,0.85272956,1.0661259,1.0233794,0.9619713,0.9806102,0.9108798,0.9761565,0.6174567,0.75573945,1.0185837,1.272723,0.812878,1.033342,0.6918195,1.107771,1.0049759,1.0931624,1.0725496,1.03524,0.6702887,0.77873045,1.2114763,1.1240745,1.0498502,1.1036402,1.0396786,1.1870211,1.1138787,1.1322404,0.7760124,0.8460272,1.0751994,0.6440506,0.94004774,1.3143029,1.0614796,0.8939123,0.9587948,0.60230446,0.58073354,1.0215832,1.1544278,1.2754855,1.0512338,1.0409323
bottle,1.5634648,1.045482,0.51173776,0.5505687,1.4589909,0.5686232,0.7269231,1.0409726,0.83050185,1.3246408,1.2751579,1.4926648,0.36258566,1.2957268,1.5412662,1.0937176,1.489522,1.356943,0.96773005,0.0,0.7035409,1.192997,1.1975605,0.8430621,0.39518678,0.79990566,0.20716763,1.2292393,0.90210384,1.3794847,1.0672117,1.0981463,0.6434707,0.88720024,1.0509269,0.52683026,1.0596582,0.9546171,1.0662619,1.2893078,1.4903475,0.30424643,1.3667376,0.15986282,1.1450832,1.2590257,1.158552,0.990425,1.1588564,1.2619777,1.0757568,0.89351565,1.2405999,1.0257205,1.262288,0.94325095,0.83980757,0.8291297,0.84755164,0.6395664,1.1470411,1.3193247,0.5264045,1.2370148,1.0870808,1.0057977,1.330708,0.64449096,1.4273992,0.5837473,0.8904064,1.2669609,0.9845808,0.39434302,1.4858139,1.0961678,1.1277934,0.49752867,0.7010965,1.3597579,1.2899284,0.86343324,1.544415,1.3019084,1.168436,1.4351141,0.38825804,0.76900303,0.8940045,1.1416897,0.67979467,0.9356152,1.3043716,1.4555452,1.4052861,1.0701892,0.44482923,0.4808702,0.99271387,0.63036036,0.95645255,0.58573055,0.5745571,1.2460968,1.3022516,0.6276683,0.85665953,0.9089365,1.2594895,1.3313965,1.2156265,1.4707618,1.078796,1.0718658,0.67103845,1.2648442,0.91151994,1.3694848,0.5529339,1.189538,0.26938683,1.0995715,1.1155356,0.46986723,1.1063105,0.3456065,0.9040747,1.1883004,1.4672595,1.4304245,0.4685616,0.79772294,0.8025357,0.8406371,0.47432005,0.5110046,1.219014,1.3020631,0.47934645,0.6136116,1.127438,1.143272
bowl,1.4005159,1.163877,0.7242532,0.7922352,1.4012499,0.7063334,0.6298682,0.84712344,0.6803093,0.9888248,1.2534238,1.2687606,0.77469456,1.044832,1.4058695,1.2130781,1.3239887,1.0856205,0.782621,0.7035409,0.0,0.7612111,1.0810158,1.0076686,0.35909843,0.95961034,0.70679164,1.1194654,1.0589381,1.3986473,1.0104142,1.015817,0.60841423,0.88343775,1.3081005,0.658321,1.0867862,0.94844985,0.9898494,1.1068724,1.1939048,0.6925785,1.1137532,0.48193514,0.66706556,1.2323878,1.0862805,1.1090459,0.80692744,1.2258884,1.205473,0.7483756,1.2581991,1.0729537,1.2551448,1.1738205,0.8503297,0.825102,0.89935935,0.8075152,0.9759924,1.1616021,0.9021481,1.2573608,1.1718795,0.87656814,1.3876047,0.67077625,1.3658843,0.6514785,0.89394444,0.901785,1.2889802,0.80240244,1.5138648,1.0805674,1.087008,0.68853515,1.1859217,1.3372203,0.8929651,0.67565906,1.3373029,1.2400541,1.1974064,1.2161483,0.7878757,0.912421,1.1578321,1.2083837,0.69522655,0.9776993,1.1915641,1.4217403,1.5348912,0.9029366,0.69578576,0.7159296,1.0107238,0.66501653,0.99649936,0.83078563,0.37465978,0.9638487,1.0911679,0.72379386,0.9840552,1.1873841,1.166398,1.3292756,1.0915506,1.4837813,0.9732353,1.1684626,0.6877161,1.1485772,0.36910212,1.0891459,0.82480884,0.9547171,0.6628324,1.1848687,0.892463,0.58911204,1.1481612,0.79609907,0.87387055,1.0990565,1.4120793,1.0961998,0.3562125,1.0972924,0.9107514,1.0275989,0.860003,0.5188956,0.73475075,1.1751678,0.94233465,0.9939984,1.0569375,1.1260605
box,0.8926239,1.1980455,1.3186336,1.0847108,0.92255634,1.2873492,1.0380753,1.0203073,0.5925541,0.82070607,1.0773478,0.7178741,1.3226966,0.5368032,0.827909,1.200706,0.80334127,0.6341442,0.36150008,1.192997,0.7612111,0.0,1.0817837,1.0267111,0.88366544,0.9742176,1.1554084,0.96689487,1.1005939,1.2088137,0.66907185,1.0476686,1.099414,0.8539728,1.1488779,1.0336506,1.0616101,1.2715046,1.1289159,0.6788201,0.8073388,1.2081507,0.39782345,1.1957006,0.55811864,1.0579635,0.8532195,0.8754637,0.28682375,1.04897,1.3243482,1.1968081,1.1606963,1.2614479,1.0537876,1.3720078,1.2830181,1.0356354,1.2286452,1.3512394,0.963438,0.85793656,1.4076791,1.0976448,1.1288483,0.78617835,1.1205763,0.99939686,1.0052217,1.1101947,1.0915855,0.7114532,1.1439701,1.0575382,1.0129954,0.9269707,0.58409226,1.1119007,1.2708256,1.0187641,0.8303936,0.89475334,0.86780834,0.88410175,1.1590774,0.8973001,1.453129,0.9974201,1.3297639,1.271308,1.1874804,0.7281351,1.074035,0.9271178,1.0607026,0.6003233,1.2097479,1.1566837,1.0881088,1.185109,1.0601802,1.158886,1.127648,0.9008878,0.5923363,0.79397523,0.87559855,1.4047596,0.8602268,0.9958019,0.68749917,0.99649686,0.957268,1.200546,1.0930846,0.86005807,0.52253205,0.541383,1.3451073,1.0827956,1.2477912,1.1059115,0.96924436,1.3879204,1.1163365,1.2570349,0.8953276,0.63714945,0.9544747,0.5046824,1.0291537,1.436072,1.2439643,1.0268782,1.0382229,0.7417478,0.36393368,0.8598408,1.1352037,1.4179785,0.9806958,1.0850503
bread,0.90094656,0.7855393,1.0182631,1.0716636,1.0521592,1.0485653,1.0733937,0.6337211,0.82414526,1.2028346,1.1267238,1.1705914,1.1196611,1.0593258,0.9244362,0.8376671,1.0680737,1.1910083,1.0997174,1.1975605,1.0810158,1.0817837,0.0,1.13806,1.1293918,1.2120247,1.1933641,1.2169741,0.6748174,0.9683548,1.1327984,0.6425531,1.0660441,1.1709447,1.1309724,1.0921199,0.73258257,0.86806834,0.5078527,1.1386924,0.38971078,1.0569755,1.1589347,1.1406884,1.096626,0.8849396,1.0186617,1.1960676,1.0392163,0.8936883,0.82814014,0.84262675,1.0493121,0.83523,1.0956705,0.77116215,0.9935893,0.9460302,1.0311477,0.89580166,0.8739592,0.99142075,1.059183,0.736301,0.97422844,0.84123886,1.0487745,1.1281567,0.791397,1.1641595,1.0348687,1.1701468,1.2152277,1.0888581,1.0906698,0.9029643,1.1316229,1.2430571,0.9827913,0.87046605,0.9032701,1.0837606,0.8312057,1.2640901,0.82728404,0.8063611,1.0966656,0.9825561,0.8850186,0.7426794,0.7938359,1.1953368,0.8038459,1.0814472,0.97457016,1.173542,1.1477156,1.091672,0.840928,1.0921054,0.72037196,1.0906528,0.95410055,0.75917876,1.0631261,1.1832063,1.2869861,0.78209424,0.88678026,0.9595659,0.94879067,1.1201155,0.7043522,0.7896513,1.0208603,1.1470265,1.2222782,1.1679528,0.8364743,1.064853,1.1961964,0.84143806,0.7180487,0.9853678,0.7629432,1.0789845,0.9740762,1.1514575,1.1582683,1.1878777,1.0715499,0.8024687,0.7686688,0.9046511,1.1014618,1.1081059,1.0796999,1.1524851,1.2025789,0.92848,1.164857,1.1123805
broom,1.0876637,1.2366823,1.121186,0.98174274,0.9659514,1.1440883,1.1751683,1.2162659,0.98441446,0.68101233,1.0848517,1.0094489,0.99135095,0.97682554,1.1813554,1.1194855,1.1282619,0.9925199,1.1365557,0.8430621,1.0076686,1.0267111,1.13806,0.0,0.9320211,1.0023416,0.7471096,1.0824814,1.012869,0.9815476,0.8684288,0.96499383,0.9727927,0.77244395,0.9916788,0.9158107,0.8508986,1.2035359,1.1357174,1.0478545,1.1780891,0.89431995,0.9013751,0.9477037,1.0641252,1.0359167,1.1573384,0.60162675,0.86732745,1.0847805,1.1704309,1.1778994,1.0959028,1.1057833,1.1476526,1.1477652,1.0522368,1.0177239,1.1667466,0.77520055,1.3181497,1.0913916,1.0762748,1.2880095,0.9147756,1.2514336,1.1486679,1.0886004,1.1083494,1.165123,0.8799955,0.6877391,1.0524255,0.93798375,1.0980943,0.6132014,0.717673,0.74928564,0.7525697,1.0471935,1.1357131,0.91721475,1.1616315,1.0575666,1.1541249,1.1624193,1.0446181,0.72460884,0.98114926,1.1813943,1.1462055,0.74562347,1.021085,1.0882609,1.0387021,1.0189275,0.7140238,0.6640178,1.2272619,0.9432667,1.2667346,0.9636922,1.0071564,0.994725,1.0998559,0.8914842,0.59923536,0.9765163,1.1406765,1.2467554,0.7062454,1.1359701,1.1586988,1.256829,0.6864743,0.7736081,0.87667215,0.94095147,1.1467845,0.894183,0.92360216,1.2301986,1.0684031,0.8541415,1.1182952,0.42440063,1.0731882,0.87944627,1.1178806,0.99684817,1.0708278,1.1619806,1.0693521,0.71208346,0.8010275,1.1649575,1.0119338,0.99819005,0.22596192,1.0730515,0.80465275,1.0420349
bucket,1.4559789,1.0886534,0.823686,0.7794565,1.5168972,0.778527,0.7163168,1.0293353,0.61535364,1.20712,1.2612256,1.4571234,0.6872669,1.1651578,1.4651139,1.0616385,1.4212933,1.3143559,0.8656421,0.39518678,0.35909843,0.88366544,1.1293918,0.9320211,0.0,0.7662719,0.41239905,1.2145469,0.91847306,1.4139881,0.8484043,1.049821,0.6141622,0.7600255,1.0457397,0.7058765,0.95768917,0.94447386,1.0824804,1.1776319,1.4037392,0.59636706,1.141243,0.34216124,0.94927865,1.2576385,1.1555451,0.93935025,0.9118568,1.196116,1.1121103,0.9092283,1.2255348,1.0563703,1.3484225,1.0971104,0.911952,0.8412105,0.9255522,0.7486703,1.1000019,1.2363563,0.85516155,1.1290605,1.1087266,1.0033755,1.3995689,0.5697601,1.4720223,0.5081849,0.8063451,1.0962534,1.0729134,0.41844857,1.5279951,1.1407349,1.0027039,0.5534992,1.0369495,1.3455102,1.2741396,0.60766745,1.4891729,1.3092737,1.2348896,1.3246456,0.72184896,0.7538734,1.0957263,1.1947025,0.7610509,0.78510904,1.2884516,1.4112667,1.4155087,0.96577775,0.6802536,0.71223485,1.0553687,0.6153887,0.95300835,0.53354776,0.6452235,1.1274705,1.1157875,0.60418195,0.78107274,1.0883449,1.2371975,1.3182603,1.1758791,1.4785732,0.9186177,0.9329178,0.54113376,1.163337,0.62287116,1.2598128,0.70062274,1.0987595,0.60253316,1.0628356,0.9776502,0.49093693,1.0900804,0.62770027,0.872358,1.0801374,1.4780792,1.3484311,0.42518115,0.9717417,0.9962712,1.0176651,0.61898345,0.5477646,1.0447079,1.2335324,0.66570425,0.83551574,1.1091888,1.1346916
butterfly,1.0816543,1.1807176,1.0146898,0.9819725,1.1838251,0.9253367,0.82130754,1.1250542,0.9256412,1.1806207,1.040032,1.1424268,0.9677569,1.112455,1.1924261,1.0276797,1.1197007,1.1198456,0.8328089,0.79990566,0.95961034,0.9742176,1.2120247,1.0023416,0.7662719,0.0,0.8556673,1.0121627,1.0341686,1.063182,1.0051793,1.0480717,0.8150486,0.8977948,1.0430952,0.92977273,1.0452737,1.1782206,1.1407516,1.0446875,1.2156093,0.91938394,1.0145649,0.8826739,1.0615793,0.9731915,0.81406116,0.95326257,0.98984087,1.106151,1.0353162,1.0104084,1.014972,1.1468769,1.0824609,1.1764545,0.85255235,0.90004605,0.87590814,1.0260303,0.7440785,1.0568211,1.101895,0.9867789,1.0519745,1.0304891,1.1230164,0.5451592,1.1877522,0.7228961,0.87081593,1.0331233,0.9677502,0.773687,1.1991087,1.094093,0.9184449,0.733247,1.1299868,1.1477703,1.1928388,0.85242736,1.148339,1.0982106,1.1475852,1.1662396,1.0262178,0.96583277,1.0816072,1.1577349,1.0332545,0.91673183,1.1155391,1.1505771,1.197702,0.8924917,0.9135589,0.93906677,1.0413979,0.9739156,1.0898191,0.7104453,0.9913161,1.1164603,1.0158238,0.83540785,0.9535991,1.1553648,1.0896422,1.1025507,0.9253248,1.1613917,0.9483736,1.1015428,0.7622265,1.0274825,0.8859677,1.0976353,0.99915546,1.0630667,0.9310857,1.1494356,1.1092774,0.85456157,1.1230984,0.88362646,0.8473189,0.98645896,1.1651807,1.0990533,0.87661105,1.1471379,1.1446702,1.077994,0.8778335,0.7394976,1.0182132,1.1209673,0.86399317,1.087201,1.0685,0.99176425
can,1.5334388,0.9558799,0.6546428,0.37826347,1.4928732,0.76732683,0.81502223,1.0635712,0.74248564,1.0757865,1.2536769,1.4686408,0.33928496,1.1571604,1.6190354,1.0348625,1.4885902,1.3941708,1.0905678,0.20716763,0.70679164,1.1554084,1.1933641,0.7471096,0.41239905,0.8556673,0.0,1.2283208,0.7617657,1.2671634,0.786727,1.0111749,0.70762116,0.84714335,0.9296179,0.49232358,0.9619604,1.0136762,0.98565316,1.1377432,1.5272195,0.34878612,1.285964,0.24975348,1.2674067,1.3330135,1.2637949,0.7845804,0.9781657,1.1757563,1.0382103,1.0095363,1.18929,0.95891935,1.3355188,0.9413696,0.7839177,0.9292471,0.8305542,0.48725402,1.3091286,1.4002544,0.54879236,1.3114417,0.987886,1.2564542,1.3706905,0.7454815,1.494087,0.7124579,0.8302015,1.246071,0.8253604,0.4425267,1.4479985,1.0647775,1.0213764,0.4598627,0.59912366,1.4474962,1.3270051,1.0307853,1.6424263,1.3885081,1.1420727,1.4772005,0.49807298,0.53023523,0.8106614,1.1753693,0.7671081,0.64454234,1.3826089,1.4725645,1.3400323,1.079113,0.4229691,0.51263833,0.8952794,0.40292263,1.0371765,0.60357326,0.5526344,1.3348739,1.3787255,0.4570806,0.58720416,1.0359379,1.3497801,1.3490832,1.3259342,1.4802765,1.1410519,1.0597609,0.56110317,1.2333014,0.8066853,1.3772838,0.57146776,1.1822705,0.24850214,1.0322274,1.009899,0.36714816,1.261805,0.33715153,1.0575541,1.2055119,1.4821832,1.4873316,0.6211269,0.7993217,0.8568917,0.9552455,0.29965967,0.76161915,1.3506861,1.252289,0.34358644,0.6397784,0.96309596,1.1451055
