,alligator,ankle,apple,applesauce,arm,ball,balloon,banana,basket,bathtub,bed,belt,bench,bib,bird,blanket,boat,book,bottle,bowl,box,bread,broom,bucket,butterfly,can,car,carrot,cat,chair,clock,closet,comb,cookie,couch,cracker,crayon,crib,cup,deer,dog,doll,door,drawer,dress,ear,egg,elephant,eye,face,finger,fish,flower,foot,fork,frog,glass,glasses,glove,grass,gum,hair,hamburger,hand,hat,horse,hose,jacket,jar,jeans,knife,ladder,lamp,leg,meat,melon,milk,mitten,motorcycle,mouth,muffin,nail,napkin,necklace,nose,orange,oven,owl,pajamas,pants,paper,pen,pencil,penguin,pickle,pig,pillow,pizza,plant,plate,pony,pumpkin,purse,radio,raisin,refrigerator,rock,rooster,sandwich,scarf,scissors,shirt,shoe,shorts,shovel,shower,sink,slide,slipper,snow,soap,sock,soup,spoon,sprinkler,strawberry,stroller,sweater,swing,table,tape,toe,tooth,toothbrush,towel,toy,tray,tree,tricycle,truck,vacuum,watch,window
alligator,0.0,1.3918598,1.1663167,0.8455439,0.76162076,1.1849494,1.158243,0.85409755,1.2278612,0.78237534,0.7131106,1.3938107,1.1003176,0.74852437,0.4222343,0.6999525,0.7563081,0.67533875,1.384485,1.4242594,0.85761744,1.0846555,1.3583117,1.4140232,0.7704525,1.5170362,1.2725322,1.281456,0.5057846,1.2328751,1.2982116,0.9418164,1.1900098,1.0731212,0.96978605,0.6126151,1.4031996,0.8741101,1.4901109,0.6672673,0.5904538,0.7015679,1.2021329,1.2231,0.9001974,1.3663414,1.228852,1.0744469,1.2706649,0.91757125,1.3615797,1.044728,1.0474802,1.1407108,1.0018406,0.34412926,0.81550074,1.4655018,1.0004385,0.9844712,0.86473376,1.0325788,0.94879526,0.8374782,1.3142728,0.69737834,0.94211364,0.6057049,1.189687,0.8593223,0.79824877,1.1458513,1.4581132,1.1736953,0.5885211,0.6075798,1.0437846,0.6072973,0.9629749,1.1283505,0.58410513,1.466388,1.409916,1.3544719,1.3312201,1.218826,1.0897803,0.4386059,0.7652265,0.94905305,0.74310493,1.2734723,1.1965034,1.0821894,0.68560237,1.0640574,1.3379496,0.32923067,0.9719832,1.2222545,0.6564716,1.2504052,0.9216105,1.253834,1.3810104,0.9835459,0.92482316,0.40006793,0.64935327,0.6601624,0.8944317,0.79471976,0.8675991,1.0514799,1.17187,0.9657764,1.2107301,0.7632456,1.3860592,0.9713531,1.3790009,1.2721277,0.6989915,0.94082415,1.0524904,0.8862527,1.028818,0.69401526,0.9437385,0.7066932,1.3149021,1.4473077,1.3312974,1.1494375,1.3810495,1.1585457,0.6533501,0.9788882,1.0280608,1.160688,1.4259353,1.4502708,1.218493
ankle,1.3918598,0.0,0.7196716,1.3078572,1.1212282,0.97869015,1.0170355,0.9790159,0.93716556,1.4353666,1.4326375,0.7364666,1.1521205,1.1284674,1.2691268,1.3608779,1.4634775,1.224546,0.7826254,0.95650584,1.4141876,0.39787483,0.78635,0.94436264,1.0724406,0.7630656,0.9291284,0.48405576,1.1212628,0.9777926,0.9771298,1.2170072,0.93221045,1.0326576,1.2505711,0.9433525,0.6293753,1.351781,0.7482222,1.1986599,1.0984102,1.137598,1.1187911,0.9116418,1.0989343,0.333556,0.8249281,1.0060251,0.61631507,1.1458172,0.25801146,0.68603194,1.0441346,0.47247124,0.87197065,1.1992029,1.2441375,0.35474777,0.9536684,1.2322426,0.80747616,0.8216896,0.7644434,0.9239014,0.70126826,1.1721729,1.1697272,1.347322,0.67560005,1.1435636,1.1578933,0.9990093,0.68808156,0.5680528,1.2562196,1.1240021,1.3058919,1.1558919,1.362222,0.6843373,1.074496,0.39608598,0.72258526,0.58586365,0.36362362,0.76466084,1.1824106,1.2778211,1.1831999,1.0820096,1.3442867,0.7132123,0.7440514,0.8137317,1.074344,0.7767883,0.75654536,1.3526461,1.052476,1.0951871,1.1663561,0.66351706,1.1106164,0.8991105,0.49763042,1.2935183,1.1565918,1.1620669,1.2323736,1.2312826,1.3842266,1.2398304,1.0159354,0.8702155,0.8268938,1.2649212,1.1520972,1.393954,0.4872532,1.1601764,0.68967575,0.9313423,1.3836566,1.0862188,1.1922112,0.9093977,1.14764,1.3026326,1.1502059,1.4701362,0.9586363,0.19566822,0.42284918,0.8372296,0.76843,0.99943584,1.4798225,1.2177703,1.2279952,1.1180947,0.89549094,0.37323362,0.98222166
apple,1.1663167,0.7196716,0.0,1.0884396,1.2049677,0.40340924,0.6459547,0.57071185,0.8994197,1.2163527,1.3506399,1.0274435,1.188141,1.1695776,1.0919315,1.3694048,1.233642,0.9948109,0.74385095,0.8335538,1.217526,0.6586058,1.0076433,0.97794,0.9231591,0.965325,0.9112937,0.8258181,1.1570363,1.1878827,0.8758039,1.2383798,1.0959556,0.9659961,1.3533467,0.91768146,0.69123113,1.3341194,0.75118,1.0771029,1.0847051,1.0802412,1.2603025,1.0113217,1.1449447,0.67769367,0.60669667,1.1120423,0.7127007,1.0598474,0.58761936,0.6582267,0.9501724,0.88190067,0.9878971,0.8846241,1.0679541,0.75772774,1.0159956,1.2508308,0.53680944,1.0797995,0.7707037,0.95276326,0.87425464,1.035947,1.1392869,1.2184839,0.983191,1.2847242,1.0906763,1.1501092,0.86437047,0.99240845,1.0935147,0.76286405,1.1819654,0.95182276,1.255012,0.8194096,0.8024891,0.5766374,0.9844909,0.88310266,0.7930224,0.32779694,1.2388439,1.123045,1.2491485,1.2608685,1.2400589,0.8086091,0.8041167,0.8306512,0.87620234,0.87837726,1.0062855,1.1137685,1.0385606,0.80360186,0.9914171,0.52259845,1.1388892,0.9373767,0.8474706,1.3506079,1.1845672,0.964234,1.108375,1.0812566,1.1976805,1.2365582,1.0495639,1.1513064,1.0210828,1.3294965,1.0830142,1.2943102,0.82496536,1.2546188,0.7101283,0.9110135,1.1342076,1.0731398,1.1794943,0.7035273,1.2272078,1.2868705,1.173856,1.3508925,0.83111155,0.6328276,0.7754185,0.8763169,1.0405324,0.5879676,1.150802,1.0846435,1.1985711,1.0865148,1.1059427,0.72828263,1.1800028
applesauce,0.8455439,1.3078572,1.0884396,0.0,0.86947715,1.0020105,0.9283318,1.102194,1.1916683,0.15470219,0.7332541,1.2535553,1.124674,0.8622039,0.88269114,0.83170485,0.2218672,0.9093792,1.2384862,0.9190067,0.42986858,1.184355,1.3201458,1.1819094,0.99183136,1.3192935,1.165294,1.2394835,1.0327882,1.2878448,1.127157,0.9538638,1.2061955,1.028105,1.0470363,1.1804142,1.2099643,0.97951245,1.2236031,1.0779763,1.0748587,0.9269782,1.2207026,1.1485255,1.0476484,1.2344368,1.0612161,0.96094394,1.1810129,0.95181257,1.222862,1.1194075,1.1207061,1.1786853,1.0646372,0.965098,0.8949152,1.2491621,1.1802778,0.9418104,1.1126536,1.0688912,1.2186419,0.89643073,1.1582862,1.0508327,0.8496266,0.7009879,1.246347,0.9458333,0.7460803,1.1268246,1.3148708,1.217574,0.8743907,0.88250977,0.871059,0.9645489,0.85979116,1.0443029,0.92885435,1.2249817,1.364455,1.1744608,1.1513705,1.1509695,0.99509925,0.81159234,0.9151473,1.1207789,0.8215796,1.2189252,1.202548,1.2311504,1.079627,1.195422,1.3300579,0.91166294,1.1857044,0.7507063,1.0514559,1.2543523,1.0969039,1.250162,1.3036671,1.0190878,0.8616985,1.0366479,0.8310109,0.852406,0.7741112,0.8885092,1.1376231,1.1530834,0.9194735,0.9092251,0.74441516,0.6727164,1.2154953,0.9435435,1.2992976,1.0314827,0.3607484,0.6314328,1.0000601,1.0825701,1.1808966,0.78080225,0.8747719,0.5845016,1.0504537,1.2711303,1.2766576,0.96005297,1.3539898,1.0557295,0.2521261,1.0062969,0.9681664,1.0676904,1.3077164,1.2843121,1.1846405
arm,0.76162076,1.1212282,1.2049677,0.86947715,0.0,1.2867587,1.1488671,1.1111362,1.4503112,0.7667975,0.42663294,1.1842772,1.0408818,0.3315407,0.9592637,0.43503124,0.786156,1.0951396,1.456428,1.4833161,0.96169746,0.9896057,1.4216386,1.3821957,1.1266142,1.4343694,1.3710964,1.2449741,0.9044905,1.1212277,1.4648718,0.56106484,1.1862602,1.1975536,0.76570654,0.9044281,1.4857019,0.96207845,1.5269481,1.014668,1.0679499,0.95956683,0.9280195,1.2666532,0.50007045,1.2092642,1.3486624,0.67362416,1.3048602,0.8425931,0.9413209,1.3265364,1.3801401,0.67874044,0.92237747,1.2132415,0.8940323,1.3260732,0.73679125,0.91049707,1.2429394,0.8530433,1.1076978,0.28017247,1.283298,1.0705154,0.7407804,0.64892757,1.2306905,0.39560348,0.8415593,1.2016953,1.5123742,0.81719476,0.861977,0.71063805,0.94321334,0.60879916,0.8984824,0.9771858,0.91687584,1.2654879,1.3583922,1.1666528,1.0395795,1.4099101,0.9689666,0.8411889,0.31067795,0.57618934,0.7415095,1.4532354,1.3854636,1.3683734,0.7989737,0.8981886,1.2414935,0.8453946,1.2264761,1.4210746,1.1258532,1.3933761,0.7394641,1.3612847,1.3175935,0.6482471,0.95214087,1.0471743,0.73597014,0.8104943,0.9752764,0.35587782,0.81653154,0.65846837,1.1250247,0.6757407,1.1925124,0.68401754,1.1724935,0.84132725,1.4820852,1.0701588,0.92975914,0.92151374,1.004607,1.1528519,1.1798255,0.3478437,0.8403784,0.64624953,1.4618833,1.0980437,1.1560766,0.9319936,1.3155065,1.59897,0.84090406,1.023681,1.0807546,1.2127256,1.2595874,1.3598453,1.0838397
ball,1.1849494,0.97869015,0.40340924,1.0020105,1.2867587,0.0,0.21237564,0.84840775,0.9481324,1.0764036,1.194287,1.1157851,1.0850525,1.1496252,1.0253327,1.2295084,1.0743157,0.9669105,0.77585125,0.7404597,1.0706933,1.0135347,1.0656488,0.90420824,0.85347795,0.95297575,0.8696275,1.0923709,1.1467391,1.1796507,0.7358438,1.1587452,1.0643812,0.6870515,1.2258468,1.106178,0.85797936,1.1687834,0.7221129,1.092062,1.09312,1.097787,1.1710447,0.9755281,1.1206123,0.9592585,0.55652153,1.0688297,0.89849985,1.0272431,0.9859291,0.8685167,0.8246579,1.1881021,1.1547459,0.95742315,1.0410591,0.94055057,1.0571909,1.0678195,0.7349748,1.104941,0.9359964,1.1636791,0.759792,1.076175,1.0387961,1.0718886,1.0312749,1.2712817,1.1454031,1.1462251,0.868621,1.190841,1.031733,0.8524699,0.9782526,0.9967255,0.9941458,1.0443345,0.8953246,0.71322536,1.0106515,1.0312426,1.0207598,0.53911155,1.145484,1.0928911,1.2529827,1.2518194,1.1201551,0.89803785,0.96333456,0.93702805,0.9685201,1.0238284,1.0038153,1.0597762,0.97065836,0.7041713,1.044299,0.76884776,1.1658218,1.039466,1.0122063,1.2283,1.0556155,1.0283536,1.053493,1.0879548,0.98104596,1.234698,1.0938911,1.2070558,1.1026073,1.2256353,1.0439202,1.116904,1.0526832,1.0987526,0.8424885,0.7271033,1.111895,1.0474373,0.93101275,0.9604009,1.093153,1.2417552,0.99517906,1.1866096,0.6953912,0.98334193,1.0043347,0.9966378,1.0409244,0.56398916,1.0496932,0.93800384,0.9671892,1.0162119,1.1210432,0.9603669,1.0761678
balloon,1.158243,1.0170355,0.6459547,0.9283318,1.1488671,0.21237564,0.0,0.99566156,1.0890205,0.99466425,1.0836197,1.001015,0.94235194,0.9809705,1.0477161,1.0228665,1.0109411,0.9949679,0.97980976,0.8180305,1.0257667,1.0805843,1.0965552,0.88294375,0.90671223,0.9732763,1.017575,1.1238848,1.134147,1.0623935,0.8215021,1.0803549,1.0316759,0.7861639,1.0743024,1.237391,1.0006993,1.1241629,0.87112737,1.1453736,1.1367348,1.1018972,1.1000897,1.0206872,1.0771102,1.0478284,0.6002021,1.0571897,0.9709047,1.0488911,1.0189297,1.0119274,0.96206474,1.1538126,1.0094455,1.0301591,0.9859145,1.029157,0.9279547,1.0503342,0.8508117,1.0983932,1.1472738,1.0452186,0.7821884,1.1327561,0.9364987,0.99718016,1.0930156,1.0638179,1.0265751,1.1391861,0.9908995,1.1164143,1.0187329,0.87948877,0.92456436,0.9307019,0.96083564,1.0150476,0.97753805,0.9059282,0.99948955,0.999036,1.030504,0.62729144,1.0788939,1.1110731,1.0644884,1.1273452,1.0256954,0.99063843,1.0205421,0.9532604,0.9577683,1.0617986,0.9865931,1.1059606,1.063527,0.7332916,1.0953391,0.80863714,1.0347683,1.1214445,0.97926533,1.1072683,1.0588303,1.0551678,1.0450206,1.0329328,0.90659755,1.1023723,1.0655594,1.0469408,0.95583844,1.1879795,0.9748633,0.9519829,1.1055404,0.98505896,0.98897624,0.61852187,1.0788188,0.9310446,0.9224174,0.9720199,1.1477492,1.1204997,0.9961323,1.0623226,0.7916347,1.0694749,1.1151967,0.98802125,1.0004268,0.76472914,0.9843176,1.0139456,1.0127891,1.0580277,1.09296,1.0664651,1.0088093
banana,0.85409755,0.9790159,0.57071185,1.102194,1.1111362,0.84840775,0.99566156,0.0,0.84095347,1.1497176,1.2779007,1.0053294,1.0566891,1.1316756,0.94155526,1.2582921,1.193991,0.9558473,1.0026888,1.0002836,1.0850378,0.7546547,1.0559621,1.0091864,0.8610493,1.0407873,1.1349381,0.9302076,1.0462991,1.0388321,0.9097446,1.1737318,0.9719252,0.8068006,1.1928004,0.6609244,0.8311101,1.1311094,0.98116696,1.0611327,1.0178739,1.0694406,1.1380335,0.9175129,1.1796575,0.8965176,0.8991318,1.1890415,0.8668665,1.0685737,0.872282,0.67833686,0.9025054,0.95190406,0.8307938,0.7268212,1.0589631,0.99883777,1.055411,1.2168505,0.74331194,1.1001145,0.8242575,0.976115,1.071079,1.0593215,0.94342023,1.1877482,1.1290159,1.2109797,0.86941385,1.002167,0.9822143,0.92089784,1.0000308,0.5795888,1.1058116,0.9397894,1.2398168,0.93670815,0.8640726,0.9936653,0.9169868,0.8917668,1.0001413,0.78538615,1.1280627,0.9582976,1.2223644,1.15397,1.0702323,0.8056276,0.7886747,0.77992904,0.6373333,0.8798205,0.97552454,0.90876734,0.89546007,0.881323,0.9721736,0.85858965,0.9421971,0.8785575,0.9461684,1.1847886,1.2209587,0.8404045,0.91944236,1.0361629,1.0547575,1.2217417,0.8477394,1.1482841,0.9852594,1.2300026,1.051827,1.1791654,0.89139205,1.2166431,0.933501,1.0625575,1.0548671,0.86362964,1.1089574,0.7882378,1.2018491,1.2242573,1.0607266,1.2215807,0.8134936,0.9086972,0.911002,0.81726015,0.9746773,0.7931114,1.0965309,1.0418248,1.172559,1.1374238,0.992574,0.8964958,1.0788281
basket,1.2278612,0.93716556,0.8994197,1.1916683,1.4503112,0.9481324,1.0890205,0.84095347,0.0,1.2152765,1.3532201,0.7452484,0.6952511,1.4470638,1.1525475,1.3058143,1.2191586,0.827354,0.61478037,0.61330664,0.9061869,1.028106,0.63175666,0.6003752,0.9827006,0.5337366,0.8263477,0.62956524,1.1502124,0.54960287,0.7548124,1.3151901,0.7115127,0.82747686,0.99179345,0.9134945,0.5459299,0.6528673,0.6004759,1.1190938,1.0344349,1.0714219,0.9085431,0.66946715,1.2866896,0.9257278,0.96074134,1.2937775,0.9431692,1.2543044,1.0377038,0.76081425,0.7450125,1.163673,0.96286595,0.99463856,1.1098018,0.80263644,1.1487873,1.1703808,0.8746655,1.2437514,0.8682518,1.4172695,0.9333815,1.1025717,1.3363223,1.340507,0.7653337,1.3098977,0.9685015,0.5941258,0.59065354,0.94152355,1.0763423,1.2371377,1.0585005,1.2669404,1.3553168,1.1685606,1.1370299,0.8698547,0.5443314,0.76081604,1.0842494,0.77433795,0.82066655,1.2340908,1.3668169,1.1724455,1.1848254,0.6118054,0.5950318,0.8144121,1.1304857,0.8069036,0.7063372,1.0660396,0.8196876,0.6743959,1.0602429,0.6723795,0.98394996,0.57042944,0.767781,1.1195682,1.2051427,1.1008372,1.1153463,1.1690072,1.2215897,1.4274004,1.1446347,1.1475321,0.6948148,1.1681048,0.7917617,1.338407,0.77587414,1.1456662,0.5789927,0.9765565,1.0132765,0.95916575,1.2311786,0.89839494,0.86451054,1.4067911,1.254946,1.165015,0.6709052,0.8792667,0.77089274,0.97885656,0.59012437,0.6278612,1.1203249,1.0714566,1.1196339,0.95333683,0.6748152,0.6267917,0.83624315
bathtub,0.78237534,1.4353666,1.2163527,0.15470219,0.7667975,1.0764036,0.99466425,1.1497176,1.2152765,0.0,0.59410465,1.3383374,1.0271713,0.80095667,0.91742545,0.71890545,0.10359919,0.83173704,1.3065579,0.944476,0.28792614,1.2881892,1.3398769,1.1799008,1.0081981,1.3588214,1.2377734,1.3761683,1.0487497,1.2015828,1.1840215,0.8577306,1.2592237,1.0039008,0.94867355,1.1480622,1.3291473,0.83235323,1.3154231,1.0345613,1.1051998,0.88428974,1.0790632,1.0824063,0.9660499,1.3606949,1.1717355,0.9069685,1.2760563,0.95302266,1.3408103,1.2521565,1.1588211,1.2343304,1.0669401,1.0024532,0.85444796,1.4020524,1.1453788,0.89076644,1.1840013,1.1327188,1.2466743,0.87902385,1.2353039,1.0375767,0.78972995,0.631059,1.3363364,0.89580905,0.6771875,1.0334437,1.3777167,1.2706692,0.9205345,0.9057034,0.7494733,0.9264219,0.75101036,1.1024802,0.9515191,1.3624566,1.4201117,1.2610565,1.2773957,1.233318,0.8975082,0.8552212,0.8372117,1.0459481,0.7175875,1.310334,1.2827317,1.2696513,1.0428355,1.2063999,1.3907261,0.8387662,1.196715,0.7630577,1.0752392,1.3169204,0.97255087,1.209456,1.4170097,0.84448946,0.7882682,1.079557,0.79484224,0.85267556,0.69475645,0.8466792,1.0897394,1.1754749,0.9471103,0.7286304,0.6950458,0.52182984,1.3353463,0.9012151,1.3872373,1.0908747,0.25661898,0.6151431,0.97228104,1.118633,1.0841708,0.7135811,0.9060675,0.41263282,1.0346392,1.4171423,1.4025953,0.9656701,1.3933198,1.0958483,0.13784432,0.9989747,0.9481683,1.077976,1.2783433,1.4148941,1.1341246
bed,0.7131106,1.4326375,1.3506399,0.7332541,0.42663294,1.194287,1.0836197,1.2779007,1.3532201,0.59410465,0.0,1.275409,0.84198874,0.49158096,0.91337407,0.19355929,0.5639469,0.8594823,1.4052448,1.3033073,0.6947716,1.3038802,1.3986855,1.3306637,1.0907925,1.4242783,1.2633681,1.5038189,0.8536644,1.0089724,1.3452299,0.3824607,1.2298361,1.1792806,0.4303534,1.0321243,1.5543184,0.6902425,1.4422965,0.93393743,0.94964254,0.7703329,0.8352951,1.2555642,0.64143074,1.4162929,1.3010309,0.8481051,1.3258779,0.7970933,1.3151362,1.4876212,1.2731757,1.0455563,1.259653,1.1336915,0.90897113,1.4757594,0.97933453,0.76458234,1.2986774,0.8985784,1.2244279,0.755288,1.1813599,0.9679543,0.75632584,0.43774456,1.3350854,0.52659243,1.0124168,1.1019272,1.46721,1.2891176,0.87734705,0.9330319,0.86135125,0.7731775,0.71886224,1.0977838,0.8661777,1.3383247,1.362963,1.3356776,1.25759,1.4123875,0.86995846,0.8115032,0.3723644,0.6666907,0.6150999,1.527956,1.4818596,1.3183981,0.9249309,1.0948005,1.134522,0.7780291,1.1731532,1.2352365,1.0394921,1.4360076,0.8442099,1.3042593,1.474982,0.58507615,0.7934733,1.0596488,0.7716422,0.6594951,0.8924522,0.41727453,0.9573103,0.8301605,1.2906054,0.5271304,1.0660492,0.48304313,1.3830242,0.76880455,1.4334052,1.1039044,0.8127276,1.1094913,0.9085834,1.2075808,1.0464973,0.32733524,0.90136266,0.39642292,1.3638045,1.4354492,1.4011636,1.2427607,1.3123378,1.3988106,0.6074818,0.9695647,0.95280534,1.0725292,1.2910156,1.5479517,1.0142416
belt,1.3938107,0.7364666,1.0274435,1.2535553,1.1842772,1.1157851,1.001015,1.0053294,0.7452484,1.3383374,1.275409,0.0,0.6376538,1.2184758,1.3026494,1.0349653,1.3417299,1.1122012,0.74816334,0.6689045,1.1674011,1.0422405,0.63830906,0.73303336,1.1962951,0.48050207,0.88403004,0.5302078,1.217096,0.5268961,0.8976425,1.1939003,0.5960265,1.0362548,0.82569206,1.2628804,0.5143706,1.0170496,0.6265811,1.2618256,1.2158325,1.2866131,0.8883163,0.67636734,1.188095,0.8028259,1.0177419,1.1216964,0.7364257,1.1991457,0.7893305,0.7078141,1.067994,0.85585845,0.7140325,1.2617033,1.2471368,0.57044834,0.99955714,1.2637147,1.0258129,1.0682064,1.1655444,1.235425,0.8464198,1.2214595,1.1197093,1.3105838,0.8012424,0.87525284,0.92944205,0.89966625,0.6729365,0.79276574,1.2110809,1.2244127,1.1401081,1.2994732,1.2985764,0.8911241,1.3510334,0.81278044,0.3747238,0.62750834,0.80090094,0.85849434,0.86053956,1.3430544,1.0895468,0.85598433,1.2073658,0.54391336,0.5431241,0.85657775,1.0324309,0.79512405,0.42645454,1.3453461,1.020998,0.84772193,1.1826543,0.6975987,0.8430995,0.7050158,0.46283197,1.0914077,1.2226192,1.2451249,1.2199244,1.1463485,1.1748222,1.1658098,1.1144328,0.6693624,0.6515895,1.234202,0.5372111,1.2979888,0.68399566,0.9694323,0.5488064,0.98369956,1.2927809,1.0031743,1.2274969,0.87565196,1.0896132,1.2135872,1.2909539,1.2954063,0.95612,0.6994722,0.61492014,0.9862803,0.37547183,0.9795894,1.3292408,1.1325065,1.2104208,1.0430652,0.5618941,0.60304284,0.8160477
bench,1.1003176,1.1521205,1.188141,1.124674,1.0408818,1.0850525,0.94235194,1.0566891,0.6952511,1.0271713,0.84198874,0.6376538,0.0,1.0753094,1.1464729,0.6749929,1.0638099,0.87784934,1.0098559,0.8778613,0.81093335,1.2408438,0.9554659,0.7675392,1.1328216,0.7430428,1.0779566,0.966544,1.1405191,0.28282225,1.0233152,0.9750724,0.8016129,0.8770536,0.35802186,1.0606263,0.9166393,0.5066403,0.9388075,1.0615156,1.1253649,1.083838,0.808691,0.6725915,1.0983311,1.2254921,1.1048198,1.2515938,1.1621554,1.1405468,1.1372937,0.99121153,1.1087154,1.1262579,0.93290365,1.1708834,1.0684097,1.1605303,0.8989885,1.0336819,0.99997985,1.1897315,1.206687,1.1470816,1.1440313,1.0874155,1.0275136,1.0849422,0.9728726,0.77392256,0.79546076,0.67501706,1.0138259,1.0638005,1.0878009,1.1160926,0.9063703,1.0697062,1.0838898,1.0954694,1.1817931,1.2404025,0.6612749,1.1198485,1.1831517,1.0100585,0.66020256,1.2294164,0.90526587,0.8492613,0.94889635,0.9247085,0.8633816,1.0758462,0.9827572,0.87111497,0.6402594,1.1080956,1.0328448,0.96257806,1.0853804,0.8729804,0.73901176,0.79398197,1.0028031,0.81678927,1.0426338,1.0799956,1.1011769,1.0714023,1.0641377,1.0099208,1.0288584,0.7862183,0.8065915,1.0033634,0.62117666,0.7849223,1.1325214,0.99443096,0.96214354,0.8320247,1.0561986,0.9126062,1.0746858,0.93425345,0.92756283,1.0569146,1.1585178,0.80515623,0.97101045,1.1932479,1.1059763,0.96420234,0.6328463,0.93334985,1.0539763,1.0717798,1.0029591,1.0212646,0.83617836,1.1513783,0.88220155
bib,0.74852437,1.1284674,1.1695776,0.8622039,0.3315407,1.1496252,0.9809705,1.1316756,1.4470638,0.80095667,0.49158096,1.2184758,1.0753094,0.0,0.9577676,0.39598668,0.8059262,0.98031676,1.4477817,1.4750245,0.9553769,1.0366977,1.4688778,1.3605063,1.0667619,1.4751902,1.3433008,1.2735283,0.96663654,1.1908929,1.396723,0.69349456,1.2664816,1.1695298,0.86182487,1.0006886,1.5220569,0.9948183,1.5152142,0.9798656,1.1023921,0.72209686,1.0435872,1.3566475,0.26097667,1.1058558,1.2394137,0.9028246,1.2498587,0.8299793,1.0114844,1.343384,1.3287994,0.8327902,1.0688621,1.0975902,0.8179713,1.3291792,0.70188147,0.92860025,1.1006125,0.84944963,1.0690129,0.44032323,1.0864818,1.074655,0.8044749,0.564631,1.221938,0.42249453,0.92608696,1.2902038,1.5571377,0.8882203,0.85069585,0.7026396,0.85397017,0.5747894,0.8908465,0.8755882,0.86322045,1.2941494,1.3181989,0.97027236,0.99141586,1.3370583,1.0401592,0.8804728,0.19926155,0.599789,0.68788,1.5305995,1.4883428,1.3088541,0.7586702,1.055818,1.2841172,0.77592057,1.2119476,1.3675313,1.0998605,1.3188131,0.64891833,1.3564099,1.3214514,0.7967135,1.0300889,1.036587,0.79266703,0.7241164,0.9576513,0.3185264,0.72278124,0.5626005,1.1052424,0.767597,1.3237743,0.68170285,1.2328746,0.9402027,1.5323625,0.9103614,0.86934924,0.89951247,1.010625,1.1440637,1.1022642,0.36529666,0.9074301,0.71151435,1.4098936,1.1792482,1.1999208,0.9970625,1.2560972,1.4510846,0.8249706,1.0472529,1.0943493,1.1557977,1.3933592,1.3610581,1.1441748
bird,0.4222343,1.2691268,1.0919315,0.88269114,0.9592637,1.0253327,1.0477161,0.94155526,1.1525475,0.91742545,0.91337407,1.3026494,1.1464729,0.9577676,0.0,0.89614624,0.84877425,0.9483622,1.1806431,1.2115337,0.9812768,1.065744,1.2079074,1.2559184,0.9260397,1.3068293,1.0783012,1.2070501,0.3859229,1.2694991,1.1163391,0.98492634,1.0046834,1.0667547,1.0607255,0.6967081,1.2283769,0.90588945,1.2246065,0.85161763,0.5046608,0.89858824,1.1673169,1.2178785,1.0196687,1.2476594,1.0968995,1.0470188,1.0815487,0.8538167,1.2827231,0.97449726,1.0303733,1.1365039,1.0763642,0.4827671,0.88506633,1.2011118,1.0463239,0.93328273,0.9520135,0.9180252,0.9707003,0.9812911,1.1593959,0.842769,1.04297,0.758926,1.0614368,0.9516509,1.0260991,1.1565719,1.2384218,1.1850227,0.752872,0.8380774,1.0351113,0.7679007,0.9091728,1.0971222,0.56773806,1.2182214,1.3470647,1.3230166,1.1852528,1.1746856,1.1032834,0.31055176,0.9410441,1.0532026,0.9526959,1.1624473,1.1397407,1.0190346,0.89973706,1.108677,1.2567497,0.688127,1.0472127,1.1090958,0.82091117,1.2282199,1.1077362,1.2024031,1.22303,1.0231127,0.9114874,0.66266567,0.782415,0.6671852,0.9444491,0.88379526,0.9504116,1.0930623,1.2620854,1.0421188,1.1153628,0.8662734,1.265667,0.8487155,1.1609095,1.1522111,0.8249899,1.0756754,0.9968269,1.0900917,1.0591176,0.738781,0.9313078,0.8946582,1.1584458,1.2891743,1.155811,1.115915,1.3402622,1.0591131,0.8235799,1.025473,0.9554363,1.0580022,1.2888072,1.2803051,1.1599555
blanket,0.6999525,1.3608779,1.3694048,0.83170485,0.43503124,1.2295084,1.0228665,1.2582921,1.3058143,0.71890545,0.19355929,1.0349653,0.6749929,0.39598668,0.89614624,0.0,0.71084106,1.0000759,1.4280504,1.3564255,0.88648206,1.2600739,1.4072552,1.3173792,1.1294806,1.3897581,1.3321583,1.3632343,0.8170748,0.93374246,1.3777771,0.55819315,1.1538298,1.1989452,0.4596573,1.0246205,1.4872719,0.7325948,1.4596016,0.9996185,1.0013343,0.8673806,0.9279661,1.2674062,0.6037262,1.3875928,1.2965358,0.93783695,1.3184404,0.9131863,1.2588013,1.3572388,1.3307946,1.0090104,1.1244563,1.0814629,0.93622166,1.4398092,0.7356033,0.8220365,1.2006811,0.9755928,1.214812,0.6952325,1.2070796,1.0575972,0.7959795,0.5570906,1.2733312,0.2792828,0.86598337,1.1801801,1.54126,1.0764859,0.84349805,0.8483518,0.8559111,0.6195067,0.8175857,1.0657402,0.8854308,1.3965755,1.1117702,1.261625,1.2104169,1.3692539,0.8826814,0.77000433,0.1853131,0.5288043,0.7208061,1.4671733,1.4037354,1.3340641,0.8236448,1.0389003,1.000626,0.7624882,1.2170559,1.2830331,1.1035014,1.3137567,0.6951941,1.3027465,1.3215603,0.6933519,0.8303606,1.0255233,0.69382656,0.59745073,0.93321353,0.38696945,0.86141586,0.55897003,1.1275263,0.68966204,1.0548888,0.5232514,1.3545227,0.6907772,1.438817,0.947974,0.8547911,0.9768575,0.9693719,1.1661583,1.0781801,0.26972508,0.9936053,0.57986563,1.4481235,1.4083672,1.3207245,1.1790558,1.0445807,1.4556261,0.7519942,1.0648379,1.0706327,1.1766293,1.2861915,1.5017958,1.0669327
boat,0.7563081,1.4634775,1.233642,0.2218672,0.786156,1.0743157,1.0109411,1.193991,1.2191586,0.10359919,0.5639469,1.3417299,1.0638099,0.8059262,0.84877425,0.71084106,0.0,0.78543603,1.3085392,0.99205315,0.3040501,1.319324,1.3416706,1.2195537,1.0475618,1.4078271,1.219048,1.4048858,0.9837096,1.2548349,1.2119755,0.82321703,1.2678338,1.0241461,0.9754771,1.1580234,1.3508312,0.8318641,1.336416,1.0407162,1.05691,0.8783876,1.1313646,1.1584469,0.9640766,1.3685389,1.1940627,0.8942701,1.2353493,0.87942576,1.378432,1.3103914,1.1882215,1.2526437,1.1155683,0.9937466,0.84804726,1.377492,1.1563139,0.87227046,1.1664126,1.0431738,1.2491077,0.8952272,1.1717747,1.0468475,0.7872648,0.5227003,1.3261389,0.8676121,0.7406533,1.0839707,1.407527,1.3322189,0.8788668,0.9207271,0.7140771,0.8996483,0.6419703,1.1095333,0.9053606,1.3481454,1.4856591,1.266624,1.2640439,1.2722328,0.93760014,0.7897661,0.8507527,1.0377691,0.69031227,1.3290794,1.2997124,1.2608292,1.0228795,1.261393,1.4592001,0.8134807,1.2161237,0.7921245,1.085462,1.3543484,0.92647296,1.2328372,1.4188681,0.8841106,0.78344345,1.0701854,0.81028414,0.7695902,0.6191842,0.7936655,1.0302064,1.1724184,1.0370319,0.77870065,0.7468735,0.49073148,1.348202,0.9192601,1.3730322,1.0923575,0.27623522,0.72191787,0.947404,1.1614227,1.0382279,0.6537092,0.85304105,0.3649826,1.0702114,1.4375633,1.3852937,1.0280249,1.4523902,1.088361,0.1246202,1.0121294,0.87861735,1.0668235,1.2686608,1.4360096,1.2213631
book,0.67533875,1.224546,0.9948109,0.9093792,1.0951396,0.9669105,0.9949679,0.9558473,0.827354,0.83173704,0.8594823,1.1122012,0.87784934,0.98031676,0.9483622,1.0000759,0.78543603,0.0,0.89166784,0.7838034,0.42796034,1.252378,1.0221776,0.91958463,0.8601513,1.0038024,0.92109,1.1767993,1.055955,0.88949966,0.89011174,1.2199821,1.0264179,0.9111192,0.99975747,1.1021904,0.9547634,0.7628792,0.92192566,0.914914,0.9623023,0.65664184,1.1109743,0.8678165,1.1507453,1.1852897,1.0173502,1.1671536,1.1859155,1.0594908,1.2483835,1.048729,0.8652006,1.3293109,0.951426,0.7198391,0.9314932,1.1919267,1.1234659,1.1213416,0.6926398,1.2140558,1.0718062,1.0592206,1.0688431,0.9491136,1.1605211,0.5745574,1.0543536,1.2224567,0.95641625,0.95464957,1.0150403,1.3393071,1.0469346,0.94776183,0.92142093,1.0704439,1.0390608,1.2043942,1.0381839,1.1630918,1.0642347,1.1523286,1.2801943,0.94516456,0.8844887,1.0539106,1.1268601,1.297771,0.45114732,0.8725114,0.8473115,0.8104017,1.0185574,1.1024851,1.0319309,0.73984504,0.9305291,0.68239135,0.903362,1.1067036,0.896355,0.787091,1.1974113,1.0781583,1.0766671,0.89155567,0.939018,1.0205879,0.9025439,1.1297199,1.0758274,1.2573011,1.0836133,1.1027427,0.85987234,0.9428016,1.1101388,1.222429,1.0121177,1.075869,0.8012482,1.0517573,1.1915579,0.8899085,0.8828819,1.0502983,1.0823474,0.64994824,0.8737446,1.2162888,1.0974422,1.066004,1.0972881,0.6739285,0.5787297,0.98600346,0.9959713,0.9218854,1.1557338,1.1401951,1.1047004
bottle,1.384485,0.7826254,0.74385095,1.2384862,1.456428,0.77585125,0.97980976,1.0026888,0.61478037,1.3065579,1.4052448,0.74816334,1.0098559,1.4477817,1.1806431,1.4280504,1.3085392,0.89166784,0.0,0.28513336,1.117855,1.1320983,0.5831809,0.56339246,1.0631697,0.3728817,0.52983224,0.70412445,1.200741,0.8461392,0.5594661,1.3475149,0.6512944,1.0219373,1.1942465,1.249546,0.26320136,1.1195911,0.09943533,1.1480908,1.0821983,1.1234024,1.000314,0.81427014,1.3229971,0.7990048,0.7261139,1.0754819,0.809247,1.2022967,0.9673164,0.6285558,0.6925827,1.179019,1.003824,1.0777491,1.107674,0.5286751,1.0260786,1.1065236,0.71788496,1.2188823,0.9607474,1.3950665,0.81794196,1.1085631,1.2939425,1.3492328,0.64069474,1.4294337,1.153404,0.88443816,0.31392425,1.0944614,1.3314276,1.3412603,1.0670085,1.3048487,1.1615481,1.1459885,1.2821505,0.42748976,0.5378032,0.82827795,1.0137577,0.6579921,1.0680562,1.2867782,1.433443,1.3574121,1.2315736,0.4204514,0.48371089,0.7715705,1.2652113,0.9571974,0.53262365,1.3222355,0.7996918,0.53462446,1.1109195,0.8115201,1.2018881,0.66553074,0.67854625,1.2014095,1.1303967,1.2075572,1.2265433,1.2576609,1.1213455,1.4452937,1.2434796,1.2684535,0.9434159,1.189664,0.7318622,1.3977834,0.7626145,1.110414,0.3364842,1.001445,1.259948,1.1331148,1.0806984,0.9706388,0.8560339,1.4406891,1.2589219,1.3474375,0.670141,0.7455367,0.50034434,0.7379437,0.5926813,0.4791032,1.2686827,1.0316797,1.0878445,0.8569877,0.6256743,0.51381356,0.86787766
bowl,1.4242594,0.95650584,0.8335538,0.9190067,1.4833161,0.7404597,0.8180305,1.0002836,0.61330664,0.944476,1.3033073,0.6689045,0.8778613,1.4750245,1.2115337,1.3564255,0.99205315,0.7838034,0.28513336,0.0,0.7165973,1.2581482,0.6383061,0.44756722,1.0911884,0.32723022,0.62292016,0.8874587,1.2768675,0.74731296,0.5139128,1.3262596,0.72857636,0.9038771,1.0737617,1.3980112,0.4006226,0.93805623,0.15555048,1.2068452,1.1528163,1.1487777,0.9664064,0.62823474,1.3968354,0.9647916,0.674696,1.1144394,0.8557936,1.1951506,1.1078838,0.7073594,0.6857309,1.3211206,1.0076559,1.1285204,1.0687506,0.6794379,1.1970266,1.1166518,0.83767354,1.2680076,1.1531214,1.4527901,0.8550714,1.1779372,1.2774298,1.2767457,0.81667864,1.4545093,1.0855474,0.84948385,0.3671602,1.2536628,1.3495573,1.3336296,0.9752439,1.4242781,1.2044528,1.1927284,1.35304,0.60354793,0.59026843,0.8967697,1.1146972,0.65836895,0.89355296,1.3281052,1.4573317,1.4282188,1.0899272,0.49311197,0.5650298,0.8101288,1.2663659,0.9553694,0.4638102,1.2818446,0.8404932,0.21264595,1.1536224,0.8340122,1.2190986,0.6441661,0.65432745,1.1231713,1.0927342,1.2841682,1.1618524,1.2990913,1.1266887,1.4598384,1.390347,1.339527,0.8701632,1.116831,0.35821402,1.279431,0.8784322,1.0560688,0.43971014,1.0202979,0.9814304,1.0025051,1.1904961,0.98740584,0.94554365,1.4251344,1.279413,1.1143867,0.47269452,0.923319,0.7258238,0.86720204,0.65671325,0.5226334,0.87923086,1.0129791,1.1902833,0.87013817,0.6930545,0.7119255,0.8286997
box,0.85761744,1.4141876,1.217526,0.42986858,0.96169746,1.0706933,1.0257667,1.0850378,0.9061869,0.28792614,0.6947716,1.1674011,0.81093335,0.9553769,0.9812768,0.88648206,0.3040501,0.42796034,1.117855,0.7165973,0.0,1.3516698,1.1170653,0.88337547,1.0540714,1.0117645,1.1355734,1.3429875,1.0844921,0.8748882,1.0009872,0.9959621,1.0867609,0.846862,0.8563608,1.1702299,1.2015133,0.5457771,1.0878974,1.0394554,1.0648637,0.74368805,0.91027933,0.69101816,1.0940833,1.3535628,1.1491079,1.0630982,1.2805784,1.0004568,1.3896211,1.275042,1.0396668,1.378013,1.0528926,0.98197424,0.8876767,1.3522788,1.2477204,1.0074188,1.1194143,1.1818278,1.2742513,1.0347667,1.1251295,1.083194,0.92894506,0.62530726,1.2636089,1.1261904,0.85855114,0.81820226,1.1060696,1.3491886,1.0358024,1.0135924,0.62664324,1.1121311,0.9085019,1.2194046,1.066207,1.3488896,1.216962,1.1867496,1.3348472,1.1484685,0.6551908,0.9836916,1.0464449,1.2103527,0.4766519,1.1297306,1.1241914,1.0872695,1.0944176,1.1475823,1.1501503,0.8649859,1.0827991,0.6278735,1.0913352,1.234041,0.9188574,0.85036236,1.2963314,0.7890378,0.9332142,1.1176715,0.91462636,1.0520142,0.82722884,1.0124522,1.1990205,1.2816877,1.0144019,0.8062829,0.5431523,0.6488855,1.309198,1.0283555,1.182487,1.1357809,0.4673165,0.8600429,1.0857757,1.07142,1.0223986,0.8976588,1.0330937,0.3705846,0.82254183,1.4135227,1.3508358,1.0841758,1.2302234,0.9054382,0.24438173,0.96379644,0.9907348,0.9718335,1.0922321,1.3514805,0.9918248
bread,1.0846555,0.39787483,0.6586058,1.184355,0.9896057,1.0135347,1.0805843,0.7546547,1.028106,1.2881892,1.3038802,1.0422405,1.2408438,1.0366977,1.065744,1.2600739,1.319324,1.252378,1.1320983,1.2581482,1.3516698,0.0,1.1010239,1.1429565,1.0546342,1.1231557,1.1803503,0.6817018,0.9194305,1.2117333,1.1219631,1.0646847,1.0982326,0.94096524,1.3131416,0.4974326,0.9378955,1.310869,1.103126,1.0678716,0.9503095,1.0600749,1.2514981,1.0358757,1.0451471,0.4551854,0.8712195,1.0425837,0.664781,1.0767134,0.27424765,0.71227586,1.1950362,0.3957603,0.889995,1.0005308,1.0805097,0.64246696,0.9799384,1.2120066,0.7382567,0.8408807,0.58298135,0.70249206,0.8954798,1.0822262,1.0907307,1.2425534,0.8477284,1.0857383,1.0255551,1.1383194,1.0988923,0.5658896,0.96628153,0.79686534,1.2261416,0.9089811,1.3186221,0.5485954,0.67711765,0.63489,1.0459478,0.79941237,0.4357319,0.7679851,1.2155731,0.9448933,1.1094822,1.0190681,1.2275283,1.0471919,1.0044984,0.92367166,0.829752,0.7551213,1.0763391,0.9974322,1.219618,1.2512736,1.0587642,0.67419004,1.1717924,1.0949403,0.6906667,1.3110745,1.1061258,0.936848,0.9697751,1.1652052,1.3507421,1.1268462,0.8462783,0.8996344,0.96957946,1.2535579,1.2990942,1.3083224,0.6557182,1.1822363,0.93339837,1.0016555,1.1928966,1.0523915,1.1707077,0.73550797,1.249492,1.1825334,1.0814646,1.3843625,1.0396174,0.35668325,0.64165664,0.8825581,1.0882964,1.1340346,1.3086543,1.243773,1.2200572,1.2289149,1.2262005,0.67888683,1.2325121
broom,1.3583117,0.78635,1.0076433,1.3201458,1.4216386,1.0656488,1.0965552,1.0559621,0.63175666,1.3398769,1.3986855,0.63830906,0.9554659,1.4688778,1.2079074,1.4072552,1.3416706,1.0221776,0.5831809,0.6383061,1.1170653,1.1010239,0.0,0.6149947,1.0833302,0.41424227,0.61823255,0.65689963,1.1393726,0.6554276,0.63435996,1.2463033,0.7079014,0.94163674,1.037647,1.2118429,0.55609703,0.98337305,0.55878407,1.1042434,1.0211158,1.1731056,0.7544887,0.6540891,1.2760075,0.8843579,0.80909,0.9920722,0.8443655,1.1898599,0.98317736,0.7964015,0.5999449,1.1149282,0.9598361,1.1438274,1.1414919,0.73279154,1.1488309,1.0095156,1.1125401,1.1581854,1.0192637,1.39361,0.92330474,1.0681727,1.3188567,1.3784357,0.71189666,1.3762186,1.1438268,0.6394516,0.3549875,0.9274466,1.2689481,1.3841152,1.0906374,1.4610877,1.1684353,1.1684469,1.3717644,0.81237453,0.5505329,0.7658172,1.0390477,0.8378957,1.0202571,1.2822436,1.4257836,1.2357695,1.1657584,0.47037745,0.52228713,0.74377966,1.2991245,0.9366682,0.52012515,1.3432121,0.70817757,0.80918884,1.0663757,0.7473638,1.1488872,0.5460014,0.63117045,1.0920957,1.0098721,1.195655,1.2104975,1.388768,1.149362,1.3899822,1.2324357,1.1573272,0.82432044,1.1119733,0.78437126,1.3425,0.7632277,0.8991647,0.5171552,1.097373,1.2848446,1.1326252,1.0218703,1.0874438,0.731385,1.4424965,1.2039723,1.278465,0.7879653,0.8190925,0.78138745,1.0426551,0.5931413,0.80459535,1.3586378,0.811551,1.0014125,0.7132789,0.47299147,0.6063799,0.6510331
bucket,1.4140232,0.94436264,0.97794,1.1819094,1.3821957,0.90420824,0.88294375,1.0091864,0.6003752,1.1799008,1.3306637,0.73303336,0.7675392,1.3605063,1.2559184,1.3173792,1.2195537,0.91958463,0.56339246,0.44756722,0.88337547,1.1429565,0.6149947,0.0,1.0749696,0.18572962,0.7677258,0.87488383,1.2570643,0.53256273,0.5700906,1.2705864,0.8485083,0.78318095,0.96699095,1.2740049,0.72297746,0.7981403,0.4933235,1.1779736,1.1205868,1.0750178,0.76287216,0.60684574,1.2446696,1.0053382,0.6929146,1.1728873,0.92378694,1.2414974,1.0963975,0.88291484,0.7166612,1.2364118,0.9491075,1.1519811,0.90643597,0.94917554,0.8793363,1.2225633,0.9726877,1.2658026,1.0942419,1.3662938,0.8195134,1.1645716,1.1119545,1.3308485,0.8303139,1.3297324,1.1257557,0.62324864,0.4336298,0.9990876,1.307166,1.2941232,0.6181347,1.2697582,1.2091181,1.2324061,1.3398939,0.9570165,0.47748303,0.9303747,1.1490617,0.8216611,0.7017003,1.3453302,1.3576138,1.2114391,1.0715989,0.7409539,0.7891072,0.80283594,1.2624476,1.0203451,0.5744772,1.3058609,0.73880655,0.69398314,1.1290095,0.8492397,0.9670933,0.46240163,0.7087044,0.9044548,1.177709,1.2344033,1.2163234,1.3041809,1.157784,1.3833227,1.1182438,1.1699309,0.797159,1.0027401,0.7149303,1.2525778,0.92336303,1.1235107,0.67337644,0.7604125,1.1492759,0.9796873,0.9110761,1.0159281,0.7118374,1.3986338,1.2587032,1.1861576,0.39797044,0.9817653,0.9577141,0.9872862,0.524418,0.64373696,1.1376576,1.0031035,1.0482635,0.8175359,0.4952969,0.8211242,0.7447033
butterfly,0.7704525,1.0724406,0.9231591,0.99183136,1.1266142,0.85347795,0.90671223,0.8610493,0.9827006,1.0081981,1.0907925,1.1962951,1.1328216,1.0667619,0.9260397,1.1294806,1.0475618,0.8601513,1.0631697,1.0911884,1.0540714,1.0546342,1.0833302,1.0749696,0.0,1.1320826,0.9686099,1.005567,1.0190618,1.1474767,0.87879276,1.115847,1.1046898,0.93290734,1.2189451,0.92504394,1.0118667,1.1251736,1.0585811,0.8333415,0.93942356,0.89890987,1.1045381,0.9583488,1.0613098,1.0487249,0.8873378,1.0263227,1.0084563,1.075258,1.084604,0.90467966,0.6236582,1.1002012,0.9633719,0.66208684,1.0694381,1.0935552,1.0642042,1.077569,0.9093232,1.1121389,0.87428916,1.0964379,1.0083271,0.77619267,1.0642173,0.9764823,1.0488781,1.214685,1.0099078,0.99315137,0.9344724,1.1494675,0.8572597,0.88245934,1.1273344,1.0181786,1.0135021,1.1441182,0.92423725,1.0658462,1.0649121,0.9956264,1.1448386,0.9552432,1.0948123,0.9567362,1.159441,1.1946752,0.9741833,0.9263344,0.9343344,0.90511084,0.9900935,0.95643747,1.1648442,0.76908773,0.7314485,0.9482226,0.7448057,1.0363709,1.1076764,0.9751303,1.149492,1.1517806,0.9822397,0.6659638,1.0479646,1.0238305,0.8689137,1.172634,0.947648,1.241468,0.9565259,1.1229174,1.1941913,1.1199851,0.9338096,1.1261833,1.0548313,1.0004337,0.9930772,0.92502135,1.0684589,0.95782703,0.9958239,1.1004469,0.98412955,1.058222,0.91362077,1.0473077,1.1392797,1.0450555,1.0798838,0.838852,1.0038376,0.964356,1.0268577,1.0028242,1.1045191,0.9613565,1.0779455
can,1.5170362,0.7630656,0.965325,1.3192935,1.4343694,0.95297575,0.9732763,1.0407873,0.5337366,1.3588214,1.4242783,0.48050207,0.7430428,1.4751902,1.3068293,1.3897581,1.4078271,1.0038024,0.3728817,0.32723022,1.0117645,1.1231557,0.41424227,0.18572962,1.1320826,0.0,0.68295634,0.6756114,1.2683005,0.45419055,0.5434439,1.2775285,0.61388147,0.8660876,0.9466763,1.3030894,0.47688442,0.8817425,0.26598114,1.2017436,1.1427296,1.1889828,0.66552395,0.5127445,1.2948915,0.85139674,0.7576514,1.1521124,0.7921505,1.2463562,0.971306,0.74201214,0.69904125,1.1566449,0.95040196,1.2533482,1.0807548,0.6805551,1.0726699,1.1829624,1.0115159,1.2072237,1.1055242,1.4543469,0.8340433,1.184196,1.252095,1.4335198,0.64771855,1.3253912,1.191849,0.65608877,0.24195844,0.90436757,1.3683805,1.3910992,0.8763844,1.4570441,1.336441,1.1694025,1.4152222,0.7115383,0.30543458,0.76685065,1.0160736,0.7351818,0.756356,1.4127246,1.4141853,1.1755133,1.1817601,0.56176746,0.62029684,0.7446967,1.2520338,0.88352096,0.34655505,1.3924774,0.72067916,0.66010064,1.1552136,0.72032034,1.1267098,0.508362,0.5089805,0.9299923,1.2059458,1.2870722,1.302891,1.3990266,1.3225039,1.41938,1.3069417,1.0899125,0.76660466,1.0581864,0.56647515,1.411505,0.82472014,1.0062172,0.3976587,0.9855251,1.3254572,1.1089934,1.067961,0.9981117,0.80207086,1.4710536,1.3409891,1.2945209,0.56139684,0.7925601,0.7232006,0.9748629,0.3480655,0.7060422,1.348593,1.0031188,1.1542909,0.8562498,0.37359858,0.63037735,0.61367685
car,1.2725322,0.9291284,0.9112937,1.165294,1.3710964,0.8696275,1.017575,1.1349381,0.8263477,1.2377734,1.2633681,0.88403004,1.0779566,1.3433008,1.0783012,1.3321583,1.219048,0.92109,0.52983224,0.62292016,1.1355734,1.1803503,0.61823255,0.7677258,0.9686099,0.68295634,0.0,0.915195,1.073966,0.9301946,0.67095137,1.2699022,0.894769,1.0133722,1.0475112,1.2716583,0.64621353,1.0550652,0.5556394,1.0262924,0.932608,1.0137933,1.0383164,0.92155474,1.2173692,0.9552244,0.76821816,0.97738856,0.93657345,1.107899,1.0755455,0.8329483,0.57321876,1.2121929,1.0747197,1.0174013,1.0631385,0.77866733,1.0682176,0.99998856,1.0460064,1.111062,0.9224011,1.3235348,0.89696085,0.96101296,1.2261511,1.2583925,0.782436,1.3719807,1.2289644,0.8985829,0.5443711,1.2147831,1.1618435,1.3021846,1.165658,1.33307,0.9510615,1.170305,1.2643145,0.7640869,0.8033816,1.0179878,1.0977437,0.9163781,1.0646309,1.1441019,1.3296353,1.2712271,1.1844318,0.62334645,0.7045494,0.83723074,1.2977606,1.0591543,0.7061102,1.2319274,0.67309725,0.810134,0.97442555,0.9696003,1.2012779,0.70264757,0.87539077,1.147563,1.0233252,1.1005472,1.1681371,1.2091615,0.9534197,1.3041865,1.1829073,1.220621,1.0009382,1.1273806,0.888411,1.280379,0.7828516,1.0694602,0.6922776,1.017349,1.2187111,1.122499,0.9590044,1.1174107,0.73532164,1.3104573,1.0146797,1.2742584,0.80242914,0.9205895,0.87324595,1.0423567,0.84670234,0.5848547,1.2171273,0.799158,0.8653157,0.29997885,0.7704134,0.7172074,0.9206702
