,zebra,giraffe,deer,pony,horse,pig,rooster,penguin,bird,duck,fish,butterfly,frog,alligator,owl,elephant,bear,cat,dog,face,hair,arm,hand,leg,foot,ankle,finger,toe,tooth,ear,nose,eye,mouth,stroller,motorcycle,tricycle,truck,car,lamp,chair,bench,drawer,ladder,window,door,closet,shower,refrigerator,oven,crib,bed,couch,table,bathtub,sink,boat,slide,hose,sprinkler,swing,grass,tree,snow,helicopter,firetruck,clock,ball,balloon,pumpkin,egg,orange,apple,potato,strawberry,hat,slipper,watch,nail,raisin,glasses,necklace,carrot,vacuum,broom,mop,stick,shovel,scissors,spoon,fork,knife,pencil,pen,crayon,plant,flower,soap,bottle,cup,can,belt,radio,basket,milk,jar,bucket,tape,bowl,plate,corn,pickle,banana,melon,bread,cookie,toast,cracker,sandwich,chips,pizza,hamburger,muffin,pastry,meat,pasta,sauce,soup,applesauce,glass,coffee,dish,tray,box,book,paper,rock,comb,toothbrush,gum,toy,doll,mitten,glove,sock,shoe,purse,pillow,towel,napkin,blanket,dress,pajamas,bib,scarf,coat,jacket,sweater,shirt,jeans,pants,shorts,cloud,game
zebra,0.0,0.7787981033325195,1.0386478900909424,0.8854680061340332,0.9183674454689026,0.8863133788108826,0.9383469820022583,0.9362870454788208,0.9301488995552063,0.9170103669166565,0.9531850814819336,1.0691825151443481,1.0289140939712524,0.6493158340454102,0.694972574710846,0.733495831489563,0.6294296383857727,0.8809794187545776,0.9458788633346558,0.88436359167099,0.9253946542739868,0.843864917755127,0.9660457968711853,0.7907676100730896,1.0213133096694946,1.0868881940841675,1.0738555192947388,1.1322417259216309,1.1162911653518677,1.1243891716003418,1.0826828479766846,1.1032496690750122,1.107041597366333,0.8926078677177429,0.953332781791687,0.9621457457542419,0.9551111459732056,0.8988074660301208,1.0987440347671509,0.8816823363304138,0.8197556734085083,1.0504891872406006,0.96200031042099,0.7643572092056274,0.9661354422569275,0.9789344072341919,0.9191794991493225,0.9981434345245361,1.0025595426559448,0.8501425385475159,0.688432514667511,0.8241645693778992,0.8644281625747681,0.8095546364784241,0.980071485042572,0.7692399024963379,0.7026165723800659,0.8748313784599304,1.0425087213516235,0.924277126789093,0.8201170563697815,0.7827953100204468,0.8356757164001465,0.8652670979499817,0.9905510544776917,1.114219307899475,1.1667625904083252,1.1477761268615723,1.100762128829956,1.1761634349822998,1.1614177227020264,1.1438839435577393,1.0899841785430908,1.1055809259414673,1.0506802797317505,1.1764947175979614,1.1391394138336182,1.1713316440582275,1.157016634941101,1.0308712720870972,1.0395976305007935,1.126432180404663,0.9826379418373108,1.0264309644699097,,0.9711561799049377,1.0945080518722534,0.998848557472229,1.1274675130844116,1.0529272556304932,1.0877376794815063,1.1281983852386475,1.1216254234313965,1.1942912340164185,0.9394732117652893,1.0276044607162476,1.2700810432434082,1.193703293800354,1.2130396366119385,1.156103491783142,1.0318924188613892,1.1335216760635376,1.022524356842041,1.0582959651947021,1.0622471570968628,1.1823252439498901,1.2292019128799438,1.1770132780075073,1.1319419145584106,0.9049997329711914,1.168116807937622,1.0625927448272705,1.096697211265564,1.1381769180297852,0.9883355498313904,,0.8337709307670593,1.0023822784423828,1.0901309251785278,1.0474214553833008,1.1033062934875488,0.9066704511642456,0.9835711121559143,0.8426279425621033,,1.0835188627243042,0.9760193228721619,1.0833163261413574,0.9091108441352844,1.0417605638504028,1.1072958707809448,1.0314579010009766,1.0574796199798584,1.090659737586975,1.0042275190353394,0.875982940196991,0.8828816413879395,0.9467464089393616,1.205411672592163,1.1704726219177246,0.9549233913421631,0.8121376633644104,0.9668455123901367,0.915290117263794,0.8207061290740967,0.9767518043518066,0.716898500919342,0.9483383893966675,1.0355255603790283,0.5606430768966675,0.8586077690124512,0.8190919160842896,0.7917492389678955,0.7907469272613525,0.9462055563926697,0.7438782453536987,0.8272736072540283,0.8561270833015442,0.8648083209991455,0.8885155916213989,1.021437406539917,0.8098065257072449,0.9646196365356445
giraffe,0.7787981033325195,0.0,1.0362485647201538,0.9602886438369751,0.8829658031463623,0.9402272701263428,0.8803130388259888,0.8950204253196716,0.9372736811637878,0.9519596695899963,0.9808321595191956,0.9912930130958557,0.9631760120391846,0.6558824181556702,0.7864946126937866,0.7129827737808228,0.6986016035079956,0.9170010089874268,0.9585764408111572,0.9041035175323486,0.9398128986358643,0.8885658979415894,1.0277180671691895,0.9391098022460938,1.1406794786453247,1.153448462486267,1.1213552951812744,1.1671037673950195,1.125016689300537,1.1121734380722046,1.1338841915130615,1.1168792247772217,1.1232458353042603,0.8419285416603088,0.9063464403152466,0.9387847781181335,0.9222502112388611,0.9379642009735107,1.066904067993164,1.0476821660995483,0.9660181403160095,1.068369746208191,0.8848938345909119,0.8110677599906921,0.9088622331619263,0.8473447561264038,0.8465946912765503,0.9627439379692078,1.0515846014022827,0.8537219762802124,0.8429434895515442,0.9473828077316284,0.9413706660270691,0.8922409415245056,1.095935583114624,0.794028639793396,0.7022561430931091,0.8262439966201782,0.9617440700531006,0.5632845163345337,0.7193044424057007,0.5378440618515015,0.8199752569198608,0.8872406482696533,0.9151368737220764,1.153222680091858,1.1064810752868652,1.080878734588623,1.0689120292663574,1.1633353233337402,1.1438438892364502,1.1391698122024536,1.1611449718475342,1.0910285711288452,1.0853626728057861,1.2238863706588745,1.2211188077926636,1.185922384262085,1.1424692869186401,1.1006357669830322,1.1315407752990723,1.0293314456939697,0.9874957799911499,0.8723031282424927,,0.9262509346008301,1.0433658361434937,0.9596439599990845,1.1061718463897705,1.1039866209030151,1.089379072189331,1.1096599102020264,1.1287147998809814,1.121659517288208,0.9983399510383606,0.892503559589386,1.1826362609863281,1.1916587352752686,1.2256214618682861,1.1620539426803589,1.166435718536377,1.1794114112854004,1.049015998840332,1.0048283338546753,1.1184433698654175,1.1248559951782227,1.1933292150497437,1.169143557548523,1.1360118389129639,0.8331872224807739,1.083027958869934,1.021254539489746,1.022213101387024,1.0824334621429443,0.9588015079498291,,0.8544607162475586,0.8743211627006531,0.9839946627616882,0.9044088125228882,1.0399943590164185,0.9328478574752808,1.0262850522994995,0.9124290347099304,,1.0928500890731812,0.9857466816902161,1.0778201818466187,0.975499153137207,1.10929274559021,1.0232746601104736,1.0630218982696533,1.0195096731185913,1.0196971893310547,0.9574980735778809,0.8478784561157227,0.8858832716941833,0.8117038011550903,1.0556191205978394,1.0445904731750488,0.9965552091598511,0.8754642009735107,1.044763445854187,1.0919064283370972,1.047141671180725,1.011173129081726,1.054695963859558,1.0449992418289185,1.0726399421691895,0.8313001394271851,0.8951317071914673,0.8985850214958191,0.8977733254432678,0.856174111366272,0.9648092985153198,0.835341215133667,0.8751471638679504,0.8963397741317749,0.9282277226448059,0.9292675852775574,0.9776426553726196,0.7588694095611572,0.9142642021179199
deer,1.0386478900909424,1.0362485647201538,0.0,0.805820107460022,0.7857373952865601,0.9939380288124084,0.9189700484275818,0.9656577110290527,0.8455188274383545,0.8935673236846924,0.7099915742874146,0.6211458444595337,0.746793270111084,1.1247313022613525,1.126063346862793,1.195409893989563,1.181567668914795,1.0872241258621216,1.0669732093811035,1.097296953201294,1.0408354997634888,1.1719985008239746,1.0632579326629639,1.0732568502426147,0.994413435459137,0.9633461236953735,0.8757269382476807,0.8560615181922913,0.766546368598938,0.872312605381012,0.8171641826629639,0.8226576447486877,0.9010695219039917,1.1208547353744507,1.0847314596176147,1.01372492313385,0.9379042983055115,0.9295828342437744,0.8441804051399231,1.0031994581222534,1.1028270721435547,1.0253978967666626,1.0363768339157104,1.066973090171814,1.032759666442871,1.0792582035064697,1.0937020778656006,1.1519426107406616,1.1218185424804688,1.1535645723342896,1.1743985414505005,1.1276980638504028,1.173135757446289,1.1178103685379028,1.0375882387161255,1.0295900106430054,1.2046887874603271,1.0474727153778076,0.8992472290992737,1.0034044981002808,0.9693611860275269,0.9919535517692566,1.1213557720184326,0.983853816986084,1.0861923694610596,0.773909330368042,0.8036715984344482,0.8386470675468445,0.9207079410552979,0.8368745446205139,0.8588471412658691,0.8191040754318237,1.0011425018310547,0.7443209290504456,0.8505586981773376,0.766401469707489,0.7598808407783508,0.7296733260154724,0.8756593465805054,0.9144649505615234,0.8268434405326843,0.9055528044700623,1.0500538349151611,0.9753004908561707,,1.0730935335159302,0.8983393907546997,0.9415304660797119,0.9121450185775757,0.8248836994171143,0.9170388579368591,0.7106297612190247,0.7173451781272888,0.6635451316833496,0.8448466658592224,0.8508864641189575,0.852901816368103,0.8652216792106628,0.8407696485519409,0.9896191954612732,0.841275155544281,0.8529036045074463,1.0155694484710693,1.070917010307312,1.0962040424346924,1.028536319732666,0.8859975337982178,0.9010284543037415,0.9497753381729126,1.0152314901351929,0.9578812122344971,0.9787440896034241,1.0082085132598877,0.8091900944709778,1.0047245025634766,,1.0675710439682007,0.9988415837287903,0.8927461504936218,0.9943565726280212,0.8601296544075012,0.99604332447052,0.9734084010124207,0.9515201449394226,,1.0470160245895386,1.0066072940826416,0.9009335041046143,1.1276040077209473,1.0625375509262085,1.097336769104004,1.1378628015518188,1.0596559047698975,0.981942355632782,1.035347580909729,0.9669595956802368,0.9928991794586182,1.0458927154541016,0.8891803026199341,0.9186104536056519,1.0454257726669312,1.1691436767578125,0.9995355606079102,1.0639793872833252,1.0647013187408447,0.9864519238471985,0.9142048954963684,0.9923043847084045,0.9665085077285767,1.1751383543014526,1.1492139101028442,1.212308645248413,1.170515537261963,1.1675164699554443,1.1386923789978027,1.212410569190979,1.1633100509643555,1.1552894115447998,1.2114243507385254,1.1338756084442139,1.0078500509262085,1.0536848306655884,1.0132626295089722
pony,0.8854680061340332,0.9602886438369751,0.805820107460022,0.0,0.44752436876296997,0.6264811754226685,0.6711539030075073,0.6804101467132568,0.5725865960121155,0.8370714783668518,0.8594977855682373,0.6725805401802063,0.518865704536438,0.6553257703781128,0.8919426798820496,0.9544286131858826,0.9157873392105103,0.7504823207855225,0.6886387467384338,1.049704670906067,1.040476679801941,1.0925061702728271,1.136554479598999,0.9755691885948181,1.0381293296813965,1.105155348777771,1.1118884086608887,1.085567593574524,1.0542778968811035,1.0230971574783325,1.0290530920028687,1.0339597463607788,1.0698872804641724,0.8946347832679749,0.9238284230232239,0.9452934265136719,0.8451088666915894,0.8139204382896423,0.9583024978637695,0.8922547698020935,0.9642238020896912,1.0716058015823364,0.9202834963798523,0.8803956508636475,1.0231444835662842,0.9671324491500854,1.0242186784744263,1.0697455406188965,1.0632164478302002,1.003212809562683,0.9845606684684753,0.950154185295105,1.008731722831726,1.0522856712341309,1.0595885515213013,0.908039927482605,0.8971290588378906,0.9223442673683167,0.9222865104675293,0.9223737120628357,0.943486750125885,0.8873432874679565,1.0326015949249268,0.9551049470901489,0.9513686299324036,0.995738685131073,1.031113624572754,1.002334475517273,1.0196186304092407,1.0925405025482178,1.083866000175476,1.0455206632614136,1.1185438632965088,0.9697773456573486,0.9246279001235962,1.0380069017410278,1.0687304735183716,1.099732518196106,1.0558996200561523,1.035133719444275,1.0703582763671875,1.1325042247772217,0.9483954906463623,0.9507954120635986,,1.0083714723587036,0.8979588747024536,0.8679264783859253,1.032094955444336,1.0103323459625244,1.0271278619766235,1.0372252464294434,1.0363630056381226,1.0208799839019775,0.9128943681716919,0.8824996948242188,1.105547308921814,0.9925245046615601,1.0344785451889038,1.0611522197723389,1.0226974487304688,0.9483641982078552,1.0402523279190063,1.0107100009918213,1.0512669086456299,1.0293575525283813,1.0702394247055054,1.068087100982666,1.0767490863800049,1.0586875677108765,1.057112216949463,0.990226149559021,1.0516541004180908,0.979740560054779,1.010026454925537,,0.9682753682136536,1.0132224559783936,1.012972354888916,1.0119825601577759,0.9772995114326477,0.9976006150245667,1.012528657913208,0.7599144577980042,,1.073620319366455,1.0337417125701904,1.110169529914856,1.0119540691375732,1.0307238101959229,1.0503227710723877,1.0471335649490356,1.0489977598190308,0.9453615546226501,0.9949130415916443,1.0034403800964355,0.9534279108047485,1.0181807279586792,1.0426280498504639,0.8658499717712402,0.8986498713493347,0.9435032606124878,1.0218660831451416,1.03309965133667,0.963972270488739,0.9203608632087708,0.9297603368759155,0.913666844367981,0.965679407119751,0.9491173624992371,1.0569257736206055,1.113321304321289,1.1135168075561523,1.0271550416946411,1.0500781536102295,1.0320607423782349,1.031699776649475,1.0768942832946777,1.0841255187988281,1.0246795415878296,1.0270142555236816,0.9809672236442566,0.953265368938446
horse,0.9183674454689026,0.8829658031463623,0.7857373952865601,0.44752436876296997,0.0,0.6591010093688965,0.40857040882110596,0.5917026996612549,0.49092936515808105,0.7375624775886536,0.7703467607498169,0.6467741131782532,0.5175657272338867,0.6817494630813599,0.8896830677986145,0.8040239810943604,0.869720458984375,0.6703901290893555,0.6144660711288452,0.8137851357460022,0.7893720865249634,0.9683999419212341,1.108771800994873,0.9829255938529968,1.060646891593933,1.0837820768356323,1.1388261318206787,1.0709558725357056,0.980054497718811,0.9269066452980042,0.9491669535636902,0.9798094630241394,1.018202781677246,0.8628973960876465,0.8663086295127869,0.9562578201293945,0.8770633339881897,0.7735533714294434,0.9733379483222961,1.0004031658172607,1.0580964088439941,1.119355320930481,0.9628770351409912,0.8420836925506592,0.9500421285629272,0.9358234405517578,0.9672085642814636,1.038689136505127,1.0908727645874023,1.0456249713897705,1.0285049676895142,1.0201549530029297,1.0990761518478394,1.0664193630218506,1.0911118984222412,0.9104817509651184,0.8951058983802795,1.0650511980056763,0.9127358198165894,0.8317180275917053,0.8581717014312744,0.7882387042045593,0.9466947317123413,0.9440074563026428,0.951793909072876,1.013547658920288,1.087960124015808,1.0087339878082275,0.9583579897880554,1.0539751052856445,0.9919551610946655,0.97588711977005,1.0045313835144043,0.8954555988311768,0.7636592388153076,0.9678587913513184,0.9554554224014282,1.0111160278320312,0.9192927479743958,0.909162163734436,0.9331149458885193,1.0557444095611572,0.910017728805542,0.9856753349304199,,1.006495714187622,0.8267635703086853,0.9453834891319275,1.0635267496109009,1.0041459798812866,1.0153263807296753,0.9942190051078796,0.9896900057792664,0.9901904463768005,0.8854730129241943,0.9010877013206482,1.0900554656982422,0.9725819826126099,1.0796619653701782,1.1376298666000366,0.9548453092575073,0.9142124652862549,1.1362556219100952,1.1224002838134766,1.1365193128585815,1.154313325881958,1.161353588104248,1.1335614919662476,1.1577746868133545,0.9642771482467651,1.118732213973999,1.0113722085952759,1.0642743110656738,0.8595271110534668,1.007001519203186,,1.0101635456085205,0.9165049195289612,0.9785388708114624,0.9846492409706116,0.9168137311935425,0.9205383658409119,0.9951100945472717,0.7161712646484375,,1.159688949584961,1.085479497909546,1.074148416519165,0.9037787318229675,1.1601359844207764,1.1043450832366943,1.1135470867156982,1.1708697080612183,1.0145254135131836,1.0620063543319702,0.9749078750610352,0.9667738676071167,1.0737276077270508,1.0406856536865234,1.0300049781799316,0.8503941297531128,0.9039769172668457,0.865384578704834,1.0869988203048706,1.0444377660751343,0.9225490093231201,1.059576153755188,0.9892067909240723,1.026915192604065,1.0553514957427979,0.8765425086021423,0.8985075950622559,0.9429123401641846,0.914588451385498,0.862684428691864,0.8368240594863892,0.7956249117851257,0.8257792592048645,0.9248334169387817,0.8537142276763916,0.8470373153686523,0.9105049967765808,0.9942905902862549
pig,0.8863133788108826,0.9402272701263428,0.9939380288124084,0.6264811754226685,0.6591010093688965,0.0,0.7322059869766235,0.7520122528076172,0.8302005529403687,0.9826439023017883,0.9797118306159973,0.8156854510307312,0.5572730302810669,0.71736741065979,0.8798595666885376,0.9369297623634338,0.8581355810165405,0.8373211622238159,0.7996790409088135,0.9689620137214661,1.032184362411499,1.0534666776657104,1.0667102336883545,0.9910680055618286,1.0028605461120605,1.09219491481781,1.1202657222747803,1.0793417692184448,1.0992181301116943,1.1069245338439941,1.062171220779419,1.0858896970748901,1.112904667854309,0.9520296454429626,0.9544887542724609,0.9712486863136292,1.0591456890106201,1.03392493724823,1.0114177465438843,1.0134209394454956,1.0524029731750488,1.0809426307678223,0.9945335984230042,0.9822835922241211,1.0599350929260254,1.0238174200057983,1.0129470825195312,1.0854827165603638,1.095524787902832,0.9927719831466675,0.9647656083106995,0.9718145132064819,0.9872415065765381,0.9854369163513184,1.0886105298995972,0.9299432635307312,0.7927558422088623,0.9921995997428894,1.0738171339035034,0.9552637338638306,0.9966942071914673,0.9418990612030029,1.0417184829711914,0.9623396992683411,1.0283353328704834,1.121256947517395,1.063037395477295,0.9599681496620178,0.9498314261436462,1.082566738128662,1.0208592414855957,1.03871750831604,0.9585863947868347,0.9548874497413635,1.0099949836730957,1.1343733072280884,1.1530653238296509,1.1061458587646484,1.0730922222137451,1.051725149154663,1.0881065130233765,1.0377326011657715,1.039138674736023,1.0092573165893555,,0.9617682695388794,0.9606893062591553,0.9081781506538391,1.0806398391723633,1.1356878280639648,1.1142385005950928,1.1797744035720825,1.1717785596847534,1.1559454202651978,1.0859816074371338,0.9729399681091309,1.162298321723938,1.171072006225586,1.1696053743362427,1.211902379989624,1.1319878101348877,1.0808777809143066,1.117563009262085,1.0150219202041626,1.0715380907058716,1.0871508121490479,1.0885668992996216,1.1222630739212036,1.1111204624176025,1.027252197265625,1.077607274055481,1.0283573865890503,1.036765217781067,0.9751973152160645,0.8977227210998535,,0.9324741959571838,1.03318190574646,1.0687315464019775,1.006851077079773,1.09769868850708,0.9767568707466125,0.994931697845459,0.7258020639419556,,1.055821418762207,1.0462119579315186,1.1260900497436523,0.9928531050682068,1.0632225275039673,0.9878896474838257,1.045262098312378,1.0243788957595825,0.922265350818634,0.9392899870872498,1.0292222499847412,1.0512067079544067,1.0527199506759644,1.1255451440811157,0.7754284143447876,0.6692398190498352,0.8614906072616577,1.0326268672943115,1.0084940195083618,0.9233776926994324,1.0436866283416748,1.060777187347412,1.1269004344940186,1.1468099355697632,0.9795767664909363,0.9899598360061646,0.9502168297767639,0.95075923204422,1.0013998746871948,1.027134656906128,0.9886753559112549,1.0050183534622192,1.0237975120544434,1.0417256355285645,1.0511250495910645,1.0966349840164185,0.9610298871994019,0.9751712679862976
rooster,0.9383469820022583,0.8803130388259888,0.9189700484275818,0.6711539030075073,0.40857040882110596,0.7322059869766235,0.0,0.4976067543029785,0.3958883285522461,0.6433693170547485,0.75160813331604,0.629065990447998,0.5509841442108154,0.6302933096885681,0.842034101486206,0.9082458019256592,0.9132631421089172,0.64829021692276,0.6442393064498901,0.9312885999679565,0.8688425421714783,0.9690795540809631,1.033929705619812,0.9387065172195435,0.9911988377571106,1.0473116636276245,1.0474058389663696,1.0276085138320923,0.9924217462539673,1.0293813943862915,0.9367192983627319,0.9519941210746765,1.0488015413284302,0.9843905568122864,0.8645407557487488,1.010435700416565,0.9131683707237244,0.8141615390777588,0.8035945892333984,0.9444237947463989,1.0263091325759888,1.0948593616485596,1.0289723873138428,0.8137672543525696,0.9284934401512146,0.9505441784858704,0.9795693755149841,1.0502996444702148,1.1101881265640259,1.04917573928833,1.1072466373443604,1.0946539640426636,1.1051113605499268,1.0624624490737915,1.0637131929397583,0.9869752526283264,1.0061897039413452,1.0366114377975464,0.8031272292137146,0.9466015100479126,0.9898150563240051,0.9089654684066772,1.0157527923583984,0.9342977404594421,0.9582976698875427,1.037192940711975,1.041597843170166,0.8999741077423096,0.9232979416847229,1.0596888065338135,0.9865584373474121,0.9469896554946899,0.9291727542877197,0.8381726145744324,0.718114972114563,0.9526006579399109,0.9537416100502014,1.0274440050125122,0.872400164604187,0.973738968372345,0.9841880798339844,0.9533171653747559,0.7384845018386841,0.8758980631828308,,0.9825514554977417,0.6308881640434265,0.8992161750793457,0.9138018488883972,0.9115622043609619,0.9097194671630859,0.9246322512626648,0.9379556179046631,0.9791578054428101,0.7838946580886841,0.811418890953064,0.9932454824447632,0.9000340104103088,1.036163568496704,1.0031143426895142,0.9802206754684448,0.8235072493553162,0.9845741391181946,1.0549697875976562,1.0433993339538574,1.0419296026229858,1.1373894214630127,1.0135432481765747,1.0744138956069946,0.986454427242279,1.0970678329467773,0.9727612733840942,1.0372196435928345,0.8247867822647095,0.9910346269607544,,0.9470208287239075,0.822062611579895,1.036894679069519,0.9811854958534241,0.9205828905105591,0.8132234215736389,0.9338631629943848,0.7287930846214294,,1.131860375404358,1.1055129766464233,0.9930896162986755,0.9207015633583069,1.157749891281128,1.0410996675491333,1.0368937253952026,1.0920461416244507,0.9989979863166809,1.048506259918213,0.9967535138130188,0.8991198539733887,0.9808498620986938,1.0296568870544434,1.0000079870224,0.7031493782997131,0.717856764793396,0.7204259634017944,1.00614595413208,0.919231653213501,0.7891049981117249,0.9768278002738953,0.8637217283248901,0.894476592540741,1.0816577672958374,1.0092523097991943,1.0553269386291504,1.0580229759216309,0.9801017642021179,0.9840927720069885,0.9569299221038818,0.9496509432792664,0.9625914692878723,1.0517297983169556,0.9417638778686523,0.879137396812439,0.8812620043754578,0.9575881361961365
penguin,0.9362870454788208,0.8950204253196716,0.9656577110290527,0.6804101467132568,0.5917026996612549,0.7520122528076172,0.4976067543029785,0.0,0.4437713027000427,0.6422697901725769,0.6384607553482056,0.7297613620758057,0.5592731237411499,0.6928644776344299,0.8509746789932251,0.8682568073272705,0.8335785269737244,0.5102307200431824,0.49421918392181396,0.9038329124450684,0.9065511226654053,1.032094955444336,1.023529052734375,0.9371893405914307,0.8636934161186218,0.9272490739822388,1.0385093688964844,0.9600803852081299,1.0156985521316528,0.9969750642776489,0.9308373928070068,0.9078665375709534,1.0322908163070679,0.9220635294914246,0.8022196292877197,0.9271342754364014,0.7946707010269165,0.7707133293151855,0.8601357936859131,0.9701309204101562,1.0476082563400269,1.1227209568023682,1.0368283987045288,0.9244171977043152,1.0227257013320923,1.0263800621032715,0.9980008602142334,1.0590715408325195,1.0753822326660156,1.0796208381652832,1.0691670179367065,1.066501498222351,1.1055223941802979,1.0703332424163818,1.0565849542617798,0.9887855648994446,0.9615547060966492,0.9643415212631226,0.7802941799163818,0.8699788451194763,0.984424352645874,0.8756158351898193,0.9524277448654175,0.9298287034034729,0.9395376443862915,0.9607053399085999,0.9603413343429565,0.8928177356719971,1.0317597389221191,1.1170417070388794,1.1122949123382568,1.0440937280654907,1.0943174362182617,0.9762391448020935,0.8133881688117981,0.9382901191711426,0.9678841233253479,1.0749554634094238,0.9192515015602112,0.985299825668335,0.9850273132324219,1.0356415510177612,0.8593847751617432,0.9142497181892395,,0.9597600102424622,0.7620289921760559,0.8639847040176392,0.9372746348381042,0.9368959069252014,0.9364562630653381,1.0041391849517822,0.990624725818634,1.0319527387619019,0.965329110622406,0.9554521441459656,1.0186231136322021,0.9119985699653625,1.01677668094635,0.9909310936927795,0.9296324253082275,0.9390515089035034,1.0789775848388672,1.0572935342788696,1.0630906820297241,1.0160754919052124,1.0831602811813354,1.0874848365783691,1.070220708847046,1.0772944688796997,1.048878788948059,0.997036337852478,1.0103168487548828,0.9505628347396851,0.9515182375907898,,0.9410024881362915,0.8862977027893066,1.0475387573242188,0.9712439179420471,1.006816029548645,0.8973317742347717,0.9535311460494995,0.8417048454284668,,1.0762310028076172,0.9979442954063416,1.0416661500930786,0.9332957863807678,1.073973298072815,1.0564086437225342,1.1006245613098145,1.1244878768920898,1.0414507389068604,1.0200227499008179,0.9298050999641418,0.8683967590332031,0.9288910031318665,0.94764244556427,0.9851793050765991,0.8571921586990356,0.7717114686965942,0.739486575126648,0.8615306615829468,0.7517895698547363,0.8798221349716187,0.9571378827095032,0.949212908744812,0.9859756827354431,1.0253322124481201,0.9477501511573792,1.0099002122879028,0.9675916433334351,0.9295863509178162,0.9843651652336121,0.9859042167663574,0.9663096070289612,0.9366505742073059,0.9803981184959412,0.9398260116577148,0.8844276070594788,0.913265585899353,0.9688577651977539
bird,0.9301488995552063,0.9372736811637878,0.8455188274383545,0.5725865960121155,0.49092936515808105,0.8302005529403687,0.3958883285522461,0.4437713027000427,0.0,0.4731721878051758,0.5332916975021362,0.4804146885871887,0.480373740196228,0.6204856634140015,0.9045640230178833,0.9986444115638733,0.9077915549278259,0.5902271866798401,0.5556560754776001,1.0383341312408447,1.0132155418395996,1.1287314891815186,1.1594527959823608,0.9940980076789856,1.0168060064315796,1.0115406513214111,1.0618808269500732,1.014823079109192,1.0108710527420044,1.0249531269073486,0.9298369288444519,0.8962082862854004,1.0873994827270508,0.9852684736251831,0.9930075407028198,0.9356937408447266,0.9175935983657837,0.8210943341255188,0.6355444192886353,0.9501082301139832,1.0691907405853271,1.0881426334381104,1.0654199123382568,0.8316505551338196,1.0733739137649536,1.0803642272949219,1.0701894760131836,1.134784460067749,1.1320182085037231,1.1058331727981567,1.1417115926742554,1.1150459051132202,1.1486108303070068,1.1161178350448608,0.979644238948822,0.8341221809387207,1.01425039768219,0.9143503904342651,0.48023223876953125,0.9041669368743896,0.8911826610565186,0.845910370349884,1.1062417030334473,0.8565069437026978,1.0205193758010864,0.8240234851837158,0.873855710029602,0.823185920715332,0.8853092193603516,1.013990044593811,0.9891496896743774,0.9158398509025574,1.0362106561660767,0.8681336045265198,0.711296796798706,0.8494782447814941,0.8805233240127563,0.9839906096458435,0.8534312844276428,0.9728920459747314,0.9649597406387329,1.0403950214385986,0.6808226108551025,0.8097119331359863,,1.0203232765197754,0.6397295594215393,0.7324626445770264,0.8004326820373535,0.8060348629951477,0.7826072573661804,0.7102641463279724,0.7153978943824768,0.7677156925201416,0.83531653881073,0.8813101649284363,0.8584239482879639,0.7841305732727051,0.8701378703117371,0.9682658910751343,0.9118556380271912,0.7743150591850281,1.0071866512298584,1.0843175649642944,1.0142560005187988,0.9352973699569702,0.9415543675422668,0.9403872489929199,0.9821491837501526,1.0568863153457642,0.9855627417564392,0.8696750402450562,0.9704516530036926,0.886404812335968,0.9694509506225586,,0.994448721408844,0.8745951056480408,0.9329070448875427,1.023678183555603,0.9680752754211426,0.932755708694458,0.9283014535903931,0.8972433805465698,,1.117728352546692,1.024429440498352,1.0085800886154175,1.0083458423614502,1.1039776802062988,1.096919059753418,1.0496724843978882,1.117006540298462,1.0069026947021484,1.0605589151382446,0.9286378026008606,0.9509601593017578,0.9758558869361877,1.0436521768569946,0.9290139675140381,0.8794398903846741,0.8805364966392517,0.8726997375488281,1.0141111612319946,0.9644463658332825,0.8606953620910645,0.9279528856277466,0.8386802673339844,0.8659716248512268,1.0986279249191284,1.0977985858917236,1.182262659072876,1.1633096933364868,1.093836784362793,1.0944160223007202,1.0782426595687866,1.101647973060608,1.1003025770187378,1.1814854145050049,1.1073391437530518,1.0294688940048218,0.8813768625259399,0.9035261273384094
duck,0.9170103669166565,0.9519596695899963,0.8935673236846924,0.8370714783668518,0.7375624775886536,0.9826439023017883,0.6433693170547485,0.6422697901725769,0.4731721878051758,0.0,0.6433773636817932,0.7391647696495056,0.7955371141433716,0.829118013381958,0.92941814661026,1.004775881767273,0.9744994640350342,0.785545825958252,0.7822408676147461,1.0921640396118164,1.0454972982406616,1.0932363271713257,1.1585819721221924,1.059528112411499,1.0641303062438965,1.048171877861023,1.0772898197174072,1.0312622785568237,0.9567196369171143,1.0331521034240723,0.9299970269203186,0.95622718334198,1.071946144104004,0.9989911317825317,1.0515925884246826,0.9407973289489746,0.959751546382904,0.8631707429885864,0.7164073586463928,0.7999541759490967,0.9739490151405334,1.0059254169464111,0.9810266494750977,0.8978117108345032,1.038327693939209,1.0617891550064087,1.0600944757461548,1.0149099826812744,1.0158363580703735,1.0162614583969116,1.0890995264053345,1.0528846979141235,0.9894506335258484,1.0311681032180786,0.89412921667099,0.860435962677002,0.9972518682479858,0.956993579864502,0.7276893854141235,0.9087984561920166,0.9303926229476929,0.913701593875885,1.1485005617141724,0.979566216468811,1.0010156631469727,0.8732579946517944,0.9160962700843811,0.8029038906097412,0.9208344221115112,0.9766062498092651,0.9354996681213379,0.8349104523658752,0.9707224369049072,0.8938116431236267,0.8408331871032715,0.8261882662773132,0.8272973299026489,0.9207878708839417,0.8827451467514038,0.9108126163482666,0.843874990940094,1.0917085409164429,0.7949948906898499,0.9345533847808838,,1.0506157875061035,0.7537105083465576,0.9374391436576843,0.8215904831886292,0.8228850364685059,0.8167743682861328,0.7646607160568237,0.7957131862640381,0.8639081120491028,0.8599349856376648,0.8942536115646362,0.8530541658401489,0.8322138786315918,0.8629363775253296,0.9294235706329346,0.780174732208252,0.8155604600906372,0.9626360535621643,1.0542868375778198,0.9833266139030457,0.9542028903961182,0.9558631777763367,0.8689597249031067,0.9128198623657227,1.0525219440460205,0.9634335041046143,0.9232285618782043,0.9202749729156494,0.8633425831794739,1.0041004419326782,,1.045595645904541,0.9301668405532837,0.9576796889305115,0.9467658996582031,0.8973612189292908,0.8878293633460999,0.9469091296195984,0.9659404754638672,,1.0193476676940918,0.9863960146903992,0.9441677927970886,0.9454343318939209,0.9723702073097229,1.0795972347259521,0.9483942985534668,1.0476958751678467,1.0049611330032349,1.0701234340667725,0.8267354965209961,1.0479042530059814,1.1057666540145874,1.081092119216919,1.0071818828582764,1.0281729698181152,1.018305778503418,0.9651445150375366,1.0716404914855957,1.0344566106796265,0.8260323405265808,0.898205041885376,0.9063172936439514,0.8774400353431702,1.076686143875122,1.0711191892623901,1.1354649066925049,1.1164255142211914,1.0790072679519653,1.046397089958191,1.0642503499984741,1.0875189304351807,1.082917332649231,1.103545904159546,1.0271192789077759,0.9661977887153625,0.869876503944397,0.9082199335098267
fish,0.9531850814819336,0.9808321595191956,0.7099915742874146,0.8594977855682373,0.7703467607498169,0.9797118306159973,0.75160813331604,0.6384607553482056,0.5332916975021362,0.6433773636817932,0.0,0.6164677143096924,0.5960339307785034,0.932938814163208,0.9260953664779663,1.0613136291503906,0.9795687794685364,0.9236651062965393,0.9475576281547546,1.0577558279037476,1.0378375053405762,1.2059922218322754,1.0699174404144287,1.034295678138733,0.9783259630203247,0.9251282215118408,0.8972582221031189,0.8091414570808411,0.7176402807235718,0.8787438869476318,0.6815619468688965,0.5527775287628174,0.9466366767883301,1.1420307159423828,1.019829273223877,0.9921098351478577,0.8443652987480164,0.788703441619873,0.7108846306800842,1.0789976119995117,1.232885718345642,1.099211573600769,1.198206901550293,1.0419591665267944,1.1759344339370728,1.2037692070007324,1.1229068040847778,1.2321860790252686,1.197499394416809,1.2917771339416504,1.2775301933288574,1.241499423980713,1.3067471981048584,1.1735461950302124,0.9344952702522278,0.8808904886245728,1.1705999374389648,1.13874089717865,0.7227384448051453,0.9853560328483582,0.9586524963378906,0.948863685131073,1.1468573808670044,0.9650479555130005,1.089584469795227,0.6575058698654175,0.6564520001411438,0.6519455909729004,0.8901650905609131,0.7388889193534851,0.766244113445282,0.6913405060768127,1.004708170890808,0.6996253132820129,0.6647211909294128,0.5466122627258301,0.5500451922416687,0.6213964223861694,0.7139034271240234,0.9152699112892151,0.7369916439056396,0.7832415699958801,1.1082102060317993,0.9574885368347168,,1.121413230895996,0.7441647052764893,0.9520348906517029,0.8157165050506592,0.7242416143417358,0.7429664731025696,0.5383584499359131,0.5074151754379272,0.48019635677337646,0.9482996463775635,0.9267374873161316,0.7137299180030823,0.6938961744308472,0.6997477412223816,0.9497432112693787,0.5515088438987732,0.7427024841308594,1.1670818328857422,1.1785324811935425,1.1148462295532227,0.9746680855751038,0.8021725416183472,0.8326008915901184,0.868274986743927,1.0329489707946777,0.9049695730209351,0.852742612361908,0.9251344799995422,0.6870023608207703,0.9192010760307312,,0.9722137451171875,0.8448799848556519,0.7763389348983765,0.9124392867088318,0.7782769203186035,0.8054938316345215,0.8819777965545654,0.8645211458206177,,1.097594976425171,0.866158664226532,0.8641616106033325,1.065656065940857,1.107547402381897,1.185901165008545,1.2347116470336914,1.2779052257537842,1.0488930940628052,1.0657055377960205,0.8536961078643799,0.9227333664894104,0.9725072979927063,0.7778390049934387,1.006003499031067,1.0637073516845703,0.9655431509017944,0.720596432685852,0.9779070019721985,0.9658266305923462,1.0262255668640137,0.8540052771568298,0.8359697461128235,0.8262234926223755,1.1978917121887207,1.1724398136138916,1.2539007663726807,1.1871769428253174,1.0610299110412598,1.202244520187378,1.1915900707244873,1.189149022102356,1.164616584777832,1.1812084913253784,1.131958246231079,0.9792576432228088,0.9376893043518066,1.0580713748931885
butterfly,1.0691825151443481,0.9912930130958557,0.6211458444595337,0.6725805401802063,0.6467741131782532,0.8156854510307312,0.629065990447998,0.7297613620758057,0.4804146885871887,0.7391647696495056,0.6164677143096924,0.0,0.3204537034034729,0.9110530614852905,1.0809357166290283,1.1729520559310913,1.1465880870819092,0.9369077682495117,0.8895935416221619,1.083359956741333,1.0524111986160278,1.2213892936706543,1.1542677879333496,1.1830735206604004,1.0160351991653442,1.0420761108398438,1.0042890310287476,0.9500182867050171,0.8816409111022949,0.9932911992073059,0.8561668395996094,0.8071597814559937,0.9829148054122925,1.0631067752838135,1.0363107919692993,0.9803441166877747,0.9268412590026855,0.9554901123046875,0.750942587852478,1.0766794681549072,1.19546639919281,1.0577501058578491,1.0965368747711182,1.0895986557006836,1.1142144203186035,1.0817097425460815,1.095772385597229,1.1779961585998535,1.1552143096923828,1.1535149812698364,1.2176508903503418,1.1589006185531616,1.1952427625656128,1.1723911762237549,1.0169448852539062,1.0163236856460571,1.176450252532959,1.045299768447876,0.8455740213394165,1.0161511898040771,1.065630555152893,1.0534669160842896,1.171384334564209,0.8696650266647339,1.0725250244140625,0.7750014662742615,0.8358778357505798,0.8106502294540405,0.8588653802871704,0.8986536860466003,0.8603931665420532,0.7991958260536194,1.007086157798767,0.6858276128768921,0.8070120811462402,0.7916614413261414,0.8397871851921082,0.854398250579834,0.8506743907928467,0.9463253021240234,0.9255079030990601,0.9878936409950256,0.9709739685058594,0.9505084156990051,,1.0537234544754028,0.7908998727798462,0.7317249774932861,0.8400937914848328,0.7901859283447266,0.8265382647514343,0.702522337436676,0.7182750105857849,0.6909497976303101,0.8227709531784058,0.7439489364624023,0.8442772626876831,0.836288571357727,0.8764062523841858,1.0722289085388184,0.8978519439697266,0.8389189839363098,1.084061861038208,1.0870367288589478,1.048506736755371,1.0303610563278198,0.916495680809021,0.934486448764801,0.9413167238235474,1.0566749572753906,0.9556381106376648,0.8748894929885864,0.9814624190330505,0.8178545236587524,0.9370112419128418,,1.0324946641921997,0.9791020154953003,0.8394832015037537,0.9980964064598083,0.8719418048858643,0.9665520191192627,0.9241393804550171,0.8487262725830078,,1.0511174201965332,0.9894660115242004,0.9887238144874573,1.0839864015579224,1.096015453338623,1.0809580087661743,1.0780762434005737,1.1369701623916626,0.9898434281349182,1.0487098693847656,1.076660394668579,0.9915118217468262,1.0172641277313232,0.964637279510498,0.8660202026367188,0.9109282493591309,1.0886778831481934,0.9907650947570801,1.05580472946167,0.9865080714225769,0.9205262660980225,0.9581109285354614,1.0126917362213135,0.9713960886001587,1.2003618478775024,1.1392120122909546,1.2300403118133545,1.1920559406280518,1.1328774690628052,1.1432015895843506,1.1811997890472412,1.176900863647461,1.1717463731765747,1.2269443273544312,1.1462897062301636,1.0745465755462646,1.0179650783538818,1.028209924697876
