,zebra,giraffe,deer,pony,horse,pig,rooster,penguin,bird,duck,fish,butterfly,frog,alligator,owl,elephant,bear,cat,dog,face,hair,arm,hand,leg,foot,ankle,finger,toe,tooth,ear,nose,eye,mouth,stroller,motorcycle,tricycle,truck,car,lamp,chair,bench,drawer,ladder,window,door,closet,shower,refrigerator,oven,crib,bed,couch,table,bathtub,sink,boat,slide,hose,sprinkler,swing,grass,tree,snow,helicopter,firetruck,clock,ball,balloon,pumpkin,egg,orange,apple,potato,strawberry,hat,slipper,watch,nail,raisin,glasses,necklace,carrot,vacuum,broom,mop,stick,shovel,scissors,spoon,fork,knife,pencil,pen,crayon,plant,flower,soap,bottle,cup,can,belt,radio,basket,milk,jar,bucket,tape,bowl,plate,corn,pickle,banana,melon,bread,cookie,toast,cracker,sandwich,chips,pizza,hamburger,muffin,pastry,meat,pasta,sauce,soup,applesauce,glass,coffee,dish,tray,box,book,paper,rock,comb,toothbrush,gum,toy,doll,mitten,glove,sock,shoe,purse,pillow,towel,napkin,blanket,dress,pajamas,bib,scarf,coat,jacket,sweater,shirt,jeans,pants,shorts,cloud,game
zebra,0.0,1.0003055334091187,0.9844908118247986,1.031753659248352,0.9998042583465576,0.9405573010444641,1.0737736225128174,1.0276776552200317,0.987886369228363,1.004995346069336,1.0048316717147827,0.985442042350769,1.0113075971603394,0.8222479224205017,0.7893690466880798,0.6173324584960938,0.6270553469657898,0.9680734872817993,1.0208858251571655,0.9496057033538818,0.9682063460350037,0.871235191822052,1.0362662076950073,0.812397837638855,0.9486985206604004,0.8988034129142761,1.0813004970550537,1.0278148651123047,1.0799992084503174,1.101814866065979,1.0753424167633057,1.045984148979187,1.0257376432418823,1.0874297618865967,1.0851259231567383,,1.0432463884353638,1.0793167352676392,1.044548749923706,0.9996284246444702,0.951536238193512,1.0144585371017456,1.0244091749191284,1.0209242105484009,1.0780653953552246,0.9698530435562134,0.9935579895973206,1.043068528175354,1.0717843770980835,0.95180344581604,0.7825510501861572,0.9024196863174438,0.9810290336608887,0.9247661828994751,1.0539889335632324,1.0521931648254395,0.8520387411117554,0.9762799739837646,1.0259487628936768,1.0153728723526,0.9690442085266113,0.9510207176208496,0.8703593015670776,,1.0316954851150513,1.0552853345870972,0.9389565587043762,0.9973393678665161,0.9654885530471802,1.0095640420913696,1.0390872955322266,1.0543533563613892,1.0833834409713745,1.0840392112731934,1.055435061454773,1.1144375801086426,1.094010591506958,1.0604794025421143,1.0702555179595947,1.059178352355957,1.0335906744003296,1.086747407913208,1.1626145839691162,1.055589199066162,,0.971953809261322,1.1164610385894775,0.9730872511863708,1.079325556755066,1.0678248405456543,1.10354483127594,1.1248947381973267,1.1382231712341309,1.185194730758667,1.0763393640518188,1.100274920463562,1.1131700277328491,1.1874979734420776,1.166724681854248,1.1905465126037598,1.0138328075408936,1.160820484161377,1.0058273077011108,1.0717869997024536,1.0880059003829956,1.1294032335281372,1.1154320240020752,1.0985722541809082,1.1057307720184326,0.9690539836883545,1.1266359090805054,1.041799545288086,0.8719696998596191,1.091747522354126,0.9923299551010132,,0.9409019351005554,0.8948712944984436,1.0545248985290527,1.0961594581604004,0.9696713089942932,0.9233177900314331,0.9459478259086609,1.009368896484375,1.0481750965118408,1.0550663471221924,1.0227038860321045,1.0935592651367188,1.0449639558792114,1.051661729812622,1.042715311050415,1.0986446142196655,1.0968762636184692,1.131064534187317,1.010558843612671,0.7817513346672058,0.9201758503913879,1.0118317604064941,1.1646912097930908,1.1234464645385742,0.9875675439834595,0.7005908489227295,0.8943707942962646,0.8497249484062195,0.9480668902397156,1.060859203338623,0.7262178063392639,0.9726596474647522,1.008916974067688,0.7154414057731628,0.9901489019393921,0.8363122344017029,0.7753068804740906,0.940890371799469,1.050310492515564,0.9193298816680908,0.8885175585746765,0.8956001400947571,0.8573071956634521,0.8991977572441101,0.9419670104980469,,0.9946920871734619
giraffe,1.0003055334091187,0.0,1.06952702999115,1.0191171169281006,0.9072427153587341,0.9339180588722229,1.037778615951538,1.0154796838760376,0.9561154842376709,1.0144975185394287,1.062674880027771,1.0336127281188965,1.0039974451065063,0.9043992757797241,0.9481917023658752,0.8085883855819702,0.922744870185852,0.9429815411567688,0.9785844087600708,0.9020638465881348,0.9754918813705444,0.9383258819580078,1.0516515970230103,0.9667676687240601,0.9843379855155945,1.0372967720031738,1.0682259798049927,1.0486630201339722,1.1119457483291626,1.1042470932006836,1.1135797500610352,1.0238233804702759,1.0610816478729248,1.0166982412338257,1.0241321325302124,,0.8340859413146973,0.96794593334198,1.0471786260604858,1.0350122451782227,0.9821915030479431,1.050093412399292,0.9495178461074829,0.7953048944473267,0.8955274224281311,0.9075801968574524,0.8997005224227905,0.9935653805732727,1.0333539247512817,0.9462070465087891,0.8964115381240845,0.9267492294311523,0.9885478615760803,0.9706775546073914,1.0538558959960938,0.9576001763343811,0.7860518097877502,0.9876856803894043,1.0212970972061157,0.57170569896698,0.7942568063735962,0.6521974802017212,0.8461830615997314,,0.9870421290397644,1.0812890529632568,1.0627808570861816,1.0583457946777344,1.089536190032959,1.0771082639694214,1.0880460739135742,1.0783740282058716,1.0891646146774292,1.0566723346710205,1.116658329963684,1.1147326231002808,1.158900260925293,1.1057851314544678,1.085616946220398,1.0673763751983643,1.0858105421066284,1.0870438814163208,1.0438438653945923,0.9660252928733826,,0.9827755689620972,1.0826843976974487,0.9621063470840454,1.0409661531448364,1.077634334564209,1.0588529109954834,1.0463957786560059,1.0738797187805176,1.0629457235336304,0.9821330904960632,0.9941806197166443,1.105956792831421,1.1161972284317017,1.1046302318572998,1.1192008256912231,1.1138215065002441,1.0844695568084717,1.0272928476333618,1.0110875368118286,1.0391807556152344,1.0563571453094482,1.071930170059204,1.0670948028564453,1.0463504791259766,0.9558385014533997,1.0082323551177979,0.9731503129005432,0.944373369216919,1.0290818214416504,1.0417767763137817,,0.9521086812019348,0.984011173248291,0.9565376043319702,0.9740320444107056,1.0182301998138428,1.0122934579849243,0.9792327880859375,1.026289939880371,1.0244929790496826,0.9918703436851501,0.9252454042434692,1.0050861835479736,1.0531792640686035,0.9966705441474915,1.01771080493927,1.045145034790039,1.0460171699523926,1.0703506469726562,1.0749561786651611,0.9325587749481201,1.0687768459320068,0.9741632342338562,1.1384069919586182,1.034402847290039,1.01997971534729,0.9843080639839172,1.0302475690841675,0.9973950386047363,0.9970594048500061,1.118330955505371,1.0456091165542603,1.0829111337661743,1.1064543724060059,0.891295313835144,0.9358937740325928,0.9116586446762085,0.9500764012336731,0.930510401725769,0.9006779193878174,0.8517909646034241,0.8985253572463989,0.9129133224487305,0.929664671421051,0.9590216875076294,1.033968210220337,,0.9936134815216064
deer,0.9844908118247986,1.06952702999115,0.0,0.8080410957336426,0.7155346870422363,1.005985140800476,0.5811215043067932,0.7704870104789734,0.7258173823356628,0.8317479491233826,0.732302188873291,0.6849408149719238,0.8504185676574707,0.8360781669616699,0.8813446760177612,0.9788706302642822,1.0549527406692505,0.907663106918335,0.8732380867004395,0.9439029097557068,0.8940038084983826,1.0146641731262207,1.041204571723938,1.0682523250579834,1.082800030708313,1.0176844596862793,1.033043622970581,1.0593796968460083,0.9377285838127136,0.8728704452514648,0.9288995862007141,0.9430859684944153,0.9663470983505249,1.0391700267791748,0.9646870493888855,,1.0384172201156616,0.9406182169914246,0.6972956657409668,1.0446221828460693,1.1199578046798706,1.0758659839630127,1.0286237001419067,1.007395625114441,1.066318392753601,1.092865228652954,1.0794055461883545,1.1073391437530518,1.0891079902648926,1.102001428604126,1.1011425256729126,1.0696234703063965,1.110142707824707,1.1261409521102905,1.0655219554901123,1.0356448888778687,1.1066226959228516,0.9934935569763184,0.8400168418884277,1.0063802003860474,1.0057072639465332,0.9773185849189758,1.0965347290039062,,0.9976416230201721,0.8260156512260437,1.007628321647644,0.8720028400421143,0.9231337308883667,0.9872182011604309,0.9658852815628052,0.980374276638031,1.0087355375289917,0.9180893301963806,0.83685702085495,0.9441893100738525,0.8965564966201782,0.9921977519989014,0.8780037760734558,0.8743360638618469,0.8375346660614014,0.9762954115867615,0.9937651753425598,0.9463351964950562,,0.7824748158454895,0.8496385216712952,0.9117758870124817,0.9640843272209167,0.9364873170852661,0.9411776661872864,0.895933985710144,0.8938353657722473,0.9386259317398071,0.7920390367507935,0.6934219598770142,0.9152895212173462,0.976030170917511,1.0373438596725464,1.1190159320831299,0.9516430497169495,1.0250262022018433,1.1655359268188477,1.043015480041504,1.019951343536377,1.1733602285385132,1.1190348863601685,1.0866256952285767,1.0681483745574951,0.9771409034729004,0.9792777299880981,0.9729259014129639,1.0531758069992065,0.8805797696113586,0.9138153195381165,,0.8905959129333496,0.9041348099708557,1.0311654806137085,0.9131963849067688,0.9352152347564697,0.8763726949691772,1.0076334476470947,1.0268759727478027,0.9616230726242065,0.9392800331115723,0.9964380860328674,1.0186898708343506,1.0013346672058105,1.0625388622283936,1.0388485193252563,1.076848030090332,1.1494736671447754,1.1065067052841187,1.084309697151184,1.0052177906036377,0.954775333404541,1.0253069400787354,1.0104795694351196,1.06465744972229,0.8944335579872131,1.0246500968933105,1.0137971639633179,1.0704141855239868,1.0766960382461548,0.9572218656539917,0.9513460993766785,0.9696282744407654,0.999650239944458,1.0980141162872314,0.9438650608062744,1.1313177347183228,1.1287659406661987,0.9892297387123108,0.9576676487922668,1.0384278297424316,1.0592156648635864,1.0340378284454346,1.1123487949371338,1.0555198192596436,1.0243263244628906,,1.0238758325576782
pony,1.031753659248352,1.0191171169281006,0.8080410957336426,0.0,0.28408801555633545,0.7029237747192383,0.29488492012023926,0.45552241802215576,0.40989917516708374,0.8293862342834473,0.7727941870689392,0.5926911234855652,0.5457091927528381,0.6484334468841553,0.8807264566421509,1.0629770755767822,1.1206169128417969,0.6381043195724487,0.37461090087890625,1.0369071960449219,1.0437347888946533,1.1620522737503052,1.1566267013549805,1.0473581552505493,1.0154838562011719,1.048295497894287,1.117836594581604,1.0603958368301392,0.9826087951660156,0.9501526355743408,1.0079891681671143,1.0192724466323853,0.9855407476425171,0.7525041699409485,0.700859785079956,,0.861831545829773,0.824729859828949,0.9673484563827515,0.9917763471603394,1.0786304473876953,1.0829315185546875,0.9876623749732971,1.0610867738723755,1.0947227478027344,1.0875343084335327,1.1021519899368286,1.1086302995681763,1.0851423740386963,1.02863609790802,1.1009292602539062,1.057911992073059,1.10857355594635,1.1641572713851929,1.1560888290405273,0.9047768712043762,1.054368019104004,1.0515018701553345,0.8725622296333313,0.9870618581771851,1.0383377075195312,1.0201841592788696,1.0721269845962524,,0.9208980798721313,0.9295845627784729,0.9974732995033264,1.0213291645050049,0.9768339395523071,1.0726345777511597,1.0515341758728027,1.0292423963546753,1.0116488933563232,0.9504284262657166,0.8439096212387085,0.9424565434455872,1.025314211845398,1.0639101266860962,0.9775876998901367,1.0047686100006104,1.0371711254119873,1.0919255018234253,0.8358114361763,0.9884946942329407,,1.0187181234359741,0.8831056356430054,0.9523618817329407,1.0057494640350342,1.0229260921478271,1.040932059288025,1.033377766609192,1.0277522802352905,1.022011160850525,0.920762300491333,0.8812996745109558,0.9951809048652649,0.8875375986099243,0.9883396625518799,1.0210816860198975,1.0497140884399414,0.8394951820373535,1.0814052820205688,1.0165855884552002,1.0199393033981323,1.0960345268249512,1.0482323169708252,1.0382112264633179,1.0617107152938843,1.0812064409255981,1.0352331399917603,1.001914381980896,1.084670901298523,0.9804649353027344,0.9638498425483704,,1.0404434204101562,1.0003132820129395,0.9998217225074768,0.9557008147239685,0.9489734768867493,0.8866950869560242,0.9830756187438965,1.1238850355148315,0.9906079173088074,1.0478812456130981,1.0672476291656494,1.02899968624115,1.0260285139083862,1.0880032777786255,1.0402451753616333,1.0297399759292603,1.0861599445343018,1.0046600103378296,1.049964189529419,1.1056923866271973,1.0878055095672607,1.101081371307373,1.0180809497833252,0.7819942831993103,0.44271278381347656,1.018791675567627,1.0240626335144043,1.0709102153778076,0.9265090227127075,0.8742878437042236,0.9732889533042908,0.9521046280860901,0.9526138305664062,1.1033581495285034,0.897716760635376,1.1652460098266602,1.12055242061615,1.0602645874023438,0.8877583742141724,1.0879877805709839,1.0896559953689575,1.0721473693847656,1.1222227811813354,1.0621205568313599,1.0534348487854004,,1.0463666915893555
horse,0.9998042583465576,0.9072427153587341,0.7155346870422363,0.28408801555633545,0.0,0.7759143114089966,0.3355647921562195,0.48940610885620117,0.3317832946777344,0.7847371101379395,0.6625463962554932,0.4971790909767151,0.5565111637115479,0.6056290864944458,0.8123065233230591,0.9039522409439087,1.0587530136108398,0.6607716083526611,0.5155890583992004,0.9030794501304626,0.9496626853942871,1.0784615278244019,1.1667569875717163,1.0694628953933716,1.083641529083252,1.0877143144607544,1.1088230609893799,1.073167324066162,0.9984449744224548,0.986319363117218,1.0322498083114624,1.0010640621185303,1.0661152601242065,0.951221227645874,0.8169798851013184,,0.9253395795822144,0.7639687061309814,0.9224722385406494,1.0381336212158203,1.103028655052185,1.1242105960845947,1.0623830556869507,0.921710729598999,1.1051175594329834,1.08202064037323,1.078341007232666,1.1296322345733643,1.1481380462646484,1.087929368019104,1.0389539003372192,1.0361340045928955,1.0925931930541992,1.1027559041976929,1.105181336402893,0.8267624378204346,0.9924843907356262,1.048068881034851,0.9938106536865234,0.9399768114089966,0.8989221453666687,0.8214656114578247,1.0220868587493896,,1.0757192373275757,0.8565600514411926,1.047594428062439,1.003008246421814,0.9459327459335327,1.023242712020874,1.0152735710144043,0.9943626523017883,1.1005432605743408,0.9299496412277222,0.8078945875167847,0.9334937930107117,1.0106418132781982,1.0135267972946167,0.966063380241394,0.9658820629119873,1.0046066045761108,1.1281286478042603,0.99247145652771,1.0301640033721924,,0.9816708564758301,0.879314661026001,0.9847517609596252,0.975159227848053,0.9870829582214355,1.0289677381515503,1.0113626718521118,1.0009353160858154,1.0374877452850342,0.8849621415138245,0.8192400932312012,1.0252931118011475,0.9281942844390869,0.9717896580696106,1.114820122718811,0.9767141342163086,0.8365817070007324,1.1241052150726318,1.0266993045806885,1.040893793106079,1.1505180597305298,1.0769144296646118,1.0193383693695068,1.034899115562439,1.0168697834014893,1.0173308849334717,1.009201169013977,1.0872151851654053,0.8870826363563538,0.9033161997795105,,1.0119986534118652,0.9760814309120178,0.9784889221191406,0.8840861916542053,0.9688935279846191,0.8457280397415161,0.9773212671279907,1.10613214969635,1.0790400505065918,1.004048466682434,1.0391112565994263,1.0578175783157349,1.0098932981491089,1.132484793663025,1.0453600883483887,1.0848662853240967,1.1551882028579712,1.0208382606506348,1.0439218282699585,0.966284990310669,1.1122322082519531,1.1259806156158447,1.088739037513733,0.9735679626464844,0.6861933469772339,1.09930419921875,1.080525279045105,1.1418976783752441,1.0109999179840088,0.9032998085021973,0.9698681831359863,1.008223295211792,1.008204460144043,1.0326063632965088,0.819716215133667,1.1209173202514648,1.0420420169830322,1.0309348106384277,0.9262585043907166,0.9642062187194824,1.0268362760543823,1.0093660354614258,1.1057604551315308,1.09235417842865,1.1132209300994873,,1.0740041732788086
pig,0.9405573010444641,0.9339180588722229,1.005985140800476,0.7029237747192383,0.7759143114089966,0.0,0.8059478402137756,0.8298746943473816,0.8409654498100281,0.9473320245742798,0.963336706161499,0.89369797706604,0.5818800926208496,0.6855618357658386,0.7558944821357727,0.9561418890953064,0.9664918780326843,0.8207646608352661,0.7572476863861084,0.8943134546279907,0.9446574449539185,0.9221369624137878,1.0042126178741455,0.8561020493507385,0.953883945941925,1.0785980224609375,1.1047098636627197,1.0519570112228394,1.0790255069732666,0.9124830365180969,1.0046188831329346,0.9870337843894958,1.0123767852783203,0.9485710859298706,0.9157779216766357,,0.9768499135971069,1.07282292842865,1.0827070474624634,1.089537262916565,1.047635793685913,1.0307753086090088,1.0075558423995972,1.0253602266311646,1.0176674127578735,1.049721121788025,0.9724491238594055,1.0324172973632812,1.038311243057251,1.0215529203414917,0.9893671870231628,1.021897315979004,1.0001667737960815,1.0228239297866821,1.1327894926071167,1.078985571861267,0.9242016673088074,0.9433265328407288,0.9039390087127686,0.9359891414642334,0.9868413805961609,0.9672726988792419,0.9297551512718201,,0.8819541335105896,1.076708436012268,0.9808889627456665,1.0610899925231934,0.995867133140564,1.1339505910873413,1.1497886180877686,1.081886649131775,0.9888507723808289,1.0019922256469727,1.0258766412734985,1.0946050882339478,1.2004024982452393,1.1526480913162231,1.0463902950286865,1.0758816003799438,1.1411566734313965,1.0447930097579956,1.0233581066131592,1.0500729084014893,,1.0587742328643799,1.0604963302612305,0.8779274821281433,1.142133116722107,1.1522116661071777,1.1207600831985474,1.147542119026184,1.168245553970337,1.135194182395935,1.102883219718933,1.0818084478378296,1.1159260272979736,1.1647722721099854,1.2340242862701416,1.2007818222045898,1.2194353342056274,1.096003770828247,1.1172541379928589,1.0783271789550781,1.0938715934753418,1.153494954109192,1.1337188482284546,1.1941490173339844,1.1215122938156128,1.0542042255401611,1.0526492595672607,0.9076932072639465,0.9073466062545776,1.0842087268829346,0.8790121674537659,,0.9132336378097534,0.941709041595459,0.9108564853668213,1.0737943649291992,0.995826780796051,0.9189366698265076,0.8358832597732544,1.0058279037475586,0.9837276339530945,1.0177955627441406,1.0048326253890991,1.0761827230453491,1.046517014503479,1.0612796545028687,0.9800318479537964,1.0760058164596558,1.0688592195510864,1.0518218278884888,0.9460554122924805,0.9181270599365234,0.9738735556602478,0.9704890847206116,0.9730677008628845,0.8322541117668152,0.6667650938034058,0.71907639503479,0.9150509238243103,0.9848605394363403,0.9391987323760986,1.0700271129608154,1.1200064420700073,1.0297880172729492,1.031882882118225,1.0255999565124512,1.0161147117614746,0.8816230893135071,0.9120354652404785,0.9661077260971069,0.8277885913848877,0.8716287612915039,0.8857073187828064,0.8805770874023438,0.9093422889709473,0.9124537706375122,0.9804606437683105,,0.928435206413269
rooster,1.0737736225128174,1.037778615951538,0.5811215043067932,0.29488492012023926,0.3355647921562195,0.8059478402137756,0.0,0.4419320225715637,0.25837165117263794,0.6546590328216553,0.5962700843811035,0.425841748714447,0.5431272983551025,0.60610431432724,0.7829279899597168,1.1014679670333862,1.1629379987716675,0.5729182958602905,0.4243232011795044,1.0275126695632935,0.9828523397445679,1.2219839096069336,1.189495325088501,1.100619912147522,1.0201587677001953,1.0307608842849731,1.115179181098938,1.0395601987838745,0.9722034931182861,0.8852260112762451,0.9624989628791809,0.9276523590087891,1.067218542098999,0.8173611164093018,0.745096743106842,,0.913081705570221,0.7859746813774109,0.8465061187744141,0.9650564789772034,1.1605167388916016,1.093299388885498,1.0345515012741089,0.981594443321228,1.095544695854187,1.0979666709899902,1.1129179000854492,1.151348352432251,1.12654447555542,1.0735013484954834,1.1749365329742432,1.139209508895874,1.1756367683410645,1.2092914581298828,1.1424903869628906,0.8928828239440918,1.158077597618103,1.0755913257598877,0.809983491897583,1.0383309125900269,1.0361021757125854,0.9780085682868958,1.1250547170639038,,0.9410446882247925,0.8580988645553589,0.9636934995651245,0.9503577351570129,0.8287886381149292,0.998420000076294,0.9240119457244873,0.9284526109695435,0.9925401210784912,0.8210874795913696,0.6759943962097168,0.8327940702438354,0.9207876920700073,1.0074608325958252,0.835678219795227,0.952016294002533,0.9982765316963196,1.0471365451812744,0.8256587982177734,0.9743350148200989,,0.9733743071556091,0.7462390661239624,0.9590059518814087,0.9524757266044617,0.969593346118927,0.9873058795928955,0.9425840973854065,0.9277578592300415,0.9616096615791321,0.814011812210083,0.725824236869812,0.8894364833831787,0.8219902515411377,0.9600242972373962,1.0087772607803345,0.9908610582351685,0.8065065145492554,1.1184474229812622,1.05580735206604,1.0534653663635254,1.1821229457855225,1.0804102420806885,1.017276644706726,1.0722296237945557,1.0712662935256958,0.9837440848350525,0.9644485116004944,1.1098968982696533,0.8251286149024963,0.8729614019393921,,0.9684286713600159,1.0204496383666992,0.9946559071540833,0.9082003235816956,0.9216288328170776,0.7155649065971375,0.985414981842041,1.0257359743118286,0.9057413935661316,1.0301783084869385,1.0753839015960693,1.1131960153579712,1.0438002347946167,1.1607128381729126,1.0815550088882446,1.0910159349441528,1.1320439577102661,1.0295451879501343,1.0769126415252686,1.084722876548767,1.0110805034637451,1.1271271705627441,1.036759614944458,0.8876098990440369,0.48574620485305786,1.000421404838562,0.981584370136261,1.0948485136032104,0.9439475536346436,0.7905540466308594,0.9313057661056519,0.8554865717887878,0.8982270359992981,1.126636028289795,0.8863264918327332,1.2568700313568115,1.1971616744995117,1.0960254669189453,0.8629330992698669,1.1381384134292603,1.153787612915039,1.1060538291931152,1.2116296291351318,1.1441131830215454,1.0848772525787354,,1.0835340023040771
penguin,1.0276776552200317,1.0154796838760376,0.7704870104789734,0.45552241802215576,0.48940610885620117,0.8298746943473816,0.4419320225715637,0.0,0.4935571551322937,0.8681409358978271,0.7395889163017273,0.6782256960868835,0.7465533018112183,0.7794073224067688,0.8924833536148071,1.0337743759155273,1.0430973768234253,0.7374742031097412,0.6397942304611206,0.9524178504943848,0.9321751594543457,1.0975533723831177,1.1648547649383545,1.0419178009033203,1.1054061651229858,1.0929762125015259,1.1042537689208984,1.085226058959961,0.9755944609642029,0.9050723910331726,0.9163471460342407,0.8530982136726379,1.0189266204833984,0.8575498461723328,0.7921473383903503,,0.8731552958488464,0.7750274538993835,0.8901913166046143,0.982697069644928,1.0287483930587769,1.026957631111145,0.992738664150238,0.9755361080169678,0.9578646421432495,1.0113815069198608,1.0283259153366089,1.029457449913025,1.007922887802124,1.0517370700836182,1.0815768241882324,1.0422121286392212,1.0775015354156494,1.0503442287445068,0.9668500423431396,0.8581972122192383,1.0818437337875366,1.0018303394317627,0.8654870986938477,1.0620684623718262,1.02106511592865,0.9818580150604248,1.0514708757400513,,0.8572097420692444,0.8742477297782898,1.0293508768081665,1.0250263214111328,0.9982037544250488,1.0378674268722534,1.015934705734253,1.0051255226135254,1.0232064723968506,0.954917311668396,0.7968941330909729,0.8696344494819641,0.9281307458877563,1.013984203338623,0.9352543950080872,0.9750977158546448,0.9979276061058044,1.0793604850769043,0.821895182132721,0.9469545483589172,,0.9689955115318298,0.9091377258300781,1.0182479619979858,1.0110125541687012,0.9993112683296204,0.9930760264396667,1.0034551620483398,0.9728997349739075,1.0314042568206787,0.8411976099014282,0.8355450630187988,0.9031378030776978,0.8881872892379761,0.9860113859176636,0.9356492757797241,0.9199696779251099,0.8326294422149658,1.1284501552581787,1.0737903118133545,1.046536922454834,1.127237319946289,1.080597162246704,1.0366113185882568,1.027606725692749,1.0205029249191284,1.004935383796692,0.9478920102119446,1.050610065460205,0.948867678642273,0.934273362159729,,0.9666997194290161,1.019281268119812,1.0582280158996582,0.9858271479606628,1.0099581480026245,0.9174526929855347,1.0059401988983154,1.014605164527893,0.9143304824829102,1.0089062452316284,1.0120596885681152,1.128476858139038,1.0133798122406006,1.068068265914917,1.0376083850860596,1.0819008350372314,1.0893192291259766,1.0971951484680176,1.0634374618530273,1.0067191123962402,0.8899711966514587,1.1218972206115723,1.0385268926620483,0.9956352114677429,0.7577165365219116,1.0859346389770508,1.0286359786987305,1.1342984437942505,0.9931622743606567,0.8624168634414673,0.9441722631454468,0.9266615509986877,0.9386582970619202,1.0669971704483032,0.8799484968185425,1.1464829444885254,1.0860549211502075,1.0400310754776,0.7825675010681152,1.0016143321990967,1.007093906402588,0.9415789842605591,1.0577143430709839,0.9969773292541504,0.987504243850708,,1.1147081851959229
bird,0.987886369228363,0.9561154842376709,0.7258173823356628,0.40989917516708374,0.3317832946777344,0.8409654498100281,0.25837165117263794,0.4935571551322937,0.0,0.5831875801086426,0.5717358589172363,0.465401291847229,0.5867383480072021,0.4454190731048584,0.6015090942382812,0.8462101221084595,0.9719273447990417,0.47527211904525757,0.4319825768470764,1.0130711793899536,1.019254207611084,1.0988506078720093,1.189820647239685,1.0185877084732056,1.0529025793075562,1.1137323379516602,1.1624141931533813,1.1066524982452393,1.0638492107391357,1.0012085437774658,1.063852071762085,0.9498723745346069,1.1121532917022705,0.8809765577316284,0.8562492728233337,,0.9126896858215332,0.8205837607383728,0.8276083469390869,0.949299693107605,1.0669176578521729,1.1106078624725342,0.9851613640785217,0.9460799694061279,1.077333688735962,1.0333309173583984,1.0338447093963623,1.0944632291793823,1.084033489227295,0.9823420643806458,1.0077471733093262,1.0612168312072754,1.0420217514038086,1.0380597114562988,1.0431655645370483,0.81040358543396,0.9288568496704102,0.9994479417800903,0.8343295454978943,0.9396184086799622,0.8777436017990112,0.8752118945121765,0.9879823923110962,,0.9852501153945923,0.888376772403717,1.0305148363113403,0.9785280823707581,0.9183202981948853,1.0790891647338867,1.0398250818252563,1.0111123323440552,1.1240440607070923,0.9468249678611755,0.8620864748954773,0.944646418094635,1.0543041229248047,1.0875874757766724,0.9081276059150696,1.0475382804870605,1.0905507802963257,1.1394919157028198,0.884395956993103,0.9642110466957092,,0.9676345586776733,0.827068567276001,0.9004152417182922,1.0041245222091675,1.002733588218689,1.0032641887664795,0.9652757048606873,0.9565376043319702,1.0477724075317383,0.8635596036911011,0.8021470308303833,0.9981971979141235,0.9283740520477295,1.0158936977386475,1.0712947845458984,1.0332300662994385,0.9380447864532471,1.0747568607330322,1.0559070110321045,1.0335543155670166,1.1374510526657104,1.1326048374176025,1.0711309909820557,1.0591920614242554,0.9809063673019409,1.0261635780334473,1.0163390636444092,1.0727477073669434,0.9234873056411743,0.8963568210601807,,0.8897863030433655,0.9405794143676758,0.9990664124488831,0.9702792167663574,1.0235607624053955,0.7330790758132935,0.932288646697998,1.0409547090530396,0.9815082550048828,1.0646005868911743,1.0526601076126099,1.080873966217041,0.9703776836395264,1.088222861289978,1.064225673675537,1.0895822048187256,1.142377257347107,1.0478861331939697,1.0344114303588867,0.8337442278862,0.9592333436012268,1.0683009624481201,1.1185872554779053,1.0182578563690186,0.7373121976852417,1.0214958190917969,1.0710229873657227,1.1380003690719604,0.9936609864234924,0.922882080078125,0.9691838026046753,0.9290421009063721,0.9823722243309021,0.9809312224388123,0.8604999780654907,1.1270849704742432,1.0741316080093384,1.0575882196426392,0.9145400524139404,1.0257631540298462,1.0347903966903687,1.0201435089111328,1.0909446477890015,1.0743160247802734,1.1124392747879028,,1.0559345483779907
duck,1.004995346069336,1.0144975185394287,0.8317479491233826,0.8293862342834473,0.7847371101379395,0.9473320245742798,0.6546590328216553,0.8681409358978271,0.5831875801086426,0.0,0.8304422497749329,0.7806338667869568,0.8776535391807556,0.7575364112854004,0.7910197973251343,0.9893925189971924,0.9818288683891296,0.5095610022544861,0.5358916521072388,1.0085206031799316,1.0092788934707642,1.104188084602356,1.0849337577819824,0.992755115032196,1.0049997568130493,0.9959923624992371,1.1439993381500244,1.0618295669555664,1.139626145362854,1.0134198665618896,1.0543720722198486,0.9851127862930298,1.1208336353302002,0.974271297454834,0.954708456993103,,0.9664896130561829,0.922684907913208,0.9787760972976685,1.031475305557251,1.085652470588684,1.0719873905181885,0.9943097233772278,1.0525213479995728,1.067238450050354,1.0575006008148193,0.9831242561340332,1.0112783908843994,1.0067352056503296,1.0228489637374878,1.0380494594573975,1.056573748588562,1.0379226207733154,0.9722351431846619,0.9677309393882751,0.8822153210639954,0.9836142659187317,0.9846219420433044,0.9172391295433044,1.0548819303512573,0.9310391545295715,0.9901156425476074,1.0044174194335938,,1.1144379377365112,0.9454280138015747,1.0647605657577515,1.0753564834594727,0.9178237915039062,1.0642650127410889,1.0527141094207764,1.0741969347000122,1.0697237253189087,1.0679439306259155,0.9890875220298767,0.9753875136375427,1.0373022556304932,1.1157863140106201,0.9162927865982056,0.9962727427482605,1.0507373809814453,1.0639864206314087,0.985349178314209,1.0037964582443237,,0.9821172952651978,0.8992517590522766,0.9442734122276306,0.9978829622268677,1.0229543447494507,1.0110368728637695,1.0417505502700806,1.025955319404602,1.075105905532837,0.9846145510673523,0.9418473243713379,1.00543212890625,0.9338598251342773,1.0142443180084229,1.0544732809066772,1.055531620979309,0.9781138300895691,1.00942862033844,0.9426729083061218,0.8879607915878296,0.9735279679298401,1.0736976861953735,1.0239375829696655,1.0104748010635376,0.9815248250961304,1.0293580293655396,1.0332119464874268,1.0240790843963623,0.9182276129722595,0.9263409376144409,,0.8743776082992554,0.9666736125946045,0.9787080883979797,0.9743578433990479,0.9533958435058594,0.7550526857376099,0.9637763500213623,0.9519734978675842,0.9486038684844971,1.023535132408142,0.941757082939148,1.0256143808364868,0.9561336040496826,1.0650084018707275,0.9847739934921265,1.0082416534423828,1.0895202159881592,1.09835684299469,1.0809575319290161,0.9336565136909485,0.9947921633720398,1.0298607349395752,1.0947996377944946,1.0426849126815796,0.9165939092636108,0.9139299392700195,1.0209848880767822,1.0265202522277832,0.9371623396873474,0.9419081211090088,1.0621269941329956,1.0059218406677246,1.0321128368377686,1.028732419013977,0.964962363243103,1.0631154775619507,1.0295096635818481,1.0258448123931885,1.0243637561798096,1.0234296321868896,1.054781198501587,1.0633233785629272,1.0359776020050049,1.063990831375122,1.0780640840530396,,1.038470983505249
fish,1.0048316717147827,1.062674880027771,0.732302188873291,0.7727941870689392,0.6625463962554932,0.963336706161499,0.5962700843811035,0.7395889163017273,0.5717358589172363,0.8304422497749329,0.0,0.5361460447311401,0.5699905753135681,0.8956002593040466,0.8964353799819946,1.0990989208221436,1.0789822340011597,0.9887973666191101,0.9528932571411133,1.1410026550292969,1.1609337329864502,1.3460848331451416,1.1982293128967285,1.1608686447143555,1.043066143989563,0.96793532371521,0.987072229385376,0.8835997581481934,0.7384725213050842,0.8158703446388245,0.8692617416381836,0.6225282549858093,1.012075662612915,1.0700936317443848,0.9351887702941895,,0.9485041499137878,0.6816916465759277,0.8512564897537231,1.078979730606079,1.3224250078201294,1.1395636796951294,1.2308377027511597,1.1310545206069946,1.2655606269836426,1.2807626724243164,1.2156522274017334,1.2445091009140015,1.1472930908203125,1.3149328231811523,1.3414056301116943,1.293434977531433,1.278604507446289,1.311478614807129,1.086482048034668,0.8665586709976196,1.2616801261901855,1.1946322917938232,0.9576518535614014,0.9815826416015625,0.9792363047599792,1.0251489877700806,1.2060879468917847,,1.0853201150894165,0.6360031366348267,0.7857675552368164,0.768589437007904,0.8389401435852051,0.7430028915405273,0.7162493467330933,0.6426727175712585,0.9483680725097656,0.6309088468551636,0.692997395992279,0.5955798625946045,0.6848859190940857,0.6555224061012268,0.6978466510772705,0.9699199199676514,0.8584955930709839,0.7516694664955139,1.1630486249923706,1.0990235805511475,,0.8652096390724182,0.9090631008148193,1.0339792966842651,0.8622564077377319,0.8462561964988708,0.8777197599411011,0.6569233536720276,0.6154062151908875,0.571999728679657,0.9774982333183289,0.8314476013183594,0.5731278657913208,0.7385595440864563,0.7559911012649536,0.9980777502059937,0.586682915687561,0.9120821356773376,1.2335205078125,1.1299960613250732,1.1183255910873413,1.1383485794067383,0.850760817527771,0.9023318290710449,0.9648506045341492,0.9737017750740051,0.7083656787872314,0.8206275701522827,0.9032315015792847,0.6854190826416016,0.7123723030090332,,0.9890900254249573,0.9837403893470764,0.957157552242279,0.9599428176879883,0.8820595741271973,0.8094919919967651,0.9654865860939026,1.1306591033935547,0.9078049063682556,0.9059895873069763,0.983414888381958,1.029544711112976,1.117600917816162,1.1958049535751343,1.0695796012878418,1.2221554517745972,1.2895230054855347,1.0606786012649536,1.1136229038238525,1.0202288627624512,0.9990636110305786,1.0649745464324951,0.6785989999771118,0.9110206365585327,0.956885576248169,1.0574977397918701,0.9539815187454224,1.0724611282348633,0.981745719909668,1.1252806186676025,0.9511674642562866,0.9289318323135376,0.9302337169647217,1.2763714790344238,0.9998215436935425,1.3516771793365479,1.248073697090149,1.1958394050598145,1.1326204538345337,1.2849254608154297,1.3044164180755615,1.243284821510315,1.2725536823272705,1.2259191274642944,1.1066954135894775,,1.1928675174713135
butterfly,0.985442042350769,1.0336127281188965,0.6849408149719238,0.5926911234855652,0.4971790909767151,0.89369797706604,0.425841748714447,0.6782256960868835,0.465401291847229,0.7806338667869568,0.5361460447311401,0.0,0.47026360034942627,0.734026312828064,0.8892552256584167,1.124812364578247,1.1064614057540894,0.8799198269844055,0.7912619709968567,1.0664188861846924,1.057629942893982,1.2513394355773926,1.1477717161178589,1.1616514921188354,1.0408836603164673,1.0537409782409668,1.0370830297470093,0.9910420179367065,0.8976611495018005,0.9498685002326965,0.9735533595085144,0.8695724606513977,0.9990365505218506,1.0488121509552002,0.960991382598877,,0.9671980142593384,0.8584901094436646,0.8095155954360962,1.0022947788238525,1.185622215270996,1.090281367301941,1.0883581638336182,1.10797119140625,1.1760978698730469,1.1650290489196777,1.1380949020385742,1.1829330921173096,1.1386301517486572,1.1294348239898682,1.1685996055603027,1.1631953716278076,1.12247633934021,1.1399455070495605,1.0027594566345215,0.8703380823135376,1.1104704141616821,1.0902825593948364,0.9885462522506714,0.98788982629776,0.979232668876648,1.022842526435852,1.1653194427490234,,1.1098555326461792,0.6622391939163208,0.9307959675788879,0.8691839575767517,0.9051751494407654,0.93040931224823,0.9453829526901245,0.9104503989219666,1.1435983180999756,0.8123399019241333,0.7460180521011353,0.8257383108139038,0.9267922043800354,0.9147415161132812,0.7254235744476318,0.9248767495155334,0.9274209141731262,1.0501031875610352,1.0349767208099365,1.0774661302566528,,0.9687910079956055,0.8218507766723633,0.9163150191307068,0.849794864654541,0.8333505392074585,0.9114009737968445,0.8687692880630493,0.8490303158760071,0.897413969039917,0.9233713746070862,0.8030877709388733,0.8335995078086853,0.8849778175354004,0.8818507194519043,1.0722270011901855,0.9385817050933838,0.8585589528083801,1.095676302909851,0.985352635383606,1.0027899742126465,1.07383131980896,0.9401432871818542,0.903635561466217,0.8890655040740967,1.0373417139053345,0.8988789319992065,0.9549805521965027,0.9745398759841919,0.7816170454025269,0.7842065095901489,,0.9762179851531982,0.9838950634002686,0.9167720675468445,0.8740523457527161,0.9756898283958435,0.8360589742660522,0.9252926707267761,1.0797100067138672,0.9781383275985718,0.9366758465766907,0.9273620247840881,0.9777129292488098,1.008091926574707,1.1231390237808228,0.9206690192222595,1.0529791116714478,1.1316032409667969,0.971655011177063,0.9875463247299194,1.027039885520935,1.1139246225357056,1.0591398477554321,0.9291165471076965,0.9433174133300781,0.8375656604766846,1.1217095851898193,1.140558123588562,1.1150075197219849,0.9426370859146118,0.9210736751556396,0.9655213356018066,0.9789165258407593,0.94346022605896,1.1385328769683838,0.963398814201355,1.2639517784118652,1.120850920677185,1.1267815828323364,1.1155880689620972,1.1778831481933594,1.1869432926177979,1.1659703254699707,1.2333893775939941,1.1902122497558594,1.1493576765060425,,1.1098796129226685
frog,1.0113075971603394,1.0039974451065063,0.8504185676574707,0.5457091927528381,0.5565111637115479,0.5818800926208496,0.5431272983551025,0.7465533018112183,0.5867383480072021,0.8776535391807556,0.5699905753135681,0.47026360034942627,0.0,0.5341739058494568,0.8066356182098389,1.0956478118896484,1.1121039390563965,0.919392466545105,0.7964233160018921,1.1642932891845703,1.2133938074111938,1.2026913166046143,1.0533818006515503,1.1744343042373657,1.0466135740280151,1.111809253692627,1.0536363124847412,1.0664098262786865,1.0000430345535278,1.0322740077972412,1.0746487379074097,0.9462002515792847,1.0824190378189087,0.9671148061752319,0.888732373714447,,0.958885908126831,0.9574692845344543,0.9386905431747437,1.0727694034576416,1.1978870630264282,1.1130421161651611,1.1254502534866333,1.1395175457000732,1.2348976135253906,1.1860343217849731,1.163820743560791,1.1839687824249268,1.1646965742111206,1.082279920578003,1.13386869430542,1.136783480644226,1.1049880981445312,1.1676756143569946,1.1176166534423828,0.8819788694381714,1.014479637145996,1.0689716339111328,0.8477570414543152,0.9058336615562439,0.9967290163040161,1.0094525814056396,1.1114639043807983,,1.0637364387512207,0.8352480530738831,0.8225144147872925,0.8971220254898071,0.8724372982978821,0.9874029755592346,1.0168057680130005,0.880988359451294,1.0012377500534058,0.9210723638534546,0.9168450832366943,0.9853478670120239,1.1284112930297852,1.098198652267456,0.9765740036964417,1.0921670198440552,1.0913015604019165,1.0276519060134888,1.052225947380066,1.1145401000976562,,1.037515640258789,0.9364686012268066,0.7120271921157837,0.9253990054130554,0.9727805852890015,0.9910299777984619,1.003041386604309,1.008898377418518,0.9287786483764648,1.0223630666732788,0.8752135038375854,0.9273841381072998,0.9982640743255615,1.0470069646835327,1.184078574180603,1.099975824356079,0.9021462202072144,1.0494273900985718,1.0316158533096313,1.050781011581421,1.0206984281539917,0.8889356255531311,1.031380534172058,0.9262136220932007,0.9815041422843933,0.8319441676139832,0.7175344824790955,0.7690721750259399,0.8771806359291077,0.763816237449646,,0.9326465725898743,0.9004749059677124,0.8761104345321655,0.8756277561187744,0.8803640604019165,0.8377479910850525,0.784945011138916,1.0872163772583008,1.0030040740966797,0.8798096179962158,0.8857448697090149,0.9313451051712036,1.0589038133621216,1.1065977811813354,0.8794954419136047,0.9898135662078857,1.0415319204330444,0.8698912858963013,0.8867014050483704,1.0225908756256104,1.159219741821289,0.9141858220100403,0.7488565444946289,0.5513302683830261,0.6058933734893799,0.8999046087265015,1.0239442586898804,1.084970235824585,0.9016433954238892,0.991264820098877,1.0380275249481201,0.9563062787055969,0.9350023865699768,1.119369626045227,1.0175937414169312,1.1817398071289062,1.0282963514328003,1.1640548706054688,1.1232305765151978,1.208741545677185,1.2273551225662231,1.221522569656372,1.2320271730422974,1.2150859832763672,1.1625453233718872,,0.8989020586013794
