,alligator,ankle,apple,arm,ball,balloon,banana,basket,bathtub,bear,bed,belt,bench,bib,blanket,boat,book,bottle,bowl,box,bread,broom,bucket,butterfly,can,car,carrot,cat,chair,clock,closet,coat,comb,corn,couch,cracker,crayon,crib,cup,dish,dog,doll,door,drawer,dress,ear,egg,elephant,face,finger,fish,flower,foot,fork,frog,glass,glasses,glove,grass,gum,hair,hamburger,hand,hat,horse,hose,jacket,jar,jeans,knife,ladder,lamp,meat,melon,milk,mitten,nail,napkin,necklace,orange,oven,owl,pajamas,pants,paper,pen,pencil,pickle,pillow,pizza,plant,plate,pumpkin,purse,radio,refrigerator,rooster,scarf,scissors,shirt,shoe,shorts,shovel,shower,sink,slide,slipper,soap,sock,soup,spoon,sprinkler,stroller,sweater,table,tape,toe,tooth,toothbrush,towel,toy,tray,tree,vacuum,watch,window
alligator,0.0,1.0774527,1.1068718,0.7291254,1.1975306,1.4090075,0.75744015,1.4208409,0.8071518,0.6237152,0.6234207,1.284114,0.6309762,0.75885916,0.65642965,1.1569175,0.98016036,1.5293479,1.3382176,1.1743774,0.7134533,1.2025094,1.2323232,1.3007691,1.418463,1.0222869,0.9411664,1.0539019,1.1870537,1.3837923,0.9425792,0.84182835,0.7763019,0.38488543,0.6626701,0.81656355,1.4210877,0.93231905,1.5424566,0.91791457,0.87838215,1.1075951,1.0217438,1.1158171,0.8800868,0.86443686,1.088533,0.57016635,0.93002,1.2154971,1.3172014,1.277815,1.1577442,1.0349985,0.5624419,0.8354087,1.3629735,1.0370597,0.7304345,1.1352979,0.8913069,0.80914056,0.8932786,1.4527445,1.2775679,0.8535091,0.75562847,0.92701304,0.7129667,1.3491204,0.9415763,1.4464661,0.87754977,0.99999785,1.1715238,0.5663111,1.3249279,1.1542383,1.3382605,1.3052782,0.8759018,0.57776046,0.7080977,0.73621154,1.254015,1.3645633,1.3226223,1.0832331,0.90627795,0.98034185,0.93273675,1.2920837,1.1876402,1.0966227,1.3481116,1.0572708,1.118934,1.1193746,0.6402489,0.70374787,1.0009397,0.90583515,1.3582749,0.83011436,0.9466979,0.94305587,1.4369786,1.1808379,0.94223744,0.69635946,1.0939689,1.1307778,1.0566657,0.76739925,0.88746077,1.4356912,1.3356227,0.85795486,1.1940662,1.111463,1.2848788,0.9249342,0.8845641,1.293717,1.4853792,0.8591698
ankle,1.0774527,0.0,0.84482014,0.9945312,0.6447785,0.84223986,0.97290504,0.9409495,1.2522664,1.0196029,1.2249506,0.7763534,1.1307964,1.1956824,1.2205807,1.022682,1.1874708,0.8964466,0.84081256,1.2259678,0.87303525,1.2136651,0.9855129,0.9724759,0.98717636,0.9686995,1.0590229,1.0641445,1.2776067,0.83445275,1.2890416,0.8093235,1.2723978,0.9891878,1.1273216,1.2004237,0.73027724,1.2481759,0.9285287,1.116875,1.0859418,1.0353144,1.3039745,1.1985841,1.0972699,0.66553766,1.0134743,0.99002236,1.0159235,0.5075661,0.93494254,1.0481234,0.5570795,1.0330893,1.1901077,1.2214178,0.5924301,0.7049704,1.0761489,0.7111294,0.99542767,1.1105467,0.8407935,0.67575085,0.90809715,0.9075093,1.0739832,1.2843122,0.93057525,0.8772682,1.3545327,0.99408126,1.1908511,0.79127055,1.1274542,0.9712954,0.4453194,1.0507413,0.6176228,0.60057926,1.3691632,1.1635427,1.1978668,0.94083434,1.150266,0.8340988,0.8649196,0.8670925,0.79471445,0.9205936,0.8808254,0.7820811,0.7775826,1.018598,0.9452199,1.4299091,1.0985758,0.98547655,1.1954458,1.1711252,0.94724166,0.83364826,0.8345344,1.3449564,1.2142087,1.1045469,0.60176504,0.801775,0.52506757,1.2305254,1.027097,0.6903981,1.0658673,1.0364001,1.3677082,0.75865346,0.426328,1.0064034,0.9763093,1.0976677,1.0380944,1.2778208,1.272443,0.9970273,0.50923663,1.3432605
apple,1.1068718,0.84482014,0.0,1.2332181,0.3105743,0.515643,0.7526502,0.8182062,1.3658721,1.2224295,1.3020356,0.8616254,1.2862861,1.2081875,1.2821317,0.9626863,1.0976123,0.7525585,0.7091148,1.1365619,1.0676578,0.9416497,0.98357946,0.70819163,1.0120839,0.950576,0.84701794,1.0307522,1.2534745,0.7061715,1.2902997,1.2838356,1.1190844,0.9182198,1.2973969,1.2571952,0.65324944,1.2948108,0.7235652,0.884287,1.048971,0.92192,1.2821195,1.1531743,1.2478896,0.8976866,0.631775,1.1389465,1.1244776,0.7790921,0.6606675,0.71962535,0.92371565,1.1002959,0.92513394,1.1023346,0.8174732,0.90891516,1.1672319,0.40799618,1.1226783,1.097855,1.0051911,0.7269931,0.8628756,1.1004602,1.3808861,1.0914844,1.3450141,0.86597705,1.3918238,0.86352205,0.96624506,0.3510427,1.1183605,1.0880439,0.7121253,0.8589214,0.9144915,0.5886723,1.2580451,1.0956157,1.2868103,1.3561283,0.9753693,0.8490945,0.81962186,0.8033056,1.0282071,0.9969128,0.8020923,0.793839,0.76873064,1.1147524,0.765617,1.2809466,0.9053832,1.0553181,1.29159,1.281675,1.0316554,1.270263,0.7924677,1.338189,1.1872169,1.2385231,0.6589974,1.0318129,1.1353534,0.83350307,0.95663005,1.0485086,0.9730409,1.32213,1.2969569,0.6346327,0.72327214,1.1101263,0.85929215,0.89170724,0.7253683,1.189473,1.1033571,1.0533485,0.70672756,1.277429
arm,0.7291254,0.9945312,1.2332181,0.0,1.229487,1.322395,1.215056,1.4124374,0.7340288,0.8476703,0.55837727,1.463937,0.45551932,0.6606209,0.6365875,1.145376,1.0298722,1.4571097,1.4556321,1.1361505,0.53363085,1.1177238,1.1843772,1.4067239,1.3771747,1.1924884,0.9558069,1.0974402,1.0686477,1.4541833,0.84932697,0.827316,0.75405,0.85565174,0.61204374,0.9536332,1.4677874,0.89525294,1.4759468,1.0958232,1.1113629,1.096236,0.9423976,1.0136828,0.63874286,0.7975739,1.0812738,0.8883518,0.65892005,0.8527968,1.3364096,1.3864954,0.81748337,0.8824272,1.0292196,0.7129512,1.1384428,1.0358167,0.92483294,1.3091784,0.5814501,0.892853,0.48737204,1.2280817,1.4013033,0.7926092,0.65767473,0.919408,0.67727727,1.3268056,0.8252503,1.4247608,0.91564816,1.3232982,1.0560275,0.5620467,1.1652718,1.3871267,1.1921246,1.2237128,0.7398149,1.0141683,0.5628429,0.61674863,1.0801872,1.3232908,1.3039143,1.2889131,1.0397866,1.1381935,1.280508,1.4824706,1.1642203,1.1664597,1.420829,0.93975776,1.2184045,1.1978838,0.68136615,0.42223167,1.0739089,0.68147355,1.4652696,0.77026856,0.8615092,0.9161661,1.3818836,1.2011852,0.77541286,0.91219836,1.0775816,1.1078652,1.2462736,0.5364932,0.71943617,1.4251287,1.0384859,0.75448984,1.2521747,1.3156352,1.4189994,0.8256685,0.95512813,1.265611,1.3616828,0.8132161
ball,1.1975306,0.6447785,0.3105743,1.229487,0.0,0.54311275,0.81271744,0.80813074,1.3481867,1.0919465,1.3081657,0.794372,1.3515518,1.1633623,1.2825277,1.0292869,1.184429,0.65852785,0.7212577,1.2168514,1.1945317,1.0417492,0.93223524,0.77633536,0.9480384,0.95561576,0.9566662,1.0132821,1.1886636,0.67107594,1.376585,1.1942514,1.2278965,0.9926853,1.2919248,1.2713926,0.6041349,1.296438,0.6919356,1.0441079,0.95352674,0.7826104,1.3187659,1.1536739,1.212909,0.8927562,0.6110791,1.0475379,1.0540162,0.80425656,0.7597239,0.69035405,0.8812289,1.127495,0.92310953,1.2168348,0.7112335,0.74739194,1.1731659,0.49191713,1.1207004,1.240849,1.0777342,0.53172195,0.828654,1.0178493,1.3744283,1.1583891,1.280276,0.80400884,1.4488662,0.8434414,1.1490037,0.43184412,1.1210121,1.1647992,0.61985373,0.94041115,0.8471948,0.40630156,1.3672009,1.0330318,1.2736938,1.2658205,1.0738719,0.8218684,0.8150842,0.8459162,1.0170736,1.0108654,0.8571036,0.76548374,0.84402686,0.92427075,0.62574536,1.3436197,0.7769831,1.0451031,1.2803004,1.2688286,1.0159335,1.1940724,0.6999492,1.3823093,1.2572922,1.1532421,0.5943445,0.95507586,0.9700914,1.0665227,0.9584855,0.969394,1.035314,1.3111556,1.3244902,0.583717,0.6481389,1.0369663,0.87552977,0.99085844,0.60184747,1.2658253,1.1656275,0.9683762,0.6201179,1.3055291
balloon,1.4090075,0.84223986,0.515643,1.322395,0.54311275,0.0,1.0105762,0.7487775,1.2889872,1.166769,1.28636,0.59883785,1.4081597,1.3176973,1.3097816,0.8801598,1.1129456,0.445293,0.52180624,1.2077926,1.3610868,1.0263473,1.130386,0.3777387,0.73848444,0.9334872,1.0889089,0.81546146,1.151526,0.29863566,1.3290025,1.1887743,1.2972279,1.1681081,1.3339813,1.1760335,0.31688952,1.3258699,0.41772532,1.0805094,1.0573281,1.0025105,1.2503643,1.1757637,1.2763251,1.0954868,1.003248,1.1272228,1.1183183,0.84725755,0.23853487,0.616545,0.9457745,1.0568134,1.3159032,1.3181226,0.5486822,1.0396959,1.1156938,0.7485981,1.2035868,1.23528,1.3001721,0.50845003,0.561652,1.1132445,1.4061084,1.3186386,1.3926466,0.6602042,1.343727,0.5868285,1.1876161,0.7090635,1.1800902,1.4499922,0.37398648,0.8033089,0.7856422,0.50994456,1.3278575,1.2058234,1.386295,1.2958283,0.90642333,0.6197879,0.40460086,0.91715884,0.90355045,0.89709747,0.955762,0.57672286,0.9582371,1.1268085,0.60488737,1.220762,0.8910579,1.1091034,1.4024632,1.3593656,1.1535487,1.304848,0.6132021,1.2497866,1.2104099,1.0914736,0.23766226,0.8174322,1.1283736,1.1682436,1.0922116,0.95563656,1.1175741,1.3259511,1.3327916,0.27377033,0.5770121,1.1946361,0.733281,0.83292234,0.80004984,1.3333694,1.0646412,0.8120993,0.49781108,1.21869
banana,0.75744015,0.97290504,0.7526502,1.215056,0.81271744,1.0105762,0.0,0.89301664,1.1895996,1.0693415,1.260364,0.8721542,1.2265099,1.2215666,1.2028601,1.0837365,0.88441664,0.9010851,0.74891037,1.0266894,1.038489,1.0584846,0.8967717,0.8663072,0.991698,0.74526215,0.8504599,1.1357605,1.031095,0.9254789,1.1129174,1.1811216,1.0410161,0.6758549,1.1580033,1.0253892,0.7600414,1.1474377,0.916993,0.79974544,0.9593373,0.8611808,1.1701739,1.1304394,1.2558172,1.0369247,0.8675793,1.0308012,1.1967216,1.0770905,1.0212507,0.7861608,1.0456417,1.1471615,0.6288052,1.0641459,1.0354218,0.83608794,1.0560011,0.723495,1.2057432,1.031544,1.1681812,0.9680718,0.90686274,0.85636115,1.2256584,0.9497156,1.2112285,0.9299287,1.2241786,0.9897565,0.9634513,0.44095182,1.0594245,0.95908445,1.0591486,0.802147,1.0802326,0.83271706,1.1261246,0.97507435,1.2588265,1.263748,1.0933185,0.92646265,0.997578,0.6223211,0.9357573,0.8951356,0.5578,0.77694905,0.92912453,1.143309,0.9107945,1.1529084,0.89596015,0.970366,1.1059982,1.27591,1.0472553,1.2386525,0.8158366,1.2348213,1.108168,1.126949,0.9764785,1.0331868,1.0797559,0.85559255,0.97266906,1.1211375,0.89632607,1.2186865,1.2177634,0.89794934,1.0146285,1.0624949,0.9567027,0.8535082,0.7330152,1.0494651,1.0461717,1.0512601,1.004462,1.1912161
basket,1.4208409,0.9409495,0.8182062,1.4124374,0.80813074,0.7487775,0.89301664,0.0,1.1458654,1.2494234,1.4349895,0.6469343,1.4144331,1.2980876,1.3680549,0.78127277,0.9048294,0.4275583,0.52562183,0.657732,1.2791072,0.797222,0.69385076,0.73782194,0.49007744,0.8013677,1.0216517,1.0489106,0.80816,0.5695573,1.1549178,1.3119144,1.1102672,1.2905853,1.3700027,1.0816871,0.5653073,1.0761361,0.46519363,0.98769325,1.0266267,0.9545375,1.070454,0.8449747,1.2740017,1.2695955,0.9133983,1.290093,1.2546988,1.0020113,0.74085766,0.7164161,1.0374981,0.9348063,1.1479537,1.2514901,0.9187259,1.0196912,1.2169284,0.6761322,1.3547863,1.1622758,1.2845223,0.7924938,0.7396302,1.3000996,1.3945476,1.0524838,1.3704205,0.642256,1.0430524,0.6003152,1.1822932,0.8312145,0.7624252,1.418447,0.86412954,0.7127907,0.88454735,0.8667522,1.1683762,1.1761522,1.3893292,1.426091,0.7527935,0.6959835,0.6983581,0.65752757,1.0367906,0.9719159,0.9790096,0.6218976,0.8864723,0.8175897,0.41156316,1.0202055,0.797176,0.9956963,1.3146386,1.423519,0.9457775,1.3048284,0.6463447,1.2560627,1.070388,1.0075806,0.62840384,0.74340713,1.087097,1.166316,0.90772676,0.9810444,0.9270461,1.4222652,1.1922791,0.5567579,0.8618182,1.1942279,0.78504276,0.77249825,0.6067335,1.0103234,1.1164882,0.74316204,0.7311171,1.1540276
bathtub,0.8071518,1.2522664,1.3658721,0.7340288,1.3481867,1.2889872,1.1895996,1.1458654,0.0,0.67458725,0.65788954,1.2523434,0.6823792,0.86795616,0.73972255,0.84236205,1.0592089,1.2751269,1.1839652,0.87232894,0.919297,0.923033,1.0287262,1.3369584,0.9796659,1.1448405,1.0508759,0.87457335,0.86996216,1.2516127,0.9885291,1.0978808,0.90490454,1.0414742,0.82251906,1.0307297,1.3783484,0.9286432,1.2714101,1.0804409,1.121252,1.1901284,0.6238096,0.4041779,0.9222973,1.1779767,1.0935937,0.79200804,0.88720393,1.2944502,1.2140251,1.376067,1.2291706,0.8484663,1.1182754,0.79645103,1.3031564,1.3890953,0.84903705,1.4700232,1.0115622,0.93861204,1.0853305,1.389118,1.3526375,1.0199772,0.8862857,0.8107182,0.9228151,1.1351429,0.7089577,1.0264115,0.9457505,1.3894069,0.94239724,1.091243,1.3380284,1.1690702,1.2736704,1.3443661,0.41283906,0.9123042,0.8480673,0.7795408,0.88481,1.1077693,1.1494421,1.171374,1.2433199,1.1020194,1.3806988,1.2219753,1.395363,1.089042,1.1743566,0.5406696,1.1221101,1.1575934,0.51960045,0.779989,1.2417078,1.0330676,1.2698344,0.4254321,0.30219042,0.52519447,1.4003091,0.98260355,1.1023307,0.9997776,0.85578316,1.184015,1.224242,0.75054437,0.652161,1.3093264,1.3649096,1.0585998,1.0577811,1.11465,1.2790699,0.7412737,0.7838894,1.1342379,1.4537237,0.47667503
bear,0.6237152,1.0196029,1.2224295,0.8476703,1.0919465,1.166769,1.0693415,1.2494234,0.67458725,0.0,0.7318443,1.1262826,0.8949133,0.86002386,0.67736214,1.0352105,1.2211095,1.2729229,1.3029796,1.3316965,1.0955092,1.156057,1.3044928,1.2452401,1.0944545,1.1261325,1.025718,0.9154526,1.1332612,1.2139775,1.2312055,0.899885,0.9934765,0.9331862,0.9205542,0.9323288,1.2106826,1.0854374,1.3389727,0.96737736,1.0774773,1.1844898,1.0823103,1.054856,0.9236733,0.86286193,1.1671803,0.162422,0.9192732,1.1231272,1.1543733,1.2705286,1.0619842,1.0017145,1.0740824,1.0730274,1.1072991,1.0550548,0.5840591,1.2664787,1.0543301,0.9787486,1.0460172,1.1922498,1.1993301,0.9853493,0.7909004,1.1069337,0.739816,1.1609915,1.0902199,1.1284308,1.1181846,1.1745617,1.1437137,0.9932447,1.1421037,1.0163462,1.1108251,1.1417942,0.986382,0.7042869,0.7884136,0.6294248,1.1866821,1.1337231,1.1004041,1.0999769,1.0056472,0.97109437,1.2005601,1.2207342,1.1659559,1.0432516,1.1552618,1.0477146,1.095034,0.9751302,0.72663635,0.77667093,1.0295808,0.84163415,1.1917213,0.86416614,0.9506648,0.68066627,1.1712499,0.9381988,0.73875,1.1118429,1.0627097,1.0478727,1.182429,0.73979235,0.95512456,1.2340822,1.1575114,1.0075568,1.1423151,0.9689564,1.2490829,1.0564005,0.78158224,1.1874932,1.2317015,0.7984315
bed,0.6234207,1.2249506,1.3020356,0.55837727,1.3081657,1.28636,1.260364,1.4349895,0.65788954,0.7318443,0.0,1.4362228,0.19501972,0.6713132,0.17712212,1.1731365,0.965969,1.462398,1.4701654,0.990962,0.8088581,1.1981957,1.2819064,1.3215045,1.4263885,1.0991188,1.1838286,0.96577525,0.9059009,1.4196771,0.70938593,0.8668064,0.7401823,0.6948223,0.15892494,0.7793276,1.570532,0.6245776,1.4934686,1.1781579,0.8514788,1.0131648,0.77952737,1.0373073,0.5767503,1.0109942,1.1682642,0.7436477,0.8033005,1.2760515,1.2688088,1.3271916,1.1878452,1.2124556,0.9261817,0.7757319,1.3092539,1.2312558,0.7335872,1.4299316,0.7486284,0.811614,0.94988656,1.3928015,1.4284368,1.0841489,0.5088169,0.9328146,0.58382404,1.4822634,0.6359339,1.4480453,0.922334,1.3832276,1.1113629,0.6494192,1.3028336,1.3302248,1.4034723,1.3536656,0.671693,0.82549274,0.44825327,0.55485934,1.1222599,1.489015,1.4158596,1.4298595,0.8550126,1.027851,1.3643385,1.4843545,1.1709459,0.8975575,1.3426783,0.75026536,1.1081005,1.1765623,0.7864342,0.45409667,1.0557984,0.7544007,1.5942721,0.4996184,0.8314721,0.7104148,1.4180645,1.2741048,0.98278797,1.0298427,1.3022149,1.2617142,1.1416337,0.5007511,0.45140666,1.4238057,1.362022,0.9569007,1.4081662,1.2597635,1.2748425,0.73752177,0.75936204,1.2781547,1.4981166,0.6454215
belt,1.284114,0.7763534,0.8616254,1.463937,0.794372,0.59883785,0.8721542,0.6469343,1.2523434,1.1262826,1.4362228,0.0,1.4891542,1.4121864,1.3639652,0.7776685,0.99255633,0.5360106,0.39385903,0.93520916,1.4106059,1.1272944,0.8780224,0.6664167,0.50572073,0.59055907,1.1495239,0.7429648,1.0405447,0.5189563,1.3094027,1.0909436,1.2792201,1.1061227,1.2343551,1.1887501,0.3168291,1.20249,0.5143785,0.9114215,1.1035898,1.1513907,1.0614437,1.0267174,1.3718029,1.1133939,1.1969512,1.110919,1.2784106,0.925435,0.3669743,0.7815559,0.97311586,0.93243575,1.3261057,1.4406033,0.74395037,0.7782977,1.1601624,0.81371474,1.3691179,1.2555969,1.2817173,0.6083083,0.5982537,0.99091583,1.3493712,1.2968946,1.2262008,0.660331,1.3345767,0.5494827,1.3287054,0.71841514,1.0481839,1.4609811,0.6580851,0.62653536,0.7215677,0.69691217,1.3187786,1.2246919,1.5081758,1.154325,0.9220741,0.549366,0.45893395,0.74334484,0.48024017,0.9469693,0.76679945,0.33272505,0.92244995,0.97271264,0.57125324,1.2858893,1.0262163,0.81779045,1.3817673,1.4542004,1.0575058,1.0845909,0.45998108,1.2616,1.1679388,1.0268447,0.44144213,0.71152884,0.9610675,1.2462611,1.0944089,0.7473241,1.073395,1.2615179,1.4206784,0.41525018,0.74696314,1.3146473,0.7560375,0.7267695,0.8752917,1.3165219,1.0940173,0.78034014,0.53636897,1.1706506
bench,0.6309762,1.1307964,1.2862861,0.45551932,1.3515518,1.4081597,1.2265099,1.4144331,0.6823792,0.8949133,0.19501972,1.4891542,0.0,0.71398413,0.38307583,1.1297005,0.8825503,1.5104063,1.4464766,0.8832429,0.6235494,1.1182628,1.1685033,1.432193,1.4466403,1.0502448,1.1076936,1.0854409,0.75616366,1.518399,0.6817944,0.8773341,0.67131436,0.7015207,0.21694368,0.80890334,1.6215017,0.6206109,1.5264227,1.1363328,0.9269013,0.9757926,0.7689775,0.9817574,0.61083704,0.9019598,1.1156096,0.9336154,0.8111442,1.1047131,1.3910961,1.3954349,0.9623148,1.1544372,0.9075764,0.71215904,1.3300865,1.1649891,0.8590286,1.3677341,0.67834556,0.8062404,0.7025469,1.3966836,1.4845933,1.0070993,0.54882514,0.8861556,0.5703911,1.4410554,0.5734297,1.5025437,0.8298178,1.4014691,1.0761881,0.5045371,1.3268777,1.43009,1.3529619,1.3574264,0.67576504,0.9270472,0.50360256,0.59212023,1.067806,1.464624,1.4631133,1.3839216,0.9400005,1.114697,1.3569639,1.5100543,1.1422246,0.98715186,1.4016222,0.79468614,1.1892636,1.1974207,0.73160684,0.52582276,0.88645744,0.7076605,1.5816522,0.5970677,0.7322401,0.7823125,1.4989316,1.3394518,0.8990555,0.9390845,1.2130696,1.2550678,1.1620418,0.53196883,0.30707574,1.496502,1.2461969,0.8705709,1.3756276,1.3703588,1.3205235,0.6535967,0.87114215,1.284212,1.5094372,0.74795157
bib,0.75885916,1.1956824,1.2081875,0.6606209,1.1633623,1.3176973,1.2215666,1.2980876,0.86795616,0.86002386,0.6713132,1.4121864,0.71398413,0.0,0.6565483,1.1819122,0.958756,1.3909951,1.4363124,1.0520043,0.885644,1.0044122,1.1053094,1.2464981,1.4318626,1.2899915,0.99863,1.1383013,1.1092275,1.387344,0.8449086,0.9623695,0.7513269,0.8706292,0.7937852,0.99710727,1.4764087,0.7855448,1.4203911,1.0633465,0.99702656,0.9544873,1.0063514,1.0118765,0.32456946,0.9370425,0.94656897,0.87300986,0.74889624,1.177115,1.3404784,1.1984777,1.1474301,1.0661191,0.5302408,0.761093,1.2370658,1.1198738,0.93150693,1.2311828,0.7699097,0.87982875,0.86255336,1.2402891,1.2845438,1.0499694,0.671105,0.89049894,0.7356247,1.3396946,0.91894287,1.3910303,0.8713281,1.2260187,1.0070044,0.67014843,1.3296839,1.289146,1.1337534,1.2711256,0.8101196,0.4334221,0.27745104,0.7780814,1.020809,1.3524232,1.4099251,1.2822133,1.1673453,1.1351869,1.2782813,1.4570446,1.141362,0.7502798,1.264803,0.8625257,1.0250577,1.0286896,0.72032654,0.2504893,0.9989485,0.8575468,1.4228811,0.85190785,0.952312,0.9977485,1.4380399,1.3155718,0.9846134,0.87175107,1.1264751,1.2023084,0.86700034,0.70650506,0.78445446,1.4284128,1.2960441,0.8231423,1.2069588,1.2429907,0.9945174,0.70964235,0.95392334,1.3468553,1.3785925,0.8869058
blanket,0.65642965,1.2205807,1.2821317,0.6365875,1.2825277,1.3097816,1.2028601,1.3680549,0.73972255,0.67736214,0.17712212,1.3639652,0.38307583,0.6565483,0.0,1.123261,1.0033187,1.4288119,1.3776015,1.0339004,0.8333219,1.183313,1.174882,1.3559434,1.3650963,1.1017541,1.0765276,0.95891005,0.9978809,1.4722325,0.77906674,0.8039485,0.8040018,0.6882599,0.3558041,0.89256746,1.5213872,0.7357355,1.4790556,1.1162685,0.9711648,1.0136304,0.8870018,1.053226,0.62566507,0.9823762,1.1891426,0.7106242,0.876747,1.2602395,1.2773042,1.3057146,1.1850152,1.1750338,0.91588914,0.8676429,1.3248682,1.0828762,0.78585684,1.3538432,0.82127225,0.8605855,0.93815696,1.3606541,1.3959696,1.1020817,0.36591804,0.95404035,0.52154654,1.447578,0.79013383,1.41447,0.85673237,1.3441421,1.0978184,0.6458036,1.332608,1.1081951,1.2587156,1.3011187,0.7080742,0.8682658,0.4297552,0.52744156,1.1276016,1.4419689,1.3964069,1.266308,0.7040983,1.0854063,1.351146,1.4266951,1.0393492,0.8127437,1.3324295,0.90707743,1.1790886,0.97052807,0.7834475,0.5136407,0.95299596,0.6725304,1.5052748,0.66838115,0.9273071,0.81736237,1.3941221,1.2864527,0.85471046,0.9349064,1.2328646,1.2134011,1.1349273,0.5453934,0.633868,1.424634,1.36339,0.9535164,1.394031,1.0397477,1.2709789,0.80538183,0.84723514,1.3450935,1.4499433,0.73622555
boat,1.1569175,1.022682,0.9626863,1.145376,1.0292869,0.8801598,1.0837365,0.78127277,0.84236205,1.0352105,1.1731365,0.7776685,1.1297005,1.1819122,1.123261,0.0,0.8661502,0.8436697,0.8210046,0.8217322,1.0790069,0.8366615,1.0366118,0.9826107,0.6497836,0.9408093,0.9555625,0.72585213,0.9825017,0.8457749,1.1373651,1.2002953,1.105482,1.1462104,1.1682122,1.1177127,0.89531755,1.1958076,0.85869956,1.047194,1.1339661,1.0960791,0.89109635,0.7403437,1.1632998,1.1799201,1.1455002,1.1174613,1.1358993,1.0678272,0.7297743,1.0701663,1.0255747,0.7331462,1.2151868,1.2249433,1.0480855,1.1999463,1.0205467,0.95327383,1.2069856,1.1965597,1.1337904,1.0302241,0.98307234,1.0979586,1.2160175,1.1237519,1.220654,0.92883015,1.022853,0.563763,1.1830928,1.0491319,0.8800241,1.301877,1.0321225,0.68843913,1.0494812,1.0223404,0.9185899,1.0470084,1.2619603,1.0434936,0.42907274,0.9486407,0.80208635,0.76321644,0.82170373,0.93911475,1.1484628,0.77902734,1.0212468,0.9776071,0.8119683,0.9397311,0.9893657,1.076961,1.0687592,1.2461934,1.1241132,1.0143851,0.8878188,1.0490512,0.9053707,0.8714519,0.90513074,0.67236394,1.0150641,1.0438077,0.88609457,0.8239792,1.2171106,1.209172,1.0485188,0.8967369,0.9798207,1.1899008,1.0078669,0.73286885,1.1323701,1.1275995,1.0894636,0.9196845,1.070082,0.94201
book,0.98016036,1.1874708,1.0976123,1.0298722,1.184429,1.1129456,0.88441664,0.9048294,1.0592089,1.2211095,0.965969,0.99255633,0.8825503,0.958756,1.0033187,0.8661502,0.0,1.0745733,0.97276974,0.63773537,0.9326661,1.0246618,0.93773353,1.0371706,1.102226,0.8069643,1.0641785,1.1433094,0.9581148,1.0347866,0.78637254,1.0986327,0.625425,0.86899066,0.8797229,0.69059455,1.0454237,0.85380495,1.0574667,0.8115782,1.0964378,1.0461578,1.0091352,0.92265385,1.0571948,1.0981033,1.0111401,1.1738006,1.0260038,1.137569,1.0639197,1.0634632,1.1650428,0.9724146,0.9436203,0.86894816,1.1918275,1.1175715,0.9987318,0.8603763,1.0717552,0.9026361,0.9743691,1.1208593,1.063113,1.0673156,1.0335659,0.9095572,1.0321407,1.0603493,0.86923015,1.1431937,0.9940847,1.0643686,0.84324247,0.9243262,1.2167236,1.1345369,1.107893,1.0124539,1.0057834,1.0634943,1.0320237,1.1615692,0.52647954,0.9989314,1.02287,0.8326245,0.957456,0.6790922,0.99698234,0.7802817,1.049382,0.9742177,1.1119486,0.78197217,1.1011665,0.9664207,1.0275484,1.007822,0.98590076,1.1157991,1.1719495,1.1153407,1.0530975,1.1303705,1.1620284,1.1935222,1.085253,0.9117728,1.1031578,1.156824,0.8010917,1.0629307,0.87682533,1.0573093,1.2286927,1.1275642,1.0355117,1.1301309,0.91847503,0.6724422,1.0244968,1.2405055,1.190409,1.0234532
bottle,1.5293479,0.8964466,0.7525585,1.4571097,0.65852785,0.445293,0.9010851,0.4275583,1.2751269,1.2729229,1.462398,0.5360106,1.5104063,1.3909951,1.4288119,0.8436697,1.0745733,0.0,0.39963925,0.9346534,1.46876,0.88225436,0.5933083,0.5774274,0.43942863,0.8352879,1.0582474,0.9933813,0.898367,0.39551437,1.2334714,1.319514,1.2578518,1.3257902,1.4210799,1.2172397,0.34065628,1.253743,0.100375175,1.1050977,0.9996129,0.9213909,1.1042256,1.0779165,1.2803584,1.3167536,0.93162733,1.3120687,1.242636,1.0566196,0.54597974,0.4919811,1.0675241,1.0170662,1.2642574,1.2173451,0.8020308,0.8709793,1.2298033,0.73804104,1.3395268,1.3039484,1.410821,0.57511616,0.6322682,1.1850816,1.4284172,1.0006212,1.409601,0.5446546,1.169156,0.5191568,1.1659172,0.7788996,0.63587046,1.4565778,0.6810627,0.650549,0.8509717,0.6711585,1.2717526,1.2759532,1.4524198,1.3831987,0.84871775,0.6057587,0.50058,0.7462538,1.0638405,1.0323102,0.9116223,0.6000737,0.9819284,0.8856011,0.41325355,1.0733786,0.77498424,0.9781907,1.3779488,1.4589932,1.0388103,1.2928176,0.44777817,1.3364564,1.0930367,1.057253,0.4266867,0.7511067,1.1443851,1.1489192,0.94749296,1.0108267,0.94312257,1.4632721,1.2882903,0.29432428,0.79098547,1.2155932,0.5919639,0.71088684,0.5417812,1.1942815,1.1346666,0.55728275,0.5207249,1.2588292
bowl,1.3382176,0.84081256,0.7091148,1.4556321,0.7212577,0.52180624,0.74891037,0.52562183,1.1839652,1.3029796,1.4701654,0.39385903,1.4464766,1.4363124,1.3776015,0.8210046,0.97276974,0.39963925,0.0,0.8581358,1.1887537,1.0023783,0.49632162,0.65493757,0.53129923,0.6631659,0.99482393,0.95201975,0.992991,0.51642597,1.3458271,1.2923465,1.2540147,1.1394806,1.3647937,1.272896,0.3900206,1.2189783,0.26569152,0.8600205,1.0985357,1.0701623,1.2404902,1.0359066,1.4095722,1.2603405,0.8535278,1.2951994,1.2901635,1.064685,0.51172435,0.7282002,1.1154643,0.9076328,1.237149,1.1381062,0.8664293,0.8763138,1.2491587,0.79834944,1.3949256,1.0071927,1.3579003,0.6729116,0.7380971,1.1092621,1.480443,0.9330692,1.4125022,0.64305305,1.2788016,0.6160056,0.86218774,0.6654772,0.9402371,1.4142292,0.73548055,0.7567197,0.88142854,0.6153786,1.3115058,1.3299015,1.498586,1.3689799,0.8626622,0.6007605,0.5218385,0.6821886,0.8026768,1.0207775,0.9464891,0.307714,0.90535027,1.0416837,0.5072148,1.2284753,0.9945877,0.9917499,1.2433542,1.5140619,1.0960338,1.306635,0.45070845,1.3434908,0.884273,1.0782806,0.48619676,0.83839375,1.1199062,0.90738857,0.799647,1.0442189,1.1223782,1.4604605,1.2964723,0.28077757,0.86379313,1.2456375,0.70670575,0.83445245,0.77015007,1.047011,1.1350259,0.843263,0.6152766,1.2475178
box,1.1743774,1.2259678,1.1365619,1.1361505,1.2168514,1.2077926,1.0266894,0.657732,0.87232894,1.3316965,0.990962,0.93520916,0.8832429,1.0520043,1.0339004,0.8217322,0.63773537,0.9346534,0.8581358,0.0,0.94959056,0.9375087,0.60130775,1.1211275,0.8078044,0.76937723,1.0324196,1.0428115,0.58342946,1.0474249,0.70358235,1.1800095,0.9134845,1.0987837,0.8527173,0.94879,1.1619111,0.53044957,0.8898765,1.0525672,0.9643211,0.9560507,0.69368666,0.6610534,1.047383,1.2910724,1.0285263,1.3128822,1.1253064,1.2309041,1.045142,1.0956508,1.2108849,0.9963103,0.97113425,0.8841888,1.2412913,1.1272787,1.1562701,0.9991758,1.1301999,0.9500276,1.1294557,1.1668644,1.1536868,1.1479145,1.0401607,0.7551267,1.1172066,1.0905131,0.53468287,0.95557904,0.9254661,1.1891503,0.7141216,0.9925725,1.2639687,1.0181984,1.2297018,1.2049824,0.77112544,1.080743,1.1113961,1.1511366,0.7344804,1.0991858,1.1347119,0.9372842,0.9849392,1.1029732,1.083365,0.9957182,0.96783835,0.6764943,0.8741893,0.69962585,0.9769202,1.0660602,1.0558411,1.1028218,0.9031986,1.0439153,1.0944706,0.80451584,0.78616077,0.8613742,1.1503625,1.0352776,1.1985447,1.0553035,1.0144687,1.0291146,0.83017516,1.0991063,0.7164077,1.0604267,1.2776306,1.0994401,1.1529431,1.0518851,0.82578325,0.5270953,1.0432957,0.9333526,1.2294357,0.89828175
bread,0.7134533,0.87303525,1.0676578,0.53363085,1.1945317,1.3610868,1.038489,1.2791072,0.919297,1.0955092,0.8088581,1.4106059,0.6235494,0.885644,0.8333219,1.0790069,0.9326661,1.46876,1.1887537,0.94959056,0.0,1.0479308,0.8829764,1.2924707,1.4147853,1.115732,0.8166219,1.149521,1.1493975,1.3798255,0.84344995,0.85926676,0.80530894,0.8298029,0.8416287,0.92298704,1.497571,0.96144706,1.3384356,1.0251126,1.0239186,1.0242469,0.9899526,1.0488712,0.8901894,0.7619489,0.7884947,1.0403608,0.85614026,0.8142514,1.3798938,1.3793328,0.83774114,1.0001453,0.8644239,0.5070623,1.2094487,1.0317444,1.0167831,1.0988779,0.77455455,0.47565502,0.5582051,1.3121301,1.3699241,0.9429023,0.82938516,0.59980404,0.75247777,1.3784192,0.86609304,1.400161,0.589288,1.1597365,0.96695733,0.50318736,1.1735241,1.4076648,1.107295,1.1266799,0.8853816,0.9968232,0.8217928,0.8478547,1.0461574,1.369101,1.4192345,1.1003934,1.0708331,1.011674,1.1816442,1.2615523,0.8497382,1.1412551,1.471913,1.0242927,1.1913685,1.123298,0.8394368,0.8437121,0.9991738,0.8230789,1.4304156,0.9112993,0.8737866,1.1263168,1.3983873,1.1995919,0.91205907,0.7129624,0.9592526,1.0351444,1.0934234,0.78875935,0.8672704,1.3871365,1.0346353,0.71017176,1.3060834,1.3824251,1.384563,0.81708807,1.0359027,1.3491135,1.2586734,1.0136915
broom,1.2025094,1.2136651,0.9416497,1.1177238,1.0417492,1.0263473,1.0584846,0.797222,0.923033,1.156057,1.1981957,1.1272944,1.1182628,1.0044122,1.183313,0.8366615,1.0246618,0.88225436,1.0023783,0.9375087,1.0479308,0.0,0.905902,0.9548582,0.8001146,1.0791274,0.81005573,1.1181312,0.94327676,1.0682878,1.0480044,1.2749882,0.998491,1.2102882,1.1695074,1.1763816,0.96161455,1.1358975,0.9260309,1.0547099,1.0234653,0.8924187,0.9209018,0.6865922,1.1023048,1.0922558,0.74711514,1.2181907,1.0864748,1.0358503,1.0175978,0.8646232,0.99927926,0.81558853,0.8976357,0.9887939,1.1549357,1.1792868,1.1951462,0.89909285,1.1387244,1.0251412,1.0310063,1.13572,0.914218,1.1168587,1.2145448,0.9032756,1.1992271,0.7529079,0.95446664,0.8102608,0.9715616,1.1169946,0.8432668,1.1037788,1.1810526,0.85815203,0.96630055,1.0794315,0.92795193,1.036758,1.0873156,1.2620857,0.76891184,0.82425135,0.90285707,0.86492705,1.2771202,1.2399324,1.1337355,1.1320179,0.92058986,1.0150417,0.87895733,0.8844061,0.8135213,1.0525514,0.7862301,1.1879175,0.91082084,1.1894568,0.8703527,1.0894394,0.87638503,1.0738606,1.0856124,0.9637833,1.203554,0.9575967,0.5901893,1.075241,1.0098274,1.2657439,0.99308836,1.0411415,1.0559037,0.9068239,0.6553271,0.8822293,0.86278,0.9739955,1.0764754,0.8338249,0.9773262,1.0693026
bucket,1.2323232,0.9855129,0.98357946,1.1843772,0.93223524,1.130386,0.8967717,0.69385076,1.0287262,1.3044928,1.2819064,0.8780224,1.1685033,1.1053094,1.174882,1.0366118,0.93773353,0.5933083,0.49632162,0.60130775,0.8829764,0.905902,0.0,1.1483513,0.7826763,0.869781,0.9093558,1.1660999,0.83034885,1.0100065,0.9956609,1.1459703,0.9487833,1.1711835,1.1825525,1.1549243,0.98546827,0.84318954,0.51865643,0.92562413,1.0954306,0.98296803,1.04079,0.9189764,1.1266774,1.1854472,0.72328156,1.3007207,1.2124162,1.1576006,1.1030849,0.9420885,1.1566732,0.9274436,0.9959423,0.703946,1.1490567,0.73568785,1.2694496,0.9160664,1.1927727,0.91543454,1.1114835,0.9221761,1.0916822,1.1170975,1.1312821,0.4898318,1.1117102,1.0122514,0.91274184,0.98425096,0.6541228,0.99274206,0.5269426,0.9210492,1.1356223,1.0152924,1.0185093,0.8926022,1.0276409,1.1808442,1.1583209,1.18469,0.972306,1.0211134,1.1314156,0.80421436,1.0636126,1.1743201,1.0669887,0.8845809,0.86190224,0.81205994,0.87932265,0.959381,1.0153829,0.8896444,0.983281,1.2122728,0.8774362,1.0686352,0.7813467,1.1488545,0.7444329,1.109633,1.0671734,1.1564771,1.042804,0.8302748,0.78525937,1.1209053,0.8698872,1.2147883,1.026714,0.8506088,1.1708193,1.0398275,0.9219365,1.0575302,0.74721557,0.74253607,1.1677382,0.9104352,0.9200152,1.1530759
butterfly,1.3007691,0.9724759,0.70819163,1.4067239,0.77633536,0.3777387,0.8663072,0.73782194,1.3369584,1.2452401,1.3215045,0.6664167,1.432193,1.2464981,1.3559434,0.9826107,1.0371706,0.5774274,0.65493757,1.1211275,1.2924707,0.9548582,1.1483513,0.0,0.78494024,0.8518063,1.1085037,0.94053054,1.0470172,0.40732765,1.1636575,1.2343755,1.2413883,1.172787,1.3664047,1.0229002,0.41965437,1.2783713,0.56523925,1.0470124,0.6281544,0.81791955,1.2102269,1.1358278,1.2915273,1.1532979,0.95854765,1.1901603,1.1938024,0.92980963,0.44980168,0.53611004,0.9378063,1.0911818,1.0270087,1.3041776,0.6922943,1.0085922,1.0968723,0.78624225,1.2260606,1.1148726,1.2869427,0.6797514,0.51320225,0.99160105,1.4141734,1.2649016,1.4099979,0.64673144,1.2449242,0.61991966,1.1669811,0.7310991,1.1611321,1.4227765,0.63813686,0.8493765,0.8406913,0.69873214,1.3414026,1.0385692,1.370157,1.431897,0.9319944,0.61439294,0.50242746,0.9337699,0.9954027,0.90454715,0.7796522,0.620614,0.87902737,1.1030629,0.6384117,1.2109925,0.47962296,1.0576425,1.3758445,1.3870857,1.0924522,1.3627874,0.633327,1.2238725,1.2609081,1.1834195,0.4109794,0.8171612,1.2632642,1.1946584,1.0236155,0.97735363,0.9817748,1.3825244,1.3175747,0.43439037,0.6923553,1.0897825,0.7269606,0.8976917,0.7462957,1.3162122,1.0474477,0.7637857,0.5516771,1.2509453
can,1.418463,0.98717636,1.0120839,1.3771747,0.9480384,0.73848444,0.991698,0.49007744,0.9796659,1.0944545,1.4263885,0.50572073,1.4466403,1.4318626,1.3650963,0.6497836,1.102226,0.43942863,0.53129923,0.8078044,1.4147853,0.8001146,0.7826763,0.78494024,0.0,0.8124224,1.0413492,0.8785041,0.67746115,0.55915207,1.1446786,1.1989093,1.350405,1.3973768,1.3410904,1.2280654,0.49293298,1.1486192,0.41397738,1.0418615,1.0285406,1.1387349,0.7716225,0.78470683,1.3349428,1.3319113,1.1617002,1.2566874,1.2552459,1.0268654,0.6475316,0.82124853,1.038821,0.6964967,1.4235816,1.4308484,0.8533819,1.0489198,1.1592275,0.911162,1.3444045,1.3541918,1.3539295,0.8045364,0.73540217,1.173296,1.3005483,1.1722215,1.330523,0.4571653,0.950908,0.35413384,1.2963321,0.96618825,0.9078628,1.5788085,0.8564179,0.3951701,0.88956964,0.852928,0.9896091,1.2753304,1.4665742,1.2008498,0.7736882,0.5309206,0.48811585,0.7099302,0.8645914,1.1168545,0.91042644,0.60135686,0.9159565,0.9464139,0.46117312,0.9639244,0.86531657,0.97235745,1.1924284,1.4932933,1.0866909,1.0784826,0.45032573,1.0744417,0.96673733,0.866928,0.58603394,0.5553731,1.0250795,1.2982731,0.71021855,0.7272006,1.1523288,1.3592631,1.2094766,0.55900466,0.86264896,1.2523632,0.67130834,0.45204008,0.9387152,1.3350441,1.1156437,0.40481663,0.70602846,0.95700836
car,1.0222869,0.9686995,0.950576,1.1924884,0.95561576,0.9334872,0.74526215,0.8013677,1.1448405,1.1261325,1.0991188,0.59055907,1.0502448,1.2899915,1.1017541,0.9408093,0.8069643,0.8352879,0.6631659,0.76937723,1.115732,1.0791274,0.869781,0.8518063,0.8124224,0.0,1.0154659,0.8977899,1.0190855,0.8931924,0.9056414,1.0675902,1.0006337,0.8765634,0.941348,0.8834885,0.7496815,1.0146089,0.8174311,0.9502555,0.9697197,1.015494,0.94366103,1.086394,1.289473,1.1613928,1.0488186,1.1085404,1.229527,1.066014,0.8360451,0.9253911,1.1595713,1.1152133,0.98197794,1.0947349,1.0829424,0.841679,0.87851155,0.7353107,1.1211689,1.0292919,1.1251183,0.96552277,0.93726575,1.0268153,1.1734202,1.088942,1.1064299,0.951646,1.0256059,0.90175295,1.1480118,0.84870064,1.0671301,0.9715552,0.9795765,0.94612217,1.1607926,0.9748213,1.098733,1.1615405,1.2971412,1.1318284,0.9315031,0.9044273,0.81383455,0.7221615,0.6969994,0.89102423,0.90680623,0.66188806,0.93943036,1.0616587,0.8115728,1.0938352,1.0629044,0.9680926,1.1304929,1.256724,0.9696664,1.0637562,0.8461498,1.150191,1.0280561,1.0899256,0.8849845,0.87034476,1.1123209,1.074295,1.1504133,1.0829452,1.0399534,1.1849399,1.10725,0.6985694,1.0805358,1.1399608,0.99965286,0.99143195,0.8725517,1.0103408,0.96535057,1.0385071,0.8390342,0.9795213
carrot,0.9411664,1.0590229,0.84701794,0.9558069,0.9566662,1.0889089,0.8504599,1.0216517,1.0508759,1.025718,1.1838286,1.1495239,1.1076936,0.99863,1.0765276,0.9555625,1.0641785,1.0582474,0.99482393,1.0324196,0.8166219,0.81005573,0.9093558,1.1085037,1.0413492,1.0154659,0.0,1.0803152,1.0832326,1.2342135,1.0253611,0.95038676,1.0549824,1.0064042,1.1484625,1.0474837,1.1555073,1.03957,1.0797495,0.7960438,0.9942038,0.8813799,1.1065115,1.0468347,1.0601754,0.9939643,0.9248284,1.0068159,1.0179585,1.0228938,1.1751516,1.0235342,1.0140307,1.1087059,0.80643517,0.92011553,1.1654537,0.91049945,1.0154091,0.94937235,1.0387093,0.89615715,0.88285184,1.1437584,1.067413,0.98107654,0.9492124,0.85920167,1.063905,1.1067352,1.0614127,1.139232,0.7171592,0.91109043,0.96059626,0.8969153,1.1926786,0.93026996,1.052713,0.9452912,0.96519196,0.97588664,1.0374587,1.028592,1.0787622,1.1683859,1.2350492,0.8533952,1.0647905,0.93314075,0.99224,1.117755,0.880838,1.0367934,1.0027192,0.9969585,0.9993758,0.9007619,0.90876603,1.0666299,1.0209055,0.9821978,0.99612856,1.1492394,1.0094355,1.0184827,1.1881914,1.1701789,1.0238866,0.695519,0.9010201,1.0627573,0.9984942,1.1148093,1.0719613,1.1446255,1.0919335,0.9337215,1.1449777,0.9222822,0.9472988,0.9804547,1.1272589,1.163558,1.1463383,1.1487706
cat,1.0539019,1.0641445,1.0307522,1.0974402,1.0132821,0.81546146,1.1357605,1.0489106,0.87457335,0.9154526,0.96577525,0.7429648,1.0854409,1.1383013,0.95891005,0.72585213,1.1433094,0.9933813,0.95201975,1.0428115,1.149521,1.1181312,1.1660999,0.94053054,0.8785041,0.8977899,1.0803152,0.0,1.0915376,0.89063025,1.1491975,0.9786729,1.1198429,1.0938557,1.0224447,1.0128015,0.88484275,1.0948879,0.97991854,0.99709755,1.0423274,1.1779639,0.8686743,1.033701,1.0902063,1.0917671,1.1321261,0.88689566,1.0669954,1.0452055,0.7135942,1.0659571,1.0713995,1.0122174,1.2139264,1.2266612,0.99648964,1.0884225,0.82153076,0.9707753,1.0909737,1.1679335,1.1099265,1.0090337,0.94773257,0.93867093,1.0910437,1.1599932,1.1177154,1.0318489,1.0267535,0.64419186,1.1281445,1.0484041,1.123228,1.2259282,0.94998664,0.9204534,1.0176888,1.0301003,1.0353397,1.0075355,1.123667,0.90585124,0.96070474,1.0406811,0.7998593,0.9233326,0.84285074,0.975883,1.0669341,0.83186305,1.0856379,1.0562876,0.9625132,1.0260237,1.0952214,0.97234184,1.1278687,1.0839237,1.1311278,1.0128893,0.9099281,0.79633,1.0292739,0.8904316,0.8851088,0.76984936,1.0953387,1.0608292,1.1315949,0.90262693,1.2083821,1.0791628,1.0367987,0.8947581,0.9916362,1.1440332,1.0548917,0.92515427,1.1766725,1.1729151,0.84735274,0.9929341,0.96718055,0.741281
chair,1.1870537,1.2776067,1.2534745,1.0686477,1.1886636,1.151526,1.031095,0.80816,0.86996216,1.1332612,0.9059009,1.0405447,0.75616366,1.1092275,0.9978809,0.9825017,0.9581148,0.898367,0.992991,0.58342946,1.1493975,0.94327676,0.83034885,1.0470172,0.67746115,1.0190855,1.0832326,1.0915376,0.0,1.0139115,0.7175487,1.1411808,1.0366025,1.1582369,0.80459386,0.9252425,1.1131744,0.49231088,0.88356715,1.0102724,0.8210671,0.89972997,0.62985075,0.8422296,0.99306154,1.3059661,1.0761316,1.2631375,1.1424851,1.2355714,1.1258111,1.0199196,1.1259446,1.0130858,1.102336,1.0932778,1.1715137,1.1058046,1.1058064,1.2355542,1.124642,1.1591558,1.1872764,1.1137005,1.0623701,1.068323,0.97488225,0.91472584,1.0811799,0.97437567,0.37029648,0.8271333,1.0368912,1.1907495,0.85732734,1.15909,1.2402301,0.8776327,1.1909131,1.104052,0.734624,1.1059186,1.0562878,0.9980339,0.9879353,1.0703433,1.1143329,1.0885733,1.0462745,1.1394732,1.0474443,1.0856827,0.99494004,0.80269563,0.8274911,0.65627587,0.82686937,1.0797918,0.9931602,1.090398,0.9594863,0.93916863,0.95340365,0.73582786,0.8244423,0.6902969,1.0967897,0.96896327,1.0994799,1.1425314,0.99563485,1.0516444,0.9795063,0.9901399,0.3667128,1.090326,1.2159334,1.0191416,1.0372945,0.8914903,0.93096644,0.8710362,0.96587944,0.6918804,1.193248,0.8350085
clock,1.3837923,0.83445275,0.7061715,1.4541833,0.67107594,0.29863566,0.9254789,0.5695573,1.2516127,1.2139775,1.4196771,0.5189563,1.518399,1.387344,1.4722325,0.8457749,1.0347866,0.39551437,0.51642597,1.0474249,1.3798255,1.0682878,1.0100065,0.40732765,0.55915207,0.8931924,1.2342135,0.89063025,1.0139115,0.0,1.2048175,1.1739824,1.3069751,1.222779,1.4225873,1.0777817,0.31487715,1.3216459,0.35063112,1.1238534,0.9812579,0.9828609,1.1459746,1.060504,1.3871123,1.1770276,1.0386739,1.1489619,1.1826438,0.9524311,0.39631116,0.61073095,0.96834445,0.97140235,1.2547454,1.3792368,0.5753708,1.057262,1.0933144,0.7897632,1.2626928,1.2729473,1.392472,0.58314264,0.47329342,1.0509505,1.4773012,1.2502775,1.459347,0.55164045,1.2331944,0.46644592,1.2749938,0.68611753,1.0633533,1.538676,0.44438982,0.73404205,0.8682167,0.66409516,1.3043698,1.1832653,1.5021358,1.3923595,0.851029,0.5720538,0.3795125,0.91677964,0.9518403,0.84990215,0.78847593,0.5236144,0.95715094,1.0569776,0.49426514,1.1632249,0.8317194,1.1307133,1.3889976,1.4585328,1.0902227,1.3660764,0.53675795,1.2249434,1.1997457,1.1118742,0.23779738,0.54901266,1.1604217,1.2424974,1.0124042,0.7580335,1.0613241,1.4061835,1.4017639,0.25596988,0.6255351,1.1348541,0.70186025,0.8061899,0.77744675,1.3777132,1.1010687,0.5837191,0.48666537,1.2118489
