,rooster,bird,fish,frog,alligator,owl,cat,dog,face,hair,arm,hand,leg,foot,finger,toe,tooth,ear,nose,stroller,motorcycle,car,lamp,chair,bench,drawer,ladder,window,door,closet,refrigerator,oven,crib,bed,couch,table,bathtub,sink,boat,slide,sprinkler,clock,ball,balloon,pumpkin,egg,orange,apple,hat,slipper,watch,nail,glasses,necklace,carrot,vacuum,shovel,scissors,spoon,fork,knife,pencil,pen,crayon,plant,flower,bottle,cup,can,belt,radio,basket,bucket,tape,bowl,plate,pickle,banana,melon,bread,cracker,pizza,hamburger,muffin,glass,tray,box,book,paper,comb,toothbrush,gum,toy,doll,mitten,glove,sock,shoe,purse,pillow,towel,napkin,blanket,dress,pajamas,bib,scarf,jacket,sweater,shirt,jeans,pants,shorts
rooster,0.0,0.5916700959205627,0.8596391677856445,0.7423655986785889,0.8887927532196045,0.8898783326148987,0.4228963851928711,0.41454195976257324,0.8266444206237793,0.8643715381622314,1.2339810132980347,1.198713779449463,0.9283637404441833,1.0026171207427979,0.9712781310081482,0.773764967918396,0.9639132618904114,0.5487299561500549,0.8555331230163574,1.0173836946487427,1.0458003282546997,0.8666710257530212,0.9046999216079712,1.0426760911941528,1.1842182874679565,1.043238878250122,1.0508540868759155,1.0891468524932861,1.1266406774520874,1.1545510292053223,1.1182347536087036,1.1448330879211426,1.0868748426437378,1.2108615636825562,1.1486281156539917,1.1415412425994873,1.234053611755371,1.1107208728790283,1.2062077522277832,1.1768815517425537,0.8055033087730408,0.6761236786842346,0.8557800650596619,1.0723017454147339,0.8410122394561768,0.8498823642730713,0.8451435565948486,0.8278794288635254,0.6699422001838684,0.8630386590957642,0.7161787748336792,0.8407066464424133,0.6095820665359497,0.8404961824417114,1.0970432758331299,1.0025718212127686,0.9433406591415405,1.101175308227539,0.8821133971214294,0.9487616419792175,1.0194199085235596,0.8851417303085327,0.8878457546234131,0.9016057848930359,0.9097560048103333,0.9030420184135437,0.7598902583122253,0.7880723476409912,0.910607635974884,0.8282070755958557,0.978466272354126,1.0996408462524414,1.0222877264022827,0.8324064016342163,0.9930131435394287,1.0208821296691895,0.9704254269599915,0.9049554467201233,1.0369764566421509,0.8574265837669373,1.1008892059326172,0.81900954246521,1.1197508573532104,0.8096312284469604,1.1304919719696045,1.1546285152435303,1.1142679452896118,1.0714166164398193,1.0468679666519165,0.9340496063232422,1.0956870317459106,1.0567773580551147,0.9007836580276489,0.6701399087905884,1.270472764968872,0.9594926834106445,1.1291401386260986,1.110007643699646,1.1522272825241089,0.930053174495697,1.0338032245635986,0.9096204042434692,1.1618506908416748,1.13638436794281,1.1826801300048828,1.1982460021972656,1.162174105644226,1.0567413568496704,1.1778541803359985,1.0988348722457886,1.181330680847168,1.1742186546325684,1.2281697988510132
bird,0.5916700959205627,0.0,0.9464702606201172,0.8308815956115723,0.8290399312973022,0.9352220296859741,0.2647026777267456,0.26037466526031494,0.8518637418746948,0.8475038409233093,0.8148959875106812,0.9924033880233765,1.0613690614700317,1.0845565795898438,1.2153851985931396,1.2020848989486694,1.2410423755645752,0.6304701566696167,0.841314435005188,0.9305096864700317,0.8955580592155457,1.094754934310913,1.0200241804122925,1.006361722946167,0.7997782230377197,0.877914547920227,0.8626843094825745,0.966859757900238,0.959667980670929,0.9356012344360352,0.8877330422401428,0.9211260080337524,0.7243005633354187,0.8256076574325562,0.8039472103118896,0.7510449886322021,0.8132065534591675,0.9436789155006409,0.8741683959960938,0.8564407825469971,0.9801818132400513,1.2004097700119019,1.1521741151809692,1.0928971767425537,1.208236575126648,1.1783838272094727,1.2148429155349731,1.2726728916168213,1.1147617101669312,1.2684036493301392,1.245326042175293,1.283974289894104,1.1448876857757568,1.194425106048584,1.0778034925460815,1.0252885818481445,0.9376621246337891,0.8301440477371216,1.0530309677124023,1.023528814315796,0.980889618396759,1.2011429071426392,1.2249367237091064,1.26112961769104,0.9360477924346924,0.9809333682060242,1.2591716051101685,1.2840300798416138,1.2458348274230957,1.302157998085022,0.9707015156745911,0.9677343368530273,1.067848563194275,1.0867457389831543,1.067366123199463,1.014333963394165,1.134657859802246,0.9254568815231323,0.9641668200492859,1.0982271432876587,0.9559277296066284,1.2222927808761597,1.0147366523742676,1.0951910018920898,0.9188427925109863,0.8677825927734375,0.9396446943283081,0.8945024609565735,0.9042969942092896,1.0154597759246826,1.0503360033035278,0.9647578597068787,0.9937963485717773,0.8980863094329834,0.8954995274543762,1.0286237001419067,1.079609751701355,0.8334080576896667,0.8455015420913696,1.129997730255127,0.9277048110961914,0.9908618927001953,0.7753101587295532,0.9667572379112244,0.8368974924087524,0.9047049283981323,0.8907389640808105,0.9110687971115112,0.8837882876396179,0.9176393747329712,0.8844131827354431,0.8191959857940674,0.8358025550842285
fish,0.8596391677856445,0.9464702606201172,0.0,0.6244717836380005,0.7704448699951172,0.7059972286224365,1.0189859867095947,0.9966184496879578,1.104347586631775,1.2188986539840698,1.298355221748352,1.2667171955108643,1.1073641777038574,1.006463646888733,1.084983468055725,1.0146249532699585,0.7769747376441956,0.9880418181419373,1.0134716033935547,1.1351109743118286,1.1298259496688843,0.8312638998031616,0.9454119205474854,1.1051039695739746,1.250107765197754,0.9553584456443787,1.1532082557678223,1.0738557577133179,1.1917388439178467,1.2395167350769043,1.239499807357788,1.247969627380371,1.1695595979690552,1.2599362134933472,1.2629191875457764,1.2262831926345825,1.314462423324585,1.126113772392273,1.0398410558700562,1.209690809249878,0.8656226396560669,0.8064337372779846,0.9365628957748413,1.0630244016647339,1.0096486806869507,0.9393766522407532,1.011825680732727,0.8596968650817871,0.9823171496391296,0.859364926815033,0.8959261178970337,1.0064465999603271,0.9757477045059204,0.9355811476707458,1.058650255203247,1.152109146118164,1.1035817861557007,1.0997895002365112,0.9490426182746887,0.975831925868988,1.2090637683868408,0.7385157346725464,0.7135133743286133,0.7248713970184326,0.8432905077934265,0.8570273518562317,0.8054285645484924,0.8357873558998108,0.8893800973892212,0.728872537612915,1.0471177101135254,1.0119976997375488,1.0282015800476074,0.9667065143585205,1.0641194581985474,1.025048017501831,0.9648589491844177,0.9998714923858643,0.7368618249893188,0.9585766792297363,1.1171207427978516,0.7948402166366577,1.1679657697677612,0.9096368551254272,1.247440218925476,1.1560304164886475,1.164636254310608,1.0043039321899414,1.0651921033859253,0.7500830292701721,1.0526090860366821,0.930794358253479,0.9584941864013672,0.8900880813598633,1.0213290452957153,1.0065463781356812,1.051703691482544,0.9474288821220398,1.1347465515136719,0.7665514945983887,0.9721893072128296,0.9711249470710754,1.0760551691055298,1.2812117338180542,1.1184049844741821,1.2064327001571655,1.2443718910217285,1.0895986557006836,1.2927894592285156,1.2830865383148193,1.2157992124557495,1.2561237812042236,1.2275582551956177
frog,0.7423655986785889,0.8308815956115723,0.6244717836380005,0.0,0.3621513843536377,0.3784404993057251,0.96608567237854,0.9029713273048401,1.2048752307891846,1.3128759860992432,1.3641810417175293,1.2497808933258057,0.9709655046463013,0.9577955603599548,1.1759893894195557,0.9305716156959534,0.9583887457847595,1.0422660112380981,1.0626357793807983,0.8537353277206421,0.945321798324585,0.6352905035018921,0.5766341686248779,0.960524320602417,1.22834050655365,0.6588468551635742,1.063784122467041,1.2348566055297852,1.3147332668304443,1.1983256340026855,1.3087034225463867,1.341805338859558,1.164818286895752,1.3446123600006104,1.3926172256469727,1.251695156097412,1.3731448650360107,1.0391194820404053,1.163602352142334,1.2741360664367676,0.42326414585113525,0.6178562641143799,0.6658282279968262,0.8334722518920898,0.9395521879196167,0.6996200084686279,0.853897213935852,0.8630086183547974,0.7857481837272644,0.8455256819725037,0.7794632911682129,0.9673061370849609,0.9239609241485596,0.7861047983169556,1.2526103258132935,0.9567561149597168,0.7673470973968506,0.7566090822219849,0.5361768007278442,0.536560595035553,0.8992189764976501,0.7122493982315063,0.7109206318855286,0.6473760604858398,0.6729638576507568,0.5619761943817139,0.6105417013168335,0.6992000341415405,0.8428919911384583,0.8242858648300171,0.800404965877533,0.7823800444602966,0.7579848170280457,0.6190551519393921,0.7960320711135864,0.7457689642906189,0.7793670892715454,0.6439784169197083,0.8896200060844421,0.5859612226486206,0.814980149269104,0.6360428333282471,1.0689735412597656,0.6163612008094788,1.1668002605438232,0.8894349336624146,0.9574921131134033,0.7472395300865173,0.7952584028244019,0.6810579299926758,0.8567625880241394,0.7810453176498413,0.6049609184265137,0.7769642472267151,1.1351900100708008,0.8828085660934448,0.9773572683334351,0.901295006275177,1.0391978025436401,0.7501323223114014,0.8060005903244019,0.6259214282035828,1.280490756034851,1.3007874488830566,1.3507730960845947,1.318558931350708,1.2859234809875488,1.3161206245422363,1.4341516494750977,1.377608060836792,1.5215163230895996,1.5275835990905762,1.378415584564209
alligator,0.8887927532196045,0.8290399312973022,0.7704448699951172,0.3621513843536377,0.0,0.551846981048584,0.9974504709243774,0.9605270028114319,1.1403532028198242,1.2080856561660767,1.179877758026123,1.2005994319915771,0.9118655323982239,0.9560580253601074,1.2016640901565552,1.0408802032470703,1.0080739259719849,1.098832607269287,0.9765320420265198,0.9307929873466492,1.004399299621582,0.8755534887313843,0.6701017618179321,0.9547461867332458,1.0745584964752197,0.6116536259651184,0.9953458309173584,1.1238701343536377,1.1494693756103516,1.0511016845703125,1.1340075731277466,1.1355760097503662,1.0791573524475098,1.168627381324768,1.1513309478759766,1.0961894989013672,1.1379514932632446,0.9795913100242615,1.077749490737915,1.125023603439331,0.6988685727119446,0.8409037590026855,0.9334657788276672,0.969854474067688,1.0841037034988403,0.9558068513870239,1.0608402490615845,1.0829349756240845,0.9828724265098572,0.9647640585899353,0.9873539209365845,1.119779348373413,1.1121376752853394,0.8900602459907532,1.2394649982452393,0.9280675649642944,0.817952036857605,0.8778693079948425,0.7228272557258606,0.6546510457992554,0.933979868888855,0.849001407623291,0.859971821308136,0.8570027351379395,0.8191524147987366,0.7518221139907837,0.8685390949249268,0.9138919115066528,0.9061248302459717,1.0059195756912231,0.8591164350509644,0.8787070512771606,0.8326638340950012,0.8402780890464783,0.9105589389801025,0.8654340505599976,1.0228763818740845,0.7950085401535034,1.0097743272781372,0.831687331199646,0.8089755773544312,0.8418834805488586,1.051200270652771,0.7906244993209839,1.0252708196640015,0.8710513114929199,0.9110537767410278,0.8338038921356201,0.7643254995346069,0.7183209657669067,0.9395012855529785,0.8517305254936218,0.8562211990356445,0.9276411533355713,0.9907159805297852,0.9505890011787415,0.8931059241294861,0.8889328837394714,0.919289231300354,0.8803055286407471,0.7791510820388794,0.6761909127235413,1.137313723564148,1.1224541664123535,1.18616783618927,1.1705482006072998,1.0393308401107788,1.1893302202224731,1.2806249856948853,1.2177002429962158,1.3136520385742188,1.277736783027649,1.1987303495407104
owl,0.8898783326148987,0.9352220296859741,0.7059972286224365,0.3784404993057251,0.551846981048584,0.0,0.9724682569503784,0.9481734037399292,1.126222848892212,1.2121100425720215,1.2152925729751587,1.1886601448059082,0.9281429052352905,0.9799231886863708,1.161661148071289,1.0073928833007812,0.993116557598114,1.1026227474212646,1.0897657871246338,0.89072585105896,0.9990432858467102,0.6874996423721313,0.5840113162994385,0.8453141450881958,1.0240768194198608,0.6235456466674805,0.9799836874008179,1.0918469429016113,1.1375858783721924,1.0451406240463257,1.1081660985946655,1.130540370941162,1.029150366783142,1.1150988340377808,1.2328475713729858,1.1185470819473267,1.1645902395248413,0.8721251487731934,1.088724136352539,1.1100472211837769,0.6506671905517578,0.6768683195114136,0.7976167798042297,0.8713016510009766,1.025701880455017,0.7585923075675964,0.9044809341430664,0.9874392747879028,0.8236005306243896,0.9191396832466125,0.8641756772994995,1.0160175561904907,0.9828581809997559,0.8307942748069763,1.275773048400879,0.9035049080848694,0.8833056688308716,0.8740814924240112,0.6765645146369934,0.4979994297027588,0.858159601688385,0.8243407011032104,0.7828651666641235,0.7556315660476685,0.7811226844787598,0.6412952542304993,0.6808170080184937,0.7377904653549194,0.7783423662185669,0.926432728767395,0.7428021430969238,0.6365758180618286,0.7111840844154358,0.8035674095153809,0.6987666487693787,0.719377875328064,0.9740263819694519,0.7501475214958191,0.9960195422172546,0.7539874315261841,0.8607239127159119,0.70440274477005,0.9957425594329834,0.7956819534301758,1.0779838562011719,0.7166488766670227,0.9208528399467468,0.7818585634231567,0.7247480750083923,0.6892338395118713,0.8641480803489685,0.9545536041259766,0.7977198362350464,0.907182514667511,1.0362035036087036,0.9022908210754395,0.8527690172195435,0.8764370083808899,0.9107708930969238,0.743099570274353,0.6878339648246765,0.6045275330543518,1.063532829284668,1.154808759689331,1.1924316883087158,1.203174352645874,1.067562222480774,1.1989450454711914,1.244197964668274,1.2281802892684937,1.3712232112884521,1.3673439025878906,1.2644102573394775
cat,0.4228963851928711,0.2647026777267456,1.0189859867095947,0.96608567237854,0.9974504709243774,0.9724682569503784,0.0,0.01470416784286499,0.7165243029594421,0.81277996301651,0.8039624691009521,0.9905228018760681,1.094576120376587,1.1354763507843018,1.2815804481506348,1.2462191581726074,1.2463797330856323,0.560046911239624,0.89366614818573,0.905225396156311,0.8972873091697693,1.1011242866516113,1.052937388420105,0.9362337589263916,0.7623113393783569,0.9437426924705505,0.8286852240562439,0.8804543018341064,0.8822578191757202,0.9054532647132874,0.8000941276550293,0.8756091594696045,0.6513265371322632,0.7176170349121094,0.7350918054580688,0.6102614402770996,0.7456924915313721,0.9184890389442444,0.8519956469535828,0.8152426481246948,0.9731881022453308,1.1910498142242432,1.14976167678833,1.1061210632324219,1.222581386566162,1.1525639295578003,1.1958788633346558,1.256730556488037,1.0740435123443604,1.334740400314331,1.2442429065704346,1.3028713464736938,1.100289225578308,1.2293970584869385,1.1741441488265991,1.0258123874664307,1.0408447980880737,0.8768033385276794,1.1521847248077393,1.0426995754241943,1.0350788831710815,1.2749710083007812,1.2595038414001465,1.3112285137176514,0.9016189575195312,0.9121341109275818,1.1868776082992554,1.1922791004180908,1.214198112487793,1.3261773586273193,0.9564470052719116,0.9459297060966492,0.973533034324646,1.1024181842803955,0.9783641695976257,0.9309099912643433,1.2289273738861084,0.956695020198822,0.9638670682907104,1.1101622581481934,0.9853046536445618,1.166982650756836,0.8946108222007751,1.116356372833252,0.8902671337127686,0.8141335248947144,0.905170202255249,0.8089795112609863,0.7963007688522339,1.0547142028808594,1.038038730621338,1.031071424484253,0.9467933177947998,0.8223026394844055,0.9197166562080383,1.0441316366195679,1.0973193645477295,0.8627200126647949,0.8598969578742981,1.200548768043518,0.8959641456604004,0.9754005670547485,0.6861905455589294,1.0316179990768433,0.7484169602394104,0.8403142690658569,0.8759261965751648,0.8843814730644226,0.7752472758293152,0.8199357986450195,0.9366888999938965,0.8749394416809082,0.9126319289207458
dog,0.41454195976257324,0.26037466526031494,0.9966184496879578,0.9029713273048401,0.9605270028114319,0.9481734037399292,0.01470416784286499,0.0,0.73238605260849,0.8383023738861084,0.8140254020690918,0.9905326962471008,1.0993132591247559,1.1256747245788574,1.2974801063537598,1.2442026138305664,1.2550840377807617,0.5795624256134033,0.8993608951568604,0.8810214996337891,0.8968093991279602,1.0745817422866821,1.037811517715454,0.9138966202735901,0.7656278014183044,0.9286622405052185,0.8164970278739929,0.8978237509727478,0.9147066473960876,0.937860906124115,0.8212853670120239,0.9066835045814514,0.6467167735099792,0.7367508411407471,0.7525199055671692,0.6163341403007507,0.7702423334121704,0.9201322197914124,0.8546082377433777,0.8257501125335693,0.9289990067481995,1.1789590120315552,1.1410822868347168,1.093385934829712,1.2287237644195557,1.1289575099945068,1.1907366514205933,1.2560709714889526,1.0464872121810913,1.3346576690673828,1.235317587852478,1.3133106231689453,1.099648356437683,1.2078907489776611,1.2064790725708008,1.0041626691818237,1.0034911632537842,0.8616056442260742,1.1219732761383057,1.0119743347167969,1.0328048467636108,1.2731298208236694,1.254347562789917,1.3023285865783691,0.8698114156723022,0.8737164735794067,1.1648653745651245,1.1780850887298584,1.2020001411437988,1.3167637586593628,0.9341237545013428,0.9204548597335815,0.9498171210289001,1.0843385457992554,0.9601636528968811,0.9013634920120239,1.2170301675796509,0.9383167624473572,0.9538068175315857,1.089597463607788,0.9687761664390564,1.1555817127227783,0.9046800136566162,1.1039983034133911,0.8805581331253052,0.7862547636032104,0.8888731002807617,0.7764391899108887,0.7672634720802307,1.0430278778076172,1.029091238975525,1.01567542552948,0.9161320924758911,0.7769111394882202,0.920807421207428,1.0255980491638184,1.0924150943756104,0.848440408706665,0.8409529328346252,1.167379379272461,0.8537981510162354,0.9278305768966675,0.689669132232666,1.0388981103897095,0.7596095204353333,0.8433762788772583,0.8957911729812622,0.9043206572532654,0.8034512400627136,0.8530675768852234,0.9771231412887573,0.9186605215072632,0.9223607778549194
face,0.8266444206237793,0.8518637418746948,1.104347586631775,1.2048752307891846,1.1403532028198242,1.126222848892212,0.7165243029594421,0.73238605260849,0.0,0.23906338214874268,0.7836477160453796,0.7915458679199219,1.2131409645080566,1.242499828338623,0.9927775859832764,1.1672767400741577,1.2367311716079712,0.8928747177124023,0.7782593965530396,0.9481133818626404,0.8259353637695312,1.1802940368652344,1.1721616983413696,1.1190516948699951,0.8936113119125366,1.1195062398910522,0.9095611572265625,0.869703471660614,0.8864397406578064,0.8851456642150879,0.8075071573257446,0.8719564080238342,0.8653028607368469,0.799411952495575,0.7182180285453796,0.7083432674407959,0.7478600740432739,1.011698842048645,0.8553192615509033,0.7996150255203247,1.1673942804336548,1.2103044986724854,1.1650029420852661,1.0939357280731201,1.0728724002838135,1.1421828269958496,1.031032681465149,1.1315430402755737,0.907762348651886,1.3523585796356201,1.234192132949829,1.1009480953216553,0.7479299306869507,1.2445042133331299,0.9804818034172058,1.1355987787246704,1.1780884265899658,0.9264392852783203,1.245740532875061,1.1272709369659424,1.139827013015747,1.3065128326416016,1.3168666362762451,1.3458417654037476,1.0261499881744385,1.0366696119308472,1.2605669498443604,1.2501864433288574,1.3603041172027588,1.3480396270751953,1.1108555793762207,1.1683536767959595,1.1996054649353027,1.2528997659683228,1.0879539251327515,1.0388870239257812,1.203764796257019,1.086159586906433,1.0004750490188599,1.1257869005203247,0.9898074865341187,1.212264060974121,0.8051633834838867,1.1721086502075195,0.7679873704910278,0.9501386284828186,1.0196852684020996,0.9354217648506165,0.8885620832443237,1.1551799774169922,1.0654131174087524,1.022031545639038,1.0766868591308594,0.94560706615448,0.9595269560813904,1.224961519241333,1.3111473321914673,1.0025423765182495,1.0473906993865967,1.344076156616211,1.0794602632522583,1.148854374885559,0.7838516235351562,0.8011074066162109,0.5588688254356384,0.6818307638168335,0.7345932126045227,0.7464538812637329,0.5864726305007935,0.5216083526611328,0.7440516948699951,0.7675940990447998,0.8059370517730713
hair,0.8643715381622314,0.8475038409233093,1.2188986539840698,1.3128759860992432,1.2080856561660767,1.2121100425720215,0.81277996301651,0.8383023738861084,0.23906338214874268,0.0,0.7173874974250793,0.7300580739974976,1.1872317790985107,1.2065722942352295,0.8282015323638916,1.1096338033676147,1.2098827362060547,0.8535807132720947,0.7047677040100098,1.1072511672973633,0.960435152053833,1.2888461351394653,1.2382986545562744,1.1908066272735596,0.9158121347427368,1.1670916080474854,0.9247252941131592,0.820068359375,0.7977585792541504,0.8001481294631958,0.7684450745582581,0.8180003762245178,0.9509871006011963,0.8503347039222717,0.7470796704292297,0.8078480362892151,0.7687445878982544,1.069994330406189,0.9254528880119324,0.8851263523101807,1.2678511142730713,1.2837731838226318,1.2668654918670654,1.1807419061660767,1.0489258766174316,1.2337160110473633,1.0427145957946777,1.1702325344085693,0.8620126247406006,1.3122918605804443,1.221318244934082,1.0575939416885376,0.66273432970047,1.1695455312728882,0.8199718594551086,1.1769020557403564,1.2031288146972656,1.0604074001312256,1.3054304122924805,1.215347409248352,1.0733070373535156,1.3447186946868896,1.3697599172592163,1.399217128753662,1.097092866897583,1.160970687866211,1.3730881214141846,1.3734543323516846,1.4291538000106812,1.3391125202178955,1.2167110443115234,1.2728067636489868,1.3741061687469482,1.3772162199020386,1.2358875274658203,1.2015918493270874,1.2584750652313232,1.1877453327178955,1.0084186792373657,1.1805436611175537,1.0148450136184692,1.3140945434570312,0.8617400527000427,1.22543203830719,0.7567138671875,1.0985045433044434,1.1460142135620117,1.1135061979293823,1.0191082954406738,1.1798779964447021,1.1029307842254639,1.1006860733032227,1.2988793849945068,1.119517207145691,0.9860212206840515,1.2499878406524658,1.2936813831329346,1.0913182497024536,1.0911121368408203,1.3637211322784424,1.2195509672164917,1.3073201179504395,0.847993791103363,0.642882227897644,0.6536905765533447,0.6757119297981262,0.6762940287590027,0.7187149524688721,0.5298992991447449,0.4540787935256958,0.6214594841003418,0.6241540908813477,0.7658956050872803
arm,1.2339810132980347,0.8148959875106812,1.298355221748352,1.3641810417175293,1.179877758026123,1.2152925729751587,0.8039624691009521,0.8140254020690918,0.7836477160453796,0.7173874974250793,0.0,0.43042874336242676,1.2143878936767578,1.108859896659851,1.0597635507583618,1.2854405641555786,1.321441650390625,0.8960750102996826,0.8402143120765686,0.9772970080375671,0.8533626794815063,1.363415002822876,1.3282147645950317,1.0774680376052856,0.5853550434112549,0.9786089062690735,0.7697083950042725,0.821831226348877,0.789427638053894,0.6805781126022339,0.7094414830207825,0.7768396735191345,0.6850392818450928,0.5256166458129883,0.5415126085281372,0.5001704096794128,0.5332418084144592,0.9498404860496521,0.6374529600143433,0.6787041425704956,1.3006377220153809,1.5131750106811523,1.4061310291290283,1.239984154701233,1.2618119716644287,1.402098536491394,1.2976551055908203,1.4234874248504639,1.3314226865768433,1.3735973834991455,1.4502441883087158,1.3344805240631104,1.3034366369247437,1.3356163501739502,0.9892029166221619,1.04863440990448,1.0522487163543701,0.8462183475494385,1.4153964519500732,1.133297324180603,0.9235426783561707,1.3907179832458496,1.4364277124404907,1.507657527923584,1.1690433025360107,1.2159768342971802,1.5063226222991943,1.5072065591812134,1.4536221027374268,1.4851852655410767,1.156099557876587,1.0296393632888794,1.1667109727859497,1.3962962627410889,1.1762906312942505,1.0741177797317505,1.1876003742218018,1.1438627243041992,1.053515076637268,1.3118475675582886,1.0051499605178833,1.4386889934539795,0.7378440499305725,1.3871570825576782,0.6468864679336548,0.8127487897872925,0.9404776096343994,0.8826517462730408,0.767553985118866,1.1205519437789917,1.0174757242202759,1.0443756580352783,1.2088918685913086,1.1502755880355835,0.6433899998664856,0.9699496626853943,1.0157145261764526,0.8640815019607544,0.8063279390335083,1.2118425369262695,0.9603818655014038,1.1141046285629272,0.4868064522743225,0.6526859998703003,0.3996541500091553,0.4772319793701172,0.5329916477203369,0.7118106484413147,0.41283875703811646,0.5155941843986511,0.5182790756225586,0.49196821451187134,0.48150378465652466
hand,1.198713779449463,0.9924033880233765,1.2667171955108643,1.2497808933258057,1.2005994319915771,1.1886601448059082,0.9905228018760681,0.9905326962471008,0.7915458679199219,0.7300580739974976,0.43042874336242676,0.0,1.071737289428711,0.8713983297348022,0.5491796731948853,0.8003857135772705,1.1036688089370728,1.00786554813385,0.8225676417350769,1.1423606872558594,1.007526159286499,1.3275327682495117,1.251697301864624,1.1875925064086914,0.9318842887878418,0.977817952632904,0.983241081237793,0.9401670098304749,0.9828260540962219,0.8840952515602112,0.9478311538696289,1.0048985481262207,0.9867084622383118,0.9494695663452148,0.8861913681030273,0.8016728162765503,0.8727823495864868,1.0137897729873657,0.748613715171814,0.8990621566772461,1.1942992210388184,1.4053339958190918,1.2472991943359375,0.9852604866027832,0.9924042820930481,1.1513285636901855,1.0156744718551636,1.149479627609253,1.0585561990737915,1.132925033569336,1.2729082107543945,0.9752561450004578,0.9574657082557678,0.9605408310890198,0.8863909244537354,1.0967481136322021,0.9007289409637451,0.8991281986236572,1.1786919832229614,1.1134006977081299,0.9117534160614014,1.263658046722412,1.3271673917770386,1.30563485622406,1.1181223392486572,1.1712085008621216,1.404537320137024,1.3886525630950928,1.4322658777236938,1.361170768737793,1.1547878980636597,1.1365429162979126,1.2168220281600952,1.279072880744934,1.1477041244506836,1.0574142932891846,0.9610108733177185,1.124630093574524,1.0743703842163086,1.0988188982009888,0.771622359752655,1.4022891521453857,0.7858443260192871,1.2248847484588623,0.5096148252487183,0.9730919599533081,1.0345485210418701,0.954727292060852,0.8123925924301147,1.0775293111801147,0.8661843538284302,0.8056191205978394,1.1730061769485474,0.9216713905334473,0.6626290082931519,0.828149676322937,0.9468645453453064,0.903735876083374,0.9992010593414307,1.129318356513977,1.0245462656021118,1.0943186283111572,0.8004999160766602,0.6265367865562439,0.6606178283691406,0.7099134922027588,0.734392523765564,0.9280411005020142,0.7130980491638184,0.7804492712020874,0.8086050748825073,0.836656928062439,0.6072136163711548
leg,0.9283637404441833,1.0613690614700317,1.1073641777038574,0.9709655046463013,0.9118655323982239,0.9281429052352905,1.094576120376587,1.0993132591247559,1.2131409645080566,1.1872317790985107,1.2143878936767578,1.071737289428711,0.0,0.7743508219718933,0.9736241102218628,0.8104680776596069,0.8858078718185425,1.0392229557037354,1.1078577041625977,1.0982097387313843,1.131949543952942,1.0076485872268677,0.6999051570892334,0.8241410851478577,1.0868538618087769,1.0298855304718018,1.0278844833374023,1.0020945072174072,0.9175359606742859,0.984838604927063,1.045881986618042,1.0040346384048462,1.119329571723938,1.1524748802185059,1.1695632934570312,1.1349773406982422,1.0862667560577393,0.7890607118606567,1.1358647346496582,1.0979152917861938,0.9268701076507568,0.848646879196167,0.9498215913772583,0.908766508102417,1.0373626947402954,0.8808277249336243,0.9993436932563782,1.013403296470642,0.9501094222068787,0.8153774738311768,0.8629657030105591,0.9861577749252319,0.9670789241790771,0.7947306632995605,1.0659327507019043,0.7365677952766418,0.6630118489265442,0.9919390678405762,0.6692370176315308,0.8539295196533203,0.7144150733947754,0.8092600107192993,0.7654263973236084,0.7776524424552917,0.9545727372169495,0.9669917225837708,0.7907089591026306,0.7922073602676392,0.62255859375,0.8806426525115967,0.9321103096008301,0.9322202205657959,0.8601257801055908,0.923341691493988,0.8357710242271423,0.9070308208465576,0.8511476516723633,0.8332876563072205,1.1216862201690674,0.9677886366844177,0.9789120554924011,0.9996844530105591,0.950393795967102,1.014633297920227,0.9100081324577332,1.038025140762329,1.093865156173706,1.157485842704773,0.9663686156272888,0.8096854090690613,0.7353764772415161,1.0700005292892456,1.0278297662734985,0.9705570936203003,1.080812931060791,0.8802469968795776,0.7153183817863464,1.0201369524002075,1.0208349227905273,0.8006999492645264,0.9347735643386841,0.8376513719558716,1.2603572607040405,1.0347368717193604,1.2399569749832153,1.1978230476379395,1.0194751024246216,1.1687878370285034,1.2187695503234863,1.2379361391067505,1.1810529232025146,1.135506272315979,1.2013520002365112
foot,1.0026171207427979,1.0845565795898438,1.006463646888733,0.9577955603599548,0.9560580253601074,0.9799231886863708,1.1354763507843018,1.1256747245788574,1.242499828338623,1.2065722942352295,1.108859896659851,0.8713983297348022,0.7743508219718933,0.0,0.6845007538795471,0.4493662118911743,0.7473206520080566,1.1142148971557617,1.027383804321289,0.9978733658790588,1.1608984470367432,0.8756978511810303,0.9550410509109497,0.9770984649658203,1.1415648460388184,1.0156720876693726,1.1644424200057983,1.1959900856018066,1.2273157835006714,1.2289400100708008,1.290494680404663,1.2242019176483154,1.262760043144226,1.243463158607483,1.186299443244934,1.2438105344772339,1.276390552520752,1.0327250957489014,1.139340877532959,1.2415404319763184,0.9449541568756104,0.938748836517334,0.8178554773330688,0.7937227487564087,0.8085250854492188,0.6852024793624878,0.7402297258377075,0.7696214914321899,0.7387110590934753,0.355793833732605,0.7575418949127197,0.7247300148010254,0.7846450805664062,0.6335924863815308,1.0113872289657593,0.905823826789856,0.8349039554595947,1.062474250793457,0.8492018580436707,0.9604811668395996,0.9290271997451782,0.8547261953353882,0.8043466806411743,0.7593675851821899,1.066630482673645,1.039429783821106,0.8500545620918274,0.872477650642395,0.7811753153800964,0.7610843181610107,0.9292454123497009,0.900966227054596,0.9032737016677856,0.8805232048034668,0.9298300743103027,0.9451704025268555,0.7749825119972229,0.9776875376701355,1.1280794143676758,0.9053099155426025,0.9341724514961243,0.9188747406005859,1.164738416671753,0.913151204586029,1.0436930656433105,1.046651005744934,1.1063528060913086,1.1082192659378052,1.060865879058838,0.9330606460571289,0.9211370944976807,0.7624214887619019,0.9022595882415771,0.7870656847953796,0.6978508234024048,0.3945349454879761,0.35317349433898926,0.5696158409118652,0.9140684604644775,0.529083251953125,0.7070250511169434,0.6831002235412598,1.0826514959335327,0.9256999492645264,1.077186107635498,1.1257660388946533,1.1201021671295166,1.1243301630020142,1.2340238094329834,1.1773990392684937,1.062292218208313,1.0825591087341309,0.9211912155151367
finger,0.9712781310081482,1.2153851985931396,1.084983468055725,1.1759893894195557,1.2016640901565552,1.161661148071289,1.2815804481506348,1.2974801063537598,0.9927775859832764,0.8282015323638916,1.0597635507583618,0.5491796731948853,0.9736241102218628,0.6845007538795471,0.0,0.2329425811767578,0.597850501537323,0.9677172899246216,0.9417312741279602,1.3713741302490234,1.2359461784362793,1.1963409185409546,1.1988767385482788,1.4142765998840332,1.4091097116470337,1.1927613019943237,1.3713037967681885,1.2263453006744385,1.2510240077972412,1.2281798124313354,1.3485301733016968,1.2966264486312866,1.4504425525665283,1.4326248168945312,1.2790353298187256,1.3719987869262695,1.354414463043213,1.2848072052001953,1.1803911924362183,1.3022210597991943,1.2907012701034546,0.9778906106948853,0.9440639615058899,0.9096349477767944,0.49037837982177734,0.797678530216217,0.565229058265686,0.5989843606948853,0.7490143775939941,0.5330240726470947,0.6822892427444458,0.32056957483291626,0.5187825560569763,0.5557265281677246,0.4750707149505615,1.2457222938537598,1.0373072624206543,1.321549892425537,1.0479936599731445,1.2400401830673218,1.0523018836975098,0.8394553661346436,0.9073158502578735,0.79454106092453,1.2889652252197266,1.3276855945587158,1.1201064586639404,1.0960694551467896,1.1218945980072021,0.8139400482177734,1.275029182434082,1.3703839778900146,1.4018094539642334,1.0725328922271729,1.3080203533172607,1.322339653968811,0.7772066593170166,1.226050853729248,1.1098843812942505,0.924837052822113,0.9351742267608643,1.0499242544174194,1.146199345588684,0.9592205882072449,1.0062816143035889,1.4551868438720703,1.3505827188491821,1.3266656398773193,1.23528254032135,1.0546212196350098,1.0414263010025024,0.8217464089393616,1.2885305881500244,1.0058032274246216,1.056807518005371,0.9226654171943665,0.9142408967018127,1.2165708541870117,1.375109076499939,0.9541416168212891,1.310404896736145,1.2165579795837402,1.287553310394287,0.7486100196838379,1.181907296180725,1.062997579574585,1.0925028324127197,0.9776399731636047,1.1091089248657227,1.0186684131622314,0.8878405094146729,0.9868283271789551,0.8898520469665527
toe,0.773764967918396,1.2020848989486694,1.0146249532699585,0.9305716156959534,1.0408802032470703,1.0073928833007812,1.2462191581726074,1.2442026138305664,1.1672767400741577,1.1096338033676147,1.2854405641555786,0.8003857135772705,0.8104680776596069,0.4493662118911743,0.2329425811767578,0.0,0.4934941530227661,1.0143274068832397,1.0151631832122803,1.2244068384170532,1.2742936611175537,0.8887625336647034,0.9532840847969055,1.240424394607544,1.5015594959259033,1.1476643085479736,1.3801599740982056,1.3378080129623413,1.3806586265563965,1.3425570726394653,1.4984872341156006,1.4223405122756958,1.5694434642791748,1.556654930114746,1.4245572090148926,1.5111589431762695,1.4965821504592896,1.175783634185791,1.342240571975708,1.3930188417434692,0.9982191324234009,0.6165356636047363,0.5969991683959961,0.728225827217102,0.36320632696151733,0.4708824157714844,0.3884385824203491,0.38040804862976074,0.5739055871963501,0.23252689838409424,0.4120335578918457,0.1998882293701172,0.4987291097640991,0.37687498331069946,0.7205541133880615,1.1005181074142456,0.8357434272766113,1.2546074390411377,0.7236210703849792,1.0148510932922363,0.9550492763519287,0.5956898927688599,0.6260539889335632,0.5233629941940308,1.1820505857467651,1.1544712781906128,0.6885234117507935,0.6771882176399231,0.7963405847549438,0.5204837918281555,1.0969839096069336,1.2195148468017578,1.13047194480896,0.7213454246520996,1.0166562795639038,1.075394630432129,0.6363947987556458,0.9704871773719788,1.130197525024414,0.6540830135345459,0.8813763856887817,0.700435221195221,1.1821280717849731,0.6398354768753052,1.1851681470870972,1.360677719116211,1.3358628749847412,1.2923810482025146,1.1999750137329102,0.9885216951370239,1.019994854927063,0.811269223690033,1.0449684858322144,0.8321770429611206,1.1275181770324707,0.6519277691841125,0.7761096954345703,1.1077708005905151,1.3561453819274902,0.6216225028038025,1.0755527019500732,0.8511632680892944,1.404707431793213,0.9111101627349854,1.3567825555801392,1.296459674835205,1.2827708721160889,1.2107858657836914,1.3801219463348389,1.2791614532470703,1.145385503768921,1.2469720840454102,1.0792416334152222
tooth,0.9639132618904114,1.2410423755645752,0.7769747376441956,0.9583887457847595,1.0080739259719849,0.993116557598114,1.2463797330856323,1.2550840377807617,1.2367311716079712,1.2098827362060547,1.321441650390625,1.1036688089370728,0.8858078718185425,0.7473206520080566,0.597850501537323,0.4934941530227661,0.0,1.078682541847229,1.1429154872894287,1.2844212055206299,1.2876572608947754,0.8250251412391663,0.9582263827323914,1.1889492273330688,1.3747916221618652,1.0859003067016602,1.2404959201812744,1.2006887197494507,1.2603635787963867,1.2255998849868774,1.3495395183563232,1.290698766708374,1.4343235492706299,1.4238905906677246,1.3777074813842773,1.4184858798980713,1.393894910812378,1.1063270568847656,1.2828993797302246,1.357993245124817,1.0041422843933105,0.6749539971351624,0.768901526927948,0.9545716643333435,0.6502524614334106,0.7156859040260315,0.6803140640258789,0.5311598777770996,0.8806512355804443,0.4249827265739441,0.44513779878616333,0.43412959575653076,0.7628077268600464,0.650729775428772,0.721511721611023,1.13885498046875,0.9617232084274292,1.3116116523742676,0.8653455972671509,1.0375769138336182,1.0599089860916138,0.41299933195114136,0.4142664670944214,0.36952733993530273,1.0982369184494019,1.0618691444396973,0.660976231098175,0.6418068408966064,0.753740668296814,0.5468356013298035,1.0844115018844604,1.1889675855636597,1.1525136232376099,0.8445730805397034,1.0397177934646606,1.090092420578003,0.9054454565048218,1.1402332782745361,1.0511398315429688,0.8892048597335815,1.0822919607162476,0.5463880300521851,1.1759482622146606,0.8683171272277832,1.2892197370529175,1.3111412525177002,1.251321792602539,1.1988675594329834,1.2285922765731812,0.8361522555351257,1.0001850128173828,0.8745232224464417,1.1055948734283447,1.081983208656311,1.240175724029541,1.0148473978042603,0.8751233816146851,1.1772854328155518,1.3146922588348389,0.739102840423584,1.1882175207138062,1.098264217376709,1.3727370500564575,1.0408977270126343,1.3378915786743164,1.3105556964874268,1.3309415578842163,1.234365701675415,1.3854484558105469,1.2521203756332397,1.24105966091156,1.2623738050460815,1.1701087951660156
ear,0.5487299561500549,0.6304701566696167,0.9880418181419373,1.0422660112380981,1.098832607269287,1.1026227474212646,0.560046911239624,0.5795624256134033,0.8928747177124023,0.8535807132720947,0.8960750102996826,1.00786554813385,1.0392229557037354,1.1142148971557617,0.9677172899246216,1.0143274068832397,1.078682541847229,0.0,0.7043489217758179,1.122077465057373,0.9750297665596008,1.2053152322769165,1.1391737461090088,1.1597503423690796,0.9864582419395447,1.1229841709136963,1.0080636739730835,0.9846155643463135,0.9035720229148865,0.90780109167099,0.9914177060127258,1.0138591527938843,0.9490194916725159,0.8697217106819153,0.9318671822547913,0.9829719662666321,0.891159176826477,1.0389636754989624,0.986656904220581,0.9676985144615173,1.0807232856750488,0.9668586254119873,1.1096075773239136,1.1518073081970215,1.0607460737228394,1.1496906280517578,1.1355319023132324,1.105126142501831,1.0312632322311401,1.1335710287094116,1.0289392471313477,1.0153419971466064,0.847089409828186,1.0884636640548706,0.7783808708190918,1.2120152711868286,1.0800385475158691,1.093897819519043,1.1463212966918945,1.1645692586898804,0.9253513813018799,1.1541109085083008,1.1895301342010498,1.180884599685669,1.1712756156921387,1.2142512798309326,1.1954294443130493,1.1863222122192383,1.2329928874969482,1.131413221359253,1.2016675472259521,1.1826659440994263,1.208146095275879,1.1148017644882202,1.1515569686889648,1.1198564767837524,1.0630292892456055,1.0743745565414429,0.9720346331596375,1.0765019655227661,1.0587265491485596,1.1060787439346313,0.9923489093780518,1.0676298141479492,1.0462164878845215,1.1369293928146362,1.2153667211532593,1.1728532314300537,1.0726767778396606,0.9514077305793762,1.0028165578842163,1.0750569105148315,1.2279387712478638,1.012852668762207,1.072334885597229,1.103194236755371,1.162165641784668,1.115357518196106,1.1389200687408447,1.1351194381713867,1.082531452178955,1.0807870626449585,0.8286871910095215,1.0001556873321533,0.9325120449066162,0.8648495674133301,0.9124125242233276,0.812782883644104,0.9688946604728699,0.883297324180603,0.8248477578163147,0.7940987348556519,0.9740579724311829
