,dog,frog,nose,face,hair,arm,hand,finger,toe,lamp,drawer,bench,chair,table,couch,bed,crib,window,door,refrigerator,oven,sink,bathtub,car,jacket,shirt,bib,pajamas,jeans,pants,slipper,shoe,sock,glove,blanket,pillow,towel,napkin,doll,toy,tray,box,book,paper,basket,purse,comb,hat,glasses,scissors,fork,spoon,crayon,pencil,pen,knife,toothbrush,gum,balloon,ball,egg,orange,pumpkin,apple,melon,banana,plant,bread,plate,bowl,bottle,cup,bucket,can
dog,0.0,1.0241167545318604,0.9567546844482422,0.9409434795379639,0.7880789637565613,1.0004140138626099,0.9695628881454468,0.9711300730705261,1.008732795715332,1.2855756282806396,1.0011510848999023,0.8920661807060242,0.9204275608062744,0.9315386414527893,0.8389052748680115,0.8940876722335815,0.9733442068099976,1.0767186880111694,0.9555045962333679,1.0111058950424194,1.0243701934814453,0.9715563058853149,0.9681450724601746,1.1086064577102661,0.8649287223815918,0.9252488613128662,0.8652931451797485,0.9056326150894165,0.7720054388046265,0.8393398523330688,1.0600690841674805,1.0370537042617798,1.0216871500015259,0.9530348181724548,0.833430290222168,0.9479702115058899,0.9666555523872375,1.1181368827819824,1.1223212480545044,1.2005982398986816,1.1053194999694824,1.1014083623886108,1.1694608926773071,1.0387078523635864,1.144605040550232,0.7071100473403931,1.0762500762939453,1.0557734966278076,1.0427148342132568,1.116618037223816,1.2243291139602661,1.1313186883926392,1.1938533782958984,1.3503165245056152,1.129834771156311,1.2517329454421997,1.2206326723098755,1.1938693523406982,1.198591709136963,1.2051211595535278,1.1177505254745483,1.1896482706069946,1.152756690979004,1.1287736892700195,1.0048056840896606,1.0883554220199585,1.0861852169036865,1.0770207643508911,1.3214401006698608,1.298961877822876,1.1390013694763184,1.2146751880645752,1.1571052074432373,0.9647878408432007
frog,1.0241167545318604,0.0,0.9985801577568054,1.0074386596679688,1.0919618606567383,0.9786030650138855,0.9218886494636536,0.9005349278450012,0.8841601014137268,1.1526325941085815,1.2023158073425293,1.1633515357971191,1.2318543195724487,1.1992888450622559,1.1324925422668457,1.1403849124908447,1.0752171277999878,1.1861826181411743,1.180820345878601,1.188870906829834,1.215083122253418,1.158528447151184,1.0878136157989502,0.95313960313797,0.9933479428291321,1.1141822338104248,1.1083996295928955,1.1268832683563232,1.0697077512741089,1.107694149017334,0.9521403312683105,1.0519518852233887,0.9273340702056885,0.8668558597564697,1.0744322538375854,1.0341168642044067,1.0715998411178589,0.948900580406189,0.9384642839431763,0.8241817951202393,0.9910920858383179,1.0860272645950317,1.0996119976043701,1.0806533098220825,1.0132989883422852,1.2478643655776978,0.995958149433136,0.939584493637085,0.9270932674407959,0.9505676031112671,0.968392550945282,0.994964599609375,0.6875636577606201,0.8527892231941223,0.9046738147735596,0.9836339950561523,0.9295963048934937,0.7650710344314575,0.8596053719520569,0.7807048559188843,0.842370867729187,0.8108705282211304,0.8023349046707153,0.7086180448532104,0.7780250906944275,0.7247644662857056,0.7838084101676941,0.7509160041809082,0.8865451812744141,1.0082229375839233,0.9117165803909302,0.9407345056533813,0.9843688011169434,1.1269969940185547
nose,0.9567546844482422,0.9985801577568054,0.0,0.6781182885169983,0.745936393737793,0.8395450711250305,0.6612939238548279,0.6698973178863525,0.6695573329925537,1.1278115510940552,1.1804084777832031,1.120671272277832,1.2068912982940674,1.1659715175628662,1.102795958518982,1.1012964248657227,1.137418508529663,0.9810497164726257,1.059891700744629,1.0682315826416016,1.0930472612380981,1.110692024230957,1.0402452945709229,1.066506266593933,1.204350233078003,0.906944215297699,0.9166762828826904,0.9353193044662476,0.9950338006019592,1.0105479955673218,1.0050746202468872,1.0141723155975342,0.8723418712615967,0.9179387092590332,1.0855306386947632,1.1105841398239136,1.1761133670806885,1.0745861530303955,1.0260790586471558,1.0613967180252075,1.089011788368225,1.1434937715530396,1.1139166355133057,1.0428656339645386,1.1716654300689697,1.1792106628417969,1.053627848625183,1.1275864839553833,0.6760624647140503,0.9884374737739563,0.9208760857582092,1.0382840633392334,1.0884218215942383,1.0586779117584229,1.048277735710144,1.1111018657684326,1.0187301635742188,0.9613238573074341,1.0144118070602417,1.0488611459732056,0.8830589652061462,1.0082428455352783,1.0126771926879883,0.9324941039085388,0.893424928188324,0.9904295802116394,1.1014585494995117,0.8979408740997314,1.027181625366211,1.1048393249511719,1.1257517337799072,1.1714513301849365,1.2646515369415283,1.226650595664978
face,0.9409434795379639,1.0074386596679688,0.6781182885169983,0.0,0.5610681772232056,0.7926217317581177,0.8196315765380859,0.9178653359413147,0.9417149424552917,1.1454905271530151,0.9988358020782471,0.8756582736968994,1.0261974334716797,0.8693908452987671,0.879243791103363,0.8078546524047852,0.8625806570053101,0.8965862989425659,0.9544389247894287,0.9090856909751892,1.0226492881774902,0.825692892074585,0.9182408452033997,1.0116478204727173,0.9446538090705872,0.7550289630889893,0.7557328939437866,0.7580966353416443,0.8604707717895508,1.0183345079421997,1.1171001195907593,0.9495967030525208,1.0198689699172974,1.003351092338562,0.8580734729766846,1.0764884948730469,1.148799180984497,1.1107614040374756,0.9398999214172363,0.9264386892318726,0.898273229598999,0.9519435167312622,1.084276556968689,1.059525728225708,0.9888772368431091,0.8255937099456787,1.1300089359283447,1.1437333822250366,0.8753437995910645,0.9361017942428589,1.1000056266784668,1.233198642730713,1.2307910919189453,1.0481173992156982,1.139022707939148,1.179416298866272,1.011330008506775,1.0300188064575195,1.0440876483917236,1.0364922285079956,1.0900219678878784,1.074784755706787,1.0677977800369263,1.1187899112701416,0.930267333984375,1.001792073249817,1.1151199340820312,0.9520628452301025,1.0893524885177612,1.1072227954864502,1.1610196828842163,1.1193634271621704,1.113974928855896,1.0201234817504883
hair,0.7880789637565613,1.0919618606567383,0.745936393737793,0.5610681772232056,0.0,0.7964346408843994,0.7885409593582153,0.8185603618621826,0.8658609986305237,1.1780178546905518,1.0773522853851318,0.9120550751686096,0.9828479290008545,0.9011836051940918,0.9393248558044434,0.9157390594482422,0.9954290390014648,0.9541175961494446,1.029022455215454,1.0353589057922363,1.1323351860046387,0.9651621580123901,0.9193849563598633,0.952150821685791,0.8898922204971313,0.7193228006362915,0.744297981262207,0.6991531252861023,0.7974084615707397,0.8802990913391113,1.0810986757278442,0.9528794288635254,1.0127058029174805,0.9925228953361511,0.8743355870246887,1.128784418106079,1.1213748455047607,1.2677252292633057,0.9650321006774902,1.0640592575073242,1.1760753393173218,1.117382287979126,1.0910377502441406,1.0620293617248535,1.1347887516021729,0.7958435416221619,1.0258400440216064,0.9140419960021973,0.7572259902954102,0.9551572203636169,1.0348398685455322,1.1826772689819336,1.1895534992218018,1.0842058658599854,1.0508705377578735,1.1560178995132446,1.074502944946289,1.1280962228775024,1.1083418130874634,1.1270601749420166,1.0448684692382812,1.1787924766540527,1.127974033355713,1.1369019746780396,0.9438700079917908,1.0514700412750244,1.0393637418746948,1.1076494455337524,1.2306945323944092,1.2715238332748413,1.154487133026123,1.3123878240585327,1.2662642002105713,1.0802507400512695
arm,1.0004140138626099,0.9786030650138855,0.8395450711250305,0.7926217317581177,0.7964346408843994,0.0,0.538368284702301,0.7696329951286316,0.8583298921585083,1.1959824562072754,0.9209398627281189,0.8133488893508911,0.9921953082084656,0.8881383538246155,0.8097136616706848,0.8285592794418335,0.8998289704322815,0.998691737651825,0.8894391059875488,0.7905299663543701,0.9921345710754395,0.8736510872840881,0.7960012555122375,1.1882283687591553,0.9831492304801941,0.6586683988571167,0.6128100156784058,0.595118522644043,0.7620804905891418,0.8574477434158325,1.1363253593444824,1.0029035806655884,0.7744235992431641,0.6241472959518433,0.8465554714202881,0.9210863709449768,0.9754843711853027,1.0334035158157349,1.0266140699386597,0.9854791164398193,1.0191577672958374,0.89565509557724,1.0649185180664062,0.8583154678344727,1.0483272075653076,0.9221858978271484,1.094753623008728,1.327601432800293,1.136095643043518,0.9120820760726929,0.9548647999763489,1.0578358173370361,1.186950445175171,1.082958459854126,1.0384279489517212,1.0799472332000732,0.9676387310028076,1.1913963556289673,1.199462890625,1.2273355722427368,1.220201849937439,1.2650573253631592,1.268615484237671,1.2101529836654663,0.8765684366226196,0.9628213047981262,1.198203682899475,0.9754642844200134,1.1449556350708008,1.1856980323791504,1.1221730709075928,1.202773094177246,1.1393394470214844,1.0554713010787964
hand,0.9695628881454468,0.9218886494636536,0.6612939238548279,0.8196315765380859,0.7885409593582153,0.538368284702301,0.0,0.2353479266166687,0.424912691116333,1.2675803899765015,1.097757339477539,1.0815249681472778,1.1329342126846313,1.0776463747024536,1.0838828086853027,1.092847466468811,1.066672682762146,1.0709404945373535,1.0909180641174316,1.1140389442443848,1.1792964935302734,1.0708112716674805,1.0681623220443726,1.1232895851135254,1.0575190782546997,0.9231991171836853,0.8591060638427734,0.8565852642059326,0.8625898957252502,1.02888822555542,0.8781952857971191,0.9233443140983582,0.7259659171104431,0.43376338481903076,1.0476998090744019,1.0868785381317139,1.1156443357467651,1.0305143594741821,0.8896670937538147,0.9249518513679504,1.0209983587265015,1.12687349319458,1.0600162744522095,0.9379708170890808,1.1001806259155273,1.1133850812911987,1.0660851001739502,1.124570369720459,0.9209544062614441,0.8453152179718018,0.7927943468093872,1.0240020751953125,1.056452989578247,1.0123238563537598,0.8863337635993958,0.9522644877433777,0.9526810050010681,0.8928767442703247,1.1158798933029175,1.082194209098816,1.0605237483978271,1.134307861328125,1.1391105651855469,0.9798431396484375,0.846147894859314,0.9114418029785156,1.0680583715438843,0.8229247331619263,1.0771358013153076,1.0770163536071777,1.091004729270935,1.1279858350753784,1.2037115097045898,1.174783706665039
finger,0.9711300730705261,0.9005349278450012,0.6698973178863525,0.9178653359413147,0.8185603618621826,0.7696329951286316,0.2353479266166687,0.0,0.20648998022079468,1.2476491928100586,1.2196533679962158,1.2240862846374512,1.2150477170944214,1.2749831676483154,1.2435247898101807,1.2800147533416748,1.3001692295074463,1.1115096807479858,1.1707614660263062,1.3034515380859375,1.238433599472046,1.1958410739898682,1.1739614009857178,0.9922398924827576,1.1181175708770752,1.0751972198486328,1.070941686630249,1.0833208560943604,0.9621201157569885,0.9828161597251892,0.7236908674240112,0.9893438220024109,0.7892974019050598,0.7018751502037048,1.2175430059432983,1.1786972284317017,1.160388708114624,1.1157467365264893,1.0835388898849487,1.1531633138656616,1.2209633588790894,1.3136956691741943,1.0966787338256836,1.0794981718063354,1.2304491996765137,1.2403284311294556,0.9873876571655273,0.9203254580497742,0.6783936023712158,0.9846102595329285,0.7261778712272644,0.9478395581245422,0.7432506084442139,0.8653052449226379,0.7099882364273071,0.8392505645751953,1.0377544164657593,0.7179574966430664,1.0542734861373901,0.9539316892623901,0.7532187700271606,0.9230825901031494,0.9524301886558533,0.7416155338287354,0.9660628437995911,0.9752374291419983,0.983251690864563,0.8706672191619873,1.1157418489456177,1.1850773096084595,0.9947322010993958,1.102995753288269,1.225872278213501,1.144456386566162
toe,1.008732795715332,0.8841601014137268,0.6695573329925537,0.9417149424552917,0.8658609986305237,0.8583298921585083,0.424912691116333,0.20648998022079468,0.0,1.1585551500320435,1.2905738353729248,1.2874815464019775,1.1837602853775024,1.2994955778121948,1.281005859375,1.3322737216949463,1.3138339519500732,1.090638279914856,1.2201043367385864,1.3370184898376465,1.2687897682189941,1.2598848342895508,1.2231025695800781,0.9374982118606567,1.120254635810852,1.149146318435669,1.1318448781967163,1.0662610530853271,0.9932472109794617,0.9830498099327087,0.35996317863464355,0.7249926328659058,0.5306780338287354,0.772140383720398,1.2652928829193115,1.169901728630066,1.109276533126831,1.0717576742172241,1.002162218093872,1.133037805557251,1.2717857360839844,1.3208906650543213,1.0967148542404175,1.185119390487671,1.1708838939666748,1.2265846729278564,1.04728102684021,0.7901931405067444,0.6202650666236877,1.0319322347640991,0.7712036967277527,0.8825747966766357,0.7462005615234375,0.8309208154678345,0.7699859142303467,0.8844401240348816,1.0867695808410645,0.766008734703064,0.9658704996109009,0.8356133103370667,0.6825360655784607,0.8263379335403442,0.8243349194526672,0.6932694911956787,1.0378837585449219,1.0062545537948608,0.9088172912597656,0.8914206027984619,1.0758181810379028,1.1761393547058105,0.9039012789726257,1.0423721075057983,1.1269972324371338,1.1368207931518555
lamp,1.2855756282806396,1.1526325941085815,1.1278115510940552,1.1454905271530151,1.1780178546905518,1.1959824562072754,1.2675803899765015,1.2476491928100586,1.1585551500320435,0.0,1.0267246961593628,0.9993929862976074,0.83559250831604,0.913256049156189,1.0144035816192627,1.0443099737167358,1.0033817291259766,0.6871671676635742,0.7920688390731812,0.9377368092536926,0.8472117185592651,1.0049916505813599,1.0350922346115112,0.960898756980896,1.1579655408859253,1.1457798480987549,1.208545446395874,1.155205488204956,1.2247788906097412,1.0687154531478882,1.033058524131775,1.0853999853134155,1.0701942443847656,1.1831331253051758,1.0421922206878662,0.9592278599739075,0.9536046385765076,0.8995257616043091,1.0707488059997559,1.122652292251587,1.0715547800064087,1.0490468740463257,0.9573388695716858,1.0202449560165405,0.8590901494026184,1.2335717678070068,0.91675865650177,0.8365144729614258,1.0166559219360352,1.0419676303863525,0.9326267838478088,0.8640254735946655,0.9943428039550781,0.8565837740898132,1.008837103843689,0.8618117570877075,0.9590297937393188,1.010599136352539,0.7567383050918579,0.8059873580932617,0.9737762212753296,0.9308666586875916,0.943917989730835,0.9470053315162659,1.0561132431030273,1.1431127786636353,0.8969947099685669,1.1351145505905151,0.8957158327102661,0.7602012157440186,0.8812472820281982,0.8107131719589233,0.8380753397941589,0.8933948874473572
drawer,1.0011510848999023,1.2023158073425293,1.1804084777832031,0.9988358020782471,1.0773522853851318,0.9209398627281189,1.097757339477539,1.2196533679962158,1.2905738353729248,1.0267246961593628,0.0,0.7701569199562073,0.8685303926467896,0.7639099359512329,0.7591907978057861,0.6841535568237305,0.7385143041610718,0.9645729064941406,0.6687100529670715,0.4383813142776489,0.48039841651916504,0.5467156171798706,0.7765680551528931,1.1131818294525146,0.9797476530075073,1.0172820091247559,0.8934870958328247,0.942379891872406,0.9417151212692261,1.0517678260803223,1.1513162851333618,0.933465301990509,1.1617847681045532,1.0183417797088623,0.9287073612213135,0.9384121298789978,1.0208301544189453,0.9694702625274658,0.9443517327308655,0.8325325846672058,0.5788552165031433,0.42348289489746094,0.7454382181167603,0.7131505608558655,0.8474940061569214,0.7541849613189697,1.1607115268707275,1.256343960762024,1.2413339614868164,0.8843652606010437,1.095640778541565,1.1399027109146118,1.2734088897705078,1.196943759918213,1.085221767425537,1.0035556554794312,0.9587970972061157,1.1438558101654053,1.2136517763137817,1.2594724893569946,1.3607251644134521,1.2753835916519165,1.2505955696105957,1.3449755907058716,1.1363840103149414,1.1228045225143433,1.222703456878662,1.1567459106445312,1.1213595867156982,1.0457558631896973,1.1448447704315186,1.0169267654418945,0.7997690439224243,0.7453881502151489
bench,0.8920661807060242,1.1633515357971191,1.120671272277832,0.8756582736968994,0.9120550751686096,0.8133488893508911,1.0815249681472778,1.2240862846374512,1.2874815464019775,0.9993929862976074,0.7701569199562073,0.0,0.36246418952941895,0.3126201629638672,0.3428446650505066,0.44647449254989624,0.6788379549980164,0.7486974596977234,0.7156810760498047,0.8085067868232727,0.80858314037323,0.7001360654830933,0.6002439856529236,0.9442236423492432,0.6726133227348328,0.73048996925354,0.808931827545166,0.7119640111923218,0.6205199956893921,0.8226720690727234,1.170893907546997,0.9757288694381714,1.0115563869476318,0.9504569172859192,0.47402799129486084,0.6755936145782471,0.766269862651825,1.018747091293335,1.1504114866256714,0.9712203145027161,0.7677509784698486,0.7397249937057495,0.9768729209899902,0.8630061745643616,0.8370425701141357,0.6379522085189819,0.8490918874740601,1.170440673828125,1.248661994934082,1.0592097043991089,1.092883586883545,1.0725194215774536,1.2800737619400024,1.1198891401290894,1.1267056465148926,1.0741324424743652,0.9692912101745605,1.2758753299713135,1.1860800981521606,1.232141375541687,1.4071850776672363,1.367168664932251,1.3510925769805908,1.387178897857666,1.0341845750808716,1.0839436054229736,1.125284194946289,1.1670846939086914,1.1655906438827515,1.1550559997558594,1.206141471862793,1.2304331064224243,0.9637084007263184,0.8066585063934326
chair,0.9204275608062744,1.2318543195724487,1.2068912982940674,1.0261974334716797,0.9828479290008545,0.9921953082084656,1.1329342126846313,1.2150477170944214,1.1837602853775024,0.83559250831604,0.8685303926467896,0.36246418952941895,0.0,0.1966031789779663,0.47389233112335205,0.6457214951515198,0.702235758304596,0.7377376556396484,0.7905080318450928,0.8630942106246948,0.8391607999801636,0.9060866832733154,0.8841282725334167,0.8998058438301086,0.7622331380844116,0.8975895047187805,0.941095232963562,0.8058682084083557,0.7682621479034424,0.8559997081756592,1.054514765739441,0.9523649215698242,0.9882310032844543,1.107316017150879,0.6866358518600464,0.762272834777832,0.8063973784446716,1.0201653242111206,1.024977445602417,0.9268090724945068,0.9314591884613037,0.8478646278381348,0.8831694722175598,1.0361454486846924,0.691062867641449,0.6796824932098389,0.9232578277587891,0.9597790837287903,1.15871262550354,1.0227601528167725,1.0786397457122803,1.0176490545272827,1.204586148262024,1.0518841743469238,1.0600048303604126,1.081854224205017,1.0238616466522217,1.3553844690322876,1.0953396558761597,1.1202495098114014,1.3148858547210693,1.2833505868911743,1.2008764743804932,1.2809299230575562,1.1477456092834473,1.1888729333877563,1.0459396839141846,1.232537865638733,1.1595730781555176,1.1385685205459595,1.0973362922668457,1.1004999876022339,0.8263030648231506,0.7664227485656738
table,0.9315386414527893,1.1992888450622559,1.1659715175628662,0.8693908452987671,0.9011836051940918,0.8881383538246155,1.0776463747024536,1.2749831676483154,1.2994955778121948,0.913256049156189,0.7639099359512329,0.3126201629638672,0.1966031789779663,0.0,0.493771493434906,0.5077633857727051,0.5693180561065674,0.766674280166626,0.792778730392456,0.7522141933441162,0.8456379175186157,0.7187881469726562,0.6909247040748596,0.9973827004432678,0.7785211801528931,0.8032093048095703,0.8260625600814819,0.6977147459983826,0.7745298743247986,0.908297061920166,1.2480499744415283,1.0306994915008545,1.0993702411651611,1.1135241985321045,0.6184412240982056,0.8832361698150635,0.9434542059898376,1.0835235118865967,1.0269042253494263,0.8684753775596619,0.7336879372596741,0.7631559371948242,0.8885794281959534,0.946038007736206,0.7990506291389465,0.6800305247306824,0.9634255766868591,1.1837317943572998,1.2328746318817139,1.0110502243041992,1.157766342163086,1.1121143102645874,1.310962438583374,1.1025506258010864,1.1684798002243042,1.0898704528808594,0.9937829375267029,1.3310389518737793,1.1321182250976562,1.195116400718689,1.4062514305114746,1.3517760038375854,1.3158049583435059,1.3636547327041626,1.0820069313049316,1.1701074838638306,1.13515305519104,1.189194679260254,1.0609303712844849,1.0411326885223389,1.190377950668335,1.1423821449279785,0.9526256918907166,0.8621891736984253
couch,0.8389052748680115,1.1324925422668457,1.102795958518982,0.879243791103363,0.9393248558044434,0.8097136616706848,1.0838828086853027,1.2435247898101807,1.281005859375,1.0144035816192627,0.7591907978057861,0.3428446650505066,0.47389233112335205,0.493771493434906,0.0,0.22166937589645386,0.6005527377128601,0.7405484914779663,0.7102741599082947,0.7153225541114807,0.8122780919075012,0.7835651636123657,0.7349365949630737,1.0709350109100342,0.6682114005088806,0.7173609137535095,0.7687312364578247,0.6499946117401123,0.6926414966583252,0.8342643976211548,1.184902548789978,0.9973461627960205,1.0191431045532227,0.9116994142532349,0.4218558073043823,0.4098470211029053,0.7269687652587891,0.9720581769943237,1.0172477960586548,0.9195187091827393,0.862002968788147,0.765602171421051,0.9674475789070129,0.9763701558113098,0.8687692880630493,0.6613004207611084,1.0915104150772095,1.1426628828048706,1.2229055166244507,1.0683001279830933,1.2732009887695312,1.2867166996002197,1.3422062397003174,1.2394742965698242,1.2148125171661377,1.292054533958435,1.045422911643982,1.3351829051971436,1.1230556964874268,1.1637953519821167,1.3566930294036865,1.2996740341186523,1.2568589448928833,1.3407734632492065,0.9887357354164124,1.1105321645736694,1.1719897985458374,1.1968022584915161,1.244415044784546,1.207138180732727,1.2102490663528442,1.176849365234375,0.9443404674530029,0.8350090980529785
bed,0.8940876722335815,1.1403849124908447,1.1012964248657227,0.8078546524047852,0.9157390594482422,0.8285592794418335,1.092847466468811,1.2800147533416748,1.3322737216949463,1.0443099737167358,0.6841535568237305,0.44647449254989624,0.6457214951515198,0.5077633857727051,0.22166937589645386,0.0,0.4449924826622009,0.8013615012168884,0.7119205594062805,0.6987805962562561,0.8685368299484253,0.6474722623825073,0.6329047679901123,1.105104684829712,0.682087779045105,0.636088490486145,0.6525148153305054,0.5263875722885132,0.7522993087768555,0.8971701860427856,1.2647548913955688,1.0386470556259155,1.0596510171890259,0.940692663192749,0.35381168127059937,0.38983845710754395,0.7086373567581177,0.9880090355873108,0.9481789469718933,0.9108538031578064,0.8161793947219849,0.7652479410171509,0.9665420651435852,0.9363414645195007,0.8776953816413879,0.6548876166343689,1.061721920967102,1.2731364965438843,1.2603060007095337,1.049675464630127,1.258905053138733,1.3171895742416382,1.390754222869873,1.2268874645233154,1.2697361707687378,1.2567522525787354,1.025452971458435,1.3232051134109497,1.191821813583374,1.2251955270767212,1.387742280960083,1.349023461341858,1.3265455961227417,1.402245283126831,1.0348844528198242,1.143964409828186,1.2234296798706055,1.1987963914871216,1.1815710067749023,1.1510093212127686,1.2917795181274414,1.2520169019699097,1.0627909898757935,0.979092001914978
crib,0.9733442068099976,1.0752171277999878,1.137418508529663,0.8625806570053101,0.9954290390014648,0.8998289704322815,1.066672682762146,1.3001692295074463,1.3138339519500732,1.0033817291259766,0.7385143041610718,0.6788379549980164,0.702235758304596,0.5693180561065674,0.6005527377128601,0.4449924826622009,0.0,0.7232500910758972,0.7475089430809021,0.6468585133552551,0.8191553950309753,0.7012819051742554,0.7059241533279419,1.0748906135559082,0.8667804598808289,0.8590545654296875,0.7526098489761353,0.6683721542358398,0.8833731412887573,1.0055736303329468,1.2318718433380127,1.0512306690216064,1.1017721891403198,1.0736757516860962,0.6625436544418335,0.8744143843650818,0.9417810440063477,1.112337350845337,0.7288634777069092,0.6744627952575684,0.7350740432739258,0.7655272483825684,0.9815642833709717,1.1138285398483276,0.6699486970901489,0.7952972650527954,1.0915607213974,1.2422428131103516,1.2506771087646484,1.0278071165084839,1.24366295337677,1.2489689588546753,1.3324530124664307,1.1699192523956299,1.2872283458709717,1.2236002683639526,1.0282390117645264,1.2524572610855103,1.0531036853790283,1.0992364883422852,1.2300708293914795,1.2244645357131958,1.1976373195648193,1.2653205394744873,0.9767038822174072,1.084787368774414,1.0982662439346313,1.1770784854888916,1.045928955078125,0.933035135269165,1.1736986637115479,1.037053108215332,0.8971866369247437,0.8888417482376099
window,1.0767186880111694,1.1861826181411743,0.9810497164726257,0.8965862989425659,0.9541175961494446,0.998691737651825,1.0709404945373535,1.1115096807479858,1.090638279914856,0.6871671676635742,0.9645729064941406,0.7486974596977234,0.7377376556396484,0.766674280166626,0.7405484914779663,0.8013615012168884,0.7232500910758972,0.0,0.4577540159225464,0.7552390694618225,0.7427984476089478,0.9479433298110962,0.846886396408081,0.868992030620575,1.015609860420227,0.9617058634757996,1.0793485641479492,0.9171916842460632,1.0745134353637695,0.9709100723266602,1.1137129068374634,1.1109486818313599,1.0075122117996216,1.081465244293213,0.9008596539497375,0.9193625450134277,0.9547069668769836,1.0121986865997314,1.0015428066253662,1.04555082321167,0.9865398406982422,0.9540771245956421,0.9486323595046997,0.9811539649963379,0.9047001600265503,1.0969154834747314,1.0333881378173828,1.0665665864944458,0.9820924401283264,1.0613744258880615,0.968629777431488,1.0217207670211792,1.1355913877487183,0.9497061371803284,1.041898488998413,0.9930652379989624,1.0436882972717285,1.1888412237167358,1.007959246635437,1.0482794046401978,1.1583961248397827,1.167459487915039,1.1278835535049438,1.16935396194458,1.1043635606765747,1.2038254737854004,0.9207390546798706,1.1079412698745728,1.026617407798767,1.0521268844604492,1.148794412612915,1.108909249305725,1.0033559799194336,0.8324218988418579
door,0.9555045962333679,1.180820345878601,1.059891700744629,0.9544389247894287,1.029022455215454,0.8894391059875488,1.0909180641174316,1.1707614660263062,1.2201043367385864,0.7920688390731812,0.6687100529670715,0.7156810760498047,0.7905080318450928,0.792778730392456,0.7102741599082947,0.7119205594062805,0.7475089430809021,0.4577540159225464,0.0,0.44521570205688477,0.5649410486221313,0.6523733139038086,0.7698498964309692,1.0110855102539062,0.9761704206466675,0.8910560011863708,0.9531005024909973,0.836216926574707,1.0050526857376099,0.8725796341896057,1.2388721704483032,1.1534889936447144,1.1693716049194336,1.107409954071045,0.8704570531845093,0.9580050706863403,1.0053175687789917,1.0401618480682373,1.1048146486282349,1.0913667678833008,0.9250097274780273,0.8215600252151489,0.9977391958236694,0.9076420068740845,0.9776159524917603,0.9391748905181885,1.0842212438583374,1.266089916229248,1.1313610076904297,1.0883389711380005,1.0198694467544556,1.1334244012832642,1.2137880325317383,1.1070297956466675,1.138353705406189,1.0793094635009766,1.0349420309066772,1.2773264646530151,1.1660417318344116,1.2061586380004883,1.3004060983657837,1.2485480308532715,1.2003371715545654,1.2826802730560303,1.1543278694152832,1.2162280082702637,1.0847697257995605,1.1559942960739136,1.1531139612197876,1.162202000617981,1.1745890378952026,1.2177157402038574,1.0068652629852295,0.7728842496871948
refrigerator,1.0111058950424194,1.188870906829834,1.0682315826416016,0.9090856909751892,1.0353589057922363,0.7905299663543701,1.1140389442443848,1.3034515380859375,1.3370184898376465,0.9377368092536926,0.4383813142776489,0.8085067868232727,0.8630942106246948,0.7522141933441162,0.7153225541114807,0.6987805962562561,0.6468585133552551,0.7552390694618225,0.44521570205688477,0.0,0.2805570363998413,0.6204358339309692,0.6949388384819031,1.123334527015686,1.0112512111663818,0.8822780847549438,0.8227750062942505,0.8011185526847839,0.9887560606002808,0.9698949456214905,1.3074188232421875,1.0813482999801636,1.1344099044799805,1.061216950416565,0.8833767175674438,1.0028635263442993,1.0323591232299805,1.0388903617858887,0.981493353843689,0.9197322726249695,0.7410783171653748,0.6732810139656067,0.8520655632019043,0.8526736497879028,0.9378256797790527,0.8639317154884338,1.150844693183899,1.3536462783813477,1.2635884284973145,1.0217952728271484,1.1672544479370117,1.2116590738296509,1.3888537883758545,1.2323803901672363,1.3286406993865967,1.1724870204925537,1.0514748096466064,1.3004299402236938,1.1967653036117554,1.285914659500122,1.3785237073898315,1.2472063302993774,1.2309646606445312,1.3405687808990479,1.1028120517730713,1.1502845287322998,1.1434763669967651,1.0823733806610107,1.0590533018112183,1.044080138206482,1.1212137937545776,1.0603529214859009,0.9103063344955444,0.7490320205688477
oven,1.0243701934814453,1.215083122253418,1.0930472612380981,1.0226492881774902,1.1323351860046387,0.9921345710754395,1.1792964935302734,1.238433599472046,1.2687897682189941,0.8472117185592651,0.48039841651916504,0.80858314037323,0.8391607999801636,0.8456379175186157,0.8122780919075012,0.8685368299484253,0.8191553950309753,0.7427984476089478,0.5649410486221313,0.2805570363998413,0.0,0.7174097895622253,0.8190053701400757,0.9723489284515381,1.0959159135818481,1.0665704011917114,1.0608255863189697,1.002191185951233,1.0409687757492065,1.0119454860687256,1.212397813796997,1.0993413925170898,1.1678930521011353,1.1250474452972412,1.0305354595184326,0.9930106401443481,0.990303635597229,1.0417940616607666,1.050997257232666,1.0485384464263916,0.8055990934371948,0.7249491214752197,0.9183878302574158,0.912140965461731,0.9508791565895081,0.9572203159332275,1.0743616819381714,1.1805872917175293,1.1605302095413208,0.9929832220077515,1.0388953685760498,1.0505518913269043,1.33114755153656,1.1665387153625488,1.2172775268554688,1.0108060836791992,1.1301970481872559,1.266402244567871,1.199605941772461,1.251731276512146,1.2996571063995361,1.2006347179412842,1.179626226425171,1.2976422309875488,1.2646186351776123,1.2448043823242188,1.0688166618347168,1.0588347911834717,1.078147530555725,1.0101698637008667,1.1076164245605469,0.9840632677078247,0.8706976771354675,0.65813148021698
sink,0.9715563058853149,1.158528447151184,1.110692024230957,0.825692892074585,0.9651621580123901,0.8736510872840881,1.0708112716674805,1.1958410739898682,1.2598848342895508,1.0049916505813599,0.5467156171798706,0.7001360654830933,0.9060866832733154,0.7187881469726562,0.7835651636123657,0.6474722623825073,0.7012819051742554,0.9479433298110962,0.6523733139038086,0.6204358339309692,0.7174097895622253,0.0,0.6407509446144104,1.1105679273605347,0.8940441012382507,0.8699872493743896,0.8364725708961487,0.7900015115737915,0.9063475728034973,0.9695563912391663,1.1634856462478638,0.9588173627853394,1.112820029258728,1.0095196962356567,0.8145750761032104,1.057973027229309,1.084434986114502,1.065365195274353,1.0259133577346802,0.914837121963501,0.5849101543426514,0.7163456082344055,1.0488797426223755,0.988059937953949,0.8706061244010925,0.767329216003418,1.1615806818008423,1.3087854385375977,1.250791311264038,0.9192141890525818,1.143690824508667,1.0139036178588867,1.340263843536377,1.2009220123291016,1.208841323852539,1.0641599893569946,0.8334043025970459,1.128549575805664,1.1568803787231445,1.2181956768035889,1.3494949340820312,1.293020248413086,1.3437135219573975,1.3299753665924072,1.067630648612976,1.111495852470398,1.2402853965759277,1.1877930164337158,0.9974092841148376,0.8702496886253357,1.0426025390625,0.973774254322052,0.8078356385231018,0.7654228806495667
bathtub,0.9681450724601746,1.0878136157989502,1.0402452945709229,0.9182408452033997,0.9193849563598633,0.7960012555122375,1.0681623220443726,1.1739614009857178,1.2231025695800781,1.0350922346115112,0.7765680551528931,0.6002439856529236,0.8841282725334167,0.6909247040748596,0.7349365949630737,0.6329047679901123,0.7059241533279419,0.846886396408081,0.7698498964309692,0.6949388384819031,0.8190053701400757,0.6407509446144104,0.0,1.1076043844223022,0.8442418575286865,0.8549771308898926,0.8276907801628113,0.7697928547859192,0.9793316125869751,0.9726489186286926,1.1885831356048584,1.0464931726455688,1.094810128211975,0.9599021673202515,0.7599349021911621,0.9692468047142029,0.9691969752311707,1.0796058177947998,1.1154589653015137,0.9495854377746582,0.8007886409759521,0.7036147117614746,1.0260906219482422,0.8592441082000732,0.9260897636413574,0.8276902437210083,0.9974005222320557,1.294925332069397,1.2300187349319458,1.001866340637207,1.135714054107666,1.047808051109314,1.1621179580688477,1.1250650882720947,1.179102897644043,1.0118004083633423,0.8675113916397095,1.0921921730041504,1.1028460264205933,1.2389538288116455,1.2374131679534912,1.2242650985717773,1.2603727579116821,1.280613899230957,0.9981915354728699,0.9285891056060791,1.2341059446334839,1.2084012031555176,1.077985405921936,0.9932494759559631,1.1118433475494385,1.15986967086792,0.9529514312744141,0.9196525812149048
car,1.1086064577102661,0.95313960313797,1.066506266593933,1.0116478204727173,0.952150821685791,1.1882283687591553,1.1232895851135254,0.9922398924827576,0.9374982118606567,0.960898756980896,1.1131818294525146,0.9442236423492432,0.8998058438301086,0.9973827004432678,1.0709350109100342,1.105104684829712,1.0748906135559082,0.868992030620575,1.0110855102539062,1.123334527015686,0.9723489284515381,1.1105679273605347,1.1076043844223022,0.0,0.9905769228935242,1.1343613862991333,1.215830683708191,1.1185810565948486,1.047390341758728,1.0094224214553833,0.8792617917060852,0.9524838924407959,1.0290601253509521,1.2173291444778442,1.1328420639038086,1.0309007167816162,1.0350110530853271,1.1077743768692017,0.9186824560165405,0.9341200590133667,1.1684377193450928,1.103912591934204,0.9501892328262329,1.1205193996429443,1.0094044208526611,1.0728585720062256,0.9888907670974731,0.7845875024795532,0.8400052785873413,1.0943392515182495,0.9530154466629028,0.9500113129615784,0.8557450771331787,0.8617137670516968,0.8456972241401672,0.9214839935302734,1.0615254640579224,0.995426595211029,0.8760437965393066,0.7781506180763245,0.8376317620277405,0.8685024976730347,0.8469457626342773,0.868820071220398,1.0960434675216675,1.081907033920288,0.7862700819969177,1.0401889085769653,1.0008131265640259,1.042534351348877,0.8886594176292419,1.001163125038147,0.9739398956298828,0.9494125843048096
jacket,0.8649287223815918,0.9933479428291321,1.204350233078003,0.9446538090705872,0.8898922204971313,0.9831492304801941,1.0575190782546997,1.1181175708770752,1.120254635810852,1.1579655408859253,0.9797476530075073,0.6726133227348328,0.7622331380844116,0.7785211801528931,0.6682114005088806,0.682087779045105,0.8667804598808289,1.015609860420227,0.9761704206466675,1.0112512111663818,1.0959159135818481,0.8940441012382507,0.8442418575286865,0.9905769228935242,0.0,0.4263012409210205,0.635934591293335,0.5521703362464905,0.46497589349746704,0.5237438678741455,0.9613671898841858,0.815826416015625,0.9099395871162415,0.7998552322387695,0.3976365327835083,0.6368855237960815,0.5043103098869324,0.8230332136154175,0.972878098487854,0.9583494663238525,1.0167756080627441,0.8822479248046875,0.9916784167289734,1.0361415147781372,0.8590341806411743,0.4403800964355469,1.0303541421890259,0.7947080135345459,1.0645016431808472,1.0768095254898071,1.1674140691757202,1.1996753215789795,1.0647920370101929,1.063893437385559,1.0433266162872314,1.152579665184021,0.9907866716384888,1.107797384262085,1.023579478263855,1.0188761949539185,1.1418060064315796,1.1259180307388306,1.0749760866165161,1.1408023834228516,0.9702159762382507,0.9776061177253723,1.0898219347000122,1.136661171913147,1.1950608491897583,1.197113037109375,1.0188236236572266,1.1509454250335693,0.8642622828483582,0.9060845375061035
shirt,0.9252488613128662,1.1141822338104248,0.906944215297699,0.7550289630889893,0.7193228006362915,0.6586683988571167,0.9231991171836853,1.0751972198486328,1.149146318435669,1.1457798480987549,1.0172820091247559,0.73048996925354,0.8975895047187805,0.8032093048095703,0.7173609137535095,0.636088490486145,0.8590545654296875,0.9617058634757996,0.8910560011863708,0.8822780847549438,1.0665704011917114,0.8699872493743896,0.8549771308898926,1.1343613862991333,0.4263012409210205,0.0,0.3661069869995117,0.3039231300354004,0.5076204538345337,0.44895750284194946,1.1910344362258911,0.9449068307876587,0.9133797883987427,0.816906213760376,0.4652513265609741,0.7069448828697205,0.588387131690979,0.8628576993942261,1.0034606456756592,1.080465316772461,1.0577952861785889,0.969669759273529,1.0588679313659668,0.925678014755249,1.0093637704849243,0.5731252431869507,1.0175365209579468,1.056577444076538,1.089495301246643,1.1247023344039917,1.1375499963760376,1.30027174949646,1.298872470855713,1.2118873596191406,1.2194488048553467,1.2775956392288208,1.0263692140579224,1.217659831047058,1.1433316469192505,1.1946858167648315,1.2486764192581177,1.3016059398651123,1.2669447660446167,1.2806510925292969,0.9452692866325378,1.073215365409851,1.1947120428085327,1.1594041585922241,1.2081501483917236,1.1837939023971558,1.1714733839035034,1.2646771669387817,1.137985110282898,1.075846791267395
bib,0.8652931451797485,1.1083996295928955,0.9166762828826904,0.7557328939437866,0.744297981262207,0.6128100156784058,0.8591060638427734,1.070941686630249,1.1318448781967163,1.208545446395874,0.8934870958328247,0.808931827545166,0.941095232963562,0.8260625600814819,0.7687312364578247,0.6525148153305054,0.7526098489761353,1.0793485641479492,0.9531005024909973,0.8227750062942505,1.0608255863189697,0.8364725708961487,0.8276907801628113,1.215830683708191,0.635934591293335,0.3661069869995117,0.0,0.304412305355072,0.5359063148498535,0.6556617617607117,1.1495836973190308,0.9190316796302795,0.8879364728927612,0.7571461200714111,0.5123143792152405,0.8063589930534363,0.7222313284873962,0.944739043712616,0.8683536052703857,0.9553106427192688,0.9760118722915649,0.9602303504943848,1.075682282447815,0.9171825051307678,1.0263384580612183,0.5582914352416992,1.024455189704895,1.1961030960083008,1.1743340492248535,0.9744832515716553,1.222706913948059,1.2785030603408813,1.343159794807434,1.2634828090667725,1.2260587215423584,1.318222999572754,1.0482888221740723,1.212224006652832,1.241170048713684,1.263136625289917,1.2846063375473022,1.3223258256912231,1.2571589946746826,1.3133937120437622,0.9197990298271179,0.9844664335250854,1.2150990962982178,1.1204441785812378,1.2115590572357178,1.171691656112671,1.153051495552063,1.197213888168335,1.1638964414596558,1.097823143005371
pajamas,0.9056326150894165,1.1268832683563232,0.9353193044662476,0.7580966353416443,0.6991531252861023,0.595118522644043,0.8565852642059326,1.0833208560943604,1.0662610530853271,1.155205488204956,0.942379891872406,0.7119640111923218,0.8058682084083557,0.6977147459983826,0.6499946117401123,0.5263875722885132,0.6683721542358398,0.9171916842460632,0.836216926574707,0.8011185526847839,1.002191185951233,0.7900015115737915,0.7697928547859192,1.1185810565948486,0.5521703362464905,0.3039231300354004,0.304412305355072,0.0,0.5438045263290405,0.5743741989135742,1.0899279117584229,0.8886353969573975,0.8471118807792664,0.8157480955123901,0.4565891623497009,0.790765106678009,0.7377397418022156,1.0193495750427246,0.8741500377655029,0.9132875204086304,0.97477126121521,0.9465480446815491,1.0743927955627441,1.0092990398406982,0.9874922633171082,0.5804740190505981,1.052836537361145,1.2146209478378296,1.163483738899231,0.9670628905296326,1.1597094535827637,1.2484512329101562,1.3562265634536743,1.2049700021743774,1.2402377128601074,1.2850620746612549,1.0366932153701782,1.3353638648986816,1.1830437183380127,1.2594910860061646,1.3264684677124023,1.33119797706604,1.2905179262161255,1.353454351425171,1.0172739028930664,1.0714915990829468,1.1737529039382935,1.1390817165374756,1.2179456949234009,1.2280592918395996,1.2209389209747314,1.2712862491607666,1.1288598775863647,1.045049786567688
