,dog,frog,nose,face,hair,arm,hand,finger,toe,lamp,drawer,bench,chair,table,couch,bed,crib,window,door,refrigerator,oven,sink,bathtub,car,jacket,shirt,bib,pajamas,jeans,pants,slipper,shoe,sock,glove,blanket,pillow,towel,napkin,doll,toy,tray,box,book,paper,basket,purse,comb,hat,glasses,scissors,fork,spoon,crayon,pencil,pen,knife,toothbrush,gum,balloon,ball,egg,orange,pumpkin,apple,melon,banana,plant,bread,plate,bowl,bottle,cup,bucket,can
dog,0.0,0.682035505771637,1.0234899520874023,0.7640895843505859,0.8596867918968201,1.0309950113296509,1.033738374710083,1.1371277570724487,1.0757211446762085,1.0494542121887207,1.1368328332901,1.0068272352218628,1.0106093883514404,0.912039577960968,0.921036422252655,0.9416060447692871,0.9160587787628174,1.0807459354400635,0.9800255298614502,1.021971583366394,1.0072743892669678,1.0728801488876343,1.1022616624832153,0.8224914073944092,1.0458766222000122,0.9531956315040588,1.0372297763824463,0.9756850600242615,0.9621785283088684,0.93522047996521,1.0218256711959839,0.9430737495422363,1.1200441122055054,1.0355194807052612,0.9643414616584778,1.027125597000122,1.0779110193252563,1.132684350013733,0.7750269174575806,0.9673961400985718,1.1057676076889038,1.059786081314087,0.977530300617218,1.0647484064102173,1.0745415687561035,1.055962324142456,1.110465168952942,0.98518306016922,0.9980747699737549,1.109057903289795,1.1623022556304932,1.1198856830596924,1.139122724533081,1.1519615650177002,1.1385815143585205,1.154073715209961,1.1567316055297852,1.083961844444275,1.038984775543213,1.025568962097168,1.0288138389587402,1.0468395948410034,1.0076245069503784,1.0182781219482422,1.0015181303024292,1.00973379611969,1.0002638101577759,0.9521855711936951,1.0630334615707397,1.1424968242645264,1.0988000631332397,1.1178194284439087,1.1540274620056152,1.1089866161346436
frog,0.682035505771637,0.0,0.9077663421630859,0.811287522315979,0.9549621343612671,1.1218836307525635,0.986973226070404,0.911706268787384,0.8985517621040344,1.0185986757278442,1.1785809993743896,1.0763187408447266,1.2189359664916992,1.207234263420105,1.0692884922027588,1.1551436185836792,1.1836382150650024,1.1410517692565918,1.0835134983062744,1.2258938550949097,1.1915401220321655,1.1981351375579834,1.1515395641326904,0.807002067565918,1.1428334712982178,1.0309983491897583,1.095310091972351,1.1652355194091797,1.113698959350586,1.1065759658813477,0.9559001922607422,0.9522215127944946,1.0682992935180664,0.8341282606124878,1.1608693599700928,1.044215440750122,1.1291218996047974,1.0928993225097656,0.8364815711975098,0.8698202967643738,1.1341954469680786,1.1184052228927612,1.0126217603683472,1.0794000625610352,1.0264073610305786,1.1665524244308472,1.0708842277526855,0.836068868637085,0.8010013103485107,1.0624964237213135,0.9624342918395996,0.8989560008049011,0.7690896391868591,0.9136544466018677,0.8984494209289551,0.9329713582992554,1.005798578262329,0.7475783824920654,0.9098730683326721,0.8673716187477112,0.8367182016372681,0.7820202112197876,0.774161159992218,0.6822891235351562,0.683079183101654,0.6640572547912598,0.9034863710403442,0.7936815023422241,0.9351956844329834,1.148712158203125,0.934776782989502,1.0446408987045288,1.119126319885254,1.175461769104004
nose,1.0234899520874023,0.9077663421630859,0.0,0.601840078830719,0.6029742956161499,0.888415515422821,0.6711501479148865,0.35934770107269287,0.29356706142425537,1.0017119646072388,1.1802287101745605,1.2379094362258911,1.2667981386184692,1.325963020324707,1.1728688478469849,1.261275053024292,1.289320945739746,0.9589047431945801,1.0638113021850586,1.232054352760315,1.2115041017532349,1.2764383554458618,1.282914161682129,1.0791088342666626,1.1662551164627075,1.026957631111145,1.0625568628311157,1.1042104959487915,1.0788967609405518,0.9911625981330872,0.9425498247146606,0.9287961721420288,0.9631800055503845,1.0538256168365479,1.2626800537109375,1.1151397228240967,1.2290045022964478,1.1113864183425903,1.0633565187454224,1.2313878536224365,1.4319140911102295,1.2588765621185303,1.2439749240875244,1.1823830604553223,1.217171311378479,1.2565172910690308,0.813157856464386,0.7176291942596436,0.4016680121421814,1.1658414602279663,0.9339295625686646,0.9239779114723206,0.7671068906784058,0.8137884736061096,0.8489053845405579,0.8947862386703491,0.9367341995239258,0.8851079940795898,0.895992636680603,0.8336811661720276,0.6955095529556274,0.6895439028739929,0.7965079545974731,0.7532604932785034,1.0006351470947266,0.8289141654968262,1.0764970779418945,0.9121689796447754,1.1286561489105225,1.2425434589385986,1.0572093725204468,1.0108009576797485,1.2068697214126587,1.112356185913086
face,0.7640895843505859,0.811287522315979,0.601840078830719,0.0,0.44190120697021484,0.7786390781402588,0.7821301221847534,0.8569076061248779,0.7799962759017944,1.138665795326233,1.1259870529174805,1.0808712244033813,1.1287587881088257,1.0209065675735474,0.962355375289917,0.9025528430938721,1.0259615182876587,0.9418041110038757,0.9930424094200134,0.9869223833084106,1.0248589515686035,1.0260509252548218,0.950744092464447,0.8578187823295593,0.8215163946151733,0.6019625663757324,0.8077451586723328,0.7926307916641235,0.7551552057266235,0.746151328086853,1.1615993976593018,1.04011869430542,1.0983856916427612,1.1307896375656128,0.9710354208946228,1.1306084394454956,1.225902795791626,1.2579796314239502,0.8317360877990723,1.0105018615722656,1.084215760231018,1.1251195669174194,0.9418283700942993,1.0022649765014648,1.2380019426345825,1.1484757661819458,1.039820671081543,0.7909738421440125,0.6943703889846802,1.067151427268982,1.1687906980514526,1.1946052312850952,1.1742737293243408,1.183623194694519,1.18674898147583,1.1063735485076904,1.091303825378418,1.0269044637680054,1.046950340270996,1.0770480632781982,1.0362058877944946,1.0282630920410156,1.0564824342727661,1.031102180480957,0.901214063167572,1.0157362222671509,1.1438078880310059,1.097659707069397,1.1810803413391113,1.1838302612304688,1.1896024942398071,1.2123976945877075,1.2576181888580322,1.21018385887146
hair,0.8596867918968201,0.9549621343612671,0.6029742956161499,0.44190120697021484,0.0,0.7259320616722107,0.7427040338516235,0.810421884059906,0.7346109747886658,1.1932412385940552,1.0715373754501343,1.050672173500061,1.0758858919143677,1.0093272924423218,0.9333925247192383,0.9548801183700562,1.064239501953125,0.9244338870048523,0.983513593673706,1.023195743560791,1.0443683862686157,1.1008914709091187,1.0569850206375122,0.9215269684791565,0.8060516119003296,0.6608136892318726,0.8385837078094482,0.7963215708732605,0.7151526808738708,0.6764962673187256,1.0501257181167603,0.939615786075592,1.0645902156829834,1.0430331230163574,0.9823313355445862,1.0416228771209717,1.1260056495666504,1.1661186218261719,0.9481528997421265,1.1630007028579712,1.2317878007888794,1.2144391536712646,1.0179741382598877,1.0370644330978394,1.1817424297332764,1.0697360038757324,0.7986224889755249,0.5999228954315186,0.6466341614723206,0.9817529320716858,1.0715937614440918,1.0975656509399414,1.1149554252624512,1.0565663576126099,1.0431336164474487,0.9605287909507751,1.0172145366668701,1.1067748069763184,1.0826842784881592,1.0963350534439087,1.0273998975753784,1.0319353342056274,1.0959590673446655,1.0878721475601196,0.9689925312995911,1.0386381149291992,1.0315666198730469,1.0402542352676392,1.2260278463363647,1.2551865577697754,1.1201244592666626,1.2593930959701538,1.2618794441223145,1.1190640926361084
arm,1.0309950113296509,1.1218836307525635,0.888415515422821,0.7786390781402588,0.7259320616722107,0.0,0.3554418087005615,0.6872331500053406,0.7065721154212952,1.3481760025024414,0.9863396286964417,0.9441059231758118,0.9996495246887207,0.8986720442771912,0.841261625289917,0.6860193014144897,0.9883032441139221,0.987167477607727,0.9857556819915771,0.9506047964096069,0.9754045009613037,0.9417915344238281,0.8360550403594971,1.1042678356170654,0.6304712295532227,0.47066670656204224,0.5698406100273132,0.5073550939559937,0.5202963948249817,0.5386269092559814,1.0788100957870483,0.908753514289856,0.6794212460517883,0.6544442176818848,0.7079722881317139,0.88717120885849,0.9249143004417419,0.9901086091995239,0.9936747550964355,1.1397132873535156,1.0744646787643433,1.1524388790130615,0.8705806136131287,0.8455911874771118,1.2632670402526855,0.9883639216423035,0.974552571773529,1.1735173463821411,0.961184561252594,0.8392519354820251,1.2143839597702026,1.1643314361572266,1.1921919584274292,1.1124991178512573,1.1649028062820435,0.8991707563400269,0.8981955647468567,1.151427984237671,1.2632790803909302,1.310567855834961,1.2911930084228516,1.2451013326644897,1.2913060188293457,1.2937030792236328,0.987013041973114,1.0851538181304932,1.2389037609100342,1.0986918210983276,1.358343482017517,1.2852904796600342,1.206179141998291,1.3230078220367432,1.3278687000274658,1.135684609413147
hand,1.033738374710083,0.986973226070404,0.6711501479148865,0.7821301221847534,0.7427040338516235,0.3554418087005615,0.0,0.33213484287261963,0.45935702323913574,1.2894623279571533,1.045634150505066,1.0948289632797241,1.1472141742706299,1.0640771389007568,1.0540390014648438,0.9980498552322388,1.1553544998168945,1.0675081014633179,1.0879322290420532,1.1685311794281006,1.0846887826919556,1.022915244102478,1.000112533569336,1.0782649517059326,0.9430820941925049,0.7714595198631287,0.7905900478363037,0.7913793325424194,0.7913124561309814,0.8212677836418152,0.9403801560401917,0.8330939412117004,0.6787693500518799,0.5333683490753174,0.9832501411437988,1.0650807619094849,1.0611902475357056,1.0422502756118774,0.9511363506317139,1.0242900848388672,1.0411378145217896,1.1648555994033813,0.9158391356468201,0.9089632034301758,1.2362843751907349,1.0307629108428955,0.8545181155204773,1.0573023557662964,0.813360869884491,0.8244365453720093,1.077375888824463,1.05109441280365,1.0540105104446411,0.9903439879417419,1.0572365522384644,0.847981333732605,0.836621880531311,0.8560320138931274,1.170844316482544,1.1672765016555786,1.164891004562378,1.0590730905532837,1.1192054748535156,1.1010466814041138,0.901611864566803,0.9322617053985596,1.1929389238357544,1.0269733667373657,1.2107751369476318,1.1692323684692383,1.1463239192962646,1.1805152893066406,1.254544973373413,1.219943642616272
finger,1.1371277570724487,0.911706268787384,0.35934770107269287,0.8569076061248779,0.810421884059906,0.6872331500053406,0.33213484287261963,0.0,0.10249221324920654,1.0894984006881714,1.1882505416870117,1.1954541206359863,1.2687504291534424,1.362969160079956,1.1991852521896362,1.2924619913101196,1.3458046913146973,1.0968718528747559,1.1374866962432861,1.313920259475708,1.2664555311203003,1.3001631498336792,1.2807316780090332,1.0902067422866821,1.1437948942184448,1.0780445337295532,1.1694246530532837,1.1478673219680786,1.035286545753479,1.0202374458312988,0.7720040082931519,0.8405753374099731,0.7052232623100281,0.7317069172859192,1.2962532043457031,1.1145457029342651,1.2510405778884888,1.1010692119598389,1.1255804300308228,1.22226083278656,1.3547887802124023,1.3049838542938232,1.2071750164031982,1.0990663766860962,1.2197165489196777,1.243635892868042,0.7443881034851074,0.8832420110702515,0.618019163608551,1.0766960382461548,0.8005642890930176,0.8303520083427429,0.5969043970108032,0.6556124687194824,0.718406081199646,0.698440432548523,0.769584059715271,0.7364460825920105,0.9166680574417114,0.8395917415618896,0.6942481994628906,0.6899052858352661,0.7455712556838989,0.7324472665786743,0.9848952293395996,0.7455369234085083,1.081815242767334,0.8135461211204529,1.0929336547851562,1.262779951095581,0.9699522256851196,0.9943102598190308,1.1831786632537842,1.0892200469970703
toe,1.0757211446762085,0.8985517621040344,0.29356706142425537,0.7799962759017944,0.7346109747886658,0.7065721154212952,0.45935702323913574,0.10249221324920654,0.0,1.0838778018951416,1.2346278429031372,1.216029405593872,1.2635929584503174,1.4020397663116455,1.173285961151123,1.2783899307250977,1.3481234312057495,1.1385586261749268,1.1544238328933716,1.3400442600250244,1.2813515663146973,1.3361494541168213,1.3080790042877197,1.1248183250427246,1.1471326351165771,1.063714861869812,1.1223909854888916,1.112922191619873,0.9897260665893555,0.938413143157959,0.5858060717582703,0.6484537720680237,0.6521813869476318,0.7389148473739624,1.2929645776748657,1.0707740783691406,1.2070153951644897,1.0886495113372803,1.0951988697052002,1.2741062641143799,1.4154510498046875,1.3281067609786987,1.2441948652267456,1.1838746070861816,1.2249252796173096,1.2226121425628662,0.8116159439086914,0.800783634185791,0.6215410232543945,1.1770527362823486,0.8270063400268555,0.8832208514213562,0.6778420805931091,0.7559200525283813,0.8008577823638916,0.8010470867156982,0.892123818397522,0.8486720323562622,0.9303255081176758,0.8522074222564697,0.6592395901679993,0.7001073360443115,0.7243764400482178,0.7572287321090698,1.038702130317688,0.7610913515090942,1.0860844850540161,0.8236368894577026,1.139983892440796,1.3017890453338623,0.9801262021064758,1.0131146907806396,1.1894932985305786,1.1039189100265503
lamp,1.0494542121887207,1.0185986757278442,1.0017119646072388,1.138665795326233,1.1932412385940552,1.3481760025024414,1.2894623279571533,1.0894984006881714,1.0838778018951416,0.0,0.9414086937904358,1.1588587760925293,0.9122424125671387,1.0255446434020996,1.1196037530899048,1.2626760005950928,0.930045485496521,0.7889841794967651,0.8581977486610413,0.9573343396186829,0.9825177788734436,1.1157437562942505,1.1863678693771362,0.9394049048423767,1.2105392217636108,1.249631404876709,1.3095149993896484,1.30379056930542,1.3513739109039307,1.334045171737671,1.0413339138031006,1.1848680973052979,1.2075785398483276,1.1502795219421387,1.2924574613571167,1.0637751817703247,1.1121939420700073,0.9939644932746887,1.0650861263275146,0.9551822543144226,1.0713180303573608,0.9267227053642273,1.1240936517715454,1.0692747831344604,0.8837398886680603,1.0096098184585571,0.9931515455245972,0.9369778633117676,0.9637190103530884,0.9639607071876526,0.6616829037666321,0.7657942771911621,0.8280816078186035,0.7533106803894043,0.6785041689872742,0.9972425103187561,1.0202891826629639,1.0150578022003174,0.850513219833374,0.8078183531761169,0.831510603427887,0.9747359752655029,0.9236783981323242,0.8945703506469727,1.2354981899261475,1.1341218948364258,0.6840855479240417,1.156069040298462,0.7992066740989685,0.9386693835258484,0.8472673892974854,0.7808012962341309,0.8062896728515625,0.7735512256622314
drawer,1.1368328332901,1.1785809993743896,1.1802287101745605,1.1259870529174805,1.0715373754501343,0.9863396286964417,1.045634150505066,1.1882505416870117,1.2346278429031372,0.9414086937904358,0.0,0.5965545773506165,0.6662295460700989,0.6086369752883911,0.7370097637176514,0.7807064652442932,0.670018196105957,0.8173254728317261,0.5517477989196777,0.5778363943099976,0.4175170660018921,0.7150682210922241,0.7266871333122253,1.0101147890090942,0.9793378710746765,1.0304584503173828,0.963866651058197,0.9699721336364746,0.9150959253311157,0.9627928733825684,1.0946537256240845,1.004737377166748,1.1744656562805176,1.1333329677581787,0.8909159898757935,0.8684479594230652,0.8947520852088928,0.9252687096595764,1.0918163061141968,1.008682370185852,0.644474446773529,0.42794668674468994,0.8786662817001343,0.7405841946601868,0.7813073396682739,0.7578034996986389,0.9534278512001038,1.2330527305603027,1.0907162427902222,0.8544383645057678,0.9742287397384644,1.029043436050415,1.1624586582183838,1.0157583951950073,0.9958375096321106,0.8696728944778442,1.0666576623916626,1.1249958276748657,1.3101613521575928,1.311988115310669,1.3297468423843384,1.3229905366897583,1.3176443576812744,1.294330358505249,1.2415770292282104,1.3075659275054932,1.039569616317749,1.2354826927185059,1.0848556756973267,0.9666972160339355,1.1050182580947876,1.1005165576934814,0.8770529627799988,0.786584198474884
bench,1.0068272352218628,1.0763187408447266,1.2379094362258911,1.0808712244033813,1.050672173500061,0.9441059231758118,1.0948289632797241,1.1954541206359863,1.216029405593872,1.1588587760925293,0.5965545773506165,0.0,0.30992650985717773,0.5085511207580566,0.24671679735183716,0.40247488021850586,0.6281389594078064,0.9341395497322083,0.8254703283309937,0.8762978911399841,0.7872178554534912,0.8688696026802063,0.8648524284362793,1.0025595426559448,0.8797829151153564,0.9072788953781128,0.9511429071426392,0.8730423450469971,0.6505337953567505,0.7594494223594666,1.0793325901031494,1.031268835067749,1.018262505531311,1.057274580001831,0.5286209583282471,0.4365307092666626,0.6504747867584229,0.7941536903381348,1.1061687469482422,0.9988774657249451,0.8487485647201538,0.6593887209892273,0.9738072752952576,0.8727974891662598,0.8272323608398438,0.7542062997817993,1.0670475959777832,1.1234642267227173,1.138331651687622,1.0554876327514648,1.188661813735962,1.1474733352661133,1.0862493515014648,1.0957648754119873,1.1029584407806396,0.9264500141143799,1.1076664924621582,1.1140050888061523,1.1441621780395508,1.217968225479126,1.2664203643798828,1.227817416191101,1.1943672895431519,1.2604142427444458,1.0608667135238647,1.1677075624465942,1.0972448587417603,1.0659308433532715,1.1691948175430298,1.0279375314712524,1.0920884609222412,1.1675186157226562,0.9422763586044312,0.8704323172569275
chair,1.0106093883514404,1.2189359664916992,1.2667981386184692,1.1287587881088257,1.0758858919143677,0.9996495246887207,1.1472141742706299,1.2687504291534424,1.2635929584503174,0.9122424125671387,0.6662295460700989,0.30992650985717773,0.0,0.31625092029571533,0.2877289056777954,0.5487972497940063,0.5160735845565796,0.8382912278175354,0.6724778413772583,0.6706966161727905,0.7014750242233276,0.8393107652664185,0.9101401567459106,1.0544110536575317,0.9297512769699097,0.9232950210571289,1.0129042863845825,0.8800137639045715,0.7439672946929932,0.7902835011482239,1.1039808988571167,1.0832793712615967,1.1176408529281616,1.179244875907898,0.673026442527771,0.5297057032585144,0.7206835150718689,0.8581293225288391,1.0834754705429077,1.0044952630996704,0.8758394122123718,0.7069750428199768,0.9811835289001465,0.9067271947860718,0.8549453616142273,0.7451373338699341,1.117171287536621,1.1452138423919678,1.256637692451477,1.0689445734024048,1.1583287715911865,1.156935453414917,1.2921583652496338,1.2197171449661255,1.2140051126480103,1.0792028903961182,1.2499077320098877,1.3322778940200806,1.2490501403808594,1.3070625066757202,1.3233286142349243,1.320708990097046,1.264573574066162,1.3352223634719849,1.245971441268921,1.299522042274475,0.9392324686050415,1.2327505350112915,1.1791539192199707,1.018545150756836,1.1021403074264526,1.0559386014938354,0.8693369030952454,0.7696789503097534
table,0.912039577960968,1.207234263420105,1.325963020324707,1.0209065675735474,1.0093272924423218,0.8986720442771912,1.0640771389007568,1.362969160079956,1.4020397663116455,1.0255446434020996,0.6086369752883911,0.5085511207580566,0.31625092029571533,0.0,0.5367883443832397,0.5402591228485107,0.485307514667511,0.7935512065887451,0.6706255078315735,0.5670819282531738,0.6708895564079285,0.6751095652580261,0.6600147485733032,1.0498433113098145,0.8108804225921631,0.7805501222610474,0.8882722854614258,0.7630826234817505,0.6963125467300415,0.7781660556793213,1.3089466094970703,1.1715104579925537,1.2066701650619507,1.2575056552886963,0.679814875125885,0.8919628858566284,0.9488517045974731,1.0837836265563965,0.9615843892097473,0.9094059467315674,0.6234742403030396,0.6668342351913452,0.7937224507331848,0.8081856966018677,0.9450982213020325,0.9470866918563843,1.2196640968322754,1.2657160758972168,1.2127056121826172,0.9771840572357178,1.2833868265151978,1.2585713863372803,1.3819901943206787,1.2992324829101562,1.314019799232483,1.1423444747924805,1.1925528049468994,1.346055507659912,1.2968688011169434,1.3512945175170898,1.4213106632232666,1.3938095569610596,1.389608383178711,1.3717679977416992,1.1796859502792358,1.3651310205459595,1.0128145217895508,1.2643088102340698,1.1042338609695435,0.9568350315093994,1.2064120769500732,1.1681851148605347,0.9974187016487122,0.9281103014945984
couch,0.921036422252655,1.0692884922027588,1.1728688478469849,0.962355375289917,0.9333925247192383,0.841261625289917,1.0540390014648438,1.1991852521896362,1.173285961151123,1.1196037530899048,0.7370097637176514,0.24671679735183716,0.2877289056777954,0.5367883443832397,0.0,0.2942456007003784,0.6286680698394775,0.8422657251358032,0.7553620338439941,0.7414774894714355,0.7353976964950562,0.9137728214263916,0.8838499784469604,0.9918845891952515,0.7816577553749084,0.7365659475326538,0.8386542797088623,0.6736598014831543,0.5954228043556213,0.6489378809928894,1.1106796264648438,1.078108310699463,1.0537867546081543,1.0594727993011475,0.44876694679260254,0.2885655164718628,0.6311216354370117,0.8565285205841064,1.0033836364746094,1.0548713207244873,0.9717476963996887,0.8442001342773438,0.9173564910888672,0.9278348684310913,0.9123970866203308,0.7956264019012451,1.1621531248092651,1.0581721067428589,1.1262915134429932,1.119611144065857,1.2530694007873535,1.2418100833892822,1.2251453399658203,1.2237952947616577,1.22366201877594,1.1069700717926025,1.1988871097564697,1.2585408687591553,1.1918795108795166,1.2507946491241455,1.2848153114318848,1.263546109199524,1.2150969505310059,1.3054436445236206,1.1414554119110107,1.2057510614395142,0.991809606552124,1.1640304327011108,1.282597541809082,1.1396454572677612,1.1725168228149414,1.2233837842941284,1.0426596403121948,0.9550986289978027
bed,0.9416060447692871,1.1551436185836792,1.261275053024292,0.9025528430938721,0.9548801183700562,0.6860193014144897,0.9980498552322388,1.2924619913101196,1.2783899307250977,1.2626760005950928,0.7807064652442932,0.40247488021850586,0.5487972497940063,0.5402591228485107,0.2942456007003784,0.0,0.5009778738021851,0.8129920959472656,0.7794129252433777,0.7321376204490662,0.7836002707481384,0.7269874811172485,0.5988107323646545,1.0049824714660645,0.6186563968658447,0.5914336442947388,0.5783021450042725,0.45200395584106445,0.5304557681083679,0.6168352961540222,1.223239779472351,1.1260287761688232,0.9729567766189575,1.0197484493255615,0.11568760871887207,0.36330246925354004,0.5166727900505066,0.7891659140586853,0.9179167151451111,1.0228623151779175,0.8009101748466492,0.844613790512085,0.7636978626251221,0.8096517324447632,0.9889950752258301,0.8464798331260681,1.2680375576019287,1.1379576921463013,1.1688423156738281,1.0395941734313965,1.392117977142334,1.3516076803207397,1.3844993114471436,1.3587931394577026,1.373949646949768,1.2007614374160767,1.1886166334152222,1.24875009059906,1.2040261030197144,1.2856512069702148,1.3715507984161377,1.369236707687378,1.335584044456482,1.4001256227493286,1.0603996515274048,1.3349400758743286,1.1547904014587402,1.244307518005371,1.2958321571350098,1.1049022674560547,1.2790416479110718,1.3424761295318604,1.157846212387085,1.1174054145812988
crib,0.9160587787628174,1.1836382150650024,1.289320945739746,1.0259615182876587,1.064239501953125,0.9883032441139221,1.1553544998168945,1.3458046913146973,1.3481234312057495,0.930045485496521,0.670018196105957,0.6281389594078064,0.5160735845565796,0.485307514667511,0.6286680698394775,0.5009778738021851,0.0,0.7055964469909668,0.7519450187683105,0.5962953567504883,0.652873158454895,0.7790840864181519,0.674761176109314,0.9609271287918091,0.8704196214675903,0.889505922794342,0.850728452205658,0.8056707382202148,0.8860443234443665,0.9568058252334595,1.1529361009597778,1.1292402744293213,1.1354879140853882,1.1689156293869019,0.6126435399055481,0.8538239598274231,0.8384077548980713,1.045225977897644,0.8813987374305725,0.8847939968109131,0.6541774868965149,0.6561201810836792,0.7845703363418579,0.931302547454834,0.6622679233551025,0.905714213848114,1.0516517162322998,1.1719417572021484,1.216532588005066,0.9759547114372253,1.160961627960205,1.2694697380065918,1.3229132890701294,1.233013391494751,1.2215642929077148,1.133730173110962,1.1971434354782104,1.3093641996383667,1.2808680534362793,1.3038088083267212,1.333972692489624,1.3621439933776855,1.3181768655776978,1.3482263088226318,1.249435544013977,1.3313859701156616,0.9407656788825989,1.2400707006454468,1.190423607826233,1.0116137266159058,1.2236478328704834,1.1799883842468262,0.9744746685028076,1.0058090686798096
window,1.0807459354400635,1.1410517692565918,0.9589047431945801,0.9418041110038757,0.9244338870048523,0.987167477607727,1.0675081014633179,1.0968718528747559,1.1385586261749268,0.7889841794967651,0.8173254728317261,0.9341395497322083,0.8382912278175354,0.7935512065887451,0.8422657251358032,0.8129920959472656,0.7055964469909668,0.0,0.5630778670310974,0.6583330631256104,0.7773483395576477,0.9241126775741577,0.9010559916496277,0.9817420244216919,0.9391260147094727,0.9511504173278809,1.0191529989242554,0.9124626517295837,0.9736368656158447,0.9682314991950989,1.2148889303207397,1.1898282766342163,1.0789366960525513,1.1654319763183594,0.8644304275512695,0.9154704213142395,0.8982619643211365,0.9302524328231812,1.0706541538238525,1.1165053844451904,1.0698704719543457,1.0048943758010864,1.0206538438796997,0.9122015237808228,0.976331889629364,1.1561017036437988,0.8589128255844116,1.0580147504806519,0.9005189538002014,1.0262356996536255,1.026310682296753,1.080244779586792,1.0961112976074219,1.0101929903030396,1.0105161666870117,1.0084913969039917,1.0667698383331299,1.1560628414154053,1.137244462966919,1.1843554973602295,1.178977370262146,1.1861234903335571,1.2421551942825317,1.1852246522903442,1.134175419807434,1.2162340879440308,0.807831346988678,1.1907422542572021,1.0822515487670898,1.0775072574615479,1.1584336757659912,1.0905629396438599,1.0490376949310303,0.884458065032959
door,0.9800255298614502,1.0835134983062744,1.0638113021850586,0.9930424094200134,0.983513593673706,0.9857556819915771,1.0879322290420532,1.1374866962432861,1.1544238328933716,0.8581977486610413,0.5517477989196777,0.8254703283309937,0.6724778413772583,0.6706255078315735,0.7553620338439941,0.7794129252433777,0.7519450187683105,0.5630778670310974,0.0,0.3677929639816284,0.6052379012107849,0.8133163452148438,0.8911764025688171,1.0064456462860107,1.0280238389968872,0.9814233183860779,1.061732530593872,0.9199339747428894,0.9182302951812744,0.8326221704483032,1.2493542432785034,1.1543272733688354,1.2318106889724731,1.2509632110595703,0.9272871017456055,0.8686901926994324,0.9561295509338379,1.0317060947418213,1.0869410037994385,1.1295408010482788,0.9993467926979065,0.8112828731536865,1.0677319765090942,0.8920315504074097,1.0145241022109985,0.9795598983764648,1.1087751388549805,1.1716920137405396,1.0983235836029053,1.0367610454559326,1.091267466545105,1.1024898290634155,1.187098741531372,1.0851835012435913,1.07948637008667,1.0247653722763062,1.143033742904663,1.2036067247390747,1.174028754234314,1.1969269514083862,1.1859941482543945,1.1982696056365967,1.1991066932678223,1.1752163171768188,1.2257593870162964,1.2514938116073608,0.9058705568313599,1.2437074184417725,1.1229671239852905,1.14574134349823,1.0287033319473267,1.1471604108810425,1.019921898841858,0.7215861082077026
refrigerator,1.021971583366394,1.2258938550949097,1.232054352760315,0.9869223833084106,1.023195743560791,0.9506047964096069,1.1685311794281006,1.313920259475708,1.3400442600250244,0.9573343396186829,0.5778363943099976,0.8762978911399841,0.6706966161727905,0.5670819282531738,0.7414774894714355,0.7321376204490662,0.5962953567504883,0.6583330631256104,0.3677929639816284,0.0,0.29482340812683105,0.6137298941612244,0.6556192636489868,0.9754063487052917,0.8565638065338135,0.8669991493225098,0.9817783236503601,0.845449686050415,0.9056352376937866,0.8680481910705566,1.3451149463653564,1.3089081048965454,1.2303106784820557,1.243114709854126,0.8388334512710571,0.9292016625404358,0.9701327085494995,1.051521897315979,1.0510424375534058,1.1027960777282715,0.7525402903556824,0.7722997665405273,0.9186326861381531,0.8264293670654297,0.9773635268211365,0.9947308897972107,1.1608198881149292,1.2157267332077026,1.2167764902114868,1.0597467422485352,1.1605063676834106,1.2009575366973877,1.2946580648422241,1.2195851802825928,1.210330605506897,1.1224071979522705,1.1443160772323608,1.3196381330490112,1.2679481506347656,1.323037028312683,1.3191099166870117,1.3217309713363647,1.3260421752929688,1.2808830738067627,1.2282772064208984,1.2999706268310547,0.8787788152694702,1.2677079439163208,1.1214463710784912,1.0065404176712036,0.9980587363243103,1.0482311248779297,0.8596986532211304,0.590815544128418
oven,1.0072743892669678,1.1915401220321655,1.2115041017532349,1.0248589515686035,1.0443683862686157,0.9754045009613037,1.0846887826919556,1.2664555311203003,1.2813515663146973,0.9825177788734436,0.4175170660018921,0.7872178554534912,0.7014750242233276,0.6708895564079285,0.7353976964950562,0.7836002707481384,0.652873158454895,0.7773483395576477,0.6052379012107849,0.29482340812683105,0.0,0.6227797865867615,0.741167426109314,0.9266455173492432,0.9030037522315979,0.9200896620750427,0.9313062429428101,0.869637131690979,0.886814296245575,0.8703413605690002,1.1906458139419556,1.1174427270889282,1.1675235033035278,1.089724063873291,0.8326581716537476,0.8927949070930481,0.8719826936721802,0.971632719039917,0.9916868805885315,1.042813777923584,0.6547473669052124,0.666372537612915,0.9011847376823425,0.8407449126243591,0.8667652606964111,0.84170001745224,1.0960774421691895,1.1856862306594849,1.1491069793701172,0.9816311001777649,1.0561225414276123,1.13517427444458,1.2949146032333374,1.2094266414642334,1.194186806678772,1.0097901821136475,1.1742198467254639,1.2567064762115479,1.3053154945373535,1.3381987810134888,1.3385602235794067,1.3073902130126953,1.2828640937805176,1.3010587692260742,1.2200448513031006,1.2540490627288818,0.9895573854446411,1.112789273262024,1.032503366470337,0.9328417181968689,1.135941505432129,1.0561009645462036,0.8815205693244934,0.7027446031570435
sink,1.0728801488876343,1.1981351375579834,1.2764383554458618,1.0260509252548218,1.1008914709091187,0.9417915344238281,1.022915244102478,1.3001631498336792,1.3361494541168213,1.1157437562942505,0.7150682210922241,0.8688696026802063,0.8393107652664185,0.6751095652580261,0.9137728214263916,0.7269874811172485,0.7790840864181519,0.9241126775741577,0.8133163452148438,0.6137298941612244,0.6227797865867615,0.0,0.20754343271255493,1.1163005828857422,0.974189043045044,0.89947509765625,0.8597300052642822,0.8755966424942017,0.9475510120391846,0.9753782749176025,1.260305404663086,1.1646288633346558,1.0999581813812256,1.1548538208007812,0.7746228575706482,1.0179786682128906,0.9511139988899231,1.0219966173171997,1.0406540632247925,0.925275444984436,0.4194915294647217,0.8345530033111572,0.9074482917785645,0.866958498954773,1.0579583644866943,1.0549830198287964,1.2146098613739014,1.2852085828781128,1.21709406375885,0.9358247518539429,1.1950151920318604,1.021116852760315,1.3985791206359863,1.3072153329849243,1.3092761039733887,1.1449908018112183,1.0286283493041992,1.1416151523590088,1.1317428350448608,1.259073257446289,1.278151035308838,1.2581968307495117,1.3273532390594482,1.2906122207641602,1.0359070301055908,1.3119282722473145,1.154424786567688,1.2259374856948853,0.845851480960846,0.47395646572113037,1.0856741666793823,0.8527094721794128,0.7190497517585754,0.841970682144165
bathtub,1.1022616624832153,1.1515395641326904,1.282914161682129,0.950744092464447,1.0569850206375122,0.8360550403594971,1.000112533569336,1.2807316780090332,1.3080790042877197,1.1863678693771362,0.7266871333122253,0.8648524284362793,0.9101401567459106,0.6600147485733032,0.8838499784469604,0.5988107323646545,0.674761176109314,0.9010559916496277,0.8911764025688171,0.6556192636489868,0.741167426109314,0.20754343271255493,0.0,1.038710594177246,0.7855116128921509,0.7570892572402954,0.6894676089286804,0.732367992401123,0.8351410031318665,0.9309729337692261,1.236160397529602,1.1841565370559692,1.0850356817245483,1.1151182651519775,0.6797850131988525,1.0273710489273071,0.9552649259567261,1.0774401426315308,0.874834418296814,0.8183030486106873,0.4001321792602539,0.8170652985572815,0.7446699142456055,0.8692017793655396,0.9866164326667786,1.0714932680130005,1.255752444267273,1.203912615776062,1.1523191928863525,0.9261966943740845,1.2678498029708862,1.1438202857971191,1.3384547233581543,1.3030847311019897,1.317786693572998,1.1765074729919434,1.0098193883895874,1.1311722993850708,1.1432489156723022,1.2108008861541748,1.271570086479187,1.2762682437896729,1.295135259628296,1.2856587171554565,0.9673557877540588,1.3077596426010132,1.2022489309310913,1.2301863431930542,0.9718698263168335,0.6411703824996948,1.192221760749817,1.0600241422653198,0.8676826357841492,1.0535134077072144
car,0.8224914073944092,0.807002067565918,1.0791088342666626,0.8578187823295593,0.9215269684791565,1.1042678356170654,1.0782649517059326,1.0902067422866821,1.1248183250427246,0.9394049048423767,1.0101147890090942,1.0025595426559448,1.0544110536575317,1.0498433113098145,0.9918845891952515,1.0049824714660645,0.9609271287918091,0.9817420244216919,1.0064456462860107,0.9754063487052917,0.9266455173492432,1.1163005828857422,1.038710594177246,0.0,0.9446569085121155,0.9677538871765137,1.0502671003341675,1.03673255443573,0.9865726232528687,1.0286829471588135,1.0473755598068237,1.0812381505966187,1.1946507692337036,1.0376116037368774,1.0379523038864136,1.084738850593567,1.1399400234222412,1.1120764017105103,0.8435248732566833,0.7318788766860962,0.9544750452041626,1.0057027339935303,0.8921336531639099,1.0118207931518555,1.0268491506576538,1.003752589225769,1.014424204826355,0.9866946935653687,0.9151384234428406,0.896635115146637,0.9493938088417053,0.9119704961776733,0.9566603302955627,0.9577231407165527,0.9156807661056519,0.9402859210968018,1.0744006633758545,1.007089376449585,1.03273344039917,0.9687400460243225,1.0020722150802612,1.0222890377044678,0.9846876263618469,0.966892659664154,1.0247159004211426,0.9996130466461182,0.9178000092506409,1.0384601354599,0.9539592266082764,1.1188631057739258,1.0289276838302612,1.1190581321716309,1.103217363357544,1.0628505945205688
jacket,1.0458766222000122,1.1428334712982178,1.1662551164627075,0.8215163946151733,0.8060516119003296,0.6304712295532227,0.9430820941925049,1.1437948942184448,1.1471326351165771,1.2105392217636108,0.9793378710746765,0.8797829151153564,0.9297512769699097,0.8108804225921631,0.7816577553749084,0.6186563968658447,0.8704196214675903,0.9391260147094727,1.0280238389968872,0.8565638065338135,0.9030037522315979,0.974189043045044,0.7855116128921509,0.9446569085121155,0.0,0.22720730304718018,0.4353145956993103,0.3730030059814453,0.3178926706314087,0.403369665145874,1.123258113861084,1.0171871185302734,0.9823833107948303,0.8740538954734802,0.5072677135467529,0.850310742855072,0.7354809045791626,0.8836796283721924,0.9725228548049927,1.1256911754608154,0.9441784620285034,1.088407278060913,0.8223782777786255,0.8941229581832886,1.0850789546966553,0.7471779584884644,1.14768648147583,0.942278265953064,1.0267399549484253,0.9708482027053833,1.2531986236572266,1.254672884941101,1.2429672479629517,1.2175956964492798,1.208064079284668,1.0993356704711914,1.0926226377487183,1.198700189590454,1.2081241607666016,1.2831904888153076,1.29538893699646,1.2835389375686646,1.255812168121338,1.3291945457458496,1.10625159740448,1.2567682266235352,1.2004860639572144,1.2045369148254395,1.2774813175201416,1.2203688621520996,1.1792283058166504,1.3130627870559692,1.1835240125656128,1.0619544982910156
shirt,0.9531956315040588,1.0309983491897583,1.026957631111145,0.6019625663757324,0.6608136892318726,0.47066670656204224,0.7714595198631287,1.0780445337295532,1.063714861869812,1.249631404876709,1.0304584503173828,0.9072788953781128,0.9232950210571289,0.7805501222610474,0.7365659475326538,0.5914336442947388,0.889505922794342,0.9511504173278809,0.9814233183860779,0.8669991493225098,0.9200896620750427,0.89947509765625,0.7570892572402954,0.9677538871765137,0.22720730304718018,0.0,0.2979685664176941,0.2596176862716675,0.3564110994338989,0.3640073537826538,1.2190818786621094,1.0665181875228882,0.9915122389793396,0.9294224977493286,0.5337364673614502,0.8591538667678833,0.8218694925308228,0.9862900376319885,0.8798829317092896,1.0654690265655518,0.9370046854019165,1.109358549118042,0.764009416103363,0.8924475908279419,1.1826916933059692,0.8527141213417053,1.1648449897766113,0.9784008264541626,1.004563331604004,1.0139317512512207,1.3507413864135742,1.332085371017456,1.3402199745178223,1.3162280321121216,1.3271571397781372,1.1652369499206543,1.1295571327209473,1.199187159538269,1.20270836353302,1.2893223762512207,1.2979986667633057,1.2611496448516846,1.2729787826538086,1.2950897216796875,1.0150922536849976,1.2101192474365234,1.21920907497406,1.236687183380127,1.2914581298828125,1.189716100692749,1.2174824476242065,1.3300929069519043,1.241119384765625,1.1413415670394897
bib,1.0372297763824463,1.095310091972351,1.0625568628311157,0.8077451586723328,0.8385837078094482,0.5698406100273132,0.7905900478363037,1.1694246530532837,1.1223909854888916,1.3095149993896484,0.963866651058197,0.9511429071426392,1.0129042863845825,0.8882722854614258,0.8386542797088623,0.5783021450042725,0.850728452205658,1.0191529989242554,1.061732530593872,0.9817783236503601,0.9313062429428101,0.8597300052642822,0.6894676089286804,1.0502671003341675,0.4353145956993103,0.2979685664176941,0.0,0.30468809604644775,0.5589271783828735,0.5624486207962036,1.1351133584976196,0.9674837589263916,0.8569377064704895,0.789393961429596,0.4432504177093506,0.829062283039093,0.6014275550842285,0.7771071195602417,0.752411961555481,0.9262776970863342,0.7799525260925293,1.0167770385742188,0.6263561844825745,0.7961750626564026,1.0359063148498535,0.723929762840271,1.1602380275726318,0.9754959344863892,1.082627296447754,0.9086205363273621,1.3516557216644287,1.342226505279541,1.3913509845733643,1.3986021280288696,1.399118185043335,1.2369530200958252,1.1012872457504272,1.1134135723114014,1.2090085744857788,1.2696049213409424,1.3178112506866455,1.2559549808502197,1.2651091814041138,1.3424502611160278,0.959818959236145,1.168034553527832,1.2582648992538452,1.227403163909912,1.216626763343811,1.0798015594482422,1.2082921266555786,1.2975202798843384,1.1791396141052246,1.2483594417572021
pajamas,0.9756850600242615,1.1652355194091797,1.1042104959487915,0.7926307916641235,0.7963215708732605,0.5073550939559937,0.7913793325424194,1.1478673219680786,1.112922191619873,1.30379056930542,0.9699721336364746,0.8730423450469971,0.8800137639045715,0.7630826234817505,0.6736598014831543,0.45200395584106445,0.8056707382202148,0.9124626517295837,0.9199339747428894,0.845449686050415,0.869637131690979,0.8755966424942017,0.732367992401123,1.03673255443573,0.3730030059814453,0.2596176862716675,0.30468809604644775,0.0,0.38964033126831055,0.33139026165008545,1.1315468549728394,0.9882268309593201,0.8851057887077332,0.8989782929420471,0.37471240758895874,0.7660574913024902,0.6601154804229736,0.9563780426979065,0.8282865285873413,1.0163819789886475,0.937039315700531,1.0722038745880127,0.7819077968597412,0.9716912508010864,1.0840266942977905,0.8429179191589355,1.1938838958740234,1.0510704517364502,1.1294355392456055,1.0226770639419556,1.4102795124053955,1.4156224727630615,1.4317679405212402,1.3896710872650146,1.4065639972686768,1.23451828956604,1.178593635559082,1.2573305368423462,1.2466965913772583,1.2924860715866089,1.3792145252227783,1.3259297609329224,1.3278584480285645,1.349657416343689,1.0438604354858398,1.2528849840164185,1.1973750591278076,1.2913362979888916,1.376124382019043,1.1718119382858276,1.2535700798034668,1.3170002698898315,1.2143667936325073,1.1556892395019531
