,frog,nose,face,hair,arm,hand,finger,toe,lamp,drawer,chair,table,couch,bed,crib,window,door,refrigerator,oven,sink,bathtub,shirt,bib,pajamas,pants,slipper,shoe,sock,glove,blanket,pillow,towel,napkin,doll,toy,tray,box,book,paper,basket,purse,comb,hat,glasses,scissors,fork,spoon,crayon,pencil,pen,knife,toothbrush,gum,balloon,ball,egg,orange,apple,banana,plant,bread,plate,bowl,bottle,cup,bucket,can
frog,0.0,0.8428391218185425,0.8064394593238831,1.0972869396209717,1.1879557371139526,0.9726942777633667,0.8770076036453247,0.8969696760177612,1.1460634469985962,1.0699307918548584,1.3366849422454834,1.28513765335083,1.232635498046875,1.2687106132507324,1.2678327560424805,1.192948341369629,1.2243660688400269,1.3456658124923706,1.276437759399414,1.2914206981658936,1.3019042015075684,1.1747909784317017,1.167998194694519,1.2215183973312378,1.2089953422546387,0.881251871585846,1.0156348943710327,1.0835442543029785,0.8334152698516846,1.2729560136795044,1.203978419303894,1.1891335248947144,1.130679965019226,0.8833513259887695,0.8921588659286499,1.17824387550354,1.232358455657959,1.0770410299301147,1.1894503831863403,1.2050291299819946,1.1175847053527832,1.2056561708450317,0.9187111258506775,0.8205878734588623,1.015705943107605,1.024437665939331,0.9755250215530396,0.7626715898513794,0.9482661485671997,0.9343135356903076,0.9670060276985168,0.9893543720245361,0.7409641146659851,0.9263788461685181,0.8452472686767578,0.7253432869911194,0.6444404125213623,0.5221127867698669,0.5362361669540405,0.845228910446167,0.7183955907821655,0.9655399918556213,1.0952969789505005,0.9060222506523132,1.084779977798462,1.206495761871338,1.2829773426055908
nose,0.8428391218185425,0.0,0.42594170570373535,0.733222246170044,1.0741702318191528,0.6774159073829651,0.4084275960922241,0.428428053855896,1.1208343505859375,1.0332492589950562,1.2917649745941162,1.3521296977996826,1.2580640316009521,1.3076026439666748,1.3365199565887451,1.0936659574508667,1.1246256828308105,1.2724534273147583,1.2809523344039917,1.3307380676269531,1.3391281366348267,1.0494675636291504,1.1547386646270752,1.1434407234191895,1.0328720808029175,0.8035521507263184,1.0406042337417603,0.8702715039253235,1.0676732063293457,1.3021771907806396,1.214819073677063,1.1313661336898804,1.0490107536315918,1.1435352563858032,1.2605094909667969,1.37589430809021,1.3118937015533447,1.2509191036224365,1.190493106842041,1.3141672611236572,1.2087064981460571,1.0353230237960815,0.8108164072036743,0.3207284212112427,1.1753768920898438,0.9321374893188477,0.9624267816543579,0.6589022278785706,0.7453956604003906,0.757514476776123,0.9207013249397278,0.9501014947891235,0.7044228911399841,0.9503644704818726,0.86440509557724,0.6544502973556519,0.6916886568069458,0.6822406649589539,0.8777387738227844,1.060622215270996,0.8163208961486816,1.143248200416565,1.2007968425750732,1.0200384855270386,1.0392158031463623,1.310609221458435,1.1974899768829346
face,0.8064394593238831,0.42594170570373535,0.0,0.4943596124649048,0.8392349481582642,0.650425374507904,0.7195054292678833,0.7044402956962585,1.1365619897842407,1.1157431602478027,1.1245288848876953,1.0419319868087769,0.9437956809997559,1.0142568349838257,1.0539666414260864,0.9183943271636963,0.9532005786895752,1.0486345291137695,1.0256860256195068,1.150938868522644,1.09427809715271,0.7001488208770752,0.9401955604553223,0.8587624430656433,0.7771852016448975,1.0943808555603027,1.0861555337905884,1.1094272136688232,1.0594604015350342,1.060214638710022,1.1982455253601074,1.2487540245056152,1.2828099727630615,0.9732202291488647,1.0799022912979126,1.22956120967865,1.1780747175216675,1.1338990926742554,1.0637363195419312,1.3103935718536377,1.205496907234192,1.0130834579467773,0.9214909076690674,0.5367501974105835,1.1936171054840088,1.2439472675323486,1.2315661907196045,1.1159852743148804,1.1610667705535889,1.145819067955017,1.1757034063339233,1.120105504989624,1.0255218744277954,1.1683282852172852,1.1055189371109009,1.025804877281189,0.9245871305465698,0.9829100370407104,1.1121035814285278,1.1824848651885986,1.0602645874023438,1.2175430059432983,1.2655056715011597,1.2142499685287476,1.2461525201797485,1.2606151103973389,1.1726022958755493
hair,1.0972869396209717,0.733222246170044,0.4943596124649048,0.0,0.729923665523529,0.7089024186134338,0.8596006631851196,0.8611131906509399,1.0913145542144775,1.1522133350372314,1.0278574228286743,0.9360764026641846,0.8711490631103516,0.9374881386756897,0.9776630997657776,0.8721399307250977,0.9575213193893433,1.0012686252593994,0.9925597310066223,1.0756043195724487,1.0172789096832275,0.6189309358596802,0.771420955657959,0.747511625289917,0.704878568649292,1.1422065496444702,1.0378611087799072,1.0879132747650146,1.0244569778442383,0.9375370740890503,1.0952296257019043,1.134840488433838,1.2258930206298828,0.9329954981803894,1.0946623086929321,1.1644566059112549,1.1613953113555908,1.021528720855713,1.0063397884368896,1.1949691772460938,1.0895488262176514,0.8230540752410889,0.8373016119003296,0.814424455165863,1.1298185586929321,1.2741544246673584,1.2660729885101318,1.2213226556777954,1.1924400329589844,1.1848537921905518,1.1682732105255127,1.091961145401001,1.0911463499069214,1.173640251159668,1.1666449308395386,1.1308927536010742,1.0777528285980225,1.1520092487335205,1.2088547945022583,1.0858914852142334,1.117435097694397,1.241150975227356,1.239155888557434,1.1900988817214966,1.290287733078003,1.2180588245391846,1.1640863418579102
arm,1.1879557371139526,1.0741702318191528,0.8392349481582642,0.729923665523529,0.0,0.5130143761634827,0.8085753917694092,0.8315896987915039,1.0781139135360718,1.1544846296310425,0.9274389743804932,0.7293608784675598,0.6942682862281799,0.7241289615631104,0.8927870392799377,0.8575477600097656,0.9268351197242737,0.8861849308013916,0.8538128137588501,0.9594466090202332,0.8429563641548157,0.433621883392334,0.6200047731399536,0.5663934946060181,0.5963840484619141,1.1995066404342651,1.1324841976165771,0.7788326740264893,0.6985036134719849,0.7396156191825867,0.9421379566192627,1.0443092584609985,1.0969330072402954,1.0410284996032715,1.0343941450119019,1.0884016752243042,1.0388356447219849,0.9836696982383728,0.7933368682861328,1.2754014730453491,1.1253252029418945,0.945372462272644,1.2068672180175781,1.1243888139724731,1.0671558380126953,1.2956619262695312,1.3037528991699219,1.2688217163085938,1.2234426736831665,1.199472188949585,1.1568242311477661,0.9877100586891174,1.1642711162567139,1.2110568284988403,1.1997275352478027,1.267801284790039,1.1469347476959229,1.2784398794174194,1.2874770164489746,1.2163870334625244,1.22922682762146,1.259467601776123,1.26456880569458,1.2452596426010132,1.261826515197754,1.1414446830749512,1.049238920211792
hand,0.9726942777633667,0.6774159073829651,0.650425374507904,0.7089024186134338,0.5130143761634827,0.0,0.24363845586776733,0.3865385055541992,1.190335750579834,1.1181915998458862,1.1415584087371826,1.0715279579162598,1.0505601167678833,1.1132200956344604,1.110195279121399,1.059552788734436,1.0916500091552734,1.1595876216888428,1.0805585384368896,1.1403919458389282,1.098210334777832,0.8168947100639343,0.8361281752586365,0.8469505310058594,0.905793309211731,0.9023073315620422,0.9988489747047424,0.6970617771148682,0.543910801410675,1.0821137428283691,1.1436113119125366,1.1261850595474243,1.1227468252182007,0.9717568159103394,1.0286948680877686,1.0890692472457886,1.159912347793579,0.9990355372428894,0.9292010068893433,1.2831943035125732,1.1541049480438232,0.9560618996620178,1.0743036270141602,0.8480777740478516,1.0186325311660767,1.102656364440918,1.1039904356002808,1.024466872215271,1.0135291814804077,0.988787829875946,1.0270048379898071,0.8374524116516113,0.7822697162628174,1.1320503950119019,1.1088303327560425,1.0814826488494873,0.9874900579452515,1.0233304500579834,1.0947396755218506,1.1720525026321411,1.0239672660827637,1.173475742340088,1.1652404069900513,1.213247537612915,1.1307553052902222,1.2404733896255493,1.1868669986724854
finger,0.8770076036453247,0.4084275960922241,0.7195054292678833,0.8596006631851196,0.8085753917694092,0.24363845586776733,0.0,0.1454002857208252,1.2147735357284546,1.0482769012451172,1.2964069843292236,1.3541022539138794,1.2684733867645264,1.3267000913619995,1.3616316318511963,1.1871312856674194,1.2006454467773438,1.3177967071533203,1.2949873208999634,1.3274650573730469,1.2919504642486572,1.054605484008789,1.1405091285705566,1.0980117321014404,1.0116640329360962,0.669783353805542,0.9894327521324158,0.6004546284675598,0.732214629650116,1.320467472076416,1.2218356132507324,1.1472728252410889,1.0656952857971191,1.1513192653656006,1.2186332941055298,1.2900516986846924,1.3209354877471924,1.1946885585784912,1.1395668983459473,1.3350045680999756,1.2407374382019043,1.019525408744812,0.9648808240890503,0.60516357421875,1.1033546924591064,0.859394907951355,0.907916784286499,0.6143240928649902,0.694364070892334,0.684420645236969,0.7965144515037537,0.772700846195221,0.5385621786117554,0.9836896061897278,0.9199360013008118,0.6968777775764465,0.7568472027778625,0.7127640247344971,0.8477023243904114,1.1056994199752808,0.7953494787216187,1.1358273029327393,1.2125638723373413,1.0646883249282837,1.0422894954681396,1.3253567218780518,1.2142587900161743
toe,0.8969696760177612,0.428428053855896,0.7044402956962585,0.8611131906509399,0.8315896987915039,0.3865385055541992,0.1454002857208252,0.0,1.1699837446212769,1.1048299074172974,1.30586576461792,1.3992478847503662,1.2767462730407715,1.3544484376907349,1.3856182098388672,1.2417948246002197,1.2410725355148315,1.332757830619812,1.3278074264526367,1.354845404624939,1.288834810256958,1.0795419216156006,1.1465253829956055,1.0597926378250122,0.9641535878181458,0.39043980836868286,0.7323380708694458,0.4336531162261963,0.7344435453414917,1.3454688787460327,1.207930564880371,1.101055383682251,1.0521763563156128,1.0797091722488403,1.2253731489181519,1.323783040046692,1.3485865592956543,1.2376909255981445,1.230605125427246,1.2821828126907349,1.1559315919876099,1.1391898393630981,0.9131422638893127,0.5860750675201416,1.1302545070648193,0.8463000059127808,0.9164731502532959,0.6872494220733643,0.7635672688484192,0.7645318508148193,0.864732563495636,0.8911406993865967,0.6593668460845947,0.9762310981750488,0.9220089912414551,0.6814820766448975,0.8130621314048767,0.749121904373169,0.8237178325653076,1.0515886545181274,0.775529146194458,1.142116665840149,1.2063764333724976,1.0000120401382446,1.01494562625885,1.274940013885498,1.21815824508667
lamp,1.1460634469985962,1.1208343505859375,1.1365619897842407,1.0913145542144775,1.0781139135360718,1.190335750579834,1.2147735357284546,1.1699837446212769,0.0,0.9258562326431274,0.7925496101379395,0.9060892462730408,1.0654393434524536,1.024288535118103,0.8445295691490173,0.7153018712997437,0.8253964185714722,0.9350271224975586,1.0226619243621826,0.9333323240280151,0.9809556603431702,1.1202263832092285,1.1434202194213867,1.136386752128601,1.1835918426513672,1.1205244064331055,1.0477813482284546,1.1514487266540527,1.1719270944595337,1.0647003650665283,1.0814026594161987,1.0495569705963135,1.020123839378357,0.9804311394691467,0.9950584173202515,0.9932291507720947,1.0588033199310303,0.9792048335075378,1.0608519315719604,0.8813120722770691,0.9308519959449768,0.9565697312355042,1.0134968757629395,1.0550758838653564,0.7072537541389465,0.766398549079895,0.7960404753684998,1.0004092454910278,0.8329471349716187,0.8614134192466736,0.9036248922348022,0.9184988141059875,1.1618894338607788,0.8682429790496826,0.9595652222633362,1.0766390562057495,1.1439146995544434,1.1005216836929321,1.041707158088684,0.7335069179534912,1.0972232818603516,0.9418075084686279,0.9336786866188049,0.9776740670204163,0.9789673686027527,1.0011307001113892,0.9821383357048035
drawer,1.0699307918548584,1.0332492589950562,1.1157431602478027,1.1522133350372314,1.1544846296310425,1.1181915998458862,1.0482769012451172,1.1048299074172974,0.9258562326431274,0.0,0.7204089164733887,0.8367879390716553,0.9123802185058594,0.8912275433540344,0.8703404664993286,0.8679582476615906,0.6179956197738647,0.7307233810424805,0.7018113732337952,0.8170203566551208,0.7458676695823669,1.202405571937561,1.2202056646347046,1.1881542205810547,1.1280981302261353,1.0301477909088135,1.0041179656982422,1.158655047416687,1.2039570808410645,1.046985387802124,0.8701815605163574,0.9018347859382629,0.9105983972549438,1.10201096534729,1.0971068143844604,0.776715099811554,0.5900899767875671,0.9259130358695984,0.9552661180496216,0.7816010117530823,0.8576090335845947,0.9432421922683716,1.093549370765686,1.017209529876709,1.029954195022583,0.9049809575080872,0.9375576376914978,1.0365357398986816,0.9325907826423645,0.9419587254524231,0.7947260141372681,1.126707911491394,1.1027495861053467,1.131003975868225,1.141859769821167,1.1412256956100464,1.1522973775863647,1.136468768119812,1.132999062538147,0.9984733462333679,1.055896520614624,0.9898752570152283,1.0049647092819214,1.0226161479949951,1.0396416187286377,0.9625380635261536,0.8371815085411072
chair,1.3366849422454834,1.2917649745941162,1.1245288848876953,1.0278574228286743,0.9274389743804932,1.1415584087371826,1.2964069843292236,1.30586576461792,0.7925496101379395,0.7204089164733887,0.0,0.2828451991081238,0.3905490040779114,0.5284409523010254,0.34430915117263794,0.6351892948150635,0.5467478036880493,0.6539456844329834,0.7414129972457886,0.7503013610839844,0.6280841827392578,0.8640756011009216,0.9632814526557922,0.8616214394569397,0.8543707132339478,1.2688288688659668,1.1087491512298584,1.1920480728149414,1.233613133430481,0.6605525016784668,0.6287471055984497,0.8379861116409302,0.9423491954803467,0.9681938290596008,0.9158681035041809,0.7876710891723633,0.7203632593154907,0.8460246920585632,0.8760396242141724,0.7104395627975464,0.8520126938819885,0.9458977580070496,1.1462936401367188,1.2740328311920166,1.0566036701202393,1.108537197113037,1.1394990682601929,1.3423004150390625,1.2352845668792725,1.2581391334533691,1.1340489387512207,1.2434502840042114,1.4112476110458374,1.1995362043380737,1.2772246599197388,1.37599515914917,1.372877836227417,1.3793269395828247,1.3411533832550049,0.993316113948822,1.3208699226379395,1.0573241710662842,1.042974591255188,1.0724067687988281,1.0237791538238525,0.8463758826255798,0.7825154066085815
table,1.28513765335083,1.3521296977996826,1.0419319868087769,0.9360764026641846,0.7293608784675598,1.0715279579162598,1.3541022539138794,1.3992478847503662,0.9060892462730408,0.8367879390716553,0.2828451991081238,0.0,0.3905588388442993,0.4397585988044739,0.42482054233551025,0.6271646022796631,0.5996543765068054,0.5961021184921265,0.6294654607772827,0.5862956643104553,0.5191844701766968,0.6961616277694702,0.7935129404067993,0.7207686901092529,0.7691562175750732,1.434699535369873,1.1884987354278564,1.3269902467727661,1.2148480415344238,0.5563853979110718,0.8360095620155334,1.027366042137146,1.0868979692459106,0.9522228837013245,0.897099494934082,0.5852044224739075,0.7167894840240479,0.7845983505249023,0.7768920063972473,0.9204168319702148,1.0506945848464966,1.0107582807540894,1.2605528831481934,1.3297674655914307,1.0904016494750977,1.252062439918518,1.194974422454834,1.4614412784576416,1.3678656816482544,1.3702679872512817,1.1994682550430298,1.1835380792617798,1.3316459655761719,1.231515645980835,1.269706130027771,1.409381628036499,1.3270710706710815,1.3866899013519287,1.401411771774292,1.106185793876648,1.307469129562378,0.883653998374939,0.9262137413024902,1.1778137683868408,1.1030654907226562,0.8760883212089539,0.8534114360809326
couch,1.232635498046875,1.2580640316009521,0.9437956809997559,0.8711490631103516,0.6942682862281799,1.0505601167678833,1.2684733867645264,1.2767462730407715,1.0654393434524536,0.9123802185058594,0.3905490040779114,0.3905588388442993,0.0,0.20909500122070312,0.5009375810623169,0.6834942698478699,0.6475490927696228,0.6627070903778076,0.6644033193588257,0.8045470714569092,0.6202331185340881,0.5827217102050781,0.8228933215141296,0.6419838666915894,0.5896968245506287,1.312815546989441,1.1010501384735107,1.1611968278884888,1.1065518856048584,0.35446643829345703,0.4359598159790039,0.8730573654174805,1.0711231231689453,0.9805094599723816,0.9825601577758789,0.963375985622406,0.7806058526039124,0.8764002323150635,0.8387335538864136,0.962380051612854,0.932815432548523,1.0784282684326172,1.1600245237350464,1.2580058574676514,1.2769215106964111,1.4837485551834106,1.4718797206878662,1.449966311454773,1.4440953731536865,1.411069631576538,1.3419742584228516,1.3267512321472168,1.3889639377593994,1.2482867240905762,1.2835817337036133,1.4072582721710205,1.305462121963501,1.392560601234436,1.434952974319458,1.1398510932922363,1.4004440307617188,1.2740678787231445,1.2091127634048462,1.2706341743469238,1.2730093002319336,1.009214997291565,0.9621543288230896
bed,1.2687106132507324,1.3076026439666748,1.0142568349838257,0.9374881386756897,0.7241289615631104,1.1132200956344604,1.3267000913619995,1.3544484376907349,1.024288535118103,0.8912275433540344,0.5284409523010254,0.4397585988044739,0.20909500122070312,0.0,0.4255582094192505,0.6963921785354614,0.6886641383171082,0.6519827842712402,0.6927711963653564,0.7062921524047852,0.5123023986816406,0.6148791313171387,0.7395506501197815,0.5842171907424927,0.6794973611831665,1.344707727432251,1.1193530559539795,1.186668872833252,1.0883980989456177,0.12835484743118286,0.382407546043396,0.7250779271125793,0.9143426418304443,0.9625657796859741,1.0062652826309204,0.8907836675643921,0.7568218111991882,0.8378434181213379,0.760294497013092,0.9318873286247253,0.9985132813453674,0.9972636103630066,1.1673699617385864,1.2858330011367798,1.220454216003418,1.4105408191680908,1.435536503791809,1.4376763105392456,1.408773422241211,1.3721897602081299,1.3159723281860352,1.2838886976242065,1.3688851594924927,1.2430734634399414,1.2649116516113281,1.4180359840393066,1.343804955482483,1.427431344985962,1.4595379829406738,1.1930829286575317,1.4038522243499756,1.213057518005371,1.1670036315917969,1.3211042881011963,1.3172869682312012,1.024986743927002,1.0056490898132324
crib,1.2678327560424805,1.3365199565887451,1.0539666414260864,0.9776630997657776,0.8927870392799377,1.110195279121399,1.3616316318511963,1.3856182098388672,0.8445295691490173,0.8703404664993286,0.34430915117263794,0.42482054233551025,0.5009375810623169,0.4255582094192505,0.0,0.5898493528366089,0.575829029083252,0.6275250315666199,0.6834231019020081,0.7073138952255249,0.5446800589561462,0.817988932132721,0.8042747378349304,0.6997482180595398,0.9253912568092346,1.3966341018676758,1.1345596313476562,1.2998089790344238,1.1932487487792969,0.5482149124145508,0.8040342926979065,0.979399561882019,1.1485464572906494,0.7684534192085266,0.7377496957778931,0.7579672932624817,0.7261975407600403,0.8012601137161255,0.907817006111145,0.6176459789276123,0.9668588638305664,0.9217498302459717,1.239396095275879,1.3181910514831543,1.0658437013626099,1.272594928741455,1.3160845041275024,1.446719765663147,1.3555150032043457,1.3701050281524658,1.2879085540771484,1.2217029333114624,1.4165339469909668,1.2088147401809692,1.250572919845581,1.4227006435394287,1.3755834102630615,1.4049961566925049,1.41573166847229,1.0406949520111084,1.4012782573699951,1.103119134902954,1.0429426431655884,1.1962960958480835,1.1536948680877686,0.8876614570617676,0.9219556450843811
window,1.192948341369629,1.0936659574508667,0.9183943271636963,0.8721399307250977,0.8575477600097656,1.059552788734436,1.1871312856674194,1.2417948246002197,0.7153018712997437,0.8679582476615906,0.6351892948150635,0.6271646022796631,0.6834942698478699,0.6963921785354614,0.5898493528366089,0.0,0.3314875364303589,0.5937708020210266,0.7255293726921082,0.8707104921340942,0.7760962247848511,0.8224526643753052,0.9695996046066284,0.8438754677772522,0.8946876525878906,1.3605031967163086,1.1955798864364624,1.2415478229522705,1.2579249143600464,0.7937599420547485,0.957129180431366,1.0088213682174683,1.06537926197052,0.9817280173301697,1.0552444458007812,1.0092779397964478,0.9334747195243835,0.9320216178894043,0.8959325551986694,1.0109721422195435,1.1044082641601562,0.9378963708877563,1.1923210620880127,1.0893863439559937,1.1038281917572021,1.1705223321914673,1.2113434076309204,1.2810430526733398,1.19772207736969,1.1861234903335571,1.1357669830322266,1.2119643688201904,1.295507550239563,1.1498678922653198,1.189281940460205,1.2692477703094482,1.216435432434082,1.2648202180862427,1.2900524139404297,0.8709487915039062,1.2779567241668701,1.130251169204712,1.1515827178955078,1.1687427759170532,1.16387140750885,1.0562989711761475,0.9509568810462952
door,1.2243660688400269,1.1246256828308105,0.9532005786895752,0.9575213193893433,0.9268351197242737,1.0916500091552734,1.2006454467773438,1.2410725355148315,0.8253964185714722,0.6179956197738647,0.5467478036880493,0.5996543765068054,0.6475490927696228,0.6886641383171082,0.575829029083252,0.3314875364303589,0.0,0.4175668954849243,0.616534948348999,0.8029282689094543,0.6491096615791321,0.8705303072929382,1.0738705396652222,0.8751162886619568,0.838790774345398,1.326377511024475,1.1831332445144653,1.2644474506378174,1.3151499032974243,0.8722569346427917,0.9376633763313293,0.9598524570465088,1.060991883277893,1.0921515226364136,1.1074864864349365,0.9985455274581909,0.8367433547973633,1.0013453960418701,0.9356062412261963,0.9616972804069519,0.9814253449440002,0.9649198055267334,1.2556535005569458,1.1407634019851685,1.096564531326294,1.1633470058441162,1.1675878763198853,1.264332890510559,1.1784955263137817,1.1759430170059204,1.0800236463546753,1.1854169368743896,1.3000767230987549,1.1789839267730713,1.2323408126831055,1.2733893394470215,1.2484409809112549,1.2901527881622314,1.293843150138855,0.9922181963920593,1.2684863805770874,1.1650201082229614,1.1580042839050293,1.0806440114974976,1.204005241394043,1.0115190744400024,0.8154418468475342
refrigerator,1.3456658124923706,1.2724534273147583,1.0486345291137695,1.0012686252593994,0.8861849308013916,1.1595876216888428,1.3177967071533203,1.332757830619812,0.9350271224975586,0.7307233810424805,0.6539456844329834,0.5961021184921265,0.6627070903778076,0.6519827842712402,0.6275250315666199,0.5937708020210266,0.4175668954849243,0.0,0.16984522342681885,0.4775123596191406,0.48773670196533203,0.8526332378387451,0.933176577091217,0.8790690302848816,0.8310697078704834,1.3830293416976929,1.1863830089569092,1.244093894958496,1.2748366594314575,0.8042994737625122,0.9603281021118164,0.9938377141952515,1.047658085823059,1.0870903730392456,1.0666965246200562,0.7519216537475586,0.7248905897140503,0.9410605430603027,0.9068952202796936,0.9298819899559021,1.0224062204360962,0.9335293769836426,1.2673217058181763,1.272913932800293,1.0689877271652222,1.0873135328292847,1.0998399257659912,1.3350070714950562,1.2483106851577759,1.2149416208267212,1.1168135404586792,1.1715905666351318,1.4005532264709473,1.2463994026184082,1.31156325340271,1.3637193441390991,1.318604826927185,1.3528783321380615,1.311893105506897,1.072400450706482,1.289165735244751,1.0270189046859741,0.9134635329246521,1.0034863948822021,1.00099515914917,0.706176221370697,0.4847065210342407
oven,1.276437759399414,1.2809523344039917,1.0256860256195068,0.9925597310066223,0.8538128137588501,1.0805585384368896,1.2949873208999634,1.3278074264526367,1.0226619243621826,0.7018113732337952,0.7414129972457886,0.6294654607772827,0.6644033193588257,0.6927711963653564,0.6834231019020081,0.7255293726921082,0.616534948348999,0.16984522342681885,0.0,0.44459640979766846,0.5308505892753601,0.8619686961174011,0.8812369704246521,0.8630427718162537,0.8375203609466553,1.347071886062622,1.0905694961547852,1.1901905536651611,1.1267035007476807,0.7855590581893921,0.9293270707130432,0.9706858992576599,1.0455875396728516,1.022663950920105,1.0164058208465576,0.6433326005935669,0.6708685159683228,0.9231294989585876,0.8543825149536133,0.9083907604217529,1.0035886764526367,0.9662927389144897,1.235072374343872,1.2805590629577637,1.0903152227401733,1.1789828538894653,1.1648231744766235,1.445168137550354,1.3689937591552734,1.3185279369354248,1.1878550052642822,1.2117619514465332,1.3269445896148682,1.293351411819458,1.325088381767273,1.3955333232879639,1.2872259616851807,1.360181450843811,1.3432762622833252,1.1280529499053955,1.2086069583892822,0.9450989961624146,0.8552300333976746,1.1624712944030762,1.0510354042053223,0.7621059417724609,0.6038117408752441
sink,1.2914206981658936,1.3307380676269531,1.150938868522644,1.0756043195724487,0.9594466090202332,1.1403919458389282,1.3274650573730469,1.354845404624939,0.9333323240280151,0.8170203566551208,0.7503013610839844,0.5862956643104553,0.8045470714569092,0.7062921524047852,0.7073138952255249,0.8707104921340942,0.8029282689094543,0.4775123596191406,0.44459640979766846,0.0,0.20091211795806885,1.000523567199707,0.9199641942977905,1.0300947427749634,1.0396263599395752,1.2688192129135132,1.0325253009796143,1.2325835227966309,1.1634678840637207,0.801692008972168,0.9698448181152344,1.0122944116592407,0.9644321799278259,1.0707581043243408,0.9745039939880371,0.42253708839416504,0.6584099531173706,0.977168619632721,0.8511238694190979,0.8101875185966492,1.062718391418457,0.962698221206665,1.2084304094314575,1.319092869758606,0.9247557520866394,0.962090253829956,0.8717795014381409,1.4256525039672852,1.2914329767227173,1.2372589111328125,1.093727707862854,1.0535244941711426,1.1931099891662598,1.1563146114349365,1.2010787725448608,1.3218483924865723,1.299829363822937,1.3390836715698242,1.3355011940002441,1.1380012035369873,1.269693374633789,0.689340353012085,0.4151827096939087,1.0940306186676025,0.7731859087944031,0.47328221797943115,0.614456832408905
bathtub,1.3019042015075684,1.3391281366348267,1.09427809715271,1.0172789096832275,0.8429563641548157,1.098210334777832,1.2919504642486572,1.288834810256958,0.9809556603431702,0.7458676695823669,0.6280841827392578,0.5191844701766968,0.6202331185340881,0.5123023986816406,0.5446800589561462,0.7760962247848511,0.6491096615791321,0.48773670196533203,0.5308505892753601,0.20091211795806885,0.0,0.8960639238357544,0.891085684299469,0.8895955085754395,0.9005126357078552,1.3001315593719482,1.0681195259094238,1.2255200147628784,1.184215784072876,0.6601795554161072,0.8891559839248657,0.9449930787086487,1.0096967220306396,1.0183037519454956,0.9125303030014038,0.5816130042076111,0.552753210067749,0.9073862433433533,0.7966051697731018,0.8170385360717773,1.064515471458435,0.9847474694252014,1.2706210613250732,1.3583378791809082,1.09138023853302,1.2249068021774292,1.1975219249725342,1.4418232440948486,1.3526842594146729,1.3299875259399414,1.2180378437042236,1.1113085746765137,1.2458102703094482,1.2128896713256836,1.2513737678527832,1.377790927886963,1.3730411529541016,1.4071292877197266,1.4411203861236572,1.1737217903137207,1.405857801437378,0.9704443216323853,0.7438284158706665,1.148184895515442,0.9888268709182739,0.5693838000297546,0.7171602249145508
shirt,1.1747909784317017,1.0494675636291504,0.7001488208770752,0.6189309358596802,0.433621883392334,0.8168947100639343,1.054605484008789,1.0795419216156006,1.1202263832092285,1.202405571937561,0.8640756011009216,0.6961616277694702,0.5827217102050781,0.6148791313171387,0.817988932132721,0.8224526643753052,0.8705303072929382,0.8526332378387451,0.8619686961174011,1.000523567199707,0.8960639238357544,0.0,0.3645118474960327,0.3269299268722534,0.2784785032272339,1.3084278106689453,1.124776005744934,1.0352821350097656,0.9995830655097961,0.5964389443397522,0.8497607707977295,0.9716729521751404,1.1008797883987427,0.9899521470069885,1.0841511487960815,1.1111704111099243,1.0382976531982422,0.9753379821777344,0.8611390590667725,1.2010529041290283,0.9790984988212585,1.0102052688598633,1.0336344242095947,1.0735645294189453,1.2368390560150146,1.4345052242279053,1.4300395250320435,1.3945825099945068,1.3880244493484497,1.3645389080047607,1.350058913230896,1.2135272026062012,1.2911646366119385,1.2703245878219604,1.2718167304992676,1.3183748722076416,1.2355923652648926,1.3019708395004272,1.3815172910690308,1.2584640979766846,1.3581581115722656,1.2793735265731812,1.275816559791565,1.269675612449646,1.3098074197769165,1.1340148448944092,1.0709561109542847
bib,1.167998194694519,1.1547386646270752,0.9401955604553223,0.771420955657959,0.6200047731399536,0.8361281752586365,1.1405091285705566,1.1465253829956055,1.1434202194213867,1.2202056646347046,0.9632814526557922,0.7935129404067993,0.8228933215141296,0.7395506501197815,0.8042747378349304,0.9695996046066284,1.0738705396652222,0.933176577091217,0.8812369704246521,0.9199641942977905,0.891085684299469,0.3645118474960327,0.0,0.29275965690612793,0.6335629224777222,1.2113834619522095,1.0170276165008545,0.9475409388542175,0.8306145668029785,0.552981972694397,0.8359455466270447,0.7792220115661621,0.864498496055603,0.7649624347686768,0.8428272604942322,0.8867323398590088,0.952916145324707,0.856563150882721,0.7558053731918335,0.9902204275131226,0.7955750226974487,1.0122301578521729,0.917285144329071,1.1519830226898193,1.0945501327514648,1.3272666931152344,1.3128516674041748,1.4047367572784424,1.3928442001342773,1.4027769565582275,1.3955004215240479,1.0905250310897827,1.166578769683838,1.1829115152359009,1.2129286527633667,1.2983537912368774,1.2089946269989014,1.3043452501296997,1.2424417734146118,1.2215509414672852,1.2618262767791748,1.042425513267517,1.0283458232879639,1.1557834148406982,1.1245871782302856,0.928352415561676,1.105515480041504
pajamas,1.2215183973312378,1.1434407234191895,0.8587624430656433,0.747511625289917,0.5663934946060181,0.8469505310058594,1.0980117321014404,1.0597926378250122,1.136386752128601,1.1881542205810547,0.8616214394569397,0.7207686901092529,0.6419838666915894,0.5842171907424927,0.6997482180595398,0.8438754677772522,0.8751162886619568,0.8790690302848816,0.8630427718162537,1.0300947427749634,0.8895955085754395,0.3269299268722534,0.29275965690612793,0.0,0.3707709312438965,1.141004204750061,0.9724307656288147,0.8849680423736572,0.9120265245437622,0.4513760805130005,0.765294075012207,0.7729160189628601,1.0316133499145508,0.73897385597229,0.9195708632469177,1.0765894651412964,1.0704463720321655,0.9228581190109253,0.9272010922431946,1.056760311126709,0.9115909337997437,1.0545076131820679,1.0596779584884644,1.1386878490447998,1.1839460134506226,1.4065055847167969,1.406874179840088,1.3964778184890747,1.391318917274475,1.3748469352722168,1.3607968091964722,1.1478936672210693,1.279470443725586,1.2185518741607666,1.2337936162948608,1.342740535736084,1.2702327966690063,1.3547910451889038,1.3566558361053467,1.208946943283081,1.3713470697402954,1.2624757289886475,1.2364397048950195,1.2464765310287476,1.2611262798309326,1.073681116104126,1.0859873294830322
pants,1.2089953422546387,1.0328720808029175,0.7771852016448975,0.704878568649292,0.5963840484619141,0.905793309211731,1.0116640329360962,0.9641535878181458,1.1835918426513672,1.1280981302261353,0.8543707132339478,0.7691562175750732,0.5896968245506287,0.6794973611831665,0.9253912568092346,0.8946876525878906,0.838790774345398,0.8310697078704834,0.8375203609466553,1.0396263599395752,0.9005126357078552,0.2784785032272339,0.6335629224777222,0.3707709312438965,0.0,1.088626742362976,0.9294333457946777,0.8906900882720947,0.9993172883987427,0.6938104629516602,0.8275861740112305,0.9235007762908936,1.1071536540985107,1.0647776126861572,1.1575469970703125,1.2006183862686157,1.038313388824463,1.0760418176651,0.9839022755622864,1.2110587358474731,0.95274817943573,1.1071994304656982,1.0333976745605469,1.0259455442428589,1.2799652814865112,1.4161914587020874,1.3924226760864258,1.296570897102356,1.318807601928711,1.3022860288619995,1.230475902557373,1.2137460708618164,1.3129997253417969,1.2722499370574951,1.2849712371826172,1.2763668298721313,1.205644130706787,1.279442548751831,1.3242460489273071,1.279821753501892,1.3189756870269775,1.3340349197387695,1.3101142644882202,1.272585153579712,1.30307936668396,1.1029608249664307,0.9639778733253479
slipper,0.881251871585846,0.8035521507263184,1.0943808555603027,1.1422065496444702,1.1995066404342651,0.9023073315620422,0.669783353805542,0.39043980836868286,1.1205244064331055,1.0301477909088135,1.2688288688659668,1.434699535369873,1.312815546989441,1.344707727432251,1.3966341018676758,1.3605031967163086,1.326377511024475,1.3830293416976929,1.347071886062622,1.2688192129135132,1.3001315593719482,1.3084278106689453,1.2113834619522095,1.141004204750061,1.088626742362976,0.0,0.24635863304138184,0.36321961879730225,0.676174521446228,1.287509799003601,1.0328940153121948,0.8841944932937622,0.8502174019813538,1.0706881284713745,1.1336312294006348,1.1958098411560059,1.221078872680664,1.1971042156219482,1.2519357204437256,0.9677371978759766,0.9042854905128479,1.0758247375488281,0.7020887136459351,0.7795648574829102,0.8989702463150024,0.7323977947235107,0.7603462934494019,0.7172788381576538,0.7618653774261475,0.7530103325843811,0.7554419040679932,0.9172038435935974,0.7569663524627686,0.9282100200653076,0.908534586429596,0.7546777725219727,0.9535902738571167,0.8404243588447571,0.7056459188461304,0.9931424260139465,0.7626029849052429,1.0236493349075317,1.0499476194381714,0.8590553998947144,0.8839831352233887,1.094069480895996,1.1609333753585815
shoe,1.0156348943710327,1.0406042337417603,1.0861555337905884,1.0378611087799072,1.1324841976165771,0.9988489747047424,0.9894327521324158,0.7323380708694458,1.0477813482284546,1.0041179656982422,1.1087491512298584,1.1884987354278564,1.1010501384735107,1.1193530559539795,1.1345596313476562,1.1955798864364624,1.1831332445144653,1.1863830089569092,1.0905694961547852,1.0325253009796143,1.0681195259094238,1.124776005744934,1.0170276165008545,0.9724307656288147,0.9294333457946777,0.24635863304138184,0.0,0.564264714717865,0.7708638906478882,1.0958353281021118,1.0274571180343628,0.9499698877334595,1.0084588527679443,1.020290732383728,0.9406590461730957,0.9718122482299805,0.994178831577301,1.0071858167648315,1.1148165464401245,0.8240549564361572,0.7798498272895813,1.0140537023544312,0.7996427416801453,0.9828662276268005,0.8887273669242859,1.0043913125991821,0.9888128042221069,1.12351393699646,1.0953868627548218,1.0697922706604004,0.9950315356254578,1.023453712463379,1.001183271408081,1.0747264623641968,1.0737384557724,1.159274935722351,1.2002227306365967,1.134564995765686,1.0033020973205566,1.0299696922302246,1.0943856239318848,1.036698818206787,0.9922990202903748,0.9679227471351624,0.9650670886039734,0.9645146131515503,1.1059484481811523
sock,1.0835442543029785,0.8702715039253235,1.1094272136688232,1.0879132747650146,0.7788326740264893,0.6970617771148682,0.6004546284675598,0.4336531162261963,1.1514487266540527,1.158655047416687,1.1920480728149414,1.3269902467727661,1.1611968278884888,1.186668872833252,1.2998089790344238,1.2415478229522705,1.2644474506378174,1.244093894958496,1.1901905536651611,1.2325835227966309,1.2255200147628784,1.0352821350097656,0.9475409388542175,0.8849680423736572,0.8906900882720947,0.36321961879730225,0.564264714717865,0.0,0.40931200981140137,1.0866296291351318,0.8226165771484375,0.6408500075340271,0.6186354160308838,1.023703932762146,1.145671010017395,1.2759588956832886,1.143276572227478,1.1476447582244873,0.9995979070663452,1.0345845222473145,0.994539201259613,1.0187764167785645,0.840186595916748,0.9652999043464661,1.0275434255599976,0.8940247297286987,0.9608322978019714,0.8639257550239563,0.8935397863388062,0.8871029615402222,0.9362340569496155,0.8307274580001831,0.8066610097885132,0.9642305970191956,0.9821749329566956,0.9054901599884033,1.0497125387191772,1.0210962295532227,0.9218587875366211,1.0610121488571167,0.9459308981895447,1.2048919200897217,1.1278486251831055,0.9444630742073059,0.8326960206031799,0.986905038356781,0.980355441570282
glove,0.8334152698516846,1.0676732063293457,1.0594604015350342,1.0244569778442383,0.6985036134719849,0.543910801410675,0.732214629650116,0.7344435453414917,1.1719270944595337,1.2039570808410645,1.233613133430481,1.2148480415344238,1.1065518856048584,1.0883980989456177,1.1932487487792969,1.2579249143600464,1.3151499032974243,1.2748366594314575,1.1267035007476807,1.1634678840637207,1.184215784072876,0.9995830655097961,0.8306145668029785,0.9120265245437622,0.9993172883987427,0.676174521446228,0.7708638906478882,0.40931200981140137,0.0,0.9738597869873047,0.8922047019004822,0.7491419315338135,0.7743704319000244,0.8685415983200073,0.9203598499298096,1.129457712173462,1.1102259159088135,1.0303077697753906,0.9086608290672302,1.0912160873413086,0.9833956360816956,0.9228986501693726,0.8674401044845581,1.1186271905899048,0.8129668235778809,1.0570869445800781,1.0793483257293701,0.9787165522575378,1.0549957752227783,1.043483018875122,1.0371012687683105,0.7751648426055908,0.8159114718437195,0.9389874339103699,0.9900982975959778,1.061273217201233,0.9676215052604675,1.014897108078003,0.859887957572937,1.1041374206542969,0.9973269701004028,1.188995599746704,1.13047194480896,1.0999507904052734,1.049180269241333,1.0630301237106323,1.1553094387054443
blanket,1.2729560136795044,1.3021771907806396,1.060214638710022,0.9375370740890503,0.7396156191825867,1.0821137428283691,1.320467472076416,1.3454688787460327,1.0647003650665283,1.046985387802124,0.6605525016784668,0.5563853979110718,0.35446643829345703,0.12835484743118286,0.5482149124145508,0.7937599420547485,0.8722569346427917,0.8042994737625122,0.7855590581893921,0.801692008972168,0.6601795554161072,0.5964389443397522,0.552981972694397,0.4513760805130005,0.6938104629516602,1.287509799003601,1.0958353281021118,1.0866296291351318,0.9738597869873047,0.0,0.3134806156158447,0.5188682675361633,0.7509850263595581,0.9171324968338013,0.9941776990890503,0.8994991183280945,0.8438007831573486,0.8154803514480591,0.6698305606842041,0.8863008618354797,0.9095079898834229,0.927709698677063,1.0826280117034912,1.280726671218872,1.1781797409057617,1.3856563568115234,1.426684856414795,1.4192290306091309,1.3902733325958252,1.3700600862503052,1.3397126197814941,1.2426557540893555,1.3077757358551025,1.2191294431686401,1.2355380058288574,1.4173052310943604,1.328737497329712,1.4341630935668945,1.4096437692642212,1.1858477592468262,1.340691328048706,1.168116569519043,1.123171329498291,1.3038992881774902,1.2759891748428345,1.0337669849395752,1.0601541996002197
pillow,1.203978419303894,1.214819073677063,1.1982455253601074,1.0952296257019043,0.9421379566192627,1.1436113119125366,1.2218356132507324,1.207930564880371,1.0814026594161987,0.8701815605163574,0.6287471055984497,0.8360095620155334,0.4359598159790039,0.382407546043396,0.8040342926979065,0.957129180431366,0.9376633763313293,0.9603281021118164,0.9293270707130432,0.9698448181152344,0.8891559839248657,0.8497607707977295,0.8359455466270447,0.765294075012207,0.8275861740112305,1.0328940153121948,1.0274571180343628,0.8226165771484375,0.8922047019004822,0.3134806156158447,0.0,0.32811325788497925,0.49117887020111084,1.013488531112671,1.1646852493286133,1.0302035808563232,0.8157342672348022,0.9154272675514221,0.748968243598938,0.7888162136077881,0.7271499037742615,0.9792265892028809,0.9390516877174377,1.2078804969787598,1.2179861068725586,1.1668148040771484,1.2224451303482056,1.2150065898895264,1.1904881000518799,1.1859842538833618,1.1800377368927002,1.2680344581604004,1.2271864414215088,1.1021342277526855,1.159321904182434,1.208680510520935,1.205413579940796,1.2875438928604126,1.1954386234283447,1.0611307621002197,1.1195827722549438,1.1737594604492188,1.1034384965896606,1.151031732559204,1.0730595588684082,0.9735397100448608,0.9742009043693542
