,frog,nose,face,hair,arm,hand,finger,toe,lamp,drawer,chair,table,couch,bed,crib,window,door,refrigerator,oven,sink,bathtub,shirt,bib,pajamas,pants,slipper,shoe,sock,glove,blanket,pillow,towel,napkin,doll,toy,tray,box,book,paper,basket,purse,comb,hat,glasses,scissors,fork,spoon,crayon,pencil,pen,knife,toothbrush,gum,balloon,ball,egg,orange,apple,banana,plant,bread,plate,bowl,bottle,cup,bucket,can
frog,0.0,1.0265047550201416,0.9829728603363037,1.1287744045257568,1.0745723247528076,0.9419652223587036,0.9128023386001587,0.900375485420227,1.0634779930114746,0.9923912286758423,1.2148209810256958,1.0433226823806763,1.1339993476867676,1.1766005754470825,1.2166314125061035,1.1327910423278809,1.0785154104232788,1.1754367351531982,1.1142256259918213,1.058053731918335,1.0923950672149658,1.1329352855682373,1.0203300714492798,1.1305756568908691,1.0660837888717651,0.8282601833343506,0.9897382855415344,1.0569032430648804,0.8562334775924683,1.1618561744689941,1.1232876777648926,1.0793923139572144,0.9896202087402344,0.7003729343414307,0.7318882942199707,1.0363482236862183,1.0626927614212036,1.0265350341796875,1.0904488563537598,1.1582326889038086,1.1590371131896973,1.0876621007919312,0.914482593536377,0.9806845784187317,1.0166993141174316,1.0846318006515503,0.8903590440750122,0.9210678339004517,1.0329281091690063,1.0062795877456665,0.9815082550048828,1.0675957202911377,0.8329581022262573,0.7655340433120728,0.7315626740455627,0.7685434818267822,0.6944727897644043,0.6010938882827759,0.5499135851860046,0.9576990604400635,0.6900967359542847,0.7687112092971802,1.006767988204956,1.016721487045288,1.0262584686279297,1.084319829940796,1.2085227966308594
nose,1.0265047550201416,0.0,0.7303298711776733,0.7274444699287415,0.8741536736488342,0.722106397151947,0.7740049362182617,0.7684206962585449,1.0974903106689453,1.2240041494369507,1.1783926486968994,1.0239052772521973,0.9928261041641235,0.9851975440979004,1.0356481075286865,0.9414865970611572,1.0665206909179688,1.0808650255203247,1.1801258325576782,0.9255974888801575,1.0913450717926025,0.9632076025009155,0.9262139201164246,0.9422033429145813,0.894359827041626,1.1267468929290771,1.0360157489776611,0.9014449119567871,1.0882259607315063,0.9606955051422119,1.0399243831634521,1.0208874940872192,1.0987772941589355,0.9659259915351868,1.1170365810394287,1.0711365938186646,1.0909980535507202,1.0905989408493042,1.1127815246582031,1.0936460494995117,1.2625550031661987,1.0191718339920044,1.1097230911254883,0.709247350692749,1.1568825244903564,1.217616081237793,1.1892368793487549,1.1044301986694336,1.0685001611709595,0.9933844208717346,1.191573143005371,1.0616611242294312,1.0651748180389404,1.0912050008773804,0.8849930763244629,0.9289584159851074,0.9880557656288147,0.9809447526931763,1.0427926778793335,1.1449977159500122,1.0033340454101562,1.1281614303588867,1.0382280349731445,1.137347936630249,1.0923024415969849,1.165515422821045,1.2240970134735107
face,0.9829728603363037,0.7303298711776733,0.0,0.6511024236679077,0.9125007390975952,0.8094100952148438,0.8934385776519775,0.9217439889907837,1.152160882949829,1.1358776092529297,1.1213701963424683,0.9565199613571167,0.9592083692550659,1.0208059549331665,1.0425070524215698,0.9076667428016663,1.0098493099212646,0.9010059833526611,1.0491689443588257,1.0886893272399902,1.1796329021453857,0.7869877815246582,0.8973007798194885,0.8584891557693481,0.8032846450805664,1.1590394973754883,1.0430947542190552,0.9625147581100464,1.0650784969329834,1.0399903059005737,1.1333786249160767,1.0742950439453125,1.1951504945755005,0.8072084188461304,1.0169517993927002,1.1469372510910034,1.0801398754119873,1.0128453969955444,1.0879299640655518,1.1360042095184326,1.1011059284210205,1.156368613243103,1.0722155570983887,0.7269992232322693,1.0923216342926025,1.210302472114563,1.223716378211975,1.200366497039795,1.172226071357727,1.1436851024627686,1.2163459062576294,1.1324049234390259,1.073319435119629,1.1448041200637817,1.0869641304016113,1.0935598611831665,1.1256670951843262,1.0380462408065796,1.0511019229888916,1.0834159851074219,0.9844440817832947,1.1891703605651855,1.1380404233932495,1.149735689163208,1.1886110305786133,1.1669785976409912,1.1339950561523438
hair,1.1287744045257568,0.7274444699287415,0.6511024236679077,0.0,0.8377388715744019,0.8718893527984619,0.9528423547744751,0.9899401068687439,1.1791441440582275,1.216805338859558,1.0383636951446533,0.8855136632919312,0.8369930386543274,0.8837304711341858,0.9847890138626099,0.8990777730941772,0.9851277470588684,0.8779535293579102,1.0656129121780396,0.9976000785827637,1.0394532680511475,0.7061724662780762,0.8267835974693298,0.6804796457290649,0.6672800779342651,1.2436494827270508,1.123425006866455,0.7089638710021973,1.1541451215744019,0.932878315448761,1.0164155960083008,1.0569454431533813,1.2682664394378662,0.9235836267471313,1.1512154340744019,1.128572940826416,1.137186050415039,0.9950141310691833,1.1280591487884521,1.1756521463394165,1.1510610580444336,0.9571695327758789,1.06479012966156,0.8200938701629639,1.1111273765563965,1.1627475023269653,1.2869393825531006,1.2539578676223755,1.2363073825836182,1.1649744510650635,1.2216897010803223,1.1112499237060547,1.1336787939071655,1.2294306755065918,1.1315667629241943,1.1328006982803345,1.1493899822235107,1.1532014608383179,1.13372802734375,1.0022152662277222,1.1310923099517822,1.2574471235275269,1.1701973676681519,1.1562503576278687,1.3167213201522827,1.239094614982605,1.1019048690795898
arm,1.0745723247528076,0.8741536736488342,0.9125007390975952,0.8377388715744019,0.0,0.495871901512146,0.7590838670730591,0.8903825879096985,1.1865251064300537,1.142255187034607,1.041973352432251,0.7987639904022217,0.8696469068527222,0.8731509447097778,1.0638654232025146,0.9413169622421265,1.0261088609695435,0.8974713683128357,1.0288716554641724,0.9348313808441162,0.9510952234268188,0.6013461351394653,0.7573037147521973,0.7943405508995056,0.6993098258972168,1.2328191995620728,1.2116637229919434,0.6763054132461548,0.9505965709686279,0.8634867072105408,0.877334713935852,0.8764909505844116,1.0239286422729492,1.1822627782821655,1.1269711256027222,1.0081217288970947,1.0392400026321411,0.9974002242088318,0.9285299777984619,1.0952030420303345,1.2159141302108765,0.9615594148635864,1.2972053289413452,1.089766263961792,1.0729840993881226,1.1351239681243896,1.2120604515075684,1.1184806823730469,1.074826955795288,0.8999103307723999,1.0389779806137085,0.9992169737815857,1.0612455606460571,1.346529483795166,1.206662893295288,1.253983736038208,1.188302993774414,1.212286114692688,0.995778501033783,1.1566722393035889,0.9647213816642761,1.1121870279312134,1.114349603652954,1.0669527053833008,1.1600230932235718,1.106602430343628,1.0210239887237549
hand,0.9419652223587036,0.722106397151947,0.8094100952148438,0.8718893527984619,0.495871901512146,0.0,0.2506144046783447,0.4281620383262634,1.1798195838928223,1.024728536605835,1.1505324840545654,1.065064787864685,1.1815354824066162,1.1828200817108154,1.1738523244857788,1.0546419620513916,1.0490360260009766,1.1054365634918213,1.0900887250900269,1.0649579763412476,1.1451735496520996,0.9672267436981201,0.9081120491027832,1.0417205095291138,0.8944165110588074,1.0109145641326904,1.0400002002716064,0.775734007358551,0.7716036438941956,1.1594700813293457,1.1249408721923828,1.0130006074905396,1.0600481033325195,1.053332805633545,1.0374095439910889,1.0623326301574707,1.0423650741577148,0.9696264863014221,1.0154469013214111,1.0669915676116943,1.2003566026687622,1.0062249898910522,1.1141400337219238,0.8795813322067261,1.0799202919006348,1.0386285781860352,1.1085050106048584,1.011758804321289,0.9255892038345337,0.6593519449234009,1.06218421459198,0.8967208862304688,0.8629056215286255,1.1756139993667603,0.9959160089492798,1.0493206977844238,1.0159684419631958,0.9946622848510742,0.8740442395210266,1.1027324199676514,0.8751220703125,1.0342633724212646,1.0793101787567139,1.0775562524795532,1.0763314962387085,1.1510515213012695,1.1434085369110107
finger,0.9128023386001587,0.7740049362182617,0.8934385776519775,0.9528423547744751,0.7590838670730591,0.2506144046783447,0.0,0.11106133460998535,1.2079013586044312,0.8722354769706726,1.3253809213638306,1.2912338972091675,1.3132612705230713,1.3356165885925293,1.3040461540222168,1.1301568746566772,1.1960806846618652,1.2775382995605469,1.1023322343826294,1.2690160274505615,1.254683256149292,1.1421960592269897,1.185638666152954,1.1586459875106812,0.9884693026542664,0.7977303266525269,1.0515387058258057,0.9434797167778015,0.9401776194572449,1.312038779258728,1.2232692241668701,1.207381248474121,1.1534231901168823,1.0582929849624634,1.1835273504257202,1.2597568035125732,1.2491462230682373,1.1428862810134888,1.1653344631195068,1.2695585489273071,1.1030844449996948,1.0087151527404785,0.933958113193512,0.628569483757019,1.1576462984085083,0.8452260494232178,0.8330647945404053,0.6712408661842346,0.66700279712677,0.6320748329162598,0.8804581761360168,0.9548519849777222,0.9578084349632263,0.8684146404266357,0.886666476726532,0.7589194774627686,0.8346684575080872,0.8462487459182739,0.7444076538085938,1.0603365898132324,0.8612529039382935,1.008777141571045,1.2082319259643555,1.0304385423660278,1.0793269872665405,1.2966331243515015,1.123366355895996
toe,0.900375485420227,0.7684206962585449,0.9217439889907837,0.9899401068687439,0.8903825879096985,0.4281620383262634,0.11106133460998535,0.0,1.1701622009277344,0.8463197946548462,1.3683185577392578,1.3612772226333618,1.346114993095398,1.3647966384887695,1.334930419921875,1.1866332292556763,1.2546131610870361,1.324442982673645,1.1157499551773071,1.3163855075836182,1.2635226249694824,1.1772358417510986,1.2555822134017944,1.1830555200576782,1.0392484664916992,0.6243000626564026,0.925142228603363,0.9425325989723206,0.9652454257011414,1.3381080627441406,1.2480515241622925,1.256427526473999,1.140916109085083,1.0273630619049072,1.228952169418335,1.2840125560760498,1.311218023300171,1.2487918138504028,1.210605263710022,1.2938082218170166,1.027060866355896,1.0123064517974854,0.7763213515281677,0.579468846321106,1.1980388164520264,0.8294669985771179,0.7612892985343933,0.6342513561248779,0.6722726225852966,0.7377607822418213,0.8959248661994934,1.0005278587341309,1.035296082496643,0.7439799308776855,0.8272905349731445,0.6103113293647766,0.743531346321106,0.8099457025527954,0.750672459602356,1.0695617198944092,0.8378617763519287,0.9922527074813843,1.220253825187683,0.9669591784477234,1.0511053800582886,1.304242491722107,1.1452656984329224
lamp,1.0634779930114746,1.0974903106689453,1.152160882949829,1.1791441440582275,1.1865251064300537,1.1798195838928223,1.2079013586044312,1.1701622009277344,0.0,1.015376091003418,0.9125832319259644,1.059873104095459,1.0869804620742798,1.0454546213150024,1.0426855087280273,0.7306398153305054,0.8751806020736694,0.9877821803092957,0.9827185273170471,1.0544263124465942,1.1606521606445312,1.1555836200714111,1.141981840133667,1.227333664894104,1.3075180053710938,1.146098017692566,0.9907790422439575,1.2341686487197876,1.069166660308838,1.064730167388916,1.0285285711288452,1.0793721675872803,0.9014571309089661,1.0391845703125,0.9180221557617188,1.0632374286651611,1.034022331237793,0.9666504263877869,0.9907971024513245,0.9379595518112183,0.9051780700683594,0.9873173832893372,0.8216342926025391,1.0835634469985962,0.6290655136108398,0.84852534532547,0.8859118819236755,0.9457001090049744,0.8883618116378784,0.9750643372535706,1.0050712823867798,0.9538230299949646,1.0930359363555908,0.7586176991462708,0.7844769954681396,0.887867271900177,0.8887532949447632,0.8944122195243835,1.0541430711746216,0.7301799654960632,1.0914924144744873,0.9068242311477661,0.8750162720680237,0.93656986951828,0.8543306589126587,0.9381586909294128,1.0255155563354492
drawer,0.9923912286758423,1.2240041494369507,1.1358776092529297,1.216805338859558,1.142255187034607,1.024728536605835,0.8722354769706726,0.8463197946548462,1.015376091003418,0.0,0.823836088180542,1.1100068092346191,1.051650047302246,1.0860180854797363,0.903645932674408,0.9748586416244507,0.8500365614891052,0.9494519233703613,0.6873497366905212,1.1843674182891846,0.9466289281845093,1.193877100944519,1.1630250215530396,1.2041845321655273,1.1481850147247314,0.7209253311157227,0.8995388746261597,1.210972785949707,1.044674038887024,1.1538201570510864,0.9635501503944397,1.0470818281173706,0.956710159778595,0.9697989225387573,1.0021692514419556,0.9289220571517944,0.609785258769989,0.8965956568717957,0.8787400722503662,0.8463107943534851,0.7284133434295654,0.8963189125061035,0.8128256797790527,0.8626237511634827,1.0870842933654785,0.7971484661102295,0.7645564675331116,0.7141919136047363,0.7094144821166992,0.7662773132324219,0.7580862045288086,1.0402193069458008,0.9732908010482788,0.8696099519729614,1.0372339487075806,0.872803807258606,0.931649386882782,0.8681207895278931,0.9521734118461609,0.8861701488494873,0.9607003331184387,0.9452887773513794,1.1135716438293457,0.8526818752288818,0.9051188230514526,0.899341881275177,0.737259566783905
chair,1.2148209810256958,1.1783926486968994,1.1213701963424683,1.0383636951446533,1.041973352432251,1.1505324840545654,1.3253809213638306,1.3683185577392578,0.9125832319259644,0.823836088180542,0.0,0.6707466840744019,0.6867692470550537,0.7299603819847107,0.6137725114822388,0.8463817834854126,0.7903953790664673,0.7247058749198914,0.8101928234100342,0.7695271372795105,0.6470680236816406,0.8922656774520874,0.7793450355529785,0.9503428339958191,0.9640017151832581,1.1444060802459717,1.0416874885559082,0.9858601093292236,1.0199003219604492,0.7300326824188232,0.6920486092567444,0.756059467792511,0.8609563112258911,0.9776086211204529,0.7815274000167847,0.689352810382843,0.6189020276069641,0.873493492603302,0.8615844249725342,0.5064262747764587,0.8373159170150757,0.9710721969604492,1.0175564289093018,1.2359447479248047,0.9630601406097412,1.0739045143127441,1.1963998079299927,1.29396390914917,1.2279505729675293,1.1208990812301636,1.1794216632843018,0.987015426158905,0.9922515153884888,1.2768056392669678,1.1985008716583252,1.2938278913497925,1.247875690460205,1.2218866348266602,1.2147083282470703,0.9696353077888489,1.1394400596618652,0.9914137721061707,0.8264684081077576,0.9730793237686157,0.8483775854110718,0.7075313329696655,0.8934310674667358
table,1.0433226823806763,1.0239052772521973,0.9565199613571167,0.8855136632919312,0.7987639904022217,1.065064787864685,1.2912338972091675,1.3612772226333618,1.059873104095459,1.1100068092346191,0.6707466840744019,0.0,0.5901526808738708,0.5698583126068115,0.6926486492156982,0.9381901621818542,0.9331426620483398,0.7080916166305542,1.028496265411377,0.5506475567817688,0.7796469330787659,0.689620852470398,0.718326210975647,0.7506416440010071,0.7841461896896362,1.330666184425354,1.0811104774475098,0.9372832179069519,1.0926423072814941,0.7734043002128601,0.9048997759819031,0.8235825896263123,0.9724388718605042,0.93263179063797,0.7618826031684875,0.6680076122283936,0.81977379322052,0.7265245914459229,0.7737263441085815,0.8129296898841858,1.2440613508224487,1.1699471473693848,1.2150388956069946,1.2702131271362305,1.0677298307418823,1.2688727378845215,1.256206750869751,1.34621262550354,1.3434151411056519,1.1808439493179321,1.19431734085083,1.0133682489395142,0.9701054692268372,1.252159833908081,1.1559371948242188,1.2587180137634277,1.22727370262146,1.1641982793807983,1.190812110900879,1.074173927307129,1.0410706996917725,0.785185694694519,0.7474995851516724,1.0850468873977661,0.9413361549377441,0.7648597955703735,0.916694700717926
couch,1.1339993476867676,0.9928261041641235,0.9592083692550659,0.8369930386543274,0.8696469068527222,1.1815354824066162,1.3132612705230713,1.346114993095398,1.0869804620742798,1.051650047302246,0.6867692470550537,0.5901526808738708,0.0,0.09286713600158691,0.5165491104125977,0.7831031680107117,0.8707309365272522,0.7718560695648193,1.0365574359893799,0.8443874716758728,0.666548490524292,0.6868798732757568,0.6677672266960144,0.49950504302978516,0.6343755722045898,1.2561841011047363,1.1122534275054932,0.8259975910186768,1.054901361465454,0.24664485454559326,0.35312891006469727,0.6710986495018005,1.0442475080490112,0.9143194556236267,0.9835416078567505,0.907571017742157,0.8843792080879211,0.8304085731506348,0.9697474241256714,0.834648609161377,1.1360604763031006,1.1758347749710083,1.3497923612594604,1.1887134313583374,1.2192494869232178,1.3460572957992554,1.4099433422088623,1.3693156242370605,1.3920619487762451,1.3378567695617676,1.3151741027832031,1.2016732692718506,1.1686170101165771,1.353713035583496,1.2892661094665527,1.3370980024337769,1.2842597961425781,1.2864868640899658,1.2493234872817993,1.0536596775054932,1.2124953269958496,1.2398419380187988,1.099229097366333,1.2833898067474365,1.20987868309021,1.0360971689224243,1.0746243000030518
bed,1.1766005754470825,0.9851975440979004,1.0208059549331665,0.8837304711341858,0.8731509447097778,1.1828200817108154,1.3356165885925293,1.3647966384887695,1.0454546213150024,1.0860180854797363,0.7299603819847107,0.5698583126068115,0.09286713600158691,0.0,0.4680885076522827,0.8242247700691223,0.8445429801940918,0.8051095008850098,1.100919246673584,0.7737946510314941,0.6174466609954834,0.6955419778823853,0.6742400527000427,0.49965155124664307,0.6586687564849854,1.2774513959884644,1.1093542575836182,0.8160185813903809,1.0349987745285034,0.18958961963653564,0.30209124088287354,0.6389025449752808,0.9900235533714294,0.9056271314620972,0.9397146105766296,0.8556177020072937,0.8733856081962585,0.8248581290245056,0.9029489159584045,0.8034690618515015,1.1851584911346436,1.1798992156982422,1.346361517906189,1.2318135499954224,1.127968192100525,1.309422254562378,1.399633526802063,1.3578858375549316,1.3622883558273315,1.302382230758667,1.3045036792755127,1.1444683074951172,1.1346498727798462,1.339518427848816,1.2531280517578125,1.3224155902862549,1.2618064880371094,1.2925031185150146,1.2756671905517578,1.133300542831421,1.2344504594802856,1.1962876319885254,1.0698353052139282,1.2806668281555176,1.1970624923706055,1.0040700435638428,1.0680599212646484
crib,1.2166314125061035,1.0356481075286865,1.0425070524215698,0.9847890138626099,1.0638654232025146,1.1738523244857788,1.3040461540222168,1.334930419921875,1.0426855087280273,0.903645932674408,0.6137725114822388,0.6926486492156982,0.5165491104125977,0.4680885076522827,0.0,0.788358211517334,0.7256850004196167,0.7931516170501709,0.9781550168991089,0.8059974908828735,0.7636056542396545,0.8599073886871338,0.7273550033569336,0.7975045442581177,0.8864325881004333,1.2692713737487793,1.0526293516159058,0.9348860383033752,1.0418702363967896,0.6176034212112427,0.6919984817504883,0.7921092510223389,1.0665619373321533,0.7384815812110901,0.6670544147491455,0.7731618881225586,0.7164307832717896,0.8190879225730896,1.0123392343521118,0.5466709136962891,1.0277396440505981,1.0947635173797607,1.278963327407837,1.2267403602600098,1.0713605880737305,1.1769993305206299,1.3366458415985107,1.3123724460601807,1.290144443511963,1.2570090293884277,1.280564308166504,1.0273687839508057,0.9934028387069702,1.3203105926513672,1.2645301818847656,1.2797495126724243,1.2694305181503296,1.2817615270614624,1.261601448059082,1.0006847381591797,1.2054392099380493,1.143444538116455,1.0049265623092651,1.161677360534668,1.072008728981018,0.7890070080757141,0.9728396534919739
window,1.1327910423278809,0.9414865970611572,0.9076667428016663,0.8990777730941772,0.9413169622421265,1.0546419620513916,1.1301568746566772,1.1866332292556763,0.7306398153305054,0.9748586416244507,0.8463817834854126,0.9381901621818542,0.7831031680107117,0.8242247700691223,0.788358211517334,0.0,0.5685679912567139,0.757851243019104,0.9329752922058105,1.0355916023254395,0.9127766489982605,0.9110017418861389,0.9731758236885071,0.9937055706977844,0.9795239567756653,1.2362046241760254,1.1638342142105103,1.0815354585647583,1.177135705947876,0.9118830561637878,0.9105449914932251,1.065096378326416,1.1061044931411743,1.0023767948150635,1.1021754741668701,1.0917222499847412,1.0376105308532715,1.00155508518219,1.0143922567367554,1.0119247436523438,1.0524828433990479,1.1165406703948975,1.1521975994110107,0.9591876268386841,0.9351148009300232,1.1402007341384888,1.1844711303710938,1.1467080116271973,1.0865957736968994,1.1368911266326904,1.194029688835144,1.2060089111328125,1.1934950351715088,1.160855770111084,1.1679943799972534,1.2420798540115356,1.231073021888733,1.1619374752044678,1.169168472290039,0.7910377979278564,1.1908044815063477,1.1513011455535889,1.0984392166137695,1.1723322868347168,1.156127691268921,1.087587594985962,1.0903239250183105
door,1.0785154104232788,1.0665206909179688,1.0098493099212646,0.9851277470588684,1.0261088609695435,1.0490360260009766,1.1960806846618652,1.2546131610870361,0.8751806020736694,0.8500365614891052,0.7903953790664673,0.9331426620483398,0.8707309365272522,0.8445429801940918,0.7256850004196167,0.5685679912567139,0.0,0.6283620595932007,0.8366745710372925,0.9118287563323975,0.9255564212799072,0.9491105079650879,0.9155764579772949,1.0068703889846802,0.8842275142669678,1.2499432563781738,1.1426340341567993,1.0570324659347534,1.1489918231964111,0.9511796236038208,0.9385526776313782,0.9849650859832764,1.0981662273406982,1.0319737195968628,1.0235515832901,1.0041759014129639,0.7720202803611755,0.9346728920936584,0.9710285663604736,0.9117357730865479,1.0265164375305176,1.1067217588424683,1.207043170928955,1.1619888544082642,0.9998247027397156,1.1987553834915161,1.3013825416564941,1.2049716711044312,1.1841940879821777,1.1323513984680176,1.1946039199829102,1.0596723556518555,0.9597311615943909,1.1911072731018066,1.1436558961868286,1.2347818613052368,1.1231589317321777,1.1162068843841553,1.1082919836044312,0.9696954488754272,1.103276252746582,1.0732145309448242,1.0857466459274292,1.0138908624649048,1.1513715982437134,0.985245406627655,0.9525380730628967
refrigerator,1.1754367351531982,1.0808650255203247,0.9010059833526611,0.8779535293579102,0.8974713683128357,1.1054365634918213,1.2775382995605469,1.324442982673645,0.9877821803092957,0.9494519233703613,0.7247058749198914,0.7080916166305542,0.7718560695648193,0.8051095008850098,0.7931516170501709,0.757851243019104,0.6283620595932007,0.0,0.4286075830459595,0.8830108046531677,0.9512685537338257,0.8116565346717834,0.8713225722312927,0.8943870067596436,0.9125781655311584,1.3039534091949463,1.07054603099823,0.9833046793937683,1.1368415355682373,0.9110010862350464,0.9616744518280029,0.8650117516517639,0.9972549676895142,1.020019769668579,0.9922758340835571,0.8745191097259521,0.7881112098693848,0.8275063633918762,0.8264002799987793,0.927425742149353,1.049696922302246,1.1155956983566284,1.1268134117126465,1.1810146570205688,0.9894009232521057,1.1850601434707642,1.2938365936279297,1.3170286417007446,1.297255039215088,1.177094578742981,1.174377679824829,1.0234968662261963,1.0780680179595947,1.2737764120101929,1.2163732051849365,1.2478101253509521,1.2001736164093018,1.1756535768508911,1.2099248170852661,0.9550442099571228,1.08419668674469,1.100885272026062,1.0050067901611328,0.9680289626121521,1.0138221979141235,0.88634192943573,0.7878706455230713
oven,1.1142256259918213,1.1801258325576782,1.0491689443588257,1.0656129121780396,1.0288716554641724,1.0900887250900269,1.1023322343826294,1.1157499551773071,0.9827185273170471,0.6873497366905212,0.8101928234100342,1.028496265411377,1.0365574359893799,1.100919246673584,0.9781550168991089,0.9329752922058105,0.8366745710372925,0.4286075830459595,0.0,1.1079444885253906,1.086936593055725,1.0907869338989258,1.0761820077896118,1.0810859203338623,1.0849791765213013,0.9526566863059998,0.9104349613189697,1.06222665309906,0.9532464146614075,1.109065055847168,0.9972352981567383,0.944290280342102,0.8605780601501465,1.0577871799468994,1.0739861726760864,0.9151418209075928,0.8305314779281616,0.8630363345146179,0.8101630806922913,0.9918223023414612,0.802990198135376,1.02284836769104,0.8793548941612244,1.0262751579284668,0.9687866568565369,0.8951266407966614,1.0194768905639648,1.0657532215118408,1.0530281066894531,1.0150972604751587,0.846820056438446,1.0617128610610962,1.0977228879928589,1.0845942497253418,1.1385923624038696,1.0898809432983398,1.134924054145813,1.0660640001296997,1.1240698099136353,0.8516921997070312,1.0085302591323853,1.0306141376495361,1.0411263704299927,0.8478941917419434,0.8592917919158936,0.9243161678314209,0.611811101436615
sink,1.058053731918335,0.9255974888801575,1.0886893272399902,0.9976000785827637,0.9348313808441162,1.0649579763412476,1.2690160274505615,1.3163855075836182,1.0544263124465942,1.1843674182891846,0.7695271372795105,0.5506475567817688,0.8443874716758728,0.7737946510314941,0.8059974908828735,1.0355916023254395,0.9118287563323975,0.8830108046531677,1.1079444885253906,0.0,0.49269258975982666,0.9655272960662842,0.8951067924499512,0.9677525162696838,0.9415388703346252,1.2907196283340454,1.0954015254974365,0.9804452061653137,1.0749212503433228,0.8766134977340698,1.005997896194458,0.8813118934631348,0.9716413617134094,1.108328938484192,0.8369778990745544,0.4394580125808716,0.6651755571365356,0.924130916595459,0.8879499435424805,0.6457126140594482,1.2997214794158936,1.0206727981567383,1.2575311660766602,1.301153540611267,1.0067445039749146,1.1780225038528442,1.1674621105194092,1.3958687782287598,1.3579144477844238,1.2312464714050293,1.2168958187103271,0.907026469707489,0.8135491013526917,1.31202232837677,1.113790512084961,1.2321735620498657,1.1610321998596191,1.1850855350494385,1.1958255767822266,1.1717503070831299,1.0647855997085571,0.6263323426246643,0.3038020133972168,1.0253894329071045,0.7112284898757935,0.504680871963501,0.814569354057312
bathtub,1.0923950672149658,1.0913450717926025,1.1796329021453857,1.0394532680511475,0.9510952234268188,1.1451735496520996,1.254683256149292,1.2635226249694824,1.1606521606445312,0.9466289281845093,0.6470680236816406,0.7796469330787659,0.666548490524292,0.6174466609954834,0.7636056542396545,0.9127766489982605,0.9255564212799072,0.9512685537338257,1.086936593055725,0.49269258975982666,0.0,0.9084886312484741,0.811730146408081,0.8778505921363831,0.8502064347267151,1.1515920162200928,1.0615575313568115,0.9856020212173462,0.9866732954978943,0.6717023849487305,0.6809384822845459,0.8086193799972534,0.8773587346076965,1.0905948877334595,0.9609464406967163,0.5372050404548645,0.6975429058074951,0.9657894968986511,0.8558840751647949,0.7409160733222961,1.1014741659164429,1.0041759014129639,1.2017817497253418,1.2393004894256592,1.1341944932937622,1.1671189069747925,1.1430199146270752,1.2076613903045654,1.2574706077575684,1.219233512878418,1.1261744499206543,1.0487638711929321,0.8831203579902649,1.1768361330032349,1.1374742984771729,1.1772748231887817,1.121609091758728,1.1439666748046875,1.1233301162719727,1.1840734481811523,1.189987063407898,0.9027190804481506,0.7321672439575195,1.0012298822402954,0.8951849937438965,0.7103524208068848,0.8816940188407898
shirt,1.1329352855682373,0.9632076025009155,0.7869877815246582,0.7061724662780762,0.6013461351394653,0.9672267436981201,1.1421960592269897,1.1772358417510986,1.1555836200714111,1.193877100944519,0.8922656774520874,0.689620852470398,0.6868798732757568,0.6955419778823853,0.8599073886871338,0.9110017418861389,0.9491105079650879,0.8116565346717834,1.0907869338989258,0.9655272960662842,0.9084886312484741,0.0,0.49257004261016846,0.36813002824783325,0.44801098108291626,1.2391307353973389,1.0384198427200317,0.7241122722625732,1.0882396697998047,0.6822969913482666,0.8521807193756104,0.8351560235023499,1.1988457441329956,0.8898686170578003,0.9892327785491943,0.972530722618103,1.013250708580017,0.9098803400993347,1.0087400674819946,1.0537850856781006,1.1579481363296509,1.172338843345642,1.229885220527649,1.0432016849517822,1.1788749694824219,1.2880045175552368,1.3788138628005981,1.3018254041671753,1.311033010482788,1.201728105545044,1.2970582246780396,1.061444640159607,1.0945823192596436,1.263713002204895,1.2301151752471924,1.2683684825897217,1.1993926763534546,1.274308204650879,1.1314542293548584,1.2138663530349731,1.126151442527771,1.2282304763793945,1.147536277770996,1.1847529411315918,1.2149604558944702,1.0645846128463745,1.0367342233657837
bib,1.0203300714492798,0.9262139201164246,0.8973007798194885,0.8267835974693298,0.7573037147521973,0.9081120491027832,1.185638666152954,1.2555822134017944,1.141981840133667,1.1630250215530396,0.7793450355529785,0.718326210975647,0.6677672266960144,0.6742400527000427,0.7273550033569336,0.9731758236885071,0.9155764579772949,0.8713225722312927,1.0761820077896118,0.8951067924499512,0.811730146408081,0.49257004261016846,0.0,0.4593057632446289,0.5825039744377136,1.21193265914917,0.9831511378288269,0.6158782243728638,0.7905863523483276,0.5447873473167419,0.5898568034172058,0.4538170099258423,0.8069941997528076,0.8463435769081116,0.8663643598556519,0.8935728669166565,0.8403322696685791,0.862051248550415,0.9213563799858093,0.7214768528938293,1.0346465110778809,1.1522220373153687,1.1629292964935303,1.2061986923217773,1.1607694625854492,1.323880910873413,1.4019756317138672,1.352361798286438,1.3797473907470703,1.197826862335205,1.3804148435592651,1.0643433332443237,0.9324759244918823,1.2834253311157227,1.1667944192886353,1.2694520950317383,1.181432843208313,1.227539300918579,0.9362906217575073,1.129300832748413,1.0735336542129517,1.0885274410247803,1.0123265981674194,1.0283796787261963,1.0756748914718628,0.8612570762634277,1.1021783351898193
pajamas,1.1305756568908691,0.9422033429145813,0.8584891557693481,0.6804796457290649,0.7943405508995056,1.0417205095291138,1.1586459875106812,1.1830555200576782,1.227333664894104,1.2041845321655273,0.9503428339958191,0.7506416440010071,0.49950504302978516,0.49965155124664307,0.7975045442581177,0.9937055706977844,1.0068703889846802,0.8943870067596436,1.0810859203338623,0.9677525162696838,0.8778505921363831,0.36813002824783325,0.4593057632446289,0.0,0.38348257541656494,1.1264206171035767,0.9591547846794128,0.5801368951797485,0.972266674041748,0.4255988597869873,0.5963861346244812,0.6449190378189087,1.1426270008087158,0.9382312297821045,1.0347248315811157,0.9867561459541321,1.0363438129425049,0.9267778992652893,1.0424970388412476,0.9613397121429443,1.1455217599868774,1.164331316947937,1.2462584972381592,1.0919185876846313,1.231472134590149,1.3485503196716309,1.4168399572372437,1.3260315656661987,1.3714041709899902,1.2798792123794556,1.331167459487915,1.154404640197754,1.0899111032485962,1.3208441734313965,1.2169744968414307,1.2746936082839966,1.20198655128479,1.307571291923523,1.1823147535324097,1.2245519161224365,1.197043776512146,1.3023005723953247,1.1753666400909424,1.2418222427368164,1.23324716091156,1.100286841392517,1.074680209159851
pants,1.0660837888717651,0.894359827041626,0.8032846450805664,0.6672800779342651,0.6993098258972168,0.8944165110588074,0.9884693026542664,1.0392484664916992,1.3075180053710938,1.1481850147247314,0.9640017151832581,0.7841461896896362,0.6343755722045898,0.6586687564849854,0.8864325881004333,0.9795239567756653,0.8842275142669678,0.9125781655311584,1.0849791765213013,0.9415388703346252,0.8502064347267151,0.44801098108291626,0.5825039744377136,0.38348257541656494,0.0,1.1552672386169434,1.065201759338379,0.5929400324821472,1.022959589958191,0.6670710444450378,0.7584612369537354,0.7704448699951172,1.1755774021148682,0.9350740909576416,1.1507306098937988,1.0201046466827393,1.0187691450119019,0.9481111168861389,1.0844330787658691,1.0963493585586548,1.232511281967163,1.2445677518844604,1.330701470375061,1.059775948524475,1.3683133125305176,1.4094667434692383,1.4573125839233398,1.3679234981536865,1.3945523500442505,1.2483857870101929,1.3400797843933105,1.2250745296478271,1.085730791091919,1.374739408493042,1.2151187658309937,1.2910912036895752,1.2197147607803345,1.2660778760910034,1.1569372415542603,1.2478002309799194,1.1495921611785889,1.283583641052246,1.1932717561721802,1.2891089916229248,1.3069709539413452,1.1797094345092773,1.0830098390579224
slipper,0.8282601833343506,1.1267468929290771,1.1590394973754883,1.2436494827270508,1.2328191995620728,1.0109145641326904,0.7977303266525269,0.6243000626564026,1.146098017692566,0.7209253311157227,1.1444060802459717,1.330666184425354,1.2561841011047363,1.2774513959884644,1.2692713737487793,1.2362046241760254,1.2499432563781738,1.3039534091949463,0.9526566863059998,1.2907196283340454,1.1515920162200928,1.2391307353973389,1.21193265914917,1.1264206171035767,1.1552672386169434,0.0,0.5472996830940247,0.7940884828567505,0.7705016136169434,1.1666642427444458,0.9731722474098206,1.018546462059021,0.9607435464859009,1.0157928466796875,1.0413846969604492,1.1246625185012817,1.0829238891601562,1.1385610103607178,1.0880059003829956,1.08253812789917,0.7140288352966309,0.9080712795257568,0.645067572593689,0.817501425743103,1.0646976232528687,0.764004111289978,0.5904144644737244,0.742159366607666,0.8093626499176025,0.8381210565567017,0.7145085334777832,1.0054141283035278,1.0148067474365234,0.817146897315979,0.8783271312713623,0.7855432629585266,0.8594732880592346,0.880833625793457,0.7323343753814697,1.047393560409546,0.857498049736023,0.915885865688324,1.113107681274414,0.9025077819824219,0.9594054222106934,1.0942251682281494,1.0237832069396973
shoe,0.9897382855415344,1.0360157489776611,1.0430947542190552,1.123425006866455,1.2116637229919434,1.0400002002716064,1.0515387058258057,0.925142228603363,0.9907790422439575,0.8995388746261597,1.0416874885559082,1.0811104774475098,1.1122534275054932,1.1093542575836182,1.0526293516159058,1.1638342142105103,1.1426340341567993,1.07054603099823,0.9104349613189697,1.0954015254974365,1.0615575313568115,1.0384198427200317,0.9831511378288269,0.9591547846794128,1.065201759338379,0.5472996830940247,0.0,0.8648545742034912,0.7075287103652954,1.1022632122039795,1.058462381362915,0.8833962678909302,0.8662621974945068,0.9360527396202087,0.9648023843765259,0.9503831267356873,0.9054059386253357,0.9132860898971558,0.9738040566444397,0.9123332500457764,0.8014011383056641,1.0288995504379272,0.8063098788261414,0.9167457222938538,1.1011464595794678,0.9637534022331238,0.9345397353172302,1.0844639539718628,1.0892802476882935,0.9654489755630493,0.9996832013130188,0.9454067349433899,0.9870933294296265,0.9963656663894653,1.0180593729019165,1.0053653717041016,1.0459381341934204,1.0014219284057617,1.022170901298523,0.9595903754234314,0.9956415891647339,1.0290924310684204,0.9786372184753418,0.9370930194854736,0.9290680885314941,0.9756470918655396,1.0294771194458008
sock,1.0569032430648804,0.9014449119567871,0.9625147581100464,0.7089638710021973,0.6763054132461548,0.775734007358551,0.9434797167778015,0.9425325989723206,1.2341686487197876,1.210972785949707,0.9858601093292236,0.9372832179069519,0.8259975910186768,0.8160185813903809,0.9348860383033752,1.0815354585647583,1.0570324659347534,0.9833046793937683,1.06222665309906,0.9804452061653137,0.9856020212173462,0.7241122722625732,0.6158782243728638,0.5801368951797485,0.5929400324821472,0.7940884828567505,0.8648545742034912,0.0,0.8101454973220825,0.7238789796829224,0.7624444961547852,0.7052895426750183,1.0663259029388428,0.9521209001541138,1.016447901725769,1.088762640953064,1.0180777311325073,1.010101079940796,1.1164698600769043,0.9574306011199951,1.1391348838806152,1.0240086317062378,1.1035722494125366,1.1355531215667725,1.064112663269043,1.2162772417068481,1.3121438026428223,1.2802454233169556,1.305199146270752,1.1181691884994507,1.249089002609253,1.046197533607483,0.9839375019073486,1.3601062297821045,1.1615906953811646,1.2447614669799805,1.2122166156768799,1.2941515445709229,1.086098551750183,1.1739096641540527,1.0559892654418945,1.2685582637786865,1.1455949544906616,1.115691065788269,1.1577033996582031,1.0886269807815552,1.0812151432037354
glove,0.8562334775924683,1.0882259607315063,1.0650784969329834,1.1541451215744019,0.9505965709686279,0.7716036438941956,0.9401776194572449,0.9652454257011414,1.069166660308838,1.044674038887024,1.0199003219604492,1.0926423072814941,1.054901361465454,1.0349987745285034,1.0418702363967896,1.177135705947876,1.1489918231964111,1.1368415355682373,0.9532464146614075,1.0749212503433228,0.9866732954978943,1.0882396697998047,0.7905863523483276,0.972266674041748,1.022959589958191,0.7705016136169434,0.7075287103652954,0.8101454973220825,0.0,0.9075014591217041,0.8431172370910645,0.6100894212722778,0.523076057434082,0.9563297033309937,0.9331957101821899,1.0231658220291138,0.9815714955329895,1.0714998245239258,0.9598401784896851,0.8624257445335388,0.850481390953064,1.0260064601898193,0.785070538520813,1.104910969734192,0.9459975957870483,0.9677669405937195,0.9647594094276428,1.1154054403305054,1.084276556968689,0.9213871955871582,1.0264825820922852,0.9653506875038147,0.963153600692749,1.0038944482803345,1.0109381675720215,1.0400851964950562,1.0276752710342407,0.9491508603096008,0.9076862335205078,0.9918765425682068,0.9715538024902344,1.0649420022964478,0.9958791136741638,0.9872708916664124,0.924915075302124,0.8982108235359192,1.0783758163452148
blanket,1.1618561744689941,0.9606955051422119,1.0399903059005737,0.932878315448761,0.8634867072105408,1.1594700813293457,1.312038779258728,1.3381080627441406,1.064730167388916,1.1538201570510864,0.7300326824188232,0.7734043002128601,0.24664485454559326,0.18958961963653564,0.6176034212112427,0.9118830561637878,0.9511796236038208,0.9110010862350464,1.109065055847168,0.8766134977340698,0.6717023849487305,0.6822969913482666,0.5447873473167419,0.4255988597869873,0.6670710444450378,1.1666642427444458,1.1022632122039795,0.7238789796829224,0.9075014591217041,0.0,0.13375473022460938,0.4154340624809265,0.8216074705123901,1.020526647567749,1.0382071733474731,0.904395341873169,0.9510728120803833,0.9529658555984497,0.9239761829376221,0.7463995814323425,1.0929688215255737,1.1752854585647583,1.2579212188720703,1.2226831912994385,1.1138041019439697,1.2638802528381348,1.3740184307098389,1.3305789232254028,1.344216227531433,1.3105862140655518,1.29959237575531,1.159974455833435,1.1329585313796997,1.3113696575164795,1.1921870708465576,1.2918249368667603,1.2229080200195312,1.2945929765701294,1.1687836647033691,1.161956787109375,1.1553813219070435,1.1902492046356201,1.072023868560791,1.2024319171905518,1.1582280397415161,1.0388988256454468,1.1425176858901978
pillow,1.1232876777648926,1.0399243831634521,1.1333786249160767,1.0164155960083008,0.877334713935852,1.1249408721923828,1.2232692241668701,1.2480515241622925,1.0285285711288452,0.9635501503944397,0.6920486092567444,0.9048997759819031,0.35312891006469727,0.30209124088287354,0.6919984817504883,0.9105449914932251,0.9385526776313782,0.9616744518280029,0.9972352981567383,1.005997896194458,0.6809384822845459,0.8521807193756104,0.5898568034172058,0.5963861346244812,0.7584612369537354,0.9731722474098206,1.058462381362915,0.7624444961547852,0.8431172370910645,0.13375473022460938,0.0,0.4063761234283447,0.6798973083496094,1.0313804149627686,1.079001545906067,0.9407486915588379,0.907514214515686,0.9656454920768738,0.8710145950317383,0.7041493654251099,0.9364495277404785,1.1299159526824951,1.1324764490127563,1.161707878112793,1.0634478330612183,1.119912028312683,1.2002744674682617,1.1822264194488525,1.2050373554229736,1.1730118989944458,1.1293482780456543,1.1573511362075806,1.1442432403564453,1.2185685634613037,1.1267857551574707,1.2325736284255981,1.1916913986206055,1.2072246074676514,1.0505750179290771,1.0781080722808838,1.1201335191726685,1.1123714447021484,1.060880422592163,1.0918205976486206,1.0649480819702148,1.0147262811660767,1.0925761461257935
