,zebra,giraffe,deer,pony,horse,pig,rooster,penguin,bird,duck,fish,butterfly,frog,alligator,owl,elephant,bear,cat,dog,face,hair,arm,hand,leg,foot,ankle,finger,toe,tooth,ear,nose,eye,mouth,stroller,motorcycle,tricycle,truck,car,lamp,chair,bench,drawer,ladder,window,door,closet,shower,refrigerator,oven,crib,bed,couch,table,bathtub,sink,boat,slide,hose,sprinkler,swing,grass,tree,snow,helicopter,firetruck,clock,ball,balloon,pumpkin,egg,orange,apple,potato,strawberry,hat,slipper,watch,nail,raisin,glasses,necklace,carrot,vacuum,broom,mop,stick,shovel,scissors,spoon,fork,knife,pencil,pen,crayon,plant,flower,soap,bottle,cup,can,belt,radio,basket,milk,jar,bucket,tape,bowl,plate,corn,pickle,banana,melon,bread,cookie,toast,cracker,sandwich,chips,pizza,hamburger,muffin,pastry,meat,pasta,sauce,soup,applesauce,glass,coffee,dish,tray,box,book,paper,rock,comb,toothbrush,gum,toy,doll,mitten,glove,sock,shoe,purse,pillow,towel,napkin,blanket,dress,pajamas,bib,scarf,coat,jacket,sweater,shirt,jeans,pants,shorts,cloud,game
zebra,0.0,0.8149598836898804,1.202538013458252,1.1083539724349976,0.6498630046844482,1.130131721496582,1.300135850906372,1.2101410627365112,0.9475418329238892,1.1092920303344727,1.2319833040237427,1.197812795639038,1.2407556772232056,0.9143601655960083,0.8898853063583374,0.4883989095687866,0.7511289119720459,0.6727586984634399,0.9167364239692688,0.7114582061767578,0.7283861637115479,0.543089747428894,0.8960995078086853,0.8431347608566284,0.9734018445014954,1.1036667823791504,1.073632001876831,1.0994281768798828,1.226114273071289,1.1150474548339844,0.9734672904014587,1.1293197870254517,1.0793224573135376,0.7909002304077148,0.8287373781204224,,0.8086826801300049,0.736661970615387,1.1758968830108643,0.5895224809646606,0.5480352640151978,0.9251524209976196,0.7193575501441956,0.5958235263824463,0.7707517743110657,0.5823563933372498,0.7458903789520264,0.695777416229248,1.0036684274673462,0.5666260719299316,0.503170907497406,0.47708868980407715,0.6403153538703918,0.6171146631240845,0.787121057510376,0.7839536666870117,0.6576859354972839,0.8619996309280396,1.2635551691055298,0.7315537333488464,0.9036489129066467,0.8664936423301697,0.6747890114784241,0.9218634366989136,0.9376133680343628,1.2989044189453125,1.167616367340088,1.2366163730621338,1.1227394342422485,1.1421321630477905,1.266129970550537,1.2661387920379639,0.996728241443634,1.2750142812728882,1.0913636684417725,1.2479097843170166,1.2354607582092285,1.174604058265686,1.2108275890350342,1.1567771434783936,1.1306431293487549,1.1976114511489868,1.0610383749008179,1.119904637336731,,0.9399269819259644,1.272672176361084,1.2300117015838623,1.3413668870925903,1.2264320850372314,1.1546659469604492,1.3273367881774902,1.313014030456543,1.327878475189209,1.2414923906326294,1.2841606140136719,1.3179749250411987,1.3056997060775757,1.345458745956421,1.2115064859390259,1.2131319046020508,1.2779016494750977,1.159656047821045,1.1597182750701904,1.0946025848388672,1.3092670440673828,1.3640230894088745,1.3367516994476318,1.2484632730484009,1.1471635103225708,1.1854230165481567,1.1650450229644775,0.9624217748641968,1.3194247484207153,1.3130115270614624,1.0677361488342285,1.2063777446746826,0.9686949849128723,1.061691403388977,1.1057114601135254,1.083777666091919,1.1999748945236206,0.9705267548561096,0.9310288429260254,,1.1428515911102295,1.2751073837280273,1.0174309015274048,0.8695769309997559,1.1655758619308472,1.1042128801345825,1.1258701086044312,1.0404107570648193,1.2271963357925415,0.8772854804992676,0.8164055943489075,0.8614364862442017,1.0843156576156616,1.3540229797363281,1.3078622817993164,1.096624493598938,0.8072291612625122,0.9410508275032043,0.846161961555481,0.8703128099441528,1.0233206748962402,0.7351304888725281,1.1119248867034912,1.1740787029266357,0.5586533546447754,0.41014838218688965,0.4608539342880249,0.588930606842041,0.5734348297119141,0.47690093517303467,0.4198347330093384,0.40826141834259033,0.42239201068878174,0.5538353323936462,0.487537145614624,0.6051777005195618,,1.0920172929763794
giraffe,0.8149598836898804,0.0,0.7933385372161865,0.8970369696617126,0.641725480556488,0.8770618438720703,1.0991966724395752,1.1261740922927856,0.8748210072517395,0.9318056106567383,1.1347953081130981,1.011473536491394,1.008034348487854,0.7942532896995544,0.603191614151001,0.5530993938446045,0.6470558643341064,0.6761579513549805,0.7816839218139648,0.9362898468971252,1.037374496459961,0.7922838926315308,1.030975341796875,1.1167453527450562,1.191251277923584,1.2098013162612915,1.3221925497055054,1.3807001113891602,1.279323935508728,1.2471567392349243,1.2409240007400513,1.243617296218872,1.2188862562179565,0.9190963506698608,0.8187791109085083,,0.8674494028091431,0.7385265827178955,0.9972147345542908,0.8649526238441467,0.7834951877593994,1.0081744194030762,0.8030881881713867,0.7852538824081421,0.9170222282409668,0.8275520205497742,0.7806620597839355,0.8562549948692322,1.0351566076278687,0.6091749668121338,0.6674227714538574,0.8447940349578857,0.7131853103637695,0.7588304877281189,0.8745656609535217,0.7175948619842529,0.6364527344703674,0.7835015058517456,1.0409364700317383,0.7278302907943726,0.7023262977600098,0.5932613611221313,0.5639363527297974,0.7983881831169128,0.7939225435256958,1.0334702730178833,1.1940261125564575,1.2179534435272217,1.0720118284225464,1.3118994235992432,1.2755173444747925,1.2440342903137207,0.9955729246139526,1.2808345556259155,1.2606534957885742,1.3732750415802002,1.3147722482681274,1.2554128170013428,1.2709581851959229,1.2690153121948242,1.2446422576904297,1.2709622383117676,1.0841256380081177,1.0904724597930908,,0.83551025390625,1.05397629737854,0.9470868110656738,1.1727358102798462,1.1397590637207031,1.0775853395462036,1.2540175914764404,1.2626547813415527,1.277360200881958,1.123052716255188,1.0725429058074951,1.3326025009155273,1.216202735900879,1.248814344406128,1.2586584091186523,1.1888855695724487,1.1581052541732788,0.7893791198730469,0.9873272776603699,0.9873976707458496,1.1777458190917969,1.2784405946731567,1.1232764720916748,1.0995322465896606,0.9009740948677063,1.2415918111801147,1.0742557048797607,0.9241141080856323,1.2099318504333496,1.1323285102844238,0.9896756410598755,1.0199602842330933,0.987255871295929,0.941155731678009,0.8949075937271118,1.1147222518920898,1.1844592094421387,1.026715874671936,0.8132826089859009,,0.9422561526298523,1.133980393409729,0.8787265419960022,0.7996423244476318,1.1815118789672852,0.8346663117408752,0.8501003980636597,0.9015034437179565,1.0705090761184692,0.809880256652832,0.7080326080322266,0.7310513854026794,0.9794488549232483,1.2099182605743408,1.1200029850006104,1.0707274675369263,0.9056615829467773,1.0315734148025513,1.1498793363571167,0.8959318995475769,0.9546871781349182,0.980608344078064,1.169731855392456,1.1354758739471436,0.6942700147628784,0.7659886479377747,0.750704824924469,0.709368884563446,0.7456849813461304,0.805915117263794,0.7528343796730042,0.8315773010253906,0.8179497122764587,0.935280442237854,0.9801142811775208,0.9648259282112122,,0.9290069341659546
deer,1.202538013458252,0.7933385372161865,0.0,0.16871702671051025,0.6065701842308044,0.5755692720413208,0.577812671661377,0.7565943002700806,0.7656798362731934,0.6720768213272095,0.9171445965766907,0.8747892379760742,0.8677067756652832,0.9274731278419495,0.9793538451194763,1.0452165603637695,0.9844743609428406,0.9608208537101746,0.44162702560424805,1.1215503215789795,1.1528105735778809,1.2633870840072632,1.2091439962387085,1.1655911207199097,1.0492037534713745,1.0143994092941284,1.1878979206085205,1.1264944076538086,1.1137819290161133,1.0299605131149292,1.1639399528503418,1.044663667678833,1.1947404146194458,1.0216394662857056,0.9194959402084351,,1.088352084159851,1.0129066705703735,0.7656757235527039,1.0646989345550537,1.1980128288269043,1.2106590270996094,0.9916920065879822,0.9917768239974976,1.0132181644439697,1.0510331392288208,1.1643136739730835,1.0164262056350708,1.0331876277923584,1.1457562446594238,1.2330775260925293,1.2098244428634644,1.1639137268066406,1.2434412240982056,1.204324722290039,1.2236396074295044,1.1970250606536865,1.003908395767212,0.6766139268875122,1.047461986541748,0.9659742712974548,0.8827612996101379,1.0962835550308228,0.7093355655670166,0.9793914556503296,0.6932646632194519,1.0448076725006104,0.9885311722755432,0.8825628161430359,1.009879231452942,0.9835750460624695,0.9594200253486633,0.9837173223495483,1.0074095726013184,1.1250290870666504,1.0507575273513794,1.063205599784851,1.0456933975219727,1.035809874534607,1.0546116828918457,1.0646355152130127,1.1544911861419678,0.8971154093742371,0.9983457326889038,,0.8784313201904297,0.9006790518760681,0.9446051120758057,0.9153293967247009,0.9591481685638428,1.1076635122299194,1.027143120765686,1.0179808139801025,1.0384105443954468,0.7483692169189453,0.7752528190612793,0.8827231526374817,0.8698829412460327,0.8974926471710205,1.005321741104126,1.0188461542129517,0.8288098573684692,0.8584511280059814,0.9283269643783569,0.992100715637207,0.9636788964271545,0.9779319763183594,0.9595208764076233,1.0814520120620728,1.146941900253296,1.1266788244247437,1.0743916034698486,1.2268171310424805,0.9235160946846008,0.9284051656723022,1.0882354974746704,0.9735952615737915,1.085656762123108,1.0118329524993896,0.9676322340965271,1.0453376770019531,0.93855220079422,1.1010686159133911,0.9823079705238342,,0.9818776845932007,0.9881322383880615,1.1370793581008911,1.121964931488037,1.041612148284912,1.0221474170684814,1.1044288873672485,1.158660888671875,1.0609869956970215,1.1929503679275513,1.1702314615249634,1.2182703018188477,1.2055944204330444,1.1258898973464966,1.0256845951080322,0.8102734088897705,1.2651939392089844,1.155646562576294,1.3580248355865479,1.123366117477417,0.9451196789741516,1.127996563911438,0.9891567826271057,0.9259801506996155,1.2270621061325073,1.2229558229446411,1.2643855810165405,1.260935664176941,1.1692562103271484,1.1837663650512695,1.2646360397338867,1.2398592233657837,1.2245296239852905,1.3418948650360107,1.2940107583999634,1.3417253494262695,,0.9879750609397888
pony,1.1083539724349976,0.8970369696617126,0.16871702671051025,0.0,0.4623832106590271,0.4668620824813843,0.6615399718284607,0.7767127156257629,0.7321453094482422,0.6718558073043823,0.9312669634819031,0.8851402997970581,0.8887669444084167,0.8367475271224976,0.9098142385482788,0.9023941159248352,0.9176137447357178,0.8344677686691284,0.23573285341262817,1.0301637649536133,1.0409518480300903,1.1405364274978638,1.1280934810638428,1.1579053401947021,0.8617439866065979,1.006447196006775,1.111153483390808,1.051566243171692,1.0746066570281982,0.967727780342102,1.0579862594604492,1.027820110321045,1.114245057106018,0.9039692878723145,0.8475106954574585,,1.0129419565200806,0.9804109930992126,0.9491108059883118,0.995464563369751,1.0714445114135742,1.1358288526535034,0.9756012558937073,0.97721266746521,1.0211089849472046,1.0123767852783203,1.1174373626708984,0.9930742383003235,1.0100500583648682,1.0574064254760742,1.094666600227356,1.0285816192626953,1.060860276222229,1.2115060091018677,1.2162585258483887,1.2256661653518677,1.179840326309204,1.0609142780303955,0.870535135269165,0.9918692708015442,0.9725743532180786,1.0211422443389893,1.07395339012146,0.8854616284370422,0.9680347442626953,0.8653902411460876,1.0364151000976562,1.0338283777236938,0.8784916996955872,0.9976162910461426,0.9913990497589111,1.0244406461715698,1.0247962474822998,1.009455680847168,1.07039475440979,1.0385992527008057,1.0636521577835083,1.0593384504318237,1.0156233310699463,1.0393418073654175,1.0228779315948486,1.0938752889633179,0.9644052982330322,1.0218256711959839,,0.9655840396881104,1.0796605348587036,1.0355716943740845,1.020513653755188,1.0657355785369873,1.1950827836990356,1.1141549348831177,1.1073349714279175,1.1063767671585083,0.8726111650466919,0.8822378516197205,0.9618734121322632,0.9714217782020569,0.9818964004516602,0.9787694215774536,1.0627405643463135,0.9303540587425232,0.9355130195617676,0.9790640473365784,1.0402265787124634,1.0068737268447876,1.0564862489700317,1.0181468725204468,1.15665864944458,1.1813127994537354,1.1233341693878174,1.116323709487915,1.193569540977478,0.9039003849029541,0.9684002995491028,1.0517590045928955,0.9438042044639587,1.0058902502059937,1.042075514793396,0.9450384974479675,0.9973711371421814,0.8661026954650879,1.0993274450302124,0.9225568175315857,,0.9626361727714539,1.0447419881820679,1.155266284942627,1.0820399522781372,1.068157434463501,1.0732476711273193,1.122106671333313,1.1127557754516602,1.0842562913894653,1.1604994535446167,1.1025686264038086,1.2045023441314697,1.1967570781707764,1.1383330821990967,1.0325193405151367,0.7198081016540527,1.1514281034469604,1.0518333911895752,1.2083666324615479,1.0445553064346313,0.9222012162208557,0.9685831665992737,0.9882382750511169,0.9561729431152344,1.0723453760147095,1.0541538000106812,1.084460735321045,1.1225265264511108,1.0134625434875488,1.032167673110962,1.0886757373809814,1.0726128816604614,1.0701820850372314,1.136333703994751,1.0733022689819336,1.1365233659744263,,0.9854587316513062
horse,0.6498630046844482,0.641725480556488,0.6065701842308044,0.4623832106590271,0.0,0.6348460912704468,0.984696626663208,0.9644051194190979,0.5596950054168701,0.7109408974647522,0.9967396855354309,0.8945565819740295,0.9248110055923462,0.5417739152908325,0.6296018958091736,0.27053797245025635,0.5715490579605103,0.4353146553039551,0.39969903230667114,0.7470463514328003,0.7663280367851257,0.684388279914856,0.9328113198280334,1.001233696937561,0.8542089462280273,1.2673991918563843,1.1958024501800537,1.262941598892212,1.237743616104126,1.1625510454177856,1.1169527769088745,1.1826832294464111,1.1668392419815063,0.5984103679656982,0.45483821630477905,,0.5728816986083984,0.4696587324142456,1.201829433441162,0.7712578773498535,0.6087338328361511,0.9239323139190674,0.723609447479248,0.7174422740936279,0.8785145282745361,0.694342851638794,0.7424606680870056,0.7799433469772339,1.0169752836227417,0.5999464988708496,0.5991905927658081,0.6083751916885376,0.6578606367111206,0.7371011972427368,0.9182173013687134,0.7825060486793518,0.6532137989997864,0.7979893088340759,1.2002220153808594,0.6657332181930542,0.7206239104270935,0.7570639848709106,0.46803349256515503,0.766413688659668,0.7129232883453369,1.1705989837646484,1.259177327156067,1.3550056219100952,1.1583892107009888,1.2797362804412842,1.343308925628662,1.3439360857009888,1.0689653158187866,1.314772367477417,1.2034049034118652,1.3279684782028198,1.304908275604248,1.2840471267700195,1.228772759437561,1.2206904888153076,1.2267614603042603,1.1726170778274536,1.1111911535263062,1.1448097229003906,,0.923005223274231,1.3188507556915283,1.0041896104812622,1.3807200193405151,1.2890738248825073,1.1732500791549683,1.4060704708099365,1.3710479736328125,1.382420301437378,1.1496871709823608,1.1707236766815186,1.4176772832870483,1.3564519882202148,1.4173877239227295,1.2923007011413574,1.2430189847946167,1.2641780376434326,1.1438732147216797,1.1347378492355347,1.0921335220336914,1.366621971130371,1.4636858701705933,1.361103892326355,1.2883317470550537,1.0904064178466797,1.226423740386963,1.1251816749572754,0.962072491645813,1.2630234956741333,1.2278637886047363,1.0312458276748657,1.0190634727478027,0.9515823125839233,1.0261796712875366,0.9493648409843445,1.1055363416671753,1.0785181522369385,1.0826849937438965,0.7386943101882935,,1.049460530281067,1.23038911819458,1.019423484802246,0.725238561630249,1.2044754028320312,1.0462360382080078,1.0578577518463135,0.9563713073730469,1.1101410388946533,0.7937343716621399,0.7048470377922058,0.8195450305938721,1.0231478214263916,1.2417371273040771,1.211858868598938,0.9117129445075989,0.8055557012557983,0.9159085750579834,1.0682679414749146,0.789858341217041,0.9497103095054626,0.902829110622406,1.2413825988769531,1.267199993133545,0.6521332263946533,0.5968578457832336,0.6058087348937988,0.6417749524116516,0.5591873526573181,0.5709788799285889,0.5247420072555542,0.610160768032074,0.5711629986763,0.6621860861778259,0.610185980796814,0.7110905647277832,,0.9513595104217529
pig,1.130131721496582,0.8770618438720703,0.5755692720413208,0.4668620824813843,0.6348460912704468,0.0,0.8635805249214172,0.7453300952911377,0.73780357837677,0.5400553941726685,0.8139068484306335,0.7378087043762207,0.6870343089103699,0.6113618612289429,0.7282789945602417,0.8220534324645996,0.7622873187065125,0.8313981294631958,0.4392789602279663,0.9317189455032349,0.9655187726020813,0.9175467491149902,0.8483421802520752,1.0759557485580444,0.705231785774231,0.9701346158981323,0.9646098613739014,1.0445553064346313,1.091928482055664,0.9541874527931213,0.9456450343132019,0.9781615138053894,0.9598930478096008,0.856015145778656,0.8500348925590515,,0.9264727234840393,1.054340124130249,1.22115957736969,1.1065438985824585,0.9678860306739807,1.057823657989502,1.092323660850525,1.121091604232788,1.1982671022415161,1.1665927171707153,1.0959699153900146,1.1824618577957153,1.0944428443908691,0.9890294671058655,0.9543238878250122,0.9859415888786316,0.9599578380584717,1.10492742061615,1.1828031539916992,1.024979829788208,1.0336050987243652,0.9438126087188721,1.1454070806503296,1.0307368040084839,0.847606897354126,0.9764883518218994,0.9853368401527405,1.045138955116272,0.8986601233482361,1.0933151245117188,1.1171786785125732,1.192600131034851,0.7915695905685425,1.0913351774215698,1.0624946355819702,1.1283693313598633,0.9008866548538208,1.027493953704834,1.0218794345855713,1.0469437837600708,1.118990421295166,1.1943861246109009,1.0850378274917603,1.0799142122268677,1.0046873092651367,0.966023325920105,1.2303087711334229,1.1851292848587036,,0.9830372333526611,1.1750847101211548,0.9127135872840881,1.0841343402862549,1.1748794317245483,1.1652603149414062,1.1649928092956543,1.1705632209777832,1.170184850692749,1.124293565750122,1.0975459814071655,1.1867029666900635,1.2957983016967773,1.29689359664917,1.1746889352798462,1.09895658493042,1.1707066297531128,1.1198623180389404,1.1319105625152588,1.1733510494232178,1.2050375938415527,1.1717065572738647,1.147812843322754,1.1236770153045654,0.9790220856666565,0.9854186773300171,0.9051316380500793,0.9552369713783264,0.8379424810409546,0.8839991688728333,0.8455387353897095,0.740284264087677,0.7810956239700317,0.8623359799385071,0.8089459538459778,0.8768154382705688,0.6957347393035889,1.0279427766799927,0.6376416087150574,,0.8247779011726379,1.0059155225753784,1.0186409950256348,1.096339464187622,1.0910134315490723,0.9478795528411865,0.9544082283973694,1.0184621810913086,1.0059223175048828,0.9567854404449463,0.9097011685371399,1.0891329050064087,1.05794095993042,1.0678856372833252,0.9356987476348877,0.7045186758041382,0.7521728277206421,0.76070237159729,0.9328881502151489,0.7840549945831299,0.8902627825737,0.934494137763977,1.082987904548645,1.1191037893295288,0.850848913192749,0.9015384912490845,0.8886216878890991,0.8348245024681091,0.8218525648117065,0.9777017831802368,0.9426060318946838,0.9810056090354919,0.9643839597702026,0.8579798340797424,0.8871816992759705,0.8840148448944092,,0.8502006530761719
rooster,1.300135850906372,1.0991966724395752,0.577812671661377,0.6615399718284607,0.984696626663208,0.8635805249214172,0.0,0.49552106857299805,0.697246789932251,0.8557572960853577,0.5759033560752869,0.684862494468689,0.8202437162399292,1.0890395641326904,0.9650741815567017,1.2353184223175049,1.2005195617675781,1.0721291303634644,0.9798073172569275,1.1956673860549927,1.090782642364502,1.4631069898605347,1.3144817352294922,1.0114121437072754,1.0429621934890747,0.8363157510757446,0.94456946849823,0.741077184677124,0.6884587407112122,0.7516384124755859,0.9850714206695557,0.7019903659820557,1.0487911701202393,1.2406212091445923,1.1390492916107178,,1.1895253658294678,1.075640320777893,0.5465935468673706,1.229805827140808,1.4430979490280151,1.2897220849990845,1.2560521364212036,1.1662613153457642,1.0943198204040527,1.2591514587402344,1.2564709186553955,1.1734604835510254,1.027409315109253,1.4411685466766357,1.5114400386810303,1.4339715242385864,1.524428129196167,1.4758203029632568,1.3889001607894897,1.506709337234497,1.4478812217712402,1.2029622793197632,0.4397468566894531,1.269146203994751,1.1739658117294312,1.1072031259536743,1.184614896774292,0.7346775531768799,1.0198911428451538,0.4576375484466553,0.8003727197647095,0.6654672622680664,0.8751720786094666,0.6837179660797119,0.6532361507415771,0.6007192730903625,1.1455597877502441,0.5200430154800415,0.6938415169715881,0.5672614574432373,0.6238839626312256,0.616498589515686,0.43825334310531616,0.6253634691238403,0.764579176902771,0.8535957336425781,0.6763889193534851,0.6995916962623596,,1.028717041015625,0.6969345808029175,0.9906752705574036,0.6850850582122803,0.6240328550338745,0.8679485321044922,0.6800022125244141,0.6075018644332886,0.6271933317184448,0.40282195806503296,0.2967258095741272,0.5217407941818237,0.48183321952819824,0.5340113043785095,0.6184674501419067,0.7142951488494873,0.5718712210655212,0.8448081016540527,1.0559760332107544,1.105638027191162,0.8412649631500244,0.7008925080299377,0.8495378494262695,0.9300815463066101,1.0925730466842651,1.0068254470825195,1.0417827367782593,1.317155122756958,0.6539309024810791,0.7269245982170105,1.1231621503829956,0.883147120475769,1.220231294631958,1.1986548900604248,0.9896315336227417,0.9531192183494568,0.7131999731063843,1.0216343402862549,1.102468490600586,,1.0817713737487793,0.936215877532959,1.3260564804077148,1.2771235704421997,0.9972805976867676,1.276600956916809,1.3328940868377686,1.3990204334259033,1.1303530931472778,1.3989572525024414,1.2578527927398682,1.194414496421814,1.216328501701355,1.0341033935546875,0.9528614282608032,0.872816801071167,1.3736989498138428,1.1308733224868774,1.2376554012298584,1.1903117895126343,1.0820395946502686,1.156632423400879,0.6688119769096375,0.6639189720153809,1.4790005683898926,1.418125867843628,1.5001250505447388,1.497420310974121,1.3499135971069336,1.2455742359161377,1.3897075653076172,1.4032912254333496,1.3832354545593262,1.4780750274658203,1.3960700035095215,1.4446768760681152,,1.2090450525283813
penguin,1.2101410627365112,1.1261740922927856,0.7565943002700806,0.7767127156257629,0.9644051194190979,0.7453300952911377,0.49552106857299805,0.0,0.5073186755180359,0.7017604112625122,0.5052673816680908,0.5094968676567078,0.5505398511886597,0.8170653581619263,0.9148434996604919,1.1797630786895752,1.0533645153045654,1.0927586555480957,0.9866288304328918,1.1111352443695068,1.0508586168289185,1.3653706312179565,1.2448983192443848,0.9660205841064453,0.9616873264312744,0.8845500946044922,0.9428017139434814,0.8719163537025452,0.7751884460449219,0.9104669094085693,0.9798923134803772,0.7219674587249756,0.9533877968788147,1.0199040174484253,0.9815800189971924,,1.0342414379119873,1.0016320943832397,0.8829483985900879,1.2599455118179321,1.2830512523651123,1.2390810251235962,1.2555272579193115,1.2411739826202393,1.1956955194473267,1.2904798984527588,1.231658935546875,1.259894609451294,1.0732709169387817,1.2910341024398804,1.289522647857666,1.3151185512542725,1.3575104475021362,1.3223458528518677,1.334176778793335,1.2710587978363037,1.2590115070343018,1.161637544631958,0.791301965713501,1.1732841730117798,1.0810363292694092,1.0867174863815308,1.0875040292739868,0.8386489152908325,0.8765391111373901,0.6902111768722534,0.7905517220497131,0.7503064870834351,0.9845595359802246,0.7652859091758728,0.7343529462814331,0.718400239944458,1.0760135650634766,0.6760891079902649,0.7182766795158386,0.6446471214294434,0.7348086833953857,0.8453496098518372,0.633476197719574,0.7931784391403198,0.843721866607666,0.7681744694709778,0.9208556413650513,0.9404773116111755,,1.166517972946167,0.8934777975082397,0.8410831093788147,0.7872024178504944,0.8459354639053345,0.9746574759483337,0.8182860016822815,0.7574748992919922,0.6891554594039917,0.6901789903640747,0.7999564409255981,0.7217656970024109,0.813746988773346,0.859245777130127,0.7917847633361816,0.7780840992927551,0.8078877329826355,1.0133857727050781,1.0687007904052734,1.1236541271209717,0.9101158380508423,0.6836440563201904,1.020857572555542,0.9710564613342285,1.0002070665359497,0.8066189289093018,0.7914845943450928,1.0205522775650024,0.8028945922851562,0.8148413896560669,1.0724331140518188,0.8516258001327515,1.1005481481552124,1.0927011966705322,1.0382648706436157,0.9747218489646912,0.8493872880935669,0.9974473118782043,1.0982173681259155,,1.099603295326233,0.9287002086639404,1.1881150007247925,1.1962040662765503,1.0086593627929688,1.1456834077835083,1.2385287284851074,1.2089446783065796,0.9585481286048889,1.1868023872375488,1.1533972024917603,1.148751139640808,1.1037291288375854,0.832588791847229,0.7931615114212036,0.889234185218811,1.1800004243850708,0.9716039896011353,1.0404037237167358,1.024106502532959,1.0616353750228882,1.1186738014221191,0.8453700542449951,0.8522023558616638,1.248355746269226,1.2809879779815674,1.2836337089538574,1.2781188488006592,1.1487566232681274,1.2526731491088867,1.1898655891418457,1.2316792011260986,1.2183030843734741,1.1811902523040771,1.1168556213378906,1.1741505861282349,,1.1294565200805664
bird,0.9475418329238892,0.8748210072517395,0.7656798362731934,0.7321453094482422,0.5596950054168701,0.73780357837677,0.697246789932251,0.5073186755180359,0.0,0.5769802927970886,0.5627595782279968,0.3876379132270813,0.4553871154785156,0.3595767021179199,0.6489244699478149,0.8011614084243774,0.8412085771560669,0.7259546518325806,0.699617862701416,0.8471049070358276,0.8813722133636475,1.0176136493682861,1.0748655796051025,0.9838742017745972,0.9006101489067078,1.1294169425964355,1.1549427509307861,1.164322853088379,1.065218448638916,1.1755071878433228,1.1213008165359497,1.0209587812423706,1.1627435684204102,0.609451174736023,0.5113533139228821,,0.6667490005493164,0.5758657455444336,0.9305479526519775,0.935997486114502,0.8470587730407715,0.8858193159103394,0.9275504350662231,0.9301068782806396,0.8976597785949707,0.886400043964386,0.9588227272033691,0.9567312002182007,0.9762769341468811,0.8579642176628113,0.8837774991989136,0.8800427913665771,0.9469022750854492,0.993144690990448,1.0645819902420044,1.0411477088928223,0.9620680212974548,0.8535118699073792,0.9134771227836609,0.8452706336975098,0.96562659740448,0.9924085140228271,0.6977448463439941,0.7594698667526245,0.7332056760787964,0.8563518524169922,0.9726665616035461,1.0416356325149536,1.0774787664413452,1.0974186658859253,1.1428498029708862,1.120985507965088,1.0565872192382812,1.0965538024902344,0.9025062918663025,0.9909600019454956,1.1372120380401611,1.1895536184310913,1.0152627229690552,1.0599063634872437,1.1668305397033691,1.027535080909729,0.9397763609886169,0.9725168943405151,,0.99708092212677,1.0360417366027832,0.7504603266716003,1.0327955484390259,0.9783705472946167,0.947954535484314,1.1264801025390625,1.0776894092559814,1.1088348627090454,0.9225989580154419,1.0205812454223633,1.1680448055267334,1.196035385131836,1.2398793697357178,1.0549441576004028,1.0134785175323486,0.9276363849639893,0.97357177734375,1.0968350172042847,1.104673981666565,1.1673672199249268,1.0709539651870728,1.1846095323562622,1.1039175987243652,0.9948714971542358,1.030900478363037,0.9175612330436707,0.833927571773529,1.1250566244125366,1.006824016571045,1.086244821548462,0.8712525963783264,1.075628399848938,1.0524405241012573,0.9667475819587708,0.9279754161834717,0.9929525256156921,1.0528746843338013,0.8287689685821533,,1.1439470052719116,1.0733447074890137,1.106687068939209,0.8197345733642578,1.0631471872329712,1.0270394086837769,1.0651661157608032,0.961097776889801,0.9258395433425903,0.8406835794448853,0.8837060332298279,0.8361765742301941,0.916790783405304,0.9247804880142212,0.8611208200454712,0.7932835221290588,0.8717842698097229,0.8422892689704895,1.0003714561462402,0.653484582901001,0.8753480315208435,0.8378324508666992,0.9633813500404358,0.9829239845275879,0.8716161251068115,0.9607194662094116,0.9353017210960388,0.9139725565910339,0.8636856079101562,0.9039517641067505,0.8645688891410828,0.9273910522460938,0.9019943475723267,0.907588005065918,0.8652617335319519,0.9901169538497925,,1.035772442817688
duck,1.1092920303344727,0.9318056106567383,0.6720768213272095,0.6718558073043823,0.7109408974647522,0.5400553941726685,0.8557572960853577,0.7017604112625122,0.5769802927970886,0.0,0.7663116455078125,0.5846275091171265,0.6835765838623047,0.61143559217453,0.6884185671806335,0.8839171528816223,0.9435288310050964,0.8301293253898621,0.6659441590309143,0.9480953216552734,0.9643549919128418,0.9535485506057739,0.8690211772918701,1.043930172920227,0.7507758140563965,1.062827706336975,0.9743608236312866,1.0544357299804688,1.1132946014404297,0.9739204049110413,0.9881751537322998,1.0209770202636719,0.9885066151618958,0.7871394753456116,0.814751148223877,,0.7714443206787109,0.9138678908348083,1.177999496459961,1.0592776536941528,0.9528257846832275,0.927482008934021,0.9716875553131104,1.064926266670227,1.0894333124160767,1.090813398361206,1.0979828834533691,1.0838737487792969,1.0236762762069702,0.9882516860961914,1.0511364936828613,0.9725906848907471,0.978696346282959,1.0867983102798462,1.0999321937561035,1.0192534923553467,1.0918653011322021,0.9925747513771057,1.1085312366485596,1.0895251035690308,0.9296396374702454,1.005129337310791,0.9935732483863831,0.9472115635871887,0.936738133430481,1.0356000661849976,1.087330937385559,1.1601155996322632,0.7970287799835205,1.0582486391067505,1.066197395324707,1.1443582773208618,0.983363926410675,1.0857012271881104,1.015674114227295,1.0476711988449097,1.1104470491409302,1.2336732149124146,1.0966771841049194,1.0930891036987305,0.969476044178009,0.9190725088119507,1.117708444595337,1.1159064769744873,,0.9435527920722961,1.0138537883758545,0.9176811575889587,1.0052307844161987,1.0748261213302612,1.0502227544784546,1.1666996479034424,1.1511486768722534,1.1661853790283203,1.0592963695526123,1.0981765985488892,1.147602915763855,1.2453306913375854,1.246679663658142,1.1117215156555176,1.068049430847168,1.0794912576675415,1.0127464532852173,1.0338562726974487,1.0938276052474976,1.1112855672836304,1.170911431312561,1.097699761390686,1.103141188621521,0.9325911998748779,0.8796690106391907,0.8016082048416138,0.9079999327659607,0.8808009028434753,0.9873020648956299,0.9163499474525452,0.7528930902481079,0.8025233745574951,0.9621764421463013,0.8011853694915771,0.9085431694984436,0.7774986028671265,1.1155833005905151,0.6594166159629822,,0.8055412173271179,0.9919046759605408,0.9465439915657043,0.9725692868232727,1.1246569156646729,0.9665858149528503,0.9864809513092041,0.9981599450111389,1.063240647315979,1.0086017847061157,1.0241535902023315,0.9894466400146484,0.9507575035095215,0.9805030226707458,0.9762080311775208,0.7215555310249329,0.8020272850990295,0.7574734091758728,0.9357799887657166,0.8245623111724854,0.8550596237182617,0.8523459434509277,1.0427497625350952,1.0264595746994019,0.9243043065071106,0.9645043611526489,0.9259150624275208,0.886559247970581,0.7642315030097961,0.960338830947876,0.9580285549163818,1.00420343875885,0.9745318293571472,0.8514624834060669,0.8417080640792847,0.841596245765686,,0.9894505143165588
fish,1.2319833040237427,1.1347953081130981,0.9171445965766907,0.9312669634819031,0.9967396855354309,0.8139068484306335,0.5759033560752869,0.5052673816680908,0.5627595782279968,0.7663116455078125,0.0,0.4541935920715332,0.5977153182029724,0.7115774750709534,0.8101330995559692,1.17666494846344,1.078940510749817,0.8821674585342407,1.0622389316558838,1.1217901706695557,1.0901371240615845,1.302720546722412,1.0628708600997925,0.7341760396957397,0.7249302268028259,0.982367753982544,0.7300768494606018,0.6272083520889282,0.3936634063720703,0.720021665096283,0.7989197969436646,0.580979585647583,0.7559417486190796,1.1592636108398438,0.9416387677192688,,0.9181170463562012,0.8146471381187439,0.9270443320274353,1.2969096899032593,1.2597377300262451,1.0914790630340576,1.3288135528564453,1.1820645332336426,1.211897373199463,1.3560693264007568,1.292588472366333,1.4031622409820557,1.1296309232711792,1.3654754161834717,1.3090461492538452,1.3006596565246582,1.3551697731018066,1.284641146659851,1.208470106124878,1.3161699771881104,1.3147425651550293,1.1648138761520386,0.8771811127662659,1.1837739944458008,0.9681122899055481,1.186402440071106,1.0037779808044434,1.0434564352035522,0.894357442855835,0.7519294023513794,0.7380356192588806,0.6324161291122437,1.0046883821487427,0.6996970772743225,0.544219970703125,0.5286228060722351,1.1042799949645996,0.5114041566848755,0.7435510158538818,0.4630494713783264,0.5309341549873352,0.5388083457946777,0.5194695591926575,0.5704020261764526,0.677518904209137,0.42689085006713867,1.0211936235427856,0.7401760220527649,,1.148790717124939,0.8877269625663757,0.8879272937774658,0.7687929272651672,0.5771364569664001,0.6692336797714233,0.5256966948509216,0.4427013397216797,0.39713382720947266,0.79947829246521,0.6062362194061279,0.6521638035774231,0.8383744955062866,0.8634309768676758,0.6619220972061157,0.5019865036010742,0.7760967016220093,1.121321201324463,1.2972092628479004,1.2522547245025635,1.0633858442306519,0.7571470141410828,0.9459434151649475,0.732729434967041,0.8986855149269104,0.6048167943954468,0.7791661024093628,0.8113141059875488,0.6468806862831116,0.6900784373283386,0.9595159292221069,0.6759132146835327,1.0498682260513306,1.096553087234497,0.8257948160171509,0.8221200704574585,0.6573995351791382,0.9774746894836426,0.9705269932746887,,0.9667291641235352,0.6493090391159058,1.2063632011413574,1.0624297857284546,0.7937556505203247,1.2074817419052124,1.257750153541565,1.311171531677246,0.9273443818092346,1.1276541948318481,1.1410942077636719,0.9480964541435242,0.8704087734222412,0.6016087532043457,0.8995177149772644,1.0698695182800293,1.0866564512252808,0.9181457161903381,0.9381502270698547,1.0255929231643677,1.222420334815979,0.8898340463638306,0.6022786498069763,0.7224552631378174,1.2012518644332886,1.3433743715286255,1.313955545425415,1.2626798152923584,1.1189173460006714,1.262509822845459,1.3050073385238647,1.355101466178894,1.3135323524475098,1.1721338033676147,1.1207419633865356,1.1516910791397095,,1.271780252456665
butterfly,1.197812795639038,1.011473536491394,0.8747892379760742,0.8851402997970581,0.8945565819740295,0.7378087043762207,0.684862494468689,0.5094968676567078,0.3876379132270813,0.5846275091171265,0.4541935920715332,0.0,0.37218141555786133,0.4272233247756958,0.6696615219116211,1.1101317405700684,1.0324338674545288,0.9531786441802979,0.9086794853210449,1.0292819738388062,1.026340365409851,1.1713520288467407,1.0843145847320557,0.9034238457679749,0.8253579139709473,1.1321535110473633,1.0140804052352905,1.0398838520050049,0.8332967758178711,0.9413384199142456,1.0178816318511963,0.8475711345672607,0.9648694396018982,0.8476848602294922,0.8202052712440491,,0.8954623937606812,0.9143771529197693,0.9828858375549316,1.1131843328475952,1.0155166387557983,0.870665431022644,1.099049687385559,1.1841366291046143,1.1126352548599243,1.1877106428146362,1.1022306680679321,1.1890332698822021,0.9565314054489136,1.0391323566436768,1.0652077198028564,1.1044929027557373,1.048266053199768,1.133762240409851,1.1350723505020142,1.041755199432373,1.1037160158157349,0.9636010527610779,0.9931554198265076,0.9723495244979858,1.0234174728393555,1.0534545183181763,0.928014874458313,0.8241614103317261,0.8961382508277893,0.743850827217102,0.9142659306526184,0.8982347846031189,0.9127023220062256,1.0320489406585693,0.9310829043388367,0.9096295833587646,1.0401875972747803,0.8077500462532043,0.8623087406158447,0.7815338373184204,0.8978314995765686,1.0600817203521729,0.8336787223815918,0.9096067547798157,0.8553503751754761,0.794887900352478,0.9471447467803955,0.8646909594535828,,0.9738650321960449,0.9201878309249878,0.6402303576469421,0.8672831058502197,0.8246797323226929,0.8462144136428833,0.9107614159584045,0.874140739440918,0.8540819883346558,0.7754732370376587,0.8979803323745728,0.9853188395500183,1.0763483047485352,1.0949969291687012,0.8754758834838867,0.8450890779495239,0.8910830020904541,0.9606106281280518,1.1156944036483765,1.068051815032959,1.0079224109649658,0.8882746696472168,1.0056266784667969,0.8615658283233643,0.7834345102310181,0.7659308910369873,0.7117759585380554,0.7524794340133667,0.8629451990127563,0.7651276588439941,0.9409475922584534,0.6686205267906189,0.988662838935852,0.9627425670623779,0.8409491777420044,0.8447777032852173,0.7767232656478882,0.9891196489334106,0.8264855146408081,,0.9077391624450684,0.7841067314147949,1.006047010421753,0.929013729095459,0.9368607997894287,0.9763986468315125,0.9468981027603149,0.934548020362854,0.833823561668396,0.8802915811538696,1.010515570640564,0.8989830613136292,0.8471053838729858,0.7276422381401062,0.7497838735580444,0.9649747014045715,0.9309436082839966,0.9374946355819702,0.9754001498222351,0.7430737018585205,0.9006149172782898,0.9454560875892639,0.9253543615341187,0.9647771120071411,0.9835472106933594,1.162489891052246,1.1159679889678955,0.9886494278907776,0.9541149139404297,1.1490422487258911,1.091877818107605,1.1649765968322754,1.1189229488372803,1.0329707860946655,1.011604905128479,1.0822046995162964,,1.0728724002838135
frog,1.2407556772232056,1.008034348487854,0.8677067756652832,0.8887669444084167,0.9248110055923462,0.6870343089103699,0.8202437162399292,0.5505398511886597,0.4553871154785156,0.6835765838623047,0.5977153182029724,0.37218141555786133,0.0,0.2846546173095703,0.5960348844528198,1.1023262739181519,0.8553905487060547,1.0443670749664307,0.8736461400985718,0.9251899123191833,1.0164183378219604,1.1511495113372803,1.0086225271224976,1.0639809370040894,1.0033165216445923,1.1186683177947998,1.08634614944458,1.1404083967208862,0.9830806255340576,1.115742802619934,1.067304253578186,0.9737120270729065,1.0094558000564575,0.7666730880737305,0.6633802652359009,,0.8654733896255493,0.8712141513824463,1.1300864219665527,1.2997065782546997,1.14713716506958,1.1291316747665405,1.2512784004211426,1.2279473543167114,1.2083866596221924,1.2186901569366455,1.1217011213302612,1.2456722259521484,1.1194316148757935,1.0735092163085938,0.9898013472557068,1.1602051258087158,1.01162850856781,1.1569998264312744,1.2049760818481445,0.895775556564331,0.9710908532142639,0.9187760353088379,0.9727990627288818,0.8492307662963867,0.9762011170387268,0.9911606907844543,0.9149833917617798,0.9442751407623291,0.608665406703949,0.8406264781951904,0.7044739127159119,0.8190044164657593,0.7412590384483337,0.9786533713340759,0.9181820750236511,0.8399006128311157,0.9263458847999573,0.8784501552581787,0.8290539979934692,0.9879485964775085,1.091336965560913,1.1458784341812134,0.9621464014053345,1.1063483953475952,1.0673454999923706,0.8613370656967163,1.2228280305862427,1.1846120357513428,,1.119419813156128,1.0356858968734741,0.5197437405586243,0.9668282866477966,1.0908554792404175,1.0731818675994873,1.0242923498153687,1.0470010042190552,0.9876527190208435,0.8925442099571228,0.9962882995605469,1.0913865566253662,1.1327046155929565,1.1802656650543213,1.1367489099502563,1.0486109256744385,1.006495714187622,1.062228798866272,1.025424599647522,0.8967561721801758,0.9789940118789673,0.7687163352966309,1.0974876880645752,0.9536762833595276,0.6342239379882812,0.7312929630279541,0.5207055807113647,0.5434521436691284,0.8848395347595215,0.7018264532089233,0.9451590776443481,0.64775550365448,0.9159942269325256,0.9020761847496033,0.7733263373374939,0.7868140935897827,0.7687403559684753,0.9803915619850159,0.7877121567726135,,0.9785230755805969,0.9654635787010193,0.8888731002807617,0.7829493880271912,1.0523542165756226,0.8062122464179993,0.8271447420120239,0.8473477363586426,0.711674690246582,0.8090779781341553,0.9023106098175049,1.0046296119689941,0.7682915925979614,0.5423443913459778,0.35067641735076904,0.6100689172744751,0.7215684652328491,0.8436638116836548,1.0911755561828613,0.7110223770141602,0.9283657670021057,1.0230385065078735,1.1289730072021484,1.1316205263137817,0.8897167444229126,1.1227282285690308,1.034139633178711,0.884009599685669,0.985163152217865,1.1747519969940186,1.0653061866760254,1.1049156188964844,1.0758635997772217,1.0494283437728882,1.0907652378082275,1.093231439590454,,0.7980514764785767
