,zebra,giraffe,deer,pony,horse,pig,rooster,penguin,bird,duck,fish,butterfly,frog,alligator,owl,elephant,bear,cat,dog,face,hair,arm,hand,leg,foot,ankle,finger,toe,tooth,ear,nose,eye,mouth,stroller,motorcycle,tricycle,truck,car,lamp,chair,bench,drawer,ladder,window,door,closet,shower,refrigerator,oven,crib,bed,couch,table,bathtub,sink,boat,slide,hose,sprinkler,swing,grass,tree,snow,helicopter,firetruck,clock,ball,balloon,pumpkin,egg,orange,apple,potato,strawberry,hat,slipper,watch,nail,raisin,glasses,necklace,carrot,vacuum,broom,mop,stick,shovel,scissors,spoon,fork,knife,pencil,pen,crayon,plant,flower,soap,bottle,cup,can,belt,radio,basket,milk,jar,bucket,tape,bowl,plate,corn,pickle,banana,melon,bread,cookie,toast,cracker,sandwich,chips,pizza,hamburger,muffin,pastry,meat,pasta,sauce,soup,applesauce,glass,coffee,dish,tray,box,book,paper,rock,comb,toothbrush,gum,toy,doll,mitten,glove,sock,shoe,purse,pillow,towel,napkin,blanket,dress,pajamas,bib,scarf,coat,jacket,sweater,shirt,jeans,pants,shorts,cloud,game
zebra,0.0,0.7038711309432983,1.1286907196044922,0.8797732591629028,0.587161123752594,0.8288683295249939,1.045083999633789,1.1122276782989502,1.0700807571411133,1.0410114526748657,1.2865487337112427,1.3275097608566284,1.0097343921661377,0.5995876789093018,0.5495814085006714,0.5248497128486633,0.6809911727905273,0.6228996515274048,0.6843142509460449,0.796765923500061,0.7716821432113647,0.6512718796730042,0.9211985468864441,0.714664101600647,1.1092422008514404,1.1994500160217285,1.226297378540039,1.260799527168274,1.351417064666748,1.1327855587005615,1.1620186567306519,1.1706373691558838,1.0477657318115234,0.8951882123947144,0.771569013595581,0.9857648015022278,0.9387937784194946,1.1891679763793945,1.2322998046875,0.9899460673332214,0.8490150570869446,1.1182873249053955,0.9129758477210999,0.6929864287376404,0.8144112825393677,0.7832764387130737,0.7421279549598694,0.9187041521072388,0.9663637280464172,0.6943857073783875,0.5189058780670166,0.6373876333236694,0.6696031093597412,0.7299790978431702,0.9425028562545776,0.8221790790557861,0.8536222577095032,0.8252087831497192,0.7894091606140137,0.7560182809829712,0.6015594005584717,0.6291853785514832,0.6101434826850891,0.7675188779830933,0.6367692351341248,1.214263677597046,1.1853623390197754,1.227612018585205,1.2722694873809814,1.302143931388855,1.288870930671692,1.3152260780334473,0.9553935527801514,1.3457635641098022,1.2589935064315796,1.349245548248291,1.3061511516571045,1.2846938371658325,1.302478313446045,1.1102876663208008,1.2129079103469849,1.1725589036941528,0.9915410876274109,1.0231810808181763,1.0269068479537964,1.0445138216018677,1.1152548789978027,0.9680666923522949,1.2390105724334717,1.3021950721740723,1.2623388767242432,1.3007986545562744,1.3425514698028564,1.3482799530029297,0.9713822603225708,1.1481019258499146,1.352921962738037,1.2800538539886475,1.2997058629989624,1.2019020318984985,1.2735023498535156,1.1895813941955566,0.9667750597000122,1.025938630104065,1.0368387699127197,1.251326560974121,1.27876615524292,1.297521710395813,1.2164275646209717,1.1723178625106812,1.2113351821899414,1.143751621246338,0.9913444519042969,1.0918411016464233,0.9298008680343628,,0.899551272392273,0.8062372803688049,1.2004541158676147,0.9743327498435974,1.1945321559906006,0.9945161938667297,0.7812522649765015,0.8287547826766968,0.9978153705596924,1.061444878578186,1.0246827602386475,0.9433294534683228,0.728956937789917,0.9504489302635193,1.0611518621444702,0.8708028793334961,0.9441689252853394,1.0951603651046753,0.8918929100036621,0.7471398115158081,0.7931993007659912,1.0025190114974976,1.2645530700683594,1.1488317251205444,0.8859651684761047,0.7969222664833069,1.0731260776519775,1.056495189666748,0.9856186509132385,0.9458698630332947,0.9300414323806763,1.1569275856018066,1.1740068197250366,0.5236160159111023,0.6056016683578491,0.5283629894256592,0.5670902729034424,0.6920760869979858,0.9269331693649292,0.6268153190612793,0.606515645980835,0.5871515274047852,0.6261813640594482,0.6375094652175903,0.6969805955886841,,0.8432512879371643
giraffe,0.7038711309432983,0.0,1.0136810541152954,1.1089588403701782,0.852756679058075,0.9548779129981995,1.1354418992996216,1.0200854539871216,1.0539286136627197,1.0277507305145264,1.0627903938293457,1.1224322319030762,1.0807842016220093,0.9353603720664978,0.5978765487670898,0.6995934247970581,0.5497990846633911,0.6064654588699341,0.998569130897522,1.0392494201660156,0.9826905131340027,0.993181586265564,1.0623230934143066,0.8969557881355286,1.1162188053131104,1.1569455862045288,1.1010013818740845,1.1220862865447998,1.1781665086746216,1.1028704643249512,1.0884393453598022,1.04173743724823,1.0947630405426025,1.113903522491455,0.9662857055664062,0.8730190992355347,0.9475198984146118,1.1042593717575073,1.0663431882858276,1.1263484954833984,1.0152233839035034,1.1554687023162842,1.052590012550354,0.8567895889282227,0.9171520471572876,1.0004212856292725,0.8532024025917053,1.0155121088027954,1.0755414962768555,0.9879061579704285,0.9525344967842102,1.0000829696655273,0.9801974892616272,0.8660832047462463,1.0336706638336182,0.9379215836524963,0.9598301649093628,0.9085575342178345,0.9183129072189331,0.903640627861023,0.5572172999382019,0.696591854095459,0.5788390636444092,0.8251354694366455,0.7883075475692749,1.0660592317581177,1.1401218175888062,1.1937397718429565,1.1172034740447998,1.1501272916793823,1.1078917980194092,1.1212252378463745,1.136964201927185,1.146066427230835,1.1628259420394897,1.1163207292556763,1.1269264221191406,1.077337622642517,1.0687670707702637,1.0364588499069214,1.0244389772415161,1.1769260168075562,1.1182297468185425,1.043977975845337,1.039695382118225,0.8136579394340515,1.0326204299926758,1.074707269668579,1.1045684814453125,1.165758490562439,1.1234389543533325,1.149245262145996,1.1034414768218994,1.0840460062026978,0.981791615486145,1.0818989276885986,1.138058066368103,1.0856642723083496,1.1028296947479248,1.12821626663208,1.0403422117233276,1.1177619695663452,1.057743787765503,1.0196865797042847,1.0961774587631226,1.1279301643371582,1.114914894104004,1.1454496383666992,1.1467233896255493,1.1106287240982056,1.0912941694259644,1.1415438652038574,1.048893928527832,0.9219443202018738,0.972241222858429,,0.9485418200492859,1.1006702184677124,1.0733673572540283,0.9372051358222961,1.120826005935669,0.8600175380706787,0.8458526730537415,0.9330387711524963,1.0127698183059692,0.9870312213897705,0.9881653785705566,0.9996300935745239,0.9359242916107178,1.088644027709961,1.107135534286499,1.0298888683319092,1.0732693672180176,1.1844613552093506,1.0382921695709229,0.5786773562431335,1.012267827987671,1.091916561126709,1.2249245643615723,1.160193920135498,1.1311695575714111,1.0991451740264893,1.1743226051330566,1.12249755859375,1.0645976066589355,1.168418526649475,1.1151766777038574,1.1114858388900757,1.1361639499664307,0.9520425796508789,0.9827671051025391,0.9972174167633057,0.9610062837600708,0.9526268243789673,1.0087058544158936,0.9783036112785339,0.9195927381515503,0.9469538331031799,0.9534919857978821,0.9922531247138977,1.0510382652282715,,1.0322800874710083
deer,1.1286907196044922,1.0136810541152954,0.0,0.8559681177139282,1.217226505279541,1.1868162155151367,0.7394774556159973,0.5764591097831726,0.5591520071029663,0.43644315004348755,0.741875946521759,0.5371505618095398,0.7198434472084045,1.2537884712219238,1.169806718826294,1.166974663734436,1.1049294471740723,1.2118867635726929,1.2028201818466187,1.1971238851547241,1.2442346811294556,1.3465962409973145,1.2880022525787354,1.337942361831665,1.3101990222930908,0.926298201084137,1.1259167194366455,1.0036954879760742,1.028201699256897,1.143959403038025,1.098610281944275,0.855830192565918,1.251217246055603,0.9120741486549377,0.9812498688697815,0.8413777351379395,0.7713499665260315,0.6515256762504578,0.4077078104019165,0.9006447196006775,1.152330994606018,0.9935433864593506,1.075216293334961,1.1541306972503662,1.123154878616333,1.1576294898986816,1.209929347038269,1.0445261001586914,0.9806029200553894,1.2197909355163574,1.318114995956421,1.3247103691101074,1.2709555625915527,1.3284376859664917,1.1709511280059814,0.9880629181861877,1.012979507446289,0.9677926898002625,0.9934607744216919,1.0842647552490234,1.1762077808380127,1.0120259523391724,1.1648695468902588,0.99492347240448,1.1592081785202026,0.6630645990371704,0.6946771144866943,0.8038302063941956,0.6374637484550476,0.7773504257202148,0.7487524747848511,0.6706000566482544,1.2321122884750366,0.7135488986968994,0.5720685124397278,0.5883011817932129,0.671873927116394,0.796288251876831,0.6750536561012268,0.916671633720398,0.7126873731613159,1.2934510707855225,0.8109266757965088,0.8607379198074341,1.0487337112426758,0.8250247240066528,0.7157749533653259,0.724434494972229,0.5860201120376587,0.5583543181419373,0.8057907223701477,0.7256069183349609,0.6721531748771667,0.6646824479103088,0.7511412501335144,0.660934567451477,0.660790741443634,0.5119946599006653,0.5662927031517029,0.7246724367141724,0.7679896354675293,0.6036748290061951,0.8743749260902405,1.0121138095855713,0.7086636424064636,0.6112408638000488,0.5919294953346252,0.6850690245628357,0.7227928638458252,1.0313040018081665,0.9944398999214172,0.8745365142822266,1.0814979076385498,0.8824421763420105,0.9794618487358093,,1.1962645053863525,1.1927851438522339,0.8067610859870911,0.9153274893760681,0.8589181303977966,0.9923991560935974,1.1092890501022339,1.179172396659851,0.8739491701126099,0.829323947429657,0.9712935090065002,1.001805067062378,1.1405863761901855,1.0945054292678833,0.9285836219787598,1.1489145755767822,1.1118754148483276,0.8434768319129944,1.1288892030715942,1.065104365348816,1.1852529048919678,1.191907525062561,0.9084238409996033,0.6754912734031677,0.8940778374671936,1.3542622327804565,0.9614765644073486,1.0731662511825562,0.9388786554336548,0.8484869599342346,1.0048068761825562,0.8384639024734497,0.8561624884605408,1.3279528617858887,1.21402108669281,1.332090139389038,1.3465468883514404,1.1795637607574463,1.1598857641220093,1.3037774562835693,1.3197557926177979,1.3268239498138428,1.3552818298339844,1.3891128301620483,1.279831051826477,,1.081986904144287
pony,0.8797732591629028,1.1089588403701782,0.8559681177139282,0.0,0.6636530756950378,0.770667314529419,0.6405246257781982,0.8093329668045044,0.694357693195343,0.7871432304382324,0.9346424341201782,0.9303025603294373,0.6881846785545349,0.7007557153701782,0.8116298913955688,0.825145423412323,0.7989099621772766,0.8899376392364502,0.5564851760864258,0.8272989988327026,0.8045877814292908,0.8191802501678467,0.8060053586959839,0.7866542339324951,0.9680299758911133,0.9969620108604431,1.0393394231796265,1.0139139890670776,1.130537986755371,0.8960233926773071,0.9907802939414978,1.03810453414917,0.9091880917549133,0.8891915082931519,0.8164445161819458,0.9863218069076538,0.8915650844573975,1.0007683038711548,1.0500191450119019,0.9543613195419312,0.9178671836853027,1.0646655559539795,1.0205763578414917,0.9945612549781799,0.9961622357368469,0.9332550168037415,1.026253342628479,1.0231410264968872,1.0745254755020142,1.0182160139083862,0.9027527570724487,0.9303377866744995,0.8987902402877808,1.0000196695327759,1.0036176443099976,0.9459222555160522,0.904818058013916,0.876568078994751,0.786817193031311,0.8306847810745239,0.9571282863616943,1.003190279006958,0.974652111530304,0.9522677063941956,1.0108768939971924,1.1075047254562378,0.9968001246452332,1.0147650241851807,1.0242847204208374,1.0969045162200928,1.1047601699829102,1.0996348857879639,0.9534156918525696,1.033082127571106,0.9578325152397156,1.0434367656707764,1.0255542993545532,1.132669448852539,1.0062557458877563,0.9129418134689331,1.052699089050293,1.0173661708831787,0.9230870604515076,0.9774940013885498,0.8852432370185852,1.0436084270477295,0.9141811728477478,0.8048936724662781,1.0333036184310913,1.0929114818572998,1.0797916650772095,1.1324471235275269,1.186896800994873,1.204103946685791,1.0136774778366089,1.0026065111160278,1.1012194156646729,1.0644288063049316,1.1156432628631592,1.1502964496612549,1.242689847946167,0.9994814395904541,1.1223068237304688,1.0537285804748535,0.9667453765869141,1.084342122077942,1.070682168006897,1.1486902236938477,1.1265337467193604,1.1885309219360352,1.070096492767334,1.0832692384719849,1.033754825592041,1.0050865411758423,0.9078429341316223,,0.9385174512863159,0.7578562498092651,1.1451579332351685,0.9512900114059448,0.932617723941803,0.9719688892364502,0.8970745801925659,0.7823328971862793,1.1012932062149048,0.9978401064872742,1.0678784847259521,0.963056743144989,0.8762745261192322,0.9775391817092896,0.9964017271995544,1.0077911615371704,1.039257287979126,1.0146855115890503,0.9607815742492676,0.8871520757675171,0.9863459467887878,0.8912686705589294,0.9855020046234131,0.9141775369644165,0.7718344926834106,0.7987155318260193,0.8823627233505249,1.080469012260437,0.8863584399223328,0.8800245523452759,1.1259510517120361,1.1151047945022583,1.1293292045593262,0.9135231971740723,0.7795090675354004,0.7954005002975464,0.8439209461212158,0.8751017451286316,0.9964911341667175,0.8831406831741333,0.8499643802642822,0.8194464445114136,0.8421502113342285,0.8442720174789429,0.8676899671554565,,0.8665087819099426
horse,0.587161123752594,0.852756679058075,1.217226505279541,0.6636530756950378,0.0,0.5963254570960999,0.898855447769165,1.1575002670288086,1.0347450971603394,1.1375093460083008,1.22458016872406,1.3793776035308838,1.1024609804153442,0.3231661319732666,0.43401092290878296,0.2828505039215088,0.49934810400009155,0.42045289278030396,0.37680548429489136,0.4075123071670532,0.29204511642456055,0.3183014392852783,0.5899825096130371,0.3982851505279541,0.8513481616973877,1.1106841564178467,1.0478825569152832,1.0976482629776,1.3484247922897339,0.8195927143096924,0.9091150760650635,1.2229055166244507,0.767343282699585,0.8596454858779907,0.5115623474121094,0.9254552721977234,0.8603798151016235,1.2570228576660156,1.40317702293396,0.934008002281189,0.727925717830658,1.1848347187042236,0.903099775314331,0.5746203064918518,0.7431831955909729,0.6928337216377258,0.6541200876235962,0.8773746490478516,1.0690617561340332,0.7256312966346741,0.4632161855697632,0.5363854765892029,0.5693554878234863,0.5921474695205688,0.8395919799804688,0.8101585507392883,0.7764352560043335,0.7882480621337891,0.6153268218040466,0.5319161415100098,0.5732044577598572,0.6317155361175537,0.5456027984619141,0.5965521931648254,0.6819961071014404,1.4042513370513916,1.3404781818389893,1.3372653722763062,1.4079447984695435,1.4464073181152344,1.4045279026031494,1.4166033267974854,0.6227725744247437,1.4445759057998657,1.278476357460022,1.4341922998428345,1.368038296699524,1.3468987941741943,1.3318819999694824,0.8958638310432434,1.2435544729232788,1.0268205404281616,0.8998634815216064,0.9558246731758118,0.9026302099227905,1.059860110282898,1.0430958271026611,0.9568865895271301,1.3416616916656494,1.4489887952804565,1.2074774503707886,1.3965035676956177,1.4678292274475098,1.524641752243042,1.0529248714447021,1.2608662843704224,1.5438624620437622,1.4784001111984253,1.5255141258239746,1.3976905345916748,1.4249507188796997,1.3596152067184448,1.2765140533447266,1.0764844417572021,1.1840037107467651,1.4420232772827148,1.5645976066589355,1.4867782592773438,1.438786268234253,1.2157037258148193,1.1069360971450806,1.243301272392273,1.0278369188308716,1.2514104843139648,1.0825501680374146,,0.8952433466911316,0.6977787613868713,1.4054028987884521,1.0956311225891113,1.1762076616287231,1.0721253156661987,0.879028856754303,0.7089083194732666,1.127443790435791,1.1076585054397583,1.0965253114700317,0.976641058921814,0.6340413689613342,0.9383872151374817,1.1396098136901855,0.9276218414306641,1.064178466796875,1.2266991138458252,0.9310477375984192,0.6405447721481323,0.7795412540435791,0.8094485402107239,1.3698997497558594,1.4162930250167847,0.9949848055839539,0.5963279008865356,1.0610675811767578,1.229616403579712,0.9519872069358826,1.058903455734253,1.2077925205230713,1.3928674459457397,1.4102048873901367,0.5172063708305359,0.447523832321167,0.35932648181915283,0.4445849061012268,0.5514070987701416,0.9339267611503601,0.38791096210479736,0.3203328847885132,0.26979875564575195,0.31814414262771606,0.3499873876571655,0.5515987277030945,,0.8030332326889038
pig,0.8288683295249939,0.9548779129981995,1.1868162155151367,0.770667314529419,0.5963254570960999,0.0,0.8977025747299194,1.0377156734466553,1.0213018655776978,1.0023754835128784,0.9221457242965698,1.1928486824035645,0.9288628697395325,0.5346513390541077,0.6164166927337646,0.5670132040977478,0.7313385009765625,0.8112412095069885,0.5115209817886353,0.9073574542999268,0.75175541639328,0.47090888023376465,0.5574541091918945,0.46179258823394775,0.6245609521865845,0.6631888151168823,0.8122414350509644,0.7965872287750244,1.0678303241729736,0.9301974773406982,0.9839635491371155,1.2512030601501465,0.8970140814781189,0.858918309211731,0.8073902130126953,0.8939894437789917,1.0040264129638672,1.1508567333221436,1.2813725471496582,0.8963618278503418,0.7700257301330566,1.0468690395355225,0.8981326222419739,0.9235416054725647,0.9595542550086975,0.953641414642334,0.9511538743972778,1.0258238315582275,1.106846809387207,0.8440712690353394,0.7224793434143066,0.7847520709037781,0.8153385519981384,0.8533529043197632,0.9192811846733093,0.8358681797981262,0.7972288727760315,0.8483997583389282,0.8161928653717041,0.7555950880050659,0.818658173084259,0.9713731408119202,0.8504537343978882,0.9309020638465881,0.9162888526916504,1.3119804859161377,1.1111557483673096,1.0972524881362915,1.1270259618759155,1.1670405864715576,1.2022576332092285,1.207962155342102,0.49081385135650635,1.2039607763290405,1.128469467163086,1.1831032037734985,1.1818565130233765,1.2269399166107178,1.1276969909667969,1.0799802541732788,1.0446269512176514,0.7575428485870361,0.9651073813438416,0.9059090614318848,0.9503001570701599,0.9013158082962036,0.8758071660995483,1.0138918161392212,1.1215955018997192,1.252478003501892,1.033610463142395,1.1957855224609375,1.2771470546722412,1.2953994274139404,1.0407699346542358,1.167281150817871,1.273647665977478,1.2790195941925049,1.2923728227615356,1.1620070934295654,1.2412537336349487,1.189483880996704,1.0385576486587524,0.9181111454963684,1.0102381706237793,1.1472967863082886,1.2918128967285156,1.2023342847824097,1.2168879508972168,1.0867373943328857,0.9167778491973877,1.1159652471542358,0.8780730366706848,1.0240753889083862,0.8827533721923828,,0.8013390898704529,0.7588578462600708,1.247857928276062,0.9859131574630737,1.0666414499282837,0.9060437679290771,0.8339349031448364,0.6907509565353394,1.0552886724472046,0.9028814435005188,0.9259626865386963,0.807768702507019,0.7894448041915894,0.9282304048538208,0.9637976288795471,0.9403417110443115,0.9663909077644348,1.0591731071472168,0.8972570896148682,0.706313967704773,0.8433721661567688,0.7025063633918762,1.003575325012207,1.1094117164611816,0.6748204231262207,0.49457573890686035,0.6428582072257996,0.6892149448394775,0.822591245174408,0.9758378267288208,0.8467835187911987,1.074110984802246,1.04679536819458,0.6750937104225159,0.654166042804718,0.5177625417709351,0.5485858917236328,0.7085522413253784,1.072643756866455,0.7999874353408813,0.7464148998260498,0.7231168746948242,0.6090757250785828,0.6759467720985413,0.6111534237861633,,0.8358986377716064
rooster,1.045083999633789,1.1354418992996216,0.7394774556159973,0.6405246257781982,0.898855447769165,0.8977025747299194,0.0,0.8124300241470337,0.5666478276252747,0.716434895992279,0.6689842343330383,0.5005884170532227,0.42919909954071045,0.7604918479919434,0.7968297600746155,1.057971477508545,0.9581769108772278,0.9841703176498413,0.6586247086524963,0.9015406966209412,0.8685413002967834,1.0176128149032593,0.9320360422134399,1.0280747413635254,1.0587934255599976,1.046804428100586,1.0650025606155396,0.981326162815094,1.0004255771636963,0.9308459162712097,0.9653453826904297,1.0057556629180908,0.9293405413627625,0.873212993144989,0.836492657661438,0.9510197639465332,0.8607031106948853,0.9117088317871094,0.8596155643463135,0.9679573178291321,1.0014439821243286,1.1132816076278687,1.0225435495376587,0.9774729013442993,1.0085960626602173,0.9825537204742432,1.052610158920288,1.0303680896759033,1.0576722621917725,1.0557267665863037,1.0556429624557495,1.0769741535186768,0.9302545785903931,1.0730913877487183,1.0297366380691528,1.0613429546356201,0.9722727537155151,0.9624035954475403,0.8671433925628662,0.9022080898284912,1.0005897283554077,0.9167240858078003,1.0440614223480225,0.9575437903404236,0.9577840566635132,0.9569809436798096,0.8318068981170654,0.8654738664627075,0.8457643389701843,0.9166772961616516,0.9562354683876038,0.8422156572341919,1.00911283493042,0.7076667547225952,0.8433539867401123,0.9581915736198425,0.9820000529289246,1.000261902809143,0.7414816617965698,0.9621403217315674,0.9923012852668762,1.048940658569336,0.8397508263587952,0.8288264274597168,1.0223199129104614,0.9048380851745605,0.8031662702560425,0.804132878780365,0.8155003786087036,0.9029484987258911,1.024646282196045,1.0275098085403442,1.0744857788085938,1.0570389032363892,0.7028233408927917,0.4837820529937744,0.9325738549232483,0.908937931060791,0.9886852502822876,1.1192107200622559,1.1602702140808105,0.9993394613265991,1.0145289897918701,0.9872808456420898,0.8007766008377075,1.0196350812911987,1.0166728496551514,0.9999793767929077,0.9655349850654602,1.0414918661117554,0.8747441172599792,0.911807656288147,0.875205397605896,0.8810998201370239,0.8915222883224487,,0.8442819118499756,0.797473669052124,1.0017019510269165,0.8006442785263062,0.8067859411239624,0.801527202129364,0.8700788021087646,0.73956298828125,0.9499875903129578,0.9035801291465759,0.9818710684776306,0.8001160621643066,0.8126727342605591,0.9524442553520203,0.9343314170837402,0.9697085022926331,1.0246081352233887,0.8587619662284851,0.9512534141540527,0.9579164385795593,1.0312318801879883,0.8777331113815308,0.8321516513824463,0.8020930886268616,0.6264598369598389,0.8749647736549377,0.8973376750946045,1.140346884727478,0.901760995388031,0.8966376781463623,1.1405762434005737,1.0275753736495972,1.0246288776397705,1.0980381965637207,0.9873308539390564,1.0091743469238281,1.014586091041565,1.026528239250183,1.0279172658920288,1.1198400259017944,1.1127568483352661,1.0683727264404297,1.1429857015609741,1.1411863565444946,1.1488463878631592,,0.9407303333282471
penguin,1.1122276782989502,1.0200854539871216,0.5764591097831726,0.8093329668045044,1.1575002670288086,1.0377156734466553,0.8124300241470337,0.0,0.4875943660736084,0.30138981342315674,0.642115592956543,0.6707327365875244,0.7061481475830078,1.2683289051055908,1.0416687726974487,1.103351354598999,0.946273684501648,1.0902692079544067,0.9899555444717407,1.2140696048736572,1.1657898426055908,1.3799854516983032,1.1701245307922363,1.2547147274017334,1.0205472707748413,0.6790604591369629,0.8925304412841797,0.7599382996559143,0.8584651947021484,0.9612475633621216,0.8688944578170776,0.644029974937439,1.020352840423584,0.968016505241394,1.077074408531189,0.9705514311790466,0.8504228591918945,0.6380527019500732,0.6282341480255127,1.0002686977386475,1.2003417015075684,1.0308730602264404,1.2157179117202759,1.2915031909942627,1.24066162109375,1.2725285291671753,1.2896543741226196,1.1507890224456787,1.0625267028808594,1.3523437976837158,1.3551056385040283,1.353319525718689,1.3552097082138062,1.37367582321167,1.1604676246643066,1.0159738063812256,1.0751452445983887,1.0531032085418701,1.0800762176513672,1.2085546255111694,1.1370631456375122,1.104662537574768,1.1572855710983276,1.1414501667022705,1.2137329578399658,0.7330119609832764,0.6647878289222717,0.739653468132019,0.6592676639556885,0.7862167358398438,0.7869902849197388,0.6982244253158569,1.159725308418274,0.7389664649963379,0.41426193714141846,0.4571692943572998,0.535690426826477,0.7355682849884033,0.48240363597869873,0.6704614162445068,0.6576746106147766,1.1767709255218506,1.0376250743865967,1.0482840538024902,1.023258090019226,0.8937404751777649,0.8382126092910767,0.8833562731742859,0.6945982575416565,0.6511931419372559,0.8828160762786865,0.8792529702186584,0.7584652900695801,0.7469611167907715,0.8220030069351196,0.7590339779853821,0.6600008010864258,0.6257020235061646,0.664914608001709,0.7524735927581787,0.7231820225715637,0.5936950445175171,0.9086588025093079,1.048905372619629,0.844822108745575,0.648751974105835,0.621085524559021,0.704943060874939,0.7857555747032166,1.0357141494750977,0.9366922974586487,0.9147761464118958,1.0355281829833984,0.8429393172264099,0.909456193447113,,1.1474952697753906,1.2397998571395874,0.8264201879501343,0.9256329536437988,0.882056713104248,0.958034873008728,1.1262949705123901,1.1967369318008423,0.9169668555259705,0.7977769374847412,0.9977863430976868,0.9298937916755676,1.2228624820709229,1.0960074663162231,0.9665353298187256,1.2366759777069092,1.1262811422348022,0.885150671005249,1.145432949066162,0.9776066541671753,1.20326566696167,1.2364557981491089,0.7397211790084839,0.7426580190658569,0.866952121257782,1.1855494976043701,0.6344401836395264,0.8871626853942871,0.7319454550743103,0.8753504753112793,0.925330638885498,0.696855902671814,0.6900073885917664,1.2756824493408203,1.2458661794662476,1.3298289775848389,1.2774288654327393,1.1147782802581787,1.114556908607483,1.2811297178268433,1.32377028465271,1.3173283338546753,1.2953991889953613,1.3607033491134644,1.197738766670227,,1.132117748260498
bird,1.0700807571411133,1.0539286136627197,0.5591520071029663,0.694357693195343,1.0347450971603394,1.0213018655776978,0.5666478276252747,0.4875943660736084,0.0,0.3642425537109375,0.5952166318893433,0.5057157278060913,0.4698220491409302,0.9312006831169128,0.9299485683441162,1.0611306428909302,0.8225339651107788,1.006041407585144,0.8231028318405151,1.1378511190414429,1.1222999095916748,1.2083274126052856,1.2214117050170898,1.155580997467041,1.2048113346099854,0.9596081376075745,1.1998491287231445,1.0739610195159912,1.057981252670288,1.1208404302597046,1.1488103866577148,0.9301059246063232,1.241010308265686,0.8824462890625,0.9293373823165894,0.9471817016601562,0.8338097333908081,0.7593410015106201,0.6896317601203918,0.932387113571167,1.0614339113235474,1.0898981094360352,1.0786488056182861,1.1759854555130005,1.1471654176712036,1.138308048248291,1.1963233947753906,1.1485451459884644,1.1094568967819214,1.1468526124954224,1.1875251531600952,1.2184178829193115,1.1422200202941895,1.2210915088653564,1.1100645065307617,0.9715873003005981,0.919361412525177,0.9053212404251099,0.951060950756073,1.0236119031906128,1.0203386545181274,0.9550439715385437,1.0221898555755615,1.0028921365737915,1.1195906400680542,0.8181431293487549,0.7886838912963867,0.8398966193199158,0.8001123666763306,0.9118956327438354,0.9395567178726196,0.8646156191825867,1.1492992639541626,0.896705150604248,0.6946387887001038,0.7271537780761719,0.8776644468307495,0.9932354092597961,0.7115604281425476,0.9868574738502502,0.9335979223251343,1.2710466384887695,0.8836010694503784,0.8732962608337402,1.0184144973754883,0.7921657562255859,0.7620588541030884,0.7703173160552979,0.7579079866409302,0.7379133701324463,0.9060989618301392,0.9459874033927917,0.8953208327293396,0.9068616032600403,0.7872347831726074,0.6903653144836426,0.8767661452293396,0.7981604337692261,0.8366873264312744,0.9021202921867371,0.9319855570793152,0.764838457107544,0.9167688488960266,1.0061750411987305,0.9261243939399719,0.8285356760025024,0.8152043223381042,0.8468150496482849,0.8259742856025696,0.9606691598892212,1.004709243774414,0.9047766923904419,0.9425420165061951,0.8472894430160522,0.8491825461387634,,0.9603660106658936,0.9522607326507568,0.8562822341918945,0.814213752746582,0.943881630897522,0.9178787469863892,0.8768704533576965,0.9669343829154968,0.89224773645401,0.875602126121521,0.9419915676116943,0.935932993888855,1.1341685056686401,1.0273239612579346,0.8966928124427795,1.1288115978240967,1.068029761314392,0.8076459765434265,0.9441262483596802,0.8750540614128113,1.0574864149093628,1.2023091316223145,0.9581035375595093,0.770173192024231,0.8146823644638062,1.0727908611297607,0.8040039539337158,1.0065048933029175,0.7431225776672363,0.8491811752319336,0.9350532293319702,0.8197535276412964,0.7907772064208984,1.183860421180725,1.1409226655960083,1.2255134582519531,1.2228518724441528,1.1535429954528809,1.1617999076843262,1.2270931005477905,1.2578861713409424,1.2234909534454346,1.2145743370056152,1.2585272789001465,1.1930923461914062,,1.0427021980285645
duck,1.0410114526748657,1.0277507305145264,0.43644315004348755,0.7871432304382324,1.1375093460083008,1.0023754835128784,0.716434895992279,0.30138981342315674,0.3642425537109375,0.0,0.6309248208999634,0.6113137602806091,0.5696632266044617,1.149803638458252,1.0259647369384766,1.0825371742248535,0.9583995938301086,1.1796740293502808,1.0133800506591797,1.2460331916809082,1.2814292907714844,1.2927638292312622,1.238452672958374,1.2838616371154785,1.309607744216919,0.8547609448432922,1.1956268548965454,1.0553669929504395,1.0990922451019287,1.2572274208068848,1.2409260272979736,0.9721652865409851,1.3226441144943237,0.7972943782806396,0.9207162261009216,0.8726154565811157,0.6450746655464172,0.5771783590316772,0.5573870539665222,0.8409113883972168,0.9964900612831116,0.9913254380226135,1.0506776571273804,1.1697355508804321,1.1413925886154175,1.183595895767212,1.2018167972564697,0.9920607209205627,0.922348141670227,1.152984619140625,1.209877610206604,1.2388885021209717,1.1561150550842285,1.2322628498077393,1.0372705459594727,0.8022950887680054,0.8543291091918945,0.8783929944038391,0.9196165204048157,1.0324963331222534,1.0659099817276,0.9211629629135132,1.0834860801696777,0.9908273816108704,1.0587821006774902,0.6981541514396667,0.5957854986190796,0.6942963600158691,0.6499656438827515,0.7993346452713013,0.8320689797401428,0.7047898173332214,1.228759765625,0.7630279064178467,0.572930097579956,0.5843788981437683,0.7711726427078247,0.9368477463722229,0.6338299512863159,1.0217970609664917,0.8517323732376099,1.393796443939209,0.8436689972877502,0.8651716709136963,1.0174238681793213,0.7787150144577026,0.6465866565704346,0.7397594451904297,0.5812920331954956,0.6241837739944458,0.8248248100280762,0.9025054574012756,0.8350551128387451,0.8027201890945435,0.5985215902328491,0.5943859815597534,0.704553484916687,0.5582165122032166,0.6001429557800293,0.6796315908432007,0.9013293385505676,0.4740191698074341,0.783311665058136,0.9203848838806152,0.6237069368362427,0.5150368213653564,0.5535337924957275,0.5768543481826782,0.6090639233589172,1.0008586645126343,0.9379651546478271,0.8398228287696838,0.9107388257980347,0.8555592894554138,0.8779914975166321,,1.1197867393493652,1.1846238374710083,0.8142442107200623,0.8392401337623596,0.9268979430198669,0.9929451942443848,1.0317379236221313,1.0986266136169434,0.7800805568695068,0.6563146114349365,0.8593567609786987,0.7789624333381653,1.0990374088287354,0.9139550924301147,0.751968502998352,1.0007328987121582,0.9376031756401062,0.6885175704956055,0.9903804659843445,0.8689221739768982,1.0904486179351807,1.2254620790481567,0.7848014831542969,0.5773910284042358,0.7429901361465454,1.1908519268035889,0.7210754156112671,0.9443725347518921,0.686499834060669,0.7440294027328491,0.8485075831413269,0.7394278049468994,0.7176509499549866,1.1958941221237183,1.180233359336853,1.2536249160766602,1.2747347354888916,1.1480265855789185,1.2373404502868652,1.2609652280807495,1.3010554313659668,1.286214828491211,1.2909882068634033,1.350176215171814,1.1826171875,,0.9771468043327332
fish,1.2865487337112427,1.0627903938293457,0.741875946521759,0.9346424341201782,1.22458016872406,0.9221457242965698,0.6689842343330383,0.642115592956543,0.5952166318893433,0.6309248208999634,0.0,0.5122019052505493,0.5082309246063232,1.0869230031967163,1.0120102167129517,1.1815423965454102,0.9437791705131531,1.1300158500671387,1.037231206893921,1.2592557668685913,1.2416510581970215,1.2545582056045532,1.0841021537780762,1.1554346084594727,0.9106234312057495,0.750594973564148,0.8597834706306458,0.7661290168762207,0.5318534970283508,1.0080010890960693,0.9436213970184326,0.8459548950195312,1.0559157133102417,1.182011604309082,1.1730587482452393,1.1257290840148926,1.0718271732330322,0.6947389841079712,0.7288398146629333,1.1617443561553955,1.1918262243270874,1.1181049346923828,1.2527998685836792,1.3350424766540527,1.329071044921875,1.35356867313385,1.357147216796875,1.2908360958099365,1.256964921951294,1.3646345138549805,1.3746693134307861,1.3690155744552612,1.3726780414581299,1.324432373046875,1.1450731754302979,0.957085907459259,0.978369951248169,0.9983336925506592,1.0247137546539307,1.1631423234939575,1.0414758920669556,1.1226704120635986,1.1671350002288818,1.271406650543213,1.3223402500152588,0.7349593639373779,0.6814701557159424,0.7054659128189087,0.5875520706176758,0.6906179189682007,0.6939212679862976,0.5703068375587463,1.0241975784301758,0.6281846761703491,0.6807670593261719,0.4853849411010742,0.6056379079818726,0.701954185962677,0.5620180368423462,0.9032223224639893,0.6389021873474121,0.7767173051834106,1.1327240467071533,0.890460193157196,1.039812445640564,0.6047593355178833,0.645709216594696,0.7782208919525146,0.49638617038726807,0.5262651443481445,0.6117903590202332,0.5738635659217834,0.5292196869850159,0.4796910285949707,0.8625960350036621,0.6924721002578735,0.5726915597915649,0.6117668747901917,0.6681052446365356,0.857182502746582,0.6046153903007507,0.9006453156471252,1.0335239171981812,1.114103078842163,0.9313693046569824,0.7934205532073975,0.7275450229644775,0.6496877670288086,0.7323955297470093,0.647081196308136,0.5328530073165894,0.659791111946106,0.7816569209098816,0.7030965685844421,0.9394841194152832,,0.8609501123428345,1.053902506828308,0.7483139038085938,0.8490787148475647,0.7135014533996582,0.8183802366256714,1.0278271436691284,0.9608621597290039,0.9738473296165466,0.8518244624137878,0.959505021572113,0.8507412075996399,1.0843244791030884,1.2003486156463623,0.9163631796836853,1.1828176975250244,1.2665802240371704,0.9313050508499146,1.152518630027771,0.877176821231842,1.1524378061294556,0.903836727142334,0.5148422718048096,0.7671118378639221,0.9980693459510803,1.0203893184661865,0.6491249203681946,0.7798663377761841,0.8576130867004395,1.0335057973861694,0.8079736828804016,0.6155312061309814,0.6227517127990723,1.2569527626037598,1.2736120223999023,1.3052181005477905,1.2505261898040771,1.1758854389190674,1.1430336236953735,1.3788976669311523,1.3861616849899292,1.348626971244812,1.2500394582748413,1.3169598579406738,1.242496371269226,,1.158964991569519
butterfly,1.3275097608566284,1.1224322319030762,0.5371505618095398,0.9303025603294373,1.3793776035308838,1.1928486824035645,0.5005884170532227,0.6707327365875244,0.5057157278060913,0.6113137602806091,0.5122019052505493,0.0,0.5652134418487549,1.3314751386642456,1.2559853792190552,1.3389941453933716,1.1991932392120361,1.2883186340332031,1.267263650894165,1.2742418050765991,1.3349335193634033,1.3647868633270264,1.18120276927948,1.3030641078948975,1.0326281785964966,0.7702139019966125,0.8273075222969055,0.7267848253250122,0.6651208400726318,0.9983491897583008,0.9646723866462708,0.7347721457481384,1.1357920169830322,1.1916121244430542,1.2670018672943115,1.060670256614685,1.0198315382003784,0.7700536251068115,0.5004353523254395,1.1400620937347412,1.3785340785980225,1.0173193216323853,1.247643232345581,1.3407530784606934,1.297946572303772,1.3157649040222168,1.3100919723510742,1.2702052593231201,1.1644232273101807,1.42568039894104,1.5100398063659668,1.5095672607421875,1.4409244060516357,1.4535164833068848,1.283194899559021,1.235927939414978,1.2552051544189453,1.17249596118927,1.2335553169250488,1.3249366283416748,1.25900137424469,1.1397603750228882,1.2726504802703857,1.2343672513961792,1.3252289295196533,0.6157428026199341,0.6946085095405579,0.7510030269622803,0.5982484817504883,0.6574188470840454,0.658865213394165,0.5591714382171631,1.11325204372406,0.39262545108795166,0.6298328638076782,0.4822363257408142,0.5855650901794434,0.6432399153709412,0.513454794883728,0.8911688327789307,0.6279982924461365,1.0132869482040405,1.0949833393096924,0.9957463145256042,1.0681936740875244,0.7881157994270325,0.8319106698036194,0.8624422550201416,0.6016956567764282,0.4283630847930908,0.7996658086776733,0.5840202569961548,0.5289270877838135,0.5308718681335449,0.8361135721206665,0.5791963338851929,0.5423952341079712,0.5882809162139893,0.6324338316917419,0.839606523513794,0.6291059851646423,0.7430022954940796,0.9715665578842163,1.0893248319625854,0.929759681224823,0.8058410286903381,0.6785095930099487,0.7618536949157715,0.778541624546051,0.8729863166809082,0.9074061512947083,0.8075764179229736,1.0929797887802124,0.8969640731811523,1.025020956993103,,1.141491174697876,1.2430899143218994,0.7558740377426147,0.9499840140342712,0.7933518886566162,1.0498076677322388,1.1723734140396118,1.1990118026733398,0.9868672490119934,0.9701814651489258,1.092368483543396,1.0550298690795898,1.3194661140441895,1.2271713018417358,1.0496835708618164,1.277787446975708,1.260385513305664,0.8801100850105286,1.1134324073791504,1.2247782945632935,1.2297391891479492,1.1634401082992554,0.7627478241920471,0.7658177614212036,0.9741114377975464,1.3303885459899902,0.885498583316803,0.972976803779602,0.9876375794410706,1.0510376691818237,1.0308656692504883,0.6931911110877991,0.7029420733451843,1.4918568134307861,1.3241462707519531,1.4509563446044922,1.4264395236968994,1.3173633813858032,1.0587619543075562,1.4602364301681519,1.4568041563034058,1.419480323791504,1.4774614572525024,1.4857580661773682,1.4110044240951538,,1.2227402925491333
