,zebra,giraffe,deer,pony,horse,pig,rooster,penguin,bird,duck,fish,butterfly,frog,alligator,owl,elephant,bear,cat,dog,face,hair,arm,hand,leg,foot,ankle,finger,toe,tooth,ear,nose,eye,mouth,stroller,motorcycle,tricycle,truck,car,lamp,chair,bench,drawer,ladder,window,door,closet,shower,refrigerator,oven,crib,bed,couch,table,bathtub,sink,boat,slide,hose,sprinkler,swing,grass,tree,snow,helicopter,firetruck,clock,ball,balloon,pumpkin,egg,orange,apple,potato,strawberry,hat,slipper,watch,nail,raisin,glasses,necklace,carrot,vacuum,broom,mop,stick,shovel,scissors,spoon,fork,knife,pencil,pen,crayon,plant,flower,soap,bottle,cup,can,belt,radio,basket,milk,jar,bucket,tape,bowl,plate,corn,pickle,banana,melon,bread,cookie,toast,cracker,sandwich,chips,pizza,hamburger,muffin,pastry,meat,pasta,sauce,soup,applesauce,glass,coffee,dish,tray,box,book,paper,rock,comb,toothbrush,gum,toy,doll,mitten,glove,sock,shoe,purse,pillow,towel,napkin,blanket,dress,pajamas,bib,scarf,coat,jacket,sweater,shirt,jeans,pants,shorts,cloud,game
zebra,0.0,0.49081337451934814,0.8445196151733398,0.7334479689598083,0.690043568611145,0.8226286172866821,0.8232876062393188,0.9769508242607117,0.9575139880180359,1.1043875217437744,1.2330448627471924,1.003133773803711,0.9115043878555298,0.5408103466033936,0.8204118013381958,0.7042454481124878,0.6629638671875,0.8712524175643921,0.6667475700378418,0.9039121866226196,0.9396189451217651,0.7128101587295532,0.8614029288291931,0.9162788391113281,0.9795646071434021,1.096854567527771,1.0935981273651123,1.1880418062210083,1.1473476886749268,1.0770620107650757,1.0394777059555054,1.017853021621704,0.9456339478492737,0.8781285881996155,0.9482617378234863,1.0779987573623657,1.0576945543289185,1.1482696533203125,1.3211307525634766,0.9525461196899414,0.7778311967849731,1.1614100933074951,0.9985669255256653,0.9500325918197632,1.0766836404800415,0.9873250126838684,0.7750370502471924,0.9724303483963013,1.0640913248062134,0.7787425518035889,0.6413176655769348,0.8229303359985352,0.7243035435676575,0.7692105770111084,1.058191180229187,0.9090795516967773,0.6555469036102295,0.8606172800064087,1.209337592124939,0.7378555536270142,0.9783129692077637,0.8421717286109924,0.8471924066543579,0.9735196232795715,0.9270854592323303,1.3304423093795776,1.2524924278259277,1.1748296022415161,1.2077265977859497,1.1979775428771973,1.2234748601913452,1.2756799459457397,1.1434099674224854,1.1610463857650757,1.2643036842346191,1.3285168409347534,1.3103694915771484,1.2806243896484375,1.2229359149932861,1.2810763120651245,1.2061337232589722,1.05637526512146,1.1705877780914307,1.238072156906128,1.1822025775909424,1.146925926208496,0.9146894812583923,0.8354671001434326,1.2414181232452393,1.1789215803146362,1.0040171146392822,1.318662405014038,1.3100495338439941,1.3173998594284058,1.1129556894302368,1.2664047479629517,1.3878419399261475,1.3214198350906372,1.3514955043792725,1.264803409576416,1.2088608741760254,1.313608169555664,0.9376806616783142,1.1144472360610962,1.106814980506897,1.2262903451919556,1.2752572298049927,1.262694001197815,1.27565598487854,,1.0124117136001587,0.9825567603111267,0.8979614973068237,1.1588647365570068,1.0369373559951782,,0.9672136902809143,0.7300657629966736,,0.8587801456451416,0.9348360896110535,1.0168181657791138,0.9705091714859009,0.7503883838653564,,,1.3045017719268799,1.032504916191101,0.7702620029449463,0.9500146508216858,0.9274194240570068,0.8244154453277588,0.9610034227371216,0.8093451857566833,0.6697534918785095,0.7547998428344727,0.7938920259475708,0.7944247126579285,1.0095330476760864,1.009920597076416,0.8993080854415894,0.6666238307952881,0.8704735040664673,0.8892966508865356,0.8492130041122437,0.8470672965049744,1.1238068342208862,1.0500285625457764,1.1254388093948364,0.547675371170044,0.7006274461746216,0.5228122472763062,0.5686565637588501,0.7235077023506165,0.8139692544937134,0.6915923357009888,0.734263002872467,0.7147010564804077,0.6157960891723633,0.6923571228981018,0.7547363042831421,,
giraffe,0.49081337451934814,0.0,0.6986398100852966,0.7018763422966003,0.6587069034576416,0.8950126767158508,0.6074269413948059,0.8422671556472778,0.7217758893966675,0.9318154454231262,1.03691565990448,0.7586989402770996,0.6461805105209351,0.49838894605636597,0.7091290354728699,0.7301843762397766,0.6384060382843018,0.8265628814697266,0.6783249974250793,0.9065123796463013,0.9774304032325745,0.900252103805542,1.0493934154510498,1.149803876876831,1.1047241687774658,1.231898546218872,1.18211030960083,1.2259032726287842,1.1149067878723145,1.1051119565963745,1.0755809545516968,1.0424996614456177,1.0338927507400513,0.9925621747970581,1.0230631828308105,1.0260319709777832,0.9481805562973022,1.0776070356369019,1.1612871885299683,1.0648733377456665,0.9225687384605408,1.1230220794677734,1.0037806034088135,0.9536463022232056,1.107628345489502,1.065187931060791,0.8414365649223328,1.0301457643508911,1.1280924081802368,0.9083473682403564,0.8100189566612244,0.9658227562904358,0.8277723789215088,0.8614810705184937,1.0738399028778076,0.9126213192939758,0.750619113445282,0.9162840843200684,1.150070071220398,0.8106964230537415,0.8213143944740295,0.7364615201950073,0.7310518622398376,0.9427266120910645,0.8225361108779907,1.17435622215271,1.1623473167419434,1.1432123184204102,1.1019816398620605,1.1471343040466309,1.0750259160995483,1.1835565567016602,1.1661823987960815,1.1227885484695435,1.1738296747207642,1.231596827507019,1.207810401916504,1.1994315385818481,1.1705931425094604,1.1755647659301758,1.1468665599822998,1.0093415975570679,1.134451150894165,1.1523456573486328,1.1930803060531616,1.0182976722717285,0.9736813902854919,0.7691016793251038,1.159449577331543,1.1421098709106445,0.9843131303787231,1.1645333766937256,1.1497790813446045,1.1570918560028076,0.9545093774795532,1.153223991394043,1.181317687034607,1.1983788013458252,1.2261221408843994,1.2287516593933105,1.1020514965057373,1.256399393081665,0.9702563285827637,1.0676361322402954,1.109358310699463,1.232332468032837,1.1851011514663696,1.2511992454528809,1.146347999572754,,1.0396113395690918,0.894046425819397,0.8925445675849915,1.113520860671997,0.8434698581695557,,0.8779935240745544,0.8415691256523132,,0.7543569803237915,0.9311960935592651,0.9641757011413574,0.8524149656295776,0.8961636424064636,,,1.1978639364242554,1.0309522151947021,0.8677083849906921,1.0694830417633057,0.9263956546783447,0.848290741443634,0.9849857091903687,0.7757325768470764,0.7098768353462219,0.7677094340324402,0.8778844475746155,0.8532603979110718,1.014261245727539,0.9040991067886353,0.8053348064422607,0.8355739712715149,1.0565494298934937,1.0661481618881226,0.9675822257995605,0.9364132285118103,1.189619541168213,1.0867303609848022,1.128540277481079,0.7599115967750549,0.8478158712387085,0.8148990273475647,0.7092788219451904,0.8284322619438171,0.8636719584465027,0.8136595487594604,0.8630944490432739,0.8608225584030151,0.8895455002784729,0.9227508306503296,1.0007604360580444,,
deer,0.8445196151733398,0.6986398100852966,0.0,0.25991714000701904,0.2841024398803711,0.4533088803291321,0.36117327213287354,0.7087743282318115,0.5199743509292603,0.7146679162979126,0.7911434769630432,0.500248908996582,0.5633631944656372,0.8097841739654541,0.6997888684272766,1.187579870223999,0.9582006931304932,1.0981125831604004,0.4952923059463501,1.1258690357208252,1.1081948280334473,1.2571938037872314,1.1626721620559692,1.1198338270187378,1.0663751363754272,0.9964908361434937,1.059078335762024,1.0350358486175537,1.017086386680603,1.0144964456558228,1.0555015802383423,1.0592104196548462,1.0717602968215942,0.983603298664093,0.8971802592277527,0.9069730639457703,0.8060216903686523,0.8595922589302063,0.9252136945724487,1.0878270864486694,1.2676209211349487,1.0427141189575195,1.0376064777374268,1.1302483081817627,1.082319974899292,1.1247715950012207,1.2608611583709717,1.1649489402770996,1.0801398754119873,1.1515467166900635,1.2589231729507446,1.1558990478515625,1.2521915435791016,1.292571783065796,1.1342836618423462,1.0321539640426636,1.273561716079712,1.2015280723571777,1.017438530921936,1.1479265689849854,1.0626788139343262,1.0064518451690674,1.2620759010314941,0.8980523943901062,0.9285863637924194,0.9037669897079468,0.9327704906463623,0.940017580986023,0.8549965620040894,0.8633308410644531,0.8783183097839355,0.8879460096359253,0.7844435572624207,0.8122117519378662,0.9696457386016846,0.9999656677246094,1.0347238779067993,1.0544984340667725,0.8487012386322021,1.0080310106277466,1.0304250717163086,1.0791372060775757,1.0958974361419678,0.9898096323013306,0.9988186955451965,1.0258500576019287,1.1181247234344482,1.1609551906585693,0.9045802354812622,0.9647406935691833,1.1952871084213257,1.0283502340316772,1.0214653015136719,1.0008766651153564,0.8697002530097961,0.9375066757202148,0.9703039526939392,1.0134491920471191,1.0271046161651611,1.0384159088134766,1.0607527494430542,0.8227285742759705,1.0972576141357422,0.9866378307342529,1.0164161920547485,1.0419646501541138,0.9473999738693237,1.042435646057129,0.9289863705635071,,1.010687232017517,1.109678030014038,1.1265884637832642,0.8736283183097839,0.9695072770118713,,0.9479085206985474,1.1597707271575928,,0.952077329158783,0.8443905115127563,0.8081408739089966,0.8385335803031921,0.9589403867721558,,,0.9807477593421936,1.0597251653671265,1.2637676000595093,1.1166380643844604,1.032762050628662,1.0812128782272339,1.0292203426361084,0.9271947145462036,1.0619369745254517,1.1711176633834839,1.2763278484344482,1.2689114809036255,0.9927667379379272,0.9248561263084412,0.7319599390029907,1.1348737478256226,1.0072275400161743,1.1045372486114502,1.0660115480422974,1.0886428356170654,0.9384151101112366,1.0065829753875732,0.9799321293830872,1.2245376110076904,1.1383178234100342,1.2776285409927368,1.219364881515503,1.1407568454742432,1.167246699333191,1.2144436836242676,1.2178747653961182,1.2315402030944824,1.2793233394622803,1.228445053100586,1.1317471265792847,,
pony,0.7334479689598083,0.7018763422966003,0.25991714000701904,0.0,0.09651303291320801,0.3265058398246765,0.26162099838256836,0.6332601308822632,0.4705415964126587,0.6438294649124146,0.8582750558853149,0.4514343738555908,0.45597267150878906,0.7123301029205322,0.7094841599464417,1.1291121244430542,0.8524297475814819,1.0899951457977295,0.35792505741119385,1.0969443321228027,1.1062920093536377,1.255987524986267,1.1974130868911743,1.1231824159622192,1.0430448055267334,0.9697314500808716,1.108283281326294,1.0671799182891846,1.0503019094467163,1.0865273475646973,1.061099886894226,1.0768725872039795,1.0686722993850708,0.9120769500732422,0.8040120601654053,0.8110435605049133,0.7669872641563416,0.8305824398994446,0.906292200088501,1.0799109935760498,1.25369131565094,1.1537988185882568,1.0500849485397339,1.1268203258514404,1.1216039657592773,1.108996868133545,1.204681634902954,1.177061676979065,1.074063777923584,1.1111887693405151,1.1924715042114258,1.1655539274215698,1.153967022895813,1.23868989944458,1.1356912851333618,0.9445759057998657,1.1470218896865845,1.16596257686615,1.0208978652954102,1.0418938398361206,1.0986937284469604,0.9825981855392456,1.1594752073287964,0.8259743452072144,0.8550524711608887,0.8709385395050049,0.8733803033828735,0.884758472442627,0.8440535664558411,0.8882037401199341,0.8802401423454285,0.8943342566490173,0.9931517839431763,0.8635857105255127,0.8893147706985474,0.970947265625,1.0189158916473389,1.022473692893982,0.9115853309631348,1.0306923389434814,1.0915889739990234,1.1472289562225342,1.0541136264801025,1.0257868766784668,0.9658135771751404,1.0667794942855835,1.2131400108337402,1.0163955688476562,0.9526525139808655,1.0210119485855103,1.271533489227295,1.0280768871307373,1.0034557580947876,0.9727786183357239,0.8471280932426453,0.8590735197067261,0.9417468309402466,0.9301453232765198,0.957649827003479,1.0568636655807495,1.0870037078857422,0.8153479695320129,1.0565824508666992,0.911255955696106,0.9385769367218018,0.9719908833503723,0.8342716693878174,0.9562896490097046,0.9273167848587036,,1.1188576221466064,1.063122034072876,1.1625123023986816,0.9849081635475159,0.8879589438438416,,1.0702458620071411,1.138800024986267,,1.0689293146133423,0.8194901943206787,0.859403669834137,0.7841976881027222,1.03734290599823,,,1.114563226699829,1.189847707748413,1.2457561492919922,1.1064373254776,0.9697211980819702,1.053829550743103,1.0064074993133545,0.8847072124481201,1.0221445560455322,1.1118569374084473,1.2543919086456299,1.195130705833435,0.9632793068885803,0.7152092456817627,0.5699769258499146,1.088786244392395,0.9517243504524231,1.056361436843872,0.9960998296737671,1.0793790817260742,1.0307908058166504,1.0129538774490356,1.0008397102355957,1.1988590955734253,1.149104118347168,1.2544556856155396,1.194019079208374,1.1952769756317139,1.1605112552642822,1.178647756576538,1.2000755071640015,1.2238993644714355,1.2785712480545044,1.2455488443374634,1.2145476341247559,,
horse,0.690043568611145,0.6587069034576416,0.2841024398803711,0.09651303291320801,0.0,0.42106181383132935,0.23555386066436768,0.6840617060661316,0.4575139284133911,0.7113137245178223,0.851094126701355,0.4067818522453308,0.4929608106613159,0.6815549731254578,0.6921764612197876,1.012205958366394,0.7927737832069397,0.9505701661109924,0.38792866468429565,1.0846107006072998,1.0870071649551392,1.2090896368026733,1.1886063814163208,1.161524772644043,1.077107548713684,1.0112584829330444,1.1441227197647095,1.1173145771026611,1.087769627571106,1.0911468267440796,1.0972291231155396,1.0844883918762207,1.0870134830474854,0.9311985373497009,0.759048342704773,0.8300803899765015,0.7584128379821777,0.8260775804519653,0.9179158806800842,1.0772675275802612,1.2174315452575684,1.1516374349594116,1.0157753229141235,1.049843430519104,1.0903319120407104,1.097955584526062,1.1359015703201294,1.1477130651474,1.058500051498413,1.0933806896209717,1.1433641910552979,1.1515285968780518,1.1396805047988892,1.196707010269165,1.1363131999969482,0.9349068403244019,1.1195337772369385,1.1603894233703613,1.0650395154953003,1.038828730583191,1.0210334062576294,0.9054381847381592,1.0649900436401367,0.8105643391609192,0.8421860933303833,0.8797621130943298,0.9532013535499573,0.9327877163887024,0.9060426354408264,0.964674711227417,0.9197260737419128,0.9614951610565186,1.056479811668396,0.9011499285697937,0.9263391494750977,1.0163334608078003,1.0394643545150757,1.0625996589660645,0.9338585138320923,1.0316612720489502,1.0860756635665894,1.1220042705535889,1.0558249950408936,1.0187991857528687,0.9697934985160828,1.0615068674087524,1.1703386306762695,1.0034204721450806,0.9771604537963867,0.990340530872345,1.189231514930725,1.0328102111816406,0.9980424046516418,0.9941316843032837,0.8385571241378784,0.8716733455657959,1.0053174495697021,0.9530796408653259,0.9990062117576599,1.0652861595153809,1.0654665231704712,0.8737043738365173,1.087140440940857,0.9447433352470398,0.9819585084915161,1.0190118551254272,0.9399997591972351,1.0263786315917969,0.9704241752624512,,1.1306698322296143,1.1084972620010376,1.1748380661010742,1.018418312072754,0.9781771302223206,,1.0423778295516968,1.1283600330352783,,1.0250170230865479,0.884857177734375,0.8715295195579529,0.8495897054672241,1.0308717489242554,,,1.1159183979034424,1.1233241558074951,1.1757550239562988,1.1357029676437378,0.9637085795402527,1.0463935136795044,0.9993096590042114,0.8431550860404968,0.9533424973487854,1.0927331447601318,1.1754502058029175,1.1745842695236206,1.0107775926589966,0.816620409488678,0.6131513714790344,1.105405330657959,1.013175129890442,1.086377739906311,1.0151102542877197,1.013772964477539,1.0354634523391724,1.0176030397415161,1.013269305229187,1.1384824514389038,1.0656436681747437,1.1753071546554565,1.1516082286834717,1.0837035179138184,1.0596190690994263,1.0817210674285889,1.128381371498108,1.1450750827789307,1.1825188398361206,1.1617019176483154,1.1377395391464233,,
pig,0.8226286172866821,0.8950126767158508,0.4533088803291321,0.3265058398246765,0.42106181383132935,0.0,0.5027756094932556,0.6889022588729858,0.6474491357803345,0.7582560777664185,0.9385245442390442,0.7500183582305908,0.6000143885612488,0.6923843026161194,0.6806580424308777,0.9674426913261414,0.7446203827857971,0.9551681876182556,0.40192335844039917,1.0355873107910156,1.0211925506591797,0.9797905683517456,0.8933018445968628,0.8643380403518677,0.8296878337860107,0.8345634937286377,0.8699787855148315,0.8914325833320618,0.9740042090415955,0.8905342817306519,0.8941209316253662,1.013289451599121,0.9883336424827576,0.979768693447113,0.9660983085632324,0.9817755222320557,0.9218763709068298,0.9957931041717529,1.1172144412994385,1.0418140888214111,1.1373634338378906,1.0596251487731934,1.0903006792068481,1.1441521644592285,1.0944867134094238,1.1180000305175781,1.1592676639556885,1.1220927238464355,1.108375072479248,1.090698480606079,1.121726393699646,1.0719879865646362,1.125388503074646,1.1566654443740845,1.119118332862854,1.053178071975708,1.1275300979614258,1.1015827655792236,0.9969992637634277,1.0921353101730347,1.0247695446014404,1.0781952142715454,1.108507752418518,0.9751149415969849,0.9309772253036499,1.1101760864257812,1.0625501871109009,1.0639668703079224,0.8428475856781006,0.9165628552436829,0.9668405652046204,1.0278676748275757,0.8782380819320679,0.8545300960540771,0.9330596327781677,1.0232676267623901,1.0994408130645752,1.0680238008499146,0.8761419057846069,1.0494579076766968,0.997058093547821,0.9492194056510925,1.1457056999206543,1.0779452323913574,1.0303239822387695,1.0992134809494019,1.098930835723877,1.0395243167877197,1.0090104341506958,1.0906057357788086,1.1365069150924683,1.1341049671173096,1.1347724199295044,1.1184757947921753,0.9910321831703186,1.1089869737625122,1.1010618209838867,1.1533788442611694,1.148486852645874,1.104392409324646,1.147432804107666,0.944898784160614,1.1156115531921387,1.0309991836547852,1.0723133087158203,1.0993651151657104,0.9947769641876221,1.0968799591064453,1.0664396286010742,,1.0321534872055054,1.013543725013733,1.103489875793457,0.8173308372497559,0.9192628264427185,,0.86210697889328,0.9929143190383911,,0.9742752909660339,0.8162524700164795,0.6290373802185059,0.8478882908821106,0.7704746723175049,,,1.0693328380584717,1.0676883459091187,1.163643717765808,1.0621143579483032,1.002830982208252,1.0761877298355103,1.050796389579773,1.001304030418396,1.057747483253479,0.9278491139411926,1.1434935331344604,1.0682934522628784,0.9786068201065063,0.9068475365638733,0.6769747138023376,0.8238328695297241,0.735491156578064,0.8853632807731628,0.9027858972549438,1.0290088653564453,0.9612724184989929,1.0704439878463745,1.0522551536560059,1.0634502172470093,1.010444164276123,1.0752151012420654,1.0464251041412354,1.0771708488464355,1.0473062992095947,1.0680938959121704,1.0852761268615723,1.0811339616775513,1.068074107170105,1.0435768365859985,0.9773922562599182,,
rooster,0.8232876062393188,0.6074269413948059,0.36117327213287354,0.26162099838256836,0.23555386066436768,0.5027756094932556,0.0,0.6102540493011475,0.3241668939590454,0.6674525141716003,0.8406203985214233,0.2678109407424927,0.2796262502670288,0.5931671857833862,0.5407595634460449,1.1328794956207275,0.8689846992492676,1.0508610010147095,0.4241977334022522,1.0645925998687744,1.0694087743759155,1.252522587776184,1.1523845195770264,1.2068129777908325,1.0400501489639282,1.0888347625732422,1.1767842769622803,1.1762739419937134,1.1219691038131714,1.0723015069961548,1.1181102991104126,1.1256903409957886,1.084079623222351,0.8771831393241882,0.7260825634002686,0.8103992342948914,0.700283944606781,0.809456467628479,0.902461588382721,1.09053373336792,1.2422168254852295,1.125507116317749,0.9595631957054138,1.0453928709030151,1.0771766901016235,1.081580638885498,1.1611366271972656,1.1408932209014893,1.0747755765914917,1.0223373174667358,1.1748363971710205,1.1631901264190674,1.1280415058135986,1.2401542663574219,1.1864138841629028,0.9115475416183472,1.104079008102417,1.105747103691101,1.058038353919983,1.0260930061340332,1.0703312158584595,0.8563069701194763,1.1425344944000244,0.7309019565582275,0.7670140266418457,0.9211950898170471,1.0080195665359497,1.000825047492981,0.8971839547157288,1.0363941192626953,0.942288339138031,0.9775384664535522,1.080154299736023,0.8420793414115906,0.916388750076294,1.0547813177108765,1.0957863330841064,1.1355067491531372,0.999045193195343,1.063323974609375,1.1153285503387451,1.0673279762268066,1.0319262742996216,0.9998031258583069,0.9198039770126343,1.0315582752227783,1.1203949451446533,0.9144775867462158,0.9534421563148499,1.0225483179092407,1.1899044513702393,1.069565773010254,1.0391258001327515,1.0149528980255127,0.7216185927391052,0.8914114236831665,1.0593211650848389,1.0150970220565796,1.079144835472107,1.112285852432251,1.093327522277832,0.9267792701721191,1.0242924690246582,0.956667423248291,0.9943392276763916,1.0574015378952026,0.9844660758972168,1.0861117839813232,0.986591637134552,,1.0655112266540527,1.0020372867584229,1.0902479887008667,1.016550064086914,0.9068676233291626,,0.9389392733573914,1.0933979749679565,,0.9523288607597351,0.7775864005088806,0.7921850681304932,0.7237895727157593,1.032682180404663,,,1.081153392791748,1.1028908491134644,1.151079773902893,1.1264517307281494,0.9812976717948914,0.9795578718185425,0.9361045956611633,0.7555910348892212,0.8765877485275269,1.138175368309021,1.170361042022705,1.1271626949310303,0.9156076908111572,0.699806809425354,0.446424663066864,1.035252571105957,0.964158296585083,1.0607987642288208,0.9550512433052063,1.0107311010360718,1.1200499534606934,1.0502928495407104,1.0463286638259888,1.1949365139007568,1.0974820852279663,1.2342185974121094,1.133349061012268,1.1336421966552734,1.1556264162063599,1.1850706338882446,1.2067461013793945,1.2312488555908203,1.2802926301956177,1.2570842504501343,1.2259836196899414,,
penguin,0.9769508242607117,0.8422671556472778,0.7087743282318115,0.6332601308822632,0.6840617060661316,0.6889022588729858,0.6102540493011475,0.0,0.38065433502197266,0.4619080424308777,0.8682485818862915,0.6555090546607971,0.5630106925964355,0.8425747156143188,0.7448922395706177,1.1730767488479614,0.9546266794204712,1.058519959449768,0.6226621866226196,1.0809258222579956,1.017919898033142,1.1519536972045898,1.0843315124511719,0.9347551465034485,0.7731649279594421,0.8407543301582336,1.0038042068481445,0.959916889667511,1.0272085666656494,0.9997326731681824,1.0245048999786377,1.0120258331298828,1.1276158094406128,0.8812324404716492,0.8366158604621887,0.8964452743530273,0.8834021091461182,0.9242465496063232,0.9454911351203918,0.9900347590446472,1.2152076959609985,1.0866419076919556,1.0357156991958618,1.1647553443908691,1.0593159198760986,1.0802066326141357,1.2037466764450073,1.1071752309799194,1.0742559432983398,1.1298041343688965,1.2088909149169922,1.1446677446365356,1.1903868913650513,1.2389073371887207,1.1191864013671875,1.0461620092391968,1.1335375308990479,1.0452463626861572,0.8013094067573547,1.1045031547546387,1.1198385953903198,1.0571341514587402,1.2097667455673218,0.9499292373657227,0.95854651927948,0.8744787573814392,0.8939687013626099,0.8387651443481445,0.8305217623710632,0.8944776654243469,0.940762460231781,0.924765408039093,0.9169919490814209,0.9170800447463989,0.7351138591766357,0.8547202348709106,0.9681227803230286,1.0131375789642334,0.7572718858718872,0.9924243092536926,0.9881203770637512,1.031556248664856,0.8472797870635986,0.8935538530349731,0.9052220582962036,1.0121195316314697,0.994830310344696,0.9432469010353088,0.8466686606407166,1.002872109413147,1.024348258972168,1.008048176765442,0.9930298924446106,0.9507829546928406,0.8979485630989075,0.9615318775177002,0.9931267499923706,0.9059293866157532,0.9718886613845825,0.9158017039299011,1.0068938732147217,0.8729578256607056,1.082925796508789,0.9406252503395081,0.9809577465057373,0.9257485270500183,0.8592427372932434,1.0132544040679932,0.9731577038764954,,1.0076295137405396,0.9294092059135437,1.0816212892532349,1.0619195699691772,0.9254144430160522,,0.9956530928611755,1.1417055130004883,,1.1330506801605225,0.7751995325088501,0.9111150503158569,0.69243323802948,1.0756882429122925,,,1.1216164827346802,1.173614263534546,1.1987491846084595,1.082056999206543,1.0776381492614746,1.0838394165039062,1.0610822439193726,1.0440561771392822,1.1479015350341797,1.0922718048095703,1.1044261455535889,1.0403649806976318,0.9466755986213684,0.758874237537384,0.7043043971061707,0.8584327101707458,0.6858508586883545,0.7866291999816895,0.7875086069107056,0.9132530093193054,0.9712381958961487,0.9286004304885864,0.9113166332244873,1.185672402381897,0.9904464483261108,1.1593141555786133,1.11565101146698,1.0341541767120361,1.0059748888015747,1.0612130165100098,1.0672725439071655,1.1051353216171265,1.0970065593719482,1.0176366567611694,1.0148348808288574,,
bird,0.9575139880180359,0.7217758893966675,0.5199743509292603,0.4705415964126587,0.4575139284133911,0.6474491357803345,0.3241668939590454,0.38065433502197266,0.0,0.3775078058242798,0.7123512029647827,0.25089043378829956,0.3617227077484131,0.6641861200332642,0.5112649202346802,1.0169413089752197,0.8067885041236877,0.94720458984375,0.48528122901916504,1.0845606327056885,1.0890709161758423,1.2409734725952148,1.25368332862854,1.1519739627838135,0.9939224720001221,1.036667823791504,1.2103651762008667,1.1435554027557373,1.083395004272461,1.1379756927490234,1.1228302717208862,1.0411697626113892,1.1689386367797852,0.9621841907501221,0.7692956924438477,0.7418274879455566,0.9290180206298828,0.8219677805900574,0.8146010637283325,1.123818278312683,1.2551405429840088,1.2159287929534912,1.0363436937332153,1.0407036542892456,1.1642793416976929,1.1598143577575684,1.1122885942459106,1.1740529537200928,1.1132558584213257,1.097185730934143,1.1678593158721924,1.1835453510284424,1.1552423238754272,1.2231996059417725,1.1166181564331055,0.9190214276313782,1.0840932130813599,1.113405704498291,0.9593673944473267,1.0790519714355469,0.9843777418136597,0.884626567363739,1.0407052040100098,0.7747995853424072,0.9332985877990723,0.8102086782455444,0.8653843402862549,0.8602768778800964,0.8394746780395508,0.9383543133735657,0.8918406963348389,0.8748862743377686,0.9204217791557312,0.8761051297187805,0.8492250442504883,0.903720498085022,0.9522581100463867,1.0058612823486328,0.8972915410995483,0.975251317024231,1.122320532798767,1.1206024885177612,0.9825598001480103,0.9860747456550598,0.8506290912628174,1.049971103668213,1.0764338970184326,0.8807438015937805,0.8208543062210083,0.900712788105011,1.1356478929519653,0.9454736709594727,0.8897464871406555,0.9027926921844482,0.7178456783294678,0.7750458717346191,0.9268248081207275,0.8772464990615845,0.9398582577705383,1.0986837148666382,1.039354920387268,0.8567585945129395,1.0743539333343506,0.9538769721984863,1.024185299873352,1.0064270496368408,0.8431863188743591,0.9844253063201904,0.9000289440155029,,1.1307324171066284,0.9602047204971313,1.078252911567688,0.9371378421783447,0.9252201914787292,,1.0389153957366943,1.0736815929412842,,1.0110130310058594,0.6936968564987183,0.8620429635047913,0.6683883666992188,1.0472893714904785,,,1.0581072568893433,1.2141201496124268,1.139709234237671,1.1486074924468994,1.0363301038742065,1.0643101930618286,1.0903419256210327,0.9055137634277344,1.0069254636764526,1.016430377960205,1.141007423400879,1.115329384803772,0.9575896859169006,0.7434146404266357,0.7018898725509644,1.027013897895813,0.8811225891113281,1.030815839767456,0.9456716775894165,1.039607286453247,1.032804250717163,0.9923648834228516,0.9834647178649902,1.179663062095642,1.1299163103103638,1.2199081182479858,1.1817651987075806,1.1925064325332642,1.0472644567489624,1.118098258972168,1.1553858518600464,1.182847261428833,1.2367799282073975,1.2389370203018188,1.2642714977264404,,
duck,1.1043875217437744,0.9318154454231262,0.7146679162979126,0.6438294649124146,0.7113137245178223,0.7582560777664185,0.6674525141716003,0.4619080424308777,0.3775078058242798,0.0,0.8033137321472168,0.5702957510948181,0.5875529646873474,0.9659359455108643,0.6665030717849731,1.1632272005081177,1.0113143920898438,1.0689337253570557,0.7543238997459412,1.083831787109375,1.0855947732925415,1.3279690742492676,1.2707356214523315,1.157042384147644,0.9792231917381287,0.9567090272903442,1.1220204830169678,1.034475326538086,1.0744140148162842,1.106333613395691,1.0826412439346313,1.068785548210144,1.189734935760498,0.9335173964500427,0.8033927083015442,0.708250105381012,0.8502241969108582,0.7486491799354553,0.7339227199554443,1.052080750465393,1.2598297595977783,1.1582247018814087,1.0121198892593384,1.0528095960617065,1.0772356986999512,1.0757917165756226,1.1511543989181519,1.1398212909698486,1.0464452505111694,1.093135118484497,1.1906752586364746,1.1616590023040771,1.1591486930847168,1.2104259729385376,1.0039021968841553,0.9083108901977539,1.1461504697799683,1.148271083831787,0.941792905330658,1.1085271835327148,1.0541186332702637,0.9645944833755493,1.1026129722595215,0.8137438297271729,0.9050395488739014,0.7551876902580261,0.7175902128219604,0.740887463092804,0.7407565116882324,0.8312716484069824,0.8212172389030457,0.7610468864440918,0.8561486601829529,0.8168388605117798,0.8018608093261719,0.8365561962127686,0.8844252824783325,0.89869225025177,0.8910766839981079,0.9563554525375366,1.0864691734313965,1.1474117040634155,0.9320785403251648,0.908204972743988,0.81837397813797,1.0690641403198242,1.2094475030899048,1.0340020656585693,0.84967440366745,0.9106760025024414,1.257054090499878,0.8936519026756287,0.845134973526001,0.8524162769317627,0.8247736692428589,0.6899386644363403,0.739749550819397,0.7566452026367188,0.7747409343719482,0.9540618062019348,0.979308545589447,0.6903800368309021,0.9411833882331848,0.7975798845291138,0.9374355673789978,0.8452092409133911,0.7032874822616577,0.8064723610877991,0.7636957764625549,,1.1357080936431885,0.9879087805747986,1.1052978038787842,1.0238879919052124,0.8038907051086426,,1.1652579307556152,1.152191400527954,,1.137742519378662,0.7184288501739502,0.993453860282898,0.5799907445907593,1.1507148742675781,,,0.9943203330039978,1.2184861898422241,1.1828123331069946,1.1435091495513916,0.9679982662200928,0.9966942667961121,1.0272316932678223,0.9350346922874451,1.1044657230377197,1.0905171632766724,1.1866862773895264,1.1862362623214722,0.9122083187103271,0.6245435476303101,0.7666681408882141,1.130303144454956,0.927760660648346,0.9993634819984436,0.9691370725631714,1.144562005996704,0.9001883268356323,0.9115252494812012,0.8986291885375977,1.2279870510101318,1.2549853324890137,1.2983183860778809,1.2567493915557861,1.3060836791992188,1.1826305389404297,1.2208354473114014,1.2337689399719238,1.251192331314087,1.3403782844543457,1.337188720703125,1.3408852815628052,,
fish,1.2330448627471924,1.03691565990448,0.7911434769630432,0.8582750558853149,0.851094126701355,0.9385245442390442,0.8406203985214233,0.8682485818862915,0.7123512029647827,0.8033137321472168,0.0,0.6291376948356628,0.7507146000862122,1.2618690729141235,1.0646463632583618,1.1832759380340576,1.1862872838974,0.9849823117256165,1.131940484046936,1.2586208581924438,1.2453198432922363,1.4445494413375854,1.2394672632217407,1.1050894260406494,1.0885813236236572,0.781718373298645,0.7449667453765869,0.5920975208282471,0.42991912364959717,0.8212376832962036,0.8609942197799683,0.726302981376648,0.9805676937103271,1.3805267810821533,0.9970150589942932,1.0731842517852783,0.9126745462417603,0.7368252873420715,0.6741821765899658,1.3372197151184082,1.4897592067718506,1.0609054565429688,1.2619918584823608,1.1473482847213745,1.331865668296814,1.4372199773788452,1.378027319908142,1.3748769760131836,1.3109867572784424,1.5295600891113281,1.5106792449951172,1.4062716960906982,1.568723440170288,1.5095891952514648,1.1216003894805908,1.1041845083236694,1.4216866493225098,1.348310112953186,1.0063427686691284,1.388742446899414,0.913505494594574,1.091726303100586,1.1120939254760742,0.952583909034729,1.0267983675003052,0.5691275000572205,0.6228070855140686,0.6333968639373779,0.7200649976730347,0.5775243043899536,0.506817102432251,0.4704354405403137,0.7544598579406738,0.5641185641288757,0.6280292272567749,0.33056211471557617,0.36729705333709717,0.4108539819717407,0.4412729740142822,0.4148242473602295,0.5452880859375,0.7292165756225586,1.1270689964294434,0.8888821005821228,0.9708784222602844,0.9736126661300659,1.2537205219268799,1.2395678758621216,0.5144120454788208,0.3813541531562805,1.0235363245010376,0.34882378578186035,0.3154703378677368,0.2585099935531616,0.9490208625793457,0.5976309180259705,0.3921598196029663,0.5175184011459351,0.5207369327545166,0.8763397336006165,0.3903283476829529,0.7280431389808655,1.279090404510498,1.1729118824005127,1.1165919303894043,0.823287844657898,0.6566221117973328,0.8039699196815491,0.46260523796081543,,0.7895397543907166,0.9692410826683044,0.9989849328994751,0.843085765838623,1.0771558284759521,,0.970703661441803,1.373237133026123,,1.1995856761932373,0.9547637701034546,0.983051061630249,1.1133579015731812,1.379656434059143,,,0.657126247882843,1.1123687028884888,1.429752230644226,1.4443026781082153,1.22878098487854,1.3679801225662231,1.3200680017471313,1.1175854206085205,1.3505645990371704,1.2692949771881104,1.2852585315704346,1.2607948780059814,0.7231827974319458,0.9633225202560425,1.106149673461914,1.3449747562408447,0.9969367980957031,1.1442900896072388,1.2020385265350342,1.350182056427002,0.6417863368988037,0.8329490423202515,0.7502908706665039,1.4227842092514038,1.3863160610198975,1.4617005586624146,1.4218263626098633,1.4331865310668945,1.2108629941940308,1.347909927368164,1.3523491621017456,1.3603394031524658,1.3720781803131104,1.341395378112793,1.1875109672546387,,
butterfly,1.003133773803711,0.7586989402770996,0.500248908996582,0.4514343738555908,0.4067818522453308,0.7500183582305908,0.2678109407424927,0.6555090546607971,0.25089043378829956,0.5702957510948181,0.6291376948356628,0.0,0.4081639051437378,0.8826596736907959,0.7043066024780273,1.1594057083129883,1.034203052520752,1.1346749067306519,0.7579327821731567,1.1738579273223877,1.1651073694229126,1.4053431749343872,1.292658805847168,1.3109486103057861,1.066465973854065,0.9153528213500977,1.10469651222229,1.044578194618225,1.0097954273223877,1.0718295574188232,1.1102770566940308,1.0507011413574219,1.108487606048584,1.0451213121414185,0.8035763502120972,0.718248724937439,0.8195115327835083,0.7176505327224731,0.6180729269981384,1.1892186403274536,1.4057915210723877,1.1814980506896973,1.0062474012374878,1.0545191764831543,1.177154541015625,1.196720838546753,1.2474294900894165,1.2308598756790161,1.1057891845703125,1.190710425376892,1.3404330015182495,1.3587291240692139,1.3102240562438965,1.3745979070663452,1.171337366104126,0.9509692788124084,1.2206759452819824,1.2291673421859741,1.0101319551467896,1.168058156967163,1.056286334991455,0.9011560678482056,1.150667428970337,0.7461316585540771,0.8983161449432373,0.5804364681243896,0.7672770023345947,0.8056893348693848,0.7490767240524292,0.859147310256958,0.7449085116386414,0.7509844899177551,0.9987072944641113,0.7623122334480286,0.7400280237197876,0.7904384732246399,0.8284086585044861,0.9037147164344788,0.8702921867370605,0.8400744795799255,0.9624269008636475,1.0944725275039673,0.9737060070037842,0.8716660141944885,0.8098431825637817,0.9810351133346558,1.1723644733428955,0.9612056016921997,0.7353729009628296,0.7463454604148865,1.1780084371566772,0.7892354726791382,0.7480897903442383,0.7173780798912048,0.6325874924659729,0.6130470633506775,0.7580693960189819,0.75050950050354,0.8067792057991028,0.9903063774108887,0.9399573802947998,0.7353554368019104,1.0121287107467651,0.9240819215774536,0.9148375988006592,0.8998844623565674,0.7196605205535889,0.89290851354599,0.7591785192489624,,1.1130921840667725,1.0070509910583496,1.1588871479034424,0.9471216797828674,0.9421243667602539,,1.0814334154129028,1.260999321937561,,1.1403872966766357,0.7386075258255005,0.9231843948364258,0.8155052661895752,1.2372030019760132,,,1.0268529653549194,1.1790413856506348,1.2763001918792725,1.3036953210830688,1.0085736513137817,1.117334008216858,1.0434932708740234,0.8459585905075073,1.0335909128189087,1.2444002628326416,1.1644654273986816,1.227608323097229,0.8967873454093933,0.7068864107131958,0.7007039785385132,1.277890920639038,1.0472770929336548,1.0942564010620117,0.9996466040611267,1.08405601978302,1.0311068296432495,0.9464462399482727,0.9199713468551636,1.3645215034484863,1.3033263683319092,1.39490807056427,1.3182125091552734,1.3034718036651611,1.194295883178711,1.2749898433685303,1.2995901107788086,1.3142168521881104,1.4334771633148193,1.4284902811050415,1.3977020978927612,,
frog,0.9115043878555298,0.6461805105209351,0.5633631944656372,0.45597267150878906,0.4929608106613159,0.6000143885612488,0.2796262502670288,0.5630106925964355,0.3617227077484131,0.5875529646873474,0.7507146000862122,0.4081639051437378,0.0,0.45934855937957764,0.46212852001190186,1.1253459453582764,0.7893751859664917,1.1054160594940186,0.46388155221939087,1.0238622426986694,1.0646815299987793,1.2321096658706665,1.1213101148605347,1.1946669816970825,1.0971790552139282,1.1367532014846802,1.200657606124878,1.2063831090927124,1.0800985097885132,1.1138033866882324,1.154269814491272,1.0887519121170044,1.1071207523345947,0.9173665642738342,0.721335232257843,0.8673110008239746,0.7963343858718872,0.8811824321746826,1.079918384552002,1.2433021068572998,1.2647160291671753,1.2096314430236816,1.2111715078353882,1.1829895973205566,1.3150787353515625,1.246006727218628,1.2150824069976807,1.356300711631775,1.2530468702316284,1.1059013605117798,1.1286083459854126,1.19207763671875,1.0404956340789795,1.1857508420944214,1.1501185894012451,0.7970176935195923,0.9353141784667969,1.0364230871200562,0.9984840750694275,1.0041344165802002,1.0680454969406128,0.9099143743515015,1.0317732095718384,0.7644989490509033,0.8030853271484375,0.9983096122741699,0.8783736824989319,0.8897902965545654,0.7675754427909851,0.8824950456619263,0.8102172017097473,0.8467205166816711,0.9179969429969788,0.8166368007659912,0.9326472878456116,1.0202261209487915,1.1129571199417114,1.139734148979187,0.9843704104423523,1.114884376525879,1.222228765487671,0.9786583185195923,1.2275538444519043,1.2481188774108887,1.058500051498413,1.0326820611953735,1.1109095811843872,0.7173811793327332,0.9240637421607971,1.1017491817474365,1.1862848997116089,1.0905611515045166,1.0488972663879395,0.993310809135437,0.8690197467803955,0.9919908046722412,0.9571590423583984,1.0642833709716797,1.10378897190094,1.336358666419983,1.0838333368301392,0.9700766801834106,1.0101969242095947,1.0731680393218994,0.9867772459983826,1.069067358970642,0.8417413234710693,0.9945098161697388,0.8076128363609314,,0.8008613586425781,0.5731514692306519,0.752166748046875,0.9427676796913147,0.6829386949539185,,0.8803291916847229,1.0305824279785156,,0.9200942516326904,0.5237443447113037,0.7412477135658264,0.5571346282958984,1.0083844661712646,,,1.111594796180725,1.0449602603912354,1.03644597530365,1.1843979358673096,0.8914861679077148,0.7819688320159912,1.001844048500061,0.7012745141983032,0.8339624404907227,1.0331754684448242,1.1647872924804688,0.9430439472198486,0.6207842230796814,0.4270796775817871,0.4465477466583252,0.7878135442733765,0.8043303489685059,1.0413867235183716,0.8476179838180542,0.9855093359947205,1.193484902381897,1.1765847206115723,1.1802228689193726,1.1046912670135498,1.100753664970398,1.1559258699417114,0.9459751844406128,1.1948003768920898,1.1809576749801636,1.1591136455535889,1.184777021408081,1.2351608276367188,1.199828028678894,1.2341885566711426,1.2592463493347168,,
