,frog,nose,face,hair,arm,hand,finger,toe,lamp,drawer,chair,table,couch,bed,crib,window,door,refrigerator,oven,sink,bathtub,shirt,bib,pajamas,pants,slipper,shoe,sock,glove,blanket,pillow,towel,napkin,doll,toy,tray,box,book,paper,basket,purse,comb,hat,glasses,scissors,fork,spoon,crayon,pencil,pen,knife,toothbrush,gum,balloon,ball,egg,orange,apple,banana,plant,bread,plate,bowl,bottle,cup,bucket,can
frog,0.0,0.7554939985275269,0.7951712608337402,1.035195231437683,1.2418599128723145,1.0039894580841064,0.9381033778190613,0.8998883366584778,0.9931718111038208,0.9331958293914795,1.1690545082092285,1.1082077026367188,1.071919322013855,0.9964709281921387,1.0838713645935059,0.9902424216270447,1.1004401445388794,1.2420108318328857,1.095067024230957,1.2172764539718628,1.1826093196868896,1.0873280763626099,1.0666743516921997,1.0677522420883179,1.162898063659668,0.76564621925354,0.8583689332008362,1.0445951223373413,0.8032897710800171,1.006353497505188,1.005237102508545,1.0757923126220703,1.081750512123108,0.779427707195282,0.7707735300064087,1.0693912506103516,1.1010065078735352,0.9804385304450989,1.0714976787567139,1.0668108463287354,0.9937963485717773,0.9548896551132202,0.8499692678451538,0.7903321981430054,0.9944244027137756,0.8393473029136658,0.8017829656600952,0.718698263168335,0.9215871095657349,0.8376227021217346,1.1415146589279175,0.9064837694168091,0.8152604103088379,0.9906585216522217,0.9581717252731323,0.7358298897743225,0.8438473343849182,0.6803810596466064,0.674919605255127,1.0598520040512085,0.9040489196777344,0.9277186989784241,1.0842528343200684,0.9616252779960632,1.1556799411773682,1.1559574604034424,1.0353591442108154
nose,0.7554939985275269,0.0,0.7806782722473145,1.0038444995880127,1.2419313192367554,1.0480942726135254,0.8531076312065125,0.6778110861778259,0.8790068626403809,0.7620284557342529,1.2466094493865967,1.2269482612609863,1.2433971166610718,1.2550337314605713,1.2230569124221802,0.8535908460617065,1.1195781230926514,1.2701799869537354,1.0108156204223633,1.3301975727081299,1.2920200824737549,1.2092869281768799,1.3064804077148438,1.2375903129577637,1.1051865816116333,0.5773009061813354,0.817436158657074,1.030496597290039,1.0282771587371826,1.231990933418274,1.133043646812439,1.1042839288711548,1.151024341583252,1.1449267864227295,1.228743076324463,1.1659152507781982,1.0918234586715698,1.2481008768081665,1.1665302515029907,1.1809406280517578,1.1908241510391235,0.8313448429107666,0.7429134845733643,0.4404815435409546,1.0736818313598633,0.7526724934577942,0.8147839307785034,0.48249655961990356,0.808515191078186,0.6538776159286499,1.0375007390975952,0.9284677505493164,0.9652032256126404,0.899634063243866,1.0790365934371948,0.8963268399238586,0.7412092685699463,0.6316001415252686,0.6358921527862549,1.2603652477264404,0.7384223937988281,0.8068971633911133,1.0378828048706055,1.0165847539901733,1.162996530532837,1.325652003288269,0.9726142287254333
face,0.7951712608337402,0.7806782722473145,0.0,0.6642379760742188,0.9307303428649902,0.6980242729187012,0.7307223081588745,0.5901936888694763,0.9995135068893433,0.9770244359970093,1.1526854038238525,1.1235523223876953,1.0412427186965942,1.1192207336425781,1.128190517425537,0.8655871152877808,1.0547040700912476,1.1170196533203125,1.0469460487365723,1.1645582914352417,1.1242480278015137,0.922605037689209,1.0910512208938599,0.9271140098571777,0.9467579126358032,0.9271714091300964,0.9741788506507874,0.9843527674674988,1.0942705869674683,1.125012993812561,1.0628914833068848,1.1141562461853027,1.1631277799606323,1.0104466676712036,1.108259677886963,1.0484330654144287,1.084368348121643,1.0769277811050415,1.094338059425354,1.0957560539245605,1.1903780698776245,0.9258242845535278,0.7910752892494202,0.7852736711502075,1.1034934520721436,1.013406753540039,0.9752762317657471,0.8970441818237305,0.9234469532966614,0.940506100654602,1.1627568006515503,0.9265759587287903,1.0009527206420898,0.9933035969734192,1.0664337873458862,0.9133699536323547,0.9216398000717163,0.8871428966522217,0.9442169666290283,1.1025605201721191,0.8484834432601929,1.0372083187103271,1.1237138509750366,1.0819789171218872,1.1250947713851929,1.1825926303863525,1.02464759349823
hair,1.035195231437683,1.0038444995880127,0.6642379760742188,0.0,0.6292712092399597,0.7297860383987427,0.8374993801116943,0.7781649827957153,1.0465866327285767,1.1447052955627441,0.9743474125862122,1.0067975521087646,0.7388672828674316,0.8961760401725769,0.9362390637397766,0.9315693974494934,0.9465203285217285,0.922339141368866,1.0547524690628052,1.0271679162979126,0.9148139953613281,0.6504929661750793,0.7803789973258972,0.7176390886306763,0.6912731528282166,1.1492128372192383,1.119581937789917,0.9125498533248901,1.0382195711135864,0.9149733781814575,0.8108980655670166,0.9121789932250977,1.0041669607162476,0.9454668164253235,1.1162880659103394,1.080661654472351,1.1264721155166626,0.9373588562011719,0.9979407787322998,0.9844093322753906,1.0503201484680176,0.8237152695655823,0.639463484287262,0.9184607267379761,1.0958387851715088,1.1471554040908813,1.1615145206451416,1.109480857849121,1.0756418704986572,1.0290483236312866,1.0406200885772705,1.0466309785842896,1.0991778373718262,1.0836472511291504,1.0189447402954102,1.1511223316192627,1.0475093126296997,1.0971758365631104,1.040474772453308,0.9646846652030945,1.107862114906311,1.1505674123764038,1.165215253829956,1.1012141704559326,1.125356674194336,1.0920103788375854,1.1048098802566528
arm,1.2418599128723145,1.2419313192367554,0.9307303428649902,0.6292712092399597,0.0,0.6077030897140503,0.7804878354072571,0.8125832676887512,1.1464953422546387,1.1810892820358276,0.8247573375701904,0.8640850186347961,0.5652064681053162,0.74658203125,0.8261260986328125,1.0867671966552734,0.8999778628349304,0.7535392045974731,1.051413655281067,0.8260254263877869,0.7593884468078613,0.4499533176422119,0.6095238924026489,0.5863507390022278,0.5647176504135132,1.3730130195617676,1.3169245719909668,0.693602979183197,0.9414289593696594,0.8047884702682495,0.7087273597717285,0.7496856451034546,0.816846489906311,1.1311619281768799,1.1928342580795288,1.0303919315338135,1.067691683769226,0.9126265645027161,0.8897174596786499,0.9328538179397583,0.9734286665916443,0.9766448736190796,0.9397041201591492,1.2423537969589233,1.1024160385131836,1.3198575973510742,1.3224583864212036,1.2936809062957764,1.1226810216903687,1.1463253498077393,0.8166482448577881,1.1650503873825073,1.1201859712600708,1.066114902496338,1.07958984375,1.2002978324890137,1.1272963285446167,1.1941251754760742,1.1379083395004272,0.8593064546585083,1.1787792444229126,1.2301253080368042,1.1063623428344727,1.244114637374878,0.9651737809181213,0.9108819961547852,1.0961724519729614
hand,1.0039894580841064,1.0480942726135254,0.6980242729187012,0.7297860383987427,0.6077030897140503,0.0,0.17696428298950195,0.28330421447753906,1.1754124164581299,1.0010069608688354,1.0680387020111084,1.0223851203918457,1.0069522857666016,1.0711286067962646,1.1622928380966187,1.0680994987487793,1.096914291381836,1.1677993535995483,1.0447331666946411,1.0502371788024902,1.0168532133102417,0.877026379108429,0.8244636654853821,0.9159971475601196,0.9223677515983582,0.973484218120575,0.9760815501213074,0.5212820172309875,0.7437765598297119,1.0450668334960938,0.9191027879714966,0.8649728298187256,0.8488821387290955,1.0082589387893677,1.0570255517959595,0.987581193447113,1.0704450607299805,0.8865143656730652,0.7702241539955139,1.0487511157989502,1.1332879066467285,0.8858216404914856,0.882591724395752,0.947529673576355,1.095288872718811,1.107406497001648,1.136886477470398,0.9778888821601868,0.6624414324760437,0.8396445512771606,1.0503997802734375,0.8679134249687195,0.8211032152175903,0.9764527678489685,1.0068029165267944,1.0091191530227661,1.0257482528686523,0.9431027173995972,1.0305736064910889,1.0217944383621216,0.9357370138168335,1.0548744201660156,1.0055354833602905,1.1399643421173096,1.0800950527191162,1.0462634563446045,1.076306939125061
finger,0.9381033778190613,0.8531076312065125,0.7307223081588745,0.8374993801116943,0.7804878354072571,0.17696428298950195,0.0,0.2107987403869629,1.0830492973327637,0.8534829616546631,1.1054600477218628,1.0773205757141113,1.1142821311950684,1.199985146522522,1.2458229064941406,1.0462738275527954,1.1047033071517944,1.265371322631836,1.0673466920852661,1.1202446222305298,1.1137522459030151,1.0363255739212036,0.9820199608802795,1.1012426614761353,1.0304948091506958,0.9165897369384766,1.0288920402526855,0.5644403100013733,0.7710070610046387,1.1679035425186157,0.9943740963935852,0.8715648055076599,0.8039395213127136,1.0486505031585693,1.086739420890808,1.06854248046875,1.0170904397964478,0.9061039686203003,0.6986057758331299,1.1789486408233643,1.2253177165985107,0.8023979663848877,0.8519361019134521,0.8274667859077454,1.0150177478790283,0.9478575587272644,0.9958280920982361,0.7521718740463257,0.5332192182540894,0.6793392896652222,0.984079122543335,0.8866565227508545,0.7460415363311768,0.8637901544570923,0.9430187344551086,0.8932965993881226,0.9159141778945923,0.7957954406738281,0.8974660634994507,1.1244593858718872,0.7979831695556641,0.9235198497772217,0.9828233122825623,1.110785961151123,1.0226339101791382,1.0884190797805786,1.0591176748275757
toe,0.8998883366584778,0.6778110861778259,0.5901936888694763,0.7781649827957153,0.8125832676887512,0.28330421447753906,0.2107987403869629,0.0,1.0321433544158936,0.8801230788230896,1.1391656398773193,1.2366559505462646,1.1046016216278076,1.2044968605041504,1.225388765335083,1.0051846504211426,1.14691960811615,1.315365195274353,1.1267039775848389,1.2883878946304321,1.2275980710983276,1.0400102138519287,1.1014552116394043,1.0546094179153442,0.939569890499115,0.661497175693512,0.806593656539917,0.43975210189819336,0.7501394152641296,1.1541869640350342,0.9997308254241943,0.9198101758956909,0.9716017246246338,1.0704923868179321,1.205441951751709,1.1724133491516113,1.1371238231658936,1.1272486448287964,1.0432813167572021,1.2295877933502197,1.2755126953125,0.8606055974960327,0.8201383352279663,0.7811985015869141,1.1777989864349365,0.9083467721939087,0.9491043090820312,0.6637290716171265,0.6143181920051575,0.6273404359817505,1.0966609716415405,0.9241347312927246,0.8991429209709167,0.9249948859214783,1.0126670598983765,0.9253753423690796,0.9410175085067749,0.7026649117469788,0.8818773031234741,1.174712061882019,0.7157167792320251,0.969508707523346,1.0795849561691284,1.0974282026290894,1.1936876773834229,1.2579612731933594,0.9647165536880493
lamp,0.9931718111038208,0.8790068626403809,0.9995135068893433,1.0465866327285767,1.1464953422546387,1.1754124164581299,1.0830492973327637,1.0321433544158936,0.0,0.8375425934791565,1.0978538990020752,1.1336575746536255,1.2433916330337524,1.2458570003509521,1.2496161460876465,0.543735682964325,0.7813253402709961,1.0176060199737549,1.0070216655731201,1.0586954355239868,1.0515516996383667,1.2110257148742676,1.3278907537460327,1.263606309890747,1.1261963844299316,0.925736129283905,1.0641424655914307,1.1712532043457031,1.0702863931655884,1.259906530380249,1.116662621498108,1.1864246129989624,1.0743657350540161,1.1659470796585083,1.2024955749511719,1.21641206741333,1.003938913345337,1.2115031480789185,1.0708562135696411,0.9836368560791016,1.2687216997146606,0.7838545441627502,0.9460869431495667,0.7401787638664246,0.7579174041748047,0.5430124402046204,0.5400921106338501,0.7288106083869934,0.8079246282577515,0.7234872579574585,0.8950360417366028,0.9037509560585022,1.2292293310165405,0.9712427854537964,1.0774041414260864,1.0773696899414062,1.078973650932312,0.9849830269813538,0.9653654098510742,1.0493080615997314,0.9895428419113159,0.9252445697784424,1.1182751655578613,1.0114814043045044,1.0260034799575806,1.3096239566802979,0.9233184456825256
drawer,0.9331958293914795,0.7620284557342529,0.9770244359970093,1.1447052955627441,1.1810892820358276,1.0010069608688354,0.8534829616546631,0.8801230788230896,0.8375425934791565,0.0,1.043712854385376,1.1447665691375732,1.1738872528076172,1.1867139339447021,1.048240303993225,0.7252362966537476,0.9609178304672241,1.0977909564971924,0.7896236777305603,1.2385573387145996,1.1226763725280762,1.257595419883728,1.218277931213379,1.2495863437652588,1.0995712280273438,0.7853314280509949,0.9023714065551758,1.099090814590454,1.0786460638046265,1.173586368560791,0.978411078453064,1.0160408020019531,1.016330599784851,1.1499475240707397,1.1965055465698242,1.0712918043136597,0.7513880729675293,1.0609561204910278,1.0309926271438599,1.0271456241607666,1.146389365196228,0.7747931480407715,0.9672071933746338,0.7612956762313843,0.8893540501594543,0.7652475833892822,0.8747517466545105,0.6995052695274353,0.6948970556259155,0.6915377378463745,0.9187147617340088,0.9272297620773315,0.9306544065475464,1.017954707145691,1.1753976345062256,1.0366272926330566,0.9680323600769043,0.904493510723114,0.9351480007171631,1.051702857017517,0.9026910066604614,1.0110887289047241,1.1280144453048706,1.020392656326294,1.2253854274749756,1.2344961166381836,0.8443564176559448
chair,1.1690545082092285,1.2466094493865967,1.1526854038238525,0.9743474125862122,0.8247573375701904,1.0680387020111084,1.1054600477218628,1.1391656398773193,1.0978538990020752,1.043712854385376,0.0,0.8828142285346985,0.44748997688293457,0.652480959892273,0.4769655466079712,0.9626385569572449,0.7556167840957642,0.6876311302185059,0.8972225785255432,0.8259303569793701,0.7852553129196167,0.8132007122039795,0.919937252998352,0.8206422328948975,0.7577997446060181,1.1083931922912598,1.068578839302063,0.933691143989563,0.9583982229232788,0.7342777252197266,0.5609731674194336,0.8346887826919556,0.94764244556427,0.9928536415100098,0.9035589098930359,0.972253143787384,0.8086967468261719,0.9564173221588135,1.0198854207992554,0.8405148983001709,0.9384300112724304,1.0406200885772705,0.9748134613037109,1.2218068838119507,0.9399310350418091,1.0970481634140015,1.09965181350708,1.2912013530731201,1.2032642364501953,1.1766982078552246,1.0311329364776611,1.1736775636672974,1.1316907405853271,1.1680676937103271,1.1196311712265015,1.1853444576263428,1.2223925590515137,1.1525441408157349,1.19538152217865,0.8482075929641724,1.2130156755447388,1.2544361352920532,1.110573410987854,1.0402143001556396,1.012302279472351,0.859043538570404,0.870644211769104
table,1.1082077026367188,1.2269482612609863,1.1235523223876953,1.0067975521087646,0.8640850186347961,1.0223851203918457,1.0773205757141113,1.2366559505462646,1.1336575746536255,1.1447665691375732,0.8828142285346985,0.0,0.7050246596336365,0.6072508096694946,0.7173202633857727,1.1626275777816772,0.9758738875389099,0.6530221700668335,1.0580132007598877,0.5277971625328064,0.5972765684127808,0.7046511173248291,0.6778644323348999,0.7832361459732056,0.9873391389846802,1.352393388748169,1.2376927137374878,1.0968433618545532,1.1165508031845093,0.7577104568481445,0.9984099864959717,0.9532344341278076,0.8182234764099121,0.9755604863166809,0.646886944770813,0.3823131322860718,0.9511570930480957,0.751960039138794,0.6717463731765747,0.980267345905304,0.6059092283248901,1.1462249755859375,1.0444196462631226,1.2675697803497314,1.0086138248443604,1.2108978033065796,1.1797447204589844,1.2195374965667725,1.1955984830856323,1.2236813306808472,0.8204821348190308,0.90263432264328,0.7410949468612671,0.977813184261322,0.954414963722229,0.9853890538215637,0.9637478590011597,1.1663975715637207,0.9848783612251282,0.8998199701309204,1.1635918617248535,0.7807049751281738,0.6790605783462524,1.0164085626602173,0.5642421245574951,0.6149636507034302,1.0761914253234863
couch,1.071919322013855,1.2433971166610718,1.0412427186965942,0.7388672828674316,0.5652064681053162,1.0069522857666016,1.1142821311950684,1.1046016216278076,1.2433916330337524,1.1738872528076172,0.44748997688293457,0.7050246596336365,0.0,0.2714865207672119,0.3352845311164856,1.0333858728408813,0.7787489891052246,0.5870336890220642,0.9984117150306702,0.8376493453979492,0.6796184778213501,0.4923684000968933,0.6387072205543518,0.44301629066467285,0.5867591500282288,1.313913345336914,1.205956220626831,0.8986237645149231,0.9589866399765015,0.35820668935775757,0.32753413915634155,0.7180064916610718,0.8735929131507874,0.9045273065567017,1.016864538192749,0.9043521881103516,0.9227321147918701,0.8086119890213013,0.9824249744415283,0.908515214920044,0.7632425427436829,1.0816377401351929,0.9969013929367065,1.3134368658065796,1.1565356254577637,1.3025038242340088,1.307936668395996,1.3914129734039307,1.3691737651824951,1.2824010848999023,1.0033721923828125,1.2250019311904907,1.1270627975463867,1.1594760417938232,1.058262825012207,1.176554799079895,1.175153136253357,1.2312331199645996,1.1483185291290283,0.850707471370697,1.3246421813964844,1.2508682012557983,1.1062066555023193,1.181766152381897,1.0442450046539307,0.8571701049804688,1.117358684539795
bed,0.9964709281921387,1.2550337314605713,1.1192207336425781,0.8961760401725769,0.74658203125,1.0711286067962646,1.199985146522522,1.2044968605041504,1.2458570003509521,1.1867139339447021,0.652480959892273,0.6072508096694946,0.2714865207672119,0.0,0.31353330612182617,1.0815850496292114,0.854456901550293,0.6101423501968384,1.0065364837646484,0.7943830490112305,0.6760891675949097,0.5978596210479736,0.6130146980285645,0.36463725566864014,0.7382789850234985,1.270447015762329,1.1614015102386475,0.8862884640693665,0.9957321286201477,0.1425151228904724,0.51826012134552,0.7409887313842773,0.9283982515335083,0.6877922415733337,0.8475358486175537,0.7641071081161499,0.9479476809501648,0.7186567187309265,0.9540286064147949,0.8616881370544434,0.5938053727149963,1.1790980100631714,1.0659655332565308,1.3183609247207642,1.1246707439422607,1.2386608123779297,1.2824032306671143,1.386589765548706,1.374003291130066,1.3027527332305908,1.0443837642669678,1.108314037322998,1.1481304168701172,1.2003649473190308,1.0329418182373047,1.2132900953292847,1.2494471073150635,1.2292454242706299,1.2284235954284668,0.8159512281417847,1.399975299835205,1.2353298664093018,1.1023597717285156,1.148048996925354,1.086557149887085,0.8840364813804626,1.1851773262023926
crib,1.0838713645935059,1.2230569124221802,1.128190517425537,0.9362390637397766,0.8261260986328125,1.1622928380966187,1.2458229064941406,1.225388765335083,1.2496161460876465,1.048240303993225,0.4769655466079712,0.7173202633857727,0.3352845311164856,0.31353330612182617,0.0,1.0087175369262695,0.8042808175086975,0.5093861818313599,0.95437091588974,0.8316814303398132,0.6983682513237,0.6955242156982422,0.7456617951393127,0.6514309644699097,0.7543031573295593,1.2835956811904907,1.1496189832687378,1.0042271614074707,1.0721473693847656,0.46982473134994507,0.6462525129318237,0.8426306843757629,1.0220171213150024,0.7304768562316895,0.8929409980773926,0.8385297060012817,0.7683547139167786,0.8111830949783325,1.0807901620864868,0.7852942943572998,0.7143173217773438,1.1865849494934082,1.1163901090621948,1.3242111206054688,1.1000698804855347,1.177597165107727,1.2724692821502686,1.3880410194396973,1.356791377067566,1.2744189500808716,1.0807026624679565,1.1715648174285889,1.151924967765808,1.20309317111969,1.0370789766311646,1.2308833599090576,1.2198009490966797,1.2314380407333374,1.2143378257751465,0.8203816413879395,1.3466273546218872,1.2739152908325195,1.068403720855713,1.0793893337249756,1.071804404258728,0.7821087837219238,0.9631450176239014
window,0.9902424216270447,0.8535908460617065,0.8655871152877808,0.9315693974494934,1.0867671966552734,1.0680994987487793,1.0462738275527954,1.0051846504211426,0.543735682964325,0.7252362966537476,0.9626385569572449,1.1626275777816772,1.0333858728408813,1.0815850496292114,1.0087175369262695,0.0,0.5044415593147278,0.7874335050582886,0.6337158679962158,1.0889779329299927,0.948093056678772,1.1415538787841797,1.2525579929351807,1.0781681537628174,0.9849027991294861,0.9312372207641602,1.060396432876587,1.163784384727478,1.103086233139038,1.097135066986084,0.91091388463974,1.1119470596313477,1.0775294303894043,1.1405730247497559,1.2638498544692993,1.1006134748458862,0.7357829213142395,1.184523582458496,1.1253749132156372,0.723731517791748,1.2515349388122559,0.7324548959732056,0.987170934677124,0.7877289056777954,1.0516489744186401,0.7448809146881104,0.9083221554756165,0.8625390529632568,0.9157184958457947,0.8946212530136108,1.0371698141098022,0.985842764377594,1.125493049621582,1.1355280876159668,1.2166646718978882,1.0935049057006836,1.0815494060516357,0.9896627068519592,1.0306745767593384,1.092588186264038,0.9613918662071228,1.068432331085205,1.236027479171753,1.0303548574447632,1.0947895050048828,1.2981257438659668,0.8255913853645325
door,1.1004401445388794,1.1195781230926514,1.0547040700912476,0.9465203285217285,0.8999778628349304,1.096914291381836,1.1047033071517944,1.14691960811615,0.7813253402709961,0.9609178304672241,0.7556167840957642,0.9758738875389099,0.7787489891052246,0.854456901550293,0.8042808175086975,0.5044415593147278,0.0,0.5656106472015381,0.7756670713424683,0.7591378092765808,0.651543915271759,0.9337072968482971,1.0250240564346313,0.9398019313812256,0.8513780832290649,1.172037959098816,1.161022424697876,1.1341170072555542,1.0957709550857544,0.9440566301345825,0.8349815011024475,1.0343215465545654,1.0350964069366455,1.0477519035339355,1.1408190727233887,1.062895655632019,0.7072128653526306,1.0879772901535034,1.0275155305862427,0.7107489109039307,1.1372616291046143,0.9951375722885132,1.0977795124053955,1.0784138441085815,0.9584624767303467,1.009999394416809,1.0334964990615845,1.2147588729858398,1.2092924118041992,1.1582764387130737,1.0492357015609741,1.1182152032852173,1.15500009059906,1.1287825107574463,1.0748404264450073,1.1011518239974976,1.1403266191482544,1.1802098751068115,1.1472339630126953,0.968066394329071,1.1494694948196411,1.1136672496795654,1.1399343013763428,1.0649762153625488,1.005764365196228,1.0709354877471924,0.9953545331954956
refrigerator,1.2420108318328857,1.2701799869537354,1.1170196533203125,0.922339141368866,0.7535392045974731,1.1677993535995483,1.265371322631836,1.315365195274353,1.0176060199737549,1.0977909564971924,0.6876311302185059,0.6530221700668335,0.5870336890220642,0.6101423501968384,0.5093861818313599,0.7874335050582886,0.5656106472015381,0.0,0.6016846895217896,0.7148977518081665,0.5790666341781616,0.6759426593780518,0.7100404500961304,0.742766797542572,0.7515333890914917,1.393025517463684,1.2639217376708984,1.1800380945205688,1.2499804496765137,0.7217415571212769,0.8461489081382751,1.0053355693817139,0.9512659311294556,1.0573729276657104,1.0820775032043457,0.8392802476882935,0.688803493976593,0.8031520843505859,0.9267029166221619,0.7376730442047119,0.8597869277000427,1.0878533124923706,1.1500370502471924,1.2883223295211792,1.057050347328186,1.1702710390090942,1.2170047760009766,1.355808973312378,1.285064458847046,1.2571959495544434,0.8979634046554565,1.1098248958587646,1.1371428966522217,1.2424259185791016,1.2118890285491943,1.245435357093811,1.2438859939575195,1.2415751218795776,1.2225950956344604,0.7974783182144165,1.313056230545044,1.2264018058776855,1.0912249088287354,1.05573570728302,0.8728924989700317,0.7996142506599426,0.8541684746742249
oven,1.095067024230957,1.0108156204223633,1.0469460487365723,1.0547524690628052,1.051413655281067,1.0447331666946411,1.0673466920852661,1.1267039775848389,1.0070216655731201,0.7896236777305603,0.8972225785255432,1.0580132007598877,0.9984117150306702,1.0065364837646484,0.95437091588974,0.6337158679962158,0.7756670713424683,0.6016846895217896,0.0,1.0025557279586792,0.9090836048126221,1.0811195373535156,0.9729193449020386,1.0426746606826782,0.9383864998817444,0.9925391674041748,0.9888447523117065,1.1122883558273315,1.150160312652588,1.0138875246047974,0.9067506194114685,0.989461362361908,0.9397670030593872,1.1465688943862915,1.1111375093460083,0.998012363910675,0.8130358457565308,1.0048102140426636,0.960663914680481,0.7692369222640991,1.1122757196426392,0.9775248765945435,1.0713098049163818,0.9929031133651733,1.0365229845046997,0.9179307818412781,0.9938948750495911,1.0567957162857056,0.9596441984176636,0.9884412884712219,0.9608892798423767,1.049306869506836,1.0080426931381226,1.1826575994491577,1.2520976066589355,1.0951775312423706,1.1202378273010254,1.0033087730407715,1.0474961996078491,1.0217205286026,1.0513399839401245,1.0840610265731812,1.0974112749099731,1.0350806713104248,0.9978235363960266,1.0395179986953735,0.7311995029449463
sink,1.2172764539718628,1.3301975727081299,1.1645582914352417,1.0271679162979126,0.8260254263877869,1.0502371788024902,1.1202446222305298,1.2883878946304321,1.0586954355239868,1.2385573387145996,0.8259303569793701,0.5277971625328064,0.8376493453979492,0.7943830490112305,0.8316814303398132,1.0889779329299927,0.7591378092765808,0.7148977518081665,1.0025557279586792,0.0,0.2057020664215088,0.859157919883728,0.8173862099647522,0.9253880381584167,1.0217623710632324,1.355552315711975,1.2374486923217773,1.0629554986953735,1.06460702419281,0.9092782735824585,0.9765989780426025,0.869060754776001,0.7508023977279663,1.0683996677398682,0.9193817377090454,0.8253614902496338,0.9653079509735107,0.9953955411911011,0.8652626872062683,0.8683713674545288,0.8465042114257812,1.150567650794983,1.16084885597229,1.2932441234588623,0.9575412273406982,1.2727112770080566,1.2207117080688477,1.4028294086456299,1.3035345077514648,1.3361918926239014,0.8531613349914551,1.1641346216201782,1.0135740041732788,1.0599819421768188,1.0011008977890015,1.0297436714172363,1.0696427822113037,1.2588322162628174,1.1141349077224731,0.884154736995697,1.244124412536621,0.6887660622596741,0.4970839023590088,1.0467528104782104,0.45072537660598755,0.5296863317489624,1.0126062631607056
bathtub,1.1826093196868896,1.2920200824737549,1.1242480278015137,0.9148139953613281,0.7593884468078613,1.0168532133102417,1.1137522459030151,1.2275980710983276,1.0515516996383667,1.1226763725280762,0.7852553129196167,0.5972765684127808,0.6796184778213501,0.6760891675949097,0.6983682513237,0.948093056678772,0.651543915271759,0.5790666341781616,0.9090836048126221,0.2057020664215088,0.0,0.804480254650116,0.7497212886810303,0.8348007202148438,0.8967860341072083,1.3634440898895264,1.2955801486968994,1.0678114891052246,1.0981885194778442,0.8265177011489868,0.8770996332168579,0.9103803038597107,0.8279217481613159,1.0313283205032349,0.9624531865119934,0.8311735987663269,0.9729673862457275,0.9617676138877869,0.9167723655700684,0.8514114022254944,0.8760418891906738,1.0932196378707886,1.1047662496566772,1.271497130393982,0.9989096522331238,1.2908438444137573,1.270161509513855,1.3513070344924927,1.265730857849121,1.2593101263046265,0.8937294483184814,1.057785153388977,1.0800749063491821,1.13459050655365,1.0862709283828735,1.120019555091858,1.1133583784103394,1.3001984357833862,1.1490644216537476,0.8009989261627197,1.2995572090148926,0.9309216141700745,0.705518364906311,1.0656962394714355,0.7109543085098267,0.6663083434104919,1.0222063064575195
shirt,1.0873280763626099,1.2092869281768799,0.922605037689209,0.6504929661750793,0.4499533176422119,0.877026379108429,1.0363255739212036,1.0400102138519287,1.2110257148742676,1.257595419883728,0.8132007122039795,0.7046511173248291,0.4923684000968933,0.5978596210479736,0.6955242156982422,1.1415538787841797,0.9337072968482971,0.6759426593780518,1.0811195373535156,0.859157919883728,0.804480254650116,0.0,0.4074629545211792,0.3059235215187073,0.5078904628753662,1.3288469314575195,1.2094058990478516,0.9163734912872314,1.0618784427642822,0.6027278900146484,0.6793725490570068,0.8544414043426514,0.9255650043487549,0.9869968891143799,1.0358201265335083,0.863728404045105,1.0959824323654175,0.7439837455749512,0.900881826877594,0.9430314302444458,0.7910140752792358,1.1247200965881348,0.8930069804191589,1.1969112157821655,1.0889204740524292,1.2571985721588135,1.233322262763977,1.3452484607696533,1.2611911296844482,1.1761243343353271,0.8951421976089478,1.1413944959640503,1.1324074268341064,1.0801119804382324,1.0604463815689087,1.2296171188354492,1.1657891273498535,1.1798738241195679,1.1626722812652588,0.8982505798339844,1.3092992305755615,1.2446012496948242,1.1074622869491577,1.1813181638717651,1.0034230947494507,0.8748244047164917,1.076513409614563
bib,1.0666743516921997,1.3064804077148438,1.0910512208938599,0.7803789973258972,0.6095238924026489,0.8244636654853821,0.9820199608802795,1.1014552116394043,1.3278907537460327,1.218277931213379,0.919937252998352,0.6778644323348999,0.6387072205543518,0.6130146980285645,0.7456617951393127,1.2525579929351807,1.0250240564346313,0.7100404500961304,0.9729193449020386,0.8173862099647522,0.7497212886810303,0.4074629545211792,0.0,0.5163059234619141,0.7214030027389526,1.3232927322387695,1.1208723783493042,0.8736543655395508,0.9274860620498657,0.6195109486579895,0.7669407725334167,0.6871299147605896,0.6395627856254578,0.8999112844467163,0.8597863912582397,0.8167800903320312,1.0815922021865845,0.5375267267227173,0.6004404425621033,0.9330888390541077,0.6789653301239014,1.0923081636428833,0.9284616112709045,1.2929457426071167,1.0485914945602417,1.2384648323059082,1.2358644008636475,1.3172948360443115,1.1913869380950928,1.1562004089355469,0.9611119031906128,0.9771755933761597,0.9082052707672119,1.0993561744689941,1.0576077699661255,1.1253682374954224,1.1597018241882324,1.2032263278961182,1.0825467109680176,0.9165890216827393,1.3244420289993286,1.1299413442611694,0.9846112132072449,1.0885393619537354,0.8811407685279846,0.7456305623054504,1.032571792602539
pajamas,1.0677522420883179,1.2375903129577637,0.9271140098571777,0.7176390886306763,0.5863507390022278,0.9159971475601196,1.1012426614761353,1.0546094179153442,1.263606309890747,1.2495863437652588,0.8206422328948975,0.7832361459732056,0.44301629066467285,0.36463725566864014,0.6514309644699097,1.0781681537628174,0.9398019313812256,0.742766797542572,1.0426746606826782,0.9253880381584167,0.8348007202148438,0.3059235215187073,0.5163059234619141,0.0,0.43111300468444824,1.2907772064208984,1.1867042779922485,0.8466240167617798,1.0172277688980103,0.3017670512199402,0.5812214016914368,0.7632452845573425,0.9382506012916565,0.8252297043800354,1.0119799375534058,0.8763056993484497,1.1199135780334473,0.8001452684402466,0.9627826809883118,0.9386953115463257,0.8026289939880371,1.0863932371139526,0.9475020170211792,1.2366223335266113,1.1412320137023926,1.2510865926742554,1.23617684841156,1.3344002962112427,1.2534723281860352,1.2298099994659424,0.9882561564445496,1.1213181018829346,1.172292709350586,1.1116290092468262,1.073456883430481,1.1853829622268677,1.2098666429519653,1.1937726736068726,1.2163029909133911,0.904682993888855,1.3527485132217407,1.2591407299041748,1.1440192461013794,1.2169525623321533,1.103818416595459,0.9511589407920837,1.1034351587295532
pants,1.162898063659668,1.1051865816116333,0.9467579126358032,0.6912731528282166,0.5647176504135132,0.9223677515983582,1.0304948091506958,0.939569890499115,1.1261963844299316,1.0995712280273438,0.7577997446060181,0.9873391389846802,0.5867591500282288,0.7382789850234985,0.7543031573295593,0.9849027991294861,0.8513780832290649,0.7515333890914917,0.9383864998817444,1.0217623710632324,0.8967860341072083,0.5078904628753662,0.7214030027389526,0.43111300468444824,0.0,1.1374304294586182,1.0449024438858032,0.730883002281189,0.986160397529602,0.6706459522247314,0.5931732058525085,0.7368626594543457,0.9213749766349792,1.0647019147872925,1.1808422803878784,1.0344551801681519,1.1008702516555786,0.9881026148796082,1.0656147003173828,0.9565283060073853,1.0472841262817383,0.9864647388458252,0.8835477232933044,1.1249098777770996,1.0671899318695068,1.1865801811218262,1.130293846130371,1.2348685264587402,1.1423633098602295,1.1491509675979614,0.9040004014968872,1.1628174781799316,1.18185293674469,1.09830641746521,1.1117430925369263,1.166325330734253,1.1815686225891113,1.1642189025878906,1.066015601158142,0.9354364275932312,1.1840461492538452,1.2869681119918823,1.252272367477417,1.21591055393219,1.1672838926315308,1.0186340808868408,0.9509801268577576
slipper,0.76564621925354,0.5773009061813354,0.9271714091300964,1.1492128372192383,1.3730130195617676,0.973484218120575,0.9165897369384766,0.661497175693512,0.925736129283905,0.7853314280509949,1.1083931922912598,1.352393388748169,1.313913345336914,1.270447015762329,1.2835956811904907,0.9312372207641602,1.172037959098816,1.393025517463684,0.9925391674041748,1.355552315711975,1.3634440898895264,1.3288469314575195,1.3232927322387695,1.2907772064208984,1.1374304294586182,0.0,0.15958797931671143,0.7230241894721985,0.7750067114830017,1.2075929641723633,1.03389573097229,1.0078016519546509,1.0238444805145264,1.0876582860946655,1.1078096628189087,1.2309114933013916,1.0489833354949951,1.2263766527175903,1.1753981113433838,1.0766575336456299,1.1474367380142212,0.9422353506088257,0.8257483839988708,0.5469889044761658,1.0179121494293213,0.7166017293930054,0.734729528427124,0.6186370849609375,0.773093044757843,0.6709995865821838,1.1702790260314941,0.9241583347320557,1.0548322200775146,1.0830199718475342,1.176638126373291,1.003646731376648,1.0214133262634277,0.7648587226867676,0.8341022729873657,1.124382734298706,0.7360328435897827,0.8960624933242798,1.0487041473388672,0.8807488679885864,1.245579481124878,1.3140652179718018,0.8119306564331055
shoe,0.8583689332008362,0.817436158657074,0.9741788506507874,1.119581937789917,1.3169245719909668,0.9760815501213074,1.0288920402526855,0.806593656539917,1.0641424655914307,0.9023714065551758,1.068578839302063,1.2376927137374878,1.205956220626831,1.1614015102386475,1.1496189832687378,1.060396432876587,1.161022424697876,1.2639217376708984,0.9888447523117065,1.2374486923217773,1.2955801486968994,1.2094058990478516,1.1208723783493042,1.1867042779922485,1.0449024438858032,0.15958797931671143,0.0,0.7206331491470337,0.8187103271484375,1.1124098300933838,1.0657727718353271,0.9576756358146667,0.9879651665687561,1.037759780883789,1.0007154941558838,1.1730213165283203,1.0046193599700928,1.0696611404418945,1.1109249591827393,1.0384715795516968,1.0250109434127808,1.0604228973388672,0.9419258236885071,0.7450146675109863,1.0417920351028442,0.8772203326225281,0.8821010589599609,0.9115822315216064,0.9339242577552795,0.8733636140823364,1.2145419120788574,0.9907895922660828,1.0064973831176758,1.116720199584961,1.125117301940918,1.0467685461044312,1.1261539459228516,0.924242377281189,0.9795757532119751,1.0129536390304565,0.8879959583282471,1.0031445026397705,1.0289912223815918,0.868628203868866,1.174349308013916,1.1533830165863037,0.8247994780540466
sock,1.0445951223373413,1.030496597290039,0.9843527674674988,0.9125498533248901,0.693602979183197,0.5212820172309875,0.5644403100013733,0.43975210189819336,1.1712532043457031,1.099090814590454,0.933691143989563,1.0968433618545532,0.8986237645149231,0.8862884640693665,1.0042271614074707,1.163784384727478,1.1341170072555542,1.1800380945205688,1.1122883558273315,1.0629554986953735,1.0678114891052246,0.9163734912872314,0.8736543655395508,0.8466240167617798,0.730883002281189,0.7230241894721985,0.7206331491470337,0.0,0.5938993692398071,0.8464037179946899,0.7884147763252258,0.63055020570755,0.7133406400680542,0.9410188794136047,1.040770173072815,1.1055835485458374,1.1531261205673218,1.0009279251098633,0.9317588210105896,1.0705472230911255,1.0393813848495483,1.0350335836410522,0.9321123957633972,1.0646636486053467,1.144968032836914,1.146162986755371,1.1111606359481812,1.0743578672409058,0.9275359511375427,0.9832251071929932,1.012948751449585,1.0435467958450317,0.9997202157974243,0.9855158925056458,0.9788318872451782,0.9868841767311096,1.119917869567871,1.0069018602371216,1.050483226776123,0.9711431860923767,1.0040196180343628,1.0953385829925537,1.0294140577316284,1.1392794847488403,1.094201683998108,1.0075018405914307,0.9963042140007019
glove,0.8032897710800171,1.0282771587371826,1.0942705869674683,1.0382195711135864,0.9414289593696594,0.7437765598297119,0.7710070610046387,0.7501394152641296,1.0702863931655884,1.0786460638046265,0.9583982229232788,1.1165508031845093,0.9589866399765015,0.9957321286201477,1.0721473693847656,1.103086233139038,1.0957709550857544,1.2499804496765137,1.150160312652588,1.06460702419281,1.0981885194778442,1.0618784427642822,0.9274860620498657,1.0172277688980103,0.986160397529602,0.7750067114830017,0.8187103271484375,0.5938993692398071,0.0,0.911311149597168,0.7847867012023926,0.5491549372673035,0.5940462946891785,0.8701256513595581,0.8952483534812927,1.1242989301681519,1.080048680305481,1.0822159051895142,0.9606452584266663,1.0052576065063477,0.9905169606208801,0.7486552000045776,0.8390772938728333,1.0503665208816528,0.9925469160079956,0.9049299359321594,0.9992094039916992,0.8950930833816528,0.7956223487854004,0.8053439259529114,1.0399701595306396,0.907936692237854,0.7618332505226135,0.9801095724105835,0.8419070243835449,0.9428400993347168,1.043846845626831,0.9544631838798523,0.9572608470916748,1.137654423713684,0.9734825491905212,0.9434292316436768,0.9998960494995117,0.9478987455368042,1.0257207155227661,1.0330866575241089,1.0629918575286865
blanket,1.006353497505188,1.231990933418274,1.125012993812561,0.9149733781814575,0.8047884702682495,1.0450668334960938,1.1679035425186157,1.1541869640350342,1.259906530380249,1.173586368560791,0.7342777252197266,0.7577104568481445,0.35820668935775757,0.1425151228904724,0.46982473134994507,1.097135066986084,0.9440566301345825,0.7217415571212769,1.0138875246047974,0.9092782735824585,0.8265177011489868,0.6027278900146484,0.6195109486579895,0.3017670512199402,0.6706459522247314,1.2075929641723633,1.1124098300933838,0.8464037179946899,0.911311149597168,0.0,0.41373389959335327,0.5815839767456055,0.8201372623443604,0.7832715511322021,0.949885368347168,0.8218308687210083,0.9745340347290039,0.7774662375450134,0.9346051812171936,0.8917887210845947,0.5876226425170898,1.1026620864868164,1.059814214706421,1.2731807231903076,1.1622345447540283,1.217632532119751,1.2937800884246826,1.3153064250946045,1.3101531267166138,1.2172129154205322,1.0599558353424072,1.1101957559585571,1.1126039028167725,1.1910479068756104,1.0569640398025513,1.18742835521698,1.272266149520874,1.205549955368042,1.238674521446228,0.8999160528182983,1.3693969249725342,1.2115654945373535,1.1262876987457275,1.137223243713379,1.1078487634658813,0.9047861695289612,1.1350467205047607
pillow,1.005237102508545,1.133043646812439,1.0628914833068848,0.8108980655670166,0.7087273597717285,0.9191027879714966,0.9943740963935852,0.9997308254241943,1.116662621498108,0.978411078453064,0.5609731674194336,0.9984099864959717,0.32753413915634155,0.51826012134552,0.6462525129318237,0.91091388463974,0.8349815011024475,0.8461489081382751,0.9067506194114685,0.9765989780426025,0.8770996332168579,0.6793725490570068,0.7669407725334167,0.5812214016914368,0.5931732058525085,1.03389573097229,1.0657727718353271,0.7884147763252258,0.7847867012023926,0.41373389959335327,0.0,0.44881385564804077,0.6158118844032288,1.0426912307739258,1.2251064777374268,1.0451399087905884,0.8836928009986877,0.9662525653839111,0.9258995056152344,0.8012834787368774,0.9007355570793152,0.8946778178215027,0.9007211923599243,1.0863597393035889,1.1806849241256714,1.133617639541626,1.2242941856384277,1.1959172487258911,1.1608843803405762,1.0887515544891357,0.9423357844352722,1.186620831489563,1.0962156057357788,1.1501290798187256,1.1343045234680176,1.153763771057129,1.193373203277588,1.1630052328109741,1.0961335897445679,1.001660943031311,1.1790752410888672,1.137388825416565,1.1246830224990845,1.192901372909546,1.1133300065994263,0.9692885875701904,0.9575340747833252
