,rooster,fish,frog,alligator,cat,dog,face,hair,arm,hand,finger,toe,tooth,car,lamp,chair,bench,drawer,window,door,refrigerator,crib,bed,couch,table,bathtub,sink,clock,ball,balloon,orange,apple,hat,slipper,watch,nail,glasses,vacuum,shovel,scissors,spoon,knife,pencil,pen,crayon,plant,flower,bottle,cup,can,belt,basket,bucket,tape,bowl,plate,banana,cracker,pizza,glass,tray,box,book,paper,gum,toy,doll,mitten,glove,shoe,purse,pillow,towel,napkin,blanket,pajamas,bib,jacket,shirt,jeans,shorts
rooster,0.0,0.5759033560752869,0.8202437162399292,1.0890395641326904,1.0721291303634644,0.9798073172569275,1.1956673860549927,1.090782642364502,1.4631069898605347,1.3144817352294922,0.94456946849823,0.741077184677124,0.6884587407112122,1.075640320777893,0.5465935468673706,1.229805827140808,1.4430979490280151,1.2897220849990845,1.1662613153457642,1.0943198204040527,1.1734604835510254,1.4411685466766357,1.5114400386810303,1.4339715242385864,1.524428129196167,1.4758203029632568,1.3889001607894897,0.4576375484466553,0.8003727197647095,0.6654672622680664,0.6532361507415771,0.6007192730903625,0.6938415169715881,0.5672614574432373,0.6238839626312256,0.616498589515686,0.6253634691238403,0.6763889193534851,0.6969345808029175,0.9906752705574036,0.6850850582122803,0.8679485321044922,0.6800022125244141,0.6075018644332886,0.6271933317184448,0.40282195806503296,0.2967258095741272,0.48183321952819824,0.5340113043785095,0.6184674501419067,0.7142951488494873,0.8448081016540527,0.8412649631500244,0.7008925080299377,0.8495378494262695,0.9300815463066101,1.0417827367782593,0.883147120475769,0.9896315336227417,1.2771235704421997,1.3328940868377686,1.3990204334259033,1.1303530931472778,1.3989572525024414,1.0341033935546875,0.9528614282608032,0.872816801071167,1.3736989498138428,1.1308733224868774,1.1903117895126343,1.0820395946502686,1.156632423400879,0.6688119769096375,0.6639189720153809,1.4790005683898926,1.5001250505447388,1.497420310974121,1.3897075653076172,1.3832354545593262,1.4780750274658203,1.4446768760681152
fish,0.5759033560752869,0.0,0.5977153182029724,0.7115774750709534,0.8821674585342407,1.0622389316558838,1.1217901706695557,1.0901371240615845,1.302720546722412,1.0628708600997925,0.7300768494606018,0.6272083520889282,0.3936634063720703,0.8146471381187439,0.9270443320274353,1.2969096899032593,1.2597377300262451,1.0914790630340576,1.1820645332336426,1.211897373199463,1.4031622409820557,1.3654754161834717,1.3090461492538452,1.3006596565246582,1.3551697731018066,1.284641146659851,1.208470106124878,0.7519294023513794,0.7380356192588806,0.6324161291122437,0.544219970703125,0.5286228060722351,0.7435510158538818,0.4630494713783264,0.5309341549873352,0.5388083457946777,0.5704020261764526,1.0211936235427856,0.8877269625663757,0.8879272937774658,0.7687929272651672,0.6692336797714233,0.5256966948509216,0.4427013397216797,0.39713382720947266,0.79947829246521,0.6062362194061279,0.8383744955062866,0.8634309768676758,0.6619220972061157,0.5019865036010742,1.121321201324463,1.0633858442306519,0.7571470141410828,0.9459434151649475,0.732729434967041,0.7791661024093628,0.6759132146835327,0.8257948160171509,1.0624297857284546,1.257750153541565,1.311171531677246,0.9273443818092346,1.1276541948318481,0.6016087532043457,0.8995177149772644,1.0698695182800293,1.0866564512252808,0.9181457161903381,1.0255929231643677,1.222420334815979,0.8898340463638306,0.6022786498069763,0.7224552631378174,1.2012518644332886,1.313955545425415,1.2626798152923584,1.3050073385238647,1.3135323524475098,1.1721338033676147,1.1516910791397095
frog,0.8202437162399292,0.5977153182029724,0.0,0.2846546173095703,1.0443670749664307,0.8736461400985718,0.9251899123191833,1.0164183378219604,1.1511495113372803,1.0086225271224976,1.08634614944458,1.1404083967208862,0.9830806255340576,0.8712141513824463,1.1300864219665527,1.2997065782546997,1.14713716506958,1.1291316747665405,1.2279473543167114,1.2083866596221924,1.2456722259521484,1.0735092163085938,0.9898013472557068,1.1602051258087158,1.01162850856781,1.1569998264312744,1.2049760818481445,0.8406264781951904,0.7044739127159119,0.8190044164657593,0.9181820750236511,0.8399006128311157,0.8290539979934692,0.9879485964775085,1.091336965560913,1.1458784341812134,1.1063483953475952,1.2228280305862427,1.0356858968734741,0.5197437405586243,0.9668282866477966,1.0731818675994873,1.0242923498153687,1.0470010042190552,0.9876527190208435,0.8925442099571228,0.9962882995605469,1.1327046155929565,1.1802656650543213,1.1367489099502563,1.0486109256744385,1.062228798866272,0.9789940118789673,0.7687163352966309,1.0974876880645752,0.9536762833595276,0.5207055807113647,0.64775550365448,0.7733263373374939,0.7829493880271912,0.8271447420120239,0.8473477363586426,0.711674690246582,0.8090779781341553,0.5423443913459778,0.35067641735076904,0.6100689172744751,0.7215684652328491,0.8436638116836548,0.7110223770141602,0.9283657670021057,1.0230385065078735,1.1289730072021484,1.1316205263137817,0.8897167444229126,1.034139633178711,0.884009599685669,1.0653061866760254,1.0758635997772217,1.0494283437728882,1.093231439590454
alligator,1.0890395641326904,0.7115774750709534,0.2846546173095703,0.0,0.696144700050354,0.5835737586021423,0.7570676207542419,0.8363658785820007,0.6881052851676941,0.8060939311981201,1.1674821376800537,1.3259522914886475,1.1959254741668701,0.6363370418548584,1.3479524850845337,0.9180379509925842,0.6450327634811401,0.8435362577438354,0.9365628957748413,0.9933130741119385,0.9931751489639282,0.6376395225524902,0.591097354888916,0.6985751986503601,0.5840996503829956,0.8073258399963379,0.9621177315711975,1.1897701025009155,1.05984628200531,1.2151520252227783,1.2930667400360107,1.2293866872787476,1.065570592880249,1.2886666059494019,1.3623158931732178,1.4056265354156494,1.3072361946105957,1.2506275177001953,1.2474480867385864,0.6791599988937378,1.294729471206665,1.0897525548934937,1.3261620998382568,1.3264473676681519,1.3062337636947632,1.139601469039917,1.2535028457641602,1.453145980834961,1.5246824026107788,1.3389005661010742,1.2496130466461182,1.1231462955474854,1.2504761219024658,1.273024559020996,1.3447959423065186,1.148097038269043,0.7029807567596436,0.7254669666290283,0.7797117829322815,0.6104717254638672,0.8173949718475342,0.6930941343307495,0.7571446299552917,0.5409247875213623,0.7538430094718933,0.7251920104026794,0.7387378215789795,0.47933661937713623,0.7186619639396667,0.5526921153068542,0.8253980278968811,0.7872051000595093,1.2137898206710815,1.2656352519989014,0.5253022909164429,0.6345836520195007,0.5288840532302856,0.6847496628761292,0.7243810296058655,0.6583909392356873,0.7114801406860352
cat,1.0721291303634644,0.8821674585342407,1.0443670749664307,0.696144700050354,0.0,0.642511785030365,0.8446215391159058,0.835633397102356,0.7004210948944092,0.8447027802467346,1.0525938272476196,1.0960361957550049,1.0130473375320435,0.4923945665359497,1.1009538173675537,0.7407442331314087,0.5980716943740845,0.7721289396286011,0.5590027570724487,0.7239102125167847,0.7159842252731323,0.679103672504425,0.6375498175621033,0.5984158515930176,0.7306340336799622,0.6157554388046265,0.7480003833770752,1.2220700979232788,1.2465802431106567,1.2571101188659668,1.1619727611541748,1.2176203727722168,1.012561559677124,1.0792250633239746,1.0538967847824097,1.086849331855774,0.9383180141448975,1.008061170578003,1.2313746213912964,1.0799399614334106,1.2033989429473877,0.9080793857574463,1.137825846672058,1.090255618095398,1.1481683254241943,1.1851954460144043,1.0831825733184814,1.283423900604248,1.3031954765319824,0.9752243757247925,0.8979718089103699,1.1481066942214966,1.3178579807281494,1.3723459243774414,1.2327684164047241,1.1206570863723755,1.123944878578186,1.0445363521575928,0.9369609355926514,0.7215009927749634,1.101590633392334,1.0436553955078125,1.1856051683425903,0.8935942053794861,1.230402946472168,1.3213889598846436,1.0794917345046997,0.8239022493362427,0.8761370182037354,0.8592392802238464,1.080833077430725,0.7555696964263916,1.052079677581787,1.1112104654312134,0.6669905185699463,0.6577986478805542,0.6734633445739746,0.5894597768783569,0.6762809753417969,0.6232560276985168,0.6670582890510559
dog,0.9798073172569275,1.0622389316558838,0.8736461400985718,0.5835737586021423,0.642511785030365,0.0,0.80963134765625,0.8570987582206726,0.7549943327903748,0.8845721483230591,1.162787675857544,1.2061779499053955,1.26304030418396,0.8827152252197266,1.2249046564102173,0.8502848148345947,0.7371993064880371,0.9728226661682129,0.8872244358062744,0.9757282137870789,0.8886417150497437,0.7154664397239685,0.7120327949523926,0.6495923399925232,0.6874614953994751,0.9498921036720276,1.043756365776062,1.188755989074707,1.1350023746490479,1.253953218460083,1.2544398307800293,1.251294732093811,1.1306411027908325,1.2836143970489502,1.2929716110229492,1.2819148302078247,1.25532865524292,1.135000467300415,1.2468700408935547,1.0690886974334717,1.2588716745376587,1.304749608039856,1.3631675243377686,1.3809270858764648,1.390735149383545,1.1665465831756592,1.1732218265533447,1.305037021636963,1.3272595405578613,1.2337582111358643,1.2757147550582886,1.0736576318740845,1.2176671028137207,1.310366153717041,1.2178534269332886,1.2715150117874146,1.0591285228729248,0.9372487664222717,0.8947980999946594,0.8622840642929077,0.97115159034729,0.9265382885932922,1.1028363704681396,0.9078492522239685,1.2051078081130981,1.045425534248352,0.6058276295661926,0.7728374004364014,0.848457932472229,0.8436276316642761,0.8476346731185913,0.8309742212295532,1.224402904510498,1.2208013534545898,0.7171836495399475,0.7059592604637146,0.7255746722221375,0.767974853515625,0.7535620927810669,0.7867016196250916,0.8236148357391357
face,1.1956673860549927,1.1217901706695557,0.9251899123191833,0.7570676207542419,0.8446215391159058,0.80963134765625,0.0,0.16707468032836914,0.7086262702941895,0.7901175022125244,0.9904772043228149,0.9931257963180542,1.1659983396530151,0.7666431069374084,1.2690505981445312,0.938340425491333,0.7967674732208252,0.9842520356178284,0.8266831040382385,0.8892483711242676,0.8197939395904541,0.7768782377243042,0.7384057641029358,0.6486167907714844,0.8145372867584229,0.8669741153717041,0.9939727187156677,1.2475254535675049,1.1082384586334229,1.2756731510162354,1.1839098930358887,1.1794100999832153,0.8553450107574463,1.252807855606079,1.1637248992919922,1.095207929611206,1.0134249925613403,1.2158617973327637,1.391108512878418,1.1546671390533447,1.4056504964828491,1.2976274490356445,1.333760380744934,1.3217848539352417,1.2993366718292236,1.2147879600524902,1.2339656352996826,1.3123230934143066,1.366793155670166,1.294386863708496,1.2765191793441772,1.3213872909545898,1.3885573148727417,1.2749052047729492,1.3922336101531982,1.2893694639205933,1.0511583089828491,1.024397373199463,1.044946551322937,0.8378697633743286,1.069571852684021,0.9818546772003174,1.1150388717651367,0.8519774675369263,1.1549986600875854,1.1211453676223755,0.974907636642456,0.8096516728401184,1.0526833534240723,0.9225429892539978,1.1515594720840454,1.1069589853286743,1.3925448656082153,1.4282493591308594,0.8259091377258301,0.6460660099983215,0.6637485027313232,0.5814788341522217,0.4428067207336426,0.7839104533195496,0.7871686816215515
hair,1.090782642364502,1.0901371240615845,1.0164183378219604,0.8363658785820007,0.835633397102356,0.8570987582206726,0.16707468032836914,0.0,0.7261000871658325,0.748191237449646,0.8613694310188293,0.8666274547576904,1.0779629945755005,0.8667804002761841,1.2331788539886475,0.9143214225769043,0.8223851919174194,0.9981816411018372,0.8074455261230469,0.8830313086509705,0.8280544281005859,0.8365412354469299,0.8082324862480164,0.6910988092422485,0.8730456233024597,0.9258363842964172,1.0327969789505005,1.2521084547042847,1.1105260848999023,1.234700083732605,1.1345014572143555,1.1605799198150635,0.6662556529045105,1.134786605834961,1.0374886989593506,1.049950122833252,0.8376444578170776,1.1221979856491089,1.3706268072128296,1.1661564111709595,1.3527380228042603,1.244546890258789,1.252924919128418,1.228124737739563,1.223412036895752,1.1423609256744385,1.1334607601165771,1.261394739151001,1.3230094909667969,1.2022500038146973,1.1958006620407104,1.2828459739685059,1.3459327220916748,1.3134546279907227,1.390445590019226,1.3096058368682861,1.0771390199661255,1.011161208152771,1.0782501697540283,0.9316980838775635,1.1595609188079834,1.0316163301467896,1.1244421005249023,0.9078443050384521,1.148102045059204,1.1821606159210205,0.9577152729034424,0.8386234045028687,0.9878299236297607,0.9261512160301208,1.1373862028121948,1.0469509363174438,1.3205993175506592,1.3615200519561768,0.8733053207397461,0.6874337196350098,0.7267416715621948,0.6219341158866882,0.4982103109359741,0.7854623794555664,0.7578982710838318
arm,1.4631069898605347,1.302720546722412,1.1511495113372803,0.6881052851676941,0.7004210948944092,0.7549943327903748,0.7086262702941895,0.7261000871658325,0.0,0.35289692878723145,0.8869200944900513,1.1506335735321045,1.3310415744781494,0.8918154239654541,1.4187220335006714,0.6720671057701111,0.4918927550315857,0.7821289896965027,0.7695876359939575,0.8911961913108826,0.7766461968421936,0.49274110794067383,0.40288400650024414,0.41664326190948486,0.4251757860183716,0.5209341645240784,0.6893410086631775,1.5318660736083984,1.3245155811309814,1.478769302368164,1.4476896524429321,1.463861346244812,1.2551285028457642,1.4470893144607544,1.3917745351791382,1.394399642944336,1.3723481893539429,1.2649182081222534,1.2786539793014526,1.0338160991668701,1.3529706001281738,1.1217190027236938,1.3858351707458496,1.4408398866653442,1.5003384351730347,1.466980218887329,1.480122685432434,1.5362920761108398,1.556311845779419,1.4731799364089966,1.4251909255981445,1.3190670013427734,1.3929598331451416,1.581611156463623,1.440181016921997,1.3100637197494507,1.018627643585205,1.0365954637527466,0.9888622760772705,0.720641016960144,0.8701286315917969,0.7889619469642639,1.083386778831482,0.5763827562332153,1.1912175416946411,1.2208203077316284,0.9049317240715027,0.4035454988479614,0.5803064107894897,0.7512092590332031,0.9717682003974915,0.8053478002548218,1.3522509336471558,1.389635682106018,0.4555782079696655,0.2561924457550049,0.33220672607421875,0.3957298994064331,0.3380244970321655,0.3381463289260864,0.3307199478149414
hand,1.3144817352294922,1.0628708600997925,1.0086225271224976,0.8060939311981201,0.8447027802467346,0.8845721483230591,0.7901175022125244,0.748191237449646,0.35289692878723145,0.0,0.3804857134819031,0.6934444904327393,1.0246542692184448,1.0724785327911377,1.3938359022140503,1.0190314054489136,0.8870692849159241,0.839246928691864,1.0270832777023315,1.0770983695983887,1.0741347074508667,0.9061447381973267,0.8427006602287292,0.8111022710800171,0.795579195022583,0.8684899806976318,0.8668035864830017,1.4182684421539307,1.1298445463180542,1.2600936889648438,1.2083016633987427,1.213401436805725,0.9860594272613525,1.116405725479126,1.093522071838379,1.1828302145004272,1.0635014772415161,1.3110371828079224,1.1749160289764404,0.9652459621429443,1.0375208854675293,0.9844357371330261,1.0504380464553833,1.143528938293457,1.2658990621566772,1.3668078184127808,1.3636295795440674,1.423821210861206,1.4101884365081787,1.3055830001831055,1.233659029006958,1.3114018440246582,1.3058786392211914,1.3622466325759888,1.3087360858917236,1.2057420015335083,0.8494675159454346,0.8048287630081177,0.932375967502594,0.748104989528656,0.8825222849845886,0.8986075520515442,1.0116281509399414,0.6981735229492188,0.8319606781005859,1.0816465616226196,0.7866636514663696,0.39618754386901855,0.4331256151199341,0.7643152475357056,1.026268482208252,0.8957716226577759,1.256831169128418,1.2786853313446045,0.7897325754165649,0.6115478277206421,0.574112594127655,0.7621772885322571,0.7282514572143555,0.553051769733429,0.4710276126861572
finger,0.94456946849823,0.7300768494606018,1.08634614944458,1.1674821376800537,1.0525938272476196,1.162787675857544,0.9904772043228149,0.8613694310188293,0.8869200944900513,0.3804857134819031,0.0,0.1293129324913025,0.4537866711616516,1.2628464698791504,1.149279236793518,1.1724869012832642,1.2506835460662842,0.9760172367095947,1.2011173963546753,1.1642311811447144,1.2876046895980835,1.3572330474853516,1.3086211681365967,1.1753520965576172,1.3526458740234375,1.2553839683532715,1.148573398590088,1.1160372495651245,0.9033785462379456,0.8766782879829407,0.7066704630851746,0.7309877276420593,0.6526921987533569,0.45255160331726074,0.4545321464538574,0.6064965724945068,0.4563877582550049,1.0349836349487305,0.9951295256614685,1.0867985486984253,0.7672447562217712,0.7778142690658569,0.5705235004425049,0.6017671823501587,0.6630408763885498,1.0098950862884521,0.9465504288673401,0.980860710144043,0.9528174996376038,0.7519361972808838,0.7344871163368225,1.2036899328231812,1.1177852153778076,0.9600550532341003,1.0740066766738892,0.9907904267311096,0.8917939066886902,0.7996424436569214,1.0738520622253418,1.2013863325119019,1.2386082410812378,1.2544257640838623,1.0889921188354492,1.1547585725784302,0.7894673347473145,1.095275640487671,0.965794026851654,0.8948542475700378,0.6700953841209412,1.0724531412124634,1.2354060411453247,0.9397817254066467,0.82574063539505,0.8929409384727478,1.2395521402359009,1.112971544265747,1.1224439144134521,1.1508057117462158,1.1359723806381226,0.9203840494155884,0.7950024604797363
toe,0.741077184677124,0.6272083520889282,1.1404083967208862,1.3259522914886475,1.0960361957550049,1.2061779499053955,0.9931257963180542,0.8666274547576904,1.1506335735321045,0.6934444904327393,0.1293129324913025,0.0,0.3030906915664673,1.2652268409729004,0.9806039929389954,1.269209623336792,1.425513744354248,1.1255804300308228,1.2185739278793335,1.1688108444213867,1.3369643688201904,1.5215964317321777,1.4822468757629395,1.3045700788497925,1.5574079751968384,1.4308907985687256,1.291312575340271,0.948218822479248,0.7493439316749573,0.6759995818138123,0.4888472557067871,0.5087272524833679,0.5067172050476074,0.28839993476867676,0.2907954454421997,0.32518064975738525,0.2723312973976135,0.9360368251800537,0.9754918813705444,1.223914623260498,0.7575981616973877,0.8463388681411743,0.5087171196937561,0.4931698441505432,0.4980735778808594,0.8536867499351501,0.6898916959762573,0.736582338809967,0.7261224985122681,0.557479202747345,0.6216174364089966,1.1818288564682007,1.039049506187439,0.7878974676132202,1.0051039457321167,0.9821869134902954,0.9869574904441833,0.883418619632721,1.1341841220855713,1.3195387125015259,1.427769660949707,1.4396414756774902,1.1866884231567383,1.3752646446228027,0.8378205895423889,1.1093499660491943,1.0154227018356323,1.1205382347106934,0.8586075305938721,1.1829833984375,1.3113694190979004,0.9927563071250916,0.69186931848526,0.7683587670326233,1.419691562652588,1.313943862915039,1.332686185836792,1.3005847930908203,1.2692029476165771,1.161836862564087,1.0389740467071533
tooth,0.6884587407112122,0.3936634063720703,0.9830806255340576,1.1959254741668701,1.0130473375320435,1.26304030418396,1.1659983396530151,1.0779629945755005,1.3310415744781494,1.0246542692184448,0.4537866711616516,0.3030906915664673,0.0,1.07461416721344,0.9298726320266724,1.2488837242126465,1.345240592956543,1.0953973531723022,1.2037328481674194,1.1791861057281494,1.3581805229187012,1.4357097148895264,1.3936954736709595,1.3317992687225342,1.4799050092697144,1.3724043369293213,1.2743474245071411,0.7542619109153748,0.7895854711532593,0.6487534642219543,0.4423564672470093,0.3914926052093506,0.6613635420799255,0.2274274230003357,0.15485286712646484,0.16105854511260986,0.25774431228637695,0.883776068687439,0.9229900240898132,1.0420207977294922,0.7260538339614868,0.6267741918563843,0.29162687063217163,0.24868905544281006,0.1868618130683899,0.7246116995811462,0.47147858142852783,0.5576491355895996,0.5908296704292297,0.4084814786911011,0.38794177770614624,1.0769418478012085,0.9564860463142395,0.6874651908874512,0.8638217449188232,0.6941946744918823,0.936710000038147,0.8177213072776794,0.9789353013038635,1.2128677368164062,1.300293207168579,1.3196245431900024,0.9803599119186401,1.2919666767120361,0.686800479888916,0.9544552564620972,1.1687198877334595,1.287214756011963,1.0462150573730469,1.195682406425476,1.3082897663116455,1.0404226779937744,0.591266930103302,0.716881513595581,1.3570101261138916,1.3630940914154053,1.3658316135406494,1.3409497737884521,1.3457951545715332,1.2309155464172363,1.1554852724075317
car,1.075640320777893,0.8146471381187439,0.8712141513824463,0.6363370418548584,0.4923945665359497,0.8827152252197266,0.7666431069374084,0.8667804002761841,0.8918154239654541,1.0724785327911377,1.2628464698791504,1.2652268409729004,1.07461416721344,0.0,1.1346523761749268,0.8055480718612671,0.6700708866119385,0.8376451134681702,0.678863525390625,0.8613017201423645,0.7244720458984375,0.6050097942352295,0.6341471672058105,0.7307958602905273,0.7327125072479248,0.710424542427063,0.8494240045547485,1.0782928466796875,1.106389045715332,1.174400806427002,1.19242262840271,1.1431370973587036,1.096289038658142,1.1564741134643555,1.1332780122756958,1.0921283960342407,1.0673179626464844,1.0793787240982056,1.175183653831482,0.9709710478782654,1.302997350692749,0.886582612991333,1.1767916679382324,1.0919218063354492,1.1028133630752563,1.0879464149475098,1.0481809377670288,1.1574724912643433,1.2010809183120728,1.113513708114624,0.9857296943664551,0.9857909679412842,1.2043596506118774,1.1960761547088623,1.1303789615631104,1.0035250186920166,1.0559840202331543,1.1553696393966675,0.8964953422546387,0.49334025382995605,0.9640443325042725,0.8749122619628906,0.9143813848495483,0.7905996441841125,0.9721265435218811,1.034065842628479,1.0377135276794434,0.9724993109703064,1.0485038757324219,0.8250608444213867,1.0502437353134155,0.9045922756195068,1.0707809925079346,1.1051230430603027,0.7209305167198181,0.7431825995445251,0.7747718095779419,0.6828334927558899,0.7160707116127014,0.8129363059997559,0.8342073559761047
lamp,0.5465935468673706,0.9270443320274353,1.1300864219665527,1.3479524850845337,1.1009538173675537,1.2249046564102173,1.2690505981445312,1.2331788539886475,1.4187220335006714,1.3938359022140503,1.149279236793518,0.9806039929389954,0.9298726320266724,1.1346523761749268,0.0,0.9598390460014343,1.3086750507354736,1.1016453504562378,0.9031260013580322,0.7242929339408875,0.8703428506851196,1.2917966842651367,1.4013993740081787,1.3522627353668213,1.392359972000122,1.1404669284820557,0.9829154014587402,0.44277137517929077,0.9185060858726501,0.6795765161514282,0.8394073843955994,0.8671115040779114,1.0018271207809448,0.854145884513855,0.8638167381286621,0.8244417309761047,0.821967363357544,0.3768109679222107,0.5825358629226685,0.8863814473152161,0.5683879256248474,0.7297929525375366,0.644275426864624,0.6316376328468323,0.7307536602020264,0.5652726888656616,0.616304874420166,0.5564054846763611,0.5618714094161987,0.6687026023864746,0.7554641962051392,0.7322591543197632,0.7814153432846069,0.7444660663604736,0.7753996849060059,0.9033762812614441,1.2593668699264526,1.2077618837356567,1.2899856567382812,1.1996440887451172,1.2296013832092285,1.277878761291504,1.113416075706482,1.3083343505859375,1.166435956954956,1.1121141910552979,1.2091518640518188,1.5228931903839111,1.39776611328125,1.2724683284759521,1.0995157957077026,1.1695940494537354,0.7212092280387878,0.6514075994491577,1.4688197374343872,1.5059317350387573,1.5029833316802979,1.3960115909576416,1.36809241771698,1.537306785583496,1.5529663562774658
chair,1.229805827140808,1.2969096899032593,1.2997065782546997,0.9180379509925842,0.7407442331314087,0.8502848148345947,0.938340425491333,0.9143214225769043,0.6720671057701111,1.0190314054489136,1.1724869012832642,1.269209623336792,1.2488837242126465,0.8055480718612671,0.9598390460014343,0.0,0.2097991704940796,0.48902684450149536,0.38947319984436035,0.38945651054382324,0.3832094073295593,0.28250831365585327,0.4623963236808777,0.32991570234298706,0.4899958372116089,0.5545027256011963,0.6692826747894287,1.1967473030090332,1.4270745515823364,1.3577361106872559,1.409906029701233,1.4587395191192627,1.2245815992355347,1.2457678318023682,1.285153865814209,1.3259227275848389,1.2029016017913818,0.639039933681488,1.1309270858764648,1.1107906103134155,1.2369792461395264,0.9909507632255554,1.267730474472046,1.2519021034240723,1.3038041591644287,1.0642260313034058,1.230552077293396,1.1916100978851318,1.1521823406219482,0.9230523109436035,1.064583659172058,0.7222926616668701,1.038415789604187,1.4215688705444336,1.074371337890625,1.1444404125213623,1.2994623184204102,1.2683262825012207,1.2024948596954346,0.9254701137542725,0.9533608555793762,0.7213440537452698,1.0165256261825562,0.846326470375061,1.359797477722168,1.2544020414352417,1.0137975215911865,0.9474732875823975,0.9685624241828918,0.9321068525314331,0.789777398109436,0.5408195853233337,0.8686078190803528,0.8991081118583679,0.6140211224555969,0.6518521308898926,0.7817529439926147,0.6323468685150146,0.6601203680038452,0.6567988395690918,0.7504489421844482
bench,1.4430979490280151,1.2597377300262451,1.14713716506958,0.6450327634811401,0.5980716943740845,0.7371993064880371,0.7967674732208252,0.8223851919174194,0.4918927550315857,0.8870692849159241,1.2506835460662842,1.425513744354248,1.345240592956543,0.6700708866119385,1.3086750507354736,0.2097991704940796,0.0,0.3903919458389282,0.5431744456291199,0.6197224855422974,0.5588564872741699,0.14405763149261475,0.19940227270126343,0.15561425685882568,0.22499573230743408,0.3506084680557251,0.5619980692863464,1.4370200634002686,1.4146573543548584,1.4939881563186646,1.541254997253418,1.5465360879898071,1.2830814123153687,1.4061444997787476,1.4303529262542725,1.4589918851852417,1.3752104043960571,0.9920032024383545,1.3006999492645264,1.0456204414367676,1.4316900968551636,1.0726943016052246,1.455939531326294,1.4449838399887085,1.4673384428024292,1.3685157299041748,1.4611656665802002,1.5232274532318115,1.4964854717254639,1.2386577129364014,1.2306585311889648,0.9650658369064331,1.2602308988571167,1.5248146057128906,1.2323896884918213,1.1604552268981934,1.1810269355773926,1.1670693159103394,1.0653560161590576,0.7813127040863037,0.7685669660568237,0.585853099822998,0.953314483165741,0.6153593063354492,1.2865874767303467,1.1814448833465576,1.0399202108383179,0.6612655520439148,0.8557834625244141,0.7317495346069336,0.7744882702827454,0.5611974000930786,1.1418240070343018,1.2072581052780151,0.33572953939437866,0.42250633239746094,0.5025187730789185,0.43080317974090576,0.4983367323875427,0.38852357864379883,0.5170390605926514
drawer,1.2897220849990845,1.0914790630340576,1.1291316747665405,0.8435362577438354,0.7721289396286011,0.9728226661682129,0.9842520356178284,0.9981816411018372,0.7821289896965027,0.839246928691864,0.9760172367095947,1.1255804300308228,1.0953973531723022,0.8376451134681702,1.1016453504562378,0.48902684450149536,0.3903919458389282,0.0,0.7988629937171936,0.5902472734451294,0.6267551183700562,0.5339199900627136,0.6751548051834106,0.5780419111251831,0.6196707487106323,0.5814954042434692,0.5776896476745605,1.2051479816436768,1.314807415008545,1.2887189388275146,1.3245429992675781,1.3858039379119873,1.1625713109970093,1.0763931274414062,1.1607497930526733,1.2867436408996582,1.098217248916626,0.8429579138755798,1.1999146938323975,1.0259894132614136,1.157562494277954,0.8159338235855103,1.1567962169647217,1.1401598453521729,1.2228748798370361,1.155754804611206,1.303128719329834,1.2968415021896362,1.1881420612335205,0.8945616483688354,0.9321960210800171,0.796885073184967,1.0366138219833374,1.2667272090911865,0.9222434759140015,0.9178740978240967,1.1515408754348755,1.0551027059555054,1.1130619049072266,0.8649654388427734,0.6991209983825684,0.4877101182937622,0.7636014819145203,0.687542736530304,1.038626790046692,1.145524024963379,1.1105293035507202,0.8681243658065796,0.9082920551300049,0.7885031700134277,0.7308955192565918,0.6365643739700317,0.9204927682876587,0.964806318283081,0.7324753999710083,0.8081961870193481,0.8137693405151367,0.8481428027153015,0.9102198481559753,0.6537814140319824,0.6994637250900269
window,1.1662613153457642,1.1820645332336426,1.2279473543167114,0.9365628957748413,0.5590027570724487,0.8872244358062744,0.8266831040382385,0.8074455261230469,0.7695876359939575,1.0270832777023315,1.2011173963546753,1.2185739278793335,1.2037328481674194,0.678863525390625,0.9031260013580322,0.38947319984436035,0.5431744456291199,0.7988629937171936,0.0,0.34750741720199585,0.37695491313934326,0.5278965830802917,0.6250086426734924,0.5167237520217896,0.6844666004180908,0.6742463111877441,0.783059298992157,1.1521086692810059,1.3237072229385376,1.2701361179351807,1.2892978191375732,1.3219170570373535,1.17072594165802,1.3073893785476685,1.248526692390442,1.1977463960647583,1.1008859872817993,0.8062744736671448,1.217777967453003,1.152322769165039,1.301138162612915,1.1004644632339478,1.2629307508468628,1.2425410747528076,1.2591675519943237,1.0819430351257324,1.108349323272705,1.1705988645553589,1.1843827962875366,1.0288821458816528,1.101001262664795,0.956816554069519,1.1843023300170898,1.4076573848724365,1.232407808303833,1.244716763496399,1.2824119329452515,1.2286667823791504,1.1431639194488525,0.7973455190658569,1.1236107349395752,0.9562969207763672,1.1828162670135498,0.9486064314842224,1.29752516746521,1.316113829612732,1.0867244005203247,1.005713939666748,1.118379831314087,1.0827281475067139,1.0388264656066895,0.8043988347053528,1.0108897686004639,1.0366302728652954,0.7697657346725464,0.7661524415016174,0.8716103434562683,0.7139253616333008,0.7148104906082153,0.8763000965118408,0.9052795767784119
door,1.0943198204040527,1.211897373199463,1.2083866596221924,0.9933130741119385,0.7239102125167847,0.9757282137870789,0.8892483711242676,0.8830313086509705,0.8911961913108826,1.0770983695983887,1.1642311811447144,1.1688108444213867,1.1791861057281494,0.8613017201423645,0.7242929339408875,0.38945651054382324,0.6197224855422974,0.5902472734451294,0.34750741720199585,0.0,0.2888784408569336,0.6421433687210083,0.807643473148346,0.6586015224456787,0.8316803574562073,0.6722134351730347,0.7088062167167664,0.9933374524116516,1.3114420175552368,1.208520531654358,1.2613105773925781,1.3017547130584717,1.173756718635559,1.2320599555969238,1.2111248970031738,1.1691385507583618,1.0884737968444824,0.5751836895942688,1.126544713973999,1.0741846561431885,1.1670212745666504,1.012330174446106,1.1711170673370361,1.1584888696670532,1.1998833417892456,0.9683869481086731,1.0878820419311523,1.048015832901001,1.0646913051605225,0.8891229033470154,1.0607995986938477,0.8736639618873596,1.0554332733154297,1.3028045892715454,1.1398425102233887,1.1852786540985107,1.2683777809143066,1.2021030187606812,1.2308872938156128,0.924868106842041,1.109265685081482,0.8979424238204956,1.140006422996521,0.9717721939086914,1.2897595167160034,1.2909846305847168,1.1274967193603516,1.0937860012054443,1.1891396045684814,1.09352707862854,0.9782474040985107,0.867549479007721,0.9568578600883484,0.9540656208992004,0.9389012455940247,0.9417061805725098,1.0070979595184326,0.8626819849014282,0.8728600740432739,0.9870449900627136,1.0171080827713013
refrigerator,1.1734604835510254,1.4031622409820557,1.2456722259521484,0.9931751489639282,0.7159842252731323,0.8886417150497437,0.8197939395904541,0.8280544281005859,0.7766461968421936,1.0741347074508667,1.2876046895980835,1.3369643688201904,1.3581805229187012,0.7244720458984375,0.8703428506851196,0.3832094073295593,0.5588564872741699,0.6267551183700562,0.37695491313934326,0.2888784408569336,0.0,0.5022591948509216,0.6820312142372131,0.5468193292617798,0.6622943878173828,0.6564081907272339,0.7281286716461182,1.0973536968231201,1.3770108222961426,1.3228559494018555,1.3784024715423584,1.388641595840454,1.216946005821228,1.3948174715042114,1.3496310710906982,1.3150547742843628,1.2399755716323853,0.6352784633636475,1.1208839416503906,1.1503490209579468,1.2650970220565796,1.1202428340911865,1.347485899925232,1.331647515296936,1.3683527708053589,0.9887059330940247,1.1510947942733765,1.0512827634811401,1.0725116729736328,1.0242782831192017,1.1774243116378784,0.8215563893318176,0.9749463796615601,1.3853106498718262,1.1069151163101196,1.2283167839050293,1.2967405319213867,1.2816298007965088,1.1492888927459717,0.7596192359924316,0.9956451654434204,0.74982750415802,1.0984973907470703,0.9170791506767273,1.3365535736083984,1.2753140926361084,1.0143241882324219,1.034504771232605,1.1377705335617065,1.0978962182998657,0.9211002588272095,0.9124847650527954,1.1262552738189697,1.0728213787078857,0.8570885062217712,0.8092597126960754,0.9005641341209412,0.7108922004699707,0.702462911605835,0.9044939279556274,0.9354442954063416
crib,1.4411685466766357,1.3654754161834717,1.0735092163085938,0.6376395225524902,0.679103672504425,0.7154664397239685,0.7768782377243042,0.8365412354469299,0.49274110794067383,0.9061447381973267,1.3572330474853516,1.5215964317321777,1.4357097148895264,0.6050097942352295,1.2917966842651367,0.28250831365585327,0.14405763149261475,0.5339199900627136,0.5278965830802917,0.6421433687210083,0.5022591948509216,0.0,0.1282457709312439,0.2510058283805847,0.22477447986602783,0.4172842502593994,0.672666609287262,1.3646609783172607,1.381350040435791,1.4951163530349731,1.6095483303070068,1.585455298423767,1.3516604900360107,1.563993215560913,1.5397484302520752,1.523949146270752,1.4888336658477783,1.0241626501083374,1.318206787109375,0.993164598941803,1.4924020767211914,1.2119628190994263,1.5441352128982544,1.55161452293396,1.5627027750015259,1.348767876625061,1.4591093063354492,1.488113284111023,1.4877288341522217,1.3619471788406372,1.3872079849243164,0.8574608564376831,1.197082281112671,1.5155404806137085,1.257556676864624,1.2431559562683105,1.1915717124938965,1.2183672189712524,1.0505732297897339,0.6221782565116882,0.6652266979217529,0.4499990940093994,0.8859339356422424,0.5243031978607178,1.252211332321167,1.0252549648284912,0.8968432545661926,0.6559455394744873,0.9125171303749084,0.7010793089866638,0.7456056475639343,0.6819933652877808,1.2828326225280762,1.3151131868362427,0.29449957609176636,0.3591567873954773,0.4087488651275635,0.40455853939056396,0.46881675720214844,0.5000996589660645,0.6045697331428528
bed,1.5114400386810303,1.3090461492538452,0.9898013472557068,0.591097354888916,0.6375498175621033,0.7120327949523926,0.7384057641029358,0.8082324862480164,0.40288400650024414,0.8427006602287292,1.3086211681365967,1.4822468757629395,1.3936954736709595,0.6341471672058105,1.4013993740081787,0.4623963236808777,0.19940227270126343,0.6751548051834106,0.6250086426734924,0.807643473148346,0.6820312142372131,0.1282457709312439,0.0,0.2222517728805542,0.15251392126083374,0.3622974753379822,0.6551449298858643,1.4208637475967407,1.2772092819213867,1.4375079870224,1.5189635753631592,1.510441541671753,1.2790749073028564,1.521571397781372,1.4904110431671143,1.4566659927368164,1.4603430032730103,1.248473882675171,1.3803871870040894,0.9807240962982178,1.5373636484146118,1.2437926530838013,1.5244770050048828,1.531234860420227,1.5154802799224854,1.4417849779129028,1.4799065589904785,1.5594720840454102,1.5738301277160645,1.442130446434021,1.372220754623413,1.1004493236541748,1.2894227504730225,1.4613056182861328,1.3348785638809204,1.1980928182601929,1.1401515007019043,1.2023179531097412,0.9697555303573608,0.6500702500343323,0.6586520671844482,0.5325605869293213,0.8371090888977051,0.4483451247215271,1.2183181047439575,0.9536019563674927,0.8986406922340393,0.5723769664764404,0.861127495765686,0.6455538272857666,0.8198354244232178,0.6226747035980225,1.3003284931182861,1.367103099822998,0.11786603927612305,0.21396994590759277,0.27541524171829224,0.2974860668182373,0.37320446968078613,0.37035560607910156,0.4923638105392456
couch,1.4339715242385864,1.3006596565246582,1.1602051258087158,0.6985751986503601,0.5984158515930176,0.6495923399925232,0.6486167907714844,0.6910988092422485,0.41664326190948486,0.8111022710800171,1.1753520965576172,1.3045700788497925,1.3317992687225342,0.7307958602905273,1.3522627353668213,0.32991570234298706,0.15561425685882568,0.5780419111251831,0.5167237520217896,0.6586015224456787,0.5468193292617798,0.2510058283805847,0.2222517728805542,0.0,0.3009387254714966,0.4846130609512329,0.7070430517196655,1.4767100811004639,1.3481807708740234,1.4756282567977905,1.5039373636245728,1.4933730363845825,1.194825291633606,1.406347393989563,1.3908591270446777,1.374707579612732,1.335059404373169,1.0699836015701294,1.3970856666564941,1.1727080345153809,1.5080664157867432,1.2423694133758545,1.4959501028060913,1.5009853839874268,1.5044877529144287,1.3798248767852783,1.4309227466583252,1.507116675376892,1.5183849334716797,1.2806147336959839,1.3088610172271729,1.1539337635040283,1.3396611213684082,1.5597648620605469,1.371951699256897,1.3185094594955444,1.1937962770462036,1.190068006515503,1.078380823135376,0.7813472747802734,0.9310795664787292,0.6936253905296326,1.0774251222610474,0.6799191236495972,1.3454813957214355,1.2013635635375977,0.9344543814659119,0.6112774610519409,0.8097245693206787,0.750045895576477,0.8109859228134155,0.5722808837890625,1.2224839925765991,1.289121150970459,0.35549354553222656,0.3374532461166382,0.45686668157577515,0.3308008313179016,0.3701091408729553,0.3630068302154541,0.4785799980163574
table,1.524428129196167,1.3551697731018066,1.01162850856781,0.5840996503829956,0.7306340336799622,0.6874614953994751,0.8145372867584229,0.8730456233024597,0.4251757860183716,0.795579195022583,1.3526458740234375,1.5574079751968384,1.4799050092697144,0.7327125072479248,1.392359972000122,0.4899958372116089,0.22499573230743408,0.6196707487106323,0.6844666004180908,0.8316803574562073,0.6622943878173828,0.22477447986602783,0.15251392126083374,0.3009387254714966,0.0,0.3262162208557129,0.521176815032959,1.4163652658462524,1.3150957822799683,1.452059030532837,1.5655975341796875,1.5579144954681396,1.375950813293457,1.6279456615447998,1.5948644876480103,1.5577642917633057,1.5613230466842651,1.2710474729537964,1.295057773590088,0.9842673540115356,1.438672423362732,1.203697681427002,1.562955617904663,1.5886198282241821,1.5984854698181152,1.430957317352295,1.500823736190796,1.553281307220459,1.5542352199554443,1.4751877784729004,1.459660291671753,1.0524762868881226,1.2052366733551025,1.4981029033660889,1.1968992948532104,1.0554606914520264,1.0794000625610352,1.065498948097229,0.8086811304092407,0.5462831854820251,0.48759984970092773,0.44729745388031006,0.7832368016242981,0.36673831939697266,1.1314852237701416,0.9790703058242798,0.9161081314086914,0.53888338804245,0.8682070970535278,0.6830686926841736,0.7833034992218018,0.7120591402053833,1.357164740562439,1.3618600368499756,0.22467327117919922,0.30264222621917725,0.30174756050109863,0.4139406085014343,0.44051289558410645,0.44079720973968506,0.5318342447280884
bathtub,1.4758203029632568,1.284641146659851,1.1569998264312744,0.8073258399963379,0.6157554388046265,0.9498921036720276,0.8669741153717041,0.9258363842964172,0.5209341645240784,0.8684899806976318,1.2553839683532715,1.4308907985687256,1.3724043369293213,0.710424542427063,1.1404669284820557,0.5545027256011963,0.3506084680557251,0.5814954042434692,0.6742463111877441,0.6722134351730347,0.6564081907272339,0.4172842502593994,0.3622974753379822,0.4846130609512329,0.3262162208557129,0.0,0.10341203212738037,1.396106481552124,1.3133089542388916,1.326673984527588,1.4211281538009644,1.4619996547698975,1.3264758586883545,1.4812142848968506,1.4684674739837646,1.4041719436645508,1.4000208377838135,1.1680935621261597,1.124351143836975,1.0032224655151367,1.2089557647705078,0.9905274510383606,1.3966152667999268,1.3930734395980835,1.441541075706482,1.4591526985168457,1.4723563194274902,1.4566738605499268,1.4143190383911133,1.3587135076522827,1.2941222190856934,1.1810632944107056,1.1827685832977295,1.3575222492218018,0.9886370301246643,0.8478995561599731,1.1021480560302734,1.2212523221969604,1.0697060823440552,0.675948441028595,0.6247510313987732,0.7222226858139038,0.993987500667572,0.559008002281189,1.2454662322998047,1.20210862159729,1.2157518863677979,0.7242749333381653,1.0075441598892212,0.9014812111854553,1.0313529968261719,0.871768593788147,1.2346086502075195,1.1855370998382568,0.533512532711029,0.5493193864822388,0.5648170113563538,0.5596449375152588,0.5657899379730225,0.5761315822601318,0.6649166345596313
