,dog,frog,nose,face,hair,arm,hand,finger,toe,lamp,drawer,bench,chair,table,couch,bed,crib,window,door,refrigerator,oven,sink,bathtub,car,jacket,shirt,bib,pajamas,jeans,pants,slipper,shoe,sock,glove,blanket,pillow,towel,napkin,doll,toy,tray,box,book,paper,basket,purse,comb,hat,glasses,scissors,fork,spoon,crayon,pencil,pen,knife,toothbrush,gum,balloon,ball,egg,orange,pumpkin,apple,melon,banana,plant,bread,plate,bowl,bottle,cup,bucket,can
dog,0.0,0.7322031259536743,0.9217571020126343,0.7426592111587524,0.7393147945404053,0.9734601974487305,1.0312995910644531,1.1501274108886719,1.0851757526397705,1.1394950151443481,1.1196991205215454,0.8190643787384033,0.9061733484268188,0.8014392852783203,0.7075329422950745,0.764077365398407,0.923058032989502,0.9774926900863647,0.9491672515869141,1.0285775661468506,0.9468125104904175,1.0532541275024414,0.9872736930847168,0.851891040802002,0.7977458238601685,0.8148843050003052,0.9124387502670288,0.8158590793609619,0.766693115234375,0.7781359553337097,0.9971943497657776,1.0088790655136108,1.0908335447311401,0.964449405670166,0.7801120281219482,0.8304773569107056,0.9447753429412842,1.028470754623413,0.9149461388587952,0.9567968845367432,1.1390087604522705,1.0875840187072754,1.0223228931427002,1.0632957220077515,1.020587682723999,0.9954467415809631,0.9709221124649048,1.0064102411270142,0.9693773984909058,1.1294527053833008,1.1530852317810059,1.2171591520309448,1.1189672946929932,1.1782759428024292,1.192150592803955,1.154309630393982,1.1714725494384766,1.109940528869629,1.0984729528427124,1.065358281135559,1.0936483144760132,1.115782618522644,1.1301919221878052,1.0690869092941284,1.06693434715271,1.0678061246871948,0.8967491388320923,1.0502299070358276,1.0855761766433716,1.1647289991378784,1.1251752376556396,1.1955938339233398,1.1775931119918823,1.01272714138031
frog,0.7322031259536743,0.0,0.8344289660453796,0.9242560863494873,1.039794683456421,1.1873160600662231,1.0455013513565063,0.9588696360588074,0.9583954811096191,1.0677365064620972,1.149713397026062,1.1446799039840698,1.1847045421600342,1.2253025770187378,1.1384568214416504,1.1995631456375122,1.1976840496063232,1.1871163845062256,1.1132357120513916,1.193223476409912,1.2186721563339233,1.2061735391616821,1.2004058361053467,0.8157187700271606,1.1719276905059814,1.1499884128570557,1.1817333698272705,1.1926324367523193,1.1250956058502197,1.1304609775543213,0.8158670663833618,0.9976717829704285,1.1817947626113892,0.7864459753036499,1.1749546527862549,1.0474028587341309,1.0532541275024414,0.9619146585464478,0.9357686638832092,0.9159092903137207,1.1543915271759033,1.122286319732666,1.0275498628616333,0.9874117374420166,1.139481782913208,1.1509310007095337,0.9667025804519653,0.8828636407852173,0.8695300817489624,1.0114730596542358,0.8704965710639954,0.9764369130134583,0.7436628937721252,0.8559088110923767,0.8668705821037292,0.9595600366592407,1.022119402885437,0.823488712310791,0.9267492890357971,0.862515926361084,0.8654879331588745,0.8232588171958923,0.8531813621520996,0.6659765243530273,0.6390228271484375,0.6289141774177551,0.6905385255813599,0.8137434720993042,1.1043047904968262,1.161420464515686,0.923850417137146,1.1144871711730957,1.1357648372650146,1.1158432960510254
nose,0.9217571020126343,0.8344289660453796,0.0,0.5257941484451294,0.5609022974967957,0.9789429903030396,0.7366456985473633,0.43110889196395874,0.4028889536857605,0.9515343904495239,1.17721426486969,1.2026245594024658,1.1981782913208008,1.3110344409942627,1.1595940589904785,1.2533518075942993,1.263805627822876,1.0306730270385742,1.0626671314239502,1.2559814453125,1.2580697536468506,1.3351691961288452,1.2609392404556274,0.997301459312439,1.1769353151321411,1.0270624160766602,1.1712777614593506,1.0955978631973267,1.0294907093048096,0.9992475509643555,0.7971445918083191,1.0047402381896973,1.0667723417282104,1.0185950994491577,1.1952217817306519,1.0401993989944458,1.1860257387161255,1.1327760219573975,1.105570673942566,1.2703206539154053,1.4140821695327759,1.2695550918579102,1.2511924505233765,1.108729600906372,1.2980645895004272,1.3580687046051025,0.957777202129364,0.822382926940918,0.3647392988204956,1.2495144605636597,0.9403260350227356,1.1228981018066406,0.6435652375221252,0.6962078809738159,0.7861340045928955,1.105209469795227,1.1043081283569336,0.8856737613677979,0.876872181892395,0.704343855381012,0.5504577159881592,0.6741469502449036,0.8671081066131592,0.6768761277198792,1.0172100067138672,0.8751579523086548,0.917706310749054,0.8917230367660522,1.2911922931671143,1.2630329132080078,0.9721065759658813,1.1800003051757812,1.3280103206634521,1.1549640893936157
face,0.7426592111587524,0.9242560863494873,0.5257941484451294,0.0,0.4229215979576111,0.7220808863639832,0.6893596649169922,0.7947450280189514,0.7441145181655884,1.2856016159057617,1.1092711687088013,0.9784659147262573,1.065904974937439,0.948179304599762,0.7537846565246582,0.8169775009155273,0.9969229698181152,0.9386762380599976,0.9591963291168213,1.0744428634643555,0.95099937915802,1.0148032903671265,0.9073566794395447,0.9750245213508606,0.8741225004196167,0.5923449993133545,0.8146262764930725,0.7243717908859253,0.673133373260498,0.6338469982147217,1.161217212677002,1.0347715616226196,1.1299216747283936,1.1266968250274658,0.866989016532898,0.9302765130996704,1.1940728425979614,1.21602463722229,0.9151522517204285,1.022186517715454,1.0686427354812622,1.0503439903259277,1.0428798198699951,1.0224641561508179,1.1557587385177612,1.064433217048645,0.9672960042953491,1.0159677267074585,0.7082614302635193,1.1791589260101318,1.2273015975952148,1.2647720575332642,1.1992769241333008,1.2093064785003662,1.2510355710983276,1.2471258640289307,1.1532272100448608,1.066246509552002,1.1447596549987793,1.1114256381988525,1.0151464939117432,1.0453423261642456,1.0700770616531372,1.0740740299224854,1.0333131551742554,1.1316852569580078,1.0469030141830444,1.081386923789978,1.0586445331573486,1.1559979915618896,1.1828112602233887,1.0900678634643555,1.1979234218597412,1.020776391029358
hair,0.7393147945404053,1.039794683456421,0.5609022974967957,0.4229215979576111,0.0,0.7243789434432983,0.6951606869697571,0.766339898109436,0.7200717329978943,1.1791307926177979,1.1544584035873413,1.0024466514587402,1.0626624822616577,0.9825747013092041,0.8597692251205444,0.9208909869194031,0.9930629730224609,0.9175633192062378,0.9916788339614868,1.1125264167785645,1.038562297821045,1.0728707313537598,0.9298189878463745,0.9773277640342712,0.8335885405540466,0.6488722562789917,0.8207730650901794,0.7561043500900269,0.7232742309570312,0.6907330751419067,1.0979853868484497,1.0059895515441895,1.0967429876327515,1.0588443279266357,0.9329385757446289,0.9249060153961182,1.1642693281173706,1.231549859046936,0.9377301931381226,1.0945690870285034,1.2331583499908447,1.178428292274475,1.0661534070968628,1.0819388628005981,1.1467872858047485,1.0886750221252441,0.8679931163787842,0.8746715784072876,0.6876472234725952,1.0893959999084473,1.1397994756698608,1.21005380153656,1.1295651197433472,1.099402666091919,1.1325726509094238,1.1574369668960571,1.0854862928390503,1.067834734916687,1.117521047592163,1.090879201889038,0.9710951447486877,1.0342403650283813,1.1010549068450928,1.1031684875488281,1.0317281484603882,1.1452560424804688,0.9355623126029968,1.082664966583252,1.1607131958007812,1.1982340812683105,1.1193153858184814,1.186073660850525,1.2463405132293701,1.099245309829712
arm,0.9734601974487305,1.1873160600662231,0.9789429903030396,0.7220808863639832,0.7243789434432983,0.0,0.41506969928741455,0.671357274055481,0.7258732318878174,1.2800692319869995,1.0109964609146118,0.8349465727806091,1.0050289630889893,0.8408057689666748,0.7055121660232544,0.7134010195732117,0.9520637392997742,0.9332537055015564,1.026356816291809,1.0537104606628418,0.8995316028594971,0.9144354462623596,0.7764948606491089,1.1427415609359741,0.7522444128990173,0.4410437345504761,0.6792538166046143,0.5586155652999878,0.549724280834198,0.5426652431488037,1.1942949295043945,1.0570958852767944,0.6148325800895691,0.7792150974273682,0.7203232049942017,0.6902943253517151,0.9927103519439697,1.0418325662612915,1.1062743663787842,1.0860542058944702,1.065024495124817,1.085533618927002,1.0124601125717163,0.9245860576629639,1.178146243095398,0.9617106318473816,0.9415526390075684,1.2580556869506836,1.0370527505874634,0.9684711694717407,1.141481637954712,1.1715432405471802,1.1514108180999756,1.1344958543777466,1.1298274993896484,1.042933464050293,0.9498456120491028,1.1194018125534058,1.306214690208435,1.3288284540176392,1.2306150197982788,1.184781789779663,1.23048734664917,1.2889630794525146,1.0207496881484985,1.1968638896942139,1.1664040088653564,1.2020677328109741,1.142987608909607,1.19745671749115,1.2513659000396729,1.0620427131652832,1.2170413732528687,1.0012632608413696
hand,1.0312995910644531,1.0455013513565063,0.7366456985473633,0.6893596649169922,0.6951606869697571,0.41506969928741455,0.0,0.27887630462646484,0.387550950050354,1.2909181118011475,1.065925121307373,1.0788408517837524,1.134577989578247,1.0596816539764404,0.9970259666442871,1.0322158336639404,1.058133840560913,1.0679205656051636,1.0438392162322998,1.1837997436523438,1.0748180150985718,1.048315405845642,0.9775384068489075,1.1441130638122559,1.0174111127853394,0.7787386775016785,0.9077481031417847,0.8402792811393738,0.8427227139472961,0.8474171161651611,0.9908776879310608,0.9542518854141235,0.6701229810714722,0.5388925671577454,0.975585401058197,0.949867308139801,1.0712602138519287,1.0606858730316162,1.0291216373443604,1.043502926826477,1.0593624114990234,1.1068801879882812,0.9929121732711792,0.9493188261985779,1.154425024986267,1.0116709470748901,0.9717705845832825,1.1113572120666504,0.8773992657661438,0.9731132984161377,1.0228432416915894,1.0758326053619385,1.0584012269973755,1.0022709369659424,0.9990959763526917,1.0402624607086182,0.9349155426025391,0.8539643883705139,1.1603466272354126,1.172827124595642,1.072410225868225,1.03620183467865,1.0245040655136108,1.0892728567123413,1.004955768585205,1.0562819242477417,1.0900214910507202,1.0376216173171997,1.114856243133545,1.1302361488342285,1.1692736148834229,1.027930736541748,1.1975797414779663,1.0851109027862549
finger,1.1501274108886719,0.9588696360588074,0.43110889196395874,0.7947450280189514,0.766339898109436,0.671357274055481,0.27887630462646484,0.0,0.10728609561920166,1.097212314605713,1.1488733291625977,1.2371745109558105,1.2345759868621826,1.352165699005127,1.2165395021438599,1.2914769649505615,1.3171306848526,1.1788029670715332,1.159114122390747,1.2890583276748657,1.3067221641540527,1.309601068496704,1.2299025058746338,1.1059575080871582,1.2016327381134033,1.025183916091919,1.1633280515670776,1.1011146306991577,0.9763104915618896,0.9626229405403137,0.7037333250045776,0.9211946129798889,0.7347331643104553,0.6790269017219543,1.2276898622512817,1.070102572441101,1.179198145866394,1.1143076419830322,1.1679513454437256,1.2549870014190674,1.326568365097046,1.257631540298462,1.1744019985198975,1.0389008522033691,1.3092119693756104,1.278788685798645,1.0001955032348633,0.9224588871002197,0.6716474890708923,1.0925014019012451,0.8368158340454102,1.025457739830017,0.6179360151290894,0.6279438734054565,0.6688131093978882,0.9327999353408813,0.9174044728279114,0.771807849407196,0.9541791081428528,0.8494570255279541,0.6582902073860168,0.722031831741333,0.8513952493667603,0.7709153890609741,1.0012741088867188,0.8466571569442749,0.968394935131073,0.8809655904769897,1.2817355394363403,1.2948064804077148,0.967872679233551,1.1675227880477905,1.317201852798462,1.142700433731079
toe,1.0851757526397705,0.9583954811096191,0.4028889536857605,0.7441145181655884,0.7200717329978943,0.7258732318878174,0.387550950050354,0.10728609561920166,0.0,1.0423911809921265,1.218598484992981,1.271637201309204,1.209691047668457,1.3870590925216675,1.210200309753418,1.2803353071212769,1.3013575077056885,1.2308387756347656,1.158169150352478,1.2911967039108276,1.3375375270843506,1.3702880144119263,1.2602771520614624,1.0997614860534668,1.2103830575942993,1.0407414436340332,1.1560049057006836,1.0583810806274414,0.9546891450881958,0.9321063756942749,0.5128533840179443,0.6937171816825867,0.671001672744751,0.691258430480957,1.2191565036773682,1.0747733116149902,1.1341733932495117,1.1166250705718994,1.1042425632476807,1.2582666873931885,1.397617220878601,1.284379005432129,1.205888032913208,1.1363765001296997,1.3057235479354858,1.251223087310791,1.0977987051010132,0.8591084480285645,0.6503554582595825,1.176659107208252,0.8825657963752747,1.0698392391204834,0.692123293876648,0.6914110779762268,0.7576009631156921,1.0076472759246826,1.0310794115066528,0.8940208554267883,0.9674355983734131,0.8420130014419556,0.6440011858940125,0.7610841393470764,0.8463383913040161,0.789324939250946,1.0613576173782349,0.8531135320663452,0.9745095372200012,0.8758851885795593,1.3421695232391357,1.3372080326080322,0.94829261302948,1.2248053550720215,1.3052024841308594,1.1696337461471558
lamp,1.1394950151443481,1.0677365064620972,0.9515343904495239,1.2856016159057617,1.1791307926177979,1.2800692319869995,1.2909181118011475,1.097212314605713,1.0423911809921265,0.0,0.8269686102867126,1.062734603881836,0.758527934551239,1.0805259943008423,1.2058374881744385,1.2189794778823853,1.1003917455673218,0.7128816246986389,0.7136112451553345,0.8351380825042725,1.059367299079895,1.0999910831451416,1.1310861110687256,0.9884344339370728,1.160977840423584,1.3089410066604614,1.3082197904586792,1.3131088018417358,1.3442904949188232,1.3119020462036133,0.9167828559875488,1.0863622426986694,1.1036242246627808,1.2254197597503662,1.2777719497680664,1.1442114114761353,1.0729907751083374,1.042118787765503,1.0913338661193848,1.2075823545455933,1.3251605033874512,1.1678696870803833,1.188002347946167,1.102122187614441,1.056173324584961,1.2298145294189453,0.9996709227561951,0.8066114783287048,0.9305934906005859,0.936659574508667,0.6600283980369568,0.7538210153579712,0.7935563325881958,0.6812776327133179,0.6827403903007507,0.8102625608444214,0.94185471534729,1.1927967071533203,0.8446879386901855,0.7541467547416687,0.8631305694580078,1.0283585786819458,1.0445172786712646,0.9281670451164246,1.276339054107666,1.0640161037445068,0.7628635168075562,1.076440453529358,1.1273419857025146,1.0196986198425293,0.7497010231018066,1.0199676752090454,0.991447925567627,0.8936668634414673
drawer,1.1196991205215454,1.149713397026062,1.17721426486969,1.1092711687088013,1.1544584035873413,1.0109964609146118,1.065925121307373,1.1488733291625977,1.218598484992981,0.8269686102867126,0.0,0.6586344838142395,0.820371687412262,0.7415812611579895,0.9037661552429199,0.8438507318496704,0.8013362884521484,0.7509361505508423,0.5486090779304504,0.5776963233947754,0.5477496385574341,0.6473900079727173,0.6887876987457275,0.9804918169975281,1.0253591537475586,1.0589743852615356,1.1409611701965332,1.0315027236938477,1.0267027616500854,1.033353567123413,1.165392518043518,1.091152310371399,1.1256451606750488,1.1936726570129395,1.0119996070861816,0.9480027556419373,1.0294610261917114,1.039705753326416,1.093017578125,0.992257833480835,0.7610223293304443,0.6368575096130371,0.957627534866333,0.8611546754837036,0.860488772392273,0.9230309724807739,0.8880809545516968,1.1755268573760986,1.1382097005844116,0.9193307757377625,1.006117820739746,0.9623168110847473,1.2042627334594727,1.1103572845458984,1.0254120826721191,0.8801724910736084,0.9873889684677124,1.0148277282714844,1.0786497592926025,1.106654405593872,1.2060726881027222,1.2171622514724731,1.1427652835845947,1.1943145990371704,1.130018711090088,1.2806744575500488,1.1301006078720093,1.1979424953460693,0.9276069402694702,0.9219287633895874,1.177122950553894,1.0031613111495972,0.9635159969329834,0.8069053888320923
bench,0.8190643787384033,1.1446799039840698,1.2026245594024658,0.9784659147262573,1.0024466514587402,0.8349465727806091,1.0788408517837524,1.2371745109558105,1.271637201309204,1.062734603881836,0.6586344838142395,0.0,0.3230397701263428,0.2559751272201538,0.3955714702606201,0.5111011862754822,0.6677206754684448,0.7596675157546997,0.7894511222839355,0.8560217022895813,0.7526373863220215,0.7645132541656494,0.7304636240005493,0.9534169435501099,0.8117775321006775,0.7748943567276001,1.0011577606201172,0.8025045990943909,0.7124606370925903,0.6922194957733154,1.16057550907135,1.0719289779663086,0.9851108193397522,1.1755174398422241,0.7307438254356384,0.5832438468933105,0.9559508562088013,1.0105525255203247,1.1523864269256592,0.9735016226768494,0.8535270690917969,0.7674451470375061,0.9433004856109619,0.9266737103462219,0.9023144245147705,0.8621389865875244,0.8863602876663208,1.1977381706237793,1.1459600925445557,0.9989911317825317,1.1549711227416992,1.2012946605682373,1.2397252321243286,1.236811637878418,1.1820611953735352,0.9881762862205505,1.1233985424041748,1.2071807384490967,1.2386693954467773,1.3210840225219727,1.3907506465911865,1.3200790882110596,1.3800841569900513,1.3582035303115845,1.1620638370513916,1.2969024181365967,1.0724341869354248,1.3166530132293701,1.0082412958145142,1.038938283920288,1.2613674402236938,1.0705273151397705,1.0282115936279297,0.8311589956283569
chair,0.9061733484268188,1.1847045421600342,1.1981782913208008,1.065904974937439,1.0626624822616577,1.0050289630889893,1.134577989578247,1.2345759868621826,1.209691047668457,0.758527934551239,0.820371687412262,0.3230397701263428,0.0,0.4493638277053833,0.5204637050628662,0.7258027791976929,0.7079393267631531,0.8271923661231995,0.6844295263290405,0.7626981735229492,0.8393149971961975,0.9535481333732605,0.944021999835968,1.0390033721923828,0.9059221744537354,0.9143139123916626,1.1022919416427612,0.9475666284561157,0.9084213972091675,0.8340286016464233,1.0800176858901978,1.0431232452392578,0.935540497303009,1.173302173614502,0.9016088247299194,0.7013940811157227,0.946038007736206,1.0319660902023315,1.069586992263794,0.9696958065032959,1.0374064445495605,0.8150019645690918,0.9843862652778625,1.0234771966934204,0.8090705871582031,0.8206800222396851,1.0538990497589111,1.0064738988876343,1.1339638233184814,0.9684933423995972,1.035074234008789,1.1129722595214844,1.2620325088500977,1.1816303730010986,1.1527175903320312,1.0265684127807617,1.1753395795822144,1.3203023672103882,1.1688597202301025,1.237304449081421,1.3172807693481445,1.3007102012634277,1.2975172996520996,1.291438102722168,1.307102918624878,1.3253921270370483,1.0087594985961914,1.2328269481658936,1.1130757331848145,1.1029832363128662,1.0605818033218384,1.0575039386749268,0.9351027607917786,0.7657578587532043
table,0.8014392852783203,1.2253025770187378,1.3110344409942627,0.948179304599762,0.9825747013092041,0.8408057689666748,1.0596816539764404,1.352165699005127,1.3870590925216675,1.0805259943008423,0.7415812611579895,0.2559751272201538,0.4493638277053833,0.0,0.3856303095817566,0.45232093334198,0.6486930847167969,0.7575645446777344,0.7625136375427246,0.7532829642295837,0.6669837832450867,0.5305978655815125,0.5509837865829468,1.0721522569656372,0.7689403295516968,0.7146804332733154,0.8025875091552734,0.7406453490257263,0.7797935009002686,0.7055989503860474,1.348027229309082,1.1712651252746582,1.0805566310882568,1.2546926736831665,0.7108498215675354,0.7548240423202515,1.004321575164795,0.9974705576896667,1.0642802715301514,0.8722943663597107,0.6513485908508301,0.7209452390670776,0.8804603219032288,0.8676875829696655,0.9042905569076538,0.8476210832595825,1.0219835042953491,1.256937026977539,1.2877287864685059,0.9908485412597656,1.2605565786361694,1.143073558807373,1.434629201889038,1.4261170625686646,1.3655415773391724,1.1084139347076416,1.11050283908844,1.2053697109222412,1.202322006225586,1.312437653541565,1.4008421897888184,1.3400530815124512,1.3588820695877075,1.3988745212554932,1.1193938255310059,1.3593298196792603,1.1111016273498535,1.3031773567199707,0.7342780828475952,0.8045157790184021,1.224361538887024,0.8542085289955139,0.9098667502403259,0.7852538228034973
couch,0.7075329422950745,1.1384568214416504,1.1595940589904785,0.7537846565246582,0.8597692251205444,0.7055121660232544,0.9970259666442871,1.2165395021438599,1.210200309753418,1.2058374881744385,0.9037661552429199,0.3955714702606201,0.5204637050628662,0.3856303095817566,0.0,0.21909093856811523,0.633639931678772,0.775108814239502,0.746143102645874,0.8147685527801514,0.7207777500152588,0.7968764305114746,0.6833640336990356,1.0131899118423462,0.5982224345207214,0.5525225400924683,0.7721530199050903,0.505479633808136,0.5664921998977661,0.5036391019821167,1.2545195817947388,1.0685683488845825,0.9868658781051636,1.1445035934448242,0.4054776430130005,0.34515655040740967,0.8230282664299011,1.0486382246017456,0.9890997409820557,0.9028931856155396,0.9302510023117065,0.8238626718521118,0.9204086065292358,1.0005401372909546,0.9447268843650818,0.7820913791656494,1.0930675268173218,1.1854363679885864,1.194410800933838,1.1586118936538696,1.4068939685821533,1.3646528720855713,1.3969664573669434,1.438589334487915,1.4234458208084106,1.3010331392288208,1.2139499187469482,1.2493138313293457,1.248119831085205,1.322330117225647,1.3793976306915283,1.3447028398513794,1.3244638442993164,1.3934365510940552,1.125147819519043,1.3467899560928345,1.090981125831604,1.3108644485473633,1.0491620302200317,1.1127076148986816,1.2810676097869873,1.089651107788086,1.0766938924789429,0.8909614086151123
bed,0.764077365398407,1.1995631456375122,1.2533518075942993,0.8169775009155273,0.9208909869194031,0.7134010195732117,1.0322158336639404,1.2914769649505615,1.2803353071212769,1.2189794778823853,0.8438507318496704,0.5111011862754822,0.7258027791976929,0.45232093334198,0.21909093856811523,0.0,0.32401591539382935,0.7090359330177307,0.7642742395401001,0.8430845141410828,0.7024846076965332,0.6718653440475464,0.5400494933128357,1.020505428314209,0.5342528820037842,0.58449387550354,0.6464828252792358,0.398118257522583,0.6331841945648193,0.6211495995521545,1.301971197128296,1.0772727727890015,1.0041733980178833,1.1822307109832764,0.24456381797790527,0.45346617698669434,0.7060549259185791,1.0025272369384766,0.8551967144012451,0.8154506087303162,0.7716020345687866,0.8128812909126282,0.8529650568962097,0.9515935182571411,0.8036940097808838,0.7728826999664307,1.0808581113815308,1.2653756141662598,1.264572024345398,1.10055410861969,1.424431562423706,1.3486073017120361,1.4349833726882935,1.4654314517974854,1.4500744342803955,1.303115963935852,1.1677769422531128,1.2689963579177856,1.2861366271972656,1.3476965427398682,1.413149118423462,1.4218385219573975,1.3604941368103027,1.4468016624450684,1.1405389308929443,1.3955347537994385,1.1376457214355469,1.3551570177078247,0.9307798743247986,1.0600495338439941,1.344879150390625,1.0920215845108032,1.0399104356765747,0.9929274916648865
crib,0.923058032989502,1.1976840496063232,1.263805627822876,0.9969229698181152,0.9930629730224609,0.9520637392997742,1.058133840560913,1.3171306848526,1.3013575077056885,1.1003917455673218,0.8013362884521484,0.6677206754684448,0.7079393267631531,0.6486930847167969,0.633639931678772,0.32401591539382935,0.0,0.710347056388855,0.7342717051506042,0.7597581148147583,0.7576646208763123,0.7879248261451721,0.7228380441665649,1.015234351158142,0.845277726650238,0.8856988549232483,0.7551671862602234,0.6614662408828735,0.9416720867156982,0.9539167881011963,1.3278008699417114,1.1156973838806152,1.0994478464126587,1.213185429573059,0.6604076623916626,0.8904818296432495,0.8895252346992493,1.1215286254882812,0.6778046488761902,0.5768247842788696,0.7191546559333801,0.7032761573791504,0.7870097160339355,1.0106405019760132,0.4736025333404541,0.7863380908966064,1.044440746307373,1.2487940788269043,1.2810161113739014,1.0274758338928223,1.2901664972305298,1.2515661716461182,1.3779853582382202,1.362999677658081,1.3570984601974487,1.2467355728149414,1.0915695428848267,1.212601900100708,1.2179042100906372,1.3156869411468506,1.3493486642837524,1.3646390438079834,1.2615448236465454,1.3368422985076904,1.1615715026855469,1.3014861345291138,1.0822722911834717,1.3013217449188232,0.9000706672668457,1.0105853080749512,1.2030404806137085,1.0247024297714233,0.865276575088501,1.0066165924072266
window,0.9774926900863647,1.1871163845062256,1.0306730270385742,0.9386762380599976,0.9175633192062378,0.9332537055015564,1.0679205656051636,1.1788029670715332,1.2308387756347656,0.7128816246986389,0.7509361505508423,0.7596675157546997,0.8271923661231995,0.7575645446777344,0.775108814239502,0.7090359330177307,0.710347056388855,0.0,0.5483560562133789,0.7398726344108582,0.6990538239479065,0.8784036636352539,0.8376381397247314,0.9092192649841309,0.8764293789863586,0.8929259777069092,0.9916555285453796,0.8873718976974487,0.9842360615730286,0.9881038069725037,1.3112919330596924,1.238431453704834,1.1006355285644531,1.2293938398361206,0.8391098380088806,0.8927834033966064,0.9407531023025513,0.9600047469139099,1.039082407951355,1.0542718172073364,1.0400071144104004,1.0165085792541504,0.9939361214637756,0.8758838176727295,0.8750255703926086,1.129679560661316,0.6789641380310059,1.1731972694396973,1.0056178569793701,1.0221800804138184,1.095863938331604,1.1554266214370728,1.1747539043426514,1.123299479484558,1.1097553968429565,1.0962408781051636,1.0526018142700195,1.1498849391937256,1.1811631917953491,1.1841737031936646,1.2660640478134155,1.3101027011871338,1.2770328521728516,1.277953863143921,1.2362388372421265,1.2801841497421265,0.9585859179496765,1.2719627618789673,1.0080984830856323,1.025146484375,1.1966259479522705,1.0761927366256714,1.0831340551376343,0.9790421724319458
door,0.9491672515869141,1.1132357120513916,1.0626671314239502,0.9591963291168213,0.9916788339614868,1.026356816291809,1.0438392162322998,1.159114122390747,1.158169150352478,0.7136112451553345,0.5486090779304504,0.7894511222839355,0.6844295263290405,0.7625136375427246,0.746143102645874,0.7642742395401001,0.7342717051506042,0.5483560562133789,0.0,0.5171363949775696,0.6750857830047607,0.8457834124565125,0.7904221415519714,1.0129450559616089,0.9319700598716736,0.9240918755531311,1.0967209339141846,0.9208366870880127,0.9771836996078491,0.8727033138275146,1.229339361190796,1.1644437313079834,1.0989785194396973,1.2785394191741943,0.9802243709564209,0.8904577493667603,1.0168753862380981,1.0529580116271973,1.0631110668182373,1.0690618753433228,1.0562297105789185,0.865719199180603,1.0308481454849243,0.9382216334342957,0.898926317691803,0.9863921999931335,1.0009970664978027,1.1911695003509521,1.1142202615737915,1.0403107404708862,1.0941352844238281,1.098382830619812,1.2425835132598877,1.1728299856185913,1.1512953042984009,1.0769895315170288,1.1010185480117798,1.1869951486587524,1.1358474493026733,1.137216329574585,1.2168543338775635,1.2286723852157593,1.2090834379196167,1.2237670421600342,1.2206395864486694,1.2734549045562744,1.0046358108520508,1.2009315490722656,1.064213514328003,1.0638649463653564,1.086996078491211,1.099666953086853,1.0770008563995361,0.8188849091529846
refrigerator,1.0285775661468506,1.193223476409912,1.2559814453125,1.0744428634643555,1.1125264167785645,1.0537104606628418,1.1837997436523438,1.2890583276748657,1.2911967039108276,0.8351380825042725,0.5776963233947754,0.8560217022895813,0.7626981735229492,0.7532829642295837,0.8147685527801514,0.8430845141410828,0.7597581148147583,0.7398726344108582,0.5171363949775696,0.0,0.2466142177581787,0.7180770039558411,0.7568860054016113,1.0118006467819214,0.9015750885009766,0.9388157725334167,0.9539293050765991,0.9573925733566284,0.9450987577438354,0.8631702661514282,1.2930974960327148,1.1647740602493286,1.1771578788757324,1.2497622966766357,1.0156971216201782,1.0198099613189697,1.0503497123718262,1.1186896562576294,0.9990039467811584,0.9754897952079773,0.8781671524047852,0.7600233554840088,0.8994714617729187,0.9370732307434082,0.7215514183044434,0.9214088916778564,1.0573347806930542,1.2154850959777832,1.2401620149612427,1.0550709962844849,1.0442192554473877,1.0312355756759644,1.2822593450546265,1.246444821357727,1.2066088914871216,1.0521292686462402,1.080291509628296,1.2573003768920898,1.2525509595870972,1.299717903137207,1.3003358840942383,1.2502877712249756,1.2380567789077759,1.2634847164154053,1.1970726251602173,1.2169522047042847,1.0295459032058716,1.1372383832931519,0.9540135860443115,0.9770739078521729,0.9317722916603088,0.9452657699584961,0.8479565382003784,0.5973893404006958
oven,0.9468125104904175,1.2186721563339233,1.2580697536468506,0.95099937915802,1.038562297821045,0.8995316028594971,1.0748180150985718,1.3067221641540527,1.3375375270843506,1.059367299079895,0.5477496385574341,0.7526373863220215,0.8393149971961975,0.6669837832450867,0.7207777500152588,0.7024846076965332,0.7576646208763123,0.6990538239479065,0.6750857830047607,0.2466142177581787,0.0,0.5563039183616638,0.6115251779556274,1.001192569732666,0.8488646149635315,0.8311896324157715,0.886615514755249,0.8330506682395935,0.8482147455215454,0.800112783908844,1.336827039718628,1.1193243265151978,1.0985634326934814,1.1583353281021118,0.8178689479827881,0.9263978600502014,0.9709216952323914,1.016372799873352,1.014407992362976,0.9677941799163818,0.7170431017875671,0.7464109659194946,0.9337727427482605,0.9024345874786377,0.7557899951934814,0.8674806356430054,0.9244831204414368,1.2618223428726196,1.217791199684143,1.0209548473358154,1.1215169429779053,1.0596601963043213,1.4145355224609375,1.3816736936569214,1.3291406631469727,1.0514158010482788,1.1171391010284424,1.2467730045318604,1.329134225845337,1.3631412982940674,1.3845455646514893,1.3117096424102783,1.242192268371582,1.338025689125061,1.1112431287765503,1.2789134979248047,1.1372113227844238,1.1020770072937012,0.8143290877342224,0.8270180821418762,1.2148760557174683,0.9354188442230225,0.843613862991333,0.6870453953742981
sink,1.0532541275024414,1.2061735391616821,1.3351691961288452,1.0148032903671265,1.0728707313537598,0.9144354462623596,1.048315405845642,1.309601068496704,1.3702880144119263,1.0999910831451416,0.6473900079727173,0.7645132541656494,0.9535481333732605,0.5305978655815125,0.7968764305114746,0.6718653440475464,0.7879248261451721,0.8784036636352539,0.8457834124565125,0.7180770039558411,0.5563039183616638,0.0,0.08341765403747559,1.1070539951324463,0.9172891974449158,0.8866971731185913,0.8311774730682373,0.9135563969612122,0.9605160355567932,0.9159820079803467,1.3667447566986084,1.149402141571045,1.1035085916519165,1.2424015998840332,0.8726078867912292,1.0407261848449707,1.01995849609375,0.9827666878700256,1.0560084581375122,0.8866056203842163,0.3548889756202698,0.9105831980705261,1.0189290046691895,0.9166597127914429,0.8317851424217224,0.9349488615989685,1.03232741355896,1.3538827896118164,1.3015412092208862,0.853916347026825,1.1572229862213135,0.7834758162498474,1.4590882062911987,1.4496190547943115,1.3747214078903198,1.0177990198135376,0.8674834370613098,1.0446432828903198,1.2151744365692139,1.319878101348877,1.319426417350769,1.2429949045181274,1.2406034469604492,1.3503623008728027,0.9722867012023926,1.288846731185913,1.2627952098846436,1.1344354152679443,0.37142932415008545,0.3219912052154541,1.178128719329834,0.5263251066207886,0.5939757823944092,0.7819673418998718
bathtub,0.9872736930847168,1.2004058361053467,1.2609392404556274,0.9073566794395447,0.9298189878463745,0.7764948606491089,0.9775384068489075,1.2299025058746338,1.2602771520614624,1.1310861110687256,0.6887876987457275,0.7304636240005493,0.944021999835968,0.5509837865829468,0.6833640336990356,0.5400494933128357,0.7228380441665649,0.8376381397247314,0.7904221415519714,0.7568860054016113,0.6115251779556274,0.08341765403747559,0.0,1.0915172100067139,0.8190569877624512,0.7666013836860657,0.7681105136871338,0.774642288684845,0.8450684547424316,0.7797654271125793,1.3441325426101685,1.143457055091858,1.0891910791397095,1.2459056377410889,0.7667371034622192,0.9405903220176697,1.0025014877319336,1.0485914945602417,1.0357720851898193,0.9020711183547974,0.4611154794692993,0.9336977601051331,1.00632905960083,0.9152030944824219,0.8644612431526184,0.9270192384719849,1.066790223121643,1.345697283744812,1.2673249244689941,0.9280092716217041,1.2218817472457886,0.9397224187850952,1.4227733612060547,1.423923373222351,1.3825864791870117,1.0935145616531372,0.8760058283805847,1.0970202684402466,1.2523057460784912,1.3419345617294312,1.3100223541259766,1.2602553367614746,1.2808260917663574,1.3745801448822021,1.0078200101852417,1.3246266841888428,1.2313635349273682,1.22550368309021,0.5553267598152161,0.5456912517547607,1.2139525413513184,0.6992470026016235,0.7205186486244202,0.8427709341049194
car,0.851891040802002,0.8157187700271606,0.997301459312439,0.9750245213508606,0.9773277640342712,1.1427415609359741,1.1441130638122559,1.1059575080871582,1.0997614860534668,0.9884344339370728,0.9804918169975281,0.9534169435501099,1.0390033721923828,1.0721522569656372,1.0131899118423462,1.020505428314209,1.015234351158142,0.9092192649841309,1.0129450559616089,1.0118006467819214,1.001192569732666,1.1070539951324463,1.0915172100067139,0.0,1.0467853546142578,1.0461252927780151,1.0594311952590942,1.093624234199524,1.0376391410827637,1.094872236251831,0.970223069190979,0.9832174777984619,1.1873080730438232,1.0329887866973877,1.0503720045089722,1.050487756729126,1.0935612916946411,1.0913878679275513,0.8467500805854797,0.809927225112915,1.086167573928833,1.0312175750732422,0.9637360572814941,1.0345321893692017,1.0297914743423462,1.020788311958313,0.9613832831382751,0.8935480117797852,0.9260778427124023,1.0590803623199463,0.9751570224761963,1.0799145698547363,0.9440200328826904,0.9548914432525635,0.9530996680259705,1.0084415674209595,1.1163322925567627,1.0521026849746704,0.9592174291610718,0.9021608233451843,0.9807474613189697,1.0276596546173096,1.0302854776382446,0.9317617416381836,1.0562667846679688,0.9817020297050476,0.8853395581245422,1.0769915580749512,1.0625983476638794,1.1462140083312988,0.9776315689086914,1.1457428932189941,1.0976567268371582,1.0749255418777466
jacket,0.7977458238601685,1.1719276905059814,1.1769353151321411,0.8741225004196167,0.8335885405540466,0.7522444128990173,1.0174111127853394,1.2016327381134033,1.2103830575942993,1.160977840423584,1.0253591537475586,0.8117775321006775,0.9059221744537354,0.7689403295516968,0.5982224345207214,0.5342528820037842,0.845277726650238,0.8764293789863586,0.9319700598716736,0.9015750885009766,0.8488646149635315,0.9172891974449158,0.8190569877624512,1.0467853546142578,0.0,0.3847160339355469,0.48255741596221924,0.4003709554672241,0.40864574909210205,0.4365870952606201,1.1410988569259644,0.9482741951942444,0.9274526238441467,0.877058207988739,0.3651759624481201,0.5741525888442993,0.6507036089897156,0.9095403552055359,1.042851209640503,1.047531247138977,1.034206748008728,0.9994248151779175,1.0115046501159668,0.9828991889953613,0.9796577095985413,0.7005405426025391,1.0956722497940063,0.9118073582649231,1.0898340940475464,1.064505934715271,1.220352292060852,1.2941060066223145,1.277293086051941,1.2685086727142334,1.2502374649047852,1.190899133682251,1.1444168090820312,1.248539686203003,1.2882518768310547,1.3144571781158447,1.3528777360916138,1.364898920059204,1.287145733833313,1.3438363075256348,1.1650307178497314,1.319027304649353,1.0472197532653809,1.2484837770462036,1.1119643449783325,1.2005895376205444,1.2151950597763062,1.1631438732147217,1.1191071271896362,0.9248381853103638
shirt,0.8148843050003052,1.1499884128570557,1.0270624160766602,0.5923449993133545,0.6488722562789917,0.4410437345504761,0.7787386775016785,1.025183916091919,1.0407414436340332,1.3089410066604614,1.0589743852615356,0.7748943567276001,0.9143139123916626,0.7146804332733154,0.5525225400924683,0.58449387550354,0.8856988549232483,0.8929259777069092,0.9240918755531311,0.9388157725334167,0.8311896324157715,0.8866971731185913,0.7666013836860657,1.0461252927780151,0.3847160339355469,0.0,0.31256723403930664,0.2997934818267822,0.2591193914413452,0.2700793147087097,1.295560359954834,1.066404104232788,0.9336225390434265,1.0040960311889648,0.5490349531173706,0.6200488805770874,0.920308530330658,1.0882748365402222,1.0466150045394897,1.0562779903411865,1.0037797689437866,1.0115522146224976,0.9521980881690979,0.9276735782623291,1.0655707120895386,0.8323017954826355,1.0470772981643677,1.0683144330978394,1.0372962951660156,1.1431363821029663,1.3096234798431396,1.3287442922592163,1.3581640720367432,1.3715972900390625,1.3719570636749268,1.2967405319213867,1.1824455261230469,1.199026346206665,1.2929108142852783,1.3418482542037964,1.2979347705841064,1.2841453552246094,1.3082139492034912,1.3322703838348389,1.0840857028961182,1.3330035209655762,1.1659924983978271,1.2589874267578125,1.0382760763168335,1.1410963535308838,1.242978811264038,1.06924307346344,1.1431783437728882,0.9276388883590698
bib,0.9124387502670288,1.1817333698272705,1.1712777614593506,0.8146262764930725,0.8207730650901794,0.6792538166046143,0.9077481031417847,1.1633280515670776,1.1560049057006836,1.3082197904586792,1.1409611701965332,1.0011577606201172,1.1022919416427612,0.8025875091552734,0.7721530199050903,0.6464828252792358,0.7551671862602234,0.9916555285453796,1.0967209339141846,0.9539293050765991,0.886615514755249,0.8311774730682373,0.7681105136871338,1.0594311952590942,0.48255741596221924,0.31256723403930664,0.0,0.32985496520996094,0.5654990673065186,0.6141589283943176,1.2680110931396484,1.0291011333465576,0.9437286853790283,0.9658911228179932,0.5722299814224243,0.807094156742096,0.8113616108894348,0.935617983341217,0.8185737133026123,0.8315399289131165,0.8162047863006592,0.9150702953338623,0.7896673083305359,0.8087180256843567,0.9370099306106567,0.6684335470199585,1.131300687789917,1.011500358581543,1.15095055103302,1.0896352529525757,1.2985657453536987,1.2436829805374146,1.3663079738616943,1.4080214500427246,1.411947250366211,1.3132264614105225,1.1093652248382568,1.0844285488128662,1.2662211656570435,1.3313040733337402,1.280034065246582,1.2632567882537842,1.2109613418579102,1.3352489471435547,1.0177292823791504,1.2335118055343628,1.2141073942184448,1.1641782522201538,0.828109622001648,0.9816278219223022,1.1213562488555908,0.8701672554016113,0.9218267798423767,0.9469786286354065
pajamas,0.8158590793609619,1.1926324367523193,1.0955978631973267,0.7243717908859253,0.7561043500900269,0.5586155652999878,0.8402792811393738,1.1011146306991577,1.0583810806274414,1.3131088018417358,1.0315027236938477,0.8025045990943909,0.9475666284561157,0.7406453490257263,0.505479633808136,0.398118257522583,0.6614662408828735,0.8873718976974487,0.9208366870880127,0.9573925733566284,0.8330506682395935,0.9135563969612122,0.774642288684845,1.093624234199524,0.4003709554672241,0.2997934818267822,0.32985496520996094,0.0,0.34403371810913086,0.37002789974212646,1.1922690868377686,0.9189978241920471,0.8054181337356567,0.9763419032096863,0.2868528962135315,0.5358971357345581,0.6781799793243408,1.0456711053848267,0.870357096195221,0.9079543948173523,0.9672424793243408,0.959284782409668,0.9149227142333984,0.9849889278411865,0.9689748287200928,0.7194740772247314,1.063003420829773,1.1288894414901733,1.122004508972168,1.0955816507339478,1.3947901725769043,1.3599361181259155,1.4024218320846558,1.4315532445907593,1.4226815700531006,1.2952549457550049,1.1443490982055664,1.218975305557251,1.2868927717208862,1.3653829097747803,1.3864988088607788,1.3676128387451172,1.2904167175292969,1.3986748456954956,1.055829644203186,1.3284809589385986,1.166983962059021,1.3022544384002686,1.0566291809082031,1.1735082864761353,1.3084304332733154,1.0938726663589478,1.1093590259552002,0.9752709865570068
