,frog,nose,face,hair,arm,hand,finger,toe,lamp,drawer,chair,table,couch,bed,crib,window,door,refrigerator,oven,sink,bathtub,shirt,bib,pajamas,pants,slipper,shoe,sock,glove,blanket,pillow,towel,napkin,doll,toy,tray,box,book,paper,basket,purse,comb,hat,glasses,scissors,fork,spoon,crayon,pencil,pen,knife,toothbrush,gum,balloon,ball,egg,orange,apple,banana,plant,bread,plate,bowl,bottle,cup,bucket,can
frog,0.0,0.8493826389312744,0.9733960628509521,1.1107603311538696,1.1040618419647217,0.821792483329773,0.7539727687835693,0.8189914226531982,1.0851092338562012,1.1810816526412964,1.3143649101257324,1.243407964706421,1.189971923828125,1.2630314826965332,1.2343225479125977,1.1751080751419067,1.0973819494247437,1.2982906103134155,1.2376574277877808,1.1846894025802612,1.176710605621338,1.214280605316162,1.2210406064987183,1.2402048110961914,1.2041184902191162,0.850745677947998,1.0134578943252563,1.0850750207901,0.866054892539978,1.1725009679794312,1.1610496044158936,1.0253747701644897,0.996138334274292,1.0336592197418213,0.8239846229553223,1.1053049564361572,1.153843641281128,1.1119863986968994,0.9846702218055725,1.239578127861023,1.239267110824585,1.064279556274414,0.9237833023071289,0.822596549987793,0.7725702524185181,0.9909883737564087,0.8624124526977539,0.6895350813865662,0.7729732990264893,0.7707494497299194,0.8561078310012817,0.8243561387062073,0.7919878363609314,0.8329906463623047,0.9340354800224304,0.8573981523513794,0.8014340400695801,0.5333215594291687,0.6026979088783264,0.7431052923202515,0.8848447203636169,1.0007787942886353,1.1129499673843384,0.8510807156562805,1.0605387687683105,1.1723092794418335,1.1785249710083008
nose,0.8493826389312744,0.0,0.3894999623298645,0.7219744324684143,0.9245986938476562,0.6362640857696533,0.44048964977264404,0.4104803800582886,1.1264822483062744,1.2194123268127441,1.2600798606872559,1.307006597518921,1.1597353219985962,1.2320195436477661,1.183408498764038,1.1296064853668213,1.0658539533615112,1.2492784261703491,1.121505856513977,1.3142507076263428,1.3264867067337036,1.0407675504684448,1.1344096660614014,1.1153318881988525,0.9719548225402832,0.9623360633850098,1.1238274574279785,0.969012975692749,0.978728175163269,1.20697021484375,1.1315901279449463,1.171352505683899,1.167637825012207,1.1114832162857056,1.2383283376693726,1.3488397598266602,1.2731668949127197,1.2412383556365967,1.104703426361084,1.3605724573135376,1.281777024269104,1.0264732837677002,0.7658863663673401,0.32840657234191895,1.116562843322754,1.1107608079910278,1.1661003828048706,0.8302935361862183,0.8111297488212585,0.8359769582748413,1.2113802433013916,1.1641358137130737,1.0115429162979126,0.9634689092636108,0.9036299586296082,0.7657511234283447,0.7683513164520264,0.717394232749939,1.0107618570327759,1.0787800550460815,0.9764646291732788,1.154563069343567,1.2734715938568115,1.0258469581604004,1.1132172346115112,1.3353068828582764,1.173019528388977
face,0.9733960628509521,0.3894999623298645,0.0,0.4901442527770996,0.7285482883453369,0.7659898400306702,0.7744534015655518,0.7295134663581848,1.1837408542633057,1.0967177152633667,1.1128007173538208,0.9834526777267456,0.8522180914878845,0.9143393039703369,1.0530370473861694,0.9847096800804138,0.9936726093292236,0.9752336740493774,1.008986234664917,1.0676699876785278,1.0236217975616455,0.7149467468261719,0.8663670420646667,0.81112140417099,0.6835324764251709,1.2667258977890015,1.0426603555679321,1.0600920915603638,1.1484428644180298,0.9897378087043762,1.0639883279800415,1.240922451019287,1.2442210912704468,0.9784838557243347,1.0362268686294556,1.050369143486023,1.1281414031982422,1.0966097116470337,1.0473802089691162,1.163390040397644,1.0801374912261963,0.8333023190498352,1.085010051727295,0.5745670795440674,1.1920400857925415,1.178645133972168,1.2290968894958496,1.222428798675537,1.152677059173584,1.143783688545227,1.126266360282898,1.182304859161377,1.0754601955413818,1.152566909790039,1.188072681427002,1.119644045829773,1.1157115697860718,1.0700117349624634,1.1188486814498901,1.2063021659851074,1.2192047834396362,1.2624762058258057,1.2125160694122314,1.1786525249481201,1.2064568996429443,1.118787169456482,1.1051496267318726
hair,1.1107603311538696,0.7219744324684143,0.4901442527770996,0.0,0.6137184500694275,0.8349432945251465,0.9103841781616211,0.8944686055183411,1.1208416223526,1.1060880422592163,1.0308780670166016,0.8922169208526611,0.8233886361122131,0.87571781873703,1.0480369329452515,0.9447339773178101,1.029211163520813,0.9415432810783386,1.0744118690490723,1.006365180015564,0.9407634139060974,0.6077516674995422,0.871163010597229,0.7129191160202026,0.6732925176620483,1.2892823219299316,1.0247234106063843,1.06160569190979,1.1051712036132812,0.8928039073944092,1.0472009181976318,1.2289965152740479,1.276612639427185,0.9193318486213684,1.05302095413208,1.0203280448913574,1.1531095504760742,1.0485084056854248,1.085489273071289,1.133554458618164,0.9930170178413391,0.6791137456893921,0.9604006409645081,0.8022482395172119,1.1557044982910156,1.1966902017593384,1.292853593826294,1.2642228603363037,1.2026513814926147,1.178882122039795,1.1179184913635254,1.0995160341262817,1.1315652132034302,1.1574351787567139,1.1892762184143066,1.1818047761917114,1.2310802936553955,1.1816719770431519,1.1887019872665405,1.0991761684417725,1.2480839490890503,1.2979705333709717,1.213850975036621,1.216531753540039,1.2875025272369385,1.1100256443023682,1.1007890701293945
arm,1.1040618419647217,0.9245986938476562,0.7285482883453369,0.6137184500694275,0.0,0.6044452786445618,0.7821078300476074,0.7512258291244507,1.2172811031341553,1.033700942993164,0.9716736078262329,0.805284857749939,0.7631543278694153,0.8017696738243103,1.0603276491165161,0.9587273001670837,1.0560039281845093,0.8817819952964783,1.0253193378448486,1.0017098188400269,0.9326421618461609,0.5305464267730713,0.8442440629005432,0.6470345258712769,0.5671976804733276,1.2932865619659424,1.0914057493209839,0.7772189378738403,0.804236114025116,0.7796566486358643,0.8750700354576111,1.0769926309585571,1.1164124011993408,1.0811837911605835,1.0573678016662598,1.0500072240829468,1.136683464050293,1.0291516780853271,0.9664762020111084,1.132366418838501,1.020545244216919,0.7331560850143433,1.2427984476089478,1.0435161590576172,1.1315298080444336,1.1128109693527222,1.2261840105056763,1.1988791227340698,1.1763060092926025,1.142884373664856,0.9185067415237427,1.0672677755355835,1.1469799280166626,1.189016342163086,1.2761926651000977,1.2045769691467285,1.2199631929397583,1.2339541912078857,1.1019572019577026,1.213003158569336,1.1957932710647583,1.3469161987304688,1.2461897134780884,1.1533626317977905,1.2051777839660645,1.1031010150909424,1.0595073699951172
hand,0.821792483329773,0.6362640857696533,0.7659898400306702,0.8349432945251465,0.6044452786445618,0.0,0.20129305124282837,0.311864972114563,1.1768330335617065,1.1645880937576294,1.1628168821334839,1.1704628467559814,1.1630827188491821,1.1436704397201538,1.0746448040008545,1.1068695783615112,1.0917065143585205,1.2064162492752075,1.0906124114990234,1.142799735069275,1.1395320892333984,0.9471979141235352,1.0517140626907349,1.0127804279327393,0.9119418859481812,1.0369040966033936,0.9797148108482361,0.7200064659118652,0.45799100399017334,1.0877684354782104,1.0492417812347412,1.0587416887283325,1.0513992309570312,1.033738613128662,1.028028964996338,1.1065187454223633,1.1464444398880005,1.034343957901001,0.9754221439361572,1.186834692955017,1.1138825416564941,0.7648318409919739,1.035335898399353,0.8418073654174805,0.9707099795341492,1.0052999258041382,1.0686237812042236,1.006226658821106,0.9122474193572998,0.9210182428359985,1.014267921447754,0.9671107530593872,0.906166672706604,1.061191439628601,1.1066269874572754,1.0631515979766846,1.0817843675613403,0.9824423789978027,0.9408982992172241,1.0837150812149048,1.071990728378296,1.1864216327667236,1.170576810836792,1.1082613468170166,1.1028354167938232,1.1745802164077759,1.1331634521484375
finger,0.7539727687835693,0.44048964977264404,0.7744534015655518,0.9103841781616211,0.7821078300476074,0.20129305124282837,0.0,0.08491319417953491,1.134983777999878,1.252817988395691,1.260270357131958,1.3990988731384277,1.2975506782531738,1.3620898723602295,1.2800343036651611,1.2230995893478394,1.1636089086532593,1.3550989627838135,1.1672062873840332,1.3502461910247803,1.359539270401001,1.1120854616165161,1.2790420055389404,1.1884431838989258,1.0322190523147583,0.8257818222045898,1.0516479015350342,0.7725672721862793,0.644136369228363,1.2517507076263428,1.1861871480941772,1.1099066734313965,1.1071710586547852,1.1823070049285889,1.208180546760559,1.311387300491333,1.2884844541549683,1.1551545858383179,1.0718971490859985,1.3428059816360474,1.2948524951934814,0.8880391716957092,0.7827649116516113,0.603346049785614,0.9703984260559082,0.9783202409744263,1.0292810201644897,0.6441749334335327,0.6502586603164673,0.671128511428833,0.9728217720985413,0.9402569532394409,0.8556270599365234,0.958204984664917,0.9225702285766602,0.7536447644233704,0.7955177426338196,0.677746593952179,0.8764709234237671,0.9540402293205261,0.9217959642410278,1.1258339881896973,1.2855751514434814,0.977385938167572,1.0965418815612793,1.368265151977539,1.2120500802993774
toe,0.8189914226531982,0.4104803800582886,0.7295134663581848,0.8944686055183411,0.7512258291244507,0.311864972114563,0.08491319417953491,0.0,1.1106253862380981,1.2911193370819092,1.2463815212249756,1.4152276515960693,1.288677453994751,1.331587314605713,1.2607766389846802,1.256663203239441,1.1635764837265015,1.3690990209579468,1.1493180990219116,1.3617671728134155,1.3453896045684814,1.1033055782318115,1.2088563442230225,1.1232588291168213,0.9746322631835938,0.7241576910018921,0.9497333765029907,0.6465283036231995,0.6644033789634705,1.2305831909179688,1.143657922744751,1.0515820980072021,1.0759029388427734,1.162125587463379,1.2457956075668335,1.3694415092468262,1.325266718864441,1.1907892227172852,1.1234679222106934,1.3753504753112793,1.2574666738510132,0.9087592363357544,0.767070472240448,0.5991717576980591,1.059989333152771,0.98856121301651,1.0409132242202759,0.6803086996078491,0.6964337825775146,0.7236218452453613,0.9968881011009216,1.0010402202606201,0.9049877524375916,0.9473556280136108,0.8977085947990417,0.710614800453186,0.7753264904022217,0.6900652050971985,0.8911131620407104,0.9684848785400391,0.9036888480186462,1.1691025495529175,1.3054616451263428,0.9510641098022461,1.1019394397735596,1.38804030418396,1.2089110612869263
lamp,1.0851092338562012,1.1264822483062744,1.1837408542633057,1.1208416223526,1.2172811031341553,1.1768330335617065,1.134983777999878,1.1106253862380981,0.0,1.0130412578582764,0.756895899772644,0.9970306754112244,1.1352123022079468,1.025546669960022,0.8908524513244629,0.627679705619812,0.7489110827445984,0.963768482208252,1.083642601966858,0.9730563163757324,1.0685595273971558,1.1374036073684692,1.1548829078674316,1.2023837566375732,1.2825171947479248,0.9985065460205078,1.0448923110961914,1.0837175846099854,1.1012396812438965,1.1398179531097412,1.0543317794799805,0.9794292449951172,0.8934779167175293,0.935664176940918,1.0513064861297607,1.0964194536209106,1.1083910465240479,1.0386161804199219,1.075045108795166,0.936971127986908,1.0110348463058472,1.1630573272705078,0.8178454041481018,0.9605529308319092,0.8616946935653687,0.7390289306640625,0.7438151836395264,0.8940433263778687,0.7844535112380981,0.7810696363449097,0.9627182483673096,0.876152753829956,1.0827043056488037,0.8393423557281494,0.7788457870483398,0.8993588089942932,1.0111712217330933,0.9814133644104004,1.1188952922821045,0.7146365642547607,1.0460702180862427,0.8259881138801575,0.9439558982849121,0.9327718019485474,0.9311013221740723,1.0534554719924927,1.020006537437439
drawer,1.1810816526412964,1.2194123268127441,1.0967177152633667,1.1060880422592163,1.033700942993164,1.1645880937576294,1.252817988395691,1.2911193370819092,1.0130412578582764,0.0,0.724032998085022,0.6960862874984741,0.6582037806510925,0.7443749904632568,0.7327314019203186,0.8251839876174927,0.6825447678565979,0.3921992778778076,0.5532132387161255,0.601529061794281,0.6151599287986755,1.1151819229125977,1.01847243309021,1.0361440181732178,0.9967104196548462,1.086918830871582,1.0416735410690308,1.1402032375335693,1.1575199365615845,0.8922629952430725,0.8299719095230103,0.8991936445236206,0.9070665836334229,0.9107545018196106,1.0448544025421143,0.7418046593666077,0.43934738636016846,0.7926290035247803,0.8167058825492859,0.5829955339431763,0.8065341711044312,0.9230260252952576,1.156356930732727,1.1593633890151978,1.0928809642791748,1.0010868310928345,1.060634970664978,1.1606190204620361,1.1160356998443604,1.0873937606811523,0.9225378036499023,1.0587503910064697,1.0894325971603394,1.1628684997558594,1.1926058530807495,1.2222344875335693,1.232046127319336,1.269357681274414,1.1584771871566772,1.0696969032287598,1.0853745937347412,0.9292256832122803,0.8028525710105896,1.085658073425293,1.0220789909362793,0.7455040216445923,0.8187768459320068
chair,1.3143649101257324,1.2600798606872559,1.1128007173538208,1.0308780670166016,0.9716736078262329,1.1628168821334839,1.260270357131958,1.2463815212249756,0.756895899772644,0.724032998085022,0.0,0.35135382413864136,0.49962151050567627,0.6536093354225159,0.6332474946975708,0.7773313522338867,0.6714324951171875,0.6514261960983276,0.7991255521774292,0.7157770991325378,0.849839985370636,0.9476720094680786,0.9455728530883789,0.881589412689209,0.766176700592041,1.0982158184051514,1.0462121963500977,0.9704630970954895,1.1416560411453247,0.8608090877532959,0.8136104941368103,0.9751296639442444,1.0001593828201294,0.9923356175422668,0.9810310006141663,0.9342206120491028,0.896902322769165,0.9065641164779663,1.06300687789917,0.6865806579589844,0.8218494653701782,1.0702707767486572,1.0542514324188232,1.1824461221694946,1.0865833759307861,1.019636631011963,1.0872383117675781,1.249025583267212,1.1607108116149902,1.1973116397857666,1.0747758150100708,1.1587048768997192,1.336437702178955,1.1521611213684082,1.113931655883789,1.2339600324630737,1.2872753143310547,1.3189427852630615,1.2966961860656738,1.0846360921859741,1.1855238676071167,1.027475357055664,0.9286288022994995,1.035298228263855,0.9462542533874512,0.8052316904067993,0.759669840335846
table,1.243407964706421,1.307006597518921,0.9834526777267456,0.8922169208526611,0.805284857749939,1.1704628467559814,1.3990988731384277,1.4152276515960693,0.9970306754112244,0.6960862874984741,0.35135382413864136,0.0,0.4477205276489258,0.47369205951690674,0.6865416765213013,0.7090280055999756,0.7451935410499573,0.4925537109375,0.7593894004821777,0.594383716583252,0.5940871238708496,0.6990417242050171,0.8101896643638611,0.6923947930335999,0.6911576986312866,1.3452789783477783,1.0420852899551392,1.1263401508331299,1.2913174629211426,0.7111449241638184,0.874098539352417,1.0959200859069824,1.0650838613510132,0.9538341164588928,0.8152191638946533,0.6012027263641357,0.7438700199127197,0.8079873323440552,0.9047868847846985,0.7343478202819824,0.9137072563171387,0.9184004664421082,1.3471696376800537,1.3018596172332764,1.1943037509918213,1.0886421203613281,1.1772961616516113,1.4237868785858154,1.3793292045593262,1.3465092182159424,1.004069447517395,1.117003321647644,1.1770519018173218,1.1573660373687744,1.2355239391326904,1.3444589376449585,1.3849605321884155,1.4556694030761719,1.319138526916504,1.230638027191162,1.2719335556030273,1.015395998954773,0.8866773247718811,1.135736107826233,0.990467369556427,0.7070987820625305,0.7163185477256775
couch,1.189971923828125,1.1597353219985962,0.8522180914878845,0.8233886361122131,0.7631543278694153,1.1630827188491821,1.2975506782531738,1.288677453994751,1.1352123022079468,0.6582037806510925,0.49962151050567627,0.4477205276489258,0.0,0.3978790044784546,0.7923097014427185,0.8050327301025391,0.778213620185852,0.6184601783752441,0.7700675129890442,0.7482165098190308,0.7469739317893982,0.6923811435699463,0.7971965074539185,0.6307171583175659,0.508756160736084,1.2585408687591553,1.1150230169296265,1.0089068412780762,1.195180058479309,0.4738484025001526,0.5139269828796387,0.9493746757507324,1.0680325031280518,1.03348708152771,1.0092180967330933,0.8984209299087524,0.8446719646453857,0.9004346132278442,0.9463968873023987,0.8604252934455872,0.80538409948349,1.013298511505127,1.262705683708191,1.144883394241333,1.291629672050476,1.263010025024414,1.383995532989502,1.3764879703521729,1.3671883344650269,1.3424910306930542,1.1671946048736572,1.2954940795898438,1.3053574562072754,1.2330381870269775,1.2585363388061523,1.3033350706100464,1.3499751091003418,1.3647661209106445,1.2904915809631348,1.248475193977356,1.2960059642791748,1.2660413980484009,1.0987327098846436,1.2432928085327148,1.2171554565429688,0.9279586672782898,0.9444955587387085
bed,1.2630314826965332,1.2320195436477661,0.9143393039703369,0.87571781873703,0.8017696738243103,1.1436704397201538,1.3620898723602295,1.331587314605713,1.025546669960022,0.7443749904632568,0.6536093354225159,0.47369205951690674,0.3978790044784546,0.0,0.4942413568496704,0.6872331500053406,0.7457648515701294,0.5886347889900208,0.8943968415260315,0.6213626861572266,0.5385288596153259,0.6378618478775024,0.6274160146713257,0.41711193323135376,0.7099124789237976,1.3325648307800293,1.0407018661499023,0.9437611699104309,1.1725878715515137,0.24317598342895508,0.44002819061279297,0.8001571297645569,0.929640531539917,0.8209215402603149,0.8969249725341797,0.6761149168014526,0.8767125606536865,0.8756193518638611,0.9551393389701843,0.748338520526886,0.8261953592300415,1.0044591426849365,1.34675931930542,1.2788640260696411,1.2422537803649902,1.2044589519500732,1.2479439973831177,1.4764550924301147,1.429114580154419,1.391370415687561,1.182295560836792,1.157487154006958,1.1698660850524902,1.1938222646713257,1.2430200576782227,1.3345725536346436,1.3994457721710205,1.457401156425476,1.331670880317688,1.2647812366485596,1.3325586318969727,1.2098392248153687,1.0080559253692627,1.3130669593811035,1.2173577547073364,0.8528506755828857,1.0499794483184814
crib,1.2343225479125977,1.183408498764038,1.0530370473861694,1.0480369329452515,1.0603276491165161,1.0746448040008545,1.2800343036651611,1.2607766389846802,0.8908524513244629,0.7327314019203186,0.6332474946975708,0.6865416765213013,0.7923097014427185,0.4942413568496704,0.0,0.7293305397033691,0.7488007545471191,0.7189364433288574,0.8439966440200806,0.6800024509429932,0.6353694200515747,0.9851259589195251,0.6648213863372803,0.8088438510894775,1.0864793062210083,1.2047736644744873,0.9977251291275024,0.9511122703552246,1.081452488899231,0.7856277823448181,0.7847521901130676,0.9016920328140259,0.9491626620292664,0.682404100894928,0.7320427298545837,0.6599709987640381,0.704719603061676,0.8507381677627563,0.9822930097579956,0.5546679496765137,0.7879905700683594,1.0384007692337036,1.1502034664154053,1.2628722190856934,1.1248116493225098,1.104490876197815,1.084029197692871,1.344586968421936,1.2675457000732422,1.2598330974578857,1.1733970642089844,1.0984023809432983,1.1527369022369385,1.1359848976135254,1.0981520414352417,1.2648793458938599,1.2954893112182617,1.307255744934082,1.1998655796051025,1.042868971824646,1.186159372329712,1.059948444366455,0.8593894839286804,1.1165086030960083,1.008405327796936,0.7126699686050415,0.9269652366638184
window,1.1751080751419067,1.1296064853668213,0.9847096800804138,0.9447339773178101,0.9587273001670837,1.1068695783615112,1.2230995893478394,1.256663203239441,0.627679705619812,0.8251839876174927,0.7773313522338867,0.7090280055999756,0.8050327301025391,0.6872331500053406,0.7293305397033691,0.0,0.4985346794128418,0.6256619691848755,0.8303589820861816,0.8565064668655396,0.8307508230209351,0.8486995100975037,0.9958404302597046,0.8557138442993164,0.9947666525840759,1.3468818664550781,1.113969087600708,1.1023930311203003,1.2016547918319702,0.8699949979782104,0.9305451512336731,1.0349618196487427,1.0291526317596436,0.9356335401535034,1.0074853897094727,0.8872675895690918,0.9853767156600952,1.0001609325408936,0.9021395444869995,0.8196682333946228,1.0434529781341553,1.03490149974823,1.1737029552459717,1.1169521808624268,1.1486746072769165,1.1048694849014282,1.1867566108703613,1.2409169673919678,1.1883151531219482,1.1646674871444702,1.0876502990722656,1.12147057056427,1.1205099821090698,1.1354248523712158,1.1260682344436646,1.2287192344665527,1.2357035875320435,1.2584114074707031,1.2599992752075195,0.8481675982475281,1.2549718618392944,1.0783239603042603,1.0639452934265137,1.2582701444625854,1.1245392560958862,1.000731110572815,0.949133038520813
door,1.0973819494247437,1.0658539533615112,0.9936726093292236,1.029211163520813,1.0560039281845093,1.0917065143585205,1.1636089086532593,1.1635764837265015,0.7489110827445984,0.6825447678565979,0.6714324951171875,0.7451935410499573,0.778213620185852,0.7457648515701294,0.7488007545471191,0.4985346794128418,0.0,0.5011063814163208,0.7570638060569763,0.8305113911628723,0.8664475083351135,1.028568148612976,1.1024965047836304,1.020304799079895,0.9694951772689819,1.2226585149765015,1.1332178115844727,1.1282038688659668,1.1652820110321045,0.9936512112617493,0.897223711013794,1.0645242929458618,1.040789008140564,0.9954279065132141,1.0478661060333252,1.016493797302246,0.885432243347168,0.9937503337860107,0.9307621121406555,0.8365893363952637,0.963313102722168,1.0830501317977905,1.0929242372512817,1.0600388050079346,1.0498703718185425,1.0532543659210205,1.1033382415771484,1.1372963190078735,1.0277328491210938,1.0498408079147339,1.0802972316741943,1.0861306190490723,1.183854341506958,1.0840227603912354,1.0942744016647339,1.1836166381835938,1.198270320892334,1.2092496156692505,1.1843806505203247,0.9988962411880493,1.1616021394729614,1.0440289974212646,1.0558558702468872,1.0845484733581543,1.0639219284057617,1.0078316926956177,0.8622692823410034
refrigerator,1.2982906103134155,1.2492784261703491,0.9752336740493774,0.9415432810783386,0.8817819952964783,1.2064162492752075,1.3550989627838135,1.3690990209579468,0.963768482208252,0.3921992778778076,0.6514261960983276,0.4925537109375,0.6184601783752441,0.5886347889900208,0.7189364433288574,0.6256619691848755,0.5011063814163208,0.0,0.3789525628089905,0.5737210512161255,0.58272784948349,0.8486624956130981,0.963198721408844,0.8787165284156799,0.8446690440177917,1.3604354858398438,1.1048051118850708,1.1963374614715576,1.279346227645874,0.8506458401679993,0.9507030248641968,1.1056921482086182,1.0814268589019775,0.9628162384033203,1.0270346403121948,0.7060257196426392,0.6599015593528748,0.9454854726791382,0.9464704990386963,0.6353297233581543,0.8601239323616028,0.8716429471969604,1.2600215673446655,1.2330727577209473,1.2076009511947632,1.0844563245773315,1.1396021842956543,1.3761752843856812,1.3220479488372803,1.3112307786941528,1.0409150123596191,1.1359907388687134,1.2160120010375977,1.209365725517273,1.2740744352340698,1.3443264961242676,1.342559814453125,1.380764126777649,1.248730182647705,1.1642837524414062,1.219913125038147,0.993449866771698,0.8680635690689087,1.0762778520584106,0.9974223971366882,0.7327744364738464,0.7016693353652954
oven,1.2376574277877808,1.121505856513977,1.008986234664917,1.0744118690490723,1.0253193378448486,1.0906124114990234,1.1672062873840332,1.1493180990219116,1.083642601966858,0.5532132387161255,0.7991255521774292,0.7593894004821777,0.7700675129890442,0.8943968415260315,0.8439966440200806,0.8303589820861816,0.7570638060569763,0.3789525628089905,0.0,0.8990117311477661,0.9195599555969238,1.03885817527771,0.9738711714744568,1.0054851770401,0.8744696974754333,1.1125450134277344,1.0052427053451538,1.0631403923034668,1.0701494216918945,0.9990120530128479,0.931904137134552,1.001401662826538,1.0097752809524536,1.022770643234253,1.0943502187728882,0.9599725008010864,0.7204895615577698,0.9079135060310364,0.8655409812927246,0.7701083421707153,0.8819336891174316,0.8740451335906982,1.1125112771987915,1.1368911266326904,1.208038568496704,1.073053002357483,1.130495548248291,1.2235876321792603,1.213421106338501,1.2138230800628662,1.0701136589050293,1.1931217908859253,1.1340001821517944,1.2294601202011108,1.2294466495513916,1.2102259397506714,1.1635719537734985,1.2325981855392456,1.1145133972167969,1.0653207302093506,1.0141829252243042,0.9338007569313049,0.9348020553588867,1.0192135572433472,0.9830178618431091,0.8765760064125061,0.7195935845375061
sink,1.1846894025802612,1.3142507076263428,1.0676699876785278,1.006365180015564,1.0017098188400269,1.142799735069275,1.3502461910247803,1.3617671728134155,0.9730563163757324,0.601529061794281,0.7157770991325378,0.594383716583252,0.7482165098190308,0.6213626861572266,0.6800024509429932,0.8565064668655396,0.8305113911628723,0.5737210512161255,0.8990117311477661,0.0,0.13468706607818604,0.9609243869781494,0.7495617866516113,0.9186806678771973,0.9676333069801331,1.214787483215332,0.9741240739822388,1.0765923261642456,1.166810154914856,0.7446398138999939,0.8463029861450195,0.8543566465377808,0.7953222990036011,0.8552186489105225,0.8382337689399719,0.469379186630249,0.6667959094047546,0.9678134322166443,0.8431503772735596,0.6032448410987854,0.8545678853988647,0.8872106075286865,1.3377668857574463,1.3410614728927612,1.102339506149292,0.9470927715301514,0.8780618906021118,1.4358923435211182,1.372697114944458,1.3389148712158203,1.0517114400863647,0.8936624526977539,0.9589725136756897,1.0393753051757812,1.181186556816101,1.2540570497512817,1.3485842943191528,1.428134799003601,1.1532689332962036,1.2504856586456299,1.171007513999939,0.7915233373641968,0.37855327129364014,1.039707899093628,0.7156504988670349,0.3086463212966919,0.6938899755477905
bathtub,1.176710605621338,1.3264867067337036,1.0236217975616455,0.9407634139060974,0.9326421618461609,1.1395320892333984,1.359539270401001,1.3453896045684814,1.0685595273971558,0.6151599287986755,0.849839985370636,0.5940871238708496,0.7469739317893982,0.5385288596153259,0.6353694200515747,0.8307508230209351,0.8664475083351135,0.58272784948349,0.9195599555969238,0.13468706607818604,0.0,0.8607856035232544,0.7052215933799744,0.7830535173416138,0.9482888579368591,1.2747361660003662,0.9296422004699707,1.0896625518798828,1.1622487306594849,0.6864821910858154,0.8744083046913147,0.9213675856590271,0.906757116317749,0.7162284851074219,0.707956075668335,0.3494751453399658,0.5687405467033386,0.9241894483566284,0.9050644636154175,0.5795269012451172,0.797834575176239,0.8320136666297913,1.3602224588394165,1.373488426208496,1.1107157468795776,1.0584123134613037,1.000637173652649,1.4144952297210693,1.382253885269165,1.3544819355010986,1.0296275615692139,0.9082546234130859,0.9196265339851379,1.0363335609436035,1.1989991664886475,1.274906039237976,1.3500142097473145,1.448124647140503,1.172385573387146,1.2608453035354614,1.2293695211410522,0.9429476261138916,0.48958688974380493,1.0737708806991577,0.8449736833572388,0.3388633728027344,0.7486374974250793
shirt,1.214280605316162,1.0407675504684448,0.7149467468261719,0.6077516674995422,0.5305464267730713,0.9471979141235352,1.1120854616165161,1.1033055782318115,1.1374036073684692,1.1151819229125977,0.9476720094680786,0.6990417242050171,0.6923811435699463,0.6378618478775024,0.9851259589195251,0.8486995100975037,1.028568148612976,0.8486624956130981,1.03885817527771,0.9609243869781494,0.8607856035232544,0.0,0.5564099550247192,0.2795514464378357,0.4384886622428894,1.3760417699813843,1.038676142692566,0.9992785453796387,1.0910532474517822,0.6394729018211365,0.9337762594223022,1.1145766973495483,1.2081339359283447,1.0067167282104492,0.9952616095542908,0.8344974517822266,1.1105196475982666,1.0096925497055054,1.0759093761444092,1.070895791053772,0.8856536149978638,0.912433385848999,1.1847838163375854,1.0780212879180908,1.2203257083892822,1.274143934249878,1.3387205600738525,1.3854609727859497,1.3457854986190796,1.3216136693954468,1.1714017391204834,1.198481559753418,1.1953532695770264,1.2177910804748535,1.2901239395141602,1.3077747821807861,1.2815396785736084,1.3109924793243408,1.2783024311065674,1.2084376811981201,1.3563134670257568,1.3135254383087158,1.1917691230773926,1.254461646080017,1.23990797996521,1.023057222366333,1.0681651830673218
bib,1.2210406064987183,1.1344096660614014,0.8663670420646667,0.871163010597229,0.8442440629005432,1.0517140626907349,1.2790420055389404,1.2088563442230225,1.1548829078674316,1.01847243309021,0.9455728530883789,0.8101896643638611,0.7971965074539185,0.6274160146713257,0.6648213863372803,0.9958404302597046,1.1024965047836304,0.963198721408844,0.9738711714744568,0.7495617866516113,0.7052215933799744,0.5564099550247192,0.0,0.44731324911117554,0.7435793280601501,1.1364527940750122,0.8927801847457886,0.8542157411575317,0.9312875270843506,0.5955985188484192,0.7123103141784668,0.7220425605773926,0.8068008422851562,0.836115837097168,0.8154460191726685,0.6654256582260132,0.8448060154914856,0.9149137139320374,0.8949041366577148,0.7961689829826355,0.515042781829834,0.971368670463562,1.1683893203735352,1.221609354019165,1.141839861869812,1.0884335041046143,1.1150070428848267,1.4371209144592285,1.418454647064209,1.3992301225662231,1.2044744491577148,1.0647752285003662,1.0257564783096313,1.1695618629455566,1.1966989040374756,1.239891767501831,1.3096380233764648,1.3763368129730225,1.1604816913604736,1.2470890283584595,1.1573293209075928,1.1223300695419312,0.8850409388542175,1.0643117427825928,0.9925666451454163,0.6481733918190002,0.956684410572052
pajamas,1.2402048110961914,1.1153318881988525,0.81112140417099,0.7129191160202026,0.6470345258712769,1.0127804279327393,1.1884431838989258,1.1232588291168213,1.2023837566375732,1.0361440181732178,0.881589412689209,0.6923947930335999,0.6307171583175659,0.41711193323135376,0.8088438510894775,0.8557138442993164,1.020304799079895,0.8787165284156799,1.0054851770401,0.9186806678771973,0.7830535173416138,0.2795514464378357,0.44731324911117554,0.0,0.4825354814529419,1.2453888654708862,0.9450889825820923,0.8003963232040405,1.0421305894851685,0.44775187969207764,0.667467474937439,0.9177567958831787,1.0660359859466553,0.8302097320556641,0.884495198726654,0.7885881066322327,1.0563836097717285,0.9488766193389893,1.0782407522201538,1.0035158395767212,0.7953916192054749,0.9946128129959106,1.2084298133850098,1.1746312379837036,1.1945022344589233,1.2751061916351318,1.3173317909240723,1.3898907899856567,1.3772437572479248,1.357474684715271,1.1607928276062012,1.1514428853988647,1.1389819383621216,1.2122514247894287,1.2480157613754272,1.3195984363555908,1.3391329050064087,1.3792566061019897,1.282061219215393,1.2300955057144165,1.3461570739746094,1.3394076824188232,1.1612492799758911,1.2692629098892212,1.214430332183838,0.9831499457359314,1.0639898777008057
pants,1.2041184902191162,0.9719548225402832,0.6835324764251709,0.6732925176620483,0.5671976804733276,0.9119418859481812,1.0322190523147583,0.9746322631835938,1.2825171947479248,0.9967104196548462,0.766176700592041,0.6911576986312866,0.508756160736084,0.7099124789237976,1.0864793062210083,0.9947666525840759,0.9694951772689819,0.8446690440177917,0.8744696974754333,0.9676333069801331,0.9482888579368591,0.4384886622428894,0.7435793280601501,0.4825354814529419,0.0,1.2100099325180054,0.9842188954353333,0.7901978492736816,0.9934283494949341,0.6873412728309631,0.8439605236053467,1.0835732221603394,1.2091604471206665,1.1165165901184082,1.1050992012023926,1.0563318729400635,1.0674960613250732,1.035398244857788,1.063112497329712,1.1015480756759644,0.882737398147583,0.8678435683250427,1.2559897899627686,1.0469650030136108,1.2083874940872192,1.2299176454544067,1.4022307395935059,1.3693333864212036,1.3344389200210571,1.311699628829956,1.1322556734085083,1.2589681148529053,1.2608460187911987,1.2671648263931274,1.3068537712097168,1.3037619590759277,1.3211734294891357,1.2958064079284668,1.227626085281372,1.353569507598877,1.3229767084121704,1.392437219619751,1.2508020401000977,1.2399382591247559,1.2717586755752563,1.0742896795272827,0.9386470913887024
slipper,0.850745677947998,0.9623360633850098,1.2667258977890015,1.2892823219299316,1.2932865619659424,1.0369040966033936,0.8257818222045898,0.7241576910018921,0.9985065460205078,1.086918830871582,1.0982158184051514,1.3452789783477783,1.2585408687591553,1.3325648307800293,1.2047736644744873,1.3468818664550781,1.2226585149765015,1.3604354858398438,1.1125450134277344,1.214787483215332,1.2747361660003662,1.3760417699813843,1.1364527940750122,1.2453888654708862,1.2100099325180054,0.0,0.5102075338363647,0.6478459239006042,0.7520620822906494,1.1491317749023438,0.9881194829940796,0.673823356628418,0.7051836848258972,1.176155686378479,1.1129056215286255,1.2026537656784058,1.083401083946228,1.0498716831207275,1.1304882764816284,1.070896863937378,1.0116915702819824,1.0438436269760132,0.4992690086364746,0.8317080736160278,0.8949378132820129,0.8301783800125122,0.8019449710845947,0.6054189205169678,0.7175918221473694,0.7379826307296753,0.9132175445556641,0.8972654342651367,0.8466933965682983,0.856558620929718,0.7078970670700073,0.6014053821563721,0.7489888668060303,0.721194863319397,0.8071790337562561,0.8785794973373413,0.65727698802948,0.704871416091919,0.9445754885673523,0.761006236076355,0.8297908902168274,1.08743417263031,1.1035104990005493
shoe,1.0134578943252563,1.1238274574279785,1.0426603555679321,1.0247234106063843,1.0914057493209839,0.9797148108482361,1.0516479015350342,0.9497333765029907,1.0448923110961914,1.0416735410690308,1.0462121963500977,1.0420852899551392,1.1150230169296265,1.0407018661499023,0.9977251291275024,1.113969087600708,1.1332178115844727,1.1048051118850708,1.0052427053451538,0.9741240739822388,0.9296422004699707,1.038676142692566,0.8927801847457886,0.9450889825820923,0.9842188954353333,0.5102075338363647,0.0,0.6246501207351685,0.8310097455978394,1.0351994037628174,1.0389460325241089,0.9587793946266174,0.9999794960021973,0.9375027418136597,0.7687217593193054,0.8623770475387573,0.8556361794471741,0.8460718393325806,1.0997371673583984,0.8773543238639832,0.7669222354888916,0.8853275775909424,1.00950026512146,1.088671088218689,0.9342185258865356,1.075304388999939,1.0132099390029907,1.0707119703292847,1.1651235818862915,1.1684651374816895,0.979292094707489,0.891829252243042,0.7625114321708679,1.0055696964263916,1.0266743898391724,1.1641666889190674,1.167405605316162,1.1096824407577515,0.8890068531036377,1.0065279006958008,1.0580686330795288,0.9821493029594421,0.9111229777336121,0.9846081137657166,0.9982351660728455,0.83134925365448,1.0498863458633423
sock,1.0850750207901,0.969012975692749,1.0600920915603638,1.06160569190979,0.7772189378738403,0.7200064659118652,0.7725672721862793,0.6465283036231995,1.0837175846099854,1.1402032375335693,0.9704630970954895,1.1263401508331299,1.0089068412780762,0.9437611699104309,0.9511122703552246,1.1023930311203003,1.1282038688659668,1.1963374614715576,1.0631403923034668,1.0765923261642456,1.0896625518798828,0.9992785453796387,0.8542157411575317,0.8003963232040405,0.7901978492736816,0.6478459239006042,0.6246501207351685,0.0,0.4639003276824951,0.7894785404205322,0.7182520031929016,0.6316931247711182,0.7707810401916504,1.0428770780563354,1.0379387140274048,1.1795519590377808,1.1033653020858765,1.0085346698760986,1.0496892929077148,0.9492037892341614,0.9646610021591187,0.8989304304122925,0.9959625601768494,1.0546663999557495,1.0052921772003174,0.9481090307235718,1.032652497291565,0.9879999756813049,1.030955195426941,1.0160750150680542,1.0045560598373413,0.9450969099998474,0.9837746620178223,1.1241295337677002,1.0577045679092407,1.116519570350647,1.1434437036514282,1.1610586643218994,0.9739335775375366,1.0380679368972778,1.0344487428665161,1.2271852493286133,1.108435034751892,0.9954238533973694,0.9753067493438721,1.0398002862930298,1.012015700340271
glove,0.866054892539978,0.978728175163269,1.1484428644180298,1.1051712036132812,0.804236114025116,0.45799100399017334,0.644136369228363,0.6644033789634705,1.1012396812438965,1.1575199365615845,1.1416560411453247,1.2913174629211426,1.195180058479309,1.1725878715515137,1.081452488899231,1.2016547918319702,1.1652820110321045,1.279346227645874,1.0701494216918945,1.166810154914856,1.1622487306594849,1.0910532474517822,0.9312875270843506,1.0421305894851685,0.9934283494949341,0.7520620822906494,0.8310097455978394,0.4639003276824951,0.0,0.9138715863227844,0.8089511394500732,0.5823403596878052,0.6592028141021729,0.9745781421661377,0.9765493273735046,1.1994136571884155,1.0988410711288452,1.0242555141448975,0.9677676558494568,1.0822863578796387,0.8966155648231506,0.8787426948547363,0.8582374453544617,1.0523192882537842,0.8126466274261475,0.8956374526023865,0.9371213316917419,0.8876375555992126,0.9034204483032227,0.9394012093544006,0.9392206072807312,0.8573740720748901,0.8616319894790649,1.001108169555664,0.9238629341125488,1.0089422464370728,0.988969624042511,0.9898080229759216,0.8150420188903809,0.9751203060150146,0.9204508066177368,1.1552331447601318,1.1072860956192017,1.0057966709136963,1.0247845649719238,1.1072553396224976,1.109296202659607
blanket,1.1725009679794312,1.20697021484375,0.9897378087043762,0.8928039073944092,0.7796566486358643,1.0877684354782104,1.2517507076263428,1.2305831909179688,1.1398179531097412,0.8922629952430725,0.8608090877532959,0.7111449241638184,0.4738484025001526,0.24317598342895508,0.7856277823448181,0.8699949979782104,0.9936512112617493,0.8506458401679993,0.9990120530128479,0.7446398138999939,0.6864821910858154,0.6394729018211365,0.5955985188484192,0.44775187969207764,0.6873412728309631,1.1491317749023438,1.0351994037628174,0.7894785404205322,0.9138715863227844,0.0,0.26183760166168213,0.43159109354019165,0.6192405223846436,0.9554709196090698,1.0419403314590454,0.8604950308799744,0.9941372871398926,0.9867558479309082,0.8616744875907898,0.8768429756164551,0.7734020948410034,1.0509289503097534,1.2225151062011719,1.2567170858383179,1.235213041305542,1.1522979736328125,1.2480993270874023,1.3755719661712646,1.3802658319473267,1.3143374919891357,1.1358178853988647,1.115818738937378,1.058870792388916,1.1584193706512451,1.186391830444336,1.1974958181381226,1.2891197204589844,1.3883426189422607,1.2192918062210083,1.2231433391571045,1.122383952140808,1.1851880550384521,1.0387766361236572,1.2981557846069336,1.2163323163986206,0.9436747431755066,1.0689154863357544
pillow,1.1610496044158936,1.1315901279449463,1.0639883279800415,1.0472009181976318,0.8750700354576111,1.0492417812347412,1.1861871480941772,1.143657922744751,1.0543317794799805,0.8299719095230103,0.8136104941368103,0.874098539352417,0.5139269828796387,0.44002819061279297,0.7847521901130676,0.9305451512336731,0.897223711013794,0.9507030248641968,0.931904137134552,0.8463029861450195,0.8744083046913147,0.9337762594223022,0.7123103141784668,0.667467474937439,0.8439605236053467,0.9881194829940796,1.0389460325241089,0.7182520031929016,0.8089511394500732,0.26183760166168213,0.0,0.3753114342689514,0.4748026728630066,0.9665573835372925,1.191352128982544,1.1418185234069824,0.9229358434677124,0.955412745475769,0.8037225008010864,0.8587238788604736,0.7245311737060547,1.175191879272461,1.0489442348480225,1.1790885925292969,1.2718565464019775,1.0613373517990112,1.1269084215164185,1.2543038129806519,1.241450309753418,1.1983083486557007,1.192718744277954,1.158478856086731,1.0857765674591064,1.0308562517166138,1.0237630605697632,1.0566428899765015,1.1825785636901855,1.284268856048584,1.0975267887115479,1.0589741468429565,0.8242305517196655,1.0238111019134521,0.9355064630508423,1.1327654123306274,1.0008108615875244,0.9324214458465576,0.9694961309432983
