,rooster,fish,frog,alligator,owl,cat,dog,face,hair,arm,hand,finger,toe,tooth,nose,stroller,car,lamp,chair,bench,drawer,window,door,refrigerator,oven,crib,bed,couch,table,bathtub,sink,slide,clock,ball,balloon,pumpkin,egg,orange,apple,hat,slipper,watch,nail,glasses,necklace,carrot,vacuum,shovel,scissors,spoon,fork,knife,pencil,pen,crayon,plant,flower,bottle,cup,can,belt,basket,bucket,tape,bowl,plate,banana,bread,cracker,pizza,hamburger,glass,tray,box,book,paper,comb,toothbrush,gum,toy,doll,mitten,glove,sock,shoe,purse,pillow,towel,napkin,blanket,pajamas,bib,scarf,jacket,sweater,shirt,jeans,pants,shorts
rooster,0.0,0.8231627345085144,0.3744080066680908,0.6149686574935913,0.5743823051452637,0.8641303181648254,0.5355328321456909,0.9525372982025146,1.0152819156646729,1.1720702648162842,1.0851730108261108,1.1659572124481201,1.1040055751800537,1.1743168830871582,0.8833921551704407,0.9472218155860901,0.8798820972442627,0.988638162612915,1.0732651948928833,1.2075932025909424,1.045594573020935,1.085610032081604,1.1316457986831665,1.0712436437606812,1.1121044158935547,1.0691699981689453,1.2149521112442017,1.165026307106018,1.0746504068374634,1.2772486209869385,1.2312592267990112,1.2113103866577148,0.8566907048225403,0.753747820854187,0.842090368270874,0.7886743545532227,0.9093283414840698,0.8781428933143616,0.8549902439117432,1.0038119554519653,1.03914475440979,1.1117979288101196,1.162806510925293,1.086178183555603,1.0941177606582642,1.0620102882385254,0.9742904901504517,0.8432299494743347,0.7566527128219604,0.901697039604187,0.9373152852058411,1.0885145664215088,1.0441027879714966,1.0661410093307495,1.0869210958480835,0.6869804859161377,0.7360312938690186,1.0502464771270752,1.0261430740356445,1.0571104288101196,1.1139440536499023,0.868102490901947,0.9889089465141296,0.944840669631958,0.9998909831047058,0.9356438517570496,0.8817445039749146,0.9080075621604919,0.9205101132392883,0.9857968688011169,0.9538247585296631,0.9532367587089539,0.9839816689491272,0.9380879998207092,0.7974222898483276,0.909776508808136,1.0638186931610107,1.1038005352020264,0.9370914101600647,0.7190514206886292,0.5955770015716553,0.9217579960823059,0.9274883270263672,1.099523663520813,0.9087827205657959,0.9102340936660767,1.010210633277893,1.0237020254135132,1.0616720914840698,1.1427935361862183,1.2043070793151855,1.069227933883667,1.033722162246704,1.1813321113586426,1.120558261871338,1.1797212362289429,1.2677826881408691,1.2100615501403809,1.2229087352752686
fish,0.8231627345085144,0.0,0.5445119142532349,0.9121420383453369,1.1429481506347656,1.1520817279815674,1.1159979104995728,1.1526501178741455,1.22123384475708,1.4926135540008545,1.4115276336669922,0.8779539465904236,0.8222255706787109,0.7179144024848938,0.7036327719688416,1.3950586318969727,0.7762343287467957,0.4224795699119568,1.0463197231292725,1.360849142074585,1.0769381523132324,1.1687062978744507,1.2370985746383667,1.1886223554611206,1.252805233001709,1.4247125387191772,1.4158294200897217,1.376610517501831,1.4522011280059814,1.387152075767517,0.9310671091079712,1.4313900470733643,0.535353422164917,0.8603314161300659,0.74330073595047,0.7636110186576843,0.7071289420127869,0.6903746128082275,0.6873927712440491,0.5996956825256348,0.43370670080184937,0.5117925405502319,0.6360716223716736,0.8507405519485474,0.7731806635856628,0.7987251877784729,1.0605372190475464,0.7028813362121582,0.9593678712844849,0.5186445116996765,0.5716685652732849,0.697226881980896,0.4630066752433777,0.434948205947876,0.3919439911842346,0.6456002593040466,0.6168316602706909,0.5646387934684753,0.5826740264892578,0.8235199451446533,0.3079729676246643,0.8721052408218384,0.7982736229896545,0.6143797636032104,0.6168631315231323,0.6538040637969971,0.5693014860153198,0.9451780319213867,1.269676685333252,1.1456798315048218,1.298669457435608,1.3454464673995972,1.3806543350219727,1.2828350067138672,0.9918628931045532,1.2997490167617798,0.9323360919952393,1.2731506824493408,0.9918981790542603,0.9316167235374451,1.1359715461730957,1.4614076614379883,0.9830307364463806,1.0436197519302368,0.972649872303009,1.1972190141677856,0.7404273748397827,0.7869387865066528,0.7408450841903687,1.3770077228546143,1.4943931102752686,1.4703055620193481,1.3985720872879028,1.3851885795593262,1.4256558418273926,1.4739081859588623,1.450676679611206,1.4109259843826294,1.357543706893921
frog,0.3744080066680908,0.5445119142532349,0.0,0.4635213613510132,0.6749982833862305,0.9778305888175964,0.5976422429084778,0.9093848466873169,1.1140443086624146,1.2947301864624023,1.2244542837142944,1.1172385215759277,1.0541220903396606,0.9919597506523132,0.786983847618103,1.069394826889038,0.6831809282302856,0.8432940244674683,1.1777608394622803,1.34181809425354,1.0649898052215576,1.1592607498168945,1.3324286937713623,1.2539052963256836,1.2366816997528076,1.1198118925094604,1.2041336297988892,1.2073577642440796,1.1249160766601562,1.300511121749878,1.195906162261963,1.1448296308517456,0.6395635008811951,0.6238027811050415,0.7615282535552979,0.7382225394248962,0.8301279544830322,0.7443813681602478,0.7386502027511597,0.7496585249900818,0.7724291086196899,0.8976263999938965,0.9642336368560791,0.9664874076843262,1.0271775722503662,0.9732793569564819,1.059646487236023,0.7813655138015747,0.5516555309295654,0.7102057933807373,0.7882378697395325,0.9357232451438904,0.7406302690505981,0.7839564085006714,0.7646605968475342,0.6867728233337402,0.6833670735359192,0.8501057624816895,0.8516230583190918,1.0810024738311768,0.8880506157875061,0.7847827076911926,0.9222370386123657,0.633306622505188,0.8277574777603149,0.7527356147766113,0.5633929967880249,0.9425805807113647,1.0674446821212769,1.1395021677017212,0.9593985080718994,1.0760517120361328,0.9621536135673523,0.9010478258132935,0.6331089735031128,0.8801668882369995,1.052194356918335,1.016167163848877,0.7440106272697449,0.4075784683227539,0.5722038745880127,1.0575188398361206,0.8812180161476135,1.1058745384216309,0.779661238193512,0.9297378659248352,0.8583294153213501,0.9549112319946289,0.9587056040763855,1.1219093799591064,1.2865092754364014,1.103041410446167,1.1896908283233643,1.2180193662643433,1.248168706893921,1.3157413005828857,1.3642237186431885,1.402101755142212,1.417698621749878
alligator,0.6149686574935913,0.9121420383453369,0.4635213613510132,0.0,0.5434884428977966,0.5794183611869812,0.36132681369781494,0.8750218749046326,0.9679829478263855,0.7637452483177185,0.9843237996101379,1.2787874937057495,1.2750227451324463,1.2330411672592163,1.1532833576202393,0.8611947894096375,0.965416431427002,1.2302240133285522,1.070159912109375,0.8520268201828003,1.015387773513794,0.889701783657074,1.025341272354126,1.041394591331482,0.991177499294281,0.81270831823349,0.6894363760948181,0.7114905118942261,0.7570174336433411,0.8372712135314941,1.022715449333191,0.7087000608444214,1.159517765045166,1.0380347967147827,1.1585396528244019,1.1326558589935303,1.27689790725708,1.1850230693817139,1.268934726715088,1.2027111053466797,1.2422642707824707,1.3103487491607666,1.3485283851623535,1.2280712127685547,1.252465009689331,1.1315101385116577,1.0626574754714966,1.1000850200653076,0.7824457883834839,1.1783230304718018,1.11103355884552,1.0971484184265137,1.0773415565490723,1.1608343124389648,1.2008326053619385,0.9891086220741272,1.0549596548080444,1.2785801887512207,1.3023571968078613,1.223994255065918,1.2107471227645874,1.0024641752243042,1.2284685373306274,1.1720337867736816,1.2288848161697388,1.078421711921692,0.9558305740356445,0.8943785429000854,0.777600109577179,0.9651767611503601,0.7686455249786377,0.9526390433311462,0.7652395963668823,0.7924301624298096,0.7418904304504395,0.6542651057243347,0.9345357418060303,0.9038786888122559,1.0026456117630005,0.8255442380905151,0.6554936766624451,0.6661412715911865,0.8352720141410828,0.9486262798309326,0.840100884437561,0.9199959635734558,0.754714846611023,0.9889750480651855,0.9908535480499268,0.6015836000442505,0.7979018688201904,0.6617876887321472,0.7005764245986938,0.8324734568595886,0.8330112099647522,0.8589386940002441,0.8550471067428589,0.9278286695480347,0.9906141757965088
owl,0.5743823051452637,1.1429481506347656,0.6749982833862305,0.5434884428977966,0.0,0.41883349418640137,0.3359302282333374,0.8177942037582397,0.9426887035369873,0.8818733096122742,1.0271393060684204,1.323748230934143,1.2654244899749756,1.3066953420639038,0.9886274933815002,0.8640249967575073,1.019770860671997,1.219635248184204,1.1336801052093506,1.036117434501648,1.1499438285827637,0.9125906229019165,1.071750521659851,1.070656418800354,1.0774950981140137,0.8412691354751587,0.7667485475540161,0.8183789253234863,0.8174612522125244,0.8851537108421326,1.165770411491394,0.8557159900665283,1.0526494979858398,0.7963310480117798,0.9078392386436462,0.94268399477005,1.0093060731887817,1.0610647201538086,1.077269196510315,1.1223418712615967,1.2572972774505615,1.3035168647766113,1.2707241773605347,1.1811137199401855,1.2606289386749268,1.315766453742981,1.0727088451385498,1.136340856552124,0.9576995372772217,1.2105220556259155,1.1707712411880493,1.287686824798584,1.3076772689819336,1.3452482223510742,1.35823392868042,1.0005677938461304,1.0197402238845825,1.2056200504302979,1.1936806440353394,1.1748380661010742,1.3358948230743408,0.9722984433174133,1.1653193235397339,1.0774744749069214,1.1581504344940186,1.0810497999191284,1.0959886312484741,0.8821500539779663,0.6904379725456238,0.936460018157959,0.733086109161377,0.797015905380249,0.8144150972366333,0.8807387351989746,0.9098765850067139,0.7536951899528503,1.031264066696167,1.064359188079834,1.0526845455169678,0.8156403303146362,0.5782841444015503,0.6631865501403809,0.881142795085907,0.9952387809753418,0.7783052921295166,0.835828423500061,0.9586384296417236,0.9485681653022766,1.0111980438232422,0.6148620843887329,0.7325531244277954,0.626768946647644,0.7115439176559448,0.7168847322463989,0.7675122022628784,0.7876050472259521,0.8540137410163879,0.9198886752128601,1.0471771955490112
cat,0.8641303181648254,1.1520817279815674,0.9778305888175964,0.5794183611869812,0.41883349418640137,0.0,0.3395770788192749,0.8828371167182922,0.8551510572433472,0.7549891471862793,0.9648938179016113,1.282131552696228,1.2730422019958496,1.2564547061920166,1.074004054069519,0.869507908821106,0.9979760646820068,1.1554220914840698,0.93574059009552,0.7446858882904053,1.1113200187683105,0.7140066027641296,0.7652443647384644,0.8670340180397034,0.8666045665740967,0.8228008151054382,0.6692710518836975,0.7216752767562866,0.7813067436218262,0.6104848384857178,0.9217343330383301,0.7180031538009644,1.2341179847717285,1.1384937763214111,1.1371943950653076,1.1310865879058838,1.2041003704071045,1.275835633277893,1.2925896644592285,1.1964828968048096,1.3056321144104004,1.2434860467910767,1.260318398475647,1.1363427639007568,1.260074496269226,1.238389015197754,1.0132232904434204,1.2369037866592407,1.1790673732757568,1.3044102191925049,1.2551913261413574,1.2230215072631836,1.3308762311935425,1.3491604328155518,1.3765751123428345,1.0725131034851074,1.1460713148117065,1.2675464153289795,1.2982290983200073,1.1289305686950684,1.176188588142395,1.2050548791885376,1.2492897510528564,1.323979377746582,1.2895926237106323,1.2396280765533447,1.2314801216125488,0.9403014183044434,0.8103379011154175,0.9873756766319275,0.8612446784973145,0.8338704109191895,0.9491044282913208,0.9940170645713806,1.1091539859771729,0.8571852445602417,0.9964335560798645,1.08457612991333,1.325127124786377,1.1251678466796875,0.7867320775985718,0.7487666010856628,0.9790440797805786,1.0438847541809082,1.0533512830734253,1.0412571430206299,0.9911606907844543,1.0632613897323608,1.0508098602294922,0.5998614430427551,0.7015209197998047,0.680269181728363,0.6901393532752991,0.6627798080444336,0.6530187129974365,0.6896347999572754,0.6907901763916016,0.7499921321868896,0.91692054271698
dog,0.5355328321456909,1.1159979104995728,0.5976422429084778,0.36132681369781494,0.3359302282333374,0.3395770788192749,0.0,0.7962532639503479,0.8961562514305115,0.8759680986404419,0.9961705207824707,1.2786891460418701,1.2089617252349854,1.2584381103515625,0.9947024583816528,0.7856640219688416,0.9171125888824463,1.2144807577133179,1.0738427639007568,0.9891282320022583,1.1109733581542969,0.9324342012405396,1.0725303888320923,1.0247609615325928,1.0429385900497437,0.8095003366470337,0.7959833741188049,0.797052264213562,0.8041441440582275,0.9384335875511169,1.1844367980957031,0.8291943073272705,1.0546823740005493,0.8843261003494263,1.0011322498321533,0.9618232846260071,1.0616148710250854,1.0797241926193237,1.0914814472198486,1.0953879356384277,1.2338024377822876,1.264910340309143,1.2607403993606567,1.139482021331787,1.2567181587219238,1.2442525625228882,1.0374869108200073,1.0640952587127686,0.9288294911384583,1.1863830089569092,1.2200546264648438,1.2705976963043213,1.2483618259429932,1.2945196628570557,1.2987240552902222,0.9515870213508606,0.9867590665817261,1.1761212348937988,1.177799940109253,1.1591029167175293,1.2941672801971436,0.949863612651825,1.1468528509140015,1.092008352279663,1.1370208263397217,1.0589967966079712,1.0220197439193726,0.7768189907073975,0.6898777484893799,0.9071407318115234,0.7033761739730835,0.9194129109382629,0.8122840523719788,0.846981406211853,0.8628583550453186,0.7860666513442993,1.17792809009552,1.0047451257705688,1.046756386756897,0.7030071020126343,0.3560086488723755,0.6495587825775146,0.8628206849098206,1.0520669221878052,0.9078547954559326,0.8861507177352905,0.9348041415214539,1.0081720352172852,1.0383719205856323,0.7076184749603271,0.8475255966186523,0.730330228805542,0.7297428250312805,0.8580217957496643,0.8403139710426331,0.9113453030586243,0.9576863050460815,0.9889002442359924,1.0442683696746826
face,0.9525372982025146,1.1526501178741455,0.9093848466873169,0.8750218749046326,0.8177942037582397,0.8828371167182922,0.7962532639503479,0.0,0.1894618272781372,0.7673212289810181,0.8192400336265564,0.9839082360267639,0.9553300142288208,1.014808177947998,1.015486240386963,0.902754545211792,1.0464774370193481,1.2600758075714111,1.2062556743621826,0.9746309518814087,1.1592055559158325,0.8104441165924072,1.0106528997421265,1.038074254989624,1.0107890367507935,0.9234803915023804,0.6560060381889343,0.572695791721344,0.7828903198242188,0.9112637042999268,1.1924628019332886,0.8521182537078857,1.1272176504135132,1.018498420715332,1.1320525407791138,0.9168527126312256,1.0971578359603882,1.0710370540618896,1.0747750997543335,0.8397853374481201,1.2477457523345947,1.1842737197875977,1.0394123792648315,0.6273843050003052,1.0856883525848389,1.0523229837417603,1.267170786857605,1.3866909742355347,1.191646933555603,1.352419137954712,1.2894823551177979,1.3534200191497803,1.2778195142745972,1.291980504989624,1.267480492591858,1.166670799255371,1.1567203998565674,1.2128996849060059,1.2334678173065186,1.2563838958740234,1.2414809465408325,1.2320679426193237,1.2956650257110596,1.218190312385559,1.2148696184158325,1.1482089757919312,1.119193196296692,1.0564775466918945,0.9605604410171509,0.9448156952857971,0.7483092546463013,0.8739970326423645,0.8505167365074158,0.8527016043663025,0.8862401247024536,0.7251372933387756,1.1874206066131592,1.0478016138076782,1.0728106498718262,0.9372109770774841,0.720569372177124,0.8667975664138794,1.2195608615875244,1.2396596670150757,1.1348533630371094,1.1400742530822754,1.1761715412139893,1.282456398010254,1.3230807781219482,0.8187664747238159,0.7994798421859741,0.7231429815292358,0.7978849411010742,0.7291845083236694,0.6236145496368408,0.6262386441230774,0.8263877630233765,0.8806744813919067,0.843706488609314
hair,1.0152819156646729,1.22123384475708,1.1140443086624146,0.9679829478263855,0.9426887035369873,0.8551510572433472,0.8961562514305115,0.1894618272781372,0.0,0.7347031235694885,0.7790471911430359,0.9345593452453613,0.9182015061378479,0.9956925511360168,1.023153305053711,0.9191107153892517,1.1381633281707764,1.29548978805542,1.1696276664733887,0.9001379609107971,1.1774907112121582,0.8072314262390137,0.9097480773925781,0.9800513386726379,0.9573485851287842,0.9851871132850647,0.6849852204322815,0.5830865502357483,0.8218393325805664,0.888115406036377,1.175083041191101,0.885611355304718,1.2083629369735718,1.129006028175354,1.2144733667373657,0.9870302081108093,1.1699343919754028,1.1621302366256714,1.1484041213989258,0.8311688899993896,1.282489538192749,1.1627156734466553,1.054518222808838,0.6163619160652161,1.018170714378357,1.0187803506851196,1.2271867990493774,1.3932727575302124,1.2906394004821777,1.4013819694519043,1.3268415927886963,1.3453049659729004,1.3360682725906372,1.3234481811523438,1.3124266862869263,1.1375720500946045,1.1692460775375366,1.265863060951233,1.3119540214538574,1.2731927633285522,1.2366479635238647,1.3546854257583618,1.3545067310333252,1.3642048835754395,1.3246837854385376,1.2801650762557983,1.2377620935440063,1.115251898765564,0.9771327972412109,0.9603786468505859,0.8232928514480591,0.9069064259529114,0.9686309695243835,0.9832617044448853,1.0454579591751099,0.8197557926177979,1.1496621370315552,1.0593349933624268,1.1702837944030762,1.1526572704315186,0.9037376046180725,0.8613265752792358,1.2228155136108398,1.2109489440917969,1.203170657157898,1.1852515935897827,1.2249078750610352,1.3220961093902588,1.3577203750610352,0.8627030849456787,0.7893346548080444,0.7666747570037842,0.7303688526153564,0.6852319836616516,0.529854953289032,0.5642794370651245,0.7393879890441895,0.7413781881332397,0.7332640886306763
arm,1.1720702648162842,1.4926135540008545,1.2947301864624023,0.7637452483177185,0.8818733096122742,0.7549891471862793,0.8759680986404419,0.7673212289810181,0.7347031235694885,0.0,0.3214876651763916,0.9062856435775757,1.0222740173339844,1.2609362602233887,1.4019256830215454,0.730536162853241,1.2881813049316406,1.50320303440094,1.0085034370422363,0.6354686617851257,1.047094464302063,0.7468636631965637,0.8385284543037415,0.9051119685173035,0.8597627282142639,0.6681973934173584,0.4419708847999573,0.4751497507095337,0.5088521242141724,0.49082261323928833,0.9377599358558655,0.49083858728408813,1.504849910736084,1.3066234588623047,1.3629109859466553,1.2230032682418823,1.367018461227417,1.3557827472686768,1.4092988967895508,1.4415132999420166,1.5260709524154663,1.4780257940292358,1.4120104312896729,1.1804174184799194,1.1553020477294922,1.036535620689392,1.0545825958251953,1.3404929637908936,1.0321475267410278,1.442372441291809,1.304166316986084,1.2030971050262451,1.358994960784912,1.422541618347168,1.5050348043441772,1.3582463264465332,1.3790825605392456,1.497195839881897,1.4978225231170654,1.2782275676727295,1.4947338104248047,1.3453185558319092,1.3565409183502197,1.5325392484664917,1.4562323093414307,1.3375113010406494,1.292694330215454,0.9452375769615173,0.715269923210144,0.7582993507385254,0.7244323492050171,0.6827405691146851,0.6530258655548096,0.7716920375823975,0.9227646589279175,0.5857670903205872,0.999522864818573,0.6285520195960999,1.0269103050231934,1.2318388223648071,0.874599814414978,0.45240163803100586,0.8043448328971863,0.7135908007621765,1.0440607070922852,1.0167877674102783,1.062387228012085,1.1682630777359009,1.168945550918579,0.47850799560546875,0.2700430750846863,0.31714534759521484,0.5438480377197266,0.4928895831108093,0.41462647914886475,0.3440259099006653,0.3654075860977173,0.5010987520217896,0.4914240837097168
hand,1.0851730108261108,1.4115276336669922,1.2244542837142944,0.9843237996101379,1.0271393060684204,0.9648938179016113,0.9961705207824707,0.8192400336265564,0.7790471911430359,0.3214876651763916,0.0,0.5447924733161926,0.7421346306800842,1.0098689794540405,1.1731969118118286,0.9110177755355835,1.2896404266357422,1.4178547859191895,1.1652724742889404,0.9225484728813171,1.083032250404358,0.9744399189949036,1.0268794298171997,1.0409632921218872,1.0345553159713745,0.9358310699462891,0.8267824649810791,0.8320766687393188,0.7758283615112305,0.8252259492874146,1.083592414855957,0.8319404721260071,1.3627684116363525,1.1357102394104004,1.213538646697998,1.0625877380371094,1.2013349533081055,1.177775502204895,1.1560850143432617,1.2963762283325195,1.3283517360687256,1.3131593465805054,1.2378298044204712,1.001786470413208,0.9453310966491699,0.8522406816482544,1.1338988542556763,1.2150148153305054,0.8964425921440125,1.2476320266723633,1.1009018421173096,1.1218994855880737,1.2122879028320312,1.2555994987487793,1.362840175628662,1.2945574522018433,1.2962837219238281,1.4107626676559448,1.3875426054000854,1.293522596359253,1.397777795791626,1.328516960144043,1.2820239067077637,1.3549575805664062,1.3471732139587402,1.2672724723815918,1.2000041007995605,0.9092217683792114,0.6735186576843262,0.7859964966773987,0.7934022545814514,0.7111081480979919,0.7870028614997864,0.9152844548225403,0.9673047661781311,0.7539446353912354,0.9888052940368652,0.404705286026001,0.6642618179321289,1.1393418312072754,0.8329460620880127,0.4579933285713196,0.7240715622901917,0.7811813354492188,0.9894534349441528,1.0725688934326172,1.1933759450912476,1.2355252504348755,1.2216755151748657,0.8396543860435486,0.5230900049209595,0.5600072741508484,0.7855662107467651,0.8103044033050537,0.7090523838996887,0.6446264982223511,0.682361364364624,0.7926945090293884,0.7036093473434448
finger,1.1659572124481201,0.8779539465904236,1.1172385215759277,1.2787874937057495,1.323748230934143,1.282131552696228,1.2786891460418701,0.9839082360267639,0.9345593452453613,0.9062856435775757,0.5447924733161926,0.0,0.12807917594909668,0.3573111295700073,0.6738467812538147,1.4322564601898193,1.2484586238861084,0.8836256861686707,1.1828786134719849,1.3989108800888062,1.2117364406585693,1.3200889825820923,1.3300752639770508,1.3584764003753662,1.341453194618225,1.4687930345535278,1.3148386478424072,1.2738537788391113,1.4189674854278564,1.332047939300537,1.2561336755752563,1.342603087425232,0.9028539657592773,1.0185368061065674,0.9689735770225525,0.5906762480735779,0.6926202774047852,0.7565523982048035,0.6600823402404785,0.6745074391365051,0.5736993551254272,0.5527931451797485,0.5042860507965088,0.5295543074607849,0.34948647022247314,0.4254683256149292,1.254447102546692,0.9087072014808655,1.091471552848816,0.7982316017150879,0.7287588715553284,0.834250807762146,0.7140908241271973,0.6397029757499695,0.6301174163818359,1.058167815208435,1.0110011100769043,0.9014435410499573,0.9514989852905273,1.1062989234924316,0.7072842717170715,1.2901310920715332,1.152772307395935,0.9970699548721313,1.0631415843963623,1.1234570741653442,0.8513139486312866,0.8238328695297241,1.0462746620178223,1.0158438682556152,1.1295356750488281,1.3567167520523071,1.4388771057128906,1.3908283710479736,1.2331334352493286,1.2966359853744507,0.9879263639450073,0.8617746233940125,0.791816771030426,1.1905889511108398,1.1035977602005005,1.0232701301574707,0.7370220422744751,0.7680416107177734,1.0602816343307495,1.320870041847229,1.0862478017807007,1.0354926586151123,1.014312505722046,1.3523601293563843,1.116308569908142,1.1922633647918701,1.1918100118637085,1.2058345079421997,1.182546615600586,1.155545949935913,1.1125587224960327,1.1026363372802734,0.9211190938949585
toe,1.1040055751800537,0.8222255706787109,1.0541220903396606,1.2750227451324463,1.2654244899749756,1.2730422019958496,1.2089617252349854,0.9553300142288208,0.9182015061378479,1.0222740173339844,0.7421346306800842,0.12807917594909668,0.0,0.3161219358444214,0.5435863733291626,1.4425231218338013,1.2119547128677368,0.7494584321975708,1.166729211807251,1.4894922971725464,1.2539665699005127,1.3861488103866577,1.3816472291946411,1.36376953125,1.3913906812667847,1.5121424198150635,1.3618550300598145,1.314444899559021,1.5054774284362793,1.3979177474975586,1.315386414527893,1.397347331047058,0.737362265586853,0.9536867737770081,0.8872994184494019,0.5231948494911194,0.5767917633056641,0.6911404132843018,0.5725178718566895,0.5324136018753052,0.3822152614593506,0.4317610263824463,0.37670445442199707,0.46635353565216064,0.333942174911499,0.5364752411842346,1.2134870290756226,0.8126055002212524,1.130101203918457,0.7580736875534058,0.7537887096405029,0.8664215803146362,0.7223584055900574,0.6190718412399292,0.5481439828872681,0.9513430595397949,0.8897533416748047,0.7304166555404663,0.7928268909454346,1.0030522346496582,0.6438236832618713,1.1615501642227173,1.0561368465423584,0.8868786692619324,0.9526252746582031,1.0677111148834229,0.8186532258987427,0.7868348956108093,1.0942151546478271,1.0242514610290527,1.1487956047058105,1.465970754623413,1.5234453678131104,1.4457826614379883,1.2591133117675781,1.3692500591278076,1.0892060995101929,1.048292636871338,0.8976702094078064,1.1183135509490967,1.0356028079986572,1.0971996784210205,0.7347103357315063,0.717049241065979,0.9299984574317932,1.2749377489089966,1.0472623109817505,0.9551979303359985,0.9502676129341125,1.4047690629959106,1.225825548171997,1.3022682666778564,1.280368685722351,1.2873307466506958,1.2585035562515259,1.2592694759368896,1.2176698446273804,1.165572166442871,1.0069124698638916
tooth,1.1743168830871582,0.7179144024848938,0.9919597506523132,1.2330411672592163,1.3066953420639038,1.2564547061920166,1.2584381103515625,1.014808177947998,0.9956925511360168,1.2609362602233887,1.0098689794540405,0.3573111295700073,0.3161219358444214,0.0,0.6228629350662231,1.5008100271224976,1.144596815109253,0.7452806234359741,1.289216160774231,1.4703779220581055,1.2784109115600586,1.381798505783081,1.3991565704345703,1.436234474182129,1.4067668914794922,1.498213291168213,1.40337336063385,1.3785696029663086,1.5095351934432983,1.3979580402374268,1.2473989725112915,1.3871073722839355,0.716556966304779,1.003096103668213,0.9469768404960632,0.6398758292198181,0.6566365957260132,0.7339209318161011,0.6104836463928223,0.4903618097305298,0.3860824704170227,0.32286107540130615,0.26884281635284424,0.4131152033805847,0.3402031660079956,0.5143063068389893,1.301884651184082,0.8498405814170837,1.1024967432022095,0.6740461587905884,0.6807451844215393,0.8342171907424927,0.6367200613021851,0.5211748480796814,0.4207850694656372,1.0006214380264282,0.8991097211837769,0.6499013900756836,0.7296622395515442,1.1038281917572021,0.5411806106567383,1.1669206619262695,1.1170448064804077,0.8399664759635925,0.8688957095146179,0.9777429699897766,0.7144209146499634,0.8640837669372559,1.0580328702926636,0.9659667015075684,1.1602927446365356,1.4240187406539917,1.4757540225982666,1.4627702236175537,1.2749338150024414,1.3725659847259521,0.9472953677177429,0.9830126762390137,0.8154022097587585,1.1328791379928589,1.2039551734924316,1.2500075101852417,0.9024761915206909,0.9775727987289429,1.0803606510162354,1.370099425315857,1.096482276916504,1.025493860244751,0.9711958765983582,1.4225776195526123,1.293302297592163,1.2860227823257446,1.229073405265808,1.2868783473968506,1.3044523000717163,1.2770569324493408,1.286658525466919,1.240067720413208,1.1348216533660889
nose,0.8833921551704407,0.7036327719688416,0.786983847618103,1.1532833576202393,0.9886274933815002,1.074004054069519,0.9947024583816528,1.015486240386963,1.023153305053711,1.4019256830215454,1.1731969118118286,0.6738467812538147,0.5435863733291626,0.6228629350662231,0.0,1.3362252712249756,0.9549320936203003,0.5368508696556091,1.1270747184753418,1.4609386920928955,1.1483877897262573,1.29160737991333,1.3205604553222656,1.298151969909668,1.282660961151123,1.4568877220153809,1.4114364385604858,1.3947103023529053,1.4622058868408203,1.4579484462738037,1.2202236652374268,1.445188045501709,0.4765584468841553,0.6117186546325684,0.5327703952789307,0.6401335597038269,0.464025616645813,0.557318389415741,0.4618825912475586,0.4493964910507202,0.39318132400512695,0.4229031205177307,0.41895586252212524,0.623228907585144,0.6332895755767822,0.9038927555084229,1.1491923332214355,0.8047120571136475,1.026400089263916,0.7121535539627075,0.7683864831924438,0.85121750831604,0.7265236377716064,0.6591575145721436,0.5582173466682434,0.7812322378158569,0.719444990158081,0.5816369652748108,0.6191295981407166,0.930683970451355,0.5847007036209106,0.9827660322189331,0.9395201206207275,0.5421419143676758,0.7639140486717224,0.8752905130386353,0.8191244602203369,0.9308741092681885,1.181551218032837,1.2153270244598389,1.150272011756897,1.3542444705963135,1.3872517347335815,1.3427828550338745,1.1524193286895752,1.2997934818267822,1.1317617893218994,1.2468925714492798,0.9350492358207703,0.8536865711212158,1.0115300416946411,1.278329849243164,0.9471984505653381,1.0422446727752686,0.8888574242591858,1.1130845546722412,1.066552758216858,0.8692166209220886,0.9270294904708862,1.3694292306900024,1.4331419467926025,1.4082162380218506,1.3843090534210205,1.3417143821716309,1.3727145195007324,1.4231008291244507,1.424353837966919,1.385197401046753,1.3282668590545654
stroller,0.9472218155860901,1.3950586318969727,1.069394826889038,0.8611947894096375,0.8640249967575073,0.869507908821106,0.7856640219688416,0.902754545211792,0.9191107153892517,0.730536162853241,0.9110177755355835,1.4322564601898193,1.4425231218338013,1.5008100271224976,1.3362252712249756,0.0,0.6873075366020203,1.3002690076828003,0.6547334790229797,0.6088780164718628,0.8045459985733032,0.6817452311515808,0.7189529538154602,0.6867284774780273,0.6383576393127441,0.3374532461166382,0.6253678798675537,0.6518547534942627,0.5322495698928833,0.6196171045303345,0.8524570465087891,0.44833874702453613,1.2408006191253662,1.0951073169708252,1.172283411026001,1.3537261486053467,1.4190517663955688,1.3767271041870117,1.4139986038208008,1.299963355064392,1.4452223777770996,1.4536845684051514,1.5089707374572754,1.3335251808166504,1.38743257522583,1.403104305267334,0.542780876159668,1.0861141681671143,0.7627952098846436,1.276962399482727,1.3006939888000488,1.1449542045593262,1.3284482955932617,1.3931511640548706,1.457680106163025,1.0987439155578613,1.1711989641189575,1.2885493040084839,1.2796505689620972,0.9167386889457703,1.387312412261963,0.8103955984115601,0.939294695854187,1.2626186609268188,1.2511030435562134,1.1800915002822876,1.312773585319519,1.2934105396270752,1.0337990522384644,1.0665411949157715,0.9259878993034363,0.705531895160675,0.5947378873825073,0.5562801361083984,0.7819064855575562,0.6615750789642334,1.0016114711761475,0.8235002756118774,1.1069191694259644,0.7093338370323181,0.7027881145477295,0.7503306865692139,0.9911503791809082,0.9971843361854553,0.7992750406265259,0.52223801612854,1.0427814722061157,1.0009727478027344,1.0628972053527832,0.6518310308456421,0.6726082563400269,0.6680393815040588,0.7316910028457642,0.6906242966651917,0.6935993432998657,0.7270771265029907,0.7307844758033752,0.7762260437011719,0.8439633846282959
car,0.8798820972442627,0.7762343287467957,0.6831809282302856,0.965416431427002,1.019770860671997,0.9979760646820068,0.9171125888824463,1.0464774370193481,1.1381633281707764,1.2881813049316406,1.2896404266357422,1.2484586238861084,1.2119547128677368,1.144596815109253,0.9549320936203003,0.6873075366020203,0.0,0.687312662601471,0.745344877243042,1.0139294862747192,0.776968777179718,0.8197091817855835,0.9221771955490112,0.82195645570755,0.7540058493614197,0.8146594762802124,1.112748146057129,1.1460736989974976,1.0545276403427124,0.9744714498519897,0.7780249118804932,0.9514597058296204,0.6369273066520691,0.8055295348167419,0.8173179626464844,1.1086950302124023,0.9938629269599915,0.9827805757522583,0.9628444314002991,0.7475669980049133,0.7922940254211426,0.8415987491607666,0.9645790457725525,1.049491286277771,1.1558706760406494,1.2944576740264893,0.6551074385643005,0.7862151861190796,0.7784943580627441,0.6942179203033447,0.8065297603607178,0.7390490174293518,0.7393001317977905,0.7537489533424377,0.8056214451789856,0.6738969087600708,0.651665210723877,0.6950259208679199,0.6723108887672424,0.6974961757659912,0.7315138578414917,0.6246314644813538,0.6674028635025024,0.6676278114318848,0.7386836409568787,0.7444708943367004,0.9264522194862366,1.218402624130249,1.3090753555297852,1.2244601249694824,1.1938596963882446,0.9768040776252747,1.020227313041687,0.8207780122756958,0.6995129585266113,0.9938812851905823,1.0223695039749146,1.1405904293060303,1.040208339691162,0.5562983751296997,0.8557294607162476,1.3178564310073853,1.0761276483535767,1.18815016746521,0.811202347278595,0.7753141522407532,0.8820418119430542,0.8671510219573975,0.8847034573554993,1.1107450723648071,1.278480887413025,1.2391581535339355,1.287454605102539,1.1207334995269775,1.1818339824676514,1.248206377029419,1.2523971796035767,1.3023440837860107,1.2769482135772705
lamp,0.988638162612915,0.4224795699119568,0.8432940244674683,1.2302240133285522,1.219635248184204,1.1554220914840698,1.2144807577133179,1.2600758075714111,1.29548978805542,1.50320303440094,1.4178547859191895,0.8836256861686707,0.7494584321975708,0.7452806234359741,0.5368508696556091,1.3002690076828003,0.687312662601471,0.0,0.7103965282440186,1.2942466735839844,0.9181494116783142,1.0778024196624756,1.0192234516143799,0.8912968039512634,1.1221656799316406,1.3076145648956299,1.4522351026535034,1.432215929031372,1.420882225036621,1.2693572044372559,0.7600544095039368,1.3652101755142212,0.3464135527610779,0.7836036086082458,0.48815202713012695,0.8913375735282898,0.559680700302124,0.6814081072807312,0.6401649713516235,0.5425702333450317,0.34438657760620117,0.33664780855178833,0.48673588037490845,0.8351730108261108,0.714611828327179,1.0694622993469238,0.6872302293777466,0.5115475654602051,0.9370039701461792,0.41128766536712646,0.5064160227775574,0.515212893486023,0.41090500354766846,0.351449191570282,0.32282423973083496,0.5446920990943909,0.5053528547286987,0.2971973419189453,0.30058538913726807,0.45378512144088745,0.2305452823638916,0.7169452905654907,0.520805835723877,0.5049152374267578,0.514104962348938,0.6548536419868469,0.8151853680610657,1.111751675605774,1.3739898204803467,1.3014566898345947,1.414637804031372,1.3288605213165283,1.414611577987671,1.2519645690917969,1.0577236413955688,1.3607970476150513,0.9599213600158691,1.2477415800094604,1.1456549167633057,0.9117836952209473,1.1682531833648682,1.6174232959747314,1.0745079517364502,1.0152636766433716,0.9869834184646606,1.1184780597686768,0.8570280075073242,0.700019359588623,0.6872259378433228,1.451221227645874,1.544262409210205,1.607395887374878,1.6036337614059448,1.412968635559082,1.4656858444213867,1.5244472026824951,1.5189379453659058,1.4611320495605469,1.4249176979064941
chair,1.0732651948928833,1.0463197231292725,1.1777608394622803,1.070159912109375,1.1336801052093506,0.93574059009552,1.0738427639007568,1.2062556743621826,1.1696276664733887,1.0085034370422363,1.1652724742889404,1.1828786134719849,1.166729211807251,1.289216160774231,1.1270747184753418,0.6547334790229797,0.745344877243042,0.7103965282440186,0.0,0.5053361654281616,0.5219560265541077,0.8066964149475098,0.4771873950958252,0.3756837248802185,0.5033089518547058,0.6288748383522034,0.8757435083389282,0.8012241125106812,0.8878679871559143,0.7332633137702942,0.5220352411270142,0.8378305435180664,1.0057315826416016,1.2127101421356201,1.0550843477249146,1.2395703792572021,1.2264790534973145,1.2543351650238037,1.2725642919540405,1.0323597192764282,1.007615327835083,1.0347132682800293,1.2363191843032837,1.1421260833740234,0.9971539974212646,1.2915124893188477,0.34862619638442993,0.7819229364395142,0.9929081201553345,0.9807351231575012,1.0384255647659302,0.7767355442047119,0.954755961894989,0.9789982438087463,1.0516539812088013,0.8981407880783081,1.021011233329773,0.956692636013031,0.9050800800323486,0.38017356395721436,0.7847107648849487,0.6864405870437622,0.5501947402954102,1.0513592958450317,0.9714547395706177,1.0660947561264038,1.2245595455169678,1.2324031591415405,1.2982292175292969,1.3564436435699463,1.274397611618042,1.108426570892334,1.0544192790985107,0.8098372220993042,0.9686902165412903,1.080822467803955,0.9651218056678772,1.15397047996521,1.3467605113983154,1.0441687107086182,0.9902892112731934,1.073087453842163,0.8748497366905212,0.7139533162117004,0.8655991554260254,0.5928470492362976,0.611899197101593,0.5443557500839233,0.5658747553825378,0.8916694521903992,0.9802478551864624,1.0881609916687012,1.005832552909851,0.8893871307373047,0.9139814376831055,0.9748141765594482,0.8481587171554565,0.7920304536819458,0.8326706886291504
bench,1.2075932025909424,1.360849142074585,1.34181809425354,0.8520268201828003,1.036117434501648,0.7446858882904053,0.9891282320022583,0.9746309518814087,0.9001379609107971,0.6354686617851257,0.9225484728813171,1.3989108800888062,1.4894922971725464,1.4703779220581055,1.4609386920928955,0.6088780164718628,1.0139294862747192,1.2942466735839844,0.5053361654281616,0.0,0.5316759347915649,0.5773080587387085,0.37562036514282227,0.4289439916610718,0.37065303325653076,0.4492379426956177,0.39198893308639526,0.39445364475250244,0.3694068193435669,0.30806422233581543,0.4474983215332031,0.41588807106018066,1.4778468608856201,1.3681254386901855,1.3786641359329224,1.4859799146652222,1.5225579738616943,1.4957633018493652,1.5655596256256104,1.472015380859375,1.5310311317443848,1.5124988555908203,1.5398372411727905,1.3505125045776367,1.4325237274169922,1.306816577911377,0.7362872362136841,1.2753084897994995,1.1133921146392822,1.3870881795883179,1.3434419631958008,1.0277031660079956,1.3250210285186768,1.394575834274292,1.515160083770752,1.2453747987747192,1.37370765209198,1.4717292785644531,1.4195854663848877,0.9730786085128784,1.3064026832580566,1.0776796340942383,1.0978193283081055,1.428333044052124,1.2687886953353882,1.2058014869689941,1.3947842121124268,1.211093544960022,1.008287787437439,1.074532389640808,0.9456474781036377,0.7883250117301941,0.6124522686004639,0.6471543312072754,0.9253826141357422,0.7054406404495239,0.9352980852127075,0.9776497483253479,1.3313164710998535,1.2450999021530151,1.1179543733596802,0.7925587892532349,1.1435179710388184,0.9987133145332336,1.0657366514205933,0.8606128096580505,0.8551770448684692,1.0693854093551636,1.0120760202407837,0.5063785314559937,0.6234313249588013,0.6737563014030457,0.6795541644096375,0.6113044619560242,0.5742632746696472,0.5911285877227783,0.4570913314819336,0.5237557888031006,0.6677606105804443
drawer,1.045594573020935,1.0769381523132324,1.0649898052215576,1.015387773513794,1.1499438285827637,1.1113200187683105,1.1109733581542969,1.1592055559158325,1.1774907112121582,1.047094464302063,1.083032250404358,1.2117364406585693,1.2539665699005127,1.2784109115600586,1.1483877897262573,0.8045459985733032,0.776968777179718,0.9181494116783142,0.5219560265541077,0.5316759347915649,0.0,0.8374569416046143,0.5331093072891235,0.42640042304992676,0.3762573003768921,0.4844714403152466,0.9386997818946838,0.9380039572715759,0.801713764667511,0.6603066325187683,0.41222238540649414,0.8514986634254456,1.0819555521011353,1.1574695110321045,1.1257805824279785,1.3409173488616943,1.2526111602783203,1.2257380485534668,1.2450255155563354,1.2353897094726562,1.1008129119873047,1.1854968070983887,1.2987760305404663,1.1873884201049805,1.1853880882263184,1.2027384042739868,0.5650690793991089,0.9412758350372314,0.8464856147766113,0.9498167037963867,0.9404646158218384,0.6787790060043335,0.896549642086029,0.981695830821991,1.1029903888702393,0.9984239935874939,1.1092544794082642,1.1464920043945312,1.0246473550796509,0.49591296911239624,0.9978864192962646,0.6462029218673706,0.6225987076759338,1.000830054283142,0.8609920144081116,0.8916195631027222,1.1474584341049194,1.1762230396270752,1.1344716548919678,1.1826505661010742,1.1108206510543823,0.9525541067123413,0.7006897926330566,0.48517054319381714,0.7856507301330566,0.9166353940963745,0.8916075825691223,0.9946361184120178,1.0407794713974,0.9637604355812073,1.0490434169769287,1.0805528163909912,1.100656509399414,0.9828154444694519,0.8540873527526855,0.6868406534194946,0.8456916213035583,0.8848253488540649,0.8503761887550354,0.9467405676841736,1.0805045366287231,1.0783883333206177,1.1229764223098755,1.096006989479065,1.1390881538391113,1.1419577598571777,1.0509074926376343,1.0474114418029785,1.0564217567443848
