,horse,rooster,bird,fish,butterfly,frog,alligator,owl,cat,dog,face,hair,arm,hand,leg,foot,ankle,finger,toe,tooth,ear,nose,stroller,motorcycle,car,lamp,chair,bench,drawer,ladder,window,door,closet,refrigerator,oven,crib,bed,couch,table,bathtub,sink,boat,slide,hose,sprinkler,clock,ball,balloon,pumpkin,egg,orange,apple,strawberry,hat,slipper,watch,nail,glasses,necklace,carrot,vacuum,shovel,scissors,spoon,fork,knife,pencil,pen,crayon,plant,flower,soap,bottle,cup,can,belt,radio,basket,milk,bucket,tape,bowl,plate,pickle,banana,melon,bread,cracker,pizza,hamburger,muffin,glass,tray,box,book,paper,comb,toothbrush,gum,toy,doll,mitten,glove,sock,shoe,purse,pillow,towel,napkin,blanket,dress,pajamas,bib,scarf,jacket,sweater,shirt,jeans,pants,shorts
horse,0.0,0.4183465838432312,0.5328301787376404,0.9006005525588989,0.7520852088928223,0.728807806968689,0.5175249576568604,0.7393108606338501,0.6192622780799866,0.6035050749778748,0.8588762283325195,0.8069565296173096,0.8931486010551453,0.9583163261413574,0.9799507260322571,0.8001344203948975,1.02507483959198,1.1226321458816528,1.0881563425064087,1.0372925996780396,0.983835756778717,0.9968552589416504,0.8118747472763062,0.8046238422393799,1.0511133670806885,1.067103385925293,0.894547164440155,0.9035940170288086,1.0288881063461304,0.8765772581100464,0.8838307857513428,0.9796404838562012,0.932998538017273,0.9892235994338989,1.023353934288025,0.8991665840148926,0.8318515419960022,0.8374645709991455,0.9172027707099915,0.9982203245162964,1.022266149520874,1.0339007377624512,0.9039614796638489,0.8462798595428467,0.8802105188369751,1.1716126203536987,1.2077957391738892,1.1010388135910034,1.06635582447052,1.1805006265640259,1.208046555519104,1.2380032539367676,1.0864663124084473,1.051160454750061,1.0737714767456055,1.1855098009109497,1.2226066589355469,1.106082797050476,1.0478489398956299,1.1087960004806519,1.0747087001800537,1.134520173072815,0.9553098082542419,1.1626286506652832,1.1846190690994263,1.1549930572509766,1.2223386764526367,1.206347107887268,1.2397388219833374,0.9781315922737122,1.016658067703247,1.2643742561340332,1.1241533756256104,1.1308642625808716,1.1723966598510742,1.1570231914520264,1.040121078491211,1.085120439529419,0.9509525299072266,1.087049961090088,1.2060315608978271,1.1842104196548462,1.1550867557525635,1.1062709093093872,1.1438583135604858,1.1438133716583252,1.126617193222046,1.015923261642456,1.0744328498840332,1.0193984508514404,1.035568118095398,0.9651069641113281,1.0203841924667358,0.960976779460907,0.9194168448448181,0.9040417671203613,1.0482362508773804,1.0453444719314575,1.1500409841537476,1.0108060836791992,0.7196429967880249,0.8446985483169556,0.8050496578216553,0.9040949940681458,0.830469012260437,0.8918570280075073,0.9354787468910217,0.9725000262260437,1.0230075120925903,0.8501859903335571,0.8286515474319458,0.8560278415679932,0.7906294465065002,0.8240019679069519,0.7982169389724731,0.7959000468254089,0.8440060019493103,0.7898929119110107,0.7561604976654053,0.8076789379119873
rooster,0.4183465838432312,0.0,0.356440007686615,0.8113856315612793,0.5110445022583008,0.4312361478805542,0.34876757860183716,0.6083676218986511,0.6001991629600525,0.4619308114051819,0.9031369686126709,0.9086670279502869,1.050535798072815,1.026544213294983,1.142730951309204,0.9670994877815247,1.1342624425888062,1.1979858875274658,1.1555297374725342,1.110719919204712,1.0706307888031006,1.0237383842468262,0.8426634073257446,0.8464165925979614,1.0601643323898315,0.9672101140022278,0.896098256111145,0.9350290894508362,1.0056865215301514,0.8628861904144287,0.9171609282493591,1.0046745538711548,0.9616389274597168,1.0379865169525146,1.0793927907943726,0.864686131477356,0.9424686431884766,0.9733781814575195,0.925320029258728,1.0674364566802979,1.1430269479751587,1.028228759765625,0.9362673163414001,0.7772985100746155,0.9015437364578247,1.092792272567749,1.0112261772155762,0.9548119902610779,0.8966900110244751,1.0601437091827393,1.0748672485351562,1.0716396570205688,0.9235146045684814,1.0077143907546997,1.1553173065185547,1.2259111404418945,1.2285919189453125,1.162682056427002,1.1339993476867676,1.0608367919921875,1.0059927701950073,1.0117418766021729,0.84238600730896,1.0810385942459106,1.1418638229370117,1.1233328580856323,1.2230730056762695,1.2099153995513916,1.2313685417175293,0.7302086353302002,0.7218995094299316,1.1524744033813477,1.0522629022598267,1.018499493598938,1.1591500043869019,1.2463783025741577,0.9960890412330627,0.9883121252059937,0.8685677647590637,0.9777683615684509,1.104771614074707,1.0572744607925415,1.0284764766693115,0.9699294567108154,0.9630393981933594,0.9562161564826965,1.0057719945907593,0.9151380658149719,0.93315190076828,0.8996828198432922,0.840823769569397,0.9086846709251404,0.9501441717147827,0.8686693906784058,0.7663687467575073,0.798554539680481,1.1124305725097656,1.0199084281921387,0.9666513204574585,0.7297635078430176,0.5339092016220093,0.768029510974884,0.8256572484970093,1.0223814249038696,0.9332146048545837,0.8776751160621643,0.9869080781936646,0.9146742820739746,0.9271862506866455,0.9711880683898926,0.8867930769920349,1.0344363451004028,0.7646681070327759,1.030888557434082,1.0196608304977417,1.0016436576843262,1.0279265642166138,1.058034896850586,1.017948031425476,1.070454716682434
bird,0.5328301787376404,0.356440007686615,0.0,0.8333508968353271,0.5263984203338623,0.6007629036903381,0.5677247047424316,0.5417623519897461,0.6584914326667786,0.6218189001083374,1.0415370464324951,1.0969839096069336,1.1842312812805176,1.1850858926773071,1.2401989698410034,0.8711557388305664,1.121871829032898,1.2817754745483398,1.1590828895568848,1.2338593006134033,1.1402815580368042,1.143906593322754,0.8664008975028992,0.8040599822998047,0.9038208723068237,0.7846850752830505,0.9383188486099243,1.0051416158676147,0.9817246198654175,0.9273085594177246,0.9922072887420654,0.9890869855880737,0.9851007461547852,1.0584608316421509,1.0069994926452637,1.0016292333602905,1.059408187866211,1.095792531967163,1.0788742303848267,1.0731779336929321,1.076238989830017,1.0982778072357178,1.0307879447937012,0.7960097789764404,0.8513794541358948,0.9401465654373169,0.942072868347168,0.8648398518562317,0.9058672189712524,0.9998540878295898,1.0829945802688599,1.0565592050552368,0.9656724333763123,0.87009596824646,1.0238286256790161,1.1099804639816284,1.2052098512649536,1.1141999959945679,1.1165684461593628,1.1838302612304688,0.9615752696990967,0.8220188617706299,0.7664110064506531,0.8636369705200195,0.9371467232704163,0.9428357481956482,1.1281535625457764,1.0786004066467285,1.1409790515899658,0.7067247033119202,0.7457373142242432,1.1446349620819092,0.9352516531944275,0.9141300320625305,1.0761487483978271,1.1156054735183716,0.917597770690918,0.8693946599960327,0.9185723662376404,0.8951693773269653,0.9507360458374023,0.955398440361023,0.9397602081298828,1.1063179969787598,0.9730823636054993,1.0814839601516724,0.9194825887680054,1.0804029703140259,0.8993476629257202,0.8952677249908447,0.8578555583953857,0.947507917881012,1.024533987045288,0.996329128742218,0.9267296195030212,0.958059549331665,0.9838321208953857,1.0799260139465332,1.0861090421676636,0.8291417360305786,0.6650352478027344,0.8977087140083313,0.7953315377235413,0.9890892505645752,0.7524102330207825,0.8562284708023071,0.9735065698623657,0.7750812768936157,0.7659640312194824,1.0919792652130127,1.022204875946045,1.172006368637085,0.9597722887992859,1.1459060907363892,1.080100417137146,1.107850432395935,1.1402087211608887,1.0956223011016846,1.0724666118621826,1.147902488708496
fish,0.9006005525588989,0.8113856315612793,0.8333508968353271,0.0,0.7579309344291687,0.558770477771759,0.5252081751823425,0.8751932382583618,0.8661801815032959,0.8342902064323425,0.9357874989509583,0.9680593609809875,0.7759741544723511,0.7509456872940063,0.9180609583854675,0.8076480627059937,1.0104410648345947,0.9512259364128113,0.9714089632034302,0.7513318061828613,0.9473473429679871,0.9765719175338745,1.0445927381515503,1.047343373298645,1.241863489151001,1.1772470474243164,1.2599228620529175,1.0931072235107422,1.0979828834533691,1.2097420692443848,1.1310687065124512,1.1941144466400146,1.154858112335205,1.1410443782806396,1.184368371963501,1.0705581903457642,0.9256525039672852,0.9174503684043884,0.8812608122825623,0.9297882914543152,0.9344439506530762,0.8428572416305542,0.9343471527099609,0.7517675757408142,1.0493086576461792,1.2268457412719727,0.9492595791816711,0.9886199235916138,0.9750881195068359,1.044077754020691,0.979340672492981,0.9995587468147278,0.9440200328826904,1.0976535081863403,0.9440335631370544,1.0946348905563354,1.0757032632827759,1.1913397312164307,1.0727379322052002,0.891538679599762,1.2649846076965332,0.9877039194107056,0.8983108997344971,1.0245732069015503,1.0724422931671143,1.0880067348480225,1.0501391887664795,1.0724422931671143,1.0656625032424927,1.0442640781402588,0.9371129274368286,0.9654977321624756,1.179067611694336,1.1585509777069092,1.3077143430709839,1.0806524753570557,1.1797807216644287,1.2216521501541138,1.0795804262161255,1.1960996389389038,1.1184085607528687,1.0549061298370361,1.0043302774429321,0.6096022129058838,0.8311957120895386,0.6428790092468262,1.030720829963684,0.6955070495605469,0.9872848987579346,0.6651249527931213,0.7482101321220398,0.7659450173377991,0.8160048723220825,1.1555835008621216,0.9900298118591309,0.7865575551986694,0.8995602130889893,0.6632542014122009,0.7030624151229858,0.9150512218475342,0.8989765048027039,0.5705894231796265,0.6415898203849792,0.7295572757720947,0.7899356484413147,0.9878588318824768,0.8616605997085571,0.8642699718475342,0.885551929473877,0.8304170370101929,0.9030424356460571,0.8638710379600525,0.7362469434738159,0.907626748085022,1.0022536516189575,0.9800975322723389,0.9596869945526123,0.8991507291793823,0.9503459930419922,0.9531238675117493
butterfly,0.7520852088928223,0.5110445022583008,0.5263984203338623,0.7579309344291687,0.0,0.500990092754364,0.706666111946106,0.5995276570320129,0.9973813891410828,0.9396427869796753,1.089064598083496,1.112858533859253,1.1833000183105469,1.1271744966506958,1.1799380779266357,0.9278022050857544,1.0806227922439575,1.135043740272522,1.136572241783142,1.0323450565338135,1.1058375835418701,1.1590772867202759,1.086814284324646,1.0053561925888062,0.9658227562904358,0.6498925685882568,0.999158501625061,1.070042610168457,0.9241013526916504,1.0206087827682495,1.0849578380584717,1.1210823059082031,1.1027557849884033,1.200613260269165,1.1455353498458862,1.0631834268569946,1.1925145387649536,1.2273361682891846,1.1059622764587402,1.0857876539230347,1.0834715366363525,0.9597975015640259,1.020305871963501,0.908051609992981,0.8721869587898254,0.869972288608551,0.9075285792350769,0.8447180986404419,0.8530069589614868,0.9842329621315002,0.9481992721557617,0.940106987953186,0.8006579279899597,0.8990994691848755,0.975597083568573,0.9989377856254578,1.1038917303085327,0.9661790728569031,0.9095404148101807,0.9789765477180481,0.9895925521850586,0.821526288986206,0.6460992097854614,0.7925840020179749,0.8013944029808044,0.838662326335907,0.9185695052146912,0.8922700881958008,0.947617769241333,0.5985199809074402,0.6023973822593689,0.9646288752555847,0.9096406102180481,0.8763982653617859,1.043861985206604,0.9711742401123047,0.9172407984733582,0.7618573904037476,0.9140636324882507,0.8925564885139465,0.8451931476593018,0.8596314787864685,0.8053895831108093,0.9868603944778442,0.7840733528137207,0.9385242462158203,0.8539355993270874,0.8816885352134705,0.7712085247039795,0.8332581520080566,0.8356963992118835,0.9490845799446106,0.9077960848808289,0.8955146074295044,0.7347097396850586,0.7824313640594482,0.9215062856674194,0.9704029560089111,0.8686089515686035,0.7270818948745728,0.8205310106277466,1.0168193578720093,0.9665190577507019,1.0842667818069458,0.8502936363220215,0.9543924331665039,1.0482728481292725,0.8471426963806152,0.7906442880630493,1.1511890888214111,1.1113618612289429,1.2179055213928223,0.7966140508651733,1.154349446296692,1.193932056427002,1.2382879257202148,1.2072361707687378,1.2779369354248047,1.2612780332565308,1.2629125118255615
frog,0.728807806968689,0.4312361478805542,0.6007629036903381,0.558770477771759,0.500990092754364,0.0,0.441347599029541,0.5473184585571289,0.9423225522041321,0.7977280020713806,0.9947484731674194,1.0905873775482178,1.1195659637451172,0.9239643812179565,1.276727557182312,0.9377567172050476,1.2159167528152466,1.1422321796417236,1.2060028314590454,0.9722455739974976,1.0948601961135864,1.1151682138442993,0.8737338185310364,0.8956969380378723,1.2471582889556885,1.0524672269821167,1.170403242111206,1.0433404445648193,1.02048659324646,1.1360197067260742,1.1696933507919312,1.2791502475738525,1.1415255069732666,1.2545745372772217,1.26967191696167,1.0237923860549927,1.0650403499603271,1.0956730842590332,0.9582235217094421,1.0391230583190918,1.0800402164459229,0.8838261961936951,0.8522122502326965,0.6616175770759583,0.9827044010162354,1.1271284818649292,0.7998324632644653,0.9133907556533813,0.7817197442054749,1.056186556816101,1.0170576572418213,0.9755175709724426,0.8485217094421387,1.032267689704895,1.0940605401992798,1.2449984550476074,1.2788479328155518,1.2068785429000854,1.1959178447723389,0.9809549450874329,1.1930310726165771,0.9903270602226257,0.5809257626533508,1.0327064990997314,1.1223337650299072,1.134985327720642,1.2022193670272827,1.211837887763977,1.2027331590652466,0.7210386991500854,0.6049491763114929,1.0025933980941772,1.1174076795578003,1.0142326354980469,1.349082112312317,1.2521841526031494,1.0022000074386597,1.025500774383545,0.9138337969779968,1.0202463865280151,0.9124011993408203,0.960818886756897,0.9392390847206116,0.529841423034668,0.6255866289138794,0.5795540809631348,1.0043693780899048,0.8178717494010925,0.8768214583396912,0.6394810676574707,0.7947417497634888,0.8216511011123657,0.7187207937240601,0.9496339559555054,0.7337778806686401,0.7684687376022339,1.0059964656829834,0.7769696712493896,0.5190914869308472,0.32511258125305176,0.49350446462631226,0.6260567307472229,0.7194772958755493,0.9735704064369202,0.8048888444900513,0.8910435438156128,1.0250986814498901,0.8636163473129272,0.8844544291496277,0.9870515465736389,0.9116958975791931,1.0438469648361206,0.5559489727020264,1.063045859336853,1.0889217853546143,1.1233563423156738,1.120517611503601,1.1162256002426147,1.1168992519378662,1.1894618272781372
alligator,0.5175249576568604,0.34876757860183716,0.5677247047424316,0.5252081751823425,0.706666111946106,0.441347599029541,0.0,0.6567898988723755,0.4553002119064331,0.3537794351577759,0.7407487034797668,0.7742698788642883,0.6521546244621277,0.8256909847259521,1.1533575057983398,0.925654947757721,1.331979513168335,1.355297327041626,1.3968162536621094,1.2189687490463257,1.2806708812713623,1.1387360095977783,0.6713440418243408,0.7090194821357727,1.2980234622955322,1.330169916152954,0.9314142465591431,0.6882758140563965,1.0695267915725708,0.7771300077438354,0.7112077474594116,0.8669005632400513,0.7216508388519287,0.7634716033935547,0.9962645769119263,0.6030912399291992,0.5269485116004944,0.5871378779411316,0.5658606290817261,0.6904138922691345,0.88653165102005,0.7130767107009888,0.5280332565307617,0.48794126510620117,1.2159342765808105,1.407436728477478,1.2154756784439087,1.0970741510391235,1.0730730295181274,1.333590030670166,1.3280868530273438,1.4057296514511108,1.16660475730896,1.3008732795715332,1.433451771736145,1.5787193775177002,1.542158842086792,1.442528486251831,1.4412827491760254,1.2784093618392944,1.1531083583831787,1.1979615688323975,0.9632208943367004,1.3324096202850342,1.395416259765625,1.3622790575027466,1.5247383117675781,1.5045380592346191,1.528996467590332,0.987147867679596,0.9655978679656982,1.2926520109176636,1.2896864414215088,1.2398979663848877,1.4511549472808838,1.5495386123657227,1.115761160850525,1.0873631238937378,0.8409178256988525,1.0944217443466187,1.2783852815628052,1.1677188873291016,1.1477024555206299,0.7602471113204956,0.9970008730888367,0.7985191345214844,1.1970700025558472,0.8672175407409668,0.9886006116867065,0.6730461716651917,0.7698158025741577,0.7018796801567078,0.6746183633804321,0.8266636729240417,0.768707275390625,0.610622227191925,0.8338125944137573,0.7951745390892029,1.007068157196045,0.8204584121704102,0.6044125556945801,0.4548451900482178,0.6015837788581848,0.7917629480361938,0.8217480182647705,0.715420126914978,0.8896400928497314,0.8485616445541382,0.9312312602996826,0.5240623354911804,0.6448200345039368,0.648398756980896,0.4885537028312683,0.7722846269607544,0.6543643474578857,0.6633667945861816,0.7006794214248657,0.6748718023300171,0.7141352891921997,0.8582466840744019
owl,0.7393108606338501,0.6083676218986511,0.5417623519897461,0.8751932382583618,0.5995276570320129,0.5473184585571289,0.6567898988723755,0.0,0.6302911043167114,0.5820622444152832,1.0055495500564575,1.0736958980560303,1.1296851634979248,1.150305986404419,1.2232447862625122,0.929321825504303,1.1455693244934082,1.2834646701812744,1.2078335285186768,1.1926394701004028,1.1126295328140259,1.233666181564331,0.9705631136894226,0.9136337041854858,0.9365831613540649,0.8518134355545044,1.0401661396026611,1.1161421537399292,1.0633368492126465,1.066642165184021,1.0466139316558838,1.1256530284881592,1.0201212167739868,1.1283745765686035,1.100787878036499,0.9830229878425598,0.9745656251907349,1.0796966552734375,0.933921754360199,1.1466484069824219,1.0596414804458618,1.0776253938674927,1.029728889465332,0.9440586566925049,1.0253099203109741,0.8490359783172607,0.868748664855957,1.0104092359542847,0.833318829536438,1.0043416023254395,1.0210809707641602,0.9894250631332397,0.9023505449295044,0.8955448865890503,1.020096778869629,1.0242172479629517,1.1581732034683228,1.084749460220337,1.1363885402679443,1.1689808368682861,1.1150950193405151,0.9559915661811829,0.8499205112457275,0.9075411558151245,0.9303014278411865,0.9574218392372131,1.0711082220077515,1.0449094772338867,1.0784268379211426,0.7046810388565063,0.6682527661323547,1.0642502307891846,0.9001249074935913,0.8912147879600525,1.1011855602264404,1.0474035739898682,0.9273988008499146,0.7748425006866455,0.8965442776679993,0.9185230135917664,0.8714653849601746,0.9228982329368591,0.8271151781082153,1.1327983140945435,0.9402837157249451,1.0647536516189575,0.7591086030006409,0.9117375016212463,0.6944742798805237,0.8150969743728638,0.7237746715545654,1.0688035488128662,0.9383388161659241,0.8657788038253784,0.7817507982254028,0.918707013130188,0.9706334471702576,1.1219415664672852,0.9680542945861816,0.743168830871582,0.6101586818695068,0.9108191728591919,0.822476327419281,1.0167202949523926,0.8036459684371948,0.9089065790176392,0.9638456106185913,0.7739696502685547,0.7869192361831665,0.9544743299484253,0.9077693223953247,1.047076940536499,0.6013606786727905,1.0220191478729248,0.9260934591293335,1.0159846544265747,1.0325045585632324,1.1194685697555542,1.156011700630188,1.2345457077026367
cat,0.6192622780799866,0.6001991629600525,0.6584914326667786,0.8661801815032959,0.9973813891410828,0.9423225522041321,0.4553002119064331,0.6302911043167114,0.0,0.13610923290252686,0.7413533329963684,0.6908373236656189,0.7558680772781372,0.9694691300392151,1.051440954208374,0.9735791683197021,1.2213037014007568,1.3061127662658691,1.2956676483154297,1.2341885566711426,1.1477727890014648,1.0476429462432861,0.7558926939964294,0.7565656900405884,1.097787857055664,1.2664941549301147,0.8660338521003723,0.7943301796913147,1.0668127536773682,0.8263593912124634,0.6800718903541565,0.7497146725654602,0.6825166940689087,0.7145340442657471,0.8734244704246521,0.654280960559845,0.5481618642807007,0.5860153436660767,0.6757089495658875,0.717549204826355,0.8331845998764038,0.9398898482322693,0.7186782360076904,0.6896037459373474,1.1539334058761597,1.2981239557266235,1.2096503973007202,1.1272342205047607,1.2036093473434448,1.2909185886383057,1.3009841442108154,1.3390014171600342,1.214410662651062,1.1565098762512207,1.282829999923706,1.3141698837280273,1.3205877542495728,1.210568904876709,1.3035497665405273,1.3746427297592163,1.1007736921310425,1.229191780090332,1.2026350498199463,1.2762640714645386,1.2840118408203125,1.2732799053192139,1.376662254333496,1.3333256244659424,1.3595035076141357,1.080998182296753,1.1120376586914062,1.3324064016342163,1.2061893939971924,1.2117221355438232,1.2509040832519531,1.2886054515838623,1.0699471235275269,1.095330834388733,0.9522627592086792,1.1267338991165161,1.2977933883666992,1.1735000610351562,1.176063060760498,1.1123157739639282,1.288405179977417,1.1087013483047485,1.1608710289001465,1.1157755851745605,1.074415683746338,0.9604014754295349,0.934270977973938,0.8732239603996277,0.9083201885223389,0.9471490383148193,1.0127943754196167,0.9401916265487671,0.94340980052948,1.069205403327942,1.2810347080230713,1.1347967386245728,0.8420332074165344,0.7953401803970337,0.786737322807312,0.9117886424064636,0.9243307113647461,0.8698247671127319,0.8775998950004578,0.992825448513031,1.0689990520477295,0.5947319865226746,0.7398616075515747,0.7106563448905945,0.8002430200576782,0.7883685827255249,0.6220670938491821,0.6148536205291748,0.6864275932312012,0.6595381498336792,0.7217739820480347,0.8547966480255127
dog,0.6035050749778748,0.4619308114051819,0.6218189001083374,0.8342902064323425,0.9396427869796753,0.7977280020713806,0.3537794351577759,0.5820622444152832,0.13610923290252686,0.0,0.7716693878173828,0.7501267790794373,0.814004123210907,0.9360853433609009,1.1529839038848877,0.981051504611969,1.250098705291748,1.293546438217163,1.2812217473983765,1.2305803298950195,1.1979117393493652,1.046380639076233,0.7149384021759033,0.7103947997093201,1.1097382307052612,1.2285093069076538,0.9274661540985107,0.8117160797119141,1.0321263074874878,0.8211479783058167,0.771531343460083,0.8730210661888123,0.7510407567024231,0.8396357297897339,0.9553697109222412,0.6569147109985352,0.6412780284881592,0.6933486461639404,0.7115775942802429,0.8561440706253052,0.9820398688316345,0.9242265820503235,0.7462033033370972,0.7253572940826416,1.1913530826568604,1.2336831092834473,1.1322094202041626,1.0672965049743652,1.0711406469345093,1.2078769207000732,1.225337266921997,1.2590312957763672,1.1230796575546265,1.167971134185791,1.2962663173675537,1.3188765048980713,1.3379284143447876,1.2221531867980957,1.3357892036437988,1.2980456352233887,1.1183578968048096,1.160249948501587,1.1045359373092651,1.213824987411499,1.2479006052017212,1.2326116561889648,1.3467888832092285,1.326141595840454,1.3494575023651123,1.0104955434799194,0.9817478060722351,1.2593841552734375,1.1574963331222534,1.116133689880371,1.2785362005233765,1.3408095836639404,1.0170947313308716,1.0069468021392822,0.9113989472389221,1.0599310398101807,1.1895323991775513,1.0870851278305054,1.0781373977661133,1.0590496063232422,1.1512041091918945,1.0387459993362427,1.0388402938842773,1.0016722679138184,0.9293671250343323,0.833535373210907,0.8162732124328613,0.8437163233757019,0.8790756464004517,0.8776414394378662,0.8988533020019531,0.8771853446960449,0.9599773287773132,0.9862467050552368,1.1266405582427979,0.9497402310371399,0.6268956661224365,0.7410173416137695,0.7320784330368042,0.920055627822876,0.8829867243766785,0.8551040887832642,0.9348337650299072,0.9267664551734924,0.9809137582778931,0.687630295753479,0.7765287756919861,0.7880934476852417,0.7714178562164307,0.8638868927955627,0.7305478453636169,0.7435311079025269,0.8017281889915466,0.7768663167953491,0.8346498012542725,0.9465388059616089
face,0.8588762283325195,0.9031369686126709,1.0415370464324951,0.9357874989509583,1.089064598083496,0.9947484731674194,0.7407487034797668,1.0055495500564575,0.7413533329963684,0.7716693878173828,0.0,0.27142196893692017,0.571332573890686,0.6552299857139587,0.8244855403900146,0.9962151050567627,1.0387458801269531,0.9519144892692566,0.9831446409225464,0.9322469830513,0.9015831351280212,0.5446562170982361,0.8009951114654541,0.8315348625183105,1.2902278900146484,1.3654017448425293,1.149370789527893,0.8727583885192871,1.0860248804092407,0.960524320602417,0.7430167198181152,0.8112944960594177,0.7698833346366882,0.7154567837715149,0.9924042820930481,0.7914945483207703,0.6991455554962158,0.6530441045761108,0.8024570345878601,0.8103396892547607,0.9520039558410645,0.9427741169929504,0.7555570602416992,0.8909761905670166,1.1167722940444946,1.2948384284973145,1.2090753316879272,1.1740185022354126,1.2024778127670288,1.259311556816101,1.2960712909698486,1.2821664810180664,1.234826683998108,1.155449390411377,1.3328194618225098,1.3122129440307617,1.1460033655166626,0.8176159858703613,1.0294407606124878,1.301832914352417,1.2736773490905762,1.4545540809631348,1.272315502166748,1.449006199836731,1.4342145919799805,1.4627418518066406,1.4005186557769775,1.4069913625717163,1.418536901473999,1.266770601272583,1.228724718093872,1.3956544399261475,1.3692224025726318,1.35479736328125,1.4474577903747559,1.4122034311294556,1.2251073122024536,1.3341290950775146,0.9963806867599487,1.3068362474441528,1.4040303230285645,1.3659226894378662,1.3354015350341797,0.92376708984375,1.2546178102493286,0.9733811616897583,1.3326995372772217,1.025800108909607,1.1950914859771729,0.9146232604980469,1.0414562225341797,0.691628098487854,0.9804466962814331,0.9884151816368103,1.0784475803375244,0.8866578340530396,1.008387565612793,0.8538877964019775,1.117250919342041,1.1684331893920898,0.9058091640472412,0.7836726903915405,0.9756660461425781,1.0178428888320923,0.964500904083252,1.048490047454834,1.1460545063018799,1.340741753578186,1.3965882062911987,0.7059741616249084,0.6573907136917114,0.5741613507270813,0.7247025966644287,0.6631884574890137,0.5029902458190918,0.40966176986694336,0.37866055965423584,0.5918010473251343,0.5798885822296143,0.6892650127410889
hair,0.8069565296173096,0.9086670279502869,1.0969839096069336,0.9680593609809875,1.112858533859253,1.0905873775482178,0.7742698788642883,1.0736958980560303,0.6908373236656189,0.7501267790794373,0.27142196893692017,0.0,0.5877141356468201,0.684204638004303,0.697877824306488,0.9863085746765137,0.9783574342727661,0.941695511341095,0.9833938479423523,0.9220467805862427,0.7609027624130249,0.5385507941246033,0.7957943677902222,0.8535993099212646,1.268744945526123,1.441206932067871,1.0909024477005005,0.8878371119499207,1.1318362951278687,0.954970121383667,0.7631887197494507,0.7916625142097473,0.8199758529663086,0.7168382406234741,1.0025142431259155,0.8166490793228149,0.700097918510437,0.5971940159797668,0.8375133275985718,0.8402899503707886,0.9652247428894043,1.0453006029129028,0.8016543984413147,0.8608036637306213,1.117808222770691,1.3388025760650635,1.325103759765625,1.256758213043213,1.2684786319732666,1.3119304180145264,1.3438551425933838,1.3450729846954346,1.2395738363265991,1.0306936502456665,1.2650384902954102,1.2591785192489624,1.1487679481506348,0.8134108781814575,1.001409649848938,1.3087716102600098,1.2239874601364136,1.4503567218780518,1.30826735496521,1.4553073644638062,1.4320940971374512,1.4257615804672241,1.367448329925537,1.379968523979187,1.3981841802597046,1.2708687782287598,1.307898759841919,1.3971301317214966,1.392907977104187,1.4239356517791748,1.3800435066223145,1.3760496377944946,1.234465479850769,1.3845305442810059,1.052972674369812,1.37229585647583,1.4858087301254272,1.4300827980041504,1.4018220901489258,0.9147599935531616,1.3110171556472778,1.022179365158081,1.3519492149353027,1.0087746381759644,1.264541745185852,1.0307719707489014,1.1256718635559082,0.769433856010437,1.061463475227356,1.0754425525665283,1.1592326164245605,0.9389722943305969,0.96913081407547,0.9027529358863831,1.2245466709136963,1.3117589950561523,1.0096153020858765,0.8134329915046692,0.9493280649185181,0.9819879531860352,1.0164774656295776,1.044796109199524,1.038283109664917,1.3398871421813965,1.4197790622711182,0.6778185367584229,0.6365939974784851,0.5419650673866272,0.7889249920845032,0.6012529730796814,0.5230584144592285,0.41802918910980225,0.4232053756713867,0.5404770374298096,0.5429460406303406,0.6096043586730957
arm,0.8931486010551453,1.050535798072815,1.1842312812805176,0.7759741544723511,1.1833000183105469,1.1195659637451172,0.6521546244621277,1.1296851634979248,0.7558680772781372,0.814004123210907,0.571332573890686,0.5877141356468201,0.0,0.4173396825790405,0.7167537808418274,0.9128643870353699,0.9192382097244263,0.8617942929267883,0.9824554324150085,0.9895616173744202,1.0742523670196533,0.8363378047943115,0.837160587310791,0.8710464239120483,1.4030224084854126,1.4726418256759644,1.001639723777771,0.7490822076797485,1.0522055625915527,0.8888630867004395,0.6932166814804077,0.7887164354324341,0.7445662021636963,0.6340046525001526,0.9133647680282593,0.6952662467956543,0.4890347123146057,0.4662669897079468,0.5638863444328308,0.6661072969436646,0.7896668910980225,0.811642050743103,0.6765113472938538,0.8243750929832458,1.2941970825195312,1.3977653980255127,1.3351081609725952,1.2154409885406494,1.2374893426895142,1.2984566688537598,1.3429690599441528,1.4243210554122925,1.255345106124878,1.3820652961730957,1.3471355438232422,1.4122469425201416,1.2932438850402832,1.2251821756362915,1.1187574863433838,1.1789015531539917,1.2277207374572754,1.367720127105713,1.294866919517517,1.4242854118347168,1.430916666984558,1.394717812538147,1.3608672618865967,1.4119840860366821,1.4497877359390259,1.4160939455032349,1.3905448913574219,1.4258289337158203,1.379004716873169,1.3772834539413452,1.4190572500228882,1.482673168182373,1.2383383512496948,1.3113312721252441,0.9799267649650574,1.2688090801239014,1.4660749435424805,1.357110857963562,1.3332767486572266,0.8671008348464966,1.2639437913894653,0.967127799987793,1.3448708057403564,0.920390248298645,1.2218568325042725,0.8490059971809387,0.9961459636688232,0.7479300498962402,0.8273194432258606,1.006164789199829,1.0978965759277344,0.7455816268920898,0.8166071176528931,0.6492414474487305,1.2056771516799927,1.3055120706558228,1.0058399438858032,0.618492603302002,0.7387012839317322,0.6208396553993225,0.9499126076698303,0.9767889976501465,0.925894021987915,1.2577059268951416,1.2991492748260498,0.49032479524612427,0.5746307373046875,0.3809756636619568,0.6604968309402466,0.443406879901886,0.451088011264801,0.3614165782928467,0.3176487684249878,0.38970744609832764,0.4108487367630005,0.4603256583213806
hand,0.9583163261413574,1.026544213294983,1.1850858926773071,0.7509456872940063,1.1271744966506958,0.9239643812179565,0.8256909847259521,1.150305986404419,0.9694691300392151,0.9360853433609009,0.6552299857139587,0.684204638004303,0.4173396825790405,0.0,0.7079262733459473,0.8249675631523132,0.745532751083374,0.41089534759521484,0.6316701173782349,0.6819759607315063,0.8251428604125977,0.5708560347557068,0.9353013634681702,0.9970380663871765,1.411881685256958,1.3965685367584229,1.119157075881958,0.9770703315734863,0.9698705077171326,1.0768553018569946,1.0231282711029053,1.026955008506775,1.0426514148712158,0.9741025567054749,1.0936168432235718,0.9336897134780884,0.89461350440979,0.8356349468231201,0.8843786716461182,0.9572586417198181,0.980875551700592,1.0070016384124756,0.9198220372200012,0.9027780294418335,1.2390395402908325,1.3665008544921875,1.1995844841003418,1.1109521389007568,1.0942320823669434,1.148390531539917,1.2043704986572266,1.2175824642181396,0.9932135343551636,1.197688102722168,1.1657154560089111,1.2447023391723633,1.1418166160583496,1.0013717412948608,0.9147374033927917,0.96779865026474,1.2776697874069214,1.2662317752838135,1.1245410442352295,1.2574833631515503,1.2766144275665283,1.2809505462646484,1.1758482456207275,1.2884891033172607,1.344576120376587,1.288238763809204,1.2121517658233643,1.3799574375152588,1.3429505825042725,1.2712931632995605,1.3969216346740723,1.3827996253967285,1.2256255149841309,1.260627031326294,1.0396068096160889,1.2544424533843994,1.317314624786377,1.2419341802597046,1.2301533222198486,0.6630146503448486,1.0220098495483398,0.8018441200256348,1.2311358451843262,0.7558223009109497,1.1646513938903809,0.7318439483642578,0.9141003489494324,0.6843200922012329,0.8185033798217773,1.085911512374878,1.0379276275634766,0.8019733428955078,0.8555088043212891,0.3946067690849304,0.8358739614486694,1.0580497980117798,0.7497299909591675,0.4934699535369873,0.5628244280815125,0.6437622904777527,0.9007977247238159,1.0599547624588013,0.9779999852180481,1.17710280418396,1.1863641738891602,0.7914917469024658,0.7663018703460693,0.5969451665878296,0.7460602521896362,0.62798672914505,0.7803282737731934,0.6882470846176147,0.673260509967804,0.7314399480819702,0.707356870174408,0.7065582871437073
leg,0.9799507260322571,1.142730951309204,1.2401989698410034,0.9180609583854675,1.1799380779266357,1.276727557182312,1.1533575057983398,1.2232447862625122,1.051440954208374,1.1529839038848877,0.8244855403900146,0.697877824306488,0.7167537808418274,0.7079262733459473,0.0,0.6845117807388306,0.46022748947143555,0.5455102324485779,0.48337996006011963,0.5933440923690796,0.47944653034210205,0.4707787036895752,1.132566213607788,1.196341872215271,1.2369048595428467,1.225306510925293,1.073112964630127,1.115112543106079,1.1786715984344482,1.132423758506775,1.1484278440475464,1.0143121480941772,1.175209403038025,1.0651661157608032,1.1058086156845093,1.1163671016693115,1.0603269338607788,0.8927150964736938,1.1429705619812012,1.1934525966644287,1.2514973878860474,1.2578953504562378,1.2401611804962158,1.0969527959823608,1.038916826248169,1.1488138437271118,1.1889243125915527,1.2394506931304932,1.128659725189209,1.0293505191802979,1.0166270732879639,1.0457688570022583,1.0960146188735962,0.8768948316574097,0.7192021608352661,0.8305827379226685,0.7414290904998779,0.6446095705032349,0.5854665637016296,0.786280632019043,1.1186283826828003,1.2099858522415161,1.2543118000030518,1.206263542175293,1.1856154203414917,1.1557737588882446,0.9866856932640076,1.059568166732788,0.9960378408432007,1.2910341024398804,1.338742971420288,1.0838414430618286,1.1991634368896484,1.2685215473175049,0.9871269464492798,0.9627949595451355,1.221313714981079,1.3336632251739502,1.1136250495910645,1.270697832107544,1.3033519983291626,1.3587437868118286,1.3461154699325562,0.9828759431838989,1.1606037616729736,1.0782605409622192,1.1696701049804688,0.8485326766967773,1.313891887664795,1.26339852809906,1.182052731513977,1.1351735591888428,1.3521302938461304,1.237473726272583,1.30630362033844,1.177565336227417,1.0983474254608154,1.0083892345428467,1.2290019989013672,1.3685898780822754,1.148141622543335,0.8029402494430542,0.7833651900291443,0.580004096031189,0.9373867511749268,1.170588493347168,0.8823379278182983,1.130854845046997,1.1991853713989258,0.928901195526123,0.8162246942520142,0.7660313248634338,1.0461901426315308,0.7130240201950073,0.9241597056388855,0.8516324758529663,0.818736732006073,0.7914479374885559,0.7248759865760803,0.6284604668617249
foot,0.8001344203948975,0.9670994877815247,0.8711557388305664,0.8076480627059937,0.9278022050857544,0.9377567172050476,0.925654947757721,0.929321825504303,0.9735791683197021,0.981051504611969,0.9962151050567627,0.9863085746765137,0.9128643870353699,0.8249675631523132,0.6845117807388306,0.0,0.5864242315292358,0.8797918558120728,0.7440817356109619,0.845713198184967,0.8646156787872314,0.8885729908943176,0.8374154567718506,0.8385683298110962,1.0131627321243286,1.05182683467865,0.8708539009094238,0.9959331750869751,0.9283895492553711,0.8955807089805603,1.1644957065582275,1.0666007995605469,1.1094609498977661,1.124053955078125,0.9532052278518677,1.0216971635818481,1.0360218286514282,0.9625630378723145,1.1091338396072388,1.1755931377410889,1.183158040046692,1.042449712753296,1.117372989654541,0.9209983944892883,0.920983612537384,1.1016230583190918,1.1513127088546753,1.0042814016342163,1.0811264514923096,1.1488860845565796,1.1741089820861816,1.1602659225463867,0.9134376049041748,0.8510695695877075,0.5853134393692017,0.9250098466873169,1.1070265769958496,0.9456689953804016,0.7714568972587585,0.9947803616523743,0.8364769220352173,0.8795556426048279,0.7738861441612244,0.9877407550811768,0.9960888028144836,0.9227208495140076,1.02463960647583,1.0206453800201416,1.0754544734954834,0.8986886739730835,1.0129523277282715,1.1420314311981201,0.900337278842926,0.9487874507904053,0.8826228976249695,0.9544143676757812,0.8457455635070801,0.8622421026229858,0.8312393426895142,0.8346627354621887,1.0578734874725342,1.0018787384033203,1.0246825218200684,1.0890419483184814,1.0599101781845093,1.122111439704895,1.0191633701324463,0.8893780708312988,1.0079423189163208,1.069028377532959,0.9378587603569031,0.9336962103843689,1.104148507118225,0.9435362815856934,0.8979759216308594,0.9967779517173767,0.8203123807907104,0.8297109007835388,0.9731922149658203,0.965976893901825,0.799069344997406,0.6268011331558228,0.4314056634902954,0.37226444482803345,0.1658722162246704,0.6853929758071899,0.6493751406669617,0.6562406420707703,0.7316098213195801,0.8950706124305725,0.853758692741394,0.8724554181098938,0.8634698390960693,0.7923021912574768,1.0044763088226318,1.0103856325149536,1.0069717168807983,0.8410584926605225,0.804868221282959,0.7907187342643738
ankle,1.02507483959198,1.1342624425888062,1.121871829032898,1.0104410648345947,1.0806227922439575,1.2159167528152466,1.331979513168335,1.1455693244934082,1.2213037014007568,1.250098705291748,1.0387458801269531,0.9783574342727661,0.9192382097244263,0.745532751083374,0.46022748947143555,0.5864242315292358,0.0,0.36997342109680176,0.22900593280792236,0.600668728351593,0.5281016826629639,0.597601592540741,1.2486841678619385,1.2567195892333984,0.9213586449623108,0.8384615182876587,1.001041293144226,1.323691725730896,0.9995576739311218,1.2247806787490845,1.3055155277252197,1.1791900396347046,1.3435020446777344,1.322128415107727,1.0672661066055298,1.3916800022125244,1.3266613483428955,1.2320548295974731,1.3498616218566895,1.4138500690460205,1.3022205829620361,1.304707646369934,1.4759224653244019,1.2534854412078857,0.8534093499183655,0.8362812995910645,0.9113833904266357,0.8973352909088135,0.8371881246566772,0.7246166467666626,0.8030730485916138,0.7517300844192505,0.8445536494255066,0.49579352140426636,0.34644967317581177,0.5389949083328247,0.6056275367736816,0.5804951786994934,0.3277413845062256,0.6128604412078857,0.9655705690383911,0.8400545120239258,0.9837979078292847,0.8306843042373657,0.8432596921920776,0.7813575267791748,0.6947545409202576,0.7650425434112549,0.7611159086227417,1.0182875394821167,1.1151673793792725,0.924203634262085,0.8437119722366333,0.8594022989273071,0.6398664712905884,0.6497786641120911,0.9292474389076233,1.035996437072754,1.0906274318695068,0.8796966671943665,0.8583320379257202,0.9412912130355835,1.0448288917541504,1.0767954587936401,1.0017695426940918,1.0962507724761963,0.8915051817893982,0.9116775393486023,1.1311966180801392,1.1757400035858154,1.0607140064239502,1.1809322834014893,1.3988463878631592,1.1829936504364014,1.1772205829620361,1.2240309715270996,1.1400953531265259,1.0026681423187256,0.9787181615829468,1.1347229480743408,0.9779615998268127,0.9752901196479797,0.7233414649963379,0.5519017577171326,0.8201735019683838,1.054332971572876,0.7224565744400024,0.929564893245697,0.8573005795478821,1.2289828062057495,1.060631513595581,1.0545278787612915,1.1677912473678589,0.8955157995223999,1.1615676879882812,1.1158077716827393,1.0758380889892578,1.09859299659729,1.0182398557662964,0.8568562269210815
