,dog,frog,nose,face,hair,arm,hand,finger,toe,lamp,drawer,bench,chair,table,couch,bed,crib,window,door,refrigerator,oven,sink,bathtub,car,jacket,shirt,bib,pajamas,jeans,pants,slipper,shoe,sock,glove,blanket,pillow,towel,napkin,doll,toy,tray,box,book,paper,basket,purse,comb,hat,glasses,scissors,fork,spoon,crayon,pencil,pen,knife,toothbrush,gum,balloon,ball,egg,orange,pumpkin,apple,melon,banana,plant,bread,plate,bowl,bottle,cup,bucket,can
dog,0.0,0.5520520210266113,1.042728066444397,0.8079883456230164,0.9793400168418884,1.1169652938842773,1.0573126077651978,1.1156206130981445,1.058396816253662,1.1009372472763062,1.071784496307373,1.112000823020935,1.105187177658081,1.0408037900924683,0.9837862849235535,1.0705832242965698,0.987547755241394,1.0449402332305908,1.0260636806488037,1.0124608278274536,1.0285903215408325,1.1296937465667725,1.1218721866607666,0.7943815588951111,0.999672532081604,1.0488431453704834,1.0287150144577026,0.9998860359191895,1.0282632112503052,1.0641855001449585,0.9810342192649841,0.99104243516922,1.123937964439392,1.0282222032546997,1.0855149030685425,1.0884828567504883,1.1198261976242065,1.0888586044311523,0.5652621984481812,0.8041905164718628,1.0962096452713013,0.9912577867507935,0.819195032119751,0.9719749689102173,1.0647854804992676,1.0130138397216797,1.0873945951461792,0.9840351343154907,0.9523457288742065,1.0609339475631714,1.1128005981445312,1.1315243244171143,1.053676962852478,1.0753509998321533,1.1081067323684692,1.1121147871017456,1.1342326402664185,0.9677287936210632,0.9705796837806702,0.9721903204917908,0.9829339385032654,0.9310535192489624,0.9360659122467041,0.9567188024520874,1.0007293224334717,0.9456220865249634,0.951556921005249,0.9182870388031006,1.037380337715149,1.131994605064392,1.0966954231262207,1.0949407815933228,1.1430542469024658,1.1422560214996338
frog,0.5520520210266113,0.0,0.9812451601028442,0.8045542240142822,1.0838000774383545,1.2122423648834229,1.0258492231369019,0.9743821024894714,0.9545298218727112,1.022210955619812,0.9605218172073364,1.2051674127578735,1.1624939441680908,1.160536289215088,1.1163328886032104,1.2199095487594604,1.1832780838012695,1.1592154502868652,1.182450532913208,1.151448369026184,1.1690673828125,1.1453200578689575,1.1746985912322998,0.724567174911499,1.116735577583313,1.129632830619812,1.1344375610351562,1.0983072519302368,1.1051746606826782,1.193204641342163,0.8161219358444214,0.9830294251441956,1.1195878982543945,0.951529860496521,1.174809217453003,1.1324728727340698,1.150480031967163,1.047379970550537,0.7075951099395752,0.7675793170928955,1.06758451461792,1.052742600440979,0.9063296914100647,1.0176416635513306,1.1341241598129272,1.0580343008041382,1.162420630455017,0.7572755813598633,0.8382429480552673,0.9566680192947388,1.0135895013809204,0.9675818681716919,0.7974717617034912,0.8558927774429321,0.9223730564117432,0.9532911777496338,1.0713226795196533,0.8103638291358948,0.890900731086731,0.8355271816253662,0.8325541019439697,0.7710670828819275,0.7901048064231873,0.7247974872589111,0.6773878335952759,0.6810834407806396,0.823946475982666,0.7632832527160645,0.9804834723472595,1.0867323875427246,1.1102993488311768,1.0337798595428467,1.0992558002471924,1.2484747171401978
nose,1.042728066444397,0.9812451601028442,0.0,0.4702810049057007,0.6200463771820068,0.9311391711235046,0.6934987902641296,0.42960143089294434,0.37438321113586426,0.933648943901062,0.8794095516204834,1.2598423957824707,1.281645655632019,1.2504386901855469,1.183854579925537,1.2901060581207275,1.3100765943527222,1.1391583681106567,1.159510612487793,1.3142967224121094,1.3181530237197876,1.2964926958084106,1.2888836860656738,0.9736812114715576,1.1349025964736938,1.0144425630569458,0.9954190850257874,1.08233642578125,0.9308204054832458,0.9951808452606201,0.7748458385467529,1.1000829935073853,0.9135761857032776,1.1122989654541016,1.2614713907241821,1.2206916809082031,1.190073013305664,1.0694910287857056,1.0334833860397339,1.1755564212799072,1.3980133533477783,1.2274996042251587,1.2043176889419556,1.1789430379867554,1.3636415004730225,1.2273885011672974,1.1255468130111694,0.8141255378723145,0.3716531991958618,1.1219090223312378,1.105718970298767,1.0823036432266235,0.7477430105209351,0.7687474489212036,0.8039135932922363,1.0455280542373657,0.9325117468833923,0.8594763875007629,0.8679392337799072,0.786309540271759,0.6219292283058167,0.6789089441299438,0.6521195769309998,0.6581846475601196,0.8629187345504761,0.9581575989723206,1.1287541389465332,0.8437108397483826,1.1768085956573486,1.1783608198165894,1.0982115268707275,1.1008881330490112,1.2151247262954712,1.2729206085205078
face,0.8079883456230164,0.8045542240142822,0.4702810049057007,0.0,0.45849180221557617,0.8074347972869873,0.7429196238517761,0.788876473903656,0.6705987453460693,1.2414565086364746,1.0427017211914062,1.0627167224884033,1.1701430082321167,1.0197798013687134,1.09209144115448,1.0293457508087158,0.9935318231582642,1.0070393085479736,0.9857797026634216,1.1671366691589355,1.0497736930847168,1.0808937549591064,1.0566304922103882,0.8822358846664429,0.7255692481994629,0.6677034497261047,0.7370942831039429,0.7527188062667847,0.705713152885437,0.7497124671936035,1.0633503198623657,0.9871600866317749,1.1503114700317383,1.1714215278625488,1.054513692855835,1.1447030305862427,1.2556825876235962,1.268001914024353,0.815742015838623,1.0191477537155151,1.2217587232589722,1.1345388889312744,0.9570364356040955,1.0649046897888184,1.2874436378479004,1.1698877811431885,1.052677869796753,0.9209449291229248,0.4473711848258972,1.2507802248001099,1.267334222793579,1.2910618782043457,1.1187444925308228,1.1406185626983643,1.1807359457015991,1.2883706092834473,1.155064344406128,0.927838921546936,1.0429359674453735,1.0620039701461792,0.9687401056289673,0.9546293616294861,0.8875223398208618,0.9593535661697388,1.0703965425491333,1.0823016166687012,1.0840398073196411,1.1023164987564087,1.2142819166183472,1.2799365520477295,1.1866074800491333,1.2070631980895996,1.2837976217269897,1.160637378692627
hair,0.9793400168418884,1.0838000774383545,0.6200463771820068,0.45849180221557617,0.0,0.7274502515792847,0.7632173299789429,0.82792067527771,0.7512083053588867,1.195704698562622,1.0521684885025024,1.0166246891021729,1.0944790840148926,0.9960358738899231,1.0415568351745605,0.9716974496841431,1.0365190505981445,0.9448578953742981,0.9453365802764893,1.086271047592163,1.0561403036117554,1.0478980541229248,1.0330878496170044,1.0118985176086426,0.7185072898864746,0.6667136549949646,0.7754008769989014,0.7231285572052002,0.7199335098266602,0.7289671897888184,1.0894442796707153,0.9298663139343262,1.0490087270736694,1.1067370176315308,0.974575936794281,1.056061863899231,1.1841659545898438,1.2426745891571045,0.9838545322418213,1.156604528427124,1.2546637058258057,1.1859490871429443,0.9564620852470398,1.0623682737350464,1.2375506162643433,1.129578709602356,0.930777370929718,0.8875693678855896,0.6682908535003662,1.196951150894165,1.225740671157837,1.2878750562667847,1.1532282829284668,1.1110525131225586,1.1159850358963013,1.1978896856307983,1.1042020320892334,1.0795918703079224,1.124805212020874,1.1356456279754639,1.051282286643982,1.0917012691497803,1.009658694267273,1.1151626110076904,1.0653845071792603,1.190792441368103,1.0221072435379028,1.1767743825912476,1.2594552040100098,1.2895371913909912,1.1741948127746582,1.2783808708190918,1.3099915981292725,1.148908257484436
arm,1.1169652938842773,1.2122423648834229,0.9311391711235046,0.8074347972869873,0.7274502515792847,0.0,0.45577752590179443,0.7138378620147705,0.8003391027450562,1.260244369506836,1.116040587425232,0.8646197319030762,0.990376353263855,0.755365252494812,1.0102624893188477,0.8083921074867249,0.9186049103736877,0.9097812175750732,0.8942700624465942,0.9850196242332458,0.8748455047607422,0.9412697553634644,0.9312540888786316,1.260094404220581,0.6885218620300293,0.5008136630058289,0.7087752819061279,0.6905417442321777,0.7427085041999817,0.5984020829200745,1.1949446201324463,0.9801645874977112,0.8279138803482056,0.8256197571754456,0.8414891362190247,0.8904877305030823,1.0497907400131226,1.1012974977493286,1.1118842363357544,1.2025326490402222,1.0963187217712402,1.0852656364440918,0.946553647518158,0.897516131401062,1.2144724130630493,1.1919000148773193,0.9095033407211304,1.319796085357666,1.008402943611145,1.2951773405075073,1.2048028707504272,1.297235369682312,1.2298808097839355,1.2074633836746216,1.1802642345428467,1.1974563598632812,1.1199530363082886,1.1521977186203003,1.2442350387573242,1.2910921573638916,1.2368656396865845,1.2481967210769653,1.1105284690856934,1.2674663066864014,1.1571929454803467,1.2631187438964844,1.0772299766540527,1.2473633289337158,1.223873257637024,1.2596473693847656,1.0590091943740845,1.1526986360549927,1.242080807685852,0.9135981798171997
hand,1.0573126077651978,1.0258492231369019,0.6934987902641296,0.7429196238517761,0.7632173299789429,0.45577752590179443,0.0,0.23062753677368164,0.4528881311416626,1.276375412940979,1.0438646078109741,1.090364694595337,1.154227375984192,1.0491414070129395,1.1423834562301636,1.0884302854537964,1.1149159669876099,1.0734893083572388,1.0420361757278442,1.2277252674102783,1.1344056129455566,1.0625145435333252,1.1013211011886597,1.1069364547729492,0.9207684993743896,0.8381352424621582,0.8626379370689392,0.8575514554977417,0.9403809309005737,0.8973363637924194,0.8987658619880676,0.8961293697357178,0.8662879467010498,0.590353786945343,1.0429364442825317,1.0541677474975586,1.1762715578079224,1.1018147468566895,0.9702951312065125,1.0460299253463745,1.1135749816894531,1.1173696517944336,0.9403703808784485,0.9722331166267395,1.2642499208450317,1.1838105916976929,1.0089850425720215,1.1241729259490967,0.8217523097991943,1.1030268669128418,1.0826914310455322,1.1707093715667725,1.0402653217315674,1.0826640129089355,1.044111728668213,1.1197896003723145,1.0493026971817017,0.8336700797080994,1.1047507524490356,1.1162487268447876,1.0797405242919922,1.0978785753250122,0.9743003249168396,1.0696042776107788,0.9836246371269226,1.1347620487213135,1.1007572412490845,1.129380464553833,1.1548912525177002,1.1876239776611328,1.1388568878173828,1.1091643571853638,1.2456555366516113,1.1212149858474731
finger,1.1156206130981445,0.9743821024894714,0.42960143089294434,0.788876473903656,0.82792067527771,0.7138378620147705,0.23062753677368164,0.0,0.18647873401641846,1.0608415603637695,0.8531397581100464,1.2556447982788086,1.229691982269287,1.2918535470962524,1.2116093635559082,1.347923994064331,1.337428331375122,1.1956030130386353,1.239854097366333,1.3035907745361328,1.348995327949524,1.2842273712158203,1.2899384498596191,1.0171194076538086,1.1356096267700195,1.0376592874526978,1.0621190071105957,1.078484296798706,0.9328471422195435,0.9862952828407288,0.6043907999992371,1.0009311437606812,0.7929746508598328,0.7562540173530579,1.2931022644042969,1.2193520069122314,1.2320435047149658,1.06907057762146,1.0846198797225952,1.1534279584884644,1.3186581134796143,1.2343792915344238,1.1673067808151245,1.1249616146087646,1.381066083908081,1.229980707168579,1.1551859378814697,0.9035506248474121,0.6644650101661682,1.0268574953079224,0.9648516774177551,1.0180630683898926,0.6451866030693054,0.7234009504318237,0.7192034721374512,0.8983434438705444,0.8786444664001465,0.7521123886108398,0.9269109964370728,0.8503104448318481,0.6968801617622375,0.7631702423095703,0.6940307021141052,0.7113997936248779,0.7989410161972046,0.9101954102516174,1.131361961364746,0.8567572832107544,1.1624404191970825,1.2074300050735474,1.0970449447631836,1.1044235229492188,1.222714900970459,1.2373477220535278
toe,1.058396816253662,0.9545298218727112,0.37438321113586426,0.6705987453460693,0.7512083053588867,0.8003391027450562,0.4528881311416626,0.18647873401641846,0.0,1.0005548000335693,0.8670107126235962,1.3007475137710571,1.2503130435943604,1.3614245653152466,1.1614484786987305,1.3494025468826294,1.3721973896026611,1.2306296825408936,1.2519431114196777,1.2798058986663818,1.3640336990356445,1.3223382234573364,1.2988141775131226,0.9898872971534729,1.1506712436676025,1.054739236831665,1.0649958848953247,1.047272801399231,0.8875913619995117,0.9347972869873047,0.3854050636291504,0.8276717662811279,0.791235089302063,0.8142671585083008,1.3142545223236084,1.233747959136963,1.2177785634994507,1.0867840051651,1.0193580389022827,1.1628336906433105,1.4130547046661377,1.247692346572876,1.1919975280761719,1.1957769393920898,1.3892807960510254,1.1668109893798828,1.2243441343307495,0.8281031847000122,0.594872236251831,1.07062566280365,0.9965347051620483,1.031488299369812,0.6815732717514038,0.7322855591773987,0.7549470067024231,0.9424836039543152,0.8757041692733765,0.8908901214599609,0.9611433148384094,0.8613570928573608,0.6772599220275879,0.7462456226348877,0.6818428039550781,0.7100956439971924,0.8931135535240173,0.9079293012619019,1.1166391372680664,0.8197410106658936,1.2160576581954956,1.252288579940796,1.091574788093567,1.1434420347213745,1.1992186307907104,1.2880078554153442
lamp,1.1009372472763062,1.022210955619812,0.933648943901062,1.2414565086364746,1.195704698562622,1.260244369506836,1.276375412940979,1.0608415603637695,1.0005548000335693,0.0,0.9419928193092346,1.2298483848571777,1.0270169973373413,1.1614264249801636,1.0054361820220947,1.2432563304901123,1.1854703426361084,0.9798600077629089,0.9582708477973938,0.889824390411377,1.1074161529541016,1.1476691961288452,1.120009422302246,0.9396952986717224,1.3349111080169678,1.2672269344329834,1.3066376447677612,1.2718394994735718,1.1985732316970825,1.263830304145813,0.9212285280227661,1.2785457372665405,1.0032542943954468,1.1571581363677979,1.251348853111267,1.1750833988189697,0.9373053908348083,0.8131837844848633,1.16554856300354,1.1952807903289795,1.15877103805542,1.1183136701583862,1.2023626565933228,1.007841944694519,0.9443615078926086,1.077406883239746,0.9954827427864075,0.841876745223999,0.9557620882987976,0.8064778447151184,0.7164821624755859,0.6785616874694824,0.7165098190307617,0.6101467609405518,0.6449024677276611,0.6939367651939392,0.7450002431869507,1.0552687644958496,0.8361685872077942,0.7202515006065369,0.6821607947349548,0.7405478954315186,0.9279734492301941,0.7217898368835449,0.8552791476249695,0.817906379699707,1.0095462799072266,0.7153541445732117,0.815991997718811,0.8036494255065918,0.8857571482658386,0.9077808856964111,0.8543514013290405,1.0614912509918213
drawer,1.071784496307373,0.9605218172073364,0.8794095516204834,1.0427017211914062,1.0521684885025024,1.116040587425232,1.0438646078109741,0.8531397581100464,0.8670107126235962,0.9419928193092346,0.0,0.8194265365600586,0.783020555973053,1.084697961807251,0.9038878679275513,1.0596376657485962,0.9723176956176758,1.0728039741516113,0.9440871477127075,0.9243487119674683,0.9787153005599976,1.1139007806777954,1.1326758861541748,0.908810555934906,1.09965181350708,1.1561834812164307,1.1561107635498047,1.1792893409729004,1.0415840148925781,1.015871524810791,0.7576010823249817,1.05104660987854,1.069177269935608,1.1276297569274902,1.1713181734085083,0.9563968181610107,1.0221093893051147,1.060472846031189,1.0755659341812134,1.0650403499603271,1.001452922821045,0.6987262964248657,1.1212712526321411,0.9864580035209656,1.0154974460601807,0.7395532727241516,1.0093814134597778,0.8836005330085754,0.8778648376464844,0.9381271600723267,0.8993947505950928,0.9682993292808533,0.7423210144042969,0.5769964456558228,0.6109741926193237,0.6485060453414917,0.9713096022605896,1.0222088098526,1.0890963077545166,1.01482355594635,0.9367220997810364,0.9445255398750305,0.8925726413726807,0.9319260120391846,1.0387344360351562,0.847853422164917,1.0392427444458008,0.8392939567565918,1.0815902948379517,1.1311200857162476,0.9783340692520142,1.0788815021514893,0.9942668080329895,0.8817959427833557
bench,1.112000823020935,1.2051674127578735,1.2598423957824707,1.0627167224884033,1.0166246891021729,0.8646197319030762,1.090364694595337,1.2556447982788086,1.3007475137710571,1.2298483848571777,0.8194265365600586,0.0,0.463212251663208,0.7205377817153931,0.6504541039466858,0.2730404734611511,0.5728943347930908,0.8261559009552002,0.729451060295105,0.9388025999069214,0.8072194457054138,0.8332526087760925,0.7954314947128296,1.0802924633026123,0.7060695886611938,0.8059121370315552,0.8887577056884766,0.8115171194076538,0.7885692715644836,0.7464686632156372,1.1676350831985474,0.8848540186882019,1.0021347999572754,1.0134390592575073,0.4528267979621887,0.43431681394577026,0.8001263737678528,1.0277670621871948,1.125293493270874,0.9651472568511963,0.8335665464401245,0.7770261764526367,0.8795000314712524,0.7779096364974976,0.9367172122001648,0.8906925320625305,0.7422775030136108,1.161758303642273,1.1752324104309082,1.270139455795288,1.2879689931869507,1.3816744089126587,1.2126984596252441,1.1694058179855347,1.162567377090454,1.172094464302063,1.2601535320281982,1.08791184425354,1.102220058441162,1.2650221586227417,1.3996362686157227,1.3623008728027344,1.298317551612854,1.4232985973358154,1.2522873878479004,1.2487528324127197,1.0741244554519653,1.3284187316894531,1.1983509063720703,1.1932220458984375,1.1448966264724731,1.1775652170181274,1.0910779237747192,0.7314931154251099
chair,1.105187177658081,1.1624939441680908,1.281645655632019,1.1701430082321167,1.0944790840148926,0.990376353263855,1.154227375984192,1.229691982269287,1.2503130435943604,1.0270169973373413,0.783020555973053,0.463212251663208,0.0,0.7464199066162109,0.4301494359970093,0.6159998178482056,0.5736161470413208,0.7450802326202393,0.6544218063354492,0.7275289297103882,0.8322657942771912,0.910711944103241,0.8914509415626526,1.0547438859939575,0.7864644527435303,0.9185276031494141,0.94987952709198,0.8929226398468018,0.9243013858795166,0.8335762619972229,1.1107910871505737,1.0204955339431763,1.079144835472107,1.0233983993530273,0.795059323310852,0.614355742931366,0.7845336198806763,0.9609108567237854,1.0273001194000244,0.9629117846488953,0.8780779838562012,0.7366925477981567,0.9845111966133118,0.9391884803771973,0.7351821660995483,0.6805726289749146,0.8809781074523926,0.9692705273628235,1.1979138851165771,1.0172075033187866,1.0712671279907227,1.1533136367797852,1.2679966688156128,1.1789486408233643,1.1880570650100708,1.0819149017333984,1.162414312362671,1.2637771368026733,1.1831324100494385,1.2799508571624756,1.3200805187225342,1.3081722259521484,1.2499616146087646,1.3366355895996094,1.2435492277145386,1.2335119247436523,0.9525874853134155,1.2128032445907593,1.0790224075317383,1.0316689014434814,0.9723160862922668,0.9726319313049316,0.8356373310089111,0.6461212635040283
table,1.0408037900924683,1.160536289215088,1.2504386901855469,1.0197798013687134,0.9960358738899231,0.755365252494812,1.0491414070129395,1.2918535470962524,1.3614245653152466,1.1614264249801636,1.084697961807251,0.7205377817153931,0.7464199066162109,0.0,0.8098617792129517,0.6298803687095642,0.6963204145431519,0.7176225185394287,0.6615554094314575,0.7760435938835144,0.7230786085128784,0.7198936343193054,0.7199149131774902,1.1576616764068604,0.7326377630233765,0.7359561324119568,0.8621443510055542,0.8502711057662964,0.990506112575531,0.8739519119262695,1.3995307683944702,1.1011563539505005,1.167389154434204,1.1957494020462036,0.7402349710464478,0.8790109157562256,1.0492216348648071,0.9990876913070679,1.0457760095596313,0.9553236961364746,0.6294578313827515,0.8366460800170898,0.7649047374725342,0.7722792625427246,0.8500743508338928,1.0760014057159424,0.9367688894271851,1.2974706888198853,1.1719534397125244,1.1832787990570068,1.049127221107483,1.1280542612075806,1.3630545139312744,1.31973135471344,1.3148354291915894,1.1242725849151611,1.166174054145813,1.1901658773422241,1.2063264846801758,1.2890175580978394,1.3503448963165283,1.3334710597991943,1.2837576866149902,1.3234305381774902,1.188012957572937,1.234510898590088,0.9164726734161377,1.2143244743347168,0.7558045387268066,0.9164692163467407,0.8483602404594421,0.8523294925689697,0.9926314949989319,0.6592674851417542
couch,0.9837862849235535,1.1163328886032104,1.183854579925537,1.09209144115448,1.0415568351745605,1.0102624893188477,1.1423834562301636,1.2116093635559082,1.1614484786987305,1.0054361820220947,0.9038878679275513,0.6504541039466858,0.4301494359970093,0.8098617792129517,0.0,0.6087952852249146,0.8264962434768677,0.7391395568847656,0.6283162832260132,0.6642206311225891,0.8290634751319885,0.9984411001205444,1.0250109434127808,0.9190407395362854,0.799811601638794,0.9455554485321045,1.0198683738708496,0.9067953824996948,1.003387451171875,0.8876104950904846,1.0838994979858398,1.0140644311904907,1.153725028038025,0.99809330701828,0.7761842012405396,0.5234202146530151,0.8265921473503113,0.9669598340988159,0.9621187448501587,0.9617538452148438,1.0169442892074585,0.8033691644668579,0.971643328666687,0.9783124327659607,0.8662978410720825,0.7175782322883606,1.0730055570602417,0.9820371866226196,1.1178966760635376,1.073032259941101,1.0988761186599731,1.1723297834396362,1.2607195377349854,1.1773756742477417,1.1799311637878418,1.095200538635254,1.1842010021209717,1.2397619485855103,1.1598327159881592,1.1843315362930298,1.2238351106643677,1.227310299873352,1.177944302558899,1.2360632419586182,1.254997968673706,1.1929858922958374,0.9052032232284546,1.1421183347702026,1.0841683149337769,1.094154715538025,0.9713433980941772,1.059754490852356,0.932361900806427,0.8554148077964783
bed,1.0705832242965698,1.2199095487594604,1.2901060581207275,1.0293457508087158,0.9716974496841431,0.8083921074867249,1.0884302854537964,1.347923994064331,1.3494025468826294,1.2432563304901123,1.0596376657485962,0.2730404734611511,0.6159998178482056,0.6298803687095642,0.6087952852249146,0.0,0.4434354305267334,0.7874050736427307,0.6576246023178101,0.894158661365509,0.7348836660385132,0.7319111824035645,0.6377381682395935,1.175727367401123,0.6540889739990234,0.7127077579498291,0.702304482460022,0.6207718849182129,0.8058540225028992,0.7432431578636169,1.2974488735198975,0.9135260581970215,1.0089915990829468,1.03080153465271,0.09786868095397949,0.18464070558547974,0.6815110445022583,0.9486662745475769,1.0146265029907227,0.93263179063797,0.8065295219421387,0.8038696050643921,0.7095656394958496,0.7495695352554321,0.8542313575744629,0.9152740836143494,0.7076147198677063,1.2194528579711914,1.179963231086731,1.3569397926330566,1.3564929962158203,1.4270541667938232,1.4513095617294312,1.402721643447876,1.397521734237671,1.3531391620635986,1.295973777770996,1.1993709802627563,1.2027778625488281,1.308426856994629,1.4426840543746948,1.441789984703064,1.396301507949829,1.510370135307312,1.3296548128128052,1.3883213996887207,1.13382887840271,1.3869633674621582,1.1623629331588745,1.180521845817566,1.196129560470581,1.2205934524536133,1.184150218963623,0.8470779657363892
crib,0.987547755241394,1.1832780838012695,1.3100765943527222,0.9935318231582642,1.0365190505981445,0.9186049103736877,1.1149159669876099,1.337428331375122,1.3721973896026611,1.1854703426361084,0.9723176956176758,0.5728943347930908,0.5736161470413208,0.6963204145431519,0.8264962434768677,0.4434354305267334,0.0,0.6535882949829102,0.612970769405365,0.6946683526039124,0.6478112936019897,0.6752516627311707,0.5504472851753235,1.107958436012268,0.8048455715179443,0.8402459025382996,0.8074193000793457,0.8152794241905212,0.9997257590293884,0.9151005148887634,1.4146044254302979,1.0343708992004395,1.1919928789138794,1.173717975616455,0.5680611729621887,0.7209155559539795,0.8792757987976074,1.0636333227157593,0.7787138223648071,0.7752935886383057,0.6648553609848022,0.6877604126930237,0.6911042928695679,0.8600153923034668,0.5767946243286133,0.9874704480171204,0.7538926005363464,1.2829406261444092,1.2506471872329712,1.2438104152679443,1.2350108623504639,1.295180082321167,1.430875539779663,1.379446268081665,1.4042634963989258,1.310906171798706,1.192600965499878,1.1850922107696533,1.245978832244873,1.3504140377044678,1.3858243227005005,1.3601560592651367,1.3268113136291504,1.4242702722549438,1.3296014070510864,1.3100392818450928,1.0295323133468628,1.356982707977295,1.0560311079025269,1.0369161367416382,1.0824310779571533,1.0592416524887085,1.0037299394607544,0.7923917770385742
window,1.0449402332305908,1.1592154502868652,1.1391583681106567,1.0070393085479736,0.9448578953742981,0.9097812175750732,1.0734893083572388,1.1956030130386353,1.2306296825408936,0.9798600077629089,1.0728039741516113,0.8261559009552002,0.7450802326202393,0.7176225185394287,0.7391395568847656,0.7874050736427307,0.6535882949829102,0.0,0.3212507963180542,0.6663346886634827,0.7706642746925354,0.9559534192085266,0.9175038933753967,0.9958338141441345,0.8452233076095581,0.8837796449661255,1.018874168395996,0.9195559024810791,0.988030195236206,0.9253137111663818,1.3637807369232178,1.1220343112945557,1.241435170173645,1.17013680934906,0.8969489336013794,0.9420530200004578,0.9958333373069763,1.1093711853027344,1.0279767513275146,1.106757402420044,1.0209921598434448,0.9292259812355042,0.8886231780052185,0.9504906535148621,0.9150695204734802,0.9979197382926941,0.9411008358001709,1.2670164108276367,1.1047091484069824,1.1623371839523315,1.1613940000534058,1.2311923503875732,1.3027738332748413,1.2059990167617798,1.2145631313323975,1.1764936447143555,1.167505145072937,1.2636375427246094,1.2068794965744019,1.2586528062820435,1.2911534309387207,1.2778658866882324,1.2376997470855713,1.2722790241241455,1.2934610843658447,1.2946882247924805,0.8707859516143799,1.2852158546447754,1.0702778100967407,1.1438343524932861,1.0571843385696411,1.1124111413955688,1.0544297695159912,0.8505889177322388
door,1.0260636806488037,1.182450532913208,1.159510612487793,0.9857797026634216,0.9453365802764893,0.8942700624465942,1.0420361757278442,1.239854097366333,1.2519431114196777,0.9582708477973938,0.9440871477127075,0.729451060295105,0.6544218063354492,0.6615554094314575,0.6283162832260132,0.6576246023178101,0.612970769405365,0.3212507963180542,0.0,0.5940564870834351,0.7139039635658264,0.832951545715332,0.8242311477661133,1.0496714115142822,0.7787727117538452,0.8631166219711304,0.9747934341430664,0.903961181640625,0.9927524924278259,0.842553436756134,1.372455358505249,1.1055731773376465,1.2520084381103516,1.1879204511642456,0.8686553239822388,0.8210015892982483,0.9630832076072693,1.1139729022979736,1.05697500705719,1.0412629842758179,0.9444019794464111,0.8438208103179932,0.9515582323074341,0.8924320936203003,0.8781111240386963,0.9233735799789429,0.8976438045501709,1.2713679075241089,1.1333959102630615,1.1481480598449707,1.1830469369888306,1.235237717628479,1.369786262512207,1.2586719989776611,1.2571401596069336,1.1915194988250732,1.1084562540054321,1.1980217695236206,1.2011774778366089,1.2796531915664673,1.3460302352905273,1.3372989892959595,1.283576250076294,1.3545401096343994,1.302393913269043,1.3046483993530273,1.0033140182495117,1.2971482276916504,1.086126446723938,1.121246337890625,1.0149544477462769,1.1151918172836304,1.0395008325576782,0.6950507760047913
refrigerator,1.0124608278274536,1.151448369026184,1.3142967224121094,1.1671366691589355,1.086271047592163,0.9850196242332458,1.2277252674102783,1.3035907745361328,1.2798058986663818,0.889824390411377,0.9243487119674683,0.9388025999069214,0.7275289297103882,0.7760435938835144,0.6642206311225891,0.894158661365509,0.6946683526039124,0.6663346886634827,0.5940564870834351,0.0,0.3553559184074402,0.7420466542243958,0.7804245352745056,1.0068397521972656,0.9547058343887329,0.9950563311576843,1.0815244913101196,1.0714411735534668,1.1551421880722046,1.0537996292114258,1.2935199737548828,1.0948607921600342,1.2220745086669922,1.0885337591171265,1.020243525505066,0.9571783542633057,0.8773996829986572,1.0205320119857788,1.0075268745422363,1.069719672203064,0.7533509731292725,0.7434563040733337,0.9151145815849304,0.874592125415802,0.5584530830383301,0.8037346601486206,0.8831070065498352,1.1544045209884644,1.2050029039382935,0.877449095249176,0.8599635362625122,0.9434062838554382,1.2428959608078003,1.1626996994018555,1.1384179592132568,0.9286156892776489,0.9632391333580017,1.3137259483337402,1.2988221645355225,1.298214077949524,1.2745963335037231,1.2183494567871094,1.2028697729110718,1.2074596881866455,1.2090826034545898,1.0937764644622803,0.7913562655448914,1.112753987312317,0.8835431933403015,0.9170072674751282,0.8045141696929932,0.9283695220947266,0.7800424098968506,0.6052179336547852
oven,1.0285903215408325,1.1690673828125,1.3181530237197876,1.0497736930847168,1.0561403036117554,0.8748455047607422,1.1344056129455566,1.348995327949524,1.3640336990356445,1.1074161529541016,0.9787153005599976,0.8072194457054138,0.8322657942771912,0.7230786085128784,0.8290634751319885,0.7348836660385132,0.6478112936019897,0.7706642746925354,0.7139039635658264,0.3553559184074402,0.0,0.5033642053604126,0.5558794140815735,1.0864421129226685,0.8965649604797363,0.8963849544525146,0.9591108560562134,0.9574634432792664,1.0246714353561401,0.9631757140159607,1.3813252449035645,1.0389961004257202,1.1940560340881348,1.0745574235916138,0.8041974306106567,0.8858504295349121,0.9093198180198669,1.0327908992767334,1.02423095703125,1.0697691440582275,0.6072916984558105,0.7456458806991577,0.8928125500679016,0.8890736699104309,0.6646584272384644,0.9260880351066589,0.793881893157959,1.2803115844726562,1.1974126100540161,1.0494022369384766,0.9598827958106995,1.0314412117004395,1.4142684936523438,1.3388760089874268,1.3070440292358398,1.0540729761123657,1.1745243072509766,1.29862380027771,1.3446036577224731,1.3732998371124268,1.3676564693450928,1.2939355373382568,1.2773369550704956,1.3425664901733398,1.2669014930725098,1.2100850343704224,0.9464824795722961,1.1489087343215942,0.8449451923370361,0.8475487232208252,0.9588370323181152,0.930182158946991,0.8720390796661377,0.5186281800270081
sink,1.1296937465667725,1.1453200578689575,1.2964926958084106,1.0808937549591064,1.0478980541229248,0.9412697553634644,1.0625145435333252,1.2842273712158203,1.3223382234573364,1.1476691961288452,1.1139007806777954,0.8332526087760925,0.910711944103241,0.7198936343193054,0.9984411001205444,0.7319111824035645,0.6752516627311707,0.9559534192085266,0.832951545715332,0.7420466542243958,0.5033642053604126,0.0,0.08609402179718018,1.2159264087677002,0.932097852230072,0.8853296637535095,0.9733806848526001,1.0087295770645142,1.0440528392791748,0.9935500621795654,1.3488438129425049,0.9992461800575256,1.130033016204834,1.0320453643798828,0.774599552154541,0.9060394167900085,0.9136048555374146,0.9558109045028687,1.0952671766281128,1.0243021249771118,0.43456780910491943,0.8935350179672241,0.9278557896614075,0.8714783787727356,0.6352768540382385,1.0848745107650757,0.8740435838699341,1.335938572883606,1.2385534048080444,1.0531617403030396,0.9571180939674377,0.8414146900177002,1.4201102256774902,1.3847017288208008,1.3199899196624756,1.1126071214675903,0.9436028003692627,1.1239829063415527,1.1735634803771973,1.289839744567871,1.3130581378936768,1.3150261640548706,1.3655354976654053,1.361603021621704,1.1742502450942993,1.260681390762329,1.0279878377914429,1.3088324069976807,0.7599479556083679,0.543362557888031,0.8842698931694031,0.7119651436805725,0.7193220853805542,0.6308671236038208
bathtub,1.1218721866607666,1.1746985912322998,1.2888836860656738,1.0566304922103882,1.0330878496170044,0.9312540888786316,1.1013211011886597,1.2899384498596191,1.2988141775131226,1.120009422302246,1.1326758861541748,0.7954314947128296,0.8914509415626526,0.7199149131774902,1.0250109434127808,0.6377381682395935,0.5504472851753235,0.9175038933753967,0.8242311477661133,0.7804245352745056,0.5558794140815735,0.08609402179718018,0.0,1.2273091077804565,0.9091775417327881,0.846576452255249,0.9291145205497742,0.957935631275177,0.9954308271408081,0.9740176200866699,1.3489776849746704,1.0029141902923584,1.1513140201568604,1.1100609302520752,0.696918249130249,0.8923302888870239,0.9128882884979248,0.9385414123535156,1.0922383069992065,1.0199321508407593,0.485487699508667,0.8579100370407104,0.8791989088058472,0.8525943160057068,0.6133866906166077,1.0983192920684814,0.8644767999649048,1.3566486835479736,1.2289459705352783,1.1230672597885132,1.0213181972503662,0.9497182369232178,1.4244694709777832,1.3803832530975342,1.3334705829620361,1.1535344123840332,0.9412270784378052,1.1737476587295532,1.2137510776519775,1.327615737915039,1.3232755661010742,1.33586585521698,1.386530876159668,1.381023645401001,1.235106348991394,1.269157886505127,1.0941576957702637,1.3200196027755737,0.8091790676116943,0.6288149952888489,0.959485650062561,0.793403148651123,0.7911437153816223,0.6976407170295715
car,0.7943815588951111,0.724567174911499,0.9736812114715576,0.8822358846664429,1.0118985176086426,1.260094404220581,1.1069364547729492,1.0171194076538086,0.9898872971534729,0.9396952986717224,0.908810555934906,1.0802924633026123,1.0547438859939575,1.1576616764068604,0.9190407395362854,1.175727367401123,1.107958436012268,0.9958338141441345,1.0496714115142822,1.0068397521972656,1.0864421129226685,1.2159264087677002,1.2273091077804565,0.0,1.089680552482605,1.158064842224121,1.1468919515609741,1.110084056854248,1.0418834686279297,1.1395219564437866,0.8485971689224243,0.9087090492248535,1.1423124074935913,1.0714454650878906,1.1898196935653687,1.1268974542617798,1.1052091121673584,1.0805743932724,0.7888178825378418,0.7235375642776489,1.0854305028915405,0.9934291243553162,0.9761096835136414,1.0303959846496582,1.0485950708389282,0.8808507919311523,1.07246732711792,0.821671724319458,0.882287323474884,0.8547124862670898,0.9545487761497498,0.9764447212219238,0.7817635536193848,0.7988969683647156,0.8242639303207397,0.8154659271240234,1.0496017932891846,0.8533626794815063,0.914764940738678,0.839897871017456,0.8532267808914185,0.800092875957489,0.8341932892799377,0.8051159381866455,0.9329531788825989,0.8101332187652588,0.9117759466171265,0.849709689617157,1.02644944190979,1.102902889251709,1.0076361894607544,1.1096750497817993,1.0558348894119263,1.1341453790664673
jacket,0.999672532081604,1.116735577583313,1.1349025964736938,0.7255692481994629,0.7185072898864746,0.6885218620300293,0.9207684993743896,1.1356096267700195,1.1506712436676025,1.3349111080169678,1.09965181350708,0.7060695886611938,0.7864644527435303,0.7326377630233765,0.799811601638794,0.6540889739990234,0.8048455715179443,0.8452233076095581,0.7787727117538452,0.9547058343887329,0.8965649604797363,0.932097852230072,0.9091775417327881,1.089680552482605,0.0,0.22805756330490112,0.4757496118545532,0.37820982933044434,0.43137407302856445,0.3178187608718872,1.2656091451644897,0.9252675771713257,1.1585068702697754,0.9975279569625854,0.6825389862060547,0.8136570453643799,0.9811872839927673,1.217582106590271,0.9784879088401794,1.1169393062591553,1.1164354085922241,1.0040427446365356,0.8858816027641296,0.9565855264663696,1.144505262374878,0.8097378015518188,1.0534956455230713,1.0499324798583984,1.005016803741455,1.3222694396972656,1.373835563659668,1.449684739112854,1.3558712005615234,1.3505361080169678,1.3469796180725098,1.3834960460662842,1.3228310346603394,1.1755940914154053,1.2202324867248535,1.3044272661209106,1.3143606185913086,1.3039923906326294,1.2174497842788696,1.3364362716674805,1.3319865465164185,1.3532865047454834,0.9988482594490051,1.3730885982513428,1.3131396770477295,1.368773102760315,1.1512278318405151,1.288003921508789,1.241387128829956,0.8614838123321533
shirt,1.0488431453704834,1.129632830619812,1.0144425630569458,0.6677034497261047,0.6667136549949646,0.5008136630058289,0.8381352424621582,1.0376592874526978,1.054739236831665,1.2672269344329834,1.1561834812164307,0.8059121370315552,0.9185276031494141,0.7359561324119568,0.9455554485321045,0.7127077579498291,0.8402459025382996,0.8837796449661255,0.8631166219711304,0.9950563311576843,0.8963849544525146,0.8853296637535095,0.846576452255249,1.158064842224121,0.22805756330490112,0.0,0.402418315410614,0.3525317907333374,0.38142335414886475,0.27619004249572754,1.2954487800598145,0.9792124629020691,1.0639277696609497,1.083913803100586,0.7262178659439087,0.8785545229911804,1.0349425077438354,1.194764494895935,1.0145713090896606,1.1936143636703491,1.0949146747589111,1.1102408170700073,0.9041195511817932,0.9543582797050476,1.1760404109954834,1.0225542783737183,1.0148131847381592,1.1030478477478027,0.9485927820205688,1.3808567523956299,1.3448586463928223,1.3856174945831299,1.3405576944351196,1.3247443437576294,1.3443613052368164,1.3792930841445923,1.2759068012237549,1.2508063316345215,1.1950715780258179,1.2681137323379517,1.2114039659500122,1.21894109249115,1.1426270008087158,1.260663390159607,1.2522084712982178,1.302492618560791,1.0937155485153198,1.306753396987915,1.2487061023712158,1.2778499126434326,1.1425288915634155,1.2417373657226562,1.248619794845581,0.9210540056228638
bib,1.0287150144577026,1.1344375610351562,0.9954190850257874,0.7370942831039429,0.7754008769989014,0.7087752819061279,0.8626379370689392,1.0621190071105957,1.0649958848953247,1.3066376447677612,1.1561107635498047,0.8887577056884766,0.94987952709198,0.8621443510055542,1.0198683738708496,0.702304482460022,0.8074193000793457,1.018874168395996,0.9747934341430664,1.0815244913101196,0.9591108560562134,0.9733806848526001,0.9291145205497742,1.1468919515609741,0.4757496118545532,0.402418315410614,0.0,0.3404700756072998,0.6085342764854431,0.5261427164077759,1.2464457750320435,0.8851789832115173,0.8536379337310791,0.9769972562789917,0.5919996500015259,0.7130156755447388,0.65410977602005,0.9617661237716675,0.8119344115257263,1.027550220489502,1.0350525379180908,0.9859347939491272,0.736402153968811,0.8327485918998718,1.114058017730713,0.8230504989624023,0.9069591760635376,1.0259162187576294,0.9649332165718079,1.322076439857483,1.3471559286117554,1.372212290763855,1.3370299339294434,1.368384599685669,1.3785713911056519,1.415647268295288,1.1343311071395874,1.0781781673431396,1.1914093494415283,1.2480992078781128,1.2420463562011719,1.2673213481903076,1.1791646480560303,1.289405107498169,1.1858354806900024,1.228202223777771,1.1046615839004517,1.316231369972229,1.191748857498169,1.2482043504714966,1.0511062145233154,1.165886640548706,1.1841984987258911,0.9794934988021851
pajamas,0.9998860359191895,1.0983072519302368,1.08233642578125,0.7527188062667847,0.7231285572052002,0.6905417442321777,0.8575514554977417,1.078484296798706,1.047272801399231,1.2718394994735718,1.1792893409729004,0.8115171194076538,0.8929226398468018,0.8502711057662964,0.9067953824996948,0.6207718849182129,0.8152794241905212,0.9195559024810791,0.903961181640625,1.0714411735534668,0.9574634432792664,1.0087295770645142,0.957935631275177,1.110084056854248,0.37820982933044434,0.3525317907333374,0.3404700756072998,0.0,0.37376880645751953,0.3477693796157837,1.1950231790542603,0.8345104455947876,0.9106086492538452,1.0295497179031372,0.5683725476264954,0.6995734572410583,0.8822116851806641,1.1822149753570557,0.8023594617843628,1.0468710660934448,1.173281192779541,1.1104613542556763,0.7353902459144592,0.9472334980964661,1.2082147598266602,0.9155436754226685,0.9501414895057678,1.0474880933761597,0.9410350322723389,1.3191523551940918,1.3567914962768555,1.416286587715149,1.3174583911895752,1.3114550113677979,1.3314242362976074,1.3840138912200928,1.2820501327514648,1.2361077070236206,1.2530548572540283,1.2896311283111572,1.3239779472351074,1.3251596689224243,1.268294334411621,1.3410346508026123,1.2912800312042236,1.2943165302276611,1.109315037727356,1.3908777236938477,1.309678554534912,1.3584473133087158,1.211122751235962,1.2918200492858887,1.2856154441833496,1.0427923202514648
