,dog,cat,fish,frog,nose,tooth,face,hair,arm,hand,finger,toe,foot,lamp,drawer,bench,chair,ladder,table,couch,bed,crib,window,door,closet,refrigerator,oven,sink,bathtub,stroller,car,hose,slide,jacket,sweater,shirt,bib,pajamas,jeans,pants,shorts,slipper,shoe,sock,mitten,glove,blanket,pillow,towel,napkin,doll,toy,tray,box,book,paper,basket,purse,vacuum,comb,shovel,hat,glasses,necklace,clock,scissors,fork,spoon,crayon,pencil,pen,knife,broom,toothbrush,gum,balloon,ball,carrot,egg,orange,pumpkin,apple,strawberry,melon,pickle,banana,flower,plant,cookie,bread,plate,bowl,tape,bottle,cup,bucket,can
dog,0.0,0.24943804740905762,0.7480297684669495,0.6434261202812195,1.0157830715179443,1.0138466358184814,0.8069074749946594,0.8772962093353271,1.0618864297866821,1.0672444105148315,1.1207351684570312,1.0542759895324707,0.9932603240013123,1.1166938543319702,1.180896282196045,1.0077444314956665,1.0018975734710693,1.0001667737960815,0.9914336800575256,0.8631986379623413,0.914861261844635,0.9479365348815918,1.0290579795837402,1.0110397338867188,0.9871765971183777,1.0458171367645264,1.028788685798645,1.1286215782165527,1.0880025625228882,0.8574554920196533,0.8257402181625366,1.1379913091659546,1.0011390447616577,0.9734261631965637,0.9037647247314453,0.9038981199264526,1.0192996263504028,0.893429696559906,0.8549729585647583,0.8949933648109436,0.9639548063278198,0.9901519417762756,0.983632504940033,0.9222539663314819,0.8785287141799927,0.9754263162612915,0.9417716264724731,0.9924122095108032,1.1237882375717163,1.1684386730194092,0.7225801944732666,0.9218649864196777,1.1479201316833496,1.1246976852416992,1.006889820098877,1.0884202718734741,1.131323218345642,1.0512299537658691,0.9637229442596436,1.1406512260437012,1.149497628211975,0.9177886247634888,0.9576539397239685,1.1455491781234741,1.0426170825958252,1.090644121170044,1.1713621616363525,1.2049883604049683,1.0692024230957031,1.10783851146698,1.1368529796600342,1.1317769289016724,1.085639476776123,1.182915449142456,1.0858511924743652,0.9866244792938232,1.026699185371399,0.9448896646499634,1.0230108499526978,0.9808465838432312,0.8433735370635986,0.9640592336654663,0.9983410835266113,0.8615399599075317,0.9716416597366333,0.9383206367492676,0.9803833961486816,1.0413057804107666,0.9301042556762695,0.9158065319061279,1.1288721561431885,1.1604840755462646,1.1099684238433838,1.083524465560913,1.152420997619629,1.1289026737213135,1.0528998374938965
cat,0.24943804740905762,0.0,0.6947517395019531,0.7804985046386719,0.9782255291938782,1.0023727416992188,0.8275696039199829,0.8043696880340576,0.9948087334632874,1.0191947221755981,1.0993696451187134,1.0631983280181885,0.9672563672065735,1.0584723949432373,1.1282529830932617,0.9396308660507202,0.9757879972457886,1.0108474493026733,0.9699388146400452,0.8200762867927551,0.8535707592964172,0.9101384282112122,0.9380108714103699,0.9156076312065125,0.9224554300308228,1.0669293403625488,0.9938411116600037,1.0730173587799072,0.9904094338417053,0.96197509765625,0.8516297936439514,1.1107187271118164,0.9874466061592102,0.9197689294815063,0.8736371994018555,0.8934964537620544,0.9871247410774231,0.8967427015304565,0.8301951885223389,0.8549858331680298,0.9306110143661499,0.9383794069290161,0.9527734518051147,0.8781971335411072,0.834420382976532,0.9356455206871033,0.860532820224762,0.9005962014198303,1.0373256206512451,1.0820622444152832,0.9143767952919006,1.0676367282867432,1.1541351079940796,1.1014851331710815,1.048157811164856,1.0355339050292969,1.055996060371399,1.0196093320846558,0.9718549251556396,1.087406873703003,1.1503840684890747,0.8703331351280212,0.9708122611045837,1.1366993188858032,1.1266436576843262,1.0985027551651,1.0870909690856934,1.1484884023666382,1.096232533454895,1.0762896537780762,1.0834074020385742,1.0328556299209595,1.0667747259140015,1.153673768043518,1.0885167121887207,1.0994125604629517,1.0733397006988525,1.0123569965362549,1.0858622789382935,1.0713751316070557,0.9092724323272705,1.0620256662368774,1.1013511419296265,0.8602002859115601,0.9977137446403503,1.0005319118499756,1.0020878314971924,1.0218415260314941,1.0076370239257812,0.9721998572349548,1.120326042175293,1.1855370998382568,1.1858348846435547,1.1239763498306274,1.2163591384887695,1.1552927494049072,1.0607331991195679
fish,0.7480297684669495,0.6947517395019531,0.0,0.6563637852668762,1.0119680166244507,0.8724556565284729,0.9851815700531006,1.0401219129562378,1.0891075134277344,0.9977908730506897,1.0309616327285767,1.0718696117401123,1.0770267248153687,0.930255651473999,1.1818106174468994,1.1579638719558716,1.1806179285049438,1.17890465259552,1.0761032104492188,1.1068439483642578,1.1258249282836914,1.1067962646484375,1.0791611671447754,1.1127625703811646,1.0963326692581177,1.09601891040802,1.154294729232788,1.0339924097061157,1.108705997467041,1.1082231998443604,0.9174928665161133,1.1766546964645386,1.1191767454147339,1.1150014400482178,1.0824837684631348,1.0839428901672363,1.0810645818710327,1.1158863306045532,1.0952754020690918,1.1574442386627197,1.1563212871551514,1.004544973373413,1.0433467626571655,1.0572710037231445,0.9946597814559937,0.9307645559310913,1.0870636701583862,1.073106288909912,1.086290955543518,1.063820242881775,1.0092753171920776,0.9886280298233032,0.9821608662605286,1.1524767875671387,0.9726475477218628,1.0124046802520752,1.0697005987167358,1.1157561540603638,1.130408763885498,0.9728843569755554,1.1077300310134888,0.9820051193237305,1.02860689163208,1.0815116167068481,0.9445962309837341,1.0111720561981201,0.8926334381103516,0.9605083465576172,0.8654605150222778,0.945620596408844,0.9655439853668213,0.9316737055778503,1.105086326599121,0.9324842691421509,0.7240204811096191,0.8448299169540405,0.8666708469390869,0.739257276058197,0.9015851020812988,0.823400616645813,0.7782410383224487,0.8517258763313293,0.8667852878570557,0.6667913198471069,0.8024259805679321,0.8042801022529602,0.7813637852668762,0.9558671712875366,0.8626039028167725,0.8085425496101379,0.8207950592041016,0.9807532429695129,1.0662155151367188,1.0960538387298584,1.1295275688171387,1.1006604433059692,1.1481190919876099
frog,0.6434261202812195,0.7804985046386719,0.6563637852668762,0.0,0.9442839622497559,0.912683367729187,0.9095644950866699,1.0683584213256836,1.2093408107757568,1.0278230905532837,0.9812333583831787,0.9658930897712708,1.0099451541900635,1.1137852668762207,1.1902390718460083,1.2566206455230713,1.2759780883789062,1.1818513870239258,1.2438260316848755,1.1743708848953247,1.1966043710708618,1.2279988527297974,1.1086945533752441,1.141943335533142,1.1777186393737793,1.1808136701583862,1.2586417198181152,1.2232515811920166,1.2281582355499268,0.9928245544433594,0.8442699313163757,1.2512249946594238,1.1567186117172241,1.1724371910095215,1.1736036539077759,1.1438922882080078,1.216549038887024,1.1841057538986206,1.1692938804626465,1.222738265991211,1.1678661108016968,0.8866124153137207,1.0336130857467651,1.0615445375442505,0.9202072024345398,0.865936815738678,1.1865309476852417,1.0869694948196411,1.0820590257644653,1.0889637470245361,0.7107172012329102,0.7091571092605591,1.1570414304733276,1.1396396160125732,0.9982476234436035,1.131075143814087,1.1850454807281494,1.1492857933044434,1.213038444519043,1.098496437072754,1.099034309387207,0.8550959825515747,0.8260204792022705,1.0960196256637573,0.8917272686958313,0.9678664803504944,1.0441124439239502,1.0464476346969604,0.8036179542541504,0.8939788341522217,0.9220734238624573,0.9993753433227539,1.0227826833724976,1.0738756656646729,0.8204323649406433,0.7495640516281128,0.8152403831481934,0.7324225306510925,0.8350862264633179,0.7619504332542419,0.59800124168396,0.6387547850608826,0.6815135478973389,0.5602924823760986,0.5003749132156372,0.6555168032646179,0.7378585338592529,0.8224480152130127,0.777245044708252,0.8053364753723145,0.9923225045204163,1.106250524520874,0.9032262563705444,0.9482226967811584,1.028692603111267,1.1245819330215454,1.204710602760315
nose,1.0157830715179443,0.9782255291938782,1.0119680166244507,0.9442839622497559,0.0,0.3523789048194885,0.43018871545791626,0.6385011672973633,0.9555574059486389,0.6383368968963623,0.4296724796295166,0.41846024990081787,0.6281792521476746,0.9658679366111755,1.1319799423217773,1.271067500114441,1.282918930053711,1.229022741317749,1.3319928646087646,1.194934368133545,1.2556092739105225,1.186724066734314,1.0378015041351318,1.1284359693527222,1.1898717880249023,1.2857613563537598,1.292863130569458,1.269784688949585,1.2395820617675781,1.1525332927703857,0.9984267354011536,1.1441824436187744,1.2681605815887451,1.1865248680114746,1.04925537109375,1.0114362239837646,1.039768934249878,1.130658745765686,1.0978789329528809,1.0610814094543457,0.9351540207862854,0.8481404185295105,1.0388869047164917,0.9358643293380737,1.0378340482711792,1.004662275314331,1.2392938137054443,1.0822336673736572,1.1455535888671875,1.0894571542739868,0.9882398843765259,1.1676257848739624,1.3753795623779297,1.1868340969085693,1.2040964365005493,1.1618690490722656,1.2417312860488892,1.2734304666519165,1.285266399383545,1.0409505367279053,1.1928839683532715,0.842609167098999,0.3428112864494324,0.663407564163208,1.0888991355895996,1.1726725101470947,0.9639019966125488,1.019062876701355,0.7248902320861816,0.7658175230026245,0.7957876324653625,0.934490978717804,1.035044550895691,0.9404352307319641,0.7981844544410706,0.8109384775161743,0.7684022188186646,0.6976420283317566,0.6768184900283813,0.7936521768569946,0.8326971530914307,0.7742527723312378,0.871269166469574,1.0471174716949463,0.7465713620185852,0.8778164386749268,0.9889611601829529,1.0628288984298706,0.9402331709861755,0.907534122467041,1.1787410974502563,1.2302160263061523,1.0727015733718872,0.9814063906669617,1.0981452465057373,1.2215354442596436,1.1558958292007446
tooth,1.0138466358184814,1.0023727416992188,0.8724556565284729,0.912683367729187,0.3523789048194885,0.0,0.7271662950515747,0.799882173538208,1.0261855125427246,0.7777811288833618,0.43278324604034424,0.446897029876709,0.6620879173278809,1.0025463104248047,1.2213852405548096,1.2476463317871094,1.3327364921569824,1.2943319082260132,1.3593207597732544,1.280263900756836,1.3071523904800415,1.2836897373199463,1.1300089359283447,1.1839613914489746,1.2504100799560547,1.3672608137130737,1.3200613260269165,1.3134360313415527,1.2596701383590698,1.2130017280578613,0.9620314836502075,1.1931085586547852,1.24091637134552,1.22992742061615,1.1034235954284668,1.046704888343811,1.1441967487335205,1.1831119060516357,1.0652515888214111,1.078351616859436,0.96198570728302,0.771521806716919,1.0409578084945679,0.9883325099945068,1.154137134552002,1.0517818927764893,1.299328088760376,1.1177105903625488,1.2110726833343506,1.128741979598999,1.1932294368743896,1.239920735359192,1.362351655960083,1.272702932357788,1.2319977283477783,1.1716434955596924,1.2308354377746582,1.301269292831421,1.3352813720703125,0.9106546640396118,1.1263773441314697,0.940003514289856,0.46846485137939453,0.6727827191352844,1.0319850444793701,1.129653811454773,0.8200672268867493,0.9629221558570862,0.47742003202438354,0.5649640560150146,0.6040018200874329,0.7429120540618896,0.9453116059303284,0.8254061937332153,0.6434470415115356,0.7897640466690063,0.7337095141410828,0.5791860818862915,0.6424268484115601,0.7367884516716003,0.7845662236213684,0.6850992441177368,0.7728234529495239,1.0501062870025635,0.5947737693786621,0.7122463583946228,0.9619886875152588,1.0293729305267334,0.8802958130836487,0.7994310259819031,1.0994316339492798,1.2523962259292603,0.9399858713150024,0.9679527282714844,1.131048321723938,1.2359613180160522,1.2033557891845703
face,0.8069074749946594,0.8275696039199829,0.9851815700531006,0.9095644950866699,0.43018871545791626,0.7271662950515747,0.0,0.3558011054992676,0.788280189037323,0.6999688148498535,0.7671632766723633,0.7128022909164429,0.7827265858650208,1.1199508905410767,1.175397276878357,1.0322109460830688,1.0812814235687256,1.0502585172653198,0.9949274063110352,0.9218214750289917,0.9310745000839233,0.9694638848304749,1.0104020833969116,1.0527749061584473,0.9817631244659424,1.0523253679275513,1.0030418634414673,1.0738588571548462,1.0446892976760864,0.9985673427581787,0.9175776243209839,1.063550591468811,1.019335150718689,0.9456307291984558,0.7422440648078918,0.6502286791801453,0.7567902207374573,0.7522319555282593,0.7291500568389893,0.7431647777557373,0.7280805110931396,1.0898061990737915,1.011918306350708,0.9110035300254822,1.0066871643066406,1.1038331985473633,1.0012202262878418,1.0939137935638428,1.2618660926818848,1.2711735963821411,0.8497512340545654,1.0330644845962524,1.151381254196167,1.1654794216156006,1.0113660097122192,1.0329023599624634,1.2055432796478271,1.1215945482254028,0.9573331475257874,1.159457802772522,1.2298884391784668,0.7998809814453125,0.5430384874343872,0.8707009553909302,1.1631368398666382,1.182848334312439,1.2100718021392822,1.249562382698059,1.1536335945129395,1.1731839179992676,1.206835389137268,1.2156997919082642,1.2215454578399658,1.1356713771820068,1.1001319885253906,1.0632624626159668,1.095719337463379,0.9918346405029297,1.026777982711792,1.067116141319275,1.0240434408187866,1.0396264791488647,1.0891902446746826,0.9675672650337219,0.9868869781494141,1.0900336503982544,1.1050969362258911,1.17354416847229,1.1149746179580688,1.105128288269043,1.197359323501587,1.2393109798431396,1.3165162801742554,1.2003710269927979,1.2300232648849487,1.2460708618164062,1.1372544765472412
hair,0.8772962093353271,0.8043696880340576,1.0401219129562378,1.0683584213256836,0.6385011672973633,0.799882173538208,0.3558011054992676,0.0,0.7349456548690796,0.7738033533096313,0.8449158668518066,0.8078494668006897,0.7981306314468384,1.113293170928955,1.1160831451416016,0.9502015113830566,0.9744184613227844,1.0103753805160522,0.9732453227043152,0.8941277265548706,0.9329175353050232,0.9829202890396118,0.9806022047996521,0.9882051944732666,0.9370465278625488,1.0678256750106812,0.9862135648727417,1.0362682342529297,1.0103493928909302,1.0001238584518433,0.9505822658538818,1.0162756443023682,1.0408543348312378,0.8468401432037354,0.7802125811576843,0.624014675617218,0.7823128700256348,0.718373715877533,0.6618025302886963,0.6764423251152039,0.6719397306442261,1.0508458614349365,0.9316921830177307,0.876088559627533,0.9957501292228699,1.085111141204834,0.988095760345459,1.040717363357544,1.209397315979004,1.2642641067504883,0.9922835826873779,1.1531286239624023,1.1720259189605713,1.1573224067687988,1.0101276636123657,1.0412625074386597,1.1275883913040161,1.0278643369674683,0.9316107630729675,1.0044134855270386,1.1878125667572021,0.652395486831665,0.6689448952674866,0.796083927154541,1.2292919158935547,1.1029146909713745,1.1698309183120728,1.240433692932129,1.1788333654403687,1.1666772365570068,1.171608567237854,1.1313034296035767,1.1718769073486328,1.0964832305908203,1.1456379890441895,1.140974521636963,1.130960464477539,1.0444729328155518,1.103583574295044,1.152224063873291,1.0996795892715454,1.1080204248428345,1.1881214380264282,0.9827497005462646,1.0167173147201538,1.1416144371032715,1.0799263715744019,1.0817015171051025,1.19386625289917,1.1613422632217407,1.2265006303787231,1.253004789352417,1.3403174877166748,1.15388023853302,1.275442361831665,1.2293686866760254,1.120247721672058
arm,1.0618864297866821,0.9948087334632874,1.0891075134277344,1.2093408107757568,0.9555574059486389,1.0261855125427246,0.788280189037323,0.7349456548690796,0.0,0.4427492618560791,0.7182984948158264,0.7425899505615234,0.6415294408798218,1.075795292854309,0.999464213848114,0.7855685949325562,0.845445454120636,0.8851191401481628,0.7091917991638184,0.776115894317627,0.780161440372467,0.9251376986503601,0.9377837777137756,0.9250533580780029,0.8937054872512817,0.9520399570465088,0.822532057762146,0.8461211323738098,0.8386752605438232,1.1707278490066528,1.1498384475708008,0.8161996006965637,0.8656678199768066,0.8210910558700562,0.6168397665023804,0.5132481455802917,0.5967297554016113,0.6198702454566956,0.6098583936691284,0.5607673525810242,0.5725122094154358,1.1904234886169434,1.0449475049972534,0.5623777508735657,0.8097342252731323,0.7616472244262695,0.8207722902297974,0.8444868922233582,1.066756248474121,1.0131735801696777,1.1750191450119019,1.1927937269210815,1.0152242183685303,1.0287399291992188,0.967130184173584,0.7942390441894531,1.1633020639419556,1.004311442375183,0.7852910161018372,1.065710186958313,1.0771116018295288,1.1691603660583496,1.0728652477264404,0.8031653165817261,1.2149507999420166,1.029127836227417,1.1290255784988403,1.1473428010940552,1.2138969898223877,1.1861118078231812,1.1858423948287964,1.0179286003112793,1.1213645935058594,0.8537978529930115,1.2149852514266968,1.3302490711212158,1.34441077709198,1.0482089519500732,1.2483986616134644,1.297611951828003,1.3172979354858398,1.257245421409607,1.3070459365844727,1.0097415447235107,1.1586463451385498,1.202438235282898,1.2051303386688232,1.1922839879989624,1.3236091136932373,1.222225308418274,1.1910938024520874,1.2297362089157104,1.3277848958969116,1.2524874210357666,1.204578161239624,1.1745548248291016,0.9618220329284668
hand,1.0672444105148315,1.0191947221755981,0.9977908730506897,1.0278230905532837,0.6383368968963623,0.7777811288833618,0.6999688148498535,0.7738033533096313,0.4427492618560791,0.0,0.26274240016937256,0.3604375123977661,0.44544148445129395,1.1284469366073608,1.0999014377593994,1.1289725303649902,1.0810117721557617,1.1009135246276855,1.069968581199646,1.073620080947876,1.0959619283676147,1.0736347436904907,1.0712378025054932,1.1122004985809326,1.1384167671203613,1.1314830780029297,1.1377753019332886,1.0640859603881836,1.1075390577316284,1.1779170036315918,1.1211293935775757,0.9949566721916199,1.1539766788482666,1.0699712038040161,0.8815765976905823,0.8797664642333984,0.8920449018478394,0.9479101896286011,0.9106550216674805,0.9208202958106995,0.8764995336532593,0.9037689566612244,0.9062850475311279,0.5858851671218872,0.6157004833221436,0.5028485059738159,1.0666438341140747,0.9992592930793762,1.1189122200012207,1.06765615940094,0.9947033524513245,1.0447560548782349,1.0798972845077515,1.1016182899475098,0.9930183291435242,0.9465379118919373,1.1748523712158203,1.1266218423843384,1.128922700881958,1.0448826551437378,1.0779591798782349,1.0617189407348633,0.8476563692092896,0.7293553948402405,1.1784297227859497,0.9692391753196716,0.9951537251472473,1.0277584791183472,1.0415828227996826,1.064548373222351,1.0684418678283691,1.007344365119934,1.2163455486297607,0.7885308265686035,0.8722183704376221,1.1066609621047974,1.1177676916122437,0.8605556488037109,1.033341646194458,1.1216903924942017,1.0813127756118774,1.0322091579437256,1.0794780254364014,0.8924946188926697,0.9542906880378723,1.0212390422821045,1.061942219734192,1.140576958656311,1.134218692779541,1.0795745849609375,1.1157265901565552,1.1287553310394287,1.1732064485549927,1.1852420568466187,1.1202574968338013,1.1936259269714355,1.1250485181808472
finger,1.1207351684570312,1.0993696451187134,1.0309616327285767,0.9812333583831787,0.4296724796295166,0.43278324604034424,0.7671632766723633,0.8449158668518066,0.7182984948158264,0.26274240016937256,0.0,0.09649616479873657,0.34769362211227417,1.106928825378418,1.1375470161437988,1.2842607498168945,1.2686891555786133,1.2830432653427124,1.3687071800231934,1.2707005739212036,1.319146752357483,1.3007087707519531,1.1477866172790527,1.1788103580474854,1.2949851751327515,1.3257771730422974,1.3473974466323853,1.3389296531677246,1.2907583713531494,1.2115578651428223,1.080466628074646,1.1988812685012817,1.3102107048034668,1.2570139169692993,1.070099115371704,1.0737218856811523,1.1642041206359863,1.1757104396820068,1.0441724061965942,1.056316614151001,0.9203221201896667,0.67046058177948,0.9774259328842163,0.7174779772758484,0.836348831653595,0.7211270332336426,1.3164465427398682,1.0640740394592285,1.1866450309753418,1.0976804494857788,1.1090600490570068,1.191947340965271,1.3806588649749756,1.2065207958221436,1.209407925605774,1.1437501907348633,1.24906325340271,1.3046848773956299,1.3409464359283447,0.998514711856842,1.0657877922058105,0.9248701930046082,0.626160204410553,0.7193165421485901,1.1165659427642822,1.0828102827072144,0.8523164987564087,0.9495501518249512,0.6065199375152588,0.6893807053565979,0.7045378684997559,0.7838885188102722,0.9963001012802124,0.8337728977203369,0.7365216016769409,0.8369146585464478,0.7940475940704346,0.5786454677581787,0.6723161935806274,0.7924331426620483,0.8278400897979736,0.7279592752456665,0.7872214317321777,1.029793381690979,0.6760376691818237,0.802850604057312,0.9697562456130981,1.0277280807495117,0.9442285895347595,0.845708429813385,1.1737345457077026,1.259426474571228,0.9950283169746399,0.9749887585639954,1.1020535230636597,1.2065538167953491,1.1515647172927856
toe,1.0542759895324707,1.0631983280181885,1.0718696117401123,0.9658930897712708,0.41846024990081787,0.446897029876709,0.7128022909164429,0.8078494668006897,0.7425899505615234,0.3604375123977661,0.09649616479873657,0.0,0.1452234983444214,1.1426764726638794,1.1812607049942017,1.3004496097564697,1.2559722661972046,1.2543398141860962,1.3780593872070312,1.2379525899887085,1.2842918634414673,1.2915796041488647,1.1934577226638794,1.206950068473816,1.291059970855713,1.3273831605911255,1.3492319583892822,1.352752447128296,1.284632921218872,1.1394610404968262,1.090463399887085,1.2151907682418823,1.3215975761413574,1.2586643695831299,1.0753885507583618,1.0522431135177612,1.1429482698440552,1.0996358394622803,0.9625322818756104,0.9726070165634155,0.8737724423408508,0.46545398235321045,0.7418416738510132,0.5385807156562805,0.7857210636138916,0.7344362735748291,1.3032809495925903,1.0654007196426392,1.1796354055404663,1.1214603185653687,1.0722750425338745,1.2067562341690063,1.4231832027435303,1.2342567443847656,1.228515625,1.208857536315918,1.2803113460540771,1.2684381008148193,1.27634596824646,1.0614103078842163,1.034817099571228,0.9046673774719238,0.6081941723823547,0.7404428720474243,1.1142562627792358,1.1225451231002808,0.9265313148498535,0.993415355682373,0.682400107383728,0.770309567451477,0.7859252095222473,0.8620287775993347,0.9894906878471375,0.9464709758758545,0.817738950252533,0.8721141815185547,0.8109874129295349,0.6453570127487183,0.6941338181495667,0.8173931837081909,0.8335402607917786,0.7642234563827515,0.7937107682228088,1.068844199180603,0.7172515392303467,0.8109323382377625,0.9775789976119995,1.0288866758346558,0.9403014183044434,0.8450426459312439,1.2198092937469482,1.2755122184753418,1.038269281387329,0.9696245789527893,1.1134319305419922,1.204786777496338,1.1617684364318848
foot,0.9932603240013123,0.9672563672065735,1.0770267248153687,1.0099451541900635,0.6281792521476746,0.6620879173278809,0.7827265858650208,0.7981306314468384,0.6415294408798218,0.44544148445129395,0.34769362211227417,0.1452234983444214,0.0,1.1613541841506958,1.1045937538146973,1.118470311164856,1.0789614915847778,1.1244655847549438,1.2237176895141602,1.0692142248153687,1.1099133491516113,1.1941819190979004,1.146011471748352,1.1291732788085938,1.1862430572509766,1.241241216659546,1.240103006362915,1.2231550216674805,1.157375454902649,1.0287309885025024,1.1160129308700562,1.149528980255127,1.2540199756622314,1.1190788745880127,1.0061922073364258,0.9569588899612427,1.0113688707351685,0.9221338629722595,0.7777746915817261,0.7752518057823181,0.7520692944526672,0.35285133123397827,0.48060476779937744,0.31091296672821045,0.7194021940231323,0.6949402093887329,1.121808409690857,0.9305604696273804,1.0555499792099,1.037221908569336,1.0883028507232666,1.2126785516738892,1.281243085861206,1.1283061504364014,1.1429187059402466,1.1048802137374878,1.182485818862915,1.1055434942245483,1.1076470613479614,1.0889900922775269,0.9862160086631775,0.9751719832420349,0.739962100982666,0.7905433773994446,1.152213215827942,1.068091869354248,0.9917483925819397,1.0392769575119019,0.881453275680542,0.9388632774353027,0.9450340867042542,0.8972160816192627,0.9955770969390869,0.9835565686225891,0.9496696591377258,1.1014225482940674,1.0609709024429321,0.7545846700668335,0.9385874271392822,1.032865047454834,0.9914200305938721,0.9994668364524841,0.990118145942688,1.0495936870574951,0.875891923904419,0.8871155381202698,1.0577913522720337,1.1006489992141724,1.079787254333496,0.9497352838516235,1.1912891864776611,1.249194860458374,1.1175988912582397,1.0641303062438965,1.1542673110961914,1.1812840700149536,1.0987688302993774
lamp,1.1166938543319702,1.0584723949432373,0.930255651473999,1.1137852668762207,0.9658679366111755,1.0025463104248047,1.1199508905410767,1.113293170928955,1.075795292854309,1.1284469366073608,1.106928825378418,1.1426764726638794,1.1613541841506958,0.0,0.9497753381729126,0.9598086476325989,0.9256100654602051,0.9493753910064697,0.887869119644165,1.0434818267822266,1.05518639087677,1.037405014038086,0.6547462344169617,0.8461834788322449,0.9206869602203369,0.9618585705757141,0.9806138873100281,0.8476138710975647,0.8592902421951294,1.23646080493927,1.0067460536956787,0.8697900772094727,0.9866722226142883,1.1497912406921387,1.0622303485870361,1.1254770755767822,1.0859447717666626,1.1752986907958984,1.1626408100128174,1.14142906665802,1.1470569372177124,1.1510255336761475,1.1782959699630737,1.1039775609970093,1.0977779626846313,1.1373904943466187,1.0711101293563843,1.0584869384765625,1.0025306940078735,0.8544973731040955,1.1466087102890015,1.0954667329788208,0.9977759718894958,1.0057880878448486,1.079129695892334,0.8990582227706909,0.8433665633201599,1.1919609308242798,1.0017718076705933,0.870907723903656,1.0041056871414185,1.0439633131027222,1.0829898118972778,1.0120880603790283,0.8165748715400696,1.0624902248382568,0.8522855043411255,0.8345398306846619,1.0054078102111816,0.9339604377746582,0.9308604001998901,0.9335829615592957,0.95624178647995,0.9253954291343689,0.8319180011749268,0.8258947134017944,0.8378139734268188,1.0459040403366089,0.783078670501709,0.8832067251205444,1.03323495388031,0.9523651599884033,1.0671823024749756,0.9505153298377991,1.0590007305145264,1.0286898612976074,0.9213278293609619,0.8986420631408691,0.8925468325614929,1.016973614692688,0.7777441740036011,0.7802245020866394,0.8065754771232605,0.9842014312744141,0.8708001971244812,0.8859028220176697,0.8356146216392517
drawer,1.180896282196045,1.1282529830932617,1.1818106174468994,1.1902390718460083,1.1319799423217773,1.2213852405548096,1.175397276878357,1.1160831451416016,0.999464213848114,1.0999014377593994,1.1375470161437988,1.1812607049942017,1.1045937538146973,0.9497753381729126,0.0,0.3976781368255615,0.6500267386436462,0.623409628868103,0.8056954145431519,0.6417440176010132,0.7426215410232544,0.7839828729629517,0.8023077249526978,0.588327169418335,0.6858795881271362,0.6690675020217896,0.6979233026504517,0.830181360244751,0.7803716659545898,0.9833385348320007,1.0099910497665405,0.961832582950592,0.8419632911682129,1.0015071630477905,1.113531231880188,1.1534613370895386,1.100327968597412,1.1197675466537476,1.077168583869934,1.0594762563705444,1.1086581945419312,1.0740900039672852,1.0484888553619385,1.0860860347747803,1.104600429534912,1.0945419073104858,0.9089546203613281,0.7968406081199646,0.8571983575820923,0.7709771394729614,1.095339298248291,1.0643954277038574,0.7153207063674927,0.1987168788909912,0.872844398021698,0.7112162709236145,0.6591193675994873,0.7734951972961426,0.8889414668083191,0.9078731536865234,0.9219331741333008,1.1730763912200928,1.132014274597168,1.095072865486145,1.0792521238327026,0.9999651908874512,0.9567276835441589,1.0303144454956055,1.1252530813217163,0.9875284433364868,0.9683341383934021,0.8902438282966614,0.8805903196334839,1.0841602087020874,1.1720134019851685,1.201865792274475,1.2084519863128662,1.1432032585144043,1.215876817703247,1.1772801876068115,1.1314480304718018,1.176851749420166,1.110727071762085,1.1612532138824463,1.2295362949371338,1.1516450643539429,1.1289515495300293,1.017230749130249,1.1784402132034302,1.111907720565796,1.0250154733657837,0.9875129461288452,1.0046167373657227,1.0970244407653809,1.0086669921875,0.8851242661476135,0.7892756462097168
bench,1.0077444314956665,0.9396308660507202,1.1579638719558716,1.2566206455230713,1.271067500114441,1.2476463317871094,1.0322109460830688,0.9502015113830566,0.7855685949325562,1.1289725303649902,1.2842607498168945,1.3004496097564697,1.118470311164856,0.9598086476325989,0.3976781368255615,0.0,0.38407230377197266,0.579122006893158,0.48788613080978394,0.3410419225692749,0.37229210138320923,0.5967980027198792,0.7986807823181152,0.6081762909889221,0.6298320293426514,0.7772331237792969,0.5825402736663818,0.715898871421814,0.5799420475959778,0.936911940574646,0.9500035643577576,0.8213816285133362,0.5663273334503174,0.7116668224334717,0.7667809724807739,0.7579397559165955,0.8566163778305054,0.7578846216201782,0.6529180407524109,0.6719444394111633,0.7706198692321777,1.1877644062042236,1.0240201950073242,0.9035342335700989,1.0559797286987305,1.1505146026611328,0.5600458979606628,0.6270847320556641,0.9149814248085022,0.9460182189941406,1.1693625450134277,1.1067335605621338,0.7153171300888062,0.5325535535812378,0.8696820139884949,0.7313222885131836,0.7569507956504822,0.7795026898384094,0.6481479406356812,1.0145177841186523,0.9792981147766113,1.1209218502044678,1.223388671875,1.165224552154541,1.211458444595337,1.08738112449646,1.2090535163879395,1.2629408836364746,1.2918503284454346,1.1942448616027832,1.1900113821029663,1.0394532680511475,0.9911803603172302,1.1609493494033813,1.3461090326309204,1.3275370597839355,1.343550682067871,1.232827067375183,1.4007905721664429,1.3693691492080688,1.2818987369537354,1.3560155630111694,1.3814268112182617,1.138336181640625,1.3294123411178589,1.3125181198120117,1.2978250980377197,1.1727944612503052,1.4087876081466675,1.3180629014968872,1.1297506093978882,1.0837408304214478,1.1970536708831787,1.3010027408599854,1.1672918796539307,0.9822251796722412,0.8224539160728455
chair,1.0018975734710693,0.9757879972457886,1.1806179285049438,1.2759780883789062,1.282918930053711,1.3327364921569824,1.0812814235687256,0.9744184613227844,0.845445454120636,1.0810117721557617,1.2686891555786133,1.2559722661972046,1.0789614915847778,0.9256100654602051,0.6500267386436462,0.38407230377197266,0.0,0.2668524980545044,0.45830845832824707,0.37136125564575195,0.48851704597473145,0.5513700842857361,0.7381923198699951,0.6350388526916504,0.6017192006111145,0.7056688070297241,0.7150570154190063,0.8024094104766846,0.7676682472229004,0.66781085729599,1.0616902112960815,0.7766883969306946,0.6777166128158569,0.7385598421096802,0.7741784453392029,0.8149210214614868,0.8389420509338379,0.7419794797897339,0.6725752949714661,0.6869139671325684,0.8445619344711304,1.1708920001983643,0.9554622769355774,0.9093697667121887,1.0475026369094849,1.1624823808670044,0.6846196055412292,0.7192209959030151,0.940636157989502,1.0246859788894653,1.0286332368850708,1.0402759313583374,0.8107696771621704,0.7111314535140991,0.8646272420883179,0.9206632375717163,0.7416404485702515,0.6812098026275635,0.5167748928070068,1.0960224866867065,0.897985577583313,1.0978556871414185,1.2425742149353027,1.07378351688385,1.18007230758667,0.9403907060623169,1.1113334894180298,1.120718240737915,1.3912559747695923,1.3276028633117676,1.3135138750076294,1.143731713294983,0.9217711687088013,1.1626569032669067,1.39017915725708,1.3493733406066895,1.379576325416565,1.2586932182312012,1.4343624114990234,1.4117786884307861,1.2802391052246094,1.3814632892608643,1.3234632015228271,1.1542526483535767,1.4251289367675781,1.3449534177780151,1.1871825456619263,1.06145179271698,1.3545801639556885,1.3347337245941162,1.0995073318481445,1.0483548641204834,1.2588562965393066,1.1802234649658203,1.0467188358306885,0.9159033298492432,0.7950364947319031
ladder,1.0001667737960815,1.0108474493026733,1.17890465259552,1.1818513870239258,1.229022741317749,1.2943319082260132,1.0502585172653198,1.0103753805160522,0.8851191401481628,1.1009135246276855,1.2830432653427124,1.2543398141860962,1.1244655847549438,0.9493753910064697,0.623409628868103,0.579122006893158,0.2668524980545044,0.0,0.5704078674316406,0.5750367641448975,0.6269550919532776,0.4944886565208435,0.6892157793045044,0.6598132848739624,0.604554295539856,0.683522641658783,0.7415780425071716,0.8515307903289795,0.8071715831756592,0.7589319348335266,1.0930229425430298,0.7858003377914429,0.5947691202163696,0.9110316038131714,0.8936365246772766,0.9266581535339355,0.9305174350738525,0.8618579506874084,0.8198376893997192,0.850733757019043,1.000108242034912,1.258426308631897,1.018231987953186,0.9867100715637207,1.0567665100097656,1.1764283180236816,0.8071978092193604,0.9526938796043396,1.0113836526870728,1.0343632698059082,0.9885442852973938,0.9500886797904968,0.7997536063194275,0.650930643081665,0.8511227369308472,0.8837369680404663,0.7249411344528198,0.8716155290603638,0.5296062231063843,1.0196064710617065,0.8902926445007324,1.197868824005127,1.185976505279541,1.0506722927093506,1.1546210050582886,0.9145991206169128,1.0778741836547852,1.0987603664398193,1.3347337245941162,1.240470051765442,1.2518928050994873,1.1443634033203125,0.8792555928230286,1.0703165531158447,1.3530209064483643,1.3039836883544922,1.328476071357727,1.2822375297546387,1.3780086040496826,1.348787784576416,1.2932488918304443,1.3149218559265137,1.2487003803253174,1.1185232400894165,1.3718278408050537,1.2975536584854126,1.102095127105713,0.9995803833007812,1.2465941905975342,1.2249622344970703,1.105631709098816,1.0303070545196533,1.2321281433105469,1.1967847347259521,1.0781006813049316,0.9946896433830261,0.9233092069625854
table,0.9914336800575256,0.9699388146400452,1.0761032104492188,1.2438260316848755,1.3319928646087646,1.3593207597732544,0.9949274063110352,0.9732453227043152,0.7091917991638184,1.069968581199646,1.3687071800231934,1.3780593872070312,1.2237176895141602,0.887869119644165,0.8056954145431519,0.48788613080978394,0.45830845832824707,0.5704078674316406,0.0,0.511269748210907,0.46152830123901367,0.6449369788169861,0.7761181592941284,0.7346551418304443,0.6974202990531921,0.6017990112304688,0.5604438185691833,0.5053957104682922,0.5107600688934326,1.0841902494430542,1.1221787929534912,0.748153567314148,0.5125157237052917,0.8132196664810181,0.6158238649368286,0.6587335467338562,0.6554542183876038,0.6582984924316406,0.7011600732803345,0.7568330764770508,0.8908063173294067,1.4052889347076416,1.133702278137207,0.9921700954437256,1.0238349437713623,1.203952670097351,0.6503288745880127,1.0237476825714111,1.0397834777832031,0.9787934422492981,1.0884881019592285,0.9530747532844543,0.5598345994949341,0.8030390739440918,0.7432898283004761,0.6074273586273193,0.90514075756073,0.9290469288825989,0.5254822373390198,1.1833394765853882,1.029741644859314,1.2105779647827148,1.3238672018051147,1.1837077140808105,1.150481939315796,1.031148076057434,1.213672161102295,1.1380434036254883,1.4772002696990967,1.4102489948272705,1.4015400409698486,1.2754393815994263,1.15426766872406,1.0831431150436401,1.2838115692138672,1.2959227561950684,1.340087652206421,1.4079358577728271,1.377234935760498,1.3747000694274902,1.3507081270217896,1.38136887550354,1.3790662288665771,1.0225950479507446,1.395706295967102,1.391449213027954,1.2376742362976074,1.112652063369751,1.2780330181121826,1.294543743133545,0.8333905935287476,0.8523263931274414,1.2317785024642944,1.2129994630813599,1.0049374103546143,0.9384886622428894,0.8381891250610352
couch,0.8631986379623413,0.8200762867927551,1.1068439483642578,1.1743708848953247,1.194934368133545,1.280263900756836,0.9218214750289917,0.8941277265548706,0.776115894317627,1.073620080947876,1.2707005739212036,1.2379525899887085,1.0692142248153687,1.0434818267822266,0.6417440176010132,0.3410419225692749,0.37136125564575195,0.5750367641448975,0.511269748210907,0.0,0.1424936056137085,0.5292185544967651,0.7045843601226807,0.6157999038696289,0.5394967794418335,0.7062153816223145,0.683897852897644,0.8184781074523926,0.711650013923645,0.8547016382217407,0.9898697733879089,1.0195538997650146,0.7622731924057007,0.6254743337631226,0.7043688297271729,0.7048933506011963,0.7882752418518066,0.5859290361404419,0.596752405166626,0.594018816947937,0.7302497625350952,1.2132349014282227,1.00863778591156,0.8245192170143127,0.9316638112068176,1.0837669372558594,0.3832905888557434,0.44214707612991333,0.837121844291687,0.9905687570571899,1.0021600723266602,1.065441608428955,0.9076683521270752,0.6953412294387817,0.9056074619293213,0.8915621042251587,0.9415869116783142,0.7844195365905762,0.6008363962173462,1.2365361452102661,1.1824647188186646,1.0738104581832886,1.204636812210083,1.2025697231292725,1.2381250858306885,1.226231575012207,1.3336971998214722,1.3624589443206787,1.4136744737625122,1.370687484741211,1.3768043518066406,1.2904925346374512,1.0760935544967651,1.2178298234939575,1.376420497894287,1.3307230472564697,1.344272494316101,1.244429111480713,1.4025664329528809,1.358243465423584,1.2018252611160278,1.3810983896255493,1.3751802444458008,1.0901542901992798,1.363152265548706,1.3241468667984009,1.227358341217041,1.0951875448226929,1.381516933441162,1.3041951656341553,1.2160450220108032,1.1644911766052246,1.3493907451629639,1.2729963064193726,1.1941275596618652,1.0652886629104614,0.9385449290275574
bed,0.914861261844635,0.8535707592964172,1.1258249282836914,1.1966043710708618,1.2556092739105225,1.3071523904800415,0.9310745000839233,0.9329175353050232,0.780161440372467,1.0959619283676147,1.319146752357483,1.2842918634414673,1.1099133491516113,1.05518639087677,0.7426215410232544,0.37229210138320923,0.48851704597473145,0.6269550919532776,0.46152830123901367,0.1424936056137085,0.0,0.3976013660430908,0.7524937987327576,0.6588769555091858,0.5433785915374756,0.7277315855026245,0.6558375358581543,0.717498779296875,0.5885381698608398,0.935032069683075,1.0487569570541382,0.9573454856872559,0.6895188093185425,0.5444571375846863,0.6746650338172913,0.665919303894043,0.7058243155479431,0.5268632173538208,0.6258788108825684,0.6090686321258545,0.7368375062942505,1.2523671388626099,1.0031476020812988,0.8238478302955627,0.8974868059158325,1.101025938987732,0.17675292491912842,0.41961175203323364,0.7251877784729004,0.8962051272392273,0.9940672516822815,1.0753436088562012,0.8320824503898621,0.7769079804420471,0.8311120271682739,0.7669006586074829,0.9669696688652039,0.8092510104179382,0.5981107950210571,1.2202261686325073,1.199976921081543,1.1490507125854492,1.256367564201355,1.2096445560455322,1.1947213411331177,1.2147407531738281,1.363983154296875,1.3806562423706055,1.4684244394302368,1.4162278175354004,1.4178340435028076,1.3321993350982666,1.1362221240997314,1.2141807079315186,1.393676996231079,1.3701581954956055,1.377939224243164,1.3529901504516602,1.4282822608947754,1.407281517982483,1.2766152620315552,1.4256314039230347,1.424039602279663,1.1154123544692993,1.4026962518692017,1.4081089496612549,1.2854722738265991,1.1851468086242676,1.4114971160888672,1.3431239128112793,1.1789982318878174,1.148422122001648,1.373508334159851,1.3486356735229492,1.2467424869537354,1.1401814222335815,1.02578866481781
