,dog,cat,fish,frog,ear,nose,eye,tooth,mouth,face,hair,leg,arm,hand,finger,toe,foot,lamp,drawer,bench,chair,ladder,table,couch,bed,crib,window,door,closet,refrigerator,oven,sink,bathtub,stroller,car,hose,slide,tree,jacket,sweater,shirt,bib,pajamas,dress,jeans,pants,shorts,slipper,shoe,sock,mitten,glove,blanket,pillow,towel,napkin,doll,toy,tray,box,book,paper,basket,purse,radio,vacuum,comb,shovel,hat,glasses,necklace,belt,watch,clock,scissors,fork,spoon,crayon,pencil,pen,knife,broom,toothbrush,gum,balloon,ball,nail,carrot,egg,orange,pumpkin,apple,strawberry,melon,pickle,banana,flower,plant,soup,pizza,muffin,cookie,bread,hamburger,plate,bowl,tape,bottle,jar,glass,cup,bucket,can
dog,0.0,0.38366180658340454,0.9159258604049683,0.784374475479126,1.085559606552124,0.8739643096923828,0.9897874593734741,1.105245590209961,1.0782440900802612,0.8735076189041138,0.9229681491851807,0.8538047671318054,1.0692623853683472,1.0678181648254395,1.1639330387115479,1.0961790084838867,1.0909855365753174,1.1098544597625732,1.1262072324752808,1.066063404083252,1.0201998949050903,1.007249355316162,1.0112454891204834,0.8803894519805908,0.9305537939071655,0.9249809384346008,1.016435146331787,1.0593172311782837,0.983993649482727,1.0505647659301758,1.0073329210281372,1.0872647762298584,1.0646132230758667,0.9513109922409058,0.9041092991828918,1.0402055978775024,0.978660523891449,0.9668804407119751,0.9237231612205505,0.9894267916679382,0.9855302572250366,0.9483470320701599,0.9529010653495789,0.9598072171211243,0.9699637293815613,0.9778308868408203,0.9782764911651611,1.075613260269165,1.0200003385543823,1.0031362771987915,0.7675127983093262,0.9422681927680969,0.9361896514892578,0.9824274778366089,1.0178043842315674,1.0617632865905762,0.6907165050506592,0.8411858081817627,1.0921417474746704,1.069519281387329,0.9976760745048523,1.06488037109375,1.040907859802246,1.0559746026992798,1.0130971670150757,0.9763101935386658,1.122188925743103,1.0735890865325928,1.0363471508026123,0.9628888368606567,1.1400694847106934,1.0634431838989258,1.1182891130447388,1.0521291494369507,1.056847333908081,1.1870461702346802,1.1749080419540405,1.1350065469741821,1.1519510746002197,1.1776301860809326,1.1914310455322266,1.0976483821868896,1.0729269981384277,1.1673314571380615,1.0256377458572388,0.9903050661087036,1.1220831871032715,1.0175392627716064,1.0176856517791748,1.004399061203003,0.9983907341957092,1.0144174098968506,1.0195635557174683,0.9506388902664185,1.0444562435150146,0.9672125577926636,0.9691802263259888,0.9762285947799683,1.0646417140960693,0.977609395980835,0.9211941957473755,0.8175751566886902,0.8823081851005554,0.970903754234314,1.1269965171813965,1.101054310798645,1.0961898565292358,1.1002297401428223,1.0981969833374023,1.0844722986221313,1.0670416355133057,1.1043181419372559,1.0635454654693604
cat,0.38366180658340454,0.0,0.9192837476730347,0.9059129953384399,1.0795012712478638,0.858983039855957,0.9466104507446289,1.1008785963058472,1.0930639505386353,0.7796933650970459,0.7480294704437256,0.8105640411376953,0.9607241749763489,1.0366888046264648,1.168790578842163,1.1348990201950073,1.1310269832611084,1.0872673988342285,1.166419267654419,0.8990783095359802,0.9284377098083496,0.9961265921592712,0.9261258244514465,0.8161567449569702,0.8539291620254517,1.0150725841522217,0.8804729580879211,0.8975110650062561,0.8607034683227539,1.0136066675186157,0.9597169756889343,0.9937651753425598,0.9443070888519287,0.9758921265602112,0.9567538499832153,1.0223013162612915,0.9023860692977905,0.9756617546081543,0.7926343083381653,0.845126748085022,0.8248527646064758,0.888186514377594,0.8746299743652344,0.8803911805152893,0.7938560843467712,0.8823114037513733,0.9726829528808594,1.1386150121688843,1.0278072357177734,0.9998660087585449,0.8003227114677429,1.0196337699890137,0.8422225713729858,1.0340312719345093,1.08673894405365,1.1237220764160156,0.9750292897224426,1.0657206773757935,1.1311928033828735,1.122941255569458,1.0125402212142944,1.0315607786178589,1.1555359363555908,1.0905169248580933,1.109061360359192,0.8948152661323547,1.0057079792022705,1.0768144130706787,1.043166160583496,0.9590780138969421,1.1402127742767334,1.0832756757736206,1.1045153141021729,1.1906622648239136,1.0682132244110107,1.1390821933746338,1.2038910388946533,1.2205802202224731,1.2235219478607178,1.2055673599243164,1.1185091733932495,1.1283351182937622,1.1178131103515625,1.192457914352417,1.1067641973495483,1.116592288017273,1.1201647520065308,1.113064169883728,1.1083588600158691,1.1584197282791138,1.1322860717773438,1.1524474620819092,1.1472549438476562,0.9669085144996643,1.107804298400879,1.0946650505065918,1.064704418182373,1.0094056129455566,1.1162652969360352,1.00236976146698,1.0710532665252686,0.9859194159507751,0.9907734394073486,1.0874955654144287,1.2270596027374268,1.1906518936157227,1.2408559322357178,1.1704955101013184,1.1697688102722168,1.0251426696777344,1.2291078567504883,1.1841483116149902,1.1213901042938232
fish,0.9159258604049683,0.9192837476730347,0.0,0.5526875257492065,0.8320097327232361,0.8317693471908569,0.8046243786811829,0.7807006239891052,0.9695368409156799,1.1300923824310303,1.0873773097991943,1.163750171661377,1.2062758207321167,1.173228144645691,0.8778647184371948,0.7851307392120361,0.8088791370391846,0.8031273484230042,1.1205772161483765,1.158208966255188,1.2473914623260498,1.1201714277267456,1.3370765447616577,1.231269359588623,1.2608705759048462,1.3137192726135254,1.0943481922149658,1.176117181777954,1.2918883562088013,1.1823599338531494,1.2273931503295898,1.2787318229675293,1.271121621131897,1.2918837070465088,0.86449134349823,1.196151614189148,1.290985107421875,0.9990521669387817,1.1772534847259521,1.2385236024856567,1.2528517246246338,1.261584758758545,1.3256375789642334,1.2401032447814941,1.1761205196380615,1.174767017364502,1.2650985717773438,0.5625730752944946,0.8662846088409424,0.9884064793586731,1.0592330694198608,0.8836918473243713,1.2239853143692017,1.0132558345794678,0.9029932022094727,0.897678792476654,1.0287954807281494,1.2364273071289062,1.3561370372772217,1.2360422611236572,1.1519432067871094,1.127158761024475,1.1208703517913818,1.1350207328796387,0.9592154026031494,1.3208777904510498,0.8504189848899841,0.7530214190483093,0.7602051496505737,0.877447783946991,0.974865734577179,0.5862525701522827,0.8316386938095093,0.8135097026824951,1.0516955852508545,0.746200442314148,0.7838712930679321,0.5565289855003357,0.60883629322052,0.6403977274894714,0.6146138906478882,0.9243090748786926,1.05081045627594,0.9090318083763123,0.8665919303894043,0.9195142984390259,0.8262045383453369,0.7332339286804199,0.8222224116325378,0.7902792692184448,0.8395823240280151,0.8601980209350586,0.7439985871315002,1.1030877828598022,0.8183148503303528,0.5781762599945068,0.7906316518783569,0.8035361766815186,1.0630755424499512,0.9165161848068237,0.944732666015625,0.7782174944877625,0.9230754971504211,0.8922758102416992,0.8892632126808167,1.0389220714569092,1.0619394779205322,0.8643323183059692,1.1869335174560547,1.165731430053711,1.0306706428527832,1.1686714887619019,1.1038827896118164
frog,0.784374475479126,0.9059129953384399,0.5526875257492065,0.0,0.9110516309738159,0.8932284116744995,0.8413301706314087,0.9048205614089966,1.0271401405334473,0.9316155910491943,1.114177942276001,1.2122085094451904,1.2037421464920044,1.1225285530090332,0.9475218057632446,0.9095760583877563,0.9735103845596313,0.9523683786392212,1.1058311462402344,1.1829187870025635,1.2344098091125488,1.107275128364563,1.2344881296157837,1.0812751054763794,1.1315972805023193,1.1673097610473633,1.1296329498291016,1.1850852966308594,1.23470139503479,1.1821961402893066,1.2159898281097412,1.236758828163147,1.207108497619629,1.1649858951568604,0.8539928197860718,1.181959629058838,1.1995902061462402,0.9933644533157349,1.1105455160140991,1.157458782196045,1.150268793106079,1.1463959217071533,1.2240550518035889,1.1647107601165771,1.1700036525726318,1.1873393058776855,1.2077916860580444,0.8013664484024048,0.9971014261245728,1.124260425567627,1.0208396911621094,0.8744076490402222,1.1600327491760254,0.9435346126556396,1.0240219831466675,1.013062596321106,0.7966896891593933,0.9002483487129211,1.1420235633850098,1.126602292060852,0.9859918355941772,1.042050838470459,1.0809355974197388,1.112087607383728,1.020937442779541,1.2751789093017578,1.0307509899139404,0.9367495775222778,0.779155969619751,0.7763990163803101,1.054388165473938,0.8290279507637024,0.8769623637199402,0.8373281955718994,1.0532127618789673,0.9844706654548645,0.9401702284812927,0.6994655132293701,0.8031975030899048,0.8540103435516357,0.9187750816345215,0.9690564274787903,1.1093493700027466,0.9878454804420471,0.9490035176277161,0.8736490607261658,0.9127210378646851,0.7677030563354492,0.8305962085723877,0.7790979146957397,0.7736560702323914,0.8008720874786377,0.7446388602256775,0.9375114440917969,0.6574217677116394,0.5565811991691589,0.8042117357254028,0.8036611676216125,1.0480483770370483,0.8478171229362488,0.8725835680961609,0.761732280254364,0.9048721790313721,0.7745442986488342,0.9418681859970093,1.0745203495025635,0.9709901213645935,0.9010158181190491,1.122314691543579,1.2053991556167603,0.9840730428695679,1.099193811416626,1.1748884916305542
ear,1.085559606552124,1.0795012712478638,0.8320097327232361,0.9110516309738159,0.0,0.37725377082824707,0.5533187389373779,0.4970173239707947,0.5057626962661743,0.7466266751289368,0.6584094762802124,0.9159335494041443,0.8725951313972473,0.767228364944458,0.4921846389770508,0.48287200927734375,0.6539552211761475,1.0240622758865356,1.2457455396652222,1.1988388299942017,1.2190052270889282,1.1879597902297974,1.3275017738342285,1.136695384979248,1.1933869123458862,1.2759785652160645,1.1970030069351196,1.2327017784118652,1.244401454925537,1.294297695159912,1.2479259967803955,1.2574312686920166,1.2307648658752441,1.2177857160568237,1.063133955001831,1.1943871974945068,1.2380571365356445,1.0864328145980835,0.9930909276008606,1.0605634450912476,0.987058699131012,0.9618380665779114,1.1037017107009888,1.0366345643997192,0.9681372046470642,0.9428855180740356,0.9699308276176453,0.8626657724380493,1.0375179052352905,1.0345046520233154,1.0244190692901611,0.9593450427055359,1.1809179782867432,1.1175203323364258,0.9894429445266724,1.0045138597488403,1.0501707792282104,1.1882236003875732,1.306604027748108,1.336706280708313,1.1901649236679077,1.143634557723999,1.2713708877563477,1.1566938161849976,0.9923120737075806,1.293626308441162,1.0134836435317993,1.0711299180984497,0.6324530839920044,0.5449551939964294,0.45126187801361084,0.7850055694580078,0.9439814686775208,1.0794856548309326,1.1755857467651367,1.027005910873413,0.9983800649642944,0.7673892974853516,0.8588628172874451,0.834173858165741,1.0214836597442627,1.1039353609085083,1.020524501800537,0.8081917762756348,0.9821854829788208,0.9737758636474609,0.4542754292488098,0.744624137878418,0.83130943775177,0.8951078653335571,0.9328348636627197,0.8908178210258484,0.8690857291221619,1.1336467266082764,0.7973428964614868,0.8200344443321228,1.0239325761795044,1.0423182249069214,1.0952956676483154,1.0576093196868896,1.0214896202087402,0.9213871359825134,0.9305734634399414,0.8868348598480225,1.1042084693908691,1.1597706079483032,1.1422739028930664,1.0181013345718384,1.2916723489761353,1.2256381511688232,1.0877948999404907,1.2895853519439697,1.2482953071594238
nose,0.8739643096923828,0.858983039855957,0.8317693471908569,0.8932284116744995,0.37725377082824707,0.0,0.3546096086502075,0.5267632603645325,0.4471740126609802,0.5737297534942627,0.6557955741882324,0.8382307291030884,0.9628764986991882,0.746433436870575,0.5208058953285217,0.49636006355285645,0.7066710591316223,0.9552040100097656,1.251440167427063,1.2401740550994873,1.2978806495666504,1.2366065979003906,1.3544296026229858,1.165540337562561,1.213670253753662,1.2777894735336304,1.136993408203125,1.1760389804840088,1.251064419746399,1.3128952980041504,1.271955132484436,1.2580389976501465,1.2507896423339844,1.2744150161743164,1.0222917795181274,1.1411164999008179,1.2663710117340088,1.1204255819320679,1.0968563556671143,1.1095894575119019,1.0679186582565308,1.077841877937317,1.1406465768814087,1.1101980209350586,1.0678274631500244,1.0612874031066895,1.0474607944488525,0.8613508343696594,1.0601927042007446,1.0613138675689697,0.9653162956237793,1.0240827798843384,1.2243916988372803,1.2225475311279297,1.1306196451187134,1.1210331916809082,0.9967079162597656,1.1852103471755981,1.3288463354110718,1.3216063976287842,1.270116925239563,1.211105227470398,1.3121600151062012,1.2909436225891113,1.114631175994873,1.292405366897583,1.0718555450439453,1.1492253541946411,0.7537187933921814,0.4787987470626831,0.6284105181694031,0.9320200085639954,1.019436001777649,1.0314682722091675,1.2199327945709229,1.0750665664672852,1.0184345245361328,0.8499559760093689,0.9182033538818359,0.9153232574462891,1.0365610122680664,1.1553261280059814,1.0388009548187256,0.6727449893951416,0.8367568254470825,0.8323370218276978,0.38279294967651367,0.76189786195755,0.6936551332473755,0.8078955411911011,0.8998974561691284,0.7846230268478394,0.8843528032302856,1.0342824459075928,0.7068390846252441,0.9022581577301025,1.0390100479125977,1.073788046836853,1.0436511039733887,1.028085708618164,0.9404650926589966,0.7735691666603088,0.9237149357795715,0.8847217559814453,1.0991687774658203,1.1526880264282227,1.0833035707473755,1.0446181297302246,1.227492332458496,1.0879477262496948,1.0986452102661133,1.324082851409912,1.2599788904190063
eye,0.9897874593734741,0.9466104507446289,0.8046243786811829,0.8413301706314087,0.5533187389373779,0.3546096086502075,0.0,0.6249499320983887,0.6071433424949646,0.8186337947845459,0.7779252529144287,1.0110939741134644,1.0282139778137207,0.9245818257331848,0.659916341304779,0.640339195728302,0.7946339249610901,0.9623444676399231,1.1492855548858643,1.1607370376586914,1.2441155910491943,1.133955478668213,1.2915040254592896,1.153170108795166,1.174025058746338,1.241589069366455,1.0551109313964844,1.132467269897461,1.1918457746505737,1.2617586851119995,1.2050005197525024,1.2691423892974854,1.2301470041275024,1.2166837453842163,0.9660733938217163,1.1704645156860352,1.2556686401367188,1.122596263885498,1.0730509757995605,1.083269476890564,1.07942533493042,1.1334964036941528,1.1377758979797363,1.061863660812378,1.0690374374389648,1.004874587059021,1.029102087020874,0.8354682922363281,0.9987241625785828,1.0607829093933105,1.1251730918884277,1.007529377937317,1.1859381198883057,1.1453273296356201,1.0923575162887573,1.1085964441299438,1.0107431411743164,1.2191834449768066,1.3064377307891846,1.2436751127243042,1.1884318590164185,1.1606907844543457,1.2270057201385498,1.1303848028182983,0.9629713296890259,1.2528319358825684,1.003592610359192,1.0440046787261963,0.7282576560974121,0.3945746421813965,0.7621117830276489,0.8059315085411072,0.9297855496406555,0.9017318487167358,1.1392922401428223,1.008461356163025,0.9976963400840759,0.7536885738372803,0.8280133008956909,0.7917913198471069,0.932946503162384,1.063835859298706,1.0757968425750732,0.8131750822067261,0.9285269975662231,0.8975156545639038,0.5415514707565308,0.833420991897583,0.7966369986534119,0.8910826444625854,0.9617036581039429,0.8720663785934448,0.926424503326416,1.1540913581848145,0.874431312084198,0.8621159195899963,0.9820541739463806,1.003501296043396,1.043418526649475,1.001923680305481,0.9928077459335327,0.9161165356636047,1.010090708732605,0.9384301900863647,1.0599288940429688,1.1368541717529297,1.0283102989196777,1.0427998304367065,1.3055551052093506,1.1850149631500244,1.0593773126602173,1.2488027811050415,1.2196173667907715
tooth,1.105245590209961,1.1008785963058472,0.7807006239891052,0.9048205614089966,0.4970173239707947,0.5267632603645325,0.6249499320983887,0.0,0.19145190715789795,0.8064467310905457,0.8295387029647827,0.9399412870407104,0.9925346970558167,0.8983680605888367,0.5780155062675476,0.5313332676887512,0.6884677410125732,0.9451568722724915,1.2267677783966064,1.1349661350250244,1.2535595893859863,1.1564674377441406,1.3130722045898438,1.215836763381958,1.2460265159606934,1.2695732116699219,1.1537047624588013,1.2081259489059448,1.244017481803894,1.2753170728683472,1.2765169143676758,1.232978105545044,1.1663644313812256,1.2433373928070068,1.0101991891860962,1.1719694137573242,1.2225385904312134,1.1176038980484009,1.1171642541885376,1.1098248958587646,1.0644880533218384,1.1072685718536377,1.1659371852874756,1.1209712028503418,1.0770026445388794,1.030251383781433,1.0383920669555664,0.8553684949874878,1.049186110496521,1.072226881980896,1.176164150238037,1.08804452419281,1.2618019580841064,1.2204755544662476,1.1579725742340088,1.1207478046417236,1.0729838609695435,1.1859973669052124,1.267641544342041,1.298079252243042,1.2039116621017456,1.1528327465057373,1.2227611541748047,1.2056896686553955,1.065737009048462,1.3056309223175049,0.9073559045791626,0.9729103446006775,0.8055739402770996,0.6995185613632202,0.6244665384292603,0.755580723285675,0.8833399415016174,0.9730927348136902,1.1396310329437256,0.9233424663543701,0.9382926225662231,0.6323320269584656,0.7682292461395264,0.7819361090660095,0.8682504892349243,1.075193166732788,0.8564258813858032,0.5849696397781372,0.9459987282752991,0.9241582155227661,0.47135090827941895,0.73298579454422,0.7973171472549438,0.8627334237098694,0.9100170731544495,0.8368337154388428,0.8059036731719971,1.1161495447158813,0.7378845810890198,0.7232757806777954,0.9330460429191589,0.9704805016517639,1.061168909072876,1.010140299797058,0.9793485999107361,0.9192973971366882,0.9202069640159607,0.8961790204048157,0.9906764030456543,1.0976554155349731,1.0267442464828491,0.9568222165107727,1.1837151050567627,1.2109688520431519,1.0271704196929932,1.2005305290222168,1.220228910446167
mouth,1.0782440900802612,1.0930639505386353,0.9695368409156799,1.0271401405334473,0.5057626962661743,0.4471740126609802,0.6071433424949646,0.19145190715789795,0.0,0.6990288496017456,0.7859752178192139,0.8683257102966309,0.9214606285095215,0.7999125123023987,0.6384234428405762,0.6287848949432373,0.7815897464752197,1.080536961555481,1.1762984991073608,1.1278759241104126,1.212527871131897,1.1201605796813965,1.2282373905181885,1.1406763792037964,1.1578816175460815,1.1910545825958252,1.1236023902893066,1.1631425619125366,1.13499915599823,1.2117600440979004,1.1838173866271973,1.1726279258728027,1.1327859163284302,1.153380274772644,1.0512844324111938,1.0649875402450562,1.1264917850494385,1.0737742185592651,1.0390024185180664,0.9923211336135864,0.9616061449050903,1.020079255104065,1.0460156202316284,1.0187650918960571,1.012451171875,0.9798176884651184,0.9262986779212952,0.9772324562072754,1.011583685874939,1.0043879747390747,1.0850279331207275,1.0891748666763306,1.1546627283096313,1.1907212734222412,1.1636157035827637,1.1655998229980469,1.0687243938446045,1.0910170078277588,1.1487547159194946,1.2214810848236084,1.111657738685608,1.0842156410217285,1.1527678966522217,1.1333765983581543,1.078330636024475,1.1788886785507202,0.9529862999916077,1.1496522426605225,0.8946376442909241,0.6710541844367981,0.53754723072052,0.9797643423080444,1.0362586975097656,1.060687780380249,1.0748918056488037,1.0151532888412476,1.0076302289962769,0.8814710378646851,0.9507610201835632,0.9413745403289795,1.0460258722305298,1.0766805410385132,0.8673660159111023,0.6671434640884399,0.989520788192749,0.9664703011512756,0.5880879163742065,0.8155115842819214,0.9676562547683716,0.9432754516601562,0.9883021116256714,0.861759603023529,0.8491575121879578,1.0033271312713623,0.7755249738693237,0.935965895652771,1.0030922889709473,1.038132667541504,1.0227543115615845,0.9899874925613403,0.9877066016197205,1.000113844871521,0.9762539267539978,0.9569888114929199,1.0192382335662842,1.0760419368743896,1.0251312255859375,1.0601270198822021,1.1173362731933594,1.046687364578247,1.015352725982666,1.1643714904785156,1.1933799982070923
face,0.8735076189041138,0.7796933650970459,1.1300923824310303,0.9316155910491943,0.7466266751289368,0.5737297534942627,0.8186337947845459,0.8064467310905457,0.6990288496017456,0.0,0.45293933153152466,0.6937898993492126,0.7413070201873779,0.7839952707290649,0.9086212515830994,0.8439428210258484,0.9239487051963806,1.2462867498397827,1.1947731971740723,0.9909722208976746,1.0732353925704956,1.1194630861282349,0.9611846208572388,0.6644951701164246,0.8190369606018066,1.0368326902389526,0.8892332315444946,0.9810620546340942,0.8900959491729736,1.0684595108032227,0.9893966913223267,1.0064786672592163,0.9529889822006226,1.0068379640579224,0.9820341467857361,1.0248702764511108,0.9642115831375122,0.9210962057113647,0.8234566450119019,0.8041333556175232,0.6989573240280151,0.8795591592788696,0.8220758438110352,0.8706485629081726,0.7525234818458557,0.8320655226707458,0.7461230754852295,1.2507463693618774,1.097293734550476,1.150100827217102,0.9174418449401855,1.1956967115402222,0.9198760390281677,1.102357029914856,1.2466343641281128,1.2490538358688354,0.9031499624252319,1.032878041267395,0.9823489189147949,1.1015231609344482,0.9879337549209595,0.9141626358032227,1.255865454673767,1.1870909929275513,1.156420350074768,0.9555070400238037,1.171601414680481,1.141442060470581,0.9806947112083435,0.5442860126495361,0.9843313694000244,1.2330774068832397,1.2026065587997437,1.1560381650924683,1.1406952142715454,1.2089029550552368,1.275058388710022,1.2383893728256226,1.267382264137268,1.270861268043518,1.231154203414917,1.2356953620910645,1.1497797966003418,1.0408923625946045,1.1539634466171265,1.1153888702392578,0.8701273798942566,1.0236115455627441,1.10055673122406,1.0920665264129639,1.113620400428772,1.0925376415252686,1.114260196685791,0.9035307765007019,0.9500484466552734,1.1310482025146484,1.160019040107727,1.1616350412368774,1.0287907123565674,0.9711927771568298,1.0802937746047974,1.1204485893249512,1.007821798324585,0.9802611470222473,1.1382968425750732,1.2021712064743042,1.2554105520248413,1.217073917388916,1.1184394359588623,1.0451041460037231,1.2065752744674683,1.2027525901794434,1.18278968334198
hair,0.9229681491851807,0.7480294704437256,1.0873773097991943,1.114177942276001,0.6584094762802124,0.6557955741882324,0.7779252529144287,0.8295387029647827,0.7859752178192139,0.45293933153152466,0.0,0.6953797936439514,0.7133344411849976,0.7935765981674194,0.8738142251968384,0.8188532590866089,0.8965306282043457,1.200912356376648,1.2051362991333008,0.9687533974647522,1.0051138401031494,1.053078532218933,1.0215891599655151,0.8177027702331543,0.9204288125038147,1.08669114112854,0.8988093733787537,0.976883053779602,0.8935434818267822,1.1020973920822144,1.0343265533447266,1.0504554510116577,0.9787395000457764,1.033539891242981,0.9800469279289246,1.054985523223877,1.0211468935012817,0.9140946269035339,0.7712969183921814,0.7711225152015686,0.6788947582244873,0.8886678814888,0.8108248114585876,0.7964564561843872,0.7165604829788208,0.7212702035903931,0.7427361011505127,1.1810693740844727,1.059154987335205,1.094101071357727,0.9793211817741394,1.1826062202453613,0.9638904929161072,1.1256455183029175,1.216247797012329,1.253887414932251,0.9799894094467163,1.159987449645996,1.1430761814117432,1.188246488571167,1.0160434246063232,1.0149197578430176,1.2344613075256348,1.1333141326904297,1.1550933122634888,1.0149022340774536,0.9792249202728271,1.077223777770996,0.7610981464385986,0.6641068458557129,0.8492100238800049,1.108540415763855,1.213321566581726,1.23063063621521,1.0795331001281738,1.1614617109298706,1.248522400856018,1.1983709335327148,1.17918062210083,1.1437909603118896,1.1203020811080933,1.1199872493743896,1.0961759090423584,1.061426043510437,1.150805950164795,1.1157965660095215,0.8885221481323242,1.0810022354125977,1.1067798137664795,1.1613938808441162,1.1825401782989502,1.1618611812591553,1.186957836151123,0.9847322106361389,1.0442397594451904,1.1585280895233154,1.0656776428222656,1.009083867073059,1.0736560821533203,1.0764797925949097,1.1144009828567505,1.1418919563293457,1.0483596324920654,1.1009979248046875,1.2865333557128906,1.2595398426055908,1.3332128524780273,1.2101384401321411,1.171618938446045,1.1017560958862305,1.2998785972595215,1.2628731727600098,1.2165577411651611
leg,0.8538047671318054,0.8105640411376953,1.163750171661377,1.2122085094451904,0.9159335494041443,0.8382307291030884,1.0110939741134644,0.9399412870407104,0.8683257102966309,0.6937898993492126,0.6953797936439514,0.0,0.2792707681655884,0.6026382446289062,0.7124590873718262,0.6301846504211426,0.5528910160064697,1.141624927520752,1.1619019508361816,0.9443824887275696,0.928277850151062,1.0052673816680908,0.9783364534378052,0.8190982341766357,0.8727044463157654,1.0482712984085083,0.9198141694068909,0.9228174090385437,0.9535792469978333,1.0355980396270752,1.0178227424621582,0.9401941299438477,0.8343236446380615,1.0959051847457886,1.1487469673156738,0.9611685276031494,0.8928589224815369,1.0011696815490723,0.9390274286270142,0.8214850425720215,0.7909854650497437,0.9075526595115662,0.7422449588775635,0.8095842003822327,0.7288014888763428,0.7078145146369934,0.5964759588241577,1.074719786643982,0.9886044859886169,0.652072548866272,0.6341031789779663,0.9605625867843628,0.9034932851791382,1.0197973251342773,1.0899025201797485,1.1237901449203491,1.0814749002456665,1.1554076671600342,1.1472489833831787,1.1931670904159546,1.0926874876022339,1.0482949018478394,1.2632248401641846,1.1937239170074463,1.1530052423477173,0.9472638368606567,0.998207688331604,1.0835553407669067,1.1997895240783691,1.0098137855529785,0.908015251159668,1.145634651184082,1.1362383365631104,1.2162832021713257,1.1117539405822754,1.1601492166519165,1.2070759534835815,1.2161046266555786,1.2049421072006226,1.1938618421554565,1.164577603340149,1.1149595975875854,1.0360875129699707,1.1016348600387573,1.1703485250473022,1.1791638135910034,0.8397010564804077,0.9572561979293823,1.1007206439971924,1.1751997470855713,1.0959196090698242,1.1682740449905396,1.1529760360717773,0.9879210591316223,1.0971958637237549,1.2200316190719604,1.1418012380599976,1.1329234838485718,1.0320308208465576,1.0527480840682983,1.1139450073242188,1.0497875213623047,0.966757595539093,1.1102254390716553,1.2657166719436646,1.2056660652160645,1.2687026262283325,1.2404576539993286,1.1194508075714111,1.080294132232666,1.2195545434951782,1.1652683019638062,1.039772868156433
arm,1.0692623853683472,0.9607241749763489,1.2062758207321167,1.2037421464920044,0.8725951313972473,0.9628764986991882,1.0282139778137207,0.9925346970558167,0.9214606285095215,0.7413070201873779,0.7133344411849976,0.2792707681655884,0.0,0.4299795627593994,0.6766406297683716,0.70576012134552,0.5582495927810669,1.2245396375656128,1.1317901611328125,0.8798850774765015,0.9282656908035278,1.0191285610198975,0.90138179063797,0.7388831973075867,0.7682895660400391,1.0422793626785278,0.8883747458457947,0.9376769065856934,0.8977998495101929,1.0013631582260132,0.9804215431213379,0.9194785356521606,0.810829758644104,1.0609474182128906,1.1985490322113037,0.9279869198799133,0.7955767512321472,0.9671046137809753,0.7645577788352966,0.6428406834602356,0.5703086853027344,0.7393926382064819,0.6271321773529053,0.6788866519927979,0.6661587953567505,0.6389889717102051,0.5521750450134277,1.1888988018035889,1.1081068515777588,0.678281307220459,0.695587694644928,0.8478727340698242,0.7893803715705872,0.9218932390213013,1.034650444984436,1.0516557693481445,1.1552319526672363,1.1681829690933228,1.0401540994644165,1.1571097373962402,0.9685631990432739,0.8672847151756287,1.3029818534851074,1.1038166284561157,1.156715989112854,0.9581106901168823,0.9734076857566833,1.0892314910888672,1.227752923965454,1.0070604085922241,0.8138921856880188,1.1364319324493408,1.1397005319595337,1.2090721130371094,0.9936280250549316,1.0988863706588745,1.175109624862671,1.1925114393234253,1.1195110082626343,1.0900442600250244,1.0650385618209839,1.1374157667160034,0.9300541877746582,1.134844183921814,1.2574609518051147,1.2694302797317505,0.9251863360404968,0.9503287672996521,1.2333892583847046,1.2646393775939941,1.1916155815124512,1.2432634830474854,1.2030112743377686,0.9966795444488525,1.0928077697753906,1.208298683166504,1.2122018337249756,1.187345266342163,1.081008791923523,1.0949898958206177,1.1926507949829102,1.1674895286560059,0.9761819839477539,1.0886242389678955,1.2998838424682617,1.2536803483963013,1.309654951095581,1.2556991577148438,1.1589579582214355,1.0923333168029785,1.2526170015335083,1.1987874507904053,1.0920450687408447
hand,1.0678181648254395,1.0366888046264648,1.173228144645691,1.1225285530090332,0.767228364944458,0.746433436870575,0.9245818257331848,0.8983680605888367,0.7999125123023987,0.7839952707290649,0.7935765981674194,0.6026382446289062,0.4299795627593994,0.0,0.3310174345970154,0.4938623905181885,0.5170145630836487,1.219674825668335,1.12784743309021,1.1162502765655518,1.0983550548553467,1.1787651777267456,1.0637298822402954,0.9989064931869507,1.0397851467132568,1.0739750862121582,1.036123514175415,1.0784763097763062,1.1004464626312256,1.1462451219558716,1.1310756206512451,1.0224117040634155,1.0139174461364746,1.1234418153762817,1.1480724811553955,1.0239613056182861,0.9486652612686157,1.0305817127227783,1.0232393741607666,0.8762668371200562,0.8872058987617493,0.9014258980751038,0.8674330115318298,0.9393259882926941,0.9143456220626831,0.9631442427635193,0.8593812584877014,1.024756908416748,1.0359922647476196,0.7568578720092773,0.6180301904678345,0.6324906349182129,1.0458955764770508,1.1019889116287231,1.1338475942611694,1.0993833541870117,0.9750986099243164,1.0039030313491821,1.0122700929641724,1.132983684539795,0.9492592811584473,0.8651340007781982,1.2261486053466797,1.1658717393875122,1.1768473386764526,1.0979673862457275,1.0252035856246948,1.1686402559280396,1.140187382698059,0.8810384273529053,0.7553710341453552,1.1924800872802734,0.9914451837539673,1.1634021997451782,0.863811731338501,1.0555360317230225,1.0158194303512573,1.1466844081878662,1.0724530220031738,0.9895099401473999,1.046829104423523,1.148226261138916,0.7998136281967163,0.8677926659584045,1.1657190322875977,1.143438696861267,0.6963631510734558,0.8525431156158447,1.1463844776153564,1.164809226989746,1.1526126861572266,1.0622005462646484,1.041179895401001,0.9718205332756042,0.8964259624481201,1.1767174005508423,1.1161383390426636,1.135695219039917,1.073887825012207,1.0350159406661987,1.074001669883728,1.0821675062179565,0.9631524085998535,0.9648298025131226,1.1869256496429443,1.1630363464355469,1.1660068035125732,1.2201528549194336,1.126673698425293,0.9614322781562805,1.123651385307312,1.2159266471862793,1.1841075420379639
finger,1.1639330387115479,1.168790578842163,0.8778647184371948,0.9475218057632446,0.4921846389770508,0.5208058953285217,0.659916341304779,0.5780155062675476,0.6384234428405762,0.9086212515830994,0.8738142251968384,0.7124590873718262,0.6766406297683716,0.3310174345970154,0.0,0.17230653762817383,0.3096904754638672,0.9360221028327942,1.2182724475860596,1.281217336654663,1.2790701389312744,1.239271879196167,1.4069477319717407,1.2837162017822266,1.320957064628601,1.3640174865722656,1.1794240474700928,1.255528450012207,1.3809021711349487,1.3141725063323975,1.3469979763031006,1.312361717224121,1.251786708831787,1.358128309249878,1.097184419631958,1.2251849174499512,1.2710661888122559,1.141183853149414,1.2120611667633057,1.0935555696487427,1.142220377922058,1.1716084480285645,1.188076376914978,1.1676793098449707,1.105636477470398,1.0999064445495605,1.0397663116455078,0.7008195519447327,1.0558983087539673,0.829416036605835,0.8556385040283203,0.7165989875793457,1.3300271034240723,1.2135742902755737,1.0893198251724243,1.0394957065582275,1.046769142150879,1.1886110305786133,1.3601728677749634,1.3130308389663696,1.1789206266403198,1.1351423263549805,1.2797565460205078,1.2701919078826904,1.1332688331604004,1.4097325801849365,0.9077723026275635,1.095285177230835,0.8212038278579712,0.703742265701294,0.6032264232635498,0.7988601326942444,0.8039207458496094,1.0057097673416138,1.0317806005477905,0.8914205431938171,0.8091636896133423,0.6257753968238831,0.6973151564598083,0.6293265223503113,0.8103333115577698,1.010424256324768,0.8163986206054688,0.6602488160133362,0.901019811630249,0.9027588963508606,0.2190021276473999,0.5694431066513062,0.7181496024131775,0.8162894248962402,0.8942400813102722,0.7937049865722656,0.7624047994613647,1.1122217178344727,0.6927670240402222,0.8154714107513428,0.9195363521575928,0.9730990529060364,1.1324231624603271,1.055513620376587,0.9428957104682922,0.8325220346450806,0.8648291230201721,0.841084361076355,1.11968195438385,1.1686464548110962,1.042472243309021,0.9640560150146484,1.2493261098861694,1.1262964010238647,1.029362440109253,1.2879624366760254,1.210871934890747
toe,1.0961790084838867,1.1348990201950073,0.7851307392120361,0.9095760583877563,0.48287200927734375,0.49636006355285645,0.640339195728302,0.5313332676887512,0.6287848949432373,0.8439428210258484,0.8188532590866089,0.6301846504211426,0.70576012134552,0.4938623905181885,0.17230653762817383,0.0,0.13902413845062256,0.9053419828414917,1.2457623481750488,1.296339988708496,1.2763683795928955,1.2361443042755127,1.4306771755218506,1.239262342453003,1.309296727180481,1.3210761547088623,1.2233635187149048,1.2900567054748535,1.3805205821990967,1.3118646144866943,1.3589980602264404,1.3515888452529907,1.2152671813964844,1.2999730110168457,1.0741888284683228,1.315171480178833,1.2877230644226074,1.1423754692077637,1.2489982843399048,1.1256563663482666,1.1697256565093994,1.1890761852264404,1.1562753915786743,1.1163363456726074,1.10079026222229,1.032021403312683,0.9966114163398743,0.47211551666259766,0.8267133235931396,0.6914867162704468,0.7737994194030762,0.7670252323150635,1.342583179473877,1.2052332162857056,1.0846881866455078,1.056204915046692,0.9898160099983215,1.2208588123321533,1.4300751686096191,1.3342056274414062,1.2596789598464966,1.2385965585708618,1.2212624549865723,1.2307285070419312,1.1285791397094727,1.3737092018127441,0.9780221581459045,1.0510088205337524,0.7683430910110474,0.6587375402450562,0.6475870013237,0.7915263175964355,0.8487454652786255,0.9320550560951233,1.1531000137329102,0.9622810482978821,0.8967270851135254,0.6598930358886719,0.7726826667785645,0.7319552302360535,0.8831660151481628,0.9850923418998718,0.9623521566390991,0.7679022550582886,0.8984144330024719,0.8957733511924744,0.25983816385269165,0.6646221876144409,0.691249668598175,0.8286211490631104,0.8497700691223145,0.8083772659301758,0.7558426260948181,1.1861743927001953,0.7462987899780273,0.7871715426445007,0.9079744815826416,0.9510186910629272,1.117079496383667,1.0698492527008057,0.9606670141220093,0.7961261868476868,0.8780078887939453,0.8716702461242676,1.1246206760406494,1.1701114177703857,1.0921828746795654,0.9091081023216248,1.2458194494247437,1.2174965143203735,1.0066759586334229,1.2422513961791992,1.196591854095459
foot,1.0909855365753174,1.1310269832611084,0.8088791370391846,0.9735103845596313,0.6539552211761475,0.7066710591316223,0.7946339249610901,0.6884677410125732,0.7815897464752197,0.9239487051963806,0.8965306282043457,0.5528910160064697,0.5582495927810669,0.5170145630836487,0.3096904754638672,0.13902413845062256,0.0,1.0010240077972412,1.229960560798645,1.2282564640045166,1.2247684001922607,1.1654729843139648,1.3576381206512451,1.1710481643676758,1.2320173978805542,1.2928798198699951,1.2237324714660645,1.2667838335037231,1.3496766090393066,1.215682029724121,1.2652618885040283,1.249941110610962,1.160038948059082,1.2670762538909912,1.1065305471420288,1.2361915111541748,1.225948691368103,1.131013035774231,1.1968927383422852,1.0895729064941406,1.1092506647109985,1.122580647468567,1.089524507522583,1.0626877546310425,1.0307995080947876,0.957882285118103,0.9015924334526062,0.44781482219696045,0.6988309621810913,0.46667397022247314,0.6375772953033447,0.6341168284416199,1.2245804071426392,1.0585721731185913,0.9418321847915649,0.9008007049560547,1.0370725393295288,1.231113314628601,1.3566385507583618,1.2543354034423828,1.188697338104248,1.1348000764846802,1.2246206998825073,1.1400278806686401,1.1259660720825195,1.293880820274353,0.928581714630127,0.9432135820388794,0.8701832294464111,0.82417893409729,0.7371742129325867,0.8173582553863525,0.8633803129196167,0.9839024543762207,1.109715461730957,0.9328286647796631,0.8940948247909546,0.7566094994544983,0.802369236946106,0.7673737406730652,0.8362539410591125,0.9787693619728088,0.9097715616226196,0.8194563388824463,1.0000263452529907,1.0236413478851318,0.48637819290161133,0.7196402549743652,0.8173023462295532,0.9255596399307251,0.8912839889526367,0.9303180575370789,0.876121997833252,1.1328747272491455,0.8120179176330566,0.8338901996612549,0.9667162895202637,1.0007507801055908,1.0827744007110596,1.0504270792007446,0.9637291431427002,0.82541424036026,0.8233886957168579,0.8970972299575806,1.133467197418213,1.1130180358886719,1.0501294136047363,0.9328769445419312,1.1662836074829102,1.1767346858978271,0.9620779156684875,1.1803319454193115,1.0751625299453735
lamp,1.1098544597625732,1.0872673988342285,0.8031273484230042,0.9523683786392212,1.0240622758865356,0.9552040100097656,0.9623444676399231,0.9451568722724915,1.080536961555481,1.2462867498397827,1.200912356376648,1.141624927520752,1.2245396375656128,1.219674825668335,0.9360221028327942,0.9053419828414917,1.0010240077972412,0.0,0.9727942943572998,1.0874273777008057,0.9513426423072815,0.7725161910057068,1.1151340007781982,1.3267285823822021,1.2619749307632446,1.162774682044983,0.8611762523651123,0.8850014805793762,1.113327145576477,0.8718170523643494,1.128177285194397,1.1004505157470703,1.0541541576385498,1.1880074739456177,0.9485815763473511,0.9143344163894653,1.1720008850097656,0.9256739020347595,1.254516839981079,1.1904137134552002,1.3157541751861572,1.2900969982147217,1.3263325691223145,1.175376534461975,1.3836669921875,1.2906713485717773,1.337780475616455,0.7936967015266418,1.0788122415542603,1.0926024913787842,1.3173084259033203,1.0930875539779663,1.2714377641677856,1.1279234886169434,0.9355999231338501,0.8857059478759766,1.0483574867248535,1.118163824081421,1.290595293045044,1.0886666774749756,1.1723657846450806,1.159175157546997,0.9458938837051392,1.1279873847961426,0.9318428039550781,1.1009011268615723,0.9327648282051086,0.9668319821357727,0.8485250473022461,0.9387649297714233,0.936920166015625,0.721593976020813,0.8582050800323486,0.6790193319320679,1.0025089979171753,0.6292712688446045,0.6108906269073486,0.6430739164352417,0.5508720278739929,0.6075792908668518,0.6973664164543152,0.6305829286575317,0.8642519116401672,0.8904839754104614,0.46033865213394165,0.6591706871986389,0.8629357814788818,1.0521612167358398,0.617048442363739,0.7970551252365112,0.9269675016403198,0.8178221583366394,0.8025975227355957,1.2237520217895508,1.0409597158432007,0.8913126587867737,0.6914327144622803,0.6729071140289307,1.0275458097457886,1.1057487726211548,0.9633595943450928,0.8498312830924988,1.1123343706130981,1.0636882781982422,0.8782527446746826,0.8366471529006958,0.8512835502624512,0.6614080667495728,1.0094630718231201,0.8837094902992249,0.7736966013908386,0.8883280754089355,0.8200417757034302
