,rooster,fish,frog,alligator,cat,dog,face,hair,arm,hand,finger,toe,tooth,car,lamp,chair,bench,drawer,window,door,refrigerator,crib,bed,couch,table,bathtub,sink,clock,ball,balloon,orange,apple,hat,slipper,watch,nail,glasses,vacuum,shovel,scissors,spoon,knife,pencil,pen,crayon,plant,flower,bottle,cup,can,belt,basket,bucket,tape,bowl,plate,banana,cracker,pizza,glass,tray,box,book,paper,gum,toy,doll,mitten,glove,shoe,purse,pillow,towel,napkin,blanket,pajamas,bib,jacket,shirt,jeans,shorts
rooster,0.0,0.4827319383621216,0.44832074642181396,1.124596118927002,0.826791524887085,0.6691111922264099,1.0694364309310913,1.031062364578247,1.365630865097046,1.2123959064483643,0.9145751595497131,0.8174999952316284,0.6975904703140259,0.9235385656356812,0.7467551827430725,1.3336472511291504,1.46104097366333,1.0117698907852173,1.170135498046875,1.1157636642456055,1.3187819719314575,1.44430410861969,1.4550824165344238,1.4300752878189087,1.4842267036437988,1.4303483963012695,1.2678486108779907,0.6778533458709717,0.8694485425949097,0.9295991659164429,0.8665244579315186,0.6990339756011963,0.7511518001556396,0.6358277201652527,0.7776822447776794,0.8091102838516235,0.8111398220062256,0.9761818647384644,0.7280358672142029,1.0118826627731323,0.7211214303970337,0.7604477405548096,0.7175253629684448,0.7125401496887207,0.7167122960090637,0.7902319431304932,0.6453890204429626,0.7498588562011719,0.8201597332954407,0.8794788122177124,0.6995745301246643,1.173751950263977,1.0555949211120605,0.8642495274543762,0.9718729853630066,0.949402928352356,0.7133285999298096,1.1043323278427124,0.9596516489982605,1.3110930919647217,1.3140637874603271,1.3270705938339233,1.059638500213623,1.2925751209259033,0.9989885687828064,0.8112610578536987,0.9023997783660889,1.26869535446167,0.9886260032653809,1.025361180305481,1.1747857332229614,0.953944742679596,0.9469929933547974,0.9734465479850769,1.4088571071624756,1.4804713726043701,1.4259629249572754,1.4334467649459839,1.374851942062378,1.4201407432556152,1.3219001293182373
fish,0.4827319383621216,0.0,0.5413962006568909,1.2396341562271118,1.0033478736877441,1.0465022325515747,1.2790277004241943,1.2684259414672852,1.3283307552337646,1.277354121208191,0.8887724280357361,0.7868002653121948,0.5494536757469177,0.8824986219406128,0.5892383456230164,1.3206980228424072,1.3541710376739502,1.0025293827056885,1.2694036960601807,1.224680781364441,1.3830857276916504,1.437983512878418,1.4068059921264648,1.43454909324646,1.4672372341156006,1.3603155612945557,1.1377254724502563,0.7515533566474915,0.650651752948761,0.6732163429260254,0.5771363973617554,0.5211504697799683,0.761448323726654,0.456828236579895,0.6700178384780884,0.6116089224815369,0.8798227310180664,1.1030290126800537,0.6708644032478333,0.9016213417053223,0.6220062375068665,0.5465385913848877,0.4140053987503052,0.40557658672332764,0.3635350465774536,1.001340627670288,0.8590234518051147,0.5849907398223877,0.6423861384391785,0.805645763874054,0.41789448261260986,1.1011590957641602,0.8802490830421448,0.6771873831748962,0.7731637954711914,0.7932307720184326,0.6084045171737671,1.1671087741851807,1.0172640085220337,1.3865032196044922,1.2758843898773193,1.3605315685272217,1.0814608335494995,1.2972497940063477,0.8246076107025146,0.6716898083686829,1.1798468828201294,1.2224061489105225,0.900609016418457,0.9054998755455017,1.2118797302246094,0.7403302192687988,0.7175936698913574,0.712434709072113,1.2730684280395508,1.4724650382995605,1.4526057243347168,1.331529140472412,1.4526740312576294,1.3968615531921387,1.3697142601013184
frog,0.44832074642181396,0.5413962006568909,0.0,0.9305991530418396,1.0664196014404297,0.811287522315979,1.0661580562591553,1.2003037929534912,1.318337321281433,1.197087049484253,1.0895805358886719,1.0549700260162354,0.9717632532119751,1.031394600868225,0.9393987059593201,1.319106936454773,1.3243625164031982,1.0877649784088135,1.2670440673828125,1.2860095500946045,1.395847201347351,1.2677468061447144,1.277591586112976,1.3218541145324707,1.2898597717285156,1.260493516921997,1.1868224143981934,0.6176770925521851,0.7724142074584961,0.7701376676559448,0.8792349100112915,0.7351459264755249,0.8919945359230042,0.7926967740058899,1.0126744508743286,1.049863338470459,1.0235766172409058,1.1284401416778564,0.8172026872634888,0.7634109258651733,0.7776273488998413,0.9126499891281128,0.8779556155204773,0.9059600830078125,0.8298819065093994,0.7831158638000488,0.6972850561141968,0.8933172225952148,0.8974682092666626,1.0938639640808105,1.003159999847412,1.0918573141098022,0.8743882775306702,0.7407946586608887,0.8814930319786072,0.8281029462814331,0.5653484463691711,1.0075311660766602,0.8823671936988831,1.256127953529358,1.0363004207611084,1.086430311203003,0.8339365720748901,1.0481036901474,0.7106013298034668,0.45871204137802124,0.7308223843574524,0.9844499230384827,0.9148193597793579,0.8816814422607422,1.0087448358535767,1.0332286357879639,0.8404648303985596,0.8801862001419067,1.2170735597610474,1.3111011981964111,1.2114633321762085,1.2545077800750732,1.3179316520690918,1.33165442943573,1.3658561706542969
alligator,1.124596118927002,1.2396341562271118,0.9305991530418396,0.0,0.7193926572799683,0.764552652835846,0.6978839635848999,0.8120222687721252,0.5797085762023926,0.927664577960968,1.3660356998443604,1.4289238452911377,1.431801438331604,1.2418608665466309,1.5309767723083496,0.8542333841323853,0.5923090577125549,1.1916199922561646,0.7200695872306824,0.9823774099349976,0.7150991559028625,0.604956865310669,0.4386405348777771,0.44066739082336426,0.43601149320602417,0.5147864818572998,0.862564742565155,1.3449161052703857,1.4254791736602783,1.398584246635437,1.4521307945251465,1.521336555480957,1.452901840209961,1.5522966384887695,1.5491161346435547,1.4843649864196777,1.352026104927063,1.1514527797698975,1.4109747409820557,1.0951101779937744,1.3702988624572754,1.4608157873153687,1.5440360307693481,1.5665088891983032,1.5806043148040771,0.938848614692688,1.1399239301681519,1.577251672744751,1.5953648090362549,1.4739707708358765,1.5386712551116943,1.1420049667358398,1.307362675666809,1.5044567584991455,1.3742291927337646,1.2679553031921387,1.20838463306427,0.6457325220108032,1.0274968147277832,0.6830869317054749,0.8094019889831543,0.8322919011116028,0.9882158041000366,0.5177085995674133,1.2150088548660278,1.3791998624801636,1.023558259010315,0.5651671886444092,1.0817649364471436,0.9619026184082031,0.7427395582199097,1.1772760152816772,1.1807122230529785,1.1927764415740967,0.487018883228302,0.5032067894935608,0.4971093535423279,0.5620914101600647,0.5624197125434875,0.4687567949295044,0.6840054392814636
cat,0.826791524887085,1.0033478736877441,1.0664196014404297,0.7193926572799683,0.0,0.3072148561477661,0.8353478908538818,0.8233686685562134,0.8920555710792542,1.087289571762085,1.2828291654586792,1.2638386487960815,1.2283942699432373,0.8700719475746155,1.112290859222412,0.8879317045211792,0.7787746787071228,1.120281457901001,0.6836978197097778,0.7800601720809937,0.7707154750823975,0.8232909440994263,0.7132292985916138,0.7176112532615662,0.7696107625961304,0.7362720370292664,0.954820454120636,1.0915390253067017,1.181808352470398,1.2061738967895508,1.2083940505981445,1.2597540616989136,1.0856367349624634,1.1769914627075195,1.2071844339370728,1.188459873199463,1.1223827600479126,0.968614935874939,1.2756316661834717,1.2465797662734985,1.1215927600860596,1.1876037120819092,1.2497395277023315,1.2156012058258057,1.2706611156463623,0.907985508441925,1.0320634841918945,1.2139836549758911,1.2747052907943726,1.0829671621322632,1.0605261325836182,1.0737371444702148,1.204014539718628,1.299077033996582,1.1783032417297363,1.2036292552947998,1.2338194847106934,0.9749331474304199,1.1335325241088867,0.7889904975891113,1.1013455390930176,1.035157322883606,1.1590651273727417,0.9508015513420105,1.3544596433639526,1.3081419467926025,1.0253782272338867,0.9722967743873596,1.1217862367630005,1.0601147413253784,0.9398754835128784,0.8673880696296692,1.1076140403747559,1.1188260316848755,0.6411517858505249,0.8075284361839294,0.8998832702636719,0.7510973215103149,0.805464506149292,0.8075203895568848,0.8687520623207092
dog,0.6691111922264099,1.0465022325515747,0.811287522315979,0.764552652835846,0.3072148561477661,0.0,0.8874076008796692,0.9349225163459778,1.070902943611145,1.1289794445037842,1.2827061414718628,1.219716191291809,1.2544784545898438,0.9520546197891235,1.148681879043579,1.014370322227478,0.9865279197692871,1.111107349395752,0.9217199087142944,0.9735643863677979,1.0321331024169922,0.9473646283149719,0.8720329999923706,0.8733794093132019,0.9225925803184509,1.0059475898742676,1.0798438787460327,0.8664934635162354,1.070303201675415,1.1162298917770386,1.1858785152435303,1.1826711893081665,0.9782236218452454,1.0769559144973755,1.200107216835022,1.2201825380325317,1.102933645248413,0.8922768235206604,1.115864872932434,1.113302230834961,1.0159332752227783,1.1578950881958008,1.2590245008468628,1.2477219104766846,1.2734851837158203,0.7875126004219055,0.8028424382209778,1.107627511024475,1.1474051475524902,1.0807775259017944,1.20870041847229,1.015680193901062,1.0993400812149048,1.0900115966796875,1.0714807510375977,1.0749874114990234,1.0730774402618408,0.7623332738876343,0.909470796585083,0.9789755940437317,1.004375696182251,0.9748525023460388,0.9888741374015808,1.0164834260940552,1.1834604740142822,1.032278299331665,0.5893429517745972,0.8957291841506958,0.9254189133644104,0.9254948496818542,0.7991005778312683,0.9194811582565308,0.9720972776412964,1.0159088373184204,0.8881134986877441,0.9795865416526794,1.0002893209457397,0.9840793013572693,1.0149184465408325,1.0278631448745728,1.0557998418807983
face,1.0694364309310913,1.2790277004241943,1.0661580562591553,0.6978839635848999,0.8353478908538818,0.8874076008796692,0.0,0.3386096954345703,0.7597037553787231,0.8177347183227539,1.0227214097976685,0.9914177060127258,1.1765614748001099,1.1266579627990723,1.3463467359542847,1.070783019065857,0.850621223449707,1.2415739297866821,0.8445848822593689,0.9893088936805725,0.9322826862335205,0.9008890390396118,0.7030242681503296,0.7355833053588867,0.7378705739974976,0.8244602680206299,1.0460373163223267,1.0521726608276367,1.1157952547073364,1.1643016338348389,1.1300556659698486,1.1424634456634521,0.8984182476997375,1.329557180404663,1.1707992553710938,1.04490327835083,0.6641066074371338,1.3016369342803955,1.3399388790130615,1.1636104583740234,1.3603030443191528,1.3935078382492065,1.2580814361572266,1.3190325498580933,1.3110408782958984,1.0241518020629883,1.1266990900039673,1.3319048881530762,1.3412353992462158,1.404627799987793,1.2546995878219604,1.2335716485977173,1.3548542261123657,1.2683024406433105,1.2711416482925415,1.1955538988113403,1.2016816139221191,0.9069132804870605,1.043289065361023,0.847486674785614,1.000502347946167,1.0048232078552246,1.0420722961425781,0.8009921312332153,1.1656590700149536,1.1963027715682983,0.9567978382110596,0.9463215470314026,1.2558947801589966,1.1388871669769287,1.130885124206543,1.282914638519287,1.4230479001998901,1.434948205947876,0.8233789205551147,0.6722127199172974,0.7021239399909973,0.7945350408554077,0.4796462059020996,0.7255195379257202,0.7908121347427368
hair,1.031062364578247,1.2684259414672852,1.2003037929534912,0.8120222687721252,0.8233686685562134,0.9349225163459778,0.3386096954345703,0.0,0.7415934205055237,0.7381757497787476,0.8111269474029541,0.7691611051559448,1.003064751625061,1.1482458114624023,1.3131613731384277,1.023078441619873,0.9104772210121155,1.2068711519241333,0.9032446146011353,0.9898147583007812,0.9527438879013062,1.0444810390472412,0.8272403478622437,0.8237144947052002,0.895847499370575,0.9609816670417786,1.0994596481323242,1.225937843322754,1.1691467761993408,1.1908369064331055,1.1202359199523926,1.132514238357544,0.6704788208007812,1.2131422758102417,0.957064151763916,0.9372912049293518,0.5841319561004639,1.2321363687515259,1.2538474798202515,1.2473729848861694,1.303847074508667,1.2822519540786743,1.191217064857483,1.2110751867294312,1.2427215576171875,1.0201033353805542,1.1391710042953491,1.2801593542099,1.3425805568695068,1.2985773086547852,1.1129474639892578,1.2900069952011108,1.3738770484924316,1.3747329711914062,1.3477165699005127,1.3248629570007324,1.2269498109817505,0.9128748178482056,1.1416138410568237,0.9686856865882874,1.1936458349227905,1.155951738357544,1.2045438289642334,0.9555008411407471,1.2138594388961792,1.3677635192871094,1.053901195526123,0.8742595314979553,1.1126627922058105,1.1230418682098389,1.1345857381820679,1.191282868385315,1.3624992370605469,1.3717378377914429,0.8999173045158386,0.7514021396636963,0.7853631377220154,0.8409211039543152,0.588371753692627,0.6911270618438721,0.6741586923599243
arm,1.365630865097046,1.3283307552337646,1.318337321281433,0.5797085762023926,0.8920555710792542,1.070902943611145,0.7597037553787231,0.7415934205055237,0.0,0.4209021329879761,0.8504816293716431,1.0034571886062622,1.2421374320983887,1.2574057579040527,1.4722362756729126,0.8703378438949585,0.5827902555465698,1.1811672449111938,0.7830739617347717,0.9443582892417908,0.7211073637008667,0.7880655527114868,0.5311697721481323,0.5681722164154053,0.5515749454498291,0.659956693649292,0.9153901934623718,1.513981580734253,1.3685730695724487,1.3472093343734741,1.2913057804107666,1.3921674489974976,1.373060941696167,1.4930036067962646,1.229996681213379,1.253870964050293,1.1850600242614746,1.2010612487792969,1.4357867240905762,1.216776728630066,1.3432936668395996,1.3447967767715454,1.3433592319488525,1.3791218996047974,1.4228289127349854,1.0688223838806152,1.2451647520065308,1.4897757768630981,1.500693678855896,1.404076337814331,1.339915156364441,1.2543084621429443,1.3806509971618652,1.538743495941162,1.3995027542114258,1.333681344985962,1.3662052154541016,0.6833062171936035,1.0330196619033813,0.7813552021980286,0.9118556976318359,1.0040875673294067,1.130980134010315,0.6411406397819519,1.2009081840515137,1.5074818134307861,1.0447688102722168,0.6093456745147705,0.8813614249229431,1.12382972240448,0.9607858657836914,1.100058913230896,1.2906450033187866,1.248364806175232,0.60236656665802,0.38131052255630493,0.3938789367675781,0.6190358996391296,0.3445311188697815,0.4095200300216675,0.47327959537506104
hand,1.2123959064483643,1.277354121208191,1.197087049484253,0.927664577960968,1.087289571762085,1.1289794445037842,0.8177347183227539,0.7381757497787476,0.4209021329879761,0.0,0.3933814764022827,0.6468160152435303,1.0460630655288696,1.3435578346252441,1.4453226327896118,1.0788923501968384,0.9052972793579102,1.1536970138549805,1.0380195379257202,1.0703892707824707,1.0060771703720093,1.0530805587768555,0.9307758808135986,0.9556882977485657,0.8957222104072571,0.9860392808914185,1.0461028814315796,1.3796052932739258,1.2812384366989136,1.2138952016830444,1.1947927474975586,1.2249879837036133,1.1751065254211426,1.3205928802490234,1.0505595207214355,1.1322284936904907,0.9598841071128845,1.2707068920135498,1.2715883255004883,1.1126086711883545,1.2164055109024048,1.24326491355896,1.1967040300369263,1.2608599662780762,1.3157954216003418,1.0991300344467163,1.2083749771118164,1.4295732975006104,1.4222050905227661,1.369497299194336,1.2597049474716187,1.2646266222000122,1.3311982154846191,1.4009790420532227,1.2981631755828857,1.2618818283081055,1.2389808893203735,0.6493433117866516,0.915410041809082,0.9246671795845032,0.9319692850112915,1.081503987312317,1.0784677267074585,0.8111962676048279,0.8370139598846436,1.3420486450195312,0.9233453869819641,0.5233123302459717,0.7464499473571777,1.03047776222229,1.0129543542861938,1.2256115674972534,1.2923591136932373,1.2434858083724976,0.9564001560211182,0.6630725860595703,0.586536169052124,0.9479041695594788,0.7000638246536255,0.726517915725708,0.67927086353302
finger,0.9145751595497131,0.8887724280357361,1.0895805358886719,1.3660356998443604,1.2828291654586792,1.2827061414718628,1.0227214097976685,0.8111269474029541,0.8504816293716431,0.3933814764022827,0.0,0.1219295859336853,0.428475022315979,1.2599214315414429,0.9913164377212524,1.2514623403549194,1.307507038116455,1.0109634399414062,1.337498664855957,1.2137223482131958,1.3564038276672363,1.4572300910949707,1.358447790145874,1.3543764352798462,1.4370230436325073,1.4239509105682373,1.2801916599273682,1.0849366188049316,0.9023633599281311,0.8960042595863342,0.7389086484909058,0.6877599954605103,0.6928024888038635,0.6898548603057861,0.44021493196487427,0.5460655689239502,0.5285107493400574,1.2352374792099,0.8833903074264526,1.1033746004104614,0.9249814748764038,0.8389450311660767,0.6373526453971863,0.6669542193412781,0.6923657655715942,1.2243363857269287,1.179085373878479,0.9414239525794983,0.9539800882339478,1.0315577983856201,0.7339599132537842,1.271247148513794,1.2190922498703003,0.9971394538879395,1.1549046039581299,1.1579598188400269,0.9225932955741882,0.9677211046218872,1.0462846755981445,1.392246961593628,1.3564192056655884,1.3990076780319214,1.2252916097640991,1.3004919290542603,0.8210362195968628,1.0597954988479614,1.0328313112258911,0.9729874134063721,0.723526120185852,1.0132004022598267,1.278825283050537,1.0562430620193481,1.0867884159088135,1.0517053604125977,1.3596607446670532,1.1705031394958496,1.1564853191375732,1.2568528652191162,1.1309702396392822,1.0915486812591553,0.9387399554252625
toe,0.8174999952316284,0.7868002653121948,1.0549700260162354,1.4289238452911377,1.2638386487960815,1.219716191291809,0.9914177060127258,0.7691611051559448,1.0034571886062622,0.6468160152435303,0.1219295859336853,0.0,0.29335469007492065,1.23531973361969,0.8568664789199829,1.3015164136886597,1.4160479307174683,1.0719151496887207,1.428724765777588,1.2348005771636963,1.449087381362915,1.5709656476974487,1.4192546606063843,1.3879526853561401,1.5462470054626465,1.549107551574707,1.3931628465652466,0.946001410484314,0.7703225612640381,0.8312773704528809,0.5826560258865356,0.5265811681747437,0.4810945391654968,0.4688938856124878,0.2947763204574585,0.3382284641265869,0.3689382076263428,1.245082974433899,0.7831062078475952,1.1489595174789429,0.895797073841095,0.8095483183860779,0.5416626930236816,0.5630221366882324,0.5644557476043701,1.2496843338012695,1.1578797101974487,0.748866617679596,0.7763655185699463,0.9020651578903198,0.6066465377807617,1.2793391942977905,1.1665706634521484,0.8687828779220581,1.0999243259429932,1.1407127380371094,0.8424806594848633,1.0822539329528809,1.109971046447754,1.5118780136108398,1.510864496231079,1.4638822078704834,1.2803819179534912,1.4431214332580566,0.9117274880409241,0.9526360034942627,0.9850805401802063,1.089388132095337,0.7100167870521545,0.9449283480644226,1.3162249326705933,0.9787080883979797,1.0245970487594604,1.0157413482666016,1.4214198589324951,1.2771892547607422,1.2854647636413574,1.3203232288360596,1.1892287731170654,1.1524910926818848,0.9805640578269958
tooth,0.6975904703140259,0.5494536757469177,0.9717632532119751,1.431801438331604,1.2283942699432373,1.2544784545898438,1.1765614748001099,1.003064751625061,1.2421374320983887,1.0460630655288696,0.428475022315979,0.29335469007492065,0.0,1.1127079725265503,0.6265796422958374,1.3646183013916016,1.4492926597595215,0.9999234676361084,1.408579707145691,1.1852617263793945,1.4139811992645264,1.579987645149231,1.498167872428894,1.4535815715789795,1.6235852241516113,1.542545199394226,1.319287657737732,0.8365575075149536,0.7896794676780701,0.8809330463409424,0.57796311378479,0.47048795223236084,0.5939165353775024,0.3732438087463379,0.30690574645996094,0.26067328453063965,0.4221554398536682,1.1769039630889893,0.5828062891960144,1.0003015995025635,0.7343158721923828,0.5242167711257935,0.2589966058731079,0.2878795862197876,0.31012606620788574,1.2837527990341187,1.1336838006973267,0.58601975440979,0.6411017179489136,0.820196807384491,0.44186723232269287,1.223704218864441,1.1735868453979492,0.750805139541626,1.0292171239852905,1.01359224319458,0.6831858158111572,1.1630289554595947,1.0999727249145508,1.5487829446792603,1.5224038362503052,1.4959046840667725,1.2565922737121582,1.4528517723083496,0.9689752459526062,0.9396202564239502,1.1884427070617676,1.3281159400939941,0.8682494163513184,1.0640299320220947,1.4413971900939941,0.8584970831871033,0.8948134183883667,0.8718490600585938,1.436570405960083,1.4408438205718994,1.4334278106689453,1.3983300924301147,1.3733808994293213,1.2942602634429932,1.1315114498138428
car,0.9235385656356812,0.8824986219406128,1.031394600868225,1.2418608665466309,0.8700719475746155,0.9520546197891235,1.1266579627990723,1.1482458114624023,1.2574057579040527,1.3435578346252441,1.2599214315414429,1.23531973361969,1.1127079725265503,0.0,0.7061187028884888,0.7369028329849243,0.8999820947647095,0.7790513038635254,0.6699079871177673,0.7786365747451782,0.7789666652679443,0.8580753207206726,1.0357089042663574,1.0566438436508179,1.111463189125061,0.9758337140083313,0.8993955850601196,0.8678605556488037,0.9718824028968811,0.9665014743804932,1.003489375114441,1.009798288345337,0.8316606283187866,0.7900227308273315,1.0198583602905273,1.0146822929382324,1.0457521677017212,0.5191048979759216,0.8899847269058228,0.9158260822296143,0.7912458181381226,0.7414931654930115,0.9037092924118042,0.791877031326294,0.8247756361961365,0.7727545499801636,0.7480335831642151,0.663327157497406,0.7425315380096436,0.6310572624206543,0.7773675918579102,0.6874761581420898,0.6785751581192017,0.8367723226547241,0.7820928692817688,0.8547536134719849,0.950657844543457,1.3842653036117554,1.0957127809524536,0.8886056542396545,1.0285863876342773,0.9613783359527588,0.8704639673233032,1.1313269138336182,1.1361478567123413,0.808184027671814,0.9943519830703735,1.3246898651123047,1.0550509691238403,0.9832095503807068,0.9498180747032166,0.7366394400596619,0.740738034248352,0.7744964361190796,1.020561695098877,1.1987375020980835,1.2600517272949219,1.023610234260559,1.137413740158081,1.2195017337799072,1.1768755912780762
lamp,0.7467551827430725,0.5892383456230164,0.9393987059593201,1.5309767723083496,1.112290859222412,1.148681879043579,1.3463467359542847,1.3131613731384277,1.4722362756729126,1.4453226327896118,0.9913164377212524,0.8568664789199829,0.6265796422958374,0.7061187028884888,0.0,0.9622209072113037,1.300506591796875,0.705750048160553,1.0499814748764038,0.7817044258117676,1.0881849527359009,1.2641783952713013,1.4525384902954102,1.422046184539795,1.4436644315719604,1.274308443069458,0.9644970893859863,0.4519661068916321,0.6132653951644897,0.6577914357185364,0.6260897517204285,0.5723031163215637,0.6749348640441895,0.4130825996398926,0.5759284496307373,0.599676251411438,0.8394924402236938,0.548082709312439,0.4406117796897888,0.8154476284980774,0.5020066499710083,0.41655194759368896,0.4157813787460327,0.3655499815940857,0.36851680278778076,0.8550338745117188,0.721379280090332,0.2828252911567688,0.2565821409225464,0.348544716835022,0.4592268466949463,0.7901409864425659,0.5740925073623657,0.4571101665496826,0.6139513850212097,0.7128530740737915,0.7713375091552734,1.4176017045974731,1.1342110633850098,1.2168858051300049,1.2513830661773682,1.169242262840271,1.003761649131775,1.4181408882141113,1.0251494646072388,0.6675958037376404,1.1645606756210327,1.5913512706756592,1.1476131677627563,1.0019537210464478,1.1375447511672974,0.7568706274032593,0.7372177839279175,0.7203241586685181,1.4521675109863281,1.5756933689117432,1.6580939292907715,1.3998817205429077,1.4863264560699463,1.5577585697174072,1.4665203094482422
chair,1.3336472511291504,1.3206980228424072,1.319106936454773,0.8542333841323853,0.8879317045211792,1.014370322227478,1.070783019065857,1.023078441619873,0.8703378438949585,1.0788923501968384,1.2514623403549194,1.3015164136886597,1.3646183013916016,0.7369028329849243,0.9622209072113037,0.0,0.2961695194244385,0.640393853187561,0.6013492345809937,0.6231600046157837,0.5355361700057983,0.3909294605255127,0.526656985282898,0.4048669934272766,0.5841142535209656,0.5930216312408447,0.7477673292160034,1.1928678750991821,1.2829720973968506,1.1808923482894897,1.2694813013076782,1.4241870641708374,1.1056017875671387,1.1828358173370361,1.2215782403945923,1.3625783920288086,1.2426280975341797,0.4966030716896057,1.0858542919158936,0.9919693470001221,1.1554760932922363,1.0786734819412231,1.2467474937438965,1.204800009727478,1.2502589225769043,0.9274916648864746,1.085106611251831,1.1584980487823486,1.1221139430999756,0.6812740564346313,1.0166435241699219,0.558597981929779,0.7718902826309204,1.2125827074050903,1.0917320251464844,1.1356902122497559,1.2650349140167236,1.1142383813858032,1.2390873432159424,0.8416423201560974,0.8684661984443665,0.6206815838813782,0.9191948175430298,0.9051528573036194,1.2457197904586792,1.1633250713348389,1.0131477117538452,0.9161270260810852,0.9571713805198669,0.9358519911766052,0.5544368028640747,0.6343375444412231,0.7411443591117859,0.7454397678375244,0.5983190536499023,0.7805801033973694,0.8585771322250366,0.6062633395195007,0.787575364112854,0.7109231352806091,0.7292265892028809
bench,1.46104097366333,1.3541710376739502,1.3243625164031982,0.5923090577125549,0.7787746787071228,0.9865279197692871,0.850621223449707,0.9104772210121155,0.5827902555465698,0.9052972793579102,1.307507038116455,1.4160479307174683,1.4492926597595215,0.8999820947647095,1.300506591796875,0.2961695194244385,0.0,0.8594813942909241,0.47113513946533203,0.7587176561355591,0.5596634149551392,0.300411581993103,0.2574981451034546,0.22499984502792358,0.28606462478637695,0.34284043312072754,0.6609700322151184,1.3813492059707642,1.3625816106796265,1.2976429462432861,1.384879469871521,1.5396264791488647,1.3772088289260864,1.486682653427124,1.4624375104904175,1.443742275238037,1.3531420230865479,0.9156719446182251,1.4127922058105469,1.0699712038040161,1.372507095336914,1.2987697124481201,1.3904184103012085,1.4072118997573853,1.4466421604156494,0.9762755632400513,1.1836276054382324,1.4528822898864746,1.440921664237976,1.1689817905426025,1.264712929725647,0.7438405752182007,1.1041944026947021,1.427337884902954,1.2356033325195312,1.1994988918304443,1.4152283668518066,0.8760937452316284,1.1261931657791138,0.6658951044082642,0.7170932292938232,0.6435206532478333,0.8705381751060486,0.5724072456359863,1.2144825458526611,1.3430252075195312,1.0899298191070557,0.7345815896987915,1.0842334032058716,1.007954478263855,0.7210795283317566,0.8058097958564758,0.9860700368881226,0.9851257801055908,0.35117828845977783,0.4591546058654785,0.5308189392089844,0.43610578775405884,0.540016233921051,0.4612942934036255,0.5961494445800781
drawer,1.0117698907852173,1.0025293827056885,1.0877649784088135,1.1916199922561646,1.120281457901001,1.111107349395752,1.2415739297866821,1.2068711519241333,1.1811672449111938,1.1536970138549805,1.0109634399414062,1.0719151496887207,0.9999234676361084,0.7790513038635254,0.705750048160553,0.640393853187561,0.8594813942909241,0.0,0.9306777715682983,0.7227113246917725,0.8061944246292114,0.7694075107574463,1.1070666313171387,1.057308554649353,1.1212674379348755,0.9201177954673767,0.7606178522109985,0.8435379862785339,1.0424623489379883,0.9982588291168213,1.0612967014312744,1.0817104578018188,1.0273395776748657,0.831658124923706,0.9195613861083984,1.1192395687103271,1.0329806804656982,0.6068512201309204,0.7863273024559021,0.881263256072998,0.780547022819519,0.6228662133216858,0.8190363049507141,0.7742576599121094,0.8458163738250732,1.0440034866333008,1.0250296592712402,0.9071333408355713,0.8720431327819824,0.5928763747215271,0.722190260887146,0.5164300203323364,0.7670655250549316,0.8640351891517639,0.7887085676193237,0.8091691732406616,1.079224705696106,1.159916639328003,1.0799199342727661,1.1503856182098389,0.8104993104934692,0.6928218603134155,0.8283893465995789,1.1253254413604736,1.0234118700027466,0.9324724078178406,1.080794334411621,1.248661994934082,1.054928183555603,0.9503377676010132,0.7974529266357422,0.7176733016967773,0.7328251600265503,0.7152875661849976,1.1379553079605103,1.2718511819839478,1.258129358291626,1.1601872444152832,1.2622394561767578,1.2451562881469727,1.1239702701568604
window,1.170135498046875,1.2694036960601807,1.2670440673828125,0.7200695872306824,0.6836978197097778,0.9217199087142944,0.8445848822593689,0.9032446146011353,0.7830739617347717,1.0380195379257202,1.337498664855957,1.428724765777588,1.408579707145691,0.6699079871177673,1.0499814748764038,0.6013492345809937,0.47113513946533203,0.9306777715682983,0.0,0.4430186152458191,0.38887810707092285,0.4841058850288391,0.5786006450653076,0.5647222995758057,0.5462076663970947,0.4634420871734619,0.7267259359359741,1.2136448621749878,1.3104578256607056,1.2553508281707764,1.3284716606140137,1.4169750213623047,1.343535304069519,1.4754749536514282,1.4408183097839355,1.3429347276687622,1.264676570892334,0.7653849124908447,1.345048189163208,1.144740104675293,1.3011424541473389,1.2740978002548218,1.3651885986328125,1.354070782661438,1.3858394622802734,0.713070273399353,0.9435292482376099,1.2891868352890015,1.2946557998657227,1.0694992542266846,1.241706132888794,0.885499119758606,1.1067687273025513,1.3849403858184814,1.216829776763916,1.1914887428283691,1.3521219491958618,1.0006225109100342,1.116703748703003,0.536213755607605,0.9029496908187866,0.842072069644928,1.035142421722412,0.761795163154602,1.3299609422683716,1.3575671911239624,1.1661628484725952,1.03366219997406,1.370415210723877,1.2177197933197021,1.014441728591919,1.047630786895752,1.1832751035690308,1.1744539737701416,0.6628894805908203,0.7012195587158203,0.7821426391601562,0.7089920043945312,0.6797011494636536,0.7712841033935547,0.8699469566345215
door,1.1157636642456055,1.224680781364441,1.2860095500946045,0.9823774099349976,0.7800601720809937,0.9735643863677979,0.9893088936805725,0.9898147583007812,0.9443582892417908,1.0703892707824707,1.2137223482131958,1.2348005771636963,1.1852617263793945,0.7786365747451782,0.7817044258117676,0.6231600046157837,0.7587176561355591,0.7227113246917725,0.4430186152458191,0.0,0.3207893967628479,0.7236818075180054,0.8056060075759888,0.7503852844238281,0.8321197032928467,0.633126974105835,0.7221292853355408,1.0282639265060425,1.2311054468154907,1.1902185678482056,1.229196310043335,1.2632949352264404,1.181535005569458,1.2017836570739746,1.2129137516021729,1.189856767654419,1.1110608577728271,0.5708397626876831,1.068000078201294,1.059812307357788,1.1110639572143555,1.049241304397583,1.1644288301467896,1.1499512195587158,1.1784723997116089,0.8582687973976135,0.9758233428001404,1.046168327331543,1.0451123714447021,0.7253900170326233,1.0305684804916382,0.8635157942771912,0.9570682048797607,1.218290090560913,1.133345603942871,1.1183574199676514,1.2201735973358154,1.104203462600708,1.1673920154571533,0.795768678188324,1.0341846942901611,0.8956748247146606,1.1133275032043457,1.0125683546066284,1.3003695011138916,1.2608753442764282,1.1699230670928955,1.1638929843902588,1.2518419027328491,1.1623047590255737,1.0040661096572876,0.8328285813331604,0.9968878626823425,0.9715655446052551,0.8559730052947998,0.871616005897522,1.0105029344558716,0.9064134359359741,0.8616849184036255,0.94802325963974,0.9371370673179626
refrigerator,1.3187819719314575,1.3830857276916504,1.395847201347351,0.7150991559028625,0.7707154750823975,1.0321331024169922,0.9322826862335205,0.9527438879013062,0.7211073637008667,1.0060771703720093,1.3564038276672363,1.449087381362915,1.4139811992645264,0.7789666652679443,1.0881849527359009,0.5355361700057983,0.5596634149551392,0.8061944246292114,0.38887810707092285,0.3207893967628479,0.0,0.48438000679016113,0.6057320237159729,0.5617638230323792,0.550115168094635,0.34784770011901855,0.49743854999542236,1.2698479890823364,1.4440505504608154,1.3642293214797974,1.4436326026916504,1.4992307424545288,1.4102997779846191,1.479866862297058,1.4496791362762451,1.3997347354888916,1.3030647039413452,0.648393452167511,1.2601569890975952,1.1555700302124023,1.2286906242370605,1.2135933637619019,1.407364845275879,1.3698093891143799,1.417677640914917,0.9064391851425171,1.108242392539978,1.260894775390625,1.2363667488098145,0.8563781380653381,1.2394424676895142,0.9016575217247009,0.952354371547699,1.3933491706848145,1.1267777681350708,1.1262593269348145,1.3281078338623047,1.060051679611206,1.149611473083496,0.4625840187072754,0.7657661437988281,0.7726572751998901,1.1074508428573608,0.7928792834281921,1.3387744426727295,1.4555997848510742,1.2633060216903687,0.9858899712562561,1.2458645105361938,1.2322766780853271,0.9456488490104675,0.9914198517799377,1.0982509851455688,1.0694102048873901,0.6673538684844971,0.6797881126403809,0.7687214612960815,0.6536192297935486,0.620269775390625,0.6493200063705444,0.7122504711151123
crib,1.44430410861969,1.437983512878418,1.2677468061447144,0.604956865310669,0.8232909440994263,0.9473646283149719,0.9008890390396118,1.0444810390472412,0.7880655527114868,1.0530805587768555,1.4572300910949707,1.5709656476974487,1.579987645149231,0.8580753207206726,1.2641783952713013,0.3909294605255127,0.300411581993103,0.7694075107574463,0.4841058850288391,0.7236818075180054,0.48438000679016113,0.0,0.3864187002182007,0.3826671838760376,0.34922337532043457,0.2877621650695801,0.6629106402397156,1.2620084285736084,1.3297821283340454,1.2484581470489502,1.3863191604614258,1.545982837677002,1.4131898880004883,1.5409133434295654,1.5114105939865112,1.4960631132125854,1.4115478992462158,0.7759678363800049,1.3415993452072144,0.9129108190536499,1.3781163692474365,1.3424687385559082,1.4599424600601196,1.465358018875122,1.4717177152633667,0.9137073159217834,1.1162426471710205,1.4033699035644531,1.356645107269287,1.0950555801391602,1.38918936252594,0.4220925569534302,0.9239453077316284,1.3159985542297363,1.1412948369979858,1.1352829933166504,1.367976188659668,0.9299625754356384,1.0836474895477295,0.5346609354019165,0.5735044479370117,0.4086936116218567,0.7909547686576843,0.5713030099868774,1.1587512493133545,1.1570284366607666,1.032349705696106,0.8231546878814697,1.2397655248641968,1.01450514793396,0.6726558804512024,1.038483738899231,1.046303391456604,1.0691063404083252,0.4727243185043335,0.5920705795288086,0.604788601398468,0.5724644660949707,0.7188799381256104,0.6855236291885376,0.8602238893508911
bed,1.4550824165344238,1.4068059921264648,1.277591586112976,0.4386405348777771,0.7132292985916138,0.8720329999923706,0.7030242681503296,0.8272403478622437,0.5311697721481323,0.9307758808135986,1.358447790145874,1.4192546606063843,1.498167872428894,1.0357089042663574,1.4525384902954102,0.526656985282898,0.2574981451034546,1.1070666313171387,0.5786006450653076,0.8056060075759888,0.6057320237159729,0.3864187002182007,0.0,0.11382454633712769,0.22219479084014893,0.35925889015197754,0.7674380540847778,1.3900983333587646,1.3391497135162354,1.3230342864990234,1.380800485610962,1.5028445720672607,1.3643972873687744,1.5497779846191406,1.5055301189422607,1.394039273262024,1.3236454725265503,1.0847480297088623,1.5509388446807861,1.1999914646148682,1.5019326210021973,1.5233798027038574,1.5155768394470215,1.5329465866088867,1.5445377826690674,1.007677435874939,1.2141324281692505,1.5168828964233398,1.5371371507644653,1.3393356800079346,1.378889799118042,0.9987344145774841,1.2520532608032227,1.4756165742874146,1.3421530723571777,1.277796983718872,1.4256964921951294,0.8408195972442627,1.1383510828018188,0.668771505355835,0.7804228067398071,0.7043730020523071,0.9428204298019409,0.5287674069404602,1.280760645866394,1.3740200996398926,0.9618104100227356,0.7033408880233765,1.075920581817627,1.0540601015090942,0.7272807359695435,0.8045422434806824,1.0694994926452637,1.1030224561691284,0.1065826416015625,0.30216890573501587,0.40621674060821533,0.27951580286026,0.4371628165245056,0.35302770137786865,0.5669252872467041
couch,1.4300752878189087,1.43454909324646,1.3218541145324707,0.44066739082336426,0.7176112532615662,0.8733794093132019,0.7355833053588867,0.8237144947052002,0.5681722164154053,0.9556882977485657,1.3543764352798462,1.3879526853561401,1.4535815715789795,1.0566438436508179,1.422046184539795,0.4048669934272766,0.22499984502792358,1.057308554649353,0.5647222995758057,0.7503852844238281,0.5617638230323792,0.3826671838760376,0.11382454633712769,0.0,0.26789379119873047,0.40089261531829834,0.8293280601501465,1.4199429750442505,1.3674533367156982,1.346816897392273,1.3934276103973389,1.510510802268982,1.3550200462341309,1.511305570602417,1.476060152053833,1.3906680345535278,1.2990180253982544,1.0241408348083496,1.5082814693450928,1.2231093645095825,1.5428199768066406,1.5192089080810547,1.5077680349349976,1.5220814943313599,1.528268575668335,0.9898937940597534,1.2237335443496704,1.488337516784668,1.500847339630127,1.2326340675354004,1.327592134475708,0.9540239572525024,1.2250019311904907,1.49447500705719,1.3950810432434082,1.3711752891540527,1.4304660558700562,0.8914623856544495,1.2136714458465576,0.6927082538604736,0.8690451383590698,0.6504218578338623,0.9957313537597656,0.6174332499504089,1.3151953220367432,1.3823953866958618,0.9709650874137878,0.7092173099517822,1.0689641237258911,1.0572636127471924,0.7102193236351013,0.8483213782310486,1.1081085205078125,1.1452655792236328,0.22494804859161377,0.35065019130706787,0.45795172452926636,0.34970200061798096,0.4388076066970825,0.3295344114303589,0.5275331735610962
table,1.4842267036437988,1.4672372341156006,1.2898597717285156,0.43601149320602417,0.7696107625961304,0.9225925803184509,0.7378705739974976,0.895847499370575,0.5515749454498291,0.8957222104072571,1.4370230436325073,1.5462470054626465,1.6235852241516113,1.111463189125061,1.4436644315719604,0.5841142535209656,0.28606462478637695,1.1212674379348755,0.5462076663970947,0.8321197032928467,0.550115168094635,0.34922337532043457,0.22219479084014893,0.26789379119873047,0.0,0.2497907280921936,0.5790450572967529,1.3864099979400635,1.3594863414764404,1.3103628158569336,1.4286810159683228,1.5480505228042603,1.50034761428833,1.6690419912338257,1.5963813066482544,1.4717411994934082,1.4240005016326904,1.0576043128967285,1.495733618736267,1.0813106298446655,1.4320945739746094,1.4985204935073853,1.5625592470169067,1.5894243717193604,1.5984892845153809,0.9568892121315002,1.1556507349014282,1.5287281274795532,1.488952398300171,1.3731651306152344,1.499268651008606,0.9910339713096619,1.1855589151382446,1.4291187524795532,1.2090123891830444,1.104087471961975,1.4369962215423584,0.8386262655258179,0.9927399158477783,0.4771606922149658,0.5167931914329529,0.6048039197921753,0.8550452589988708,0.3957163095474243,1.1865534782409668,1.337845802307129,1.097211241722107,0.750503659248352,1.287128210067749,1.157831072807312,0.8146324157714844,1.1341753005981445,1.2743022441864014,1.245621919631958,0.3632963299751282,0.42370498180389404,0.4543718695640564,0.4505406618118286,0.4888722896575928,0.4848705530166626,0.7040486931800842
bathtub,1.4303483963012695,1.3603155612945557,1.260493516921997,0.5147864818572998,0.7362720370292664,1.0059475898742676,0.8244602680206299,0.9609816670417786,0.659956693649292,0.9860392808914185,1.4239509105682373,1.549107551574707,1.542545199394226,0.9758337140083313,1.274308443069458,0.5930216312408447,0.34284043312072754,0.9201177954673767,0.4634420871734619,0.633126974105835,0.34784770011901855,0.2877621650695801,0.35925889015197754,0.40089261531829834,0.2497907280921936,0.0,0.29094260931015015,1.2924621105194092,1.3731441497802734,1.2810958623886108,1.4347903728485107,1.537723183631897,1.5128440856933594,1.5883153676986694,1.563996434211731,1.457446575164795,1.4304276704788208,0.9449625015258789,1.385776162147522,1.0230729579925537,1.278482437133789,1.3537156581878662,1.4866383075714111,1.4860717058181763,1.5209624767303467,0.9655457735061646,1.1956018209457397,1.4783871173858643,1.4012415409088135,1.2187775373458862,1.4302163124084473,0.8774994611740112,0.9962168335914612,1.3202840089797974,1.0328755378723145,1.0330936908721924,1.3993371725082397,0.9671174883842468,1.0935770273208618,0.4672752618789673,0.5306223630905151,0.6239051818847656,0.9770785570144653,0.5374203324317932,1.2256929874420166,1.3254748582839966,1.2464107275009155,0.870821475982666,1.3455047607421875,1.1372534036636353,0.8680025935173035,1.09061598777771,1.2028762102127075,1.157545804977417,0.4585834741592407,0.5728946328163147,0.611720860004425,0.5723883509635925,0.6131277680397034,0.5894058346748352,0.7833228707313538
