,rooster,bird,fish,frog,alligator,owl,cat,dog,face,hair,arm,hand,leg,foot,finger,toe,tooth,ear,nose,stroller,motorcycle,car,lamp,chair,bench,drawer,ladder,window,door,closet,refrigerator,oven,crib,bed,couch,table,bathtub,sink,boat,slide,sprinkler,clock,ball,balloon,pumpkin,egg,orange,apple,hat,slipper,watch,nail,glasses,necklace,carrot,vacuum,shovel,scissors,spoon,fork,knife,pencil,pen,crayon,plant,flower,bottle,cup,can,belt,radio,basket,bucket,tape,bowl,plate,pickle,banana,melon,bread,cracker,pizza,hamburger,muffin,glass,tray,box,book,paper,comb,toothbrush,gum,toy,doll,mitten,glove,sock,shoe,purse,pillow,towel,napkin,blanket,dress,pajamas,bib,scarf,jacket,sweater,shirt,jeans,pants,shorts
rooster,0.0,0.5840011835098267,0.880794882774353,0.6009821891784668,0.7374564409255981,0.8844863772392273,0.5395323038101196,0.4136308431625366,0.9476394057273865,0.8788397312164307,1.1757522821426392,1.0188027620315552,1.084256887435913,0.9653415679931641,1.036808729171753,0.9494775533676147,1.0482566356658936,0.9889239072799683,0.8668995499610901,0.8919581174850464,0.9250432848930359,0.9940141439437866,1.0102276802062988,1.0615317821502686,1.1956411600112915,1.0684198141098022,1.0522319078445435,1.0573415756225586,1.0840495824813843,1.0982685089111328,0.9850456118583679,1.0301098823547363,1.1412032842636108,1.1994231939315796,1.1477046012878418,1.1115306615829468,1.2396597862243652,1.1754125356674194,1.185673713684082,1.0833097696304321,1.1007614135742188,0.8143987059593201,0.9849234819412231,0.9721226692199707,0.9639670848846436,0.9587166905403137,1.0655021667480469,0.9416544437408447,0.8451828956604004,0.9272827506065369,1.0375206470489502,1.0267629623413086,1.0095021724700928,1.1315064430236816,1.0433112382888794,0.911896824836731,0.9255636930465698,0.9907199144363403,0.888739287853241,0.9737902283668518,1.1596044301986694,1.083060383796692,1.06779944896698,1.0446178913116455,0.7141978740692139,0.764865517616272,1.002890706062317,0.9854903221130371,1.063237190246582,1.0799587965011597,0.8816389441490173,1.038161277770996,0.9769744277000427,0.9333124756813049,1.033469796180725,0.948360025882721,1.0141953229904175,0.9589747190475464,1.0497993230819702,0.996865451335907,1.1051561832427979,1.0017588138580322,0.9106563329696655,0.9867629408836365,1.005449652671814,1.1634242534637451,1.1298800706863403,0.9410043954849243,1.1134693622589111,1.1260566711425781,1.127234935760498,0.9107410311698914,0.7718950510025024,0.6829078197479248,0.953285276889801,0.7612820267677307,0.9884446859359741,0.8718386888504028,0.840957760810852,0.9850578904151917,0.9041000604629517,0.8934342861175537,1.1210969686508179,1.0508241653442383,1.1609487533569336,1.1455931663513184,1.2189806699752808,1.1034973859786987,1.024320125579834,1.0538626909255981,1.1309236288070679,1.11891508102417,1.1012831926345825
bird,0.5840011835098267,0.0,0.8297244310379028,0.8432067632675171,0.8714109659194946,0.7688400745391846,0.6606684923171997,0.629022479057312,1.0583165884017944,0.9845423698425293,1.1554991006851196,1.0973519086837769,1.052850365638733,1.0773248672485352,1.1428608894348145,1.0043385028839111,0.8342841863632202,1.1731369495391846,0.7580448389053345,0.8611316680908203,0.7999904155731201,0.750881552696228,0.8378469944000244,0.9337767362594604,0.9412364363670349,1.186134934425354,0.9616348147392273,1.0343314409255981,1.0554466247558594,1.0787431001663208,0.9761412143707275,1.0032718181610107,1.118320107460022,1.1124588251113892,1.0381479263305664,1.0653660297393799,1.1990069150924683,1.1134538650512695,1.1128947734832764,1.0054590702056885,1.03884756565094,0.9590111374855042,0.8853013515472412,0.9161291718482971,0.9777323007583618,0.8825536966323853,0.9919602274894714,0.899423360824585,0.7312113046646118,0.7598585486412048,0.8273332715034485,0.8712661266326904,0.8939002752304077,1.0239534378051758,1.1097536087036133,0.798446536064148,0.8858649730682373,0.8550280332565308,0.8604350090026855,0.9076857566833496,0.9063040614128113,0.8745649456977844,0.8616309762001038,0.8580197095870972,0.7201492190361023,0.7820054292678833,0.7274885177612305,0.8594506978988647,0.8576480746269226,0.8673425912857056,0.8505764603614807,0.999106228351593,0.9645100831985474,0.8738285303115845,0.9529211521148682,1.0302520990371704,0.9881156086921692,0.9184204339981079,1.133992314338684,0.960811972618103,1.070104956626892,0.96353679895401,0.8210611343383789,0.9980807900428772,0.9839941263198853,1.1603893041610718,1.2119591236114502,1.0503779649734497,1.1651599407196045,1.0938749313354492,1.0576118230819702,1.0588033199310303,0.9220921993255615,0.8512083292007446,0.9295275211334229,0.7547656297683716,0.9805911779403687,0.9015981554985046,0.8160570859909058,0.8581385612487793,0.8346757292747498,0.8318275213241577,1.0501809120178223,1.0973423719406128,1.0881456136703491,1.1527435779571533,1.1997449398040771,0.9801042675971985,0.9741780757904053,1.0684130191802979,1.070005178451538,1.139970064163208,1.1595573425292969
fish,0.880794882774353,0.8297244310379028,0.0,0.4175049066543579,1.2178504467010498,1.0208978652954102,1.1812045574188232,1.1755919456481934,1.2698638439178467,1.2670968770980835,1.4822561740875244,1.3168206214904785,1.2916932106018066,1.044474482536316,0.8861356973648071,0.8017183542251587,0.4015347957611084,0.8028339147567749,0.6552102565765381,1.47597336769104,1.3750427961349487,0.7551635503768921,0.4280201196670532,1.4385080337524414,1.110267162322998,1.09451425075531,1.4538812637329102,1.1778713464736938,1.2998548746109009,1.4181748628616333,1.3781774044036865,1.133699893951416,1.49360990524292,1.523463249206543,1.5282166004180908,1.567429780960083,1.4139935970306396,0.9244295954704285,1.288278579711914,1.3863728046417236,1.3060896396636963,0.6427779197692871,0.5147730112075806,0.4197014570236206,0.9529969692230225,0.566239058971405,0.4451354146003723,0.4821692109107971,0.44596314430236816,0.3345188498497009,0.46998631954193115,0.4371439218521118,0.48237234354019165,0.4690786600112915,0.7472658157348633,1.291906476020813,1.115982174873352,0.6739832758903503,0.5003254413604736,0.3858950138092041,0.5818687081336975,0.21544784307479858,0.22239476442337036,0.19365239143371582,0.6517667770385742,0.6536493301391602,0.4504591226577759,0.6282494068145752,0.45347756147384644,0.26145780086517334,0.9532053470611572,1.105026364326477,0.9020073413848877,0.5022798776626587,0.6407191157341003,0.5048313140869141,0.518703818321228,0.4149806499481201,1.2233459949493408,0.6041321158409119,0.9963627457618713,1.2161900997161865,1.0027174949645996,0.855674147605896,1.4751439094543457,1.430056095123291,1.3055169582366943,0.6660188436508179,1.3186981678009033,1.21525239944458,1.0594810247421265,0.6410378813743591,0.7712083458900452,1.2186692953109741,1.4278411865234375,0.7371235489845276,0.8139164447784424,1.0705816745758057,1.2465052604675293,0.8353012800216675,0.7603915929794312,0.6690422296524048,1.3525023460388184,1.4438644647598267,1.5253074169158936,1.4990440607070923,1.1114208698272705,1.4801979064941406,1.4871479272842407,1.4916000366210938,1.4071292877197266,1.3166007995605469,1.1156224012374878
frog,0.6009821891784668,0.8432067632675171,0.4175049066543579,0.0,0.8896408677101135,0.7871056199073792,1.0313102006912231,0.9129975438117981,1.0541096925735474,1.1832938194274902,1.4387089014053345,1.2341859340667725,1.3300657272338867,1.044637680053711,1.0820345878601074,1.0042623281478882,0.833027720451355,1.0755428075790405,0.9036003351211548,1.249610424041748,1.20430326461792,0.9766151905059814,0.8164035081863403,1.4247310161590576,1.3138248920440674,1.1177465915679932,1.3366162776947021,1.2866160869598389,1.3405568599700928,1.354097604751587,1.2693920135498047,1.2626019716262817,1.2992949485778809,1.3974868059158325,1.4771381616592407,1.3821141719818115,1.3706305027008057,1.1581840515136719,1.194568157196045,1.1683357954025269,1.2042477130889893,0.57277512550354,0.7526741623878479,0.7215542793273926,0.9107934832572937,0.8687294721603394,0.8091149926185608,0.7498940229415894,0.7226879596710205,0.7131326198577881,0.9323014616966248,0.8934243321418762,0.9011861085891724,0.9040399789810181,0.9243885278701782,1.1700118780136108,0.9372336864471436,0.6938849687576294,0.6163128614425659,0.7604435682296753,0.934411883354187,0.7652395963668823,0.7517862319946289,0.6984800696372986,0.6584195494651794,0.5036389231681824,0.8390515446662903,0.8795635104179382,0.9518675804138184,0.8717760443687439,0.9496355652809143,0.9448276162147522,0.9555213451385498,0.6147174835205078,0.8447556495666504,0.6217964887619019,0.7057194709777832,0.4447762370109558,0.9013079404830933,0.7263100743293762,0.8241889476776123,1.0821374654769897,0.8992344737052917,0.8271452188491821,1.2271034717559814,1.1840606927871704,1.1464967727661133,0.7080597281455994,1.1924017667770386,1.165858268737793,1.05429208278656,0.6047260761260986,0.40798676013946533,0.7448102831840515,1.1881861686706543,0.7751553654670715,0.9247404336929321,0.9150111675262451,1.0378164052963257,0.9344824552536011,0.7935180068016052,0.7763926982879639,1.2371654510498047,1.3441798686981201,1.5040712356567383,1.2965762615203857,1.330411672592163,1.391810655593872,1.4248414039611816,1.3993686437606812,1.4499272108078003,1.419400930404663,1.3310964107513428
alligator,0.7374564409255981,0.8714109659194946,1.2178504467010498,0.8896408677101135,0.0,0.6200348138809204,0.5592579245567322,0.5574740171432495,0.7861230969429016,0.820324182510376,0.6425662040710449,0.922551155090332,0.8095539808273315,0.990481436252594,1.340980887413025,1.408036708831787,1.3800342082977295,1.335965633392334,1.2712783813476562,0.627274751663208,0.7522516250610352,1.114923357963562,1.4640191793441772,0.6731871366500854,0.819045901298523,0.8852382302284241,0.6884225606918335,0.8789581656455994,0.8502238392829895,0.7197675704956055,0.8580820560455322,1.113677978515625,0.6086581945419312,0.5441098213195801,0.5517643690109253,0.5708805918693542,0.6435922384262085,0.9891452789306641,0.7060983180999756,0.6346355676651001,0.8425033092498779,1.2568196058273315,1.4531075954437256,1.5248422622680664,0.9855561852455139,1.5258502960205078,1.5319275856018066,1.5413811206817627,1.5014187097549438,1.5151351690292358,1.5989972352981567,1.5989983081817627,1.519629955291748,1.506272792816162,1.153171181678772,0.8095713257789612,0.9771360754966736,1.1038450002670288,1.3718312978744507,1.3118082284927368,1.222423791885376,1.4200806617736816,1.455220341682434,1.5071370601654053,1.0091229677200317,1.1040445566177368,1.4703235626220703,1.4607784748077393,1.4956591129302979,1.4666091203689575,1.1528806686401367,0.8955022096633911,1.228981375694275,1.4850709438323975,1.3750836849212646,1.3736028671264648,1.2183154821395874,1.2307772636413574,0.7208243608474731,1.2454071044921875,0.804715633392334,0.716621994972229,0.794538676738739,1.1663100719451904,0.6172372102737427,0.7276419401168823,0.8567109107971191,1.113028883934021,0.6790763139724731,0.6151005625724792,0.9388620853424072,1.2210053205490112,1.108520746231079,0.8847641348838806,0.559066891670227,1.146813154220581,1.1496548652648926,0.9453569054603577,0.7453756332397461,0.9509206414222717,0.858768105506897,0.9601410031318665,0.5462222099304199,0.5780287981033325,0.6336557865142822,0.6168203353881836,1.0781970024108887,0.6501235961914062,0.6253232955932617,0.6436593532562256,0.6601040959358215,0.7920941114425659,0.9851127862930298
owl,0.8844863772392273,0.7688400745391846,1.0208978652954102,0.7871056199073792,0.6200348138809204,0.0,0.7430617809295654,0.8065386414527893,0.7303965091705322,0.9025047421455383,0.9733040928840637,1.0827754735946655,1.0371828079223633,1.079757571220398,1.2144739627838135,1.2451488971710205,1.1891283988952637,1.2463372945785522,1.1467632055282593,0.961520791053772,0.8544657230377197,0.9971855878829956,1.233533263206482,1.0483101606369019,1.0323113203048706,1.1798412799835205,0.9644972085952759,1.0079158544540405,1.185166358947754,0.9834009408950806,1.0733225345611572,1.2266324758529663,0.8854372501373291,0.7867537140846252,0.9004707336425781,0.8240542411804199,0.887800931930542,1.0537878274917603,0.7302759885787964,0.7871435880661011,0.7726222276687622,0.9894968867301941,1.1071339845657349,1.2115012407302856,0.9830741882324219,1.1511150598526,1.2539260387420654,1.219254493713379,1.1956896781921387,1.2334485054016113,1.2435874938964844,1.1969808340072632,1.2047041654586792,1.256163477897644,1.194155216217041,1.1448887586593628,1.0702686309814453,0.989701509475708,1.1682785749435425,1.0657099485397339,1.1288244724273682,1.1958558559417725,1.204239845275879,1.1950223445892334,1.0423164367675781,1.0448468923568726,1.1600074768066406,1.1800026893615723,1.3548526763916016,1.2065938711166382,1.1253318786621094,0.9567092061042786,1.1538984775543213,1.1310429573059082,1.097717523574829,1.123206377029419,1.116836428642273,1.1102900505065918,0.9435455799102783,1.0163618326187134,0.7816061973571777,0.8155680298805237,0.7906120419502258,0.9898697733879089,0.7713724374771118,0.8627238273620605,1.0380322933197021,1.0964553356170654,0.782023549079895,0.5441966652870178,1.0222933292388916,1.035987138748169,0.9617860317230225,0.9917137026786804,0.8000531196594238,1.2125968933105469,1.182431936264038,0.9365189075469971,1.0345778465270996,1.084537148475647,1.010568380355835,1.1243329048156738,0.769869863986969,0.8821097612380981,0.8760502338409424,0.7352880835533142,1.085019588470459,0.818458616733551,0.8091570734977722,0.8694843649864197,0.8771284222602844,0.9925565719604492,1.2100145816802979
cat,0.5395323038101196,0.6606684923171997,1.1812045574188232,1.0313102006912231,0.5592579245567322,0.7430617809295654,0.0,0.07500672340393066,0.8353058099746704,0.8039481043815613,0.9258737564086914,1.0383963584899902,0.8651984930038452,1.0560866594314575,1.2774667739868164,1.2626709938049316,1.2253060340881348,1.2589960098266602,0.9707385897636414,0.7504294514656067,0.7856457829475403,1.0085644721984863,1.1826186180114746,0.7735744714736938,0.9153656363487244,1.0145374536514282,0.7926536202430725,0.8557279706001282,0.8717219829559326,0.8033168315887451,0.798722505569458,0.9541387557983398,0.8214622735977173,0.7735980153083801,0.7381377220153809,0.7606544494628906,0.8149551153182983,0.9457616209983826,0.888232409954071,0.91905677318573,0.9141217470169067,1.1252270936965942,1.2087123394012451,1.2601597309112549,1.0491441488265991,1.2189855575561523,1.290997862815857,1.2943494319915771,1.23587965965271,1.25174880027771,1.2816166877746582,1.2560476064682007,1.2196478843688965,1.3082726001739502,1.2078826427459717,0.8064719438552856,1.03814697265625,1.159548282623291,1.2536121606826782,1.1707148551940918,1.175740122795105,1.2595692873001099,1.2752232551574707,1.3060448169708252,0.9457482099533081,1.1198939085006714,1.2073607444763184,1.2369104623794556,1.200919270515442,1.1996629238128662,1.0302866697311401,1.0568372011184692,1.1521271467208862,1.2623889446258545,1.1580551862716675,1.2158105373382568,1.1994975805282593,1.2003388404846191,0.959074079990387,1.1402337551116943,1.0179071426391602,0.8797417879104614,0.9156591892242432,1.04794442653656,0.8017494082450867,0.9306254982948303,0.9812735319137573,1.2268450260162354,0.9593712091445923,0.9024343490600586,1.100089430809021,1.2668249607086182,1.1394935846328735,0.9634422659873962,0.8669317960739136,1.1363964080810547,1.207007884979248,1.0127464532852173,0.8975223302841187,1.0654842853546143,1.0916746854782104,1.109822154045105,0.8748348951339722,0.8618708252906799,0.8486846685409546,0.8918435573577881,1.1253546476364136,0.811491072177887,0.7723532915115356,0.8074240684509277,0.7925903797149658,0.8346211910247803,1.0100866556167603
dog,0.4136308431625366,0.629022479057312,1.1755919456481934,0.9129975438117981,0.5574740171432495,0.8065386414527893,0.07500672340393066,0.0,0.8535265922546387,0.7962726354598999,0.9422671794891357,0.9860208630561829,0.8795250654220581,0.9682239294052124,1.1976064443588257,1.1382825374603271,1.2328054904937744,1.1910585165023804,0.973068356513977,0.7490438222885132,0.8198775053024292,1.0467653274536133,1.2395354509353638,0.7952935099601746,0.977616012096405,0.9893187880516052,0.8373367786407471,0.996135950088501,0.9327778220176697,0.8947509527206421,0.8513576984405518,0.995187520980835,0.8810197710990906,0.862339437007904,0.774746298789978,0.8106176853179932,0.9316174983978271,1.0705019235610962,0.963295578956604,0.9172860383987427,0.9526486992835999,1.0760788917541504,1.1620862483978271,1.235730767250061,0.9681515693664551,1.1544451713562012,1.26323401927948,1.2101287841796875,1.1547644138336182,1.1902793645858765,1.2623186111450195,1.229791283607483,1.1988539695739746,1.2971348762512207,1.1705026626586914,0.8082055449485779,1.0002670288085938,1.1920186281204224,1.1968810558319092,1.2163569927215576,1.259451150894165,1.3040688037872314,1.3088338375091553,1.3198076486587524,0.9038050770759583,1.023535966873169,1.193225383758545,1.2070902585983276,1.2366082668304443,1.274267315864563,0.9876231551170349,1.03203284740448,1.1327314376831055,1.1843523979187012,1.166473627090454,1.2054333686828613,1.2177916765213013,1.133996605873108,0.9242510199546814,1.0678839683532715,0.9771729111671448,0.9092787504196167,0.8324583172798157,0.9974310994148254,0.8694106340408325,0.9499239921569824,1.0034536123275757,1.1575429439544678,1.0047687292099,1.0281243324279785,1.1466104984283447,1.196000576019287,0.9995176196098328,0.7724272012710571,0.8005708456039429,0.9849603772163391,1.1099050045013428,0.9183056354522705,0.8045265674591064,0.9861047267913818,0.9864153861999512,1.0123507976531982,0.8885979056358337,0.8810452818870544,0.9077309370040894,0.9675198197364807,1.19593346118927,0.8749430775642395,0.8490264415740967,0.8737228512763977,0.8569738268852234,0.9155348539352417,1.0404374599456787
face,0.9476394057273865,1.0583165884017944,1.2698638439178467,1.0541096925735474,0.7861230969429016,0.7303965091705322,0.8353058099746704,0.8535265922546387,0.0,0.34982335567474365,0.7032139897346497,0.8025135397911072,1.0159854888916016,1.0173709392547607,1.0380216836929321,1.0549843311309814,1.2434735298156738,1.0185790061950684,1.2501816749572754,0.8113759756088257,0.7980271577835083,1.080608606338501,1.2816121578216553,0.920968770980835,1.0668529272079468,1.071803331375122,0.875632107257843,0.8855801820755005,0.9493588805198669,0.7364544868469238,0.9048105478286743,1.129866600036621,0.8549745082855225,0.7896000742912292,0.7569500207901001,0.8043481111526489,0.89760822057724,1.110021710395813,0.8447588682174683,0.7925029993057251,0.7375214099884033,0.9712020754814148,1.1615548133850098,1.2763780355453491,1.0188486576080322,1.170405387878418,1.1815879344940186,1.207617998123169,1.2001783847808838,1.332427978515625,1.2137234210968018,1.151671051979065,1.0879342555999756,1.249597430229187,1.1509922742843628,1.0295531749725342,1.057935118675232,1.086864948272705,1.360038161277771,1.348185420036316,1.2747491598129272,1.2928818464279175,1.328475832939148,1.328364610671997,1.1910070180892944,1.207843542098999,1.211005449295044,1.1746723651885986,1.3574433326721191,1.291341781616211,1.1326074600219727,1.1823395490646362,1.2286653518676758,1.2538819313049316,1.2453653812408447,1.2688716650009155,1.2377328872680664,1.2118195295333862,0.9453474283218384,1.2115757465362549,1.0925787687301636,1.0047411918640137,0.9610691666603088,1.1370466947555542,0.6986566185951233,0.8830052614212036,0.9887082576751709,1.1694211959838867,0.8736017942428589,0.8975585103034973,1.1034036874771118,1.1636836528778076,1.052487850189209,0.9145727753639221,0.8237988948822021,1.286726713180542,1.3102738857269287,0.9774017930030823,1.0204883813858032,1.2709068059921265,1.3127059936523438,1.4069360494613647,0.8842160701751709,0.7689946889877319,0.6945921182632446,0.6469172239303589,0.976912260055542,0.5606428980827332,0.6370592713356018,0.5662164688110352,0.8341233134269714,0.9054560661315918,1.0753662586212158
hair,0.8788397312164307,0.9845423698425293,1.2670968770980835,1.1832938194274902,0.820324182510376,0.9025047421455383,0.8039481043815613,0.7962726354598999,0.34982335567474365,0.0,0.7044797539710999,0.6610590219497681,0.853359580039978,0.8639118671417236,0.8226637840270996,0.8245139718055725,1.0875067710876465,0.7445402145385742,1.1420156955718994,0.8425860404968262,0.9174205660820007,1.1335071325302124,1.2458654642105103,0.9039119482040405,1.1131469011306763,1.0192071199417114,0.9497244954109192,0.8564131259918213,0.8518587350845337,0.7744135856628418,0.9488616585731506,1.13792085647583,1.0153937339782715,0.9658643007278442,0.7793092131614685,0.9447932243347168,0.9883261322975159,1.1639275550842285,1.064878225326538,1.0228177309036255,0.9474531412124634,1.1434569358825684,1.1621781587600708,1.2366198301315308,0.9509187340736389,1.0555171966552734,1.0914605855941772,1.1341205835342407,1.001841425895691,1.1729528903961182,1.071228265762329,1.01849365234375,0.859778881072998,1.0199697017669678,1.0183906555175781,1.044372797012329,1.2134425640106201,1.2393314838409424,1.3413302898406982,1.195135235786438,1.2866265773773193,1.257617473602295,1.2794928550720215,1.2678614854812622,1.0734128952026367,1.2012343406677246,1.2074947357177734,1.268113136291504,1.2597486972808838,1.2192474603652954,1.123468279838562,1.2365002632141113,1.3126276731491089,1.3653368949890137,1.3800146579742432,1.3600709438323975,1.1544791460037231,1.1848678588867188,1.0193825960159302,1.078529715538025,0.9916568994522095,1.0433268547058105,0.9543952941894531,0.929684042930603,0.7854115962982178,1.0966641902923584,1.095420002937317,1.2720081806182861,1.0651299953460693,0.926383376121521,1.0407670736312866,1.2015067338943481,1.2464152574539185,0.949646532535553,0.763259768486023,1.0541924238204956,1.1650047302246094,0.9565690755844116,1.0298491716384888,1.185675024986267,1.2607300281524658,1.2734369039535522,0.957638144493103,0.7720420360565186,0.6381163001060486,0.7570967674255371,0.8651888966560364,0.6550310850143433,0.6549674272537231,0.5884847044944763,0.7681254148483276,0.7799205183982849,0.7344043254852295
arm,1.1757522821426392,1.1554991006851196,1.4822561740875244,1.4387089014053345,0.6425662040710449,0.9733040928840637,0.9258737564086914,0.9422671794891357,0.7032139897346497,0.7044797539710999,0.0,0.3678598403930664,0.7524795532226562,0.6258002519607544,0.771418571472168,0.9143211245536804,1.2950878143310547,0.9132687449455261,1.2945659160614014,0.7941998839378357,0.8348156213760376,1.2638136148452759,1.51633882522583,0.6928844451904297,0.9451234340667725,0.9537566304206848,0.816721498966217,0.9589181542396545,0.8911644220352173,0.7567046284675598,0.9591834545135498,1.1499059200286865,0.74042809009552,0.6132848262786865,0.44134801626205444,0.6659882068634033,0.6538392305374146,1.0580928325653076,0.7096832990646362,0.7302970290184021,0.759593665599823,1.451200008392334,1.3636305332183838,1.482853889465332,0.9251599907875061,1.3130371570587158,1.3373613357543945,1.3191297054290771,1.4713269472122192,1.4561543464660645,1.3175790309906006,1.3156483173370361,1.3095978498458862,1.2877471446990967,0.965167760848999,1.034084677696228,1.112019658088684,1.3075203895568848,1.4195717573165894,1.3715968132019043,1.2470258474349976,1.402125597000122,1.4284391403198242,1.462898850440979,1.3756892681121826,1.4623624086380005,1.4343616962432861,1.3980776071548462,1.5024027824401855,1.4151338338851929,1.294504165649414,1.2131794691085815,1.3173972368240356,1.5535868406295776,1.441406011581421,1.5194532871246338,1.305060863494873,1.4142589569091797,0.9151398539543152,1.2267147302627563,0.9067739248275757,0.9643645882606506,1.008034110069275,1.194868803024292,0.6477909088134766,0.8087145686149597,0.9996137619018555,1.280836582183838,0.7459572553634644,0.7550182342529297,0.7214587926864624,1.2660915851593018,1.3926563262939453,1.0326050519943237,0.5202135443687439,1.020324468612671,0.9781314134597778,0.9687404036521912,1.0193545818328857,1.1655265092849731,1.1891345977783203,1.2312480211257935,0.733545184135437,0.5143362283706665,0.2923717498779297,0.409734845161438,0.8542131781578064,0.4732319712638855,0.4769200086593628,0.3776877522468567,0.4373708963394165,0.5633314847946167,0.6686065196990967
hand,1.0188027620315552,1.0973519086837769,1.3168206214904785,1.2341859340667725,0.922551155090332,1.0827754735946655,1.0383963584899902,0.9860208630561829,0.8025135397911072,0.6610590219497681,0.3678598403930664,0.0,0.891050398349762,0.42545247077941895,0.3177269697189331,0.48290205001831055,1.1244055032730103,0.5844202041625977,1.1352990865707397,0.9822035431861877,1.0534543991088867,1.249976396560669,1.370743751525879,0.9931594133377075,1.1741316318511963,0.9840571880340576,1.097881555557251,1.0622503757476807,1.040700078010559,1.0350537300109863,1.0915366411209106,1.2106566429138184,1.0426812171936035,1.018319010734558,0.8596395254135132,0.997799813747406,0.9610086679458618,1.1347057819366455,0.9463725090026855,0.9827074408531189,0.8793666362762451,1.3276606798171997,1.167612075805664,1.2287896871566772,0.7965717911720276,1.120205044746399,1.0704727172851562,1.0347397327423096,1.2133896350860596,1.1729090213775635,1.0796573162078857,1.0729053020477295,1.023207426071167,1.0002456903457642,0.818173885345459,1.1923524141311646,1.1580941677093506,1.332717776298523,1.1661795377731323,1.1973234415054321,1.2514359951019287,1.266233205795288,1.2476500272750854,1.2757983207702637,1.2545444965362549,1.3365110158920288,1.3470652103424072,1.3135581016540527,1.3746349811553955,1.251732587814331,1.230973482131958,1.2466189861297607,1.2517448663711548,1.3843588829040527,1.3180310726165771,1.3477966785430908,1.1804349422454834,1.243919849395752,0.9672592282295227,1.0695306062698364,0.8407719135284424,1.0907087326049805,1.046979308128357,1.0117913484573364,0.8318643569946289,0.9964172840118408,1.1583412885665894,1.2427499294281006,1.0256876945495605,0.937504231929779,0.7354478240013123,0.985412061214447,1.2481908798217773,0.8928038477897644,0.5094988942146301,0.7308862209320068,0.8033533692359924,0.8798379302024841,1.058716058731079,1.1918928623199463,1.1650984287261963,1.1305675506591797,1.0609471797943115,0.8360413312911987,0.634555995464325,0.6702512502670288,0.8478976488113403,0.8196730613708496,0.8000080585479736,0.712289035320282,0.7449536323547363,0.8130440711975098,0.6833730340003967
leg,1.084256887435913,1.052850365638733,1.2916932106018066,1.3300657272338867,0.8095539808273315,1.0371828079223633,0.8651984930038452,0.8795250654220581,1.0159854888916016,0.853359580039978,0.7524795532226562,0.891050398349762,0.0,0.8259747624397278,1.0024765729904175,1.0188922882080078,1.1126652956008911,1.0053136348724365,1.1847221851348877,0.8042638897895813,0.9340120553970337,1.1425484418869019,1.237508773803711,0.7113875150680542,0.8373316526412964,0.9170945882797241,0.8735744953155518,0.9905919432640076,0.814041256904602,0.8278965950012207,0.9668599367141724,0.9305794835090637,0.8948023915290833,0.8441420197486877,0.6701078414916992,0.8010653257369995,0.8963760733604431,1.1127687692642212,0.9566555619239807,0.984530508518219,1.0530719757080078,1.2469780445098877,1.2775859832763672,1.2954013347625732,1.0697141885757446,1.2006479501724243,1.2475991249084473,1.2350258827209473,1.1871521472930908,1.1677697896957397,1.1984156370162964,1.1995391845703125,1.1158275604248047,1.0158920288085938,1.0404253005981445,0.9292157292366028,1.0838730335235596,1.215322494506836,1.2060573101043701,1.0661572217941284,1.1429146528244019,1.2485402822494507,1.2476553916931152,1.2866419553756714,1.0978262424468994,1.2470835447311401,1.220703363418579,1.2508500814437866,1.0759860277175903,1.1943566799163818,1.206500768661499,1.108235478401184,1.158672571182251,1.3901846408843994,1.318109154701233,1.4145134687423706,1.2033268213272095,1.2724531888961792,1.0201376676559448,1.0923300981521606,1.0062410831451416,1.0481913089752197,1.0576804876327515,0.9916814565658569,0.9527867436408997,0.9510266780853271,0.9605007767677307,1.2355523109436035,0.9929179549217224,0.8495163321495056,0.9112855195999146,1.3351640701293945,1.334649682044983,1.0237457752227783,0.8253542184829712,1.0817219018936157,0.9377975463867188,0.9591437578201294,1.004860758781433,1.0522172451019287,1.1267931461334229,1.1166212558746338,0.8611392974853516,0.6268965005874634,0.6598221659660339,0.7330324649810791,0.6908494234085083,0.8095828294754028,0.6997754573822021,0.6930610537528992,0.555299699306488,0.5048521757125854,0.569894015789032
foot,0.9653415679931641,1.0773248672485352,1.044474482536316,1.044637680053711,0.990481436252594,1.079757571220398,1.0560866594314575,0.9682239294052124,1.0173709392547607,0.8639118671417236,0.6258002519607544,0.42545247077941895,0.8259747624397278,0.0,0.46501100063323975,0.4125502109527588,0.9516445994377136,0.5730448365211487,1.039983868598938,1.0197696685791016,1.0519131422042847,1.1778221130371094,1.1861426830291748,1.0107356309890747,1.0969080924987793,0.9330915212631226,1.1469759941101074,1.1748602390289307,1.1460529565811157,1.2214789390563965,1.1714553833007812,1.1722275018692017,1.240457534790039,1.1891329288482666,0.9850535988807678,1.1576242446899414,1.1551660299301147,1.1820974349975586,1.088371753692627,1.0787842273712158,0.970348596572876,1.158496379852295,1.1459118127822876,1.1356003284454346,0.936447262763977,1.1179803609848022,1.0352604389190674,1.0063230991363525,0.9508479237556458,0.811514139175415,0.9448992013931274,0.9500095248222351,0.8767557740211487,0.7369557023048401,0.8807768225669861,1.168531060218811,1.1028432846069336,1.129292368888855,0.9446895122528076,1.000901460647583,1.0458827018737793,1.0792256593704224,1.027701497077942,1.0652973651885986,1.1279500722885132,1.2385984659194946,1.2204886674880981,1.219662070274353,1.1256693601608276,1.0512953996658325,1.1146684885025024,1.1500030755996704,1.1593360900878906,1.2511447668075562,1.2648959159851074,1.2509384155273438,1.0461747646331787,1.1293623447418213,1.126993179321289,1.0677887201309204,0.9003268480300903,1.1829302310943604,1.1950322389602661,1.086719274520874,1.1477726697921753,1.2138808965682983,1.2072652578353882,1.0875805616378784,1.105194330215454,0.934454619884491,0.8058528304100037,0.9806148409843445,1.2184540033340454,0.9756190776824951,0.6048228144645691,0.5319475531578064,0.36756300926208496,0.45690488815307617,0.9555816650390625,0.8953308463096619,0.9108327031135559,0.8906741142272949,0.9806974530220032,0.9254457354545593,0.7792007923126221,0.8564043641090393,0.8183577060699463,1.004943609237671,0.983180582523346,0.9021912217140198,0.6961060166358948,0.7276095151901245,0.5758870840072632
finger,1.036808729171753,1.1428608894348145,0.8861356973648071,1.0820345878601074,1.340980887413025,1.2144739627838135,1.2774667739868164,1.1976064443588257,1.0380216836929321,0.8226637840270996,0.771418571472168,0.3177269697189331,1.0024765729904175,0.46501100063323975,0.0,0.14348560571670532,0.6872131824493408,0.18589890003204346,0.9131563305854797,1.3153467178344727,1.298464298248291,1.1724810600280762,1.0309311151504517,1.272960901260376,1.285941243171692,1.0450966358184814,1.4254815578460693,1.237982988357544,1.2276086807250977,1.313647747039795,1.3497960567474365,1.238237738609314,1.4386378526687622,1.4179551601409912,1.1990127563476562,1.4274532794952393,1.343212366104126,1.2432247400283813,1.2448762655258179,1.2825173139572144,1.0870237350463867,1.1268020868301392,0.7813927531242371,0.7941188812255859,0.7829433083534241,0.6626284122467041,0.5988538861274719,0.5089802742004395,0.726850152015686,0.6420223116874695,0.5285311341285706,0.49455690383911133,0.49352729320526123,0.4895625114440918,0.5970771908760071,1.4141710996627808,1.287487268447876,1.2240029573440552,0.8745037317276001,0.7915852069854736,1.0403531789779663,0.7926872372627258,0.7676485180854797,0.7274545431137085,1.1169990301132202,1.1818599700927734,0.9693078994750977,1.0303082466125488,0.9682191014289856,0.7869056463241577,1.2277332544326782,1.3715192079544067,1.2188174724578857,1.0467041730880737,1.15066659450531,1.1180461645126343,0.865519642829895,0.9297418594360352,1.1945325136184692,0.7602748870849609,0.8338963985443115,1.3464919328689575,1.0794557332992554,0.8700847625732422,1.238752841949463,1.4002251625061035,1.3795195817947388,1.1210523843765259,1.330155372619629,1.1466364860534668,0.8432250022888184,0.810996413230896,1.1390783786773682,1.0846387147903442,0.9223232269287109,0.5961664915084839,0.6712573766708374,0.979550302028656,1.3114535808563232,1.1320091485977173,1.1385116577148438,1.035913348197937,1.3471941947937012,1.1218963861465454,0.9635196924209595,1.0948147773742676,0.7107471227645874,1.1836881637573242,1.1551299095153809,1.0896883010864258,0.9931460618972778,0.9330713748931885,0.641284704208374
toe,0.9494775533676147,1.0043385028839111,0.8017183542251587,1.0042623281478882,1.408036708831787,1.2451488971710205,1.2626709938049316,1.1382825374603271,1.0549843311309814,0.8245139718055725,0.9143211245536804,0.48290205001831055,1.0188922882080078,0.4125502109527588,0.14348560571670532,0.0,0.5791302919387817,0.23037046194076538,0.7490894794464111,1.334812879562378,1.3099703788757324,1.130103349685669,0.8839804530143738,1.2946324348449707,1.2970672845840454,1.1261508464813232,1.4840946197509766,1.2769711017608643,1.239105463027954,1.3794809579849243,1.3646756410598755,1.1809314489364624,1.5542681217193604,1.5262538194656372,1.271374225616455,1.5498595237731934,1.4934349060058594,1.3168785572052002,1.411763072013855,1.388095498085022,1.1994953155517578,0.9995059967041016,0.6747217178344727,0.6777259707450867,0.7808502912521362,0.5295251607894897,0.5550321340560913,0.4387592077255249,0.5297173261642456,0.458402156829834,0.4529992341995239,0.38493645191192627,0.4362027645111084,0.43883657455444336,0.7300246953964233,1.381678581237793,1.264549970626831,1.1940217018127441,0.7606192231178284,0.7600696682929993,1.054364800453186,0.7523799538612366,0.7154378890991211,0.6620463132858276,1.0160413980484009,1.0463237762451172,0.8391100764274597,0.8998110294342041,0.8187927007675171,0.7302387952804565,1.0992579460144043,1.3235740661621094,1.1224974393844604,0.8844654560089111,1.0985583066940308,1.0290560722351074,0.843397855758667,0.845089852809906,1.2724857330322266,0.702002227306366,0.8852928876876831,1.3557696342468262,1.042745590209961,0.8560566902160645,1.3938384056091309,1.5396716594696045,1.4222509860992432,1.084073543548584,1.4094101190567017,1.2531349658966064,0.9794317483901978,0.8143728375434875,1.0568443536758423,0.9729282855987549,0.9683336615562439,0.4319267272949219,0.47919976711273193,0.8037369847297668,1.2074915170669556,0.91193026304245,0.9409321546554565,0.8426281213760376,1.339998722076416,1.1871484518051147,1.0553524494171143,1.2210454940795898,0.8096437454223633,1.2543964385986328,1.2133400440216064,1.1665602922439575,1.056479811668396,0.9755935072898865,0.6834712624549866
tooth,1.0482566356658936,0.8342841863632202,0.4015347957611084,0.833027720451355,1.3800342082977295,1.1891283988952637,1.2253060340881348,1.2328054904937744,1.2434735298156738,1.0875067710876465,1.2950878143310547,1.1244055032730103,1.1126652956008911,0.9516445994377136,0.6872131824493408,0.5791302919387817,0.0,0.6247299909591675,0.5239059925079346,1.4859017133712769,1.3781301975250244,0.8763289451599121,0.4289734363555908,1.4028435945510864,1.0787442922592163,1.1355563402175903,1.4418631792068481,1.1469825506210327,1.190700650215149,1.3589030504226685,1.291073203086853,1.1111667156219482,1.5713751316070557,1.5692226886749268,1.4545408487319946,1.6231505870819092,1.4819679260253906,1.1036298274993896,1.4705359935760498,1.5268139839172363,1.3571135997772217,0.7389920949935913,0.5928294658660889,0.5492479801177979,1.0066968202590942,0.492580771446228,0.40329188108444214,0.4616299867630005,0.3847090005874634,0.30450284481048584,0.27830076217651367,0.2701674699783325,0.28921908140182495,0.33036524057388306,0.6952682733535767,1.2686846256256104,1.1983497142791748,0.7986544966697693,0.5880970358848572,0.3977890610694885,0.5807169675827026,0.280370831489563,0.2828444838523865,0.23631465435028076,0.7322738766670227,0.764974057674408,0.37768685817718506,0.5922971963882446,0.4089773893356323,0.37569355964660645,0.9823484420776367,1.1566520929336548,1.0206270217895508,0.6449911594390869,0.8420934677124023,0.6693555116653442,0.6126850247383118,0.536573588848114,1.3560731410980225,0.6101051568984985,0.9352790117263794,1.2520873546600342,0.9474542737007141,0.7846996784210205,1.4009506702423096,1.5190640687942505,1.4268829822540283,0.8633370995521545,1.3650357723236084,1.1715834140777588,0.8613073229789734,0.7797868251800537,1.02790367603302,1.1897515058517456,1.3748396635055542,0.697995126247406,0.7609418034553528,1.1150813102722168,1.3229137659072876,0.791909396648407,0.8031431436538696,0.6958674192428589,1.3463306427001953,1.3622722625732422,1.3297396898269653,1.4011921882629395,0.962803065776825,1.4538300037384033,1.4350318908691406,1.3792078495025635,1.3330621719360352,1.2331621646881104,0.9372587203979492
ear,0.9889239072799683,1.1731369495391846,0.8028339147567749,1.0755428075790405,1.335965633392334,1.2463372945785522,1.2589960098266602,1.1910585165023804,1.0185790061950684,0.7445402145385742,0.9132687449455261,0.5844202041625977,1.0053136348724365,0.5730448365211487,0.18589890003204346,0.23037046194076538,0.6247299909591675,0.0,0.875806450843811,1.3265807628631592,1.306497573852539,1.1648324728012085,0.9248512983322144,1.29017972946167,1.3177205324172974,1.0820529460906982,1.3832340240478516,1.1839661598205566,1.1699507236480713,1.274865746498108,1.321729063987732,1.1946287155151367,1.4473140239715576,1.4396083354949951,1.2399837970733643,1.4565930366516113,1.3630672693252563,1.2424132823944092,1.3175511360168457,1.32942795753479,1.130849003791809,1.0766314268112183,0.7858853340148926,0.7693674564361572,0.8309006690979004,0.6319124102592468,0.5360487103462219,0.5320278406143188,0.648490309715271,0.6143978834152222,0.49105381965637207,0.4555608034133911,0.39309608936309814,0.3726930618286133,0.5927788019180298,1.3482632637023926,1.2425469160079956,1.155975580215454,0.8759957551956177,0.716952919960022,1.0102006196975708,0.7374768257141113,0.7323828339576721,0.6618733406066895,1.042983055114746,1.1315621137619019,0.894741952419281,0.9796627759933472,0.8671792149543762,0.7445048093795776,1.2531038522720337,1.3787106275558472,1.21798837184906,1.0462275743484497,1.1742761135101318,1.0771303176879883,0.8314237594604492,0.8799811005592346,1.2652103900909424,0.753209114074707,0.8986539244651794,1.2840012311935425,1.0747486352920532,0.8474867939949036,1.304216980934143,1.4699902534484863,1.41066575050354,1.10585618019104,1.3516672849655151,1.1656029224395752,0.9134068489074707,0.8885495066642761,1.1583411693572998,1.1427068710327148,1.0318084955215454,0.6820812225341797,0.7428109049797058,1.000796914100647,1.289837121963501,1.0961971282958984,1.0744537115097046,0.9725528955459595,1.3259108066558838,1.1573705673217773,1.0032761096954346,1.1525686979293823,0.6643556952476501,1.1974996328353882,1.1780306100845337,1.1020216941833496,1.0423165559768677,0.9466005563735962,0.6366584897041321
