,dog,frog,nose,face,hair,arm,hand,finger,toe,lamp,drawer,bench,chair,table,couch,bed,crib,window,door,refrigerator,oven,sink,bathtub,car,jacket,shirt,bib,pajamas,jeans,pants,slipper,shoe,sock,glove,blanket,pillow,towel,napkin,doll,toy,tray,box,book,paper,basket,purse,comb,hat,glasses,scissors,fork,spoon,crayon,pencil,pen,knife,toothbrush,gum,balloon,ball,egg,orange,pumpkin,apple,melon,banana,plant,bread,plate,bowl,bottle,cup,bucket,can
dog,0.0,0.7890745997428894,0.9224522709846497,0.8028439283370972,0.9086572527885437,1.131282091140747,1.1310632228851318,1.2052247524261475,1.1357725858688354,1.1031575202941895,1.1452096700668335,1.0604677200317383,0.9910809993743896,0.9670184254646301,0.8939599990844727,0.9214500188827515,1.0499420166015625,0.9810944199562073,0.9291625022888184,0.9505980610847473,0.959101140499115,1.0702024698257446,1.065693736076355,0.8469848036766052,1.0560810565948486,1.0202510356903076,1.0547072887420654,0.9410752058029175,0.9785267114639282,0.999140739440918,1.0203710794448853,1.0627005100250244,1.0605018138885498,1.0416457653045654,0.9230300784111023,0.9437053203582764,1.0212668180465698,1.0775049924850464,0.8332866430282593,1.028954029083252,1.1151955127716064,1.044818639755249,1.0271620750427246,1.0897858142852783,1.0515177249908447,1.058061957359314,1.1511632204055786,1.0407017469406128,0.9505512118339539,1.143493413925171,1.179468035697937,1.1387231349945068,1.1543539762496948,1.153727412223816,1.1418720483779907,1.1362427473068237,1.2123064994812012,1.1701581478118896,1.0609201192855835,1.018992304801941,1.0582267045974731,1.0917444229125977,0.9625155329704285,0.9876023530960083,1.0037380456924438,0.9861088395118713,0.8780450820922852,0.9715344309806824,1.1016576290130615,1.0995543003082275,1.0526071786880493,1.088640809059143,1.1013082265853882,1.0302945375442505
frog,0.7890745997428894,0.0,0.8883747458457947,0.8992734551429749,1.0962904691696167,1.2609226703643799,1.096714735031128,0.9613693952560425,0.9224120378494263,0.9189895391464233,1.0214906930923462,1.2276443243026733,1.221386194229126,1.2541224956512451,1.186700701713562,1.1746975183486938,1.1629612445831299,1.1889357566833496,1.1002068519592285,1.2680833339691162,1.251159429550171,1.2308645248413086,1.2180055379867554,0.9440229535102844,1.1341536045074463,1.1972603797912598,1.206984519958496,1.2256038188934326,1.2613047361373901,1.2502408027648926,0.7762521505355835,1.0122405290603638,1.1709752082824707,0.999603271484375,1.179083228111267,1.0600550174713135,1.0674903392791748,1.017709493637085,0.6966721415519714,0.7923346757888794,1.237278938293457,1.115774154663086,1.0136845111846924,1.1403977870941162,1.1494110822677612,1.1181789636611938,1.0887514352798462,0.7907505035400391,0.798213541507721,1.103668212890625,0.9879472255706787,0.9803271889686584,0.7585177421569824,0.8162505626678467,0.8445525169372559,0.8873363137245178,0.9558373689651489,0.914454460144043,0.7760792374610901,0.7099124789237976,0.7429457306861877,0.77384352684021,0.7930223941802979,0.6057128310203552,0.6181193590164185,0.6629412174224854,0.8821583986282349,0.7665097713470459,1.02824866771698,1.0896283388137817,0.8364564776420593,0.8838019371032715,1.0171719789505005,1.1656067371368408
nose,0.9224522709846497,0.8883747458457947,0.0,0.7510952353477478,0.6791902184486389,1.08128023147583,0.8626421689987183,0.48814666271209717,0.3970921039581299,0.9045047760009766,1.0053881406784058,1.3027973175048828,1.2936911582946777,1.411064624786377,1.3003994226455688,1.3048036098480225,1.3362987041473389,1.168245792388916,1.0956406593322754,1.354285478591919,1.3198142051696777,1.347773790359497,1.3592402935028076,1.0225303173065186,1.2716189622879028,1.1094025373458862,1.287907361984253,1.1754523515701294,1.1372641324996948,1.0564079284667969,0.7987927794456482,1.0223400592803955,1.0894014835357666,1.1835640668869019,1.2933357954025269,1.1887866258621216,1.2544368505477905,1.1337307691574097,1.0801208019256592,1.2628620862960815,1.4029250144958496,1.3070504665374756,1.3064055442810059,1.3045165538787842,1.2322945594787598,1.2528529167175293,1.0912795066833496,0.7695123553276062,0.3975563645362854,1.233949065208435,1.0283265113830566,1.028713583946228,0.5839987993240356,0.5904144048690796,0.5852186679840088,0.7690648436546326,1.0903801918029785,1.0735830068588257,0.8274357318878174,0.6611953973770142,0.5468549132347107,0.6914166212081909,0.5956494212150574,0.5845583081245422,0.7566876411437988,0.8002957105636597,1.1810355186462402,0.7351653575897217,1.1264058351516724,1.1897735595703125,0.9837128520011902,1.0830117464065552,1.3642210960388184,1.2876044511795044
face,0.8028439283370972,0.8992734551429749,0.7510952353477478,0.0,0.47995007038116455,0.7993780374526978,0.872168779373169,0.9525540471076965,0.8338910341262817,1.3085280656814575,1.227258324623108,1.0405590534210205,0.9714377522468567,0.8893615007400513,0.7796587944030762,0.8011599779129028,0.9421693086624146,0.9745233058929443,1.0544363260269165,0.9646010398864746,0.9992532730102539,1.0532472133636475,0.9625285863876343,0.8803218007087708,0.8925358653068542,0.5841269493103027,0.8645793795585632,0.7636590003967285,0.6245089769363403,0.674964427947998,1.2246158123016357,1.0989567041397095,1.0677967071533203,1.1407825946807861,0.89304518699646,1.0770665407180786,1.26055908203125,1.3154139518737793,0.8812325596809387,1.0662548542022705,1.1173832416534424,1.066683053970337,1.0176657438278198,0.9946417808532715,1.2045968770980835,1.0723167657852173,1.1844220161437988,0.9854236245155334,0.5612342357635498,1.0907418727874756,1.298689365386963,1.359852910041809,1.2145864963531494,1.2342296838760376,1.1924885511398315,1.2817940711975098,1.2138340473175049,1.1213914155960083,1.1256532669067383,1.1039704084396362,1.0353707075119019,1.0136069059371948,0.9653759598731995,1.0579637289047241,0.9603931903839111,1.0540868043899536,1.081804633140564,1.077670931816101,1.175994634628296,1.2513933181762695,1.2354439496994019,1.2913402318954468,1.262571096420288,1.1478954553604126
hair,0.9086572527885437,1.0962904691696167,0.6791902184486389,0.47995007038116455,0.0,0.7834171056747437,0.8456976413726807,0.8689061999320984,0.7997102737426758,1.1874558925628662,1.18483567237854,1.0045559406280518,0.964474618434906,0.9902197122573853,0.8823419213294983,0.9173194169998169,1.0861732959747314,0.9408472776412964,1.0211211442947388,1.0184909105300903,1.058512568473816,1.05763840675354,1.0128549337387085,0.9255959987640381,0.8826977610588074,0.6845503449440002,0.9532349109649658,0.7901186943054199,0.693581223487854,0.7126940488815308,1.1512376070022583,1.0409035682678223,0.9962739944458008,1.1421964168548584,0.9477399587631226,1.067746639251709,1.2140307426452637,1.261151671409607,1.0467174053192139,1.189333438873291,1.2055546045303345,1.1553703546524048,1.086150050163269,1.0683554410934448,1.1428396701812744,1.055509328842163,1.0325918197631836,0.7511550188064575,0.6419645547866821,1.064781904220581,1.2176166772842407,1.2510497570037842,1.1285816431045532,1.088187336921692,1.0574314594268799,1.1229108572006226,1.1539595127105713,1.1568458080291748,1.1278929710388184,1.098122477531433,1.0452017784118652,1.0533703565597534,0.8909494280815125,1.0857083797454834,0.9600801467895508,1.0874704122543335,0.981878936290741,1.100282907485962,1.2321958541870117,1.2368879318237305,1.131845235824585,1.3080637454986572,1.2705988883972168,1.1788625717163086
arm,1.131282091140747,1.2609226703643799,1.08128023147583,0.7993780374526978,0.7834171056747437,0.0,0.520194411277771,0.7743382453918457,0.8185417652130127,1.3099654912948608,1.172140121459961,0.862267017364502,0.9285370111465454,0.7688846588134766,0.7255663275718689,0.7190059423446655,0.9962349534034729,0.9044849276542664,1.0182768106460571,0.845914900302887,0.914157509803772,0.9315165877342224,0.8908681869506836,1.1129200458526611,0.7689297795295715,0.4888707399368286,0.7621825933456421,0.6731417179107666,0.6392416954040527,0.6298151612281799,1.3123068809509277,1.1475054025650024,0.7021671533584595,0.745979368686676,0.7558424472808838,0.8651216626167297,1.0524444580078125,1.071882963180542,1.1542471647262573,1.2046377658843994,1.027871012687683,1.0910606384277344,1.0188438892364502,0.793028712272644,1.129133939743042,1.0025447607040405,1.0682395696640015,1.2313116788864136,1.0965251922607422,0.9603717923164368,1.1983332633972168,1.210946798324585,1.1979917287826538,1.1726435422897339,1.1465933322906494,1.1508771181106567,1.0364775657653809,1.0677223205566406,1.2755645513534546,1.3083479404449463,1.281510591506958,1.1711130142211914,1.094384789466858,1.2666025161743164,1.1108105182647705,1.2294224500656128,1.024430513381958,1.2299270629882812,1.2708314657211304,1.2587363719940186,1.277317762374878,1.2796984910964966,1.2365334033966064,1.0817762613296509
hand,1.1310632228851318,1.096714735031128,0.8626421689987183,0.872168779373169,0.8456976413726807,0.520194411277771,0.0,0.29785263538360596,0.42924392223358154,1.2670009136199951,1.1165555715560913,1.1102397441864014,1.144564151763916,1.14078950881958,1.110134482383728,1.1082881689071655,1.17415189743042,1.0549100637435913,1.0688073635101318,1.1160829067230225,1.1416319608688354,1.0686228275299072,1.1341172456741333,1.2180652618408203,1.060754418373108,0.9061213731765747,0.9848594665527344,0.9988630414009094,0.9926226139068604,0.9582507014274597,1.0748584270477295,1.0417243242263794,0.7311796545982361,0.5978769659996033,1.0930842161178589,1.0887913703918457,1.1668875217437744,1.0911705493927002,0.9834738373756409,1.05057692527771,1.0969693660736084,1.1897940635681152,1.0496174097061157,0.9308478832244873,1.1711158752441406,1.1261990070343018,1.014860987663269,1.0688632726669312,0.8793075084686279,1.0129296779632568,1.0381163358688354,1.100752830505371,1.0865774154663086,1.0346850156784058,1.0241621732711792,1.0577585697174072,0.9266114830970764,0.7964662313461304,1.1406035423278809,1.156868815422058,1.1402990818023682,1.0487463474273682,0.9549058675765991,1.087575078010559,1.040122628211975,1.079331636428833,1.0480064153671265,1.0769931077957153,1.2058522701263428,1.1538548469543457,1.2074975967407227,1.163378357887268,1.235198736190796,1.1929700374603271
finger,1.2052247524261475,0.9613693952560425,0.48814666271209717,0.9525540471076965,0.8689061999320984,0.7743382453918457,0.29785263538360596,0.0,0.13233476877212524,1.0531859397888184,0.9739341735839844,1.2654986381530762,1.2682428359985352,1.4179182052612305,1.3271899223327637,1.326303482055664,1.3700186014175415,1.2040461301803589,1.1591957807540894,1.367208480834961,1.3423627614974976,1.2983579635620117,1.336921215057373,1.159183382987976,1.2352006435394287,1.1242141723632812,1.3043092489242554,1.1956437826156616,1.147477149963379,1.0856837034225464,0.8239922523498535,1.0150517225265503,0.8703287839889526,0.8544819355010986,1.3250187635421753,1.2152857780456543,1.2550244331359863,1.089349627494812,1.047367811203003,1.1949797868728638,1.336502194404602,1.330397605895996,1.230513334274292,1.160976529121399,1.2618129253387451,1.2662625312805176,1.0543142557144165,0.9123276472091675,0.6696349382400513,1.1627345085144043,0.8866688013076782,0.9926778674125671,0.6401878595352173,0.6538124680519104,0.6501976251602173,0.7319095134735107,0.9376778602600098,0.8498173952102661,0.9126790761947632,0.825376033782959,0.7320965528488159,0.7935599088668823,0.6490641236305237,0.7325985431671143,0.8828437328338623,0.8576557040214539,1.1710848808288574,0.8224978446960449,1.1563451290130615,1.2243927717208862,0.9920501708984375,1.0643250942230225,1.3121123313903809,1.2780115604400635
toe,1.1357725858688354,0.9224120378494263,0.3970921039581299,0.8338910341262817,0.7997102737426758,0.8185417652130127,0.42924392223358154,0.13233476877212524,0.0,1.0229772329330444,1.0568464994430542,1.3168261051177979,1.2774089574813843,1.4644224643707275,1.3060133457183838,1.316695213317871,1.3734376430511475,1.2628068923950195,1.1558531522750854,1.4141901731491089,1.3845460414886475,1.3756682872772217,1.3744962215423584,1.1656614542007446,1.2708799839019775,1.093595027923584,1.2838844060897827,1.1104828119277954,1.0886796712875366,1.0143792629241943,0.6155135035514832,0.8395843505859375,0.7806873917579651,0.8819589018821716,1.335730791091919,1.201651692390442,1.2613024711608887,1.1028552055358887,0.9937806129455566,1.2236335277557373,1.4142334461212158,1.3341023921966553,1.2697293758392334,1.270132064819336,1.309217095375061,1.2606828212738037,1.1487789154052734,0.8525833487510681,0.5810019969940186,1.2267577648162842,0.9377493858337402,1.0255242586135864,0.6670407652854919,0.6897644996643066,0.6895086765289307,0.7690874338150024,1.0427569150924683,0.9665757417678833,0.9001397490501404,0.7859423160552979,0.656886637210846,0.7719433903694153,0.5623173117637634,0.6961332559585571,0.8989042043685913,0.8327783346176147,1.1785240173339844,0.7859171032905579,1.1898664236068726,1.2347947359085083,0.9722076058387756,1.0693975687026978,1.289597511291504,1.2815618515014648
lamp,1.1031575202941895,0.9189895391464233,0.9045047760009766,1.3085280656814575,1.1874558925628662,1.3099654912948608,1.2670009136199951,1.0531859397888184,1.0229772329330444,0.0,0.8149875402450562,1.0748381614685059,0.9873270392417908,1.1393858194351196,1.2770297527313232,1.251373052597046,1.1453920602798462,0.8791961073875427,0.8105268478393555,1.0763964653015137,1.083031415939331,1.0112043619155884,1.0386590957641602,1.0064315795898438,1.2229660749435425,1.2957658767700195,1.3005664348602295,1.2821457386016846,1.3837882280349731,1.3647916316986084,0.8390011787414551,1.004525065422058,1.1926904916763306,1.2740345001220703,1.2668319940567017,1.1157132387161255,1.029841423034668,0.9422869682312012,0.9991951584815979,1.0332715511322021,1.0913571119308472,1.105712652206421,1.0885785818099976,1.2061136960983276,1.009531855583191,1.112263560295105,0.9495033621788025,0.8737351298332214,0.9716370701789856,0.9356617331504822,0.6816667318344116,0.6514483094215393,0.7563784122467041,0.6617281436920166,0.738426923751831,0.7240092158317566,0.9015198349952698,1.0817370414733887,0.7736684083938599,0.7118630409240723,0.7922180891036987,0.8984079360961914,0.9212821125984192,0.837885856628418,1.0291080474853516,0.9993600249290466,0.8223322033882141,0.9378050565719604,0.7911665439605713,0.7687419652938843,0.7367439866065979,0.7023810148239136,0.8259567618370056,0.9092726111412048
drawer,1.1452096700668335,1.0214906930923462,1.0053881406784058,1.227258324623108,1.18483567237854,1.172140121459961,1.1165555715560913,0.9739341735839844,1.0568464994430542,0.8149875402450562,0.0,0.8020925521850586,0.8505110740661621,1.0739214420318604,1.0551023483276367,1.0590358972549438,0.8498297929763794,0.8811371922492981,0.6889208555221558,0.8399255871772766,0.8042744994163513,0.9656311273574829,0.947784423828125,0.935688316822052,1.0591176748275757,1.2425739765167236,1.1855366230010986,1.221087098121643,1.2443156242370605,1.1449527740478516,0.9090002775192261,1.004958152770996,1.138257622718811,1.1153008937835693,1.1286205053329468,0.9181756377220154,0.925176203250885,0.9186286926269531,1.0516693592071533,1.0384254455566406,0.8217483758926392,0.6929334998130798,0.9785267114639282,1.1047676801681519,0.6311917901039124,0.8189968466758728,0.863163948059082,1.0382969379425049,0.9736860990524292,0.9609181880950928,0.7837367057800293,0.8889774680137634,0.8822791576385498,0.8084498643875122,0.7667024731636047,0.6884327530860901,1.101710557937622,1.0695189237594604,1.0465037822723389,0.9955369234085083,1.0422933101654053,1.0682755708694458,0.9630211591720581,1.0298805236816406,1.1605178117752075,1.1092166900634766,1.0916990041732788,1.0056700706481934,0.9875466823577881,0.9999555945396423,0.9448763728141785,1.0119496583938599,0.9241905808448792,0.8853578567504883
bench,1.0604677200317383,1.2276443243026733,1.3027973175048828,1.0405590534210205,1.0045559406280518,0.862267017364502,1.1102397441864014,1.2654986381530762,1.3168261051177979,1.0748381614685059,0.8020925521850586,0.0,0.3250923156738281,0.42502665519714355,0.40847349166870117,0.48568522930145264,0.45529627799987793,0.6269450783729553,0.8399159908294678,0.6872982978820801,0.7613961100578308,0.73995041847229,0.5637874603271484,0.8741273283958435,0.6443041563034058,0.8119586110115051,0.8284634351730347,0.8101299405097961,0.7322496175765991,0.785663902759552,1.2045842409133911,1.0565046072006226,0.8907552361488342,1.0097006559371948,0.529835045337677,0.6229507327079773,0.722801923751831,0.8846248388290405,1.1175864934921265,1.0323432683944702,0.706305980682373,0.7694571018218994,0.8534771800041199,0.7545719146728516,0.5717753171920776,0.776671290397644,0.6977402567863464,1.144512414932251,1.2521123886108398,0.9937142729759216,1.1574525833129883,1.2023091316223145,1.2408151626586914,1.2115423679351807,1.1546348333358765,1.1631063222885132,1.041237473487854,1.0975737571716309,1.2004317045211792,1.2631371021270752,1.3576635122299194,1.2595572471618652,1.3273042440414429,1.3884217739105225,1.177555799484253,1.306809902191162,0.9981585741043091,1.3059501647949219,1.0844172239303589,1.0245133638381958,1.220363736152649,1.1646111011505127,0.9152792096138,0.8607461452484131
chair,0.9910809993743896,1.221386194229126,1.2936911582946777,0.9714377522468567,0.964474618434906,0.9285370111465454,1.144564151763916,1.2682428359985352,1.2774089574813843,0.9873270392417908,0.8505110740661621,0.3250923156738281,0.0,0.506210446357727,0.38089442253112793,0.5331137180328369,0.5251604318618774,0.7068355083465576,0.7389801144599915,0.6554722785949707,0.7549197673797607,0.8616433143615723,0.6928730010986328,0.9608426690101624,0.6579449772834778,0.7896068096160889,0.8386204838752747,0.8307240009307861,0.6603785157203674,0.7510555982589722,1.1658990383148193,1.072616696357727,0.9131295680999756,1.036757230758667,0.6411784291267395,0.6575090289115906,0.8125039339065552,0.9929404854774475,1.0823527574539185,0.975162923336029,0.8863394260406494,0.8020515441894531,0.9381495118141174,0.9135627150535583,0.701819658279419,0.6589213013648987,0.9043141007423401,1.0407785177230835,1.1998963356018066,0.9063926935195923,1.1723915338516235,1.2282869815826416,1.304631233215332,1.2717748880386353,1.2360408306121826,1.2516528367996216,1.1591466665267944,1.1679339408874512,1.183663249015808,1.2401551008224487,1.351494312286377,1.2839632034301758,1.2417938709259033,1.3720276355743408,1.2359588146209717,1.3107086420059204,0.9715558886528015,1.3278359174728394,1.1682255268096924,1.1177793741226196,1.1327216625213623,1.106287956237793,0.8680616617202759,0.7846607565879822
table,0.9670184254646301,1.2541224956512451,1.411064624786377,0.8893615007400513,0.9902197122573853,0.7688846588134766,1.14078950881958,1.4179182052612305,1.4644224643707275,1.1393858194351196,1.0739214420318604,0.42502665519714355,0.506210446357727,0.0,0.3996093273162842,0.42265963554382324,0.5184590816497803,0.7054212093353271,0.8644133806228638,0.5585005879402161,0.6424884796142578,0.5360052585601807,0.44745922088623047,0.9110844135284424,0.616432249546051,0.6541072130203247,0.7218519449234009,0.663443922996521,0.6475191712379456,0.7885815501213074,1.43333101272583,1.1989212036132812,1.0560969114303589,1.082474946975708,0.4937421679496765,0.8015443086624146,0.868015468120575,0.9723865389823914,1.1233742237091064,0.9972544312477112,0.5577884912490845,0.7702235579490662,0.8370397090911865,0.6577978730201721,0.8675081729888916,0.8486239314079285,1.0406924486160278,1.2550292015075684,1.2986981868743896,0.9226055145263672,1.215705394744873,1.1893458366394043,1.4395115375518799,1.4187254905700684,1.39115571975708,1.336712121963501,1.1081533432006836,1.1044659614562988,1.2253323793411255,1.328210473060608,1.3824193477630615,1.2744951248168945,1.3517963886260986,1.41146981716156,1.172711968421936,1.3542850017547607,0.9270387887954712,1.3010547161102295,0.868307888507843,0.9251985549926758,1.2138440608978271,1.1136234998703003,0.9402673244476318,0.8206239938735962
couch,0.8939599990844727,1.186700701713562,1.3003994226455688,0.7796587944030762,0.8823419213294983,0.7255663275718689,1.110134482383728,1.3271899223327637,1.3060133457183838,1.2770297527313232,1.0551023483276367,0.40847349166870117,0.38089442253112793,0.3996093273162842,0.0,0.1515941619873047,0.48409444093704224,0.7339429259300232,0.8392499685287476,0.6380082368850708,0.7264412641525269,0.7993364930152893,0.6004183292388916,0.9026841521263123,0.49279654026031494,0.5781044960021973,0.6468268036842346,0.5377221703529358,0.4472694396972656,0.5589849948883057,1.3078663349151611,1.1138522624969482,0.8602835536003113,0.9560654163360596,0.26185548305511475,0.4690690040588379,0.81728196144104,1.057694911956787,1.0027447938919067,1.0545644760131836,0.8944898247718811,0.7649756669998169,0.8813153505325317,0.798407793045044,0.8378023505210876,0.6870144009590149,1.1100646257400513,1.1494362354278564,1.205531358718872,1.023306965827942,1.445263385772705,1.4557278156280518,1.3989148139953613,1.4359288215637207,1.3925161361694336,1.4569828510284424,1.208251714706421,1.1549906730651855,1.2361221313476562,1.3153499364852905,1.3821375370025635,1.2864874601364136,1.2821712493896484,1.3935703039169312,1.1519322395324707,1.3207478523254395,0.9693595170974731,1.3689645528793335,1.257431983947754,1.2113021612167358,1.3028208017349243,1.2952125072479248,1.034294605255127,0.9359433054924011
bed,0.9214500188827515,1.1746975183486938,1.3048036098480225,0.8011599779129028,0.9173194169998169,0.7190059423446655,1.1082881689071655,1.326303482055664,1.316695213317871,1.251373052597046,1.0590358972549438,0.48568522930145264,0.5331137180328369,0.42265963554382324,0.1515941619873047,0.0,0.5115628242492676,0.7382357120513916,0.8219605684280396,0.6505906581878662,0.7192503809928894,0.7447652816772461,0.5509763956069946,0.8934051990509033,0.4297083616256714,0.6009577512741089,0.6515482068061829,0.552581787109375,0.527951180934906,0.6095658540725708,1.2760894298553467,1.0619702339172363,0.8538960218429565,0.9244114756584167,0.1114497184753418,0.3241156339645386,0.6914864778518677,0.9288238286972046,0.9602563381195068,1.0712652206420898,0.8376291394233704,0.8239431381225586,0.8664336204528809,0.7666748762130737,0.8445775508880615,0.7463098764419556,1.1177870035171509,1.1517959833145142,1.2067025899887085,0.9978422522544861,1.3662233352661133,1.3738906383514404,1.4007607698440552,1.4036505222320557,1.3588799238204956,1.4120028018951416,1.1849403381347656,1.1586427688598633,1.2384189367294312,1.3015480041503906,1.3612443208694458,1.291541576385498,1.3315860033035278,1.39314603805542,1.1832655668258667,1.3064212799072266,0.9827895164489746,1.3378028869628906,1.1676719188690186,1.1845530271530151,1.3054580688476562,1.2982056140899658,1.0827646255493164,1.0043309926986694
crib,1.0499420166015625,1.1629612445831299,1.3362987041473389,0.9421693086624146,1.0861732959747314,0.9962349534034729,1.17415189743042,1.3700186014175415,1.3734376430511475,1.1453920602798462,0.8498297929763794,0.45529627799987793,0.5251604318618774,0.5184590816497803,0.48409444093704224,0.5115628242492676,0.0,0.7902037501335144,0.9474875330924988,0.6924207806587219,0.7063073515892029,0.7431879639625549,0.4739980697631836,0.9053000807762146,0.7027175426483154,0.8650656342506409,0.7688648700714111,0.7730876803398132,0.8240405917167664,0.9368029236793518,1.2401529550552368,1.0044541358947754,1.0138574838638306,1.1157269477844238,0.5539497137069702,0.8570778369903564,0.8394668102264404,1.0740457773208618,0.819471001625061,0.5998620390892029,0.73830646276474,0.5476318597793579,0.7260974645614624,0.8185511827468872,0.5114302635192871,0.7272229790687561,0.9401664733886719,1.0850611925125122,1.298848271369934,0.8463471531867981,1.2699790000915527,1.3066139221191406,1.3488719463348389,1.3535735607147217,1.3409663438796997,1.3762733936309814,1.008473515510559,1.043427586555481,1.1167852878570557,1.1987417936325073,1.3592274188995361,1.2464685440063477,1.4343698024749756,1.348158597946167,1.2197890281677246,1.312863826751709,0.9462337493896484,1.3622028827667236,1.1020324230194092,1.0027360916137695,1.1974269151687622,1.0574264526367188,0.7347930073738098,0.9047934412956238
window,0.9810944199562073,1.1889357566833496,1.168245792388916,0.9745233058929443,0.9408472776412964,0.9044849276542664,1.0549100637435913,1.2040461301803589,1.2628068923950195,0.8791961073875427,0.8811371922492981,0.6269450783729553,0.7068355083465576,0.7054212093353271,0.7339429259300232,0.7382357120513916,0.7902037501335144,0.0,0.47481322288513184,0.5101852416992188,0.6557663083076477,0.8087781071662903,0.7112175226211548,0.7805433869361877,0.8597555160522461,0.8216049671173096,0.9670670628547668,0.8184483647346497,0.8981324434280396,0.8902052640914917,1.319516897201538,1.1819802522659302,1.0681238174438477,1.1360499858856201,0.7851437330245972,0.9249460697174072,0.9465466737747192,1.0319960117340088,1.0718549489974976,1.084187388420105,0.9721738696098328,0.9217145442962646,0.9561891555786133,0.8738574385643005,0.8128905296325684,1.0629593133926392,0.9011310338973999,1.202821969985962,1.086365818977356,1.0008163452148438,1.1337743997573853,1.1893733739852905,1.2566238641738892,1.1531882286071777,1.1967304944992065,1.171477198600769,1.1278622150421143,1.1646262407302856,1.1895852088928223,1.2272202968597412,1.265751600265503,1.2064974308013916,1.247175931930542,1.2692451477050781,1.226915955543518,1.2368252277374268,0.7576462030410767,1.2507805824279785,1.1010158061981201,1.1179311275482178,1.1562602519989014,1.1744407415390015,1.0491714477539062,0.9403170347213745
door,0.9291625022888184,1.1002068519592285,1.0956406593322754,1.0544363260269165,1.0211211442947388,1.0182768106460571,1.0688073635101318,1.1591957807540894,1.1558531522750854,0.8105268478393555,0.6889208555221558,0.8399159908294678,0.7389801144599915,0.8644133806228638,0.8392499685287476,0.8219605684280396,0.9474875330924988,0.47481322288513184,0.0,0.43611615896224976,0.7347903847694397,0.8288607597351074,0.7467939853668213,0.9322776198387146,0.9862378835678101,0.9487213492393494,1.0450626611709595,0.8517986536026001,0.967997670173645,0.9317807555198669,1.166306734085083,1.182750940322876,1.1128658056259155,1.1769191026687622,0.9230189919471741,0.8342150449752808,0.9822062253952026,0.9727725982666016,1.1207730770111084,1.1077693700790405,0.997637152671814,0.9288741946220398,1.0335859060287476,1.008109211921692,0.9118191003799438,1.0473603010177612,1.0663830041885376,1.1702935695648193,1.0157984495162964,0.9818044900894165,1.0448135137557983,1.0900143384933472,1.1381275653839111,1.046684741973877,1.0905214548110962,1.0750316381454468,1.0970007181167603,1.1266725063323975,1.1733938455581665,1.1583144664764404,1.1678632497787476,1.197489857673645,1.0458109378814697,1.1760772466659546,1.1992359161376953,1.1669542789459229,0.9331629872322083,1.1525136232376099,1.0859516859054565,1.1100538969039917,1.0344858169555664,1.1282910108566284,1.0530999898910522,0.8383842706680298
refrigerator,0.9505980610847473,1.2680833339691162,1.354285478591919,0.9646010398864746,1.0184909105300903,0.845914900302887,1.1160829067230225,1.367208480834961,1.4141901731491089,1.0763964653015137,0.8399255871772766,0.6872982978820801,0.6554722785949707,0.5585005879402161,0.6380082368850708,0.6505906581878662,0.6924207806587219,0.5101852416992188,0.43611615896224976,0.0,0.18364214897155762,0.5036153793334961,0.44924789667129517,0.8568837642669678,0.761764645576477,0.7660461664199829,0.9145164489746094,0.7545843124389648,0.7414713501930237,0.7804536819458008,1.4230198860168457,1.2310460805892944,1.0770528316497803,1.0810914039611816,0.7508825659751892,0.9179748296737671,0.9510080814361572,1.0579463243484497,1.1817814111709595,1.084478497505188,0.6338476538658142,0.8169092535972595,0.9502774477005005,0.8209424018859863,0.8129961490631104,0.9346529245376587,0.9997554421424866,1.3129881620407104,1.2418403625488281,0.8721293807029724,1.1030259132385254,1.1367151737213135,1.3974123001098633,1.347138524055481,1.3277288675308228,1.2914249897003174,1.1080679893493652,1.1485933065414429,1.3307583332061768,1.3908135890960693,1.395371437072754,1.3329484462738037,1.352910041809082,1.3762153387069702,1.2891724109649658,1.2886106967926025,0.9191383719444275,1.2882962226867676,1.0113893747329712,0.966141402721405,1.1196397542953491,1.12274968624115,0.8598148822784424,0.6313362121582031
oven,0.959101140499115,1.251159429550171,1.3198142051696777,0.9992532730102539,1.058512568473816,0.914157509803772,1.1416319608688354,1.3423627614974976,1.3845460414886475,1.083031415939331,0.8042744994163513,0.7613961100578308,0.7549197673797607,0.6424884796142578,0.7264412641525269,0.7192503809928894,0.7063073515892029,0.6557663083076477,0.7347903847694397,0.18364214897155762,0.0,0.5184510946273804,0.5177597999572754,0.8431133031845093,0.7831289172172546,0.8468924760818481,0.8796999454498291,0.8258165121078491,0.8067142963409424,0.8339667916297913,1.317459225654602,1.1247671842575073,0.9903717041015625,0.9871225953102112,0.7598950266838074,0.931732177734375,0.8427732586860657,0.978850781917572,1.1083767414093018,1.0606400966644287,0.5678043961524963,0.8282527327537537,0.9514486789703369,0.8316514492034912,0.7798174023628235,0.8858803510665894,0.977746307849884,1.2471017837524414,1.231697916984558,0.8553754091262817,1.0317738056182861,1.0693039894104004,1.403993010520935,1.3660337924957275,1.3102140426635742,1.2347075939178467,1.1848586797714233,1.1735948324203491,1.3518648147583008,1.3962595462799072,1.3530123233795166,1.3201372623443604,1.3278954029083252,1.3644301891326904,1.2952306270599365,1.2454584836959839,0.9512079358100891,1.1804847717285156,0.8968062400817871,0.8592204451560974,1.1703288555145264,1.067994475364685,0.8346139192581177,0.6706017255783081
sink,1.0702024698257446,1.2308645248413086,1.347773790359497,1.0532472133636475,1.05763840675354,0.9315165877342224,1.0686228275299072,1.2983579635620117,1.3756682872772217,1.0112043619155884,0.9656311273574829,0.73995041847229,0.8616433143615723,0.5360052585601807,0.7993364930152893,0.7447652816772461,0.7431879639625549,0.8087781071662903,0.8288607597351074,0.5036153793334961,0.5184510946273804,0.0,0.1471216082572937,0.9718055725097656,0.93668133020401,0.9587602019309998,0.9518693685531616,0.9262188076972961,0.942017138004303,1.0159753561019897,1.3180718421936035,1.0931333303451538,1.0680756568908691,0.9663217663764954,0.8139708042144775,0.971716046333313,0.9274749755859375,0.9742299914360046,1.160759449005127,0.9366093277931213,0.34305477142333984,0.9135188460350037,0.9668223261833191,0.8455750346183777,0.8690601587295532,1.0276908874511719,0.9752260446548462,1.2959065437316895,1.2447028160095215,0.7625292539596558,0.9767972826957703,0.8176121711730957,1.41060209274292,1.3729305267333984,1.3198308944702148,1.1927857398986816,0.8682575225830078,0.9108214974403381,1.2361466884613037,1.3528659343719482,1.325749158859253,1.260603904724121,1.4264123439788818,1.392115831375122,1.1990313529968262,1.293074369430542,0.9480559825897217,1.2856404781341553,0.7060092687606812,0.5077075362205505,1.0731340646743774,0.9003007411956787,0.7089110612869263,0.7113268375396729
bathtub,1.065693736076355,1.2180055379867554,1.3592402935028076,0.9625285863876343,1.0128549337387085,0.8908681869506836,1.1341172456741333,1.336921215057373,1.3744962215423584,1.0386590957641602,0.947784423828125,0.5637874603271484,0.6928730010986328,0.44745922088623047,0.6004183292388916,0.5509763956069946,0.4739980697631836,0.7112175226211548,0.7467939853668213,0.44924789667129517,0.5177597999572754,0.1471216082572937,0.0,0.9160825610160828,0.7783238887786865,0.8309399485588074,0.8648126125335693,0.7890939712524414,0.7998067140579224,0.8917592167854309,1.3183541297912598,1.0955302715301514,1.0800549983978271,1.089369773864746,0.6405004858970642,0.913259744644165,0.8922450542449951,1.0180119276046753,1.0982143878936768,0.908240795135498,0.5018134713172913,0.809741735458374,0.9175356030464172,0.7964246273040771,0.7694437503814697,0.9004350304603577,0.990269660949707,1.2450437545776367,1.282865047454834,0.789633572101593,1.146535038948059,1.0466238260269165,1.3937265872955322,1.3675155639648438,1.311107873916626,1.281137466430664,0.9401311874389648,1.0313091278076172,1.2364258766174316,1.325401782989502,1.3743782043457031,1.2949233055114746,1.4322470426559448,1.4278353452682495,1.261929988861084,1.3441894054412842,0.9638763666152954,1.3802080154418945,0.8784785866737366,0.721928596496582,1.1431491374969482,1.0263546705245972,0.7122361660003662,0.7289028763771057
car,0.8469848036766052,0.9440229535102844,1.0225303173065186,0.8803218007087708,0.9255959987640381,1.1129200458526611,1.2180652618408203,1.159183382987976,1.1656614542007446,1.0064315795898438,0.935688316822052,0.8741273283958435,0.9608426690101624,0.9110844135284424,0.9026841521263123,0.8934051990509033,0.9053000807762146,0.7805433869361877,0.9322776198387146,0.8568837642669678,0.8431133031845093,0.9718055725097656,0.9160825610160828,0.0,0.9828941226005554,0.9816324710845947,1.1508090496063232,0.9545571208000183,0.9417006373405457,0.9960770010948181,1.02846097946167,1.0252701044082642,1.1643924713134766,1.1798964738845825,0.955039381980896,1.0627413988113403,1.055112600326538,1.0992159843444824,0.9916960597038269,0.9682604670524597,1.0212128162384033,0.985770583152771,1.0331144332885742,1.0057976245880127,1.0404772758483887,1.0449092388153076,1.0349769592285156,1.0761950016021729,1.0244996547698975,0.9877568483352661,1.0178966522216797,1.0428539514541626,0.9582797884941101,0.9717171788215637,0.9005780220031738,0.903480589389801,1.1534745693206787,1.1546335220336914,1.0487780570983887,0.9941199421882629,0.989113986492157,1.0543975830078125,1.0914026498794556,0.9720137715339661,1.0224218368530273,0.9544007778167725,0.8992518186569214,1.0287396907806396,0.9881895184516907,1.0628410577774048,1.0279712677001953,1.135014295578003,1.0874309539794922,1.0074234008789062
jacket,1.0560810565948486,1.1341536045074463,1.2716189622879028,0.8925358653068542,0.8826977610588074,0.7689297795295715,1.060754418373108,1.2352006435394287,1.2708799839019775,1.2229660749435425,1.0591176748275757,0.6443041563034058,0.6579449772834778,0.616432249546051,0.49279654026031494,0.4297083616256714,0.7027175426483154,0.8597555160522461,0.9862378835678101,0.761764645576477,0.7831289172172546,0.93668133020401,0.7783238887786865,0.9828941226005554,0.0,0.484114408493042,0.5290431976318359,0.5846178531646729,0.467796266078949,0.5008671879768372,1.129960060119629,0.9566807150840759,0.7435278296470642,0.8189905285835266,0.3055483102798462,0.5223968029022217,0.5512239933013916,0.7735694646835327,0.9840290546417236,1.0973998308181763,0.9637669324874878,0.9086990356445312,0.9253126978874207,0.8073040246963501,0.8491324186325073,0.5198129415512085,1.0478533506393433,0.8704543113708496,1.1302134990692139,1.0572011470794678,1.2613121271133423,1.275137186050415,1.2719948291778564,1.2493791580200195,1.1789608001708984,1.278123140335083,1.1369386911392212,1.1368001699447632,1.258042573928833,1.2859835624694824,1.3140500783920288,1.2723907232284546,1.187796950340271,1.3341805934906006,1.170867681503296,1.2256855964660645,1.0221986770629883,1.2883468866348267,1.1771750450134277,1.2242271900177002,1.1815195083618164,1.293973684310913,1.049047589302063,0.9641871452331543
shirt,1.0202510356903076,1.1972603797912598,1.1094025373458862,0.5841269493103027,0.6845503449440002,0.4888707399368286,0.9061213731765747,1.1242141723632812,1.093595027923584,1.2957658767700195,1.2425739765167236,0.8119586110115051,0.7896068096160889,0.6541072130203247,0.5781044960021973,0.6009577512741089,0.8650656342506409,0.8216049671173096,0.9487213492393494,0.7660461664199829,0.8468924760818481,0.9587602019309998,0.8309399485588074,0.9816324710845947,0.484114408493042,0.0,0.4962306022644043,0.3221067190170288,0.308555006980896,0.311406672000885,1.3246527910232544,1.114911437034607,0.8707683086395264,1.0050605535507202,0.5816260576248169,0.8263824582099915,0.9546127915382385,1.1189355850219727,1.0302029848098755,1.1374764442443848,1.042294979095459,1.0419775247573853,0.9824100732803345,0.8757697343826294,1.0654504299163818,0.8516235947608948,1.1183123588562012,0.9786453247070312,0.9929159879684448,1.0529656410217285,1.3326290845870972,1.3523144721984863,1.331072211265564,1.3525618314743042,1.3126331567764282,1.3896663188934326,1.2049859762191772,1.1864104270935059,1.2273523807525635,1.2635427713394165,1.2822612524032593,1.205631971359253,1.1305345296859741,1.289970874786377,1.12985360622406,1.2364156246185303,1.0845086574554443,1.317189335823059,1.2163242101669312,1.2273741960525513,1.2718510627746582,1.2741931676864624,1.1473287343978882,1.0262718200683594
bib,1.0547072887420654,1.206984519958496,1.287907361984253,0.8645793795585632,0.9532349109649658,0.7621825933456421,0.9848594665527344,1.3043092489242554,1.2838844060897827,1.3005664348602295,1.1855366230010986,0.8284634351730347,0.8386204838752747,0.7218519449234009,0.6468268036842346,0.6515482068061829,0.7688648700714111,0.9670670628547668,1.0450626611709595,0.9145164489746094,0.8796999454498291,0.9518693685531616,0.8648126125335693,1.1508090496063232,0.5290431976318359,0.4962306022644043,0.0,0.5509350299835205,0.6151031851768494,0.6205286979675293,1.1982191801071167,1.0106391906738281,0.7998429536819458,0.7884134650230408,0.49999624490737915,0.6655916571617126,0.6610793471336365,0.8248341083526611,0.9019439220428467,0.9496679306030273,0.9298700094223022,0.8536682724952698,0.7996729612350464,0.6410424709320068,0.8117598295211792,0.5627729892730713,0.924569845199585,0.9112356305122375,1.1747981309890747,0.9323274493217468,1.3262665271759033,1.3205885887145996,1.439565896987915,1.4668195247650146,1.4473216533660889,1.4527263641357422,1.1164478063583374,0.9832829833030701,1.2125884294509888,1.3044426441192627,1.3212528228759766,1.1816561222076416,1.0949599742889404,1.3412169218063354,1.0705424547195435,1.2081069946289062,1.091540813446045,1.2683508396148682,1.1225112676620483,1.1095538139343262,1.226561188697815,1.2059483528137207,0.9442198872566223,0.9272432327270508
pajamas,0.9410752058029175,1.2256038188934326,1.1754523515701294,0.7636590003967285,0.7901186943054199,0.6731417179107666,0.9988630414009094,1.1956437826156616,1.1104828119277954,1.2821457386016846,1.221087098121643,0.8101299405097961,0.8307240009307861,0.663443922996521,0.5377221703529358,0.552581787109375,0.7730876803398132,0.8184483647346497,0.8517986536026001,0.7545843124389648,0.8258165121078491,0.9262188076972961,0.7890939712524414,0.9545571208000183,0.5846178531646729,0.3221067190170288,0.5509350299835205,0.0,0.34455204010009766,0.34811103343963623,1.2066113948822021,1.0176105499267578,0.755991518497467,0.9712522029876709,0.5084194540977478,0.801564633846283,0.8889627456665039,1.1246660947799683,0.9683080315589905,1.0293768644332886,1.073591947555542,1.0016262531280518,0.9650825262069702,0.9636838436126709,0.9686892628669739,0.8742544651031494,1.1379363536834717,1.0330640077590942,1.0854229927062988,1.0528424978256226,1.385360836982727,1.3890061378479004,1.3657561540603638,1.3863873481750488,1.3702232837677002,1.4068975448608398,1.19985830783844,1.2169686555862427,1.2377891540527344,1.2907702922821045,1.3652204275131226,1.2730377912521362,1.135033369064331,1.3519662618637085,1.1981009244918823,1.2398803234100342,1.0355863571166992,1.3624577522277832,1.2853039503097534,1.2326300144195557,1.2612606287002563,1.2407417297363281,1.0967737436294556,0.9835402369499207
