,frog,nose,face,hair,arm,hand,finger,toe,lamp,drawer,chair,table,couch,bed,crib,window,door,refrigerator,oven,sink,bathtub,shirt,bib,pajamas,pants,slipper,shoe,sock,glove,blanket,pillow,towel,napkin,doll,toy,tray,box,book,paper,basket,purse,comb,hat,glasses,scissors,fork,spoon,crayon,pencil,pen,knife,toothbrush,gum,balloon,ball,egg,orange,apple,banana,plant,bread,plate,bowl,bottle,cup,bucket,can
frog,0.0,0.8606714010238647,0.7434130311012268,0.9698830842971802,1.1762139797210693,1.0107463598251343,0.9324079751968384,0.901134729385376,1.1756287813186646,1.1435837745666504,1.2288082838058472,1.1920745372772217,1.124005675315857,1.125003457069397,1.1653025150299072,1.1365463733673096,1.0550004243850708,1.1847641468048096,1.0783315896987915,1.2347707748413086,1.2134381532669067,1.0854140520095825,1.0575511455535889,1.1436996459960938,1.0614460706710815,0.9062483906745911,0.9701025485992432,1.2054270505905151,0.8441028594970703,1.1185967922210693,1.1209309101104736,1.1099956035614014,1.1069529056549072,0.7840824127197266,0.8022065758705139,1.0904968976974487,1.0629897117614746,1.0232112407684326,1.0303919315338135,1.1537553071975708,1.044688105583191,1.0414848327636719,0.8092277646064758,0.7971839904785156,0.9757285714149475,1.0191624164581299,1.0793805122375488,0.7553122043609619,0.9614166021347046,0.9495422840118408,0.9154605865478516,0.9925791025161743,0.7275734543800354,0.8346189856529236,0.7793391346931458,0.8383231163024902,0.6832291483879089,0.533977210521698,0.533290684223175,0.7489324808120728,0.8246115446090698,0.999893844127655,1.145755648612976,0.986905038356781,1.1098928451538086,1.1276452541351318,0.9054033756256104
nose,0.8606714010238647,0.0,0.48845428228378296,0.5701391696929932,0.9461132287979126,0.6220537424087524,0.4259883761405945,0.33431005477905273,1.1942169666290283,1.0957536697387695,1.2560127973556519,1.3103885650634766,1.0995169878005981,1.198073387145996,1.1920841932296753,1.024200201034546,1.0589226484298706,1.2083849906921387,1.1615015268325806,1.21944260597229,1.2653393745422363,1.036251187324524,1.0465686321258545,1.0577716827392578,0.8998528122901917,0.8524259924888611,0.9785135388374329,0.9024050235748291,0.985711932182312,1.1398985385894775,1.0687153339385986,1.1212646961212158,1.053397536277771,1.0203208923339844,1.1991716623306274,1.2666006088256836,1.1792737245559692,1.2009272575378418,1.0954705476760864,1.2876648902893066,1.1651400327682495,1.012205958366394,0.7140603065490723,0.30947333574295044,1.1502153873443604,0.9866293668746948,1.0595735311508179,0.7964627146720886,0.8337875008583069,0.8046074509620667,0.918253481388092,0.9996554851531982,0.9592185616493225,0.851125180721283,0.84886234998703,0.6724137663841248,0.8182480931282043,0.799278974533081,0.8844791054725647,0.9629711508750916,0.855821967124939,1.1728227138519287,1.198961615562439,1.141396164894104,1.1078500747680664,1.2948663234710693,1.0655498504638672
face,0.7434130311012268,0.48845428228378296,0.0,0.3903207778930664,0.7369143962860107,0.7453465461730957,0.8437691926956177,0.7917280197143555,1.2188471555709839,0.9287667274475098,0.9304057955741882,0.9607477784156799,0.7357751131057739,0.8287635445594788,0.9181014895439148,0.8990042805671692,0.9300445914268494,0.9832086563110352,0.9950389862060547,1.0267020463943481,1.0018525123596191,0.5941322445869446,0.7255135178565979,0.7804710865020752,0.6900050640106201,1.1510071754455566,0.9933215379714966,1.0095007419586182,0.9572540521621704,0.8622169494628906,1.0022438764572144,1.1475389003753662,1.1980671882629395,0.8427910804748535,1.0218647718429565,1.127622127532959,1.0949866771697998,1.013079047203064,0.9612252712249756,1.3058444261550903,1.187003493309021,1.0013498067855835,0.7832574844360352,0.7194479703903198,1.1790655851364136,1.1782898902893066,1.3015910387039185,1.1932601928710938,1.232744574546814,1.1923487186431885,1.0655499696731567,1.1244781017303467,1.0598976612091064,1.130312442779541,1.0790455341339111,1.03761625289917,1.0309276580810547,1.011029839515686,0.9567286372184753,1.1246610879898071,1.0872803926467896,1.033200740814209,1.2740397453308105,1.2432796955108643,1.2629404067993164,1.2962815761566162,1.112682580947876
hair,0.9698830842971802,0.5701391696929932,0.3903207778930664,0.0,0.7309879064559937,0.7416051626205444,0.7837970852851868,0.7563603520393372,1.154805064201355,0.9689875841140747,0.9724711179733276,0.9785672426223755,0.8213223218917847,0.8824971914291382,0.9476536512374878,0.9094514846801758,0.9715455770492554,1.0276873111724854,1.0948612689971924,1.024994969367981,1.0024086236953735,0.6647850871086121,0.8049928545951843,0.7926886081695557,0.7036159038543701,1.0172556638717651,0.9007203578948975,0.8642318844795227,0.9579740762710571,0.8728670477867126,0.9806720018386841,1.0987571477890015,1.1573599576950073,0.886902391910553,1.1099882125854492,1.2129727602005005,1.1371740102767944,1.0234686136245728,1.0193225145339966,1.2247300148010254,1.1426265239715576,0.8215318918228149,0.6114324331283569,0.654399573802948,1.1076302528381348,1.1196171045303345,1.2603347301483154,1.1177653074264526,1.1372404098510742,1.0815385580062866,0.9555799961090088,1.0135774612426758,1.0969394445419312,1.0807427167892456,1.062387228012085,0.9817809462547302,1.0731101036071777,1.0880206823349,1.011268973350525,1.039046049118042,1.09927237033844,1.1119064092636108,1.2831999063491821,1.157766580581665,1.267799973487854,1.2690033912658691,1.0947531461715698
arm,1.1762139797210693,0.9461132287979126,0.7369143962860107,0.7309879064559937,0.0,0.43820321559906006,0.7690507769584656,0.8643587231636047,1.214547038078308,0.7632073163986206,0.713516891002655,0.7137598991394043,0.5851538777351379,0.6187617778778076,0.7805490493774414,0.8731450438499451,0.9534282088279724,0.9475134015083313,0.9500393867492676,0.8666663765907288,0.781201958656311,0.46397268772125244,0.5690803527832031,0.47850215435028076,0.5227385759353638,1.2289762496948242,0.998863697052002,0.5614997148513794,0.5962637066841125,0.6499814987182617,0.7326351404190063,0.8767095804214478,0.9563050866127014,0.9915997982025146,1.0453319549560547,1.059140682220459,1.0515607595443726,0.9387559294700623,0.7969805002212524,1.270378589630127,1.1495031118392944,0.9692412614822388,1.0909020900726318,1.1579854488372803,1.096863865852356,1.196763038635254,1.261251449584961,1.293182611465454,1.2410743236541748,1.220197081565857,0.9819609522819519,0.958069920539856,1.1702831983566284,1.31186842918396,1.3010059595108032,1.2385225296020508,1.2550303936004639,1.2626533508300781,1.0580511093139648,1.3222886323928833,1.1920925378799438,0.9962279796600342,1.282333254814148,1.2740663290023804,1.248152494430542,1.234649419784546,1.07709801197052
hand,1.0107463598251343,0.6220537424087524,0.7453465461730957,0.7416051626205444,0.43820321559906006,0.0,0.23874115943908691,0.4158763885498047,1.2489757537841797,0.929943323135376,1.0855581760406494,1.1116931438446045,0.9949110746383667,1.0468215942382812,1.0487921237945557,1.0651915073394775,1.0816420316696167,1.1670751571655273,1.099622130393982,1.0629851818084717,1.0772778987884521,0.877569317817688,0.8037809133529663,0.8194636106491089,0.8164705038070679,0.9530072808265686,0.8602355718612671,0.6615294218063354,0.4595310091972351,0.9979747533798218,0.9848957061767578,1.019095540046692,0.979387640953064,0.9862556457519531,0.9972025752067566,1.0026322603225708,1.1016714572906494,0.9582055807113647,0.8132365345954895,1.2776340246200562,1.1338742971420288,0.9447739124298096,0.955477774143219,0.8916831016540527,0.9907827973365784,0.9620627760887146,1.0681920051574707,1.0312656164169312,0.9220401048660278,0.9298539757728577,0.9211716055870056,0.8210892677307129,0.8818876147270203,1.1098711490631104,1.08774733543396,1.0094658136367798,1.0920376777648926,1.0058097839355469,0.8996137976646423,1.1444398164749146,1.0119718313217163,1.021419882774353,1.167252779006958,1.2042262554168701,1.1276017427444458,1.1784393787384033,1.0405306816101074
finger,0.9324079751968384,0.4259883761405945,0.8437691926956177,0.7837970852851868,0.7690507769584656,0.23874115943908691,0.0,0.09523224830627441,1.193837285041809,1.154570460319519,1.32586669921875,1.3962371349334717,1.2227741479873657,1.3127059936523438,1.3077428340911865,1.1358554363250732,1.1310722827911377,1.2625043392181396,1.2278614044189453,1.2250845432281494,1.2650821208953857,1.1219375133514404,1.1350233554840088,1.1145591735839844,0.9497790932655334,0.7009279727935791,0.9276818037033081,0.7417495846748352,0.7331697940826416,1.2613270282745361,1.17573881149292,1.1506949663162231,1.0232011079788208,1.148436188697815,1.1975412368774414,1.201630711555481,1.2273619174957275,1.1653531789779663,1.0021389722824097,1.2740530967712402,1.1788251399993896,0.9447069764137268,0.8722938299179077,0.5898246765136719,1.0676161050796509,0.8169095516204834,0.9296935200691223,0.6593865156173706,0.6202579140663147,0.6237181425094604,0.7695678472518921,0.8391512036323547,0.8284787535667419,0.8610994219779968,0.8536324501037598,0.6570974588394165,0.8498573899269104,0.7707461714744568,0.8285473585128784,0.8942389488220215,0.8181135654449463,1.133671522140503,1.1732228994369507,1.074263095855713,1.0398979187011719,1.2482733726501465,1.010425090789795
toe,0.901134729385376,0.33431005477905273,0.7917280197143555,0.7563603520393372,0.8643587231636047,0.4158763885498047,0.09523224830627441,0.0,1.1742737293243408,1.2475963830947876,1.3772826194763184,1.4557100534439087,1.242617130279541,1.3559309244155884,1.3602789640426636,1.1557176113128662,1.1497828960418701,1.3006279468536377,1.2799735069274902,1.2713896036148071,1.3159630298614502,1.1615599393844604,1.2052747011184692,1.16309654712677,0.9785813093185425,0.6062074899673462,0.8734789490699768,0.7526516318321228,0.8394572734832764,1.3077822923660278,1.1855967044830322,1.149789571762085,1.0333160161972046,1.1156425476074219,1.2563260793685913,1.329337477684021,1.2877336740493774,1.2562013864517212,1.1455992460250854,1.3035290241241455,1.1662060022354126,1.0430861711502075,0.7949736714363098,0.5301438570022583,1.1786261796951294,0.9039203524589539,0.9587690234184265,0.6730222702026367,0.6940709948539734,0.6805365681648254,0.8666692972183228,0.9860580563545227,0.8700754046440125,0.7432125210762024,0.7375826835632324,0.5186887979507446,0.7612187266349792,0.6882312297821045,0.8366788625717163,0.8459742069244385,0.7831771969795227,1.2151141166687012,1.2003265619277954,1.0334175825119019,1.033941626548767,1.2705448865890503,1.0565435886383057
lamp,1.1756287813186646,1.1942169666290283,1.2188471555709839,1.154805064201355,1.214547038078308,1.2489757537841797,1.193837285041809,1.1742737293243408,0.0,1.108002781867981,0.9590561985969543,1.0445053577423096,1.1432836055755615,1.1489596366882324,1.0614304542541504,0.7635623216629028,0.8002117872238159,0.8165706396102905,1.0575809478759766,0.8620429039001465,0.9284123778343201,1.1619471311569214,1.2492674589157104,1.251578688621521,1.2989790439605713,1.0739785432815552,1.1230273246765137,1.169816255569458,1.3002210855484009,1.235335350036621,1.1481318473815918,1.1168714761734009,1.0112110376358032,1.0776029825210571,1.0990687608718872,1.1243864297866821,1.1302974224090576,1.114181399345398,1.0954722166061401,0.8547500371932983,1.0405694246292114,0.9140445590019226,1.025055170059204,1.0509015321731567,0.8334779739379883,0.6648482084274292,0.6298959851264954,0.9584259986877441,0.8034138083457947,0.7956196069717407,0.9325621724128723,0.8919064402580261,1.0774067640304565,0.8641252517700195,0.9336600303649902,0.9626320004463196,1.019474744796753,1.0517723560333252,1.2331105470657349,0.8010584115982056,1.1427454948425293,1.0945817232131958,0.9358857870101929,0.8876802921295166,0.9029549360275269,1.025696873664856,1.0522594451904297
drawer,1.1435837745666504,1.0957536697387695,0.9287667274475098,0.9689875841140747,0.7632073163986206,0.929943323135376,1.154570460319519,1.2475963830947876,1.108002781867981,0.0,0.5442588329315186,0.586816668510437,0.557844340801239,0.5334818363189697,0.5143131017684937,0.8679875135421753,0.6407179832458496,0.7349058389663696,0.6744612455368042,0.7594477534294128,0.6882416009902954,0.8566142916679382,0.8046069145202637,0.7293702363967896,0.777500569820404,1.1416397094726562,0.9024465084075928,0.9376096129417419,0.9982638955116272,0.6882861852645874,0.7605949640274048,0.914549708366394,1.0940946340560913,0.989145815372467,0.8617880940437317,0.6511562466621399,0.5006150007247925,0.7920053601264954,0.8424509167671204,0.901172935962677,0.8937737345695496,0.9832935333251953,1.1003717184066772,1.2363603115081787,1.0570873022079468,1.2785003185272217,1.3121376037597656,1.348609447479248,1.3240492343902588,1.3154410123825073,1.0226945877075195,1.0863782167434692,1.0782228708267212,1.28926420211792,1.2825846672058105,1.3182677030563354,1.29891037940979,1.2288269996643066,1.206364393234253,1.3513473272323608,1.3250072002410889,0.8927571773529053,1.058392882347107,1.264492392539978,1.2126097679138184,0.9517782330513,0.9094603657722473
chair,1.2288082838058472,1.2560127973556519,0.9304057955741882,0.9724711179733276,0.713516891002655,1.0855581760406494,1.32586669921875,1.3772826194763184,0.9590561985969543,0.5442588329315186,0.0,0.2717514634132385,0.2836794853210449,0.3139975070953369,0.23455286026000977,0.5594456195831299,0.5789709091186523,0.6543170809745789,0.7674539685249329,0.7715747356414795,0.6497076749801636,0.693536639213562,0.7418341636657715,0.6548846960067749,0.7347978353500366,1.292651891708374,1.0862315893173218,0.9465988278388977,1.0694360733032227,0.5443456172943115,0.5602568984031677,0.7700216174125671,0.9921963214874268,0.9172359704971313,0.9255234003067017,0.9478313326835632,0.7833166122436523,0.8526235818862915,0.9056758284568787,0.7972697019577026,0.9600037932395935,1.060362696647644,1.168627142906189,1.3490179777145386,1.0916320085525513,1.2221534252166748,1.310607671737671,1.4476335048675537,1.4242374897003174,1.419248342514038,1.1910643577575684,1.1622099876403809,1.2967413663864136,1.3803446292877197,1.3977165222167969,1.4438120126724243,1.4182207584381104,1.4017364978790283,1.2992925643920898,1.23939847946167,1.3606725931167603,0.9894119501113892,1.1432996988296509,1.192916750907898,1.1954758167266846,0.9891895651817322,1.0574735403060913
table,1.1920745372772217,1.3103885650634766,0.9607477784156799,0.9785672426223755,0.7137598991394043,1.1116931438446045,1.3962371349334717,1.4557100534439087,1.0445053577423096,0.586816668510437,0.2717514634132385,0.0,0.3815370798110962,0.32950079441070557,0.42629474401474,0.6717287302017212,0.804634690284729,0.6982576847076416,0.7528917789459229,0.6695753931999207,0.5602177977561951,0.6057410836219788,0.6213986277580261,0.5585788488388062,0.7227871417999268,1.3776628971099854,1.1063330173492432,0.9983037710189819,1.0816705226898193,0.46839451789855957,0.6402295827865601,0.7702020406723022,0.9138120412826538,0.9115673303604126,0.8940727710723877,0.7573835849761963,0.7595030665397644,0.7511164546012878,0.7736337780952454,0.8680099248886108,1.0186361074447632,1.1143590211868286,1.1927329301834106,1.3468585014343262,1.1434166431427002,1.2314714193344116,1.3151170015335083,1.4269037246704102,1.4280204772949219,1.4023418426513672,1.1484235525131226,1.155178189277649,1.2326977252960205,1.3545911312103271,1.3840938806533813,1.4567360877990723,1.374240517616272,1.374349594116211,1.2550957202911377,1.2340806722640991,1.264851450920105,0.7314683198928833,1.0108839273452759,1.1711039543151855,1.1650185585021973,0.9764014482498169,1.0537043809890747
couch,1.124005675315857,1.0995169878005981,0.7357751131057739,0.8213223218917847,0.5851538777351379,0.9949110746383667,1.2227741479873657,1.242617130279541,1.1432836055755615,0.557844340801239,0.2836794853210449,0.3815370798110962,0.0,0.2910881042480469,0.46342337131500244,0.588974118232727,0.6710149049758911,0.6812653541564941,0.740808367729187,0.834525465965271,0.7133136987686157,0.5739352703094482,0.6898260116577148,0.5494644045829773,0.5741109251976013,1.250592589378357,1.0465755462646484,0.8588871955871582,0.9585621356964111,0.4424881935119629,0.4697209596633911,0.7531261444091797,0.9995036125183105,0.8974958658218384,0.969243586063385,1.0363661050796509,0.815623939037323,0.883054792881012,0.8851285576820374,1.0385905504226685,1.003736972808838,1.1038274765014648,1.068687081336975,1.2237961292266846,1.2330975532531738,1.375244379043579,1.4517098665237427,1.4130332469940186,1.427481770515442,1.4050487279891968,1.168078064918518,1.174505591392517,1.258527398109436,1.3201760053634644,1.3244242668151855,1.355327844619751,1.3617889881134033,1.3482921123504639,1.2153260707855225,1.2946394681930542,1.3124631643295288,1.027773141860962,1.2573755979537964,1.2696483135223389,1.291310429573059,1.1285979747772217,1.0813524723052979
bed,1.125003457069397,1.198073387145996,0.8287635445594788,0.8824971914291382,0.6187617778778076,1.0468215942382812,1.3127059936523438,1.3559309244155884,1.1489596366882324,0.5334818363189697,0.3139975070953369,0.32950079441070557,0.2910881042480469,0.0,0.2224273681640625,0.6123436093330383,0.7352844476699829,0.7807562351226807,0.8233347535133362,0.7503281235694885,0.5851525664329529,0.53598952293396,0.49927544593811035,0.338725209236145,0.580869734287262,1.2773526906967163,1.0605775117874146,0.8865346312522888,0.9555615782737732,0.16061925888061523,0.35166430473327637,0.6591002941131592,0.9623183608055115,0.7715811729431152,0.8353004455566406,0.8646479845046997,0.8412455916404724,0.7767646312713623,0.843686044216156,0.9352487921714783,1.012799620628357,1.0982333421707153,1.112562894821167,1.2601231336593628,1.1168489456176758,1.3668060302734375,1.4301197528839111,1.4005988836288452,1.4456678628921509,1.4330331087112427,1.1734174489974976,1.1714372634887695,1.262099027633667,1.3169496059417725,1.3134886026382446,1.394015908241272,1.3551876544952393,1.3534308671951294,1.2532811164855957,1.3369081020355225,1.3595383167266846,0.9279602766036987,1.197127103805542,1.2992353439331055,1.307020902633667,1.057653546333313,1.1682517528533936
crib,1.1653025150299072,1.1920841932296753,0.9181014895439148,0.9476536512374878,0.7805490493774414,1.0487921237945557,1.3077428340911865,1.3602789640426636,1.0614304542541504,0.5143131017684937,0.23455286026000977,0.42629474401474,0.46342337131500244,0.2224273681640625,0.0,0.607422947883606,0.6551164388656616,0.7027187347412109,0.7613390684127808,0.838799774646759,0.7147883772850037,0.7371335029602051,0.6230441927909851,0.5432634949684143,0.8321353197097778,1.3153935670852661,1.0529600381851196,0.9621423482894897,1.074134111404419,0.4750279188156128,0.591071605682373,0.8101798295974731,1.046521544456482,0.7174727320671082,0.7347208261489868,0.7927125692367554,0.7167079448699951,0.7693686485290527,0.9033142328262329,0.706053614616394,0.9752872586250305,0.9986532926559448,1.1780469417572021,1.2953613996505737,1.037704586982727,1.2156950235366821,1.340416431427002,1.3883991241455078,1.3968309164047241,1.3919979333877563,1.204695463180542,1.097359538078308,1.2119981050491333,1.3235269784927368,1.321671485900879,1.3936717510223389,1.3986742496490479,1.346379280090332,1.2980046272277832,1.2301018238067627,1.3693896532058716,0.9938183426856995,1.1231021881103516,1.1751668453216553,1.1980862617492676,0.9163058996200562,1.0814181566238403
window,1.1365463733673096,1.024200201034546,0.8990042805671692,0.9094514846801758,0.8731450438499451,1.0651915073394775,1.1358554363250732,1.1557176113128662,0.7635623216629028,0.8679875135421753,0.5594456195831299,0.6717287302017212,0.588974118232727,0.6123436093330383,0.607422947883606,0.0,0.42176222801208496,0.5712772607803345,0.7795518636703491,0.854705274105072,0.790257453918457,0.8568413257598877,1.0214717388153076,0.84950852394104,0.9126566648483276,1.265267014503479,1.238940715789795,1.0519877672195435,1.1890846490859985,0.7788994908332825,0.7827690839767456,0.811820387840271,0.8890072703361511,0.9869056940078735,1.1227352619171143,1.1659597158432007,1.0059595108032227,1.0265166759490967,0.9534258842468262,0.935387372970581,1.1288602352142334,0.9206832647323608,1.161067008972168,1.0311613082885742,1.1134583950042725,1.0420804023742676,1.1945899724960327,1.1686803102493286,1.1359939575195312,1.1405677795410156,1.0619807243347168,1.1022868156433105,1.1642379760742188,1.1714917421340942,1.2359930276870728,1.2419660091400146,1.2182189226150513,1.2651660442352295,1.2500226497650146,0.9785971641540527,1.2314146757125854,1.1069735288619995,1.1982625722885132,1.125998616218567,1.1612763404846191,1.1726632118225098,1.1246411800384521
door,1.0550004243850708,1.0589226484298706,0.9300445914268494,0.9715455770492554,0.9534282088279724,1.0816420316696167,1.1310722827911377,1.1497828960418701,0.8002117872238159,0.6407179832458496,0.5789709091186523,0.804634690284729,0.6710149049758911,0.7352844476699829,0.6551164388656616,0.42176222801208496,0.0,0.446502685546875,0.7548545598983765,0.79005366563797,0.7507979869842529,0.9723491668701172,1.0847392082214355,0.971549391746521,0.964473307132721,1.19033682346344,1.1707804203033447,1.139229655265808,1.199035882949829,0.9417676329612732,0.8889878392219543,0.9627218842506409,1.0019959211349487,1.056789755821228,1.0987823009490967,1.101518154144287,0.8742241859436035,1.0394917726516724,0.9742009043693542,0.9150139093399048,1.0500023365020752,1.0266573429107666,1.1600595712661743,1.0752748250961304,1.0336157083511353,1.0278396606445312,1.1273624897003174,1.1968351602554321,1.1112626791000366,1.1079530715942383,1.0300755500793457,1.1043692827224731,1.1725196838378906,1.210397481918335,1.2522705793380737,1.2615220546722412,1.2329533100128174,1.2388465404510498,1.194881796836853,1.007926106452942,1.2213623523712158,1.0885958671569824,1.1932041645050049,1.0951424837112427,1.1665143966674805,1.1375985145568848,1.0038169622421265
refrigerator,1.1847641468048096,1.2083849906921387,0.9832086563110352,1.0276873111724854,0.9475134015083313,1.1670751571655273,1.2625043392181396,1.3006279468536377,0.8165706396102905,0.7349058389663696,0.6543170809745789,0.6982576847076416,0.6812653541564941,0.7807562351226807,0.7027187347412109,0.5712772607803345,0.446502685546875,0.0,0.3984978199005127,0.8183852434158325,0.798439621925354,0.9062213897705078,1.0353918075561523,0.9660534262657166,1.0022410154342651,1.3123480081558228,1.195511817932129,1.1598873138427734,1.2307145595550537,0.9497913718223572,0.9508473873138428,1.0253688097000122,1.035899043083191,1.0076217651367188,1.0726407766342163,1.011857509613037,0.8098483085632324,0.9411938190460205,0.9798818826675415,0.8187810182571411,1.0356401205062866,1.059707760810852,1.2007668018341064,1.2245924472808838,1.1373368501663208,1.084924578666687,1.153536319732666,1.2909302711486816,1.2204296588897705,1.2182621955871582,1.1564778089523315,1.1467329263687134,1.2129610776901245,1.2716116905212402,1.31613028049469,1.3619670867919922,1.2638051509857178,1.2985119819641113,1.2448909282684326,1.0257456302642822,1.2038344144821167,1.0541752576828003,1.0595512390136719,0.9269293546676636,1.0346599817276,1.0092542171478271,0.943411111831665
oven,1.0783315896987915,1.1615015268325806,0.9950389862060547,1.0948612689971924,0.9500393867492676,1.099622130393982,1.2278614044189453,1.2799735069274902,1.0575809478759766,0.6744612455368042,0.7674539685249329,0.7528917789459229,0.740808367729187,0.8233347535133362,0.7613390684127808,0.7795518636703491,0.7548545598983765,0.3984978199005127,0.0,0.9353358149528503,0.9055877923965454,0.9296422004699707,0.8787305951118469,0.9101143479347229,0.9059165120124817,1.2089742422103882,1.0342044830322266,1.003761887550354,1.0213570594787598,0.8755682110786438,0.8920205235481262,0.8930437564849854,0.9954959750175476,0.960762619972229,0.9946820139884949,0.8483275771141052,0.7026256918907166,0.8897858262062073,0.904649555683136,0.8211079835891724,0.8805556893348694,1.0413848161697388,1.1752482652664185,1.2265911102294922,1.11592698097229,1.1190677881240845,1.2073009014129639,1.291662335395813,1.2989203929901123,1.2865328788757324,1.1222695112228394,1.1548614501953125,1.1095036268234253,1.3130885362625122,1.3081505298614502,1.3598988056182861,1.1978535652160645,1.2285730838775635,1.1435638666152954,1.1126086711883545,1.0451934337615967,0.9072030782699585,0.9707945585250854,1.0921587944030762,1.0691732168197632,0.957001268863678,0.8037970066070557
sink,1.2347707748413086,1.21944260597229,1.0267020463943481,1.024994969367981,0.8666663765907288,1.0629851818084717,1.2250845432281494,1.2713896036148071,0.8620429039001465,0.7594477534294128,0.7715747356414795,0.6695753931999207,0.834525465965271,0.7503281235694885,0.838799774646759,0.854705274105072,0.79005366563797,0.8183852434158325,0.9353358149528503,0.0,0.05818980932235718,0.8980711698532104,0.9004827737808228,0.9119059443473816,0.9738060235977173,1.2658438682556152,1.1679197549819946,1.1667357683181763,1.193274736404419,0.9218304753303528,1.0166672468185425,0.9941755533218384,0.9030860662460327,1.1313116550445557,1.0104080438613892,0.7028969526290894,1.1018564701080322,1.0160514116287231,0.8813595771789551,1.0633209943771362,1.2254664897918701,1.0137094259262085,1.1926273107528687,1.251270055770874,1.050007939338684,1.0496479272842407,0.9007282257080078,1.3747103214263916,1.2712044715881348,1.239322304725647,1.0854287147521973,1.0360558032989502,1.0887850522994995,1.1893081665039062,1.2392860651016235,1.1937839984893799,1.2211213111877441,1.2721045017242432,1.237277865409851,1.2985707521438599,1.2752941846847534,0.5080441236495972,0.6272936463356018,1.0010058879852295,0.923477292060852,0.8388928771018982,0.9960975050926208
bathtub,1.2134381532669067,1.2653393745422363,1.0018525123596191,1.0024086236953735,0.781201958656311,1.0772778987884521,1.2650821208953857,1.3159630298614502,0.9284123778343201,0.6882416009902954,0.6497076749801636,0.5602177977561951,0.7133136987686157,0.5851525664329529,0.7147883772850037,0.790257453918457,0.7507979869842529,0.798439621925354,0.9055877923965454,0.05818980932235718,0.0,0.8002642393112183,0.8143860697746277,0.8064070343971252,0.8538196682929993,1.2817856073379517,1.1735494136810303,1.1385979652404785,1.1419941186904907,0.783799946308136,0.9343122839927673,0.9353588819503784,0.9145264029502869,1.0917264223098755,0.9843448400497437,0.7034064531326294,1.0566096305847168,0.9825332164764404,0.8440350294113159,1.0704610347747803,1.198598027229309,1.0502136945724487,1.1920539140701294,1.2804726362228394,1.0801640748977661,1.158125400543213,1.0177972316741943,1.3844013214111328,1.326399803161621,1.2894337177276611,1.0780164003372192,1.043686866760254,1.1232266426086426,1.2213419675827026,1.2748563289642334,1.2391289472579956,1.2467132806777954,1.2952396869659424,1.2464207410812378,1.3377838134765625,1.3340784311294556,0.5624929666519165,0.7157063484191895,1.0634514093399048,1.0115628242492676,0.848516047000885,1.0303113460540771
shirt,1.0854140520095825,1.036251187324524,0.5941322445869446,0.6647850871086121,0.46397268772125244,0.877569317817688,1.1219375133514404,1.1615599393844604,1.1619471311569214,0.8566142916679382,0.693536639213562,0.6057410836219788,0.5739352703094482,0.53598952293396,0.7371335029602051,0.8568413257598877,0.9723491668701172,0.9062213897705078,0.9296422004699707,0.8980711698532104,0.8002642393112183,0.0,0.32265281677246094,0.30609071254730225,0.3802524209022522,1.2584224939346313,1.0098966360092163,0.812729001045227,0.8829659223556519,0.5100853443145752,0.7530292272567749,0.8886151313781738,1.0714658498764038,0.8552201986312866,1.009362816810608,0.9943847060203552,1.0400224924087524,0.8594415187835693,0.8500529527664185,1.1417365074157715,0.993964672088623,1.0737104415893555,0.9513193368911743,1.120052695274353,1.1534088850021362,1.2532168626785278,1.3652162551879883,1.3570767641067505,1.3668361902236938,1.3452069759368896,1.1604156494140625,1.1704142093658447,1.248429536819458,1.2716542482376099,1.253210425376892,1.2855093479156494,1.2610042095184326,1.2488640546798706,1.1819539070129395,1.2585139274597168,1.2684082984924316,0.9568697810173035,1.2171005010604858,1.239936113357544,1.2414838075637817,1.15964937210083,1.1356403827667236
bib,1.0575511455535889,1.0465686321258545,0.7255135178565979,0.8049928545951843,0.5690803527832031,0.8037809133529663,1.1350233554840088,1.2052747011184692,1.2492674589157104,0.8046069145202637,0.7418341636657715,0.6213986277580261,0.6898260116577148,0.49927544593811035,0.6230441927909851,1.0214717388153076,1.0847392082214355,1.0353918075561523,0.8787305951118469,0.9004827737808228,0.8143860697746277,0.32265281677246094,0.0,0.22661280632019043,0.4999080300331116,1.2016019821166992,0.848008394241333,0.6484521627426147,0.7035226225852966,0.3499133586883545,0.5573886036872864,0.6689582467079163,0.8292897939682007,0.6849814653396606,0.7476905584335327,0.7655978798866272,0.8901636600494385,0.6595878005027771,0.6044096946716309,1.0313724279403687,0.8515608310699463,1.0098744630813599,0.9115447402000427,1.1951825618743896,0.9866324067115784,1.2259666919708252,1.3149750232696533,1.358905553817749,1.4443349838256836,1.3987257480621338,1.1848809719085693,1.042136549949646,1.0362272262573242,1.2648664712905884,1.2633638381958008,1.3193979263305664,1.2481498718261719,1.2454502582550049,1.0747551918029785,1.3094322681427002,1.225428819656372,0.8114478588104248,1.1246600151062012,1.2111828327178955,1.2057324647903442,0.9924712181091309,1.0596168041229248
pajamas,1.1436996459960938,1.0577716827392578,0.7804710865020752,0.7926886081695557,0.47850215435028076,0.8194636106491089,1.1145591735839844,1.16309654712677,1.251578688621521,0.7293702363967896,0.6548846960067749,0.5585788488388062,0.5494644045829773,0.338725209236145,0.5432634949684143,0.84950852394104,0.971549391746521,0.9660534262657166,0.9101143479347229,0.9119059443473816,0.8064070343971252,0.30609071254730225,0.22661280632019043,0.0,0.38951969146728516,1.163636565208435,0.887042760848999,0.6124367713928223,0.7865727543830872,0.22023320198059082,0.44393742084503174,0.6957358121871948,0.9724996089935303,0.6866851449012756,0.8042385578155518,0.914141833782196,0.9405121207237244,0.7634962797164917,0.8465203046798706,1.0576770305633545,0.9631619453430176,1.0654397010803223,1.0128109455108643,1.19105863571167,1.0791364908218384,1.3250453472137451,1.3809845447540283,1.3494932651519775,1.3879632949829102,1.3787685632705688,1.2039620876312256,1.0959528684616089,1.1921210289001465,1.2855592966079712,1.273183822631836,1.349261999130249,1.3240783214569092,1.3103792667388916,1.212611436843872,1.3466984033584595,1.3199347257614136,1.005740761756897,1.2207646369934082,1.2715096473693848,1.2405078411102295,1.0605286359786987,1.1489170789718628
pants,1.0614460706710815,0.8998528122901917,0.6900050640106201,0.7036159038543701,0.5227385759353638,0.8164705038070679,0.9497790932655334,0.9785813093185425,1.2989790439605713,0.777500569820404,0.7347978353500366,0.7227871417999268,0.5741109251976013,0.580869734287262,0.8321353197097778,0.9126566648483276,0.964473307132721,1.0022410154342651,0.9059165120124817,0.9738060235977173,0.8538196682929993,0.3802524209022522,0.4999080300331116,0.38951969146728516,0.0,0.9707822799682617,0.8294082880020142,0.5840921401977539,0.7258673906326294,0.5097954869270325,0.6201544404029846,0.8038222789764404,1.0332286357879639,0.937793493270874,1.10471510887146,1.122823715209961,1.0483553409576416,0.9684422016143799,0.913213312625885,1.2305359840393066,0.9854326844215393,1.1053671836853027,0.8824350833892822,0.9940617084503174,1.142022967338562,1.283560037612915,1.3370615243911743,1.2151861190795898,1.280776023864746,1.261411190032959,0.9995999932289124,1.0925601720809937,1.2135934829711914,1.2533440589904785,1.2409662008285522,1.2220089435577393,1.2350531816482544,1.1954703330993652,1.0720551013946533,1.2955405712127686,1.2289767265319824,1.026847243309021,1.2682807445526123,1.3407728672027588,1.309145450592041,1.186948299407959,1.0148471593856812
slipper,0.9062483906745911,0.8524259924888611,1.1510071754455566,1.0172556638717651,1.2289762496948242,0.9530072808265686,0.7009279727935791,0.6062074899673462,1.0739785432815552,1.1416397094726562,1.292651891708374,1.3776628971099854,1.250592589378357,1.2773526906967163,1.3153935670852661,1.265267014503479,1.19033682346344,1.3123480081558228,1.2089742422103882,1.2658438682556152,1.2817856073379517,1.2584224939346313,1.2016019821166992,1.163636565208435,0.9707822799682617,0.0,0.3731391429901123,0.660584568977356,0.7279243469238281,1.1673496961593628,1.0648882389068604,0.9400858283042908,1.005252718925476,1.1213337182998657,1.1181031465530396,1.2226808071136475,1.120129942893982,1.1999365091323853,1.2145655155181885,0.9826396107673645,0.7772120237350464,0.9711931943893433,0.5865702629089355,0.6878929138183594,0.8532247543334961,0.9038959741592407,0.7982051372528076,0.6972749829292297,0.7594473361968994,0.7389575242996216,0.7372192144393921,1.0297836065292358,0.9590268135070801,0.8677734732627869,0.8662511706352234,0.8123956918716431,0.9174274206161499,0.8996642827987671,0.883750319480896,0.8628566265106201,0.8778442144393921,1.2270584106445312,1.0262116193771362,0.9556212425231934,0.9289463758468628,0.9557268023490906,0.9188916683197021
shoe,0.9701025485992432,0.9785135388374329,0.9933215379714966,0.9007203578948975,0.998863697052002,0.8602355718612671,0.9276818037033081,0.8734789490699768,1.1230273246765137,0.9024465084075928,1.0862315893173218,1.1063330173492432,1.0465755462646484,1.0605775117874146,1.0529600381851196,1.238940715789795,1.1707804203033447,1.195511817932129,1.0342044830322266,1.1679197549819946,1.1735494136810303,1.0098966360092163,0.848008394241333,0.887042760848999,0.8294082880020142,0.3731391429901123,0.0,0.5812824964523315,0.6612611413002014,0.9381790161132812,0.9474690556526184,0.9320043325424194,1.041072130203247,0.9433728456497192,0.9048746228218079,1.0421500205993652,0.9074669480323792,0.9229744672775269,1.0217006206512451,0.9224131107330322,0.8119451999664307,0.9443207383155823,0.7452783584594727,0.9347142577171326,0.9093078970909119,1.0706299543380737,1.0374391078948975,1.0592296123504639,1.1083697080612183,1.081764817237854,0.9807010889053345,1.0145299434661865,1.0136396884918213,1.108839511871338,1.0927987098693848,1.1472121477127075,1.1332581043243408,1.086065649986267,0.9422459602355957,1.04841947555542,1.0643607378005981,1.079102635383606,1.0596950054168701,1.0857864618301392,1.1033935546875,0.9808211922645569,0.9614522457122803
sock,1.2054270505905151,0.9024050235748291,1.0095007419586182,0.8642318844795227,0.5614997148513794,0.6615294218063354,0.7417495846748352,0.7526516318321228,1.169816255569458,0.9376096129417419,0.9465988278388977,0.9983037710189819,0.8588871955871582,0.8865346312522888,0.9621423482894897,1.0519877672195435,1.139229655265808,1.1598873138427734,1.003761887550354,1.1667357683181763,1.1385979652404785,0.812729001045227,0.6484521627426147,0.6124367713928223,0.5840921401977539,0.660584568977356,0.5812824964523315,0.0,0.4560234546661377,0.6784877777099609,0.7044205069541931,0.614065408706665,0.7982591390609741,0.9538522958755493,0.9695102572441101,1.167777180671692,1.0239547491073608,0.9974427819252014,0.9044793248176575,1.0745900869369507,0.9196475744247437,0.7472647428512573,0.7788469791412354,1.0471960306167603,0.9058767557144165,1.0772449970245361,1.1336264610290527,0.9858843088150024,1.0584781169891357,1.0347543954849243,0.9208338260650635,0.7654566764831543,0.9512372612953186,1.1204757690429688,1.1250735521316528,1.1433758735656738,1.2247031927108765,1.1945459842681885,1.024012804031372,1.2124541997909546,1.1823176145553589,1.2200127840042114,1.2554378509521484,1.1805965900421143,1.0640672445297241,1.046558141708374,0.9418638348579407
glove,0.8441028594970703,0.985711932182312,0.9572540521621704,0.9579740762710571,0.5962637066841125,0.4595310091972351,0.7331697940826416,0.8394572734832764,1.3002210855484009,0.9982638955116272,1.0694360733032227,1.0816705226898193,0.9585621356964111,0.9555615782737732,1.074134111404419,1.1890846490859985,1.199035882949829,1.2307145595550537,1.0213570594787598,1.193274736404419,1.1419941186904907,0.8829659223556519,0.7035226225852966,0.7865727543830872,0.7258673906326294,0.7279243469238281,0.6612611413002014,0.4560234546661377,0.0,0.7680972814559937,0.7743130922317505,0.6618121266365051,0.7700600624084473,0.821813702583313,0.8058615326881409,1.0773626565933228,1.0438851118087769,0.9954448938369751,0.8105590343475342,1.1714465618133545,0.9057694673538208,0.9320542216300964,0.7190893888473511,1.0457473993301392,0.7758699655532837,1.0997482538223267,1.084403157234192,0.9914565086364746,1.0610994100570679,1.045063853263855,0.8940659761428833,0.7901608347892761,0.8450188636779785,1.0227066278457642,1.0109931230545044,1.1080079078674316,1.0696001052856445,1.0305638313293457,0.7193660736083984,1.2099668979644775,1.0309505462646484,1.121706247329712,1.1904675960540771,1.1466310024261475,1.0820643901824951,0.988305389881134,0.9115214943885803
blanket,1.1185967922210693,1.1398985385894775,0.8622169494628906,0.8728670477867126,0.6499814987182617,0.9979747533798218,1.2613270282745361,1.3077822923660278,1.235335350036621,0.6882861852645874,0.5443456172943115,0.46839451789855957,0.4424881935119629,0.16061925888061523,0.4750279188156128,0.7788994908332825,0.9417676329612732,0.9497913718223572,0.8755682110786438,0.9218304753303528,0.783799946308136,0.5100853443145752,0.3499133586883545,0.22023320198059082,0.5097954869270325,1.1673496961593628,0.9381790161132812,0.6784877777099609,0.7680972814559937,0.0,0.21868717670440674,0.44577205181121826,0.7933284640312195,0.7785161733627319,0.8385184407234192,0.9208088517189026,0.884956955909729,0.7991397976875305,0.8156859874725342,0.9413126707077026,0.9037272930145264,1.044430136680603,0.9759473204612732,1.2146880626678467,1.0884820222854614,1.3635358810424805,1.4292982816696167,1.2934750318527222,1.4009275436401367,1.3915684223175049,1.1693133115768433,1.1059966087341309,1.1848269701004028,1.2482527494430542,1.2515671253204346,1.3642494678497314,1.2704136371612549,1.3183003664016724,1.1426339149475098,1.3211908340454102,1.259340763092041,0.9737029671669006,1.2010818719863892,1.2942917346954346,1.2826275825500488,1.038968563079834,1.1488844156265259
pillow,1.1209309101104736,1.0687153339385986,1.0022438764572144,0.9806720018386841,0.7326351404190063,0.9848957061767578,1.17573881149292,1.1855967044830322,1.1481318473815918,0.7605949640274048,0.5602568984031677,0.6402295827865601,0.4697209596633911,0.35166430473327637,0.591071605682373,0.7827690839767456,0.8889878392219543,0.9508473873138428,0.8920205235481262,1.0166672468185425,0.9343122839927673,0.7530292272567749,0.5573886036872864,0.44393742084503174,0.6201544404029846,1.0648882389068604,0.9474690556526184,0.7044205069541931,0.7743130922317505,0.21868717670440674,0.0,0.37247300148010254,0.631864607334137,0.8274126052856445,0.9179776906967163,1.0106189250946045,0.8003309369087219,0.8763962984085083,0.8667013645172119,0.8434751033782959,0.7711629271507263,1.1599957942962646,0.902195930480957,1.1973772048950195,1.144590139389038,1.2759900093078613,1.2895293235778809,1.2612380981445312,1.3140568733215332,1.3105682134628296,1.1957695484161377,1.1576011180877686,1.1546568870544434,1.1143591403961182,1.1552257537841797,1.2376148700714111,1.2141233682632446,1.267578363418579,1.1557633876800537,1.2612299919128418,1.144577980041504,1.058958649635315,1.106549859046936,1.197163701057434,1.1225759983062744,0.946699321269989,0.9980446696281433
