,rooster,fish,frog,alligator,owl,cat,dog,face,hair,arm,hand,finger,toe,tooth,nose,stroller,car,lamp,chair,bench,drawer,window,door,refrigerator,oven,crib,bed,couch,table,bathtub,sink,slide,clock,ball,balloon,pumpkin,egg,orange,apple,hat,slipper,watch,nail,glasses,necklace,carrot,vacuum,shovel,scissors,spoon,fork,knife,pencil,pen,crayon,plant,flower,bottle,cup,can,belt,basket,bucket,tape,bowl,plate,banana,bread,cracker,pizza,hamburger,glass,tray,box,book,paper,comb,toothbrush,gum,toy,doll,mitten,glove,sock,shoe,purse,pillow,towel,napkin,blanket,pajamas,bib,scarf,jacket,sweater,shirt,jeans,pants,shorts
rooster,0.0,0.6370270252227783,0.5633524060249329,0.8037943243980408,0.6929208636283875,1.0268157720565796,0.8787791728973389,1.0080806016921997,0.9909629225730896,0.9388850927352905,1.0401133298873901,1.1818218231201172,1.243902564048767,1.2288196086883545,1.1745483875274658,0.9422380328178406,0.9603263735771179,1.1900314092636108,1.0522258281707764,1.0095224380493164,1.0677577257156372,1.0079216957092285,1.0600011348724365,0.9730837941169739,1.070202112197876,0.9437053203582764,0.9522656202316284,1.0032877922058105,0.9531204700469971,1.049548625946045,1.070357084274292,1.0314282178878784,0.956226110458374,0.9783830046653748,1.0552618503570557,1.0676896572113037,0.9863232970237732,1.0517816543579102,1.072393536567688,1.0894616842269897,1.144055962562561,1.228754997253418,1.1557378768920898,1.1675654649734497,1.1969362497329712,1.0746018886566162,1.064576268196106,0.9357785582542419,0.9420819878578186,1.1210697889328003,1.1349302530288696,1.123518466949463,1.1920444965362549,1.1981000900268555,1.1510183811187744,0.82489013671875,0.8044414520263672,1.0683354139328003,1.091879963874817,1.2120356559753418,1.1671102046966553,0.9674659371376038,1.0028260946273804,1.0709621906280518,1.0631129741668701,1.0563197135925293,1.0179742574691772,1.0706666707992554,0.9648709297180176,0.9445138573646545,0.9364472031593323,0.9667492508888245,0.9661892056465149,0.8593738079071045,0.8428932428359985,0.9778978228569031,1.0120781660079956,1.0951755046844482,1.032116174697876,0.8047017455101013,0.7012693881988525,0.9059287905693054,1.0012760162353516,1.0921109914779663,1.0111018419265747,0.9416070580482483,1.149417519569397,1.0991290807724,1.106707215309143,0.9498811960220337,1.052037000656128,0.9834210276603699,1.044203758239746,0.9686252474784851,0.966120719909668,1.0240519046783447,1.1057102680206299,1.0319621562957764,1.043722152709961
fish,0.6370270252227783,0.0,0.6012675166130066,1.0675336122512817,0.6687403321266174,0.974952757358551,0.8855623006820679,1.0747671127319336,1.0417360067367554,1.2203024625778198,1.0421302318572998,0.9002920985221863,0.8492861390113831,0.7166744470596313,0.7719724178314209,1.168582558631897,0.9740498065948486,0.8651883006095886,1.0397573709487915,1.0887913703918457,1.1601953506469727,1.2079392671585083,1.3216876983642578,1.2680528163909912,1.132604718208313,1.2280713319778442,1.2090845108032227,1.0894248485565186,1.206315040588379,1.222373127937317,1.2445273399353027,1.1754261255264282,0.8094979524612427,1.0462273359298706,0.9228824377059937,0.8896464705467224,0.9236215353012085,0.7351836562156677,0.8670002818107605,0.9892152547836304,0.7396519184112549,0.8691684603691101,0.829768180847168,0.7711516618728638,0.7467139363288879,0.5927950143814087,1.0965296030044556,0.9621105194091797,0.7710293531417847,0.6258711814880371,0.7250919938087463,0.7897632122039795,0.8146992921829224,0.757606565952301,0.7383027672767639,0.9925390481948853,0.9642040729522705,1.0653170347213745,0.9609904289245605,1.117913007736206,0.9087389707565308,1.1148114204406738,1.1188544034957886,0.9091677069664001,0.9641034603118896,0.7776942849159241,0.6465141773223877,0.6576374173164368,0.7359397411346436,0.5599030256271362,0.948554277420044,0.9983449578285217,0.989777684211731,1.1347651481628418,0.7457826137542725,0.8338819742202759,0.7978018522262573,0.8440848588943481,0.6385384798049927,0.929158627986908,0.6319998502731323,0.8140051960945129,0.8761098980903625,0.9956375360488892,0.8908756971359253,1.0895330905914307,0.7788804769515991,0.8148269653320312,0.6646999716758728,1.16486394405365,1.1246975660324097,1.1089602708816528,1.0598053932189941,1.2392901182174683,1.2125217914581299,1.176393747329712,1.0295355319976807,1.138155221939087,1.1995869874954224
frog,0.5633524060249329,0.6012675166130066,0.0,0.6103612184524536,0.7309094667434692,1.0138646364212036,0.884635865688324,0.8583875894546509,0.9338521957397461,0.9269237518310547,0.9658797383308411,1.2155959606170654,1.2410516738891602,1.1703152656555176,1.1124664545059204,0.893009603023529,0.9634568095207214,1.293860673904419,1.105204701423645,1.000116229057312,1.1429553031921387,1.1202584505081177,1.2051432132720947,1.0445740222930908,1.145633578300476,0.9874389171600342,0.927596926689148,0.9595524668693542,0.8948965072631836,1.1037126779556274,1.1150004863739014,1.0366908311843872,1.1039328575134277,0.9488525390625,1.1089212894439697,1.055995225906372,0.9742298126220703,1.0508143901824951,1.0829880237579346,1.0531237125396729,1.1721428632736206,1.2255319356918335,1.1779932975769043,1.0934340953826904,1.1620920896530151,1.0580835342407227,1.2361798286437988,1.0194644927978516,0.8316012620925903,1.2047717571258545,1.2718381881713867,1.1766083240509033,1.2706825733184814,1.2676140069961548,1.2281391620635986,0.7292311191558838,0.7371254563331604,1.212973713874817,1.2056881189346313,1.3745098114013672,1.246092438697815,1.0721240043640137,1.0629823207855225,0.9574588537216187,1.1791987419128418,1.0610271692276,0.8009839057922363,1.063817024230957,0.9650266766548157,0.9150232076644897,0.7053091526031494,0.8745556473731995,0.8190968036651611,0.7603127956390381,0.8342518210411072,0.9092504382133484,0.9889273643493652,1.0241734981536865,0.874433696269989,0.5709079504013062,0.5109741687774658,0.7350633144378662,0.8441995978355408,1.1560535430908203,0.9937882423400879,0.8381714224815369,1.1861177682876587,1.1500887870788574,1.0889719724655151,0.9358934164047241,0.9551630616188049,0.9236918687820435,1.0871202945709229,0.9179067611694336,0.933512270450592,0.9524065852165222,1.0238722562789917,1.061349868774414,1.1599286794662476
alligator,0.8037943243980408,1.0675336122512817,0.6103612184524536,0.0,0.9973421096801758,0.5549711585044861,0.5830960869789124,0.6236081719398499,0.684612512588501,0.3541918396949768,0.6321365237236023,1.2492647171020508,1.3279212713241577,1.2806905508041382,1.16094970703125,1.094170331954956,1.175415277481079,1.5687034130096436,0.879193902015686,0.5193203687667847,1.0345019102096558,0.9698656797409058,1.0337036848068237,0.7365254759788513,0.8609032034873962,0.5473795533180237,0.4509553909301758,0.4918088912963867,0.49121880531311035,0.48446232080459595,1.0017646551132202,0.7103891372680664,1.4129881858825684,1.1490849256515503,1.4609119892120361,1.2662253379821777,1.143903136253357,1.4107211828231812,1.4170825481414795,1.128748893737793,1.3203006982803345,1.480493426322937,1.4398552179336548,1.169812560081482,1.351812481880188,1.0475083589553833,1.142480492591858,1.1563420295715332,0.7208722829818726,1.4789869785308838,1.528165340423584,1.4496369361877441,1.5297189950942993,1.5488218069076538,1.6014916896820068,0.7864628434181213,0.6865203976631165,1.5497344732284546,1.5180339813232422,1.488343358039856,1.514399528503418,1.0723929405212402,1.150442361831665,1.507511019706726,1.5321078300476074,1.372911810874939,1.263536810874939,1.4099810123443604,1.0877115726470947,1.0506949424743652,1.0866607427597046,0.6409366726875305,0.8303897380828857,0.5253332853317261,1.1274327039718628,0.9355695247650146,0.6663925051689148,0.903533935546875,1.2834289073944092,0.996350884437561,0.8771266937255859,0.4388381838798523,0.5764716267585754,0.9774652719497681,0.8917785286903381,0.6859115958213806,1.3846807479858398,1.4352633953094482,1.376664638519287,0.44735288619995117,0.3824465274810791,0.4420470595359802,0.7595572471618652,0.4269371032714844,0.44200217723846436,0.4895695447921753,0.46477043628692627,0.43644827604293823,0.7432819604873657
owl,0.6929208636283875,0.6687403321266174,0.7309094667434692,0.9973421096801758,0.0,0.9692407846450806,0.8530380129814148,1.069096565246582,1.0521122217178345,1.065450668334961,1.0205265283584595,0.9617171287536621,0.9393306970596313,0.961946964263916,1.0292619466781616,1.0625754594802856,1.0055783987045288,0.9296008944511414,0.962590217590332,1.0766029357910156,1.091172218322754,1.1348589658737183,1.1597059965133667,1.0753552913665771,0.9463911652565002,1.038055419921875,1.0298467874526978,1.0442975759506226,1.116231918334961,1.2614412307739258,1.1888233423233032,1.078519344329834,0.7361478209495544,0.8868380188941956,0.8959341645240784,0.8596236705780029,0.9505614042282104,0.7874786853790283,0.9032259583473206,0.8998941779136658,0.7923588156700134,0.9484158158302307,0.8883654475212097,0.9872671365737915,0.8814821839332581,0.8720633387565613,1.0193864107131958,0.9814084768295288,1.0195709466934204,0.903438925743103,0.9215825200080872,0.8682982325553894,0.927916407585144,0.9065109491348267,0.9007341265678406,0.8247462511062622,0.8900098204612732,0.9786165952682495,0.9434801340103149,1.0368947982788086,0.9235910177230835,0.863039493560791,0.9724133014678955,0.8930715322494507,0.9663124084472656,0.9216533303260803,0.727402925491333,0.6848149299621582,0.7267024517059326,0.7502168416976929,0.7352898716926575,1.117781162261963,1.056847333908081,1.107864260673523,0.8753668069839478,1.046872854232788,0.9309849739074707,1.1360833644866943,0.9187589883804321,0.8898830413818359,0.8103353381156921,0.946872889995575,0.9389156103134155,0.9715031981468201,0.839783787727356,0.9268171787261963,0.8390140533447266,0.7037193775177002,0.7565038204193115,1.000800371170044,1.0774377584457397,1.085611343383789,1.082998514175415,1.0471532344818115,1.0619940757751465,1.0679471492767334,1.0529584884643555,1.0597234964370728,1.089799165725708
cat,1.0268157720565796,0.974952757358551,1.0138646364212036,0.5549711585044861,0.9692407846450806,0.0,0.316048264503479,0.7786185145378113,0.7306361198425293,0.632911205291748,0.8108586072921753,1.1191456317901611,1.186971664428711,1.1053885221481323,1.0724791288375854,1.1338415145874023,1.1706962585449219,1.2245872020721436,0.9847689867019653,0.6801810264587402,1.1494653224945068,0.8722639679908752,0.9814453721046448,0.8752763271331787,0.9810460805892944,0.7441414594650269,0.5265120267868042,0.6769396066665649,0.6954867839813232,0.5355913639068604,1.008235216140747,0.6690952777862549,1.2831382751464844,1.277372121810913,1.3693416118621826,1.2489185333251953,1.2260078191757202,1.3009119033813477,1.3268108367919922,1.073960781097412,1.1788585186004639,1.2538049221038818,1.2658882141113281,1.055066466331482,1.1895313262939453,0.9188355207443237,1.0988212823867798,1.1855604648590088,0.8394666910171509,1.243986964225769,1.2610068321228027,1.2806148529052734,1.2718844413757324,1.2834663391113281,1.3725303411483765,1.0051261186599731,0.8936748504638672,1.428337574005127,1.4723479747772217,1.280604600906372,1.201088309288025,1.1032490730285645,1.209256887435913,1.4889328479766846,1.4516644477844238,1.3627099990844727,1.2071778774261475,1.2829344272613525,1.0648895502090454,0.8795996904373169,1.2103651762008667,0.744907021522522,1.0707601308822632,0.9238718152046204,1.3382184505462646,1.10604727268219,0.5470319986343384,0.9478716850280762,1.356844425201416,1.3185920715332031,1.0706223249435425,0.6264500617980957,0.8323138952255249,1.0234036445617676,1.0442525148391724,0.9351996183395386,1.1859750747680664,1.2890422344207764,1.2903779745101929,0.6099769473075867,0.49119263887405396,0.5874643325805664,0.8077778816223145,0.5726871490478516,0.6083448529243469,0.5887686014175415,0.45406389236450195,0.5902803540229797,0.7219812273979187
dog,0.8787791728973389,0.8855623006820679,0.884635865688324,0.5830960869789124,0.8530380129814148,0.316048264503479,0.0,0.8420937061309814,0.7253285050392151,0.7085350751876831,0.7454624176025391,0.9985603094100952,1.0081987380981445,1.0402004718780518,1.0266473293304443,1.1319997310638428,1.1279963254928589,1.3000805377960205,0.7408760786056519,0.6502997279167175,1.0941623449325562,1.0194857120513916,1.056102991104126,0.8671059608459473,0.8973419666290283,0.7593382000923157,0.7402783036231995,0.5827928185462952,0.7160923480987549,0.7202638983726501,1.0815811157226562,0.8943864703178406,1.3206278085708618,1.1685923337936401,1.3056769371032715,1.1058402061462402,1.2050329446792603,1.2456070184707642,1.3494783639907837,0.9169172644615173,0.9484047889709473,1.2411446571350098,1.305083990097046,1.0682207345962524,1.0753881931304932,0.7975979447364807,0.9612080454826355,1.21058988571167,0.8941555023193359,1.199576497077942,1.2095952033996582,1.2532861232757568,1.3179577589035034,1.2939871549606323,1.3912452459335327,0.9377092123031616,0.9103803038597107,1.310834527015686,1.313508152961731,1.1434701681137085,1.1848015785217285,1.0563504695892334,1.1450438499450684,1.4661271572113037,1.330464243888855,1.2091988325119019,1.0861563682556152,1.1096712350845337,0.8577470779418945,0.6999827027320862,1.1812824010849,0.776903510093689,0.9583234190940857,0.8899946808815002,1.1677916049957275,1.0539320707321167,0.6803877353668213,1.0198185443878174,1.2290266752243042,1.122470736503601,0.6771236062049866,0.5157628059387207,0.6428449153900146,0.8806815147399902,0.8005033135414124,0.7972557544708252,0.987250030040741,1.1515737771987915,1.106985330581665,0.6286685466766357,0.5393966436386108,0.6063887476921082,0.6740742921829224,0.675873339176178,0.6766808032989502,0.6525703072547913,0.49159204959869385,0.5828671455383301,0.6123690009117126
face,1.0080806016921997,1.0747671127319336,0.8583875894546509,0.6236081719398499,1.069096565246582,0.7786185145378113,0.8420937061309814,0.0,0.27111172676086426,0.7050753235816956,0.622745931148529,0.9551309943199158,0.9599582552909851,0.9818954467773438,0.690555214881897,1.012569546699524,1.0336806774139404,1.2327048778533936,1.0991133451461792,0.8996960520744324,1.1528565883636475,0.9224085211753845,1.0101993083953857,0.9274426102638245,1.0956432819366455,0.946837842464447,0.7484476566314697,0.8075523376464844,0.7599964141845703,0.7158350944519043,1.0357747077941895,0.8832696080207825,1.1072158813476562,1.0464425086975098,1.1702520847320557,1.043792724609375,0.9495332837104797,1.1023948192596436,1.123769998550415,0.8690916299819946,1.1904206275939941,1.1779022216796875,1.0602185726165771,0.6686112284660339,1.0335747003555298,0.9568527340888977,1.2189065217971802,1.2572805881500244,0.9450576305389404,1.1933470964431763,1.283335566520691,1.3327605724334717,1.2220358848571777,1.2589961290359497,1.33504056930542,0.9953975677490234,0.8569996356964111,1.330265760421753,1.2872898578643799,1.3494313955307007,1.2419716119766235,1.2283103466033936,1.2248822450637817,1.257291555404663,1.371027946472168,1.2172752618789673,1.0984439849853516,1.0996453762054443,1.0201282501220703,0.9463851451873779,0.8928098678588867,0.6326799988746643,0.959289014339447,0.8879205584526062,1.1984000205993652,1.0745038986206055,0.8595839738845825,1.0445388555526733,1.087688684463501,1.1077762842178345,1.0194385051727295,0.7117944955825806,0.7430129051208496,1.0532392263412476,1.0929914712905884,1.047795057296753,1.3546638488769531,1.35299813747406,1.255773901939392,0.8286673426628113,0.5909416675567627,0.6262243986129761,0.8695765733718872,0.6009204983711243,0.43989282846450806,0.41964399814605713,0.7187823057174683,0.7117482423782349,0.9171447157859802
hair,0.9909629225730896,1.0417360067367554,0.9338521957397461,0.684612512588501,1.0521122217178345,0.7306361198425293,0.7253285050392151,0.27111172676086426,0.0,0.7611676454544067,0.6987797021865845,0.9233300685882568,0.9113540649414062,0.9655705094337463,0.7360917329788208,1.0481897592544556,1.0256872177124023,1.1640920639038086,1.0258954763412476,0.8669421672821045,1.1257915496826172,0.896602213382721,0.9622101783752441,0.9132410883903503,1.0484358072280884,0.8898200392723083,0.7614679336547852,0.7696131467819214,0.8236685991287231,0.7289190292358398,1.0697466135025024,0.9350623488426208,1.0824832916259766,1.0659717321395874,1.1983051300048828,1.0606062412261963,1.0380096435546875,1.1450748443603516,1.1132969856262207,0.8074526786804199,1.0801419019699097,1.0590205192565918,1.0627191066741943,0.7145119905471802,1.0074598789215088,0.8996456861495972,1.0977363586425781,1.1767374277114868,0.9068489074707031,1.1212586164474487,1.2099313735961914,1.242598533630371,1.1673591136932373,1.192172884941101,1.2600421905517578,0.9241853952407837,0.7953169345855713,1.268650770187378,1.240195870399475,1.2739317417144775,1.2148091793060303,1.1606525182724,1.2097084522247314,1.3137269020080566,1.3572423458099365,1.2303247451782227,1.106034755706787,1.080994963645935,0.950484573841095,0.8849920630455017,1.0455896854400635,0.6938795447349548,1.0117799043655396,0.9154610633850098,1.1658873558044434,1.080051302909851,0.8126108050346375,0.9905238747596741,1.1184002161026,1.1430522203445435,1.0170705318450928,0.7478117942810059,0.745072603225708,0.9970086216926575,1.0143382549285889,0.9991782307624817,1.2352443933486938,1.254706859588623,1.2024250030517578,0.772874653339386,0.6204707622528076,0.645686149597168,0.8628981709480286,0.6641653776168823,0.5640024542808533,0.5150876045227051,0.7085902094841003,0.6942532062530518,0.8474838733673096
arm,0.9388850927352905,1.2203024625778198,0.9269237518310547,0.3541918396949768,1.065450668334961,0.632911205291748,0.7085350751876831,0.7050753235816956,0.7611676454544067,0.0,0.4491250514984131,0.9806169271469116,1.1093333959579468,1.1702522039413452,1.1087630987167358,1.1767264604568481,1.2120014429092407,1.4230825901031494,0.8441582918167114,0.4862387180328369,1.0312912464141846,0.9229088425636292,1.0033928155899048,0.7939314842224121,0.8883848190307617,0.6474183201789856,0.47602981328964233,0.5457007884979248,0.550240695476532,0.4916965365409851,0.9757823348045349,0.5410356521606445,1.4004120826721191,1.1203792095184326,1.3933398723602295,1.2221177816390991,1.109431505203247,1.4002466201782227,1.4019436836242676,1.1188993453979492,1.2733652591705322,1.3086944818496704,1.385678768157959,1.1695048809051514,1.2317087650299072,0.9966656565666199,1.120891809463501,1.0866751670837402,0.7650520205497742,1.3638993501663208,1.3722565174102783,1.2761722803115845,1.384567141532898,1.3796615600585938,1.4736638069152832,0.8813489079475403,0.7843096256256104,1.4181058406829834,1.3748669624328613,1.3741259574890137,1.4356309175491333,1.0864626169204712,1.198498249053955,1.4802322387695312,1.5276576280593872,1.3484697341918945,1.3811991214752197,1.4064770936965942,1.1809180974960327,1.1652299165725708,1.1637911796569824,0.6857044100761414,0.9296547174453735,0.6455159783363342,1.1365330219268799,0.9198775887489319,0.7054829001426697,0.8648668527603149,1.2869224548339844,1.1815321445465088,0.9634386301040649,0.5441646575927734,0.49877065420150757,0.7294608354568481,0.9352611303329468,0.877956211566925,1.2727856636047363,1.2709274291992188,1.2480332851409912,0.49246281385421753,0.2819061875343323,0.45471370220184326,0.7965011596679688,0.4563775062561035,0.43757492303848267,0.45030832290649414,0.43317747116088867,0.47262251377105713,0.6215335130691528
hand,1.0401133298873901,1.0421302318572998,0.9658797383308411,0.6321365237236023,1.0205265283584595,0.8108586072921753,0.7454624176025391,0.622745931148529,0.6987797021865845,0.4491250514984131,0.0,0.45391130447387695,0.7315818071365356,0.8608599901199341,0.7117682695388794,1.1620807647705078,1.1885623931884766,1.2567390203475952,1.019694209098816,0.7864524126052856,1.0922809839248657,1.0687288045883179,1.068925380706787,0.9858359098434448,1.0328127145767212,0.9707096219062805,0.9235947728157043,0.8488484025001526,0.7471029758453369,0.6652987003326416,0.9194012880325317,0.701501727104187,1.277484655380249,0.9171991944313049,1.1866098642349243,1.044445276260376,0.8553652167320251,1.1891958713531494,1.248426914215088,0.9628810882568359,1.0967504978179932,1.1655076742172241,1.203135371208191,0.9222067594528198,0.9179919958114624,0.761166512966156,1.1796268224716187,1.1328412294387817,0.7032321691513062,1.1584436893463135,1.2186532020568848,1.213369607925415,1.2111185789108276,1.1923236846923828,1.3480031490325928,0.981181263923645,0.9039832353591919,1.3599028587341309,1.2006640434265137,1.3673354387283325,1.4148402214050293,1.231633186340332,1.2658473253250122,1.3874164819717407,1.415603518486023,1.0634700059890747,1.17694890499115,1.1245927810668945,0.8070986270904541,0.7391806244850159,1.1391489505767822,0.614501953125,0.9009482264518738,0.8155267834663391,1.124037504196167,0.8921577334403992,0.7373411655426025,0.7627222537994385,0.9129056930541992,1.1862361431121826,0.8644469380378723,0.38989102840423584,0.24085873365402222,0.7771969437599182,0.9056869745254517,1.0000077486038208,1.2952369451522827,1.2015577554702759,1.0708731412887573,0.8468756079673767,0.4361318349838257,0.5672892332077026,0.8123182058334351,0.6801968216896057,0.5814662575721741,0.5634238123893738,0.624965250492096,0.7396293878555298,0.7115232944488525
finger,1.1818218231201172,0.9002920985221863,1.2155959606170654,1.2492647171020508,0.9617171287536621,1.1191456317901611,0.9985603094100952,0.9551309943199158,0.9233300685882568,0.9806169271469116,0.45391130447387695,0.0,0.22907757759094238,0.42370325326919556,0.32725536823272705,1.1084173917770386,1.1168160438537598,0.6168338060379028,1.0170960426330566,1.1170092821121216,1.078242301940918,1.1484581232070923,1.0515916347503662,1.288791298866272,1.1814146041870117,1.279775857925415,1.313384771347046,1.182943344116211,1.264784574508667,1.0912461280822754,1.0778577327728271,0.896649181842804,0.8355975151062012,0.855091392993927,0.743075430393219,0.6738384962081909,0.8234972357749939,0.7470152378082275,0.7821561098098755,0.7830859422683716,0.553899884223938,0.5516660809516907,0.6575958728790283,0.5603135824203491,0.43091893196105957,0.5233126878738403,1.0086196660995483,1.0330209732055664,0.9958608746528625,0.6095123887062073,0.6641080379486084,0.7703676223754883,0.6551203727722168,0.623714804649353,0.7057514190673828,1.1180870532989502,1.1531126499176025,0.9166269302368164,0.7275192141532898,0.8906145691871643,0.9007331132888794,1.1554163694381714,1.1908599138259888,0.9205771088600159,0.9908798933029175,0.8190073370933533,0.8872323036193848,0.6090512275695801,0.6337531805038452,0.5616683959960938,1.0603169202804565,0.9303494691848755,1.0234205722808838,1.2092761993408203,0.8960697650909424,0.8575842380523682,0.9931572675704956,0.9124005436897278,0.6318801641464233,1.1633373498916626,0.8966913819313049,0.8773297667503357,0.6024320125579834,0.6595574617385864,0.81638503074646,1.2058862447738647,0.8253738284111023,0.7478046417236328,0.6118075251579285,1.249203085899353,0.9322123527526855,1.0421473979949951,1.0385812520980835,1.1430150270462036,1.0900784730911255,0.98419588804245,1.01272451877594,1.0898308753967285,0.9409728646278381
toe,1.243902564048767,0.8492861390113831,1.2410516738891602,1.3279212713241577,0.9393306970596313,1.186971664428711,1.0081987380981445,0.9599582552909851,0.9113540649414062,1.1093333959579468,0.7315818071365356,0.22907757759094238,0.0,0.30308425426483154,0.3532969355583191,1.123056173324585,1.1021558046340942,0.5337541699409485,0.9521312713623047,1.2017401456832886,1.1301804780960083,1.2172006368637085,1.1317944526672363,1.3186107873916626,1.1345183849334717,1.3720651865005493,1.3640649318695068,1.1865671873092651,1.3684659004211426,1.1792491674423218,1.2512410879135132,1.0681265592575073,0.7335491180419922,0.9457895755767822,0.7161284685134888,0.5658767223358154,0.9239867925643921,0.6129624843597412,0.6562839150428772,0.699698269367218,0.3257421851158142,0.40292179584503174,0.523563027381897,0.4223850965499878,0.3497896194458008,0.5069438219070435,0.9563421607017517,1.019885778427124,1.1548418998718262,0.47767627239227295,0.5109443664550781,0.6478233933448792,0.4786229133605957,0.4433654546737671,0.5125302076339722,1.2142835855484009,1.2425366640090942,0.7594964504241943,0.6122061014175415,0.6644004583358765,0.6278808116912842,1.1509729623794556,1.1748275756835938,0.8424519300460815,0.8936214447021484,0.7925434112548828,0.7584320902824402,0.43818730115890503,0.6504462957382202,0.6164340972900391,1.016116738319397,1.113515853881836,1.0642807483673096,1.3362162113189697,0.8329342007637024,0.8492782115936279,1.0638505220413208,1.013642430305481,0.6316285133361816,1.1759823560714722,0.933786153793335,1.0433765649795532,0.7178962230682373,0.6869435906410217,0.6359943151473999,1.1913704872131348,0.6016589999198914,0.6534919738769531,0.47781747579574585,1.3351521492004395,1.0271270275115967,1.1056153774261475,0.9812562465667725,1.188588261604309,1.1416895389556885,1.0404937267303467,0.950983464717865,1.0152688026428223,0.9781738519668579
tooth,1.2288196086883545,0.7166744470596313,1.1703152656555176,1.2806905508041382,0.961946964263916,1.1053885221481323,1.0402004718780518,0.9818954467773438,0.9655705094337463,1.1702522039413452,0.8608599901199341,0.42370325326919556,0.30308425426483154,0.0,0.2948000431060791,1.2252756357192993,1.149202823638916,0.46741342544555664,0.9766364097595215,1.173487663269043,1.1739264726638794,1.234777808189392,1.1911439895629883,1.296822190284729,1.1419615745544434,1.324671745300293,1.3308978080749512,1.1423596143722534,1.2766485214233398,1.1293495893478394,1.193636178970337,1.1537549495697021,0.6444225311279297,0.9337660074234009,0.7564502954483032,0.5928643345832825,0.8085490465164185,0.5555644631385803,0.5811218023300171,0.8005837798118591,0.4569772481918335,0.4600147604942322,0.4439678192138672,0.3344699740409851,0.31455934047698975,0.40491628646850586,0.9955644607543945,0.9876930713653564,0.9700630903244019,0.3806712031364441,0.4444998502731323,0.6086926460266113,0.4183642268180847,0.39126652479171753,0.47350144386291504,1.205010175704956,1.2319518327713013,0.782238245010376,0.5685915350914001,0.7650864720344543,0.6815037727355957,1.174314260482788,1.1823015213012695,0.7965952754020691,0.8545671701431274,0.6609703302383423,0.6475797891616821,0.3531699776649475,0.5462076663970947,0.4702810049057007,0.9893147945404053,1.0908770561218262,0.9469731450080872,1.288525104522705,0.8421982526779175,0.8689219951629639,1.0125610828399658,0.8643051981925964,0.5842610597610474,1.1738053560256958,0.9697163105010986,0.9427863359451294,0.8318501710891724,0.8788726329803467,0.8824350833892822,1.3299891948699951,0.6247667074203491,0.6986290216445923,0.4452335834503174,1.3325402736663818,1.043925404548645,1.0755789279937744,1.0041885375976562,1.2024396657943726,1.131124496459961,1.0055956840515137,0.9820495247840881,1.0387846231460571,1.0936561822891235
nose,1.1745483875274658,0.7719724178314209,1.1124664545059204,1.16094970703125,1.0292619466781616,1.0724791288375854,1.0266473293304443,0.690555214881897,0.7360917329788208,1.1087630987167358,0.7117682695388794,0.32725536823272705,0.3532969355583191,0.2948000431060791,0.0,1.1532912254333496,1.1062750816345215,0.614486575126648,1.0545940399169922,1.1348975896835327,1.1022264957427979,1.1315582990646362,1.0951682329177856,1.2552361488342285,1.1679877042770386,1.2846183776855469,1.2275285720825195,1.0980775356292725,1.2511203289031982,1.0942367315292358,1.1612308025360107,1.078285813331604,0.7554889917373657,0.9298564791679382,0.773588240146637,0.6619246006011963,0.8161697387695312,0.671477198600769,0.7263035774230957,0.7160715460777283,0.5674731135368347,0.5583508014678955,0.524913489818573,0.2447589635848999,0.325475811958313,0.5024348497390747,1.0434794425964355,1.1331923007965088,1.0014240741729736,0.5423575043678284,0.6794120073318481,0.8258359432220459,0.6568723320960999,0.6362754702568054,0.7263672351837158,1.1399774551391602,1.0976722240447998,0.9832348823547363,0.7875630259513855,0.9595627784729004,0.9110792279243469,1.2262719869613647,1.2390081882476807,0.8997985124588013,1.038257122039795,0.8765078186988831,0.8166598081588745,0.4899331331253052,0.6038550734519958,0.5095192193984985,0.9888079762458801,0.8594846725463867,1.0546765327453613,1.244910717010498,0.9552393555641174,0.9245314002037048,0.9753173589706421,0.9487830400466919,0.6072859168052673,1.1873818635940552,1.0011849403381348,0.8871428966522217,0.7510637044906616,0.8415195941925049,0.9261724948883057,1.254797339439392,0.8878923058509827,0.891016960144043,0.6795493364334106,1.2363892793655396,0.9869113564491272,0.9867050051689148,0.9221234917640686,1.1143834590911865,1.0192428827285767,0.900098979473114,1.000903844833374,1.012742280960083,1.032381534576416
stroller,0.9422380328178406,1.168582558631897,0.893009603023529,1.094170331954956,1.0625754594802856,1.1338415145874023,1.1319997310638428,1.012569546699524,1.0481897592544556,1.1767264604568481,1.1620807647705078,1.1084173917770386,1.123056173324585,1.2252756357192993,1.1532912254333496,0.0,0.576522171497345,1.1218339204788208,1.09495210647583,1.1657792329788208,1.0827516317367554,1.0452090501785278,0.9918414354324341,1.0498753786087036,1.1409246921539307,1.0090776681900024,1.069637656211853,1.1605490446090698,1.0557360649108887,1.2217400074005127,1.0983211994171143,1.0857594013214111,0.9714016914367676,0.9095168113708496,0.9612584114074707,0.9952011108398438,1.0527499914169312,1.0438786745071411,0.970669686794281,0.9579552412033081,1.1478140354156494,0.9827313423156738,1.0326505899429321,1.1685161590576172,1.1718648672103882,1.2800010442733765,1.025311827659607,0.8833782076835632,1.1736000776290894,1.154916763305664,1.1346971988677979,1.0899579524993896,1.1091747283935547,1.1125290393829346,1.0540492534637451,0.9484206438064575,1.0097486972808838,0.8820163011550903,0.9723217487335205,1.0489370822906494,1.053573727607727,0.9052932262420654,0.8342345952987671,0.866041898727417,0.9713424444198608,1.1218562126159668,0.925919234752655,1.0784648656845093,1.0959070920944214,1.1928863525390625,0.7710456848144531,1.117393970489502,0.9864240288734436,0.9608118534088135,1.0366228818893433,1.2120600938796997,1.2015323638916016,1.182497501373291,1.04595947265625,0.5124591588973999,1.011041522026062,1.221638560295105,1.1895755529403687,1.0632137060165405,1.096569299697876,0.9515174627304077,1.1556771993637085,0.9766833782196045,1.1292649507522583,1.1047807931900024,1.1651005744934082,1.1843889951705933,1.125507116317749,1.0282658338546753,1.093418002128601,1.12049400806427,1.1867620944976807,1.1996512413024902,1.1230500936508179
car,0.9603263735771179,0.9740498065948486,0.9634568095207214,1.175415277481079,1.0055783987045288,1.1706962585449219,1.1279963254928589,1.0336806774139404,1.0256872177124023,1.2120014429092407,1.1885623931884766,1.1168160438537598,1.1021558046340942,1.149202823638916,1.1062750816345215,0.576522171497345,0.0,1.0086274147033691,0.9881234169006348,1.105010986328125,0.9785537719726562,0.9321883320808411,0.997934877872467,1.0585389137268066,1.0456936359405518,1.0825388431549072,1.128057837486267,1.1437673568725586,1.0789486169815063,1.1479660272598267,1.05782949924469,1.1699039936065674,0.8981205821037292,0.9411784410476685,0.9687484502792358,1.0543971061706543,1.040954351425171,0.9895105957984924,0.9324360489845276,0.975696861743927,1.0461077690124512,0.9847431182861328,0.9573256373405457,1.0417613983154297,1.1427488327026367,1.1510990858078003,0.9807971715927124,0.9439194798469543,1.1193227767944336,0.9391378164291382,0.9696386456489563,0.9532210230827332,0.9753244519233704,0.9717458486557007,0.9585186839103699,0.947091817855835,0.9855201840400696,0.9067053198814392,1.0011811256408691,1.0429903268814087,0.98237544298172,0.9805277585983276,0.9697157740592957,0.9118170142173767,0.9516093134880066,0.9690240025520325,1.013053059577942,1.0026191473007202,1.0934144258499146,1.114434838294983,0.9649360179901123,1.0116627216339111,1.0490150451660156,1.092576503753662,0.9355031251907349,1.151767373085022,1.1055032014846802,1.116856575012207,0.9736043810844421,0.7596372961997986,0.9990988969802856,1.2465765476226807,1.213884711265564,1.115067481994629,1.0588926076889038,0.9260239005088806,1.0335558652877808,0.9367680549621582,1.0041184425354004,1.1587504148483276,1.25022292137146,1.2110185623168945,1.0788030624389648,1.1045169830322266,1.1118890047073364,1.1969877481460571,1.170820951461792,1.1861813068389893,1.0579066276550293
lamp,1.1900314092636108,0.8651883006095886,1.293860673904419,1.5687034130096436,0.9296008944511414,1.2245872020721436,1.3000805377960205,1.2327048778533936,1.1640920639038086,1.4230825901031494,1.2567390203475952,0.6168338060379028,0.5337541699409485,0.46741342544555664,0.614486575126648,1.1218339204788208,1.0086274147033691,0.0,1.0207726955413818,1.2959378957748413,0.97995924949646,0.9659451246261597,0.8631048202514648,1.281050205230713,1.156733512878418,1.333343505859375,1.3812321424484253,1.3645737171173096,1.4631519317626953,1.2879894971847534,1.0428508520126343,1.1438523530960083,0.3646754026412964,0.9021145105361938,0.5459014177322388,0.6498626470565796,0.8347985744476318,0.4979701042175293,0.4379768371582031,0.846001386642456,0.48990076780319214,0.31718868017196655,0.3296319842338562,0.5247544050216675,0.48874402046203613,0.7304496765136719,0.8175879120826721,0.7832508683204651,1.0694681406021118,0.24402260780334473,0.23625755310058594,0.3335566520690918,0.20786166191101074,0.19873297214508057,0.21639502048492432,1.1937592029571533,1.2155896425247192,0.5378656387329102,0.4794193506240845,0.5380227565765381,0.42094892263412476,1.0098469257354736,1.0608434677124023,0.5151236057281494,0.6080431342124939,0.6527537703514099,0.6439344882965088,0.41464829444885254,0.7054852843284607,0.7046365141868591,0.9032257795333862,1.2553091049194336,1.191826343536377,1.4638428688049316,0.8052910566329956,0.918843150138855,1.2560267448425293,0.9836412072181702,0.7200096249580383,1.1823668479919434,1.240478277206421,1.444511890411377,1.3042576313018799,1.07803475856781,1.027256965637207,1.3731355667114258,0.5532850027084351,0.6054625511169434,0.5352888107299805,1.4706652164459229,1.4207255840301514,1.4448432922363281,1.3068788051605225,1.4659178256988525,1.4219622611999512,1.3573819398880005,1.3838918209075928,1.401574969291687,1.1941566467285156
chair,1.0522258281707764,1.0397573709487915,1.105204701423645,0.879193902015686,0.962590217590332,0.9847689867019653,0.7408760786056519,1.0991133451461792,1.0258954763412476,0.8441582918167114,1.019694209098816,1.0170960426330566,0.9521312713623047,0.9766364097595215,1.0545940399169922,1.09495210647583,0.9881234169006348,1.0207726955413818,0.0,0.28077995777130127,0.6015626192092896,0.7603765726089478,0.7091596722602844,0.6664541959762573,0.47409212589263916,0.4118487238883972,0.8165320158004761,0.4186045527458191,0.6591135859489441,0.8157473802566528,0.9551870226860046,1.0173394680023193,1.1203504800796509,1.1390239000320435,1.160393238067627,1.034156322479248,1.2580013275146484,1.1480902433395386,1.1895493268966675,0.8385564088821411,0.750678539276123,1.0016844272613525,1.117013931274414,1.0308055877685547,0.9610216021537781,0.7484737634658813,0.39796364307403564,0.9864388704299927,0.9482154846191406,0.8946047425270081,0.872257649898529,0.7785528302192688,1.0186740159988403,0.9504119157791138,1.0102416276931763,0.8584820032119751,0.9577649235725403,0.9054144024848938,0.8713613748550415,0.6259765625,0.8994300961494446,0.6400266885757446,0.8058966994285583,1.1803803443908691,0.9063335657119751,0.9029167294502258,1.0231014490127563,1.0073024034500122,1.087638258934021,0.9591871500015259,1.0824427604675293,0.8776326179504395,0.8378608226776123,0.7607206702232361,0.7279967069625854,0.7920743227005005,0.8476229906082153,1.0423698425292969,1.1714906692504883,1.0057393312454224,0.888096034526825,0.9060010313987732,0.847219705581665,0.7933340072631836,0.7307784557342529,0.6812812685966492,0.5768604874610901,0.7259905338287354,0.6837834119796753,0.7604179978370667,0.8635461330413818,0.9217936992645264,0.7649006247520447,0.8610163331031799,0.8775877952575684,0.9107000827789307,0.7609190940856934,0.7152040600776672,0.612860381603241
bench,1.0095224380493164,1.0887913703918457,1.000116229057312,0.5193203687667847,1.0766029357910156,0.6801810264587402,0.6502997279167175,0.8996960520744324,0.8669421672821045,0.4862387180328369,0.7864524126052856,1.1170092821121216,1.2017401456832886,1.173487663269043,1.1348975896835327,1.1657792329788208,1.105010986328125,1.2959378957748413,0.28077995777130127,0.0,0.5538517236709595,0.7112020254135132,0.7372423410415649,0.5840294361114502,0.5156252384185791,0.2324981689453125,0.43730032444000244,0.24987030029296875,0.4750964641571045,0.4426206946372986,0.7931671142578125,0.7828196287155151,1.3702821731567383,1.2033027410507202,1.3992981910705566,1.2341617345809937,1.24639093875885,1.390275239944458,1.4369299411773682,1.0501619577407837,1.0902551412582397,1.332042932510376,1.3986623287200928,1.1727367639541626,1.2053066492080688,0.8491921424865723,0.6913032531738281,1.112769603729248,0.7423145771026611,1.1668647527694702,1.176857829093933,1.0651237964630127,1.3292741775512695,1.2747317552566528,1.3764065504074097,0.7862271070480347,0.8013787269592285,1.3248581886291504,1.2724822759628296,1.070387363433838,1.2596468925476074,0.7173108458518982,0.9371004700660706,1.4360562562942505,1.2129642963409424,1.1010265350341797,1.2436585426330566,1.3295774459838867,1.203458309173584,1.070665955543518,1.1680413484573364,0.7274929285049438,0.7708384990692139,0.5119359493255615,0.8850411176681519,0.7582885026931763,0.621957004070282,0.9198465347290039,1.336395502090454,1.0582537651062012,0.907623291015625,0.645884096622467,0.7435247302055359,0.8078039288520813,0.8371168375015259,0.6936163902282715,0.9031793475151062,1.0813333988189697,1.0070371627807617,0.4563354253768921,0.5390754342079163,0.6719136834144592,0.7789642214775085,0.6605278253555298,0.6719082593917847,0.7001972198486328,0.5665959119796753,0.5700585842132568,0.651633620262146
drawer,1.0677577257156372,1.1601953506469727,1.1429553031921387,1.0345019102096558,1.091172218322754,1.1494653224945068,1.0941623449325562,1.1528565883636475,1.1257915496826172,1.0312912464141846,1.0922809839248657,1.078242301940918,1.1301804780960083,1.1739264726638794,1.1022264957427979,1.0827516317367554,0.9785537719726562,0.97995924949646,0.6015626192092896,0.5538517236709595,0.0,0.8122450113296509,0.6033320426940918,0.6077834367752075,0.41600263118743896,0.5474585294723511,0.97954261302948,0.8530604243278503,0.9421409368515015,0.8150462508201599,0.609500527381897,1.1227309703826904,1.1192011833190918,1.1680548191070557,1.1549724340438843,1.1113706827163696,1.2099170684814453,1.1687064170837402,1.209421157836914,0.9981929063796997,0.9722893834114075,1.1051989793777466,1.2157347202301025,1.1524553298950195,1.1245965957641602,1.0311753749847412,0.6640290021896362,0.9299758672714233,0.9016420841217041,0.8924840688705444,0.8625391125679016,0.7839221954345703,1.0706286430358887,0.9981805682182312,1.0357438325881958,0.9339495301246643,1.0276589393615723,0.9523979425430298,0.9224749803543091,0.7347374558448792,0.9601016044616699,0.5857154130935669,0.7597854733467102,1.052369236946106,0.7555792927742004,0.7929828763008118,1.12742018699646,1.1375726461410522,1.1123480796813965,1.1295751333236694,1.0316921472549438,0.9591313600540161,0.7905195951461792,0.6503734588623047,0.7426705360412598,0.7964401841163635,0.9521430730819702,0.997197687625885,1.1654402017593384,0.9519294500350952,1.0989031791687012,1.1286619901657104,1.0715609788894653,1.0017095804214478,0.9117562770843506,0.7577240467071533,0.802837610244751,0.926837682723999,0.8831698894500732,1.0344228744506836,1.1366058588027954,1.1489734649658203,1.0269659757614136,1.1039223670959473,1.1335620880126953,1.1589804887771606,1.1017401218414307,1.0554568767547607,0.9883020520210266
