,dog,frog,nose,face,hair,arm,hand,finger,toe,lamp,drawer,bench,chair,table,couch,bed,crib,window,door,refrigerator,oven,sink,bathtub,car,jacket,shirt,bib,pajamas,jeans,pants,slipper,shoe,sock,glove,blanket,pillow,towel,napkin,doll,toy,tray,box,book,paper,basket,purse,comb,hat,glasses,scissors,fork,spoon,crayon,pencil,pen,knife,toothbrush,gum,balloon,ball,egg,orange,pumpkin,apple,melon,banana,plant,bread,plate,bowl,bottle,cup,bucket,can
dog,0.0,0.8337092995643616,1.0150395631790161,0.82582688331604,0.8515990972518921,0.955278754234314,1.0726196765899658,1.2624492645263672,1.204103946685791,1.1247941255569458,1.1478760242462158,0.858971357345581,0.989626407623291,0.8103217482566833,0.7124341726303101,0.7557471990585327,0.8035606145858765,0.9049526453018188,0.9481453895568848,0.9054060578346252,0.8858315348625183,0.942710280418396,0.9094173908233643,0.9346013069152832,0.948157012462616,0.8780016899108887,0.9114155769348145,0.7911850214004517,0.8403578996658325,0.7872812747955322,1.1877391338348389,0.9181589484214783,1.035321593284607,1.025456428527832,0.7536543607711792,0.9468216300010681,1.0318939685821533,1.1755067110061646,0.7877653241157532,0.8650303483009338,0.8926815986633301,0.9527749419212341,0.9065842032432556,0.9694937467575073,1.0298047065734863,1.0130366086959839,1.0652388334274292,1.1002516746520996,1.0847645998001099,0.967734158039093,1.2885745763778687,1.2843918800354004,1.2848234176635742,1.2765231132507324,1.2922112941741943,1.1638996601104736,1.2276631593704224,1.1656948328018188,1.0798672437667847,1.1224310398101807,1.2000372409820557,1.1024600267410278,1.1142191886901855,1.1177242994308472,1.0152233839035034,1.0765526294708252,0.9960210919380188,1.0714179277420044,1.0962830781936646,1.103047251701355,1.1544251441955566,1.1806902885437012,1.0973457098007202,1.01536226272583
frog,0.8337092995643616,0.0,0.8740254640579224,0.7413991689682007,1.115883708000183,1.214767575263977,1.0721718072891235,1.0347223281860352,1.0181913375854492,1.047874927520752,1.0967066287994385,1.182223916053772,1.2588577270507812,1.2532892227172852,1.1643400192260742,1.1773988008499146,1.1834230422973633,1.1383581161499023,1.1117206811904907,1.2081584930419922,1.1863821744918823,1.2063068151474,1.1717721223831177,0.9307597279548645,1.2215880155563354,1.1729354858398438,1.165606141090393,1.2068663835525513,1.1889779567718506,1.1667933464050293,0.9573579430580139,1.009777545928955,1.160015344619751,0.9678190350532532,1.183215618133545,1.1298067569732666,1.163879156112671,1.1624935865402222,0.7850066423416138,0.8548234105110168,1.093937635421753,1.1197588443756104,0.9126100540161133,1.0308533906936646,1.0923926830291748,1.0979785919189453,1.1583936214447021,0.9262114763259888,0.8622255325317383,1.1606179475784302,1.069072961807251,0.9807080626487732,0.8876633048057556,0.9496873021125793,0.9823420643806458,1.081722378730774,1.0973691940307617,0.9532291889190674,0.9532315731048584,0.8894597291946411,0.8634521961212158,0.8128378987312317,0.7619475722312927,0.744728147983551,0.8003599047660828,0.6728520393371582,0.8817951083183289,0.8135634660720825,1.04537832736969,1.1427005529403687,1.053086519241333,1.0926188230514526,1.0346972942352295,1.1793651580810547
nose,1.0150395631790161,0.8740254640579224,0.0,0.5550287961959839,0.8111650347709656,1.1759669780731201,0.8734854459762573,0.457783579826355,0.43092381954193115,1.0151729583740234,1.038122296333313,1.348388910293579,1.2553507089614868,1.398942470550537,1.2577919960021973,1.2901654243469238,1.2768115997314453,1.1992793083190918,1.1229257583618164,1.318617343902588,1.282250165939331,1.3283350467681885,1.3075413703918457,0.9872257709503174,1.0964781045913696,1.1079812049865723,1.1796269416809082,1.2288156747817993,1.114576816558838,1.1400123834609985,0.6258488297462463,1.0804123878479004,1.0060107707977295,1.0887845754623413,1.2495858669281006,1.1467931270599365,1.1684935092926025,1.1343905925750732,1.0557224750518799,1.2538784742355347,1.4314539432525635,1.3383227586746216,1.309918999671936,1.318660020828247,1.2748864889144897,1.19828200340271,1.2179176807403564,0.6463577747344971,0.4480940103530884,1.2941522598266602,0.9879379868507385,0.9570145010948181,0.6332001686096191,0.7296721339225769,0.701722264289856,0.988859236240387,1.012406587600708,0.8129205107688904,0.8525934219360352,0.664866030216217,0.5227829217910767,0.7330752611160278,0.6542421579360962,0.5782740116119385,0.8931716084480286,0.8370594382286072,1.098433017730713,0.7550795078277588,1.173468828201294,1.1446387767791748,1.1116172075271606,1.0518574714660645,1.194892406463623,1.190882682800293
face,0.82582688331604,0.7413991689682007,0.5550287961959839,0.0,0.4853672981262207,0.9029590487480164,0.8340840339660645,0.796357274055481,0.7543536424636841,1.1817437410354614,1.1518328189849854,1.0215524435043335,1.2020041942596436,1.0681812763214111,0.9595677256584167,0.9737470149993896,1.0335451364517212,1.0027271509170532,1.013474464416504,1.0621914863586426,1.0288662910461426,1.0770177841186523,1.0194871425628662,0.9870929718017578,0.9411789178848267,0.7433407306671143,0.91463303565979,0.8851048946380615,0.8078258633613586,0.7471652030944824,1.0042346715927124,0.9767163991928101,1.1335052251815796,1.1492140293121338,1.0229547023773193,1.122160792350769,1.1954855918884277,1.2298129796981812,0.8376441597938538,1.0877898931503296,1.212234616279602,1.1361535787582397,1.0736877918243408,1.0238357782363892,1.2941553592681885,1.2154061794281006,1.1301451921463013,0.9015143513679504,0.5016213655471802,1.197487235069275,1.24601411819458,1.2309281826019287,1.0535238981246948,1.0608806610107422,1.1068520545959473,1.1299413442611694,1.1616532802581787,1.0256438255310059,1.113637089729309,1.044110894203186,0.8959965705871582,0.9408349990844727,0.8922590613365173,0.9108731746673584,0.9875519275665283,0.9445703029632568,1.1778266429901123,0.9412498474121094,1.0828791856765747,1.302978515625,1.2247483730316162,1.2798421382904053,1.3478935956954956,1.191728949546814
hair,0.8515990972518921,1.115883708000183,0.8111650347709656,0.4853672981262207,0.0,0.728750467300415,0.7723313570022583,0.8691911697387695,0.8640130162239075,1.2052749395370483,1.1932417154312134,0.9942609667778015,1.0549474954605103,0.9608935713768005,0.9136597514152527,0.8847039937973022,0.9756578803062439,0.8482170701026917,0.9670546650886536,0.9734764695167542,1.0229068994522095,1.0001481771469116,0.9247828125953674,0.9951842427253723,0.7368097305297852,0.6064491271972656,0.7502340078353882,0.6914930939674377,0.67835533618927,0.662970244884491,1.0786460638046265,0.9374949932098389,1.0396279096603394,1.0502301454544067,0.8994051218032837,1.067369818687439,1.1177141666412354,1.184647798538208,0.9244563579559326,1.1103404760360718,1.1507198810577393,1.0923583507537842,1.0125253200531006,0.9485538005828857,1.2381806373596191,1.0980656147003174,0.8601735830307007,0.8534640073776245,0.6589287519454956,0.945262610912323,1.2332203388214111,1.2813951969146729,1.2059195041656494,1.1385068893432617,1.1603319644927979,1.07036292552948,1.092170238494873,1.0721482038497925,1.1360337734222412,1.171057105064392,1.099729061126709,1.1148041486740112,1.1012067794799805,1.1563011407852173,1.1119998693466187,1.092602252960205,1.0435335636138916,1.1152750253677368,1.1552834510803223,1.2725967168807983,1.1486631631851196,1.3024542331695557,1.3443787097930908,1.1678270101547241
arm,0.955278754234314,1.214767575263977,1.1759669780731201,0.9029590487480164,0.728750467300415,0.0,0.43236613273620605,0.7658112049102783,0.8128872513771057,1.1459115743637085,1.0998330116271973,0.856736421585083,0.9969709515571594,0.8237920999526978,0.8334448933601379,0.7421942353248596,0.9199661016464233,0.8180669546127319,0.9320822358131409,0.9000303745269775,0.9248592257499695,0.8233168125152588,0.8060150146484375,1.2119922637939453,0.9042776823043823,0.5296871066093445,0.663286030292511,0.6303474307060242,0.7177169919013977,0.6595511436462402,1.2221591472625732,0.9400385618209839,0.5680907368659973,0.7832447290420532,0.8100050687789917,0.8894308805465698,0.9343399405479431,0.9201257228851318,0.9945790767669678,1.0518609285354614,1.030737042427063,1.0139456987380981,0.9635047316551208,0.8101464509963989,1.2207040786743164,1.1807260513305664,0.944362998008728,1.3038886785507202,1.0445468425750732,0.8529528379440308,1.1731849908828735,1.262990951538086,1.2388241291046143,1.1306129693984985,1.1640188694000244,0.9710105657577515,1.0770611763000488,1.1374050378799438,1.2188365459442139,1.3020333051681519,1.1922767162322998,1.1699352264404297,1.2587220668792725,1.267953634262085,1.148871898651123,1.238066554069519,1.1381242275238037,1.1521425247192383,1.1470561027526855,1.2222354412078857,1.1192251443862915,1.1650828123092651,1.2732517719268799,1.0555049180984497
hand,1.0726196765899658,1.0721718072891235,0.8734854459762573,0.8340840339660645,0.7723313570022583,0.43236613273620605,0.0,0.3381052017211914,0.43508827686309814,1.2754377126693726,1.1327921152114868,1.1223959922790527,1.1670794486999512,1.0893138647079468,1.0861815214157104,1.055539846420288,1.0745983123779297,1.0399503707885742,1.0804486274719238,1.156690239906311,1.1229928731918335,1.027570128440857,1.031747817993164,1.1460826396942139,1.0764883756637573,0.8438241481781006,0.8872424364089966,0.874772310256958,0.9039919376373291,0.9488077163696289,0.9485794305801392,0.9104509949684143,0.5608466267585754,0.6289442777633667,1.036016583442688,1.086401104927063,1.0661507844924927,1.0092991590499878,0.9282654523849487,0.9940104484558105,1.06368088722229,1.1233444213867188,0.9636335372924805,0.8561598658561707,1.2125309705734253,1.2056162357330322,1.0190519094467163,1.1461896896362305,0.852337658405304,0.9200762510299683,1.0693941116333008,1.1675121784210205,1.0993714332580566,1.030152440071106,1.0466437339782715,0.9936745762825012,1.031658411026001,0.843368411064148,1.1005085706710815,1.1543108224868774,1.0190569162368774,1.033007025718689,1.1321938037872314,1.052022933959961,1.1011106967926025,1.0961339473724365,1.1626287698745728,0.9987547993659973,1.1251798868179321,1.1469650268554688,1.1179300546646118,1.1339576244354248,1.265958309173584,1.2119841575622559
finger,1.2624492645263672,1.0347223281860352,0.457783579826355,0.796357274055481,0.8691911697387695,0.7658112049102783,0.3381052017211914,0.0,0.12541460990905762,1.1463489532470703,1.0723998546600342,1.3364291191101074,1.257894515991211,1.4038655757904053,1.3167599439620972,1.3265142440795898,1.3664745092391968,1.2172222137451172,1.1740188598632812,1.3417737483978271,1.3093492984771729,1.3055764436721802,1.2516618967056274,1.0487778186798096,1.127532720565796,1.0319206714630127,1.186827301979065,1.1621776819229126,1.0093133449554443,1.0725955963134766,0.5916088819503784,1.0402145385742188,0.6747958660125732,0.8593073487281799,1.3161503076553345,1.1923699378967285,1.1809604167938232,1.0769423246383667,1.1664050817489624,1.249744176864624,1.4325313568115234,1.349586009979248,1.2261619567871094,1.1450440883636475,1.329441785812378,1.2949779033660889,1.1096723079681396,0.8525221347808838,0.6980152726173401,1.1753509044647217,0.9098621010780334,0.9338527917861938,0.5867469310760498,0.6819276809692383,0.6676768064498901,0.829039990901947,0.835603654384613,0.6685803532600403,0.8938391208648682,0.8215107917785645,0.5980848670005798,0.8127090930938721,0.7723994255065918,0.6871281862258911,0.9550376534461975,0.8816646337509155,1.1456565856933594,0.808735191822052,1.1688899993896484,1.223654866218567,1.0752713680267334,1.0697225332260132,1.2654485702514648,1.1508653163909912
toe,1.204103946685791,1.0181913375854492,0.43092381954193115,0.7543536424636841,0.8640130162239075,0.8128872513771057,0.43508827686309814,0.12541460990905762,0.0,1.1409589052200317,1.1109014749526978,1.3530853986740112,1.25380539894104,1.4137904644012451,1.283377766609192,1.2876343727111816,1.3318986892700195,1.252636194229126,1.1897276639938354,1.3438849449157715,1.320024847984314,1.3393516540527344,1.2538831233978271,1.0497809648513794,1.136493444442749,1.0430930852890015,1.1736806631088257,1.1057233810424805,1.0007290840148926,1.0437345504760742,0.3798784613609314,0.8479320406913757,0.5601435303688049,0.8714221715927124,1.2875407934188843,1.1679295301437378,1.1756634712219238,1.117570400238037,1.1051143407821655,1.2402143478393555,1.4571819305419922,1.346553921699524,1.2316992282867432,1.235072374343872,1.280555009841919,1.2194875478744507,1.1627671718597412,0.825279712677002,0.6688944101333618,1.2234971523284912,0.937017560005188,0.9556179046630859,0.6960628032684326,0.810817301273346,0.7778669595718384,0.9301050305366516,0.939341127872467,0.7361570596694946,0.9123201370239258,0.8227475881576538,0.644628643989563,0.8522014021873474,0.7563058137893677,0.7189726829528809,0.9665611982345581,0.9050871133804321,1.1280964612960815,0.8344086408615112,1.2065281867980957,1.2157703638076782,1.092136025428772,1.0779037475585938,1.223641276359558,1.185844898223877
lamp,1.1247941255569458,1.047874927520752,1.0151729583740234,1.1817437410354614,1.2052749395370483,1.1459115743637085,1.2754377126693726,1.1463489532470703,1.1409589052200317,0.0,0.8841089010238647,1.0459600687026978,0.7719425559043884,0.9728769063949585,1.0660243034362793,1.085088849067688,1.064234733581543,0.7685449719429016,0.7218684554100037,0.8915219902992249,0.9864211082458496,0.9082480669021606,0.9625396132469177,1.0549311637878418,1.0856056213378906,1.2042758464813232,1.2646090984344482,1.346728801727295,1.3112518787384033,1.293685793876648,1.0669816732406616,1.2890793085098267,1.2159950733184814,1.19674551486969,1.1660680770874023,0.9585760235786438,0.9310206174850464,0.8877453207969666,1.1345841884613037,1.118836760520935,1.1274244785308838,1.0760141611099243,1.1540826559066772,1.0650999546051025,1.0429450273513794,0.9889577627182007,0.9988808631896973,0.8644759058952332,1.0566784143447876,0.9971862435340881,0.7168795466423035,0.7559219002723694,0.9086079597473145,0.8054658770561218,0.7160696983337402,0.8972834944725037,0.8174703121185303,1.026705026626587,0.8518092036247253,0.781903862953186,0.8578493595123291,0.9931774735450745,0.9813017845153809,0.9737348556518555,1.0028401613235474,1.0368947982788086,0.7525591850280762,1.084578514099121,0.9505206942558289,0.8231809139251709,0.8376027345657349,0.709361732006073,0.8310844898223877,0.7678768634796143
drawer,1.1478760242462158,1.0967066287994385,1.038122296333313,1.1518328189849854,1.1932417154312134,1.0998330116271973,1.1327921152114868,1.0723998546600342,1.1109014749526978,0.8841089010238647,0.0,0.6102601289749146,0.784661054611206,0.9084056615829468,0.870231032371521,0.9538083672523499,0.8669302463531494,0.9645721912384033,0.6211956739425659,0.6964606046676636,0.6346413493156433,0.8366188406944275,0.8820220828056335,0.9571008086204529,1.0307071208953857,1.1440073251724243,1.1641085147857666,1.1334794759750366,1.0725274085998535,1.0914462804794312,0.9809594750404358,1.0717979669570923,1.2335528135299683,1.1899304389953613,1.0694382190704346,0.9110462069511414,0.9590442180633545,0.9337132573127747,1.1479477882385254,1.1278105974197388,0.711523175239563,0.6586437225341797,0.9972912073135376,0.9544493556022644,0.852599561214447,0.799054741859436,0.9296265244483948,1.0738493204116821,1.0809426307678223,1.0678974390029907,0.9224335551261902,0.9276232123374939,1.0356409549713135,0.8759472370147705,0.8691428303718567,0.6884093284606934,1.0998964309692383,1.1456142663955688,1.1068750619888306,1.106373906135559,1.1087305545806885,1.1585273742675781,1.1508795022964478,1.1091645956039429,1.1509100198745728,1.196073055267334,1.0385018587112427,1.1209421157836914,1.0321534872055054,1.0145196914672852,1.1276249885559082,1.063303828239441,0.9125101566314697,0.7644475698471069
bench,0.858971357345581,1.182223916053772,1.348388910293579,1.0215524435043335,0.9942609667778015,0.856736421585083,1.1223959922790527,1.3364291191101074,1.3530853986740112,1.0459600687026978,0.6102601289749146,0.0,0.4202439785003662,0.44622474908828735,0.409141480922699,0.563373863697052,0.5852316617965698,0.7565740346908569,0.7287850379943848,0.6858227252960205,0.6629910469055176,0.606905460357666,0.6099607944488525,0.9256992340087891,0.8715254068374634,0.8224807977676392,0.9377447366714478,0.8234645128250122,0.7168780565261841,0.7200716733932495,1.2450575828552246,0.9044954180717468,1.065389633178711,1.0942134857177734,0.6637683510780334,0.7089582085609436,0.7994648218154907,0.9159015417098999,1.107933759689331,1.0038387775421143,0.6246488094329834,0.7116720676422119,0.9080604314804077,0.8467305898666382,0.873934805393219,0.9444782733917236,0.8471986651420593,1.263289451599121,1.2593255043029785,0.9443240165710449,1.2210782766342163,1.2315168380737305,1.3363993167877197,1.1942588090896606,1.2377111911773682,0.9300535321235657,1.2223936319351196,1.332697868347168,1.2604786157608032,1.3871755599975586,1.3819314241409302,1.3302236795425415,1.37111234664917,1.3874284029006958,1.2392022609710693,1.2748749256134033,1.0667723417282104,1.2920691967010498,1.0336072444915771,1.0549893379211426,1.2289485931396484,1.1204849481582642,1.0319606065750122,0.8496174216270447
chair,0.989626407623291,1.2588577270507812,1.2553507089614868,1.2020041942596436,1.0549474954605103,0.9969709515571594,1.1670794486999512,1.257894515991211,1.25380539894104,0.7719425559043884,0.784661054611206,0.4202439785003662,0.0,0.43754518032073975,0.5164860486984253,0.6965882778167725,0.5793917179107666,0.6223478317260742,0.6491166353225708,0.6624188423156738,0.7543078660964966,0.8649985790252686,0.8759438991546631,0.9451615810394287,0.8663631677627563,0.9521691203117371,1.089288592338562,0.9604027271270752,0.9009689092636108,0.9150708913803101,1.161905288696289,1.0890380144119263,1.0955283641815186,1.154323697090149,0.8334400653839111,0.7806664705276489,0.9047917127609253,0.9860569834709167,1.0707370042800903,0.9672402739524841,0.8584326505661011,0.8687188625335693,0.995891273021698,1.0639430284500122,0.7758446931838989,0.7989291548728943,0.9481646418571472,1.093989372253418,1.1786760091781616,0.8939687013626099,0.939731240272522,1.028149127960205,1.2314969301223755,1.1285972595214844,1.1137115955352783,1.0401585102081299,1.119818925857544,1.4058159589767456,1.1907888650894165,1.2614691257476807,1.335768699645996,1.3242261409759521,1.272996425628662,1.3213266134262085,1.2579481601715088,1.24885892868042,0.8536586761474609,1.2833764553070068,1.0900139808654785,0.9785911440849304,1.051052451133728,0.9298238754272461,0.8536397218704224,0.8145151734352112
table,0.8103217482566833,1.2532892227172852,1.398942470550537,1.0681812763214111,0.9608935713768005,0.8237920999526978,1.0893138647079468,1.4038655757904053,1.4137904644012451,0.9728769063949585,0.9084056615829468,0.44622474908828735,0.43754518032073975,0.0,0.49067825078964233,0.5232903361320496,0.554648756980896,0.5492085814476013,0.7164242267608643,0.5803727507591248,0.670569658279419,0.5357829332351685,0.5471963286399841,1.051412582397461,0.9253197908401489,0.7658858299255371,0.8619487285614014,0.7025107145309448,0.8175842761993408,0.7904881834983826,1.455690860748291,1.1055190563201904,1.107565999031067,1.2203798294067383,0.7082849740982056,0.9519526958465576,1.0407302379608154,1.0408415794372559,0.9691346287727356,0.8590322732925415,0.5315252542495728,0.7266734838485718,0.8316320180892944,0.7756446599960327,0.923716127872467,1.0025607347488403,0.9877431988716125,1.3418623208999634,1.2345776557922363,0.849250078201294,1.1634540557861328,1.2300167083740234,1.449436068534851,1.3552885055541992,1.3647916316986084,1.1733330488204956,1.1764144897460938,1.2936880588531494,1.2108625173568726,1.3239057064056396,1.3722145557403564,1.2928462028503418,1.3546292781829834,1.362018346786499,1.2253963947296143,1.3375743627548218,0.9840670824050903,1.2674840688705444,0.7392029762268066,0.8614997267723083,1.039942741394043,0.993098795413971,0.9539248943328857,0.8694247603416443
couch,0.7124341726303101,1.1643400192260742,1.2577919960021973,0.9595677256584167,0.9136597514152527,0.8334448933601379,1.0861815214157104,1.3167599439620972,1.283377766609192,1.0660243034362793,0.870231032371521,0.409141480922699,0.5164860486984253,0.49067825078964233,0.0,0.27720147371292114,0.5151440501213074,0.6211497783660889,0.6734564304351807,0.6353027820587158,0.661281943321228,0.766405463218689,0.6979937553405762,0.9677559733390808,0.8295257687568665,0.748425304889679,0.7969951629638672,0.57163405418396,0.6904222965240479,0.6531792879104614,1.3137836456298828,0.9944189786911011,0.9465048909187317,1.0752649307250977,0.37764883041381836,0.40582334995269775,0.7076492309570312,0.9299678802490234,0.9278375506401062,0.9358929395675659,0.779464602470398,0.7363288402557373,0.8958476185798645,0.8646851778030396,0.8995505571365356,0.8794170618057251,1.013980507850647,1.2543401718139648,1.1751419305801392,1.0654628276824951,1.3696061372756958,1.393317461013794,1.4205915927886963,1.373445987701416,1.3978859186172485,1.2032400369644165,1.269712209701538,1.338632345199585,1.2361242771148682,1.3244043588638306,1.3996859788894653,1.3623754978179932,1.3065968751907349,1.3973219394683838,1.1975845098495483,1.2992433309555054,1.0016281604766846,1.2887450456619263,1.164498209953308,1.132655382156372,1.1985647678375244,1.184647560119629,1.0677111148834229,0.9521229863166809
bed,0.7557471990585327,1.1773988008499146,1.2901654243469238,0.9737470149993896,0.8847039937973022,0.7421942353248596,1.055539846420288,1.3265142440795898,1.2876343727111816,1.085088849067688,0.9538083672523499,0.563373863697052,0.6965882778167725,0.5232903361320496,0.27720147371292114,0.0,0.3546489477157593,0.6018359065055847,0.7116846442222595,0.688374400138855,0.7230414152145386,0.6968156695365906,0.5956723093986511,1.005308985710144,0.6995289921760559,0.6668103933334351,0.6280525326728821,0.4353119730949402,0.6605415344238281,0.6513310670852661,1.3174309730529785,0.942279040813446,0.9135855436325073,1.0107710361480713,0.13916528224945068,0.3464975953102112,0.6744968891143799,0.8969124555587769,0.8331040143966675,0.9115391969680786,0.7118148803710938,0.7959753274917603,0.7912964820861816,0.8432211875915527,0.8905643820762634,0.9715791940689087,0.97282874584198,1.262514591217041,1.1988508701324463,1.0003067255020142,1.329803228378296,1.3710517883300781,1.4307934045791626,1.3881922960281372,1.3947051763534546,1.2425024509429932,1.2478387355804443,1.3478509187698364,1.2862937450408936,1.3548531532287598,1.410325527191162,1.3929786682128906,1.351346492767334,1.4253679513931274,1.2461442947387695,1.345947265625,1.0619324445724487,1.3091871738433838,1.0741991996765137,1.130833387374878,1.2323832511901855,1.2433487176895142,1.1293758153915405,1.006998896598816
crib,0.8035606145858765,1.1834230422973633,1.2768115997314453,1.0335451364517212,0.9756578803062439,0.9199661016464233,1.0745983123779297,1.3664745092391968,1.3318986892700195,1.064234733581543,0.8669302463531494,0.5852316617965698,0.5793917179107666,0.554648756980896,0.5151440501213074,0.3546489477157593,0.0,0.6430436372756958,0.7325641512870789,0.6192777156829834,0.648033082485199,0.7497554421424866,0.6460843086242676,0.9803475737571716,0.8397137522697449,0.8512909412384033,0.8070265650749207,0.656221330165863,0.8739458322525024,0.8747283220291138,1.3375966548919678,1.0057404041290283,1.0624642372131348,1.0879536867141724,0.49282240867614746,0.7492356300354004,0.9197015166282654,1.0736503601074219,0.643308162689209,0.671615719795227,0.6182213425636292,0.6264591217041016,0.7556256651878357,0.8871493339538574,0.6201779246330261,0.8742985129356384,0.8543379306793213,1.2584788799285889,1.251625657081604,0.8740127086639404,1.1970882415771484,1.2737089395523071,1.3964970111846924,1.293275237083435,1.3189352750778198,1.2011030912399292,1.1515491008758545,1.3373312950134277,1.2276382446289062,1.3097528219223022,1.396054744720459,1.3780336380004883,1.3315060138702393,1.3862837553024292,1.2839558124542236,1.327265739440918,0.9604796171188354,1.3860547542572021,1.0800952911376953,1.045589804649353,1.1119122505187988,1.1435691118240356,0.903192400932312,0.8912658095359802
window,0.9049526453018188,1.1383581161499023,1.1992793083190918,1.0027271509170532,0.8482170701026917,0.8180669546127319,1.0399503707885742,1.2172222137451172,1.252636194229126,0.7685449719429016,0.9645721912384033,0.7565740346908569,0.6223478317260742,0.5492085814476013,0.6211497783660889,0.6018359065055847,0.6430436372756958,0.0,0.4350600242614746,0.5236233472824097,0.6970227360725403,0.767019510269165,0.7103273868560791,0.9243006706237793,0.8380130529403687,0.8062072396278381,0.9407723546028137,0.8000043630599976,0.8689084053039551,0.8581057786941528,1.3879902362823486,1.2042505741119385,1.1282031536102295,1.1840720176696777,0.7465242147445679,0.8738725781440735,0.9383363723754883,1.0082721710205078,0.9885112047195435,1.0043561458587646,0.9125424027442932,0.8995543718338013,0.9481086730957031,0.8745380640029907,1.0638540983200073,1.0965746641159058,0.9544958472251892,1.2395100593566895,1.0153180360794067,0.982122540473938,1.1975479125976562,1.2674736976623535,1.284985065460205,1.1737220287322998,1.1583243608474731,1.1006007194519043,1.1125415563583374,1.2351837158203125,1.1979131698608398,1.237169623374939,1.2980055809020996,1.2235342264175415,1.2756397724151611,1.2797770500183105,1.221935510635376,1.2560890913009644,0.7710734605789185,1.2877023220062256,1.0581135749816895,1.1094917058944702,1.1270519495010376,1.130995273590088,1.1181645393371582,0.9209151268005371
door,0.9481453895568848,1.1117206811904907,1.1229257583618164,1.013474464416504,0.9670546650886536,0.9320822358131409,1.0804486274719238,1.1740188598632812,1.1897276639938354,0.7218684554100037,0.6211956739425659,0.7287850379943848,0.6491166353225708,0.7164242267608643,0.6734564304351807,0.7116846442222595,0.7325641512870789,0.4350600242614746,0.0,0.3939504623413086,0.6201134324073792,0.7100170254707336,0.691002368927002,0.987788200378418,0.9403005242347717,0.9286251068115234,1.0915054082870483,0.9278343915939331,0.9502001404762268,0.8918108940124512,1.2740757465362549,1.2064982652664185,1.2204210758209229,1.264474630355835,0.8888344168663025,0.8781922459602356,0.9217448830604553,1.0176478624343872,1.092171311378479,1.1026420593261719,0.9588736891746521,0.8631072640419006,1.0828689336776733,0.9633691310882568,1.0212100744247437,0.9802699089050293,0.9830359220504761,1.2169485092163086,1.0420557260513306,0.9780845642089844,1.0658494234085083,1.107561469078064,1.203997015953064,1.0610519647598267,1.0397320985794067,0.95744389295578,1.063025951385498,1.237170696258545,1.18608558177948,1.1996567249298096,1.2688822746276855,1.2223913669586182,1.2481846809387207,1.2440502643585205,1.2173779010772705,1.2153441905975342,0.9420093894004822,1.2586599588394165,1.1022038459777832,1.1333482265472412,1.132456660270691,1.1582317352294922,1.0816688537597656,0.8358457684516907
refrigerator,0.9054060578346252,1.2081584930419922,1.318617343902588,1.0621914863586426,0.9734764695167542,0.9000303745269775,1.156690239906311,1.3417737483978271,1.3438849449157715,0.8915219902992249,0.6964606046676636,0.6858227252960205,0.6624188423156738,0.5803727507591248,0.6353027820587158,0.688374400138855,0.6192777156829834,0.5236233472824097,0.3939504623413086,0.0,0.16315233707427979,0.5617944598197937,0.610272228717804,0.9992106556892395,0.892504096031189,0.8733313679695129,1.0091941356658936,0.8836748600006104,0.8975964784622192,0.8446295261383057,1.3910315036773682,1.1750409603118896,1.2138491868972778,1.2226954698562622,0.8569613695144653,0.9380088448524475,0.9593108892440796,1.0101090669631958,1.026552677154541,1.035003423690796,0.7205636501312256,0.6768046021461487,0.9276829957962036,0.8220627903938293,0.875537097454071,0.9572651982307434,0.9582595825195312,1.2883943319320679,1.185875415802002,0.9586838483810425,1.0784567594528198,1.131986379623413,1.3555455207824707,1.2710680961608887,1.2349047660827637,1.1032748222351074,1.136735439300537,1.344307780265808,1.2729299068450928,1.337074875831604,1.3903144598007202,1.2781383991241455,1.3339581489562988,1.3183348178863525,1.1990084648132324,1.2259185314178467,0.9424923658370972,1.2665456533432007,0.9748704433441162,0.987660825252533,0.9993300437927246,1.0032578706741333,0.901925802230835,0.5851441025733948
oven,0.8858315348625183,1.1863821744918823,1.282250165939331,1.0288662910461426,1.0229068994522095,0.9248592257499695,1.1229928731918335,1.3093492984771729,1.320024847984314,0.9864211082458496,0.6346413493156433,0.6629910469055176,0.7543078660964966,0.670569658279419,0.661281943321228,0.7230414152145386,0.648033082485199,0.6970227360725403,0.6201134324073792,0.16315233707427979,0.0,0.5422956943511963,0.6524056196212769,0.9775204658508301,0.9408665895462036,0.9104627370834351,0.9614823460578918,0.8624328970909119,0.8685733675956726,0.8120959401130676,1.3002400398254395,1.0158085823059082,1.167409062385559,1.1297647953033447,0.8280370831489563,0.9274774789810181,0.8970019817352295,0.9530636668205261,1.0323638916015625,1.0387417078018188,0.6667957305908203,0.6741423010826111,0.9631807804107666,0.8338464498519897,0.8580745458602905,0.9433438777923584,0.9229332804679871,1.2716968059539795,1.1977959871292114,0.9942132830619812,1.0898181200027466,1.1362186670303345,1.3836495876312256,1.298760175704956,1.285534143447876,1.0737895965576172,1.2080674171447754,1.3174543380737305,1.326336145401001,1.3855940103530884,1.4033546447753906,1.2975082397460938,1.3193155527114868,1.3229962587356567,1.2089112997055054,1.2218477725982666,1.0036758184432983,1.169180154800415,0.9596622586250305,0.9557740092277527,1.078410029411316,1.0131723880767822,0.9183586835861206,0.571314811706543
sink,0.942710280418396,1.2063068151474,1.3283350467681885,1.0770177841186523,1.0001481771469116,0.8233168125152588,1.027570128440857,1.3055764436721802,1.3393516540527344,0.9082480669021606,0.8366188406944275,0.606905460357666,0.8649985790252686,0.5357829332351685,0.766405463218689,0.6968156695365906,0.7497554421424866,0.767019510269165,0.7100170254707336,0.5617944598197937,0.5422956943511963,0.0,0.1130441427230835,1.1055445671081543,1.0331803560256958,0.8808290362358093,0.9223055839538574,0.9250783920288086,0.9441450834274292,0.9048487544059753,1.4055805206298828,1.0781140327453613,1.1120485067367554,1.1284856796264648,0.8011694550514221,0.9680566787719727,0.8948296308517456,0.8702859878540039,1.059501051902771,0.9710058569908142,0.5823706984519958,0.8422597050666809,0.9831221103668213,0.7835060954093933,0.9483620524406433,1.1155858039855957,0.8568352460861206,1.3551199436187744,1.1699113845825195,0.7448686361312866,1.0596874952316284,1.0926920175552368,1.4453184604644775,1.2942456007003784,1.254987359046936,1.073089838027954,1.0365785360336304,1.1727888584136963,1.2113502025604248,1.3027369976043701,1.2864234447479248,1.24966299533844,1.4172654151916504,1.3733524084091187,1.2110769748687744,1.339900016784668,1.0902514457702637,1.309638261795044,0.6789078712463379,0.6503817439079285,0.9208625555038452,0.8844247460365295,0.8944823741912842,0.7966184020042419
bathtub,0.9094173908233643,1.1717721223831177,1.3075413703918457,1.0194871425628662,0.9247828125953674,0.8060150146484375,1.031747817993164,1.2516618967056274,1.2538831233978271,0.9625396132469177,0.8820220828056335,0.6099607944488525,0.8759438991546631,0.5471963286399841,0.6979937553405762,0.5956723093986511,0.6460843086242676,0.7103273868560791,0.691002368927002,0.610272228717804,0.6524056196212769,0.1130441427230835,0.0,1.0615620613098145,0.972238302230835,0.8298622369766235,0.87543123960495,0.8209350109100342,0.875356912612915,0.8487750887870789,1.3576970100402832,1.0929491519927979,1.1206566095352173,1.179726481437683,0.7423874735832214,0.9440902471542358,0.9150158762931824,0.9545702934265137,0.9707462191581726,0.9454860687255859,0.6551820039749146,0.8494384288787842,0.9464646577835083,0.8176964521408081,0.944179892539978,1.158393383026123,0.9054439067840576,1.3215776681900024,1.1722791194915771,0.8516032695770264,1.1731313467025757,1.173203468322754,1.3926236629486084,1.289158582687378,1.2700668573379517,1.101348638534546,1.034209132194519,1.166013479232788,1.2343506813049316,1.3064336776733398,1.2551054954528809,1.261370301246643,1.3603436946868896,1.3730193376541138,1.2486070394515991,1.3151962757110596,1.0909725427627563,1.30594801902771,0.7294959425926208,0.7666997313499451,0.9964987635612488,1.0184502601623535,0.9277117848396301,0.8641207218170166
car,0.9346013069152832,0.9307597279548645,0.9872257709503174,0.9870929718017578,0.9951842427253723,1.2119922637939453,1.1460826396942139,1.0487778186798096,1.0497809648513794,1.0549311637878418,0.9571008086204529,0.9256992340087891,0.9451615810394287,1.051412582397461,0.9677559733390808,1.005308985710144,0.9803475737571716,0.9243006706237793,0.987788200378418,0.9992106556892395,0.9775204658508301,1.1055445671081543,1.0615620613098145,0.0,0.9857283234596252,1.083160161972046,1.1358650922775269,1.0420525074005127,1.0189770460128784,1.0274640321731567,0.9295697212219238,0.9270324110984802,1.2032238245010376,1.0919830799102783,1.0485306978225708,1.010414958000183,1.080838680267334,1.1414424180984497,0.8904545307159424,0.9439243674278259,1.011753797531128,1.0181294679641724,1.00191330909729,1.0797443389892578,0.9843376874923706,0.958461582660675,1.0389033555984497,0.9039824604988098,0.9996181726455688,1.0825698375701904,0.9860343933105469,0.9721964597702026,0.9425994753837585,0.9499775767326355,0.9104690551757812,0.9581702947616577,1.0636038780212402,1.0977504253387451,0.996432900428772,0.9611033797264099,1.026603102684021,1.0380526781082153,0.9330855011940002,0.9759884476661682,1.018019437789917,1.017383098602295,0.8790205121040344,1.0499030351638794,1.0658355951309204,1.102016806602478,1.0522565841674805,1.102143406867981,1.0180004835128784,0.9849328994750977
jacket,0.948157012462616,1.2215880155563354,1.0964781045913696,0.9411789178848267,0.7368097305297852,0.9042776823043823,1.0764883756637573,1.127532720565796,1.136493444442749,1.0856056213378906,1.0307071208953857,0.8715254068374634,0.8663631677627563,0.9253197908401489,0.8295257687568665,0.6995289921760559,0.8397137522697449,0.8380130529403687,0.9403005242347717,0.892504096031189,0.9408665895462036,1.0331803560256958,0.972238302230835,0.9857283234596252,0.0,0.4540868401527405,0.48719561100006104,0.5286534428596497,0.3827623128890991,0.5264474153518677,1.0271292924880981,0.8289623260498047,1.0611090660095215,0.7701312303543091,0.5474780201911926,0.7251197099685669,0.6792637705802917,0.7980330586433411,1.0583405494689941,1.1106504201889038,1.079135537147522,1.013996958732605,1.0119794607162476,1.000698447227478,0.9228709936141968,0.7220070362091064,1.0404399633407593,0.8193578124046326,1.0383111238479614,1.0357953310012817,1.1974117755889893,1.2171697616577148,1.1367545127868652,1.10783052444458,1.102313756942749,1.080627679824829,1.1573654413223267,1.2309188842773438,1.1623963117599487,1.2330029010772705,1.2709949016571045,1.2672061920166016,1.1845054626464844,1.2466329336166382,1.2489639520645142,1.1640397310256958,1.0330969095230103,1.286996841430664,1.196139931678772,1.2702440023422241,1.1288738250732422,1.1979846954345703,1.1074166297912598,0.8902109861373901
shirt,0.8780016899108887,1.1729354858398438,1.1079812049865723,0.7433407306671143,0.6064491271972656,0.5296871066093445,0.8438241481781006,1.0319206714630127,1.0430930852890015,1.2042758464813232,1.1440073251724243,0.8224807977676392,0.9521691203117371,0.7658858299255371,0.748425304889679,0.6668103933334351,0.8512909412384033,0.8062072396278381,0.9286251068115234,0.8733313679695129,0.9104627370834351,0.8808290362358093,0.8298622369766235,1.083160161972046,0.4540868401527405,0.0,0.34422945976257324,0.35115277767181396,0.3215446472167969,0.29457521438598633,1.2555079460144043,0.9236202239990234,0.9106557965278625,0.9856430292129517,0.6543242931365967,0.8556298017501831,0.9268051981925964,1.0215052366256714,0.9844660758972168,1.0972648859024048,1.0001081228256226,1.0280444622039795,0.9848656058311462,0.915157675743103,1.1179394721984863,1.0004669427871704,1.051148533821106,1.1130462884902954,0.9601761698722839,1.044174075126648,1.3611806631088257,1.3580918312072754,1.3461036682128906,1.2960693836212158,1.3458459377288818,1.2194044589996338,1.2788017988204956,1.2109167575836182,1.1794934272766113,1.274601697921753,1.231042742729187,1.2304999828338623,1.2107805013656616,1.2479912042617798,1.1749818325042725,1.2117223739624023,1.199759840965271,1.2561392784118652,1.1277210712432861,1.2260264158248901,1.1476476192474365,1.2073382139205933,1.2516947984695435,1.0404155254364014
bib,0.9114155769348145,1.165606141090393,1.1796269416809082,0.91463303565979,0.7502340078353882,0.663286030292511,0.8872424364089966,1.186827301979065,1.1736806631088257,1.2646090984344482,1.1641085147857666,0.9377447366714478,1.089288592338562,0.8619487285614014,0.7969951629638672,0.6280525326728821,0.8070265650749207,0.9407723546028137,1.0915054082870483,1.0091941356658936,0.9614823460578918,0.9223055839538574,0.87543123960495,1.1358650922775269,0.48719561100006104,0.34422945976257324,0.0,0.32120978832244873,0.546552836894989,0.5287760496139526,1.2016099691390991,0.8102395534515381,0.8386770486831665,0.7476393580436707,0.45911484956741333,0.6612635850906372,0.6437894105911255,0.6952489614486694,0.8247817754745483,0.9592336416244507,0.8589323163032532,0.9180420637130737,0.7967328429222107,0.7437543869018555,0.9510718584060669,0.840718150138855,1.0107901096343994,1.062904953956604,1.0459275245666504,1.0205552577972412,1.3641254901885986,1.3751405477523804,1.4041773080825806,1.4094018936157227,1.4742236137390137,1.2755136489868164,1.3017690181732178,1.104048252105713,1.2303125858306885,1.3226815462112427,1.2867045402526855,1.1909438371658325,1.2054879665374756,1.3059489727020264,1.1278035640716553,1.1462256908416748,1.1898994445800781,1.1221206188201904,1.023713231086731,1.1294254064559937,1.1078269481658936,1.202729344367981,1.1452919244766235,1.1372538805007935
pajamas,0.7911850214004517,1.2068663835525513,1.2288156747817993,0.8851048946380615,0.6914930939674377,0.6303474307060242,0.874772310256958,1.1621776819229126,1.1057233810424805,1.346728801727295,1.1334794759750366,0.8234645128250122,0.9604027271270752,0.7025107145309448,0.57163405418396,0.4353119730949402,0.656221330165863,0.8000043630599976,0.9278343915939331,0.8836748600006104,0.8624328970909119,0.9250783920288086,0.8209350109100342,1.0420525074005127,0.5286534428596497,0.35115277767181396,0.32120978832244873,0.0,0.3527640700340271,0.31058913469314575,1.1925157308578491,0.7833592891693115,0.7669504880905151,0.8731592893600464,0.3979194760322571,0.6754065752029419,0.7873451709747314,0.9931066036224365,0.7702503204345703,0.8750638365745544,0.8845840096473694,0.9079935550689697,0.8499518036842346,0.8731542229652405,1.0072462558746338,0.9576873183250427,1.0104795694351196,1.1828199625015259,1.054865837097168,0.9972208142280579,1.4226603507995605,1.4540057182312012,1.3989789485931396,1.3830130100250244,1.434001088142395,1.2333298921585083,1.267277717590332,1.2442712783813477,1.2498478889465332,1.344385027885437,1.3787094354629517,1.3009974956512451,1.2555959224700928,1.3723018169403076,1.226179838180542,1.245169758796692,1.158565640449524,1.3118911981582642,1.2210005521774292,1.2665817737579346,1.2146048545837402,1.2712452411651611,1.2006537914276123,1.0482656955718994
