,hair,arm,hand,finger,toe,lamp,chair,table,couch,bed,window,shirt,bib,blanket,pillow,towel,napkin,toy,box,book,hat,crayon,ball,plant,plate,bowl,bottle,cup,bucket
hair,0.0,0.6270533204078674,0.7766813039779663,0.8816909193992615,0.8395513296127319,1.2822778224945068,1.0491535663604736,0.9615077972412109,0.8463078141212463,0.842426598072052,0.8262649774551392,0.6114042401313782,0.7797926664352417,0.8424627780914307,1.1269679069519043,1.2601227760314941,1.2565758228302002,1.1044697761535645,1.1995114088058472,1.058898687362671,0.8616584539413452,1.2664234638214111,1.1521329879760742,1.0549390316009521,1.2871683835983276,1.276472806930542,1.212187647819519,1.3342070579528809,1.25954270362854
arm,0.6270533204078674,0.0,0.47537171840667725,0.7845972776412964,0.7180876135826111,1.264593482017517,1.0007641315460205,0.8550983667373657,0.7609713673591614,0.7212420701980591,0.7971228361129761,0.5471158623695374,0.6873738765716553,0.7585160732269287,0.9567617177963257,1.0849850177764893,1.048937201499939,1.0549622774124146,1.0841056108474731,1.038122534751892,1.1341115236282349,1.1930420398712158,1.2495384216308594,1.0873064994812012,1.2402375936508179,1.249988317489624,1.2064876556396484,1.2072970867156982,1.1608881950378418
hand,0.7766813039779663,0.47537171840667725,0.0,0.36730456352233887,0.4331410527229309,1.2039858102798462,1.0856711864471436,1.0741008520126343,1.0816197395324707,1.0582114458084106,1.0128741264343262,0.9329700469970703,0.9061912894248962,1.0317254066467285,1.0993057489395142,1.0942555665969849,1.058091163635254,0.9777981042861938,1.099725604057312,1.0106087923049927,1.0468335151672363,1.110141634941101,1.1028099060058594,1.0812621116638184,1.1155344247817993,1.1125924587249756,1.146040439605713,1.0673211812973022,1.1269445419311523
finger,0.8816909193992615,0.7845972776412964,0.36730456352233887,0.0,0.11369717121124268,1.0397838354110718,1.249979853630066,1.4065293073654175,1.3865387439727783,1.3747498989105225,1.2423038482666016,1.187795639038086,1.1795976161956787,1.347846269607544,1.2745758295059204,1.1072412729263306,1.1165289878845215,1.2530138492584229,1.2732975482940674,1.2043545246124268,1.039626121520996,0.6419516801834106,0.8130364418029785,1.1126646995544434,1.1585580110549927,1.197218894958496,0.9613988399505615,1.032302975654602,1.2300481796264648
toe,0.8395513296127319,0.7180876135826111,0.4331410527229309,0.11369717121124268,0.0,0.97417813539505,1.1692417860031128,1.3739826679229736,1.3302276134490967,1.3154964447021484,1.24163818359375,1.1644816398620605,1.1367379426956177,1.2986297607421875,1.2027525901794434,1.017522931098938,1.0532368421554565,1.232433557510376,1.244977355003357,1.1943867206573486,1.0062531232833862,0.7136163115501404,0.7963017821311951,1.0422799587249756,1.1537556648254395,1.1766830682754517,0.9225664138793945,1.0227254629135132,1.1544337272644043
lamp,1.2822778224945068,1.264593482017517,1.2039858102798462,1.0397838354110718,0.97417813539505,0.0,0.8043670058250427,1.109305500984192,1.3008660078048706,1.280458688735962,0.9590597748756409,1.310875415802002,1.2712454795837402,1.3109583854675293,1.0899604558944702,0.8341491222381592,0.8967286348342896,1.114451289176941,0.9829161167144775,0.9954110980033875,0.9773797392845154,0.7524229288101196,0.7229061126708984,0.7852473258972168,0.8584475517272949,0.818340539932251,0.5935443639755249,0.7435723543167114,0.8174625635147095
chair,1.0491535663604736,1.0007641315460205,1.0856711864471436,1.249979853630066,1.1692417860031128,0.8043670058250427,0.0,0.4001666307449341,0.6003328561782837,0.6661161780357361,0.6967884302139282,0.9403651356697083,0.9676229953765869,0.8100640177726746,0.7168920636177063,0.8548638820648193,0.9245603084564209,0.8416907787322998,0.6888691782951355,0.8410886526107788,0.8914975523948669,1.2348206043243408,1.1774356365203857,0.8687433004379272,1.0689880847930908,1.0226585865020752,1.0466495752334595,0.9747083187103271,0.7721701860427856
table,0.9615077972412109,0.8550983667373657,1.0741008520126343,1.4065293073654175,1.3739826679229736,1.109305500984192,0.4001666307449341,0.0,0.42472153902053833,0.4474745988845825,0.5660402774810791,0.7331736087799072,0.8014525771141052,0.5986393690109253,0.847163736820221,1.0146948099136353,1.0147343873977661,0.7579272985458374,0.6915316581726074,0.806572675704956,1.0460749864578247,1.4037766456604004,1.3103485107421875,0.9846432209014893,0.8834426999092102,0.9423980712890625,1.1992192268371582,1.0695313215255737,0.89499831199646
couch,0.8463078141212463,0.7609713673591614,1.0816197395324707,1.3865387439727783,1.3302276134490967,1.3008660078048706,0.6003328561782837,0.42472153902053833,0.0,0.12258845567703247,0.604386568069458,0.5616767406463623,0.6973780393600464,0.2661178708076477,0.44256800413131714,1.0017940998077393,1.0263285636901855,0.8525814414024353,0.7890924215316772,0.8905764818191528,0.9848847985267639,1.4342496395111084,1.3495187759399414,1.0880922079086304,1.2400907278060913,1.2301557064056396,1.3063347339630127,1.277312994003296,1.1108605861663818
bed,0.842426598072052,0.7212420701980591,1.0582114458084106,1.3747498989105225,1.3154964447021484,1.280458688735962,0.6661161780357361,0.4474745988845825,0.12258845567703247,0.0,0.6253432035446167,0.5635751485824585,0.616640031337738,0.14513611793518066,0.37400686740875244,0.8627383708953857,0.9103889465332031,0.8848658204078674,0.8318946361541748,0.9205243587493896,0.9785668253898621,1.4464722871780396,1.3143527507781982,1.0875897407531738,1.1877543926239014,1.176812767982483,1.3241984844207764,1.2872004508972168,1.100796103477478
window,0.8262649774551392,0.7971228361129761,1.0128741264343262,1.2423038482666016,1.24163818359375,0.9590597748756409,0.6967884302139282,0.5660402774810791,0.604386568069458,0.6253432035446167,0.0,0.7180216908454895,0.9185948967933655,0.7396161556243896,0.9645035266876221,1.093530535697937,1.1110951900482178,1.0202805995941162,0.9096841216087341,0.9327669143676758,1.151651382446289,1.365591287612915,1.293351173400879,0.8762437701225281,1.1208256483078003,1.1588125228881836,1.197374701499939,1.205219030380249,1.0885229110717773
shirt,0.6114042401313782,0.5471158623695374,0.9329700469970703,1.187795639038086,1.1644816398620605,1.310875415802002,0.9403651356697083,0.7331736087799072,0.5616767406463623,0.5635751485824585,0.7180216908454895,0.0,0.39969098567962646,0.5464150905609131,0.9153057932853699,1.1243268251419067,1.155456304550171,1.055010437965393,1.111991047859192,1.0063623189926147,0.9507342576980591,1.3825337886810303,1.2917330265045166,1.2050907611846924,1.2663534879684448,1.266578197479248,1.2761785984039307,1.290102481842041,1.17506742477417
bib,0.7797926664352417,0.6873738765716553,0.9061912894248962,1.1795976161956787,1.1367379426956177,1.2712454795837402,0.9676229953765869,0.8014525771141052,0.6973780393600464,0.616640031337738,0.9185948967933655,0.39969098567962646,0.0,0.43880659341812134,0.6981380581855774,0.7140645980834961,0.7657316327095032,0.9231073260307312,1.0037205219268799,0.9005558490753174,0.8410090208053589,1.406684160232544,1.2690980434417725,1.1069324016571045,1.0993680953979492,1.1355522871017456,1.2519047260284424,1.1967631578445435,1.0610532760620117
blanket,0.8424627780914307,0.7585160732269287,1.0317254066467285,1.347846269607544,1.2986297607421875,1.3109583854675293,0.8100640177726746,0.5986393690109253,0.2661178708076477,0.14513611793518066,0.7396161556243896,0.5464150905609131,0.43880659341812134,0.0,0.36063313484191895,0.6428278684616089,0.7158116102218628,0.9092581868171692,0.9401490092277527,0.9392905235290527,0.8603358268737793,1.3745418787002563,1.29561448097229,1.0586541891098022,1.1941779851913452,1.1694366931915283,1.3290281295776367,1.2857139110565186,1.0994696617126465
pillow,1.1269679069519043,0.9567617177963257,1.0993057489395142,1.2745758295059204,1.2027525901794434,1.0899604558944702,0.7168920636177063,0.847163736820221,0.44256800413131714,0.37400686740875244,0.9645035266876221,0.9153057932853699,0.6981380581855774,0.36063313484191895,0.0,0.4982752203941345,0.5612257719039917,0.9886626601219177,0.7815408110618591,0.8716104030609131,0.8835436701774597,1.157670497894287,1.1008336544036865,0.9539916515350342,1.03615403175354,1.0077292919158936,1.1129977703094482,1.0478308200836182,0.9593560099601746
towel,1.2601227760314941,1.0849850177764893,1.0942555665969849,1.1072412729263306,1.017522931098938,0.8341491222381592,0.8548638820648193,1.0146948099136353,1.0017940998077393,0.8627383708953857,1.093530535697937,1.1243268251419067,0.7140645980834961,0.6428278684616089,0.4982752203941345,0.0,0.07945549488067627,1.056728720664978,0.8183543086051941,0.935961127281189,0.7571628093719482,0.9657754898071289,0.9628275632858276,0.8441848754882812,0.8416323661804199,0.8269194960594177,0.9306196570396423,0.8397430777549744,0.7787702679634094
napkin,1.2565758228302002,1.048937201499939,1.058091163635254,1.1165289878845215,1.0532368421554565,0.8967286348342896,0.9245603084564209,1.0147343873977661,1.0263285636901855,0.9103889465332031,1.1110951900482178,1.155456304550171,0.7657316327095032,0.7158116102218628,0.5612257719039917,0.07945549488067627,0.0,1.0484853982925415,0.7832397222518921,0.9333968162536621,0.7501623630523682,1.0126442909240723,1.0010753870010376,0.894734263420105,0.7800008058547974,0.7842690944671631,0.9484824538230896,0.8146530389785767,0.788145899772644
toy,1.1044697761535645,1.0549622774124146,0.9777981042861938,1.2530138492584229,1.232433557510376,1.114451289176941,0.8416907787322998,0.7579272985458374,0.8525814414024353,0.8848658204078674,1.0202805995941162,1.055010437965393,0.9231073260307312,0.9092581868171692,0.9886626601219177,1.056728720664978,1.0484853982925415,0.0,0.7112725973129272,0.7925487756729126,0.9999918937683105,1.0747122764587402,0.9978620409965515,0.9830970764160156,0.9577264785766602,0.9482460618019104,0.9998736381530762,0.9170525074005127,0.8710017204284668
box,1.1995114088058472,1.0841056108474731,1.099725604057312,1.2732975482940674,1.244977355003357,0.9829161167144775,0.6888691782951355,0.6915316581726074,0.7890924215316772,0.8318946361541748,0.9096841216087341,1.111991047859192,1.0037205219268799,0.9401490092277527,0.7815408110618591,0.8183543086051941,0.7832397222518921,0.7112725973129272,0.0,0.634803831577301,0.9376639127731323,1.2014851570129395,1.0898334980010986,0.8872969746589661,0.9580934643745422,0.8404781818389893,0.9479147791862488,0.7708561420440674,0.5924497246742249
book,1.058898687362671,1.038122534751892,1.0106087923049927,1.2043545246124268,1.1943867206573486,0.9954110980033875,0.8410886526107788,0.806572675704956,0.8905764818191528,0.9205243587493896,0.9327669143676758,1.0063623189926147,0.9005558490753174,0.9392905235290527,0.8716104030609131,0.935961127281189,0.9333968162536621,0.7925487756729126,0.634803831577301,0.0,1.0181615352630615,1.0838797092437744,1.1216789484024048,0.8713634610176086,0.8882865905761719,1.0051065683364868,1.067470908164978,1.0516034364700317,0.9708746075630188
hat,0.8616584539413452,1.1341115236282349,1.0468335151672363,1.039626121520996,1.0062531232833862,0.9773797392845154,0.8914975523948669,1.0460749864578247,0.9848847985267639,0.9785668253898621,1.151651382446289,0.9507342576980591,0.8410090208053589,0.8603358268737793,0.8835436701774597,0.7571628093719482,0.7501623630523682,0.9999918937683105,0.9376639127731323,1.0181615352630615,0.0,1.1002293825149536,0.7656222581863403,0.9816710352897644,0.9075517058372498,0.7969568967819214,0.9398596286773682,0.8297604918479919,0.7471973299980164
crayon,1.2664234638214111,1.1930420398712158,1.110141634941101,0.6419516801834106,0.7136163115501404,0.7524229288101196,1.2348206043243408,1.4037766456604004,1.4342496395111084,1.4464722871780396,1.365591287612915,1.3825337886810303,1.406684160232544,1.3745418787002563,1.157670497894287,0.9657754898071289,1.0126442909240723,1.0747122764587402,1.2014851570129395,1.0838797092437744,1.1002293825149536,0.0,0.6028958559036255,1.0110032558441162,1.0214011669158936,1.0714577436447144,0.6745999455451965,0.8977673649787903,1.0737141370773315
ball,1.1521329879760742,1.2495384216308594,1.1028099060058594,0.8130364418029785,0.7963017821311951,0.7229061126708984,1.1774356365203857,1.3103485107421875,1.3495187759399414,1.3143527507781982,1.293351173400879,1.2917330265045166,1.2690980434417725,1.29561448097229,1.1008336544036865,0.9628275632858276,1.0010753870010376,0.9978620409965515,1.0898334980010986,1.1216789484024048,0.7656222581863403,0.6028958559036255,0.0,0.8960082530975342,0.7734426856040955,0.7467280626296997,0.6314427256584167,0.7486448287963867,0.8878587484359741
plant,1.0549390316009521,1.0873064994812012,1.0812621116638184,1.1126646995544434,1.0422799587249756,0.7852473258972168,0.8687433004379272,0.9846432209014893,1.0880922079086304,1.0875897407531738,0.8762437701225281,1.2050907611846924,1.1069324016571045,1.0586541891098022,0.9539916515350342,0.8441848754882812,0.894734263420105,0.9830970764160156,0.8872969746589661,0.8713634610176086,0.9816710352897644,1.0110032558441162,0.8960082530975342,0.0,0.9022653102874756,0.7754510641098022,0.8569496870040894,0.7657713890075684,0.6323174834251404
plate,1.2871683835983276,1.2402375936508179,1.1155344247817993,1.1585580110549927,1.1537556648254395,0.8584475517272949,1.0689880847930908,0.8834426999092102,1.2400907278060913,1.1877543926239014,1.1208256483078003,1.2663534879684448,1.0993680953979492,1.1941779851913452,1.03615403175354,0.8416323661804199,0.7800008058547974,0.9577264785766602,0.9580934643745422,0.8882865905761719,0.9075517058372498,1.0214011669158936,0.7734426856040955,0.9022653102874756,0.0,0.26603227853775024,0.8997611999511719,0.6893467903137207,0.7370587587356567
bowl,1.276472806930542,1.249988317489624,1.1125924587249756,1.197218894958496,1.1766830682754517,0.818340539932251,1.0226585865020752,0.9423980712890625,1.2301557064056396,1.176812767982483,1.1588125228881836,1.266578197479248,1.1355522871017456,1.1694366931915283,1.0077292919158936,0.8269194960594177,0.7842690944671631,0.9482460618019104,0.8404781818389893,1.0051065683364868,0.7969568967819214,1.0714577436447144,0.7467280626296997,0.7754510641098022,0.26603227853775024,0.0,0.7318848967552185,0.3379487991333008,0.33814537525177
bottle,1.212187647819519,1.2064876556396484,1.146040439605713,0.9613988399505615,0.9225664138793945,0.5935443639755249,1.0466495752334595,1.1992192268371582,1.3063347339630127,1.3241984844207764,1.197374701499939,1.2761785984039307,1.2519047260284424,1.3290281295776367,1.1129977703094482,0.9306196570396423,0.9484824538230896,0.9998736381530762,0.9479147791862488,1.067470908164978,0.9398596286773682,0.6745999455451965,0.6314427256584167,0.8569496870040894,0.8997611999511719,0.7318848967552185,0.0,0.42874377965927124,0.6320482492446899
cup,1.3342070579528809,1.2072970867156982,1.0673211812973022,1.032302975654602,1.0227254629135132,0.7435723543167114,0.9747083187103271,1.0695313215255737,1.277312994003296,1.2872004508972168,1.205219030380249,1.290102481842041,1.1967631578445435,1.2857139110565186,1.0478308200836182,0.8397430777549744,0.8146530389785767,0.9170525074005127,0.7708561420440674,1.0516034364700317,0.8297604918479919,0.8977673649787903,0.7486448287963867,0.7657713890075684,0.6893467903137207,0.3379487991333008,0.42874377965927124,0.0,0.28316617012023926
bucket,1.25954270362854,1.1608881950378418,1.1269445419311523,1.2300481796264648,1.1544337272644043,0.8174625635147095,0.7721701860427856,0.89499831199646,1.1108605861663818,1.100796103477478,1.0885229110717773,1.17506742477417,1.0610532760620117,1.0994696617126465,0.9593560099601746,0.7787702679634094,0.788145899772644,0.8710017204284668,0.5924497246742249,0.9708746075630188,0.7471973299980164,1.0737141370773315,0.8878587484359741,0.6323174834251404,0.7370587587356567,0.33814537525177,0.6320482492446899,0.28316617012023926,0.0
