,rooster,bird,fish,frog,alligator,owl,cat,dog,face,hair,arm,hand,leg,foot,finger,toe,tooth,ear,nose,stroller,motorcycle,car,lamp,chair,bench,drawer,ladder,window,door,closet,refrigerator,oven,crib,bed,couch,table,bathtub,sink,boat,slide,sprinkler,clock,ball,balloon,pumpkin,egg,orange,apple,hat,slipper,watch,nail,glasses,necklace,carrot,vacuum,shovel,scissors,spoon,fork,knife,pencil,pen,crayon,plant,flower,bottle,cup,can,belt,radio,basket,bucket,tape,bowl,plate,pickle,banana,melon,bread,cracker,pizza,hamburger,muffin,glass,tray,box,book,paper,comb,toothbrush,gum,toy,doll,mitten,glove,sock,shoe,purse,pillow,towel,napkin,blanket,dress,pajamas,bib,scarf,jacket,sweater,shirt,jeans,pants,shorts
rooster,0.0,0.2947036027908325,0.8231239318847656,0.4608553647994995,0.4362889528274536,0.4763450622558594,0.5372993350028992,0.36518096923828125,0.7935508489608765,0.8202154636383057,0.886888325214386,0.8415740132331848,1.1609710454940796,0.9050340056419373,1.0889695882797241,1.114479899406433,1.143675446510315,0.8984614610671997,0.9909074306488037,0.9573304057121277,0.9855635166168213,0.9953086376190186,1.2445764541625977,1.1624619960784912,1.046804666519165,1.1046806573867798,1.0927118062973022,1.115721344947815,1.0648616552352905,0.9591941237449646,1.0857739448547363,1.1392812728881836,0.916874349117279,0.9643446803092957,1.081676959991455,0.907329261302948,1.0043107271194458,1.0734872817993164,0.8326324820518494,1.041993498802185,0.8742558360099792,1.2082537412643433,1.1222515106201172,1.1504757404327393,0.9586057662963867,1.0925551652908325,1.025132417678833,1.048455834388733,1.1525874137878418,1.1993045806884766,1.2514913082122803,1.1933658123016357,1.136383295059204,1.1429870128631592,1.0183433294296265,1.2151154279708862,1.1728187799453735,0.9835529327392578,1.233115553855896,1.14762282371521,1.2113806009292603,1.2831214666366577,1.2704123258590698,1.2929573059082031,1.0619696378707886,0.9957894086837769,1.3035902976989746,1.3266490697860718,1.3784842491149902,1.271873950958252,1.251423954963684,1.272383689880371,1.326195240020752,1.2147269248962402,1.3422136306762695,1.2043336629867554,1.0019909143447876,0.9148653745651245,0.856306254863739,0.9369872808456421,0.723298966884613,0.7207251787185669,0.7741535902023315,0.6061403751373291,0.7312023043632507,0.9691651463508606,1.0719510316848755,0.9398672580718994,0.9580488801002502,0.9875534176826477,1.0323569774627686,0.9361857771873474,1.077848196029663,0.6453683376312256,0.7980126142501831,0.9339668154716492,1.1436775922775269,0.9939887523651123,0.9943406581878662,1.2958059310913086,1.3785490989685059,1.3766627311706543,0.957265317440033,0.8485104441642761,0.9112924337387085,0.8984646797180176,0.8591294288635254,0.9324690103530884,0.9036861658096313,0.8756475448608398,0.9404755234718323,0.9045840501785278,0.9758049249649048
bird,0.2947036027908325,0.0,0.6861344575881958,0.4131542444229126,0.4615933299064636,0.4623866677284241,0.51948082447052,0.42498987913131714,0.8922966718673706,0.9478992223739624,1.038948893547058,1.0699896812438965,1.2044432163238525,0.9843007922172546,1.2416272163391113,1.2227126359939575,1.1755132675170898,1.057769775390625,1.1690948009490967,0.871074914932251,0.8318511247634888,0.8196853399276733,1.0568034648895264,1.129231572151184,1.0615211725234985,1.060093879699707,1.0271050930023193,1.0619176626205444,1.0711830854415894,0.9804142117500305,1.06371009349823,1.1214981079101562,0.8645016551017761,0.9922145009040833,1.057686448097229,0.9499033689498901,1.0092400312423706,1.0623745918273926,0.753555178642273,0.9944778084754944,0.921245276927948,1.028489112854004,1.0766065120697021,1.115073323249817,1.0259369611740112,1.061718225479126,1.0606931447982788,1.0936057567596436,1.0720536708831787,1.1305136680603027,1.2132543325424194,1.2012073993682861,1.1473146677017212,1.2106072902679443,1.177397608757019,1.1060614585876465,1.1088610887527466,0.8911787867546082,1.0941064357757568,1.005232334136963,1.1054463386535645,1.1234031915664673,1.0911643505096436,1.152292251586914,0.961433470249176,0.8746181726455688,1.1482661962509155,1.1884573698043823,1.2192234992980957,1.1761231422424316,1.0796544551849365,1.1030546426773071,1.1558432579040527,1.0766476392745972,1.1609711647033691,1.0449495315551758,1.1048390865325928,0.9454306960105896,0.9537054300308228,1.0740349292755127,0.8452830910682678,0.7401517033576965,0.7522917985916138,0.7710553407669067,0.8141508102416992,0.970642626285553,0.9982271790504456,0.8788644075393677,0.9239907264709473,1.0123047828674316,1.0832860469818115,0.991322934627533,0.9471648931503296,0.747576117515564,0.9343442320823669,0.8703228831291199,1.1202654838562012,0.9449644088745117,1.0596520900726318,1.1221287250518799,1.1852474212646484,1.1875792741775513,0.9800422787666321,1.015002727508545,0.9953141808509827,0.9949746131896973,0.9765579700469971,0.9327836632728577,0.9517033100128174,0.9552404880523682,1.0061113834381104,1.0283713340759277,1.0823334455490112
fish,0.8231239318847656,0.6861344575881958,0.0,0.48460423946380615,0.9593614339828491,0.9757858514785767,0.9917950630187988,0.9644834995269775,1.2312880754470825,1.1990830898284912,1.3792887926101685,1.2485514879226685,0.7313382625579834,0.7575833797454834,0.774014413356781,0.6611985564231873,0.5359808802604675,0.8363090753555298,0.888667106628418,1.1875745058059692,1.2739700078964233,0.8522168397903442,0.6585818529129028,0.9974665641784668,1.0960546731948853,0.9455667734146118,1.1013028621673584,1.1104148626327515,1.1382474899291992,1.4256561994552612,1.3033450841903687,1.1467877626419067,1.2679704427719116,1.3543716669082642,1.083069086074829,1.4759368896484375,1.3682588338851929,1.1024019718170166,1.3704735040664673,1.382806420326233,0.8558857440948486,0.7447893619537354,0.7379781007766724,0.5492437481880188,0.8556323051452637,0.6238328218460083,0.6098909974098206,0.5696099996566772,0.5768632888793945,0.46441274881362915,0.5680093765258789,0.560530960559845,0.581976056098938,0.7405939102172852,0.6095036268234253,0.8719773292541504,0.562125563621521,0.8350821137428284,0.3885164260864258,0.48290932178497314,0.5151657462120056,0.4086090326309204,0.44212424755096436,0.36639612913131714,0.8013964891433716,0.8165501356124878,0.5734712481498718,0.5616676807403564,0.6769336462020874,0.4586397409439087,0.7517147064208984,0.8015660047531128,0.733568549156189,0.6666494011878967,0.6251646876335144,0.5863338708877563,0.7477107048034668,0.8198150396347046,1.1810134649276733,0.6652995347976685,0.8797340393066406,1.0496472120285034,0.8319671154022217,0.9759407639503479,1.3765525817871094,1.3322358131408691,1.2009330987930298,1.0110951662063599,1.2138563394546509,0.9790107011795044,1.107764482498169,0.6658340692520142,0.6733787059783936,0.9587446451187134,1.2590069770812988,0.7458112239837646,1.058225154876709,0.9486294984817505,1.351227045059204,0.41902291774749756,0.6632329225540161,0.6202602982521057,1.2972412109375,1.2989948987960815,1.446691870689392,1.4669448137283325,1.3546473979949951,1.3867915868759155,1.391730546951294,1.3787039518356323,1.2734792232513428,1.2472716569900513,1.0357335805892944
frog,0.4608553647994995,0.4131542444229126,0.48460423946380615,0.0,0.4330770969390869,0.6724082231521606,0.8759192824363708,0.6358317136764526,0.961132824420929,1.0391260385513306,1.1699576377868652,1.0377929210662842,1.2600542306900024,0.9004414677619934,1.081618070602417,1.082851767539978,1.0388253927230835,0.9793768525123596,1.1463720798492432,0.8387832641601562,1.0251210927963257,0.9123873710632324,1.0162416696548462,1.2196449041366577,1.14788818359375,1.0954246520996094,1.193873643875122,1.2303617000579834,1.2321298122406006,1.238893747329712,1.3281604051589966,1.271277666091919,1.1235262155532837,1.096325397491455,1.1119341850280762,1.0787070989608765,1.0963618755340576,1.1134346723556519,0.9689919352531433,1.0353180170059204,0.9453853964805603,0.9510203003883362,0.8684040307998657,0.899241030216217,0.8310034275054932,0.9273239970207214,0.8433946967124939,0.8067227602005005,0.8691204786300659,0.9799578189849854,1.0971894264221191,1.0876274108886719,1.0497709512710571,1.1056721210479736,0.9489239454269409,1.1752159595489502,1.0080115795135498,0.7235928177833557,0.926419734954834,0.9178647398948669,1.0186303853988647,0.9465246796607971,0.9426255226135254,0.9356697201728821,0.8841763734817505,0.7622493505477905,1.0562255382537842,1.0701645612716675,1.2418909072875977,1.075942039489746,1.0028564929962158,1.028393030166626,1.0769702196121216,0.8496530055999756,1.061241865158081,0.7980169653892517,0.8046244382858276,0.6663439869880676,0.786738932132721,0.9020257592201233,0.7725019454956055,0.7228187918663025,0.6113331317901611,0.7273496389389038,0.9761825203895569,0.8971265554428101,0.9499871730804443,0.7060505151748657,0.8799060583114624,1.1314990520477295,1.0299646854400635,0.6142534017562866,0.573134183883667,0.49806535243988037,0.8519548177719116,0.7705072164535522,1.0764458179473877,0.9184162616729736,1.1101821660995483,1.0152150392532349,1.1438169479370117,1.1432766914367676,1.0392825603485107,1.1622281074523926,1.1161830425262451,1.0193355083465576,1.027984380722046,1.057360291481018,1.1223115921020508,1.1081594228744507,1.1575361490249634,1.2086687088012695,1.1652135848999023
alligator,0.4362889528274536,0.4615933299064636,0.9593614339828491,0.4330770969390869,0.0,0.4715249538421631,0.5658227205276489,0.570569634437561,0.6984468698501587,0.7926749587059021,0.5903609991073608,0.7604274749755859,1.2880969047546387,0.9504051804542542,1.2603870630264282,1.3579108715057373,1.2945301532745361,1.1687873601913452,1.286315679550171,0.8479076623916626,0.8121651411056519,0.9296348094940186,1.3982563018798828,1.098486304283142,0.865519106388092,1.0717412233352661,1.1751079559326172,1.0777397155761719,1.1609323024749756,0.8471860289573669,1.0290319919586182,1.1268268823623657,0.7510309219360352,0.5287578701972961,0.8662303686141968,0.554680585861206,0.632457435131073,0.9006796479225159,0.5135899782180786,0.5835663080215454,0.9474233984947205,1.3175709247589111,1.3065675497055054,1.3711169958114624,1.1636409759521484,1.3562076091766357,1.299193263053894,1.3035693168640137,1.3758985996246338,1.4025163650512695,1.4674599170684814,1.4421014785766602,1.3113243579864502,1.2569551467895508,1.1783859729766846,1.1751855611801147,1.3425092697143555,0.8028367757797241,1.40362548828125,1.2203890085220337,1.1988939046859741,1.3324863910675049,1.3106848001480103,1.3985750675201416,1.159857988357544,1.0612635612487793,1.4908733367919922,1.53190016746521,1.5440136194229126,1.3329687118530273,1.362360954284668,1.3290727138519287,1.5006824731826782,1.4090549945831299,1.4301528930664062,1.1603779792785645,0.9133268594741821,0.7625476121902466,0.7065110206604004,1.1434242725372314,0.6655261516571045,0.4297977685928345,0.6955182552337646,0.7346152067184448,0.5763274431228638,0.6488288044929504,0.8298996686935425,0.6000714302062988,0.6690574884414673,0.9914500713348389,0.8992884755134583,1.029468297958374,1.1914902925491333,0.7333948612213135,0.5785585045814514,0.9708058834075928,1.0743227005004883,1.0071271657943726,0.7625913023948669,1.3003063201904297,1.3892872333526611,1.4087674617767334,0.5155078172683716,0.7866724729537964,0.5514820218086243,0.5029138326644897,0.5477994680404663,0.46792304515838623,0.5399329662322998,0.5598901510238647,0.6134768724441528,0.7235293388366699,0.8806915283203125
owl,0.4763450622558594,0.4623866677284241,0.9757858514785767,0.6724082231521606,0.4715249538421631,0.0,0.36297786235809326,0.3593190908432007,0.7572109699249268,0.778133749961853,0.7932628393173218,0.8881523013114929,1.226787805557251,0.9516339898109436,1.238991141319275,1.266953468322754,1.2146880626678467,1.09298837184906,1.1294254064559937,1.0493355989456177,0.8578242063522339,0.8773122429847717,1.2283687591552734,1.1642388105392456,0.9517827033996582,1.0844820737838745,1.1876435279846191,0.9841329455375671,1.0945842266082764,0.8408838510513306,0.9905602931976318,1.1115987300872803,0.8008973598480225,0.716381311416626,0.9318675994873047,0.7686008214950562,0.7997767925262451,0.9821532964706421,0.6784927845001221,0.7928438186645508,0.985132098197937,1.0244797468185425,1.0960818529129028,1.2197990417480469,1.1126543283462524,1.1383860111236572,1.2153830528259277,1.2214604616165161,1.2055584192276,1.2730889320373535,1.3051788806915283,1.238284945487976,1.1769449710845947,1.2232136726379395,1.209756851196289,1.2368327379226685,1.337140440940857,1.0496387481689453,1.309281349182129,1.1715574264526367,1.2233620882034302,1.2935404777526855,1.2614080905914307,1.3489010334014893,1.0776582956314087,0.6766331195831299,1.3591526746749878,1.3730807304382324,1.3763608932495117,1.2911193370819092,1.2983591556549072,1.2049880027770996,1.3914427757263184,1.275806188583374,1.2859747409820557,1.1413438320159912,1.041749358177185,0.9659866690635681,0.8131523132324219,1.025102138519287,0.7284467220306396,0.659518301486969,0.7208361029624939,0.6372603178024292,0.6774690747261047,0.8952582478523254,1.0807689428329468,0.998600959777832,0.9070755243301392,0.9182916283607483,1.0204426050186157,1.1428180932998657,1.2332605123519897,0.8339425325393677,0.720818042755127,0.986461341381073,1.0667707920074463,1.0439739227294922,1.0069231986999512,1.1927998065948486,1.3166770935058594,1.3381558656692505,0.701858401298523,0.8735941648483276,0.7453839778900146,0.7584410905838013,0.7237117290496826,0.7215121388435364,0.732895016670227,0.7575817704200745,0.8151995539665222,0.8731536865234375,0.9749473333358765
cat,0.5372993350028992,0.51948082447052,0.9917950630187988,0.8759192824363708,0.5658227205276489,0.36297786235809326,0.0,0.3641166687011719,0.7867491245269775,0.7602720856666565,0.6952832937240601,0.8681824803352356,1.006213903427124,0.9871059656143188,1.1825332641601562,1.196427583694458,1.1461418867111206,1.0728486776351929,1.0999555587768555,1.0753037929534912,0.7382769584655762,0.7538400888442993,1.211264729499817,1.0100878477096558,0.8853779435157776,1.0518771409988403,1.1048933267593384,0.8720281720161438,0.927615761756897,0.7106927633285522,0.7615172863006592,0.932208776473999,0.7249164581298828,0.612382709980011,0.8572303652763367,0.750481367111206,0.751348614692688,0.9575346112251282,0.6694182753562927,0.8123589158058167,1.003696084022522,1.2030612230300903,1.2705180644989014,1.2727636098861694,1.2627897262573242,1.2658050060272217,1.3003079891204834,1.2935407161712646,1.210782527923584,1.2230579853057861,1.2294514179229736,1.1947531700134277,1.0637751817703247,1.1146767139434814,1.1690318584442139,1.0623974800109863,1.256169319152832,1.0385808944702148,1.2275810241699219,1.1707005500793457,1.0675312280654907,1.2494372129440308,1.2093513011932373,1.298668384552002,1.1176738739013672,1.0672290325164795,1.2935035228729248,1.3459622859954834,1.2031974792480469,1.1126151084899902,1.2481235265731812,1.2916696071624756,1.3592950105667114,1.4115357398986816,1.31205415725708,1.2569141387939453,1.0709154605865479,1.1102136373519897,0.985661506652832,1.1059184074401855,0.8190730810165405,0.7284073829650879,0.9363342523574829,0.8774756193161011,0.6782881021499634,1.0177165269851685,1.1501390933990479,1.0960583686828613,0.9955946803092957,0.9422332048416138,1.099381685256958,1.298433542251587,1.3986999988555908,0.9577434062957764,0.8222413659095764,1.0133469104766846,1.1482571363449097,1.0998036861419678,0.9775983095169067,1.0643926858901978,1.1515612602233887,1.184622049331665,0.6015959978103638,0.8126624822616577,0.6183433532714844,0.7519028186798096,0.688684344291687,0.5944163799285889,0.5542336702346802,0.6282906532287598,0.5992660522460938,0.6573508977890015,0.7284133434295654
dog,0.36518096923828125,0.42498987913131714,0.9644834995269775,0.6358317136764526,0.570569634437561,0.3593190908432007,0.3641166687011719,0.0,0.7716933488845825,0.8196887969970703,0.9229772686958313,0.9816338419914246,1.1800283193588257,0.9930005073547363,1.2355477809906006,1.2114533185958862,1.2679336071014404,1.0336499214172363,1.1288048028945923,0.8948395252227783,0.8753854632377625,0.9135321974754333,1.1435705423355103,1.0981504917144775,1.0049066543579102,1.1268759965896606,1.0767425298690796,1.1107921600341797,1.0508615970611572,0.8809248805046082,0.9965155720710754,1.0755729675292969,0.8423559665679932,0.8531860709190369,0.9370401501655579,0.8482010364532471,0.9789906144142151,1.0910969972610474,0.774827241897583,0.9495419263839722,0.9127953052520752,1.062204360961914,1.0815447568893433,1.190062165260315,1.066476583480835,1.1106311082839966,1.1618040800094604,1.1562445163726807,1.131948471069336,1.2003734111785889,1.273827314376831,1.2249295711517334,1.1797837018966675,1.2474675178527832,1.2443917989730835,1.159396767616272,1.264045238494873,1.1308465003967285,1.2617347240447998,1.233062744140625,1.2738137245178223,1.278329849243164,1.2492787837982178,1.307695984840393,1.0091630220413208,0.9084961414337158,1.222534418106079,1.2640901803970337,1.264099359512329,1.259507656097412,1.1225459575653076,1.1940861940383911,1.2429876327514648,1.1591401100158691,1.2597405910491943,1.1957015991210938,1.1555341482162476,1.0765461921691895,0.9804161787033081,1.0628269910812378,0.935003399848938,0.8293648362159729,0.8436165452003479,0.810585081577301,0.7992733120918274,0.9701545834541321,1.044447660446167,0.944294810295105,0.9329282641410828,1.1442232131958008,1.1520185470581055,1.168810248374939,1.0669846534729004,0.6610009670257568,0.9288830757141113,0.9973166584968567,1.1546783447265625,1.0092402696609497,1.005021333694458,1.1878364086151123,1.2720787525177002,1.29972505569458,0.8869580030441284,0.9124484062194824,0.8604826331138611,0.908036470413208,0.8698974847793579,0.8523745536804199,0.8491473197937012,0.8484995365142822,0.9440258145332336,0.9261653423309326,1.0168126821517944
face,0.7935508489608765,0.8922966718673706,1.2312880754470825,0.961132824420929,0.6984468698501587,0.7572109699249268,0.7867491245269775,0.7716933488845825,0.0,0.194219708442688,0.7223074436187744,0.7506486773490906,1.1412086486816406,1.0468438863754272,1.0007832050323486,0.9962242841720581,1.097814917564392,0.8359549045562744,0.8102065324783325,1.071197271347046,0.806049108505249,0.9310817718505859,1.2261595726013184,1.2012882232666016,1.0513747930526733,1.1350057125091553,1.1948440074920654,0.9432609677314758,1.010629415512085,0.6931231021881104,0.9106208682060242,1.1113845109939575,0.9495079517364502,0.7886253595352173,0.9796649813652039,0.8161119818687439,0.8438872694969177,1.0499861240386963,0.8016836047172546,0.8713744878768921,0.9549239277839661,1.182897686958313,1.1367942094802856,1.1813901662826538,1.0906366109848022,1.1403191089630127,1.1358232498168945,1.1278774738311768,1.0313085317611694,1.1974704265594482,1.2032971382141113,1.0606293678283691,0.9245110154151917,1.0591002702713013,1.0920333862304688,1.1852004528045654,1.3952746391296387,1.1139979362487793,1.3789525032043457,1.2292004823684692,1.2480499744415283,1.2641584873199463,1.26796293258667,1.267244577407837,1.1630457639694214,1.126654863357544,1.2438066005706787,1.2612409591674805,1.3069185018539429,1.21160089969635,1.2729260921478271,1.3080177307128906,1.3360165357589722,1.212709665298462,1.288764238357544,1.2021673917770386,1.0946528911590576,1.0023740530014038,0.9195449352264404,1.0899310111999512,0.9009570479393005,0.8022743463516235,0.9782443642616272,0.8236821889877319,0.7351731061935425,0.9287147521972656,1.0514882802963257,0.981878399848938,0.9031026363372803,1.0514360666275024,0.9944243431091309,1.072255253791809,1.1908385753631592,0.8689388036727905,0.8888691067695618,1.2253633737564087,1.195878505706787,1.1447553634643555,0.9583393335342407,1.2766010761260986,1.3867167234420776,1.4218497276306152,0.882118821144104,0.769423246383667,0.6453529000282288,0.6286895275115967,0.7174877524375916,0.5458001494407654,0.5630983114242554,0.4883209466934204,0.7870286703109741,0.8003222942352295,0.931016206741333
hair,0.8202154636383057,0.9478992223739624,1.1990830898284912,1.0391260385513306,0.7926749587059021,0.778133749961853,0.7602720856666565,0.8196887969970703,0.194219708442688,0.0,0.6937276721000671,0.6862438917160034,0.9700839519500732,0.8913583755493164,0.838940441608429,0.8175996541976929,0.9956900477409363,0.6464765071868896,0.646073579788208,1.151755690574646,0.8871283531188965,0.9805253744125366,1.254129409790039,1.1196765899658203,1.0331981182098389,1.1297672986984253,1.1913238763809204,0.9299012422561646,0.9952316880226135,0.7273169755935669,0.9256000518798828,1.089759349822998,0.9855256676673889,0.8405463695526123,0.9406226277351379,0.8968856334686279,0.9484735727310181,1.1284537315368652,0.9117473363876343,0.9575160145759583,0.9377939105033875,1.249345302581787,1.1769119501113892,1.1962007284164429,1.1098302602767944,1.1129368543624878,1.112722635269165,1.1423733234405518,0.8396046757698059,1.061514139175415,1.0343378782272339,0.9754807353019714,0.7476820945739746,0.8956838250160217,0.9202684760093689,1.1471083164215088,1.2438982725143433,1.1225987672805786,1.2634223699569702,1.139648675918579,1.1512373685836792,1.2208958864212036,1.2315186262130737,1.2170498371124268,1.133653998374939,1.1673821210861206,1.2347426414489746,1.2638933658599854,1.2497503757476807,1.1284270286560059,1.2829804420471191,1.2704541683197021,1.338610291481018,1.274298906326294,1.3176357746124268,1.275688886642456,1.030253529548645,1.0128792524337769,0.9788501262664795,0.9345714449882507,0.8552911281585693,0.8426445126533508,1.0383143424987793,0.810839831829071,0.8330165147781372,1.0890625715255737,1.1551127433776855,1.0870956182479858,1.0189980268478394,0.9489128589630127,0.9617301821708679,1.0715081691741943,1.2806836366653442,0.8850803375244141,0.8375377655029297,1.0994991064071655,1.1068371534347534,1.0740735530853271,0.9136998653411865,1.1929420232772827,1.2830379009246826,1.303903579711914,0.8986877202987671,0.6890681982040405,0.6404581069946289,0.6532293558120728,0.6591492891311646,0.616313636302948,0.5866722464561462,0.5063596367835999,0.7147904634475708,0.696899950504303,0.7422937154769897
arm,0.886888325214386,1.038948893547058,1.3792887926101685,1.1699576377868652,0.5903609991073608,0.7932628393173218,0.6952832937240601,0.9229772686958313,0.7223074436187744,0.6937276721000671,0.0,0.2776455879211426,0.816048264503479,0.7050528526306152,0.8111661672592163,1.0036462545394897,1.1586464643478394,1.0436760187149048,0.991779088973999,1.075891137123108,0.916826069355011,1.1006134748458862,1.5291348695755005,0.9778773784637451,0.7841297388076782,1.0354677438735962,1.1716029644012451,0.9587900638580322,0.9769690632820129,0.6813676953315735,0.8120373487472534,0.9913435578346252,0.8084213733673096,0.4642699360847473,0.7914358377456665,0.5826219320297241,0.5836685299873352,0.8747302293777466,0.6911439895629883,0.636915922164917,0.9143876433372498,1.4595345258712769,1.418375015258789,1.4757648706436157,1.2003417015075684,1.3885648250579834,1.386634111404419,1.4121787548065186,1.4852689504623413,1.3244714736938477,1.2969025373458862,1.335707664489746,1.2332558631896973,1.0237351655960083,0.9338259696960449,1.1007463932037354,1.2354222536087036,0.9750186800956726,1.3868317604064941,1.267291784286499,1.1565425395965576,1.3804678916931152,1.3990516662597656,1.4558353424072266,1.34896719455719,1.3905047178268433,1.5131034851074219,1.5495179891586304,1.44524085521698,1.3034521341323853,1.466038465499878,1.456148386001587,1.5384228229522705,1.5806918144226074,1.512393832206726,1.4432642459869385,0.9546398520469666,0.9030982851982117,0.7486754655838013,1.0677940845489502,0.6965464353561401,0.712567150592804,1.0363606214523315,0.9112967848777771,0.5911052227020264,0.8244050741195679,1.0373350381851196,1.0334153175354004,0.8939691185951233,0.8342965841293335,0.6077597141265869,1.1823484897613525,1.5772552490234375,0.9760061502456665,0.4094512462615967,0.7775555849075317,0.7184048891067505,0.9156018495559692,0.5376026630401611,1.3018012046813965,1.3371069431304932,1.3343733549118042,0.44942641258239746,0.4373125433921814,0.27359962463378906,0.3224106431007385,0.3749208450317383,0.42405855655670166,0.3481464385986328,0.3327922821044922,0.3298027515411377,0.4273383617401123,0.5526242256164551
hand,0.8415740132331848,1.0699896812438965,1.2485514879226685,1.0377929210662842,0.7604274749755859,0.8881523013114929,0.8681824803352356,0.9816338419914246,0.7506486773490906,0.6862438917160034,0.2776455879211426,0.0,0.8654436469078064,0.5856904983520508,0.4622027277946472,0.7162522673606873,0.936880350112915,0.75928795337677,0.7050818204879761,1.0803205966949463,1.0745952129364014,1.1806796789169312,1.4898467063903809,1.1225608587265015,0.9650701880455017,1.0709102153778076,1.238232970237732,1.0916962623596191,1.1136102676391602,0.9617767930030823,1.0817090272903442,1.1347205638885498,1.0369340181350708,0.7916761636734009,1.008501410484314,0.7924292087554932,0.819998562335968,0.9734388589859009,0.8777685165405273,0.8554801940917969,0.9802048802375793,1.4078056812286377,1.2679320573806763,1.3120571374893188,1.0504032373428345,1.226212739944458,1.185383915901184,1.1744112968444824,1.271889090538025,1.1102936267852783,1.0874598026275635,1.1639761924743652,1.0392839908599854,0.8071650266647339,0.7254590392112732,1.254648208618164,1.1099953651428223,0.9100878834724426,1.2321510314941406,1.105250358581543,1.0899927616119385,1.2388062477111816,1.2916357517242432,1.3099427223205566,1.3333885669708252,1.345036506652832,1.428885579109192,1.4268653392791748,1.4342520236968994,1.236913800239563,1.4066028594970703,1.3992257118225098,1.4390220642089844,1.412463903427124,1.4117047786712646,1.3465301990509033,0.8281713724136353,0.7442731857299805,0.6625693440437317,0.8520597219467163,0.5843246579170227,0.6827546954154968,1.0183510780334473,0.8687792420387268,0.7140069007873535,0.8704021573066711,1.0630732774734497,0.9848178029060364,0.9224712252616882,0.7446509599685669,0.4648039937019348,0.7851582169532776,1.3743844032287598,0.8380295634269714,0.38363945484161377,0.6458482146263123,0.6921658515930176,0.7999370694160461,0.6406373381614685,1.3111083507537842,1.3569953441619873,1.3293193578720093,0.7300146222114563,0.6123870611190796,0.5159778594970703,0.43805956840515137,0.5580195784568787,0.6721027493476868,0.6053988337516785,0.5613883137702942,0.5662491321563721,0.6757265329360962,0.6364067792892456
leg,1.1609710454940796,1.2044432163238525,0.7313382625579834,1.2600542306900024,1.2880969047546387,1.226787805557251,1.006213903427124,1.1800283193588257,1.1412086486816406,0.9700839519500732,0.816048264503479,0.8654436469078064,0.0,0.48368704319000244,0.42536062002182007,0.361889123916626,0.4274371862411499,0.6378285884857178,0.5668909549713135,1.277295470237732,1.3417155742645264,1.220288872718811,0.8443559408187866,0.8315371870994568,1.0169906616210938,0.9690192341804504,0.9335737228393555,0.9783173203468323,0.8921874761581421,1.1945877075195312,1.0410418510437012,0.939457356929779,1.196049690246582,1.231877326965332,1.010265588760376,1.3678096532821655,1.295467734336853,1.1805709600448608,1.4264674186706543,1.3578109741210938,0.789950966835022,1.0536850690841675,1.0304644107818604,0.887828528881073,0.9566453695297241,0.865485668182373,0.8410035967826843,0.8598881959915161,0.7908569574356079,0.45224225521087646,0.4612351655960083,0.5583540201187134,0.4997826814651489,0.44513702392578125,0.44092702865600586,0.6668484807014465,0.5029933452606201,0.9992333650588989,0.55438232421875,0.6220180988311768,0.5513956546783447,0.6218146681785583,0.6703128218650818,0.5693241953849792,1.044500470161438,1.189698576927185,0.66456139087677,0.6947779655456543,0.5632004737854004,0.5121152997016907,0.9736394882202148,0.8524075150489807,0.8538936376571655,1.0359363555908203,0.8913910984992981,1.0408388376235962,0.7725830674171448,0.9776468873023987,1.213600516319275,0.6252108812332153,0.8224025964736938,1.1873841285705566,1.1756489276885986,1.0068995952606201,1.365171194076538,1.4632817506790161,1.2667686939239502,1.2753592729568481,1.2321019172668457,0.7361748218536377,0.8921751379966736,0.9613000750541687,1.1593046188354492,1.1635658740997314,1.0363277196884155,0.7228553295135498,0.7452013492584229,0.7474749684333801,1.045356035232544,0.587266743183136,0.5575374960899353,0.5002084374427795,1.1647573709487915,0.9190396666526794,1.085687518119812,1.162161111831665,1.0678690671920776,1.2137880325317383,1.1357330083847046,1.0951499938964844,0.9002947807312012,0.7774744033813477,0.5891546010971069
foot,0.9050340056419373,0.9843007922172546,0.7575833797454834,0.9004414677619934,0.9504051804542542,0.9516339898109436,0.9871059656143188,0.9930005073547363,1.0468438863754272,0.8913583755493164,0.7050528526306152,0.5856904983520508,0.48368704319000244,0.0,0.38130760192871094,0.3811168670654297,0.6115228533744812,0.5688382983207703,0.5710086822509766,1.142307996749878,1.305532693862915,1.1756553649902344,1.1995631456375122,0.9254128336906433,0.9404942393302917,1.0429472923278809,1.1644845008850098,1.175775170326233,1.157172679901123,1.2785778045654297,1.2952280044555664,1.1183630228042603,1.1914751529693604,1.074423909187317,0.9144479036331177,1.2537815570831299,1.2764339447021484,1.2361133098602295,1.2765614986419678,1.1777759790420532,0.8039568066596985,1.197008490562439,1.0899152755737305,1.1126682758331299,0.8769293427467346,0.9238846898078918,0.8983593583106995,0.9786792993545532,0.8607524633407593,0.47871172428131104,0.6319510340690613,0.8261141180992126,0.6971942782402039,0.5822925567626953,0.4070606827735901,1.0720281600952148,0.7227764129638672,0.9511545300483704,0.7913280725479126,0.8093146085739136,0.8549028038978577,0.9230659008026123,0.9656599760055542,0.8888404965400696,1.2330005168914795,1.183038353919983,1.0766671895980835,1.0675448179244995,1.073369026184082,0.8293591737747192,1.1388201713562012,1.0571900606155396,1.1482627391815186,1.107277274131775,1.168874740600586,1.1900594234466553,0.7181991338729858,0.7352414131164551,0.9820477366447449,0.4970799684524536,0.5371580123901367,0.9762448072433472,0.9238859415054321,0.7549359798431396,1.2468383312225342,1.280317783355713,1.21523118019104,1.1455700397491455,1.1569993495941162,0.7619539499282837,0.7933468818664551,0.7137734293937683,1.1001317501068115,0.8443301916122437,0.5675134658813477,0.2988792061805725,0.4204815626144409,0.3203431963920593,0.7841408252716064,0.8123823404312134,0.8756239414215088,0.8207486867904663,0.9526408910751343,0.823531985282898,0.8964080214500427,0.8979834914207458,0.8068279027938843,1.0502355098724365,0.9925549030303955,0.9547052383422852,0.7385337352752686,0.7132893800735474,0.5476523041725159
finger,1.0889695882797241,1.2416272163391113,0.774014413356781,1.081618070602417,1.2603870630264282,1.238991141319275,1.1825332641601562,1.2355477809906006,1.0007832050323486,0.838940441608429,0.8111661672592163,0.4622027277946472,0.42536062002182007,0.38130760192871094,0.0,0.09410643577575684,0.3430737853050232,0.3213856816291809,0.26411914825439453,1.3429179191589355,1.3814332485198975,1.2309740781784058,1.034682035446167,1.076642632484436,1.1583987474441528,1.0464569330215454,1.1940157413482666,1.1224358081817627,1.1469327211380005,1.320188045501709,1.3023496866226196,1.1897886991500854,1.379260778427124,1.2826080322265625,1.142859935760498,1.37990403175354,1.2927038669586182,1.2173811197280884,1.442338466644287,1.318821907043457,0.8937785625457764,1.141792893409729,0.9258899688720703,0.8629523515701294,0.8057184219360352,0.7077723741531372,0.7235336303710938,0.6796565055847168,0.6954041719436646,0.41697239875793457,0.39525479078292847,0.4860382676124573,0.4384611248970032,0.3805643320083618,0.255621075630188,1.0667078495025635,0.6332406997680664,0.9891055822372437,0.6357569694519043,0.6690513491630554,0.6968145370483398,0.6812626123428345,0.7637308835983276,0.6388564109802246,1.1482194662094116,1.2259948253631592,0.8844664692878723,0.8629732131958008,0.9235814809799194,0.6973127126693726,1.0870803594589233,1.0397593975067139,1.028326392173767,0.9769880771636963,1.0018435716629028,1.0388174057006836,0.7198572754859924,0.7845289707183838,1.0299135446548462,0.4578591585159302,0.7158511281013489,1.0604192018508911,1.1085188388824463,0.9309067726135254,1.3371832370758057,1.3433841466903687,1.2917628288269043,1.1729111671447754,1.216384768486023,0.7405707836151123,0.7261940240859985,0.5771673321723938,1.044346570968628,0.9562684297561646,0.8468160629272461,0.5530538558959961,0.6564775705337524,0.7209959030151367,1.0183571577072144,0.8011754155158997,0.9340810179710388,0.8669637441635132,1.2302175760269165,0.9046242833137512,1.0709407329559326,1.0089612007141113,0.9967501759529114,1.1460964679718018,1.1082268953323364,1.0458190441131592,0.9620997905731201,0.9414106011390686,0.6854557991027832
toe,1.114479899406433,1.2227126359939575,0.6611985564231873,1.082851767539978,1.3579108715057373,1.266953468322754,1.196427583694458,1.2114533185958862,0.9962242841720581,0.8175996541976929,1.0036462545394897,0.7162522673606873,0.361889123916626,0.3811168670654297,0.09410643577575684,0.0,0.25106334686279297,0.27215325832366943,0.2050762176513672,1.371093988418579,1.3935587406158447,1.215946912765503,0.8728262186050415,1.117172360420227,1.2628350257873535,1.1168546676635742,1.196275234222412,1.1384758949279785,1.1577329635620117,1.3423445224761963,1.3418500423431396,1.2312586307525635,1.4676164388656616,1.399242639541626,1.210357904434204,1.511866569519043,1.422248125076294,1.322701096534729,1.5432170629501343,1.4297728538513184,0.860807478427887,1.008784532546997,0.8023609519004822,0.7373702526092529,0.7799184322357178,0.5627172589302063,0.6266396641731262,0.5775494575500488,0.49531877040863037,0.22840559482574463,0.25935858488082886,0.2823655605316162,0.27860498428344727,0.3540154695510864,0.2787207365036011,1.0209426879882812,0.5668872594833374,1.0821655988693237,0.5293464064598083,0.6446290016174316,0.6861610412597656,0.5995427370071411,0.6729265451431274,0.5027864575386047,1.068548560142517,1.1394120454788208,0.6789562106132507,0.6734097003936768,0.7770474553108215,0.5883017778396606,1.0014450550079346,0.9358031749725342,0.9043266773223877,0.8390602469444275,0.8768807053565979,0.9612789750099182,0.8058637380599976,0.8677082061767578,1.1739839315414429,0.39249420166015625,0.8122868537902832,1.1544480323791504,1.0523979663848877,0.910249650478363,1.4782319068908691,1.4738469123840332,1.3660415410995483,1.2312562465667725,1.2972683906555176,0.844763457775116,0.9054930210113525,0.6268699765205383,0.9374669790267944,0.9766150116920471,1.0321288108825684,0.613796591758728,0.7368712425231934,0.6909526586532593,1.170753002166748,0.6768776178359985,0.8253304958343506,0.7570352554321289,1.3718103170394897,1.0119348764419556,1.2206650972366333,1.1791398525238037,1.1373014450073242,1.2548668384552002,1.2240197658538818,1.1598788499832153,1.1012781858444214,1.0327709913253784,0.7688185572624207
tooth,1.143675446510315,1.1755132675170898,0.5359808802604675,1.0388253927230835,1.2945301532745361,1.2146880626678467,1.1461418867111206,1.2679336071014404,1.097814917564392,0.9956900477409363,1.1586464643478394,0.936880350112915,0.4274371862411499,0.6115228533744812,0.3430737853050232,0.25106334686279297,0.0,0.5150882005691528,0.40654653310775757,1.3795076608657837,1.3458123207092285,1.0812716484069824,0.761387825012207,1.1114261150360107,1.2065688371658325,0.9977380037307739,1.1447645425796509,1.014343023300171,1.1439987421035767,1.376346468925476,1.2868142127990723,1.1658167839050293,1.3841826915740967,1.384307622909546,1.224083423614502,1.4513928890228271,1.3015559911727905,1.1402426958084106,1.428383708000183,1.3757164478302002,0.8372406959533691,0.9213464260101318,0.8131712675094604,0.6368058323860168,0.9529574513435364,0.66285240650177,0.6745553612709045,0.5460735559463501,0.5501790046691895,0.2888224124908447,0.2352367639541626,0.21946179866790771,0.23802030086517334,0.332822322845459,0.3590165376663208,0.8967257142066956,0.5649497509002686,0.9004674553871155,0.4562755823135376,0.5095205903053284,0.4300926923751831,0.37726831436157227,0.4570873975753784,0.28911447525024414,1.0530142784118652,1.073150396347046,0.5336953401565552,0.513527512550354,0.6667652726173401,0.3597785234451294,0.8845775127410889,0.8466871976852417,0.8020212650299072,0.7705382704734802,0.6507543325424194,0.6850476861000061,0.7272140383720398,0.8352174758911133,1.1838492155075073,0.5342339873313904,0.7708519101142883,1.0799940824508667,1.0130209922790527,0.9982973337173462,1.4164689779281616,1.3574482202529907,1.2447798252105713,1.1241650581359863,1.2239537239074707,0.6887737512588501,0.8070422410964966,0.5255394577980042,0.8592286109924316,1.1507095098495483,1.1248729228973389,0.8266052603721619,0.8975493907928467,0.8684958219528198,1.300248146057129,0.5482609868049622,0.7677338719367981,0.7013757824897766,1.3482567071914673,1.161885380744934,1.294538974761963,1.2382903099060059,1.2139416933059692,1.283094882965088,1.300266981124878,1.2403724193572998,1.1905028820037842,1.1605820655822754,0.904165506362915
ear,0.8984614610671997,1.057769775390625,0.8363090753555298,0.9793768525123596,1.1687873601913452,1.09298837184906,1.0728486776351929,1.0336499214172363,0.8359549045562744,0.6464765071868896,1.0436760187149048,0.75928795337677,0.6378285884857178,0.5688382983207703,0.3213856816291809,0.27215325832366943,0.5150882005691528,0.0,0.20673322677612305,1.2688257694244385,1.2392266988754272,1.1971338987350464,0.9944396018981934,1.1728254556655884,1.2347999811172485,1.1136205196380615,1.1349343061447144,1.099448323249817,1.1223915815353394,1.2154231071472168,1.2616122961044312,1.1993582248687744,1.3326971530914307,1.2992578744888306,1.182910680770874,1.3623807430267334,1.323862075805664,1.3101904392242432,1.3868093490600586,1.2862663269042969,0.8934545516967773,1.0980383157730103,0.9247598052024841,0.9012737274169922,0.857670247554779,0.7572517395019531,0.7652496099472046,0.7509812116622925,0.5714138150215149,0.5322177410125732,0.46614885330200195,0.5466087460517883,0.4045141935348511,0.4529367685317993,0.46024763584136963,1.0863512754440308,0.8145796060562134,1.0417463779449463,0.7813065052032471,0.7938292026519775,0.9170229434967041,0.8489458560943604,0.8901641368865967,0.7876502275466919,1.075219750404358,1.1205404996871948,0.9293645024299622,0.92843097448349,0.997623085975647,0.8516201972961426,1.1084623336791992,1.0657116174697876,1.0744487047195435,0.928755521774292,1.1033878326416016,1.1009823083877563,0.8868158459663391,0.8767350912094116,1.0815014839172363,0.5072078108787537,0.8157840371131897,1.0883281230926514,1.0559828281402588,0.8099649548530579,1.2688318490982056,1.3661279678344727,1.3365098237991333,1.2174510955810547,1.1828933954238892,0.8880658149719238,0.9504476189613342,0.725450873374939,1.0304274559020996,0.9439425468444824,0.9586836695671082,0.7602782249450684,0.8608161211013794,0.8014545440673828,1.0966523885726929,0.9673357605934143,0.9733026623725891,0.929100513458252,1.2728819847106934,0.9390732645988464,1.1409188508987427,1.0433251857757568,0.953175961971283,1.1370795965194702,1.1369696855545044,1.0435353517532349,1.0370362997055054,0.9626622796058655,0.7903778553009033
