,rooster,fish,frog,alligator,cat,dog,face,hair,arm,hand,finger,toe,tooth,car,lamp,chair,bench,drawer,window,door,refrigerator,crib,bed,couch,table,bathtub,sink,clock,ball,balloon,orange,apple,hat,slipper,watch,nail,glasses,vacuum,shovel,scissors,spoon,knife,pencil,pen,crayon,plant,flower,bottle,cup,can,belt,basket,bucket,tape,bowl,plate,banana,cracker,pizza,glass,tray,box,book,paper,gum,toy,doll,mitten,glove,shoe,purse,pillow,towel,napkin,blanket,pajamas,bib,jacket,shirt,jeans,shorts
rooster,0.0,0.7365314364433289,0.6575334668159485,0.6022707223892212,0.8591778874397278,0.5012244582176208,1.0665382146835327,0.9794963002204895,1.1511585712432861,0.9789006114006042,0.9896426796913147,0.987083911895752,1.0414204597473145,0.7858160734176636,1.0029760599136353,0.9808977842330933,1.0108857154846191,0.9922313690185547,1.0597670078277588,0.9390459656715393,0.9500243663787842,1.011344075202942,1.0705523490905762,0.9696962833404541,1.118863582611084,1.198735237121582,1.077786922454834,0.9957000017166138,0.9085649847984314,0.8752066493034363,1.0222080945968628,0.9705774188041687,0.9406728744506836,1.0418442487716675,1.1353788375854492,1.0412465333938599,1.0660686492919922,0.8935545682907104,0.9006819725036621,0.9132784008979797,0.9667075872421265,1.0546865463256836,1.1138720512390137,1.1057257652282715,1.0990732908248901,0.7810502052307129,0.6630598902702332,1.0946077108383179,1.0512840747833252,1.0623528957366943,1.090436577796936,0.9966916441917419,0.9980774521827698,1.0399012565612793,0.9932070374488831,1.0516318082809448,0.893494725227356,0.8885592818260193,0.9939446449279785,0.9448102712631226,1.056769847869873,0.9979436993598938,1.0049537420272827,1.0630121231079102,0.8388788104057312,0.7776191830635071,0.6461017727851868,0.8522626161575317,0.777542233467102,0.8033303022384644,0.8098121881484985,0.8820675611495972,0.8950263261795044,0.9157925248146057,1.0465307235717773,1.0132049322128296,0.9914258122444153,1.1273183822631836,1.0687180757522583,1.0570012331008911,1.0482592582702637
fish,0.7365314364433289,0.0,0.4697873592376709,0.5501511096954346,0.8281866908073425,1.0514882802963257,1.2130705118179321,1.2183213233947754,1.3448834419250488,1.16483736038208,0.8431166410446167,0.7482477426528931,0.49823206663131714,0.6991925835609436,0.8165973424911499,1.2707160711288452,1.2649472951889038,1.005588412284851,1.1146395206451416,1.0960466861724854,1.2788851261138916,1.4300920963287354,1.352959394454956,1.323299527168274,1.3956831693649292,1.3893874883651733,0.7331504821777344,0.8366804122924805,0.7045854926109314,0.7210021018981934,0.5300304889678955,0.5053785443305969,0.5816969275474548,0.48611438274383545,0.5845439434051514,0.5193670988082886,0.5584839582443237,0.9440479874610901,0.6002625226974487,0.6338239908218384,0.5781077146530151,0.5557403564453125,0.4981629252433777,0.4742503762245178,0.4299783706665039,0.8498796224594116,0.7061266899108887,0.6043494343757629,0.6152406334877014,0.7061877846717834,0.4554544687271118,0.967016875743866,1.0323078632354736,0.7351458072662354,0.6495826840400696,0.6278601288795471,0.5067326426506042,0.7024791836738586,0.7481927275657654,1.1732711791992188,1.107217788696289,1.244692325592041,0.9574262499809265,1.022512435913086,0.5738774538040161,0.8554418683052063,1.1323763132095337,1.1829338073730469,0.7749496102333069,0.9484010338783264,1.2078626155853271,0.5563442707061768,0.6481873989105225,0.6845903992652893,1.2677116394042969,1.3738360404968262,1.223595380783081,1.3610966205596924,1.3731424808502197,1.2856378555297852,1.1501706838607788
frog,0.6575334668159485,0.4697873592376709,0.0,0.37770891189575195,1.115964412689209,0.9114581942558289,1.1067050695419312,1.243159532546997,1.4477787017822266,1.2108522653579712,1.051987886428833,0.9679386615753174,0.9231283068656921,0.7217978239059448,1.061515212059021,1.2833471298217773,1.382732629776001,0.9951724410057068,1.2199543714523315,1.107395887374878,1.1393787860870361,1.3322267532348633,1.3698146343231201,1.405036211013794,1.2681866884231567,1.4380981922149658,0.9993758201599121,0.8462015390396118,0.7458065748214722,0.7775065302848816,0.8109816312789917,0.7373414039611816,0.6994024515151978,0.7692151665687561,0.9375513792037964,0.9007830023765564,0.8324206471443176,0.9509448409080505,0.658562421798706,0.4144103527069092,0.6682256460189819,0.6976448893547058,0.7535772323608398,0.7384707927703857,0.6931304931640625,0.7916646003723145,0.5770193338394165,0.855681300163269,0.8373651504516602,0.9307332038879395,0.8177164793014526,0.9389581680297852,0.9631512761116028,0.6841679215431213,0.8237247467041016,0.7260581851005554,0.4534287452697754,0.828697919845581,0.8039153814315796,1.084513545036316,0.9008238911628723,1.0404882431030273,0.797305703163147,1.0633047819137573,0.5830836296081543,0.35268521308898926,0.6276911497116089,1.1290463209152222,0.855174720287323,0.8281121253967285,0.9562972784042358,0.9226996898651123,0.8001800179481506,0.8074531555175781,1.358518123626709,1.3284074068069458,1.196663737297058,1.315251111984253,1.396399736404419,1.3687763214111328,1.2790732383728027
alligator,0.6022707223892212,0.5501511096954346,0.37770891189575195,0.0,0.7624141573905945,0.5224597454071045,0.9703567028045654,0.9600922465324402,0.9888660907745361,1.1037330627441406,1.2572834491729736,1.2676663398742676,1.138356328010559,0.9186588525772095,1.124354600906372,1.054208755493164,0.8875241279602051,1.0227264165878296,0.9993144273757935,1.0724703073501587,0.9785466194152832,0.9402956366539001,0.8242156505584717,0.9143113493919373,0.8894829154014587,0.9973673820495605,1.120725154876709,1.1286609172821045,1.141547679901123,1.1051571369171143,1.2103798389434814,1.1901029348373413,1.1212563514709473,1.154592752456665,1.2623424530029297,1.2289314270019531,1.2159807682037354,1.1102502346038818,0.9715250134468079,0.8737662434577942,1.0139355659484863,1.0019339323043823,1.1124579906463623,1.0922056436538696,1.0919089317321777,0.781893789768219,0.8177444338798523,1.1934242248535156,1.2084251642227173,1.1810367107391357,1.08492112159729,1.0865116119384766,1.2077839374542236,1.2070162296295166,1.1800693273544312,1.0246554613113403,0.8270349502563477,0.7831297516822815,0.7175391912460327,0.8746844530105591,0.8976328372955322,0.9705150723457336,1.0024398565292358,0.9319281578063965,1.0548988580703735,0.9051743149757385,0.7847203612327576,0.7567117214202881,0.828029990196228,0.906210720539093,0.9749159216880798,0.9466599225997925,0.8303391337394714,0.8529672026634216,0.7829269170761108,0.8641811609268188,0.8900972604751587,0.9030869603157043,0.9391263127326965,0.8793894052505493,1.0069053173065186
cat,0.8591778874397278,0.8281866908073425,1.115964412689209,0.7624141573905945,0.0,0.5586747527122498,0.9313341379165649,0.8131682276725769,0.8603067398071289,1.0553385019302368,1.148678183555603,1.1617425680160522,1.0527452230453491,0.9099587202072144,0.8788021802902222,0.9320997595787048,0.7994123697280884,1.1154258251190186,0.6859598159790039,1.0041799545288086,1.0455584526062012,0.8698886036872864,0.6790792346000671,0.7433432340621948,0.933303713798523,0.7777092456817627,1.0031814575195312,1.1719897985458374,1.2304506301879883,1.1880563497543335,1.175827980041504,1.1840338706970215,1.109470009803772,1.0881348848342896,1.0285770893096924,1.0904444456100464,1.0424567461013794,1.0209741592407227,1.1779636144638062,1.3196496963500977,1.2412385940551758,1.1797930002212524,1.1660858392715454,1.1546063423156738,1.1639957427978516,0.978390634059906,1.1187374591827393,1.14878511428833,1.1941256523132324,1.0095171928405762,0.8583707809448242,1.1318143606185913,1.300067663192749,1.3754589557647705,1.2100938558578491,1.2574524879455566,1.2461693286895752,1.0589311122894287,1.0617282390594482,0.9564683437347412,1.2538204193115234,1.208395004272461,1.331256628036499,1.1498687267303467,1.3570479154586792,1.3905998468399048,1.1980175971984863,0.9378500580787659,1.1032743453979492,1.1137572526931763,1.2120918035507202,0.9561504125595093,1.1781227588653564,1.1728383302688599,0.6445664167404175,0.8078717589378357,0.9906250834465027,0.6674486398696899,0.7325459122657776,0.6808856129646301,0.7869844436645508
dog,0.5012244582176208,1.0514882802963257,0.9114581942558289,0.5224597454071045,0.5586747527122498,0.0,0.8053886890411377,0.751041054725647,0.8469710946083069,1.0277220010757446,1.316141128540039,1.3259859085083008,1.4064414501190186,0.9625160694122314,1.1646113395690918,0.9086506962776184,0.7677434086799622,1.1328301429748535,0.92824387550354,1.0174213647842407,0.8234454989433289,0.7345496416091919,0.6002978086471558,0.6222142577171326,0.7439716458320618,0.8517155051231384,1.2246153354644775,1.1803383827209473,1.1617019176483154,1.1509640216827393,1.329063057899475,1.3242976665496826,1.2338494062423706,1.3563941717147827,1.3278567790985107,1.3522953987121582,1.3364481925964355,1.040145754814148,1.1858633756637573,1.2642325162887573,1.3013477325439453,1.3473377227783203,1.4231750965118408,1.4018120765686035,1.4274225234985352,0.8541769981384277,0.9491180181503296,1.2808271646499634,1.3065950870513916,1.293717384338379,1.3516370058059692,1.1027815341949463,1.1520283222198486,1.3421738147735596,1.2939817905426025,1.2885446548461914,1.1920784711837769,1.0045956373214722,1.000534176826477,0.783191442489624,0.9801406264305115,0.9762892723083496,1.1437426805496216,1.073243260383606,1.3099650144577026,0.9842286705970764,0.6101444959640503,0.6572422981262207,0.9165382385253906,0.8702332973480225,0.8637917041778564,1.189624309539795,1.1134059429168701,1.1332870721817017,0.6250094175338745,0.633226752281189,0.7899000644683838,0.7401747107505798,0.7230547666549683,0.7427601218223572,0.9371825456619263
face,1.0665382146835327,1.2130705118179321,1.1067050695419312,0.9703567028045654,0.9313341379165649,0.8053886890411377,0.0,0.20527738332748413,0.7183519601821899,0.7578043341636658,0.9515129923820496,0.9705579280853271,1.1236743927001953,1.12484610080719,1.151877522468567,1.1417386531829834,0.9739252328872681,1.0936763286590576,0.9204915165901184,1.069810390472412,0.9620466232299805,0.8856751918792725,0.8132237792015076,0.7958342432975769,0.7495822310447693,0.7950021028518677,1.2734514474868774,1.1703729629516602,1.122304081916809,1.1388493776321411,1.1617960929870605,1.1760187149047852,1.1311092376708984,1.193156361579895,1.1200971603393555,1.0654555559158325,1.065731167793274,1.3047537803649902,1.3756965398788452,1.3709416389465332,1.3648998737335205,1.3532813787460327,1.3140045404434204,1.3219513893127441,1.3195056915283203,1.0849316120147705,1.1802010536193848,1.2402114868164062,1.287805199623108,1.3772333860397339,1.3300341367721558,1.355328917503357,1.2546851634979248,1.2864665985107422,1.3702402114868164,1.310882806777954,1.2359776496887207,1.049979567527771,1.046637773513794,0.7248618602752686,1.0350784063339233,1.101991891860962,1.2419722080230713,1.069830298423767,1.2521045207977295,1.113578200340271,0.8767127990722656,0.7659584283828735,1.0728272199630737,1.0751153230667114,1.1636767387390137,1.3162837028503418,1.3323922157287598,1.312328577041626,0.8264399766921997,0.6022167205810547,0.6896592378616333,0.6018744707107544,0.5142222046852112,0.7836586833000183,0.9050290584564209
hair,0.9794963002204895,1.2183213233947754,1.243159532546997,0.9600922465324402,0.8131682276725769,0.751041054725647,0.20527738332748413,0.0,0.6145548820495605,0.6696908473968506,0.8891034126281738,0.9434342980384827,1.0763839483261108,1.1259177923202515,1.1329550743103027,1.0471556186676025,0.8896008133888245,1.1134634017944336,0.8584553003311157,1.0177772045135498,0.9117801189422607,0.8091145753860474,0.7702221870422363,0.7268174886703491,0.7585026621818542,0.7764744162559509,1.3056212663650513,1.2051951885223389,1.212350845336914,1.2096939086914062,1.2263243198394775,1.2415770292282104,1.065769910812378,1.2248005867004395,1.1063885688781738,1.0652281045913696,1.0355117321014404,1.2343542575836182,1.3556780815124512,1.406130313873291,1.365365982055664,1.3591995239257812,1.3478648662567139,1.3529059886932373,1.3629016876220703,1.0377899408340454,1.1795458793640137,1.2764066457748413,1.343670129776001,1.3725073337554932,1.3198903799057007,1.3385770320892334,1.304503321647644,1.4179695844650269,1.4326813220977783,1.3801937103271484,1.3169703483581543,0.9740666151046753,1.0678155422210693,0.7314386367797852,1.1461135149002075,1.1176589727401733,1.3028041124343872,1.09059476852417,1.2689801454544067,1.2583404779434204,0.8743626475334167,0.6805702447891235,1.004665732383728,1.0955517292022705,1.1109585762023926,1.245841145515442,1.3307102918624878,1.3322715759277344,0.7178288102149963,0.4764499068260193,0.5746463537216187,0.5459303855895996,0.4175022840499878,0.6693219542503357,0.7421128749847412
arm,1.1511585712432861,1.3448834419250488,1.4477787017822266,0.9888660907745361,0.8603067398071289,0.8469710946083069,0.7183519601821899,0.6145548820495605,0.0,0.45009273290634155,0.9365363717079163,1.0693975687026978,1.2174584865570068,1.3754308223724365,1.1665414571762085,0.9540999531745911,0.6188502311706543,1.157601237297058,0.8930771946907043,1.120989441871643,0.9343160390853882,0.7250241041183472,0.5401324033737183,0.5684567093849182,0.5155512690544128,0.5407613515853882,1.33528470993042,1.3484885692596436,1.3976949453353882,1.357475996017456,1.3888657093048096,1.4568051099777222,1.4841984510421753,1.4002437591552734,1.2774193286895752,1.2722288370132446,1.3504345417022705,1.329355001449585,1.4762942790985107,1.4658480882644653,1.4104893207550049,1.359485387802124,1.3886219263076782,1.4105556011199951,1.4528286457061768,1.2117962837219238,1.3977282047271729,1.4538326263427734,1.5042901039123535,1.4663209915161133,1.4152040481567383,1.4173448085784912,1.4010200500488281,1.525797724723816,1.5096795558929443,1.4562349319458008,1.4106932878494263,1.0429002046585083,1.0577213764190674,0.8077536225318909,1.1010382175445557,1.0675348043441772,1.248642921447754,0.8851139545440674,1.3979263305664062,1.5024081468582153,1.0813024044036865,0.5256215929985046,0.8533898591995239,1.1803213357925415,1.1444942951202393,1.1661005020141602,1.267527461051941,1.2378886938095093,0.4706224799156189,0.3462892770767212,0.4851364493370056,0.4745522737503052,0.31777864694595337,0.43083178997039795,0.571943461894989
hand,0.9789006114006042,1.16483736038208,1.2108522653579712,1.1037330627441406,1.0553385019302368,1.0277220010757446,0.7578043341636658,0.6696908473968506,0.45009273290634155,0.0,0.33907127380371094,0.5334300994873047,0.8781597018241882,1.2823033332824707,1.2086716890335083,1.1005306243896484,0.9194723963737488,1.0261014699935913,1.0883578062057495,1.1532261371612549,1.1106503009796143,1.0661028623580933,1.0378810167312622,0.9382635354995728,0.9411705732345581,0.9850826263427734,1.3336657285690308,1.3137645721435547,1.167988896369934,1.1535534858703613,1.1652581691741943,1.1780476570129395,1.1480069160461426,1.0628914833068848,1.093825340270996,0.9792413711547852,1.0231852531433105,1.2976518869400024,1.2453771829605103,1.1809773445129395,1.1300668716430664,1.1584781408309937,1.1976947784423828,1.2391173839569092,1.2466099262237549,1.2275009155273438,1.2594060897827148,1.3757648468017578,1.3718572854995728,1.3262536525726318,1.2415168285369873,1.3439767360687256,1.3307057619094849,1.2639901638031006,1.3065675497055054,1.240147352218628,1.1455544233322144,0.7934137582778931,1.0331034660339355,0.8860968351364136,1.1199160814285278,1.0931174755096436,1.163912296295166,0.979275107383728,0.9430142641067505,1.277466058731079,0.9640485048294067,0.5234667062759399,0.5608365535736084,0.9185355305671692,1.0600721836090088,0.9142158627510071,1.1099927425384521,1.097159743309021,0.8788411617279053,0.6832020282745361,0.6475633382797241,0.8129780292510986,0.6750801801681519,0.6873376369476318,0.5698957443237305
finger,0.9896426796913147,0.8431166410446167,1.051987886428833,1.2572834491729736,1.148678183555603,1.316141128540039,0.9515129923820496,0.8891034126281738,0.9365363717079163,0.33907127380371094,0.0,0.11310756206512451,0.3437337279319763,1.1642121076583862,1.1046150922775269,1.1974525451660156,1.2348331212997437,0.924289345741272,1.2452119588851929,1.125016689300537,1.3286075592041016,1.4519572257995605,1.4528419971466064,1.2437663078308105,1.3918932676315308,1.380415439605713,1.1024938821792603,1.1402772665023804,0.846613347530365,0.8852385878562927,0.6610764265060425,0.6476218700408936,0.6101812124252319,0.49591875076293945,0.5704898238182068,0.42468929290771484,0.446910560131073,1.0327476263046265,0.9110560417175293,0.8716570734977722,0.8052257299423218,0.7636600136756897,0.7162691950798035,0.7580586075782776,0.7051671743392944,1.2391242980957031,1.1380927562713623,0.972208559513092,0.9595140814781189,0.9091155529022217,0.7315335869789124,1.2232511043548584,1.220465064048767,0.9072314500808716,0.974441647529602,1.0005807876586914,0.8615598678588867,0.7356838583946228,1.1532810926437378,1.2500865459442139,1.3278213739395142,1.2743383646011353,1.166182279586792,1.1751039028167725,0.5924297571182251,1.1068118810653687,1.1549345254898071,0.9790376424789429,0.6325125694274902,0.8928495049476624,1.1818879842758179,0.6048908233642578,0.9365719556808472,0.9876052141189575,1.2868094444274902,1.1528311967849731,0.9896271228790283,1.1496931314468384,1.0551745891571045,0.9850449562072754,0.631455659866333
toe,0.987083911895752,0.7482477426528931,0.9679386615753174,1.2676663398742676,1.1617425680160522,1.3259859085083008,0.9705579280853271,0.9434342980384827,1.0693975687026978,0.5334300994873047,0.11310756206512451,0.0,0.2588285207748413,1.084196925163269,1.097720980644226,1.2081471681594849,1.3654594421386719,0.9407075643539429,1.3113778829574585,1.1364721059799194,1.3354119062423706,1.551982045173645,1.55526864528656,1.3206305503845215,1.5108686685562134,1.5242483615875244,1.0289520025253296,1.0254446268081665,0.7274714112281799,0.8202720880508423,0.4884505271911621,0.46024346351623535,0.40927982330322266,0.2792799472808838,0.38996922969818115,0.27104562520980835,0.2844196557998657,0.8764501214027405,0.7167904376983643,0.7516905069351196,0.6922652721405029,0.6424399614334106,0.5627377033233643,0.591787576675415,0.5268993377685547,1.1786432266235352,1.0163888931274414,0.7208197712898254,0.7140147686004639,0.7156309485435486,0.575434684753418,1.0940523147583008,1.0841957330703735,0.7732068300247192,0.8067032098770142,0.9143365621566772,0.7587393522262573,0.7393143177032471,1.1723953485488892,1.3485338687896729,1.3462098836898804,1.3132935762405396,1.119397521018982,1.2174209356307983,0.5215756297111511,0.9515569806098938,1.111628770828247,1.1308842897415161,0.5972973704338074,0.7652127146720886,1.127538800239563,0.5632480382919312,0.8325889110565186,0.9293911457061768,1.416684627532959,1.275583267211914,1.0814827680587769,1.2384709119796753,1.162276268005371,1.1025748252868652,0.72567218542099
tooth,1.0414204597473145,0.49823206663131714,0.9231283068656921,1.138356328010559,1.0527452230453491,1.4064414501190186,1.1236743927001953,1.0763839483261108,1.2174584865570068,0.8781597018241882,0.3437337279319763,0.2588285207748413,0.0,0.9698311686515808,0.9281926155090332,1.145308494567871,1.2801777124404907,0.841302752494812,1.2137153148651123,1.0232576131820679,1.3271722793579102,1.488318681716919,1.5121750831604004,1.340510368347168,1.4809147119522095,1.4393506050109863,0.801849365234375,0.9369481801986694,0.7895110845565796,0.8666986227035522,0.4524148106575012,0.42347902059555054,0.45298200845718384,0.22740554809570312,0.2978684902191162,0.20020252466201782,0.24496448040008545,0.819433331489563,0.6421793699264526,0.6812728643417358,0.5600733160972595,0.4590913653373718,0.3728013038635254,0.38335132598876953,0.31886589527130127,1.1294934749603271,1.0165504217147827,0.5646867752075195,0.5777722001075745,0.5884860754013062,0.3519333004951477,0.9763726592063904,1.0632317066192627,0.7619481086730957,0.6945273876190186,0.7425248622894287,0.6799925565719604,0.6278078556060791,1.0333820581436157,1.3126232624053955,1.2953929901123047,1.2571264505386353,1.059887170791626,1.106959342956543,0.49352550506591797,1.0490268468856812,1.3204355239868164,1.2841819524765015,0.827870786190033,0.9840770363807678,1.2208161354064941,0.491741418838501,0.746894359588623,0.823219358921051,1.4038126468658447,1.3913713693618774,1.1849740743637085,1.2943847179412842,1.2563937902450562,1.2101606130599976,0.8729183673858643
car,0.7858160734176636,0.6991925835609436,0.7217978239059448,0.9186588525772095,0.9099587202072144,0.9625160694122314,1.12484610080719,1.1259177923202515,1.3754308223724365,1.2823033332824707,1.1642121076583862,1.084196925163269,0.9698311686515808,0.0,0.9476966857910156,0.923470675945282,1.1416327953338623,0.9419476389884949,0.8475430011749268,0.8743990659713745,0.9013187289237976,1.042357325553894,1.1577725410461426,1.1139873266220093,1.1960889101028442,1.2364563941955566,0.6185673475265503,0.8484662175178528,0.8509141802787781,0.8829600811004639,0.8378489017486572,0.778162956237793,0.7297141551971436,0.8593649864196777,0.8789927363395691,0.9013340473175049,0.8610510230064392,0.7459349632263184,0.7249748110771179,0.7753565311431885,0.7798638343811035,0.8007256984710693,0.8083457946777344,0.7739557027816772,0.778178870677948,0.7064539194107056,0.622285008430481,0.6866132020950317,0.6809359788894653,0.7499962449073792,0.7213432788848877,0.7517358064651489,0.7994384169578552,0.8175029158592224,0.6822931170463562,0.7985258102416992,0.8355852365493774,1.125720500946045,0.9449781775474548,0.9858713746070862,0.9328492879867554,0.9728682041168213,0.7224246263504028,1.0021789073944092,0.8456940650939941,0.6935589909553528,0.8418678045272827,1.3498499393463135,1.0507307052612305,0.9719274044036865,0.935470700263977,0.8905073404312134,0.8830059170722961,0.914333164691925,1.2651443481445312,1.2799906730651855,1.2882347106933594,1.229218602180481,1.264599323272705,1.2744295597076416,1.2304906845092773
lamp,1.0029760599136353,0.8165973424911499,1.061515212059021,1.124354600906372,0.8788021802902222,1.1646113395690918,1.151877522468567,1.1329550743103027,1.1665414571762085,1.2086716890335083,1.1046150922775269,1.097720980644226,0.9281926155090332,0.9476966857910156,0.0,0.9941220283508301,1.0220715999603271,0.866384744644165,0.6681284308433533,0.7475134134292603,1.0173333883285522,1.073449730873108,1.1222975254058838,1.1244442462921143,1.0492897033691406,0.8614068031311035,0.6407827138900757,0.4676114320755005,0.8393231630325317,0.7583264112472534,0.8632769584655762,0.921468198299408,0.9541241526603699,0.977866530418396,0.9270524382591248,0.9597853422164917,0.944366455078125,0.8386244177818298,0.771737813949585,0.9347882866859436,0.6708361506462097,0.7992116212844849,0.8054994344711304,0.7967721223831177,0.8811502456665039,0.8255082964897156,0.8990875482559204,0.8385537266731262,0.7440537810325623,0.7421497106552124,0.8017931580543518,0.9284977912902832,0.7394711971282959,0.6725444793701172,0.6466048359870911,0.6127669215202332,0.9761825799942017,1.0305705070495605,1.0625382661819458,0.7781645059585571,0.9210450053215027,1.0536696910858154,1.015336513519287,0.8845725059509277,1.0116543769836426,1.1491833925247192,1.238113284111023,1.2583825588226318,1.2249490022659302,1.1237492561340332,1.0791987180709839,0.9423059821128845,0.9451804161071777,0.798406720161438,1.215152621269226,1.2942535877227783,1.2432849407196045,1.2840485572814941,1.2151899337768555,1.3098937273025513,1.2593638896942139
chair,0.9808977842330933,1.2707160711288452,1.2833471298217773,1.054208755493164,0.9320997595787048,0.9086506962776184,1.1417386531829834,1.0471556186676025,0.9540999531745911,1.1005306243896484,1.1974525451660156,1.2081471681594849,1.145308494567871,0.923470675945282,0.9941220283508301,0.0,0.31531524658203125,0.4484241008758545,0.7191424369812012,0.6030672192573547,0.5769381523132324,0.3601248860359192,0.6132189035415649,0.439267635345459,0.8331594467163086,0.7671456336975098,0.7207978963851929,1.1150659322738647,1.34058678150177,1.2751519680023193,1.273179292678833,1.3030983209609985,1.1258257627487183,1.149388074874878,1.2337456941604614,1.2812775373458862,1.2250422239303589,0.6067736744880676,0.997545599937439,1.146413803100586,1.1002800464630127,1.0521769523620605,1.1490882635116577,1.1515004634857178,1.1711393594741821,0.941703200340271,1.1264728307724,1.095220923423767,1.0052341222763062,0.6406043767929077,0.9321412444114685,0.5639370083808899,0.8284125328063965,1.157151699066162,0.9485548734664917,1.0566673278808594,1.234508752822876,1.036577582359314,1.180373191833496,1.0038539171218872,0.868367612361908,0.4760320782661438,0.8548586964607239,0.8406581878662109,1.3142104148864746,1.178774118423462,0.9823746085166931,1.0415050983428955,0.9871547818183899,0.9531201124191284,0.6827808022499084,0.7212926149368286,0.8699117302894592,0.9005017876625061,0.8378593921661377,0.9048352837562561,1.0294220447540283,0.9020299315452576,0.8874017596244812,0.7272542119026184,0.78580242395401
bench,1.0108857154846191,1.2649472951889038,1.382732629776001,0.8875241279602051,0.7994123697280884,0.7677434086799622,0.9739252328872681,0.8896008133888245,0.6188502311706543,0.9194723963737488,1.2348331212997437,1.3654594421386719,1.2801777124404907,1.1416327953338623,1.0220715999603271,0.31531524658203125,0.0,0.5539039373397827,0.745092511177063,0.8639248609542847,0.783083438873291,0.3170454502105713,0.269375205039978,0.2562774419784546,0.5500014424324036,0.3690182566642761,0.9072859287261963,1.3042486906051636,1.4774963855743408,1.3943705558776855,1.471544623374939,1.5498299598693848,1.4879212379455566,1.415893793106079,1.438589096069336,1.4532583951950073,1.4425773620605469,1.0630711317062378,1.32996666431427,1.367833137512207,1.2787718772888184,1.2096474170684814,1.3551907539367676,1.3658416271209717,1.4247195720672607,1.0987099409103394,1.3782066106796265,1.4619977474212646,1.4127615690231323,1.1403285264968872,1.2656903266906738,0.9197735786437988,1.176508903503418,1.3714154958724976,1.2183897495269775,1.162738561630249,1.3857967853546143,0.9553926587104797,0.9832320213317871,0.8609831929206848,0.7366247177124023,0.4900779724121094,0.9521510601043701,0.6794332265853882,1.4582496881484985,1.4448028802871704,1.097692608833313,0.7170201539993286,1.0717464685440063,1.0555182695388794,0.859770655632019,0.8590706586837769,0.9823179841041565,0.9455521702766418,0.45028460025787354,0.6503521203994751,0.8694134950637817,0.7386302351951599,0.680046796798706,0.5421196222305298,0.7810065746307373
drawer,0.9922313690185547,1.005588412284851,0.9951724410057068,1.0227264165878296,1.1154258251190186,1.1328301429748535,1.0936763286590576,1.1134634017944336,1.157601237297058,1.0261014699935913,0.924289345741272,0.9407075643539429,0.841302752494812,0.9419476389884949,0.866384744644165,0.4484241008758545,0.5539039373397827,0.0,0.8548774719238281,0.554724931716919,0.7398592829704285,0.7395731806755066,0.9655712246894836,0.8390975594520569,1.0059622526168823,0.9128708839416504,0.5660697221755981,0.9210697412490845,1.1554288864135742,1.1219184398651123,1.0275667905807495,1.0597269535064697,0.9573307037353516,0.8973973393440247,1.0267164707183838,1.0213404893875122,0.9226891398429871,0.7437544465065002,0.8915048837661743,0.8419082760810852,0.7875741720199585,0.709432065486908,0.8529800176620483,0.860323429107666,0.9016226530075073,1.0004312992095947,1.0659884214401245,1.0204455852508545,0.9029108881950378,0.6447523832321167,0.797661304473877,0.5870017409324646,0.8359771370887756,0.8631734848022461,0.7515472173690796,0.7519910335540771,1.0127018690109253,0.831566572189331,1.0435632467269897,1.0421801805496216,0.6933615207672119,0.33878862857818604,0.6487482786178589,0.6613242030143738,0.9730390310287476,1.0548733472824097,1.0662169456481934,1.2163515090942383,1.0800421237945557,0.9663718938827515,0.7617191672325134,0.6084181666374207,0.7552883625030518,0.7382335066795349,1.1443264484405518,1.2266099452972412,1.2205049991607666,1.2334388494491577,1.1795905828475952,1.1037318706512451,0.9849705696105957
window,1.0597670078277588,1.1146395206451416,1.2199543714523315,0.9993144273757935,0.6859598159790039,0.92824387550354,0.9204915165901184,0.8584553003311157,0.8930771946907043,1.0883578062057495,1.2452119588851929,1.3113778829574585,1.2137153148651123,0.8475430011749268,0.6681284308433533,0.7191424369812012,0.745092511177063,0.8548774719238281,0.0,0.4863033890724182,0.6493732333183289,0.5640537142753601,0.679054856300354,0.7314637303352356,0.780255138874054,0.6806923151016235,0.9076862931251526,0.9456427097320557,1.275580644607544,1.1786473989486694,1.299318790435791,1.3215749263763428,1.279356598854065,1.3514494895935059,1.2242028713226318,1.2644250392913818,1.2396845817565918,0.9369851350784302,1.2371196746826172,1.315176248550415,1.245794653892517,1.2450602054595947,1.2306052446365356,1.2167959213256836,1.2618463039398193,0.717806339263916,0.9664978981018066,1.1359292268753052,1.1353890895843506,1.0369850397109985,1.0988471508026123,0.988770067691803,1.0128976106643677,1.2989939451217651,1.19717538356781,1.1764910221099854,1.337766170501709,1.1833301782608032,1.057739019393921,0.8117562532424927,0.9791566729545593,0.8872715830802917,1.0411477088928223,0.9152113199234009,1.3473693132400513,1.290531873703003,1.0673426389694214,1.0605237483978271,1.2807735204696655,1.2479135990142822,1.1380927562713623,1.113925576210022,1.1471748352050781,1.0995372533798218,0.8392810225486755,0.8900942802429199,1.0154889822006226,0.9050005674362183,0.8699710965156555,0.9554035067558289,1.030525803565979
door,0.9390459656715393,1.0960466861724854,1.107395887374878,1.0724703073501587,1.0041799545288086,1.0174213647842407,1.069810390472412,1.0177772045135498,1.120989441871643,1.1532261371612549,1.125016689300537,1.1364721059799194,1.0232576131820679,0.8743990659713745,0.7475134134292603,0.6030672192573547,0.8639248609542847,0.554724931716919,0.4863033890724182,0.0,0.49539679288864136,0.7139487862586975,0.9613881707191467,0.8667746782302856,1.0057121515274048,0.9441058039665222,0.7380402088165283,0.6897680759429932,1.154955267906189,1.110303521156311,1.0992404222488403,1.1153686046600342,1.0799531936645508,1.1455336809158325,1.112847924232483,1.1166021823883057,1.1034221649169922,0.6249438524246216,0.9580118060112,1.0606786012649536,0.9992225766181946,0.9998942017555237,1.0414060354232788,1.0231298208236694,1.0567669868469238,0.7696446180343628,0.828993022441864,0.8976386785507202,0.8578176498413086,0.7386789321899414,0.9635573029518127,0.7233709096908569,0.7562666535377502,1.0397028923034668,0.9681118130683899,0.9523765444755554,1.1354440450668335,1.0656821727752686,1.0738742351531982,0.8869894742965698,0.9202638864517212,0.7086709141731262,0.7668106555938721,0.8011902570724487,1.0966752767562866,1.0848820209503174,1.0086240768432617,1.2361847162246704,1.2209726572036743,1.0779941082000732,0.9243043065071106,0.9191000461578369,0.9000232219696045,0.9147650003433228,1.1489769220352173,1.1193208694458008,1.1116106510162354,1.1377452611923218,1.083683729171753,1.1653237342834473,1.0927824974060059
refrigerator,0.9500243663787842,1.2788851261138916,1.1393787860870361,0.9785466194152832,1.0455584526062012,0.8234454989433289,0.9620466232299805,0.9117801189422607,0.9343160390853882,1.1106503009796143,1.3286075592041016,1.3354119062423706,1.3271722793579102,0.9013187289237976,1.0173333883285522,0.5769381523132324,0.783083438873291,0.7398592829704285,0.6493732333183289,0.49539679288864136,0.0,0.5401386022567749,0.7503962516784668,0.7222541570663452,0.6487035155296326,0.8429693579673767,0.9336169362068176,1.0002480745315552,1.2083293199539185,1.1678797006607056,1.2917006015777588,1.2905267477035522,1.2165168523788452,1.3468631505966187,1.3054182529449463,1.3338227272033691,1.3338301181793213,0.7551968693733215,1.071716547012329,1.174787998199463,1.1853258609771729,1.2281742095947266,1.2845680713653564,1.2606323957443237,1.2920316457748413,0.7380387187004089,0.7873225808143616,1.012622594833374,0.9861837029457092,0.9367562532424927,1.2131551504135132,0.720251202583313,0.7305652499198914,1.223009467124939,1.0714325904846191,1.093565821647644,1.2039873600006104,1.1383479833602905,0.9531912207603455,0.7233678102493286,0.7125790119171143,0.5643888711929321,0.6595228314399719,0.737529456615448,1.2173898220062256,0.9839666485786438,0.7899799346923828,0.9705473184585571,1.0720990896224976,1.0404303073883057,0.7471103072166443,1.1223652362823486,0.9724045991897583,0.9862425327301025,0.9043145775794983,0.861139178276062,0.8795068264007568,0.9365526437759399,0.8780434131622314,0.9999412894248962,1.043432593345642
crib,1.011344075202942,1.4300920963287354,1.3322267532348633,0.9402956366539001,0.8698886036872864,0.7345496416091919,0.8856751918792725,0.8091145753860474,0.7250241041183472,1.0661028623580933,1.4519572257995605,1.551982045173645,1.488318681716919,1.042357325553894,1.073449730873108,0.3601248860359192,0.3170454502105713,0.7395731806755066,0.5640537142753601,0.7139487862586975,0.5401386022567749,0.0,0.25023722648620605,0.41906219720840454,0.44943106174468994,0.4160139560699463,1.0419729948043823,1.195383071899414,1.4530096054077148,1.3906179666519165,1.5419411659240723,1.5899685621261597,1.54201340675354,1.5885074138641357,1.5008373260498047,1.5478522777557373,1.5446001291275024,1.0473436117172241,1.3859920501708984,1.4000356197357178,1.4042558670043945,1.39609694480896,1.472441554069519,1.4726194143295288,1.5216701030731201,0.9437403082847595,1.188108205795288,1.3795936107635498,1.3693501949310303,1.2449767589569092,1.4297362565994263,0.7818976044654846,1.0530332326889038,1.4244723320007324,1.3045682907104492,1.269074559211731,1.4506492614746094,1.1443454027175903,0.9859397411346436,0.7040321826934814,0.689847469329834,0.48225170373916626,0.9537305235862732,0.8272009491920471,1.4876269102096558,1.2164020538330078,0.8379074335098267,0.7876256704330444,1.237342357635498,1.163734793663025,0.8442489504814148,1.2431355714797974,1.161124348640442,1.1333990097045898,0.5084006786346436,0.5720627307891846,0.8067107200622559,0.7318364977836609,0.7006459832191467,0.7368831634521484,1.0166141986846924
bed,1.0705523490905762,1.352959394454956,1.3698146343231201,0.8242156505584717,0.6790792346000671,0.6002978086471558,0.8132237792015076,0.7702221870422363,0.5401324033737183,1.0378810167312622,1.4528419971466064,1.55526864528656,1.5121750831604004,1.1577725410461426,1.1222975254058838,0.6132189035415649,0.269375205039978,0.9655712246894836,0.679054856300354,0.9613881707191467,0.7503962516784668,0.25023722648620605,0.0,0.20720285177230835,0.32574141025543213,0.3100777268409729,1.1465528011322021,1.3141498565673828,1.4332396984100342,1.3899776935577393,1.5449237823486328,1.5911524295806885,1.5951576232910156,1.5719082355499268,1.4614261388778687,1.5174068212509155,1.5492792129516602,1.224038004875183,1.5270546674728394,1.5262818336486816,1.5336756706237793,1.4847192764282227,1.5361332893371582,1.5315355062484741,1.5709309577941895,1.0314134359359741,1.3041744232177734,1.4521740674972534,1.4889955520629883,1.4230737686157227,1.454218864440918,1.0781008005142212,1.2826108932495117,1.514014482498169,1.4215750694274902,1.371328353881836,1.5144343376159668,1.1925106048583984,0.9530249834060669,0.7198145985603333,0.8144637942314148,0.7455123066902161,1.1136034727096558,0.8337582349777222,1.5783847570419312,1.3584345579147339,0.9846073389053345,0.6741045713424683,1.2044930458068848,1.1745702028274536,0.9911244511604309,1.2110344171524048,1.2127608060836792,1.1953710317611694,0.23152124881744385,0.4060099124908447,0.7088049054145813,0.521137535572052,0.5253345966339111,0.5014187693595886,0.9084821939468384
couch,0.9696962833404541,1.323299527168274,1.405036211013794,0.9143113493919373,0.7433432340621948,0.6222142577171326,0.7958342432975769,0.7268174886703491,0.5684567093849182,0.9382635354995728,1.2437663078308105,1.3206305503845215,1.340510368347168,1.1139873266220093,1.1244442462921143,0.439267635345459,0.2562774419784546,0.8390975594520569,0.7314637303352356,0.8667746782302856,0.7222541570663452,0.41906219720840454,0.20720285177230835,0.0,0.507876992225647,0.4943363666534424,1.0722309350967407,1.3141740560531616,1.3573042154312134,1.3133302927017212,1.4211785793304443,1.4672718048095703,1.4077504873275757,1.397261381149292,1.3729698657989502,1.3739252090454102,1.421295404434204,1.0454742908477783,1.4341435432434082,1.504741907119751,1.4841139316558838,1.432363510131836,1.4818089008331299,1.4809763431549072,1.4896864891052246,1.019639015197754,1.274842381477356,1.3719078302383423,1.3673453330993652,1.1928093433380127,1.3155277967453003,1.031624436378479,1.1833487749099731,1.4586251974105835,1.3263696432113647,1.3558809757232666,1.4614026546478271,1.122760534286499,1.0977487564086914,0.8068491816520691,0.9612431526184082,0.7576600313186646,1.1430584192276,0.8896827697753906,1.472684621810913,1.3427228927612305,0.9485732316970825,0.6697004437446594,0.9812808036804199,1.0311692953109741,0.8466655611991882,0.933138370513916,1.0616637468338013,1.1020469665527344,0.3497796058654785,0.4672267436981201,0.7064059972763062,0.5342878699302673,0.5039383172988892,0.4379692077636719,0.7286503314971924
table,1.118863582611084,1.3956831693649292,1.2681866884231567,0.8894829154014587,0.933303713798523,0.7439716458320618,0.7495822310447693,0.7585026621818542,0.5155512690544128,0.9411705732345581,1.3918932676315308,1.5108686685562134,1.4809147119522095,1.1960889101028442,1.0492897033691406,0.8331594467163086,0.5500014424324036,1.0059622526168823,0.780255138874054,1.0057121515274048,0.6487035155296326,0.44943106174468994,0.32574141025543213,0.507876992225647,0.0,0.3605935573577881,1.1444740295410156,1.201094627380371,1.3068690299987793,1.2704153060913086,1.4557840824127197,1.4978089332580566,1.5900073051452637,1.571244716644287,1.440368413925171,1.4571335315704346,1.519896149635315,1.3304479122161865,1.437384843826294,1.4015189409255981,1.3799395561218262,1.4151384830474854,1.4853665828704834,1.4805059432983398,1.5159475803375244,1.0274407863616943,1.1915788650512695,1.3588261604309082,1.3575432300567627,1.459073781967163,1.5318200588226318,1.154353141784668,1.1181501150131226,1.3418433666229248,1.2675178050994873,1.0999064445495605,1.36895751953125,1.1187409162521362,0.788727343082428,0.49334055185317993,0.5332483053207397,0.6946424245834351,0.9061501026153564,0.6392818093299866,1.3978561162948608,1.1823607683181763,0.8815255761146545,0.7265321016311646,1.2135258913040161,1.2898659706115723,1.0072940587997437,1.4355597496032715,1.2722902297973633,1.1403369903564453,0.5263550877571106,0.479675829410553,0.6603603959083557,0.6252864599227905,0.5766714215278625,0.7469142079353333,1.0600048303604126
bathtub,1.198735237121582,1.3893874883651733,1.4380981922149658,0.9973673820495605,0.7777092456817627,0.8517155051231384,0.7950021028518677,0.7764744162559509,0.5407613515853882,0.9850826263427734,1.380415439605713,1.5242483615875244,1.4393506050109863,1.2364563941955566,0.8614068031311035,0.7671456336975098,0.3690182566642761,0.9128708839416504,0.6806923151016235,0.9441058039665222,0.8429693579673767,0.4160139560699463,0.3100777268409729,0.4943363666534424,0.3605935573577881,0.0,0.9555808901786804,1.1908050775527954,1.4363656044006348,1.3550243377685547,1.5132315158843994,1.5823676586151123,1.623295545578003,1.5853121280670166,1.441324234008789,1.482023000717163,1.5222587585449219,1.2893434762954712,1.46548593044281,1.4644399881362915,1.372360110282898,1.392775297164917,1.4697625637054443,1.4652994871139526,1.5307796001434326,1.1358245611190796,1.377994179725647,1.4429116249084473,1.4476629495620728,1.4038366079330444,1.4739011526107788,1.218729019165039,1.1832304000854492,1.361669898033142,1.2802929878234863,1.1910693645477295,1.4895315170288086,1.2199429273605347,0.968271791934967,0.6236833930015564,0.7040069103240967,0.7646317481994629,1.1372212171554565,0.7455077171325684,1.5275636911392212,1.4462451934814453,1.1694977283477783,0.7955365777015686,1.345752477645874,1.310168981552124,1.146440029144287,1.3662312030792236,1.3009562492370605,1.1609578132629395,0.49006223678588867,0.5843294858932495,0.8124011158943176,0.6101676225662231,0.5912365317344666,0.6636645197868347,0.9707807898521423
