,rooster,bird,fish,frog,alligator,owl,cat,dog,face,hair,arm,hand,leg,foot,finger,toe,tooth,ear,nose,stroller,motorcycle,car,lamp,chair,bench,drawer,ladder,window,door,closet,refrigerator,oven,crib,bed,couch,table,bathtub,sink,boat,slide,sprinkler,clock,ball,balloon,pumpkin,egg,orange,apple,hat,slipper,watch,nail,glasses,necklace,carrot,vacuum,shovel,scissors,spoon,fork,knife,pencil,pen,crayon,plant,flower,bottle,cup,can,belt,radio,basket,bucket,tape,bowl,plate,pickle,banana,melon,bread,cracker,pizza,hamburger,muffin,glass,tray,box,book,paper,comb,toothbrush,gum,toy,doll,mitten,glove,sock,shoe,purse,pillow,towel,napkin,blanket,dress,pajamas,bib,scarf,jacket,sweater,shirt,jeans,pants,shorts
rooster,0.0,0.3241668939590454,0.8406203985214233,0.2796262502670288,0.5931671857833862,0.5407595634460449,1.0508610010147095,0.4241977334022522,1.0645925998687744,1.0694087743759155,1.252522587776184,1.1523845195770264,1.2068129777908325,1.0400501489639282,1.1767842769622803,1.1762739419937134,1.1219691038131714,1.0723015069961548,1.1181102991104126,0.8771831393241882,0.7260825634002686,0.809456467628479,0.902461588382721,1.09053373336792,1.2422168254852295,1.125507116317749,0.9595631957054138,1.0453928709030151,1.0771766901016235,1.081580638885498,1.1408932209014893,1.0747755765914917,1.0223373174667358,1.1748363971710205,1.1631901264190674,1.1280415058135986,1.2401542663574219,1.1864138841629028,0.9115475416183472,1.104079008102417,1.058038353919983,0.9211950898170471,1.0080195665359497,1.000825047492981,0.8971839547157288,1.0363941192626953,0.942288339138031,0.9775384664535522,0.916388750076294,1.0547813177108765,1.0957863330841064,1.1355067491531372,1.063323974609375,1.1153285503387451,1.0673279762268066,1.0319262742996216,1.1203949451446533,0.9144775867462158,0.9534421563148499,1.0225483179092407,1.1899044513702393,1.069565773010254,1.0391258001327515,1.0149528980255127,0.7216185927391052,0.8914114236831665,1.0150970220565796,1.079144835472107,1.112285852432251,1.093327522277832,0.9267792701721191,1.0242924690246582,1.0574015378952026,0.9844660758972168,1.0861117839813232,0.986591637134552,1.0655112266540527,1.0020372867584229,1.0902479887008667,1.016550064086914,0.9389392733573914,0.9523288607597351,0.7775864005088806,0.7921850681304932,1.151079773902893,0.9795578718185425,0.9361045956611633,0.7555910348892212,0.8765877485275269,1.170361042022705,1.1271626949310303,0.9156076908111572,0.699806809425354,0.446424663066864,1.035252571105957,0.964158296585083,1.0607987642288208,0.9550512433052063,1.0107311010360718,1.1200499534606934,1.0502928495407104,1.0463286638259888,1.1949365139007568,1.0974820852279663,1.2342185974121094,1.133349061012268,1.1336421966552734,1.1850706338882446,1.2067461013793945,1.2312488555908203,1.2802926301956177,1.2570842504501343,1.2259836196899414
bird,0.3241668939590454,0.0,0.7123512029647827,0.3617227077484131,0.6641861200332642,0.5112649202346802,0.94720458984375,0.48528122901916504,1.0845606327056885,1.0890709161758423,1.2409734725952148,1.25368332862854,1.1519739627838135,0.9939224720001221,1.2103651762008667,1.1435554027557373,1.083395004272461,1.1379756927490234,1.1228302717208862,0.9621841907501221,0.7692956924438477,0.8219677805900574,0.8146010637283325,1.123818278312683,1.2551405429840088,1.2159287929534912,1.0363436937332153,1.0407036542892456,1.1642793416976929,1.1598143577575684,1.1740529537200928,1.1132558584213257,1.097185730934143,1.1678593158721924,1.1835453510284424,1.1552423238754272,1.2231996059417725,1.1166181564331055,0.9190214276313782,1.0840932130813599,0.9593673944473267,0.8102086782455444,0.8653843402862549,0.8602768778800964,0.8394746780395508,0.9383543133735657,0.8918406963348389,0.8748862743377686,0.8492250442504883,0.903720498085022,0.9522581100463867,1.0058612823486328,0.975251317024231,1.122320532798767,1.1206024885177612,0.9825598001480103,1.0764338970184326,0.8807438015937805,0.8208543062210083,0.900712788105011,1.1356478929519653,0.9454736709594727,0.8897464871406555,0.9027926921844482,0.7178456783294678,0.7750458717346191,0.8772464990615845,0.9398582577705383,1.0986837148666382,1.039354920387268,0.8567585945129395,1.0743539333343506,1.0064270496368408,0.8431863188743591,0.9844253063201904,0.9000289440155029,1.1307324171066284,0.9602047204971313,1.078252911567688,0.9371378421783447,1.0389153957366943,1.0110130310058594,0.6936968564987183,0.8620429635047913,1.139709234237671,1.0643101930618286,1.0903419256210327,0.9055137634277344,1.0069254636764526,1.141007423400879,1.115329384803772,0.9575896859169006,0.7434146404266357,0.7018898725509644,1.027013897895813,0.8811225891113281,1.030815839767456,0.9456716775894165,1.039607286453247,1.032804250717163,0.9923648834228516,0.9834647178649902,1.179663062095642,1.1299163103103638,1.2199081182479858,1.1817651987075806,1.1925064325332642,1.118098258972168,1.1553858518600464,1.182847261428833,1.2367799282073975,1.2389370203018188,1.2642714977264404
fish,0.8406203985214233,0.7123512029647827,0.0,0.7507146000862122,1.2618690729141235,1.0646463632583618,0.9849823117256165,1.131940484046936,1.2586208581924438,1.2453198432922363,1.4445494413375854,1.2394672632217407,1.1050894260406494,1.0885813236236572,0.7449667453765869,0.5920975208282471,0.42991912364959717,0.8212376832962036,0.8609942197799683,1.3805267810821533,0.9970150589942932,0.7368252873420715,0.6741821765899658,1.3372197151184082,1.4897592067718506,1.0609054565429688,1.2619918584823608,1.1473482847213745,1.331865668296814,1.4372199773788452,1.3748769760131836,1.3109867572784424,1.5295600891113281,1.5106792449951172,1.4062716960906982,1.568723440170288,1.5095891952514648,1.1216003894805908,1.1041845083236694,1.4216866493225098,1.0063427686691284,0.5691275000572205,0.6228070855140686,0.6333968639373779,0.7200649976730347,0.5775243043899536,0.506817102432251,0.4704354405403137,0.6280292272567749,0.33056211471557617,0.36729705333709717,0.4108539819717407,0.4148242473602295,0.5452880859375,0.7292165756225586,1.1270689964294434,1.2537205219268799,1.2395678758621216,0.5144120454788208,0.3813541531562805,1.0235363245010376,0.34882378578186035,0.3154703378677368,0.2585099935531616,0.9490208625793457,0.5976309180259705,0.5175184011459351,0.5207369327545166,0.8763397336006165,0.3903283476829529,0.7280431389808655,1.279090404510498,0.823287844657898,0.6566221117973328,0.8039699196815491,0.46260523796081543,0.7895397543907166,0.9692410826683044,0.9989849328994751,0.843085765838623,0.970703661441803,1.1995856761932373,0.9547637701034546,0.983051061630249,1.429752230644226,1.3679801225662231,1.3200680017471313,1.1175854206085205,1.3505645990371704,1.2852585315704346,1.2607948780059814,0.7231827974319458,0.9633225202560425,1.106149673461914,1.3449747562408447,0.9969367980957031,1.1442900896072388,1.2020385265350342,1.350182056427002,0.6417863368988037,0.8329490423202515,0.7502908706665039,1.4227842092514038,1.3863160610198975,1.4617005586624146,1.4218263626098633,1.4331865310668945,1.347909927368164,1.3523491621017456,1.3603394031524658,1.3720781803131104,1.341395378112793,1.1875109672546387
frog,0.2796262502670288,0.3617227077484131,0.7507146000862122,0.0,0.45934855937957764,0.46212852001190186,1.1054160594940186,0.46388155221939087,1.0238622426986694,1.0646815299987793,1.2321096658706665,1.1213101148605347,1.1946669816970825,1.0971790552139282,1.200657606124878,1.2063831090927124,1.0800985097885132,1.1138033866882324,1.154269814491272,0.9173665642738342,0.721335232257843,0.8811824321746826,1.079918384552002,1.2433021068572998,1.2647160291671753,1.2096314430236816,1.2111715078353882,1.1829895973205566,1.3150787353515625,1.246006727218628,1.356300711631775,1.2530468702316284,1.1059013605117798,1.1286083459854126,1.19207763671875,1.0404956340789795,1.1857508420944214,1.1501185894012451,0.7970176935195923,0.9353141784667969,0.9984840750694275,0.9983096122741699,0.8783736824989319,0.8897902965545654,0.7675754427909851,0.8824950456619263,0.8102172017097473,0.8467205166816711,0.9326472878456116,1.0202261209487915,1.1129571199417114,1.139734148979187,1.114884376525879,1.222228765487671,0.9786583185195923,1.2275538444519043,1.1109095811843872,0.7173811793327332,0.9240637421607971,1.1017491817474365,1.1862848997116089,1.0905611515045166,1.0488972663879395,0.993310809135437,0.8690197467803955,0.9919908046722412,1.0642833709716797,1.10378897190094,1.336358666419983,1.0838333368301392,0.9700766801834106,1.0101969242095947,1.069067358970642,0.8417413234710693,0.9945098161697388,0.8076128363609314,0.8008613586425781,0.5731514692306519,0.752166748046875,0.9427676796913147,0.8803291916847229,0.9200942516326904,0.5237443447113037,0.7412477135658264,1.03644597530365,0.7819688320159912,1.001844048500061,0.7012745141983032,0.8339624404907227,1.1647872924804688,0.9430439472198486,0.6207842230796814,0.4270796775817871,0.4465477466583252,0.7878135442733765,0.8043303489685059,1.0413867235183716,0.8476179838180542,0.9855093359947205,1.193484902381897,1.1765847206115723,1.1802228689193726,1.1046912670135498,1.100753664970398,1.1559258699417114,0.9459751844406128,1.1948003768920898,1.1591136455535889,1.184777021408081,1.2351608276367188,1.199828028678894,1.2341885566711426,1.2592463493347168
alligator,0.5931671857833862,0.6641861200332642,1.2618690729141235,0.45934855937957764,0.0,0.47376590967178345,0.8379641771316528,0.2997159957885742,0.8348006010055542,0.8900619745254517,0.5601294636726379,0.7967089414596558,0.8832639455795288,1.0273761749267578,1.30657958984375,1.4341931343078613,1.330883502960205,1.2498961687088013,1.2534565925598145,0.8658897280693054,0.9113719463348389,1.299058198928833,1.4912205934524536,1.039919137954712,0.6919360160827637,1.1766992807388306,1.0913430452346802,0.9722123146057129,1.1538443565368652,1.0105773210525513,1.0612596273422241,1.0992159843444824,0.7208449840545654,0.520231306552887,0.7296653985977173,0.4890674352645874,0.6254732608795166,1.0198538303375244,0.8327548503875732,0.5366963148117065,1.2027539014816284,1.5126676559448242,1.3583590984344482,1.3096790313720703,1.2112195491790771,1.3237993717193604,1.298203706741333,1.4075871706008911,1.4074103832244873,1.516940951347351,1.5248510837554932,1.4987859725952148,1.5164436101913452,1.5056183338165283,1.0374624729156494,1.266663908958435,0.780699610710144,0.5530881881713867,1.3177108764648438,1.4335850477218628,0.9168821573257446,1.4569783210754395,1.4376592636108398,1.5056408643722534,1.0737850666046143,1.3943127393722534,1.4948866367340088,1.5472935438156128,1.558138132095337,1.4203238487243652,1.4097285270690918,1.0099848508834839,1.4226138591766357,1.401659607887268,1.3562217950820923,1.3364863395690918,0.9935489296913147,0.7365733981132507,0.7606595158576965,0.9254420399665833,0.7745184302330017,0.5640164613723755,0.7511082291603088,0.7126367092132568,0.676490068435669,0.6247943639755249,0.9184127449989319,0.6295314431190491,0.4101473093032837,0.791594386100769,0.6169685125350952,1.0175334215164185,0.8907477259635925,0.6530845165252686,0.3886035084724426,0.7657185196876526,0.9368650317192078,0.8016905784606934,0.7664161920547485,1.3176201581954956,1.2708263397216797,1.343576192855835,0.4615154266357422,0.635725200176239,0.5132585763931274,0.4109596014022827,0.7192327976226807,0.6556005477905273,0.7113927006721497,0.738628625869751,0.6048306822776794,0.7097957134246826,0.8625543117523193
owl,0.5407595634460449,0.5112649202346802,1.0646463632583618,0.46212852001190186,0.47376590967178345,0.0,0.791216254234314,0.3725685477256775,0.8377355933189392,0.8837743401527405,1.030652642250061,1.060219168663025,1.1489810943603516,1.0746957063674927,1.2754764556884766,1.2787784337997437,1.2376407384872437,1.1640419960021973,1.091683030128479,0.8579632043838501,0.9183669090270996,1.0745255947113037,1.127842664718628,1.1502413749694824,1.0439574718475342,1.2447454929351807,1.137387752532959,0.9963075518608093,1.072147011756897,1.015213966369629,1.098014235496521,1.1057648658752441,0.9067341685295105,0.8590943813323975,0.9237924218177795,0.8646866083145142,0.9572510719299316,1.1065380573272705,0.909960925579071,0.8802172541618347,1.092286467552185,1.1729469299316406,1.0408576726913452,1.0670323371887207,0.9500868916511536,1.0406732559204102,1.0514591932296753,1.0794317722320557,1.1530227661132812,1.3284968137741089,1.2819530963897705,1.2246297597885132,1.2896034717559814,1.3468313217163086,1.1311548948287964,1.2170981168746948,1.042649269104004,0.9402455687522888,1.2066650390625,1.2240475416183472,1.2220168113708496,1.343537449836731,1.2928513288497925,1.3411531448364258,0.9848611354827881,1.1037299633026123,1.2154951095581055,1.2513411045074463,1.3447861671447754,1.3271684646606445,1.1363333463668823,1.005985140800476,1.2187963724136353,1.1110118627548218,1.1713597774505615,1.1292508840560913,1.1397205591201782,0.9387888312339783,0.933861255645752,0.8647236824035645,0.8576667308807373,0.7723439335823059,0.5780798196792603,0.6572377681732178,0.8004478216171265,0.8368645906448364,0.9647530913352966,0.7925711870193481,0.7190505266189575,1.018022060394287,1.0139864683151245,0.9286641478538513,0.776352047920227,0.6074828505516052,0.7494683861732483,0.8981479406356812,1.0804383754730225,0.9729992151260376,0.9651712775230408,1.1571784019470215,1.1097919940948486,1.1607712507247925,0.7644134163856506,0.8055367469787598,0.8365522623062134,0.7260919809341431,0.8618671894073486,0.8238070607185364,0.870528519153595,0.9020443558692932,0.9732457399368286,1.0293986797332764,1.1089649200439453
cat,1.0508610010147095,0.94720458984375,0.9849823117256165,1.1054160594940186,0.8379641771316528,0.791216254234314,0.0,0.7614391446113586,0.9384084939956665,0.9463531374931335,0.8024417161941528,0.9877944588661194,1.0324113368988037,1.0466861724853516,1.1091047525405884,1.1043113470077515,1.0156089067459106,1.0552573204040527,1.0037248134613037,1.1606104373931885,1.119167447090149,1.1567999124526978,1.0362093448638916,0.9965941905975342,0.8261874914169312,1.0495964288711548,1.0216596126556396,0.683938205242157,0.8822886347770691,0.967937171459198,0.7894729375839233,1.012633204460144,0.957668125629425,0.7457898855209351,0.8541861772537231,0.8932968378067017,0.8033421635627747,0.9393054246902466,1.1475417613983154,0.899796724319458,1.162267804145813,1.0685324668884277,1.2143629789352417,1.1727309226989746,1.2319037914276123,1.198508620262146,1.1434849500656128,1.2045693397521973,1.1026722192764282,1.112259864807129,1.0273127555847168,1.0455074310302734,0.9838016629219055,0.9623016715049744,0.981531023979187,1.0667179822921753,1.028023362159729,1.0277118682861328,1.1117991209030151,0.8916193842887878,0.8364629745483398,1.0362529754638672,0.9938165545463562,1.1135116815567017,1.1082091331481934,1.0990591049194336,1.1759737730026245,1.129461646080017,1.0580137968063354,0.8009468913078308,1.2361186742782593,1.2375507354736328,1.298383355140686,1.2930898666381836,1.2606139183044434,1.1720387935638428,1.1018309593200684,1.1182094812393188,0.9687692523002625,0.9891354441642761,0.8995106220245361,0.9101680517196655,1.1821907758712769,0.9274528622627258,0.8406351804733276,1.1437586545944214,1.210332989692688,1.1492096185684204,0.9778925776481628,0.8377666473388672,0.9568814039230347,1.326830267906189,1.372230052947998,1.173069715499878,0.9464309215545654,1.0412077903747559,1.0855361223220825,1.1286709308624268,1.0031052827835083,0.8681432008743286,0.9934489727020264,1.0014379024505615,0.6641925573348999,0.7307491898536682,0.6976350545883179,0.8553205132484436,0.7891232371330261,0.6401510834693909,0.7239593267440796,0.6839380264282227,0.6476666927337646,0.6554595232009888,0.7271479368209839
dog,0.4241977334022522,0.48528122901916504,1.131940484046936,0.46388155221939087,0.2997159957885742,0.3725685477256775,0.7614391446113586,0.0,0.8805893063545227,0.8917520046234131,0.8957965970039368,1.0034632682800293,0.9459120035171509,0.9881893992424011,1.2651509046554565,1.2834583520889282,1.230259895324707,1.1643019914627075,1.1359288692474365,0.8254406452178955,0.8089289665222168,1.101866602897644,1.257993459701538,1.0265166759490967,0.9457947611808777,1.192191481590271,1.068312406539917,1.0327271223068237,1.0893865823745728,1.0024170875549316,1.067469835281372,1.0672534704208374,0.8744324445724487,0.7750555276870728,0.8138784766197205,0.7941742539405823,0.9211500883102417,1.100870132446289,0.950679361820221,0.8570801615715027,1.107391357421875,1.270265817642212,1.1721490621566772,1.1456027030944824,1.071334958076477,1.1552774906158447,1.1915545463562012,1.2355092763900757,1.1315664052963257,1.303048014640808,1.305983066558838,1.3005189895629883,1.3071249723434448,1.363800048828125,1.169843316078186,1.148707389831543,1.0078866481781006,0.8840430974960327,1.2400803565979004,1.306530475616455,1.1463240385055542,1.359867811203003,1.3232159614562988,1.3759552240371704,0.9782630205154419,1.1796290874481201,1.2830641269683838,1.3419066667556763,1.338771939277649,1.3141180276870728,1.1152520179748535,1.0997576713562012,1.2913322448730469,1.2187296152114868,1.2471867799758911,1.2575709819793701,1.1288533210754395,0.9902130365371704,1.0171085596084595,0.8935016393661499,0.8817296028137207,0.7519686222076416,0.7540138959884644,0.6306867599487305,0.9275816679000854,0.8927534818649292,1.0074692964553833,0.8452297449111938,0.7619309425354004,1.0530873537063599,0.9843102693557739,1.1111385822296143,0.8859806060791016,0.5838242769241333,0.6624252200126648,0.7633374929428101,0.983296275138855,0.8775700330734253,0.8821324110031128,1.1169418096542358,1.1685807704925537,1.206791877746582,0.740297257900238,0.7520672678947449,0.8094834089279175,0.7722715735435486,0.8407115340232849,0.8062695860862732,0.85383141040802,0.9053149223327637,0.8399518728256226,0.8547034859657288,0.9413332343101501
face,1.0645925998687744,1.0845606327056885,1.2586208581924438,1.0238622426986694,0.8348006010055542,0.8377355933189392,0.9384084939956665,0.8805893063545227,0.0,0.07031548023223877,0.6879099607467651,0.7598634958267212,0.969633162021637,1.0281211137771606,0.925403356552124,0.9496720433235168,1.0177383422851562,0.8371260166168213,0.6558964252471924,1.0158507823944092,1.0408971309661865,1.2147449254989624,1.2837193012237549,1.1187125444412231,0.9043926000595093,1.1234338283538818,1.072580337524414,0.9071328639984131,0.9824855923652649,0.9095649719238281,0.9639380574226379,1.082221508026123,0.8562455773353577,0.7016476392745972,0.7699499130249023,0.8072002530097961,0.8865563869476318,1.129150629043579,1.059164047241211,0.7897009253501892,1.0898696184158325,1.289463996887207,1.1770542860031128,1.1989085674285889,1.1512038707733154,1.097071647644043,1.1762089729309082,1.1942607164382935,0.8905812501907349,1.262079119682312,1.1703282594680786,1.0801355838775635,1.0413172245025635,1.0643516778945923,1.0454214811325073,1.1984666585922241,0.9477101564407349,0.9810305237770081,1.3252685070037842,1.3199870586395264,1.1406211853027344,1.273667812347412,1.2836253643035889,1.3192771673202515,1.1312183141708374,1.2338075637817383,1.2355155944824219,1.2705613374710083,1.309851884841919,1.173895001411438,1.2709178924560547,1.2039211988449097,1.3313270807266235,1.25039803981781,1.2781729698181152,1.341922402381897,1.1833741664886475,1.0283039808273315,1.0228997468948364,1.1046881675720215,1.0672134160995483,0.8155480623245239,0.9514626860618591,0.9050366282463074,0.7539281845092773,0.9966177940368652,1.0336953401565552,0.9801356196403503,0.8155694007873535,0.9042441248893738,0.9832431077957153,1.1679221391677856,1.1257412433624268,0.8609822988510132,0.8686085343360901,1.1314113140106201,1.130062222480774,1.0474997758865356,1.0758681297302246,1.215134620666504,1.3775081634521484,1.4082624912261963,0.8309901356697083,0.6344654560089111,0.716741144657135,0.7441856265068054,0.5377225279808044,0.6757848858833313,0.5169317126274109,0.5331509113311768,0.7842929363250732,0.7856355905532837,0.882236897945404
hair,1.0694087743759155,1.0890709161758423,1.2453198432922363,1.0646815299987793,0.8900619745254517,0.8837743401527405,0.9463531374931335,0.8917520046234131,0.07031548023223877,0.0,0.7170792818069458,0.7474763989448547,0.9496992230415344,0.9693278670310974,0.8784679174423218,0.8948424458503723,0.9906731247901917,0.7868050932884216,0.61093670129776,1.0194659233093262,1.0504379272460938,1.198900580406189,1.261756420135498,1.1013360023498535,0.9414781332015991,1.1289392709732056,1.0580698251724243,0.9130077958106995,0.9589279890060425,0.9122534990310669,0.9622255563735962,1.0998274087905884,0.8766177892684937,0.760438859462738,0.7947217226028442,0.8616312742233276,0.9468746185302734,1.1621524095535278,1.09893798828125,0.8481396436691284,1.1001720428466797,1.2468485832214355,1.1745965480804443,1.1841278076171875,1.128416895866394,1.0801845788955688,1.1768088340759277,1.1893103122711182,0.7797927260398865,1.2227624654769897,1.129148006439209,1.057400107383728,0.9725693464279175,0.9917541146278381,1.0302865505218506,1.1532107591629028,0.9572951197624207,1.0349011421203613,1.2953033447265625,1.284193515777588,1.1248266696929932,1.253141164779663,1.2692805528640747,1.2924810647964478,1.0955846309661865,1.2189645767211914,1.2227052450180054,1.2718160152435303,1.272745132446289,1.1628799438476562,1.2562273740768433,1.209681749343872,1.3258273601531982,1.26540207862854,1.2940815687179565,1.3496336936950684,1.1603535413742065,1.0622788667678833,1.046032190322876,1.0735574960708618,1.016278862953186,0.8222796320915222,0.9690601229667664,0.8814201354980469,0.8306833505630493,1.0649425983428955,1.0572737455368042,1.0199847221374512,0.8787245154380798,0.908309280872345,1.006760835647583,1.1732319593429565,1.1518633365631104,0.8540781736373901,0.8841400146484375,1.0968796014785767,1.099777340888977,1.0415133237838745,1.0756993293762207,1.179301381111145,1.3325085639953613,1.3596534729003906,0.8791626691818237,0.6232975721359253,0.7523951530456543,0.7850576043128967,0.5039539933204651,0.6859694719314575,0.5195304751396179,0.5456437468528748,0.8077006936073303,0.7818011045455933,0.8582175970077515
arm,1.252522587776184,1.2409734725952148,1.4445494413375854,1.2321096658706665,0.5601294636726379,1.030652642250061,0.8024417161941528,0.8957965970039368,0.6879099607467651,0.7170792818069458,0.0,0.3829836845397949,0.41651451587677,0.7068004012107849,0.8594730496406555,1.044432282447815,1.1864345073699951,0.9905022978782654,0.9806435108184814,0.9769740104675293,1.1557295322418213,1.4289060831069946,1.4692667722702026,0.8678258657455444,0.5080141425132751,1.0094480514526367,0.9949449300765991,0.8455402851104736,0.9419506192207336,0.8870238065719604,0.7951352596282959,0.9512568116188049,0.7149139642715454,0.44821763038635254,0.5832979679107666,0.534796953201294,0.5553293824195862,0.943901538848877,1.0939102172851562,0.6051496267318726,1.0888111591339111,1.5594632625579834,1.4417543411254883,1.3775534629821777,1.359169602394104,1.3113614320755005,1.3774205446243286,1.4798747301101685,1.390798568725586,1.4509005546569824,1.4104348421096802,1.3458541631698608,1.37504243850708,1.188462495803833,0.8681800365447998,1.1297675371170044,0.6534761190414429,0.7228538990020752,1.3056154251098633,1.370561957359314,0.725129246711731,1.364650011062622,1.4031046628952026,1.487148642539978,1.2178937196731567,1.4814250469207764,1.4911755323410034,1.5004700422286987,1.3141347169876099,1.3189911842346191,1.496353030204773,1.1588385105133057,1.4055594205856323,1.5107221603393555,1.4270037412643433,1.5183899402618408,1.055885672569275,0.9650788903236389,0.9326807260513306,1.004624843597412,0.8999592661857605,0.7349552512168884,1.096351146697998,0.9461991190910339,0.6485662460327148,0.880335807800293,1.0256233215332031,1.0050036907196045,0.6549948453903198,0.6869277954101562,0.5533729195594788,1.2285478115081787,1.3472390174865723,1.083381175994873,0.43517935276031494,0.7331969738006592,0.7125003933906555,0.831433117389679,0.8007924556732178,1.0946978330612183,1.2182323932647705,1.2572615146636963,0.4247859716415405,0.46894341707229614,0.2825174927711487,0.4064496159553528,0.4988359212875366,0.4553961753845215,0.42077839374542236,0.3736509680747986,0.305683970451355,0.36476075649261475,0.45108914375305176
hand,1.1523845195770264,1.25368332862854,1.2394672632217407,1.1213101148605347,0.7967089414596558,1.060219168663025,0.9877944588661194,1.0034632682800293,0.7598634958267212,0.7474763989448547,0.3829836845397949,0.0,0.5273440480232239,0.6323660612106323,0.3780781626701355,0.6637420654296875,0.8979173302650452,0.5303729176521301,0.6190804243087769,1.1037206649780273,1.1713998317718506,1.3612656593322754,1.416309118270874,1.15775465965271,0.9158226251602173,1.0813838243484497,1.1973055601119995,1.1301647424697876,1.1255924701690674,1.148783564567566,1.0947271585464478,1.1552573442459106,1.0151519775390625,0.929902970790863,0.981005847454071,0.9088218808174133,0.9388948082923889,1.1047266721725464,1.1978232860565186,0.9936773180961609,1.0246200561523438,1.4517722129821777,1.3114025592803955,1.3035109043121338,1.1447993516921997,1.0815826654434204,1.1694679260253906,1.2519108057022095,1.1775469779968262,1.2121185064315796,1.2170225381851196,1.1531579494476318,1.0874629020690918,0.8847683668136597,0.5961885452270508,1.3229148387908936,0.752043604850769,0.8588047623634338,1.085458517074585,1.2348963022232056,0.7715281248092651,1.2174303531646729,1.2806636095046997,1.2973227500915527,1.263841152191162,1.4458763599395752,1.423072338104248,1.412729263305664,1.3374227285385132,1.1827795505523682,1.4275001287460327,1.2156733274459839,1.3371479511260986,1.314067006111145,1.3043596744537354,1.326355218887329,0.8334892988204956,0.8017953634262085,0.8480502367019653,0.8465883135795593,0.6683250665664673,0.7227786779403687,0.8770564794540405,0.8283802270889282,0.8148649334907532,0.9329699873924255,1.099518060684204,1.0271719694137573,0.8247587084770203,0.8017550706863403,0.5435837507247925,0.8350685834884644,1.2412770986557007,1.0140511989593506,0.44105035066604614,0.6245043277740479,0.7317832708358765,0.7960183620452881,0.9404979944229126,1.194320797920227,1.3135555982589722,1.2949540615081787,0.834735631942749,0.753394365310669,0.6189061999320984,0.5970673561096191,0.721987247467041,0.8360201716423035,0.7406719923019409,0.6972318291664124,0.6313673257827759,0.6618244647979736,0.6165024042129517
leg,1.2068129777908325,1.1519739627838135,1.1050894260406494,1.1946669816970825,0.8832639455795288,1.1489810943603516,1.0324113368988037,0.9459120035171509,0.969633162021637,0.9496992230415344,0.41651451587677,0.5273440480232239,0.0,0.4689676761627197,0.6284507513046265,0.7404191493988037,0.9250727891921997,0.8332263231277466,0.8501591682434082,1.0154978036880493,1.1251059770584106,1.2249447107315063,1.2588727474212646,0.8934417963027954,0.7378021478652954,0.8834963440895081,1.0130984783172607,1.0652024745941162,1.014147400856018,1.0481947660446167,0.9817402362823486,1.0331404209136963,0.9978776574134827,0.8837746381759644,0.8165919780731201,0.9619489908218384,0.9095149040222168,0.9861670136451721,1.1449275016784668,0.9622302651405334,0.8158621788024902,1.3152179718017578,1.2121520042419434,1.1298713684082031,1.1338765621185303,1.0149160623550415,1.1357593536376953,1.2237011194229126,1.201781153678894,1.0397214889526367,1.1737414598464966,1.1250566244125366,1.1459895372390747,0.9728503227233887,0.6856666803359985,0.9940362572669983,0.7098965644836426,0.892799437046051,0.9479148983955383,1.0097529888153076,0.6166113018989563,1.0445562601089478,1.0942325592041016,1.1117472648620605,1.1961798667907715,1.3702434301376343,1.2718074321746826,1.265285849571228,1.038807988166809,1.1284949779510498,1.1889152526855469,1.1680865287780762,1.1432818174362183,1.1985458135604858,1.2358871698379517,1.252368450164795,0.8136255145072937,0.9323874115943909,0.976333737373352,0.8603382110595703,0.7974411249160767,0.9931086301803589,1.074564814567566,0.872787594795227,1.0337731838226318,1.0987876653671265,1.1223669052124023,1.2028164863586426,1.0509939193725586,0.7989022731781006,0.6441682577133179,0.9774054288864136,1.2644555568695068,1.1418259143829346,0.5582501888275146,0.4980800151824951,0.48843514919281006,0.686982274055481,0.939003050327301,0.8193207383155823,0.8835487365722656,0.8815181255340576,0.7520808577537537,0.8165035247802734,0.6835198998451233,0.8289697170257568,0.849204957485199,0.8706685304641724,0.8607469201087952,0.8421200513839722,0.563559889793396,0.5732526183128357,0.5333389639854431
foot,1.0400501489639282,0.9939224720001221,1.0885813236236572,1.0971790552139282,1.0273761749267578,1.0746957063674927,1.0466861724853516,0.9881893992424011,1.0281211137771606,0.9693278670310974,0.7068004012107849,0.6323660612106323,0.4689676761627197,0.0,0.6026750802993774,0.650651216506958,0.9216185808181763,0.684237539768219,0.7571094632148743,0.942753255367279,1.0648977756500244,1.1418206691741943,1.0836502313613892,0.9728333950042725,1.0777558088302612,1.0873185396194458,1.0528006553649902,1.1718552112579346,1.0693557262420654,1.124001383781433,1.080902338027954,1.0965362787246704,1.1364587545394897,1.1353286504745483,1.0764883756637573,1.1904388666152954,1.1827197074890137,1.158280372619629,1.2395371198654175,1.154603123664856,0.931300938129425,1.114168405532837,1.1036096811294556,1.0903352499008179,1.0090088844299316,1.0380504131317139,1.097833514213562,1.1036686897277832,0.8985098600387573,0.8456963896751404,1.0163785219192505,1.0489434003829956,0.9727619886398315,0.7899069786071777,0.8839668035507202,0.9893770813941956,0.9800601601600647,1.0651381015777588,0.9901734590530396,1.0240883827209473,0.9417910575866699,1.097886323928833,1.1162165403366089,1.0735183954238892,0.9914196133613586,1.1512274742126465,1.107833981513977,1.132757544517517,0.9649031758308411,1.0353211164474487,1.0324902534484863,1.1089060306549072,1.0522958040237427,1.0508122444152832,1.1738368272781372,1.2246381044387817,0.9474472403526306,0.9896312355995178,1.0084306001663208,0.9245049953460693,0.8673233985900879,1.0991332530975342,1.0486090183258057,0.9408918023109436,1.1928155422210693,1.2238709926605225,1.0778874158859253,1.1563760042190552,1.1169934272766113,0.9354357719421387,0.9259580969810486,0.962090253829956,1.119616150856018,0.9929006695747375,0.6078485250473022,0.3197014331817627,0.13363909721374512,0.29009532928466797,0.8417521715164185,0.8799316883087158,0.7830113768577576,0.781807541847229,0.9680225253105164,0.9266010522842407,0.8541501760482788,0.9073668718338013,0.9006100296974182,0.9402137398719788,0.956028938293457,0.9223008155822754,0.7928339242935181,0.7355731725692749,0.6845003366470337
finger,1.1767842769622803,1.2103651762008667,0.7449667453765869,1.200657606124878,1.30657958984375,1.2754764556884766,1.1091047525405884,1.2651509046554565,0.925403356552124,0.8784679174423218,0.8594730496406555,0.3780781626701355,0.6284507513046265,0.6026750802993774,0.0,0.09624385833740234,0.36614179611206055,0.2297677993774414,0.31546127796173096,1.37701416015625,1.2515689134597778,1.1667237281799316,1.0452537536621094,1.3275253772735596,1.3268711566925049,1.0502688884735107,1.2788618803024292,1.3040390014648438,1.2469924688339233,1.3613228797912598,1.3204429149627686,1.324072003364563,1.4128953218460083,1.376279354095459,1.3051862716674805,1.4637794494628906,1.4168195724487305,1.3114216327667236,1.404754638671875,1.398599624633789,0.9536609053611755,1.0130696296691895,0.9164305925369263,0.9971598982810974,0.8296890258789062,0.6321888566017151,0.7482016086578369,0.7826359868049622,0.6893473267555237,0.5875451564788818,0.6348244547843933,0.5405474901199341,0.4782390594482422,0.30978888273239136,0.5054593682289124,1.2517553567886353,1.0829781293869019,1.2410887479782104,0.7932599782943726,0.767815113067627,0.9189600944519043,0.6944259405136108,0.7691028118133545,0.6890259981155396,1.1823813915252686,1.102583646774292,0.9762822389602661,0.9709067344665527,1.0322234630584717,0.7250238656997681,1.1079527139663696,1.397112250328064,1.1360386610031128,0.9516636729240417,1.1273998022079468,1.0249704122543335,0.783079981803894,0.9297531247138977,1.053067684173584,0.7289000749588013,0.7614574432373047,1.041770100593567,1.0192244052886963,0.8542170524597168,1.3078763484954834,1.4032187461853027,1.3124725818634033,1.26185142993927,1.2759745121002197,1.0719006061553955,0.9847449660301208,0.8044222593307495,1.2319269180297852,1.1378270387649536,0.9507449269294739,0.7633872032165527,0.7919088006019592,0.9765022397041321,1.3024146556854248,0.9022074937820435,1.095718502998352,1.0078295469284058,1.291765570640564,1.1437269449234009,1.116403579711914,1.114549160003662,1.078986644744873,1.1325829029083252,1.0358153581619263,0.9916803240776062,1.0397591590881348,0.9664280414581299,0.7997012138366699
toe,1.1762739419937134,1.1435554027557373,0.5920975208282471,1.2063831090927124,1.4341931343078613,1.2787784337997437,1.1043113470077515,1.2834583520889282,0.9496720433235168,0.8948424458503723,1.044432282447815,0.6637420654296875,0.7404191493988037,0.650651216506958,0.09624385833740234,0.0,0.2635650634765625,0.2572423219680786,0.2811061143875122,1.4227172136306763,1.2545135021209717,1.106306552886963,0.9029642343521118,1.3675740957260132,1.450714349746704,1.0942693948745728,1.3314194679260254,1.3310706615447998,1.259108543395996,1.3794384002685547,1.3751041889190674,1.3678969144821167,1.5120835304260254,1.4631401300430298,1.361558437347412,1.5891128778457642,1.5284152030944824,1.3678488731384277,1.4569125175476074,1.4805896282196045,0.9500317573547363,0.8166514039039612,0.7097319960594177,0.8244646787643433,0.7053087949752808,0.4782788157463074,0.5979092121124268,0.5969501733779907,0.477602481842041,0.37343358993530273,0.4108276963233948,0.28298091888427734,0.3023635149002075,0.21742641925811768,0.5906831622123718,1.2216463088989258,1.2370978593826294,1.3950598239898682,0.7847778797149658,0.6826867461204529,1.080135703086853,0.5701724290847778,0.6306307911872864,0.5305216908454895,1.152850866317749,0.9201653599739075,0.7440382242202759,0.7506637573242188,0.9349931478500366,0.6176868677139282,0.9812834858894348,1.434445858001709,1.0356014966964722,0.8196558356285095,1.0236295461654663,0.9098425507545471,0.8841915726661682,1.016414761543274,1.1296734809875488,0.7097858190536499,0.8629583716392517,1.1241393089294434,1.0727899074554443,0.8639528751373291,1.426377534866333,1.5565590858459473,1.3648579120635986,1.344374656677246,1.4208078384399414,1.2234482765197754,1.2185637950897217,0.8687731027603149,1.1835931539535522,1.1519825458526611,1.1209068298339844,0.8338239789009094,0.8551887273788452,1.047922134399414,1.3976463079452515,0.7857273817062378,1.00677490234375,0.9093635678291321,1.3951091766357422,1.2325490713119507,1.2615548372268677,1.2617218494415283,1.1781270503997803,1.1924434900283813,1.098899483680725,1.0652754306793213,1.1667786836624146,1.0696237087249756,0.8934606313705444
tooth,1.1219691038131714,1.083395004272461,0.42991912364959717,1.0800985097885132,1.330883502960205,1.2376407384872437,1.0156089067459106,1.230259895324707,1.0177383422851562,0.9906731247901917,1.1864345073699951,0.8979173302650452,0.9250727891921997,0.9216185808181763,0.36614179611206055,0.2635650634765625,0.0,0.43550992012023926,0.4357767105102539,1.4751455783843994,1.2398455142974854,1.0744892358779907,0.9361634254455566,1.4247936010360718,1.3724093437194824,1.0217643976211548,1.3241631984710693,1.2956454753875732,1.332228660583496,1.4219224452972412,1.4021146297454834,1.3974900245666504,1.4855737686157227,1.4133710861206055,1.3475923538208008,1.506102442741394,1.4478490352630615,1.303223729133606,1.370750069618225,1.389575719833374,0.971828043460846,0.8498711585998535,0.7996348142623901,0.9078343510627747,0.8515845537185669,0.6072299480438232,0.6425110101699829,0.6355565190315247,0.6225324273109436,0.36594486236572266,0.3539770841598511,0.2923004627227783,0.2678699493408203,0.29634177684783936,0.561782717704773,1.251660943031311,1.1640233993530273,1.2251412868499756,0.7098419666290283,0.5615466833114624,0.9211350679397583,0.42999374866485596,0.48908478021621704,0.38547372817993164,1.1796369552612305,0.881404459476471,0.7232743501663208,0.7096363306045532,1.01427161693573,0.4622648358345032,1.021193265914917,1.3856117725372314,1.070310354232788,0.8437176942825317,1.0129334926605225,0.8007153272628784,0.7584144473075867,0.9221168160438538,1.0409601926803589,0.754010796546936,0.7540980577468872,1.0327634811401367,1.0726606845855713,0.9315655827522278,1.3563164472579956,1.4359155893325806,1.3595703840255737,1.2467772960662842,1.3472950458526611,1.0923826694488525,1.0736874341964722,0.7242811918258667,1.1782292127609253,1.22756826877594,1.1884245872497559,0.9794097542762756,1.0333069562911987,1.132163643836975,1.3953604698181152,0.8617203235626221,1.0536154508590698,0.9664469361305237,1.3565657138824463,1.2476824522018433,1.2684282064437866,1.2396279573440552,1.1933724880218506,1.219270944595337,1.1472232341766357,1.1213057041168213,1.190937876701355,1.1259770393371582,0.9896143674850464
ear,1.0723015069961548,1.1379756927490234,0.8212376832962036,1.1138033866882324,1.2498961687088013,1.1640419960021973,1.0552573204040527,1.1643019914627075,0.8371260166168213,0.7868050932884216,0.9905022978782654,0.5303729176521301,0.8332263231277466,0.684237539768219,0.2297677993774414,0.2572423219680786,0.43550992012023926,0.0,0.29725325107574463,1.2609326839447021,1.189876675605774,1.1546721458435059,1.141985297203064,1.2930642366409302,1.320360779762268,1.1126441955566406,1.255939245223999,1.296203851699829,1.2257428169250488,1.3139820098876953,1.2939457893371582,1.2960543632507324,1.3567737340927124,1.3279176950454712,1.2393999099731445,1.4247851371765137,1.3879709243774414,1.3392441272735596,1.4282608032226562,1.3614875078201294,0.9185933470726013,1.0554516315460205,1.0463358163833618,1.1133804321289062,0.8830522894859314,0.7590555548667908,0.8512004613876343,0.9015663862228394,0.6457028388977051,0.6723932027816772,0.7040585279464722,0.6670238971710205,0.4773470163345337,0.33190077543258667,0.6424709558486938,1.2558846473693848,1.1126899719238281,1.2305467128753662,0.8754605054855347,0.8662704229354858,1.0224405527114868,0.8638489842414856,0.9249343872070312,0.8285597562789917,1.1669186353683472,1.1638267040252686,1.0673543214797974,1.0714728832244873,1.0877405405044556,0.7651611566543579,1.1494340896606445,1.3586502075195312,1.1706377267837524,0.9716744422912598,1.1536824703216553,1.0821996927261353,0.806000828742981,0.9292577505111694,1.0241549015045166,0.7990252375602722,0.7367610335350037,0.9009802937507629,1.001418113708496,0.8375890254974365,1.2413585186004639,1.385425090789795,1.2828094959259033,1.2292633056640625,1.2255582809448242,1.0650324821472168,1.0568737983703613,0.8704337477684021,1.2232000827789307,1.050163984298706,0.9199299216270447,0.7868314385414124,0.8529403209686279,0.9355670213699341,1.2127560377120972,0.9961480498313904,1.0936088562011719,1.027360439300537,1.242882490158081,1.0195025205612183,1.0749379396438599,1.0275753736495972,0.9157117009162903,1.0760282278060913,0.9769508242607117,0.9305365085601807,0.99989914894104,0.9214387536048889,0.7498572468757629
