,dog,cat,frog,nose,face,hair,arm,hand,finger,toe,foot,lamp,drawer,bench,chair,ladder,table,couch,bed,crib,window,door,closet,refrigerator,oven,sink,bathtub,stroller,car,slide,jacket,sweater,shirt,bib,pajamas,jeans,pants,shorts,slipper,shoe,sock,glove,blanket,pillow,towel,napkin,doll,toy,tray,box,book,paper,basket,purse,vacuum,comb,hat,glasses,necklace,clock,scissors,fork,spoon,crayon,pencil,pen,knife,toothbrush,gum,balloon,ball,carrot,egg,orange,pumpkin,apple,melon,pickle,banana,flower,plant,cookie,bread,plate,bowl,bottle,cup,bucket,can
dog,0.0,0.31444787979125977,0.701911985874176,1.03013014793396,0.8860146999359131,0.8654991388320923,1.0813478231430054,1.0900824069976807,1.1831303834915161,1.1573233604431152,1.0962355136871338,1.0957114696502686,1.1227034330368042,0.9737712144851685,1.0569947957992554,1.0559715032577515,0.9964838027954102,0.8873267769813538,0.9346936941146851,0.9545685648918152,0.983959436416626,1.068145751953125,1.0727033615112305,1.0851905345916748,1.0034923553466797,1.1265603303909302,1.0710794925689697,0.982456624507904,0.823401927947998,0.9859067797660828,0.9137916564941406,0.9445194602012634,0.976138710975647,1.0044724941253662,0.9296639561653137,0.9148964881896973,0.9228256344795227,0.9786403775215149,1.0782397985458374,1.0128380060195923,1.072826862335205,0.9520257711410522,0.9015136361122131,0.9920303821563721,1.0978947877883911,1.125710368156433,0.7544538974761963,0.958950936794281,1.1059861183166504,1.1005228757858276,0.8906673192977905,1.0049322843551636,1.13016676902771,1.086384892463684,1.0084718465805054,1.01407790184021,1.0297564268112183,0.9891590476036072,1.105337381362915,1.0439457893371582,0.9994982481002808,1.0803532600402832,1.156650424003601,1.100874662399292,1.0876116752624512,1.0682690143585205,1.0754684209823608,1.0561034679412842,1.0791213512420654,1.0467597246170044,1.0711175203323364,1.0532528162002563,1.0832347869873047,1.0454601049423218,1.0233463048934937,1.039852499961853,0.957613468170166,1.0730737447738647,0.974050760269165,0.8920477628707886,0.9849562644958496,0.7960869073867798,0.8013556599617004,1.1300339698791504,1.150719404220581,1.1363846063613892,1.1874967813491821,1.19657301902771,1.1346592903137207
cat,0.31444787979125977,0.0,0.893579363822937,0.8822544813156128,0.8398836255073547,0.7381970882415771,0.9343515038490295,1.0090750455856323,1.0601167678833008,1.0279157161712646,1.0684804916381836,1.0468021631240845,1.1090052127838135,0.8799417018890381,1.0954411029815674,1.0774167776107788,0.9562392234802246,0.893769383430481,0.8165704011917114,0.9742674827575684,0.8692876696586609,1.0620911121368408,1.0451443195343018,1.0239274501800537,0.9902830719947815,1.0483598709106445,0.9775984883308411,1.1118803024291992,0.9299594759941101,0.9713584780693054,0.7627440690994263,0.8436286449432373,0.8119548559188843,0.9417564272880554,0.8602813482284546,0.7978798151016235,0.847549319267273,0.9377195239067078,1.0577943325042725,1.0683413743972778,1.0556479692459106,0.9948008060455322,0.7856876850128174,0.9331626892089844,1.0359829664230347,1.0437986850738525,1.0229713916778564,1.1433922052383423,1.2097632884979248,1.154797077178955,1.0353883504867554,1.0400493144989014,1.1451380252838135,1.1038095951080322,1.029440999031067,0.8847090005874634,0.9185971617698669,0.8077199459075928,1.0204018354415894,1.111219882965088,0.9782450795173645,0.9774651527404785,1.0848439931869507,1.0431498289108276,0.9465563297271729,0.9200546741485596,0.9822730422019958,1.022592544555664,1.1082220077514648,1.091232419013977,1.0498700141906738,1.0267915725708008,1.0050171613693237,1.042370080947876,1.0232962369918823,1.043716311454773,0.9584208726882935,1.1316564083099365,0.9644731283187866,1.012050747871399,1.009427785873413,0.8749388456344604,0.7036696672439575,1.0690133571624756,1.1597020626068115,1.179847240447998,1.2399095296859741,1.2565468549728394,1.094647765159607
frog,0.701911985874176,0.893579363822937,0.0,0.9965851306915283,0.938218355178833,1.1013044118881226,1.2205493450164795,1.0742839574813843,1.0165430307388306,0.9994729161262512,1.0984878540039062,0.9852860569953918,1.1451359987258911,1.2408180236816406,1.1998566389083862,1.0796090364456177,1.230119228363037,1.172280192375183,1.217581868171692,1.1205884218215942,1.1167027950286865,1.1436353921890259,1.1977763175964355,1.245771050453186,1.2043726444244385,1.1844043731689453,1.227036714553833,1.1414158344268799,0.7670553922653198,1.0555131435394287,1.146521806716919,1.1680940389633179,1.1880131959915161,1.2024492025375366,1.195338487625122,1.1715717315673828,1.1713011264801025,1.15837562084198,0.9075222015380859,1.0304723978042603,1.1281907558441162,0.9258679151535034,1.2023577690124512,1.1497431993484497,1.1661655902862549,1.1172902584075928,0.6760015487670898,0.865678071975708,1.1209471225738525,1.1211973428726196,0.990271270275116,1.0605502128601074,1.1811295747756958,1.1503750085830688,1.1708745956420898,1.1420987844467163,0.8857403993606567,0.863210916519165,1.1478852033615112,0.8941668272018433,1.0064332485198975,0.9973869323730469,0.9423057436943054,0.8379206657409668,0.8762841820716858,0.8871256709098816,1.11033034324646,1.06471586227417,0.9270747303962708,0.9420454502105713,0.868660032749176,0.8841331601142883,0.9550483822822571,0.809005618095398,0.7693914175033569,0.7607569098472595,0.7434077262878418,0.6634645462036133,0.7069605588912964,0.7669737339019775,0.8376822471618652,0.7242682576179504,1.018486738204956,1.045568585395813,1.1198749542236328,0.9523101449012756,1.0199073553085327,1.105069875717163,1.2139886617660522
nose,1.03013014793396,0.8822544813156128,0.9965851306915283,0.0,0.5206966400146484,0.6088823080062866,0.880751371383667,0.6045474410057068,0.4061068296432495,0.32887595891952515,0.8375591039657593,0.985917329788208,1.1537575721740723,1.2700254917144775,1.3057010173797607,1.1249960660934448,1.3238593339920044,1.180381417274475,1.2234879732131958,1.192939043045044,1.060154676437378,1.0734033584594727,1.180859088897705,1.1940114498138428,1.2588953971862793,1.2483816146850586,1.3158828020095825,1.2613893747329712,1.0544593334197998,1.2675725221633911,1.0907533168792725,1.0249669551849365,0.9258688688278198,1.069178581237793,1.097751498222351,1.0828797817230225,1.0164192914962769,0.9403307437896729,0.9457117915153503,1.0335040092468262,1.0072672367095947,1.0584849119186401,1.182631492614746,1.0662091970443726,1.155275583267212,1.0783015489578247,0.9821609854698181,1.203376293182373,1.3658437728881836,1.168553113937378,1.2107610702514648,1.1800627708435059,1.345855712890625,1.288196086883545,1.2621431350708008,1.1464275121688843,0.7437744140625,0.3611980676651001,0.49695366621017456,1.0350743532180786,1.1554023027420044,0.9249650239944458,0.8748547434806824,0.8699288368225098,0.8223580718040466,0.8227956295013428,1.0890637636184692,1.0399243831634521,0.8254539370536804,0.9883832931518555,0.860678493976593,0.8167945742607117,0.6662682294845581,0.8308484554290771,0.7751707434654236,0.8206449151039124,1.0666764974594116,0.9967762231826782,0.8926847577095032,0.9721482396125793,1.0740259885787964,0.9450889825820923,0.9708545207977295,1.0738524198532104,1.1215755939483643,1.0712257623672485,1.0998804569244385,1.2759944200515747,1.1786234378814697
face,0.8860146999359131,0.8398836255073547,0.938218355178833,0.5206966400146484,0.0,0.3732501268386841,0.7599417567253113,0.7569608092308044,0.8366633653640747,0.795433521270752,0.9920628070831299,1.214289665222168,1.1123119592666626,1.010054588317871,1.1118568181991577,1.0981690883636475,0.9737801551818848,0.8306633234024048,0.8304791450500488,1.0057716369628906,0.9012970924377441,1.0013211965560913,0.9077016115188599,1.0248335599899292,0.9930041432380676,1.1015421152114868,1.0350004434585571,0.9685593247413635,0.9292134046554565,0.9933438301086426,0.8285901546478271,0.6573376059532166,0.641579270362854,0.8778818845748901,0.768208920955658,0.7602329254150391,0.7555291056632996,0.8178427219390869,1.2184841632843018,1.0316133499145508,1.027675986289978,1.0319159030914307,0.9017007350921631,0.9768753051757812,1.2359755039215088,1.2473766803741455,0.8365699052810669,1.009838581085205,1.1708941459655762,1.075546145439148,0.9498461484909058,0.9796594977378845,1.169814944267273,1.0995715856552124,0.9398946762084961,1.0173888206481934,0.9454265236854553,0.8345015645027161,0.7941371202468872,1.1080245971679688,1.1166861057281494,1.2702503204345703,1.2788093090057373,1.257768154144287,1.1613459587097168,1.1942591667175293,1.1615432500839233,1.0694688558578491,1.0726388692855835,1.1256026029586792,1.1145585775375366,1.0515780448913574,1.005251169204712,1.0532499551773071,1.0766410827636719,1.0708932876586914,0.9143765568733215,1.1407959461212158,1.0380998849868774,1.0905287265777588,1.1028375625610352,0.9337878823280334,1.0691685676574707,1.2551130056381226,1.2088115215301514,1.1881531476974487,1.2270865440368652,1.228132724761963,1.1327959299087524
hair,0.8654991388320923,0.7381970882415771,1.1013044118881226,0.6088823080062866,0.3732501268386841,0.0,0.6664602756500244,0.7428086996078491,0.8348516225814819,0.7843968272209167,0.950678825378418,1.216094732284546,1.0836354494094849,0.9168241620063782,1.1000150442123413,1.1060634851455688,0.9339284896850586,0.8763877153396606,0.8169175386428833,1.0257149934768677,0.8626378774642944,1.0330313444137573,0.9461467862129211,1.036738395690918,0.9805009365081787,1.0811784267425537,0.9836886525154114,1.031631350517273,0.9937067627906799,0.9463157653808594,0.6702330112457275,0.6042114496231079,0.5450820922851562,0.7704440951347351,0.698883056640625,0.6500992774963379,0.6261866688728333,0.6800020337104797,1.1617852449417114,0.9835966229438782,0.9710511565208435,0.9591421484947205,0.8635126352310181,0.9580076336860657,1.1783376932144165,1.2217804193496704,0.960688054561615,1.1182122230529785,1.196893334388733,1.1274163722991943,0.9660484790802002,0.9888748526573181,1.192892074584961,1.0044188499450684,0.9531556367874146,0.8947304487228394,0.7460962533950806,0.7506786584854126,0.6597892045974731,1.2007691860198975,1.0684908628463745,1.1774258613586426,1.2380166053771973,1.23197603225708,1.1165761947631836,1.1124393939971924,1.0253998041152954,1.0070551633834839,1.1024184226989746,1.1014161109924316,1.138986587524414,1.1217209100723267,1.0132181644439697,1.1426736116409302,1.1614482402801514,1.1430881023406982,0.9007692337036133,1.117965817451477,1.071555495262146,1.1384834051132202,1.0517327785491943,1.0688639879226685,0.9779834747314453,1.2629361152648926,1.2698646783828735,1.204169750213623,1.330115795135498,1.290578007698059,1.1286578178405762
arm,1.0813478231430054,0.9343515038490295,1.2205493450164795,0.880751371383667,0.7599417567253113,0.6664602756500244,0.0,0.4465956687927246,0.7251504063606262,0.7777109146118164,0.6319116353988647,1.2660828828811646,0.9916493892669678,0.722302258014679,0.9900578260421753,1.0867350101470947,0.7701261043548584,0.7804953455924988,0.6649935841560364,0.9606992602348328,0.8172203898429871,1.006670355796814,0.8962482213973999,0.878684937953949,0.8653975129127502,0.9912438988685608,0.90189129114151,0.9980051517486572,1.1988914012908936,0.8601547479629517,0.6834632754325867,0.5667885541915894,0.48116445541381836,0.6322034001350403,0.5336358547210693,0.4766942262649536,0.5075486898422241,0.49881380796432495,1.2170768976211548,1.0142605304718018,0.6017405986785889,0.6366461515426636,0.6888131499290466,0.7302379608154297,0.9842662215232849,1.0036836862564087,1.1765655279159546,1.1124554872512817,1.0729703903198242,1.0752532482147217,0.9599334597587585,0.8223088383674622,1.109578251838684,0.9565913081169128,0.8488379120826721,0.8412675857543945,1.1967157125473022,1.132376790046692,0.7516906261444092,1.207550287246704,0.9375884532928467,1.1538538932800293,1.2426167726516724,1.2389997243881226,1.1655733585357666,1.1518585681915283,0.8400135040283203,0.8227043747901917,1.191046118736267,1.2536643743515015,1.311772108078003,1.0056601762771606,1.2141404151916504,1.2855565547943115,1.2995582818984985,1.2877557277679443,0.9518164992332458,1.1258137226104736,1.1022700071334839,1.270047903060913,1.1234478950500488,1.196901559829712,0.9244360327720642,1.2994232177734375,1.2708606719970703,1.2894515991210938,1.285609483718872,1.2392756938934326,0.9655217528343201
hand,1.0900824069976807,1.0090750455856323,1.0742839574813843,0.6045474410057068,0.7569608092308044,0.7428086996078491,0.4465956687927246,0.0,0.2529928684234619,0.43240976333618164,0.6552156209945679,1.225372314453125,1.1184704303741455,1.0759104490280151,1.2061033248901367,1.2136805057525635,1.127821683883667,1.0891292095184326,1.078456163406372,1.1126731634140015,1.0431307554244995,1.1220439672470093,1.1579506397247314,1.1619359254837036,1.1343460083007812,1.142169713973999,1.1819360256195068,1.1289604902267456,1.121330738067627,1.1428909301757812,1.0009791851043701,0.8865580558776855,0.832854151725769,0.8648253083229065,0.8823269009590149,0.8280904293060303,0.8406497240066528,0.7868649959564209,1.0255869626998901,0.9189355969429016,0.7093259692192078,0.5068503022193909,1.0128422975540161,0.994350016117096,1.1699281930923462,1.097273349761963,1.0526810884475708,1.0710757970809937,1.1166701316833496,1.1622931957244873,1.003835916519165,0.8964200615882874,1.201406717300415,1.0676686763763428,1.1861865520477295,0.9856290817260742,1.0412685871124268,0.9346896409988403,0.6702464818954468,1.1508957147598267,1.0065562725067139,1.0521219968795776,1.0427217483520508,1.0815784931182861,1.073765754699707,1.0473151206970215,0.8929473757743835,0.8825957775115967,0.8528416156768799,1.1976861953735352,1.1734098196029663,0.7778295278549194,1.02662193775177,1.09138023853302,1.0412912368774414,1.085949182510376,0.9553370475769043,1.0266945362091064,0.9431934356689453,1.0637876987457275,1.1580309867858887,1.077775239944458,1.0230504274368286,1.1690950393676758,1.154414415359497,1.225748896598816,1.148007869720459,1.2295063734054565,1.1345715522766113
finger,1.1831303834915161,1.0601167678833008,1.0165430307388306,0.4061068296432495,0.8366633653640747,0.8348516225814819,0.7251504063606262,0.2529928684234619,0.0,0.08504140377044678,0.6735138297080994,1.0213373899459839,1.148956537246704,1.314238429069519,1.3094768524169922,1.1718945503234863,1.4269490242004395,1.2968573570251465,1.3189926147460938,1.282193660736084,1.172178864479065,1.1836177110671997,1.3364956378936768,1.3178609609603882,1.3655874729156494,1.3240604400634766,1.3888572454452515,1.3350286483764648,1.1060882806777954,1.3629944324493408,1.1356498003005981,1.1005977392196655,1.0094890594482422,1.156441569328308,1.1654977798461914,1.0598318576812744,1.0071334838867188,0.9219560623168945,0.7726187705993652,0.9635893106460571,0.8199917674064636,0.7887605428695679,1.266847848892212,1.1102399826049805,1.207847237586975,1.0806858539581299,1.1044098138809204,1.2462130784988403,1.3443231582641602,1.224492073059082,1.228501319885254,1.1182410717010498,1.3915914297103882,1.2861268520355225,1.3649969100952148,1.094007968902588,0.7902894020080566,0.648479700088501,0.5937384366989136,1.0641179084777832,1.1488648653030396,0.7775012254714966,0.7814056277275085,0.6857783794403076,0.7027967572212219,0.6925336122512817,0.9018206596374512,0.9717035293579102,0.7202050685882568,0.9814228415489197,0.824795126914978,0.6608247756958008,0.6492897272109985,0.794969916343689,0.7676295042037964,0.8014503717422485,1.1113277673721313,0.8871951699256897,0.8494822978973389,0.9198440313339233,1.09494149684906,1.0443744659423828,0.9241099953651428,1.088712453842163,1.1803665161132812,1.0403599739074707,1.0735141038894653,1.26595938205719,1.2023462057113647
toe,1.1573233604431152,1.0279157161712646,0.9994729161262512,0.32887595891952515,0.795433521270752,0.7843968272209167,0.7777109146118164,0.43240976333618164,0.08504140377044678,0.0,0.6046240329742432,0.9885011911392212,1.1731261014938354,1.359325647354126,1.3245623111724854,1.1947942972183228,1.4835379123687744,1.2887378931045532,1.3226335048675537,1.3166961669921875,1.2036694288253784,1.1839808225631714,1.354630470275879,1.350867748260498,1.4096951484680176,1.3770530223846436,1.4147999286651611,1.339951753616333,1.1110782623291016,1.3838210105895996,1.1151973009109497,1.0846017599105835,0.9890361428260803,1.1616759300231934,1.171272873878479,1.0478535890579224,0.9638374447822571,0.8774107694625854,0.6710801124572754,0.9183308482170105,0.7919620275497437,0.8547865152359009,1.2836500406265259,1.0677496194839478,1.182517409324646,1.0713101625442505,1.096714973449707,1.3059335947036743,1.4612082242965698,1.2338569164276123,1.3123904466629028,1.2214106321334839,1.4607558250427246,1.331634521484375,1.375368595123291,1.179943561553955,0.6697572469711304,0.5675499439239502,0.5713763236999512,1.059413194656372,1.2503563165664673,0.7903467416763306,0.797039270401001,0.6782923936843872,0.6724640727043152,0.6783879995346069,1.0111569166183472,1.1003996133804321,0.7565701007843018,0.8940885663032532,0.7122951745986938,0.7004544734954834,0.5121302008628845,0.7003315091133118,0.692051351070404,0.7213164567947388,1.1216232776641846,0.8750819563865662,0.8264095783233643,0.9115853905677795,1.093176245689392,1.0280508995056152,0.8892353773117065,1.105366587638855,1.2044451236724854,1.0076189041137695,1.083483099937439,1.2807279825210571,1.2214441299438477
foot,1.0962355136871338,1.0684804916381836,1.0984878540039062,0.8375591039657593,0.9920628070831299,0.950678825378418,0.6319116353988647,0.6552156209945679,0.6735138297080994,0.6046240329742432,0.0,1.101592779159546,1.162757158279419,1.126990795135498,1.0124025344848633,1.0747628211975098,1.2143927812576294,1.046575665473938,1.0619369745254517,1.1093199253082275,1.08669114112854,1.0947668552398682,1.1459344625473022,1.1073112487792969,1.16670823097229,1.1765649318695068,1.1606956720352173,0.9896554946899414,1.1860618591308594,1.0872139930725098,0.9213705062866211,0.8648772239685059,0.8838186264038086,0.8858402967453003,0.8268579840660095,0.7181179523468018,0.6726968288421631,0.6388728022575378,0.5988900065422058,0.4502020478248596,0.17134332656860352,0.5197111368179321,0.9565516114234924,0.8727551698684692,0.8526227474212646,0.9120863676071167,1.0779780149459839,1.0986034870147705,1.2916536331176758,1.0832386016845703,1.1006842851638794,1.1299242973327637,1.1448736190795898,1.0590461492538452,1.0404936075210571,1.0470585823059082,0.9117770195007324,1.0251545906066895,0.818604052066803,1.0898685455322266,1.0981171131134033,1.0906296968460083,1.0802037715911865,1.0890191793441772,1.1446504592895508,1.1069973707199097,1.041499137878418,1.0823806524276733,1.0611718893051147,1.0989662408828735,1.1178827285766602,0.9655324816703796,1.0733312368392944,1.1426962614059448,1.0381262302398682,1.1075994968414307,1.0491571426391602,1.0359008312225342,0.9518483281135559,0.9908895492553711,1.01679527759552,1.1593432426452637,1.048723816871643,1.2584760189056396,1.1530990600585938,1.0992804765701294,1.0385022163391113,1.1054751873016357,1.064368486404419
lamp,1.0957114696502686,1.0468021631240845,0.9852860569953918,0.985917329788208,1.214289665222168,1.216094732284546,1.2660828828811646,1.225372314453125,1.0213373899459839,0.9885011911392212,1.101592779159546,0.0,1.0273915529251099,1.233992099761963,0.9366809725761414,0.6694490313529968,1.1648986339569092,1.1780928373336792,1.2310506105422974,0.9707730412483215,0.7824076414108276,0.8314399123191833,0.9689307808876038,0.9282532930374146,1.1318658590316772,0.9903709292411804,1.1433250904083252,1.151233434677124,1.0358402729034424,1.2080936431884766,1.1725515127182007,1.2509982585906982,1.222682237625122,1.3655011653900146,1.320799469947815,1.3890416622161865,1.3538782596588135,1.3439069986343384,0.954578161239624,1.1534762382507324,1.2227519750595093,1.3263649940490723,1.2365045547485352,1.1080328226089478,0.9116279482841492,0.8815951347351074,1.0702382326126099,1.1256093978881836,1.2203044891357422,1.066244125366211,1.1909160614013672,1.1495521068572998,1.0544414520263672,1.1374021768569946,0.9878115057945251,1.016198992729187,0.8909343481063843,0.8269492387771606,0.9465906620025635,0.7078452110290527,0.9373493790626526,0.5987380146980286,0.5348514318466187,0.727195143699646,0.6166720986366272,0.583386242389679,0.9386270642280579,0.9595108032226562,1.0101112127304077,0.7559080123901367,0.722906231880188,1.098305106163025,0.8507307767868042,0.9374269247055054,0.905669093132019,0.880201518535614,1.3038480281829834,1.1117966175079346,1.0624587535858154,0.7593709826469421,0.6644411087036133,1.1454459428787231,1.0839238166809082,0.8356044292449951,0.9250081777572632,0.715474009513855,0.8924721479415894,1.0176020860671997,0.984231173992157
drawer,1.1227034330368042,1.1090052127838135,1.1451359987258911,1.1537575721740723,1.1123119592666626,1.0836354494094849,0.9916493892669678,1.1184704303741455,1.148956537246704,1.1731261014938354,1.162757158279419,1.0273915529251099,0.0,0.4237295389175415,0.6607286334037781,0.6523144841194153,0.5252659320831299,0.6533069610595703,0.727658748626709,0.6989225745201111,0.8484062552452087,0.550236701965332,0.45830750465393066,0.53980553150177,0.4799649715423584,0.7828148007392883,0.6924917101860046,0.9356521368026733,1.0399284362792969,0.9504146575927734,1.0268903970718384,1.0664794445037842,1.0714772939682007,1.0796796083450317,0.984427273273468,0.9413923621177673,0.9399215579032898,0.978617787361145,1.055733323097229,1.0066698789596558,1.105787992477417,1.1421140432357788,0.9466960430145264,0.8417982459068298,0.8941957950592041,0.9044463038444519,1.162632703781128,1.1348050832748413,0.6959624886512756,0.5080970525741577,0.9592590928077698,0.8746864795684814,0.7577455043792725,0.8368838429450989,0.8850416541099548,0.8500992655754089,1.0976892709732056,1.0903761386871338,1.1184637546539307,1.0412147045135498,1.0369019508361816,0.9896323680877686,1.1447685956954956,1.1124356985092163,0.9596322774887085,0.9972134232521057,0.8196227550506592,1.0639309883117676,1.2159079313278198,1.2538620233535767,1.2689794301986694,1.192870855331421,1.2871954441070557,1.2659109830856323,1.1954787969589233,1.2485861778259277,1.1950145959854126,1.0807090997695923,1.212433099746704,1.2033103704452515,1.020803451538086,1.0818047523498535,1.0988795757293701,1.0670331716537476,1.0470200777053833,1.153113603591919,1.126305341720581,0.9510824084281921,0.6947365403175354
bench,0.9737712144851685,0.8799417018890381,1.2408180236816406,1.2700254917144775,1.010054588317871,0.9168241620063782,0.722302258014679,1.0759104490280151,1.314238429069519,1.359325647354126,1.126990795135498,1.233992099761963,0.4237295389175415,0.0,0.4510788917541504,0.6938247084617615,0.24067729711532593,0.3997364044189453,0.34661173820495605,0.5818918943405151,0.727742075920105,0.7226822972297668,0.5351152420043945,0.5645068883895874,0.4930039644241333,0.6073131561279297,0.41658151149749756,0.7389835715293884,1.0192043781280518,0.48883354663848877,0.7133417129516602,0.6997132301330566,0.7388619184494019,0.7804259061813354,0.6416566967964172,0.5751304626464844,0.6583731770515442,0.7580013871192932,1.2285871505737305,1.0561118125915527,1.0185250043869019,1.029161810874939,0.5666158199310303,0.6802938580513,0.8563144207000732,0.9432035684585571,1.1698226928710938,0.9665215611457825,0.642103374004364,0.8219766616821289,0.8574609160423279,0.7845652103424072,0.6561649441719055,0.7687781453132629,0.6769781708717346,0.6895996332168579,1.284238576889038,1.2642385959625244,1.15679132938385,1.2172772884368896,0.8510804176330566,1.2159483432769775,1.3598483800888062,1.3075894117355347,1.191676378250122,1.2229305505752563,0.851323127746582,0.8698768615722656,1.269810438156128,1.2632997035980225,1.4082530736923218,1.241408109664917,1.4286694526672363,1.4231736660003662,1.4445242881774902,1.4250304698944092,1.0204697847366333,1.1992353200912476,1.2321375608444214,1.3631612062454224,1.1000146865844727,1.1652255058288574,1.05306077003479,1.1193666458129883,1.052213430404663,1.2868640422821045,1.1933047771453857,0.9777624607086182,0.7066537141799927
chair,1.0569947957992554,1.0954411029815674,1.1998566389083862,1.3057010173797607,1.1118568181991577,1.1000150442123413,0.9900578260421753,1.2061033248901367,1.3094768524169922,1.3245623111724854,1.0124025344848633,0.9366809725761414,0.6607286334037781,0.4510788917541504,0.0,0.42768967151641846,0.523979127407074,0.4611150026321411,0.5889373421669006,0.5074422359466553,0.7347759008407593,0.6252239346504211,0.5620072484016418,0.5741015672683716,0.6746994256973267,0.6963223218917847,0.6501234173774719,0.3339284658432007,1.012486219406128,0.6308415532112122,0.8679534792900085,0.8902493715286255,0.9589657187461853,0.9971300959587097,0.8640797138214111,0.8726813793182373,0.8711181879043579,0.9535919427871704,1.0813450813293457,0.9772592186927795,0.9919683337211609,1.1219431161880493,0.7739766836166382,0.6844671964645386,0.7367569804191589,0.8795489072799683,1.0553120374679565,0.8861808776855469,0.8367981314659119,0.7078518867492676,0.9249480962753296,0.9470139741897583,0.638771653175354,0.7027707099914551,0.5913066864013672,0.9304107427597046,1.0915521383285522,1.2598581314086914,1.2002408504486084,1.0698415040969849,0.9383178353309631,1.1693155765533447,1.215126872062683,1.3085534572601318,1.2474325895309448,1.2225348949432373,1.0238810777664185,1.0806856155395508,1.388770580291748,1.1401177644729614,1.3024044036865234,1.3326189517974854,1.4098834991455078,1.3559494018554688,1.3028732538223267,1.344799280166626,1.2065298557281494,1.2685556411743164,1.3358972072601318,1.237223744392395,0.9011325240135193,1.292668104171753,1.1878981590270996,1.1684505939483643,1.053322196006775,1.0100793838500977,1.0248736143112183,0.8546082973480225,0.7463449239730835
ladder,1.0559715032577515,1.0774167776107788,1.0796090364456177,1.1249960660934448,1.0981690883636475,1.1060634851455688,1.0867350101470947,1.2136805057525635,1.1718945503234863,1.1947942972183228,1.0747628211975098,0.6694490313529968,0.6523144841194153,0.6938247084617615,0.42768967151641846,0.0,0.789586067199707,0.8313071131706238,0.8843450546264648,0.44760626554489136,0.6123661994934082,0.5785613656044006,0.5561097860336304,0.6254896521568298,0.7977038621902466,0.9855198264122009,0.8872976899147034,0.7601306438446045,0.9453917145729065,0.7891964316368103,1.0654679536819458,1.1116853952407837,1.1020057201385498,1.2220580577850342,1.0933561325073242,1.1432491540908813,1.0934349298477173,1.1316109895706177,1.123679280281067,1.0857524871826172,1.1199569702148438,1.2770960330963135,1.053682565689087,0.9977605938911438,0.8828016519546509,0.961412787437439,1.0529760122299194,1.0073341131210327,0.9737892746925354,0.8054247498512268,0.9490358829498291,1.0030858516693115,0.6972278952598572,1.0376715660095215,0.8005725145339966,0.8490880727767944,1.0709987878799438,1.0308208465576172,1.118528962135315,0.9800293445587158,0.9261341094970703,0.9388157725334167,1.0197489261627197,0.9994544982910156,0.9212228059768677,0.9396299719810486,0.9302715063095093,0.9988468885421753,1.2778401374816895,1.0752816200256348,1.1277611255645752,1.1623530387878418,1.2504390478134155,1.1968965530395508,1.1540440320968628,1.1844472885131836,1.2847421169281006,1.171854019165039,1.2429778575897217,1.049167513847351,0.7831002473831177,1.211118459701538,1.1285960674285889,1.13814115524292,1.1297967433929443,0.9720098972320557,1.0971410274505615,1.019055962562561,0.878607988357544
table,0.9964838027954102,0.9562392234802246,1.230119228363037,1.3238593339920044,0.9737801551818848,0.9339284896850586,0.7701261043548584,1.127821683883667,1.4269490242004395,1.4835379123687744,1.2143927812576294,1.1648986339569092,0.5252659320831299,0.24067729711532593,0.523979127407074,0.789586067199707,0.0,0.4159128665924072,0.36350828409194946,0.5636875629425049,0.6402544975280762,0.6882196068763733,0.4663757085800171,0.42495667934417725,0.34461450576782227,0.505772054195404,0.39863133430480957,0.673969030380249,1.0651060342788696,0.49225538969039917,0.729210376739502,0.7006957530975342,0.7293396592140198,0.772242546081543,0.6510812640190125,0.6765223145484924,0.7451534867286682,0.8706023097038269,1.3889286518096924,1.1251752376556396,1.1107401847839355,1.1254196166992188,0.6052676439285278,0.8185917735099792,0.9123163223266602,0.9599114656448364,1.1213922500610352,0.8508599996566772,0.5188421607017517,0.737480878829956,0.7423028349876404,0.6404560208320618,0.6679084300994873,0.8131371736526489,0.5019103288650513,0.8321936130523682,1.375414252281189,1.3607773780822754,1.2292282581329346,1.207457423210144,0.8850651979446411,1.3148597478866577,1.3665850162506104,1.4430968761444092,1.350503921508789,1.349405288696289,0.9535733461380005,0.8882203102111816,1.2873482704162598,1.247383713722229,1.4062464237213135,1.350236177444458,1.4458038806915283,1.4215167760849,1.4610555171966553,1.4215431213378906,1.0134843587875366,1.2868883609771729,1.3310627937316895,1.3234145641326904,1.0428040027618408,1.1840215921401978,1.1191344261169434,1.058979868888855,0.9574915766716003,1.1362011432647705,1.0953129529953003,0.8814541101455688,0.645648717880249
couch,0.8873267769813538,0.893769383430481,1.172280192375183,1.180381417274475,0.8306633234024048,0.8763877153396606,0.7804953455924988,1.0891292095184326,1.2968573570251465,1.2887378931045532,1.046575665473938,1.1780928373336792,0.6533069610595703,0.3997364044189453,0.4611150026321411,0.8313071131706238,0.4159128665924072,0.0,0.20893186330795288,0.5710225105285645,0.6525161266326904,0.6294472217559814,0.4781792163848877,0.6188866496086121,0.5366077423095703,0.7692780494689941,0.6158494353294373,0.6423144340515137,1.0302811861038208,0.6870517134666443,0.7219823598861694,0.6573037505149841,0.7423319816589355,0.818820595741272,0.5423307418823242,0.5845087766647339,0.6171719431877136,0.7534425258636475,1.3011252880096436,1.0735838413238525,0.9934422373771667,1.0453513860702515,0.39853841066360474,0.36606645584106445,0.8163996934890747,0.9736528992652893,1.0559927225112915,0.9664121866226196,0.8994300365447998,0.7849279642105103,0.8749301433563232,0.8809117078781128,0.8394040465354919,0.8355686664581299,0.6386935710906982,1.012564778327942,1.2402963638305664,1.2667021751403809,1.1613824367523193,1.2241439819335938,1.131607174873352,1.4055112600326538,1.4683424234390259,1.4332778453826904,1.3412649631500244,1.3645190000534058,1.1878626346588135,1.1185739040374756,1.3157742023468018,1.2255547046661377,1.348876714706421,1.2882181406021118,1.3648343086242676,1.3533822298049927,1.3785600662231445,1.3619170188903809,1.0172979831695557,1.2107927799224854,1.2739238739013672,1.2756751775741577,0.9840450286865234,1.1764285564422607,1.1263766288757324,1.279550552368164,1.1708873510360718,1.2332605123519897,1.2398083209991455,1.0732401609420776,0.8796685934066772
bed,0.9346936941146851,0.8165704011917114,1.217581868171692,1.2234879732131958,0.8304791450500488,0.8169175386428833,0.6649935841560364,1.078456163406372,1.3189926147460938,1.3226335048675537,1.0619369745254517,1.2310506105422974,0.727658748626709,0.34661173820495605,0.5889373421669006,0.8843450546264648,0.36350828409194946,0.20893186330795288,0.0,0.5116759538650513,0.6410419344902039,0.7595216035842896,0.5067339539527893,0.6985193490982056,0.585040271282196,0.7080200910568237,0.45248228311538696,0.6692063212394714,1.0375757217407227,0.5380303263664246,0.5162500739097595,0.5444601774215698,0.5671657919883728,0.5755566358566284,0.33507758378982544,0.4214634895324707,0.5396053791046143,0.6850001811981201,1.2862958908081055,1.0403740406036377,0.9373114109039307,1.0008296966552734,0.15200388431549072,0.35381829738616943,0.7196648716926575,0.9004063010215759,1.0589476823806763,0.9695680141448975,0.8223442435264587,0.9295058250427246,0.7861493825912476,0.7776001691818237,0.7984925508499146,0.7784398794174194,0.6435604095458984,0.8814350366592407,1.2710645198822021,1.297940731048584,1.149780035018921,1.1931023597717285,1.0191692113876343,1.403895616531372,1.4817323684692383,1.4554824829101562,1.3326606750488281,1.354926347732544,1.1424028873443604,1.0122954845428467,1.3497374057769775,1.2537267208099365,1.3753256797790527,1.3356192111968994,1.365760326385498,1.4068247079849243,1.492830514907837,1.4214589595794678,0.9688425064086914,1.287881851196289,1.295754075050354,1.363349437713623,1.0617728233337402,1.2113492488861084,1.079246997833252,1.2329634428024292,1.1606286764144897,1.3093053102493286,1.2797889709472656,1.0928705930709839,0.9490335583686829
crib,0.9545685648918152,0.9742674827575684,1.1205884218215942,1.192939043045044,1.0057716369628906,1.0257149934768677,0.9606992602348328,1.1126731634140015,1.282193660736084,1.3166961669921875,1.1093199253082275,0.9707730412483215,0.6989225745201111,0.5818918943405151,0.5074422359466553,0.44760626554489136,0.5636875629425049,0.5710225105285645,0.5116759538650513,0.0,0.5954166650772095,0.6023623943328857,0.47342753410339355,0.6683310270309448,0.6817556619644165,0.8663920164108276,0.6378469467163086,0.5462037920951843,0.9589340090751648,0.52762770652771,0.9476053714752197,0.8979284763336182,0.948683500289917,0.9857320785522461,0.7577677369117737,0.9275676012039185,0.9795699119567871,1.056679368019104,1.2494118213653564,1.0680915117263794,1.0672523975372314,1.1507943868637085,0.7158408164978027,0.8562948107719421,0.9220575094223022,1.084175944328308,0.9022743701934814,0.7407783269882202,0.7730597257614136,0.8159407377243042,0.7833123207092285,0.9796916246414185,0.5407760143280029,0.9740743041038513,0.7273696660995483,0.9199996590614319,1.2377249002456665,1.240700125694275,1.229114294052124,1.043995976448059,1.000015139579773,1.2690435647964478,1.3182051181793213,1.3071434497833252,1.251171588897705,1.2861456871032715,1.1463420391082764,1.0335638523101807,1.3132507801055908,1.169118881225586,1.2400473356246948,1.278245210647583,1.3254587650299072,1.2977707386016846,1.3000569343566895,1.2615749835968018,1.0861412286758423,1.2429656982421875,1.2582894563674927,1.196438193321228,0.8191566467285156,1.1779488325119019,1.1389961242675781,1.1904454231262207,1.03573477268219,1.1294419765472412,1.1086188554763794,0.9513000249862671,0.9534896016120911
window,0.983959436416626,0.8692876696586609,1.1167027950286865,1.060154676437378,0.9012970924377441,0.8626378774642944,0.8172203898429871,1.0431307554244995,1.172178864479065,1.2036694288253784,1.08669114112854,0.7824076414108276,0.8484062552452087,0.727742075920105,0.7347759008407593,0.6123661994934082,0.6402544975280762,0.6525161266326904,0.6410419344902039,0.5954166650772095,0.0,0.46255654096603394,0.48541194200515747,0.5786753296852112,0.6440298557281494,0.9209040403366089,0.801942765712738,0.9152383804321289,0.9139385223388672,0.7179182171821594,0.7929187417030334,0.8466539978981018,0.7950469851493835,0.9939987659454346,0.7815905213356018,0.8608769178390503,0.8624758720397949,0.9225140810012817,1.3803945779800415,1.213429570198059,1.140080451965332,1.2130194902420044,0.777611494064331,0.8617286086082458,0.9072080254554749,0.9892522096633911,1.0599557161331177,1.0145624876022339,1.0137428045272827,0.9200403690338135,0.8946399092674255,0.8893770575523376,0.945777952671051,1.0656073093414307,0.7826062440872192,0.9365095496177673,1.199902892112732,1.0788261890411377,1.1074835062026978,1.041082739830017,1.0595319271087646,1.1743167638778687,1.2506848573684692,1.2549954652786255,1.120532751083374,1.1354467868804932,1.0414801836013794,1.0627896785736084,1.266800880432129,1.1710506677627563,1.229048728942871,1.2203843593597412,1.264075756072998,1.2679029703140259,1.2583305835723877,1.215916395187378,1.081054449081421,1.2153788805007935,1.2405364513397217,1.0606639385223389,0.6643388271331787,1.1919395923614502,1.132708191871643,1.1487092971801758,1.1706246137619019,1.1523876190185547,1.2163779735565186,1.1491202116012573,0.8770182132720947
door,1.068145751953125,1.0620911121368408,1.1436353921890259,1.0734033584594727,1.0013211965560913,1.0330313444137573,1.006670355796814,1.1220439672470093,1.1836177110671997,1.1839808225631714,1.0947668552398682,0.8314399123191833,0.550236701965332,0.7226822972297668,0.6252239346504211,0.5785613656044006,0.6882196068763733,0.6294472217559814,0.7595216035842896,0.6023623943328857,0.46255654096603394,0.0,0.14018452167510986,0.4121377468109131,0.5543341040611267,0.8227463960647583,0.8178833723068237,0.8781394958496094,1.0627862215042114,0.947810709476471,0.9995458126068115,1.0096555948257446,1.0185867547988892,1.1665289402008057,0.9672480225563049,1.0264679193496704,0.9629178047180176,1.0062710046768188,1.2526458501815796,1.1814429759979248,1.1757994890213013,1.2519152164459229,0.9654169082641602,0.8243595361709595,0.8627797365188599,0.9333989024162292,1.0860711336135864,1.095276951789856,0.9826995134353638,0.7601849436759949,1.0465441942214966,1.0101537704467773,0.9477064609527588,0.9903002977371216,0.7956936359405518,1.0874683856964111,1.1471985578536987,1.119524598121643,1.1271178722381592,1.021538496017456,1.1293585300445557,1.1766161918640137,1.1792422533035278,1.2534512281417847,1.1393510103225708,1.1633820533752441,1.0387390851974487,1.164707064628601,1.2544456720352173,1.1380585432052612,1.173700213432312,1.2035613059997559,1.2385201454162598,1.2292962074279785,1.1996151208877563,1.2064316272735596,1.1838657855987549,1.1135915517807007,1.266746163368225,1.1541202068328857,0.90727698802948,1.1531715393066406,1.1555149555206299,1.1256225109100342,1.109166145324707,1.0888071060180664,1.1652582883834839,1.0818192958831787,0.7709640264511108
closet,1.0727033615112305,1.0451443195343018,1.1977763175964355,1.180859088897705,0.9077016115188599,0.9461467862129211,0.8962482213973999,1.1579506397247314,1.3364956378936768,1.354630470275879,1.1459344625473022,0.9689307808876038,0.45830750465393066,0.5351152420043945,0.5620072484016418,0.5561097860336304,0.4663757085800171,0.4781792163848877,0.5067339539527893,0.47342753410339355,0.48541194200515747,0.14018452167510986,0.0,0.3264673948287964,0.37375056743621826,0.73538738489151,0.6239578127861023,0.7475892305374146,1.0456786155700684,0.7615171670913696,0.8642236590385437,0.8582163453102112,0.8834510445594788,1.0010411739349365,0.7852257490158081,0.8542377352714539,0.8399930000305176,0.9247879981994629,1.3604564666748047,1.1378250122070312,1.142104148864746,1.2238167524337769,0.7647182941436768,0.791671872138977,0.8982337117195129,1.025144100189209,1.084312915802002,0.9966710209846497,0.8466505408287048,0.7282900810241699,0.9050458073616028,0.9349191784858704,0.7747513055801392,0.8734766840934753,0.6201493740081787,0.9746464490890503,1.2471444606781006,1.2489964962005615,1.171251893043518,1.112557053565979,1.0422840118408203,1.333541750907898,1.3626179695129395,1.4253437519073486,1.2904963493347168,1.3263347148895264,1.0624747276306152,1.096197485923767,1.358994722366333,1.233786702156067,1.3108941316604614,1.3160409927368164,1.3879907131195068,1.3626720905303955,1.3691291809082031,1.336017370223999,1.0980818271636963,1.2083557844161987,1.3301920890808105,1.2824130058288574,0.9508452415466309,1.194081425666809,1.2198169231414795,1.2175939083099365,1.140610933303833,1.1838531494140625,1.2494463920593262,1.0631567239761353,0.7661932706832886
