,rooster,fish,frog,alligator,owl,cat,dog,face,hair,arm,hand,finger,toe,tooth,nose,stroller,car,lamp,chair,bench,drawer,window,door,refrigerator,oven,crib,bed,couch,table,bathtub,sink,slide,clock,ball,balloon,pumpkin,egg,orange,apple,hat,slipper,watch,nail,glasses,necklace,carrot,vacuum,shovel,scissors,spoon,fork,knife,pencil,pen,crayon,plant,flower,bottle,cup,can,belt,basket,bucket,tape,bowl,plate,banana,bread,cracker,pizza,hamburger,glass,tray,box,book,paper,comb,toothbrush,gum,toy,doll,mitten,glove,sock,shoe,purse,pillow,towel,napkin,blanket,pajamas,bib,scarf,jacket,sweater,shirt,jeans,pants,shorts
rooster,0.0,0.7473955154418945,0.3849210739135742,1.0495554208755493,0.7960741519927979,0.7623390555381775,0.4112091064453125,1.1596583127975464,1.234194040298462,1.4289636611938477,1.3314265012741089,1.205613374710083,0.9782242178916931,1.296540379524231,1.0934550762176514,0.8497717380523682,0.9106141328811646,0.7824424505233765,0.880770742893219,1.2937250137329102,0.989917516708374,1.1642848253250122,1.0595500469207764,1.0512089729309082,1.0899800062179565,1.1290302276611328,1.2622466087341309,1.2611581087112427,1.15764319896698,1.2719415426254272,1.2118345499038696,1.3389066457748413,0.6824805736541748,0.7853673696517944,0.7903638482093811,0.7011474967002869,0.8757396340370178,0.8940324187278748,0.7168495655059814,0.7355325222015381,0.7854055166244507,0.7653179168701172,0.9468473792076111,0.9798296689987183,0.9825438261032104,1.1428557634353638,0.6886541247367859,0.9039491415023804,0.9106586575508118,0.7532261610031128,0.7816791534423828,0.9247146248817444,0.810522735118866,0.7432665824890137,0.8095651268959045,0.45970678329467773,0.4891620874404907,0.6918259859085083,0.6146020889282227,0.8019431233406067,0.9337820410728455,0.6867180466651917,0.7263759970664978,0.6289635300636292,0.748630166053772,0.7992624044418335,0.6918695569038391,0.9379828572273254,1.022564172744751,1.0205938816070557,1.071062684059143,1.1398402452468872,1.1765975952148438,0.9594531655311584,0.9209708571434021,1.024917483329773,1.3526002168655396,0.9107270240783691,0.9170631170272827,0.601006269454956,0.7176361680030823,1.2887994050979614,0.9366651177406311,1.1801098585128784,0.8624506592750549,0.5707440376281738,1.0565650463104248,0.813233494758606,0.777459442615509,1.2710509300231934,1.3290345668792725,1.326420545578003,1.2148782014846802,1.2597548961639404,1.3278981447219849,1.3326460123062134,1.421625018119812,1.3509340286254883,1.3055225610733032
fish,0.7473955154418945,0.0,0.7773607969284058,1.250749111175537,1.0228123664855957,1.0125247240066528,1.1457966566085815,1.2351725101470947,1.3322240114212036,1.379824161529541,1.2732027769088745,0.8226771354675293,0.6590741872787476,0.9479073286056519,0.8434935808181763,1.2118676900863647,0.8039655685424805,0.5193745493888855,1.113968849182129,1.4962997436523438,1.0023832321166992,1.2072110176086426,1.2566694021224976,1.321122646331787,1.2500660419464111,1.456514835357666,1.4331693649291992,1.4028031826019287,1.4736254215240479,1.3202898502349854,1.1821686029434204,1.3801839351654053,0.46851956844329834,0.85621178150177,0.28359663486480713,0.8828067779541016,0.6986677646636963,0.6500455737113953,0.3619166612625122,0.5091162919998169,0.28914058208465576,0.32040417194366455,0.3127967119216919,0.6673434972763062,0.5733509063720703,0.6062443256378174,0.8937922716140747,1.0777688026428223,1.0024372339248657,0.6995850801467896,0.6790899038314819,0.6448220610618591,0.24834966659545898,0.31854307651519775,0.2151215672492981,0.6123180389404297,0.4586580991744995,0.4978880286216736,0.4966321587562561,0.6195178627967834,0.25175607204437256,0.752809464931488,0.7565453052520752,0.45026326179504395,0.5107543468475342,0.6197063326835632,0.6096333265304565,0.984066367149353,1.159666895866394,0.7542993426322937,1.252996563911438,1.2342445850372314,1.3444929122924805,1.1996736526489258,0.8858241438865662,1.0356011390686035,1.4081720113754272,0.5969476103782654,0.832471489906311,0.8890069127082825,1.1438366174697876,1.435477375984192,1.0953575372695923,1.0706709623336792,1.1206011772155762,0.9991222023963928,0.8036224842071533,0.58751380443573,0.622088611125946,1.386797308921814,1.4795743227005005,1.463785171508789,1.4145379066467285,1.4178998470306396,1.359279990196228,1.4035108089447021,1.4477148056030273,1.345560073852539,1.3241517543792725
frog,0.3849210739135742,0.7773607969284058,0.0,0.6847401857376099,0.6049113273620605,1.0656273365020752,0.7921210527420044,1.0716689825057983,1.2214545011520386,1.3480370044708252,1.20200777053833,1.2478675842285156,1.1417648792266846,1.1663026809692383,1.2137583494186401,0.7348228096961975,0.9006016254425049,0.9563087224960327,1.169740915298462,1.3665804862976074,0.9397227764129639,1.2144285440444946,1.149685025215149,1.033611536026001,1.1171602010726929,1.1534411907196045,1.268584966659546,1.306673526763916,1.1846680641174316,1.190269947052002,1.1250252723693848,1.2635886669158936,0.7562803626060486,0.7461258172988892,0.935221254825592,0.6170023679733276,0.9150136113166809,0.8621596097946167,0.7950603365898132,0.9301404356956482,1.0472296476364136,0.9869505167007446,1.1277542114257812,1.123910903930664,1.0808990001678467,1.1253362894058228,0.9608208537101746,0.8613536357879639,0.7078747749328613,0.7124270796775818,0.7897933721542358,0.9039196968078613,0.9125936627388,0.8463363647460938,0.9014237523078918,0.5675157308578491,0.4491233825683594,0.8822944760322571,0.8447796106338501,1.1112855672836304,1.0714274644851685,0.8744227290153503,0.7862751483917236,0.7283000946044922,0.8360198736190796,0.7444901466369629,0.5737673044204712,0.8761308789253235,0.9324039816856384,0.8428032398223877,0.8597432971000671,0.971689760684967,0.9722113609313965,0.9809108376502991,0.7641125917434692,0.8985428214073181,1.2775282859802246,0.8901245594024658,0.6939352750778198,0.4427896738052368,0.6695694923400879,1.046651840209961,0.8727917671203613,1.1477710008621216,0.8575896620750427,0.831404447555542,1.2282830476760864,0.9226912260055542,0.9047914147377014,1.2934577465057373,1.2408411502838135,1.1420795917510986,1.0462925434112549,1.2798688411712646,1.3547947406768799,1.304316520690918,1.3697245121002197,1.410499095916748,1.3165228366851807
alligator,1.0495554208755493,1.250749111175537,0.6847401857376099,0.0,0.5313288569450378,0.8048566579818726,0.7969984412193298,0.84616619348526,0.7662758827209473,0.6679728031158447,0.9656898975372314,1.324761152267456,1.4220352172851562,1.0910357236862183,1.3175991773605347,1.0075575113296509,1.1015487909317017,1.3548285961151123,1.1790417432785034,0.6559206247329712,1.0530601739883423,0.7854105234146118,0.9429269433021545,0.889249324798584,0.8754733800888062,0.9212827086448669,0.5873589515686035,0.6822085976600647,0.7067457437515259,0.6801550984382629,0.8440810441970825,0.6661796569824219,1.3762221336364746,1.187109112739563,1.454538345336914,0.9702526330947876,1.4253573417663574,1.3065948486328125,1.3961228132247925,1.4610426425933838,1.4878129959106445,1.522733449935913,1.4838240146636963,1.364321231842041,1.4077939987182617,1.2319155931472778,1.2915661334991455,0.934284508228302,0.9139848947525024,1.1641346216201782,1.1845788955688477,1.1336439847946167,1.3845360279083252,1.388839840888977,1.423069953918457,1.1236789226531982,1.1783819198608398,1.4505184888839722,1.5463790893554688,1.451040506362915,1.3756663799285889,1.4053950309753418,1.3846282958984375,1.4262182712554932,1.4016697406768799,1.1955825090408325,1.101728916168213,0.908838152885437,0.717728853225708,0.9314173460006714,0.7754805088043213,0.7109472751617432,0.8380271792411804,1.052043080329895,1.0061739683151245,0.8805477619171143,0.6817135214805603,1.220312476158142,1.1969786882400513,1.1319197416305542,1.004237174987793,0.6567893028259277,1.0112695693969727,1.0289300680160522,0.9076973795890808,1.247617244720459,1.1102373600006104,1.170208215713501,1.2219972610473633,0.6185594201087952,0.6248310804367065,0.5906946659088135,0.5552701354026794,0.6721974611282349,0.6746286749839783,0.6720931529998779,0.6216920614242554,0.802309513092041,0.8473833799362183
owl,0.7960741519927979,1.0228123664855957,0.6049113273620605,0.5313288569450378,0.0,0.8021098971366882,0.7992191314697266,0.8217324018478394,0.8734195828437805,0.9881808161735535,1.0290964841842651,1.1623098850250244,1.1332693099975586,1.0031875371932983,1.076082706451416,0.8699204921722412,1.0958882570266724,1.229650616645813,1.2581818103790283,0.9344382286071777,1.211307168006897,0.9703679084777832,1.159837007522583,1.0887255668640137,1.1965537071228027,0.9914963245391846,0.8187466263771057,0.9255472421646118,0.9695997834205627,0.9881736040115356,1.1262154579162598,0.8808650374412537,1.0476570129394531,0.8610896468162537,1.0485198497772217,0.7755224704742432,1.077614426612854,1.0591270923614502,1.020681619644165,1.0407803058624268,1.1439131498336792,1.059761643409729,1.0755858421325684,1.039965271949768,1.1149531602859497,1.205265998840332,1.2264466285705566,1.100319504737854,1.039747714996338,1.1303865909576416,1.071885108947754,1.1883435249328613,1.1592540740966797,1.1513421535491943,1.1482595205307007,0.961513876914978,0.9002494215965271,1.154162883758545,1.203182339668274,1.3213549852371216,1.1870431900024414,1.1020597219467163,1.1795575618743896,1.0911390781402588,1.2201876640319824,1.0858241319656372,0.9177199006080627,0.9204480051994324,0.8318343162536621,0.7539103031158447,0.8774843215942383,0.8643040657043457,1.0185421705245972,1.1766984462738037,1.1023008823394775,1.1254013776779175,0.7881795167922974,1.1911945343017578,0.9883222579956055,0.8204602003097534,0.8231386542320251,0.8306697010993958,0.9282820224761963,0.989035427570343,0.9170228242874146,1.0269184112548828,1.1333420276641846,1.1757285594940186,1.2128139734268188,0.8415424227714539,0.783704400062561,0.7067798376083374,0.7183479070663452,0.8948683142662048,0.84245365858078,0.8583228588104248,0.8607685565948486,1.0572049617767334,1.052890658378601
cat,0.7623390555381775,1.0125247240066528,1.0656273365020752,0.8048566579818726,0.8021098971366882,0.0,0.3882419466972351,0.9409850239753723,0.8143120408058167,0.9645689725875854,1.1260027885437012,1.2092890739440918,1.1637413501739502,1.2388863563537598,0.964428186416626,1.1578959226608276,0.9015983939170837,0.8536644577980042,1.0303608179092407,0.781571090221405,1.1031346321105957,0.6465225219726562,0.8416872024536133,0.9897428154945374,0.9748045206069946,0.9937017560005188,0.7148045301437378,0.717947244644165,0.9023382663726807,0.8352690935134888,0.9874332547187805,0.9164929389953613,1.077785611152649,1.0926859378814697,1.060678482055664,1.1639612913131714,1.308717966079712,1.2400792837142944,1.1553422212600708,1.0843873023986816,0.9965861439704895,1.069779396057129,1.0691018104553223,1.0477659702301025,1.0025779008865356,1.1199642419815063,1.0722821950912476,1.1444671154022217,1.196446418762207,1.1835782527923584,1.182071328163147,1.1283795833587646,1.0859806537628174,1.129555344581604,1.1411879062652588,0.934474527835846,1.1266403198242188,1.1384930610656738,1.1860886812210083,1.005373477935791,0.8871299028396606,1.1687334775924683,1.2666335105895996,1.1966921091079712,1.1631863117218018,1.1711333990097046,1.1889140605926514,1.1377103328704834,0.9472863674163818,1.0732944011688232,1.2059897184371948,0.9637722969055176,1.2047913074493408,1.1210527420043945,1.2023972272872925,1.1325905323028564,0.8631420135498047,1.1978344917297363,1.3593192100524902,1.2187325954437256,1.0891849994659424,1.1177338361740112,1.202013373374939,1.2206670045852661,1.1002106666564941,0.967303454875946,0.775927722454071,1.0101311206817627,1.0380327701568604,0.7243185639381409,0.8788858652114868,0.9043244123458862,0.8809900283813477,0.8249134421348572,0.6713435649871826,0.8087831139564514,0.8731419444084167,0.8197716474533081,1.0019701719284058
dog,0.4112091064453125,1.1457966566085815,0.7921210527420044,0.7969984412193298,0.7992191314697266,0.3882419466972351,0.0,0.9414967894554138,0.8246395587921143,1.0013911724090576,1.101125717163086,1.2617981433868408,1.1968058347702026,1.241161584854126,1.0950332880020142,0.8671833276748657,1.0471636056900024,1.1548362970352173,0.9821970462799072,0.7849366664886475,1.1242103576660156,0.9707051515579224,0.9497042298316956,0.9670672416687012,1.0092555284500122,0.8908227682113647,0.7617921233177185,0.7584165334701538,0.8219478726387024,1.0457464456558228,1.0910087823867798,1.0200241804122925,1.1514222621917725,0.9898034334182739,1.151037573814392,0.9204117059707642,1.185511589050293,1.2031359672546387,1.1336777210235596,1.075852870941162,1.1338467597961426,1.1370251178741455,1.206676721572876,1.1504755020141602,1.2023431062698364,1.211268663406372,0.9504656791687012,0.9558445811271667,1.0868446826934814,1.0976614952087402,1.1313843727111816,1.1766154766082764,1.217212200164795,1.176584005355835,1.2391718626022339,0.7901656627655029,0.9530687928199768,1.111731767654419,1.152730941772461,1.1529837846755981,1.2065311670303345,1.099446415901184,1.148552417755127,1.1595591306686401,1.1464778184890747,1.1697379350662231,1.0893332958221436,1.0025486946105957,0.9325900673866272,1.1555452346801758,0.9858648180961609,1.0057134628295898,1.059361219406128,1.042896032333374,1.1113076210021973,1.1333441734313965,1.0521665811538696,1.21067476272583,1.1896264553070068,0.942088782787323,0.7422059178352356,0.9538838863372803,0.9861091375350952,1.160506010055542,0.9022814035415649,0.8299951553344727,0.9132974147796631,1.1250625848770142,1.1325492858886719,0.8003555536270142,0.8630951642990112,0.9014828205108643,0.8377147912979126,0.8819389939308167,0.9010758996009827,0.9149516820907593,0.947546660900116,0.9730342626571655,1.0212961435317993
face,1.1596583127975464,1.2351725101470947,1.0716689825057983,0.84616619348526,0.8217324018478394,0.9409850239753723,0.9414967894554138,0.0,0.30563461780548096,0.6919314861297607,0.7304195761680603,0.9728354215621948,0.9847567081451416,0.9329684376716614,0.7286674976348877,0.9292828440666199,1.1388524770736694,1.2777125835418701,1.2426226139068604,0.8410775661468506,1.1416847705841064,0.8100320100784302,0.9349153637886047,0.93373042345047,1.0511904954910278,0.9021505117416382,0.7515640258789062,0.7844984531402588,0.8303476572036743,0.8744447231292725,0.9777078032493591,0.804232120513916,1.1969292163848877,1.0944744348526,1.207322597503662,1.0141441822052002,1.179077386856079,1.133975625038147,1.152726411819458,1.0765000581741333,1.275386095046997,1.2027937173843384,1.0709929466247559,0.7701038122177124,1.1464711427688599,1.1791391372680664,1.241590976715088,1.1148954629898071,1.2479684352874756,1.3168829679489136,1.2641725540161133,1.3585292100906372,1.3088817596435547,1.335097074508667,1.3303146362304688,1.1913747787475586,1.2090792655944824,1.2627334594726562,1.3532577753067017,1.3652416467666626,1.2966625690460205,1.3329670429229736,1.3688608407974243,1.3317675590515137,1.3615899085998535,1.276449203491211,1.1787853240966797,1.076426386833191,1.01079523563385,1.0611214637756348,0.9422914385795593,0.8062413930892944,0.9096723198890686,1.079518437385559,1.162367820739746,1.0266989469528198,0.8471601605415344,1.243643045425415,1.184694528579712,1.1214594841003418,0.8902785181999207,0.8892894983291626,1.1580302715301514,1.1439052820205688,1.1524027585983276,1.2170003652572632,1.2653027772903442,1.3983078002929688,1.4433283805847168,0.8900622725486755,0.5972450971603394,0.5821199417114258,0.6315165758132935,0.81461501121521,0.6669963002204895,0.5794757604598999,0.8274083137512207,0.893721342086792,0.9003104567527771
hair,1.234194040298462,1.3322240114212036,1.2214545011520386,0.7662758827209473,0.8734195828437805,0.8143120408058167,0.8246395587921143,0.30563461780548096,0.0,0.5446697473526001,0.678451418876648,0.9768329858779907,1.0306023359298706,0.9313762187957764,0.7731360197067261,0.9887532591819763,1.1864835023880005,1.3307087421417236,1.1978459358215332,0.7166840434074402,1.185343623161316,0.7150447964668274,0.8806537985801697,0.944104790687561,1.0177708864212036,0.9040091633796692,0.6796733140945435,0.7074641585350037,0.7844405174255371,0.8366450071334839,0.9655601978302002,0.750247597694397,1.360145092010498,1.166877269744873,1.320830225944519,1.139041781425476,1.2498635053634644,1.2764298915863037,1.313812494277954,1.0918359756469727,1.3277919292449951,1.2727081775665283,1.1519533395767212,0.8065212965011597,1.0924257040023804,1.156561255455017,1.2179648876190186,1.0533864498138428,1.1944756507873535,1.3157424926757812,1.2678786516189575,1.3111974000930786,1.3804614543914795,1.4032213687896729,1.4182525873184204,1.250211477279663,1.313198447227478,1.3495306968688965,1.4606112241744995,1.3885209560394287,1.354628324508667,1.4352399110794067,1.459697961807251,1.495487928390503,1.4600679874420166,1.3772366046905518,1.3195632696151733,1.0295289754867554,0.9186471700668335,1.1066312789916992,0.9395005702972412,0.8167564272880554,0.9594880938529968,1.151897668838501,1.2624166011810303,1.1269296407699585,0.7053037285804749,1.2897727489471436,1.308312177658081,1.313902497291565,1.0100973844528198,0.7472335696220398,1.1106939315795898,1.054435133934021,1.1216579675674438,1.223724126815796,1.1751538515090942,1.3915270566940308,1.467644453048706,0.748745322227478,0.5114464163780212,0.5221787095069885,0.43781810998916626,0.6231498718261719,0.431144118309021,0.39081764221191406,0.6504202485084534,0.6885436773300171,0.7385200262069702
arm,1.4289636611938477,1.379824161529541,1.3480370044708252,0.6679728031158447,0.9881808161735535,0.9645689725875854,1.0013911724090576,0.6919314861297607,0.5446697473526001,0.0,0.4411925673484802,0.8366098999977112,1.0053379535675049,0.8320854306221008,1.1149539947509766,1.1853805780410767,1.2755879163742065,1.4450006484985352,1.1147947311401367,0.447920024394989,1.097602367401123,0.792743444442749,0.9031368494033813,0.9034509062767029,0.9281929135322571,0.8822798728942871,0.46283942461013794,0.47245216369628906,0.625508189201355,0.6607539057731628,0.8212766647338867,0.5451064109802246,1.5389009714126587,1.2481441497802734,1.41685152053833,1.1287921667099,1.299038052558899,1.2753534317016602,1.41851007938385,1.4404064416885376,1.387415885925293,1.4398611783981323,1.2832057476043701,1.1656395196914673,1.3093228340148926,1.0737240314483643,1.2700088024139404,1.0057076215744019,1.142115831375122,1.2929739952087402,1.2714966535568237,1.1952518224716187,1.394139051437378,1.4205002784729004,1.476759910583496,1.4627491235733032,1.4818425178527832,1.4539700746536255,1.5648560523986816,1.4260623455047607,1.408369779586792,1.5014855861663818,1.5130103826522827,1.5898158550262451,1.531202793121338,1.453970193862915,1.3937883377075195,0.9385765790939331,1.0175397396087646,1.25180983543396,0.9345840215682983,0.7942517995834351,0.8657882213592529,1.1308094263076782,1.2444571256637573,1.0088611841201782,0.6388418674468994,1.239323616027832,1.3649914264678955,1.4250710010528564,0.9690927863121033,0.5290525555610657,0.838292121887207,0.7626043558120728,1.0457665920257568,1.337586522102356,1.0358949899673462,1.4252172708511353,1.4313486814498901,0.5334919095039368,0.3584524393081665,0.4207412004470825,0.6262193918228149,0.5225690603256226,0.36178058385849,0.31126904487609863,0.38547563552856445,0.525326132774353,0.5171109437942505
hand,1.3314265012741089,1.2732027769088745,1.20200777053833,0.9656898975372314,1.0290964841842651,1.1260027885437012,1.101125717163086,0.7304195761680603,0.678451418876648,0.4411925673484802,0.0,0.3347712755203247,0.5463282465934753,0.5906686782836914,0.7496405839920044,1.1061488389968872,1.2911674976348877,1.2953239679336548,1.244628667831421,0.919657826423645,1.0384228229522705,1.0625320672988892,1.0446677207946777,1.1138278245925903,1.1005464792251587,1.0547246932983398,0.9732685685157776,0.9535311460494995,1.0184855461120605,0.982242226600647,0.9858346581459045,0.9488829970359802,1.4034390449523926,1.0764631032943726,1.2831854820251465,1.0697815418243408,1.0075939893722534,1.0563640594482422,1.2043575048446655,1.1755995750427246,1.1640269756317139,1.178047776222229,1.0937693119049072,0.8515267968177795,0.9140769243240356,0.8461631536483765,1.26479172706604,0.9548735618591309,1.040987253189087,1.069679617881775,1.068629264831543,1.0252445936203003,1.1691837310791016,1.1777969598770142,1.256417155265808,1.2931760549545288,1.2647976875305176,1.3548156023025513,1.3591113090515137,1.3326852321624756,1.2787177562713623,1.3308191299438477,1.3174846172332764,1.4108192920684814,1.3352919816970825,1.2943661212921143,1.2567485570907593,0.7041124701499939,0.9701979160308838,1.0944188833236694,0.917969286441803,0.9294533729553223,0.9653384685516357,1.1857047080993652,1.1614556312561035,1.0375689268112183,0.7621015310287476,1.0811885595321655,0.9590321183204651,1.250938892364502,0.8353548645973206,0.6045534610748291,0.6332284212112427,0.6721416711807251,0.9439080953598022,1.2762798070907593,1.1259194612503052,1.353572964668274,1.3521385192871094,0.9140006303787231,0.7313934564590454,0.681293785572052,0.8464523553848267,0.9373108744621277,0.8004546165466309,0.7269739508628845,0.7562459707260132,0.8338005542755127,0.751712441444397
finger,1.205613374710083,0.8226771354675293,1.2478675842285156,1.324761152267456,1.1623098850250244,1.2092890739440918,1.2617981433868408,0.9728354215621948,0.9768329858779907,0.8366098999977112,0.3347712755203247,0.0,0.1306314468383789,0.5050157308578491,0.4332207441329956,1.216249704360962,1.1643866300582886,0.9487721920013428,1.1818466186523438,1.2826390266418457,1.0951547622680664,1.2646527290344238,1.2494503259658813,1.3454266786575317,1.2911604642868042,1.3517194986343384,1.3334159851074219,1.2488716840744019,1.427188515663147,1.3071258068084717,1.2770755290985107,1.2873444557189941,1.0394545793533325,0.9517168998718262,0.8581036329269409,0.955421507358551,0.6048282384872437,0.7004787921905518,0.7616046667098999,0.7527450323104858,0.5997539758682251,0.6255934238433838,0.5610002279281616,0.49072325229644775,0.4987591505050659,0.5108622312545776,1.1094553470611572,1.1940057277679443,1.165946125984192,0.9722020030021667,0.958614706993103,0.8894894123077393,0.7038779854774475,0.7653737664222717,0.7083351612091064,0.9583709239959717,0.985859215259552,0.9955189824104309,0.9563083648681641,0.9252419471740723,0.8237229585647583,1.0529446601867676,1.1276811361312866,0.9907310009002686,1.0552277565002441,1.12762451171875,0.9271342754364014,0.6992595195770264,1.152599573135376,0.9428818821907043,1.163151502609253,1.2558135986328125,1.377112865447998,1.3524290323257446,1.1759936809539795,1.1922216415405273,1.148876667022705,0.9071505665779114,0.8687759637832642,1.1913657188415527,0.9873312711715698,1.0181564092636108,0.714157223701477,0.5613042712211609,1.0160844326019287,1.1756203174591064,0.9595164656639099,0.9954670667648315,1.0175228118896484,1.2290213108062744,1.1545205116271973,1.1196264028549194,1.2101161479949951,1.2038642168045044,1.0943644046783447,1.0813864469528198,1.0661609172821045,0.9811609387397766,0.8493570685386658
toe,0.9782242178916931,0.6590741872787476,1.1417648792266846,1.4220352172851562,1.1332693099975586,1.1637413501739502,1.1968058347702026,0.9847567081451416,1.0306023359298706,1.0053379535675049,0.5463282465934753,0.1306314468383789,0.0,0.6064813137054443,0.3964177966117859,1.1799261569976807,1.1324844360351562,0.8168826103210449,1.1463426351547241,1.3976373672485352,1.11098051071167,1.332122802734375,1.3002372980117798,1.3942527770996094,1.3604764938354492,1.4311939477920532,1.4225728511810303,1.337049126625061,1.530848503112793,1.4071446657180786,1.372009038925171,1.3912277221679688,0.8363567590713501,0.8975911140441895,0.6741718053817749,0.8705607652664185,0.5568901300430298,0.6497184634208679,0.5805233120918274,0.5177589058876038,0.3689194917678833,0.41562795639038086,0.39386093616485596,0.36173951625823975,0.3875277638435364,0.5640550255775452,0.9826611280441284,1.2311651706695557,1.1893433332443237,0.9248625636100769,0.8921918272972107,0.893205463886261,0.5566167235374451,0.6136367321014404,0.5392866134643555,0.823816180229187,0.8118505477905273,0.7710259556770325,0.7286619544029236,0.7623932957649231,0.6709529161453247,0.8767759799957275,0.9830462336540222,0.7810357213020325,0.8974924087524414,1.0307813882827759,0.7842671275138855,0.7375516295433044,1.2087740898132324,0.9456931352615356,1.2725882530212402,1.391716718673706,1.4696370363235474,1.361905813217163,1.1498875617980957,1.2121613025665283,1.3184857368469238,0.8506467938423157,0.8745501041412354,1.0396751165390015,0.9386686086654663,1.1896564960479736,0.7075119018554688,0.5982354879379272,0.9008314609527588,0.9540799260139465,0.9185085296630859,0.8233526945114136,0.8463109731674194,1.3159154653549194,1.270857810974121,1.2419328689575195,1.2813010215759277,1.2746827602386475,1.194807767868042,1.185028314590454,1.1846016645431519,1.0698784589767456,0.9487069845199585
tooth,1.296540379524231,0.9479073286056519,1.1663026809692383,1.0910357236862183,1.0031875371932983,1.2388863563537598,1.241161584854126,0.9329684376716614,0.9313762187957764,0.8320854306221008,0.5906686782836914,0.5050157308578491,0.6064813137054443,0.0,0.6013434529304504,1.0027905702590942,1.2150602340698242,1.1279404163360596,1.2432918548583984,1.1643891334533691,1.1176726818084717,1.2855719327926636,1.329467535018921,1.313504695892334,1.3249589204788208,1.130359411239624,1.2045272588729858,1.1935126781463623,1.2506848573684692,1.1797832250595093,1.1876342296600342,1.1107728481292725,1.112398386001587,1.1269294023513794,1.0654345750808716,1.0198458433151245,0.7584737539291382,0.799232542514801,0.9562477469444275,1.0528632402420044,0.798198401927948,0.8109655380249023,0.7447975873947144,0.6856856942176819,0.6788326501846313,0.6208003759384155,1.2467968463897705,1.090296983718872,0.9702474474906921,1.040964126586914,1.0389554500579834,0.9571039080619812,0.8629201054573059,0.9401863813400269,0.8585249185562134,1.156903862953186,1.0893288850784302,1.15353262424469,1.1423897743225098,1.1513862609863281,0.9605862498283386,1.1848634481430054,1.2292962074279785,1.0666002035140991,1.1520229578018188,1.1409077644348145,0.8713357448577881,0.650571882724762,0.8631042242050171,0.757199764251709,0.9277645349502563,1.0927295684814453,1.140328049659729,1.3331677913665771,1.2008311748504639,1.2402498722076416,0.9467304944992065,0.9550914168357849,0.8945310115814209,1.149823784828186,1.0170124769210815,0.8174675703048706,0.8059560060501099,0.6517367959022522,1.0712473392486572,1.331758737564087,1.1316931247711182,1.2103720903396606,1.2300070524215698,1.1639602184295654,0.9989747405052185,0.8554299473762512,1.0560927391052246,1.202147364616394,1.0964622497558594,1.013692855834961,0.9186210036277771,0.9849255084991455,0.936593234539032
nose,1.0934550762176514,0.8434935808181763,1.2137583494186401,1.3175991773605347,1.076082706451416,0.964428186416626,1.0950332880020142,0.7286674976348877,0.7731360197067261,1.1149539947509766,0.7496405839920044,0.4332207441329956,0.3964177966117859,0.6013434529304504,0.0,1.1819891929626465,1.1626163721084595,0.860096275806427,1.2273876667022705,1.324895977973938,1.1297146081924438,1.1921361684799194,1.2047358751296997,1.3133081197738647,1.2792049646377563,1.3136851787567139,1.324779748916626,1.2617696523666382,1.4163410663604736,1.2931911945343018,1.262542963027954,1.3477587699890137,0.8925473690032959,0.9590910077095032,0.8406749367713928,0.9995120763778687,0.6904692649841309,0.7301791906356812,0.765807032585144,0.6414055824279785,0.6058984994888306,0.6197329163551331,0.5329259634017944,0.28267204761505127,0.44500255584716797,0.6116577982902527,1.1400721073150635,1.2403517961502075,1.2619972229003906,1.0753241777420044,1.0873026847839355,1.107894778251648,0.8029482960700989,0.9011067152023315,0.778105616569519,0.8890988826751709,1.0165815353393555,0.978251039981842,0.9487306475639343,0.9161412119865417,0.7903523445129395,1.1241416931152344,1.1483243703842163,0.9589585065841675,1.040032982826233,1.105364441871643,0.9120092988014221,0.9129431247711182,1.0995442867279053,0.8952577710151672,1.239187240600586,1.2608495950698853,1.4314910173416138,1.3510181903839111,1.2545846700668335,1.2273962497711182,1.1365506649017334,1.0288630723953247,0.9950576424598694,1.2116868495941162,1.1600010395050049,1.1420305967330933,1.0160740613937378,0.8504995703697205,1.1029247045516968,1.1193881034851074,0.9992867708206177,0.9928357601165771,1.039169192314148,1.2505038976669312,1.237870693206787,1.118140459060669,1.1879768371582031,1.2093141078948975,1.095619797706604,1.100276231765747,1.136782169342041,0.988318145275116,0.9050225019454956
stroller,0.8497717380523682,1.2118676900863647,0.7348228096961975,1.0075575113296509,0.8699204921722412,1.1578959226608276,0.8671833276748657,0.9292828440666199,0.9887532591819763,1.1853805780410767,1.1061488389968872,1.216249704360962,1.1799261569976807,1.0027905702590942,1.1819891929626465,0.0,0.9142683148384094,1.1851420402526855,0.8797228932380676,1.0035622119903564,1.0810307264328003,1.1517904996871948,1.021485447883606,0.7681589722633362,1.0005500316619873,0.603888750076294,0.9574962258338928,0.9910291433334351,0.8784042596817017,1.1735632419586182,1.1527668237686157,1.0343109369277954,1.060295820236206,1.0134844779968262,1.1461637020111084,0.9879763126373291,1.0435000658035278,1.0955711603164673,1.0705236196517944,1.0095784664154053,1.1695152521133423,1.1115615367889404,1.1882814168930054,1.1637015342712402,1.1732728481292725,1.133824348449707,0.815712571144104,0.9154564142227173,0.8439780473709106,1.0320466756820679,1.0327956676483154,1.1005468368530273,1.1733195781707764,1.0955493450164795,1.105603575706482,0.9008374214172363,0.7823079228401184,0.8967386484146118,0.9820381999015808,1.1123497486114502,1.251348614692688,0.8890032768249512,0.812271237373352,1.077345609664917,1.0743046998977661,1.0632296800613403,0.9421290159225464,1.0872631072998047,0.8818259835243225,0.9739198684692383,0.7659039497375488,0.863346517086029,0.7316505908966064,0.7455288171768188,0.7683573961257935,0.9986303448677063,1.098400354385376,1.0087783336639404,0.7032849192619324,0.423969566822052,0.6227302551269531,0.8218158483505249,0.8441473245620728,0.9878442287445068,0.7946354746818542,0.7498906850814819,1.0762932300567627,1.043378233909607,1.0708963871002197,1.0113197565078735,0.8891030550003052,0.8803054094314575,0.7732646465301514,0.9232022166252136,1.12906014919281,1.0880072116851807,1.0395678281784058,1.111081600189209,1.1112546920776367
car,0.9106141328811646,0.8039655685424805,0.9006016254425049,1.1015487909317017,1.0958882570266724,0.9015983939170837,1.0471636056900024,1.1388524770736694,1.1864835023880005,1.2755879163742065,1.2911674976348877,1.1643866300582886,1.1324844360351562,1.2150602340698242,1.1626163721084595,0.9142683148384094,0.0,0.702533483505249,0.928681492805481,1.1028087139129639,0.9577491283416748,0.8732619285583496,0.997603178024292,1.0368372201919556,1.024613618850708,1.0632574558258057,1.1697354316711426,1.1068379878997803,1.1243393421173096,1.0342906713485718,0.9994854927062988,1.0718328952789307,0.7775098085403442,0.9629839062690735,0.8672252297401428,1.155192494392395,1.0141358375549316,1.0206247568130493,0.9269570112228394,0.8625026941299438,0.8402540683746338,0.7813259363174438,0.9177500605583191,1.0684725046157837,0.9901020526885986,1.058250904083252,0.8975682854652405,1.0862321853637695,0.9313586950302124,0.9021094441413879,0.8963403701782227,0.8010457754135132,0.7794722318649292,0.7422889471054077,0.730368971824646,0.7748025059700012,0.815302848815918,0.796435534954071,0.7763411402702332,0.7770414352416992,0.634955108165741,0.791998565196991,0.7932339906692505,0.6954125165939331,0.7135933637619019,0.7890884876251221,0.880142331123352,1.196683406829834,1.0107861757278442,0.9722428321838379,1.1412878036499023,0.8191272020339966,1.0526952743530273,0.9061259627342224,0.7173453569412231,0.9569078087806702,1.088173747062683,0.9209765195846558,0.8893964886665344,0.8472729921340942,1.0540698766708374,1.3027153015136719,1.1291241645812988,1.1953204870224,1.019423484802246,0.9822112321853638,0.8059608936309814,0.8723219633102417,0.8419573307037354,1.1781233549118042,1.2616406679153442,1.3206385374069214,1.1283564567565918,1.2078200578689575,1.2118104696273804,1.2844905853271484,1.2548511028289795,1.1799006462097168,1.2330926656723022
lamp,0.7824424505233765,0.5193745493888855,0.9563087224960327,1.3548285961151123,1.229650616645813,0.8536644577980042,1.1548362970352173,1.2777125835418701,1.3307087421417236,1.4450006484985352,1.2953239679336548,0.9487721920013428,0.8168826103210449,1.1279404163360596,0.860096275806427,1.1851420402526855,0.702533483505249,0.0,0.7745988965034485,1.464181900024414,0.725706160068512,0.7917123436927795,0.8041243553161621,1.0500417947769165,0.8889303803443909,1.2821106910705566,1.4680018424987793,1.408125877380371,1.378763198852539,1.1211680173873901,1.0256506204605103,1.3635001182556152,0.41929054260253906,0.9876030087471008,0.5596594214439392,1.0609524250030518,0.828629732131958,0.8594626784324646,0.6603997945785522,0.6320478916168213,0.4976388216018677,0.5296118855476379,0.6353664398193359,0.7977358102798462,0.638864278793335,0.9479721188545227,0.6376233100891113,1.045438289642334,0.9695020318031311,0.6861945986747742,0.6144670844078064,0.6672207117080688,0.4059378504753113,0.42847108840942383,0.45276468992233276,0.6210947036743164,0.6663314700126648,0.5282320380210876,0.43800097703933716,0.3238259553909302,0.39485466480255127,0.6418158411979675,0.7169517278671265,0.5232885479927063,0.6615610122680664,0.7425419688224792,0.7708708047866821,1.1235545873641968,1.0391343832015991,1.0189824104309082,1.377341866493225,1.1654871702194214,1.3816975355148315,0.9733782410621643,0.9188869595527649,0.8227173089981079,1.2221235036849976,0.5437665581703186,0.9323281645774841,1.0025540590286255,1.173497200012207,1.4983959197998047,1.107897400856018,1.1127524375915527,1.162198781967163,0.826080322265625,0.8525680303573608,0.4720853567123413,0.4349234104156494,1.415340542793274,1.5044199228286743,1.4973822832107544,1.4216461181640625,1.4061275720596313,1.3477451801300049,1.4349631071090698,1.5267046689987183,1.2955477237701416,1.3349063396453857
chair,0.880770742893219,1.113968849182129,1.169740915298462,1.1790417432785034,1.2581818103790283,1.0303608179092407,0.9821970462799072,1.2426226139068604,1.1978459358215332,1.1147947311401367,1.244628667831421,1.1818466186523438,1.1463426351547241,1.2432918548583984,1.2273876667022705,0.8797228932380676,0.928681492805481,0.7745988965034485,0.0,0.7670040130615234,0.8049308061599731,0.7800121307373047,0.5974538326263428,0.6455329656600952,0.6594629287719727,0.47305595874786377,0.9322869777679443,0.8643791675567627,0.5963454246520996,0.9627575874328613,0.9502714276313782,0.8824886679649353,0.9271764755249023,1.2383403778076172,1.0795761346817017,1.181236743927002,1.133188247680664,1.119423270225525,1.1472171545028687,1.0069687366485596,0.9914516806602478,1.0644516944885254,1.1641054153442383,1.1383733749389648,1.0731861591339111,1.2020289897918701,0.5632027983665466,0.9297700524330139,0.9134085178375244,0.9496148824691772,0.8673174381256104,0.8632806539535522,0.9379960298538208,0.8969418406486511,0.9573575854301453,0.8565539717674255,1.0174301862716675,0.847520112991333,0.774493396282196,0.5179077386856079,0.9897752404212952,0.7084704637527466,0.7845791578292847,0.9260175228118896,0.9251549243927002,0.9937546253204346,1.0290398597717285,1.2152175903320312,0.9984457492828369,1.1582603454589844,1.1568223237991333,1.1726490259170532,0.9211373925209045,0.565131425857544,0.8657200336456299,0.9440702199935913,1.0330137014389038,0.893078625202179,1.2045775651931763,0.9587005376815796,1.0318820476531982,1.178881049156189,1.0879406929016113,0.998964250087738,0.9688310623168945,0.7675722241401672,0.7864846587181091,0.7016510963439941,0.6821251511573792,0.959954023361206,1.0825843811035156,1.2337491512298584,1.091876745223999,0.8856496810913086,1.020374059677124,1.087664008140564,1.041540265083313,0.9312145113945007,1.001070261001587
bench,1.2937250137329102,1.4962997436523438,1.3665804862976074,0.6559206247329712,0.9344382286071777,0.781571090221405,0.7849366664886475,0.8410775661468506,0.7166840434074402,0.447920024394989,0.919657826423645,1.2826390266418457,1.3976373672485352,1.1643891334533691,1.324895977973938,1.0035622119903564,1.1028087139129639,1.464181900024414,0.7670040130615234,0.0,1.0889043807983398,0.6786909103393555,0.7625833749771118,0.8046711683273315,0.7799826860427856,0.5164672136306763,0.13447928428649902,0.10256314277648926,0.32680267095565796,0.5895333886146545,0.7657567858695984,0.4081760048866272,1.5647941827774048,1.2771168947219849,1.4753050804138184,1.254889965057373,1.5175524950027466,1.4555037021636963,1.5725287199020386,1.5030229091644287,1.4876630306243896,1.5436465740203857,1.4570825099945068,1.384225845336914,1.4735877513885498,1.3446589708328247,1.1694568395614624,0.9876730442047119,1.1672890186309814,1.4232556819915771,1.4193907976150513,1.2912967205047607,1.56752610206604,1.5604790449142456,1.5958757400512695,1.4231085777282715,1.510162115097046,1.4763823747634888,1.588965654373169,1.380333423614502,1.4316829442977905,1.3590447902679443,1.447563648223877,1.5931015014648438,1.4750596284866333,1.4094452857971191,1.476352572441101,1.2018312215805054,0.9093473553657532,1.2728793621063232,0.9685640335083008,0.8624473214149475,0.7408320903778076,0.9006888270378113,1.156728982925415,1.0363279581069946,0.6299285888671875,1.4239623546600342,1.4594658613204956,1.3130279779434204,0.9403027892112732,0.6336569786071777,1.0779556035995483,0.9752382636070251,0.9838553667068481,1.1884288787841797,0.7175372242927551,1.3081629276275635,1.3043558597564697,0.19842612743377686,0.338226318359375,0.5171803832054138,0.5704801082611084,0.38606274127960205,0.41005128622055054,0.4564206004142761,0.31137824058532715,0.49688541889190674,0.614000678062439
drawer,0.989917516708374,1.0023832321166992,0.9397227764129639,1.0530601739883423,1.211307168006897,1.1031346321105957,1.1242103576660156,1.1416847705841064,1.185343623161316,1.097602367401123,1.0384228229522705,1.0951547622680664,1.11098051071167,1.1176726818084717,1.1297146081924438,1.0810307264328003,0.9577491283416748,0.725706160068512,0.8049308061599731,1.0889043807983398,0.0,0.7652431726455688,0.47083741426467896,0.6168657541275024,0.434039831161499,0.9181064963340759,1.1001946926116943,1.119364619255066,0.9449430704116821,0.5868425369262695,0.5553207397460938,0.9288712739944458,0.814424991607666,1.0936020612716675,1.0587289333343506,1.095893144607544,1.2017204761505127,1.161609172821045,1.1072508096694946,1.0832598209381104,1.0361915826797485,1.0610626935958862,1.1421011686325073,1.0688124895095825,1.0241057872772217,1.1937311887741089,0.7094150185585022,0.7355798482894897,0.5727959871292114,0.600757896900177,0.6227030158042908,0.6003444194793701,0.8399092555046082,0.7549306154251099,0.9367052316665649,1.03972589969635,1.0220900774002075,0.9716493487358093,0.9185720086097717,0.7171849012374878,0.920513927936554,0.7368004322052002,0.8822492361068726,0.8844342231750488,0.8960000276565552,0.844732403755188,1.1032569408416748,1.2283556461334229,1.0094444751739502,1.2137072086334229,1.114478349685669,1.0054535865783691,0.7948528528213501,0.5752331018447876,0.7899633646011353,0.5743274092674255,0.9312025308609009,0.714983344078064,0.9659806489944458,0.9656029939651489,1.0936983823776245,1.2154345512390137,1.1898014545440674,1.1734882593154907,1.0374146699905396,0.8799450397491455,1.1304078102111816,0.9004986882209778,0.7880550622940063,1.1557753086090088,1.1877503395080566,1.2052197456359863,1.1671254634857178,1.1573569774627686,1.1615432500839233,1.1946947574615479,1.218459129333496,1.1744749546051025,1.150628685951233
