,frog,nose,face,hair,arm,hand,finger,toe,lamp,drawer,chair,table,couch,bed,crib,window,door,refrigerator,oven,sink,bathtub,shirt,bib,pajamas,pants,slipper,shoe,sock,glove,blanket,pillow,towel,napkin,doll,toy,tray,box,book,paper,basket,purse,comb,hat,glasses,scissors,fork,spoon,crayon,pencil,pen,knife,toothbrush,gum,balloon,ball,egg,orange,apple,banana,plant,bread,plate,bowl,bottle,cup,bucket,can
frog,0.0,0.883464515209198,0.9250741004943848,1.0417070388793945,1.1437948942184448,0.9547339081764221,0.9048415422439575,0.9006434679031372,1.1434240341186523,1.0374358892440796,1.304471492767334,1.1863933801651,1.2378517389297485,1.2574784755706787,1.2347280979156494,1.155005931854248,1.104779839515686,1.1894903182983398,1.19997239112854,1.202880859375,1.242748737335205,1.1814371347427368,1.2128117084503174,1.214551329612732,1.12788987159729,0.7954200506210327,0.9651105999946594,1.0935002565383911,0.9028946161270142,1.211867332458496,1.0288853645324707,1.012162446975708,0.9897214770317078,0.9777619242668152,0.9109077453613281,1.0045366287231445,1.0630643367767334,0.983404278755188,1.0544887781143188,1.16865074634552,1.1158357858657837,1.0021178722381592,0.8905296921730042,0.8000984191894531,0.9436655640602112,0.901115894317627,0.9055191278457642,0.6980105638504028,0.7960529923439026,0.8373861312866211,0.7948611974716187,0.9780767560005188,0.5961002111434937,0.9597581028938293,0.8871038556098938,0.7844884395599365,0.7296900749206543,0.6105610728263855,0.49205321073532104,0.7211446762084961,0.6781090497970581,0.9073660373687744,1.0607492923736572,0.9577456712722778,1.03505539894104,1.0997767448425293,1.0892670154571533
nose,0.883464515209198,0.0,0.450441837310791,0.5370895862579346,0.8615674376487732,0.5411334037780762,0.3614809513092041,0.40025413036346436,1.1108096837997437,1.0791425704956055,1.2458837032318115,1.251230001449585,1.1450467109680176,1.2303547859191895,1.2246994972229004,1.0539318323135376,1.0763615369796753,1.2016150951385498,1.2327388525009155,1.2448146343231201,1.2354315519332886,0.9103248715400696,0.9844154119491577,1.0352635383605957,0.8888733983039856,0.9088422656059265,1.0243271589279175,0.8879528045654297,1.045055627822876,1.1579339504241943,0.9986640214920044,1.1178693771362305,1.0943552255630493,1.0974152088165283,1.2073477506637573,1.313324213027954,1.2172369956970215,1.1684837341308594,1.1193114519119263,1.2716169357299805,1.1933598518371582,1.017295479774475,0.7169744372367859,0.3524359464645386,1.1234549283981323,0.9983557462692261,1.034704566001892,0.8055393695831299,0.9077519178390503,0.9117092490196228,0.9619943499565125,1.0183824300765991,0.6675844788551331,0.9520545601844788,0.9099441170692444,0.6294050812721252,0.7385762929916382,0.7196571826934814,0.8919928073883057,1.1100033521652222,0.8490058183670044,1.1292368173599243,1.219640851020813,1.1169097423553467,1.1352190971374512,1.2691068649291992,1.136156439781189
face,0.9250741004943848,0.450441837310791,0.0,0.41090065240859985,0.65549635887146,0.7496249675750732,0.8162469267845154,0.774611234664917,1.0949432849884033,1.1318683624267578,1.0419362783432007,0.9396154284477234,0.8588389754295349,0.8865057826042175,0.9501137137413025,0.9882673025131226,0.9880924820899963,0.9566101431846619,1.0767637491226196,1.1057624816894531,0.9168775677680969,0.6068167090415955,0.8091968297958374,0.7259722948074341,0.6415596604347229,1.202965259552002,1.0950621366500854,0.8317936062812805,1.0797605514526367,0.9449337720870972,1.0930842161178589,1.2146636247634888,1.232801079750061,0.9942212700843811,1.135833740234375,1.2250629663467407,1.1922552585601807,1.1744358539581299,1.1147873401641846,1.2612030506134033,1.2194877862930298,1.0577893257141113,1.0015722513198853,0.7431221008300781,1.2583463191986084,1.2163958549499512,1.294830560684204,1.1936322450637817,1.2303234338760376,1.2449073791503906,1.2684481143951416,1.0525132417678833,0.9166521430015564,1.1110808849334717,1.1448698043823242,1.00490140914917,0.9854490756988525,1.0567315816879272,1.085512399673462,1.1347010135650635,1.0568747520446777,1.246572494506836,1.3027231693267822,1.2264552116394043,1.2504298686981201,1.3194202184677124,1.2173404693603516
hair,1.0417070388793945,0.5370895862579346,0.41090065240859985,0.0,0.6688145399093628,0.7462944388389587,0.8279705047607422,0.8303108811378479,1.0146230459213257,1.1004940271377563,1.0198506116867065,0.9171419143676758,0.8745033740997314,0.9485048651695251,0.9780402779579163,0.9386248588562012,0.9582031965255737,0.9541726112365723,1.077040195465088,1.0773899555206299,0.9703270196914673,0.6170390248298645,0.8070510625839233,0.7259251475334167,0.6576453447341919,1.2195854187011719,1.065821886062622,0.8770827054977417,1.0680879354476929,0.9447376728057861,1.0483028888702393,1.1546545028686523,1.1854139566421509,0.983980655670166,1.155522346496582,1.2400089502334595,1.1952570676803589,1.1106386184692383,1.0704784393310547,1.1861470937728882,1.1411818265914917,0.8445932865142822,0.765008807182312,0.7590380907058716,1.1110436916351318,1.1327646970748901,1.2087774276733398,1.1604889631271362,1.1625399589538574,1.1632261276245117,1.1640875339508057,1.088850736618042,1.0106399059295654,1.0857625007629395,1.118545651435852,1.013806939125061,1.0572187900543213,1.089667558670044,1.1112509965896606,1.0151606798171997,1.0529006719589233,1.207361102104187,1.2740367650985718,1.1458207368850708,1.2649487257003784,1.3225082159042358,1.1764006614685059
arm,1.1437948942184448,0.8615674376487732,0.65549635887146,0.6688145399093628,0.0,0.5130412578582764,0.77083420753479,0.8178974390029907,1.0728529691696167,1.0763514041900635,0.913099467754364,0.7656363248825073,0.7281155586242676,0.7855633497238159,0.9687304496765137,0.9892736673355103,1.005021333694458,0.9137932658195496,1.006517767906189,1.0546914339065552,0.880712628364563,0.47049176692962646,0.6206517219543457,0.6367199420928955,0.5476745963096619,1.3074219226837158,1.1872440576553345,0.6934841871261597,0.7857860326766968,0.8062361478805542,0.9069294929504395,1.095455527305603,1.0954842567443848,1.1507378816604614,1.2360196113586426,1.2044000625610352,1.1509891748428345,1.14128839969635,0.9500313997268677,1.2824227809906006,1.1738612651824951,0.9767165780067444,1.2124605178833008,1.0565894842147827,1.2037427425384521,1.1766144037246704,1.2603791952133179,1.2076175212860107,1.1973711252212524,1.2153046131134033,1.2098106145858765,0.9199304580688477,1.0766727924346924,1.242020606994629,1.3080132007598877,1.1851168870925903,1.2019394636154175,1.2828258275985718,1.2266578674316406,1.1804102659225464,1.0987842082977295,1.3169804811477661,1.3667480945587158,1.327586054801941,1.262850284576416,1.316095232963562,1.1427143812179565
hand,0.9547339081764221,0.5411334037780762,0.7496249675750732,0.7462944388389587,0.5130412578582764,0.0,0.23453950881958008,0.3555198907852173,1.17564058303833,1.0613030195236206,1.1554492712020874,1.1306277513504028,1.0938043594360352,1.1890742778778076,1.181978702545166,1.1012318134307861,1.0906050205230713,1.1521170139312744,1.1839783191680908,1.180438756942749,1.2095142602920532,0.8885565996170044,0.821776807308197,0.9654877781867981,0.9152593612670898,0.9567452669143677,1.0030412673950195,0.8110824823379517,0.4994410276412964,1.0959501266479492,0.9590176939964294,1.0336986780166626,1.0492932796478271,1.0240298509597778,1.1292937994003296,1.1428782939910889,1.1540586948394775,1.0558611154556274,0.9880069494247437,1.2344690561294556,1.1212950944900513,1.0185173749923706,0.9867634773254395,0.8558772802352905,1.0252641439437866,0.9155451059341431,1.0134330987930298,0.9909254312515259,1.0176459550857544,1.0124939680099487,1.0175285339355469,0.8279788494110107,0.769853949546814,1.090169906616211,1.0835249423980713,0.9039767980575562,1.0107436180114746,1.0123403072357178,0.987695038318634,1.1313974857330322,0.9916651248931885,1.1454344987869263,1.1878706216812134,1.1909724473953247,1.1235190629959106,1.2503901720046997,1.160794734954834
finger,0.9048415422439575,0.3614809513092041,0.8162469267845154,0.8279705047607422,0.77083420753479,0.23453950881958008,0.0,0.1474553346633911,1.1914604902267456,1.0587825775146484,1.3066117763519287,1.3504366874694824,1.2642121315002441,1.3577890396118164,1.3524954319000244,1.1617755889892578,1.1396762132644653,1.3162953853607178,1.299936294555664,1.2792258262634277,1.3344916105270386,1.0908584594726562,1.1218302249908447,1.1541154384613037,1.0027438402175903,0.6949012875556946,1.006818413734436,0.881061315536499,0.7651685476303101,1.2889773845672607,1.0160348415374756,1.1034880876541138,1.0678635835647583,1.163432002067566,1.2291927337646484,1.292220115661621,1.2266685962677002,1.1171672344207764,1.0745289325714111,1.2721385955810547,1.1827678680419922,0.9693191647529602,0.7730595469474792,0.540924072265625,1.0207878351211548,0.7540713548660278,0.843575119972229,0.6001098155975342,0.7025055289268494,0.6982042789459229,0.7428252696990967,0.8657361268997192,0.6204383969306946,0.9386155009269714,0.8361461758613586,0.5261706113815308,0.6978626847267151,0.6361591815948486,0.8013220429420471,1.1195752620697021,0.7878054976463318,1.0796972513198853,1.1751389503479004,1.0302236080169678,1.0647047758102417,1.202359914779663,1.0746636390686035
toe,0.9006434679031372,0.40025413036346436,0.774611234664917,0.8303108811378479,0.8178974390029907,0.3555198907852173,0.1474553346633911,0.0,1.2412959337234497,1.095022439956665,1.3056001663208008,1.418879747390747,1.2418628931045532,1.3410460948944092,1.3297678232192993,1.2123496532440186,1.164179801940918,1.330601692199707,1.3113852739334106,1.3190526962280273,1.3406717777252197,1.0894397497177124,1.1219837665557861,1.0974171161651611,0.9642808437347412,0.4761497974395752,0.731559693813324,0.8093004822731018,0.7368184924125671,1.3102144002914429,1.0022950172424316,1.0796148777008057,1.089377522468567,1.0992186069488525,1.212160587310791,1.324813723564148,1.2297776937484741,1.1502101421356201,1.1564604043960571,1.215169072151184,1.1075178384780884,1.024163842201233,0.7489595413208008,0.5526768565177917,1.025079607963562,0.7897961139678955,0.8631316423416138,0.6292799711227417,0.7256869077682495,0.7258254289627075,0.7531410455703735,0.9771845936775208,0.7455820441246033,0.9554898738861084,0.83775395154953,0.5551482439041138,0.7100754380226135,0.6499683856964111,0.7867177724838257,1.0875096321105957,0.7592477798461914,1.1207177639007568,1.1714327335357666,0.9887034893035889,1.0428409576416016,1.1433172225952148,1.0688419342041016
lamp,1.1434240341186523,1.1108096837997437,1.0949432849884033,1.0146230459213257,1.0728529691696167,1.17564058303833,1.1914604902267456,1.2412959337234497,0.0,1.0090827941894531,0.9958683848381042,0.8347374796867371,1.0177007913589478,0.9908080697059631,1.0302156209945679,0.6096145510673523,0.7772732377052307,0.9322706460952759,0.8600990772247314,0.6366474628448486,0.7626451253890991,1.065431833267212,1.0662635564804077,1.1556304693222046,1.1900795698165894,1.1533578634262085,1.1173325777053833,1.2361016273498535,1.2164512872695923,1.0065605640411377,1.114499568939209,1.0488593578338623,0.9207155704498291,1.1436923742294312,1.1261448860168457,0.9268712997436523,1.088944435119629,1.109131097793579,0.9584245681762695,1.0221775770187378,1.1085219383239746,0.993744432926178,1.0233913660049438,1.090165376663208,0.9787212014198303,0.9388867020606995,0.8380632996559143,1.1619318723678589,1.0514490604400635,1.0248875617980957,1.0493063926696777,1.0843636989593506,1.1208065748214722,0.8855896592140198,0.9337504506111145,1.0179842710494995,1.0745584964752197,1.0917737483978271,1.1601409912109375,0.8979496955871582,1.076507568359375,0.6873400211334229,0.678778350353241,0.9823928475379944,0.8675264120101929,0.9105039238929749,0.8584314584732056
drawer,1.0374358892440796,1.0791425704956055,1.1318683624267578,1.1004940271377563,1.0763514041900635,1.0613030195236206,1.0587825775146484,1.095022439956665,1.0090827941894531,0.0,0.5801373720169067,0.8183741569519043,0.8076536059379578,0.8364938497543335,0.7423948049545288,0.8393850326538086,0.5962464213371277,0.6670519113540649,0.47816282510757446,0.7267910838127136,0.8667415976524353,1.1583192348480225,1.1692705154418945,1.1237176656723022,1.0060486793518066,1.007717490196228,1.0240957736968994,1.1552016735076904,1.1358941793441772,1.0555338859558105,0.787188708782196,0.9038644433021545,0.8902161121368408,1.0841540098190308,1.0560824871063232,0.6263411045074463,0.35237109661102295,0.7803071737289429,0.7642292380332947,0.680051863193512,0.7627297043800354,0.9266951680183411,1.098626971244812,1.039557695388794,0.9586264491081238,0.8769571781158447,0.9183288812637329,0.979961097240448,0.8766307234764099,0.8865553736686707,0.8106098175048828,1.0672873258590698,1.1587188243865967,1.175079107284546,1.1788263320922852,1.1314746141433716,1.1221227645874023,1.112884521484375,1.064949870109558,0.9947177171707153,0.9530375003814697,0.951041579246521,0.972230851650238,1.0562944412231445,1.0253127813339233,0.8563077449798584,0.7662384510040283
chair,1.304471492767334,1.2458837032318115,1.0419362783432007,1.0198506116867065,0.913099467754364,1.1554492712020874,1.3066117763519287,1.3056001663208008,0.9958683848381042,0.5801373720169067,0.0,0.5782337188720703,0.4320676326751709,0.522695779800415,0.42568159103393555,0.8174894452095032,0.6586305499076843,0.6608700156211853,0.6880428791046143,0.8030197620391846,0.7241060137748718,0.8635448217391968,0.8740290999412537,0.8256497383117676,0.7550563812255859,1.2598555088043213,1.068087100982666,0.940937340259552,1.2073179483413696,0.7795120477676392,0.7860491871833801,0.9582366347312927,1.0300712585449219,0.9952046275138855,0.9206559658050537,0.8443406820297241,0.6385778188705444,0.8807677030563354,0.9169477224349976,0.6310771107673645,0.7386659383773804,1.0207725763320923,1.1848050355911255,1.3084715604782104,1.1142354011535645,1.2495386600494385,1.2902710437774658,1.38821542263031,1.314589262008667,1.31679368019104,1.286616563796997,1.1505014896392822,1.4050862789154053,1.2544198036193848,1.3618329763412476,1.4492603540420532,1.3950176239013672,1.4443044662475586,1.3565986156463623,1.0632762908935547,1.2834349870681763,1.1892776489257812,1.1061668395996094,1.1497973203659058,1.031368374824524,0.8390198349952698,0.8415154218673706
table,1.1863933801651,1.251230001449585,0.9396154284477234,0.9171419143676758,0.7656363248825073,1.1306277513504028,1.3504366874694824,1.418879747390747,0.8347374796867371,0.8183741569519043,0.5782337188720703,0.0,0.5221372246742249,0.5370694398880005,0.5836167335510254,0.8152249455451965,0.8652725219726562,0.603983998298645,0.773760199546814,0.6476622819900513,0.6008642911911011,0.6955263018608093,0.7186833024024963,0.7267194390296936,0.8685762882232666,1.4404621124267578,1.2351547479629517,0.9865100383758545,1.1357001066207886,0.7124248743057251,1.0352078676223755,1.003830909729004,0.922273576259613,0.958105206489563,0.9663910269737244,0.5699818730354309,0.8014257550239563,0.848061740398407,0.7070150375366211,0.9268777370452881,1.0676249265670776,1.150345802307129,1.3318487405776978,1.2629306316375732,1.149531364440918,1.2070387601852417,1.1816072463989258,1.3892621994018555,1.3312342166900635,1.337939977645874,1.302789568901062,0.9953780770301819,1.2526026964187622,1.1799330711364746,1.2716350555419922,1.3559141159057617,1.34012770652771,1.3751819133758545,1.2485886812210083,1.04078209400177,1.1618071794509888,0.8585479259490967,0.9205605983734131,1.1353132724761963,0.988705575466156,1.025306224822998,1.004728078842163
couch,1.2378517389297485,1.1450467109680176,0.8588389754295349,0.8745033740997314,0.7281155586242676,1.0938043594360352,1.2642121315002441,1.2418628931045532,1.0177007913589478,0.8076536059379578,0.4320676326751709,0.5221372246742249,0.0,0.2149752974510193,0.5586243271827698,0.8246880769729614,0.7364505529403687,0.7318154573440552,0.7948160767555237,0.8172982931137085,0.6364535093307495,0.6869808435440063,0.785808801651001,0.6026248931884766,0.6433330774307251,1.3006917238235474,1.0756804943084717,0.8234068155288696,1.1378525495529175,0.4457877278327942,0.5313998460769653,0.8781298995018005,1.023579716682434,0.9921056628227234,1.0504636764526367,1.0017549991607666,0.8829507827758789,1.00443434715271,0.9619008898735046,0.8834977149963379,0.8652932643890381,1.109079360961914,1.21266770362854,1.24447500705719,1.323928713798523,1.4046432971954346,1.4212112426757812,1.4074666500091553,1.3865439891815186,1.406259536743164,1.3900470733642578,1.2038198709487915,1.3132294416427612,1.1872695684432983,1.2738211154937744,1.3361761569976807,1.3201794624328613,1.3919376134872437,1.3382678031921387,1.0656343698501587,1.2423866987228394,1.2570199966430664,1.2051782608032227,1.2437137365341187,1.1955852508544922,1.0980278253555298,1.0540366172790527
bed,1.2574784755706787,1.2303547859191895,0.8865057826042175,0.9485048651695251,0.7855633497238159,1.1890742778778076,1.3577890396118164,1.3410460948944092,0.9908080697059631,0.8364938497543335,0.522695779800415,0.5370694398880005,0.2149752974510193,0.0,0.3892101049423218,0.7521204352378845,0.7420621514320374,0.7587121725082397,0.8217194080352783,0.7528476715087891,0.4504462480545044,0.7131195068359375,0.7739899754524231,0.5964096784591675,0.7324231863021851,1.3693280220031738,1.1474753618240356,0.8557416200637817,1.1571685075759888,0.2664700746536255,0.5533909201622009,0.8493484258651733,0.9958547949790955,0.9468730688095093,1.0601996183395386,0.9532222151756287,0.9295536279678345,1.0082993507385254,0.9693906307220459,0.9049718379974365,1.005314588546753,1.0550626516342163,1.3105111122131348,1.241738200187683,1.3275645971298218,1.4294146299362183,1.445773720741272,1.4222197532653809,1.384716510772705,1.4152016639709473,1.4021954536437988,1.185595989227295,1.35139000415802,1.2486180067062378,1.3338178396224976,1.4155356884002686,1.40144944190979,1.4583004713058472,1.3931196928024292,1.0997775793075562,1.289778232574463,1.2730991840362549,1.2170581817626953,1.3286669254302979,1.3238952159881592,1.2119009494781494,1.1729060411453247
crib,1.2347280979156494,1.2246994972229004,0.9501137137413025,0.9780402779579163,0.9687304496765137,1.181978702545166,1.3524954319000244,1.3297678232192993,1.0302156209945679,0.7423948049545288,0.42568159103393555,0.5836167335510254,0.5586243271827698,0.3892101049423218,0.0,0.703333854675293,0.644507110118866,0.6213568449020386,0.7794638872146606,0.8617509603500366,0.6760610342025757,0.8798435926437378,0.8082863092422485,0.6659333109855652,0.9470372200012207,1.3410989046096802,1.115574836730957,0.9929164052009583,1.1893435716629028,0.6537212133407593,0.9640200138092041,1.0307118892669678,1.1661754846572876,0.7609613537788391,0.77826988697052,0.8345342874526978,0.7904952764511108,0.9340447187423706,1.0754854679107666,0.6111272573471069,0.9032616019248962,1.0315585136413574,1.299640417098999,1.2743228673934937,1.1522479057312012,1.2909553050994873,1.3202621936798096,1.3755881786346436,1.3068910837173462,1.3347669839859009,1.3302477598190308,1.1058838367462158,1.3252298831939697,1.1753904819488525,1.2649286985397339,1.3839631080627441,1.349563717842102,1.3817449808120728,1.3323285579681396,0.9575412273406982,1.3105396032333374,1.1921570301055908,1.0868278741836548,1.14771568775177,1.1470375061035156,1.020418643951416,1.12043297290802
window,1.155005931854248,1.0539318323135376,0.9882673025131226,0.9386248588562012,0.9892736673355103,1.1012318134307861,1.1617755889892578,1.2123496532440186,0.6096145510673523,0.8393850326538086,0.8174894452095032,0.8152249455451965,0.8246880769729614,0.7521204352378845,0.703333854675293,0.0,0.32296621799468994,0.6811801195144653,0.7161786556243896,0.8340300917625427,0.8287301063537598,0.9507434964179993,1.031398057937622,0.936087965965271,1.0116370916366577,1.3241617679595947,1.198624610900879,1.1908968687057495,1.1699795722961426,0.8957429528236389,0.9903764724731445,1.0245531797409058,1.0072307586669922,1.043328881263733,1.1191885471343994,1.0123205184936523,0.954123854637146,0.9674689769744873,0.9164329767227173,1.0049618482589722,1.1101162433624268,0.9569635987281799,1.175166368484497,1.0226378440856934,1.1376768350601196,1.144180178642273,1.1771354675292969,1.2334601879119873,1.1571705341339111,1.1466058492660522,1.1743756532669067,1.1864190101623535,1.2455575466156006,1.0959413051605225,1.1668912172317505,1.237112283706665,1.2400550842285156,1.2302303314208984,1.2587075233459473,0.7712751626968384,1.2316887378692627,1.067537784576416,1.093945026397705,1.1076797246932983,1.1123703718185425,1.0866689682006836,1.0382468700408936
door,1.104779839515686,1.0763615369796753,0.9880924820899963,0.9582031965255737,1.005021333694458,1.0906050205230713,1.1396762132644653,1.164179801940918,0.7772732377052307,0.5962464213371277,0.6586305499076843,0.8652725219726562,0.7364505529403687,0.7420621514320374,0.644507110118866,0.32296621799468994,0.0,0.5890291929244995,0.625332236289978,0.8149096369743347,0.803209662437439,0.9317959547042847,1.0469489097595215,0.932039737701416,0.8394197225570679,1.2598563432693481,1.1471898555755615,1.1482512950897217,1.2286901473999023,0.9975369572639465,0.9526467323303223,1.0572272539138794,1.1187907457351685,1.0961506366729736,1.121514916419983,1.0091742277145386,0.8568054437637329,0.9994080066680908,0.9474694728851318,0.9362590909004211,0.959908127784729,1.057438611984253,1.1922812461853027,1.1048216819763184,1.1296586990356445,1.1407525539398193,1.1677879095077515,1.2191616296768188,1.1473684310913086,1.1413798332214355,1.1364336013793945,1.2135673761367798,1.261603593826294,1.160335898399353,1.218170166015625,1.223697304725647,1.2219945192337036,1.212267279624939,1.2220922708511353,0.8920366168022156,1.198898196220398,1.1214096546173096,1.1641418933868408,1.0781234502792358,1.1403985023498535,1.053998351097107,0.9338579177856445
refrigerator,1.1894903182983398,1.2016150951385498,0.9566101431846619,0.9541726112365723,0.9137932658195496,1.1521170139312744,1.3162953853607178,1.330601692199707,0.9322706460952759,0.6670519113540649,0.6608700156211853,0.603983998298645,0.7318154573440552,0.7587121725082397,0.6213568449020386,0.6811801195144653,0.5890291929244995,0.0,0.4225218892097473,0.7452520132064819,0.7856091856956482,0.8187717795372009,0.8181817531585693,0.8039569854736328,0.8584200143814087,1.3716108798980713,1.1491001844406128,1.0004640817642212,1.1168020963668823,0.9038241505622864,1.0189045667648315,0.9598687291145325,1.0074466466903687,0.9288084506988525,0.9506890773773193,0.7250774502754211,0.758975088596344,0.7533589601516724,0.78223717212677,0.812322199344635,0.9145141243934631,1.0796082019805908,1.2501670122146606,1.310614824295044,1.1234982013702393,1.197762131690979,1.22428560256958,1.3954435586929321,1.3396451473236084,1.3230855464935303,1.303420901298523,1.1355831623077393,1.2550244331359863,1.1522467136383057,1.2636770009994507,1.3539003133773804,1.313187837600708,1.3472869396209717,1.2477214336395264,0.925868809223175,1.2463395595550537,1.0626784563064575,1.0549787282943726,1.0086148977279663,0.9531652331352234,0.901398777961731,0.8789780139923096
oven,1.19997239112854,1.2327388525009155,1.0767637491226196,1.077040195465088,1.006517767906189,1.1839783191680908,1.299936294555664,1.3113852739334106,0.8600990772247314,0.47816282510757446,0.6880428791046143,0.773760199546814,0.7948160767555237,0.8217194080352783,0.7794638872146606,0.7161786556243896,0.625332236289978,0.4225218892097473,0.0,0.5369186401367188,0.7177255153656006,1.013228416442871,1.029873013496399,1.0138498544692993,0.9540684223175049,1.2583789825439453,1.1386486291885376,1.159389853477478,1.0728739500045776,0.9277974963188171,0.9661968946456909,0.9225773215293884,0.9159336090087891,1.067270040512085,1.1239745616912842,0.6485044956207275,0.6858314275741577,0.9157580137252808,0.8554505705833435,0.7972543239593506,0.9062561988830566,0.985206127166748,1.2210849523544312,1.2179328203201294,1.0529193878173828,0.988551914691925,1.0034732818603516,1.2744686603546143,1.1765120029449463,1.1518871784210205,1.0764304399490356,1.1675817966461182,1.3218886852264404,1.2430723905563354,1.2644720077514648,1.2861530780792236,1.2371292114257812,1.2569174766540527,1.1800497770309448,0.9840852618217468,1.0836036205291748,0.8710269927978516,0.8017376661300659,1.0465723276138306,0.8982686996459961,0.7633261680603027,0.6778571605682373
sink,1.202880859375,1.2448146343231201,1.1057624816894531,1.0773899555206299,1.0546914339065552,1.180438756942749,1.2792258262634277,1.3190526962280273,0.6366474628448486,0.7267910838127136,0.8030197620391846,0.6476622819900513,0.8172982931137085,0.7528476715087891,0.8617509603500366,0.8340300917625427,0.8149096369743347,0.7452520132064819,0.5369186401367188,0.0,0.2289872169494629,1.0489825010299683,1.0517617464065552,1.0851640701293945,1.0983877182006836,1.2271493673324585,1.1093693971633911,1.2402210235595703,1.059139370918274,0.8784952163696289,1.0127818584442139,0.8903313875198364,0.8066324591636658,1.095192551612854,1.0622754096984863,0.5666802525520325,0.8031954765319824,0.9988394379615784,0.8115723729133606,0.8628149032592773,1.0401071310043335,1.0872830152511597,1.2596873044967651,1.2310041189193726,0.9767067432403564,1.0082132816314697,0.8888244032859802,1.2915512323379517,1.187523365020752,1.1511340141296387,1.1174802780151367,1.028770089149475,1.2313823699951172,1.1599574089050293,1.2048606872558594,1.2425086498260498,1.3124421834945679,1.3014512062072754,1.240239143371582,1.0016956329345703,1.1862738132476807,0.6888771057128906,0.5501728057861328,0.911209762096405,0.7856403589248657,0.7335824966430664,0.7379850745201111
bathtub,1.242748737335205,1.2354315519332886,0.9168775677680969,0.9703270196914673,0.880712628364563,1.2095142602920532,1.3344916105270386,1.3406717777252197,0.7626451253890991,0.8667415976524353,0.7241060137748718,0.6008642911911011,0.6364535093307495,0.4504462480545044,0.6760610342025757,0.8287301063537598,0.803209662437439,0.7856091856956482,0.7177255153656006,0.2289872169494629,0.0,0.8355866074562073,0.8993290662765503,0.8531659245491028,0.8705568909645081,1.3264929056167603,1.1420385837554932,1.0670164823532104,1.1734391450881958,0.68928462266922,1.0270600318908691,1.0426878929138184,1.0201683044433594,1.0377706289291382,1.0437911748886108,0.7647597193717957,0.9240418672561646,1.072056531906128,0.9402905106544495,0.9604241847991943,1.1505672931671143,1.0764883756637573,1.3410592079162598,1.2383685111999512,1.167352557182312,1.2712291479110718,1.1900112628936768,1.3687390089035034,1.3114116191864014,1.3168524503707886,1.2910079956054688,1.0232701301574707,1.219269037246704,1.196431040763855,1.2990750074386597,1.3256915807724,1.3640384674072266,1.4059467315673828,1.367656946182251,1.1256542205810547,1.2712866067886353,0.9808856844902039,0.8410488963127136,1.1314914226531982,1.050238847732544,0.976570725440979,0.9601650834083557
shirt,1.1814371347427368,0.9103248715400696,0.6068167090415955,0.6170390248298645,0.47049176692962646,0.8885565996170044,1.0908584594726562,1.0894397497177124,1.065431833267212,1.1583192348480225,0.8635448217391968,0.6955263018608093,0.6869808435440063,0.7131195068359375,0.8798435926437378,0.9507434964179993,0.9317959547042847,0.8187717795372009,1.013228416442871,1.0489825010299683,0.8355866074562073,0.0,0.40380871295928955,0.3734692335128784,0.34776097536087036,1.406346082687378,1.1549981832504272,0.6533631086349487,1.0717755556106567,0.7145538330078125,0.9280649423599243,1.0906544923782349,1.1806423664093018,1.0630440711975098,1.1995166540145874,1.1704429388046265,1.170528531074524,1.1053165197372437,1.0487844944000244,1.1825084686279297,1.0650324821472168,1.0927679538726807,1.0562939643859863,1.0675225257873535,1.3175368309020996,1.364747405052185,1.4112534523010254,1.3487370014190674,1.3624701499938965,1.3834891319274902,1.3813766241073608,1.1244858503341675,1.210810661315918,1.201259732246399,1.2901639938354492,1.245313286781311,1.2458088397979736,1.314414381980896,1.2528400421142578,1.1614558696746826,1.2189605236053467,1.3063822984695435,1.3286058902740479,1.266929030418396,1.2469263076782227,1.2710641622543335,1.1574902534484863
bib,1.2128117084503174,0.9844154119491577,0.8091968297958374,0.8070510625839233,0.6206517219543457,0.821776807308197,1.1218302249908447,1.1219837665557861,1.0662635564804077,1.1692705154418945,0.8740290999412537,0.7186833024024963,0.785808801651001,0.7739899754524231,0.8082863092422485,1.031398057937622,1.0469489097595215,0.8181817531585693,1.029873013496399,1.0517617464065552,0.8993290662765503,0.40380871295928955,0.0,0.31818127632141113,0.6295454502105713,1.3115074634552002,1.072645664215088,0.5715943574905396,0.8972047567367554,0.5509966611862183,0.780085563659668,0.7347579002380371,0.851806640625,0.7997114658355713,1.0220284461975098,0.9485315680503845,1.1004769802093506,0.9384764432907104,0.8715523481369019,1.0042086839675903,0.9528130292892456,1.1816365718841553,1.1418405771255493,1.2509347200393677,1.2423051595687866,1.378775954246521,1.3787637948989868,1.4725656509399414,1.4818658828735352,1.4851627349853516,1.4760465621948242,1.04672110080719,1.1381044387817383,1.1811132431030273,1.314895510673523,1.2910361289978027,1.34464430809021,1.4084516763687134,1.2386260032653809,1.206632137298584,1.2440751791000366,1.130924940109253,1.15341317653656,1.2636299133300781,1.1622440814971924,1.1966087818145752,1.2464919090270996
pajamas,1.214551329612732,1.0352635383605957,0.7259722948074341,0.7259251475334167,0.6367199420928955,0.9654877781867981,1.1541154384613037,1.0974171161651611,1.1556304693222046,1.1237176656723022,0.8256497383117676,0.7267194390296936,0.6026248931884766,0.5964096784591675,0.6659333109855652,0.936087965965271,0.932039737701416,0.8039569854736328,1.0138498544692993,1.0851640701293945,0.8531659245491028,0.3734692335128784,0.31818127632141113,0.0,0.47016263008117676,1.3308937549591064,1.050784707069397,0.5087605714797974,1.044232726097107,0.5328085422515869,0.8371192216873169,0.953002393245697,1.189574956893921,0.7827997207641602,0.9695354104042053,1.1097534894943237,1.1281874179840088,1.0800750255584717,1.1242520809173584,1.0123252868652344,0.9837494492530823,1.1575864553451538,1.1576168537139893,1.2052977085113525,1.2773027420043945,1.4051076173782349,1.4276046752929688,1.4003151655197144,1.4113095998764038,1.4226182699203491,1.4183926582336426,1.1043097972869873,1.2575404644012451,1.1847290992736816,1.2922461032867432,1.3467204570770264,1.3497164249420166,1.4101808071136475,1.3023601770401,1.1384284496307373,1.3031865358352661,1.3403739929199219,1.3097326755523682,1.2936370372772217,1.2163975238800049,1.2256501913070679,1.2270405292510986
pants,1.12788987159729,0.8888733983039856,0.6415596604347229,0.6576453447341919,0.5476745963096619,0.9152593612670898,1.0027438402175903,0.9642808437347412,1.1900795698165894,1.0060486793518066,0.7550563812255859,0.8685762882232666,0.6433330774307251,0.7324231863021851,0.9470372200012207,1.0116370916366577,0.8394197225570679,0.8584200143814087,0.9540684223175049,1.0983877182006836,0.8705568909645081,0.34776097536087036,0.6295454502105713,0.47016263008117676,0.0,1.1954922676086426,0.9711019396781921,0.5093415975570679,1.111807942390442,0.7835928201675415,0.7820173501968384,1.0430160760879517,1.1882514953613281,1.13639497756958,1.2468090057373047,1.2411752939224243,1.1236975193023682,1.1509634256362915,1.0888681411743164,1.1337783336639404,1.0270311832427979,1.1268633604049683,1.0346455574035645,1.051858901977539,1.324986457824707,1.3424432277679443,1.39870285987854,1.2470299005508423,1.28604257106781,1.3108415603637695,1.2868558168411255,1.1370863914489746,1.197068214416504,1.224710464477539,1.3094098567962646,1.1864744424819946,1.193568468093872,1.260322093963623,1.1619733572006226,1.168961524963379,1.1690794229507446,1.3559118509292603,1.4002885818481445,1.309926152229309,1.2563295364379883,1.2298885583877563,1.00557279586792
slipper,0.7954200506210327,0.9088422656059265,1.202965259552002,1.2195854187011719,1.3074219226837158,0.9567452669143677,0.6949012875556946,0.4761497974395752,1.1533578634262085,1.007717490196228,1.2598555088043213,1.4404621124267578,1.3006917238235474,1.3693280220031738,1.3410989046096802,1.3241617679595947,1.2598563432693481,1.3716108798980713,1.2583789825439453,1.2271493673324585,1.3264929056167603,1.406346082687378,1.3115074634552002,1.3308937549591064,1.1954922676086426,0.0,0.35145795345306396,0.8992421627044678,0.7832748889923096,1.2893587350845337,0.915838897228241,0.8448576927185059,0.834953248500824,1.0846928358078003,1.0808601379394531,1.0478159189224243,1.0365862846374512,1.0344865322113037,1.1102383136749268,0.9223440885543823,0.8497661352157593,0.8913547992706299,0.568225085735321,0.7320295572280884,0.7595572471618652,0.6480501294136047,0.5952536463737488,0.5598964095115662,0.6147540807723999,0.603848934173584,0.5247396230697632,1.031160831451416,0.8475083112716675,0.8945924043655396,0.7344158291816711,0.5704385638237,0.6583290100097656,0.5959466099739075,0.5409867167472839,1.0347310304641724,0.5522444248199463,0.7996793985366821,0.8532817363739014,0.793559193611145,0.8653432130813599,0.8892801403999329,0.9037473201751709
shoe,0.9651105999946594,1.0243271589279175,1.0950621366500854,1.065821886062622,1.1872440576553345,1.0030412673950195,1.006818413734436,0.731559693813324,1.1173325777053833,1.0240957736968994,1.068087100982666,1.2351547479629517,1.0756804943084717,1.1474753618240356,1.115574836730957,1.198624610900879,1.1471898555755615,1.1491001844406128,1.1386486291885376,1.1093693971633911,1.1420385837554932,1.1549981832504272,1.072645664215088,1.050784707069397,0.9711019396781921,0.35145795345306396,0.0,0.8181627988815308,0.7986038327217102,1.0625669956207275,0.9494068026542664,0.8866958022117615,0.986772894859314,0.9694610834121704,0.9462676644325256,0.9808576703071594,0.930475652217865,0.954669713973999,1.0957719087600708,0.8441442251205444,0.7337535619735718,0.8959587216377258,0.7901332378387451,1.012021780014038,0.8632549047470093,0.9817548990249634,0.9123792052268982,1.0390605926513672,1.0372707843780518,1.006959319114685,0.9435809850692749,1.0778318643569946,1.0727719068527222,1.026225209236145,0.9740570187568665,1.0548596382141113,1.075661063194275,1.0401924848556519,0.9091833829879761,0.9898529648780823,0.9584010243415833,0.9913264513015747,0.9399997591972351,0.9236286878585815,0.958416759967804,0.9686054587364197,1.026816725730896
sock,1.0935002565383911,0.8879528045654297,0.8317936062812805,0.8770827054977417,0.6934841871261597,0.8110824823379517,0.881061315536499,0.8093004822731018,1.2361016273498535,1.1552016735076904,0.940937340259552,0.9865100383758545,0.8234068155288696,0.8557416200637817,0.9929164052009583,1.1908968687057495,1.1482512950897217,1.0004640817642212,1.159389853477478,1.2402210235595703,1.0670164823532104,0.6533631086349487,0.5715943574905396,0.5087605714797974,0.5093415975570679,0.8992421627044678,0.8181627988815308,0.0,0.7651968598365784,0.7401971220970154,0.7253920435905457,0.8433998227119446,1.0668363571166992,0.8845429420471191,1.0522998571395874,1.24057936668396,1.1497389078140259,1.1960792541503906,1.1849031448364258,1.0237557888031006,0.9177349209785461,1.1089324951171875,0.8380612134933472,1.0815948247909546,1.2308809757232666,1.297555685043335,1.3147528171539307,1.1428394317626953,1.2371158599853516,1.24509859085083,1.2464910745620728,1.047046184539795,1.0713920593261719,1.0189509391784668,1.073171615600586,1.0588328838348389,1.1403456926345825,1.162752628326416,1.0802878141403198,1.1689079999923706,1.084510087966919,1.3415875434875488,1.3246134519577026,1.1298424005508423,1.0688972473144531,1.093425989151001,1.0065339803695679
glove,0.9028946161270142,1.045055627822876,1.0797605514526367,1.0680879354476929,0.7857860326766968,0.4994410276412964,0.7651685476303101,0.7368184924125671,1.2164512872695923,1.1358941793441772,1.2073179483413696,1.1357001066207886,1.1378525495529175,1.1571685075759888,1.1893435716629028,1.1699795722961426,1.2286901473999023,1.1168020963668823,1.0728739500045776,1.059139370918274,1.1734391450881958,1.0717755556106567,0.8972047567367554,1.044232726097107,1.111807942390442,0.7832748889923096,0.7986038327217102,0.7651968598365784,0.0,0.9583693146705627,0.8924503922462463,0.6459289789199829,0.7212510704994202,0.8647274374961853,0.9496093988418579,0.9751148223876953,1.0565385818481445,1.0211882591247559,0.932436466217041,1.1207976341247559,0.9637348055839539,0.9768518209457397,0.907535970211029,1.1206374168395996,0.7906635999679565,0.9364936947822571,0.9661579728126526,1.033964991569519,1.0535746812820435,1.0336514711380005,1.0167326927185059,0.8299537897109985,0.8555343151092529,0.9666329622268677,0.9382233619689941,0.989728569984436,1.0316740274429321,1.0439776182174683,0.8212307691574097,1.0596727132797241,0.9476752281188965,1.0863717794418335,1.057225227355957,1.0592162609100342,1.0357191562652588,1.0659441947937012,1.1813275814056396
blanket,1.211867332458496,1.1579339504241943,0.9449337720870972,0.9447376728057861,0.8062361478805542,1.0959501266479492,1.2889773845672607,1.3102144002914429,1.0065605640411377,1.0555338859558105,0.7795120477676392,0.7124248743057251,0.4457877278327942,0.2664700746536255,0.6537212133407593,0.8957429528236389,0.9975369572639465,0.9038241505622864,0.9277974963188171,0.8784952163696289,0.68928462266922,0.7145538330078125,0.5509966611862183,0.5328085422515869,0.7835928201675415,1.2893587350845337,1.0625669956207275,0.7401971220970154,0.9583693146705627,0.0,0.4247623085975647,0.453746497631073,0.6683512330055237,0.9202080965042114,1.0955651998519897,0.986694872379303,1.0257447957992554,1.0177594423294067,0.8995489478111267,0.8797429203987122,0.9711711406707764,1.0283697843551636,1.200831651687622,1.2408241033554077,1.2856881618499756,1.4248251914978027,1.4334020614624023,1.400470495223999,1.4047515392303467,1.4289764165878296,1.435340404510498,1.1498914957046509,1.2250255346298218,1.1997566223144531,1.2678474187850952,1.357723593711853,1.365812063217163,1.4274029731750488,1.2933244705200195,1.1206053495407104,1.2199461460113525,1.196599006652832,1.1602139472961426,1.333303689956665,1.322090983390808,1.2421952486038208,1.253077745437622
pillow,1.0288853645324707,0.9986640214920044,1.0930842161178589,1.0483028888702393,0.9069294929504395,0.9590176939964294,1.0160348415374756,1.0022950172424316,1.114499568939209,0.787188708782196,0.7860491871833801,1.0352078676223755,0.5313998460769653,0.5533909201622009,0.9640200138092041,0.9903764724731445,0.9526467323303223,1.0189045667648315,0.9661968946456909,1.0127818584442139,1.0270600318908691,0.9280649423599243,0.780085563659668,0.8371192216873169,0.7820173501968384,0.915838897228241,0.9494068026542664,0.7253920435905457,0.8924503922462463,0.4247623085975647,0.0,0.362379789352417,0.5175977945327759,1.0431462526321411,1.1735700368881226,1.0321147441864014,0.8658029437065125,0.8883503675460815,0.7808627486228943,0.8311938643455505,0.793967604637146,1.0835024118423462,0.9109579920768738,1.080061674118042,1.228742003440857,1.1672649383544922,1.1911730766296387,1.1094284057617188,1.1291776895523071,1.1416723728179932,1.1221011877059937,1.1987721920013428,1.1053993701934814,1.0980128049850464,1.115715742111206,1.0150405168533325,1.1069332361221313,1.151124358177185,1.0315322875976562,1.1047550439834595,0.9431504011154175,1.059759259223938,1.1126481294631958,1.1487386226654053,1.0934348106384277,1.0151233673095703,0.9589204788208008
