,rooster,fish,frog,alligator,owl,cat,dog,face,hair,arm,hand,finger,toe,tooth,nose,stroller,car,lamp,chair,bench,drawer,window,door,refrigerator,oven,crib,bed,couch,table,bathtub,sink,slide,clock,ball,balloon,pumpkin,egg,orange,apple,hat,slipper,watch,nail,glasses,necklace,carrot,vacuum,shovel,scissors,spoon,fork,knife,pencil,pen,crayon,plant,flower,bottle,cup,can,belt,basket,bucket,tape,bowl,plate,banana,bread,cracker,pizza,hamburger,glass,tray,box,book,paper,comb,toothbrush,gum,toy,doll,mitten,glove,sock,shoe,purse,pillow,towel,napkin,blanket,pajamas,bib,scarf,jacket,sweater,shirt,jeans,pants,shorts
rooster,0.0,0.9464399814605713,0.49450159072875977,0.4862290024757385,0.9545739889144897,0.6819726824760437,0.6713549494743347,0.8797650933265686,0.9189680814743042,1.2056078910827637,1.0162999629974365,0.968866229057312,0.9183670282363892,0.877744197845459,0.745818018913269,0.9391136169433594,0.7350143194198608,0.9105644226074219,0.961310863494873,1.0245835781097412,0.9114420413970947,0.9410529732704163,1.0738168954849243,1.0306981801986694,1.0248173475265503,1.0297876596450806,1.1244075298309326,1.0692319869995117,1.1123734712600708,1.090981364250183,0.9747143983840942,1.0686156749725342,1.0048352479934692,0.9190670847892761,0.899499773979187,0.852712869644165,0.8749278783798218,0.8445027470588684,0.7917453646659851,0.7816303372383118,0.7243439555168152,0.8953485488891602,0.9036639928817749,0.8324217200279236,0.8582662343978882,0.7539657354354858,0.9078580141067505,1.1210451126098633,0.8100635409355164,1.0294287204742432,0.9006680846214294,1.089697241783142,0.897847592830658,0.9053374528884888,0.8427222371101379,0.8866198658943176,0.8505651950836182,0.967150092124939,0.9194605946540833,0.90961754322052,0.7557817697525024,0.9858156442642212,0.9112963080406189,0.8770698308944702,0.9890982508659363,0.8184350728988647,0.8522733449935913,1.064368724822998,1.0483388900756836,1.0796315670013428,0.893904447555542,0.9254945516586304,0.9984761476516724,0.9012728929519653,0.8867679834365845,1.0075182914733887,0.8672375082969666,1.0183477401733398,0.8619864583015442,0.7614842057228088,0.7847194671630859,0.8310583233833313,0.7591652870178223,0.974125325679779,0.751440167427063,0.8163663744926453,0.8116161823272705,0.911927342414856,0.9053277373313904,1.1036254167556763,1.078057885169983,1.0255160331726074,0.8505999445915222,1.1178110837936401,1.1112216711044312,1.0782289505004883,1.1213520765304565,0.95848149061203,1.0115166902542114
fish,0.9464399814605713,0.0,0.865805983543396,0.979263961315155,1.0061761140823364,1.0036306381225586,1.0199905633926392,1.127285361289978,1.153818964958191,1.2401434183120728,1.2569516897201538,0.9300980567932129,0.8371128439903259,0.8302496075630188,0.6624733209609985,1.205222249031067,0.7460441589355469,0.5573350787162781,1.2821332216262817,1.3060944080352783,1.0188014507293701,0.9591931104660034,1.1512269973754883,1.213119626045227,1.049808382987976,1.2552992105484009,1.2226132154464722,1.2323907613754272,1.1935219764709473,1.1052196025848389,0.9127058386802673,1.2203991413116455,0.4725415110588074,1.1722187995910645,1.0101637840270996,0.6994918584823608,0.8803935050964355,0.8933977484703064,0.6697386503219604,0.4938052296638489,0.49443674087524414,0.47588860988616943,0.4477118253707886,0.5351202487945557,0.8506875038146973,0.8890972137451172,0.8420127630233765,1.0376298427581787,1.1517596244812012,1.0312526226043701,0.7599849700927734,1.1421723365783691,0.5859503746032715,0.4052630066871643,0.38693851232528687,0.5547839403152466,0.5620239973068237,0.37202441692352295,0.46482300758361816,0.7382359504699707,0.7702184915542603,1.073330283164978,1.0641134977340698,0.5823341608047485,0.6616616249084473,0.7132112979888916,1.0311558246612549,1.0191946029663086,1.0843226909637451,1.1734249591827393,0.6615889668464661,1.0598726272583008,1.273421049118042,1.3167250156402588,1.0992352962493896,1.28560209274292,1.0214650630950928,1.222198247909546,0.9887377023696899,0.9352556467056274,1.2512305974960327,1.349190592765808,1.1607420444488525,1.1305859088897705,1.1161450147628784,1.1604362726211548,1.0395981073379517,0.5626422166824341,0.884973406791687,1.2884794473648071,1.3455097675323486,1.330839991569519,1.104846715927124,1.2616320848464966,1.1995720863342285,1.24298095703125,1.3676798343658447,1.2575623989105225,1.1555726528167725
frog,0.49450159072875977,0.865805983543396,0.0,0.4071647524833679,0.9592187404632568,0.9280943870544434,0.8285595774650574,0.9044603109359741,0.960788905620575,1.217913031578064,1.0405889749526978,1.023971676826477,0.9871841669082642,0.8737856149673462,0.8395798802375793,1.0456366539001465,0.8249905705451965,0.9900965690612793,1.1137583255767822,1.1119176149368286,0.9995027780532837,1.1029242277145386,1.1918176412582397,1.190779447555542,1.1493619680404663,1.1212985515594482,0.9860995411872864,1.0623397827148438,0.9666756391525269,1.163037657737732,1.0696691274642944,0.8704284429550171,0.9032866954803467,0.7346502542495728,0.919306755065918,0.744903564453125,0.8308879137039185,0.851582944393158,0.698199987411499,0.78424072265625,0.7757740616798401,0.930724561214447,0.9358845949172974,0.890546441078186,0.9496792554855347,0.8130165338516235,1.0525522232055664,1.043021559715271,0.804868757724762,0.9601084589958191,0.9186123609542847,1.1178897619247437,0.8222243189811707,0.8727602958679199,0.8254536390304565,0.9315868616104126,0.8006889224052429,0.9338153004646301,0.8691515922546387,1.0512244701385498,0.937225341796875,0.9680430889129639,0.9239299893379211,0.7183276414871216,0.909916877746582,0.8507879972457886,0.6060623526573181,1.0729210376739502,0.9193115830421448,0.9036494493484497,0.9483381509780884,1.0108964443206787,0.9293226003646851,0.8894716501235962,0.7222694158554077,0.9048936367034912,1.0585954189300537,0.9141828417778015,0.642378568649292,0.4090845584869385,0.6036888957023621,0.771765947341919,0.7065075039863586,1.0524743795394897,0.6889773607254028,1.008925199508667,1.0260589122772217,0.9885925054550171,1.0441768169403076,0.9613624811172485,1.0741087198257446,0.9532630443572998,0.9507836699485779,1.0959258079528809,1.0813369750976562,1.1016407012939453,1.2378803491592407,1.1887611150741577,1.220061182975769
alligator,0.4862290024757385,0.979263961315155,0.4071647524833679,0.0,0.804215133190155,0.6990952491760254,0.6948298215866089,0.869949221611023,0.8080523014068604,0.8797719478607178,0.8857097625732422,0.98167884349823,1.028908133506775,0.8098504543304443,1.0945550203323364,0.995123028755188,0.85373854637146,1.1359286308288574,0.9523202180862427,0.8585916757583618,0.995978593826294,0.9808064103126526,1.0339289903640747,0.9809169769287109,1.0394054651260376,0.8659148812294006,0.8045931458473206,0.8133755922317505,0.7718880772590637,0.8715211153030396,1.0196073055267334,0.7170509099960327,1.19330894947052,0.8702402114868164,1.0730462074279785,0.9736021757125854,1.1124210357666016,0.9736465811729431,0.9947114586830139,1.0436772108078003,1.0441218614578247,1.121147632598877,1.1286404132843018,1.0358099937438965,1.069625735282898,0.6744652390480042,0.9392172694206238,0.879263699054718,0.6140688061714172,1.0574922561645508,0.7808233499526978,0.8416666984558105,0.9656899571418762,1.0165820121765137,1.0129069089889526,1.06118905544281,1.0113089084625244,1.184912919998169,1.0873746871948242,1.2749860286712646,0.9310219883918762,1.1350125074386597,1.012514352798462,1.066023826599121,1.0652639865875244,0.9878165125846863,0.700731635093689,1.034735083580017,0.8262286186218262,0.7928212881088257,1.0656713247299194,0.874497652053833,0.8416931629180908,0.8178508877754211,0.7303105592727661,0.6966143846511841,0.8067376613616943,0.6135489344596863,0.8006557822227478,0.7770366668701172,0.6315863728523254,0.6004929542541504,0.7012526392936707,0.9341176152229309,0.8511949777603149,1.0536710023880005,0.8560882806777954,0.9822736382484436,0.9104290008544922,0.7813095450401306,0.8158504366874695,0.7023786306381226,0.6914780139923096,0.8144561052322388,0.9046216011047363,0.8536519408226013,0.8704412579536438,0.9086774587631226,0.8904930353164673
owl,0.9545739889144897,1.0061761140823364,0.9592187404632568,0.804215133190155,0.0,0.6326395869255066,0.9949966073036194,1.0263597965240479,1.0188159942626953,0.837201714515686,1.047910213470459,1.167290210723877,1.2057031393051147,0.936036229133606,1.1498572826385498,1.1754602193832397,0.8549666404724121,1.1084799766540527,1.0594751834869385,0.8932991623878479,1.1691235303878784,0.6204646229743958,1.0102964639663696,0.8877056837081909,0.8877195715904236,0.8559883236885071,0.7130465507507324,0.8786501288414001,0.7351104021072388,0.6945102214813232,0.879928469657898,0.7988033294677734,1.1209805011749268,1.0802167654037476,1.1195499897003174,1.156257152557373,1.1315966844558716,1.1826047897338867,1.091580867767334,1.079342007637024,1.1113414764404297,1.1295037269592285,1.14228355884552,1.0673751831054688,1.1202269792556763,0.8179941773414612,1.1926517486572266,0.9094525575637817,0.9926009178161621,1.0757931470870972,0.9842308759689331,0.9398924708366394,1.2134019136428833,1.1175801753997803,1.1121482849121094,1.1234432458877563,1.0566160678863525,1.176135778427124,1.1521401405334473,1.2207462787628174,1.0314666032791138,1.0515481233596802,1.1396217346191406,1.1925989389419556,1.1113409996032715,1.045076608657837,0.975024402141571,1.0629661083221436,1.1177293062210083,0.6247652173042297,1.1611286401748657,0.5673965215682983,0.88591468334198,1.024825096130371,1.0834938287734985,0.8983854055404663,0.8083094954490662,0.8404662013053894,1.1071187257766724,1.1166263818740845,1.058110237121582,0.8798732757568359,0.9987602233886719,1.1298511028289795,1.1042317152023315,0.9270215630531311,0.8189879059791565,0.9813366532325745,0.9653394222259521,0.5912057161331177,0.6751156449317932,0.6852263808250427,0.6775145530700684,0.7408727407455444,0.8857491612434387,0.781286895275116,0.5933548808097839,0.7255061864852905,0.7040039300918579
cat,0.6819726824760437,1.0036306381225586,0.9280943870544434,0.6990952491760254,0.6326395869255066,0.0,0.2787414789199829,1.025758147239685,0.8318020105361938,0.8564626574516296,0.8752762079238892,0.8996667861938477,0.8838710188865662,0.9541712999343872,0.9006240963935852,0.8410462141036987,0.8763329982757568,1.1033415794372559,0.7001229524612427,0.818211555480957,1.0386451482772827,0.7528806924819946,0.9202976822853088,0.8515985012054443,0.7920511960983276,0.6892751455307007,0.7645292282104492,0.6569538712501526,0.9721142053604126,0.865424394607544,0.9084655046463013,1.008381962776184,1.2822355031967163,1.1230298280715942,1.1634464263916016,1.184989333152771,1.2113920450210571,1.1668528318405151,1.1463241577148438,0.9808914065361023,0.7981060147285461,1.0026935338974,1.0576703548431396,0.8530489802360535,0.9108480215072632,0.927750825881958,1.0000720024108887,0.9279807806015015,1.1153877973556519,1.214188814163208,1.0551623106002808,0.9521692991256714,1.1440811157226562,1.072133183479309,1.125253438949585,0.9932866096496582,1.127786636352539,1.2137172222137451,1.1300640106201172,1.067654013633728,0.7270615100860596,1.2681350708007812,1.0626509189605713,1.1539992094039917,1.1474467515945435,1.0012261867523193,1.0372101068496704,0.9936253428459167,1.1165225505828857,0.808215320110321,1.0032131671905518,0.7249836921691895,1.0613559484481812,1.062549352645874,1.1634736061096191,1.0493954420089722,0.7485988736152649,0.9919061660766602,1.183764934539795,1.2248733043670654,0.8452122211456299,0.7401505708694458,0.6844661235809326,0.7663755416870117,0.8230769634246826,0.7301418781280518,0.3101511001586914,0.9334502220153809,0.8055292963981628,0.6836968064308167,0.753937304019928,0.7633851766586304,0.7661625742912292,0.8518019914627075,0.9365701675415039,0.7956274747848511,0.6875291466712952,0.5534179210662842,0.5293360948562622
dog,0.6713549494743347,1.0199905633926392,0.8285595774650574,0.6948298215866089,0.9949966073036194,0.2787414789199829,0.0,0.9389935731887817,0.8065505027770996,1.0379725694656372,0.9720131754875183,1.0169755220413208,0.9514169096946716,1.0838327407836914,0.9401406645774841,0.7134166955947876,0.9086008667945862,1.0425653457641602,0.8147782683372498,0.9553708434104919,1.1372904777526855,1.0502594709396362,0.9653681516647339,0.9614970088005066,0.9950117468833923,0.8327974081039429,0.8906417489051819,0.7745266556739807,1.094986915588379,1.1061722040176392,1.2210842370986938,1.0722190141677856,1.1541814804077148,1.014615535736084,1.1483014822006226,1.065176010131836,1.151741623878479,1.1435837745666504,1.1207870244979858,0.972768247127533,0.8589774370193481,1.0177854299545288,1.0848184823989868,0.950633704662323,0.9313633441925049,1.0515090227127075,0.9471023082733154,1.0752334594726562,1.1586430072784424,1.1849775314331055,1.1270443201065063,1.1305773258209229,1.0828683376312256,1.1052823066711426,1.1509487628936768,0.8896103501319885,0.9159584045410156,1.0618561506271362,1.128663420677185,1.0808122158050537,0.9638572335243225,1.142524242401123,1.0946071147918701,1.081696629524231,1.1738877296447754,1.1404579877853394,1.110727071762085,1.0466243028640747,1.1144973039627075,0.9599502682685852,0.991443932056427,0.9646127223968506,1.1719285249710083,1.130139708518982,1.087915301322937,1.1096651554107666,0.9700334668159485,1.1295785903930664,1.1307482719421387,1.0770000219345093,0.6547147035598755,0.8484475612640381,0.7298256158828735,0.8851991891860962,0.7536471486091614,0.818897545337677,0.6632720232009888,1.0634198188781738,0.980539083480835,0.8540515303611755,0.9041438698768616,0.8996367454528809,0.8667600750923157,0.9839692711830139,1.0178133249282837,0.9426401853561401,0.9225747585296631,0.8417155742645264,0.8426581025123596
face,0.8797650933265686,1.127285361289978,0.9044603109359741,0.869949221611023,1.0263597965240479,1.025758147239685,0.9389935731887817,0.0,0.22832989692687988,0.7958838939666748,0.8071461915969849,1.0012562274932861,0.9769715070724487,1.1532303094863892,1.0137768983840942,0.9537756443023682,0.9346581697463989,1.2029107809066772,1.0146245956420898,0.9754053950309753,1.2360296249389648,1.0796808004379272,0.8922132849693298,0.891526997089386,1.1090366840362549,0.9199159741401672,0.7979167699813843,0.7560146450996399,0.8437300324440002,0.9755392074584961,1.141911268234253,0.8698849081993103,1.1063463687896729,0.9138539433479309,1.1212857961654663,1.0700254440307617,1.0579111576080322,0.9359868168830872,1.102946162223816,1.0235090255737305,1.1982537508010864,1.121527075767517,1.086592435836792,0.9719378352165222,1.1287897825241089,0.967509925365448,1.1706457138061523,0.9775649309158325,1.0529239177703857,1.085019826889038,1.1993000507354736,1.041563868522644,1.224595546722412,1.256422519683838,1.2588896751403809,1.1372982263565063,1.0335599184036255,1.1312286853790283,1.1385012865066528,1.24936842918396,1.209617257118225,1.1487103700637817,1.1604642868041992,1.1912870407104492,1.112817406654358,1.1791714429855347,0.9708582162857056,1.0656039714813232,1.0252783298492432,0.7948712110519409,1.0278120040893555,0.9228455424308777,0.9761096835136414,0.9814728498458862,1.022661566734314,0.8947238922119141,1.029874324798584,0.9550800919532776,1.0951876640319824,1.0637271404266357,0.802669882774353,0.8564650416374207,0.9702108502388,1.0771350860595703,1.123888373374939,1.2216547727584839,1.144549012184143,1.264246940612793,1.2932509183883667,0.8887811303138733,0.689684271812439,0.6860349774360657,1.0092374086380005,0.7735205292701721,0.48257142305374146,0.6035829782485962,0.8805484175682068,1.0541654825210571,1.0154343843460083
hair,0.9189680814743042,1.153818964958191,0.960788905620575,0.8080523014068604,1.0188159942626953,0.8318020105361938,0.8065505027770996,0.22832989692687988,0.0,0.6352307200431824,0.7421023845672607,0.9616743326187134,0.9628762602806091,1.1691995859146118,1.095672607421875,0.8616578578948975,0.9444624185562134,1.3200210332870483,0.8449288606643677,0.8374334573745728,1.257258415222168,1.074450969696045,0.8699590563774109,0.8070456981658936,1.0533407926559448,0.7692675590515137,0.6758940815925598,0.5359206199645996,0.7995302081108093,0.9408187866210938,1.1666921377182007,0.8129281997680664,1.2641595602035522,0.9499151110649109,1.171826720237732,1.1078628301620483,1.1881762742996216,0.9735674858093262,1.2033140659332275,1.024022102355957,1.2263314723968506,1.1435272693634033,1.1287473440170288,0.9559699892997742,1.128283143043518,0.9429136514663696,1.1855984926223755,0.9197300672531128,1.0257678031921387,1.1687647104263306,1.2529118061065674,0.952332079410553,1.2677135467529297,1.2958643436431885,1.3086469173431396,1.1943598985671997,1.1281452178955078,1.2251909971237183,1.1798877716064453,1.334686517715454,1.1477214097976685,1.209223985671997,1.139780044555664,1.2534093856811523,1.1645922660827637,1.2216017246246338,0.952197790145874,1.0519269704818726,0.9846434593200684,0.7809655666351318,1.0303587913513184,0.8922374248504639,0.947373628616333,0.9460976123809814,1.01896333694458,0.8485207557678223,0.9582999348640442,0.8662274479866028,1.1181583404541016,1.1246402263641357,0.7531868815422058,0.7286874055862427,0.8884468674659729,0.9771254658699036,1.1398249864578247,1.1935703754425049,0.94712895154953,1.2880055904388428,1.261472463607788,0.7916841506958008,0.5633505582809448,0.5767831206321716,0.9123046398162842,0.6480159759521484,0.39474260807037354,0.39566564559936523,0.7637572288513184,0.8587639331817627,0.7528605461120605
arm,1.2056078910827637,1.2401434183120728,1.217913031578064,0.8797719478607178,0.837201714515686,0.8564626574516296,1.0379725694656372,0.7958838939666748,0.6352307200431824,0.0,0.47557532787323,0.8267374038696289,0.912528932094574,1.0233105421066284,1.3493993282318115,0.9381250143051147,1.1806509494781494,1.554598331451416,0.6973955631256104,0.6402961611747742,1.1427619457244873,1.0531233549118042,0.9233062267303467,0.7886372208595276,0.9919991493225098,0.699264645576477,0.4704364538192749,0.40866053104400635,0.5973573923110962,0.709715723991394,1.0232539176940918,0.6202598810195923,1.4842793941497803,1.0641065835952759,1.1756244897842407,1.2531163692474365,1.3004543781280518,1.074117660522461,1.3071562051773071,1.3635504245758057,1.401648759841919,1.310837984085083,1.2549026012420654,1.2281854152679443,1.210853099822998,0.9075865745544434,1.3057712316513062,0.7910736799240112,0.9363564252853394,1.1375082731246948,1.2533915042877197,0.7014881372451782,1.358321189880371,1.3727591037750244,1.4250805377960205,1.3823753595352173,1.397071361541748,1.4507790803909302,1.2926361560821533,1.4243016242980957,1.1525901556015015,1.2560384273529053,1.1179381608963013,1.379366397857666,1.158996820449829,1.2401752471923828,0.9326819777488708,0.8760444521903992,0.8356831073760986,0.571297287940979,1.1626757383346558,0.8519434332847595,0.7774080634117126,0.8430107235908508,1.0195132493972778,0.651745617389679,0.9564423561096191,0.6045884490013123,1.1153066158294678,1.2850974798202515,0.8867241144180298,0.5571513175964355,0.8234426975250244,0.6348584890365601,1.1526321172714233,1.123044729232788,0.8755140900611877,1.272255778312683,1.0774102210998535,0.5416409969329834,0.40085744857788086,0.4274994134902954,0.7481011152267456,0.4953576326370239,0.4535491466522217,0.3450855016708374,0.36847805976867676,0.6886717677116394,0.506126880645752
hand,1.0162999629974365,1.2569516897201538,1.0405889749526978,0.8857097625732422,1.047910213470459,0.8752762079238892,0.9720131754875183,0.8071461915969849,0.7421023845672607,0.47557532787323,0.0,0.3242653012275696,0.42458099126815796,0.7719725966453552,1.0332295894622803,1.0670922994613647,1.1555988788604736,1.4015326499938965,0.8521206974983215,0.8701268434524536,0.9905703067779541,1.1506884098052979,1.0669469833374023,1.041526198387146,1.1025240421295166,1.0199265480041504,0.8705692887306213,0.8242987394332886,0.8498380184173584,0.9884077906608582,1.047515869140625,0.8711398243904114,1.3989863395690918,0.9580624103546143,1.0043572187423706,1.0941036939620972,1.188683032989502,0.9737616777420044,0.9548199772834778,1.106709361076355,1.1080334186553955,1.022058129310608,0.993320643901825,0.9329938888549805,0.8254587650299072,0.7088048458099365,1.204702615737915,0.8688672780990601,0.7296999096870422,1.034288763999939,0.9834874272346497,0.6561754941940308,0.9296866655349731,1.0878785848617554,1.178666591644287,1.223127007484436,1.238503336906433,1.278397560119629,1.0202951431274414,1.2479157447814941,0.897865891456604,1.1602305173873901,0.888427734375,1.1919724941253662,1.0028740167617798,0.9989207983016968,0.889564037322998,0.7258221507072449,0.6740478277206421,0.8152881860733032,0.908414363861084,0.9845138192176819,0.8097562789916992,0.8410221338272095,0.8267160654067993,0.6476973295211792,0.8751918077468872,0.5076620578765869,0.750041663646698,1.0430939197540283,0.7491701245307922,0.4404042959213257,0.5517141819000244,0.4202158451080322,0.8148423433303833,1.0012606382369995,0.828421950340271,1.0972115993499756,0.938797652721405,0.8273189663887024,0.6701865196228027,0.5400856137275696,0.8536434769630432,0.8369784355163574,0.8171380758285522,0.7405802011489868,0.6474001407623291,0.7264225482940674,0.6018085479736328
finger,0.968866229057312,0.9300980567932129,1.023971676826477,0.98167884349823,1.167290210723877,0.8996667861938477,1.0169755220413208,1.0012562274932861,0.9616743326187134,0.8267374038696289,0.3242653012275696,0.0,0.0788733959197998,0.6147420406341553,0.5795881152153015,1.2009798288345337,1.118782639503479,1.0247098207473755,0.9431937336921692,1.1094518899917603,0.8194801807403564,1.169874668121338,1.1752381324768066,1.2440049648284912,1.139066457748413,1.2942713499069214,1.2220306396484375,1.1120167970657349,1.216813087463379,1.2453327178955078,0.941128671169281,1.1863470077514648,1.1132330894470215,1.0790969133377075,0.819952130317688,0.8259122967720032,1.024621605873108,0.9244983792304993,0.6262531876564026,0.6403268575668335,0.6165915727615356,0.503944993019104,0.47112196683883667,0.4940764904022217,0.3924119472503662,0.6909782290458679,0.9370042085647583,1.014352798461914,0.8749449253082275,0.9787236452102661,0.7700284719467163,0.8839769959449768,0.5194157958030701,0.5817142128944397,0.6625382900238037,0.9710236191749573,1.0519952774047852,0.8822577595710754,0.6702876687049866,0.8438719511032104,0.4813597798347473,1.1691533327102661,0.7632420659065247,0.8053393363952637,0.9135270118713379,0.7646200656890869,1.0182366371154785,0.5511003136634827,0.7993603944778442,1.1492130756378174,0.4286450743675232,1.158170223236084,1.1045995950698853,1.0793671607971191,0.9289447069168091,0.9756121635437012,0.8927494883537292,0.7975643277168274,0.7881783843040466,1.0135444402694702,0.9640303254127502,0.7706440091133118,0.633475661277771,0.3396243453025818,0.8982157707214355,0.9629908204078674,0.7176648378372192,0.6560200452804565,0.6594290137290955,1.1783318519592285,1.0102933645248413,0.8998383283615112,1.0243275165557861,1.1389005184173584,1.1233136653900146,1.0556232929229736,1.0461333990097046,0.8024579286575317,0.7027170658111572
toe,0.9183670282363892,0.8371128439903259,0.9871841669082642,1.028908133506775,1.2057031393051147,0.8838710188865662,0.9514169096946716,0.9769715070724487,0.9628762602806091,0.912528932094574,0.42458099126815796,0.0788733959197998,0.0,0.6755593419075012,0.45638561248779297,1.1645877361297607,1.1054474115371704,0.9255701899528503,0.9940504431724548,1.2294363975524902,0.8425455093383789,1.1973153352737427,1.2081327438354492,1.2960249185562134,1.1753385066986084,1.3508789539337158,1.2582191228866577,1.1552730798721313,1.305946707725525,1.3348236083984375,0.9700671434402466,1.241074800491333,1.003727912902832,1.1281756162643433,0.8260848522186279,0.759427547454834,0.9897335171699524,0.9610487222671509,0.581344485282898,0.5344727039337158,0.431709885597229,0.3692060112953186,0.3771601915359497,0.40572261810302734,0.3483940362930298,0.7618048787117004,0.8693046569824219,1.0756807327270508,1.0011515617370605,1.0142884254455566,0.8372653722763062,1.058070182800293,0.5078765153884888,0.5041441321372986,0.5798643827438354,0.8921871185302734,0.9613197445869446,0.7526690363883972,0.62825608253479,0.7225276231765747,0.45750194787979126,1.15781831741333,0.8011541366577148,0.7116091847419739,0.905793309211731,0.7708613872528076,1.0982123613357544,0.5310875773429871,0.8939072489738464,1.207423448562622,0.3498595952987671,1.2319642305374146,1.2070003747940063,1.1907575130462646,1.0192153453826904,1.1395635604858398,0.9848640561103821,0.9550859332084656,0.8691421747207642,1.0073225498199463,0.9923869967460632,0.8809154629707336,0.655083954334259,0.3120039701461792,0.7735663056373596,0.9566633105278015,0.728718101978302,0.6008164286613464,0.6898123621940613,1.240752935409546,1.0921753644943237,1.0048446655273438,1.078203558921814,1.212662696838379,1.1510872840881348,1.1070934534072876,1.1559767723083496,0.872299075126648,0.7686516046524048
tooth,0.877744197845459,0.8302496075630188,0.8737856149673462,0.8098504543304443,0.936036229133606,0.9541712999343872,1.0838327407836914,1.1532303094863892,1.1691995859146118,1.0233105421066284,0.7719725966453552,0.6147420406341553,0.6755593419075012,0.0,0.7758281230926514,1.3154429197311401,0.9489622712135315,0.9238166213035583,1.1338977813720703,0.9849666953086853,0.7405796647071838,0.9846347570419312,1.2210685014724731,1.2204400300979614,1.0025177001953125,1.2649576663970947,1.2183549404144287,1.2430355548858643,1.0813329219818115,1.0596226453781128,0.8576485514640808,1.0153943300247192,1.0198487043380737,1.11310613155365,0.9295940399169922,0.9344744086265564,0.9228120446205139,0.9018545746803284,0.7389782667160034,0.8024299740791321,0.7526386380195618,0.739714503288269,0.7504583597183228,0.7863661050796509,0.6971502304077148,0.5332205295562744,0.9185839295387268,0.8564236164093018,0.6517675518989563,0.9059393405914307,0.4618586301803589,0.8092257976531982,0.5564820170402527,0.6231104135513306,0.6177522540092468,0.944556713104248,0.9221383929252625,0.8873249292373657,0.7078139781951904,0.9230138659477234,0.663236141204834,0.8975068926811218,0.6961027383804321,0.786651074886322,0.8036414384841919,0.6472925543785095,0.7717674970626831,0.7764784693717957,0.708516001701355,1.0912632942199707,0.6029183268547058,1.1082786321640015,0.8725544214248657,0.9309262037277222,0.8299909830093384,0.8974876403808594,0.6226235628128052,0.5915583968162537,0.6072229743003845,0.8005598783493042,1.0267548561096191,0.8462695479393005,0.8253706097602844,0.6811701655387878,0.9150595664978027,0.9352657198905945,0.8459440469741821,0.6120262742042542,0.6168460845947266,1.086000919342041,1.088800072669983,0.9480765461921692,0.7226866483688354,1.2179985046386719,1.3144352436065674,1.2457560300827026,1.0120995044708252,0.9105597734451294,0.9872978329658508
nose,0.745818018913269,0.6624733209609985,0.8395798802375793,1.0945550203323364,1.1498572826385498,0.9006240963935852,0.9401406645774841,1.0137768983840942,1.095672607421875,1.3493993282318115,1.0332295894622803,0.5795881152153015,0.45638561248779297,0.7758281230926514,0.0,1.183247447013855,0.9113192558288574,0.6706409454345703,1.1751612424850464,1.34498929977417,0.8539352416992188,1.0352513790130615,1.1879140138626099,1.3243403434753418,1.0940808057785034,1.3737149238586426,1.4068293571472168,1.3452699184417725,1.440847396850586,1.37804114818573,0.9016953110694885,1.3806283473968506,0.7027919888496399,1.0773828029632568,0.7824098467826843,0.6522851586341858,0.7421331405639648,0.860612154006958,0.5200079679489136,0.3900304436683655,0.25055819749832153,0.26684677600860596,0.34303975105285645,0.326011598110199,0.43148982524871826,0.8549690842628479,0.799960732460022,1.2107023000717163,1.1506727933883667,0.9686481952667236,0.815217137336731,1.2872023582458496,0.5107371807098389,0.43313807249069214,0.4612780213356018,0.7562144994735718,0.7721847295761108,0.5667293667793274,0.5650268793106079,0.5306997299194336,0.5089507102966309,1.0371055603027344,0.8692710995674133,0.5281040668487549,0.8269660472869873,0.7014613151550293,1.0430176258087158,0.7681947946548462,1.1341793537139893,1.3416270017623901,0.37204623222351074,1.2236721515655518,1.3427159786224365,1.2657935619354248,1.1296167373657227,1.356486439704895,0.9450709223747253,1.2354449033737183,0.9518427848815918,0.8943432569503784,1.1315791606903076,1.1869182586669922,0.8699998259544373,0.7907225489616394,0.7806047797203064,0.7891907691955566,0.8548624515533447,0.5808178782463074,0.867639422416687,1.3766453266143799,1.3203277587890625,1.2840518951416016,1.163102149963379,1.3684744834899902,1.376943826675415,1.3473031520843506,1.36728835105896,1.1417936086654663,1.0969715118408203
stroller,0.9391136169433594,1.205222249031067,1.0456366539001465,0.995123028755188,1.1754602193832397,0.8410462141036987,0.7134166955947876,0.9537756443023682,0.8616578578948975,0.9381250143051147,1.0670922994613647,1.2009798288345337,1.1645877361297607,1.3154429197311401,1.183247447013855,0.0,0.7369703054428101,1.0372413396835327,0.38465285301208496,0.851891040802002,1.088520884513855,1.0477705001831055,0.7565538883209229,0.6848063468933105,0.7375397682189941,0.5280861854553223,0.8765403628349304,0.7337363958358765,1.0117990970611572,0.9829775094985962,1.1359943151474,0.9510276913642883,1.1405280828475952,1.0484179258346558,1.187958836555481,1.202272891998291,1.2405791282653809,1.2355462312698364,1.2584295272827148,1.1535710096359253,1.0837719440460205,1.1946635246276855,1.2831482887268066,1.1550146341323853,1.1098428964614868,1.2804465293884277,0.7179573178291321,1.072371482849121,0.9775189161300659,1.0015435218811035,1.1575676202774048,1.0008394718170166,1.2312018871307373,1.2672648429870605,1.2909533977508545,0.9175469875335693,1.0553313493728638,1.0661016702651978,1.1893717050552368,0.9782174825668335,1.134621500968933,0.9811212420463562,0.9694097638130188,1.129879355430603,1.2191206216812134,1.285682201385498,1.0841286182403564,1.2450393438339233,1.1462992429733276,1.0384044647216797,1.2046761512756348,0.9399855732917786,1.0566962957382202,0.9509882926940918,1.0835274457931519,1.0694303512573242,0.9929617643356323,1.0573824644088745,1.1723501682281494,1.0397963523864746,0.8517060875892639,0.9150662422180176,0.8368700742721558,1.006035327911377,0.736182451248169,0.8495278358459473,0.8886049389839172,1.25007164478302,1.088738203048706,0.9427433013916016,0.952041506767273,1.017382025718689,1.088635802268982,0.9048770070075989,0.8321718573570251,0.8602626919746399,0.9475356340408325,0.8961021900177002,0.8688960075378418
car,0.7350143194198608,0.7460441589355469,0.8249905705451965,0.85373854637146,0.8549666404724121,0.8763329982757568,0.9086008667945862,0.9346581697463989,0.9444624185562134,1.1806509494781494,1.1555988788604736,1.118782639503479,1.1054474115371704,0.9489622712135315,0.9113192558288574,0.7369703054428101,0.0,0.8478820323944092,0.8951882123947144,0.9645844101905823,1.0257800817489624,0.7585306167602539,0.9951692819595337,0.9188835024833679,0.7868013978004456,0.7794812917709351,1.0111716985702515,1.0234792232513428,0.981694757938385,0.934018075466156,0.8865229487419128,0.9797710180282593,0.8583835363388062,0.9236584305763245,1.0356690883636475,0.9290921688079834,1.1098814010620117,1.0853025913238525,0.9707062244415283,0.7449194192886353,0.8027613759040833,0.8924944400787354,0.8943562507629395,0.851799726486206,1.0222138166427612,0.9142834544181824,0.9405394792556763,1.0819734334945679,0.9451683163642883,1.0867265462875366,0.865276038646698,0.9839754700660706,0.8391152024269104,0.8028534054756165,0.7990134358406067,0.7810436487197876,0.6690729856491089,0.7426426410675049,0.7674156427383423,0.923725962638855,0.874262809753418,0.7957857847213745,0.8927148580551147,0.8054655194282532,0.8311245441436768,0.8454089164733887,0.9728816151618958,1.2345407009124756,1.1311230659484863,1.0122450590133667,0.9282771348953247,0.7069722414016724,1.0077900886535645,0.8951712846755981,0.8914641737937927,1.046610951423645,0.7653008699417114,0.9930854439735413,0.8791880011558533,0.7679193019866943,0.9056570529937744,0.9641541242599487,0.8529511094093323,1.17350172996521,0.8357827663421631,0.8404906988143921,0.9757824540138245,0.9297400712966919,0.8623374700546265,1.0085313320159912,1.0355161428451538,1.0282665491104126,0.8763529062271118,1.012351155281067,1.0423215627670288,1.0623605251312256,1.1030381917953491,1.0607202053070068,1.0333683490753174
lamp,0.9105644226074219,0.5573350787162781,0.9900965690612793,1.1359286308288574,1.1084799766540527,1.1033415794372559,1.0425653457641602,1.2029107809066772,1.3200210332870483,1.554598331451416,1.4015326499938965,1.0247098207473755,0.9255701899528503,0.9238166213035583,0.6706409454345703,1.0372413396835327,0.8478820323944092,0.0,1.250922679901123,1.4601389169692993,0.8908098936080933,0.7876617908477783,0.9026700854301453,1.14915132522583,0.9254153966903687,1.3318634033203125,1.5389204025268555,1.5340490341186523,1.4724377393722534,1.188560128211975,0.8308743238449097,1.4462249279022217,0.2939021587371826,1.1355888843536377,0.8581290245056152,0.8291645050048828,0.7220166325569153,1.0914132595062256,0.6827148795127869,0.5616741180419922,0.5357035398483276,0.5772334337234497,0.6588888764381409,0.6518943905830383,0.7223080396652222,1.1522316932678223,0.35206174850463867,0.9990443587303162,1.079156756401062,0.7831078767776489,0.5495343804359436,1.1643940210342407,0.5466635227203369,0.46512269973754883,0.41813766956329346,0.38449203968048096,0.5631992816925049,0.41427743434906006,0.6406943202018738,0.43075841665267944,0.7669510841369629,0.8663403391838074,1.0359094142913818,0.669647216796875,0.955110490322113,0.7969359159469604,1.2640995979309082,1.2077888250350952,1.2783756256103516,1.432283639907837,0.7958400249481201,1.1179479360580444,1.4044373035430908,1.3506271839141846,1.1428494453430176,1.4054092168807983,0.958940863609314,1.3849537372589111,1.1276090145111084,1.030278205871582,1.339819073677063,1.5826865434646606,1.2764558792114258,1.1624943017959595,1.0205763578414917,0.9063147902488708,1.0010991096496582,0.4914637804031372,0.7631056308746338,1.5312541723251343,1.584673523902893,1.5753185749053955,1.2586582899093628,1.4403762817382812,1.4276647567749023,1.5029444694519043,1.4882359504699707,1.2430495023727417,1.3263025283813477
chair,0.961310863494873,1.2821332216262817,1.1137583255767822,0.9523202180862427,1.0594751834869385,0.7001229524612427,0.8147782683372498,1.0146245956420898,0.8449288606643677,0.6973955631256104,0.8521206974983215,0.9431937336921692,0.9940504431724548,1.1338977813720703,1.1751612424850464,0.38465285301208496,0.8951882123947144,1.250922679901123,0.0,0.45590877532958984,0.8434759974479675,0.9316486120223999,0.7183328866958618,0.5720577836036682,0.6608477830886841,0.4157456159591675,0.5954731702804565,0.34855473041534424,0.8650875091552734,0.8346304893493652,0.9844484925270081,0.84919673204422,1.3857662677764893,1.1371885538101196,1.130575180053711,1.2527917623519897,1.2952136993408203,1.1597731113433838,1.2602336406707764,1.1503795385360718,1.084768295288086,1.2217578887939453,1.1863683462142944,1.1488797664642334,0.981505274772644,1.060341238975525,0.8928041458129883,0.9620325565338135,0.8916671276092529,1.1480717658996582,1.2318994998931885,0.8862960338592529,1.2171250581741333,1.2118949890136719,1.2399967908859253,1.0572248697280884,1.1987041234970093,1.2330868244171143,1.143600583076477,0.9565460085868835,0.8269487619400024,1.0007380247116089,0.7182883024215698,1.2147936820983887,1.1471116542816162,1.095461368560791,1.0367335081100464,1.0048037767410278,0.9880217909812927,0.8369981050491333,1.1344869136810303,0.9701343178749084,0.8547543287277222,0.6334183812141418,0.9170099496841431,0.8576892018318176,0.8520589470863342,0.8924327492713928,1.0426912307739258,1.0639150142669678,0.7775872945785522,0.6755527853965759,0.700096070766449,0.7224854230880737,0.8495055437088013,0.741803765296936,0.4407525062561035,1.0205210447311401,0.8272958993911743,0.5938386917114258,0.6408921480178833,0.7453484535217285,0.827532172203064,0.6948294639587402,0.7733020186424255,0.6735221147537231,0.6894254088401794,0.5903055667877197,0.6202866435050964
bench,1.0245835781097412,1.3060944080352783,1.1119176149368286,0.8585916757583618,0.8932991623878479,0.818211555480957,0.9553708434104919,0.9754053950309753,0.8374334573745728,0.6402961611747742,0.8701268434524536,1.1094518899917603,1.2294363975524902,0.9849666953086853,1.34498929977417,0.851891040802002,0.9645844101905823,1.4601389169692993,0.45590877532958984,0.0,0.8555507659912109,0.897841215133667,0.764857828617096,0.6251431107521057,0.7515478134155273,0.42457902431488037,0.5026965141296387,0.45322948694229126,0.5724014639854431,0.5568535327911377,0.9349306225776672,0.5736451148986816,1.5504369735717773,0.9351300001144409,1.1008721590042114,1.2149051427841187,1.2304036617279053,0.8700960278511047,1.3483047485351562,1.3689337968826294,1.4030288457870483,1.4362168312072754,1.3277300596237183,1.3545937538146973,1.281005859375,0.8031463623046875,1.138237476348877,0.7944897413253784,0.860045850276947,1.196008324623108,1.2175986766815186,0.6397759318351746,1.3073303699493408,1.340245246887207,1.3021292686462402,1.3556848764419556,1.315618872642517,1.4293349981307983,1.2100263833999634,1.291015386581421,1.0068063735961914,0.9917969107627869,0.8327709436416626,1.2985460758209229,1.0390280485153198,1.0423812866210938,0.7437554597854614,1.0019726753234863,0.7427645921707153,0.6679812669754028,1.230764389038086,0.8497582674026489,0.6190018653869629,0.49307531118392944,0.8328096270561218,0.6228639483451843,0.6915183067321777,0.6170448064804077,0.8712441921234131,0.982000470161438,0.865584671497345,0.5834859609603882,0.8253951072692871,0.8929727673530579,1.1419191360473633,0.9183617830276489,0.7339938879013062,1.1393078565597534,0.9438510537147522,0.47145938873291016,0.5610939860343933,0.6194117069244385,0.6070016026496887,0.6121257543563843,0.7001942992210388,0.6644399762153625,0.5417888760566711,0.6548424959182739,0.72163325548172
drawer,0.9114420413970947,1.0188014507293701,0.9995027780532837,0.995978593826294,1.1691235303878784,1.0386451482772827,1.1372904777526855,1.2360296249389648,1.257258415222168,1.1427619457244873,0.9905703067779541,0.8194801807403564,0.8425455093383789,0.7405796647071838,0.8539352416992188,1.088520884513855,1.0257800817489624,0.8908098936080933,0.8434759974479675,0.8555507659912109,0.0,0.8114903569221497,0.9149802327156067,0.9027438759803772,0.668153703212738,0.9328758120536804,1.2079182863235474,1.1194074153900146,1.1664795875549316,0.9070469737052917,0.66083824634552,1.1237025260925293,0.9609364867210388,1.1420458555221558,0.9563372135162354,1.001550555229187,0.9269875884056091,0.9169934988021851,0.9410348534584045,1.009228229522705,0.8082476258277893,0.8700543642044067,0.9339620471000671,0.9200246334075928,0.7233763933181763,1.0234756469726562,0.8470506072044373,0.9907525181770325,0.799828290939331,0.9033767580986023,0.7603695392608643,0.968719482421875,0.7410019636154175,0.7488325834274292,0.7691329717636108,0.989760160446167,1.2349733114242554,1.023822546005249,0.9005958437919617,0.6818215847015381,0.5825134515762329,0.8928653597831726,0.861940860748291,0.914741575717926,0.9817728996276855,0.7791619300842285,1.053645133972168,0.8596426248550415,0.8966728448867798,1.2085003852844238,0.8027781248092651,1.1841425895690918,0.966282308101654,0.7430106401443481,0.8457005023956299,0.9578853845596313,0.7868136167526245,1.027614951133728,0.8952850103378296,1.0440632104873657,1.1780987977981567,1.1346560716629028,1.079193353652954,0.879794716835022,0.976963996887207,0.7982235550880432,0.7693266868591309,0.8529170751571655,0.7460431456565857,1.1643531322479248,1.215490460395813,1.1628094911575317,1.0679925680160522,1.2173796892166138,1.2676913738250732,1.251492977142334,1.1535565853118896,0.9885846376419067,1.0742689371109009
