,rooster,fish,frog,alligator,owl,cat,dog,face,hair,arm,hand,finger,toe,tooth,nose,stroller,car,lamp,chair,bench,drawer,window,door,refrigerator,oven,crib,bed,couch,table,bathtub,sink,slide,clock,ball,balloon,pumpkin,egg,orange,apple,hat,slipper,watch,nail,glasses,necklace,carrot,vacuum,shovel,scissors,spoon,fork,knife,pencil,pen,crayon,plant,flower,bottle,cup,can,belt,basket,bucket,tape,bowl,plate,banana,bread,cracker,pizza,hamburger,glass,tray,box,book,paper,comb,toothbrush,gum,toy,doll,mitten,glove,sock,shoe,purse,pillow,towel,napkin,blanket,pajamas,bib,scarf,jacket,sweater,shirt,jeans,pants,shorts
rooster,0.0,0.5759033560752869,0.8202437162399292,1.0890395641326904,0.9650741815567017,1.0721291303634644,0.9798073172569275,1.1956673860549927,1.090782642364502,1.4631069898605347,1.3144817352294922,0.94456946849823,0.741077184677124,0.6884587407112122,0.9850714206695557,1.2406212091445923,1.075640320777893,0.5465935468673706,1.229805827140808,1.4430979490280151,1.2897220849990845,1.1662613153457642,1.0943198204040527,1.1734604835510254,1.027409315109253,1.4411685466766357,1.5114400386810303,1.4339715242385864,1.524428129196167,1.4758203029632568,1.3889001607894897,1.4478812217712402,0.4576375484466553,0.8003727197647095,0.6654672622680664,0.8751720786094666,0.6837179660797119,0.6532361507415771,0.6007192730903625,0.6938415169715881,0.5672614574432373,0.6238839626312256,0.616498589515686,0.6253634691238403,0.764579176902771,0.8535957336425781,0.6763889193534851,0.6969345808029175,0.9906752705574036,0.6850850582122803,0.6240328550338745,0.8679485321044922,0.6800022125244141,0.6075018644332886,0.6271933317184448,0.40282195806503296,0.2967258095741272,0.48183321952819824,0.5340113043785095,0.6184674501419067,0.7142951488494873,0.8448081016540527,0.8412649631500244,0.7008925080299377,0.8495378494262695,0.9300815463066101,1.0417827367782593,0.6539309024810791,0.883147120475769,0.9896315336227417,0.9531192183494568,1.2771235704421997,1.3328940868377686,1.3990204334259033,1.1303530931472778,1.3989572525024414,1.194414496421814,1.216328501701355,1.0341033935546875,0.9528614282608032,0.872816801071167,1.3736989498138428,1.1308733224868774,1.2376554012298584,1.1903117895126343,1.0820395946502686,1.156632423400879,0.6688119769096375,0.6639189720153809,1.4790005683898926,1.5001250505447388,1.497420310974121,1.3499135971069336,1.3897075653076172,1.4032912254333496,1.3832354545593262,1.4780750274658203,1.3960700035095215,1.4446768760681152
fish,0.5759033560752869,0.0,0.5977153182029724,0.7115774750709534,0.8101330995559692,0.8821674585342407,1.0622389316558838,1.1217901706695557,1.0901371240615845,1.302720546722412,1.0628708600997925,0.7300768494606018,0.6272083520889282,0.3936634063720703,0.7989197969436646,1.1592636108398438,0.8146471381187439,0.9270443320274353,1.2969096899032593,1.2597377300262451,1.0914790630340576,1.1820645332336426,1.211897373199463,1.4031622409820557,1.1296309232711792,1.3654754161834717,1.3090461492538452,1.3006596565246582,1.3551697731018066,1.284641146659851,1.208470106124878,1.3147425651550293,0.7519294023513794,0.7380356192588806,0.6324161291122437,1.0046883821487427,0.6996970772743225,0.544219970703125,0.5286228060722351,0.7435510158538818,0.4630494713783264,0.5309341549873352,0.5388083457946777,0.5704020261764526,0.677518904209137,0.42689085006713867,1.0211936235427856,0.8877269625663757,0.8879272937774658,0.7687929272651672,0.5771364569664001,0.6692336797714233,0.5256966948509216,0.4427013397216797,0.39713382720947266,0.79947829246521,0.6062362194061279,0.8383744955062866,0.8634309768676758,0.6619220972061157,0.5019865036010742,1.121321201324463,1.0633858442306519,0.7571470141410828,0.9459434151649475,0.732729434967041,0.7791661024093628,0.6468806862831116,0.6759132146835327,0.8257948160171509,0.8221200704574585,1.0624297857284546,1.257750153541565,1.311171531677246,0.9273443818092346,1.1276541948318481,0.9480964541435242,0.8704087734222412,0.6016087532043457,0.8995177149772644,1.0698695182800293,1.0866564512252808,0.9181457161903381,0.9381502270698547,1.0255929231643677,1.222420334815979,0.8898340463638306,0.6022786498069763,0.7224552631378174,1.2012518644332886,1.313955545425415,1.2626798152923584,1.1189173460006714,1.3050073385238647,1.355101466178894,1.3135323524475098,1.1721338033676147,1.1207419633865356,1.1516910791397095
frog,0.8202437162399292,0.5977153182029724,0.0,0.2846546173095703,0.5960348844528198,1.0443670749664307,0.8736461400985718,0.9251899123191833,1.0164183378219604,1.1511495113372803,1.0086225271224976,1.08634614944458,1.1404083967208862,0.9830806255340576,1.067304253578186,0.7666730880737305,0.8712141513824463,1.1300864219665527,1.2997065782546997,1.14713716506958,1.1291316747665405,1.2279473543167114,1.2083866596221924,1.2456722259521484,1.1194316148757935,1.0735092163085938,0.9898013472557068,1.1602051258087158,1.01162850856781,1.1569998264312744,1.2049760818481445,0.9710908532142639,0.8406264781951904,0.7044739127159119,0.8190044164657593,0.7412590384483337,0.9786533713340759,0.9181820750236511,0.8399006128311157,0.8290539979934692,0.9879485964775085,1.091336965560913,1.1458784341812134,1.1063483953475952,1.0673454999923706,0.8613370656967163,1.2228280305862427,1.0356858968734741,0.5197437405586243,0.9668282866477966,1.0908554792404175,1.0731818675994873,1.0242923498153687,1.0470010042190552,0.9876527190208435,0.8925442099571228,0.9962882995605469,1.1327046155929565,1.1802656650543213,1.1367489099502563,1.0486109256744385,1.062228798866272,0.9789940118789673,0.7687163352966309,1.0974876880645752,0.9536762833595276,0.5207055807113647,0.8848395347595215,0.64775550365448,0.7733263373374939,0.7868140935897827,0.7829493880271912,0.8271447420120239,0.8473477363586426,0.711674690246582,0.8090779781341553,1.0046296119689941,0.7682915925979614,0.5423443913459778,0.35067641735076904,0.6100689172744751,0.7215684652328491,0.8436638116836548,1.0911755561828613,0.7110223770141602,0.9283657670021057,1.0230385065078735,1.1289730072021484,1.1316205263137817,0.8897167444229126,1.034139633178711,0.884009599685669,0.985163152217865,1.0653061866760254,1.1049156188964844,1.0758635997772217,1.0494283437728882,1.0907652378082275,1.093231439590454
alligator,1.0890395641326904,0.7115774750709534,0.2846546173095703,0.0,0.4932769536972046,0.696144700050354,0.5835737586021423,0.7570676207542419,0.8363658785820007,0.6881052851676941,0.8060939311981201,1.1674821376800537,1.3259522914886475,1.1959254741668701,1.1306922435760498,0.5278422236442566,0.6363370418548584,1.3479524850845337,0.9180379509925842,0.6450327634811401,0.8435362577438354,0.9365628957748413,0.9933130741119385,0.9931751489639282,1.0174198150634766,0.6376395225524902,0.591097354888916,0.6985751986503601,0.5840996503829956,0.8073258399963379,0.9621177315711975,0.706086277961731,1.1897701025009155,1.05984628200531,1.2151520252227783,0.9550694823265076,1.3253567218780518,1.2930667400360107,1.2293866872787476,1.065570592880249,1.2886666059494019,1.3623158931732178,1.4056265354156494,1.3072361946105957,1.2656755447387695,1.0029170513153076,1.2506275177001953,1.2474480867385864,0.6791599988937378,1.294729471206665,1.265356421470642,1.0897525548934937,1.3261620998382568,1.3264473676681519,1.3062337636947632,1.139601469039917,1.2535028457641602,1.453145980834961,1.5246824026107788,1.3389005661010742,1.2496130466461182,1.1231462955474854,1.2504761219024658,1.273024559020996,1.3447959423065186,1.148097038269043,0.7029807567596436,1.1682065725326538,0.7254669666290283,0.7797117829322815,0.8273624181747437,0.6104717254638672,0.8173949718475342,0.6930941343307495,0.7571446299552917,0.5409247875213623,0.7013945579528809,0.7002882957458496,0.7538430094718933,0.7251920104026794,0.7387378215789795,0.47933661937713623,0.7186619639396667,0.9063579440116882,0.5526921153068542,0.8253980278968811,0.7872051000595093,1.2137898206710815,1.2656352519989014,0.5253022909164429,0.6345836520195007,0.5288840532302856,0.5712506175041199,0.6847496628761292,0.7600948810577393,0.7243810296058655,0.6583909392356873,0.6753493547439575,0.7114801406860352
owl,0.9650741815567017,0.8101330995559692,0.5960348844528198,0.4932769536972046,0.0,0.5249989032745361,0.7723656892776489,0.8350515365600586,0.8954157829284668,0.8445483446121216,0.8789235949516296,1.1457197666168213,1.1941622495651245,1.0318489074707031,0.9983582496643066,0.7509856820106506,0.6019506454467773,1.2365106344223022,1.0428082942962646,0.8361678123474121,0.9306615591049194,0.9127298593521118,1.0084595680236816,1.0049097537994385,1.0432533025741577,0.7674329280853271,0.716347336769104,0.8590351343154907,0.6975392699241638,0.9110900163650513,1.0417969226837158,0.7812948226928711,0.9700561165809631,0.9113591313362122,1.054436206817627,0.8693636655807495,1.123898983001709,1.0718450546264648,1.1026864051818848,0.9635510444641113,1.1618751287460327,1.1532886028289795,1.1533303260803223,1.1160643100738525,1.0145667791366577,1.0081030130386353,1.2829086780548096,1.2692930698394775,0.8662689328193665,1.215117335319519,1.1800665855407715,1.1228777170181274,1.2567532062530518,1.2297072410583496,1.210379958152771,1.1063696146011353,1.0461630821228027,1.267942190170288,1.3164291381835938,1.1825681924819946,1.1141079664230347,1.012939691543579,1.1807202100753784,1.1196860074996948,1.2192940711975098,1.0556185245513916,0.8837790489196777,0.9581613540649414,0.7031048536300659,0.5424174070358276,0.8990087509155273,0.5638256669044495,0.8411695957183838,0.8250113129615784,0.920988142490387,0.6792590618133545,0.7336854934692383,0.8408600091934204,0.8360037803649902,0.8057034015655518,0.8298271894454956,0.669226884841919,0.8390527963638306,1.015973687171936,0.6452729105949402,0.9254592061042786,0.8731396198272705,1.2312015295028687,1.2674496173858643,0.562625527381897,0.6442894339561462,0.5066920518875122,0.5526556968688965,0.7234131097793579,0.8331037759780884,0.7706547975540161,0.7792006134986877,0.8115236759185791,0.7666184306144714
cat,1.0721291303634644,0.8821674585342407,1.0443670749664307,0.696144700050354,0.5249989032745361,0.0,0.642511785030365,0.8446215391159058,0.835633397102356,0.7004210948944092,0.8447027802467346,1.0525938272476196,1.0960361957550049,1.0130473375320435,0.975188136100769,0.8378797769546509,0.4923945665359497,1.1009538173675537,0.7407442331314087,0.5980716943740845,0.7721289396286011,0.5590027570724487,0.7239102125167847,0.7159842252731323,0.9935811758041382,0.679103672504425,0.6375498175621033,0.5984158515930176,0.7306340336799622,0.6157554388046265,0.7480003833770752,0.7379320859909058,1.2220700979232788,1.2465802431106567,1.2571101188659668,1.1720558404922485,1.235530138015747,1.1619727611541748,1.2176203727722168,1.012561559677124,1.0792250633239746,1.0538967847824097,1.086849331855774,0.9383180141448975,0.9652493596076965,1.0153133869171143,1.008061170578003,1.2313746213912964,1.0799399614334106,1.2033989429473877,1.040013074874878,0.9080793857574463,1.137825846672058,1.090255618095398,1.1481683254241943,1.1851954460144043,1.0831825733184814,1.283423900604248,1.3031954765319824,0.9752243757247925,0.8979718089103699,1.1481066942214966,1.3178579807281494,1.3723459243774414,1.2327684164047241,1.1206570863723755,1.123944878578186,1.1430447101593018,1.0445363521575928,0.9369609355926514,1.1716326475143433,0.7215009927749634,1.101590633392334,1.0436553955078125,1.1856051683425903,0.8935942053794861,0.7139967083930969,0.9005179405212402,1.230402946472168,1.3213889598846436,1.0794917345046997,0.8239022493362427,0.8761370182037354,0.8984096646308899,0.8592392802238464,1.080833077430725,0.7555696964263916,1.052079677581787,1.1112104654312134,0.6669905185699463,0.6577986478805542,0.6734633445739746,0.5952135324478149,0.5894597768783569,0.6942008137702942,0.6762809753417969,0.6232560276985168,0.5237518548965454,0.6670582890510559
dog,0.9798073172569275,1.0622389316558838,0.8736461400985718,0.5835737586021423,0.7723656892776489,0.642511785030365,0.0,0.80963134765625,0.8570987582206726,0.7549943327903748,0.8845721483230591,1.162787675857544,1.2061779499053955,1.26304030418396,1.0475918054580688,0.6354138851165771,0.8827152252197266,1.2249046564102173,0.8502848148345947,0.7371993064880371,0.9728226661682129,0.8872244358062744,0.9757282137870789,0.8886417150497437,1.025657057762146,0.7154664397239685,0.7120327949523926,0.6495923399925232,0.6874614953994751,0.9498921036720276,1.043756365776062,0.9061365127563477,1.188755989074707,1.1350023746490479,1.253953218460083,0.8852652907371521,1.2042279243469238,1.2544398307800293,1.251294732093811,1.1306411027908325,1.2836143970489502,1.2929716110229492,1.2819148302078247,1.25532865524292,1.2112927436828613,1.2098885774612427,1.135000467300415,1.2468700408935547,1.0690886974334717,1.2588716745376587,1.3410240411758423,1.304749608039856,1.3631675243377686,1.3809270858764648,1.390735149383545,1.1665465831756592,1.1732218265533447,1.305037021636963,1.3272595405578613,1.2337582111358643,1.2757147550582886,1.0736576318740845,1.2176671028137207,1.310366153717041,1.2178534269332886,1.2715150117874146,1.0591285228729248,1.0639475584030151,0.9372487664222717,0.8947980999946594,0.9395355582237244,0.8622840642929077,0.97115159034729,0.9265382885932922,1.1028363704681396,0.9078492522239685,1.070109486579895,1.0807368755340576,1.2051078081130981,1.045425534248352,0.6058276295661926,0.7728374004364014,0.848457932472229,1.0478061437606812,0.8436276316642761,0.8476346731185913,0.8309742212295532,1.224402904510498,1.2208013534545898,0.7171836495399475,0.7059592604637146,0.7255746722221375,0.7083891034126282,0.767974853515625,0.7392606139183044,0.7535620927810669,0.7867016196250916,0.7643896341323853,0.8236148357391357
face,1.1956673860549927,1.1217901706695557,0.9251899123191833,0.7570676207542419,0.8350515365600586,0.8446215391159058,0.80963134765625,0.0,0.16707468032836914,0.7086262702941895,0.7901175022125244,0.9904772043228149,0.9931257963180542,1.1659983396530151,0.712820827960968,0.7417767643928528,0.7666431069374084,1.2690505981445312,0.938340425491333,0.7967674732208252,0.9842520356178284,0.8266831040382385,0.8892483711242676,0.8197939395904541,1.061773657798767,0.7768782377243042,0.7384057641029358,0.6486167907714844,0.8145372867584229,0.8669741153717041,0.9939727187156677,0.8193149566650391,1.2475254535675049,1.1082384586334229,1.2756731510162354,1.0490819215774536,1.1508742570877075,1.1839098930358887,1.1794100999832153,0.8553450107574463,1.252807855606079,1.1637248992919922,1.095207929611206,1.0134249925613403,1.158238410949707,1.118446946144104,1.2158617973327637,1.391108512878418,1.1546671390533447,1.4056504964828491,1.3198908567428589,1.2976274490356445,1.333760380744934,1.3217848539352417,1.2993366718292236,1.2147879600524902,1.2339656352996826,1.3123230934143066,1.366793155670166,1.294386863708496,1.2765191793441772,1.3213872909545898,1.3885573148727417,1.2749052047729492,1.3922336101531982,1.2893694639205933,1.0511583089828491,1.2254873514175415,1.024397373199463,1.044946551322937,0.9133113026618958,0.8378697633743286,1.069571852684021,0.9818546772003174,1.1150388717651367,0.8519774675369263,0.9487757682800293,1.0458705425262451,1.1549986600875854,1.1211453676223755,0.974907636642456,0.8096516728401184,1.0526833534240723,1.0994199514389038,0.9225429892539978,1.1515594720840454,1.1069589853286743,1.3925448656082153,1.4282493591308594,0.8259091377258301,0.6460660099983215,0.6637485027313232,0.7530050873756409,0.5814788341522217,0.5150266885757446,0.4428067207336426,0.7839104533195496,0.7497448921203613,0.7871686816215515
hair,1.090782642364502,1.0901371240615845,1.0164183378219604,0.8363658785820007,0.8954157829284668,0.835633397102356,0.8570987582206726,0.16707468032836914,0.0,0.7261000871658325,0.748191237449646,0.8613694310188293,0.8666274547576904,1.0779629945755005,0.6277745962142944,0.825050950050354,0.8667804002761841,1.2331788539886475,0.9143214225769043,0.8223851919174194,0.9981816411018372,0.8074455261230469,0.8830313086509705,0.8280544281005859,1.0917121171951294,0.8365412354469299,0.8082324862480164,0.6910988092422485,0.8730456233024597,0.9258363842964172,1.0327969789505005,0.9187686443328857,1.2521084547042847,1.1105260848999023,1.234700083732605,1.064185619354248,1.1015722751617432,1.1345014572143555,1.1605799198150635,0.6662556529045105,1.134786605834961,1.0374886989593506,1.049950122833252,0.8376444578170776,1.0113718509674072,1.0379245281219482,1.1221979856491089,1.3706268072128296,1.1661564111709595,1.3527380228042603,1.2164885997772217,1.244546890258789,1.252924919128418,1.228124737739563,1.223412036895752,1.1423609256744385,1.1334607601165771,1.261394739151001,1.3230094909667969,1.2022500038146973,1.1958006620407104,1.2828459739685059,1.3459327220916748,1.3134546279907227,1.390445590019226,1.3096058368682861,1.0771390199661255,1.1675978899002075,1.011161208152771,1.0782501697540283,0.9489834904670715,0.9316980838775635,1.1595609188079834,1.0316163301467896,1.1244421005249023,0.9078443050384521,0.8836802244186401,1.0484259128570557,1.148102045059204,1.1821606159210205,0.9577152729034424,0.8386234045028687,0.9878299236297607,0.9764187932014465,0.9261512160301208,1.1373862028121948,1.0469509363174438,1.3205993175506592,1.3615200519561768,0.8733053207397461,0.6874337196350098,0.7267416715621948,0.714116632938385,0.6219341158866882,0.5631880164146423,0.4982103109359741,0.7854623794555664,0.7375911474227905,0.7578982710838318
arm,1.4631069898605347,1.302720546722412,1.1511495113372803,0.6881052851676941,0.8445483446121216,0.7004210948944092,0.7549943327903748,0.7086262702941895,0.7261000871658325,0.0,0.35289692878723145,0.8869200944900513,1.1506335735321045,1.3310415744781494,1.0098297595977783,0.6959395408630371,0.8918154239654541,1.4187220335006714,0.6720671057701111,0.4918927550315857,0.7821289896965027,0.7695876359939575,0.8911961913108826,0.7766461968421936,1.0116122961044312,0.49274110794067383,0.40288400650024414,0.41664326190948486,0.4251757860183716,0.5209341645240784,0.6893410086631775,0.5284504890441895,1.5318660736083984,1.3245155811309814,1.478769302368164,1.1133415699005127,1.3329370021820068,1.4476896524429321,1.463861346244812,1.2551285028457642,1.4470893144607544,1.3917745351791382,1.394399642944336,1.3723481893539429,1.2583929300308228,1.12618088722229,1.2649182081222534,1.2786539793014526,1.0338160991668701,1.3529706001281738,1.3690105676651,1.1217190027236938,1.3858351707458496,1.4408398866653442,1.5003384351730347,1.466980218887329,1.480122685432434,1.5362920761108398,1.556311845779419,1.4731799364089966,1.4251909255981445,1.3190670013427734,1.3929598331451416,1.581611156463623,1.440181016921997,1.3100637197494507,1.018627643585205,1.3246797323226929,1.0365954637527466,0.9888622760772705,0.9877074956893921,0.720641016960144,0.8701286315917969,0.7889619469642639,1.083386778831482,0.5763827562332153,0.7708058953285217,0.7390688061714172,1.1912175416946411,1.2208203077316284,0.9049317240715027,0.4035454988479614,0.5803064107894897,0.6239544749259949,0.7512092590332031,0.9717682003974915,0.8053478002548218,1.3522509336471558,1.389635682106018,0.4555782079696655,0.2561924457550049,0.33220672607421875,0.44739824533462524,0.3957298994064331,0.3241334557533264,0.3380244970321655,0.3381463289260864,0.4138317108154297,0.3307199478149414
hand,1.3144817352294922,1.0628708600997925,1.0086225271224976,0.8060939311981201,0.8789235949516296,0.8447027802467346,0.8845721483230591,0.7901175022125244,0.748191237449646,0.35289692878723145,0.0,0.3804857134819031,0.6934444904327393,1.0246542692184448,0.6185407638549805,0.8744730949401855,1.0724785327911377,1.3938359022140503,1.0190314054489136,0.8870692849159241,0.839246928691864,1.0270832777023315,1.0770983695983887,1.0741347074508667,1.129836916923523,0.9061447381973267,0.8427006602287292,0.8111022710800171,0.795579195022583,0.8684899806976318,0.8668035864830017,0.9257098436355591,1.4182684421539307,1.1298445463180542,1.2600936889648438,0.9737034440040588,1.0694012641906738,1.2083016633987427,1.213401436805725,0.9860594272613525,1.116405725479126,1.093522071838379,1.1828302145004272,1.0635014772415161,0.8878844976425171,0.7538491487503052,1.3110371828079224,1.1749160289764404,0.9652459621429443,1.0375208854675293,1.0679984092712402,0.9844357371330261,1.0504380464553833,1.143528938293457,1.2658990621566772,1.3668078184127808,1.3636295795440674,1.423821210861206,1.4101884365081787,1.3055830001831055,1.233659029006958,1.3114018440246582,1.3058786392211914,1.3622466325759888,1.3087360858917236,1.2057420015335083,0.8494675159454346,1.0249038934707642,0.8048287630081177,0.932375967502594,0.8327257633209229,0.748104989528656,0.8825222849845886,0.8986075520515442,1.0116281509399414,0.6981735229492188,0.82218337059021,0.5502883195877075,0.8319606781005859,1.0816465616226196,0.7866636514663696,0.39618754386901855,0.4331256151199341,0.6006524562835693,0.7643152475357056,1.026268482208252,0.8957716226577759,1.256831169128418,1.2786853313446045,0.7897325754165649,0.6115478277206421,0.574112594127655,0.67667555809021,0.7621772885322571,0.7059251070022583,0.7282514572143555,0.553051769733429,0.6426275372505188,0.4710276126861572
finger,0.94456946849823,0.7300768494606018,1.08634614944458,1.1674821376800537,1.1457197666168213,1.0525938272476196,1.162787675857544,0.9904772043228149,0.8613694310188293,0.8869200944900513,0.3804857134819031,0.0,0.1293129324913025,0.4537866711616516,0.2983691096305847,1.235176920890808,1.2628464698791504,1.149279236793518,1.1724869012832642,1.2506835460662842,0.9760172367095947,1.2011173963546753,1.1642311811447144,1.2876046895980835,1.122145175933838,1.3572330474853516,1.3086211681365967,1.1753520965576172,1.3526458740234375,1.2553839683532715,1.148573398590088,1.3697556257247925,1.1160372495651245,0.9033785462379456,0.8766782879829407,1.012444019317627,0.6391379833221436,0.7066704630851746,0.7309877276420593,0.6526921987533569,0.45255160331726074,0.4545321464538574,0.6064965724945068,0.4563877582550049,0.37635064125061035,0.3762369751930237,1.0349836349487305,0.9951295256614685,1.0867985486984253,0.7672447562217712,0.6831581592559814,0.7778142690658569,0.5705235004425049,0.6017671823501587,0.6630408763885498,1.0098950862884521,0.9465504288673401,0.980860710144043,0.9528174996376038,0.7519361972808838,0.7344871163368225,1.2036899328231812,1.1177852153778076,0.9600550532341003,1.0740066766738892,0.9907904267311096,0.8917939066886902,0.6852807998657227,0.7996424436569214,1.0738520622253418,0.83339923620224,1.2013863325119019,1.2386082410812378,1.2544257640838623,1.0889921188354492,1.1547585725784302,1.0241981744766235,0.8263167142868042,0.7894673347473145,1.095275640487671,0.965794026851654,0.8948542475700378,0.6700953841209412,0.5800518989562988,1.0724531412124634,1.2354060411453247,0.9397817254066467,0.82574063539505,0.8929409384727478,1.2395521402359009,1.112971544265747,1.1224439144134521,1.060777187347412,1.1508057117462158,1.123841404914856,1.1359723806381226,0.9203840494155884,0.9024239182472229,0.7950024604797363
toe,0.741077184677124,0.6272083520889282,1.1404083967208862,1.3259522914886475,1.1941622495651245,1.0960361957550049,1.2061779499053955,0.9931257963180542,0.8666274547576904,1.1506335735321045,0.6934444904327393,0.1293129324913025,0.0,0.3030906915664673,0.2333141565322876,1.367086410522461,1.2652268409729004,0.9806039929389954,1.269209623336792,1.425513744354248,1.1255804300308228,1.2185739278793335,1.1688108444213867,1.3369643688201904,1.1622120141983032,1.5215964317321777,1.4822468757629395,1.3045700788497925,1.5574079751968384,1.4308907985687256,1.291312575340271,1.5083861351013184,0.948218822479248,0.7493439316749573,0.6759995818138123,0.9550920724868774,0.4577510356903076,0.4888472557067871,0.5087272524833679,0.5067172050476074,0.28839993476867676,0.2907954454421997,0.32518064975738525,0.2723312973976135,0.31856560707092285,0.4013843536376953,0.9360368251800537,0.9754918813705444,1.223914623260498,0.7575981616973877,0.6344956159591675,0.8463388681411743,0.5087171196937561,0.4931698441505432,0.4980735778808594,0.8536867499351501,0.6898916959762573,0.736582338809967,0.7261224985122681,0.557479202747345,0.6216174364089966,1.1818288564682007,1.039049506187439,0.7878974676132202,1.0051039457321167,0.9821869134902954,0.9869574904441833,0.6132888793945312,0.883418619632721,1.1341841220855713,0.8485150337219238,1.3195387125015259,1.427769660949707,1.4396414756774902,1.1866884231567383,1.3752646446228027,1.1554738283157349,1.0375741720199585,0.8378205895423889,1.1093499660491943,1.0154227018356323,1.1205382347106934,0.8586075305938721,0.7019376158714294,1.1829833984375,1.3113694190979004,0.9927563071250916,0.69186931848526,0.7683587670326233,1.419691562652588,1.313943862915039,1.332686185836792,1.230779767036438,1.3005847930908203,1.2681041955947876,1.2692029476165771,1.161836862564087,1.0966825485229492,1.0389740467071533
tooth,0.6884587407112122,0.3936634063720703,0.9830806255340576,1.1959254741668701,1.0318489074707031,1.0130473375320435,1.26304030418396,1.1659983396530151,1.0779629945755005,1.3310415744781494,1.0246542692184448,0.4537866711616516,0.3030906915664673,0.0,0.5631226301193237,1.3372256755828857,1.07461416721344,0.9298726320266724,1.2488837242126465,1.345240592956543,1.0953973531723022,1.2037328481674194,1.1791861057281494,1.3581805229187012,1.0999975204467773,1.4357097148895264,1.3936954736709595,1.3317992687225342,1.4799050092697144,1.3724043369293213,1.2743474245071411,1.4295481443405151,0.7542619109153748,0.7895854711532593,0.6487534642219543,1.1494277715682983,0.6142675280570984,0.4423564672470093,0.3914926052093506,0.6613635420799255,0.2274274230003357,0.15485286712646484,0.16105854511260986,0.25774431228637695,0.3393700122833252,0.40184319019317627,0.883776068687439,0.9229900240898132,1.0420207977294922,0.7260538339614868,0.5020141005516052,0.6267741918563843,0.29162687063217163,0.24868905544281006,0.1868618130683899,0.7246116995811462,0.47147858142852783,0.5576491355895996,0.5908296704292297,0.4084814786911011,0.38794177770614624,1.0769418478012085,0.9564860463142395,0.6874651908874512,0.8638217449188232,0.6941946744918823,0.936710000038147,0.5994853377342224,0.8177213072776794,0.9789353013038635,0.969325065612793,1.2128677368164062,1.300293207168579,1.3196245431900024,0.9803599119186401,1.2919666767120361,1.0439352989196777,0.9181539416313171,0.686800479888916,0.9544552564620972,1.1687198877334595,1.287214756011963,1.0462150573730469,0.8848779201507568,1.195682406425476,1.3082897663116455,1.0404226779937744,0.591266930103302,0.716881513595581,1.3570101261138916,1.3630940914154053,1.3658316135406494,1.2242673635482788,1.3409497737884521,1.3816187381744385,1.3457951545715332,1.2309155464172363,1.1841715574264526,1.1554852724075317
nose,0.9850714206695557,0.7989197969436646,1.067304253578186,1.1306922435760498,0.9983582496643066,0.975188136100769,1.0475918054580688,0.712820827960968,0.6277745962142944,1.0098297595977783,0.6185407638549805,0.2983691096305847,0.2333141565322876,0.5631226301193237,0.0,1.1567469835281372,1.1667609214782715,1.15935218334198,1.1834735870361328,1.188198447227478,0.9854648113250732,1.0766301155090332,1.0893709659576416,1.2165706157684326,1.1508139371871948,1.2619999647140503,1.2318018674850464,1.0763540267944336,1.2870112657546997,1.25773286819458,1.1860747337341309,1.317737340927124,1.1462788581848145,0.8742627501487732,0.9039014577865601,0.9566004276275635,0.6656084060668945,0.7359858155250549,0.7806344032287598,0.5553821325302124,0.5669177174568176,0.5146772265434265,0.5968393087387085,0.39376693964004517,0.4235038757324219,0.5553351640701294,1.1023705005645752,1.201080322265625,1.1893181800842285,0.9702166318893433,0.8678345680236816,1.0169856548309326,0.8017891049385071,0.8042280673980713,0.8226054310798645,1.0957520008087158,0.9756478667259216,1.0789897441864014,1.0668985843658447,0.8532288074493408,0.8697051405906677,1.282789945602417,1.2428739070892334,0.9594845771789551,1.1912466287612915,1.1340889930725098,0.9846072196960449,0.7815592288970947,0.8742867112159729,1.105699062347412,0.8391427993774414,1.1576707363128662,1.3054141998291016,1.2678625583648682,1.1997888088226318,1.179134488105774,1.05470871925354,0.983961820602417,0.8988405466079712,1.1292608976364136,0.9750136733055115,0.9480968713760376,0.8698616623878479,0.786224901676178,1.0562714338302612,1.2584805488586426,0.9919783473014832,0.9996510148048401,1.0725911855697632,1.179782748222351,1.0858256816864014,1.0485502481460571,1.015113115310669,1.103940725326538,1.063866376876831,1.0553793907165527,0.9913690090179443,0.9230538010597229,0.8726986050605774
stroller,1.2406212091445923,1.1592636108398438,0.7666730880737305,0.5278422236442566,0.7509856820106506,0.8378797769546509,0.6354138851165771,0.7417767643928528,0.825050950050354,0.6959395408630371,0.8744730949401855,1.235176920890808,1.367086410522461,1.3372256755828857,1.1567469835281372,0.0,0.5788854360580444,1.3316062688827515,0.6015145182609558,0.44696569442749023,0.7079817056655884,0.8524506092071533,0.8821592926979065,0.7070698142051697,0.8193731904029846,0.3470642566680908,0.4539417028427124,0.44897890090942383,0.5011136531829834,0.7645237445831299,0.9349885582923889,0.6768032312393188,1.2479960918426514,1.132753849029541,1.314943552017212,1.0941544771194458,1.3427798748016357,1.4678502082824707,1.4208639860153198,1.086954951286316,1.3432660102844238,1.4028055667877197,1.461778998374939,1.4148895740509033,1.3253250122070312,1.2163845300674438,0.9805896878242493,1.2446789741516113,0.8145713806152344,1.3247588872909546,1.4197146892547607,1.2346290349960327,1.4501579999923706,1.469510555267334,1.4764271974563599,1.2122914791107178,1.4025322198867798,1.3805103302001953,1.4071142673492432,1.2933567762374878,1.3281755447387695,0.951931357383728,1.078222393989563,1.3254165649414062,1.264907717704773,1.2990124225616455,0.9942951202392578,1.3656203746795654,1.0644066333770752,0.9726026058197021,1.0009887218475342,0.5588648319244385,0.8216670751571655,0.5648427605628967,0.9061119556427002,0.6812809705734253,0.8703539371490479,0.8061912655830383,1.0070196390151978,0.7374786138534546,0.5361971855163574,0.5370011329650879,0.6463889479637146,0.8476095199584961,0.49354732036590576,0.5819047689437866,0.6941089034080505,1.2539937496185303,1.268336296081543,0.4928719997406006,0.5147614479064941,0.5137844085693359,0.5570602416992188,0.5456776022911072,0.6004390716552734,0.6121838688850403,0.5357683897018433,0.5588774681091309,0.6212987303733826
car,1.075640320777893,0.8146471381187439,0.8712141513824463,0.6363370418548584,0.6019506454467773,0.4923945665359497,0.8827152252197266,0.7666431069374084,0.8667804002761841,0.8918154239654541,1.0724785327911377,1.2628464698791504,1.2652268409729004,1.07461416721344,1.1667609214782715,0.5788854360580444,0.0,1.1346523761749268,0.8055480718612671,0.6700708866119385,0.8376451134681702,0.678863525390625,0.8613017201423645,0.7244720458984375,0.873169481754303,0.6050097942352295,0.6341471672058105,0.7307958602905273,0.7327125072479248,0.710424542427063,0.8494240045547485,0.6442385911941528,1.0782928466796875,1.106389045715332,1.174400806427002,1.272621750831604,1.222182035446167,1.19242262840271,1.1431370973587036,1.096289038658142,1.1564741134643555,1.1332780122756958,1.0921283960342407,1.0673179626464844,1.2428969144821167,1.079122543334961,1.0793787240982056,1.175183653831482,0.9709710478782654,1.302997350692749,1.1037652492523193,0.886582612991333,1.1767916679382324,1.0919218063354492,1.1028133630752563,1.0879464149475098,1.0481809377670288,1.1574724912643433,1.2010809183120728,1.113513708114624,0.9857296943664551,0.9857909679412842,1.2043596506118774,1.1960761547088623,1.1303789615631104,1.0035250186920166,1.0559840202331543,1.2771635055541992,1.1553696393966675,0.8964953422546387,1.1021010875701904,0.49334025382995605,0.9640443325042725,0.8749122619628906,0.9143813848495483,0.7905996441841125,0.7104539275169373,0.8739372491836548,0.9721265435218811,1.034065842628479,1.0377135276794434,0.9724993109703064,1.0485038757324219,1.1982051134109497,0.8250608444213867,1.0502437353134155,0.9045922756195068,1.0707809925079346,1.1051230430603027,0.7209305167198181,0.7431825995445251,0.7747718095779419,0.7390710115432739,0.6828334927558899,0.769961953163147,0.7160707116127014,0.8129363059997559,0.7792975306510925,0.8342073559761047
lamp,0.5465935468673706,0.9270443320274353,1.1300864219665527,1.3479524850845337,1.2365106344223022,1.1009538173675537,1.2249046564102173,1.2690505981445312,1.2331788539886475,1.4187220335006714,1.3938359022140503,1.149279236793518,0.9806039929389954,0.9298726320266724,1.15935218334198,1.3316062688827515,1.1346523761749268,0.0,0.9598390460014343,1.3086750507354736,1.1016453504562378,0.9031260013580322,0.7242929339408875,0.8703428506851196,0.9211059808731079,1.2917966842651367,1.4013993740081787,1.3522627353668213,1.392359972000122,1.1404669284820557,0.9829154014587402,1.2543470859527588,0.44277137517929077,0.9185060858726501,0.6795765161514282,1.0926233530044556,0.8128432035446167,0.8394073843955994,0.8671115040779114,1.0018271207809448,0.854145884513855,0.8638167381286621,0.8244417309761047,0.821967363357544,0.8954018950462341,1.1412273645401,0.3768109679222107,0.5825358629226685,0.8863814473152161,0.5683879256248474,0.4965240955352783,0.7297929525375366,0.644275426864624,0.6316376328468323,0.7307536602020264,0.5652726888656616,0.616304874420166,0.5564054846763611,0.5618714094161987,0.6687026023864746,0.7554641962051392,0.7322591543197632,0.7814153432846069,0.7444660663604736,0.7753996849060059,0.9033762812614441,1.2593668699264526,1.0595265626907349,1.2077618837356567,1.2899856567382812,1.1491520404815674,1.1996440887451172,1.2296013832092285,1.277878761291504,1.113416075706482,1.3083343505859375,1.081286907196045,1.075753092765808,1.166435956954956,1.1121141910552979,1.2091518640518188,1.5228931903839111,1.39776611328125,1.2549371719360352,1.2724683284759521,1.0995157957077026,1.1695940494537354,0.7212092280387878,0.6514075994491577,1.4688197374343872,1.5059317350387573,1.5029833316802979,1.482545018196106,1.3960115909576416,1.3669490814208984,1.36809241771698,1.537306785583496,1.4637656211853027,1.5529663562774658
chair,1.229805827140808,1.2969096899032593,1.2997065782546997,0.9180379509925842,1.0428082942962646,0.7407442331314087,0.8502848148345947,0.938340425491333,0.9143214225769043,0.6720671057701111,1.0190314054489136,1.1724869012832642,1.269209623336792,1.2488837242126465,1.1834735870361328,0.6015145182609558,0.8055480718612671,0.9598390460014343,0.0,0.2097991704940796,0.48902684450149536,0.38947319984436035,0.38945651054382324,0.3832094073295593,0.6428069472312927,0.28250831365585327,0.4623963236808777,0.32991570234298706,0.4899958372116089,0.5545027256011963,0.6692826747894287,0.7715593576431274,1.1967473030090332,1.4270745515823364,1.3577361106872559,1.349668025970459,1.4035694599151611,1.409906029701233,1.4587395191192627,1.2245815992355347,1.2457678318023682,1.285153865814209,1.3259227275848389,1.2029016017913818,1.174120306968689,1.2723069190979004,0.639039933681488,1.1309270858764648,1.1107906103134155,1.2369792461395264,1.0624134540557861,0.9909507632255554,1.267730474472046,1.2519021034240723,1.3038041591644287,1.0642260313034058,1.230552077293396,1.1916100978851318,1.1521823406219482,0.9230523109436035,1.064583659172058,0.7222926616668701,1.038415789604187,1.4215688705444336,1.074371337890625,1.1444404125213623,1.2994623184204102,1.377286434173584,1.2683262825012207,1.2024948596954346,1.1969895362854004,0.9254701137542725,0.9533608555793762,0.7213440537452698,1.0165256261825562,0.846326470375061,0.8083593249320984,1.0699626207351685,1.359797477722168,1.2544020414352417,1.0137975215911865,0.9474732875823975,0.9685624241828918,0.8727896809577942,0.9321068525314331,0.789777398109436,0.5408195853233337,0.8686078190803528,0.8991081118583679,0.6140211224555969,0.6518521308898926,0.7817529439926147,0.7641826272010803,0.6323468685150146,0.6223617792129517,0.6601203680038452,0.6567988395690918,0.6077468395233154,0.7504489421844482
bench,1.4430979490280151,1.2597377300262451,1.14713716506958,0.6450327634811401,0.8361678123474121,0.5980716943740845,0.7371993064880371,0.7967674732208252,0.8223851919174194,0.4918927550315857,0.8870692849159241,1.2506835460662842,1.425513744354248,1.345240592956543,1.188198447227478,0.44696569442749023,0.6700708866119385,1.3086750507354736,0.2097991704940796,0.0,0.3903919458389282,0.5431744456291199,0.6197224855422974,0.5588564872741699,0.7578686475753784,0.14405763149261475,0.19940227270126343,0.15561425685882568,0.22499573230743408,0.3506084680557251,0.5619980692863464,0.49983298778533936,1.4370200634002686,1.4146573543548584,1.4939881563186646,1.3153047561645508,1.4925235509872437,1.541254997253418,1.5465360879898071,1.2830814123153687,1.4061444997787476,1.4303529262542725,1.4589918851852417,1.3752104043960571,1.3273134231567383,1.2739800214767456,0.9920032024383545,1.3006999492645264,1.0456204414367676,1.4316900968551636,1.3393863439559937,1.0726943016052246,1.455939531326294,1.4449838399887085,1.4673384428024292,1.3685157299041748,1.4611656665802002,1.5232274532318115,1.4964854717254639,1.2386577129364014,1.2306585311889648,0.9650658369064331,1.2602308988571167,1.5248146057128906,1.2323896884918213,1.1604552268981934,1.1810269355773926,1.436190128326416,1.1670693159103394,1.0653560161590576,1.1778597831726074,0.7813127040863037,0.7685669660568237,0.585853099822998,0.953314483165741,0.6153593063354492,0.6946037411689758,0.9677929282188416,1.2865874767303467,1.1814448833465576,1.0399202108383179,0.6612655520439148,0.8557834625244141,0.8142592906951904,0.7317495346069336,0.7744882702827454,0.5611974000930786,1.1418240070343018,1.2072581052780151,0.33572953939437866,0.42250633239746094,0.5025187730789185,0.5062321424484253,0.43080317974090576,0.472983181476593,0.4983367323875427,0.38852357864379883,0.3686070442199707,0.5170390605926514
drawer,1.2897220849990845,1.0914790630340576,1.1291316747665405,0.8435362577438354,0.9306615591049194,0.7721289396286011,0.9728226661682129,0.9842520356178284,0.9981816411018372,0.7821289896965027,0.839246928691864,0.9760172367095947,1.1255804300308228,1.0953973531723022,0.9854648113250732,0.7079817056655884,0.8376451134681702,1.1016453504562378,0.48902684450149536,0.3903919458389282,0.0,0.7988629937171936,0.5902472734451294,0.6267551183700562,0.48056209087371826,0.5339199900627136,0.6751548051834106,0.5780419111251831,0.6196707487106323,0.5814954042434692,0.5776896476745605,0.9141163229942322,1.2051479816436768,1.314807415008545,1.2887189388275146,1.2842363119125366,1.3018158674240112,1.3245429992675781,1.3858039379119873,1.1625713109970093,1.0763931274414062,1.1607497930526733,1.2867436408996582,1.098217248916626,1.0345498323440552,1.0732131004333496,0.8429579138755798,1.1999146938323975,1.0259894132614136,1.157562494277954,0.9981945753097534,0.8159338235855103,1.1567962169647217,1.1401598453521729,1.2228748798370361,1.155754804611206,1.303128719329834,1.2968415021896362,1.1881420612335205,0.8945616483688354,0.9321960210800171,0.796885073184967,1.0366138219833374,1.2667272090911865,0.9222434759140015,0.9178740978240967,1.1515408754348755,1.2408674955368042,1.0551027059555054,1.1130619049072266,1.05693781375885,0.8649654388427734,0.6991209983825684,0.4877101182937622,0.7636014819145203,0.687542736530304,0.7280678153038025,0.9503012299537659,1.038626790046692,1.145524024963379,1.1105293035507202,0.8681243658065796,0.9082920551300049,0.8105792999267578,0.7885031700134277,0.7308955192565918,0.6365643739700317,0.9204927682876587,0.964806318283081,0.7324753999710083,0.8081961870193481,0.8137693405151367,0.8410876393318176,0.8481428027153015,0.8902546763420105,0.9102198481559753,0.6537814140319824,0.64179927110672,0.6994637250900269
