,frog,nose,face,hair,arm,hand,finger,toe,lamp,drawer,chair,table,couch,bed,crib,window,door,refrigerator,oven,sink,bathtub,shirt,bib,pajamas,pants,slipper,shoe,sock,glove,blanket,pillow,towel,napkin,doll,toy,tray,box,book,paper,basket,purse,comb,hat,glasses,scissors,fork,spoon,crayon,pencil,pen,knife,toothbrush,gum,balloon,ball,egg,orange,apple,banana,plant,bread,plate,bowl,bottle,cup,bucket,can
frog,0.0,0.9965851306915283,0.938218355178833,1.1013044118881226,1.2205493450164795,1.0742839574813843,1.0165430307388306,0.9994729161262512,0.9852860569953918,1.1451359987258911,1.1998566389083862,1.230119228363037,1.172280192375183,1.217581868171692,1.1205884218215942,1.1167027950286865,1.1436353921890259,1.245771050453186,1.2043726444244385,1.1844043731689453,1.227036714553833,1.1880131959915161,1.2024492025375366,1.195338487625122,1.1713011264801025,0.9075222015380859,1.0304723978042603,1.1281907558441162,0.9258679151535034,1.2023577690124512,1.1497431993484497,1.1661655902862549,1.1172902584075928,0.6760015487670898,0.865678071975708,1.1209471225738525,1.1211973428726196,0.990271270275116,1.0605502128601074,1.1811295747756958,1.1503750085830688,1.1420987844467163,0.8857403993606567,0.863210916519165,1.0064332485198975,0.9973869323730469,0.9423057436943054,0.8379206657409668,0.8762841820716858,0.8871256709098816,1.11033034324646,1.06471586227417,0.9270747303962708,0.9420454502105713,0.868660032749176,0.9550483822822571,0.809005618095398,0.7607569098472595,0.7069605588912964,0.8376822471618652,1.018486738204956,1.045568585395813,1.1198749542236328,0.9523101449012756,1.0199073553085327,1.105069875717163,1.2139886617660522
nose,0.9965851306915283,0.0,0.5206966400146484,0.6088823080062866,0.880751371383667,0.6045474410057068,0.4061068296432495,0.32887595891952515,0.985917329788208,1.1537575721740723,1.3057010173797607,1.3238593339920044,1.180381417274475,1.2234879732131958,1.192939043045044,1.060154676437378,1.0734033584594727,1.1940114498138428,1.2588953971862793,1.2483816146850586,1.3158828020095825,0.9258688688278198,1.069178581237793,1.097751498222351,1.0164192914962769,0.9457117915153503,1.0335040092468262,1.0072672367095947,1.0584849119186401,1.182631492614746,1.0662091970443726,1.155275583267212,1.0783015489578247,0.9821609854698181,1.203376293182373,1.3658437728881836,1.168553113937378,1.2107610702514648,1.1800627708435059,1.345855712890625,1.288196086883545,1.1464275121688843,0.7437744140625,0.3611980676651001,1.1554023027420044,0.9249650239944458,0.8748547434806824,0.8699288368225098,0.8223580718040466,0.8227956295013428,1.0890637636184692,1.0399243831634521,0.8254539370536804,0.9883832931518555,0.860678493976593,0.6662682294845581,0.8308484554290771,0.8206449151039124,0.8926847577095032,1.0740259885787964,0.9708545207977295,1.0738524198532104,1.1215755939483643,1.0712257623672485,1.0998804569244385,1.2759944200515747,1.1786234378814697
face,0.938218355178833,0.5206966400146484,0.0,0.3732501268386841,0.7599417567253113,0.7569608092308044,0.8366633653640747,0.795433521270752,1.214289665222168,1.1123119592666626,1.1118568181991577,0.9737801551818848,0.8306633234024048,0.8304791450500488,1.0057716369628906,0.9012970924377441,1.0013211965560913,1.0248335599899292,0.9930041432380676,1.1015421152114868,1.0350004434585571,0.641579270362854,0.8778818845748901,0.768208920955658,0.7555291056632996,1.2184841632843018,1.0316133499145508,1.027675986289978,1.0319159030914307,0.9017007350921631,0.9768753051757812,1.2359755039215088,1.2473766803741455,0.8365699052810669,1.009838581085205,1.1708941459655762,1.075546145439148,0.9498461484909058,0.9796594977378845,1.169814944267273,1.0995715856552124,1.0173888206481934,0.9454265236854553,0.8345015645027161,1.1166861057281494,1.2702503204345703,1.2788093090057373,1.257768154144287,1.1613459587097168,1.1942591667175293,1.1615432500839233,1.0694688558578491,1.0726388692855835,1.1256026029586792,1.1145585775375366,1.005251169204712,1.0532499551773071,1.0708932876586914,1.0380998849868774,1.1028375625610352,1.0691685676574707,1.2551130056381226,1.2088115215301514,1.1881531476974487,1.2270865440368652,1.228132724761963,1.1327959299087524
hair,1.1013044118881226,0.6088823080062866,0.3732501268386841,0.0,0.6664602756500244,0.7428086996078491,0.8348516225814819,0.7843968272209167,1.216094732284546,1.0836354494094849,1.1000150442123413,0.9339284896850586,0.8763877153396606,0.8169175386428833,1.0257149934768677,0.8626378774642944,1.0330313444137573,1.036738395690918,0.9805009365081787,1.0811784267425537,0.9836886525154114,0.5450820922851562,0.7704440951347351,0.698883056640625,0.6261866688728333,1.1617852449417114,0.9835966229438782,0.9710511565208435,0.9591421484947205,0.8635126352310181,0.9580076336860657,1.1783376932144165,1.2217804193496704,0.960688054561615,1.1182122230529785,1.196893334388733,1.1274163722991943,0.9660484790802002,0.9888748526573181,1.192892074584961,1.0044188499450684,0.8947304487228394,0.7460962533950806,0.7506786584854126,1.0684908628463745,1.1774258613586426,1.2380166053771973,1.23197603225708,1.1165761947631836,1.1124393939971924,1.0253998041152954,1.0070551633834839,1.1024184226989746,1.1014161109924316,1.138986587524414,1.0132181644439697,1.1426736116409302,1.1430881023406982,1.071555495262146,1.0517327785491943,0.9779834747314453,1.2629361152648926,1.2698646783828735,1.204169750213623,1.330115795135498,1.290578007698059,1.1286578178405762
arm,1.2205493450164795,0.880751371383667,0.7599417567253113,0.6664602756500244,0.0,0.4465956687927246,0.7251504063606262,0.7777109146118164,1.2660828828811646,0.9916493892669678,0.9900578260421753,0.7701261043548584,0.7804953455924988,0.6649935841560364,0.9606992602348328,0.8172203898429871,1.006670355796814,0.878684937953949,0.8653975129127502,0.9912438988685608,0.90189129114151,0.48116445541381836,0.6322034001350403,0.5336358547210693,0.5075486898422241,1.2170768976211548,1.0142605304718018,0.6017405986785889,0.6366461515426636,0.6888131499290466,0.7302379608154297,0.9842662215232849,1.0036836862564087,1.1765655279159546,1.1124554872512817,1.0729703903198242,1.0752532482147217,0.9599334597587585,0.8223088383674622,1.109578251838684,0.9565913081169128,0.8412675857543945,1.1967157125473022,1.132376790046692,0.9375884532928467,1.1538538932800293,1.2426167726516724,1.2389997243881226,1.1655733585357666,1.1518585681915283,0.8400135040283203,0.8227043747901917,1.191046118736267,1.2536643743515015,1.311772108078003,1.2141404151916504,1.2855565547943115,1.2877557277679443,1.1022700071334839,1.1234478950500488,0.9244360327720642,1.2994232177734375,1.2708606719970703,1.2894515991210938,1.285609483718872,1.2392756938934326,0.9655217528343201
hand,1.0742839574813843,0.6045474410057068,0.7569608092308044,0.7428086996078491,0.4465956687927246,0.0,0.2529928684234619,0.43240976333618164,1.225372314453125,1.1184704303741455,1.2061033248901367,1.127821683883667,1.0891292095184326,1.078456163406372,1.1126731634140015,1.0431307554244995,1.1220439672470093,1.1619359254837036,1.1343460083007812,1.142169713973999,1.1819360256195068,0.832854151725769,0.8648253083229065,0.8823269009590149,0.8406497240066528,1.0255869626998901,0.9189355969429016,0.7093259692192078,0.5068503022193909,1.0128422975540161,0.994350016117096,1.1699281930923462,1.097273349761963,1.0526810884475708,1.0710757970809937,1.1166701316833496,1.1622931957244873,1.003835916519165,0.8964200615882874,1.201406717300415,1.0676686763763428,0.9856290817260742,1.0412685871124268,0.9346896409988403,1.0065562725067139,1.0521219968795776,1.0427217483520508,1.0815784931182861,1.073765754699707,1.0473151206970215,0.8929473757743835,0.8825957775115967,0.8528416156768799,1.1976861953735352,1.1734098196029663,1.02662193775177,1.09138023853302,1.085949182510376,0.9431934356689453,1.1580309867858887,1.0230504274368286,1.1690950393676758,1.154414415359497,1.225748896598816,1.148007869720459,1.2295063734054565,1.1345715522766113
finger,1.0165430307388306,0.4061068296432495,0.8366633653640747,0.8348516225814819,0.7251504063606262,0.2529928684234619,0.0,0.08504140377044678,1.0213373899459839,1.148956537246704,1.3094768524169922,1.4269490242004395,1.2968573570251465,1.3189926147460938,1.282193660736084,1.172178864479065,1.1836177110671997,1.3178609609603882,1.3655874729156494,1.3240604400634766,1.3888572454452515,1.0094890594482422,1.156441569328308,1.1654977798461914,1.0071334838867188,0.7726187705993652,0.9635893106460571,0.8199917674064636,0.7887605428695679,1.266847848892212,1.1102399826049805,1.207847237586975,1.0806858539581299,1.1044098138809204,1.2462130784988403,1.3443231582641602,1.224492073059082,1.228501319885254,1.1182410717010498,1.3915914297103882,1.2861268520355225,1.094007968902588,0.7902894020080566,0.648479700088501,1.1488648653030396,0.7775012254714966,0.7814056277275085,0.6857783794403076,0.7027967572212219,0.6925336122512817,0.9018206596374512,0.9717035293579102,0.7202050685882568,0.9814228415489197,0.824795126914978,0.6492897272109985,0.794969916343689,0.8014503717422485,0.8494822978973389,1.09494149684906,0.9241099953651428,1.088712453842163,1.1803665161132812,1.0403599739074707,1.0735141038894653,1.26595938205719,1.2023462057113647
toe,0.9994729161262512,0.32887595891952515,0.795433521270752,0.7843968272209167,0.7777109146118164,0.43240976333618164,0.08504140377044678,0.0,0.9885011911392212,1.1731261014938354,1.3245623111724854,1.4835379123687744,1.2887378931045532,1.3226335048675537,1.3166961669921875,1.2036694288253784,1.1839808225631714,1.350867748260498,1.4096951484680176,1.3770530223846436,1.4147999286651611,0.9890361428260803,1.1616759300231934,1.171272873878479,0.9638374447822571,0.6710801124572754,0.9183308482170105,0.7919620275497437,0.8547865152359009,1.2836500406265259,1.0677496194839478,1.182517409324646,1.0713101625442505,1.096714973449707,1.3059335947036743,1.4612082242965698,1.2338569164276123,1.3123904466629028,1.2214106321334839,1.4607558250427246,1.331634521484375,1.179943561553955,0.6697572469711304,0.5675499439239502,1.2503563165664673,0.7903467416763306,0.797039270401001,0.6782923936843872,0.6724640727043152,0.6783879995346069,1.0111569166183472,1.1003996133804321,0.7565701007843018,0.8940885663032532,0.7122951745986938,0.5121302008628845,0.7003315091133118,0.7213164567947388,0.8264095783233643,1.093176245689392,0.8892353773117065,1.105366587638855,1.2044451236724854,1.0076189041137695,1.083483099937439,1.2807279825210571,1.2214441299438477
lamp,0.9852860569953918,0.985917329788208,1.214289665222168,1.216094732284546,1.2660828828811646,1.225372314453125,1.0213373899459839,0.9885011911392212,0.0,1.0273915529251099,0.9366809725761414,1.1648986339569092,1.1780928373336792,1.2310506105422974,0.9707730412483215,0.7824076414108276,0.8314399123191833,0.9282532930374146,1.1318658590316772,0.9903709292411804,1.1433250904083252,1.222682237625122,1.3655011653900146,1.320799469947815,1.3538782596588135,0.954578161239624,1.1534762382507324,1.2227519750595093,1.3263649940490723,1.2365045547485352,1.1080328226089478,0.9116279482841492,0.8815951347351074,1.0702382326126099,1.1256093978881836,1.2203044891357422,1.066244125366211,1.1909160614013672,1.1495521068572998,1.0544414520263672,1.1374021768569946,1.016198992729187,0.8909343481063843,0.8269492387771606,0.9373493790626526,0.5987380146980286,0.5348514318466187,0.727195143699646,0.6166720986366272,0.583386242389679,0.9386270642280579,0.9595108032226562,1.0101112127304077,0.7559080123901367,0.722906231880188,0.8507307767868042,0.9374269247055054,0.880201518535614,1.0624587535858154,0.6644411087036133,1.0839238166809082,0.8356044292449951,0.9250081777572632,0.715474009513855,0.8924721479415894,1.0176020860671997,0.984231173992157
drawer,1.1451359987258911,1.1537575721740723,1.1123119592666626,1.0836354494094849,0.9916493892669678,1.1184704303741455,1.148956537246704,1.1731261014938354,1.0273915529251099,0.0,0.6607286334037781,0.5252659320831299,0.6533069610595703,0.727658748626709,0.6989225745201111,0.8484062552452087,0.550236701965332,0.53980553150177,0.4799649715423584,0.7828148007392883,0.6924917101860046,1.0714772939682007,1.0796796083450317,0.984427273273468,0.9399215579032898,1.055733323097229,1.0066698789596558,1.105787992477417,1.1421140432357788,0.9466960430145264,0.8417982459068298,0.8941957950592041,0.9044463038444519,1.162632703781128,1.1348050832748413,0.6959624886512756,0.5080970525741577,0.9592590928077698,0.8746864795684814,0.7577455043792725,0.8368838429450989,0.8500992655754089,1.0976892709732056,1.0903761386871338,1.0369019508361816,0.9896323680877686,1.1447685956954956,1.1124356985092163,0.9596322774887085,0.9972134232521057,0.8196227550506592,1.0639309883117676,1.2159079313278198,1.2538620233535767,1.2689794301986694,1.2871954441070557,1.2659109830856323,1.2485861778259277,1.212433099746704,1.020803451538086,1.0988795757293701,1.0670331716537476,1.0470200777053833,1.153113603591919,1.126305341720581,0.9510824084281921,0.6947365403175354
chair,1.1998566389083862,1.3057010173797607,1.1118568181991577,1.1000150442123413,0.9900578260421753,1.2061033248901367,1.3094768524169922,1.3245623111724854,0.9366809725761414,0.6607286334037781,0.0,0.523979127407074,0.4611150026321411,0.5889373421669006,0.5074422359466553,0.7347759008407593,0.6252239346504211,0.5741015672683716,0.6746994256973267,0.6963223218917847,0.6501234173774719,0.9589657187461853,0.9971300959587097,0.8640797138214111,0.8711181879043579,1.0813450813293457,0.9772592186927795,0.9919683337211609,1.1219431161880493,0.7739766836166382,0.6844671964645386,0.7367569804191589,0.8795489072799683,1.0553120374679565,0.8861808776855469,0.8367981314659119,0.7078518867492676,0.9249480962753296,0.9470139741897583,0.638771653175354,0.7027707099914551,0.9304107427597046,1.0915521383285522,1.2598581314086914,0.9383178353309631,1.1693155765533447,1.215126872062683,1.3085534572601318,1.2474325895309448,1.2225348949432373,1.0238810777664185,1.0806856155395508,1.388770580291748,1.1401177644729614,1.3024044036865234,1.4098834991455078,1.3559494018554688,1.344799280166626,1.3358972072601318,0.9011325240135193,1.1878981590270996,1.1684505939483643,1.053322196006775,1.0100793838500977,1.0248736143112183,0.8546082973480225,0.7463449239730835
table,1.230119228363037,1.3238593339920044,0.9737801551818848,0.9339284896850586,0.7701261043548584,1.127821683883667,1.4269490242004395,1.4835379123687744,1.1648986339569092,0.5252659320831299,0.523979127407074,0.0,0.4159128665924072,0.36350828409194946,0.5636875629425049,0.6402544975280762,0.6882196068763733,0.42495667934417725,0.34461450576782227,0.505772054195404,0.39863133430480957,0.7293396592140198,0.772242546081543,0.6510812640190125,0.7451534867286682,1.3889286518096924,1.1251752376556396,1.1107401847839355,1.1254196166992188,0.6052676439285278,0.8185917735099792,0.9123163223266602,0.9599114656448364,1.1213922500610352,0.8508599996566772,0.5188421607017517,0.737480878829956,0.7423028349876404,0.6404560208320618,0.6679084300994873,0.8131371736526489,0.8321936130523682,1.375414252281189,1.3607773780822754,0.8850651979446411,1.3148597478866577,1.3665850162506104,1.4430968761444092,1.350503921508789,1.349405288696289,0.9535733461380005,0.8882203102111816,1.2873482704162598,1.247383713722229,1.4062464237213135,1.4458038806915283,1.4215167760849,1.4215431213378906,1.3310627937316895,1.0428040027618408,1.1191344261169434,1.058979868888855,0.9574915766716003,1.1362011432647705,1.0953129529953003,0.8814541101455688,0.645648717880249
couch,1.172280192375183,1.180381417274475,0.8306633234024048,0.8763877153396606,0.7804953455924988,1.0891292095184326,1.2968573570251465,1.2887378931045532,1.1780928373336792,0.6533069610595703,0.4611150026321411,0.4159128665924072,0.0,0.20893186330795288,0.5710225105285645,0.6525161266326904,0.6294472217559814,0.6188866496086121,0.5366077423095703,0.7692780494689941,0.6158494353294373,0.7423319816589355,0.818820595741272,0.5423307418823242,0.6171719431877136,1.3011252880096436,1.0735838413238525,0.9934422373771667,1.0453513860702515,0.39853841066360474,0.36606645584106445,0.8163996934890747,0.9736528992652893,1.0559927225112915,0.9664121866226196,0.8994300365447998,0.7849279642105103,0.8749301433563232,0.8809117078781128,0.8394040465354919,0.8355686664581299,1.012564778327942,1.2402963638305664,1.2667021751403809,1.131607174873352,1.4055112600326538,1.4683424234390259,1.4332778453826904,1.3412649631500244,1.3645190000534058,1.1878626346588135,1.1185739040374756,1.3157742023468018,1.2255547046661377,1.348876714706421,1.3648343086242676,1.3533822298049927,1.3619170188903809,1.2739238739013672,0.9840450286865234,1.1263766288757324,1.279550552368164,1.1708873510360718,1.2332605123519897,1.2398083209991455,1.0732401609420776,0.8796685934066772
bed,1.217581868171692,1.2234879732131958,0.8304791450500488,0.8169175386428833,0.6649935841560364,1.078456163406372,1.3189926147460938,1.3226335048675537,1.2310506105422974,0.727658748626709,0.5889373421669006,0.36350828409194946,0.20893186330795288,0.0,0.5116759538650513,0.6410419344902039,0.7595216035842896,0.6985193490982056,0.585040271282196,0.7080200910568237,0.45248228311538696,0.5671657919883728,0.5755566358566284,0.33507758378982544,0.5396053791046143,1.2862958908081055,1.0403740406036377,0.9373114109039307,1.0008296966552734,0.15200388431549072,0.35381829738616943,0.7196648716926575,0.9004063010215759,1.0589476823806763,0.9695680141448975,0.8223442435264587,0.9295058250427246,0.7861493825912476,0.7776001691818237,0.7984925508499146,0.7784398794174194,0.8814350366592407,1.2710645198822021,1.297940731048584,1.0191692113876343,1.403895616531372,1.4817323684692383,1.4554824829101562,1.3326606750488281,1.354926347732544,1.1424028873443604,1.0122954845428467,1.3497374057769775,1.2537267208099365,1.3753256797790527,1.365760326385498,1.4068247079849243,1.4214589595794678,1.295754075050354,1.0617728233337402,1.079246997833252,1.2329634428024292,1.1606286764144897,1.3093053102493286,1.2797889709472656,1.0928705930709839,0.9490335583686829
crib,1.1205884218215942,1.192939043045044,1.0057716369628906,1.0257149934768677,0.9606992602348328,1.1126731634140015,1.282193660736084,1.3166961669921875,0.9707730412483215,0.6989225745201111,0.5074422359466553,0.5636875629425049,0.5710225105285645,0.5116759538650513,0.0,0.5954166650772095,0.6023623943328857,0.6683310270309448,0.6817556619644165,0.8663920164108276,0.6378469467163086,0.948683500289917,0.9857320785522461,0.7577677369117737,0.9795699119567871,1.2494118213653564,1.0680915117263794,1.0672523975372314,1.1507943868637085,0.7158408164978027,0.8562948107719421,0.9220575094223022,1.084175944328308,0.9022743701934814,0.7407783269882202,0.7730597257614136,0.8159407377243042,0.7833123207092285,0.9796916246414185,0.5407760143280029,0.9740743041038513,0.9199996590614319,1.2377249002456665,1.240700125694275,1.000015139579773,1.2690435647964478,1.3182051181793213,1.3071434497833252,1.251171588897705,1.2861456871032715,1.1463420391082764,1.0335638523101807,1.3132507801055908,1.169118881225586,1.2400473356246948,1.3254587650299072,1.2977707386016846,1.2615749835968018,1.2582894563674927,0.8191566467285156,1.1389961242675781,1.1904454231262207,1.03573477268219,1.1294419765472412,1.1086188554763794,0.9513000249862671,0.9534896016120911
window,1.1167027950286865,1.060154676437378,0.9012970924377441,0.8626378774642944,0.8172203898429871,1.0431307554244995,1.172178864479065,1.2036694288253784,0.7824076414108276,0.8484062552452087,0.7347759008407593,0.6402544975280762,0.6525161266326904,0.6410419344902039,0.5954166650772095,0.0,0.46255654096603394,0.5786753296852112,0.6440298557281494,0.9209040403366089,0.801942765712738,0.7950469851493835,0.9939987659454346,0.7815905213356018,0.8624758720397949,1.3803945779800415,1.213429570198059,1.140080451965332,1.2130194902420044,0.777611494064331,0.8617286086082458,0.9072080254554749,0.9892522096633911,1.0599557161331177,1.0145624876022339,1.0137428045272827,0.9200403690338135,0.8946399092674255,0.8893770575523376,0.945777952671051,1.0656073093414307,0.9365095496177673,1.199902892112732,1.0788261890411377,1.0595319271087646,1.1743167638778687,1.2506848573684692,1.2549954652786255,1.120532751083374,1.1354467868804932,1.0414801836013794,1.0627896785736084,1.266800880432129,1.1710506677627563,1.229048728942871,1.264075756072998,1.2679029703140259,1.215916395187378,1.2405364513397217,0.6643388271331787,1.132708191871643,1.1487092971801758,1.1706246137619019,1.1523876190185547,1.2163779735565186,1.1491202116012573,0.8770182132720947
door,1.1436353921890259,1.0734033584594727,1.0013211965560913,1.0330313444137573,1.006670355796814,1.1220439672470093,1.1836177110671997,1.1839808225631714,0.8314399123191833,0.550236701965332,0.6252239346504211,0.6882196068763733,0.6294472217559814,0.7595216035842896,0.6023623943328857,0.46255654096603394,0.0,0.4121377468109131,0.5543341040611267,0.8227463960647583,0.8178833723068237,1.0185867547988892,1.1665289402008057,0.9672480225563049,0.9629178047180176,1.2526458501815796,1.1814429759979248,1.1757994890213013,1.2519152164459229,0.9654169082641602,0.8243595361709595,0.8627797365188599,0.9333989024162292,1.0860711336135864,1.095276951789856,0.9826995134353638,0.7601849436759949,1.0465441942214966,1.0101537704467773,0.9477064609527588,0.9903002977371216,1.0874683856964111,1.1471985578536987,1.119524598121643,1.1293585300445557,1.1766161918640137,1.1792422533035278,1.2534512281417847,1.1393510103225708,1.1633820533752441,1.0387390851974487,1.164707064628601,1.2544456720352173,1.1380585432052612,1.173700213432312,1.2385201454162598,1.2292962074279785,1.2064316272735596,1.266746163368225,0.90727698802948,1.1555149555206299,1.1256225109100342,1.109166145324707,1.0888071060180664,1.1652582883834839,1.0818192958831787,0.7709640264511108
refrigerator,1.245771050453186,1.1940114498138428,1.0248335599899292,1.036738395690918,0.878684937953949,1.1619359254837036,1.3178609609603882,1.350867748260498,0.9282532930374146,0.53980553150177,0.5741015672683716,0.42495667934417725,0.6188866496086121,0.6985193490982056,0.6683310270309448,0.5786753296852112,0.4121377468109131,0.0,0.22698384523391724,0.6217722296714783,0.6092666983604431,0.8922311067581177,1.0400261878967285,0.8691906929016113,0.8766782283782959,1.3772839307785034,1.220005750656128,1.1357660293579102,1.2407772541046143,0.8669785857200623,0.8447557687759399,0.8338884115219116,0.9075191020965576,1.1645725965499878,1.0645267963409424,0.8280739784240723,0.6629126071929932,0.9594709277153015,0.8578817248344421,0.7955974340438843,0.939214825630188,0.909132182598114,1.230222225189209,1.2462832927703857,1.0490220785140991,1.1500422954559326,1.187239170074463,1.3050932884216309,1.2116811275482178,1.198874592781067,0.9976257085800171,1.0453293323516846,1.397047519683838,1.2045236825942993,1.3221187591552734,1.4057798385620117,1.3218542337417603,1.3134223222732544,1.3192377090454102,0.9467511773109436,1.1281466484069824,1.0938409566879272,0.9884029030799866,1.0199700593948364,1.034757137298584,0.8296797275543213,0.31881827116012573
oven,1.2043726444244385,1.2588953971862793,0.9930041432380676,0.9805009365081787,0.8653975129127502,1.1343460083007812,1.3655874729156494,1.4096951484680176,1.1318658590316772,0.4799649715423584,0.6746994256973267,0.34461450576782227,0.5366077423095703,0.585040271282196,0.6817556619644165,0.6440298557281494,0.5543341040611267,0.22698384523391724,0.0,0.6379140615463257,0.5699480772018433,0.8724907636642456,0.9449684619903564,0.7968238592147827,0.7876933813095093,1.3638967275619507,1.112025260925293,1.1174860000610352,1.1207972764968872,0.7821774482727051,0.8828409314155579,0.9724745750427246,1.0479111671447754,1.1286685466766357,1.008068323135376,0.6712139248847961,0.7188997268676758,0.9026892185211182,0.8252986669540405,0.7729746699333191,0.851626455783844,0.8472257852554321,1.284796118736267,1.286142110824585,1.017216682434082,1.2271827459335327,1.3016629219055176,1.3979837894439697,1.2933306694030762,1.2964234352111816,0.9407527446746826,1.0387746095657349,1.3320225477218628,1.2949297428131104,1.3888025283813477,1.407854437828064,1.3441972732543945,1.3402504920959473,1.2645015716552734,1.038101077079773,1.115193247795105,1.077700138092041,0.9640166759490967,1.2149059772491455,1.1283109188079834,0.9141689538955688,0.49312400817871094
sink,1.1844043731689453,1.2483816146850586,1.1015421152114868,1.0811784267425537,0.9912438988685608,1.142169713973999,1.3240604400634766,1.3770530223846436,0.9903709292411804,0.7828148007392883,0.6963223218917847,0.505772054195404,0.7692780494689941,0.7080200910568237,0.8663920164108276,0.9209040403366089,0.8227463960647583,0.6217722296714783,0.6379140615463257,0.0,0.19809365272521973,1.0079885721206665,0.9327173233032227,0.9761101603507996,1.045345664024353,1.154564380645752,1.0958549976348877,1.1734756231307983,1.1790109872817993,0.8123058080673218,0.8210259675979614,0.8664603233337402,0.8445456624031067,1.1618037223815918,0.9344109892845154,0.46558552980422974,0.9522726535797119,1.0054184198379517,0.8630951046943665,0.730134904384613,0.8432532548904419,0.8883246183395386,1.2585963010787964,1.260343074798584,0.837399423122406,1.0431114435195923,0.9323180317878723,1.3467950820922852,1.253230333328247,1.2012453079223633,0.9082539081573486,0.8447791934013367,1.1863855123519897,1.1527670621871948,1.3099561929702759,1.2725034952163696,1.290360689163208,1.3083982467651367,1.2282426357269287,1.1229056119918823,1.062525749206543,0.6078183054924011,0.5106505155563354,0.9980751872062683,0.7698763012886047,0.6134922504425049,0.6428260803222656
bathtub,1.227036714553833,1.3158828020095825,1.0350004434585571,0.9836886525154114,0.90189129114151,1.1819360256195068,1.3888572454452515,1.4147999286651611,1.1433250904083252,0.6924917101860046,0.6501234173774719,0.39863133430480957,0.6158494353294373,0.45248228311538696,0.6378469467163086,0.801942765712738,0.8178833723068237,0.6092666983604431,0.5699480772018433,0.19809365272521973,0.0,0.8406557440757751,0.7750927209854126,0.7392604351043701,0.8704536557197571,1.2173327207565308,1.0651922225952148,1.1095280647277832,1.1623879671096802,0.5963118076324463,0.7883428335189819,0.8439894914627075,0.9176537990570068,1.1094754934310913,0.9059616327285767,0.5035820603370667,0.8825953006744385,0.8770707249641418,0.8251587152481079,0.5862653255462646,0.7858700752258301,0.8538312911987305,1.306280493736267,1.3291401863098145,0.9005615711212158,1.2355555295944214,1.2327618598937988,1.4164037704467773,1.3236784934997559,1.3222577571868896,1.0267852544784546,0.9098490476608276,1.3160195350646973,1.21073317527771,1.3523701429367065,1.3375216722488403,1.352901816368103,1.3789668083190918,1.2967455387115479,1.081366777420044,1.0783534049987793,0.8789774775505066,0.6453518867492676,1.1148163080215454,0.8965631723403931,0.5800222754478455,0.6824991703033447
shirt,1.1880131959915161,0.9258688688278198,0.641579270362854,0.5450820922851562,0.48116445541381836,0.832854151725769,1.0094890594482422,0.9890361428260803,1.222682237625122,1.0714772939682007,0.9589657187461853,0.7293396592140198,0.7423319816589355,0.5671657919883728,0.948683500289917,0.7950469851493835,1.0185867547988892,0.8922311067581177,0.8724907636642456,1.0079885721206665,0.8406557440757751,0.0,0.3578711748123169,0.31335556507110596,0.314555287361145,1.2700459957122803,1.0611885786056519,0.8652470707893372,0.9196015000343323,0.5891891121864319,0.8049017190933228,0.9275460839271545,1.0457425117492676,1.047885775566101,1.1015870571136475,1.0660489797592163,1.1125272512435913,0.91487717628479,0.8848944306373596,1.0526487827301025,0.8425519466400146,0.9481081962585449,1.0325833559036255,1.0793888568878174,1.0759263038635254,1.3214422464370728,1.3597033023834229,1.3448562622070312,1.2419754266738892,1.2482953071594238,1.1571877002716064,1.0743904113769531,1.2263163328170776,1.176628589630127,1.2429479360580444,1.153894066810608,1.24106764793396,1.2452576160430908,1.1664835214614868,1.1348263025283813,1.0672279596328735,1.2400926351547241,1.2237207889556885,1.2222164869308472,1.2667746543884277,1.1884918212890625,1.0149056911468506
bib,1.2024492025375366,1.069178581237793,0.8778818845748901,0.7704440951347351,0.6322034001350403,0.8648253083229065,1.156441569328308,1.1616759300231934,1.3655011653900146,1.0796796083450317,0.9971300959587097,0.772242546081543,0.818820595741272,0.5755566358566284,0.9857320785522461,0.9939987659454346,1.1665289402008057,1.0400261878967285,0.9449684619903564,0.9327173233032227,0.7750927209854126,0.3578711748123169,0.0,0.338742733001709,0.4736607074737549,1.1807397603988647,0.9348686337471008,0.7179911136627197,0.6254523992538452,0.437705934047699,0.7198615074157715,0.6051000952720642,0.6692423820495605,1.0122548341751099,0.9794846773147583,0.8689625263214111,1.050655722618103,0.7766644954681396,0.6379969716072083,0.8417794704437256,0.6097959280014038,0.9199816584587097,1.0771291255950928,1.2167810201644897,1.0171315670013428,1.3550281524658203,1.4248015880584717,1.4113314151763916,1.404296875,1.4008642435073853,1.1676437854766846,1.0055315494537354,1.0959250926971436,1.24964439868927,1.3497898578643799,1.225562572479248,1.2850360870361328,1.3105814456939697,1.0645463466644287,1.2062771320343018,0.9937107563018799,1.120805263519287,1.1364667415618896,1.2464581727981567,1.1864509582519531,1.0367558002471924,1.0810372829437256
pajamas,1.195338487625122,1.097751498222351,0.768208920955658,0.698883056640625,0.5336358547210693,0.8823269009590149,1.1654977798461914,1.171272873878479,1.320799469947815,0.984427273273468,0.8640797138214111,0.6510812640190125,0.5423307418823242,0.33507758378982544,0.7577677369117737,0.7815905213356018,0.9672480225563049,0.8691906929016113,0.7968238592147827,0.9761101603507996,0.7392604351043701,0.31335556507110596,0.338742733001709,0.0,0.29028093814849854,1.2389914989471436,0.9395796656608582,0.7355037927627563,0.7977321147918701,0.2896156311035156,0.5846655368804932,0.7057535648345947,0.9332960247993469,0.9681556224822998,0.9584811329841614,0.9754965305328369,1.046102523803711,0.8323179483413696,0.85020911693573,0.896562397480011,0.7642166614532471,0.8976728916168213,1.15130615234375,1.2235684394836426,1.0213943719863892,1.3858071565628052,1.4424320459365845,1.416989803314209,1.3537275791168213,1.3509896993637085,1.1378118991851807,1.0286682844161987,1.3014113903045654,1.242844820022583,1.351210117340088,1.33327317237854,1.3609007596969604,1.36191725730896,1.1959731578826904,1.1351778507232666,1.1248477697372437,1.3087209463119507,1.2180607318878174,1.3138478994369507,1.2961446046829224,1.1426281929016113,1.0009280443191528
pants,1.1713011264801025,1.0164192914962769,0.7555291056632996,0.6261866688728333,0.5075486898422241,0.8406497240066528,1.0071334838867188,0.9638374447822571,1.3538782596588135,0.9399215579032898,0.8711181879043579,0.7451534867286682,0.6171719431877136,0.5396053791046143,0.9795699119567871,0.8624758720397949,0.9629178047180176,0.8766782283782959,0.7876933813095093,1.045345664024353,0.8704536557197571,0.314555287361145,0.4736607074737549,0.29028093814849854,0.0,1.1083102226257324,0.8256980180740356,0.6524051427841187,0.7533583045005798,0.5938363075256348,0.6847255229949951,0.9078699350357056,1.0454727411270142,1.1006875038146973,1.1710622310638428,1.108413577079773,1.0664925575256348,0.9845340847969055,0.935652494430542,1.1183754205703735,0.7992231845855713,0.9969633221626282,1.0188918113708496,1.1096826791763306,1.088472843170166,1.3604094982147217,1.4060161113739014,1.3192797899246216,1.2375714778900146,1.2429022789001465,1.0730584859848022,1.0830614566802979,1.258399248123169,1.217065453529358,1.303346872329712,1.2345025539398193,1.2903928756713867,1.2847974300384521,1.1192759275436401,1.1738524436950684,1.0997498035430908,1.3364171981811523,1.3104217052459717,1.3231805562973022,1.3422120809555054,1.2261066436767578,0.9290830492973328
slipper,0.9075222015380859,0.9457117915153503,1.2184841632843018,1.1617852449417114,1.2170768976211548,1.0255869626998901,0.7726187705993652,0.6710801124572754,0.954578161239624,1.055733323097229,1.0813450813293457,1.3889286518096924,1.3011252880096436,1.2862958908081055,1.2494118213653564,1.3803945779800415,1.2526458501815796,1.3772839307785034,1.3638967275619507,1.154564380645752,1.2173327207565308,1.2700459957122803,1.1807397603988647,1.2389914989471436,1.1083102226257324,0.0,0.32916712760925293,0.5712628960609436,0.7098276019096375,1.2410612106323242,1.0856536626815796,0.9403015375137329,0.9055253863334656,1.058159351348877,1.1242531538009644,1.1152164936065674,1.065144658088684,1.231521487236023,1.2305610179901123,1.1387284994125366,0.9336442947387695,0.9752318263053894,0.5331673622131348,0.7568503618240356,0.8994892835617065,0.7144836187362671,0.7064910531044006,0.6683172583580017,0.7653050422668457,0.7056633234024048,0.837632417678833,1.0236706733703613,0.8493770956993103,0.820047914981842,0.7755239009857178,0.8130319118499756,0.8716927766799927,0.8922436237335205,0.8303093314170837,1.0556094646453857,0.9356454014778137,0.8555839657783508,0.9276063442230225,0.8420282602310181,0.8294423818588257,0.9749904274940491,1.187651515007019
shoe,1.0304723978042603,1.0335040092468262,1.0316133499145508,0.9835966229438782,1.0142605304718018,0.9189355969429016,0.9635893106460571,0.9183308482170105,1.1534762382507324,1.0066698789596558,0.9772592186927795,1.1251752376556396,1.0735838413238525,1.0403740406036377,1.0680915117263794,1.213429570198059,1.1814429759979248,1.220005750656128,1.112025260925293,1.0958549976348877,1.0651922225952148,1.0611885786056519,0.9348686337471008,0.9395796656608582,0.8256980180740356,0.32916712760925293,0.0,0.363827109336853,0.561597466468811,1.0161855220794678,1.1005640029907227,1.0182900428771973,1.086487054824829,1.014453411102295,0.9815902709960938,0.9740357398986816,0.9452677965164185,0.970940351486206,1.0830435752868652,0.9432510733604431,0.7454873323440552,0.8711436986923218,0.8355569839477539,0.9933497309684753,0.9103195667266846,1.077970027923584,1.0832879543304443,1.0828955173492432,1.1629621982574463,1.1163331270217896,0.9717844128608704,1.0390251874923706,1.0110318660736084,1.0471580028533936,1.1032878160476685,1.1424686908721924,1.1567538976669312,1.130112886428833,1.019537329673767,1.0931754112243652,1.1342802047729492,1.0899224281311035,1.0144463777542114,1.0207550525665283,0.9708172082901001,1.0025951862335205,1.1431920528411865
sock,1.1281907558441162,1.0072672367095947,1.027675986289978,0.9710511565208435,0.6017405986785889,0.7093259692192078,0.8199917674064636,0.7919620275497437,1.2227519750595093,1.105787992477417,0.9919683337211609,1.1107401847839355,0.9934422373771667,0.9373114109039307,1.0672523975372314,1.140080451965332,1.1757994890213013,1.1357660293579102,1.1174860000610352,1.1734756231307983,1.1095280647277832,0.8652470707893372,0.7179911136627197,0.7355037927627563,0.6524051427841187,0.5712628960609436,0.363827109336853,0.0,0.30791544914245605,0.8153177499771118,0.8241853713989258,0.7605252265930176,0.8388288021087646,1.0573174953460693,1.0253905057907104,1.1715127229690552,1.0243767499923706,1.003696084022522,0.9851118326187134,1.0062772035598755,0.8952983617782593,0.8376112580299377,0.9221343994140625,1.1209359169006348,0.9541837573051453,1.0736781358718872,1.1448787450790405,1.094809651374817,1.1846191883087158,1.136836290359497,0.929795503616333,0.9270724058151245,1.026545763015747,1.1115732192993164,1.196116328239441,1.1897468566894531,1.2425181865692139,1.2140545845031738,1.0337306261062622,1.1022419929504395,1.0290640592575073,1.2500503063201904,1.138627052307129,1.1095340251922607,0.999995768070221,1.0395102500915527,1.0387953519821167
glove,0.9258679151535034,1.0584849119186401,1.0319159030914307,0.9591421484947205,0.6366461515426636,0.5068503022193909,0.7887605428695679,0.8547865152359009,1.3263649940490723,1.1421140432357788,1.1219431161880493,1.1254196166992188,1.0453513860702515,1.0008296966552734,1.1507943868637085,1.2130194902420044,1.2519152164459229,1.2407772541046143,1.1207972764968872,1.1790109872817993,1.1623879671096802,0.9196015000343323,0.6254523992538452,0.7977321147918701,0.7533583045005798,0.7098276019096375,0.561597466468811,0.30791544914245605,0.0,0.8054196834564209,0.8525701761245728,0.8010175824165344,0.8249229192733765,0.986876368522644,0.9381537437438965,1.1194837093353271,1.1142349243164062,1.016526699066162,0.893223762512207,1.025490164756775,0.7524795532226562,0.8466174006462097,0.9113782048225403,1.1630393266677856,0.8635983467102051,1.1065901517868042,1.1577222347259521,1.0744688510894775,1.217787742614746,1.1658689975738525,0.9001516103744507,0.8630098700523376,0.8717333078384399,1.1146481037139893,1.2061518430709839,1.1766357421875,1.1351743936538696,1.1517794132232666,0.825069010257721,1.1629277467727661,1.0104395151138306,1.2549775838851929,1.187037706375122,1.152327060699463,1.081482172012329,1.0953603982925415,1.1187186241149902
blanket,1.2023577690124512,1.182631492614746,0.9017007350921631,0.8635126352310181,0.6888131499290466,1.0128422975540161,1.266847848892212,1.2836500406265259,1.2365045547485352,0.9466960430145264,0.7739766836166382,0.6052676439285278,0.39853841066360474,0.15200388431549072,0.7158408164978027,0.777611494064331,0.9654169082641602,0.8669785857200623,0.7821774482727051,0.8123058080673218,0.5963118076324463,0.5891891121864319,0.437705934047699,0.2896156311035156,0.5938363075256348,1.2410612106323242,1.0161855220794678,0.8153177499771118,0.8054196834564209,0.0,0.2965429425239563,0.4743257164955139,0.6821235418319702,1.0662686824798584,1.0069094896316528,0.9531987905502319,1.0371806621551514,0.8549315929412842,0.7713844180107117,0.8119755983352661,0.7798641920089722,0.8682492971420288,1.2145357131958008,1.273935317993164,1.0622960329055786,1.3368955850601196,1.4147436618804932,1.4070141315460205,1.3292354345321655,1.3287626504898071,1.1767754554748535,1.0186128616333008,1.2667646408081055,1.2395540475845337,1.3477205038070679,1.3217610120773315,1.3619368076324463,1.3960933685302734,1.2359620332717896,1.0858510732650757,0.9618419408798218,1.218901515007019,1.1433923244476318,1.2871997356414795,1.2378207445144653,1.0936646461486816,1.0300062894821167
pillow,1.1497431993484497,1.0662091970443726,0.9768753051757812,0.9580076336860657,0.7302379608154297,0.994350016117096,1.1102399826049805,1.0677496194839478,1.1080328226089478,0.8417982459068298,0.6844671964645386,0.8185917735099792,0.36606645584106445,0.35381829738616943,0.8562948107719421,0.8617286086082458,0.8243595361709595,0.8447557687759399,0.8828409314155579,0.8210259675979614,0.7883428335189819,0.8049017190933228,0.7198615074157715,0.5846655368804932,0.6847255229949951,1.0856536626815796,1.1005640029907227,0.8241853713989258,0.8525701761245728,0.2965429425239563,0.0,0.4511685371398926,0.5717409253120422,1.1161572933197021,1.2179436683654785,1.114707112312317,0.9478801488876343,1.083868145942688,0.9132198691368103,1.0236713886260986,0.8606070280075073,1.0842233896255493,1.0181663036346436,1.1395028829574585,1.2390809059143066,1.1861141920089722,1.2205663919448853,1.2454392910003662,1.1695526838302612,1.167686939239502,1.1622666120529175,1.1689571142196655,1.2013630867004395,1.0978286266326904,1.2086726427078247,1.1759839057922363,1.218522310256958,1.2427698373794556,1.172548770904541,1.049919843673706,0.9194222688674927,1.1319828033447266,1.1454585790634155,1.166385293006897,1.156815528869629,1.0991642475128174,0.9601929187774658
