,frog,nose,face,hair,arm,hand,finger,toe,lamp,drawer,chair,table,couch,bed,crib,window,door,refrigerator,oven,sink,bathtub,shirt,bib,pajamas,pants,slipper,shoe,sock,glove,blanket,pillow,towel,napkin,doll,toy,tray,box,book,paper,basket,purse,comb,hat,glasses,scissors,fork,spoon,crayon,pencil,pen,knife,toothbrush,gum,balloon,ball,egg,orange,apple,banana,plant,bread,plate,bowl,bottle,cup,bucket,can
frog,0.0,1.0195412635803223,1.09615957736969,1.2923529148101807,1.3204832077026367,1.0777958631515503,0.899095892906189,0.8575103282928467,0.8714142441749573,1.1439822912216187,1.3788245916366577,1.347934365272522,1.302749752998352,1.3013678789138794,1.2102810144424438,1.1906816959381104,1.2316744327545166,1.2379072904586792,1.2007488012313843,1.0777673721313477,1.3034842014312744,1.326533317565918,1.2594249248504639,1.2451502084732056,1.2564475536346436,0.8343749642372131,1.0838532447814941,1.1559619903564453,0.9631498456001282,1.2667946815490723,1.0828973054885864,1.0218394994735718,0.940499484539032,0.9683791995048523,1.0233222246170044,1.1267343759536743,0.9638164639472961,1.144623041152954,1.174626350402832,1.155890703201294,1.1436558961868286,0.9362742900848389,0.7250698804855347,0.8873616456985474,0.790450930595398,0.7094171643257141,0.8142117261886597,0.696012556552887,0.8110142946243286,0.8885447978973389,0.7405329942703247,0.9772000908851624,0.9162397384643555,0.8813114166259766,0.9688906669616699,0.7620327472686768,0.7614157199859619,0.5031085014343262,0.4050647020339966,0.8553874492645264,0.7399497628211975,0.8778501749038696,0.9204261898994446,0.9145346283912659,0.9245588779449463,1.1031432151794434,1.2539818286895752
nose,1.0195412635803223,0.0,0.40746569633483887,0.6790305972099304,0.9500496983528137,0.6480172276496887,0.4428175091743469,0.4119494557380676,1.049282431602478,1.1270332336425781,1.2551367282867432,1.2760934829711914,1.1445465087890625,1.229951024055481,1.195164442062378,1.1140668392181396,1.167668342590332,1.2270718812942505,1.1877213716506958,1.1525932550430298,1.2688562870025635,1.0007479190826416,1.1723694801330566,1.036342978477478,0.9955481290817261,0.8990163207054138,0.9249170422554016,0.9648979902267456,1.0117006301879883,1.1618688106536865,1.1452982425689697,1.1619186401367188,1.0883331298828125,1.0599186420440674,1.0942974090576172,1.3059518337249756,1.164858341217041,1.2159507274627686,1.1410019397735596,1.2643195390701294,1.23208487033844,0.8210656046867371,0.7613908052444458,0.5210358500480652,1.0899076461791992,0.9392130970954895,1.0783007144927979,0.8098019361495972,0.8650190830230713,1.025407314300537,1.0405163764953613,0.9960785508155823,0.8341559767723083,0.8996301293373108,0.9355586767196655,0.8649722933769226,0.8153764009475708,0.8758853673934937,1.0846647024154663,1.1093631982803345,0.849261999130249,1.1217334270477295,1.1299643516540527,1.0950217247009277,1.134263038635254,1.267911672592163,1.1608126163482666
face,1.09615957736969,0.40746569633483887,0.0,0.5767374038696289,0.7727758884429932,0.7438188195228577,0.7213404178619385,0.6443830132484436,1.1733323335647583,1.035601019859314,1.0237005949020386,1.0187716484069824,0.8779819011688232,1.0191155672073364,1.1327723264694214,0.9179027676582336,1.0044963359832764,1.058583378791809,1.062954068183899,1.1712671518325806,1.1225295066833496,0.6914434432983398,0.9862295389175415,0.8953263759613037,0.7601423859596252,1.080190658569336,0.9926539063453674,0.9851892590522766,1.012325644493103,0.9372212886810303,1.1276884078979492,1.233980655670166,1.1962701082229614,1.0277965068817139,0.9957451224327087,1.1604632139205933,1.0926846265792847,1.0477619171142578,1.0018959045410156,1.2494888305664062,1.1811275482177734,0.9963714480400085,0.8813962936401367,0.7632079720497131,1.1580779552459717,1.1896125078201294,1.2202069759368896,1.1131258010864258,1.1577610969543457,1.2742468118667603,1.2407939434051514,1.1037853956222534,0.9605698585510254,1.0806920528411865,1.0306698083877563,1.0912846326828003,1.0123727321624756,1.0688552856445312,1.15897798538208,1.0878589153289795,1.050502061843872,1.147316336631775,1.1968458890914917,1.1942106485366821,1.2351847887039185,1.2128452062606812,1.0791717767715454
hair,1.2923529148101807,0.6790305972099304,0.5767374038696289,0.0,0.6997798681259155,0.7848304510116577,0.8914746642112732,0.8971104025840759,1.153748631477356,1.0584896802902222,0.9057493209838867,0.8954637050628662,0.8358442187309265,0.9193072319030762,1.0211567878723145,0.8271983861923218,0.9085432887077332,0.9891934394836426,1.0735626220703125,1.1340324878692627,1.0013777017593384,0.5908942222595215,0.8368552327156067,0.7801954746246338,0.6909694075584412,1.1182715892791748,0.9469342231750488,0.943260908126831,0.9855020642280579,0.8582110404968262,1.1335029602050781,1.1771793365478516,1.259661078453064,0.8946112394332886,0.9941552877426147,1.2028528451919556,1.1637940406799316,0.9649521708488464,0.9994290471076965,1.1396737098693848,1.1025673151016235,1.002508521080017,0.9658674001693726,0.8470185995101929,1.0989326238632202,1.2364598512649536,1.197538137435913,1.2049145698547363,1.1725589036941528,1.1811282634735107,1.2513959407806396,1.05625319480896,1.0905771255493164,1.1382713317871094,1.0385853052139282,1.2028077840805054,1.0981866121292114,1.2215018272399902,1.276977300643921,1.0040432214736938,1.1510485410690308,1.1731892824172974,1.2061821222305298,1.15309476852417,1.3384745121002197,1.2225689888000488,1.0669870376586914
arm,1.3204832077026367,0.9500496983528137,0.7727758884429932,0.6997798681259155,0.0,0.6133691668510437,0.8291265964508057,0.8264979124069214,1.232279896736145,0.9884518384933472,0.8367817997932434,0.8124686479568481,0.7567887306213379,0.7633025646209717,1.0135955810546875,0.8843814730644226,0.9055875539779663,0.9422242045402527,1.0121088027954102,1.1325759887695312,0.9967109560966492,0.5253775119781494,0.7398293614387512,0.8015618324279785,0.684482216835022,1.1510711908340454,0.9432777166366577,0.7220624089241028,0.7631235122680664,0.7594529986381531,0.9608877897262573,1.1173940896987915,1.0724098682403564,1.0752153396606445,1.0345983505249023,1.1615588665008545,1.1369012594223022,0.8887358903884888,0.8300527334213257,1.1055045127868652,1.0210806131362915,1.0762426853179932,1.2609367370605469,1.116802453994751,1.2693047523498535,1.2528303861618042,1.1570284366607666,1.1448941230773926,1.154014229774475,1.1350122690200806,1.1079809665679932,0.9386354088783264,1.1097986698150635,1.2554699182510376,1.1379518508911133,1.2533705234527588,1.2084964513778687,1.3032395839691162,1.2736585140228271,1.135984182357788,1.2037620544433594,1.1808944940567017,1.218885898590088,1.247129201889038,1.2162234783172607,1.1471409797668457,0.9425851702690125
hand,1.0777958631515503,0.6480172276496887,0.7438188195228577,0.7848304510116577,0.6133691668510437,0.0,0.3610525131225586,0.4741211533546448,1.2193907499313354,1.1310300827026367,1.060701847076416,1.0371843576431274,0.9955700039863586,1.0381358861923218,1.0248690843582153,1.087615728378296,1.1326085329055786,1.138122320175171,1.1636557579040527,1.0858906507492065,1.1122487783432007,0.8839986324310303,1.0159010887145996,0.9273617267608643,0.9631746411323547,0.9585112929344177,0.8281082510948181,0.6971530914306641,0.4901076555252075,0.9885222315788269,1.0783518552780151,1.1128039360046387,1.1047475337982178,0.9592896103858948,0.8862590789794922,1.130624771118164,1.1755882501602173,0.9777951240539551,0.9555253386497498,1.227833867073059,1.1509884595870972,1.0365371704101562,1.1010172367095947,1.0270261764526367,1.031446099281311,1.1782660484313965,1.0201629400253296,0.9634743928909302,1.0956922769546509,1.1410651206970215,1.1178207397460938,0.8851549029350281,0.8399912118911743,1.0922685861587524,0.9901698231697083,1.0532933473587036,0.9027721881866455,1.0424193143844604,1.0656944513320923,1.090318202972412,0.9734468460083008,1.0560274124145508,1.0360405445098877,1.1891239881515503,1.1188143491744995,1.2276184558868408,1.1194243431091309
finger,0.899095892906189,0.4428175091743469,0.7213404178619385,0.8914746642112732,0.8291265964508057,0.3610525131225586,0.0,0.09609907865524292,1.046305775642395,1.1123253107070923,1.3417479991912842,1.3989462852478027,1.2504278421401978,1.348083257675171,1.346008062362671,1.1458594799041748,1.2466259002685547,1.3275116682052612,1.285023808479309,1.2366950511932373,1.343544602394104,1.0606966018676758,1.2917240858078003,1.1203447580337524,1.0075750350952148,0.6959478259086609,0.8337950706481934,0.7950833439826965,0.7816827297210693,1.2566211223602295,1.1695661544799805,1.15438711643219,0.9867063760757446,1.2394382953643799,1.2305220365524292,1.3274531364440918,1.1132184267044067,1.2835958003997803,1.1717314720153809,1.3022329807281494,1.3096246719360352,0.9032080173492432,0.7410777807235718,0.7247316241264343,1.0501165390014648,0.7704995274543762,1.00921630859375,0.5574275255203247,0.6962653398513794,0.9274675846099854,0.8141913414001465,0.8936300277709961,0.6826350688934326,0.9372228384017944,0.958775520324707,0.7551450729370117,0.6989419460296631,0.7814178466796875,0.9820376634597778,1.1386407613754272,0.7217431664466858,1.0825859308242798,1.102800726890564,1.0633677244186401,1.1219983100891113,1.2666687965393066,1.106744408607483
toe,0.8575103282928467,0.4119494557380676,0.6443830132484436,0.8971104025840759,0.8264979124069214,0.4741211533546448,0.09609907865524292,0.0,1.0441925525665283,1.1165924072265625,1.35343337059021,1.4205207824707031,1.239952564239502,1.346665620803833,1.3751634359359741,1.2074649333953857,1.28980553150177,1.3503391742706299,1.3051344156265259,1.293407678604126,1.3993031978607178,1.0568206310272217,1.3139541149139404,1.1297909021377563,0.9704282879829407,0.5800648331642151,0.7652851343154907,0.7513471841812134,0.808120846748352,1.2575538158416748,1.1271775960922241,1.1025177240371704,0.9459750652313232,1.2315044403076172,1.2365880012512207,1.3628511428833008,1.104804277420044,1.3573999404907227,1.225266933441162,1.3542165756225586,1.3190118074417114,0.9304546117782593,0.6647661924362183,0.7052738666534424,1.1193921566009521,0.7350623607635498,1.0642106533050537,0.6083148717880249,0.7265388369560242,0.9840244054794312,0.8425390720367432,0.983231782913208,0.7135288119316101,0.8899949193000793,0.9056283831596375,0.6936256885528564,0.7452025413513184,0.7633922100067139,0.9550811648368835,1.1775658130645752,0.6789693236351013,1.1146658658981323,1.1090513467788696,1.0292720794677734,1.1141753196716309,1.267120361328125,1.1090070009231567
lamp,0.8714142441749573,1.049282431602478,1.1733323335647583,1.153748631477356,1.232279896736145,1.2193907499313354,1.046305775642395,1.0441925525665283,0.0,0.9723936915397644,1.0452967882156372,1.107948899269104,1.1727687120437622,1.2246659994125366,1.078739881515503,0.8138980865478516,0.8943389654159546,1.0426678657531738,0.9787705540657043,0.9282509088516235,1.070780873298645,1.246767282485962,1.1920232772827148,1.184521198272705,1.2697116136550903,0.9212361574172974,1.0351773500442505,1.1504894495010376,1.2663867473602295,1.2407848834991455,1.047263503074646,1.004865288734436,0.9359337091445923,1.0408763885498047,1.1627558469772339,1.0630041360855103,0.9739645719528198,1.1552395820617676,1.10695219039917,0.9052830934524536,1.0533571243286133,0.832978367805481,0.9321876764297485,0.8524087071418762,0.9279247522354126,0.7316485643386841,0.8376373648643494,0.8596618175506592,0.787091851234436,0.7233054041862488,0.8260689377784729,0.9483103156089783,1.0229122638702393,0.7731497287750244,0.8374089002609253,0.7934195399284363,0.9952816963195801,0.9129206538200378,0.9599757790565491,0.737985372543335,0.9473713636398315,0.8698569536209106,0.9660318493843079,0.8089805841445923,0.8843538165092468,0.9981346130371094,1.0401533842086792
drawer,1.1439822912216187,1.1270332336425781,1.035601019859314,1.0584896802902222,0.9884518384933472,1.1310300827026367,1.1123253107070923,1.1165924072265625,0.9723936915397644,0.0,0.7957991361618042,0.7701265811920166,0.7386167645454407,0.8397232294082642,0.8139970302581787,0.8590410351753235,0.5651645660400391,0.6650936603546143,0.5674912333488464,0.830187201499939,0.8013131618499756,1.116679072380066,1.0556566715240479,1.0178039073944092,0.9517828226089478,0.9604976773262024,0.975312352180481,1.210240125656128,1.2262176275253296,0.9016120433807373,0.8449693918228149,0.8590885400772095,0.8061014413833618,1.0502896308898926,1.1477162837982178,0.7056295871734619,0.4633358120918274,0.9610363841056824,0.897895336151123,0.7143614888191223,0.7190930843353271,1.088468074798584,1.0429924726486206,1.1234766244888306,1.211409330368042,1.1237037181854248,1.1893681287765503,1.195410132408142,1.061718225479126,1.0871772766113281,0.936798095703125,1.1877151727676392,1.14547598361969,1.296049952507019,1.2817814350128174,1.2433643341064453,1.2341468334197998,1.2137022018432617,1.2247047424316406,1.0574593544006348,1.2184691429138184,1.125932216644287,1.1146183013916016,1.1185709238052368,1.1640276908874512,0.8423298597335815,0.8291919827461243
chair,1.3788245916366577,1.2551367282867432,1.0237005949020386,0.9057493209838867,0.8367817997932434,1.060701847076416,1.3417479991912842,1.35343337059021,1.0452967882156372,0.7957991361618042,0.0,0.1727588176727295,0.42686015367507935,0.49834203720092773,0.5715325474739075,0.7245118021965027,0.6519667506217957,0.7109761834144592,0.7788273096084595,0.8559804558753967,0.635600209236145,0.7670625448226929,0.77469402551651,0.7494691610336304,0.7581169605255127,1.3012514114379883,1.1219773292541504,1.000084400177002,1.0488263368606567,0.6657304763793945,0.7699206471443176,0.9975194931030273,1.1086030006408691,0.9540188312530518,0.8448597192764282,0.7434118986129761,0.976233959197998,0.7884393930435181,0.8169630765914917,0.7876756191253662,0.812981128692627,1.2029552459716797,1.2504962682724,1.2776763439178467,1.1506372690200806,1.2947498559951782,1.1861529350280762,1.3985430002212524,1.345123291015625,1.269068956375122,1.3161358833312988,1.1097564697265625,1.167017936706543,1.1230695247650146,1.0478156805038452,1.3591432571411133,1.2955727577209473,1.3253542184829712,1.315584659576416,1.0032429695129395,1.3876171112060547,1.0815187692642212,1.0664093494415283,1.1599148511886597,1.0347833633422852,0.7933161854743958,0.7768451571464539
table,1.347934365272522,1.2760934829711914,1.0187716484069824,0.8954637050628662,0.8124686479568481,1.0371843576431274,1.3989462852478027,1.4205207824707031,1.107948899269104,0.7701265811920166,0.1727588176727295,0.0,0.3758976459503174,0.4094298481941223,0.487576961517334,0.6756967902183533,0.636094868183136,0.5595958828926086,0.6828719973564148,0.858116090297699,0.5952513217926025,0.7160211801528931,0.7285222411155701,0.7160528302192688,0.8100306391716003,1.381296157836914,1.1464018821716309,1.096701979637146,1.0484637022018433,0.6116116642951965,0.8589072227478027,0.997270941734314,1.121790885925293,0.7900521755218506,0.7770749926567078,0.5991753339767456,0.8691524267196655,0.6828337907791138,0.7349400520324707,0.7837358713150024,0.8488896489143372,1.2480278015136719,1.3335500955581665,1.2837189435958862,1.1809285879135132,1.3834385871887207,1.168040156364441,1.4070569276809692,1.3796015977859497,1.2951850891113281,1.3474948406219482,1.0735328197479248,1.1950583457946777,1.211073875427246,1.076051115989685,1.3830256462097168,1.293617844581604,1.3156851530075073,1.283478021621704,1.0054855346679688,1.357535481452942,0.9730725884437561,1.052384614944458,1.149987816810608,1.0484275817871094,0.9134148359298706,0.8423811197280884
couch,1.302749752998352,1.1445465087890625,0.8779819011688232,0.8358442187309265,0.7567887306213379,0.9955700039863586,1.2504278421401978,1.239952564239502,1.1727687120437622,0.7386167645454407,0.42686015367507935,0.3758976459503174,0.0,0.31940513849258423,0.6605579257011414,0.6351624727249146,0.6899149417877197,0.6708433628082275,0.7709860801696777,1.0302958488464355,0.708166778087616,0.6425826549530029,0.7580444812774658,0.6199644804000854,0.6665741205215454,1.2476820945739746,1.0841025114059448,0.9919056296348572,1.0403249263763428,0.40086042881011963,0.5440272092819214,0.9070025682449341,1.1115580797195435,0.9051535129547119,0.8942782878875732,0.8657882809638977,0.9193769693374634,0.7401518225669861,0.8177527189254761,0.8887374401092529,0.9016190767288208,1.1752179861068726,1.1906633377075195,1.217692255973816,1.2472141981124878,1.3663568496704102,1.3660142421722412,1.3648812770843506,1.3398723602294922,1.379073143005371,1.4063644409179688,1.1905978918075562,1.2438790798187256,1.2906526327133179,1.1828669309616089,1.4176582098007202,1.250300645828247,1.3352220058441162,1.2543857097625732,0.983382523059845,1.374127745628357,1.2637861967086792,1.256562352180481,1.2613292932510376,1.2369816303253174,1.1027183532714844,0.9937731623649597
bed,1.3013678789138794,1.229951024055481,1.0191155672073364,0.9193072319030762,0.7633025646209717,1.0381358861923218,1.348083257675171,1.346665620803833,1.2246659994125366,0.8397232294082642,0.49834203720092773,0.4094298481941223,0.31940513849258423,0.0,0.679703414440155,0.7393056154251099,0.7344039678573608,0.6939146518707275,0.8826122879981995,0.9980319142341614,0.5059820413589478,0.5900684595108032,0.5750757455825806,0.6266036033630371,0.7589243650436401,1.243301272392273,1.0689042806625366,0.9270898699760437,0.955925464630127,0.26020610332489014,0.5824787616729736,0.7881349325180054,0.9819786548614502,0.9917050004005432,0.916388988494873,0.8270646929740906,1.0275734663009644,0.5821281671524048,0.7306572198867798,0.8643566966056824,0.9163496494293213,1.2666726112365723,1.279943823814392,1.2204065322875977,1.2206789255142212,1.4466049671173096,1.3121137619018555,1.427446961402893,1.365910530090332,1.3682708740234375,1.3589508533477783,1.1625405550003052,1.2186039686203003,1.2733159065246582,1.1327298879623413,1.412726640701294,1.341949462890625,1.3440824747085571,1.2783145904541016,1.1039457321166992,1.397432804107666,1.1191432476043701,1.1180437803268433,1.312517762184143,1.204483151435852,1.0788333415985107,0.9954169988632202
crib,1.2102810144424438,1.195164442062378,1.1327723264694214,1.0211567878723145,1.0135955810546875,1.0248690843582153,1.346008062362671,1.3751634359359741,1.078739881515503,0.8139970302581787,0.5715325474739075,0.487576961517334,0.6605579257011414,0.679703414440155,0.0,0.7395628690719604,0.6938728094100952,0.5320767164230347,0.6911482810974121,0.7853666543960571,0.6302886009216309,0.9857527017593384,0.8504949808120728,0.8240056037902832,1.0347574949264526,1.2882609367370605,1.1062666177749634,1.07138991355896,1.0757622718811035,0.8287608623504639,0.9299654364585876,0.877094030380249,1.0815620422363281,0.7067234516143799,0.7664365172386169,0.6471782922744751,0.8091369867324829,0.7586947679519653,0.892309308052063,0.4880034923553467,0.7719301581382751,1.0266517400741577,1.249396562576294,1.2476651668548584,1.0363948345184326,1.2723677158355713,1.1216235160827637,1.3177027702331543,1.2853574752807617,1.1761068105697632,1.3011606931686401,0.970798134803772,1.21923828125,1.200408697128296,1.1653534173965454,1.31889009475708,1.2581303119659424,1.2939753532409668,1.166171669960022,0.9257346987724304,1.3273147344589233,1.072949767112732,1.0507597923278809,1.0322054624557495,0.9406233429908752,0.8378527164459229,0.9108662605285645
window,1.1906816959381104,1.1140668392181396,0.9179027676582336,0.8271983861923218,0.8843814730644226,1.087615728378296,1.1458594799041748,1.2074649333953857,0.8138980865478516,0.8590410351753235,0.7245118021965027,0.6756967902183533,0.6351624727249146,0.7393056154251099,0.7395628690719604,0.0,0.46785902976989746,0.63680499792099,0.7443430423736572,0.9869205355644226,0.8346817493438721,0.8136870861053467,0.9527714252471924,0.8315833806991577,0.8790721297264099,1.2872982025146484,1.1949200630187988,1.1417310237884521,1.1657129526138306,0.8401436805725098,0.9720917344093323,1.0745271444320679,1.1471967697143555,0.9591832160949707,1.0879578590393066,0.9949328303337097,0.9700302481651306,0.8732377290725708,0.9032217264175415,0.9217332005500793,1.0399948358535767,1.038212537765503,1.1788835525512695,1.0292627811431885,1.1641674041748047,1.0800377130508423,1.2301570177078247,1.1942968368530273,1.1458662748336792,1.120471477508545,1.1719567775726318,1.1064976453781128,1.202776312828064,1.183018445968628,1.1211084127426147,1.2455458641052246,1.1667613983154297,1.167452096939087,1.164170742034912,0.6440340876579285,1.2865070104599,1.125274419784546,1.2403552532196045,1.1035850048065186,1.1452511548995972,1.046642780303955,0.9276012778282166
door,1.2316744327545166,1.167668342590332,1.0044963359832764,0.9085432887077332,0.9055875539779663,1.1326085329055786,1.2466259002685547,1.28980553150177,0.8943389654159546,0.5651645660400391,0.6519667506217957,0.636094868183136,0.6899149417877197,0.7344039678573608,0.6938728094100952,0.46785902976989746,0.0,0.4546957015991211,0.5865521430969238,0.8145360946655273,0.6706669330596924,0.914799690246582,0.9941784143447876,0.8987080454826355,0.8131507635116577,1.284801959991455,1.1603764295578003,1.2172203063964844,1.2617501020431519,0.9178156852722168,0.986972987651825,1.0976577997207642,1.1090080738067627,1.0354136228561401,1.079496145248413,0.9386916160583496,0.8670160174369812,0.9665108323097229,0.8844713568687439,0.8017977476119995,0.9431650042533875,1.056586742401123,1.273838758468628,1.1232185363769531,1.193859577178955,1.1444131135940552,1.1669304370880127,1.2713515758514404,1.1414880752563477,1.0793670415878296,1.100892424583435,1.0246919393539429,1.24790358543396,1.2239255905151367,1.1999945640563965,1.2704466581344604,1.2506170272827148,1.2148096561431885,1.2243094444274902,0.9320557713508606,1.2851877212524414,1.0991790294647217,1.2253639698028564,1.1099011898040771,1.2175943851470947,0.95676589012146,0.8017946481704712
refrigerator,1.2379072904586792,1.2270718812942505,1.058583378791809,0.9891934394836426,0.9422242045402527,1.138122320175171,1.3275116682052612,1.3503391742706299,1.0426678657531738,0.6650936603546143,0.7109761834144592,0.5595958828926086,0.6708433628082275,0.6939146518707275,0.5320767164230347,0.63680499792099,0.4546957015991211,0.0,0.2871693968772888,0.6701104640960693,0.6330029964447021,0.9282225370407104,0.9050451517105103,0.8631577491760254,0.9147107601165771,1.3096548318862915,1.166002631187439,1.1695095300674438,1.152950644493103,0.8707201480865479,0.9438973069190979,0.9763580560684204,1.0650843381881714,0.8148728609085083,1.010716438293457,0.710410475730896,0.7303236722946167,0.7716721892356873,0.7911995649337769,0.6586477160453796,0.8727893829345703,1.134836196899414,1.2336835861206055,1.208443284034729,1.1290744543075562,1.2184113264083862,1.0782134532928467,1.3349089622497559,1.2965959310531616,1.1712614297866821,1.2548484802246094,1.047023892402649,1.3602774143218994,1.2645134925842285,1.2242109775543213,1.3140909671783447,1.2123658657073975,1.2402396202087402,1.1142271757125854,0.9143904447555542,1.2376388311386108,1.0068975687026978,1.0151541233062744,0.9989637732505798,0.9919607043266296,0.755894660949707,0.6878105401992798
oven,1.2007488012313843,1.1877213716506958,1.062954068183899,1.0735626220703125,1.0121088027954102,1.1636557579040527,1.285023808479309,1.3051344156265259,0.9787705540657043,0.5674912333488464,0.7788273096084595,0.6828719973564148,0.7709860801696777,0.8826122879981995,0.6911482810974121,0.7443430423736572,0.5865521430969238,0.2871693968772888,0.0,0.5541422367095947,0.7279782295227051,1.0095088481903076,1.0181262493133545,0.9414163827896118,0.9490469098091125,1.1970555782318115,1.105991244316101,1.1321353912353516,1.1045671701431274,0.9734258651733398,0.990415096282959,1.0154082775115967,1.088593602180481,0.8926409482955933,1.0040229558944702,0.7636353969573975,0.7217771410942078,0.9210233092308044,0.8976559042930603,0.7476398348808289,0.8820151090621948,1.1174043416976929,1.163769006729126,1.1808037757873535,1.0825542211532593,1.1233068704605103,1.0551562309265137,1.2948230504989624,1.2546106576919556,1.1246939897537231,1.1257001161575317,1.0890746116638184,1.2966378927230835,1.24815833568573,1.2140741348266602,1.2834595441818237,1.1871548891067505,1.2031359672546387,1.1190788745880127,0.9448142647743225,1.1623618602752686,0.9901231527328491,0.9985232353210449,1.0375587940216064,0.9950663447380066,0.6951554417610168,0.6728518009185791
sink,1.0777673721313477,1.1525932550430298,1.1712671518325806,1.1340324878692627,1.1325759887695312,1.0858906507492065,1.2366950511932373,1.293407678604126,0.9282509088516235,0.830187201499939,0.8559804558753967,0.858116090297699,1.0302958488464355,0.9980319142341614,0.7853666543960571,0.9869205355644226,0.8145360946655273,0.6701104640960693,0.5541422367095947,0.0,0.5186184048652649,1.1467269659042358,1.0671252012252808,1.1345529556274414,1.1545251607894897,1.2241928577423096,1.1092793941497803,1.1496778726577759,1.1219067573547363,1.1361775398254395,0.9511519074440002,0.9459126591682434,0.981070339679718,0.9790694117546082,1.0511221885681152,0.7990453243255615,0.9869533777236938,0.9609365463256836,0.9384173154830933,0.8031203746795654,0.9388382434844971,1.0157806873321533,1.280491828918457,1.182631492614746,1.0201314687728882,1.049253225326538,0.7426228523254395,1.2299772500991821,1.178749680519104,0.9695736765861511,1.0346704721450806,0.9213746190071106,1.0695520639419556,1.093600869178772,1.1256669759750366,1.1115224361419678,1.140415072441101,1.1242159605026245,1.0284959077835083,0.926967203617096,1.118016242980957,0.6599160432815552,0.5445283651351929,0.8699012994766235,0.7097741365432739,0.5018320679664612,0.7391027808189392
bathtub,1.3034842014312744,1.2688562870025635,1.1225295066833496,1.0013777017593384,0.9967109560966492,1.1122487783432007,1.343544602394104,1.3993031978607178,1.070780873298645,0.8013131618499756,0.635600209236145,0.5952513217926025,0.708166778087616,0.5059820413589478,0.6302886009216309,0.8346817493438721,0.6706669330596924,0.6330029964447021,0.7279782295227051,0.5186184048652649,0.0,0.8510884046554565,0.7572463154792786,0.9098799228668213,0.9480559825897217,1.3342355489730835,1.1633296012878418,1.1405699253082275,1.1223976612091064,0.7803787589073181,0.9829152226448059,0.9767402410507202,1.0882768630981445,0.9906308650970459,0.8753911852836609,0.7893224954605103,0.9624403715133667,0.737673819065094,0.8183888792991638,0.7770792841911316,0.9324769377708435,1.1539850234985352,1.3503940105438232,1.2373088598251343,1.0625747442245483,1.3405563831329346,1.1369866132736206,1.3529481887817383,1.2710405588150024,1.141981840133667,1.2646145820617676,0.9984316229820251,1.1423277854919434,1.1138211488723755,1.0616358518600464,1.2784168720245361,1.2163827419281006,1.2683415412902832,1.2551515102386475,1.0804842710494995,1.3682310581207275,0.898701548576355,0.8183602690696716,1.0666346549987793,0.9845331907272339,0.7071309089660645,0.7409873008728027
shirt,1.326533317565918,1.0007479190826416,0.6914434432983398,0.5908942222595215,0.5253775119781494,0.8839986324310303,1.0606966018676758,1.0568206310272217,1.246767282485962,1.116679072380066,0.7670625448226929,0.7160211801528931,0.6425826549530029,0.5900684595108032,0.9857527017593384,0.8136870861053467,0.914799690246582,0.9282225370407104,1.0095088481903076,1.1467269659042358,0.8510884046554565,0.0,0.44502151012420654,0.4660928249359131,0.44450461864471436,1.1642310619354248,0.965630054473877,0.8212376236915588,0.8602802753448486,0.5370665788650513,0.9905404448509216,1.0660958290100098,1.1892178058624268,1.0134451389312744,1.0089797973632812,1.0905227661132812,1.1847213506698608,0.7953588366508484,0.8754645586013794,1.1379613876342773,1.0364806652069092,1.133734941482544,1.0556581020355225,1.0606416463851929,1.19693922996521,1.3279857635498047,1.2925997972488403,1.3213411569595337,1.278153657913208,1.3402608633041382,1.3415683507919312,1.1466248035430908,1.1290390491485596,1.2790043354034424,1.1567801237106323,1.3579002618789673,1.214421272277832,1.297417402267456,1.2688441276550293,1.1450977325439453,1.2699475288391113,1.1743173599243164,1.2187178134918213,1.2593564987182617,1.2817771434783936,1.1898431777954102,1.0109736919403076
bib,1.2594249248504639,1.1723694801330566,0.9862295389175415,0.8368552327156067,0.7398293614387512,1.0159010887145996,1.2917240858078003,1.3139541149139404,1.1920232772827148,1.0556566715240479,0.77469402551651,0.7285222411155701,0.7580444812774658,0.5750757455825806,0.8504949808120728,0.9527714252471924,0.9941784143447876,0.9050451517105103,1.0181262493133545,1.0671252012252808,0.7572463154792786,0.44502151012420654,0.0,0.5826930999755859,0.7255550026893616,1.0986051559448242,0.9175921678543091,0.8438324332237244,0.8452875018119812,0.5612497925758362,0.8300666809082031,0.7908952832221985,0.8549981117248535,0.9249768257141113,0.9023934602737427,0.9346693754196167,0.9870517253875732,0.5782679319381714,0.6762406229972839,0.8740022778511047,0.7182643413543701,1.1802436113357544,1.0276970863342285,1.1931025981903076,1.1072437763214111,1.3345595598220825,1.133792519569397,1.3515759706497192,1.297936201095581,1.2663371562957764,1.3066214323043823,1.071978211402893,1.1610972881317139,1.20218825340271,1.1009578704833984,1.3678715229034424,1.2347830533981323,1.3427131175994873,1.218344807624817,1.0920244455337524,1.2431561946868896,1.0474740266799927,0.9874507784843445,1.1238995790481567,1.0428006649017334,1.0123251676559448,0.9910058975219727
pajamas,1.2451502084732056,1.036342978477478,0.8953263759613037,0.7801954746246338,0.8015618324279785,0.9273617267608643,1.1203447580337524,1.1297909021377563,1.184521198272705,1.0178039073944092,0.7494691610336304,0.7160528302192688,0.6199644804000854,0.6266036033630371,0.8240056037902832,0.8315833806991577,0.8987080454826355,0.8631577491760254,0.9414163827896118,1.1345529556274414,0.9098799228668213,0.4660928249359131,0.5826930999755859,0.0,0.4387595057487488,1.0314044952392578,0.9005588293075562,0.741950511932373,0.859917938709259,0.43579429388046265,0.7308899760246277,0.7993149757385254,1.0478241443634033,0.7911770343780518,0.899408757686615,1.006272792816162,1.0717840194702148,0.8675757050514221,0.9374460577964783,0.9920533895492554,0.891128420829773,1.129948377609253,0.9553350806236267,1.0901546478271484,1.1513854265213013,1.2639365196228027,1.2954331636428833,1.3355739116668701,1.3340040445327759,1.3313171863555908,1.397046685218811,1.1850073337554932,1.1948020458221436,1.2165179252624512,1.1335184574127197,1.3417381048202515,1.2354187965393066,1.311906337738037,1.1736671924591064,1.0562385320663452,1.319673776626587,1.255594253540039,1.2402682304382324,1.2149533033370972,1.1466628313064575,1.0986812114715576,1.088249683380127
pants,1.2564475536346436,0.9955481290817261,0.7601423859596252,0.6909694075584412,0.684482216835022,0.9631746411323547,1.0075750350952148,0.9704282879829407,1.2697116136550903,0.9517828226089478,0.7581169605255127,0.8100306391716003,0.6665741205215454,0.7589243650436401,1.0347574949264526,0.8790721297264099,0.8131507635116577,0.9147107601165771,0.9490469098091125,1.1545251607894897,0.9480559825897217,0.44450461864471436,0.7255550026893616,0.4387595057487488,0.0,0.9779461622238159,0.8277640342712402,0.804446816444397,0.9126610159873962,0.6720249056816101,0.9327357411384583,1.0216251611709595,1.0842652320861816,1.0567411184310913,1.1036802530288696,1.087773084640503,1.0774881839752197,1.006103754043579,0.9850165247917175,1.1377427577972412,1.0009561777114868,1.144163966178894,0.9852715730667114,1.1007497310638428,1.270462989807129,1.2057894468307495,1.3403267860412598,1.282379388809204,1.2620353698730469,1.3515338897705078,1.283254623413086,1.1741846799850464,1.1578565835952759,1.2991948127746582,1.2369171380996704,1.329944372177124,1.1400845050811768,1.2848281860351562,1.200157642364502,1.1904890537261963,1.2384397983551025,1.3152649402618408,1.2859364748001099,1.261866569519043,1.3234039545059204,1.1259039640426636,0.9322554469108582
slipper,0.8343749642372131,0.8990163207054138,1.080190658569336,1.1182715892791748,1.1510711908340454,0.9585112929344177,0.6959478259086609,0.5800648331642151,0.9212361574172974,0.9604976773262024,1.3012514114379883,1.381296157836914,1.2476820945739746,1.243301272392273,1.2882609367370605,1.2872982025146484,1.284801959991455,1.3096548318862915,1.1970555782318115,1.2241928577423096,1.3342355489730835,1.1642310619354248,1.0986051559448242,1.0314044952392578,0.9779461622238159,0.0,0.23686140775680542,0.5012810230255127,0.8153094053268433,1.158761978149414,1.0424482822418213,0.8392071723937988,0.7912843823432922,1.1890015602111816,1.2526358366012573,1.0824265480041504,0.8788647055625916,1.269639015197754,1.250342845916748,1.0437493324279785,0.9497581124305725,1.032561182975769,0.6319223642349243,0.8199186325073242,0.9173736572265625,0.7914540767669678,1.018154501914978,0.8484755158424377,0.8351068496704102,0.9336042404174805,0.8031222820281982,1.1362792253494263,0.9455978870391846,1.0608091354370117,1.0979911088943481,0.938707172870636,1.0243430137634277,1.012652039527893,0.9198091626167297,1.0741283893585205,0.8294253349304199,1.1554125547409058,1.103532314300537,0.9411768913269043,1.025389552116394,1.146744728088379,1.162514090538025
shoe,1.0838532447814941,0.9249170422554016,0.9926539063453674,0.9469342231750488,0.9432777166366577,0.8281082510948181,0.8337950706481934,0.7652851343154907,1.0351773500442505,0.975312352180481,1.1219773292541504,1.1464018821716309,1.0841025114059448,1.0689042806625366,1.1062666177749634,1.1949200630187988,1.1603764295578003,1.166002631187439,1.105991244316101,1.1092793941497803,1.1633296012878418,0.965630054473877,0.9175921678543091,0.9005588293075562,0.8277640342712402,0.23686140775680542,0.0,0.4026622772216797,0.7862497568130493,1.0590949058532715,1.087226152420044,0.9405332803726196,0.9526454210281372,1.0850645303726196,1.0828557014465332,0.9714999794960022,0.9177366495132446,1.0603916645050049,1.0868781805038452,0.9497590661048889,0.8991498351097107,1.0536153316497803,0.9316049218177795,0.9840809106826782,1.0266588926315308,1.1081689596176147,1.1010178327560425,1.0970618724822998,1.0810248851776123,1.1043328046798706,1.0702451467514038,1.0963045358657837,0.9410274624824524,1.1939893960952759,1.1302298307418823,1.1465257406234741,1.1352877616882324,1.2270076274871826,1.104742407798767,1.0952084064483643,1.024176836013794,1.1524670124053955,1.0918545722961426,1.0437052249908447,1.0520002841949463,1.1393002271652222,1.093240737915039
sock,1.1559619903564453,0.9648979902267456,0.9851892590522766,0.943260908126831,0.7220624089241028,0.6971530914306641,0.7950833439826965,0.7513471841812134,1.1504894495010376,1.210240125656128,1.000084400177002,1.096701979637146,0.9919056296348572,0.9270898699760437,1.07138991355896,1.1417310237884521,1.2172203063964844,1.1695095300674438,1.1321353912353516,1.1496778726577759,1.1405699253082275,0.8212376236915588,0.8438324332237244,0.741950511932373,0.804446816444397,0.5012810230255127,0.4026622772216797,0.0,0.3930354714393616,0.8729269504547119,0.8699394464492798,0.8034559488296509,0.8484084010124207,1.0334177017211914,0.9051985144615173,1.1174886226654053,1.1330580711364746,1.000342845916748,1.018107295036316,1.0487768650054932,1.018048882484436,1.086003303527832,0.8888751268386841,1.0892218351364136,0.9497402310371399,1.156125783920288,1.120152235031128,1.070784568786621,1.1768534183502197,1.1663055419921875,1.174885630607605,0.9320725202560425,0.9839558005332947,1.0669713020324707,0.9947124719619751,1.144311785697937,1.076817512512207,1.2584774494171143,1.0843589305877686,1.0836100578308105,1.0810083150863647,1.262519121170044,1.1681835651397705,1.1030786037445068,0.9330705404281616,1.0647656917572021,0.9715439677238464
glove,0.9631498456001282,1.0117006301879883,1.012325644493103,0.9855020642280579,0.7631235122680664,0.4901076555252075,0.7816827297210693,0.808120846748352,1.2663867473602295,1.2262176275253296,1.0488263368606567,1.0484637022018433,1.0403249263763428,0.955925464630127,1.0757622718811035,1.1657129526138306,1.2617501020431519,1.152950644493103,1.1045671701431274,1.1219067573547363,1.1223976612091064,0.8602802753448486,0.8452875018119812,0.859917938709259,0.9126610159873962,0.8153094053268433,0.7862497568130493,0.3930354714393616,0.0,0.8197861909866333,0.8252509832382202,0.6910491585731506,0.7986423969268799,0.9167875647544861,0.8320733308792114,1.1072869300842285,1.1420695781707764,0.9807214736938477,0.9533135294914246,1.14192533493042,0.988749623298645,1.103200912475586,0.8681172132492065,1.1662213802337646,0.8762733936309814,1.1473848819732666,1.0760173797607422,1.0112130641937256,1.187776803970337,1.1349648237228394,1.1565463542938232,0.8927920460700989,0.8834801316261292,1.0218623876571655,0.9555883407592773,1.14919114112854,0.9546788930892944,1.0759036540985107,0.8893177509307861,1.0621107816696167,0.9974896907806396,1.1868480443954468,1.117008924484253,1.1236587762832642,1.0015708208084106,1.094975233078003,1.027666687965393
blanket,1.2667946815490723,1.1618688106536865,0.9372212886810303,0.8582110404968262,0.7594529986381531,0.9885222315788269,1.2566211223602295,1.2575538158416748,1.2407848834991455,0.9016120433807373,0.6657304763793945,0.6116116642951965,0.40086042881011963,0.26020610332489014,0.8287608623504639,0.8401436805725098,0.9178156852722168,0.8707201480865479,0.9734258651733398,1.1361775398254395,0.7803787589073181,0.5370665788650513,0.5612497925758362,0.43579429388046265,0.6720249056816101,1.158761978149414,1.0590949058532715,0.8729269504547119,0.8197861909866333,0.0,0.4762309193611145,0.5437552332878113,0.8857938051223755,0.8836427330970764,1.0149868726730347,0.9397785067558289,1.0786243677139282,0.7629863023757935,0.8517422080039978,0.9106138348579407,0.875411868095398,1.185548186302185,1.1017179489135742,1.1807268857955933,1.2619601488113403,1.3745019435882568,1.3332350254058838,1.3638995885849,1.336444616317749,1.361419677734375,1.364576816558838,1.2179819345474243,1.1973960399627686,1.2903144359588623,1.1834336519241333,1.3463406562805176,1.2592999935150146,1.326249361038208,1.2072558403015137,1.0494129657745361,1.2955257892608643,1.2121758460998535,1.2067220211029053,1.2983646392822266,1.2570335865020752,1.134799838066101,1.1231021881103516
pillow,1.0828973054885864,1.1452982425689697,1.1276884078979492,1.1335029602050781,0.9608877897262573,1.0783518552780151,1.1695661544799805,1.1271775960922241,1.047263503074646,0.8449693918228149,0.7699206471443176,0.8589072227478027,0.5440272092819214,0.5824787616729736,0.9299654364585876,0.9720917344093323,0.986972987651825,0.9438973069190979,0.990415096282959,0.9511519074440002,0.9829152226448059,0.9905404448509216,0.8300666809082031,0.7308899760246277,0.9327357411384583,1.0424482822418213,1.087226152420044,0.8699394464492798,0.8252509832382202,0.4762309193611145,0.0,0.38232970237731934,0.5811612010002136,0.9727674126625061,1.0894832611083984,0.9501171112060547,0.9308850169181824,0.9579212069511414,0.9038581848144531,0.899287223815918,0.6695549488067627,1.1027566194534302,0.9034886956214905,1.1746574640274048,1.181938648223877,1.0892572402954102,1.1894806623458862,1.2158198356628418,1.2527885437011719,1.1810882091522217,1.2400330305099487,1.1480218172073364,1.1025471687316895,1.0146605968475342,1.0187186002731323,1.0917834043502808,1.1438264846801758,1.1513160467147827,1.017998218536377,0.9506949782371521,1.109358310699463,1.1659126281738281,1.0534131526947021,1.0727546215057373,0.9397234320640564,0.9548382759094238,1.0805675983428955
