,dog,frog,nose,face,hair,arm,hand,finger,toe,lamp,drawer,bench,chair,table,couch,bed,crib,window,door,refrigerator,oven,sink,bathtub,car,jacket,shirt,bib,pajamas,jeans,pants,slipper,shoe,sock,glove,blanket,pillow,towel,napkin,doll,toy,tray,box,book,paper,basket,purse,comb,hat,glasses,scissors,fork,spoon,crayon,pencil,pen,knife,toothbrush,gum,balloon,ball,egg,orange,pumpkin,apple,melon,banana,plant,bread,plate,bowl,bottle,cup,bucket,can
dog,0.0,0.8566155433654785,0.9473902583122253,0.8225101232528687,0.8050693869590759,0.9850813150405884,1.0627708435058594,1.1717087030410767,1.088057041168213,1.121353030204773,1.1372945308685303,0.9171029329299927,0.9673260450363159,0.9408689141273499,0.781162679195404,0.8341913223266602,0.8805316686630249,0.964401125907898,0.9441118836402893,0.9689438939094543,0.9543997049331665,1.0738881826400757,1.0301332473754883,0.9056375026702881,0.8534104228019714,0.8765363693237305,1.0055702924728394,0.8955137729644775,0.8216502666473389,0.8005774617195129,0.9944842457771301,0.9381842017173767,1.0531076192855835,0.9345104694366455,0.8748304843902588,0.9844623804092407,0.9967077970504761,1.165785551071167,0.8930714130401611,1.0390138626098633,1.180808186531067,1.0738402605056763,1.0253409147262573,1.1220471858978271,1.1351776123046875,1.051061749458313,1.0327192544937134,0.9380483627319336,1.0150858163833618,1.0775742530822754,1.2460412979125977,1.225631833076477,1.1892423629760742,1.2077357769012451,1.2057939767837524,1.1740694046020508,1.185270071029663,1.1672852039337158,1.0827503204345703,1.090061902999878,1.1462602615356445,1.0941076278686523,1.0473556518554688,1.0786077976226807,1.080191731452942,1.0745465755462646,1.0008056163787842,1.0470026731491089,1.1909279823303223,1.1844029426574707,1.1230465173721313,1.16535222530365,1.1747710704803467,1.0371813774108887
frog,0.8566155433654785,0.0,0.9037603735923767,0.9749761819839478,1.152164101600647,1.2596707344055176,1.0725007057189941,0.952212393283844,0.9651790857315063,1.0392415523529053,1.1857554912567139,1.2570308446884155,1.2315640449523926,1.284224033355713,1.2369660139083862,1.262316107749939,1.2099695205688477,1.1467041969299316,1.1754521131515503,1.2761409282684326,1.2446106672286987,1.210533618927002,1.241485834121704,0.831379771232605,1.2462078332901,1.2440720796585083,1.251371145248413,1.2894939184188843,1.3076789379119873,1.2721431255340576,0.8647500276565552,1.0235662460327148,1.1694557666778564,0.9663576483726501,1.2178583145141602,1.0435744524002075,1.0471848249435425,0.9689358472824097,0.7548256516456604,0.8731088042259216,1.1289331912994385,1.154893398284912,1.0223991870880127,0.9980608224868774,1.1524559259414673,1.088205099105835,1.044498085975647,0.8313763737678528,0.9092190861701965,1.035873293876648,0.9340905547142029,0.8972247838973999,0.7306559681892395,0.8163760304450989,0.8276028633117676,0.9031625390052795,1.0610743761062622,0.7552410364151001,0.789236307144165,0.8165467977523804,0.8147263526916504,0.7195318937301636,0.6233583688735962,0.5814244151115417,0.6456190347671509,0.5494082570075989,0.8108566403388977,0.6858782172203064,0.9268434047698975,0.9871511459350586,0.8964751362800598,0.9681377410888672,1.1291184425354004,1.2279846668243408
nose,0.9473902583122253,0.9037603735923767,0.0,0.4121628999710083,0.6815452575683594,0.972290575504303,0.6286042928695679,0.44020235538482666,0.43472278118133545,1.1509042978286743,1.1498770713806152,1.3255962133407593,1.3619577884674072,1.407498836517334,1.279716968536377,1.339688777923584,1.3284631967544556,1.131449580192566,1.1163591146469116,1.2875031232833862,1.2539124488830566,1.2563610076904297,1.318621039390564,0.9897882342338562,1.128678560256958,1.0031967163085938,1.1225186586380005,1.1868020296096802,1.0603554248809814,1.000008225440979,0.8259012699127197,1.0035192966461182,0.9625056982040405,1.0324516296386719,1.297700047492981,1.2607165575027466,1.1974700689315796,1.097191572189331,1.0556538105010986,1.2296712398529053,1.4080817699432373,1.2818975448608398,1.2716138362884521,1.1596589088439941,1.3892242908477783,1.2626861333847046,1.0353095531463623,0.723972499370575,0.44278788566589355,1.1899105310440063,0.9971262216567993,1.053858757019043,0.7945679426193237,0.8427025079727173,0.8333569169044495,0.978738009929657,1.0815706253051758,0.8895753622055054,0.820228099822998,0.7981424927711487,0.5964319705963135,0.5833998918533325,0.7502316236495972,0.6321135759353638,0.8883973956108093,0.875084638595581,1.132012963294983,0.7488457560539246,1.1455787420272827,1.1888591051101685,1.0260729789733887,1.0983936786651611,1.3294031620025635,1.1957697868347168
face,0.8225101232528687,0.9749761819839478,0.4121628999710083,0.0,0.46556365489959717,0.8113783597946167,0.7538293600082397,0.8370558023452759,0.7694797515869141,1.148343563079834,1.0930051803588867,1.1190853118896484,1.1991324424743652,1.0886211395263672,0.9378176927566528,0.9771011471748352,1.093579888343811,0.9386258125305176,0.9791700839996338,1.0071874856948853,0.9918164610862732,1.0827046632766724,1.0183396339416504,0.9457238912582397,0.7862727642059326,0.6169460415840149,0.8192143440246582,0.8104478716850281,0.7445498108863831,0.7159162163734436,1.1546317338943481,1.0558775663375854,1.1532845497131348,1.0958093404769897,1.091381549835205,1.2630842924118042,1.2902956008911133,1.30912446975708,0.9297691583633423,1.0536150932312012,1.2874069213867188,1.1763933897018433,1.024247169494629,1.0648891925811768,1.370976448059082,1.2716413736343384,0.9283545613288879,0.9459902048110962,0.482560396194458,1.05576753616333,1.2423263788223267,1.298535704612732,1.1901421546936035,1.2077643871307373,1.2114124298095703,1.2454490661621094,1.0724387168884277,1.0665159225463867,1.1336785554885864,1.1140421628952026,1.022312879562378,0.935744047164917,1.0259430408477783,0.9785502552986145,1.0503716468811035,1.0385080575942993,1.1810424327850342,1.1059455871582031,1.2353802919387817,1.326629400253296,1.2078646421432495,1.2531497478485107,1.2790606021881104,1.1877951622009277
hair,0.8050693869590759,1.152164101600647,0.6815452575683594,0.46556365489959717,0.0,0.7434332370758057,0.8047835826873779,0.8859585523605347,0.821952760219574,1.1255519390106201,1.1342909336090088,1.063985824584961,1.0984688997268677,1.0318619012832642,0.9055129289627075,0.919696569442749,1.0397334098815918,0.8866900205612183,0.9926488995552063,1.009447693824768,1.0373529195785522,1.056403398513794,0.9514169692993164,0.9463059902191162,0.6695730686187744,0.5919909477233887,0.7960681319236755,0.7648328542709351,0.7021709084510803,0.6721471548080444,1.110518217086792,0.992108941078186,1.0431665182113647,1.0544593334197998,0.9914465546607971,1.1947503089904785,1.2080788612365723,1.3026947975158691,0.9968622326850891,1.1443383693695068,1.315370798110962,1.1891597509384155,1.0068421363830566,1.103342890739441,1.2825286388397217,1.1679648160934448,0.8546780347824097,0.7420297265052795,0.6696751713752747,1.0269943475723267,1.2052671909332275,1.283099889755249,1.1724213361740112,1.1628385782241821,1.1448744535446167,1.145208477973938,1.0678783655166626,1.1725249290466309,1.1585941314697266,1.1397839784622192,1.0756561756134033,1.0701216459274292,1.1568641662597656,1.120798110961914,1.0902721881866455,1.1344633102416992,0.9893332123756409,1.1598477363586426,1.2867624759674072,1.3381694555282593,1.1402673721313477,1.319978952407837,1.2817031145095825,1.1924148797988892
arm,0.9850813150405884,1.2596707344055176,0.972290575504303,0.8113783597946167,0.7434332370758057,0.0,0.44671547412872314,0.743852436542511,0.7527307868003845,1.137007236480713,0.9853349924087524,0.9001615047454834,1.0213847160339355,0.8616448640823364,0.7609140276908875,0.7564654350280762,0.9791756272315979,0.8703811168670654,0.9428306818008423,0.873218297958374,0.9256142377853394,0.9553852677345276,0.8379111886024475,1.242122769355774,0.6571956872940063,0.4808052182197571,0.5722911357879639,0.5814216136932373,0.5226975679397583,0.583935558795929,1.1966395378112793,1.052103877067566,0.6847409009933472,0.6690321564674377,0.8243196606636047,1.003252387046814,1.079419732093811,1.1381330490112305,1.1591947078704834,1.0997663736343384,1.1457793712615967,1.0759336948394775,0.9152990579605103,0.9006837010383606,1.2684357166290283,1.1708139181137085,0.9688370823860168,1.25453782081604,1.0135406255722046,0.8472336530685425,1.2082821130752563,1.2770438194274902,1.2478909492492676,1.1985598802566528,1.2049598693847656,1.15146803855896,0.8872010111808777,1.1805362701416016,1.32639479637146,1.3128858804702759,1.261980414390564,1.2637516260147095,1.314049482345581,1.297664761543274,1.1063522100448608,1.242442011833191,1.165637493133545,1.2835628986358643,1.3136024475097656,1.3973139524459839,1.3105921745300293,1.3018267154693604,1.229590892791748,1.1000168323516846
hand,1.0627708435058594,1.0725007057189941,0.6286042928695679,0.7538293600082397,0.8047835826873779,0.44671547412872314,0.0,0.21441125869750977,0.3742806911468506,1.2314856052398682,1.0643190145492554,1.170695185661316,1.2155014276504517,1.1659305095672607,1.1618340015411377,1.1963955163955688,1.1966538429260254,1.054543137550354,1.090335488319397,1.1399235725402832,1.1295641660690308,1.0971002578735352,1.1665027141571045,1.1456544399261475,0.9990260004997253,0.8856872320175171,0.9283919930458069,0.9796462059020996,0.8692127466201782,0.9486663937568665,0.9245943427085876,0.9630849361419678,0.7208486795425415,0.504307210445404,1.133347988128662,1.1596124172210693,1.1360499858856201,1.0961875915527344,1.0626568794250488,1.0714346170425415,1.1449967622756958,1.1723933219909668,1.0204229354858398,0.933057427406311,1.2767767906188965,1.2010254859924316,0.9664230346679688,1.0590330362319946,0.7997211813926697,0.9183354377746582,0.9800460338592529,1.0364985466003418,1.0417271852493286,1.0014292001724243,0.9808194041252136,1.0415605306625366,0.8454866409301758,0.9094852209091187,1.12889564037323,1.119182825088501,1.03379487991333,1.0419354438781738,1.0819035768508911,1.0370995998382568,0.963153064250946,1.0619646310806274,1.131713628768921,1.0427000522613525,1.1462572813034058,1.1838001012802124,1.18157958984375,1.1070364713668823,1.2255263328552246,1.1538376808166504
finger,1.1717087030410767,0.952212393283844,0.44020235538482666,0.8370558023452759,0.8859585523605347,0.743852436542511,0.21441125869750977,0.0,0.18696504831314087,1.2254059314727783,1.1327444314956665,1.331507921218872,1.3119374513626099,1.418241024017334,1.362898349761963,1.4025671482086182,1.3796954154968262,1.150338888168335,1.1857349872589111,1.3132601976394653,1.310265302658081,1.272585391998291,1.327674150466919,1.0400222539901733,1.1801691055297852,1.0982887744903564,1.2040894031524658,1.2313536405563354,1.0721927881240845,1.0778502225875854,0.6861572265625,0.9738376140594482,0.7409570813179016,0.7278770804405212,1.3272833824157715,1.2431540489196777,1.211808204650879,1.0743474960327148,1.088732361793518,1.2062350511550903,1.3478584289550781,1.308266043663025,1.2056913375854492,1.0550999641418457,1.3392640352249146,1.243358850479126,1.0112056732177734,0.8405869007110596,0.720754861831665,1.079978585243225,0.7853555679321289,0.8816770911216736,0.6384267807006836,0.6700450778007507,0.6372186541557312,0.780827522277832,0.8942306637763977,0.8145235180854797,0.8536569476127625,0.8413416743278503,0.6644672751426697,0.6816343069076538,0.8028100728988647,0.709500789642334,0.9181378483772278,0.8654961585998535,1.0625793933868408,0.7756862640380859,1.1189299821853638,1.146101474761963,0.9607830047607422,1.0205637216567993,1.292109489440918,1.2206603288650513
toe,1.088057041168213,0.9651790857315063,0.43472278118133545,0.7694797515869141,0.821952760219574,0.7527307868003845,0.3742806911468506,0.18696504831314087,0.0,1.2419565916061401,1.2088072299957275,1.3352293968200684,1.2919859886169434,1.4363662004470825,1.3089019060134888,1.363435983657837,1.3547710180282593,1.2095305919647217,1.1899116039276123,1.327715516090393,1.3112168312072754,1.3088243007659912,1.310258150100708,1.0539991855621338,1.1843082904815674,1.0823994874954224,1.1815277338027954,1.136629343032837,0.994385302066803,0.9761312007904053,0.4218003749847412,0.6839566230773926,0.5925721526145935,0.7771859169006348,1.3110421895980835,1.209338665008545,1.1930532455444336,1.1061081886291504,1.0630102157592773,1.2455017566680908,1.4167163372039795,1.3155514001846313,1.2353887557983398,1.1611706018447876,1.3188804388046265,1.1904621124267578,1.113612413406372,0.8050684928894043,0.6988334655761719,1.1571160554885864,0.8910113573074341,0.9512659907341003,0.7355474233627319,0.7893025279045105,0.7500773668289185,0.871597170829773,1.0620241165161133,0.9642970561981201,0.9062342643737793,0.8815175890922546,0.6825594902038574,0.7008092403411865,0.8022387623786926,0.7639236450195312,0.9922071099281311,0.8771194219589233,1.0851187705993652,0.7827879190444946,1.1845999956130981,1.1708381175994873,0.9565528631210327,1.051102638244629,1.2969270944595337,1.251852035522461
lamp,1.121353030204773,1.0392415523529053,1.1509042978286743,1.148343563079834,1.1255519390106201,1.137007236480713,1.2314856052398682,1.2254059314727783,1.2419565916061401,0.0,0.8154084086418152,0.9439751505851746,0.7457090020179749,0.8225478529930115,1.0255368947982788,0.9926280975341797,0.9485660195350647,0.7701445817947388,0.829929530620575,0.8934264183044434,0.9541304111480713,0.7649343013763428,0.8278931379318237,1.023942232131958,1.1526899337768555,1.1271545886993408,1.116542100906372,1.17891526222229,1.2581614255905151,1.229395866394043,1.1581674814224243,1.1199167966842651,1.1897451877593994,1.1710470914840698,1.020904779434204,0.951026439666748,1.0223267078399658,0.9559361934661865,1.0354094505310059,1.0143071413040161,0.8643198013305664,1.0413841009140015,1.0561070442199707,0.995851993560791,0.9308110475540161,0.9946827292442322,0.9069710373878479,0.9838879108428955,1.0511311292648315,0.7424885630607605,0.7512633800506592,0.7323984503746033,1.0274068117141724,0.9042771458625793,0.9249574542045593,0.8939000964164734,0.843034029006958,1.0182019472122192,0.7332943677902222,0.8252155780792236,0.9492287635803223,1.0710422992706299,1.0239192247390747,1.0405259132385254,1.034667730331421,1.088740587234497,0.7279534339904785,1.1033515930175781,0.8105222582817078,0.8005146384239197,0.913019061088562,0.8855472207069397,0.8888782858848572,0.9001588821411133
drawer,1.1372945308685303,1.1857554912567139,1.1498770713806152,1.0930051803588867,1.1342909336090088,0.9853349924087524,1.0643190145492554,1.1327444314956665,1.2088072299957275,0.8154084086418152,0.0,0.5799546241760254,0.8402605652809143,0.7496582865715027,0.8416464328765869,0.8225681185722351,0.7466015815734863,0.8751800656318665,0.5746591687202454,0.5896506309509277,0.5182363986968994,0.6475226283073425,0.6408861875534058,1.0345568656921387,1.0383774042129517,1.0927734375,1.0587016344070435,1.0383678674697876,0.9691881537437439,0.9970835447311401,1.1788654327392578,1.0729488134384155,1.203095555305481,1.1342417001724243,0.9885421991348267,0.9723920822143555,1.018723726272583,0.9619353413581848,1.1141705513000488,1.0038988590240479,0.6236268281936646,0.5676584839820862,0.9047704339027405,0.7609683275222778,0.8367210030555725,0.8610050678253174,0.9056857228279114,1.2099666595458984,1.0772405862808228,0.8470005989074707,0.9752620458602905,1.053235650062561,1.1770830154418945,0.9966006278991699,1.004445195198059,0.8852685689926147,1.0387769937515259,1.0078637599945068,1.1258102655410767,1.1488860845565796,1.2198082208633423,1.2111726999282837,1.1872305870056152,1.2083295583724976,1.1858305931091309,1.2433327436447144,1.0807502269744873,1.2378273010253906,0.9800264239311218,1.0171737670898438,1.1838167905807495,1.0820426940917969,0.9211220145225525,0.7591197490692139
bench,0.9171029329299927,1.2570308446884155,1.3255962133407593,1.1190853118896484,1.063985824584961,0.9001615047454834,1.170695185661316,1.331507921218872,1.3352293968200684,0.9439751505851746,0.5799546241760254,0.0,0.3485356569290161,0.326604962348938,0.4708405137062073,0.4837915301322937,0.5370303988456726,0.7324625253677368,0.6779896020889282,0.726841926574707,0.7129826545715332,0.7304136753082275,0.6240513920783997,0.9759888052940369,0.8765783309936523,0.9145858287811279,1.0313485860824585,0.8686254024505615,0.82631915807724,0.8748799562454224,1.2180869579315186,1.0797315835952759,1.0785906314849854,1.1141654253005981,0.6848256587982178,0.7719338536262512,0.8453764915466309,0.9461532235145569,1.1030566692352295,0.9369150400161743,0.6137607097625732,0.6273185014724731,0.8848332166671753,0.9047366380691528,0.7677440643310547,0.8444835543632507,0.8488950133323669,1.2142137289047241,1.237473487854004,0.9733756184577942,1.1822978258132935,1.248488187789917,1.2984950542449951,1.173417091369629,1.2018005847930908,1.0527666807174683,1.1382594108581543,1.1880199909210205,1.2910466194152832,1.3049465417861938,1.4138190746307373,1.3788914680480957,1.3484249114990234,1.4049513339996338,1.2463090419769287,1.3126964569091797,1.042625904083252,1.3330062627792358,1.0683631896972656,1.0777387619018555,1.2398933172225952,1.1291006803512573,0.8877068758010864,0.83260577917099
chair,0.9673260450363159,1.2315640449523926,1.3619577884674072,1.1991324424743652,1.0984688997268677,1.0213847160339355,1.2155014276504517,1.3119374513626099,1.2919859886169434,0.7457090020179749,0.8402605652809143,0.3485356569290161,0.0,0.32566332817077637,0.48080265522003174,0.5544835329055786,0.5231056213378906,0.7401866912841797,0.7569825649261475,0.8079023957252502,0.8663066625595093,0.8216108083724976,0.7180441617965698,1.0558240413665771,0.9381611943244934,0.9815428256988525,0.9837860465049744,0.8857162594795227,0.9312149882316589,0.9740818738937378,1.1498863697052002,1.0562787055969238,1.0612297058105469,1.154850959777832,0.7182716727256775,0.68085777759552,0.8407997488975525,0.9765405058860779,0.9928934574127197,0.8761128187179565,0.7461051344871521,0.8154416084289551,0.8933398723602295,1.0362902879714966,0.6573805212974548,0.7655751705169678,1.0815303325653076,1.0769931077957153,1.2412569522857666,0.9240521192550659,1.1066298484802246,1.0748034715652466,1.3137725591659546,1.244192123413086,1.2570350170135498,1.1893284320831299,1.1208540201187134,1.264811396598816,1.1604889631271362,1.1859362125396729,1.2884767055511475,1.2950971126556396,1.200799584388733,1.3213881254196167,1.2072207927703857,1.259946346282959,0.9574481248855591,1.2852256298065186,1.0298140048980713,0.9685682654380798,1.101169228553772,0.9843082427978516,0.83260577917099,0.917107880115509
table,0.9408689141273499,1.284224033355713,1.407498836517334,1.0886211395263672,1.0318619012832642,0.8616448640823364,1.1659305095672607,1.418241024017334,1.4363662004470825,0.8225478529930115,0.7496582865715027,0.326604962348938,0.32566332817077637,0.0,0.4201907515525818,0.44523555040359497,0.5325140357017517,0.6755844950675964,0.7286158204078674,0.6453065276145935,0.7020098567008972,0.6639142036437988,0.5805339813232422,1.134799599647522,0.8326117396354675,0.7978606224060059,0.8124901056289673,0.7331072688102722,0.8087584972381592,0.8872225284576416,1.4175748825073242,1.1939094066619873,1.1959539651870728,1.2131164073944092,0.7273844480514526,0.9090195298194885,1.0133066177368164,1.0829212665557861,1.066401720046997,0.8578302264213562,0.4699934720993042,0.710038423538208,0.7515214681625366,0.8553030490875244,0.8213249444961548,0.9676051735877991,1.0698368549346924,1.3008276224136353,1.2520813941955566,0.9241995215415955,1.22576105594635,1.1623003482818604,1.452589988708496,1.3891186714172363,1.4124025106430054,1.2767622470855713,1.068414330482483,1.1856619119644165,1.2639790773391724,1.2752209901809692,1.393784761428833,1.4046943187713623,1.3497759103775024,1.4004931449890137,1.1743316650390625,1.3405437469482422,1.043953537940979,1.356614589691162,0.8462892770767212,0.9464333653450012,1.2414584159851074,1.0526834726333618,0.8685752153396606,0.8662384748458862
couch,0.781162679195404,1.2369660139083862,1.279716968536377,0.9378176927566528,0.9055129289627075,0.7609140276908875,1.1618340015411377,1.362898349761963,1.3089019060134888,1.0255368947982788,0.8416464328765869,0.4708405137062073,0.48080265522003174,0.4201907515525818,0.0,0.12582802772521973,0.5408817529678345,0.6925452947616577,0.70802241563797,0.6901694536209106,0.7190992832183838,0.8617682456970215,0.6365365982055664,1.0655266046524048,0.6053184270858765,0.6257184743881226,0.706041693687439,0.5064100027084351,0.5748482942581177,0.6376659274101257,1.3098211288452148,1.0785694122314453,1.074081301689148,1.0937535762786865,0.3700827360153198,0.5254195928573608,0.8130538463592529,1.0983563661575317,1.0297777652740479,0.9743045568466187,0.9342762231826782,0.8380370140075684,0.7892278432846069,0.9609187245368958,0.9502648115158081,0.9543145298957825,1.0846961736679077,1.2344999313354492,1.1723958253860474,1.095080018043518,1.4313619136810303,1.428981065750122,1.4131059646606445,1.4262442588806152,1.4389986991882324,1.384034276008606,1.1876749992370605,1.313432216644287,1.3109338283538818,1.3113043308258057,1.4218323230743408,1.3748767375946045,1.3493098020553589,1.4134037494659424,1.2822062969207764,1.3130440711975098,1.0546989440917969,1.4254815578460693,1.25160813331604,1.2621707916259766,1.319379448890686,1.2761344909667969,1.0942261219024658,1.046379804611206
bed,0.8341913223266602,1.262316107749939,1.339688777923584,0.9771011471748352,0.919696569442749,0.7564654350280762,1.1963955163955688,1.4025671482086182,1.363435983657837,0.9926280975341797,0.8225681185722351,0.4837915301322937,0.5544835329055786,0.44523555040359497,0.12582802772521973,0.0,0.38843828439712524,0.66951584815979,0.6914287805557251,0.6798697710037231,0.7242426872253418,0.763645589351654,0.5118775963783264,1.0760480165481567,0.6233364343643188,0.6212206482887268,0.6516932845115662,0.4603880047798157,0.6162208318710327,0.6890052556991577,1.3407328128814697,1.109329104423523,1.0631394386291504,1.0863852500915527,0.22702252864837646,0.47416913509368896,0.7004817724227905,1.000357985496521,1.02522873878479,0.9757561087608337,0.8907071352005005,0.8724524974822998,0.8040791153907776,0.9455205798149109,0.8703525066375732,0.9934852123260498,1.0029947757720947,1.2615575790405273,1.2353678941726685,1.0524001121520996,1.4117792844772339,1.420615792274475,1.4232310056686401,1.4158246517181396,1.4306650161743164,1.3513216972351074,1.1217074394226074,1.304551362991333,1.3404130935668945,1.3171820640563965,1.423222303390503,1.4056370258331299,1.3901758193969727,1.4463486671447754,1.2946906089782715,1.331514596939087,1.097891092300415,1.4312585592269897,1.2211734056472778,1.2433319091796875,1.379775047302246,1.314683198928833,1.0950547456741333,1.085117220878601
crib,0.8805316686630249,1.2099695205688477,1.3284631967544556,1.093579888343811,1.0397334098815918,0.9791756272315979,1.1966538429260254,1.3796954154968262,1.3547710180282593,0.9485660195350647,0.7466015815734863,0.5370303988456726,0.5231056213378906,0.5325140357017517,0.5408817529678345,0.38843828439712524,0.0,0.6836647987365723,0.7170400619506836,0.6837222576141357,0.690247654914856,0.7891616821289062,0.638451874256134,1.0885233879089355,0.9268372654914856,0.9203006029129028,0.7987666726112366,0.6919829845428467,0.9236375689506531,0.981595516204834,1.32014000415802,1.1232503652572632,1.140504002571106,1.190889596939087,0.5881752967834473,0.7734102606773376,0.8628239035606384,1.0891467332839966,0.7681825160980225,0.7505127191543579,0.7760109901428223,0.71993488073349,0.7590121030807495,1.0188910961151123,0.5275295972824097,0.9349638223648071,1.0150507688522339,1.2746381759643555,1.258673906326294,1.021165132522583,1.2761857509613037,1.28019380569458,1.40241277217865,1.3493353128433228,1.3780670166015625,1.3100398778915405,1.0963008403778076,1.2726064920425415,1.300347924232483,1.2824809551239014,1.3700594902038574,1.3719209432601929,1.2903121709823608,1.3986380100250244,1.2862298488616943,1.3399230241775513,0.990537166595459,1.3710627555847168,1.1131380796432495,1.0525002479553223,1.2428921461105347,1.1201294660568237,0.8765969276428223,0.9933924674987793
window,0.964401125907898,1.1467041969299316,1.131449580192566,0.9386258125305176,0.8866900205612183,0.8703811168670654,1.054543137550354,1.150338888168335,1.2095305919647217,0.7701445817947388,0.8751800656318665,0.7324625253677368,0.7401866912841797,0.6755844950675964,0.6925452947616577,0.66951584815979,0.6836647987365723,0.0,0.4811304807662964,0.6304197311401367,0.7564769387245178,0.8783840537071228,0.7541610598564148,0.8969386219978333,0.8394069671630859,0.8266624212265015,0.9577054381370544,0.8244721293449402,0.9212230443954468,0.9229167103767395,1.329444169998169,1.2141051292419434,1.1899642944335938,1.2082197666168213,0.8470659255981445,0.9767128825187683,1.040617823600769,1.1084524393081665,1.0318067073822021,1.0600831508636475,1.0139625072479248,0.9623568654060364,0.9051598310470581,0.9472408294677734,1.0493223667144775,1.1087239980697632,1.0129764080047607,1.1916394233703613,0.9937615394592285,1.0236318111419678,1.162635326385498,1.2239991426467896,1.2523421049118042,1.1519988775253296,1.1801881790161133,1.1365681886672974,1.0459553003311157,1.188865303993225,1.17745840549469,1.2059333324432373,1.2538187503814697,1.237762212753296,1.2193423509597778,1.24644136428833,1.1864153146743774,1.2364940643310547,0.7887928485870361,1.2745521068572998,1.1343774795532227,1.1833460330963135,1.159725308418274,1.1487330198287964,1.1128747463226318,1.0382142066955566
door,0.9441118836402893,1.1754521131515503,1.1163591146469116,0.9791700839996338,0.9926488995552063,0.9428306818008423,1.090335488319397,1.1857349872589111,1.1899116039276123,0.829929530620575,0.5746591687202454,0.6779896020889282,0.7569825649261475,0.7286158204078674,0.70802241563797,0.6914287805557251,0.7170400619506836,0.4811304807662964,0.0,0.4458906054496765,0.6217697262763977,0.7495688199996948,0.6695342659950256,1.0093648433685303,0.8746393918991089,0.8844208717346191,1.0691699981689453,0.8799173831939697,0.8902191519737244,0.8376694917678833,1.2484887838363647,1.1929552555084229,1.1933969259262085,1.2533823251724243,0.9632757306098938,0.9971489310264587,1.0304168462753296,1.0756222009658813,1.145418643951416,1.1296221017837524,0.967249870300293,0.8120088577270508,1.0332155227661133,0.9426954984664917,1.0349555015563965,0.9495728015899658,1.04059636592865,1.2199469804763794,1.053516149520874,0.9926022887229919,1.1517302989959717,1.2101719379425049,1.233945608139038,1.1067296266555786,1.134518027305603,1.082564115524292,1.100100040435791,1.2375762462615967,1.1983654499053955,1.2307953834533691,1.2619470357894897,1.2404060363769531,1.1809545755386353,1.2776209115982056,1.218673586845398,1.233811855316162,0.9500846266746521,1.248213291168213,1.1422533988952637,1.2033740282058716,1.1027027368545532,1.2040916681289673,1.0825629234313965,0.8890443444252014
refrigerator,0.9689438939094543,1.2761409282684326,1.2875031232833862,1.0071874856948853,1.009447693824768,0.873218297958374,1.1399235725402832,1.3132601976394653,1.327715516090393,0.8934264183044434,0.5896506309509277,0.726841926574707,0.8079023957252502,0.6453065276145935,0.6901694536209106,0.6798697710037231,0.6837222576141357,0.6304197311401367,0.4458906054496765,0.0,0.12063086032867432,0.49454355239868164,0.5116927623748779,1.0656814575195312,0.8204473853111267,0.8363761901855469,0.930612325668335,0.8099055290222168,0.8242809176445007,0.7914987802505493,1.388441801071167,1.2073041200637817,1.2132062911987305,1.1912833452224731,0.8811229467391968,1.0353419780731201,1.054373025894165,1.128299593925476,1.1488752365112305,1.0924232006072998,0.7922459840774536,0.7857545614242554,0.9390454292297363,0.9281597137451172,0.9219297170639038,1.0429801940917969,0.998071551322937,1.3617980480194092,1.1495490074157715,0.9458655118942261,1.0852689743041992,1.096508264541626,1.366762399673462,1.2720954418182373,1.2792770862579346,1.1473349332809448,1.0353965759277344,1.3095823526382446,1.3197040557861328,1.3550468683242798,1.3761565685272217,1.332022786140442,1.3106462955474854,1.3426547050476074,1.1915853023529053,1.2410610914230347,1.0610651969909668,1.301720380783081,1.034549593925476,1.0119513273239136,1.0924478769302368,1.0187047719955444,0.8559432029724121,0.658772885799408
oven,0.9543997049331665,1.2446106672286987,1.2539124488830566,0.9918164610862732,1.0373529195785522,0.9256142377853394,1.1295641660690308,1.310265302658081,1.3112168312072754,0.9541304111480713,0.5182363986968994,0.7129826545715332,0.8663066625595093,0.7020098567008972,0.7190992832183838,0.7242426872253418,0.690247654914856,0.7564769387245178,0.6217697262763977,0.12063086032867432,0.0,0.5356400609016418,0.6033545732498169,1.0351288318634033,0.874781608581543,0.9081056118011475,0.939300537109375,0.8562762141227722,0.8217021226882935,0.8122130036354065,1.3180522918701172,1.0956451892852783,1.1791164875030518,1.0795480012893677,0.8662497401237488,0.9983837008476257,0.9979526996612549,1.0633021593093872,1.103061318397522,1.0547394752502441,0.7085297107696533,0.7165480256080627,0.9180463552474976,0.8878697752952576,0.8679984211921692,0.9880061745643616,0.963839590549469,1.31009042263031,1.1422498226165771,0.9593901038169861,1.108250379562378,1.129831075668335,1.384966254234314,1.309372901916504,1.3096898794174194,1.154918909072876,1.1138142347335815,1.24972403049469,1.3422999382019043,1.3487752676010132,1.3672034740447998,1.3153929710388184,1.2979323863983154,1.3255285024642944,1.1683523654937744,1.224503993988037,1.105209231376648,1.2376786470413208,0.9790550470352173,0.9663904309272766,1.1813396215438843,1.0339794158935547,0.8644851446151733,0.6730780601501465
sink,1.0738881826400757,1.210533618927002,1.2563610076904297,1.0827046632766724,1.056403398513794,0.9553852677345276,1.0971002578735352,1.272585391998291,1.3088243007659912,0.7649343013763428,0.6475226283073425,0.7304136753082275,0.8216108083724976,0.6639142036437988,0.8617682456970215,0.763645589351654,0.7891616821289062,0.8783840537071228,0.7495688199996948,0.49454355239868164,0.5356400609016418,0.0,0.1554078459739685,1.1358036994934082,1.028344750404358,0.9761286973953247,0.9369948506355286,0.9646232724189758,0.9700232744216919,1.0051870346069336,1.2800356149673462,1.1208655834197998,1.1845885515213013,1.136042833328247,0.9001681804656982,1.0200750827789307,0.9798673391342163,0.9577406644821167,1.224682092666626,1.0136265754699707,0.5519629716873169,0.907188892364502,1.0334806442260742,0.9171878695487976,0.8407464027404785,1.1169971227645874,0.9656969308853149,1.3201730251312256,1.1486717462539673,0.831723690032959,0.96412593126297,0.8576014041900635,1.399094820022583,1.2585681676864624,1.2541277408599854,1.0966649055480957,0.8936247825622559,1.1136270761489868,1.202469825744629,1.2165127992630005,1.259118914604187,1.347437858581543,1.3443456888198853,1.3290401697158813,1.0960297584533691,1.2923706769943237,1.1505930423736572,1.2903012037277222,0.6512066125869751,0.6375940442085266,1.1534587144851685,0.8545531034469604,0.6530248522758484,0.6564334630966187
bathtub,1.0301332473754883,1.241485834121704,1.318621039390564,1.0183396339416504,0.9514169692993164,0.8379111886024475,1.1665027141571045,1.327674150466919,1.310258150100708,0.8278931379318237,0.6408861875534058,0.6240513920783997,0.7180441617965698,0.5805339813232422,0.6365365982055664,0.5118775963783264,0.638451874256134,0.7541610598564148,0.6695342659950256,0.5116927623748779,0.6033545732498169,0.1554078459739685,0.0,1.1007977724075317,0.8387290239334106,0.7958534359931946,0.7982039451599121,0.7802388668060303,0.8014122247695923,0.8252055048942566,1.3120648860931396,1.134539246559143,1.20989990234375,1.2146894931793213,0.7631257772445679,0.9625240564346313,0.9890060424804688,1.0238994359970093,1.1861492395401,1.0068861246109009,0.6921237707138062,0.857957124710083,0.9444118738174438,0.8956149220466614,0.8660329580307007,1.0993529558181763,1.0068469047546387,1.3238778114318848,1.2097373008728027,0.9110304117202759,1.1893641948699951,1.1066932678222656,1.4085863828659058,1.3187477588653564,1.3305152654647827,1.188959002494812,0.9733946919441223,1.2136812210083008,1.2763333320617676,1.2812169790267944,1.3100310564041138,1.3567001819610596,1.3674789667129517,1.3758515119552612,1.206228256225586,1.321959137916565,1.132403016090393,1.379805326461792,0.8838460445404053,0.8764201402664185,1.2396934032440186,1.0551658868789673,0.7628394365310669,0.7845724821090698
car,0.9056375026702881,0.831379771232605,0.9897882342338562,0.9457238912582397,0.9463059902191162,1.242122769355774,1.1456544399261475,1.0400222539901733,1.0539991855621338,1.023942232131958,1.0345568656921387,0.9759888052940369,1.0558240413665771,1.134799599647522,1.0655266046524048,1.0760480165481567,1.0885233879089355,0.8969386219978333,1.0093648433685303,1.0656814575195312,1.0351288318634033,1.1358036994934082,1.1007977724075317,0.0,1.012390375137329,1.0763802528381348,1.222345232963562,1.1612684726715088,1.1097849607467651,1.0618411302566528,0.9006996154785156,0.9678648710250854,1.209185242652893,1.0977606773376465,1.1089972257614136,1.0074772834777832,1.0680513381958008,1.0248117446899414,0.8766125440597534,0.9601525664329529,1.1405377388000488,1.0572729110717773,1.0403831005096436,1.0119304656982422,1.0817906856536865,0.9608346819877625,0.9189600944519043,0.8342552781105042,0.9422255754470825,1.139656662940979,0.9318194389343262,1.0148983001708984,0.8419632911682129,0.8310419321060181,0.8199154734611511,0.8130410313606262,1.2202281951904297,0.9809854626655579,0.9092099666595459,0.9027910232543945,0.9274632930755615,0.8753862380981445,0.9287209510803223,0.873538613319397,1.0667569637298584,0.9083354473114014,0.8687153458595276,0.9140393137931824,1.0139944553375244,1.0957999229431152,0.9070112705230713,1.0493881702423096,1.1515257358551025,1.067668080329895
jacket,0.8534104228019714,1.2462078332901,1.128678560256958,0.7862727642059326,0.6695730686187744,0.6571956872940063,0.9990260004997253,1.1801691055297852,1.1843082904815674,1.1526899337768555,1.0383774042129517,0.8765783309936523,0.9381611943244934,0.8326117396354675,0.6053184270858765,0.6233364343643188,0.9268372654914856,0.8394069671630859,0.8746393918991089,0.8204473853111267,0.874781608581543,1.028344750404358,0.8387290239334106,1.012390375137329,0.0,0.2145976424217224,0.413826584815979,0.36661237478256226,0.2621201276779175,0.24935144186019897,1.2096545696258545,0.969290018081665,1.005803108215332,0.8868719339370728,0.5990577936172485,0.897209644317627,0.8695312738418579,1.1064649820327759,1.031987190246582,1.1058281660079956,1.168809413909912,1.0374606847763062,0.912124752998352,1.0041760206222534,1.1355499029159546,0.8358950614929199,1.0513889789581299,0.9940008521080017,1.012402892112732,1.0394731760025024,1.3452305793762207,1.407639741897583,1.2921077013015747,1.3045976161956787,1.3009858131408691,1.2822036743164062,1.1365342140197754,1.3269546031951904,1.2984333038330078,1.313460350036621,1.3582794666290283,1.2893800735473633,1.2929606437683105,1.3229883909225464,1.2829421758651733,1.246441125869751,1.1175141334533691,1.3597543239593506,1.3687688112258911,1.4066439867019653,1.2428479194641113,1.3744724988937378,1.1920528411865234,1.0805106163024902
shirt,0.8765363693237305,1.2440720796585083,1.0031967163085938,0.6169460415840149,0.5919909477233887,0.4808052182197571,0.8856872320175171,1.0982887744903564,1.0823994874954224,1.1271545886993408,1.0927734375,0.9145858287811279,0.9815428256988525,0.7978606224060059,0.6257184743881226,0.6212206482887268,0.9203006029129028,0.8266624212265015,0.8844208717346191,0.8363761901855469,0.9081056118011475,0.9761286973953247,0.7958534359931946,1.0763802528381348,0.2145976424217224,0.0,0.2905311584472656,0.2814929485321045,0.3272874355316162,0.2942303419113159,1.301527976989746,1.0821341276168823,1.0078507661819458,1.0056616067886353,0.6772188544273376,0.9756518006324768,1.0193586349487305,1.185538649559021,1.044075846672058,1.1227883100509644,1.1960320472717285,1.105488896369934,0.9131545424461365,0.9891605377197266,1.2095177173614502,1.03593111038208,1.018930196762085,1.0908609628677368,0.9532278180122375,1.055090308189392,1.359797477722168,1.404571771621704,1.357020378112793,1.365085482597351,1.3733803033828735,1.342492938041687,1.1292426586151123,1.328080654144287,1.287333369255066,1.2826037406921387,1.2694737911224365,1.2365045547485352,1.2882606983184814,1.2742698192596436,1.215461015701294,1.264756202697754,1.1930341720581055,1.35970139503479,1.3067272901535034,1.369214653968811,1.27950119972229,1.3117687702178955,1.2198479175567627,1.1153018474578857
bib,1.0055702924728394,1.251371145248413,1.1225186586380005,0.8192143440246582,0.7960681319236755,0.5722911357879639,0.9283919930458069,1.2040894031524658,1.1815277338027954,1.116542100906372,1.0587016344070435,1.0313485860824585,0.9837860465049744,0.8124901056289673,0.706041693687439,0.6516932845115662,0.7987666726112366,0.9577054381370544,1.0691699981689453,0.930612325668335,0.939300537109375,0.9369948506355286,0.7982039451599121,1.222345232963562,0.413826584815979,0.2905311584472656,0.0,0.28861939907073975,0.52309650182724,0.5678435564041138,1.295999526977539,1.0051606893539429,0.882598876953125,0.8806039690971375,0.5796314477920532,0.7876253128051758,0.7856329679489136,0.9349319934844971,0.9152047634124756,0.9555143713951111,0.995978593826294,0.9920580387115479,0.7421838641166687,0.8151723146438599,0.987489640712738,0.9130156636238098,1.0631450414657593,1.1428413391113281,1.0429483652114868,1.0116817951202393,1.3600925207138062,1.3402199745178223,1.4379379749298096,1.4867979288101196,1.4699206352233887,1.4504189491271973,1.0265438556671143,1.1721203327178955,1.3221673965454102,1.298076868057251,1.3265819549560547,1.3452188968658447,1.3458691835403442,1.3678600788116455,1.1492608785629272,1.2964320182800293,1.2125771045684814,1.3566814661026,1.158512830734253,1.2383980751037598,1.291892647743225,1.2113113403320312,1.0484007596969604,1.0872082710266113
pajamas,0.8955137729644775,1.2894939184188843,1.1868020296096802,0.8104478716850281,0.7648328542709351,0.5814216136932373,0.9796462059020996,1.2313536405563354,1.136629343032837,1.17891526222229,1.0383678674697876,0.8686254024505615,0.8857162594795227,0.7331072688102722,0.5064100027084351,0.4603880047798157,0.6919829845428467,0.8244721293449402,0.8799173831939697,0.8099055290222168,0.8562762141227722,0.9646232724189758,0.7802388668060303,1.1612684726715088,0.36661237478256226,0.2814929485321045,0.28861939907073975,0.0,0.33104610443115234,0.3757970333099365,1.2285569906234741,0.9541128277778625,0.8726998567581177,0.984697699546814,0.4854975938796997,0.7735036611557007,0.844693124294281,1.133833646774292,0.8852721452713013,0.9683365821838379,1.0949217081069946,1.0512806177139282,0.8134782314300537,1.0169456005096436,1.0575848817825317,1.0235249996185303,1.1153266429901123,1.21973717212677,1.046404242515564,1.0996023416519165,1.4353663921356201,1.4361324310302734,1.445756196975708,1.4738284349441528,1.4699000120162964,1.436295747756958,1.1297043561935425,1.3436267375946045,1.364485740661621,1.3466535806655884,1.4028246402740479,1.3732378482818604,1.3587313890457153,1.4145616292953491,1.2656123638153076,1.330603837966919,1.1475756168365479,1.4324977397918701,1.2969861030578613,1.3359599113464355,1.3350757360458374,1.2803632020950317,1.1459133625030518,1.1249871253967285
