,frog,nose,face,hair,arm,hand,finger,toe,lamp,drawer,chair,table,couch,bed,crib,window,door,refrigerator,oven,sink,bathtub,shirt,bib,pajamas,pants,slipper,shoe,sock,glove,blanket,pillow,towel,napkin,doll,toy,tray,box,book,paper,basket,purse,comb,hat,glasses,scissors,fork,spoon,crayon,pencil,pen,knife,toothbrush,gum,balloon,ball,egg,orange,apple,banana,plant,bread,plate,bowl,bottle,cup,bucket,can
frog,0.0,0.9127901792526245,0.8925831317901611,1.1464264392852783,1.3401435613632202,1.093009352684021,0.8935129046440125,0.8427150249481201,0.9834207892417908,1.0644479990005493,1.205879807472229,1.3227272033691406,1.2708115577697754,1.298160195350647,1.2306121587753296,1.1373307704925537,1.1409709453582764,1.137349009513855,1.2197723388671875,1.2722845077514648,1.2564449310302734,1.226702332496643,1.2422387599945068,1.253662109375,1.263120412826538,0.8263319730758667,1.045732021331787,1.2348817586898804,1.0255775451660156,1.2643661499023438,1.2274441719055176,1.0616122484207153,0.9565414190292358,0.8967555165290833,0.9426288604736328,1.2837872505187988,1.1083406209945679,1.0357308387756348,1.03077232837677,1.0822893381118774,0.9449446201324463,1.296000361442566,0.8680042624473572,0.854735255241394,1.1335382461547852,1.0238040685653687,0.9341481924057007,0.6862518191337585,0.7160934805870056,0.8152823448181152,0.8896092176437378,0.9821051359176636,1.0059130191802979,0.7163048982620239,0.8237053155899048,0.6360452771186829,0.6524543166160583,0.5902180671691895,0.5298488140106201,0.4735954999923706,0.8479950428009033,0.9429588317871094,1.0236616134643555,0.8786716461181641,1.039153814315796,1.0021170377731323,1.1811376810073853
nose,0.9127901792526245,0.0,0.4888629913330078,0.6599803566932678,0.9862579703330994,0.6976475715637207,0.5028035640716553,0.5431212186813354,1.0330408811569214,1.1234409809112549,1.2557275295257568,1.326598882675171,1.1688213348388672,1.245858907699585,1.2473138570785522,1.1022944450378418,1.1606478691101074,1.2323521375656128,1.2547975778579712,1.2526049613952637,1.2318124771118164,1.0487860441207886,1.0828676223754883,1.093506097793579,0.9173620343208313,0.8822417855262756,1.0164490938186646,1.1182825565338135,1.0704925060272217,1.2019628286361694,1.152721881866455,1.2513704299926758,1.1992368698120117,1.1312167644500732,1.2224642038345337,1.3913193941116333,1.1918632984161377,1.215479850769043,1.0873857736587524,1.2686827182769775,1.1405106782913208,1.0365629196166992,0.7187938690185547,0.25622689723968506,1.2125911712646484,1.1683977842330933,1.1130315065383911,0.8213968276977539,0.8297105431556702,0.9205751419067383,1.02096688747406,1.1251275539398193,1.030853509902954,0.8675529360771179,0.989267885684967,0.6783367395401001,0.7682953476905823,0.8430680632591248,0.8983457088470459,0.9297022819519043,0.8981358408927917,1.1839022636413574,1.1972649097442627,1.077967882156372,1.1465046405792236,1.2432512044906616,1.102919101715088
face,0.8925831317901611,0.4888629913330078,0.0,0.6282006502151489,0.9175654649734497,0.9197970032691956,0.8733468651771545,0.8577385544776917,0.9763485193252563,1.2536677122116089,1.1277284622192383,1.0550066232681274,0.9073866605758667,0.9768326282501221,1.1212882995605469,0.9563885927200317,1.0524133443832397,1.0486180782318115,1.034536361694336,1.154090166091919,1.1128891706466675,0.8230873346328735,0.9167158007621765,0.9778491258621216,0.8446839451789856,1.132556438446045,1.1397247314453125,1.1368038654327393,1.1711225509643555,1.0181533098220825,1.0681754350662231,1.2707512378692627,1.2708756923675537,0.9973917603492737,1.1232692003250122,1.1851917505264282,1.1329888105392456,1.113005518913269,1.0950043201446533,1.274848461151123,1.1753517389297485,1.0011615753173828,0.7712914943695068,0.5556765794754028,1.2681015729904175,1.1922602653503418,1.2557051181793213,1.0402616262435913,1.0542265176773071,1.151848316192627,1.2032363414764404,1.189908504486084,1.102695107460022,0.9488977789878845,0.9866800308227539,0.8713775873184204,0.9596941471099854,0.9670897126197815,0.9985482096672058,1.0143017768859863,1.0302889347076416,1.1060272455215454,1.2355530261993408,1.1379168033599854,1.1794384717941284,1.24782133102417,1.1584757566452026
hair,1.1464264392852783,0.6599803566932678,0.6282006502151489,0.0,0.6191846132278442,0.7692058086395264,0.9305737018585205,0.930141806602478,1.0317153930664062,1.185424566268921,1.0737671852111816,0.9481462240219116,0.8391959071159363,0.8571841716766357,1.0371564626693726,0.8593263030052185,0.9885120987892151,1.014054298400879,1.0172407627105713,1.0171489715576172,0.9681316614151001,0.6146653890609741,0.6922474503517151,0.7599654793739319,0.7311256527900696,1.1286134719848633,1.0401818752288818,0.9031344652175903,1.0476558208465576,0.8599095344543457,0.9200850129127502,1.1046932935714722,1.275909662246704,1.0072319507598877,1.1605148315429688,1.0794363021850586,1.1677895784378052,1.0504589080810547,1.1212657690048218,1.2373946905136108,1.145402431488037,0.7960289716720581,0.7248525619506836,0.709357738494873,1.0788675546646118,1.1187191009521484,1.206355094909668,1.2258148193359375,1.1883350610733032,1.1638221740722656,1.1792490482330322,1.175354242324829,1.0775667428970337,1.180381417274475,1.0692527294158936,1.1618750095367432,1.1957125663757324,1.1967527866363525,1.190626621246338,1.1217308044433594,1.0673989057540894,1.2082905769348145,1.2358050346374512,1.1830036640167236,1.2215535640716553,1.31658935546875,1.148413062095642
arm,1.3401435613632202,0.9862579703330994,0.9175654649734497,0.6191846132278442,0.0,0.521381139755249,0.8231738805770874,0.8351338505744934,1.0881693363189697,1.147112488746643,0.9705315828323364,0.7736106514930725,0.603506326675415,0.6158210635185242,1.0011961460113525,0.9176728129386902,0.9690619707107544,0.9350752234458923,0.8861575126647949,0.8796441555023193,0.8406952619552612,0.4221445322036743,0.569512665271759,0.5215775370597839,0.530909538269043,1.1944787502288818,1.052201271057129,0.6527315378189087,0.7941635847091675,0.6853621602058411,0.6601393222808838,1.0274533033370972,1.127125859260559,1.0142580270767212,1.2083535194396973,0.979920506477356,1.1317698955535889,1.0109872817993164,1.0451778173446655,1.2729532718658447,1.2231374979019165,0.8224887847900391,1.1312990188598633,1.034958839416504,1.1090056896209717,1.0962482690811157,1.2578977346420288,1.3339107036590576,1.2690978050231934,1.1681420803070068,1.2239313125610352,1.1146248579025269,1.041737675666809,1.3470134735107422,1.2212425470352173,1.3040034770965576,1.320989727973938,1.3316922187805176,1.324995994567871,1.2571057081222534,1.0689605474472046,1.310814380645752,1.3606593608856201,1.2946460247039795,1.2268528938293457,1.353952407836914,1.0339438915252686
hand,1.093009352684021,0.6976475715637207,0.9197970032691956,0.7692058086395264,0.521381139755249,0.0,0.2815883159637451,0.3800845146179199,1.1092631816864014,1.0604345798492432,1.1626098155975342,1.1293811798095703,1.0702255964279175,1.108835220336914,1.133620262145996,1.0778274536132812,1.0596058368682861,1.1553291082382202,1.1545133590698242,0.9910008907318115,1.0663938522338867,0.9024626612663269,0.9439952373504639,0.9349381923675537,0.9327433109283447,0.9296376705169678,1.0004631280899048,0.7889299392700195,0.587883710861206,1.0460314750671387,1.0096251964569092,1.1729257106781006,1.1288055181503296,0.9688233733177185,1.1150106191635132,1.090492606163025,1.1828742027282715,1.0670815706253052,0.9695113897323608,1.22571861743927,1.1831159591674805,0.8613907098770142,1.0347236394882202,0.7960074543952942,1.0629199743270874,0.9513401985168457,1.0432848930358887,1.1129480600357056,1.072465181350708,0.8154317736625671,1.062103509902954,1.0763137340545654,0.7928962707519531,1.1514010429382324,1.0941452980041504,1.0853010416030884,1.0510773658752441,1.0587912797927856,1.161731481552124,1.152811050415039,0.9523274302482605,1.1695817708969116,1.1583173274993896,1.194385290145874,1.081203579902649,1.2491512298583984,1.1343294382095337
finger,0.8935129046440125,0.5028035640716553,0.8733468651771545,0.9305737018585205,0.8231738805770874,0.2815883159637451,0.0,0.1498044729232788,1.051193356513977,1.074953317642212,1.2369087934494019,1.3969018459320068,1.2460137605667114,1.3438894748687744,1.3113822937011719,1.1695562601089478,1.196021318435669,1.338331699371338,1.369349479675293,1.2922860383987427,1.2596502304077148,1.1484686136245728,1.2580516338348389,1.1831753253936768,1.01383376121521,0.6797453761100769,0.9913151264190674,0.9752717614173889,0.7931032776832581,1.2462360858917236,1.1987481117248535,1.2510099411010742,1.1182119846343994,1.0941791534423828,1.2529805898666382,1.3984161615371704,1.2264788150787354,1.2280205488204956,1.0196512937545776,1.2035491466522217,1.1330955028533936,1.065679669380188,0.8861395716667175,0.6283918023109436,1.1858477592468262,1.0086936950683594,0.9839555025100708,0.6438467502593994,0.6794788837432861,0.593659520149231,0.8232792019844055,1.0092945098876953,0.8756241798400879,0.7943295836448669,0.9659990668296814,0.6357351541519165,0.6706663370132446,0.7235199213027954,0.8376801013946533,0.8041452169418335,0.7305808067321777,1.1980866193771362,1.2109194993972778,1.0167237520217896,1.1142940521240234,1.2440435886383057,1.1021709442138672
toe,0.8427150249481201,0.5431212186813354,0.8577385544776917,0.930141806602478,0.8351338505744934,0.3800845146179199,0.1498044729232788,0.0,1.1006958484649658,1.0482850074768066,1.2108711004257202,1.3845479488372803,1.2203681468963623,1.3006550073623657,1.2737212181091309,1.2049248218536377,1.195265293121338,1.3047163486480713,1.373997449874878,1.2861683368682861,1.24516761302948,1.1324656009674072,1.2509050369262695,1.1366686820983887,1.0045809745788574,0.42297041416168213,0.7202688455581665,0.9074018001556396,0.7806419134140015,1.2466856241226196,1.206527829170227,1.2109785079956055,1.105217456817627,1.0041288137435913,1.1881308555603027,1.3881319761276245,1.1937776803970337,1.2182563543319702,1.0810519456863403,1.1116336584091187,1.0004985332489014,1.1263446807861328,0.8457434177398682,0.6127740144729614,1.1819897890090942,1.0313302278518677,0.9818772077560425,0.7294833064079285,0.7518094182014465,0.6691721081733704,0.9069586992263794,1.0359307527542114,1.005774974822998,0.8230063915252686,0.9767155647277832,0.7003998756408691,0.7066227197647095,0.7565629482269287,0.8171859979629517,0.8024922013282776,0.769736111164093,1.186120867729187,1.1834927797317505,0.9729463458061218,1.102144479751587,1.1753112077713013,1.1414399147033691
lamp,0.9834207892417908,1.0330408811569214,0.9763485193252563,1.0317153930664062,1.0881693363189697,1.1092631816864014,1.051193356513977,1.1006958484649658,0.0,0.7969560027122498,0.8926560878753662,1.0013378858566284,1.0499860048294067,1.0574095249176025,1.1400389671325684,0.4622565507888794,0.6498838663101196,0.9617151021957397,0.8621743321418762,0.9279628992080688,0.8626750111579895,1.0797938108444214,1.1753607988357544,1.1816235780715942,1.0874446630477905,1.1162776947021484,1.151983380317688,1.110950231552124,1.1158336400985718,1.0544395446777344,1.0726560354232788,0.9323855042457581,0.8822826147079468,1.1822317838668823,1.2009661197662354,1.143717646598816,0.8794327974319458,1.0628174543380737,0.7207874059677124,1.0086417198181152,1.0954136848449707,0.7540249824523926,1.0297116041183472,1.0129435062408447,0.948246955871582,0.9071264266967773,0.9112653732299805,0.8735924959182739,0.8186266422271729,0.869462251663208,0.8273788094520569,0.7904682755470276,0.9913049340248108,0.907416820526123,1.021100401878357,1.0593165159225464,1.0678982734680176,1.066258430480957,0.9657325148582458,0.8694139122962952,1.072147250175476,1.0019551515579224,1.0752853155136108,0.9820839166641235,1.0547107458114624,1.096428394317627,0.816530704498291
drawer,1.0644479990005493,1.1234409809112549,1.2536677122116089,1.185424566268921,1.147112488746643,1.0604345798492432,1.074953317642212,1.0482850074768066,0.7969560027122498,0.0,0.8296520113945007,0.9454922676086426,1.1118156909942627,1.0592586994171143,0.923860490322113,0.7773370742797852,0.5002318024635315,0.6730307936668396,0.6308469772338867,0.5801066160202026,0.6310336589813232,1.1958812475204468,1.1816699504852295,1.2241041660308838,1.1518337726593018,0.9622096419334412,1.011933445930481,1.1879620552062988,1.1055421829223633,1.1634578704833984,1.129253625869751,0.9404217004776001,0.8604671359062195,1.0431368350982666,1.0196114778518677,0.8117603659629822,0.6743262410163879,0.9416113495826721,0.7751524448394775,0.78839510679245,0.8823356628417969,0.9036308526992798,1.1229428052902222,1.0108404159545898,0.6400681734085083,0.6887339353561401,0.7004961371421814,0.987924337387085,0.8513833284378052,0.7262507677078247,0.6749843955039978,0.7766674757003784,1.0357813835144043,1.0541874170303345,1.1269925832748413,1.2010729312896729,1.1380269527435303,1.0468506813049316,1.0576728582382202,1.0325757265090942,1.2047176361083984,0.9327102899551392,0.9155017733573914,1.0016212463378906,1.0280232429504395,0.900968611240387,0.7425073981285095
chair,1.205879807472229,1.2557275295257568,1.1277284622192383,1.0737671852111816,0.9705315828323364,1.1626098155975342,1.2369087934494019,1.2108711004257202,0.8926560878753662,0.8296520113945007,0.0,0.2889915704727173,0.684226393699646,0.7313977479934692,0.5531095266342163,0.7563836574554443,0.6451519727706909,0.6912505626678467,0.7660531997680664,0.8909828662872314,0.9010268449783325,0.9367430210113525,1.043694019317627,0.9280270934104919,0.9264770150184631,1.100575566291809,1.0102260112762451,1.0093603134155273,1.1745715141296387,0.837178111076355,0.7897697687149048,0.8474173545837402,0.9714643955230713,1.002821922302246,0.9375509023666382,0.8564285039901733,0.6836880445480347,0.9077799320220947,0.9796566963195801,0.7506822347640991,0.8652396202087402,0.9603354930877686,1.1345547437667847,1.1724631786346436,0.9437864422798157,0.9492381811141968,1.0687260627746582,1.1932694911956787,1.1379610300064087,1.1253958940505981,1.1282116174697876,0.9797305464744568,1.2623498439788818,1.27340567111969,1.2405531406402588,1.263803243637085,1.2139112949371338,1.2474792003631592,1.1411601305007935,1.0514782667160034,1.1356828212738037,1.0925968885421753,1.0490695238113403,0.9813063144683838,0.9687192440032959,0.8879601359367371,0.7937959432601929
table,1.3227272033691406,1.326598882675171,1.0550066232681274,0.9481462240219116,0.7736106514930725,1.1293811798095703,1.3969018459320068,1.3845479488372803,1.0013378858566284,0.9454922676086426,0.2889915704727173,0.0,0.5262191295623779,0.4772983193397522,0.5602031350135803,0.7230532169342041,0.7050051689147949,0.5852885842323303,0.5928495526313782,0.6592883467674255,0.6862757205963135,0.6702612638473511,0.8089643120765686,0.6886154413223267,0.8695713877677917,1.3447660207748413,1.1186600923538208,0.9070354104042053,1.1826646327972412,0.6822064518928528,0.7731695175170898,0.9384575486183167,1.0918461084365845,0.9570940136909485,0.9189620018005371,0.5902519822120667,0.7706471681594849,0.8206925988197327,0.9589980840682983,0.8938866853713989,1.0991541147232056,0.9276090264320374,1.2579715251922607,1.2650995254516602,0.9881024956703186,0.9795253276824951,1.1598237752914429,1.4163556098937988,1.3630194664001465,1.3034892082214355,1.277953028678894,1.0345089435577393,1.1994086503982544,1.35764741897583,1.189812183380127,1.4074878692626953,1.3703460693359375,1.3719136714935303,1.3164693117141724,1.2609153985977173,1.197049617767334,0.9239201545715332,0.9599153995513916,1.145065426826477,0.9650404453277588,0.9746317267417908,0.8546613454818726
couch,1.2708115577697754,1.1688213348388672,0.9073866605758667,0.8391959071159363,0.603506326675415,1.0702255964279175,1.2460137605667114,1.2203681468963623,1.0499860048294067,1.1118156909942627,0.684226393699646,0.5262191295623779,0.0,0.1673269271850586,0.7158186435699463,0.75007164478302,0.8209468126296997,0.8279256820678711,0.7635913491249084,0.9005956053733826,0.8101414442062378,0.5756576061248779,0.7196120023727417,0.4750400185585022,0.6318325996398926,1.2145127058029175,1.047003984451294,0.8813860416412354,1.102108120918274,0.27489930391311646,0.26788902282714844,0.8037647008895874,1.0254908800125122,0.9470811486244202,1.0455102920532227,0.9361258745193481,0.9696035385131836,0.9294637441635132,1.1064000129699707,1.0654149055480957,1.063245177268982,0.934108316898346,1.1033998727798462,1.175906777381897,1.2795692682266235,1.3103444576263428,1.41571044921875,1.3758583068847656,1.3674976825714111,1.41402006149292,1.3473944664001465,1.2920668125152588,1.2273664474487305,1.3348561525344849,1.1787775754928589,1.3557612895965576,1.3987438678741455,1.399774193763733,1.3243794441223145,1.2514017820358276,1.227723240852356,1.288081407546997,1.2816952466964722,1.2803857326507568,1.2958062887191772,1.2564846277236938,1.0725698471069336
bed,1.298160195350647,1.245858907699585,0.9768326282501221,0.8571841716766357,0.6158210635185242,1.108835220336914,1.3438894748687744,1.3006550073623657,1.0574095249176025,1.0592586994171143,0.7313977479934692,0.4772983193397522,0.1673269271850586,0.0,0.6062099933624268,0.7158530950546265,0.757881760597229,0.745577335357666,0.6457629799842834,0.7564661502838135,0.6592540740966797,0.5384799242019653,0.6144000291824341,0.35595250129699707,0.6773126721382141,1.2670507431030273,1.0535837411880493,0.8412065505981445,1.1032650470733643,0.14947408437728882,0.2535189986228943,0.635469377040863,0.8862525820732117,0.9114933013916016,1.0295841693878174,0.7922354936599731,0.963707447052002,0.8886752724647522,1.03933584690094,0.9875413179397583,1.0875743627548218,0.8992328643798828,1.1325109004974365,1.227949857711792,1.2071309089660645,1.2422653436660767,1.3825017213821411,1.4453139305114746,1.4308325052261353,1.443424940109253,1.3773304224014282,1.2520153522491455,1.2128002643585205,1.365109920501709,1.1968834400177002,1.417893648147583,1.4328380823135376,1.4544801712036133,1.386825442314148,1.327265739440918,1.2728655338287354,1.1872377395629883,1.2153774499893188,1.300803542137146,1.2750191688537598,1.2191075086593628,1.078707218170166
crib,1.2306121587753296,1.2473138570785522,1.1212882995605469,1.0371564626693726,1.0011961460113525,1.133620262145996,1.3113822937011719,1.2737212181091309,1.1400389671325684,0.923860490322113,0.5531095266342163,0.5602031350135803,0.7158186435699463,0.6062099933624268,0.0,0.8825207948684692,0.8115894794464111,0.6240423917770386,0.7616742849349976,0.8811470866203308,0.9018760323524475,0.9635293483734131,0.8597400188446045,0.6802291870117188,1.0499262809753418,1.1913316249847412,1.022298812866211,0.9847267866134644,1.149143934249878,0.7659081220626831,0.8302399516105652,0.921058177947998,1.0552499294281006,0.6092401742935181,0.5684688687324524,0.7162054777145386,0.7387443780899048,0.8104212880134583,1.1280360221862793,0.6372087001800537,0.9710180759429932,0.8728764057159424,1.1406348943710327,1.242240071296692,1.0160243511199951,1.0896875858306885,1.220066785812378,1.3460814952850342,1.3604464530944824,1.3256056308746338,1.2708747386932373,1.116270661354065,1.1031838655471802,1.3128159046173096,1.1990456581115723,1.2860474586486816,1.3025975227355957,1.2715812921524048,1.2637014389038086,1.232035756111145,1.209700345993042,1.0967994928359985,1.009436011314392,1.103864073753357,0.9951707720756531,0.876775324344635,1.0665429830551147
window,1.1373307704925537,1.1022944450378418,0.9563885927200317,0.8593263030052185,0.9176728129386902,1.0778274536132812,1.1695562601089478,1.2049248218536377,0.4622565507888794,0.7773370742797852,0.7563836574554443,0.7230532169342041,0.75007164478302,0.7158530950546265,0.8825207948684692,0.0,0.33316266536712646,0.7170560359954834,0.6069262027740479,0.8254022598266602,0.6943449974060059,0.8411877155303955,0.9897629022598267,0.9077601432800293,0.9593518972396851,1.2585365772247314,1.180733323097229,1.1164908409118652,1.1865479946136475,0.7935522794723511,0.8568286299705505,0.8051832914352417,0.9454454779624939,1.1003230810165405,1.1343753337860107,0.9583154916763306,0.8489988446235657,0.9989502429962158,0.7997636795043945,0.9518890976905823,1.1001038551330566,0.6431315541267395,1.0903791189193726,1.019885778427124,1.0210508108139038,1.0190494060516357,1.1073073148727417,1.1477749347686768,1.0458006858825684,1.071360468864441,1.0165596008300781,0.9781274795532227,1.1460384130477905,1.173008680343628,1.1855014562606812,1.3024060726165771,1.307414174079895,1.2566583156585693,1.1872806549072266,1.0062402486801147,1.2361016273498535,1.0667446851730347,1.1296569108963013,1.1230812072753906,1.119296669960022,1.131013035774231,0.8371806144714355
door,1.1409709453582764,1.1606478691101074,1.0524133443832397,0.9885120987892151,0.9690619707107544,1.0596058368682861,1.196021318435669,1.195265293121338,0.6498838663101196,0.5002318024635315,0.6451519727706909,0.7050051689147949,0.8209468126296997,0.757881760597229,0.8115894794464111,0.33316266536712646,0.0,0.49432551860809326,0.41321122646331787,0.628919780254364,0.5987612009048462,0.9249306321144104,0.9993252158164978,0.9784476161003113,0.9376211762428284,1.2282302379608154,1.1504393815994263,1.106142282485962,1.2016994953155518,0.8939563632011414,0.8987979888916016,0.8489543199539185,0.9705412983894348,1.0974042415618896,1.128224492073059,0.8613643646240234,0.7348616719245911,0.967674732208252,0.8390864133834839,0.8898171782493591,0.9767432808876038,0.6943333148956299,1.186692714691162,1.1190541982650757,0.9530091285705566,0.943498432636261,1.042731523513794,1.2517056465148926,1.1382137537002563,1.0657687187194824,1.0103099346160889,0.9346471428871155,1.1541366577148438,1.2369269132614136,1.213775873184204,1.3448920249938965,1.3039019107818604,1.2581372261047363,1.2180283069610596,1.0874156951904297,1.2300652265548706,1.0656933784484863,1.1109122037887573,1.1010653972625732,1.1366440057754517,1.048528790473938,0.738968551158905
refrigerator,1.137349009513855,1.2323521375656128,1.0486180782318115,1.014054298400879,0.9350752234458923,1.1553291082382202,1.338331699371338,1.3047163486480713,0.9617151021957397,0.6730307936668396,0.6912505626678467,0.5852885842323303,0.8279256820678711,0.745577335357666,0.6240423917770386,0.7170560359954834,0.49432551860809326,0.0,0.26986950635910034,0.6511114835739136,0.7065179944038391,0.8418709635734558,0.8495486974716187,0.853134274482727,0.948620080947876,1.2939846515655518,1.0997487306594849,1.1224164962768555,1.194169521331787,0.9293310642242432,0.9658752679824829,0.9410073161125183,1.0607198476791382,0.947288453578949,0.8798359036445618,0.6636855602264404,0.7471779584884644,0.7599230408668518,0.9205993413925171,0.8455438017845154,1.0499393939971924,0.905476987361908,1.2197785377502441,1.1858731508255005,0.9623810648918152,0.9407742619514465,1.1097338199615479,1.2868810892105103,1.2879000902175903,1.2392419576644897,1.2090692520141602,0.9825179576873779,1.1166713237762451,1.320241928100586,1.239989995956421,1.2793502807617188,1.2235336303710938,1.1776888370513916,1.1095556020736694,1.125413417816162,1.2144445180892944,0.9736740589141846,1.0002800226211548,1.0988922119140625,1.03036630153656,0.9511357545852661,0.804785966873169
oven,1.2197723388671875,1.2547975778579712,1.034536361694336,1.0172407627105713,0.8861575126647949,1.1545133590698242,1.369349479675293,1.373997449874878,0.8621743321418762,0.6308469772338867,0.7660531997680664,0.5928495526313782,0.7635913491249084,0.6457629799842834,0.7616742849349976,0.6069262027740479,0.41321122646331787,0.26986950635910034,0.0,0.4844678044319153,0.5292326807975769,0.824808657169342,0.8552408218383789,0.8436323404312134,0.8750199675559998,1.3569344282150269,1.174033284187317,0.9818284511566162,1.074575424194336,0.7608163952827454,0.8312239646911621,0.7681828737258911,0.9248158931732178,1.0308313369750977,1.0422929525375366,0.6418635249137878,0.789871096611023,0.9315146803855896,0.9001110792160034,0.8741636872291565,1.099797010421753,0.7179821729660034,1.2452809810638428,1.2332738637924194,0.9218968152999878,0.92897629737854,1.1069422960281372,1.360794186592102,1.3178210258483887,1.2794873714447021,1.1341900825500488,0.9526176452636719,1.1127952337265015,1.3422356843948364,1.2756673097610474,1.3553271293640137,1.3182764053344727,1.2585606575012207,1.2056946754455566,1.200679898262024,1.1739882230758667,0.9597992300987244,0.9956759214401245,1.1875793933868408,1.100825309753418,0.9820917248725891,0.676791787147522
sink,1.2722845077514648,1.2526049613952637,1.154090166091919,1.0171489715576172,0.8796441555023193,0.9910008907318115,1.2922860383987427,1.2861683368682861,0.9279628992080688,0.5801066160202026,0.8909828662872314,0.6592883467674255,0.9005956053733826,0.7564661502838135,0.8811470866203308,0.8254022598266602,0.628919780254364,0.6511114835739136,0.4844678044319153,0.0,0.14486247301101685,0.898954451084137,0.9059017896652222,0.9387872219085693,1.00982666015625,1.2400147914886475,1.1100804805755615,0.873897910118103,0.9887038469314575,0.9294365644454956,0.9998539090156555,0.9480962157249451,0.9629082679748535,0.9906743764877319,0.9535399675369263,0.40822821855545044,0.9148122072219849,0.9531057476997375,0.8860698938369751,0.9074792265892029,1.1422498226165771,0.7172539234161377,1.3016732931137085,1.2253527641296387,0.6678909063339233,0.6557811498641968,0.7476728558540344,1.4079077243804932,1.3058738708496094,1.1225405931472778,1.0250612497329712,0.7975556254386902,0.9093711376190186,1.269416332244873,1.160254955291748,1.382265329360962,1.3392058610916138,1.3166282176971436,1.3278908729553223,1.3674278259277344,1.3059831857681274,0.700844407081604,0.6256134510040283,1.041939616203308,0.8331012725830078,0.7176551222801208,0.6301102638244629
bathtub,1.2564449310302734,1.2318124771118164,1.1128891706466675,0.9681316614151001,0.8406952619552612,1.0663938522338867,1.2596502304077148,1.24516761302948,0.8626750111579895,0.6310336589813232,0.9010268449783325,0.6862757205963135,0.8101414442062378,0.6592540740966797,0.9018760323524475,0.6943449974060059,0.5987612009048462,0.7065179944038391,0.5292326807975769,0.14486247301101685,0.0,0.8381392359733582,0.9040470123291016,0.8832579851150513,0.9248316287994385,1.2256258726119995,1.1233237981796265,0.9783166646957397,1.1101256608963013,0.8608094453811646,0.9649342894554138,0.9232825636863708,0.9580326080322266,1.0454696416854858,1.037282943725586,0.5305855870246887,0.9716073274612427,0.9807258248329163,0.8815697431564331,0.9260256886482239,1.150510311126709,0.7314258217811584,1.2444753646850586,1.2066634893417358,0.7916364669799805,0.8409630060195923,0.8841145038604736,1.3095158338546753,1.209076166152954,1.1484874486923218,1.0089476108551025,0.827280580997467,1.0189059972763062,1.2518916130065918,1.1793465614318848,1.3373122215270996,1.341170072555542,1.3380191326141357,1.2983596324920654,1.2681279182434082,1.2840425968170166,0.7891308069229126,0.7475734353065491,1.0984119176864624,0.9851338863372803,0.8134715557098389,0.6511532068252563
shirt,1.226702332496643,1.0487860441207886,0.8230873346328735,0.6146653890609741,0.4221445322036743,0.9024626612663269,1.1484686136245728,1.1324656009674072,1.0797938108444214,1.1958812475204468,0.9367430210113525,0.6702612638473511,0.5756576061248779,0.5384799242019653,0.9635293483734131,0.8411877155303955,0.9249306321144104,0.8418709635734558,0.824808657169342,0.898954451084137,0.8381392359733582,0.0,0.30578672885894775,0.37748897075653076,0.42128294706344604,1.2716296911239624,1.0390218496322632,0.8438398838043213,1.0638108253479004,0.5616092085838318,0.6863918900489807,0.9219452142715454,1.1282635927200317,1.0078721046447754,1.0983277559280396,0.9165335297584534,1.0887372493743896,0.9769521355628967,1.0869239568710327,1.1753003597259521,1.056422233581543,0.9550669193267822,0.9460185766220093,1.0331898927688599,1.17509126663208,1.1826109886169434,1.3138506412506104,1.3866134881973267,1.347843885421753,1.327797293663025,1.3611923456192017,1.1947579383850098,1.1553722620010376,1.3022148609161377,1.1608392000198364,1.316754698753357,1.3489266633987427,1.3239588737487793,1.300084114074707,1.2360024452209473,1.259596347808838,1.1511553525924683,1.2239652872085571,1.2253888845443726,1.1489194631576538,1.2436870336532593,1.0700225830078125
bib,1.2422387599945068,1.0828676223754883,0.9167158007621765,0.6922474503517151,0.569512665271759,0.9439952373504639,1.2580516338348389,1.2509050369262695,1.1753607988357544,1.1816699504852295,1.043694019317627,0.8089643120765686,0.7196120023727417,0.6144000291824341,0.8597400188446045,0.9897629022598267,0.9993252158164978,0.8495486974716187,0.8552408218383789,0.9059017896652222,0.9040470123291016,0.30578672885894775,0.0,0.30444252490997314,0.6188139915466309,1.2678563594818115,0.955312967300415,0.7786294221878052,0.9300746917724609,0.5916979908943176,0.63169926404953,0.7755017280578613,0.9324825406074524,0.8275086879730225,0.9630197286605835,0.8359696865081787,1.0894896984100342,0.900065541267395,1.0197299718856812,1.158515214920044,0.9812328219413757,0.9485884308815002,0.9541133046150208,1.1102946996688843,1.0497208833694458,1.1687662601470947,1.2832183837890625,1.394091010093689,1.4247750043869019,1.374648094177246,1.3660602569580078,1.1819849014282227,1.0125198364257812,1.3569453954696655,1.1956608295440674,1.3587415218353271,1.3526229858398438,1.355269193649292,1.322228193283081,1.3255000114440918,1.2515788078308105,1.122187614440918,1.1784048080444336,1.2413952350616455,1.113230586051941,1.211426854133606,1.17958402633667
pajamas,1.253662109375,1.093506097793579,0.9778491258621216,0.7599654793739319,0.5215775370597839,0.9349381923675537,1.1831753253936768,1.1366686820983887,1.1816235780715942,1.2241041660308838,0.9280270934104919,0.6886154413223267,0.4750400185585022,0.35595250129699707,0.6802291870117188,0.9077601432800293,0.9784476161003113,0.853134274482727,0.8436323404312134,0.9387872219085693,0.8832579851150513,0.37748897075653076,0.30444252490997314,0.0,0.5533177852630615,1.1847453117370605,0.9649352431297302,0.7201727628707886,1.0095446109771729,0.3659229278564453,0.4847007393836975,0.7223700284957886,1.0097546577453613,0.7054631114006042,0.8893682360649109,0.9190918207168579,1.1418607234954834,0.9247092604637146,1.1594598293304443,1.1099985837936401,1.0897035598754883,0.9117186069488525,1.0581128597259521,1.1219990253448486,1.1520628929138184,1.2234195470809937,1.3347222805023193,1.3987630605697632,1.430446743965149,1.3908308744430542,1.4155633449554443,1.2115219831466675,1.1216322183609009,1.3723199367523193,1.189059853553772,1.382901906967163,1.36960768699646,1.3917937278747559,1.3093680143356323,1.3209004402160645,1.245915412902832,1.2122935056686401,1.2310595512390137,1.259558081626892,1.1683995723724365,1.2528120279312134,1.1561270952224731
pants,1.263120412826538,0.9173620343208313,0.8446839451789856,0.7311256527900696,0.530909538269043,0.9327433109283447,1.01383376121521,1.0045809745788574,1.0874446630477905,1.1518337726593018,0.9264770150184631,0.8695713877677917,0.6318325996398926,0.6773126721382141,1.0499262809753418,0.9593518972396851,0.9376211762428284,0.948620080947876,0.8750199675559998,1.00982666015625,0.9248316287994385,0.42128294706344604,0.6188139915466309,0.5533177852630615,0.0,1.0627268552780151,0.8885968327522278,0.8208467364311218,1.047203779220581,0.623517632484436,0.5873398184776306,0.8458024263381958,1.069771409034729,1.096803069114685,1.2334647178649902,1.0917608737945557,1.1463313102722168,1.0836100578308105,1.1538331508636475,1.2359188795089722,1.0376461744308472,0.983447790145874,0.9285945296287537,0.9429256319999695,1.2164729833602905,1.2815190553665161,1.3316900730133057,1.2785670757293701,1.2807022333145142,1.2845840454101562,1.2371681928634644,1.2615621089935303,1.2137713432312012,1.3099124431610107,1.223973035812378,1.2209967374801636,1.241018533706665,1.3011715412139893,1.2249044179916382,1.1920017004013062,1.1858497858047485,1.3109509944915771,1.2814667224884033,1.2651753425598145,1.2367479801177979,1.2374789714813232,0.9306193590164185
slipper,0.8263319730758667,0.8822417855262756,1.132556438446045,1.1286134719848633,1.1944787502288818,0.9296376705169678,0.6797453761100769,0.42297041416168213,1.1162776947021484,0.9622096419334412,1.100575566291809,1.3447660207748413,1.2145127058029175,1.2670507431030273,1.1913316249847412,1.2585365772247314,1.2282302379608154,1.2939846515655518,1.3569344282150269,1.2400147914886475,1.2256258726119995,1.2716296911239624,1.2678563594818115,1.1847453117370605,1.0627268552780151,0.0,0.22691375017166138,0.7213099002838135,0.715109646320343,1.160068154335022,1.109273076057434,0.9237208366394043,0.8832823038101196,1.0523390769958496,1.0078990459442139,1.2404204607009888,1.0523635149002075,1.1381336450576782,1.1329180002212524,0.8420334458351135,0.7026796340942383,1.126285433769226,0.7241616249084473,0.8127644658088684,0.919379711151123,1.0035765171051025,0.8394918441772461,0.7035001516342163,0.759118378162384,0.7523881793022156,0.7570071816444397,1.0242091417312622,1.051657795906067,0.874343991279602,0.9585121870040894,0.8208625912666321,0.8186172246932983,0.86553955078125,0.7447959780693054,0.8043840527534485,0.8594188094139099,1.0676988363265991,0.988772988319397,0.8206702470779419,1.0083988904953003,0.9440914392471313,1.0918432474136353
shoe,1.045732021331787,1.0164490938186646,1.1397247314453125,1.0401818752288818,1.052201271057129,1.0004631280899048,0.9913151264190674,0.7202688455581665,1.151983380317688,1.011933445930481,1.0102260112762451,1.1186600923538208,1.047003984451294,1.0535837411880493,1.022298812866211,1.180733323097229,1.1504393815994263,1.0997487306594849,1.174033284187317,1.1100804805755615,1.1233237981796265,1.0390218496322632,0.955312967300415,0.9649352431297302,0.8885968327522278,0.22691375017166138,0.0,0.6250312328338623,0.7692198157310486,1.0085915327072144,0.945422351360321,0.8772479891777039,0.9551447629928589,1.0471553802490234,0.9318084716796875,1.0371812582015991,0.9606567621231079,0.9671881198883057,1.1384953260421753,0.7724834084510803,0.7195608615875244,1.028325080871582,0.7983314990997314,0.9244115352630615,0.9148023724555969,1.084084391593933,1.0168503522872925,1.0645861625671387,1.117971658706665,1.0428568124771118,0.9994168877601624,1.1517541408538818,1.0921604633331299,1.1536794900894165,1.045362949371338,1.1460306644439697,1.0884101390838623,1.1314510107040405,1.0261214971542358,1.0578433275222778,1.1245288848876953,1.1032196283340454,0.9879450798034668,0.9747174978256226,1.000227689743042,0.9419083595275879,1.1131091117858887
sock,1.2348817586898804,1.1182825565338135,1.1368038654327393,0.9031344652175903,0.6527315378189087,0.7889299392700195,0.9752717614173889,0.9074018001556396,1.110950231552124,1.1879620552062988,1.0093603134155273,0.9070354104042053,0.8813860416412354,0.8412065505981445,0.9847267866134644,1.1164908409118652,1.106142282485962,1.1224164962768555,0.9818284511566162,0.873897910118103,0.9783166646957397,0.8438398838043213,0.7786294221878052,0.7201727628707886,0.8208467364311218,0.7213099002838135,0.6250312328338623,0.0,0.4654690623283386,0.7575374245643616,0.7595903873443604,0.7648229598999023,0.8855620622634888,0.9536972641944885,0.9407811164855957,0.9425742626190186,1.084031581878662,0.99150151014328,1.077262282371521,1.0372711420059204,1.099101185798645,0.790343701839447,0.9831497073173523,1.1601539850234985,0.8789578080177307,1.0625159740447998,1.0527416467666626,1.2388752698898315,1.3093247413635254,1.1577298641204834,1.1745693683624268,0.968787431716919,0.7762092351913452,1.1853306293487549,0.9896996021270752,1.2910854816436768,1.2537963390350342,1.2694697380065918,1.2485417127609253,1.3264408111572266,1.1011686325073242,1.1774039268493652,1.068225622177124,0.9823024272918701,0.9048272967338562,0.9625232219696045,1.0467005968093872
glove,1.0255775451660156,1.0704925060272217,1.1711225509643555,1.0476558208465576,0.7941635847091675,0.587883710861206,0.7931032776832581,0.7806419134140015,1.1158336400985718,1.1055421829223633,1.1745715141296387,1.1826646327972412,1.102108120918274,1.1032650470733643,1.149143934249878,1.1865479946136475,1.2016994953155518,1.194169521331787,1.074575424194336,0.9887038469314575,1.1101256608963013,1.0638108253479004,0.9300746917724609,1.0095446109771729,1.047203779220581,0.715109646320343,0.7692198157310486,0.4654690623283386,0.0,0.9620314240455627,0.9113770127296448,0.7594640254974365,0.6923474669456482,0.9493676424026489,0.9606624841690063,1.076319932937622,1.1574904918670654,1.0871912240982056,0.9895669221878052,1.0038316249847412,1.0156300067901611,0.9378080368041992,0.9301208257675171,1.0709733963012695,0.8383736610412598,0.9173972606658936,0.9275283813476562,1.0231081247329712,1.0734686851501465,0.9129289388656616,1.017343282699585,0.9117240309715271,0.626937985420227,1.0841574668884277,1.002647042274475,1.1217575073242188,1.0854833126068115,1.0673036575317383,0.9894874691963196,1.1172131299972534,0.8883628845214844,1.143837571144104,1.0851720571517944,0.985152006149292,0.968024730682373,1.0228606462478638,1.0989776849746704
blanket,1.2643661499023438,1.2019628286361694,1.0181533098220825,0.8599095344543457,0.6853621602058411,1.0460314750671387,1.2462360858917236,1.2466856241226196,1.0544395446777344,1.1634578704833984,0.837178111076355,0.6822064518928528,0.27489930391311646,0.14947408437728882,0.7659081220626831,0.7935522794723511,0.8939563632011414,0.9293310642242432,0.7608163952827454,0.9294365644454956,0.8608094453811646,0.5616092085838318,0.5916979908943176,0.3659229278564453,0.623517632484436,1.160068154335022,1.0085915327072144,0.7575374245643616,0.9620314240455627,0.0,0.171686053276062,0.4057246446609497,0.7262441515922546,0.9116823673248291,1.0715340375900269,0.909846305847168,1.0532565116882324,0.9492048621177673,1.0283368825912476,1.0352386236190796,0.9922844171524048,0.8730356693267822,1.0091359615325928,1.1994801759719849,1.2134331464767456,1.2503098249435425,1.3446931838989258,1.3365108966827393,1.3705517053604126,1.3882412910461426,1.333505392074585,1.3016350269317627,1.1683123111724854,1.2937145233154297,1.1565606594085693,1.3768593072891235,1.3797130584716797,1.371840000152588,1.3278675079345703,1.3001316785812378,1.2118687629699707,1.2095094919204712,1.1785190105438232,1.2335833311080933,1.2475149631500244,1.214301347732544,1.1097972393035889
pillow,1.2274441719055176,1.152721881866455,1.0681754350662231,0.9200850129127502,0.6601393222808838,1.0096251964569092,1.1987481117248535,1.206527829170227,1.0726560354232788,1.129253625869751,0.7897697687149048,0.7731695175170898,0.26788902282714844,0.2535189986228943,0.8302399516105652,0.8568286299705505,0.8987979888916016,0.9658752679824829,0.8312239646911621,0.9998539090156555,0.9649342894554138,0.6863918900489807,0.63169926404953,0.4847007393836975,0.5873398184776306,1.109273076057434,0.945422351360321,0.7595903873443604,0.9113770127296448,0.171686053276062,0.0,0.4240001440048218,0.6349589824676514,0.9969549179077148,1.153045892715454,0.9921231865882874,0.9472430944442749,0.9581828713417053,0.9897993206977844,1.029723048210144,0.9202853441238403,0.9531198740005493,0.9957359433174133,1.1755926609039307,1.2459406852722168,1.2782713174819946,1.337831735610962,1.3281376361846924,1.3460054397583008,1.3722925186157227,1.2527520656585693,1.3430774211883545,1.1207753419876099,1.3380329608917236,1.2154110670089722,1.3202502727508545,1.3467073440551758,1.3857446908950806,1.309368371963501,1.2788063287734985,1.1429756879806519,1.289585828781128,1.242922306060791,1.252105951309204,1.220747947692871,1.1836154460906982,1.048431158065796
