,dog,cat,fish,frog,nose,tooth,face,hair,arm,hand,finger,toe,foot,lamp,drawer,bench,chair,ladder,table,couch,bed,crib,window,door,closet,refrigerator,oven,sink,bathtub,stroller,car,hose,slide,jacket,sweater,shirt,bib,pajamas,jeans,pants,shorts,slipper,shoe,sock,mitten,glove,blanket,pillow,towel,napkin,doll,toy,tray,box,book,paper,basket,purse,vacuum,comb,shovel,hat,glasses,necklace,clock,scissors,fork,spoon,crayon,pencil,pen,knife,broom,toothbrush,gum,balloon,ball,carrot,egg,orange,pumpkin,apple,strawberry,melon,pickle,banana,flower,plant,cookie,bread,plate,bowl,tape,bottle,cup,bucket,can
dog,0.0,0.282279908657074,0.7013034820556641,0.7322031259536743,0.9217571020126343,1.0832070112228394,0.7426592111587524,0.7393147945404053,0.9734601974487305,1.0312995910644531,1.1501274108886719,1.0851757526397705,1.0087429285049438,1.1394950151443481,1.1196991205215454,0.8190643787384033,0.9061733484268188,0.9120087027549744,0.8014392852783203,0.7075329422950745,0.764077365398407,0.923058032989502,0.9774926900863647,0.9491672515869141,0.9074325561523438,1.0285775661468506,0.9468125104904175,1.0532541275024414,0.9872736930847168,0.8122320175170898,0.851891040802002,1.0044708251953125,0.9073426723480225,0.7977458238601685,0.8716300129890442,0.8148843050003052,0.9124387502670288,0.8158590793609619,0.766693115234375,0.7781359553337097,0.9244083762168884,0.9971943497657776,1.0088790655136108,1.0908335447311401,0.894993007183075,0.964449405670166,0.7801120281219482,0.8304773569107056,0.9447753429412842,1.028470754623413,0.9149461388587952,0.9567968845367432,1.1390087604522705,1.0875840187072754,1.0223228931427002,1.0632957220077515,1.020587682723999,0.9954467415809631,0.8272998332977295,0.9709221124649048,1.2207359075546265,1.0064102411270142,0.9693773984909058,1.1352882385253906,1.1418555974960327,1.1294527053833008,1.1530852317810059,1.2171591520309448,1.1189672946929932,1.1782759428024292,1.192150592803955,1.154309630393982,0.9891506433486938,1.1714725494384766,1.109940528869629,1.0984729528427124,1.065358281135559,1.0351706743240356,1.0936483144760132,1.115782618522644,1.1301919221878052,1.0690869092941284,1.136338233947754,1.06693434715271,1.0935378074645996,1.0678061246871948,1.0194346904754639,0.8967491388320923,1.095625877380371,1.0502299070358276,1.0855761766433716,1.1647289991378784,1.2424341440200806,1.1251752376556396,1.1955938339233398,1.1775931119918823,1.01272714138031
cat,0.282279908657074,0.0,0.6990370750427246,0.8569015860557556,0.844633162021637,0.9958181381225586,0.8158390522003174,0.6992920637130737,0.8859692215919495,1.0309759378433228,1.0914463996887207,1.0613394975662231,0.993881106376648,1.0349547863006592,1.0123975276947021,0.7650425434112549,0.9359912872314453,0.8775011301040649,0.8298722505569458,0.7393051385879517,0.7449039220809937,0.951356828212738,0.8280001878738403,0.893795371055603,0.9194696545600891,1.0298693180084229,0.9216018915176392,1.0023623704910278,0.8975141644477844,1.000634789466858,0.9228883981704712,0.9274652004241943,0.9097249507904053,0.7897531986236572,0.8526264429092407,0.8416894674301147,1.0019408464431763,0.8449454307556152,0.7609981298446655,0.8003753423690796,0.9596459865570068,0.9393539428710938,1.0285887718200684,1.0309028625488281,0.9147046804428101,0.9991717338562012,0.7494856119155884,0.7104418277740479,0.9043335318565369,0.979961633682251,1.1186120510101318,1.141190767288208,1.1862205266952515,1.1431790590286255,1.0995633602142334,1.0291595458984375,1.0429531335830688,1.1022835969924927,0.8765535950660706,0.8040758967399597,1.1521475315093994,1.0105761289596558,0.8738921880722046,1.077746868133545,1.1514016389846802,1.1144896745681763,1.051039218902588,1.1429862976074219,1.0150530338287354,1.0519630908966064,1.0661640167236328,1.0506739616394043,0.9374295473098755,1.127659559249878,1.1339696645736694,1.1444412469863892,1.0577830076217651,1.0324394702911377,1.0832252502441406,1.1232563257217407,1.1672382354736328,1.0917917490005493,1.147533893585205,1.0103325843811035,1.1036022901535034,1.1051386594772339,1.0670573711395264,0.8788756132125854,1.146796703338623,1.0908141136169434,1.154842495918274,1.1606320142745972,1.1903424263000488,1.185414433479309,1.2485004663467407,1.2358118295669556,1.02565598487854
fish,0.7013034820556641,0.6990370750427246,0.0,0.44137489795684814,0.7634945511817932,0.712043046951294,0.8907693028450012,0.9893210530281067,1.0705933570861816,0.9939274787902832,0.9028452038764954,0.9119387865066528,0.9027695059776306,1.1128532886505127,1.1310908794403076,1.106468915939331,1.2541760206222534,1.2702816724777222,1.1644221544265747,1.1131081581115723,1.1987383365631104,1.2701221704483032,1.2067930698394775,1.1674801111221313,1.2776731252670288,1.2457141876220703,1.1856968402862549,1.122221827507019,1.1395680904388428,1.1685168743133545,0.9578039050102234,0.9870049357414246,1.1994110345840454,1.117195725440979,1.1915290355682373,1.1213798522949219,1.1382359266281128,1.1758060455322266,1.015271782875061,1.043387770652771,1.0815622806549072,0.7349258661270142,0.9497882127761841,1.065134048461914,0.9189605116844177,0.8364989161491394,1.1108424663543701,0.9524363279342651,0.9554716348648071,0.8048112988471985,1.1647138595581055,1.1781712770462036,1.1034722328186035,1.185302972793579,1.1032320261001587,0.934703528881073,1.1932628154754639,1.1482750177383423,1.1257283687591553,0.7878381013870239,1.0048742294311523,0.9460971355438232,0.9025943875312805,0.9648435115814209,1.004380464553833,1.0079411268234253,0.781043291091919,0.8140941858291626,0.7214264869689941,0.8190081119537354,0.8117849826812744,0.792003870010376,1.0591403245925903,0.9434360861778259,0.7647901773452759,0.9449127316474915,0.8542308807373047,0.6429693698883057,0.8146979808807373,0.7455706596374512,0.864592432975769,0.7819766402244568,0.8967205882072449,0.7476693391799927,0.5922943353652954,0.669981837272644,0.8832059502601624,0.825839638710022,0.7285758256912231,0.6744037866592407,0.9755507707595825,1.033398985862732,0.953754186630249,1.0383909940719604,1.0849575996398926,1.187387228012085,1.0726271867752075
frog,0.7322031259536743,0.8569015860557556,0.44137489795684814,0.0,0.8344289660453796,0.8871254920959473,0.9242560863494873,1.039794683456421,1.1873160600662231,1.0455013513565063,0.9588696360588074,0.9583954811096191,0.963871955871582,1.0677365064620972,1.149713397026062,1.1446799039840698,1.1847045421600342,1.2547918558120728,1.2253025770187378,1.1384568214416504,1.1995631456375122,1.1976840496063232,1.1871163845062256,1.1132357120513916,1.2206416130065918,1.193223476409912,1.2186721563339233,1.2061735391616821,1.2004058361053467,1.1014323234558105,0.8157187700271606,0.993000864982605,1.117639422416687,1.1719276905059814,1.204019546508789,1.1499884128570557,1.1817333698272705,1.1926324367523193,1.1250956058502197,1.1304609775543213,1.1344239711761475,0.8158670663833618,0.9976717829704285,1.1817947626113892,1.0696990489959717,0.7864459753036499,1.1749546527862549,1.0474028587341309,1.0532541275024414,0.9619146585464478,0.9357686638832092,0.9159092903137207,1.1543915271759033,1.122286319732666,1.0275498628616333,0.9874117374420166,1.139481782913208,1.1509310007095337,1.1505924463272095,0.9667025804519653,1.0535180568695068,0.8828636407852173,0.8695300817489624,1.0652095079421997,0.9599959850311279,1.0114730596542358,0.8704965710639954,0.9764369130134583,0.7436628937721252,0.8559088110923767,0.8668705821037292,0.9595600366592407,0.976913332939148,1.022119402885437,0.823488712310791,0.9267492890357971,0.862515926361084,0.7059947848320007,0.8654879331588745,0.8232588171958923,0.8531813621520996,0.6659765243530273,0.8984395265579224,0.6390228271484375,0.47991394996643066,0.6289141774177551,0.7882648706436157,0.6905385255813599,0.8517818450927734,0.8137434720993042,1.1043047904968262,1.161420464515686,0.8994740843772888,0.923850417137146,1.1144871711730957,1.1357648372650146,1.1158432960510254
nose,0.9217571020126343,0.844633162021637,0.7634945511817932,0.8344289660453796,0.0,0.3272671103477478,0.5257941484451294,0.5609022974967957,0.9789429903030396,0.7366456985473633,0.43110889196395874,0.4028889536857605,0.6234502792358398,0.9515343904495239,1.17721426486969,1.2026245594024658,1.1981782913208008,1.2726020812988281,1.3110344409942627,1.1595940589904785,1.2533518075942993,1.263805627822876,1.0306730270385742,1.0626671314239502,1.197082281112671,1.2559814453125,1.2580697536468506,1.3351691961288452,1.2609392404556274,1.2869815826416016,0.997301459312439,1.0987756252288818,1.3160231113433838,1.1769353151321411,1.1439157724380493,1.0270624160766602,1.1712777614593506,1.0955978631973267,1.0294907093048096,0.9992475509643555,0.9096137285232544,0.7971445918083191,1.0047402381896973,1.0667723417282104,1.106763243675232,1.0185950994491577,1.1952217817306519,1.0401993989944458,1.1860257387161255,1.1327760219573975,1.105570673942566,1.2703206539154053,1.4140821695327759,1.2695550918579102,1.2511924505233765,1.108729600906372,1.2980645895004272,1.3580687046051025,1.251335620880127,0.957777202129364,1.2184089422225952,0.822382926940918,0.3647392988204956,0.7781967520713806,1.0461987257003784,1.2495144605636597,0.9403260350227356,1.1228981018066406,0.6435652375221252,0.6962078809738159,0.7861340045928955,1.105209469795227,1.1611417531967163,1.1043081283569336,0.8856737613677979,0.876872181892395,0.704343855381012,0.6553910374641418,0.5504577159881592,0.6741469502449036,0.8671081066131592,0.6768761277198792,0.9516521096229553,1.0172100067138672,0.8638584613800049,0.8751579523086548,0.9320018291473389,0.917706310749054,0.9388627409934998,0.8917230367660522,1.2911922931671143,1.2630329132080078,1.0911647081375122,0.9721065759658813,1.1800003051757812,1.3280103206634521,1.1549640893936157
tooth,1.0832070112228394,0.9958181381225586,0.712043046951294,0.8871254920959473,0.3272671103477478,0.0,0.8063299655914307,0.8031256198883057,0.9538004398345947,0.770458459854126,0.4125617742538452,0.41340404748916626,0.6534528732299805,0.8768517374992371,1.1710283756256104,1.2476117610931396,1.2300751209259033,1.312331199645996,1.3582067489624023,1.2591474056243896,1.3523612022399902,1.3428292274475098,1.0846582651138306,1.167999505996704,1.3544048070907593,1.3202850818634033,1.3858627080917358,1.3276453018188477,1.2869675159454346,1.3279614448547363,1.0169645547866821,1.0611273050308228,1.3059453964233398,1.2364814281463623,1.234501600265503,1.113406777381897,1.1991362571716309,1.183492660522461,1.0871827602386475,1.0970098972320557,0.980709969997406,0.7348791360855103,0.9759042859077454,0.9258612990379333,1.1127684116363525,0.9285503029823303,1.2746827602386475,1.0740535259246826,1.1585866212844849,1.0572710037231445,1.225245714187622,1.2792671918869019,1.3730969429016113,1.3323712348937988,1.2493373155593872,1.0705325603485107,1.3253519535064697,1.3541189432144165,1.274399995803833,0.8220757842063904,1.0682363510131836,0.8558230996131897,0.6112227439880371,0.698941707611084,1.011548638343811,1.1069302558898926,0.8050341606140137,0.9488630294799805,0.5288298726081848,0.595430314540863,0.6285545825958252,0.9029461741447449,1.100623607635498,0.8390079736709595,0.6722376346588135,0.7843823432922363,0.6316241025924683,0.6452623605728149,0.5464273691177368,0.6653381586074829,0.8636884689331055,0.6615583300590515,0.8282413482666016,0.9710556864738464,0.7704208493232727,0.8154256939888,0.8797417283058167,0.9214886426925659,0.9446291327476501,0.8835451006889343,1.239676594734192,1.1891834735870361,0.962797224521637,0.8861250877380371,1.1160484552383423,1.2637603282928467,1.1396952867507935
face,0.7426592111587524,0.8158390522003174,0.8907693028450012,0.9242560863494873,0.5257941484451294,0.8063299655914307,0.0,0.4229215979576111,0.7220808863639832,0.6893596649169922,0.7947450280189514,0.7441145181655884,0.7745251059532166,1.2856016159057617,1.1092711687088013,0.9784659147262573,1.065904974937439,0.9372568130493164,0.948179304599762,0.7537846565246582,0.8169775009155273,0.9969229698181152,0.9386762380599976,0.9591963291168213,0.8874248266220093,1.0744428634643555,0.95099937915802,1.0148032903671265,0.9073566794395447,0.9163097739219666,0.9750245213508606,1.02571702003479,0.9725555777549744,0.8741225004196167,0.7046009302139282,0.5923449993133545,0.8146262764930725,0.7243717908859253,0.673133373260498,0.6338469982147217,0.7520943880081177,1.161217212677002,1.0347715616226196,1.1299216747283936,0.8614934086799622,1.1266968250274658,0.866989016532898,0.9302765130996704,1.1940728425979614,1.21602463722229,0.9151522517204285,1.022186517715454,1.0686427354812622,1.0503439903259277,1.0428798198699951,1.0224641561508179,1.1557587385177612,1.064433217048645,0.9386956691741943,0.9672960042953491,1.3201924562454224,1.0159677267074585,0.7082614302635193,0.9506142735481262,1.1119047403335571,1.1791589260101318,1.2273015975952148,1.2647720575332642,1.1992769241333008,1.2093064785003662,1.2510355710983276,1.2471258640289307,1.2267496585845947,1.1532272100448608,1.066246509552002,1.1447596549987793,1.1114256381988525,1.0280225276947021,1.0151464939117432,1.0453423261642456,1.0700770616531372,1.0740740299224854,1.1465036869049072,1.0333131551742554,1.0826358795166016,1.1316852569580078,1.1384456157684326,1.0469030141830444,1.0905665159225464,1.081386923789978,1.0586445331573486,1.1559979915618896,1.3376420736312866,1.1828112602233887,1.0900678634643555,1.1979234218597412,1.020776391029358
hair,0.7393147945404053,0.6992920637130737,0.9893210530281067,1.039794683456421,0.5609022974967957,0.8031256198883057,0.4229215979576111,0.0,0.7243789434432983,0.6951606869697571,0.766339898109436,0.7200717329978943,0.741733729839325,1.1791307926177979,1.1544584035873413,1.0024466514587402,1.0626624822616577,0.9798259139060974,0.9825747013092041,0.8597692251205444,0.9208909869194031,0.9930629730224609,0.9175633192062378,0.9916788339614868,0.9263689517974854,1.1125264167785645,1.038562297821045,1.0728707313537598,0.9298189878463745,1.0017073154449463,0.9773277640342712,0.9971897006034851,1.0070239305496216,0.8335885405540466,0.7673414349555969,0.6488722562789917,0.8207730650901794,0.7561043500900269,0.7232742309570312,0.6907330751419067,0.7580661773681641,1.0979853868484497,1.0059895515441895,1.0967429876327515,0.896113395690918,1.0588443279266357,0.9329385757446289,0.9249060153961182,1.1642693281173706,1.231549859046936,0.9377301931381226,1.0945690870285034,1.2331583499908447,1.178428292274475,1.0661534070968628,1.0819388628005981,1.1467872858047485,1.0886750221252441,0.986970067024231,0.8679931163787842,1.2597817182540894,0.8746715784072876,0.6876472234725952,0.8568379878997803,1.1839816570281982,1.0893959999084473,1.1397994756698608,1.21005380153656,1.1295651197433472,1.099402666091919,1.1325726509094238,1.1574369668960571,1.1263868808746338,1.0854862928390503,1.067834734916687,1.117521047592163,1.090879201889038,1.0398310422897339,0.9710951447486877,1.0342403650283813,1.1010549068450928,1.1031684875488281,1.173792839050293,1.0317281484603882,1.1130448579788208,1.1452560424804688,1.057360291481018,0.9355623126029968,1.1157042980194092,1.082664966583252,1.1607131958007812,1.1982340812683105,1.3086905479431152,1.1193153858184814,1.186073660850525,1.2463405132293701,1.099245309829712
arm,0.9734601974487305,0.8859692215919495,1.0705933570861816,1.1873160600662231,0.9789429903030396,0.9538004398345947,0.7220808863639832,0.7243789434432983,0.0,0.41506969928741455,0.671357274055481,0.7258732318878174,0.5407329797744751,1.2800692319869995,1.0109964609146118,0.8349465727806091,1.0050289630889893,0.8496772646903992,0.8408057689666748,0.7055121660232544,0.7134010195732117,0.9520637392997742,0.9332537055015564,1.026356816291809,0.9658496379852295,1.0537104606628418,0.8995316028594971,0.9144354462623596,0.7764948606491089,0.9173469543457031,1.1427415609359741,0.9156436920166016,0.8559287786483765,0.7522444128990173,0.5666823387145996,0.4410437345504761,0.6792538166046143,0.5586155652999878,0.549724280834198,0.5426652431488037,0.5695250630378723,1.1942949295043945,1.0570958852767944,0.6148325800895691,0.729358434677124,0.7792150974273682,0.7203232049942017,0.6902943253517151,0.9927103519439697,1.0418325662612915,1.1062743663787842,1.0860542058944702,1.065024495124817,1.085533618927002,1.0124601125717163,0.9245860576629639,1.178146243095398,0.9617106318473816,0.9108912348747253,0.9415526390075684,1.2535520792007446,1.2580556869506836,1.0370527505874634,0.8822422027587891,1.155119776725769,0.9684711694717407,1.141481637954712,1.1715432405471802,1.1514108180999756,1.1344958543777466,1.1298274993896484,1.042933464050293,1.09645414352417,0.9498456120491028,1.1194018125534058,1.306214690208435,1.3288284540176392,1.0154143571853638,1.2306150197982788,1.184781789779663,1.23048734664917,1.2889630794525146,1.2211288213729858,1.0207496881484985,1.1118510961532593,1.1968638896942139,1.2752125263214111,1.1664040088653564,1.2217085361480713,1.2020677328109741,1.142987608909607,1.19745671749115,1.3350329399108887,1.2513659000396729,1.0620427131652832,1.2170413732528687,1.0012632608413696
hand,1.0312995910644531,1.0309759378433228,0.9939274787902832,1.0455013513565063,0.7366456985473633,0.770458459854126,0.6893596649169922,0.6951606869697571,0.41506969928741455,0.0,0.27887630462646484,0.387550950050354,0.3484550714492798,1.2909181118011475,1.065925121307373,1.0788408517837524,1.134577989578247,1.130774736404419,1.0596816539764404,0.9970259666442871,1.0322158336639404,1.058133840560913,1.0679205656051636,1.0438392162322998,1.0945771932601929,1.1837997436523438,1.0748180150985718,1.048315405845642,0.9775384068489075,1.069282054901123,1.1441130638122559,1.0051499605178833,1.0813908576965332,1.0174111127853394,0.855400025844574,0.7787386775016785,0.9077481031417847,0.8402792811393738,0.8427227139472961,0.8474171161651611,0.8287665843963623,0.9908776879310608,0.9542518854141235,0.6701229810714722,0.6381756067276001,0.5388925671577454,0.975585401058197,0.949867308139801,1.0712602138519287,1.0606858730316162,1.0291216373443604,1.043502926826477,1.0593624114990234,1.1068801879882812,0.9929121732711792,0.9493188261985779,1.154425024986267,1.0116709470748901,1.0886815786361694,0.9717705845832825,1.1980018615722656,1.1113572120666504,0.8773992657661438,0.7763555645942688,1.1682798862457275,0.9731132984161377,1.0228432416915894,1.0758326053619385,1.0584012269973755,1.0022709369659424,0.9990959763526917,1.0402624607086182,1.166748046875,0.9349155426025391,0.8539643883705139,1.1603466272354126,1.172827124595642,0.9087346792221069,1.072410225868225,1.03620183467865,1.0245040655136108,1.0892728567123413,1.0285128355026245,1.004955768585205,0.9839442372322083,1.0562819242477417,1.1323093175888062,1.0900214910507202,1.0438989400863647,1.0376216173171997,1.114856243133545,1.1302361488342285,1.2634296417236328,1.1692736148834229,1.027930736541748,1.1975797414779663,1.0851109027862549
finger,1.1501274108886719,1.0914463996887207,0.9028452038764954,0.9588696360588074,0.43110889196395874,0.4125617742538452,0.7947450280189514,0.766339898109436,0.671357274055481,0.27887630462646484,0.0,0.10728609561920166,0.2807943820953369,1.097212314605713,1.1488733291625977,1.2371745109558105,1.2345759868621826,1.3177006244659424,1.352165699005127,1.2165395021438599,1.2914769649505615,1.3171306848526,1.1788029670715332,1.159114122390747,1.3261942863464355,1.2890583276748657,1.3067221641540527,1.309601068496704,1.2299025058746338,1.280489206314087,1.1059575080871582,1.1290369033813477,1.3262536525726318,1.2016327381134033,1.1005595922470093,1.025183916091919,1.1633280515670776,1.1011146306991577,0.9763104915618896,0.9626229405403137,0.8539624214172363,0.7037333250045776,0.9211946129798889,0.7347331643104553,0.896499514579773,0.6790269017219543,1.2276898622512817,1.070102572441101,1.179198145866394,1.1143076419830322,1.1679513454437256,1.2549870014190674,1.326568365097046,1.257631540298462,1.1744019985198975,1.0389008522033691,1.3092119693756104,1.278788685798645,1.2926607131958008,1.0001955032348633,1.1176681518554688,0.9224588871002197,0.6716474890708923,0.7306841611862183,1.1425966024398804,1.0925014019012451,0.8368158340454102,1.025457739830017,0.6179360151290894,0.6279438734054565,0.6688131093978882,0.9327999353408813,1.1494948863983154,0.9174044728279114,0.771807849407196,0.9541791081428528,0.8494570255279541,0.5967444181442261,0.6582902073860168,0.722031831741333,0.8513952493667603,0.7709153890609741,0.8692246675491333,1.0012741088867188,0.7780859470367432,0.8466571569442749,0.9523118138313293,0.968394935131073,0.9399756789207458,0.8809655904769897,1.2817355394363403,1.2948064804077148,1.1203932762145996,0.967872679233551,1.1675227880477905,1.317201852798462,1.142700433731079
toe,1.0851757526397705,1.0613394975662231,0.9119387865066528,0.9583954811096191,0.4028889536857605,0.41340404748916626,0.7441145181655884,0.7200717329978943,0.7258732318878174,0.387550950050354,0.10728609561920166,0.0,0.14474409818649292,1.0423911809921265,1.218598484992981,1.271637201309204,1.209691047668457,1.3400969505310059,1.3870590925216675,1.210200309753418,1.2803353071212769,1.3013575077056885,1.2308387756347656,1.158169150352478,1.3181926012039185,1.2911967039108276,1.3375375270843506,1.3702880144119263,1.2602771520614624,1.2224761247634888,1.0997614860534668,1.1704155206680298,1.338350534439087,1.2103830575942993,1.1193307638168335,1.0407414436340332,1.1560049057006836,1.0583810806274414,0.9546891450881958,0.9321063756942749,0.8192684650421143,0.5128533840179443,0.6937171816825867,0.671001672744751,0.8641456365585327,0.691258430480957,1.2191565036773682,1.0747733116149902,1.1341733932495117,1.1166250705718994,1.1042425632476807,1.2582666873931885,1.397617220878601,1.284379005432129,1.205888032913208,1.1363765001296997,1.3057235479354858,1.251223087310791,1.2951338291168213,1.0977987051010132,1.1055010557174683,0.8591084480285645,0.6503554582595825,0.7328338623046875,1.1254125833511353,1.176659107208252,0.8825657963752747,1.0698392391204834,0.692123293876648,0.6914110779762268,0.7576009631156921,1.0076472759246826,1.126640796661377,1.0310794115066528,0.8940208554267883,0.9674355983734131,0.8420130014419556,0.6421330571174622,0.6440011858940125,0.7610841393470764,0.8463383913040161,0.789324939250946,0.8675177097320557,1.0613576173782349,0.8678364753723145,0.8531135320663452,0.9366843700408936,0.9745095372200012,0.9453458189964294,0.8758851885795593,1.3421695232391357,1.3372080326080322,1.1561098098754883,0.94829261302948,1.2248053550720215,1.3052024841308594,1.1696337461471558
foot,1.0087429285049438,0.993881106376648,0.9027695059776306,0.963871955871582,0.6234502792358398,0.6534528732299805,0.7745251059532166,0.741733729839325,0.5407329797744751,0.3484550714492798,0.2807943820953369,0.14474409818649292,0.0,1.1981455087661743,1.1666327714920044,1.0965007543563843,1.1046556234359741,1.2291816473007202,1.2416833639144897,1.0640395879745483,1.1506686210632324,1.2360318899154663,1.2351559400558472,1.1438149213790894,1.2321280241012573,1.2323405742645264,1.2036442756652832,1.2632062435150146,1.15324866771698,1.0732587575912476,1.1567833423614502,1.0406676530838013,1.2281734943389893,1.0998598337173462,0.9955697059631348,0.8894617557525635,1.0555776357650757,0.8771577477455139,0.7529661655426025,0.7314491868019104,0.6436303853988647,0.4961661696434021,0.515670657157898,0.4913819432258606,0.7327483296394348,0.58394855260849,1.0672751665115356,0.9222951531410217,1.0191729068756104,1.0513055324554443,1.1266013383865356,1.17551851272583,1.267231822013855,1.1757335662841797,1.0890133380889893,1.0515483617782593,1.227607011795044,1.0450973510742188,1.16254460811615,1.0505696535110474,1.0932965278625488,0.9719821214675903,0.7572753429412842,0.7295669317245483,1.1526753902435303,1.1231176853179932,0.9648681282997131,1.06596839427948,0.898483157157898,0.8992080688476562,0.916668176651001,1.0072094202041626,1.1069862842559814,1.044140338897705,0.946554958820343,1.150741457939148,1.0991610288619995,0.7748076915740967,0.9320394992828369,0.9249280691146851,1.0148879289627075,1.0225319862365723,1.0529593229293823,1.0247673988342285,0.9134176969528198,0.9247831702232361,1.0893460512161255,1.0468764305114746,0.9584589600563049,0.9290691614151001,1.2917940616607666,1.2876653671264648,1.1798616647720337,1.0739514827728271,1.1677086353302002,1.257174015045166,1.053422212600708
lamp,1.1394950151443481,1.0349547863006592,1.1128532886505127,1.0677365064620972,0.9515343904495239,0.8768517374992371,1.2856016159057617,1.1791307926177979,1.2800692319869995,1.2909181118011475,1.097212314605713,1.0423911809921265,1.1981455087661743,0.0,0.8269686102867126,1.062734603881836,0.758527934551239,0.8878500461578369,1.0805259943008423,1.2058374881744385,1.2189794778823853,1.1003917455673218,0.7128816246986389,0.7136112451553345,0.9377485513687134,0.8351380825042725,1.059367299079895,1.0999910831451416,1.1310861110687256,1.1492520570755005,0.9884344339370728,0.939247190952301,1.238207221031189,1.160977840423584,1.2832173109054565,1.3089410066604614,1.3082197904586792,1.3131088018417358,1.3442904949188232,1.3119020462036133,1.2478173971176147,0.9167828559875488,1.0863622426986694,1.1036242246627808,1.38899827003479,1.2254197597503662,1.2777719497680664,1.1442114114761353,1.0729907751083374,1.042118787765503,1.0913338661193848,1.2075823545455933,1.3251605033874512,1.1678696870803833,1.188002347946167,1.102122187614441,1.056173324584961,1.2298145294189453,0.8771746158599854,0.9996709227561951,0.75783371925354,0.8066114783287048,0.9305934906005859,0.9344146251678467,0.7438534498214722,0.936659574508667,0.6600283980369568,0.7538210153579712,0.7935563325881958,0.6812776327133179,0.6827403903007507,0.8102625608444214,0.7188128232955933,0.94185471534729,1.1927967071533203,0.8446879386901855,0.7541467547416687,1.0826890468597412,0.8631305694580078,1.0283585786819458,1.0445172786712646,0.9281670451164246,0.9024114608764648,1.276339054107666,1.1976953744888306,1.0640161037445068,0.7487480640411377,0.7628635168075562,1.0864894390106201,1.076440453529358,1.1273419857025146,1.0196986198425293,0.8080068826675415,0.7497010231018066,1.0199676752090454,0.991447925567627,0.8936668634414673
drawer,1.1196991205215454,1.0123975276947021,1.1310908794403076,1.149713397026062,1.17721426486969,1.1710283756256104,1.1092711687088013,1.1544584035873413,1.0109964609146118,1.065925121307373,1.1488733291625977,1.218598484992981,1.1666327714920044,0.8269686102867126,0.0,0.6586344838142395,0.820371687412262,0.7543103694915771,0.7415812611579895,0.9037661552429199,0.8438507318496704,0.8013362884521484,0.7509361505508423,0.5486090779304504,0.6023625731468201,0.5776963233947754,0.5477496385574341,0.6473900079727173,0.6887876987457275,1.0199849605560303,0.9804918169975281,0.8387197256088257,0.9098666310310364,1.0253591537475586,1.030387282371521,1.0589743852615356,1.1409611701965332,1.0315027236938477,1.0267027616500854,1.033353567123413,1.0432908535003662,1.165392518043518,1.091152310371399,1.1256451606750488,1.1164835691452026,1.1936726570129395,1.0119996070861816,0.9480027556419373,1.0294610261917114,1.039705753326416,1.093017578125,0.992257833480835,0.7610223293304443,0.6368575096130371,0.957627534866333,0.8611546754837036,0.860488772392273,0.9230309724807739,0.8156598806381226,0.8880809545516968,0.9547013640403748,1.1755268573760986,1.1382097005844116,1.0103697776794434,0.9201316833496094,0.9193307757377625,1.006117820739746,0.9623168110847473,1.2042627334594727,1.1103572845458984,1.0254120826721191,0.8801724910736084,0.9899467825889587,0.9873889684677124,1.0148277282714844,1.0786497592926025,1.106654405593872,1.2820498943328857,1.2060726881027222,1.2171622514724731,1.1427652835845947,1.1943145990371704,1.1473556756973267,1.130018711090088,1.1267558336257935,1.2806744575500488,1.1249769926071167,1.1301006078720093,1.1389967203140259,1.1979424953460693,0.9276069402694702,0.9219287633895874,0.9118449091911316,1.177122950553894,1.0031613111495972,0.9635159969329834,0.8069053888320923
bench,0.8190643787384033,0.7650425434112549,1.106468915939331,1.1446799039840698,1.2026245594024658,1.2476117610931396,0.9784659147262573,1.0024466514587402,0.8349465727806091,1.0788408517837524,1.2371745109558105,1.271637201309204,1.0965007543563843,1.062734603881836,0.6586344838142395,0.0,0.3230397701263428,0.4461303949356079,0.2559751272201538,0.3955714702606201,0.5111011862754822,0.6677206754684448,0.7596675157546997,0.7894511222839355,0.7259713411331177,0.8560217022895813,0.7526373863220215,0.7645132541656494,0.7304636240005493,0.6647261381149292,0.9534169435501099,0.8299886584281921,0.5928649306297302,0.8117775321006775,0.8525643348693848,0.7748943567276001,1.0011577606201172,0.8025045990943909,0.7124606370925903,0.6922194957733154,0.8466740250587463,1.16057550907135,1.0719289779663086,0.9851108193397522,1.046399712562561,1.1755174398422241,0.7307438254356384,0.5832438468933105,0.9559508562088013,1.0105525255203247,1.1523864269256592,0.9735016226768494,0.8535270690917969,0.7674451470375061,0.9433004856109619,0.9266737103462219,0.9023144245147705,0.8621389865875244,0.6730075478553772,0.8863602876663208,1.0286993980407715,1.1977381706237793,1.1459600925445557,1.1401511430740356,1.1885299682617188,0.9989911317825317,1.1549711227416992,1.2012946605682373,1.2397252321243286,1.236811637878418,1.1820611953735352,0.9881762862205505,0.9523726105690002,1.1233985424041748,1.2071807384490967,1.2386693954467773,1.3210840225219727,1.2348614931106567,1.3907506465911865,1.3200790882110596,1.3800841569900513,1.3582035303115845,1.3346750736236572,1.1620638370513916,1.1848185062408447,1.2969024181365967,1.240418791770935,1.0724341869354248,1.2994542121887207,1.3166530132293701,1.0082412958145142,1.038938283920288,1.1769301891326904,1.2613674402236938,1.0705273151397705,1.0282115936279297,0.8311589956283569
chair,0.9061733484268188,0.9359912872314453,1.2541760206222534,1.1847045421600342,1.1981782913208008,1.2300751209259033,1.065904974937439,1.0626624822616577,1.0050289630889893,1.134577989578247,1.2345759868621826,1.209691047668457,1.1046556234359741,0.758527934551239,0.820371687412262,0.3230397701263428,0.0,0.44169747829437256,0.4493638277053833,0.5204637050628662,0.7258027791976929,0.7079393267631531,0.8271923661231995,0.6844295263290405,0.6970864534378052,0.7626981735229492,0.8393149971961975,0.9535481333732605,0.944021999835968,0.5258749127388,1.0390033721923828,0.9672475457191467,0.823758602142334,0.9059221744537354,0.9619155526161194,0.9143139123916626,1.1022919416427612,0.9475666284561157,0.9084213972091675,0.8340286016464233,0.8944353461265564,1.0800176858901978,1.0431232452392578,0.935540497303009,1.133679747581482,1.173302173614502,0.9016088247299194,0.7013940811157227,0.946038007736206,1.0319660902023315,1.069586992263794,0.9696958065032959,1.0374064445495605,0.8150019645690918,0.9843862652778625,1.0234771966934204,0.8090705871582031,0.8206800222396851,0.6115858554840088,1.0538990497589111,0.9426903128623962,1.0064738988876343,1.1339638233184814,1.0906212329864502,1.080572485923767,0.9684933423995972,1.035074234008789,1.1129722595214844,1.2620325088500977,1.1816303730010986,1.1527175903320312,1.0265684127807617,0.8806383013725281,1.1753395795822144,1.3203023672103882,1.1688597202301025,1.237304449081421,1.2515466213226318,1.3172807693481445,1.3007102012634277,1.2975172996520996,1.291438102722168,1.2325093746185303,1.307102918624878,1.3573328256607056,1.3253921270370483,1.08698570728302,1.0087594985961914,1.1987855434417725,1.2328269481658936,1.1130757331848145,1.1029832363128662,1.1227571964263916,1.0605818033218384,1.0575039386749268,0.9351027607917786,0.7657578587532043
ladder,0.9120087027549744,0.8775011301040649,1.2702816724777222,1.2547918558120728,1.2726020812988281,1.312331199645996,0.9372568130493164,0.9798259139060974,0.8496772646903992,1.130774736404419,1.3177006244659424,1.3400969505310059,1.2291816473007202,0.8878500461578369,0.7543103694915771,0.4461303949356079,0.44169747829437256,0.0,0.47614145278930664,0.5973947048187256,0.542360782623291,0.5274873971939087,0.6735408306121826,0.5885940194129944,0.4959949254989624,0.6962043046951294,0.7285605669021606,0.7358382940292358,0.6903463006019592,0.5085352659225464,1.0589152574539185,0.7859470844268799,0.5443506240844727,0.7684339880943298,0.7629269957542419,0.7938084602355957,0.924854576587677,0.7821558713912964,0.7979692220687866,0.7412286996841431,0.9788901805877686,1.3854444026947021,1.153490424156189,1.0978097915649414,1.0999473333358765,1.3440439701080322,0.8200766444206238,0.9352753162384033,1.0868568420410156,1.1787605285644531,1.0307811498641968,0.9047600030899048,0.8849589228630066,0.8248911499977112,0.9375811219215393,0.9842802286148071,0.7706544995307922,0.8598923087120056,0.4184616208076477,0.9264631271362305,0.9195728898048401,1.3083206415176392,1.2343089580535889,1.1332402229309082,1.1101936101913452,0.7974610328674316,1.0967496633529663,1.0675572156906128,1.2916233539581299,1.1736631393432617,1.1402685642242432,0.9406014680862427,0.6767550706863403,0.9064945578575134,1.340428113937378,1.2625876665115356,1.3615422248840332,1.3720555305480957,1.424555778503418,1.406201720237732,1.3925271034240723,1.3893039226531982,1.3196669816970825,1.2652302980422974,1.336977243423462,1.3761831521987915,1.2219163179397583,1.0482921600341797,1.2841436862945557,1.326694369316101,1.0032484531402588,1.064152717590332,1.2801549434661865,1.24440598487854,1.1190532445907593,1.02876877784729,0.8929108381271362
table,0.8014392852783203,0.8298722505569458,1.1644221544265747,1.2253025770187378,1.3110344409942627,1.3582067489624023,0.948179304599762,0.9825747013092041,0.8408057689666748,1.0596816539764404,1.352165699005127,1.3870590925216675,1.2416833639144897,1.0805259943008423,0.7415812611579895,0.2559751272201538,0.4493638277053833,0.47614145278930664,0.0,0.3856303095817566,0.45232093334198,0.6486930847167969,0.7575645446777344,0.7625136375427246,0.6410958170890808,0.7532829642295837,0.6669837832450867,0.5305978655815125,0.5509837865829468,0.6645954847335815,1.0721522569656372,0.931923508644104,0.5593991279602051,0.7689403295516968,0.6984662413597107,0.7146804332733154,0.8025875091552734,0.7406453490257263,0.7797935009002686,0.7055989503860474,0.9309817552566528,1.348027229309082,1.1712651252746582,1.0805566310882568,0.9783087968826294,1.2546926736831665,0.7108498215675354,0.7548240423202515,1.004321575164795,0.9974705576896667,1.0642802715301514,0.8722943663597107,0.6513485908508301,0.7209452390670776,0.8804603219032288,0.8676875829696655,0.9042905569076538,0.8476210832595825,0.5667189955711365,1.0219835042953491,1.0626864433288574,1.256937026977539,1.2877287864685059,1.1882238388061523,1.1639940738677979,0.9908485412597656,1.2605565786361694,1.143073558807373,1.434629201889038,1.4261170625686646,1.3655415773391724,1.1084139347076416,1.0193493366241455,1.11050283908844,1.2053697109222412,1.202322006225586,1.312437653541565,1.355544924736023,1.4008421897888184,1.3400530815124512,1.3588820695877075,1.3988745212554932,1.325984001159668,1.1193938255310059,1.2580052614212036,1.3593298196792603,1.2546266317367554,1.1111016273498535,1.274019718170166,1.3031773567199707,0.7342780828475952,0.8045157790184021,1.1719425916671753,1.224361538887024,0.8542085289955139,0.9098667502403259,0.7852538228034973
couch,0.7075329422950745,0.7393051385879517,1.1131081581115723,1.1384568214416504,1.1595940589904785,1.2591474056243896,0.7537846565246582,0.8597692251205444,0.7055121660232544,0.9970259666442871,1.2165395021438599,1.210200309753418,1.0640395879745483,1.2058374881744385,0.9037661552429199,0.3955714702606201,0.5204637050628662,0.5973947048187256,0.3856303095817566,0.0,0.21909093856811523,0.633639931678772,0.775108814239502,0.746143102645874,0.5710954666137695,0.8147685527801514,0.7207777500152588,0.7968764305114746,0.6833640336990356,0.6250714063644409,1.0131899118423462,0.9667134881019592,0.6381405591964722,0.5982224345207214,0.5691067576408386,0.5525225400924683,0.7721530199050903,0.505479633808136,0.5664921998977661,0.5036391019821167,0.7330288887023926,1.2545195817947388,1.0685683488845825,0.9868658781051636,0.8178827166557312,1.1445035934448242,0.4054776430130005,0.34515655040740967,0.8230282664299011,1.0486382246017456,0.9890997409820557,0.9028931856155396,0.9302510023117065,0.8238626718521118,0.9204086065292358,1.0005401372909546,0.9447268843650818,0.7820913791656494,0.6065197587013245,1.0930675268173218,1.2611761093139648,1.1854363679885864,1.194410800933838,1.1719166040420532,1.2432138919830322,1.1586118936538696,1.4068939685821533,1.3646528720855713,1.3969664573669434,1.438589334487915,1.4234458208084106,1.3010331392288208,1.1255271434783936,1.2139499187469482,1.2493138313293457,1.248119831085205,1.322330117225647,1.2408674955368042,1.3793976306915283,1.3447028398513794,1.3244638442993164,1.3934365510940552,1.373863697052002,1.125147819519043,1.2601441144943237,1.3467899560928345,1.2705973386764526,1.090981125831604,1.3044254779815674,1.3108644485473633,1.0491620302200317,1.1127076148986816,1.3526794910430908,1.2810676097869873,1.089651107788086,1.0766938924789429,0.8909614086151123
bed,0.764077365398407,0.7449039220809937,1.1987383365631104,1.1995631456375122,1.2533518075942993,1.3523612022399902,0.8169775009155273,0.9208909869194031,0.7134010195732117,1.0322158336639404,1.2914769649505615,1.2803353071212769,1.1506686210632324,1.2189794778823853,0.8438507318496704,0.5111011862754822,0.7258027791976929,0.542360782623291,0.45232093334198,0.21909093856811523,0.0,0.32401591539382935,0.7090359330177307,0.7642742395401001,0.4668877124786377,0.8430845141410828,0.7024846076965332,0.6718653440475464,0.5400494933128357,0.6214337348937988,1.020505428314209,0.9111000299453735,0.4775446653366089,0.5342528820037842,0.57656329870224,0.58449387550354,0.6464828252792358,0.398118257522583,0.6331841945648193,0.6211495995521545,0.8507272005081177,1.301971197128296,1.0772727727890015,1.0041733980178833,0.7824364304542542,1.1822307109832764,0.24456381797790527,0.45346617698669434,0.7060549259185791,1.0025272369384766,0.8551967144012451,0.8154506087303162,0.7716020345687866,0.8128812909126282,0.8529650568962097,0.9515935182571411,0.8036940097808838,0.7728826999664307,0.6755023002624512,1.0808581113815308,1.255051851272583,1.2653756141662598,1.264572024345398,1.2163755893707275,1.1731867790222168,1.10055410861969,1.424431562423706,1.3486073017120361,1.4349833726882935,1.4654314517974854,1.4500744342803955,1.303115963935852,1.1150509119033813,1.1677769422531128,1.2689963579177856,1.2861366271972656,1.3476965427398682,1.366389513015747,1.413149118423462,1.4218385219573975,1.3604941368103027,1.4468016624450684,1.3688602447509766,1.1405389308929443,1.3271458148956299,1.3955347537994385,1.2959463596343994,1.1376457214355469,1.3384709358215332,1.3551570177078247,0.9307798743247986,1.0600495338439941,1.34932279586792,1.344879150390625,1.0920215845108032,1.0399104356765747,0.9929274916648865
