,rooster,fish,frog,alligator,owl,cat,dog,face,hair,arm,hand,finger,toe,tooth,nose,stroller,car,lamp,chair,bench,drawer,window,door,refrigerator,oven,crib,bed,couch,table,bathtub,sink,slide,clock,ball,balloon,pumpkin,egg,orange,apple,hat,slipper,watch,nail,glasses,necklace,carrot,vacuum,shovel,scissors,spoon,fork,knife,pencil,pen,crayon,plant,flower,bottle,cup,can,belt,basket,bucket,tape,bowl,plate,banana,bread,cracker,pizza,hamburger,glass,tray,box,book,paper,comb,toothbrush,gum,toy,doll,mitten,glove,sock,shoe,purse,pillow,towel,napkin,blanket,pajamas,bib,scarf,jacket,sweater,shirt,jeans,pants,shorts
rooster,0.0,0.6689842343330383,0.42919909954071045,0.7604918479919434,0.7968297600746155,0.9841703176498413,0.6586247086524963,0.9015406966209412,0.8685413002967834,1.0176128149032593,0.9320360422134399,1.0650025606155396,0.981326162815094,1.0004255771636963,0.9653453826904297,0.873212993144989,0.9117088317871094,0.8596155643463135,0.9679573178291321,1.0014439821243286,1.1132816076278687,0.9774729013442993,1.0085960626602173,1.0303680896759033,1.0576722621917725,1.0557267665863037,1.0556429624557495,1.0769741535186768,0.9302545785903931,1.0730913877487183,1.0297366380691528,0.9722727537155151,0.9569809436798096,0.8318068981170654,0.8654738664627075,0.8457643389701843,0.9166772961616516,0.9562354683876038,0.8422156572341919,0.8433539867401123,0.9581915736198425,0.9820000529289246,1.000261902809143,0.9621403217315674,0.9923012852668762,1.048940658569336,0.8397508263587952,0.8031662702560425,0.804132878780365,0.8155003786087036,0.9029484987258911,1.024646282196045,1.0275098085403442,1.0744857788085938,1.0570389032363892,0.7028233408927917,0.4837820529937744,0.908937931060791,0.9886852502822876,1.1192107200622559,1.1602702140808105,1.0145289897918701,1.0196350812911987,1.0166728496551514,0.9999793767929077,0.9655349850654602,0.911807656288147,0.8810998201370239,0.8442819118499756,0.8006442785263062,0.8067859411239624,0.8126727342605591,0.9697085022926331,1.0246081352233887,0.8587619662284851,0.9512534141540527,1.0312318801879883,0.8777331113815308,0.8321516513824463,0.8020930886268616,0.6264598369598389,0.8749647736549377,0.8973376750946045,1.140346884727478,0.901760995388031,0.8966376781463623,1.1405762434005737,1.0275753736495972,1.0246288776397705,1.0980381965637207,1.0091743469238281,1.014586091041565,1.026528239250183,1.1198400259017944,1.1127568483352661,1.0683727264404297,1.1429857015609741,1.1411863565444946,1.1488463878631592
fish,0.6689842343330383,0.0,0.5082309246063232,1.0869230031967163,1.0120102167129517,1.1300158500671387,1.037231206893921,1.2592557668685913,1.2416510581970215,1.2545582056045532,1.0841021537780762,0.8597834706306458,0.7661290168762207,0.5318534970283508,0.9436213970184326,1.182011604309082,0.6947389841079712,0.7288398146629333,1.1617443561553955,1.1918262243270874,1.1181049346923828,1.3350424766540527,1.329071044921875,1.2908360958099365,1.256964921951294,1.3646345138549805,1.3746693134307861,1.3690155744552612,1.3726780414581299,1.324432373046875,1.1450731754302979,0.978369951248169,0.7349593639373779,0.6814701557159424,0.7054659128189087,0.5875520706176758,0.6906179189682007,0.6939212679862976,0.5703068375587463,0.6807670593261719,0.4853849411010742,0.6056379079818726,0.701954185962677,0.9032223224639893,0.6389021873474121,0.7767173051834106,1.1327240467071533,0.645709216594696,0.7782208919525146,0.49638617038726807,0.5262651443481445,0.6117903590202332,0.5738635659217834,0.5292196869850159,0.4796910285949707,0.8625960350036621,0.6924721002578735,0.6117668747901917,0.6681052446365356,0.857182502746582,0.6046153903007507,1.0335239171981812,0.7934205532073975,0.7275450229644775,0.6496877670288086,0.7323955297470093,0.659791111946106,0.7030965685844421,0.8609501123428345,0.8490787148475647,0.7135014533996582,1.0843244791030884,1.1828176975250244,1.2665802240371704,0.9313050508499146,1.152518630027771,1.1524378061294556,0.903836727142334,0.5148422718048096,0.7671118378639221,0.9980693459510803,1.0203893184661865,0.6491249203681946,0.7798663377761841,0.8576130867004395,1.0335057973861694,0.8079736828804016,0.6155312061309814,0.6227517127990723,1.2569527626037598,1.3052181005477905,1.2505261898040771,1.1758854389190674,1.3788976669311523,1.3861616849899292,1.348626971244812,1.2500394582748413,1.3169598579406738,1.242496371269226
frog,0.42919909954071045,0.5082309246063232,0.0,0.7075831890106201,0.8343634009361267,1.153899908065796,0.7339997291564941,1.0413389205932617,1.1517491340637207,1.0893727540969849,0.936009407043457,1.1574852466583252,1.1243629455566406,1.064429759979248,1.2004644870758057,0.9179533123970032,0.9081870913505554,0.9415175318717957,1.097896933555603,1.0461678504943848,1.0748368501663208,1.1910183429718018,1.1955385208129883,1.1947827339172363,1.2124558687210083,1.072346806526184,1.0796340703964233,1.1339300870895386,0.9657918214797974,1.1330490112304688,1.0413153171539307,0.7704522013664246,0.9569992423057556,0.7687700986862183,0.8569697141647339,0.848316490650177,0.9182693958282471,1.0037214756011963,0.8810593485832214,0.954026997089386,0.8968273997306824,1.032578468322754,1.159260869026184,1.1376532316207886,1.077811360359192,1.0388305187225342,1.0178344249725342,0.6992102861404419,0.5455161333084106,0.7491565942764282,0.8557082414627075,0.9692502021789551,1.000209927558899,1.0568753480911255,0.9696229696273804,0.7122862339019775,0.5743793249130249,0.9659770131111145,1.0187691450119019,1.1529569625854492,1.174530267715454,0.9170799851417542,0.9509322643280029,0.7379339933395386,0.8919174075126648,0.7615865468978882,0.5536518096923828,0.7055885791778564,0.6700506210327148,0.6537725925445557,0.7597860097885132,0.8888523578643799,0.8427237868309021,0.9301681518554688,0.7272998690605164,0.8513145446777344,1.035948634147644,0.8114683628082275,0.5804911255836487,0.46937108039855957,0.5460010170936584,0.7741584777832031,0.6705852150917053,0.9117069244384766,0.6762033700942993,0.8042066693305969,0.8575154542922974,0.945783793926239,0.8971025347709656,1.0529205799102783,1.0776571035385132,1.0464330911636353,1.110993504524231,1.236189842224121,1.2274259328842163,1.204817771911621,1.181044101715088,1.2405894994735718,1.1888738870620728
alligator,0.7604918479919434,1.0869230031967163,0.7075831890106201,0.0,0.439064621925354,0.6130059957504272,0.27883708477020264,0.5644879937171936,0.5406728386878967,0.2810434103012085,0.5833911299705505,1.2510007619857788,1.303909182548523,1.4483544826507568,1.1568050384521484,0.7597790360450745,1.3541688919067383,1.5213890075683594,0.9099319577217102,0.5674253702163696,1.1398708820343018,0.6244249939918518,0.7025298476219177,0.8619953989982605,1.0034732818603516,0.5330109596252441,0.2905805706977844,0.3816105127334595,0.3827701807022095,0.46300214529037476,0.6930708885192871,0.566059410572052,1.4939115047454834,1.3243987560272217,1.3323959112167358,1.4344788789749146,1.4521210193634033,1.496415615081787,1.5204404592514038,1.4360514879226685,1.5813050270080566,1.6217098236083984,1.5706045627593994,1.26360285282135,1.506546139717102,0.9671961665153503,0.8312463760375977,0.9222536683082581,0.828477144241333,1.3337936401367188,1.5245921611785889,1.2266819477081299,1.4755995273590088,1.624009370803833,1.6260716915130615,1.0043538808822632,1.1799393892288208,1.608217716217041,1.6235426664352417,1.454305648803711,1.597478985786438,1.1289466619491577,1.421666145324707,1.4987205266952515,1.4448692798614502,1.285681128501892,1.0279000997543335,1.0122780799865723,0.5177068114280701,0.8312687277793884,1.089266061782837,0.5492818355560303,0.6966465711593628,0.832990825176239,1.0575536489486694,0.6795030236244202,0.6637035012245178,0.6646218299865723,1.2507768869400024,1.1926209926605225,0.7392998933792114,0.2948579788208008,0.8668351173400879,1.0524471998214722,0.8134570121765137,0.906256377696991,0.9025703072547913,1.2548608779907227,1.230709195137024,0.32424819469451904,0.3685147762298584,0.40182507038116455,0.5979332327842712,0.4406830072402954,0.430248498916626,0.4354435205459595,0.35284340381622314,0.38307666778564453,0.5545530319213867
owl,0.7968297600746155,1.0120102167129517,0.8343634009361267,0.439064621925354,0.0,0.4477764368057251,0.4276655316352844,0.785926342010498,0.5781012773513794,0.6152945160865784,0.7370989322662354,1.1437933444976807,1.1934584379196167,1.2579970359802246,1.0984538793563843,0.9354764223098755,1.2159786224365234,1.3535945415496826,1.1006251573562622,0.7840460538864136,1.1398231983184814,0.7037383317947388,0.8425028324127197,0.9637520909309387,1.0715564489364624,0.7910192012786865,0.586489200592041,0.7093741297721863,0.6048551797866821,0.5960918664932251,0.8251029253005981,0.7905896306037903,1.328616976737976,1.2283802032470703,1.281553030014038,1.2971631288528442,1.3510581254959106,1.357581377029419,1.3461778163909912,1.3239389657974243,1.3838313817977905,1.330680251121521,1.337143063545227,1.1319212913513184,1.2380605936050415,1.0574074983596802,1.0788414478302002,0.9815228581428528,0.9414318799972534,1.2237943410873413,1.363626480102539,1.2477014064788818,1.4055945873260498,1.4618395566940308,1.4563298225402832,0.9405180811882019,1.1230952739715576,1.4148224592208862,1.4432554244995117,1.4057804346084595,1.4339730739593506,1.0611871480941772,1.3514646291732788,1.3777188062667847,1.3101729154586792,1.247054934501648,1.1057833433151245,0.91583251953125,0.6579325795173645,0.814402163028717,1.0281479358673096,0.6225210428237915,0.8519887924194336,1.0070466995239258,1.1484570503234863,0.8761759996414185,0.7324597835540771,0.8258219957351685,1.1488392353057861,1.2294206619262695,0.9166425466537476,0.6435947418212891,0.9963459968566895,1.192676305770874,0.8651871681213379,1.034039855003357,1.1389293670654297,1.296909213066101,1.2925864458084106,0.5840092301368713,0.5824437737464905,0.577925980091095,0.7169468998908997,0.7048944234848022,0.6376708149909973,0.6332340240478516,0.5894430875778198,0.6839051246643066,0.8593655824661255
cat,0.9841703176498413,1.1300158500671387,1.153899908065796,0.6130059957504272,0.4477764368057251,0.0,0.4201151132583618,0.7190513014793396,0.5242038369178772,0.6481941938400269,0.8322604894638062,1.0708651542663574,1.1118261814117432,1.223177433013916,0.9337231516838074,1.0750319957733154,1.242461919784546,1.3088732957839966,1.0667859315872192,0.9008381366729736,1.2308359146118164,0.6532581448554993,0.7580344676971436,0.9605724215507507,1.0997896194458008,0.8972873091697693,0.6255871057510376,0.6606674194335938,0.784876823425293,0.6764545440673828,0.9657092094421387,1.0451916456222534,1.2799263000488281,1.3022950887680054,1.295898199081421,1.3534036874771118,1.3417928218841553,1.2851331233978271,1.307157039642334,1.2378127574920654,1.3596324920654297,1.2573704719543457,1.1962330341339111,0.9751686453819275,1.1301124095916748,1.0738364458084106,1.086588740348816,1.251938819885254,1.2294436693191528,1.3679466247558594,1.406213641166687,1.2911949157714844,1.359362244606018,1.3417999744415283,1.4066481590270996,1.1592257022857666,1.302126407623291,1.383689522743225,1.4225423336029053,1.3144268989562988,1.1645349264144897,1.2492597103118896,1.4494010210037231,1.5121455192565918,1.421335220336914,1.4491753578186035,1.3144187927246094,1.1446683406829834,0.9203082919120789,1.0315243005752563,1.2186710834503174,0.8337492346763611,1.1250548362731934,1.196271300315857,1.3748421669006348,1.082441806793213,0.8943782448768616,1.0635230541229248,1.4246079921722412,1.4977259635925293,1.1384912729263306,0.8089841604232788,1.1576751470565796,1.2364561557769775,1.1265599727630615,1.1882033348083496,1.1703605651855469,1.3124194145202637,1.340219497680664,0.6262021660804749,0.6333901286125183,0.6676219701766968,0.7789419889450073,0.5571877360343933,0.48245108127593994,0.5075061321258545,0.4858846664428711,0.5462912917137146,0.7582573294639587
dog,0.6586247086524963,1.037231206893921,0.7339997291564941,0.27883708477020264,0.4276655316352844,0.4201151132583618,0.0,0.6022872924804688,0.42331117391586304,0.4905043840408325,0.6545140743255615,1.132522702217102,1.1160005331039429,1.3152692317962646,1.0124965906143188,0.7769607305526733,1.2257211208343506,1.4287045001983643,0.8893817663192749,0.6690225601196289,1.1466460227966309,0.7458612322807312,0.7612581253051758,0.9177560806274414,1.0600953102111816,0.7200990915298462,0.45914530754089355,0.5124750137329102,0.5733715295791626,0.6818155646324158,0.8839603662490845,0.8119397163391113,1.3934414386749268,1.2089264392852783,1.2339059114456177,1.3346824645996094,1.3501605987548828,1.393809199333191,1.3849585056304932,1.1692285537719727,1.3894612789154053,1.3679999113082886,1.3951867818832397,1.0660229921340942,1.3009467124938965,1.0155869722366333,0.8946294188499451,1.0249018669128418,0.9880542755126953,1.3275554180145264,1.4699618816375732,1.259257197380066,1.4488418102264404,1.5378773212432861,1.5639801025390625,1.0380511283874512,1.1641855239868164,1.455540418624878,1.5065460205078125,1.3569328784942627,1.448462724685669,1.1003812551498413,1.3779395818710327,1.4491193294525146,1.4021275043487549,1.3464021682739258,1.1704713106155396,1.0121941566467285,0.6904217004776001,0.8903830647468567,1.141726016998291,0.7164303064346313,0.9388335943222046,0.9585034847259521,1.1474076509475708,0.8781344294548035,0.8157147169113159,0.8223589062690735,1.233598232269287,1.1822043657302856,0.5890004634857178,0.41861748695373535,0.7962630987167358,1.021255612373352,0.8414095640182495,0.8965564370155334,0.9802279472351074,1.2343350648880005,1.2207882404327393,0.48727959394454956,0.4470009207725525,0.5020589828491211,0.6747004389762878,0.5185770392417908,0.49836260080337524,0.4975275993347168,0.4248659014701843,0.4808282256126404,0.6020410656929016
face,0.9015406966209412,1.2592557668685913,1.0413389205932617,0.5644879937171936,0.785926342010498,0.7190513014793396,0.6022872924804688,0.0,0.3481079339981079,0.5871102809906006,0.7341824769973755,1.0803316831588745,1.0874475240707397,1.2561278343200684,0.7553050518035889,1.0032954216003418,1.227031946182251,1.3392460346221924,1.1207414865493774,0.9297730326652527,1.1599005460739136,0.7638461589813232,0.8504092693328857,1.0015720129013062,1.133558988571167,0.8518391251564026,0.6410842537879944,0.6516035199165344,0.7206453084945679,0.7645218372344971,0.9162472486495972,0.9447775483131409,1.1943913698196411,1.1575220823287964,1.1845495700836182,1.2314386367797852,1.2286417484283447,1.174839973449707,1.2017731666564941,1.1878772974014282,1.3766887187957764,1.2981523275375366,1.1534730195999146,0.7259196043014526,1.2426741123199463,1.035740852355957,1.0349632501602173,1.191017508506775,1.0296835899353027,1.3653392791748047,1.3843073844909668,1.301304817199707,1.2828952074050903,1.3705949783325195,1.3824374675750732,1.1176085472106934,1.1959571838378906,1.364809274673462,1.3722947835922241,1.3935062885284424,1.3463811874389648,1.255233883857727,1.3717029094696045,1.3383369445800781,1.3447049856185913,1.271378755569458,1.131211757659912,1.161681890487671,0.9351143836975098,1.0301175117492676,1.016340970993042,0.7511083483695984,0.9059759378433228,1.029478669166565,1.133191704750061,0.9364461302757263,0.8793507218360901,0.9044817686080933,1.2164918184280396,1.2324063777923584,0.9861235022544861,0.7552831768989563,1.2139862775802612,1.3051352500915527,1.0540869235992432,1.1109622716903687,1.2075217962265015,1.3827375173568726,1.4076379537582397,0.7205727100372314,0.602610170841217,0.6424800753593445,0.7512392997741699,0.5576063394546509,0.5337622165679932,0.4289541244506836,0.6288150548934937,0.6057091355323792,0.7549397945404053
hair,0.8685413002967834,1.2416510581970215,1.1517491340637207,0.5406728386878967,0.5781012773513794,0.5242038369178772,0.42331117391586304,0.3481079339981079,0.0,0.5032735466957092,0.6328181624412537,0.9581170678138733,0.9849016666412354,1.2083568572998047,0.7407747507095337,0.9661768674850464,1.2314906120300293,1.4381184577941895,1.065205693244934,0.8821079730987549,1.2131704092025757,0.6914854645729065,0.813697099685669,0.966349720954895,1.1370822191238403,0.8358874320983887,0.6193568706512451,0.6480562090873718,0.713079571723938,0.7232471704483032,0.9354223608970642,0.9500501751899719,1.3320231437683105,1.2840664386749268,1.271889328956604,1.2990964651107788,1.332064151763916,1.3008151054382324,1.3161027431488037,1.123410940170288,1.406790018081665,1.2851824760437012,1.2159360647201538,0.7547595500946045,1.1387033462524414,0.9532145261764526,1.035099744796753,1.18896484375,1.0939579010009766,1.387390375137329,1.4072080850601196,1.2752559185028076,1.3538563251495361,1.4202170372009277,1.4728928804397583,1.1000311374664307,1.2371463775634766,1.4464174509048462,1.4868779182434082,1.3978573083877563,1.3575395345687866,1.2520942687988281,1.4620413780212402,1.5247461795806885,1.4639925956726074,1.4178465604782104,1.2273341417312622,1.1626713275909424,0.9140816926956177,1.0531041622161865,1.0695757865905762,0.7315294146537781,1.0048843622207642,1.1232932806015015,1.2448023557662964,0.9997337460517883,0.7901392579078674,0.8529863357543945,1.3189663887023926,1.4036200046539307,0.9237604141235352,0.6834932565689087,1.1327128410339355,1.2786191701889038,1.0631661415100098,1.1380555629730225,1.2417018413543701,1.4029772281646729,1.4312922954559326,0.6606786847114563,0.47584599256515503,0.5085055232048035,0.5920683145523071,0.5240898132324219,0.43687182664871216,0.4195769429206848,0.5214135646820068,0.5361090302467346,0.7041221857070923
arm,1.0176128149032593,1.2545582056045532,1.0893727540969849,0.2810434103012085,0.6152945160865784,0.6481941938400269,0.4905043840408325,0.5871102809906006,0.5032735466957092,0.0,0.3838435411453247,0.9498858451843262,1.0416054725646973,1.3030869960784912,1.0301085710525513,0.9107670187950134,1.382995367050171,1.4889644384384155,0.9426968693733215,0.6607807278633118,1.0883216857910156,0.6542512774467468,0.7198164463043213,0.873035192489624,0.9748023152351379,0.6379998922348022,0.39187324047088623,0.4551331400871277,0.4798281192779541,0.5279400944709778,0.739273190498352,0.7589907050132751,1.4300901889801025,1.3656291961669922,1.3407493829727173,1.4211738109588623,1.3840245008468628,1.4073628187179565,1.457782506942749,1.4288651943206787,1.5167832374572754,1.439915657043457,1.407346487045288,1.1580063104629517,1.3392949104309082,0.7565868496894836,0.9012124538421631,1.0085376501083374,0.9545453786849976,1.3338110446929932,1.4471683502197266,1.1248602867126465,1.2924401760101318,1.4511107206344604,1.50055730342865,1.1244144439697266,1.3214287757873535,1.5037829875946045,1.513258457183838,1.3680652379989624,1.4913995265960693,1.1910573244094849,1.4077335596084595,1.525673508644104,1.4579017162322998,1.3710541725158691,1.1597577333450317,1.1702985763549805,0.6921420097351074,1.0258982181549072,1.1214604377746582,0.6171377301216125,0.7882333993911743,0.8997743129730225,1.1447217464447021,0.7534786462783813,0.6726007461547852,0.5735197067260742,1.2524725198745728,1.3324286937713623,0.9138217568397522,0.40402716398239136,0.9162276983261108,0.9534906148910522,0.994798481464386,1.0653069019317627,1.0462440252304077,1.2990520000457764,1.2893153429031372,0.4421442151069641,0.26365041732788086,0.3443601131439209,0.5850569605827332,0.45958417654037476,0.3665764331817627,0.32821929454803467,0.3003096580505371,0.35687166452407837,0.5218787789344788
hand,0.9320360422134399,1.0841021537780762,0.936009407043457,0.5833911299705505,0.7370989322662354,0.8322604894638062,0.6545140743255615,0.7341824769973755,0.6328181624412537,0.3838435411453247,0.0,0.5096739530563354,0.699856162071228,1.0159631967544556,0.7914148569107056,0.9985090494155884,1.2914949655532837,1.3771905899047852,1.0791186094284058,0.933010458946228,0.9905656576156616,0.9287455677986145,0.9289293885231018,0.9985150694847107,1.1188585758209229,0.9494997262954712,0.8117203712463379,0.84647536277771,0.7802462577819824,0.8432895541191101,0.8170204162597656,0.9702841639518738,1.3552095890045166,1.1922361850738525,1.1635010242462158,1.2431052923202515,1.1924000978469849,1.2647621631622314,1.2549002170562744,1.2109019756317139,1.2685441970825195,1.1635761260986328,1.247989535331726,0.9148250222206116,1.0833539962768555,0.5997829437255859,1.04389226436615,0.9614772200584412,0.9252572059631348,1.0745922327041626,1.211829662322998,1.0262089967727661,1.1042118072509766,1.2596352100372314,1.3544198274612427,1.1263834238052368,1.1983134746551514,1.381392002105713,1.3715863227844238,1.3397893905639648,1.3485369682312012,1.1849790811538696,1.3045151233673096,1.3589208126068115,1.2869958877563477,1.2306511402130127,0.9962863922119141,1.0494329929351807,0.6537798047065735,0.9806417226791382,0.90578293800354,0.5776846408843994,0.8494848012924194,0.9751728773117065,1.044670581817627,0.8079458475112915,0.7703859210014343,0.3510737419128418,0.8705634474754333,1.1827199459075928,0.792336106300354,0.38370227813720703,0.6814822554588318,0.9023513793945312,0.8809120655059814,1.029632329940796,1.155637264251709,1.2736492156982422,1.2278335094451904,0.7875052690505981,0.5434936881065369,0.5429550409317017,0.7151150703430176,0.7913649082183838,0.6966549158096313,0.6793370842933655,0.6099367141723633,0.6740517020225525,0.7283396124839783
finger,1.0650025606155396,0.8597834706306458,1.1574852466583252,1.2510007619857788,1.1437933444976807,1.0708651542663574,1.132522702217102,1.0803316831588745,0.9581170678138733,0.9498858451843262,0.5096739530563354,0.0,0.09868347644805908,0.40661442279815674,0.37648868560791016,1.383994460105896,1.1057841777801514,1.0203728675842285,1.2510311603546143,1.3859970569610596,0.9647343754768372,1.319718837738037,1.3016479015350342,1.27742338180542,1.2673912048339844,1.423429012298584,1.384232759475708,1.3562849760055542,1.4407808780670166,1.4023486375808716,1.3040375709533691,1.3923505544662476,1.0015243291854858,0.9593858122825623,0.9287421703338623,0.8002008199691772,0.7529512643814087,0.7355105876922607,0.7648277282714844,0.7654210329055786,0.6587978601455688,0.49852269887924194,0.5769733190536499,0.5387954115867615,0.49781107902526855,0.41620707511901855,1.3096873760223389,1.1243823766708374,1.1858248710632324,0.9309682250022888,0.8122046589851379,0.8956981897354126,0.6840205192565918,0.6629195809364319,0.7215458154678345,1.210628628730774,1.1214368343353271,0.9385525584220886,0.9645689725875854,1.0325933694839478,0.7027469277381897,1.214648723602295,1.1530780792236328,1.0629674196243286,1.1244438886642456,1.213056206703186,0.9730761647224426,0.9881367087364197,1.059126377105713,1.179226279258728,0.830608069896698,1.2061002254486084,1.4203060865402222,1.3582217693328857,1.2108302116394043,1.25140380859375,1.2219831943511963,0.7652596235275269,0.7406893968582153,1.1926931142807007,1.0850410461425781,0.9821011424064636,0.7400739789009094,0.7254130244255066,1.1086722612380981,1.2900091409683228,1.1768814325332642,0.9233784675598145,0.9374868273735046,1.327176809310913,1.0855681896209717,1.0595263242721558,1.0338208675384521,1.207770824432373,1.1320322751998901,1.1355173587799072,1.0569895505905151,1.0759668350219727,1.0131430625915527
toe,0.981326162815094,0.7661290168762207,1.1243629455566406,1.303909182548523,1.1934584379196167,1.1118261814117432,1.1160005331039429,1.0874475240707397,0.9849016666412354,1.0416054725646973,0.699856162071228,0.09868347644805908,0.0,0.3518545627593994,0.34590768814086914,1.373549461364746,1.002100944519043,0.8635711669921875,1.2252979278564453,1.406618356704712,1.0379239320755005,1.382588267326355,1.3293720483779907,1.2914433479309082,1.265899658203125,1.4899029731750488,1.430933952331543,1.4017153978347778,1.5258355140686035,1.4891542196273804,1.3770885467529297,1.402273416519165,0.8392603397369385,0.8058737516403198,0.8137136697769165,0.6079338788986206,0.5955981016159058,0.5469995141029358,0.5861430168151855,0.5738808512687683,0.45458441972732544,0.3788876533508301,0.40021753311157227,0.48624151945114136,0.42890745401382446,0.5309569835662842,1.2842156887054443,1.0793540477752686,1.201204776763916,0.8672313690185547,0.734146237373352,0.9042484164237976,0.6225243806838989,0.5943233370780945,0.6094003915786743,1.1456830501556396,1.017796516418457,0.7450094819068909,0.7803958654403687,0.9294165968894958,0.6375166177749634,1.168269157409668,1.0223571062088013,0.9315279722213745,0.9927743673324585,1.1267834901809692,0.9637923240661621,0.9244750738143921,1.135969638824463,1.1619625091552734,0.8296985626220703,1.3204259872436523,1.4984368085861206,1.3922936916351318,1.1949081420898438,1.3256556987762451,1.3139588832855225,0.9219686388969421,0.7344581484794617,1.0889900922775269,1.0285453796386719,1.0888952016830444,0.7092950344085693,0.6693873405456543,1.0146839618682861,1.2500932216644287,1.121682047843933,0.7606385350227356,0.7954453229904175,1.390838623046875,1.1572660207748413,1.1632097959518433,1.0773311853408813,1.2732675075531006,1.214679479598999,1.207139253616333,1.1213281154632568,1.131887435913086,1.0212777853012085
tooth,1.0004255771636963,0.5318534970283508,1.064429759979248,1.4483544826507568,1.2579970359802246,1.223177433013916,1.3152692317962646,1.2561278343200684,1.2083568572998047,1.3030869960784912,1.0159631967544556,0.40661442279815674,0.3518545627593994,0.0,0.5494370460510254,1.4182517528533936,0.9094798564910889,0.7608969211578369,1.2467795610427856,1.4026188850402832,0.9901989698410034,1.437103509902954,1.3568707704544067,1.3134469985961914,1.21808922290802,1.4879804849624634,1.5320541858673096,1.498570203781128,1.5373437404632568,1.4684832096099854,1.286787986755371,1.3589346408843994,0.6872133612632751,0.7838746905326843,0.7594114542007446,0.6364726424217224,0.5329847931861877,0.5329231023788452,0.5342129468917847,0.6360848546028137,0.4258355498313904,0.31187260150909424,0.35687029361724854,0.6351847052574158,0.39837658405303955,0.5497387647628784,1.277538776397705,1.0006142854690552,1.0845178365707397,0.6869387626647949,0.5346580743789673,0.682860255241394,0.4317762851715088,0.3845825791358948,0.36431336402893066,1.182276725769043,0.9444993138313293,0.610066294670105,0.6248006820678711,0.8400416970252991,0.441738486289978,1.0857211351394653,0.9361895322799683,0.7630907297134399,0.7804813981056213,0.8939892053604126,0.8086421489715576,0.8293290138244629,1.01508367061615,1.0972870588302612,0.7808374166488647,1.3163273334503174,1.358931541442871,1.29702889919281,1.0339248180389404,1.205987572669983,1.2002463340759277,0.8699326515197754,0.5235257744789124,0.9651445150375366,1.1638768911361694,1.2002274990081787,0.7802079916000366,0.6690828800201416,1.0697638988494873,1.1872835159301758,1.03424870967865,0.5652756690979004,0.5929465293884277,1.4447543621063232,1.3536072969436646,1.2797136306762695,1.1756798028945923,1.4021530151367188,1.3828719854354858,1.3448948860168457,1.3238766193389893,1.3100770711898804,1.2068424224853516
nose,0.9653453826904297,0.9436213970184326,1.2004644870758057,1.1568050384521484,1.0984538793563843,0.9337231516838074,1.0124965906143188,0.7553050518035889,0.7407747507095337,1.0301085710525513,0.7914148569107056,0.37648868560791016,0.34590768814086914,0.5494370460510254,0.0,1.4302787780761719,1.1723750829696655,1.080904483795166,1.364736795425415,1.3651905059814453,1.084174633026123,1.228374719619751,1.2266021966934204,1.2650325298309326,1.282073974609375,1.380399227142334,1.258165717124939,1.2187998294830322,1.3405959606170654,1.2781771421432495,1.2163538932800293,1.383939266204834,0.8707461357116699,0.8770187497138977,0.8994305729866028,0.7535445690155029,0.7200824618339539,0.6022171974182129,0.6611483097076416,0.7487047910690308,0.8004001975059509,0.5870617628097534,0.42454993724823,0.37741851806640625,0.6488468050956726,0.6101089715957642,1.3443994522094727,1.2714543342590332,1.2397711277008057,1.1218940019607544,1.017573595046997,1.1255125999450684,0.8429275751113892,0.8357003927230835,0.8235552906990051,1.2702827453613281,1.191940188407898,0.9731370210647583,0.9714508056640625,1.196158528327942,0.7966277599334717,1.3291436433792114,1.2508618831634521,1.0549577474594116,1.125511884689331,1.2390282154083252,1.0496830940246582,1.0096303224563599,1.1014021635055542,1.1720640659332275,0.7658976316452026,1.114107370376587,1.3374254703521729,1.3500618934631348,1.3314859867095947,1.3194235563278198,1.2484357357025146,0.951736330986023,0.8656399846076965,1.2280992269515991,1.1904479265213013,1.0368726253509521,1.0657947063446045,1.0362173318862915,1.2306504249572754,1.3709337711334229,1.2935895919799805,1.071448802947998,1.1207417249679565,1.2437336444854736,1.0820651054382324,1.0418479442596436,1.0305066108703613,1.1171780824661255,1.064481258392334,1.0299797058105469,1.0478955507278442,1.024207353591919,1.016214370727539
stroller,0.873212993144989,1.182011604309082,0.9179533123970032,0.7597790360450745,0.9354764223098755,1.0750319957733154,0.7769607305526733,1.0032954216003418,0.9661768674850464,0.9107670187950134,0.9985090494155884,1.383994460105896,1.373549461364746,1.4182517528533936,1.4302787780761719,0.0,0.7857973575592041,0.9694677591323853,0.24151510000228882,0.41188085079193115,0.8733410835266113,0.731563925743103,0.6680530309677124,0.6271761655807495,0.620502769947052,0.374483585357666,0.6519895195960999,0.6190707087516785,0.5797753930091858,0.7555729746818542,0.7983680963516235,0.49390774965286255,1.2802331447601318,1.1373547315597534,1.1255286931991577,1.2154369354248047,1.371972918510437,1.4222278594970703,1.3575589656829834,0.9477155804634094,1.1642143726348877,1.2920854091644287,1.487194538116455,1.2155104875564575,1.214269995689392,1.2826781272888184,0.24304258823394775,0.6201845407485962,0.7032274007797241,0.951359212398529,1.136937141418457,0.9717560410499573,1.2807565927505493,1.3180088996887207,1.3478853702545166,0.7136261463165283,0.8361225128173828,1.0885009765625,1.1106401681900024,0.6836894750595093,1.2540197372436523,0.44426417350769043,0.7036518454551697,1.125321865081787,1.0233362913131714,1.021157145500183,1.0889440774917603,1.1275835037231445,0.9542233347892761,1.007408857345581,1.216041088104248,0.7626472115516663,0.7114648818969727,0.5322285890579224,0.7808891534805298,0.8621707558631897,0.6866801381111145,0.8872904181480408,1.1620441675186157,0.7535247802734375,0.5417148470878601,0.7360148429870605,0.7588123083114624,0.9743641018867493,0.6045911312103271,0.28221917152404785,0.7432083487510681,0.9299505352973938,0.9040552973747253,0.6884734034538269,0.76356440782547,0.77597975730896,0.7270020246505737,0.7282227277755737,0.8500502705574036,0.8860878348350525,0.8648828864097595,0.834285318851471,0.7704285383224487
car,0.9117088317871094,0.6947389841079712,0.9081870913505554,1.3541688919067383,1.2159786224365234,1.242461919784546,1.2257211208343506,1.227031946182251,1.2314906120300293,1.382995367050171,1.2914949655532837,1.1057841777801514,1.002100944519043,0.9094798564910889,1.1723750829696655,0.7857973575592041,0.0,0.5730842351913452,0.7738804817199707,1.003906488418579,0.9574615359306335,1.0189664363861084,1.1136417388916016,0.9317852258682251,0.8938548564910889,1.1696020364761353,1.3157528638839722,1.2569830417633057,1.2555221319198608,1.2762219905853271,1.1130925416946411,0.9598795771598816,0.7321921586990356,0.7359418869018555,0.7912925481796265,0.7065815925598145,0.8402007818222046,0.8210986852645874,0.7245935797691345,0.6419293880462646,0.5426278710365295,0.6913018822669983,0.8180717825889587,0.9427598714828491,0.8483141660690308,1.215028166770935,0.7931160926818848,0.7610307931900024,0.9049060940742493,0.6708911657333374,0.6194035410881042,0.7017512321472168,0.7282237410545349,0.6232539415359497,0.6376816630363464,0.7117259502410889,0.6221675872802734,0.4922863841056824,0.5476738810539246,0.5858011245727539,0.6685179471969604,0.782440721988678,0.5388610363006592,0.6626157760620117,0.5789954662322998,0.6679068803787231,0.9821634292602539,0.9686704277992249,1.2501006126403809,0.9910151362419128,0.9580841660499573,1.207253098487854,1.099664568901062,0.9972533583641052,0.6982861757278442,1.1014504432678223,1.1348272562026978,1.2490570545196533,0.8476842045783997,0.686111569404602,0.8854049444198608,1.3709030151367188,0.868528425693512,0.928680419921875,0.8637084364891052,0.8555009365081787,0.8420868515968323,0.7034602761268616,0.7073327302932739,1.2992045879364014,1.3226957321166992,1.3702055215835571,1.2210336923599243,1.3412103652954102,1.3657557964324951,1.32470703125,1.359076976776123,1.3598072528839111,1.2205036878585815
lamp,0.8596155643463135,0.7288398146629333,0.9415175318717957,1.5213890075683594,1.3535945415496826,1.3088732957839966,1.4287045001983643,1.3392460346221924,1.4381184577941895,1.4889644384384155,1.3771905899047852,1.0203728675842285,0.8635711669921875,0.7608969211578369,1.080904483795166,0.9694677591323853,0.5730842351913452,0.0,0.8280696868896484,1.202384352684021,0.8635798692703247,1.1673436164855957,1.0523017644882202,0.9446800947189331,0.8521937727928162,1.2762491703033447,1.4914326667785645,1.4795787334442139,1.384523630142212,1.3576891422271729,1.0803236961364746,1.194108247756958,0.42815613746643066,0.6024855375289917,0.6457569003105164,0.6030240058898926,0.5870810151100159,0.6356058120727539,0.5715155005455017,0.542332649230957,0.4497029781341553,0.5299974679946899,0.6215264797210693,0.8436229228973389,0.5729584693908691,1.2962946891784668,0.745634138584137,0.6664822101593018,0.8402968049049377,0.40971893072128296,0.3305267095565796,0.5847365856170654,0.4689112901687622,0.4290260076522827,0.45111656188964844,0.7347474098205566,0.6012111306190491,0.28154730796813965,0.30028724670410156,0.5085010528564453,0.592854917049408,0.7824574112892151,0.4586665630340576,0.4876912832260132,0.4760618209838867,0.5785861015319824,0.9640886187553406,0.9308084845542908,1.2633346319198608,0.9875535368919373,0.9400106072425842,1.1971992254257202,1.1771376132965088,1.0273034572601318,0.7901510000228882,1.08889901638031,1.169929027557373,1.2122464179992676,0.8454716801643372,0.6883983016014099,1.0329780578613281,1.5823311805725098,1.0333507061004639,0.9661244750022888,0.9571136832237244,0.8616825938224792,0.9983639717102051,0.5904160737991333,0.5830708742141724,1.5422853231430054,1.527764916419983,1.575372338294983,1.3588299751281738,1.5107760429382324,1.5264744758605957,1.50174880027771,1.5686938762664795,1.545665979385376,1.3690495491027832
chair,0.9679573178291321,1.1617443561553955,1.097896933555603,0.9099319577217102,1.1006251573562622,1.0667859315872192,0.8893817663192749,1.1207414865493774,1.065205693244934,0.9426968693733215,1.0791186094284058,1.2510311603546143,1.2252979278564453,1.2467795610427856,1.364736795425415,0.24151510000228882,0.7738804817199707,0.8280696868896484,0.0,0.2559928894042969,0.676459789276123,0.6769804358482361,0.5583171248435974,0.5141633152961731,0.5196955800056458,0.3767033815383911,0.6944036483764648,0.5928707718849182,0.6737817525863647,0.8295980095863342,0.8677826523780823,0.6247962713241577,1.2106359004974365,1.174115777015686,1.1318258047103882,1.1625481843948364,1.3029669523239136,1.3241188526153564,1.2807735204696655,0.9046990871429443,1.042680263519287,1.1460628509521484,1.3542535305023193,1.1483787298202515,1.0551950931549072,1.1840301752090454,0.235271155834198,0.7035941481590271,0.8387149572372437,0.9635013937950134,1.027522087097168,0.8171811103820801,1.118933916091919,1.114027500152588,1.1624317169189453,0.7768236398696899,0.8897321224212646,0.978344738483429,0.9954487681388855,0.4946231245994568,0.9990314245223999,0.47872185707092285,0.697824239730835,1.0816503763198853,0.9944320917129517,1.0388585329055786,1.1209018230438232,1.1370866298675537,1.044787049293518,1.1027837991714478,1.228607416152954,1.0181931257247925,0.8662826418876648,0.5726910829544067,0.7947792410850525,0.9125423431396484,0.7432062029838562,1.037343978881836,1.2203474044799805,0.8793210983276367,0.7247024178504944,0.9210531711578369,0.8179613947868347,0.8944181203842163,0.7861599326133728,0.4701251983642578,0.6233944892883301,0.8169450759887695,0.8128092288970947,0.77095627784729,0.8921124935150146,0.9351378679275513,0.862031102180481,0.8121384382247925,0.9196732640266418,0.9442290663719177,0.894789457321167,0.850324809551239,0.7699239253997803
bench,1.0014439821243286,1.1918262243270874,1.0461678504943848,0.5674253702163696,0.7840460538864136,0.9008381366729736,0.6690225601196289,0.9297730326652527,0.8821079730987549,0.6607807278633118,0.933010458946228,1.3859970569610596,1.406618356704712,1.4026188850402832,1.3651905059814453,0.41188085079193115,1.003906488418579,1.202384352684021,0.2559928894042969,0.0,0.6770997047424316,0.5509174466133118,0.5056816935539246,0.56718909740448,0.6106975674629211,0.23671650886535645,0.3629210591316223,0.3396282196044922,0.3177276849746704,0.4275107979774475,0.5942589044570923,0.3661918044090271,1.3655974864959717,1.2499122619628906,1.2040441036224365,1.3382067680358887,1.432111144065857,1.4762029647827148,1.4496371746063232,1.2697354555130005,1.344963788986206,1.453796148300171,1.5064618587493896,1.3335838317871094,1.3454393148422241,1.1392197608947754,0.4869680404663086,0.7008320093154907,0.7927205562591553,1.1767834424972534,1.3293006420135498,0.9236408472061157,1.289099931716919,1.3836495876312256,1.3825961351394653,0.8635165691375732,1.1055690050125122,1.2962872982025146,1.2891522645950317,0.8691040277481079,1.3115980625152588,0.6563431024551392,0.9633978605270386,1.228405237197876,1.11939537525177,1.098398208618164,1.158997654914856,1.1569150686264038,0.8569830060005188,1.0326203107833862,1.2745676040649414,0.8046599626541138,0.5709176063537598,0.45943689346313477,0.800825834274292,0.6772897839546204,0.6024866700172424,0.8527849316596985,1.211256742477417,0.9323915839195251,0.7837711572647095,0.6760311722755432,0.9494998455047607,1.0139564275741577,0.7903624773025513,0.6348172426223755,0.7028073668479919,1.0456664562225342,1.0478984117507935,0.4509444236755371,0.6442790031433105,0.6969167590141296,0.7563291788101196,0.6274017691612244,0.6970339417457581,0.7376389503479004,0.6030890941619873,0.616060733795166,0.6831536293029785
drawer,1.1132816076278687,1.1181049346923828,1.0748368501663208,1.1398708820343018,1.1398231983184814,1.2308359146118164,1.1466460227966309,1.1599005460739136,1.2131704092025757,1.0883216857910156,0.9905656576156616,0.9647343754768372,1.0379239320755005,0.9901989698410034,1.084174633026123,0.8733410835266113,0.9574615359306335,0.8635798692703247,0.676459789276123,0.6770997047424316,0.0,0.9683042764663696,0.6604171991348267,0.5973849296569824,0.49536967277526855,0.7848214507102966,0.9773449897766113,0.9217583537101746,0.9452199339866638,0.8265674114227295,0.7041561603546143,0.9791257381439209,0.9836616516113281,0.9821940064430237,0.948126494884491,1.0669397115707397,1.0337941646575928,1.1280896663665771,1.1026707887649536,1.0646764039993286,1.0250316858291626,0.9603669047355652,1.126612663269043,1.0581531524658203,0.9335262775421143,1.0166146755218506,0.758333683013916,0.8781059980392456,0.9559355974197388,0.9023898243904114,0.9139582514762878,0.6743749380111694,0.9269590973854065,0.9488732218742371,1.0214730501174927,1.004887580871582,1.0693249702453613,1.010960340499878,0.966709315776825,0.7327699661254883,0.922187089920044,0.7595604062080383,0.8156217336654663,0.9079203605651855,0.8684263229370117,0.9147247076034546,1.0670298337936401,1.0596843957901,1.0461583137512207,1.0780609846115112,1.1106566190719604,1.0400974750518799,0.8274739980697632,0.5179818272590637,0.7934253215789795,0.8334043025970459,0.8863328695297241,0.9868583083152771,0.926826000213623,0.9219112396240234,0.9929189682006836,1.0655574798583984,0.9952125549316406,0.9343222975730896,0.9324338436126709,0.7382615208625793,0.8120772242546082,0.9473567008972168,0.8876556754112244,1.0121396780014038,1.1055736541748047,1.104616641998291,1.0938884019851685,1.086966633796692,1.159065842628479,1.168766975402832,1.1050087213516235,1.058802843093872,0.9978398084640503
