,frog,nose,face,hair,arm,hand,finger,toe,lamp,drawer,chair,table,couch,bed,crib,window,door,refrigerator,oven,sink,bathtub,shirt,bib,pajamas,pants,slipper,shoe,sock,glove,blanket,pillow,towel,napkin,doll,toy,tray,box,book,paper,basket,purse,comb,hat,glasses,scissors,fork,spoon,crayon,pencil,pen,knife,toothbrush,gum,balloon,ball,egg,orange,apple,banana,plant,bread,plate,bowl,bottle,cup,bucket,can
frog,0.0,0.8573957681655884,0.8717637062072754,1.0616117715835571,1.1938648223876953,1.0085729360580444,0.9239360094070435,0.9074483513832092,1.1915953159332275,1.14776611328125,1.2337558269500732,1.2235466241836548,1.1639528274536133,1.169988989830017,1.203209638595581,1.1880627870559692,1.1747463941574097,1.2767236232757568,1.2333868741989136,1.1980202198028564,1.215043067932129,1.137918472290039,1.0906758308410645,1.1852705478668213,1.126171588897705,0.8698312044143677,0.9925943613052368,1.131239652633667,0.8788716197013855,1.1652010679244995,1.093138337135315,1.1743372678756714,1.1258935928344727,0.8179052472114563,0.8361837863922119,1.1697527170181274,1.1388657093048096,1.0276373624801636,1.1070683002471924,1.1908655166625977,1.107525110244751,1.2213424444198608,0.9187614321708679,0.8341537714004517,1.0336387157440186,1.0640881061553955,1.069300889968872,0.7920020818710327,0.9507350921630859,0.9759894013404846,1.0501376390457153,1.0096313953399658,0.8043934106826782,0.8284161686897278,0.8647803664207458,0.8312562108039856,0.749995231628418,0.6757838726043701,0.7144561409950256,0.5947701930999756,0.8018965721130371,1.0241293907165527,1.1111531257629395,1.0246837139129639,1.1005624532699585,1.0710891485214233,1.2312414646148682
nose,0.8573957681655884,0.0,0.5482221841812134,0.5891878604888916,0.9486538171768188,0.6314947605133057,0.43317192792892456,0.4325312376022339,1.0870987176895142,1.1324225664138794,1.2593886852264404,1.3306546211242676,1.2109113931655884,1.205309510231018,1.3290822505950928,1.1135196685791016,1.0932937860488892,1.3013033866882324,1.247411847114563,1.267939805984497,1.2716457843780518,0.9528934359550476,1.1274406909942627,1.1286946535110474,0.9569081664085388,0.8290198445320129,1.0296317338943481,0.992828369140625,1.0463850498199463,1.1843962669372559,1.1744673252105713,1.1785030364990234,1.155086874961853,1.0683082342147827,1.2157299518585205,1.394190788269043,1.263112187385559,1.2398549318313599,1.1801258325576782,1.386022686958313,1.2337788343429565,1.0861560106277466,0.6662923097610474,0.2670852541923523,1.1567169427871704,0.9928592443466187,1.1635513305664062,0.815030574798584,0.8314450979232788,0.8890118598937988,1.1210825443267822,1.0397073030471802,0.8934717178344727,1.0451130867004395,0.9348071813583374,0.8221578001976013,0.8286439180374146,0.7670495510101318,0.9832597374916077,0.9225216507911682,0.9270095229148865,1.2439463138580322,1.2723023891448975,1.1268274784088135,1.1991419792175293,1.2845550775527954,1.2525577545166016
face,0.8717637062072754,0.5482221841812134,0.0,0.46633124351501465,0.7741690874099731,0.8104494214057922,0.8760896921157837,0.8095858097076416,1.2129987478256226,1.1698530912399292,1.0030570030212402,0.9267142415046692,0.8590044975280762,0.8932791948318481,0.9414132237434387,0.9372720718383789,0.9440151453018188,0.941084086894989,0.9435614943504333,1.0495920181274414,0.9739525318145752,0.6358574628829956,0.7799155712127686,0.7929385900497437,0.7345535755157471,1.1414985656738281,1.0394624471664429,1.02301824092865,1.1063419580459595,0.9435368776321411,1.080233097076416,1.2175148725509644,1.2713854312896729,0.8825675845146179,1.027418851852417,1.1079596281051636,1.079366683959961,1.030396819114685,1.0906974077224731,1.1854243278503418,1.1359400749206543,1.0682575702667236,0.8445736169815063,0.41195225715637207,1.1994702816009521,1.1589479446411133,1.2559771537780762,1.2378185987472534,1.209275245666504,1.2631340026855469,1.2596575021743774,1.2075293064117432,1.0596191883087158,1.1108237504959106,1.134210228919983,1.1044411659240723,1.0306518077850342,1.0436378717422485,1.1341500282287598,1.1563526391983032,1.13572359085083,1.2082562446594238,1.2396490573883057,1.1843798160552979,1.2651368379592896,1.2623995542526245,1.0904136896133423
hair,1.0616117715835571,0.5891878604888916,0.46633124351501465,0.0,0.6913615465164185,0.7567279934883118,0.8088686466217041,0.7853209376335144,1.1400856971740723,1.139042615890503,0.9774547815322876,0.958975613117218,0.877739667892456,0.9132540225982666,0.9901778101921082,0.891033947467804,0.9412402510643005,0.9742565155029297,0.9606520533561707,1.0304332971572876,0.9434724450111389,0.624720573425293,0.7924233675003052,0.7630411386489868,0.6914242506027222,1.054063081741333,0.9883303046226501,0.9042118191719055,1.033637523651123,0.9312236309051514,1.0188082456588745,1.1371241807937622,1.21624755859375,0.9729480743408203,1.1450917720794678,1.20785653591156,1.1156978607177734,1.0488088130950928,1.1130428314208984,1.1938042640686035,1.1123688220977783,0.8744087219238281,0.4762001633644104,0.6012635231018066,1.0733373165130615,1.134886622428894,1.2046003341674805,1.2042887210845947,1.145466685295105,1.1528995037078857,1.155421495437622,1.1356635093688965,1.078047275543213,1.1046570539474487,1.1277586221694946,1.1085076332092285,1.0991992950439453,1.1359632015228271,1.2002289295196533,1.0482205152511597,1.17670476436615,1.2717682123184204,1.2666699886322021,1.0964986085891724,1.2965378761291504,1.2982417345046997,1.103482723236084
arm,1.1938648223876953,0.9486538171768188,0.7741690874099731,0.6913615465164185,0.0,0.46814578771591187,0.7731614112854004,0.8211417198181152,1.1515073776245117,0.9689980149269104,0.8748232126235962,0.762237012386322,0.6748828887939453,0.7012135982513428,0.8989472985267639,0.8338404893875122,0.8671738505363464,0.8035517334938049,0.7994128465652466,0.9588295221328735,0.8074600100517273,0.43760931491851807,0.6125756502151489,0.5700300931930542,0.5395745635032654,1.1788794994354248,1.0934745073318481,0.6006927490234375,0.709364116191864,0.7223541140556335,0.8013899326324463,0.953161895275116,1.0981274843215942,1.1529269218444824,1.172839879989624,1.053288459777832,1.0419368743896484,0.9748994708061218,0.9590489268302917,1.173437476158142,1.1473897695541382,0.8910350799560547,1.123064398765564,0.9754614233970642,1.0765016078948975,1.1445585489273071,1.2491192817687988,1.2756035327911377,1.1690531969070435,1.1920543909072876,1.1247358322143555,1.0526412725448608,1.1228476762771606,1.2953550815582275,1.3554264307022095,1.3190193176269531,1.2286624908447266,1.313443899154663,1.2844454050064087,1.2706702947616577,1.1944653987884521,1.3441858291625977,1.3135228157043457,1.2635951042175293,1.287919044494629,1.3099271059036255,1.023939847946167
hand,1.0085729360580444,0.6314947605133057,0.8104494214057922,0.7567279934883118,0.46814578771591187,0.0,0.2420651912689209,0.3662663698196411,1.220952033996582,1.0674246549606323,1.1088364124298096,1.1404762268066406,1.0897867679595947,1.0997687578201294,1.18804132938385,1.0670948028564453,1.095198392868042,1.2049506902694702,1.1272971630096436,1.087156057357788,1.151862621307373,0.8558846712112427,0.9444429278373718,0.9679057598114014,0.8863212466239929,0.8772695660591125,0.9577497243881226,0.6828314065933228,0.48926496505737305,1.070694923400879,1.0643970966339111,1.096617579460144,1.119921326637268,1.0626262426376343,1.0552605390548706,1.0938197374343872,1.1475229263305664,1.018886685371399,1.0155192613601685,1.2200543880462646,1.1825675964355469,1.0052911043167114,0.9561052918434143,0.7644957900047302,1.0514675378799438,0.9782231450080872,1.1106170415878296,1.0449210405349731,0.9837937355041504,1.0002890825271606,1.0647584199905396,0.9752864241600037,0.7840632796287537,1.148917555809021,1.1264110803604126,1.1008814573287964,1.0212810039520264,1.0288877487182617,1.0945229530334473,1.0943875312805176,1.0217605829238892,1.2175145149230957,1.1834521293640137,1.1909559965133667,1.1321208477020264,1.2152644395828247,1.178385853767395
finger,0.9239360094070435,0.43317192792892456,0.8760896921157837,0.8088686466217041,0.7731614112854004,0.2420651912689209,0.0,0.12461709976196289,1.1271913051605225,1.1228541135787964,1.2343072891235352,1.396229863166809,1.2981135845184326,1.2998102903366089,1.412335753440857,1.1697437763214111,1.1637401580810547,1.3892886638641357,1.3422138690948486,1.2745614051818848,1.303220272064209,1.0369024276733398,1.2348538637161255,1.1993739604949951,0.9805281162261963,0.6945096254348755,1.0177998542785645,0.7823588848114014,0.7425399422645569,1.2926081418991089,1.2449748516082764,1.187152624130249,1.1080451011657715,1.1968932151794434,1.1977133750915527,1.3718898296356201,1.3107179403305054,1.2131816148757935,1.1182057857513428,1.3752233982086182,1.2577693462371826,1.071875810623169,0.7811992168426514,0.644912838935852,1.1144130229949951,0.8962360620498657,1.0703160762786865,0.6650216579437256,0.69748455286026,0.7451634407043457,0.96053546667099,0.876737117767334,0.6986938714981079,0.9816616773605347,0.864190936088562,0.7500604391098022,0.8166311979293823,0.7264893054962158,0.9265925288200378,0.8608826398849487,0.8451493978500366,1.2141252756118774,1.247267484664917,1.0699790716171265,1.123266577720642,1.2371774911880493,1.2612192630767822
toe,0.9074483513832092,0.4325312376022339,0.8095858097076416,0.7853209376335144,0.8211417198181152,0.3662663698196411,0.12461709976196289,0.0,1.1185261011123657,1.1837176084518433,1.214620590209961,1.424199104309082,1.2730278968811035,1.2737449407577515,1.412787914276123,1.2309837341308594,1.1776490211486816,1.4020187854766846,1.3722070455551147,1.283129334449768,1.3036179542541504,1.0646326541900635,1.2353945970535278,1.1664196252822876,0.9451830983161926,0.4772223234176636,0.8048943877220154,0.634438157081604,0.754104733467102,1.2781448364257812,1.2253201007843018,1.172386884689331,1.11624276638031,1.1203632354736328,1.2080763578414917,1.423845648765564,1.3061511516571045,1.2399739027023315,1.17496919631958,1.3875616788864136,1.1885347366333008,1.1758157014846802,0.7637659311294556,0.6236362457275391,1.151893138885498,0.9370877742767334,1.0657600164413452,0.743240237236023,0.7859141826629639,0.8344230651855469,0.9997516870498657,0.960578203201294,0.8175259232521057,0.9871886372566223,0.8577746748924255,0.7583279013633728,0.8479653596878052,0.7361325621604919,0.9390965700149536,0.8647536635398865,0.8314420580863953,1.2342462539672852,1.2682712078094482,1.0349196195602417,1.130381464958191,1.2186343669891357,1.2773330211639404
lamp,1.1915953159332275,1.0870987176895142,1.2129987478256226,1.1400856971740723,1.1515073776245117,1.220952033996582,1.1271913051605225,1.1185261011123657,0.0,0.9216819405555725,0.822400689125061,1.005038857460022,1.0882107019424438,1.0554966926574707,1.04790198802948,0.6688219308853149,0.560314416885376,0.8619954586029053,0.9346884489059448,0.8940374255180359,0.8547340035438538,1.201568841934204,1.283787488937378,1.2425270080566406,1.2537485361099243,1.1009796857833862,1.1589306592941284,1.1975572109222412,1.2511564493179321,1.1452621221542358,0.9775604605674744,0.8946574926376343,0.8075340986251831,1.1514840126037598,1.1768615245819092,1.1674585342407227,1.1040031909942627,1.1356251239776611,0.89701247215271,0.9958464503288269,1.0525786876678467,0.8498114943504333,0.9860526323318481,1.1110340356826782,0.9279489517211914,0.8392602205276489,0.8163976669311523,0.9058176875114441,0.7828730344772339,0.7705526351928711,0.8324145078659058,0.7566702365875244,1.1956725120544434,0.9893164038658142,0.9574642181396484,0.9721320271492004,1.1018290519714355,1.0778471231460571,1.0054024457931519,0.8092256188392639,1.052377700805664,0.8505415916442871,0.9349892139434814,0.8514111042022705,0.8471193313598633,0.8946113586425781,0.8160194158554077
drawer,1.14776611328125,1.1324225664138794,1.1698530912399292,1.139042615890503,0.9689980149269104,1.0674246549606323,1.1228541135787964,1.1837176084518433,0.9216819405555725,0.0,0.6637800931930542,0.7075294852256775,0.8683432340621948,0.9023482799530029,0.708639919757843,0.9372442960739136,0.7086430788040161,0.6897115707397461,0.6075847148895264,0.924414336681366,0.8415626287460327,1.1001170873641968,1.1315680742263794,1.021860122680664,0.9616612792015076,0.995021402835846,0.9803950786590576,1.0921274423599243,1.1039652824401855,0.9458463788032532,0.89674311876297,0.9459527730941772,0.9670534133911133,1.068318486213684,1.0273381471633911,0.7654798030853271,0.508377730846405,0.8934041261672974,0.8781790733337402,0.7502570152282715,0.7500525116920471,0.8739439249038696,1.1400151252746582,1.1147732734680176,0.9609541296958923,0.9747930765151978,1.0604692697525024,1.0978472232818604,0.9716231822967529,0.9599025249481201,0.7993251085281372,1.0550860166549683,1.1441773176193237,1.2500622272491455,1.2801586389541626,1.289165735244751,1.237744927406311,1.2108768224716187,1.1521934270858765,1.1014840602874756,1.1748498678207397,1.120430588722229,1.0734970569610596,1.0765632390975952,1.0783474445343018,0.960298478603363,0.8326998353004456
chair,1.2337558269500732,1.2593886852264404,1.0030570030212402,0.9774547815322876,0.8748232126235962,1.1088364124298096,1.2343072891235352,1.214620590209961,0.822400689125061,0.6637800931930542,0.0,0.45678091049194336,0.5529980659484863,0.6622865200042725,0.4799293875694275,0.8146064877510071,0.6581623554229736,0.6794434785842896,0.7455268502235413,0.8628947734832764,0.7767610549926758,0.8227336406707764,0.8840887546539307,0.7945442199707031,0.7695280313491821,1.1092332601547241,1.0095906257629395,0.9176101684570312,1.100693941116333,0.7738027572631836,0.7419999837875366,0.8735872507095337,1.011379599571228,0.9475798606872559,0.9116733074188232,0.8998749256134033,0.7595041990280151,0.8839942812919617,0.9443941712379456,0.7841464877128601,0.7947914600372314,0.9812906980514526,1.076842188835144,1.1653106212615967,0.9926133751869202,1.1437853574752808,1.1671764850616455,1.3391221761703491,1.26547372341156,1.2570762634277344,1.1223340034484863,1.1474997997283936,1.2896208763122559,1.2057727575302124,1.2928745746612549,1.3721951246261597,1.367315649986267,1.3431931734085083,1.3235331773757935,1.2006564140319824,1.3213722705841064,1.1587001085281372,1.1130342483520508,1.0633678436279297,1.0258889198303223,0.941017210483551,0.8351542949676514
table,1.2235466241836548,1.3306546211242676,0.9267142415046692,0.958975613117218,0.762237012386322,1.1404762268066406,1.396229863166809,1.424199104309082,1.005038857460022,0.7075294852256775,0.45678091049194336,0.0,0.47488826513290405,0.4890033006668091,0.3908846378326416,0.6795536875724792,0.6846109628677368,0.4714241027832031,0.5503299236297607,0.6646713018417358,0.5799256563186646,0.6894570589065552,0.6428787708282471,0.6332049369812012,0.7894009351730347,1.4391696453094482,1.1882904767990112,1.098947525024414,1.2090378999710083,0.6215085983276367,0.8084036707878113,0.9941253662109375,1.0555490255355835,0.950850784778595,0.9086471796035767,0.5704057812690735,0.6914539337158203,0.7596747279167175,0.8197996616363525,0.7596662044525146,1.0351808071136475,1.0221872329711914,1.291265606880188,1.2160881757736206,1.1136112213134766,1.1931328773498535,1.1487860679626465,1.4598113298416138,1.3550314903259277,1.3687400817871094,1.2168877124786377,1.2045596837997437,1.22447669506073,1.2596540451049805,1.3394801616668701,1.3870396614074707,1.3499289751052856,1.39133620262146,1.3075430393218994,1.282152533531189,1.306912899017334,0.9239792823791504,0.9404091835021973,1.160189151763916,1.0586484670639038,1.0165075063705444,0.8305249214172363
couch,1.1639528274536133,1.2109113931655884,0.8590044975280762,0.877739667892456,0.6748828887939453,1.0897867679595947,1.2981135845184326,1.2730278968811035,1.0882107019424438,0.8683432340621948,0.5529980659484863,0.47488826513290405,0.0,0.08204901218414307,0.4770115613937378,0.7265602946281433,0.7687067985534668,0.654217004776001,0.6768237352371216,0.8277292251586914,0.5958445072174072,0.5759445428848267,0.6036969423294067,0.4038189649581909,0.5966328382492065,1.2429736852645874,1.072283387184143,0.7964025735855103,1.0504674911499023,0.16895782947540283,0.24978530406951904,0.6778612732887268,0.9834738969802856,0.9403198957443237,0.9960771203041077,0.9258320331573486,0.8055161237716675,0.8104754686355591,0.9625754356384277,0.8990985751152039,0.9330382347106934,1.0969129800796509,1.1550743579864502,1.1234068870544434,1.274364709854126,1.394255518913269,1.3655275106430054,1.4701098203659058,1.4469783306121826,1.4660810232162476,1.3812357187271118,1.3236521482467651,1.2478399276733398,1.220973014831543,1.3111944198608398,1.4073493480682373,1.3792335987091064,1.438522458076477,1.3709509372711182,1.3066387176513672,1.3475196361541748,1.2611632347106934,1.2075293064117432,1.2619589567184448,1.2610774040222168,1.1997721195220947,0.9739784598350525
bed,1.169988989830017,1.205309510231018,0.8932791948318481,0.9132540225982666,0.7012135982513428,1.0997687578201294,1.2998102903366089,1.2737449407577515,1.0554966926574707,0.9023482799530029,0.6622865200042725,0.4890033006668091,0.08204901218414307,0.0,0.4514603614807129,0.6840803623199463,0.7719814777374268,0.6693480014801025,0.7171332240104675,0.7767406702041626,0.5454301834106445,0.6172667741775513,0.5939586162567139,0.3751387596130371,0.6873878836631775,1.2543386220932007,1.0802063941955566,0.8188718557357788,1.0732276439666748,0.08112072944641113,0.22398686408996582,0.6224967241287231,0.9422111511230469,0.8894230723381042,0.9834129810333252,0.8807330131530762,0.8428728580474854,0.7946276068687439,0.9341884851455688,0.8561035394668579,0.9952741861343384,1.0763691663742065,1.192821741104126,1.1378443241119385,1.2324135303497314,1.3270875215530396,1.2897677421569824,1.4338808059692383,1.4004039764404297,1.410975694656372,1.340775489807129,1.2607965469360352,1.2504398822784424,1.2291042804718018,1.2988219261169434,1.381065845489502,1.378141164779663,1.4338027238845825,1.358232855796814,1.2838380336761475,1.328766107559204,1.188197135925293,1.1756575107574463,1.2519121170043945,1.249031901359558,1.209778070449829,1.025120496749878
crib,1.203209638595581,1.3290822505950928,0.9414132237434387,0.9901778101921082,0.8989472985267639,1.18804132938385,1.412335753440857,1.412787914276123,1.04790198802948,0.708639919757843,0.4799293875694275,0.3908846378326416,0.4770115613937378,0.4514603614807129,0.0,0.7152366638183594,0.721744954586029,0.5163214802742004,0.5731205940246582,0.7320960164070129,0.5649813413619995,0.7917928099632263,0.6330263614654541,0.6306873559951782,0.8736710548400879,1.3451931476593018,1.0760819911956787,1.0469335317611694,1.17335045337677,0.5517220497131348,0.7304232120513916,0.8917802572250366,1.0612906217575073,0.7862957715988159,0.6471540927886963,0.5663121342658997,0.5576299428939819,0.7384108304977417,0.9414981007575989,0.48040902614593506,0.8655062913894653,0.9341711401939392,1.2498918771743774,1.2510502338409424,1.062744379043579,1.2562130689620972,1.2183420658111572,1.4529063701629639,1.3967535495758057,1.3966710567474365,1.2117962837219238,1.1953030824661255,1.2319958209991455,1.213494896888733,1.2944719791412354,1.3761610984802246,1.3633543252944946,1.4122358560562134,1.3290791511535645,1.2810816764831543,1.3646676540374756,1.0676792860031128,1.0268229246139526,1.15733003616333,1.1017733812332153,0.9647196531295776,0.8454239368438721
window,1.1880627870559692,1.1135196685791016,0.9372720718383789,0.891033947467804,0.8338404893875122,1.0670948028564453,1.1697437763214111,1.2309837341308594,0.6688219308853149,0.9372442960739136,0.8146064877510071,0.6795536875724792,0.7265602946281433,0.6840803623199463,0.7152366638183594,0.0,0.5283932089805603,0.6131819486618042,0.6888726949691772,0.8853695392608643,0.6693928837776184,0.8212936520576477,0.8891590237617493,0.8028015494346619,0.9374211430549622,1.374692678451538,1.1926934719085693,1.0854603052139282,1.2279345989227295,0.7620630264282227,0.8452391028404236,0.9504578709602356,1.0246891975402832,1.0506619215011597,1.0916882753372192,0.9774057269096375,0.9742779731750488,0.9145305752754211,0.922756016254425,0.9586520195007324,1.1241611242294312,0.8529046773910522,1.1719350814819336,1.0623120069503784,1.1225001811981201,1.1690096855163574,1.2161628007888794,1.2692830562591553,1.1667115688323975,1.1730775833129883,1.1210447549819946,1.127210021018982,1.232362985610962,1.168055534362793,1.2146414518356323,1.2746903896331787,1.2521820068359375,1.2585207223892212,1.2230138778686523,0.9535897374153137,1.2579805850982666,1.0912883281707764,1.158630132675171,1.1263446807861328,1.15013587474823,1.1492903232574463,0.9481953382492065
door,1.1747463941574097,1.0932937860488892,0.9440151453018188,0.9412402510643005,0.8671738505363464,1.095198392868042,1.1637401580810547,1.1776490211486816,0.560314416885376,0.7086430788040161,0.6581623554229736,0.6846109628677368,0.7687067985534668,0.7719814777374268,0.721744954586029,0.5283932089805603,0.0,0.3997455835342407,0.523613691329956,0.7169378995895386,0.572425901889801,0.853431224822998,1.0539919137954712,0.923617959022522,0.8295119404792786,1.27891206741333,1.2180113792419434,1.1474127769470215,1.2341665029525757,0.8874289989471436,0.846875786781311,0.8837955594062805,0.9486899375915527,1.1322132349014282,1.1672686338424683,1.0375844240188599,0.943790078163147,1.0863215923309326,0.8853419423103333,0.9678100943565369,1.0257883071899414,0.920116662979126,1.1238694190979004,1.0929571390151978,1.0946781635284424,1.0969566106796265,1.105085015296936,1.2056515216827393,1.0563290119171143,1.0717544555664062,1.016638994216919,1.0137100219726562,1.2717475891113281,1.185858964920044,1.2090914249420166,1.259272575378418,1.2645251750946045,1.2675989866256714,1.21542227268219,1.0433686971664429,1.2611910104751587,1.0864461660385132,1.1580142974853516,1.0098663568496704,1.1651215553283691,1.1082372665405273,0.7262861728668213
refrigerator,1.2767236232757568,1.3013033866882324,0.941084086894989,0.9742565155029297,0.8035517334938049,1.2049506902694702,1.3892886638641357,1.4020187854766846,0.8619954586029053,0.6897115707397461,0.6794434785842896,0.4714241027832031,0.654217004776001,0.6693480014801025,0.5163214802742004,0.6131819486618042,0.3997455835342407,0.0,0.14519202709197998,0.5461746454238892,0.43918025493621826,0.7546085715293884,0.7954239845275879,0.7897167801856995,0.7982258796691895,1.4248764514923096,1.1657297611236572,1.1560182571411133,1.1972562074661255,0.7773354053497314,0.9072813391685486,0.9213933348655701,0.9855119585990906,1.0640212297439575,1.0684146881103516,0.6894329786300659,0.7277292013168335,0.8768459558486938,0.8080545663833618,0.7162335515022278,0.9652161002159119,0.8590306043624878,1.2759495973587036,1.209073543548584,1.0962773561477661,1.08987295627594,1.0807929039001465,1.4140311479568481,1.3123902082443237,1.2937711477279663,1.0780996084213257,1.0963560342788696,1.3062069416046143,1.3035703897476196,1.3616727590560913,1.3614000082015991,1.3155382871627808,1.3668107986450195,1.2360494136810303,1.2221765518188477,1.2937595844268799,0.9981572031974792,0.9885876178741455,0.9948928356170654,1.0337387323379517,0.9367960691452026,0.5113868713378906
oven,1.2333868741989136,1.247411847114563,0.9435614943504333,0.9606520533561707,0.7994128465652466,1.1272971630096436,1.3422138690948486,1.3722070455551147,0.9346884489059448,0.6075847148895264,0.7455268502235413,0.5503299236297607,0.6768237352371216,0.7171332240104675,0.5731205940246582,0.6888726949691772,0.523613691329956,0.14519202709197998,0.0,0.5639660358428955,0.5011040568351746,0.7846284508705139,0.8322049975395203,0.8063778877258301,0.7551831007003784,1.3358969688415527,1.0942866802215576,1.123553991317749,1.1017369031906128,0.7737646102905273,0.8907440304756165,0.9251569509506226,1.0131312608718872,1.0918961763381958,1.0791351795196533,0.6913089752197266,0.7609050273895264,0.9223828911781311,0.8815125823020935,0.8152477741241455,0.9587693214416504,0.8170933127403259,1.204444408416748,1.1729810237884521,1.0935297012329102,1.1190398931503296,1.0967952013015747,1.4405328035354614,1.33489990234375,1.3101766109466553,1.0504618883132935,1.1749496459960938,1.273888111114502,1.3087940216064453,1.3581292629241943,1.36631178855896,1.3060228824615479,1.3523627519607544,1.2477514743804932,1.2584986686706543,1.2606735229492188,0.9974685311317444,0.9765863418579102,1.129463791847229,1.083526611328125,1.0172024965286255,0.5438379049301147
sink,1.1980202198028564,1.267939805984497,1.0495920181274414,1.0304332971572876,0.9588295221328735,1.087156057357788,1.2745614051818848,1.283129334449768,0.8940374255180359,0.924414336681366,0.8628947734832764,0.6646713018417358,0.8277292251586914,0.7767406702041626,0.7320960164070129,0.8853695392608643,0.7169378995895386,0.5461746454238892,0.5639660358428955,0.0,0.199904203414917,0.9636571407318115,0.9185370802879333,0.9553622007369995,1.0563619136810303,1.247955322265625,1.0487664937973022,1.124483585357666,1.0693755149841309,0.8514940738677979,0.9170076847076416,0.8940607905387878,0.9223890900611877,1.029904842376709,0.9637835621833801,0.5267760753631592,0.9624517560005188,0.9787850975990295,0.8796060085296631,0.7195804119110107,1.045508861541748,0.9001790881156921,1.2441997528076172,1.2090942859649658,0.9333153367042542,0.9737797379493713,0.7330864667892456,1.3707218170166016,1.256657361984253,1.2133088111877441,1.0178494453430176,0.911848247051239,1.0593928098678589,1.148554801940918,1.188508152961731,1.205991506576538,1.2189536094665527,1.2828199863433838,1.2139081954956055,1.321892261505127,1.2630726099014282,0.6691721677780151,0.552157998085022,0.8920959830284119,0.7635711431503296,0.757945716381073,0.6230815649032593
bathtub,1.215043067932129,1.2716457843780518,0.9739525318145752,0.9434724450111389,0.8074600100517273,1.151862621307373,1.303220272064209,1.3036179542541504,0.8547340035438538,0.8415626287460327,0.7767610549926758,0.5799256563186646,0.5958445072174072,0.5454301834106445,0.5649813413619995,0.6693928837776184,0.572425901889801,0.43918025493621826,0.5011040568351746,0.199904203414917,0.0,0.7870442271232605,0.767990231513977,0.7690871953964233,0.8570531010627747,1.2948412895202637,1.100885033607483,1.1034554243087769,1.178393840789795,0.6509851217269897,0.8056463003158569,0.8199316263198853,0.9305511116981506,1.0526872873306274,1.0183558464050293,0.6139340400695801,0.9167614579200745,0.9230841398239136,0.8549018502235413,0.7225325703620911,1.0430618524551392,0.8689658045768738,1.2532598972320557,1.2180290222167969,1.0245600938796997,1.1467341184616089,0.994897186756134,1.3699369430541992,1.2727978229522705,1.2575562000274658,1.1267939805984497,0.956287682056427,1.167903184890747,1.2337861061096191,1.2795488834381104,1.2928268909454346,1.338838815689087,1.4044983386993408,1.315645694732666,1.2972050905227661,1.3694579601287842,0.8911917805671692,0.802908182144165,1.0061389207839966,0.9869813323020935,0.8943530321121216,0.6759419441223145
shirt,1.137918472290039,0.9528934359550476,0.6358574628829956,0.624720573425293,0.43760931491851807,0.8558846712112427,1.0369024276733398,1.0646326541900635,1.201568841934204,1.1001170873641968,0.8227336406707764,0.6894570589065552,0.5759445428848267,0.6172667741775513,0.7917928099632263,0.8212936520576477,0.853431224822998,0.7546085715293884,0.7846284508705139,0.9636571407318115,0.7870442271232605,0.0,0.27852779626846313,0.2901689410209656,0.27023208141326904,1.2276211977005005,1.0586694478988647,0.7644187808036804,0.9887440800666809,0.5989222526550293,0.8036091923713684,0.8830693960189819,1.095813274383545,1.0377141237258911,1.1311086416244507,1.0340113639831543,1.0566091537475586,0.9505099058151245,1.0204188823699951,1.0772531032562256,0.976922333240509,1.0008327960968018,0.951781690120697,0.9049357175827026,1.1806256771087646,1.2922773361206055,1.3524284362792969,1.3609461784362793,1.3335273265838623,1.3401939868927002,1.3479863405227661,1.2816581726074219,1.2374863624572754,1.2361152172088623,1.3092188835144043,1.3281772136688232,1.2680258750915527,1.311311960220337,1.315617322921753,1.2386832237243652,1.3592020273208618,1.2769453525543213,1.2694673538208008,1.2234816551208496,1.284217119216919,1.2751457691192627,0.9998911023139954
bib,1.0906758308410645,1.1274406909942627,0.7799155712127686,0.7924233675003052,0.6125756502151489,0.9444429278373718,1.2348538637161255,1.2353945970535278,1.283787488937378,1.1315680742263794,0.8840887546539307,0.6428787708282471,0.6036969423294067,0.5939586162567139,0.6330263614654541,0.8891590237617493,1.0539919137954712,0.7954239845275879,0.8322049975395203,0.9185370802879333,0.767990231513977,0.27852779626846313,0.0,0.2745506763458252,0.5754397511482239,1.2170065641403198,0.985159695148468,0.7548642158508301,0.8780885934829712,0.5037543177604675,0.7168253064155579,0.7000650763511658,0.881308376789093,0.8224678635597229,0.850628674030304,0.7413159608840942,0.8874355554580688,0.7563520669937134,0.8505315780639648,0.8480409383773804,0.8885942697525024,0.9907029271125793,1.0305149555206299,1.0622490644454956,1.0698425769805908,1.2776031494140625,1.272956371307373,1.4239734411239624,1.4506165981292725,1.4254883527755737,1.3594276905059814,1.2111760377883911,1.0743683576583862,1.2263734340667725,1.3191726207733154,1.3258790969848633,1.279003381729126,1.3459960222244263,1.2554166316986084,1.279327630996704,1.2908395528793335,1.0517818927764893,1.097055435180664,1.1838555335998535,1.1632351875305176,1.0968519449234009,1.0078072547912598
pajamas,1.1852705478668213,1.1286946535110474,0.7929385900497437,0.7630411386489868,0.5700300931930542,0.9679057598114014,1.1993739604949951,1.1664196252822876,1.2425270080566406,1.021860122680664,0.7945442199707031,0.6332049369812012,0.4038189649581909,0.3751387596130371,0.6306873559951782,0.8028015494346619,0.923617959022522,0.7897167801856995,0.8063778877258301,0.9553622007369995,0.7690871953964233,0.2901689410209656,0.2745506763458252,0.0,0.3850000500679016,1.1567643880844116,0.9288413524627686,0.6065102815628052,0.9687261581420898,0.3017568588256836,0.5287827849388123,0.7281578183174133,1.0843820571899414,0.7994670867919922,0.9319462776184082,0.9229828119277954,0.9208230376243591,0.7888064980506897,1.0285626649856567,0.9314952492713928,0.9208927154541016,1.0430134534835815,1.0699323415756226,1.0359606742858887,1.1632413864135742,1.3329706192016602,1.3493694067001343,1.4292254447937012,1.4162945747375488,1.4016685485839844,1.3687738180160522,1.291273832321167,1.2639706134796143,1.2681528329849243,1.3548468351364136,1.431951880455017,1.3521595001220703,1.4160432815551758,1.3382587432861328,1.2722253799438477,1.4034850597381592,1.2608044147491455,1.2660291194915771,1.2506256103515625,1.2605462074279785,1.219599962234497,1.0567413568496704
pants,1.126171588897705,0.9569081664085388,0.7345535755157471,0.6914242506027222,0.5395745635032654,0.8863212466239929,0.9805281162261963,0.9451830983161926,1.2537485361099243,0.9616612792015076,0.7695280313491821,0.7894009351730347,0.5966328382492065,0.6873878836631775,0.8736710548400879,0.9374211430549622,0.8295119404792786,0.7982258796691895,0.7551831007003784,1.0563619136810303,0.8570531010627747,0.27023208141326904,0.5754397511482239,0.3850000500679016,0.0,0.9843366146087646,0.8969799876213074,0.6163296699523926,0.9235594272613525,0.6775586605072021,0.81781005859375,0.9230128526687622,1.1470578908920288,1.071587324142456,1.1917486190795898,1.138486623764038,1.0272455215454102,1.0122356414794922,1.094315767288208,1.1686644554138184,0.9525842666625977,1.0939006805419922,0.9226274490356445,0.8880927562713623,1.196599006652832,1.3222392797470093,1.3770616054534912,1.287324070930481,1.2817072868347168,1.2989569902420044,1.2866239547729492,1.3002374172210693,1.2656958103179932,1.2547271251678467,1.3214064836502075,1.3360618352890015,1.2560083866119385,1.2818655967712402,1.2604620456695557,1.1987736225128174,1.3096829652786255,1.374976634979248,1.3482847213745117,1.2725802659988403,1.3282793760299683,1.2740426063537598,0.9438372850418091
slipper,0.8698312044143677,0.8290198445320129,1.1414985656738281,1.054063081741333,1.1788794994354248,0.8772695660591125,0.6945096254348755,0.4772223234176636,1.1009796857833862,0.995021402835846,1.1092332601547241,1.4391696453094482,1.2429736852645874,1.2543386220932007,1.3451931476593018,1.374692678451538,1.27891206741333,1.4248764514923096,1.3358969688415527,1.247955322265625,1.2948412895202637,1.2276211977005005,1.2170065641403198,1.1567643880844116,0.9843366146087646,0.0,0.2912132740020752,0.4921457767486572,0.6260849833488464,1.1838469505310059,1.088518500328064,0.9242864847183228,0.9006962776184082,1.0621742010116577,1.1220228672027588,1.2530150413513184,1.1241052150726318,1.1668301820755005,1.1232359409332275,1.1327276229858398,0.8794763684272766,1.0607128143310547,0.6557847857475281,0.8840596675872803,0.858646810054779,0.9185552597045898,0.8793367743492126,0.7549242973327637,0.8555887341499329,0.8215123414993286,0.8284522294998169,0.9614403247833252,0.8924171924591064,1.0200351476669312,0.9131484031677246,0.8782749772071838,0.993941068649292,0.8807095885276794,0.8561722040176392,0.8800961375236511,0.8268712162971497,1.057145357131958,1.0764884948730469,0.9326063394546509,0.9979519844055176,1.028589129447937,1.16348135471344
shoe,0.9925943613052368,1.0296317338943481,1.0394624471664429,0.9883303046226501,1.0934745073318481,0.9577497243881226,1.0177998542785645,0.8048943877220154,1.1589306592941284,0.9803950786590576,1.0095906257629395,1.1882904767990112,1.072283387184143,1.0802063941955566,1.0760819911956787,1.1926934719085693,1.2180113792419434,1.1657297611236572,1.0942866802215576,1.0487664937973022,1.100885033607483,1.0586694478988647,0.985159695148468,0.9288413524627686,0.8969799876213074,0.2912132740020752,0.0,0.5327671766281128,0.6963033080101013,1.0295759439468384,1.0272209644317627,0.9512149691581726,1.0158032178878784,0.9211299419403076,0.9726221561431885,1.0300946235656738,0.905403733253479,0.9156026840209961,1.041407585144043,0.9110109806060791,0.774463951587677,0.9697452783584595,0.8723859190940857,0.9462773203849792,0.8535717725753784,1.034401297569275,0.9588056206703186,1.0820446014404297,1.1220570802688599,1.0586923360824585,0.996126115322113,1.0505213737487793,0.983498752117157,1.0864192247390747,1.0687588453292847,1.1533430814743042,1.1510233879089355,1.115700364112854,1.0406252145767212,1.0409966707229614,1.0796226263046265,1.0519185066223145,1.0226213932037354,0.9701037406921387,1.0198025703430176,1.0202275514602661,1.098814845085144
sock,1.131239652633667,0.992828369140625,1.02301824092865,0.9042118191719055,0.6006927490234375,0.6828314065933228,0.7823588848114014,0.634438157081604,1.1975572109222412,1.0921274423599243,0.9176101684570312,1.098947525024414,0.7964025735855103,0.8188718557357788,1.0469335317611694,1.0854603052139282,1.1474127769470215,1.1560182571411133,1.123553991317749,1.124483585357666,1.1034554243087769,0.7644187808036804,0.7548642158508301,0.6065102815628052,0.6163296699523926,0.4921457767486572,0.5327671766281128,0.0,0.5015239119529724,0.7496944069862366,0.73284912109375,0.7498821020126343,0.9328244924545288,0.9991141557693481,1.0661596059799194,1.2069368362426758,1.0231714248657227,1.0016566514968872,1.0862104892730713,1.084204912185669,1.0251832008361816,0.9791882634162903,0.9131600260734558,0.9945164322853088,1.0427024364471436,1.169273018836975,1.1789660453796387,1.1530619859695435,1.19696044921875,1.1706622838974,1.1300698518753052,1.1007412672042847,1.0114811658859253,1.1815017461776733,1.178112506866455,1.244981288909912,1.243877649307251,1.249893069267273,1.1550571918487549,1.1844103336334229,1.1657888889312744,1.3412554264068604,1.2497309446334839,1.157670497894287,1.0529553890228271,1.0821694135665894,1.0436501502990723
glove,0.8788716197013855,1.0463850498199463,1.1063419580459595,1.033637523651123,0.709364116191864,0.48926496505737305,0.7425399422645569,0.754104733467102,1.2511564493179321,1.1039652824401855,1.100693941116333,1.2090378999710083,1.0504674911499023,1.0732276439666748,1.17335045337677,1.2279345989227295,1.2341665029525757,1.1972562074661255,1.1017369031906128,1.0693755149841309,1.178393840789795,0.9887440800666809,0.8780885934829712,0.9687261581420898,0.9235594272613525,0.6260849833488464,0.6963033080101013,0.5015239119529724,0.0,0.961870014667511,0.880245566368103,0.70902419090271,0.730892539024353,0.914013147354126,0.9978909492492676,1.0841368436813354,1.073721170425415,1.0471867322921753,0.9521772861480713,1.0650635957717896,0.9345057010650635,0.9900245666503906,0.8405738472938538,1.0699900388717651,0.8378497362136841,1.0101836919784546,0.9801613092422485,1.0415056943893433,1.0892537832260132,1.0280420780181885,0.9783709645271301,0.9502015113830566,0.79792320728302,1.0175498723983765,1.0640381574630737,1.1039316654205322,1.0535240173339844,1.0764559507369995,0.9137142896652222,1.0861952304840088,0.9290053248405457,1.188780426979065,1.1106406450271606,1.0963293313980103,1.0279521942138672,1.0520813465118408,1.1155740022659302
blanket,1.1652010679244995,1.1843962669372559,0.9435368776321411,0.9312236309051514,0.7223541140556335,1.070694923400879,1.2926081418991089,1.2781448364257812,1.1452621221542358,0.9458463788032532,0.7738027572631836,0.6215085983276367,0.16895782947540283,0.08112072944641113,0.5517220497131348,0.7620630264282227,0.8874289989471436,0.7773354053497314,0.7737646102905273,0.8514940738677979,0.6509851217269897,0.5989222526550293,0.5037543177604675,0.3017568588256836,0.6775586605072021,1.1838469505310059,1.0295759439468384,0.7496944069862366,0.961870014667511,0.0,0.1852465271949768,0.45451563596725464,0.8253348469734192,0.8928660154342651,0.9997545480728149,0.8908652067184448,0.8731275200843811,0.8174543380737305,0.9107725024223328,0.8531452417373657,0.9434317350387573,1.040067195892334,1.1518802642822266,1.1386958360671997,1.2262845039367676,1.331084966659546,1.3171217441558838,1.4098961353302002,1.3963879346847534,1.3961870670318604,1.3511765003204346,1.3008936643600464,1.211787223815918,1.2285118103027344,1.2978696823120117,1.3813395500183105,1.3652249574661255,1.4356062412261963,1.3397141695022583,1.2950547933578491,1.273148536682129,1.184747576713562,1.1646416187286377,1.269038200378418,1.2458504438400269,1.2051753997802734,1.0409475564956665
pillow,1.093138337135315,1.1744673252105713,1.080233097076416,1.0188082456588745,0.8013899326324463,1.0643970966339111,1.2449748516082764,1.2253201007843018,0.9775604605674744,0.89674311876297,0.7419999837875366,0.8084036707878113,0.24978530406951904,0.22398686408996582,0.7304232120513916,0.8452391028404236,0.846875786781311,0.9072813391685486,0.8907440304756165,0.9170076847076416,0.8056463003158569,0.8036091923713684,0.7168253064155579,0.5287827849388123,0.81781005859375,1.088518500328064,1.0272209644317627,0.73284912109375,0.880245566368103,0.1852465271949768,0.0,0.3719063997268677,0.6477275490760803,0.9333271980285645,1.0720056295394897,1.0495097637176514,0.8714404106140137,0.903110146522522,0.8563704490661621,0.9357926845550537,0.9028672575950623,1.105890154838562,1.0885626077651978,1.1559991836547852,1.2202188968658447,1.2531781196594238,1.2139742374420166,1.322229027748108,1.303971529006958,1.291668176651001,1.222791075706482,1.2149436473846436,1.1460294723510742,1.1276471614837646,1.1964426040649414,1.2721927165985107,1.2775110006332397,1.3353850841522217,1.2254283428192139,1.1822088956832886,1.127049446105957,1.1084710359573364,1.1098769903182983,1.159607172012329,1.1242430210113525,1.1095473766326904,1.0060464143753052
