,frog,nose,face,hair,arm,hand,finger,toe,lamp,drawer,chair,table,couch,bed,crib,window,door,refrigerator,oven,sink,bathtub,shirt,bib,pajamas,pants,slipper,shoe,sock,glove,blanket,pillow,towel,napkin,doll,toy,tray,box,book,paper,basket,purse,comb,hat,glasses,scissors,fork,spoon,crayon,pencil,pen,knife,toothbrush,gum,balloon,ball,egg,orange,apple,banana,plant,bread,plate,bowl,bottle,cup,bucket,can
frog,0.0,0.9585756659507751,0.9311632513999939,1.0750797986984253,1.1659406423568726,0.9985184073448181,0.9485687613487244,1.0004346370697021,0.9868334531784058,1.0876327753067017,1.2879552841186523,1.166295051574707,1.2206101417541504,1.2713720798492432,1.169913411140442,1.1879686117172241,1.1601207256317139,1.2654433250427246,1.2699730396270752,1.102341651916504,1.0401185750961304,1.1774046421051025,1.0427641868591309,1.193946123123169,1.195703387260437,0.9816262722015381,1.0329275131225586,1.1644335985183716,0.8716130256652832,1.2150328159332275,1.107338309288025,1.0649561882019043,1.0336370468139648,0.8957314491271973,0.7739661931991577,1.110450267791748,1.196425437927246,0.9864081144332886,1.0189119577407837,1.1943079233169556,1.156792163848877,1.1451740264892578,0.9886088967323303,0.9707232117652893,0.9414098262786865,1.1277742385864258,1.0669080018997192,0.7639375925064087,1.0433565378189087,1.043217420578003,1.0752394199371338,1.0215295553207397,0.8219375610351562,1.0504825115203857,0.7812114953994751,0.9261256456375122,0.8217076063156128,0.6242431998252869,0.6926808953285217,0.8107030391693115,0.9236382842063904,1.035644769668579,1.0661604404449463,1.0298997163772583,1.0538386106491089,1.1748549938201904,1.2424683570861816
nose,0.9585756659507751,0.0,0.4484458565711975,0.6215044856071472,0.8830839991569519,0.6391097903251648,0.5166007280349731,0.4996136426925659,1.1548069715499878,1.0688222646713257,1.2291592359542847,1.2531261444091797,1.0735923051834106,1.2030526399612427,1.150913119316101,1.1501911878585815,1.04558527469635,1.1899131536483765,1.1882373094558716,1.1803596019744873,1.263723611831665,0.9323657751083374,0.9802309274673462,0.958703875541687,0.9223707318305969,0.9839546084403992,1.0132571458816528,0.9815140962600708,0.9843882322311401,1.1191011667251587,1.0402966737747192,1.1681902408599854,1.1508147716522217,1.0091801881790161,1.159748911857605,1.2581212520599365,1.1819242238998413,1.1747400760650635,1.1113004684448242,1.3367689847946167,1.2212859392166138,1.142837643623352,0.9748278856277466,0.41380608081817627,1.1286629438400269,1.116053819656372,1.090694785118103,0.8428110480308533,0.9148091673851013,0.9257369637489319,1.079964280128479,1.0768802165985107,0.8555216789245605,1.0814672708511353,0.915628969669342,0.831089973449707,0.8781136870384216,0.8180232048034668,1.0092545747756958,1.13833749294281,1.0126065015792847,1.2311269044876099,1.2233349084854126,1.1619876623153687,1.181323766708374,1.2942626476287842,1.2191150188446045
face,0.9311632513999939,0.4484458565711975,0.0,0.5943105816841125,0.769478976726532,0.7427103519439697,0.7626914978027344,0.6983767747879028,1.1383490562438965,1.147027611732483,1.161555290222168,1.0956765413284302,0.9374497532844543,1.0436495542526245,1.0188847780227661,1.0095020532608032,1.0246976613998413,0.9925116896629333,1.0767314434051514,1.1405240297317505,1.0922901630401611,0.7079604864120483,0.8238430619239807,0.8816364407539368,0.7883167266845703,1.0709010362625122,1.0096296072006226,0.9829504489898682,1.0369070768356323,1.0546512603759766,1.03330659866333,1.1765738725662231,1.224196195602417,0.8025022745132446,0.9814702272415161,1.1614301204681396,1.0669893026351929,0.9730615615844727,1.0468577146530151,1.3141794204711914,1.1521867513656616,1.1594525575637817,1.04704749584198,0.6529716849327087,1.1872844696044922,1.235158920288086,1.2079640626907349,1.115759253501892,1.1409704685211182,1.149935245513916,1.2236783504486084,1.1161468029022217,0.9812211394309998,1.0810881853103638,1.0233007669448853,0.9563317894935608,1.0139720439910889,0.9787752032279968,1.078226089477539,1.116857886314392,1.141628623008728,1.2100054025650024,1.2152960300445557,1.1756951808929443,1.1647611856460571,1.2040846347808838,1.1421480178833008
hair,1.0750797986984253,0.6215044856071472,0.5943105816841125,0.0,0.6298887729644775,0.7818353176116943,0.9143751859664917,0.9128021001815796,1.221951961517334,1.1258127689361572,1.0407036542892456,1.0085242986679077,0.7712210416793823,0.8601278066635132,0.935738742351532,0.8447999954223633,0.902785062789917,0.8944709300994873,0.9775131940841675,0.940954864025116,0.9752281308174133,0.5815109610557556,0.7334697246551514,0.6977841854095459,0.648443341255188,1.0579159259796143,0.9312532544136047,0.9725688695907593,0.9888591766357422,0.8488204479217529,0.9448282122612,1.1377334594726562,1.2462249994277954,1.0077694654464722,1.1298102140426636,1.0585787296295166,1.110723853111267,0.9708106517791748,1.0766608715057373,1.3020156621932983,1.0658518075942993,0.8851922750473022,0.9449921250343323,0.7701772451400757,1.122790813446045,1.2344638109207153,1.2888553142547607,1.2086223363876343,1.0992683172225952,1.1430224180221558,1.2355530261993408,1.0257726907730103,1.0641589164733887,1.2051669359207153,1.2064290046691895,1.1786912679672241,1.1804436445236206,1.197530746459961,1.2178428173065186,1.13370943069458,1.2132397890090942,1.2373696565628052,1.2735986709594727,1.2060511112213135,1.325980544090271,1.3075320720672607,1.160654067993164
arm,1.1659406423568726,0.8830839991569519,0.769478976726532,0.6298887729644775,0.0,0.498862624168396,0.8022147417068481,0.7768253087997437,1.255908727645874,1.1297036409378052,0.9538702368736267,0.7609341144561768,0.5991952419281006,0.6198042631149292,0.8291610479354858,0.7372419834136963,0.8927832245826721,0.7467488646507263,0.8697150349617004,0.8109710216522217,0.8306823968887329,0.4306211471557617,0.6725009679794312,0.6000401973724365,0.5056600570678711,1.0552605390548706,0.9614569544792175,0.6083665490150452,0.818964421749115,0.7176965475082397,0.801246166229248,1.0740513801574707,1.1444987058639526,1.0369980335235596,1.081990122795105,0.8764981627464294,1.0293571949005127,0.9023221135139465,0.9114314317703247,1.3456523418426514,1.0586904287338257,0.8859685659408569,1.287053108215332,1.1236634254455566,1.1329212188720703,1.2687857151031494,1.2734594345092773,1.2731696367263794,1.1223883628845215,1.186886191368103,1.2371132373809814,0.951602041721344,1.0104107856750488,1.1880478858947754,1.2840293645858765,1.2430143356323242,1.255258321762085,1.2924097776412964,1.2439534664154053,1.28935968875885,1.2978861331939697,1.2119414806365967,1.2623571157455444,1.2110590934753418,1.273771047592163,1.2497518062591553,1.0283606052398682
hand,0.9985184073448181,0.6391097903251648,0.7427103519439697,0.7818353176116943,0.498862624168396,0.0,0.29967010021209717,0.3934568166732788,1.2167153358459473,1.036301851272583,1.117873191833496,1.106715440750122,1.0057438611984253,1.0841271877288818,1.0177801847457886,1.079420566558838,1.084497332572937,1.1112122535705566,1.113602638244629,1.0237767696380615,1.0503308773040771,0.8763650059700012,0.8574650883674622,0.8980065584182739,0.8985043168067932,0.8980513215065002,0.9311871528625488,0.6640865802764893,0.5386576652526855,1.004078984260559,0.9703329205513,1.0349388122558594,1.0591185092926025,0.8530665636062622,0.9379522800445557,0.9395176768302917,1.1637580394744873,0.9504384994506836,0.9450846314430237,1.261762022972107,1.1443660259246826,0.9503134489059448,1.153740406036377,0.9039971828460693,0.9466694593429565,1.1150797605514526,1.0900719165802002,1.0345914363861084,0.9746567010879517,0.9790346026420593,1.0757026672363281,0.9227403998374939,0.7120503187179565,1.1179167032241821,1.139169692993164,1.0650243759155273,1.057740569114685,1.0231335163116455,1.0233420133590698,1.1470502614974976,1.1388715505599976,1.1555360555648804,1.1371159553527832,1.175193428993225,1.1185493469238281,1.242432951927185,1.175495982170105
finger,0.9485687613487244,0.5166007280349731,0.7626914978027344,0.9143751859664917,0.8022147417068481,0.29967010021209717,0.0,0.1338275671005249,1.1811312437057495,0.9966421127319336,1.291855812072754,1.3374135494232178,1.3002772331237793,1.3860398530960083,1.3319039344787598,1.2522776126861572,1.2437970638275146,1.3682109117507935,1.3304133415222168,1.2820426225662231,1.303771734237671,1.110036015510559,1.1333225965499878,1.162301778793335,1.0733438730239868,0.8698445558547974,1.0691426992416382,0.8796085715293884,0.8114877939224243,1.2889301776885986,1.1337889432907104,1.1918960809707642,1.1186528205871582,1.0785815715789795,1.185132384300232,1.2790613174438477,1.3013558387756348,1.193716049194336,1.0831422805786133,1.2540854215621948,1.3334710597991943,1.046776533126831,0.9344981908798218,0.7217167615890503,1.042654275894165,0.8987430334091187,0.9488665461540222,0.5558745265007019,0.6734122633934021,0.6663928031921387,0.808167576789856,0.9505497813224792,0.6732644438743591,1.013293743133545,0.8208510875701904,0.6333073973655701,0.7468774318695068,0.6779117584228516,0.8584632277488708,1.0136682987213135,0.8551615476608276,1.1545010805130005,1.1703170537948608,1.0849002599716187,1.093240737915039,1.2650541067123413,1.211403250694275
toe,1.0004346370697021,0.4996136426925659,0.6983767747879028,0.9128021001815796,0.7768253087997437,0.3934568166732788,0.1338275671005249,0.0,1.088602900505066,1.0710848569869995,1.2665889263153076,1.3448721170425415,1.2849191427230835,1.370877742767334,1.338092565536499,1.2794690132141113,1.2333711385726929,1.3741886615753174,1.3438152074813843,1.3421478271484375,1.3532521724700928,1.1209843158721924,1.162306547164917,1.1473690271377563,1.026681661605835,0.6234954595565796,0.8532352447509766,0.6616339087486267,0.7785611748695374,1.283942699432373,1.1036916971206665,1.1072794198989868,1.071823000907898,1.0084065198898315,1.1924493312835693,1.3753681182861328,1.2525595426559448,1.2226409912109375,1.0990482568740845,1.2212169170379639,1.2861075401306152,1.1072391271591187,0.8812496066093445,0.727716863155365,1.0575950145721436,0.917830228805542,0.9310853481292725,0.6515465378761292,0.7404937744140625,0.7365424633026123,0.8235951066017151,1.043946385383606,0.7716414928436279,0.9325162172317505,0.8029581308364868,0.6020407676696777,0.7818484306335449,0.7042539715766907,0.8882254362106323,0.9700079560279846,0.8174890279769897,1.1873548030853271,1.1537225246429443,1.0256582498550415,1.0490307807922363,1.1840848922729492,1.2027016878128052
lamp,0.9868334531784058,1.1548069715499878,1.1383490562438965,1.221951961517334,1.255908727645874,1.2167153358459473,1.1811312437057495,1.088602900505066,0.0,0.958891749382019,0.8488138914108276,1.0563158988952637,1.2221125364303589,1.180355429649353,1.0682247877120972,0.9271451830863953,0.9870432615280151,1.1415159702301025,1.0986608266830444,1.0963852405548096,1.0464805364608765,1.207942247390747,1.1097955703735352,1.21592116355896,1.3018227815628052,0.9889241456985474,1.0081926584243774,1.149571418762207,1.125465989112854,1.1238324642181396,1.1344006061553955,1.0144456624984741,0.9611872434616089,0.8983107209205627,0.8993442058563232,1.0264850854873657,1.0335770845413208,1.0353935956954956,1.0746339559555054,0.7306562662124634,0.9742273688316345,1.089449167251587,0.804357647895813,0.9337450861930847,0.7470234036445618,0.7542617321014404,0.7045010328292847,1.0051062107086182,0.9166228175163269,0.9045266509056091,0.8825681209564209,1.1136388778686523,1.113700032234192,0.5835344195365906,0.7692476511001587,0.7733038067817688,0.805245041847229,0.8752910494804382,0.8853575587272644,0.6694475412368774,0.8210504651069641,0.7771241664886475,0.7521002292633057,0.7953881025314331,0.7739952206611633,0.777693510055542,1.0391680002212524
drawer,1.0876327753067017,1.0688222646713257,1.147027611732483,1.1258127689361572,1.1297036409378052,1.036301851272583,0.9966421127319336,1.0710848569869995,0.958891749382019,0.0,0.8615299463272095,1.07786226272583,1.0009527206420898,0.9563700556755066,0.9167580008506775,0.9568175673484802,0.7095994353294373,0.7900325059890747,0.6633282899856567,1.0004338026046753,0.978679358959198,1.1565873622894287,1.088300108909607,1.1064077615737915,1.093613862991333,0.9298898577690125,0.9206448793411255,1.1876212358474731,1.0499508380889893,1.056257724761963,0.9631532430648804,0.9821221232414246,0.9368818998336792,1.0598127841949463,1.0453983545303345,0.9381850957870483,0.751704216003418,0.9409667253494263,0.9100584387779236,0.8205483555793762,0.7873933911323547,0.9326357245445251,0.998559832572937,1.0286897420883179,0.8155837059020996,0.9195985794067383,0.9983278512954712,1.118249535560608,0.8934373259544373,0.8723382949829102,0.8247110843658447,0.9803732633590698,0.9851270318031311,1.0380280017852783,1.1825006008148193,1.189579963684082,1.1960833072662354,1.1443097591400146,1.1862449645996094,1.0501813888549805,1.1202033758163452,0.9598774909973145,0.9578273892402649,0.9773074388504028,0.9917210340499878,0.9230101108551025,0.773201584815979
chair,1.2879552841186523,1.2291592359542847,1.161555290222168,1.0407036542892456,0.9538702368736267,1.117873191833496,1.291855812072754,1.2665889263153076,0.8488138914108276,0.8615299463272095,0.0,0.6241937279701233,0.5774512887001038,0.5500044822692871,0.5015774965286255,0.6098698973655701,0.6831245422363281,0.7729142904281616,0.797159731388092,0.8085477948188782,0.8124721646308899,0.9179155230522156,0.9860155582427979,0.8498210906982422,0.8491379618644714,1.007838249206543,0.9977915287017822,0.9732236266136169,1.05746328830719,0.6194588541984558,0.6888062357902527,0.8187283277511597,0.8815171122550964,0.9654817581176758,0.9530335664749146,0.7805939316749573,0.8296012282371521,0.8604528307914734,1.0018155574798584,0.6074406504631042,0.67745441198349,0.8413131237030029,0.9586952924728394,1.166456937789917,0.8927420973777771,1.0321685075759888,1.0452677011489868,1.3148024082183838,1.1385295391082764,1.1617109775543213,1.039883017539978,1.1165010929107666,1.3250318765640259,1.0570917129516602,1.3211123943328857,1.3109400272369385,1.2719931602478027,1.316084861755371,1.218283772468567,1.0752980709075928,1.143986463546753,0.9153921008110046,0.8901031613349915,0.9825529456138611,0.9282815456390381,0.8000969290733337,0.7894325256347656
table,1.166295051574707,1.2531261444091797,1.0956765413284302,1.0085242986679077,0.7609341144561768,1.106715440750122,1.3374135494232178,1.3448721170425415,1.0563158988952637,1.07786226272583,0.6241937279701233,0.0,0.587123692035675,0.35413992404937744,0.672714352607727,0.5615582466125488,0.8480454087257385,0.710138201713562,0.784602701663971,0.5610679388046265,0.6908553242683411,0.7013607025146484,0.8058997392654419,0.7096635103225708,0.8473729491233826,1.1735997200012207,1.0871306657791138,1.002189040184021,1.0536658763885498,0.47033095359802246,0.8583186864852905,0.8203355669975281,0.8226830959320068,0.9775768518447876,0.8933289051055908,0.4842042326927185,0.9102118611335754,0.7923880815505981,0.8749241828918457,0.9444416165351868,0.8419268131256104,0.8847008943557739,1.1663105487823486,1.2082406282424927,1.050540566444397,1.0577147006988525,1.0147960186004639,1.3023253679275513,1.2625246047973633,1.2858998775482178,1.1794157028198242,1.050137996673584,1.0696905851364136,1.1359100341796875,1.206782579421997,1.2348723411560059,1.1785632371902466,1.2393431663513184,1.1420989036560059,1.1276212930679321,1.1211901903152466,0.6556230187416077,0.8605372905731201,0.9817683696746826,0.9785484075546265,0.9774391055107117,0.9352147579193115
couch,1.2206101417541504,1.0735923051834106,0.9374497532844543,0.7712210416793823,0.5991952419281006,1.0057438611984253,1.3002772331237793,1.2849191427230835,1.2221125364303589,1.0009527206420898,0.5774512887001038,0.587123692035675,0.0,0.17015427350997925,0.5102030634880066,0.5990173816680908,0.6360278725624084,0.5795761346817017,0.6565049290657043,0.6947337985038757,0.7283004522323608,0.5117622017860413,0.6814701557159424,0.45445191860198975,0.4604981541633606,1.060373306274414,0.9934706091880798,0.8373212218284607,0.8563314080238342,0.2773240804672241,0.30122649669647217,0.7482870221138,0.9423859119415283,1.0036314725875854,1.0126266479492188,0.7730420827865601,0.8424088954925537,0.8560795187950134,0.9275671243667603,1.1017687320709229,0.7043020725250244,0.8955162167549133,1.095282793045044,1.2162309885025024,1.2612640857696533,1.4099445343017578,1.405673861503601,1.4732110500335693,1.396033525466919,1.414993166923523,1.4008793830871582,1.1628022193908691,1.2409828901290894,1.1711796522140503,1.3433526754379272,1.3911820650100708,1.3499506711959839,1.4104406833648682,1.342703104019165,1.2749897241592407,1.3422245979309082,1.179713249206543,1.1727179288864136,1.2546463012695312,1.292030692100525,1.112890362739563,0.8843268156051636
bed,1.2713720798492432,1.2030526399612427,1.0436495542526245,0.8601278066635132,0.6198042631149292,1.0841271877288818,1.3860398530960083,1.370877742767334,1.180355429649353,0.9563700556755066,0.5500044822692871,0.35413992404937744,0.17015427350997925,0.0,0.39841967821121216,0.47411495447158813,0.6193297505378723,0.5581835508346558,0.6496263742446899,0.623218297958374,0.6326471567153931,0.523822546005249,0.6607946157455444,0.4399707317352295,0.5854992866516113,1.1266800165176392,1.0228111743927002,0.8807661533355713,0.9299838542938232,0.1859344244003296,0.4433351755142212,0.6714909672737122,0.8341536521911621,0.9973104000091553,1.004421353340149,0.6587201356887817,0.8173205852508545,0.8016571402549744,0.8511611223220825,1.0192500352859497,0.7149306535720825,0.8272626399993896,1.1436161994934082,1.297654628753662,1.2063372135162354,1.339501976966858,1.3369686603546143,1.4846861362457275,1.3599200248718262,1.401004672050476,1.3485667705535889,1.1002755165100098,1.193037748336792,1.188155174255371,1.3746752738952637,1.4233105182647705,1.395066738128662,1.4638986587524414,1.3876006603240967,1.2780386209487915,1.3571810722351074,1.0689266920089722,1.1145329475402832,1.213462233543396,1.2641289234161377,1.0870870351791382,0.8999955654144287
crib,1.169913411140442,1.150913119316101,1.0188847780227661,0.935738742351532,0.8291610479354858,1.0177801847457886,1.3319039344787598,1.338092565536499,1.0682247877120972,0.9167580008506775,0.5015774965286255,0.672714352607727,0.5102030634880066,0.39841967821121216,0.0,0.5779188871383667,0.6175935864448547,0.5834038257598877,0.6823269128799438,0.8449118137359619,0.718758761882782,0.7761605978012085,0.7436180710792542,0.6659197211265564,0.8089766502380371,1.1494823694229126,0.9915534853935242,0.9690501093864441,1.0170592069625854,0.5871604681015015,0.801363468170166,0.8740805387496948,1.0654624700546265,0.8281322717666626,0.803553581237793,0.7745605707168579,0.719375491142273,0.7251644134521484,0.9874556660652161,0.7025560736656189,0.8200558423995972,0.8613478541374207,1.2217333316802979,1.2672839164733887,1.1769057512283325,1.3500618934631348,1.3360002040863037,1.4619040489196777,1.3862422704696655,1.4085593223571777,1.3814436197280884,1.189626693725586,1.178576111793518,1.2001328468322754,1.3377348184585571,1.3967413902282715,1.37111496925354,1.3917559385299683,1.3331749439239502,1.1817548274993896,1.3139979839324951,1.139455795288086,1.1039373874664307,1.1525334119796753,1.134667158126831,0.999323308467865,0.9171018600463867
window,1.1879686117172241,1.1501911878585815,1.0095020532608032,0.8447999954223633,0.7372419834136963,1.079420566558838,1.2522776126861572,1.2794690132141113,0.9271451830863953,0.9568175673484802,0.6098698973655701,0.5615582466125488,0.5990173816680908,0.47411495447158813,0.5779188871383667,0.0,0.4854389429092407,0.48621678352355957,0.626994788646698,0.7162937521934509,0.6806071996688843,0.716625988483429,0.928106963634491,0.7808735966682434,0.7828015089035034,1.2823843955993652,1.129288911819458,1.066856861114502,1.1751891374588013,0.6381875276565552,0.914699137210846,1.0225805044174194,1.1007213592529297,1.0506038665771484,1.0541578531265259,0.8244736790657043,0.8982857465744019,0.8563236594200134,0.9669544100761414,1.020532250404358,1.0050626993179321,0.88153076171875,1.2083666324615479,1.1022801399230957,1.1405072212219238,1.202764868736267,1.2724369764328003,1.3315424919128418,1.1814206838607788,1.2329390048980713,1.2287437915802002,1.1120609045028687,1.2157589197158813,1.0639325380325317,1.2330870628356934,1.2920176982879639,1.2546114921569824,1.3021904230117798,1.2725293636322021,1.0653244256973267,1.2855744361877441,1.0621929168701172,1.1182907819747925,1.0949257612228394,1.162986159324646,1.0288084745407104,0.8320053219795227
door,1.1601207256317139,1.04558527469635,1.0246976613998413,0.902785062789917,0.8927832245826721,1.084497332572937,1.2437970638275146,1.2333711385726929,0.9870432615280151,0.7095994353294373,0.6831245422363281,0.8480454087257385,0.6360278725624084,0.6193297505378723,0.6175935864448547,0.4854389429092407,0.0,0.38158130645751953,0.563041090965271,0.702093243598938,0.7479721307754517,0.84185791015625,1.0116146802902222,0.8439136743545532,0.7004401087760925,1.2223780155181885,1.1106233596801758,1.1039972305297852,1.2060710191726685,0.8135104775428772,0.8949850797653198,1.0876919031143188,1.1351770162582397,1.1235982179641724,1.1352901458740234,0.9009996652603149,0.8195392489433289,1.0014485120773315,0.9903547167778015,1.0299263000488281,0.9786348342895508,0.9773889780044556,1.2211827039718628,1.096645474433899,1.0816158056259155,1.230004072189331,1.2733432054519653,1.3412399291992188,1.1444432735443115,1.1986503601074219,1.2167984247207642,1.0937399864196777,1.259319543838501,1.1397733688354492,1.2730180025100708,1.3290249109268188,1.2963106632232666,1.3260436058044434,1.291300654411316,1.157515525817871,1.2889212369918823,1.1058257818222046,1.152895212173462,1.1268856525421143,1.2429519891738892,1.0391608476638794,0.6806219816207886
refrigerator,1.2654433250427246,1.1899131536483765,0.9925116896629333,0.8944709300994873,0.7467488646507263,1.1112122535705566,1.3682109117507935,1.3741886615753174,1.1415159702301025,0.7900325059890747,0.7729142904281616,0.710138201713562,0.5795761346817017,0.5581835508346558,0.5834038257598877,0.48621678352355957,0.38158130645751953,0.0,0.191184401512146,0.5859993696212769,0.5990809202194214,0.7246148586273193,0.8866522908210754,0.7620311379432678,0.6529271602630615,1.3152121305465698,1.1016135215759277,1.0466610193252563,1.183950424194336,0.7651399970054626,0.9491374492645264,1.0829555988311768,1.132246971130371,1.07490074634552,1.0676380395889282,0.7342334389686584,0.7161789536476135,0.8589016199111938,0.8921208381652832,1.0133295059204102,0.9153045415878296,0.9724106192588806,1.3253966569900513,1.2336879968643188,1.1374205350875854,1.238483190536499,1.2538511753082275,1.4707486629486084,1.3133299350738525,1.3388664722442627,1.2796826362609863,1.081478476524353,1.228430151939392,1.2020878791809082,1.3986884355545044,1.42609703540802,1.379817247390747,1.4139721393585205,1.2981898784637451,1.2225618362426758,1.354360580444336,1.0664137601852417,1.0940526723861694,1.0762721300125122,1.1183416843414307,0.8994487524032593,0.47942686080932617
oven,1.2699730396270752,1.1882373094558716,1.0767314434051514,0.9775131940841675,0.8697150349617004,1.113602638244629,1.3304133415222168,1.3438152074813843,1.0986608266830444,0.6633282899856567,0.797159731388092,0.784602701663971,0.6565049290657043,0.6496263742446899,0.6823269128799438,0.626994788646698,0.563041090965271,0.191184401512146,0.0,0.6388980746269226,0.6864362359046936,0.8555436134338379,0.9831306338310242,0.861809253692627,0.7650200128555298,1.195810079574585,1.0276916027069092,1.0626469850540161,1.0865421295166016,0.7933328151702881,0.8743860721588135,0.9554181694984436,1.0313429832458496,1.0446802377700806,1.0708506107330322,0.721177339553833,0.7523005604743958,0.9323175549507141,0.937519907951355,0.8829694986343384,0.8191744089126587,0.970393180847168,1.2216970920562744,1.1972538232803345,1.0463873147964478,1.1335933208465576,1.177732229232788,1.426635503768921,1.2744284868240356,1.2673546075820923,1.1535677909851074,1.1162896156311035,1.2402340173721313,1.1565539836883545,1.3291906118392944,1.3565313816070557,1.334611177444458,1.3472110033035278,1.2656627893447876,1.1822032928466797,1.2267491817474365,0.950873613357544,0.9611876010894775,1.1041756868362427,1.080567479133606,0.8668177127838135,0.5590720176696777
sink,1.102341651916504,1.1803596019744873,1.1405240297317505,0.940954864025116,0.8109710216522217,1.0237767696380615,1.2820426225662231,1.3421478271484375,1.0963852405548096,1.0004338026046753,0.8085477948188782,0.5610679388046265,0.6947337985038757,0.623218297958374,0.8449118137359619,0.7162937521934509,0.702093243598938,0.5859993696212769,0.6388980746269226,0.0,0.3463698625564575,0.7870165109634399,0.9345828890800476,0.8288072347640991,0.8155966997146606,1.2108592987060547,1.1062424182891846,1.107734203338623,1.1004507541656494,0.7294378280639648,0.9061334133148193,0.9851617813110352,0.9821240901947021,1.1403509378433228,1.0303181409835815,0.24036449193954468,0.9915071129798889,1.0121574401855469,0.9665268659591675,1.0319701433181763,0.9790941476821899,0.8346047401428223,1.1969795227050781,1.1897461414337158,1.0226057767868042,1.023166537284851,0.9196332693099976,1.351245641708374,1.2079989910125732,1.2519516944885254,1.1505709886550903,1.0400711297988892,1.1066243648529053,1.0192618370056152,1.195165991783142,1.251650333404541,1.1578805446624756,1.2408250570297241,1.1759518384933472,1.1927647590637207,1.1855204105377197,0.4999762177467346,0.5371498465538025,1.0757088661193848,0.9666553735733032,0.800784707069397,0.6236161589622498
bathtub,1.0401185750961304,1.263723611831665,1.0922901630401611,0.9752281308174133,0.8306823968887329,1.0503308773040771,1.303771734237671,1.3532521724700928,1.0464805364608765,0.978679358959198,0.8124721646308899,0.6908553242683411,0.7283004522323608,0.6326471567153931,0.718758761882782,0.6806071996688843,0.7479721307754517,0.5990809202194214,0.6864362359046936,0.3463698625564575,0.0,0.8175976276397705,0.876956582069397,0.8216027021408081,0.8732457160949707,1.1393895149230957,1.0490669012069702,1.0647469758987427,1.1236531734466553,0.769192636013031,1.0463881492614746,0.9952029585838318,1.062237024307251,1.0880253314971924,0.8616372346878052,0.3773987889289856,0.9209386110305786,0.9150727391242981,0.9204181432723999,0.9652532339096069,0.9740103483200073,0.8085880279541016,1.2753632068634033,1.2641119956970215,0.9899556636810303,1.1574766635894775,1.0579590797424316,1.3856537342071533,1.2623958587646484,1.3480805158615112,1.241175651550293,0.9911172389984131,1.0770606994628906,1.0096745491027832,1.267235517501831,1.3420991897583008,1.2636804580688477,1.276254415512085,1.1417173147201538,1.1631312370300293,1.289948582649231,0.7435694932937622,0.5652951002120972,1.141394853591919,0.9934340715408325,0.7865481376647949,0.7767248749732971
shirt,1.1774046421051025,0.9323657751083374,0.7079604864120483,0.5815109610557556,0.4306211471557617,0.8763650059700012,1.110036015510559,1.1209843158721924,1.207942247390747,1.1565873622894287,0.9179155230522156,0.7013607025146484,0.5117622017860413,0.523822546005249,0.7761605978012085,0.716625988483429,0.84185791015625,0.7246148586273193,0.8555436134338379,0.7870165109634399,0.8175976276397705,0.0,0.351157546043396,0.23252403736114502,0.33657383918762207,1.116836428642273,0.9570015072822571,0.8465896248817444,0.9683670997619629,0.5080692768096924,0.670754075050354,1.0131938457489014,1.1503523588180542,1.0374171733856201,1.0752408504486084,0.8717063665390015,1.0365971326828003,0.8779240250587463,1.0148751735687256,1.3130155801773071,0.8782291412353516,0.981299877166748,1.0968961715698242,1.039551854133606,1.2261250019073486,1.358642816543579,1.3545719385147095,1.3862848281860352,1.3200325965881348,1.352752447128296,1.4189399480819702,1.1155672073364258,1.1358678340911865,1.245586633682251,1.3281594514846802,1.3202327489852905,1.3185160160064697,1.3351823091506958,1.3229248523712158,1.2901551723480225,1.3887451887130737,1.1812878847122192,1.2478941679000854,1.2601008415222168,1.2959226369857788,1.2132837772369385,1.0536243915557861
bib,1.0427641868591309,0.9802309274673462,0.8238430619239807,0.7334697246551514,0.6725009679794312,0.8574650883674622,1.1333225965499878,1.162306547164917,1.1097955703735352,1.088300108909607,0.9860155582427979,0.8058997392654419,0.6814701557159424,0.6607946157455444,0.7436180710792542,0.928106963634491,1.0116146802902222,0.8866522908210754,0.9831306338310242,0.9345828890800476,0.876956582069397,0.351157546043396,0.0,0.34362196922302246,0.625451922416687,1.0064313411712646,0.9092175364494324,0.764863133430481,0.762708306312561,0.5284687876701355,0.6436943411827087,0.7708173990249634,0.9090914130210876,0.809245228767395,0.8260893821716309,0.8337633609771729,0.9985336065292358,0.7079809308052063,0.8649146556854248,1.1829097270965576,0.7314899563789368,0.9848368167877197,1.0693340301513672,1.138264536857605,1.131148338317871,1.3638379573822021,1.3068071603775024,1.318559169769287,1.3249626159667969,1.3500630855560303,1.3858932256698608,1.0564900636672974,1.0193827152252197,1.2134251594543457,1.3106224536895752,1.3081512451171875,1.2835214138031006,1.3072142601013184,1.2173722982406616,1.2421642541885376,1.3464939594268799,1.1302199363708496,1.1838382482528687,1.1875802278518677,1.1913410425186157,1.1517966985702515,1.1771152019500732
pajamas,1.193946123123169,0.958703875541687,0.8816364407539368,0.6977841854095459,0.6000401973724365,0.8980065584182739,1.162301778793335,1.1473690271377563,1.21592116355896,1.1064077615737915,0.8498210906982422,0.7096635103225708,0.45445191860198975,0.4399707317352295,0.6659197211265564,0.7808735966682434,0.8439136743545532,0.7620311379432678,0.861809253692627,0.8288072347640991,0.8216027021408081,0.23252403736114502,0.34362196922302246,0.0,0.38843977451324463,0.9919584393501282,0.9026969075202942,0.6992044448852539,0.8391059041023254,0.32664954662323,0.5294634103775024,0.8026283979415894,1.0198287963867188,0.9491296410560608,0.9732542037963867,0.88613361120224,1.0316401720046997,0.8716934323310852,1.053558588027954,1.2298866510391235,0.8143795728683472,0.9435293674468994,1.0877256393432617,1.1187028884887695,1.1638870239257812,1.3689136505126953,1.3530628681182861,1.3758080005645752,1.3341529369354248,1.3719589710235596,1.3841527700424194,1.089173436164856,1.1348482370376587,1.2770118713378906,1.360560417175293,1.3753838539123535,1.3506312370300293,1.3504810333251953,1.295295238494873,1.291717529296875,1.4037058353424072,1.2059859037399292,1.2326384782791138,1.2785381078720093,1.2595715522766113,1.1821517944335938,1.0648918151855469
pants,1.195703387260437,0.9223707318305969,0.7883167266845703,0.648443341255188,0.5056600570678711,0.8985043168067932,1.0733438730239868,1.026681661605835,1.3018227815628052,1.093613862991333,0.8491379618644714,0.8473729491233826,0.4604981541633606,0.5854992866516113,0.8089766502380371,0.7828015089035034,0.7004401087760925,0.6529271602630615,0.7650200128555298,0.8155966997146606,0.8732457160949707,0.33657383918762207,0.625451922416687,0.38843977451324463,0.0,0.9314475655555725,0.8096275329589844,0.7111629247665405,0.9110216498374939,0.6410455107688904,0.6208784580230713,1.0163978338241577,1.1767061948776245,1.1041924953460693,1.1353996992111206,0.9761895537376404,1.0247728824615479,0.9966827630996704,1.046473741531372,1.3588595390319824,0.8727328777313232,1.0560294389724731,1.1507569551467896,1.089884638786316,1.2286601066589355,1.4288926124572754,1.3989355564117432,1.3510832786560059,1.287950038909912,1.3321194648742676,1.363870620727539,1.0779502391815186,1.1635479927062988,1.2619519233703613,1.3480126857757568,1.311981439590454,1.318361759185791,1.34627103805542,1.2846426963806152,1.3521122932434082,1.405791997909546,1.290635108947754,1.3265528678894043,1.276270866394043,1.3106367588043213,1.1914634704589844,0.9078845977783203
slipper,0.9816262722015381,0.9839546084403992,1.0709010362625122,1.0579159259796143,1.0552605390548706,0.8980513215065002,0.8698445558547974,0.6234954595565796,0.9889241456985474,0.9298898577690125,1.007838249206543,1.1735997200012207,1.060373306274414,1.1266800165176392,1.1494823694229126,1.2823843955993652,1.2223780155181885,1.3152121305465698,1.195810079574585,1.2108592987060547,1.1393895149230957,1.116836428642273,1.0064313411712646,0.9919584393501282,0.9314475655555725,0.0,0.2105787992477417,0.46634769439697266,0.5594673752784729,0.9916650652885437,0.851565957069397,0.7228248119354248,0.8161329030990601,0.9765137434005737,1.0131868124008179,1.1513242721557617,1.0435428619384766,1.065653681755066,1.0854731798171997,0.8894451260566711,0.7235502600669861,0.9069490432739258,0.6608443856239319,0.9123436212539673,0.8376113176345825,0.9814112186431885,0.9255028367042542,1.0058037042617798,1.0109816789627075,0.9741185903549194,0.8578671216964722,1.0440208911895752,0.9864650368690491,1.0129435062408447,1.0689914226531982,1.0058099031448364,1.0703105926513672,1.0239934921264648,0.943408727645874,0.963649332523346,0.8516478538513184,1.0192012786865234,0.9435374140739441,0.9658950567245483,0.892305850982666,0.9375307559967041,1.1778804063796997
shoe,1.0329275131225586,1.0132571458816528,1.0096296072006226,0.9312532544136047,0.9614569544792175,0.9311871528625488,1.0691426992416382,0.8532352447509766,1.0081926584243774,0.9206448793411255,0.9977915287017822,1.0871306657791138,0.9934706091880798,1.0228111743927002,0.9915534853935242,1.129288911819458,1.1106233596801758,1.1016135215759277,1.0276916027069092,1.1062424182891846,1.0490669012069702,0.9570015072822571,0.9092175364494324,0.9026969075202942,0.8096275329589844,0.2105787992477417,0.0,0.5313271880149841,0.6557376384735107,0.9671239256858826,0.9441627264022827,0.8254861831665039,0.9317034482955933,0.9499711394309998,0.9447236061096191,1.0593184232711792,0.8986345529556274,0.9012459516525269,1.0083808898925781,0.9161834120750427,0.7452265620231628,0.9076108932495117,0.9139445424079895,0.9385019540786743,0.8796324729919434,1.0829870700836182,1.0322574377059937,1.2033696174621582,1.1256135702133179,1.1017954349517822,1.039043664932251,1.0073771476745605,1.0034288167953491,1.0424169301986694,1.1959760189056396,1.226921558380127,1.2225818634033203,1.1684080362319946,1.0766490697860718,1.0125477313995361,1.0769805908203125,1.0397182703018188,1.0054113864898682,0.9800148606300354,0.954421877861023,0.9879555702209473,1.1372385025024414
sock,1.1644335985183716,0.9815140962600708,0.9829504489898682,0.9725688695907593,0.6083665490150452,0.6640865802764893,0.8796085715293884,0.6616339087486267,1.149571418762207,1.1876212358474731,0.9732236266136169,1.002189040184021,0.8373212218284607,0.8807661533355713,0.9690501093864441,1.066856861114502,1.1039972305297852,1.0466610193252563,1.0626469850540161,1.107734203338623,1.0647469758987427,0.8465896248817444,0.764863133430481,0.6992044448852539,0.7111629247665405,0.46634769439697266,0.5313271880149841,0.0,0.46205759048461914,0.747203528881073,0.6857484579086304,0.6250216364860535,0.7595084309577942,0.8386369943618774,0.9465448260307312,1.1017999649047852,1.0372254848480225,0.9751234650611877,0.9366925358772278,1.0469393730163574,0.9234480857849121,0.8163447380065918,1.0516239404678345,1.1215968132019043,1.0226138830184937,1.1648627519607544,1.1186327934265137,1.196781039237976,1.107557773590088,1.160967230796814,1.0984892845153809,0.8985916376113892,0.9457646608352661,1.0689812898635864,1.2469472885131836,1.2055706977844238,1.2410563230514526,1.2910196781158447,1.0860248804092407,1.1779148578643799,1.1476614475250244,1.2057859897613525,1.1364132165908813,1.0857347249984741,0.9757437705993652,1.011874794960022,1.0799264907836914
glove,0.8716130256652832,0.9843882322311401,1.0369070768356323,0.9888591766357422,0.818964421749115,0.5386576652526855,0.8114877939224243,0.7785611748695374,1.125465989112854,1.0499508380889893,1.05746328830719,1.0536658763885498,0.8563314080238342,0.9299838542938232,1.0170592069625854,1.1751891374588013,1.2060710191726685,1.183950424194336,1.0865421295166016,1.1004507541656494,1.1236531734466553,0.9683670997619629,0.762708306312561,0.8391059041023254,0.9110216498374939,0.5594673752784729,0.6557376384735107,0.46205759048461914,0.0,0.6898759603500366,0.636361300945282,0.37363457679748535,0.5526785254478455,0.8451072573661804,0.8777264952659607,1.0331761837005615,1.0850732326507568,0.9955748319625854,0.9029923677444458,0.9996442794799805,0.7894153594970703,0.8961684703826904,0.8369003534317017,1.0681334733963013,0.8656319975852966,1.1167283058166504,1.060397744178772,1.103515863418579,1.169901967048645,1.1325945854187012,1.0756492614746094,1.0082488059997559,0.9186871647834778,1.1663938760757446,1.1808289289474487,1.1675236225128174,1.138462781906128,1.116755485534668,0.976029634475708,1.0461801290512085,0.9929159879684448,1.1443833112716675,1.100045919418335,1.1345806121826172,1.0232354402542114,1.042168140411377,1.1794849634170532
blanket,1.2150328159332275,1.1191011667251587,1.0546512603759766,0.8488204479217529,0.7176965475082397,1.004078984260559,1.2889301776885986,1.283942699432373,1.1238324642181396,1.056257724761963,0.6194588541984558,0.47033095359802246,0.2773240804672241,0.1859344244003296,0.5871604681015015,0.6381875276565552,0.8135104775428772,0.7651399970054626,0.7933328151702881,0.7294378280639648,0.769192636013031,0.5080692768096924,0.5284687876701355,0.32664954662323,0.6410455107688904,0.9916650652885437,0.9671239256858826,0.747203528881073,0.6898759603500366,0.0,0.34586578607559204,0.4084789752960205,0.6566072702407837,0.98214191198349,0.9937934875488281,0.7511082887649536,0.9929967522621155,0.8691881895065308,0.9361936450004578,0.982918381690979,0.6711291074752808,0.7862528562545776,0.9703908562660217,1.1846531629562378,1.1492016315460205,1.2751274108886719,1.2754172086715698,1.3670727014541626,1.3123779296875,1.335182785987854,1.297912359237671,1.1085727214813232,1.206705093383789,1.2139064073562622,1.3322970867156982,1.3734797239303589,1.30314040184021,1.3845406770706177,1.287522315979004,1.1715859174728394,1.2454006671905518,1.067224144935608,1.0874619483947754,1.1630727052688599,1.1854504346847534,1.060837984085083,1.0168565511703491
pillow,1.107338309288025,1.0402966737747192,1.03330659866333,0.9448282122612,0.801246166229248,0.9703329205513,1.1337889432907104,1.1036916971206665,1.1344006061553955,0.9631532430648804,0.6888062357902527,0.8583186864852905,0.30122649669647217,0.4433351755142212,0.801363468170166,0.914699137210846,0.8949850797653198,0.9491374492645264,0.8743860721588135,0.9061334133148193,1.0463881492614746,0.670754075050354,0.6436943411827087,0.5294634103775024,0.6208784580230713,0.851565957069397,0.9441627264022827,0.6857484579086304,0.636361300945282,0.34586578607559204,0.0,0.4739762544631958,0.6017175912857056,0.9810882806777954,1.050950527191162,0.946548581123352,0.9978816509246826,0.9935750961303711,0.8854454159736633,0.9842388033866882,0.5390290021896362,0.9405954480171204,0.8091861009597778,1.1432453393936157,1.1556038856506348,1.2305124998092651,1.2485038042068481,1.2743628025054932,1.2500019073486328,1.2303900718688965,1.1837234497070312,1.108886957168579,1.1884757280349731,1.035463571548462,1.1986656188964844,1.2256500720977783,1.211431622505188,1.2567214965820312,1.2189650535583496,1.1762906312942505,1.1416409015655518,1.0931810140609741,1.0736693143844604,1.1082344055175781,1.091291069984436,0.9638570547103882,0.9396889805793762
