,frog,nose,face,hair,arm,hand,finger,toe,lamp,drawer,chair,table,couch,bed,crib,window,door,refrigerator,oven,sink,bathtub,shirt,bib,pajamas,pants,slipper,shoe,sock,glove,blanket,pillow,towel,napkin,doll,toy,tray,box,book,paper,basket,purse,comb,hat,glasses,scissors,fork,spoon,crayon,pencil,pen,knife,toothbrush,gum,balloon,ball,egg,orange,apple,banana,plant,bread,plate,bowl,bottle,cup,bucket,can
frog,0.0,0.8279070258140564,1.0787465572357178,1.196790337562561,1.3929027318954468,1.116532564163208,0.8358262777328491,0.7898164391517639,1.0960618257522583,1.0540436506271362,1.312798023223877,1.3927338123321533,1.3015902042388916,1.3496050834655762,1.3055951595306396,1.183007836341858,1.0985863208770752,1.2226474285125732,1.297750473022461,1.2838295698165894,1.2713478803634644,1.3328642845153809,1.2781331539154053,1.4090898036956787,1.2988991737365723,0.717049241065979,0.9131060242652893,1.273489236831665,0.9083123803138733,1.2898120880126953,1.1417351961135864,1.0364267826080322,1.0193182229995728,1.063523769378662,0.9954122304916382,1.1579216718673706,1.189866065979004,1.0768160820007324,1.1043353080749512,1.167348861694336,1.0844523906707764,1.2315959930419922,0.6414387822151184,0.806502103805542,0.9870734810829163,0.8227671384811401,0.7834036350250244,0.5299424529075623,0.6092967391014099,0.6215677261352539,0.7627599835395813,0.9190791249275208,0.8522689342498779,0.863046407699585,0.6333524584770203,0.621658205986023,0.5660017132759094,0.4389439821243286,0.47179996967315674,0.7571480870246887,0.5411396622657776,0.766742467880249,0.9434433579444885,0.8511069416999817,0.9408518671989441,1.0542762279510498,1.2131705284118652
nose,0.8279070258140564,0.0,0.5845671892166138,0.6765047311782837,1.0161267518997192,0.6750990152359009,0.40387892723083496,0.3592231273651123,1.100122094154358,1.045013189315796,1.2694635391235352,1.2979954481124878,1.1448068618774414,1.1911001205444336,1.1673749685287476,1.1334620714187622,1.1297844648361206,1.2563506364822388,1.2652561664581299,1.2165271043777466,1.1990234851837158,1.0513999462127686,1.037976622581482,1.100717544555664,1.0129166841506958,0.8123215436935425,0.9084821939468384,1.0110595226287842,0.994576632976532,1.1706268787384033,1.0880848169326782,1.1451702117919922,1.1330209970474243,0.939579427242279,1.1320219039916992,1.3095269203186035,1.2317249774932861,1.2113741636276245,1.1513795852661133,1.3221733570098877,1.1928507089614868,1.1510025262832642,0.6534772515296936,0.35826313495635986,1.2272180318832397,0.9874771237373352,0.9878717064857483,0.7239457368850708,0.7627860307693481,0.8022335767745972,0.9624753594398499,0.8956249952316284,0.9127039313316345,0.9258509874343872,0.7800352573394775,0.6523997187614441,0.7217484712600708,0.7149927020072937,0.8785329461097717,1.072658896446228,0.7709833383560181,1.0983178615570068,1.146780252456665,1.0554518699645996,1.087120771408081,1.2529988288879395,1.2226192951202393
face,1.0787465572357178,0.5845671892166138,0.0,0.4628956913948059,0.7199630737304688,0.8195606470108032,0.8776852488517761,0.831884503364563,1.1435829401016235,1.1193788051605225,1.093772053718567,0.921283483505249,0.7900286316871643,0.8023394346237183,0.916967511177063,0.9961126446723938,1.0384788513183594,0.9867972731590271,1.0420325994491577,1.1116139888763428,0.9750534892082214,0.6493172645568848,0.9411047101020813,0.7850571870803833,0.7438133955001831,1.1726384162902832,1.0928963422775269,1.1009931564331055,1.0693440437316895,0.9008042812347412,1.065328598022461,1.282153844833374,1.2668864727020264,0.8601950407028198,0.9816768169403076,1.1887187957763672,1.0788538455963135,1.0784053802490234,1.065200924873352,1.2402081489562988,1.2145476341247559,1.052161693572998,0.9938156008720398,0.6157565116882324,1.2327827215194702,1.2587149143218994,1.2728068828582764,1.1800869703292847,1.1995162963867188,1.2288885116577148,1.2395511865615845,1.1483110189437866,1.0775288343429565,1.1237612962722778,1.0940901041030884,1.0469543933868408,1.0983433723449707,1.0924584865570068,1.1455326080322266,1.1320598125457764,1.0811631679534912,1.2325401306152344,1.239641547203064,1.2183330059051514,1.1832361221313477,1.2758772373199463,1.1006876230239868
hair,1.196790337562561,0.6765047311782837,0.4628956913948059,0.0,0.6622209548950195,0.8069546222686768,0.8300647139549255,0.8333306312561035,1.0764265060424805,1.138959527015686,1.0462009906768799,0.9584938883781433,0.8636078238487244,0.878222644329071,1.0211068391799927,0.9244683980941772,1.0085735321044922,1.0397453308105469,1.0831634998321533,1.07636296749115,0.963298499584198,0.6251957416534424,0.877853274345398,0.739199161529541,0.6744824647903442,1.1434178352355957,1.0345150232315063,1.0156946182250977,1.0636305809020996,0.9182944297790527,1.0266456604003906,1.1961897611618042,1.2555650472640991,0.9946423768997192,1.1367499828338623,1.255675196647644,1.165710210800171,1.0807631015777588,1.1228364706039429,1.2098140716552734,1.117219090461731,0.899612545967102,0.8507394790649414,0.6606476902961731,1.1412895917892456,1.2029458284378052,1.257948875427246,1.1492153406143188,1.1371700763702393,1.131551742553711,1.1167066097259521,1.0894911289215088,1.1400483846664429,1.145477056503296,1.1291182041168213,1.0962684154510498,1.1557458639144897,1.145615816116333,1.1942185163497925,0.9986070990562439,1.1234028339385986,1.3405693769454956,1.3332027196884155,1.1919463872909546,1.3008317947387695,1.3479630947113037,1.1426730155944824
arm,1.3929027318954468,1.0161267518997192,0.7199630737304688,0.6622209548950195,0.0,0.5031321048736572,0.8316830992698669,0.8898706436157227,1.1274869441986084,1.1079764366149902,0.9392751455307007,0.6854057908058167,0.6786282062530518,0.6804180145263672,0.9337779879570007,0.9539377093315125,1.0105937719345093,0.9472104907035828,0.9525777101516724,0.9249252676963806,0.840936005115509,0.51856529712677,0.7660331726074219,0.6026724576950073,0.5651663541793823,1.21885347366333,1.0779074430465698,0.6589358448982239,0.7364668846130371,0.7056158781051636,0.8516188859939575,1.0856306552886963,1.0858204364776611,1.0253925323486328,1.137537956237793,1.036661982536316,1.0814164876937866,1.0316545963287354,0.9224249720573425,1.2361869812011719,1.2068047523498535,0.87751305103302,1.3482615947723389,1.080916404724121,1.0621204376220703,1.2491867542266846,1.297750473022461,1.2830815315246582,1.267614483833313,1.258359670639038,1.1628832817077637,1.0597854852676392,1.161800503730774,1.2786874771118164,1.3411664962768555,1.2907776832580566,1.3345545530319214,1.3700904846191406,1.2349283695220947,1.150591254234314,1.1925634145736694,1.383673906326294,1.3479158878326416,1.2815446853637695,1.2609859704971313,1.3070237636566162,1.0736552476882935
hand,1.116532564163208,0.6750990152359009,0.8195606470108032,0.8069546222686768,0.5031321048736572,0.0,0.3076443076133728,0.44680583477020264,1.1652811765670776,1.084296703338623,1.1400201320648193,1.063348412513733,1.045867681503296,1.0704543590545654,1.1160048246383667,1.0899770259857178,1.0970401763916016,1.1255207061767578,1.1598424911499023,1.0249910354614258,1.051405429840088,0.9142963290214539,0.9325778484344482,0.9442142844200134,0.9197624325752258,0.9146864414215088,0.953099250793457,0.7293809652328491,0.4944252371788025,0.992271363735199,1.0085166692733765,1.0803165435791016,1.0355863571166992,0.970413327217102,1.0892724990844727,0.9575748443603516,1.154783010482788,1.0286237001419067,0.9647517204284668,1.1896686553955078,1.167496681213379,0.9540972709655762,1.0581669807434082,0.8561087846755981,1.0605003833770752,0.9719825983047485,1.0051172971725464,1.0415599346160889,1.0338134765625,1.0114555358886719,1.0204554796218872,0.8889686465263367,0.9137246012687683,1.108759880065918,1.11349356174469,1.0397396087646484,1.087861180305481,1.0792882442474365,1.0322688817977905,1.1040745973587036,1.0272932052612305,1.1625149250030518,1.119534969329834,1.1560182571411133,1.0711308717727661,1.2092496156692505,1.221056580543518
finger,0.8358262777328491,0.40387892723083496,0.8776852488517761,0.8300647139549255,0.8316830992698669,0.3076443076133728,0.0,0.10383176803588867,1.1530150175094604,1.0543006658554077,1.2828662395477295,1.3757665157318115,1.2378408908843994,1.288987636566162,1.3242006301879883,1.1854310035705566,1.1583948135375977,1.3018769025802612,1.346312165260315,1.2112432718276978,1.1885194778442383,1.09844172000885,1.1510677337646484,1.151421308517456,0.9921690225601196,0.6642112731933594,0.8560843467712402,0.7952559590339661,0.7195655703544617,1.2335776090621948,1.1134333610534668,1.1335077285766602,1.1110531091690063,1.114421010017395,1.2410632371902466,1.207358479499817,1.2806031703948975,1.1445436477661133,1.091240406036377,1.3192684650421143,1.2152409553527832,1.0827970504760742,0.7305787801742554,0.6430354118347168,1.1587698459625244,0.8563723564147949,0.8873757123947144,0.5556588172912598,0.6013544201850891,0.6275602579116821,0.7745780944824219,0.7208854556083679,0.8233537077903748,0.9524497389793396,0.7887887954711914,0.6189458966255188,0.6965938806533813,0.680809736251831,0.8077669143676758,1.0531420707702637,0.749671995639801,1.090672254562378,1.1368229389190674,0.9892743825912476,1.0593376159667969,1.2189428806304932,1.2249928712844849
toe,0.7898164391517639,0.3592231273651123,0.831884503364563,0.8333306312561035,0.8898706436157227,0.44680583477020264,0.10383176803588867,0.0,1.154227614402771,1.0678967237472534,1.30913245677948,1.4281189441680908,1.242244005203247,1.2918367385864258,1.3330085277557373,1.2516138553619385,1.1861226558685303,1.3252906799316406,1.351313829421997,1.2600901126861572,1.1893079280853271,1.1371709108352661,1.1515544652938843,1.1736263036727905,0.9936748147010803,0.43112683296203613,0.6349581480026245,0.7328379154205322,0.6897570490837097,1.2358837127685547,1.1002894639968872,1.0894086360931396,1.0935760736465454,1.0797263383865356,1.2502827644348145,1.2668707370758057,1.2648282051086426,1.1678885221481323,1.1374375820159912,1.2978202104568481,1.140472173690796,1.1372066736221313,0.6649408340454102,0.5972780585289001,1.2106307744979858,0.8825568556785583,0.9035188555717468,0.5870637893676758,0.6459740400314331,0.6762822866439819,0.8152803778648376,0.7871675491333008,0.8671216368675232,0.9474996328353882,0.7561620473861694,0.5942456722259521,0.6730571985244751,0.6576505899429321,0.7970131039619446,1.0739530324935913,0.708440363407135,1.0656238794326782,1.1139320135116577,0.9621575474739075,1.0349760055541992,1.1890536546707153,1.2265127897262573
lamp,1.0960618257522583,1.100122094154358,1.1435829401016235,1.0764265060424805,1.1274869441986084,1.1652811765670776,1.1530150175094604,1.154227614402771,0.0,0.909899115562439,0.8691046833992004,1.0312389135360718,1.0963444709777832,1.0893760919570923,1.0022369623184204,0.7128790616989136,0.8441576361656189,1.0346174240112305,1.0086188316345215,0.9673779606819153,0.9818349480628967,1.1113414764404297,1.084425687789917,1.0966285467147827,1.2002815008163452,1.0102108716964722,1.0132701396942139,1.0042834281921387,1.1288448572158813,1.061280608177185,1.0003327131271362,0.9514868855476379,0.9742238521575928,1.0088815689086914,1.0549266338348389,1.0662200450897217,1.0587557554244995,1.0380953550338745,1.0384985208511353,0.752169132232666,0.9880610108375549,0.8255310654640198,0.8666174411773682,1.0533089637756348,0.8841942548751831,0.8385875225067139,0.8192653059959412,1.0016266107559204,0.9224565029144287,0.947506844997406,0.9584115147590637,0.9470279216766357,1.0953527688980103,0.7758161425590515,0.8780366778373718,0.9356517195701599,0.947762131690979,1.0133105516433716,1.0542864799499512,0.8823921084403992,1.03037691116333,0.8322395086288452,0.8267618417739868,0.9980359077453613,0.9502862691879272,0.935278594493866,0.9358705878257751
drawer,1.0540436506271362,1.045013189315796,1.1193788051605225,1.138959527015686,1.1079764366149902,1.084296703338623,1.0543006658554077,1.0678967237472534,0.909899115562439,0.0,0.7899926900863647,0.9178836345672607,0.9184784293174744,0.9479165077209473,0.8663336038589478,0.9437374472618103,0.6105198264122009,0.5318230390548706,0.4839678406715393,0.6562854051589966,0.7157694101333618,1.1897680759429932,1.1166472434997559,1.1064321994781494,1.120756983757019,0.9575321674346924,0.9667676687240601,1.088273048400879,1.076338291168213,1.0689775943756104,0.9205739498138428,0.912278413772583,0.8823071718215942,1.0183175802230835,1.0223238468170166,0.6957817077636719,0.6823159456253052,0.8991160988807678,0.8051326274871826,0.8184740543365479,0.8730882406234741,0.8531941771507263,1.0384886264801025,1.0324734449386597,0.8631541728973389,0.8525736331939697,0.9213138222694397,0.9898947477340698,0.9154432415962219,0.8887748718261719,0.7869345545768738,0.9659919738769531,1.104541301727295,1.1693847179412842,1.1565319299697876,1.1827366352081299,1.1523258686065674,1.167065143585205,1.1213616132736206,1.0216954946517944,1.12029230594635,0.9901923537254333,0.9773960709571838,1.0382046699523926,1.0176682472229004,0.9367397427558899,0.8405416011810303
chair,1.312798023223877,1.2694635391235352,1.093772053718567,1.0462009906768799,0.9392751455307007,1.1400201320648193,1.2828662395477295,1.30913245677948,0.8691046833992004,0.7899926900863647,0.0,0.402829110622406,0.42839884757995605,0.600157618522644,0.6069202423095703,0.6037304401397705,0.5963115692138672,0.7264108657836914,0.682276725769043,0.794106125831604,0.7951974868774414,0.9269654750823975,0.9874776005744934,0.8894838094711304,0.8242952823638916,1.2221392393112183,1.1822303533554077,1.0397869348526,1.1637096405029297,0.8005740642547607,0.6689282655715942,0.8878754377365112,0.957551896572113,1.0061635971069336,0.9482546448707581,0.9354073405265808,0.7578949928283691,0.9147208333015442,0.9662489891052246,0.8189467191696167,0.7951563596725464,0.9939820170402527,1.1807169914245605,1.2326925992965698,0.9695467948913574,1.1324154138565063,1.175613522529602,1.3343013525009155,1.2757428884506226,1.2790852785110474,1.112661600112915,1.2713305950164795,1.3120627403259277,1.2600167989730835,1.3128700256347656,1.3729932308197021,1.3295667171478271,1.3763246536254883,1.312874436378479,1.018730878829956,1.2987349033355713,1.162072777748108,1.0867269039154053,1.0826525688171387,1.0344390869140625,0.9086378216743469,0.7559470534324646
table,1.3927338123321533,1.2979954481124878,0.921283483505249,0.9584938883781433,0.6854057908058167,1.063348412513733,1.3757665157318115,1.4281189441680908,1.0312389135360718,0.9178836345672607,0.402829110622406,0.0,0.44857192039489746,0.48662424087524414,0.5747582912445068,0.7112897634506226,0.8130082488059998,0.7102760076522827,0.6959714889526367,0.6977837085723877,0.7093971967697144,0.6733121871948242,0.811809778213501,0.7167412042617798,0.722726583480835,1.4252042770385742,1.2819570302963257,1.0861382484436035,1.2187659740447998,0.6914247274398804,0.8452972173690796,1.0682622194290161,0.9945741891860962,0.9958788752555847,0.8903599977493286,0.728434145450592,0.7491294145584106,0.8077932000160217,0.8015106320381165,0.9245303273200989,1.0481836795806885,1.0262972116470337,1.39361572265625,1.2552927732467651,1.048571228981018,1.2110264301300049,1.204800009727478,1.4664546251296997,1.4276618957519531,1.4133073091506958,1.2895212173461914,1.2820278406143188,1.1700868606567383,1.255422830581665,1.391842246055603,1.4297667741775513,1.4315768480300903,1.4537851810455322,1.374575138092041,1.0893242359161377,1.3190770149230957,1.0721139907836914,1.0575523376464844,1.187633752822876,1.0604945421218872,1.0266855955123901,0.8241270780563354
couch,1.3015902042388916,1.1448068618774414,0.7900286316871643,0.8636078238487244,0.6786282062530518,1.045867681503296,1.2378408908843994,1.242244005203247,1.0963444709777832,0.9184784293174744,0.42839884757995605,0.44857192039489746,0.0,0.17100614309310913,0.6113321185112,0.7646820545196533,0.7851136326789856,0.7545594573020935,0.7071740627288818,0.8915960788726807,0.7171770930290222,0.6202566623687744,0.8005987405776978,0.5807161927223206,0.5594820976257324,1.2889517545700073,1.1849889755249023,0.9346268773078918,1.0315123796463013,0.3791344165802002,0.34742969274520874,0.8341471552848816,0.97701096534729,0.9160698056221008,1.0140032768249512,1.0500853061676025,0.8336467742919922,0.921176552772522,0.9449750185012817,1.019960641860962,0.9589111804962158,1.1281744241714478,1.2588529586791992,1.1414918899536133,1.199693202972412,1.4073407649993896,1.4056971073150635,1.3964968919754028,1.3886685371398926,1.4021209478378296,1.334599494934082,1.3512102365493774,1.2767136096954346,1.2774676084518433,1.3266510963439941,1.3503237962722778,1.3406059741973877,1.3985918760299683,1.3217945098876953,1.1186870336532593,1.278709888458252,1.323652982711792,1.269719123840332,1.264662504196167,1.2115757465362549,1.1513252258300781,0.9082089066505432
bed,1.3496050834655762,1.1911001205444336,0.8023394346237183,0.878222644329071,0.6804180145263672,1.0704543590545654,1.288987636566162,1.2918367385864258,1.0893760919570923,0.9479165077209473,0.600157618522644,0.48662424087524414,0.17100614309310913,0.0,0.44424355030059814,0.7872495651245117,0.8011674880981445,0.7720098495483398,0.6995376944541931,0.8646776080131531,0.6371954679489136,0.5589156746864319,0.6938579082489014,0.4641955494880676,0.596984326839447,1.290703296661377,1.187300205230713,0.8750084638595581,1.0514156818389893,0.18453967571258545,0.31292468309402466,0.7505252361297607,0.9028720855712891,0.8677204251289368,1.0136637687683105,1.007045865058899,0.8608133792877197,0.889427125453949,0.8994197845458984,0.9878267645835876,1.0164848566055298,1.0804126262664795,1.3041727542877197,1.1764345169067383,1.1646769046783447,1.3964366912841797,1.3952833414077759,1.4112907648086548,1.4012271165847778,1.4033969640731812,1.3628097772598267,1.3322713375091553,1.2662010192871094,1.2928329706192017,1.3509206771850586,1.3709354400634766,1.3799721002578735,1.4360358715057373,1.3720698356628418,1.1338361501693726,1.2922513484954834,1.2887855768203735,1.2621477842330933,1.3077778816223145,1.253166913986206,1.1925568580627441,0.9564101696014404
crib,1.3055951595306396,1.1673749685287476,0.916967511177063,1.0211068391799927,0.9337779879570007,1.1160048246383667,1.3242006301879883,1.3330085277557373,1.0022369623184204,0.8663336038589478,0.6069202423095703,0.5747582912445068,0.6113321185112,0.44424355030059814,0.0,0.7592765092849731,0.8057831525802612,0.7094175219535828,0.7111971378326416,0.8579654693603516,0.7090778946876526,0.8320295214653015,0.7004538178443909,0.6288297176361084,0.9381304979324341,1.2611192464828491,1.183753490447998,0.9925898313522339,1.1786344051361084,0.6128097772598267,0.7867857217788696,0.9723966717720032,1.076525330543518,0.5497474074363708,0.6329268217086792,0.8653987050056458,0.6816879510879517,0.8645925521850586,1.0230371952056885,0.6218708753585815,0.9654109477996826,1.0409376621246338,1.275917410850525,1.2452809810638428,1.053901195526123,1.2868711948394775,1.2808341979980469,1.3654865026474,1.3485333919525146,1.3651660680770874,1.3055264949798584,1.221765160560608,1.2277499437332153,1.2145189046859741,1.3283085823059082,1.3302271366119385,1.344658613204956,1.3858606815338135,1.2945319414138794,1.0662492513656616,1.3106403350830078,1.172499656677246,1.0983397960662842,1.1604300737380981,1.0746415853500366,0.9310703873634338,0.8800918459892273
window,1.183007836341858,1.1334620714187622,0.9961126446723938,0.9244683980941772,0.9539377093315125,1.0899770259857178,1.1854310035705566,1.2516138553619385,0.7128790616989136,0.9437374472618103,0.6037304401397705,0.7112897634506226,0.7646820545196533,0.7872495651245117,0.7592765092849731,0.0,0.513951301574707,0.7190259099006653,0.754755437374115,0.8724298477172852,0.8460297584533691,0.8535574078559875,1.0629619359970093,0.8938161730766296,0.9654671549797058,1.2768861055374146,1.24993896484375,1.1503262519836426,1.264866590499878,0.8906083106994629,0.9362226724624634,1.0365502834320068,1.0726125240325928,1.0494046211242676,1.092983603477478,1.0878902673721313,1.037203073501587,1.007418155670166,1.0009454488754272,1.0289456844329834,1.069098711013794,0.9130783081054688,1.1813273429870605,1.0424245595932007,1.0706186294555664,1.1498641967773438,1.2020584344863892,1.1957186460494995,1.1224055290222168,1.132466197013855,1.1158922910690308,1.2163190841674805,1.237491488456726,1.171954870223999,1.241448163986206,1.2813297510147095,1.2402875423431396,1.2467674016952515,1.2731711864471436,0.7631824612617493,1.2773524522781372,1.2025089263916016,1.2254362106323242,1.1483161449432373,1.1922309398651123,1.1690332889556885,0.983548104763031
door,1.0985863208770752,1.1297844648361206,1.0384788513183594,1.0085735321044922,1.0105937719345093,1.0970401763916016,1.1583948135375977,1.1861226558685303,0.8441576361656189,0.6105198264122009,0.5963115692138672,0.8130082488059998,0.7851136326789856,0.8011674880981445,0.8057831525802612,0.513951301574707,0.0,0.41838300228118896,0.5863345861434937,0.6792367696762085,0.6528635025024414,0.9544274210929871,1.0795572996139526,0.9531586766242981,0.8825660943984985,1.1715261936187744,1.1816632747650146,1.1595362424850464,1.245872974395752,0.9631909132003784,0.8475881814956665,0.9604880809783936,1.0294640064239502,1.1130703687667847,1.1063826084136963,1.0044186115264893,0.8883291482925415,1.046144723892212,0.9629795551300049,0.9787488579750061,0.9648399949073792,1.0243315696716309,1.1389834880828857,1.0758439302444458,0.9628276824951172,1.0831459760665894,1.1195495128631592,1.1096919775009155,1.0534067153930664,1.0679199695587158,1.0024542808532715,1.0983638763427734,1.2417281866073608,1.1840569972991943,1.191994547843933,1.2324588298797607,1.1833704710006714,1.2104545831680298,1.1659451723098755,0.9370664358139038,1.231292963027954,1.1371796131134033,1.1646968126296997,1.0558151006698608,1.1853089332580566,1.0536243915557861,0.8484631776809692
refrigerator,1.2226474285125732,1.2563506364822388,0.9867972731590271,1.0397453308105469,0.9472104907035828,1.1255207061767578,1.3018769025802612,1.3252906799316406,1.0346174240112305,0.5318230390548706,0.7264108657836914,0.7102760076522827,0.7545594573020935,0.7720098495483398,0.7094175219535828,0.7190259099006653,0.41838300228118896,0.0,0.20021891593933105,0.6031489968299866,0.6918315291404724,0.8876607418060303,0.9315621852874756,0.867389440536499,0.8784409761428833,1.2930693626403809,1.204614520072937,1.1192961931228638,1.1935396194458008,0.9136204123497009,0.95577073097229,1.0137146711349487,1.0547300577163696,0.9949551820755005,0.9381427764892578,0.8423850536346436,0.7731651067733765,0.8651606440544128,0.8477107286453247,0.8509209752082825,0.9629224538803101,1.0454457998275757,1.2734673023223877,1.1744499206542969,1.0423967838287354,1.1571358442306519,1.1826070547103882,1.3106493949890137,1.299879550933838,1.2988886833190918,1.1726301908493042,1.176342487335205,1.1883803606033325,1.2542362213134766,1.2990738153457642,1.3356938362121582,1.280704140663147,1.2810745239257812,1.225430965423584,1.0197526216506958,1.2543708086013794,1.1032485961914062,1.0773440599441528,1.0144909620285034,1.0349987745285034,0.9176332950592041,0.7465587854385376
oven,1.297750473022461,1.2652561664581299,1.0420325994491577,1.0831634998321533,0.9525777101516724,1.1598424911499023,1.346312165260315,1.351313829421997,1.0086188316345215,0.4839678406715393,0.682276725769043,0.6959714889526367,0.7071740627288818,0.6995376944541931,0.7111971378326416,0.754755437374115,0.5863345861434937,0.20021891593933105,0.0,0.5110923051834106,0.6235344409942627,0.8860407471656799,0.9090626239776611,0.8048713207244873,0.8379627466201782,1.241791009902954,1.1528236865997314,1.0485323667526245,1.0951416492462158,0.7933676838874817,0.8782268166542053,0.8532812595367432,0.9204217791557312,0.9855918884277344,1.033789873123169,0.8097360730171204,0.8133337497711182,0.9634646773338318,0.8914369344711304,0.8545479774475098,0.9274605512619019,0.9658796191215515,1.2830431461334229,1.1987037658691406,1.0172306299209595,1.0903046131134033,1.1385002136230469,1.3544940948486328,1.301217794418335,1.2877479791641235,1.116326093673706,1.2120506763458252,1.2918623685836792,1.3196732997894287,1.355139970779419,1.3819289207458496,1.3404383659362793,1.354254126548767,1.2385501861572266,1.0509616136550903,1.2324464321136475,1.0541006326675415,1.0002562999725342,1.12325119972229,1.033567190170288,0.9066169261932373,0.6896629333496094
sink,1.2838295698165894,1.2165271043777466,1.1116139888763428,1.07636296749115,0.9249252676963806,1.0249910354614258,1.2112432718276978,1.2600901126861572,0.9673779606819153,0.6562854051589966,0.794106125831604,0.6977837085723877,0.8915960788726807,0.8646776080131531,0.8579654693603516,0.8724298477172852,0.6792367696762085,0.6031489968299866,0.5110923051834106,0.0,0.20679974555969238,0.9982154965400696,1.0453741550445557,0.9686490893363953,1.0098005533218384,1.2284910678863525,1.2099577188491821,1.0130245685577393,1.1571463346481323,0.968155026435852,0.897408127784729,0.9403893947601318,0.8411824107170105,1.1002421379089355,1.030096411705017,0.6196622252464294,0.9283568263053894,1.06842839717865,0.8885407447814941,0.8611986637115479,1.0504626035690308,0.8883969783782959,1.3059319257736206,1.200246810913086,0.8978479504585266,0.8467228412628174,0.8079622387886047,1.2917979955673218,1.2136869430541992,1.173372745513916,1.0335015058517456,1.0168343782424927,1.0888265371322632,1.103716254234314,1.2650208473205566,1.243062973022461,1.264664888381958,1.2924107313156128,1.289296269416809,1.0530949831008911,1.294205904006958,0.8008028268814087,0.6544812917709351,0.9159094095230103,0.8356249332427979,0.6990094184875488,0.608372688293457
bathtub,1.2713478803634644,1.1990234851837158,0.9750534892082214,0.963298499584198,0.840936005115509,1.051405429840088,1.1885194778442383,1.1893079280853271,0.9818349480628967,0.7157694101333618,0.7951974868774414,0.7093971967697144,0.7171770930290222,0.6371954679489136,0.7090778946876526,0.8460297584533691,0.6528635025024414,0.6918315291404724,0.6235344409942627,0.20679974555969238,0.0,0.9066958427429199,0.9679180383682251,0.8482529520988464,0.8887679576873779,1.1910356283187866,1.1465239524841309,0.9516315460205078,1.172461748123169,0.8007446527481079,0.8014650940895081,0.9177196025848389,0.8979715704917908,1.0011940002441406,0.9790817499160767,0.7334831953048706,0.9195849895477295,1.0534669160842896,0.9219142198562622,0.8593416213989258,1.100835919380188,0.9707652926445007,1.2890772819519043,1.198886752128601,0.9275597333908081,1.05604887008667,1.0114704370498657,1.2591782808303833,1.2202661037445068,1.2104237079620361,1.1230628490447998,0.9985949397087097,1.0928007364273071,1.1611615419387817,1.2998450994491577,1.269350528717041,1.2998862266540527,1.3540713787078857,1.3166685104370117,1.0567493438720703,1.3310251235961914,0.9338207244873047,0.8017709255218506,1.0539835691452026,0.99101322889328,0.8271695971488953,0.6790844202041626
shirt,1.3328642845153809,1.0513999462127686,0.6493172645568848,0.6251957416534424,0.51856529712677,0.9142963290214539,1.09844172000885,1.1371709108352661,1.1113414764404297,1.1897680759429932,0.9269654750823975,0.6733121871948242,0.6202566623687744,0.5589156746864319,0.8320295214653015,0.8535574078559875,0.9544274210929871,0.8876607418060303,0.8860407471656799,0.9982154965400696,0.9066958427429199,0.0,0.463830828666687,0.24296104907989502,0.30557388067245483,1.3039891719818115,1.123353362083435,0.9003759622573853,1.0456433296203613,0.569109320640564,0.837875247001648,0.9668094515800476,1.103472352027893,0.985579252243042,1.1238833665847778,1.1217044591903687,1.0896632671356201,1.0022056102752686,0.9805689454078674,1.1600379943847656,1.0085595846176147,1.0216237306594849,1.1852613687515259,0.9979307651519775,1.148154377937317,1.3627521991729736,1.3765442371368408,1.3434826135635376,1.3289220333099365,1.34083890914917,1.3109948635101318,1.2644598484039307,1.2618367671966553,1.3031086921691895,1.3296678066253662,1.3190650939941406,1.3508083820343018,1.356731653213501,1.3343323469161987,1.1598296165466309,1.2955032587051392,1.3569626808166504,1.3279423713684082,1.2777988910675049,1.2572251558303833,1.284605622291565,1.0311833620071411
bib,1.2781331539154053,1.037976622581482,0.9411047101020813,0.877853274345398,0.7660331726074219,0.9325778484344482,1.1510677337646484,1.1515544652938843,1.084425687789917,1.1166472434997559,0.9874776005744934,0.811809778213501,0.8005987405776978,0.6938579082489014,0.7004538178443909,1.0629619359970093,1.0795572996139526,0.9315621852874756,0.9090626239776611,1.0453741550445557,0.9679180383682251,0.463830828666687,0.0,0.36827409267425537,0.6461752653121948,1.1479220390319824,1.012080192565918,0.6320804357528687,0.8326327800750732,0.4974498748779297,0.6903378963470459,0.5696086883544922,0.6931757926940918,0.6948258280754089,0.933286190032959,0.957147479057312,0.9080605506896973,0.8328450918197632,0.8211885690689087,0.8775163888931274,0.7652205228805542,1.0617272853851318,1.0682848691940308,1.1302852630615234,1.080428123474121,1.2675092220306396,1.2658969163894653,1.3832423686981201,1.375213623046875,1.3770719766616821,1.316513180732727,1.2147351503372192,1.1050045490264893,1.2348707914352417,1.3101836442947388,1.2647590637207031,1.308667540550232,1.3483706712722778,1.174210786819458,1.116481065750122,1.1533929109573364,1.1610119342803955,1.1513392925262451,1.1255784034729004,1.057963252067566,1.025188684463501,1.0026333332061768
pajamas,1.4090898036956787,1.100717544555664,0.7850571870803833,0.739199161529541,0.6026724576950073,0.9442142844200134,1.151421308517456,1.1736263036727905,1.0966285467147827,1.1064321994781494,0.8894838094711304,0.7167412042617798,0.5807161927223206,0.4641955494880676,0.6288297176361084,0.8938161730766296,0.9531586766242981,0.867389440536499,0.8048713207244873,0.9686490893363953,0.8482529520988464,0.24296104907989502,0.36827409267425537,0.0,0.3636287450790405,1.2001526355743408,1.0309107303619385,0.7427406311035156,1.001155972480774,0.39319199323654175,0.670637845993042,0.801500678062439,1.0202089548110962,0.7002953886985779,0.9701293110847473,1.0690219402313232,1.0102335214614868,0.9547483325004578,0.9970867037773132,0.9992095232009888,0.9561909437179565,0.9803423881530762,1.2114067077636719,1.0907515287399292,1.139113187789917,1.3525389432907104,1.3690235614776611,1.375935673713684,1.3636075258255005,1.3657066822052002,1.303499698638916,1.2615563869476318,1.2760396003723145,1.2832343578338623,1.345456600189209,1.3518702983856201,1.3688392639160156,1.4002139568328857,1.3433916568756104,1.1433662176132202,1.3237727880477905,1.3393176794052124,1.2929916381835938,1.2766268253326416,1.2153652906417847,1.1897131204605103,1.0307646989822388
pants,1.2988991737365723,1.0129166841506958,0.7438133955001831,0.6744824647903442,0.5651663541793823,0.9197624325752258,0.9921690225601196,0.9936748147010803,1.2002815008163452,1.120756983757019,0.8242952823638916,0.722726583480835,0.5594820976257324,0.596984326839447,0.9381304979324341,0.9654671549797058,0.8825660943984985,0.8784409761428833,0.8379627466201782,1.0098005533218384,0.8887679576873779,0.30557388067245483,0.6461752653121948,0.3636287450790405,0.0,1.1519440412521362,0.9880038499832153,0.8192517757415771,0.9809150099754333,0.643913984298706,0.7412824034690857,0.9259697794914246,1.095485806465149,1.0815916061401367,1.195103406906128,1.1840918064117432,1.0875121355056763,1.053554892539978,1.049193263053894,1.2176047563552856,0.9738141298294067,1.1560698747634888,1.1595776081085205,0.9878866672515869,1.1755425930023193,1.3555126190185547,1.3939101696014404,1.2784373760223389,1.2623615264892578,1.274825930595398,1.1930065155029297,1.2510275840759277,1.2616206407546997,1.3069988489151,1.29148530960083,1.259629249572754,1.302607774734497,1.3172101974487305,1.2642256021499634,1.1899303197860718,1.2389765977859497,1.39994215965271,1.3741722106933594,1.2950842380523682,1.2771300077438354,1.244022250175476,0.9050897359848022
slipper,0.717049241065979,0.8123215436935425,1.1726384162902832,1.1434178352355957,1.21885347366333,0.9146864414215088,0.6642112731933594,0.43112683296203613,1.0102108716964722,0.9575321674346924,1.2221392393112183,1.4252042770385742,1.2889517545700073,1.290703296661377,1.2611192464828491,1.2768861055374146,1.1715261936187744,1.2930693626403809,1.241791009902954,1.2284910678863525,1.1910356283187866,1.3039891719818115,1.1479220390319824,1.2001526355743408,1.1519440412521362,0.0,0.14831918478012085,0.672919750213623,0.5975085496902466,1.1684662103652954,1.035512924194336,0.8129063248634338,0.8895171284675598,1.0539100170135498,1.1681216955184937,1.0747485160827637,1.0340473651885986,1.046699047088623,1.1147154569625854,0.9463911056518555,0.7921810746192932,0.9503577351570129,0.5706450343132019,0.8025259971618652,0.9700706601142883,0.7470952272415161,0.745367169380188,0.6760672330856323,0.6944851875305176,0.680953323841095,0.7237743139266968,0.8813879489898682,0.9503241777420044,0.991521954536438,0.8306657075881958,0.7764725685119629,0.7782176733016968,0.7769215106964111,0.7091041803359985,1.0010364055633545,0.6857825517654419,0.8471667766571045,0.8868478536605835,0.8554830551147461,0.8877044320106506,0.9484365582466125,1.1390341520309448
shoe,0.9131060242652893,0.9084821939468384,1.0928963422775269,1.0345150232315063,1.0779074430465698,0.953099250793457,0.8560843467712402,0.6349581480026245,1.0132701396942139,0.9667676687240601,1.1822303533554077,1.2819570302963257,1.1849889755249023,1.187300205230713,1.183753490447998,1.24993896484375,1.1816632747650146,1.204614520072937,1.1528236865997314,1.2099577188491821,1.1465239524841309,1.123353362083435,1.012080192565918,1.0309107303619385,0.9880038499832153,0.14831918478012085,0.0,0.6205894351005554,0.6195951700210571,1.0972440242767334,1.0706545114517212,0.8816582560539246,0.973915696144104,1.0248900651931763,1.0831286907196045,1.0836002826690674,0.9530357122421265,0.9743055701255798,1.0985107421875,0.9155560731887817,0.7504656910896301,0.8821470141410828,0.7418326139450073,0.847183346748352,0.9603989124298096,0.9188451170921326,0.9191410541534424,0.9369430541992188,0.9463112354278564,0.9048351049423218,0.8959389925003052,0.9834996461868286,1.020259976387024,1.065073847770691,0.9948298931121826,1.0200417041778564,1.0165547132492065,1.0014711618423462,0.9217620491981506,1.0206223726272583,0.9338352680206299,1.008196473121643,1.0099947452545166,0.9374033808708191,0.9579620957374573,1.002137541770935,1.0878851413726807
sock,1.273489236831665,1.0110595226287842,1.1009931564331055,1.0156946182250977,0.6589358448982239,0.7293809652328491,0.7952559590339661,0.7328379154205322,1.0042834281921387,1.088273048400879,1.0397869348526,1.0861382484436035,0.9346268773078918,0.8750084638595581,0.9925898313522339,1.1503262519836426,1.1595362424850464,1.1192961931228638,1.0485323667526245,1.0130245685577393,0.9516315460205078,0.9003759622573853,0.6320804357528687,0.7427406311035156,0.8192517757415771,0.672919750213623,0.6205894351005554,0.0,0.4611201286315918,0.7068498134613037,0.6639147996902466,0.5735854506492615,0.647626519203186,0.92948979139328,1.0466924905776978,1.0788637399673462,0.9902361631393433,1.0445399284362793,0.9436134696006775,0.9142459034919739,0.9173003435134888,0.9294440746307373,1.0391064882278442,1.151009202003479,1.0282632112503052,1.102830410003662,1.1112205982208252,1.1177215576171875,1.114530086517334,1.1145656108856201,1.060417652130127,0.9428161978721619,0.9797020554542542,1.1243822574615479,1.1712191104888916,1.1335657835006714,1.1960421800613403,1.267029047012329,1.1214489936828613,1.1598190069198608,1.0893588066101074,1.1765440702438354,1.0728504657745361,0.9456562995910645,0.8898801207542419,0.8892279267311096,0.8503323793411255
glove,0.9083123803138733,0.994576632976532,1.0693440437316895,1.0636305809020996,0.7364668846130371,0.4944252371788025,0.7195655703544617,0.6897570490837097,1.1288448572158813,1.076338291168213,1.1637096405029297,1.2187659740447998,1.0315123796463013,1.0514156818389893,1.1786344051361084,1.264866590499878,1.245872974395752,1.1935396194458008,1.0951416492462158,1.1571463346481323,1.172461748123169,1.0456433296203613,0.8326327800750732,1.001155972480774,0.9809150099754333,0.5975085496902466,0.6195951700210571,0.4611201286315918,0.0,0.8287695646286011,0.8264360427856445,0.5844102501869202,0.6325464248657227,0.9201170206069946,1.0474086999893188,1.0575203895568848,1.0587080717086792,1.0568885803222656,0.9476858377456665,1.0171070098876953,0.9236234426498413,0.9318637847900391,0.8809314966201782,1.047555685043335,0.9230012893676758,0.9724898338317871,0.9970332384109497,1.0683590173721313,1.0760815143585205,1.0442848205566406,0.9864328503608704,0.949667751789093,1.0067633390426636,1.1475083827972412,1.106020212173462,1.0891481637954712,1.0895256996154785,1.1115361452102661,0.827772855758667,1.1057263612747192,0.8677438497543335,1.129271388053894,1.0867235660552979,1.1074717044830322,0.9793596863746643,1.064482569694519,1.1324412822723389
blanket,1.2898120880126953,1.1706268787384033,0.9008042812347412,0.9182944297790527,0.7056158781051636,0.992271363735199,1.2335776090621948,1.2358837127685547,1.061280608177185,1.0689775943756104,0.8005740642547607,0.6914247274398804,0.3791344165802002,0.18453967571258545,0.6128097772598267,0.8906083106994629,0.9631909132003784,0.9136204123497009,0.7933676838874817,0.968155026435852,0.8007446527481079,0.569109320640564,0.4974498748779297,0.39319199323654175,0.643913984298706,1.1684662103652954,1.0972440242767334,0.7068498134613037,0.8287695646286011,0.0,0.2767032980918884,0.4392358064651489,0.6668959259986877,0.8371145725250244,1.0510143041610718,0.9948561191558838,0.9409918785095215,0.8897049427032471,0.8463923931121826,0.9303563237190247,0.9290357828140259,1.0171340703964233,1.2165539264678955,1.1751773357391357,1.1782666444778442,1.3672690391540527,1.3761563301086426,1.3648927211761475,1.3651790618896484,1.367826223373413,1.3547816276550293,1.31709623336792,1.1675736904144287,1.271646499633789,1.3315722942352295,1.3405003547668457,1.3353805541992188,1.4083141088485718,1.2642998695373535,1.1163893938064575,1.1810526847839355,1.2401258945465088,1.2231601476669312,1.283277988433838,1.236725091934204,1.172249436378479,1.0497552156448364
pillow,1.1417351961135864,1.0880848169326782,1.065328598022461,1.0266456604003906,0.8516188859939575,1.0085166692733765,1.1134333610534668,1.1002894639968872,1.0003327131271362,0.9205739498138428,0.6689282655715942,0.8452972173690796,0.34742969274520874,0.31292468309402466,0.7867857217788696,0.9362226724624634,0.8475881814956665,0.95577073097229,0.8782268166542053,0.897408127784729,0.8014650940895081,0.837875247001648,0.6903378963470459,0.670637845993042,0.7412824034690857,1.035512924194336,1.0706545114517212,0.6639147996902466,0.8264360427856445,0.2767032980918884,0.0,0.3847057819366455,0.52146315574646,0.941120982170105,1.1649357080459595,1.024814248085022,0.9038228392601013,0.9365774393081665,0.8505961298942566,0.9495429992675781,0.8036251068115234,1.1127122640609741,1.0397659540176392,1.120499849319458,1.141113519668579,1.1663877964019775,1.1735539436340332,1.194515347480774,1.1625378131866455,1.163776159286499,1.1374716758728027,1.2563515901565552,1.2127699851989746,1.1635849475860596,1.1904138326644897,1.1758151054382324,1.1647582054138184,1.2587429285049438,1.1383793354034424,1.0497616529464722,1.037155270576477,1.103635311126709,1.0980457067489624,1.133667230606079,1.08756422996521,1.0076991319656372,0.9238401651382446
