,frog,nose,face,hair,arm,hand,finger,toe,lamp,drawer,chair,table,couch,bed,crib,window,door,refrigerator,oven,sink,bathtub,shirt,bib,pajamas,pants,slipper,shoe,sock,glove,blanket,pillow,towel,napkin,doll,toy,tray,box,book,paper,basket,purse,comb,hat,glasses,scissors,fork,spoon,crayon,pencil,pen,knife,toothbrush,gum,balloon,ball,egg,orange,apple,banana,plant,bread,plate,bowl,bottle,cup,bucket,can
frog,0.0,0.9164204597473145,0.9102193117141724,1.0604963302612305,1.0569490194320679,0.9436864256858826,0.9918239116668701,1.0093010663986206,1.1495521068572998,1.1558537483215332,1.1896079778671265,1.121315836906433,1.048821210861206,1.0831257104873657,1.093450665473938,1.1170109510421753,1.1004167795181274,1.2019872665405273,1.1730622053146362,1.144687533378601,1.060990571975708,1.117599368095398,1.0973825454711914,1.1781597137451172,1.1450601816177368,1.0323832035064697,1.0260363817214966,1.0155378580093384,0.901760458946228,1.0143224000930786,0.965636670589447,1.1207942962646484,1.045540690422058,0.900680661201477,0.895521879196167,1.0846211910247803,1.1427690982818604,1.0110434293746948,1.0579419136047363,1.1305272579193115,1.079522728919983,1.159767508506775,1.0818965435028076,1.0172749757766724,0.89227694272995,1.1178138256072998,1.02711820602417,0.9110076427459717,1.059571623802185,1.0749374628067017,1.098925232887268,0.9977555871009827,0.8603346347808838,0.9871422648429871,1.0142347812652588,0.9448126554489136,0.8814219236373901,0.7544331550598145,0.6307983994483948,0.8858650922775269,0.7821455001831055,1.018371820449829,1.1143547296524048,1.062461018562317,1.1685545444488525,1.1817626953125,1.1962834596633911
nose,0.9164204597473145,0.0,0.4848673939704895,0.5905924439430237,0.8259744644165039,0.6656327247619629,0.44143497943878174,0.4814494848251343,1.1956722736358643,1.1347315311431885,1.2770599126815796,1.2674288749694824,1.1049615144729614,1.137628436088562,1.1944292783737183,1.0925511121749878,1.1241134405136108,1.227013349533081,1.2107374668121338,1.1633247137069702,1.2246301174163818,0.9293150305747986,0.9581887722015381,1.0581955909729004,0.881255030632019,1.0721850395202637,1.1411031484603882,0.931826651096344,1.0359355211257935,1.128448724746704,1.2240474224090576,1.268852949142456,1.2384765148162842,1.0934510231018066,1.1993801593780518,1.3244853019714355,1.233916997909546,1.2249836921691895,1.2289998531341553,1.2727699279785156,1.2781553268432617,1.097736120223999,1.01911461353302,0.47624069452285767,1.2105430364608765,1.1355851888656616,1.195522427558899,0.9268547892570496,0.9911141395568848,0.989662766456604,1.1602845191955566,1.010711431503296,0.881087064743042,1.016332983970642,0.9919968843460083,0.84498131275177,0.7827901840209961,0.8380630016326904,0.9883338809013367,1.1978988647460938,1.0578786134719849,1.2843844890594482,1.2793834209442139,1.1197232007980347,1.1721503734588623,1.3127915859222412,1.1719050407409668
face,0.9102193117141724,0.4848673939704895,0.0,0.41258543729782104,0.6399695873260498,0.7909189462661743,0.9390767812728882,0.9108772277832031,1.318779706954956,1.1921026706695557,1.1022803783416748,0.9378296732902527,0.7426117062568665,0.7760844826698303,0.933496356010437,0.8616304397583008,0.9344416856765747,1.0635849237442017,1.010968804359436,0.9583203792572021,0.9287923574447632,0.5415757894515991,0.7815675139427185,0.7711347341537476,0.6216659545898438,1.2415332794189453,1.08382248878479,1.1047945022583008,1.1595582962036133,0.8223494291305542,1.120577096939087,1.325562834739685,1.2529683113098145,0.9999388456344604,1.0707495212554932,1.092179298400879,1.151393175125122,1.0976035594940186,1.0785486698150635,1.287973403930664,1.1955230236053467,1.1914070844650269,1.0470881462097168,0.7150359749794006,1.2124688625335693,1.319403052330017,1.2979910373687744,1.281165599822998,1.2708054780960083,1.2760666608810425,1.2712186574935913,1.073550820350647,1.1254726648330688,1.1653664112091064,1.1897149085998535,1.1591811180114746,1.109081506729126,1.1238603591918945,1.2095911502838135,1.171626329421997,1.203993558883667,1.2331668138504028,1.2594035863876343,1.2646534442901611,1.290656328201294,1.2591224908828735,1.1389315128326416
hair,1.0604963302612305,0.5905924439430237,0.41258543729782104,0.0,0.6270533204078674,0.7766813039779663,0.8816909193992615,0.8395513296127319,1.2822778224945068,1.2204465866088867,1.0491535663604736,0.9615077972412109,0.8463078141212463,0.842426598072052,0.9599847793579102,0.8262649774551392,0.9722877144813538,1.0818730592727661,1.0516430139541626,1.0095323324203491,0.9581276178359985,0.6114042401313782,0.7797926664352417,0.7486040592193604,0.6862435936927795,1.1678911447525024,1.0121551752090454,1.033278465270996,1.063755989074707,0.8424627780914307,1.1269679069519043,1.2601227760314941,1.2565758228302002,0.9325635433197021,1.1044697761535645,1.159313440322876,1.1995114088058472,1.058898687362671,1.126354694366455,1.1718010902404785,1.1518197059631348,0.9556249976158142,0.8616584539413452,0.7087711095809937,1.1001752614974976,1.2462712526321411,1.2656199932098389,1.2664234638214111,1.2204092741012573,1.2005279064178467,1.1703100204467773,1.058713436126709,1.1423109769821167,1.128594160079956,1.1521329879760742,1.1710515022277832,1.1753921508789062,1.1437733173370361,1.1827267408370972,1.0549390316009521,1.183125376701355,1.2871683835983276,1.276472806930542,1.212187647819519,1.3342070579528809,1.25954270362854,1.1498024463653564
arm,1.0569490194320679,0.8259744644165039,0.6399695873260498,0.6270533204078674,0.0,0.47537171840667725,0.7845972776412964,0.7180876135826111,1.264593482017517,1.1811710596084595,1.0007641315460205,0.8550983667373657,0.7609713673591614,0.7212420701980591,0.9325283169746399,0.7971228361129761,0.9368478655815125,0.9855252504348755,0.9612065553665161,0.9394336342811584,0.8568954467773438,0.5471158623695374,0.6873738765716553,0.6182911992073059,0.5959203839302063,1.1749329566955566,1.0506545305252075,0.7250884771347046,0.757355272769928,0.7585160732269287,0.9567617177963257,1.0849850177764893,1.048937201499939,1.017557978630066,1.0549622774124146,1.0282155275344849,1.0841056108474731,1.038122534751892,0.9650933742523193,1.190243124961853,1.191876769065857,1.0920846462249756,1.1341115236282349,0.9967665076255798,1.1338512897491455,1.1922199726104736,1.1575144529342651,1.1930420398712158,1.1594103574752808,1.1395113468170166,1.0095148086547852,0.8976259827613831,1.1510491371154785,1.247788906097412,1.2495384216308594,1.2331786155700684,1.2634751796722412,1.2334917783737183,1.1973330974578857,1.0873064994812012,1.1776683330535889,1.2402375936508179,1.249988317489624,1.2064876556396484,1.2072970867156982,1.1608881950378418,1.0632299184799194
hand,0.9436864256858826,0.6656327247619629,0.7909189462661743,0.7766813039779663,0.47537171840667725,0.0,0.36730456352233887,0.4331410527229309,1.2039858102798462,1.0617072582244873,1.0856711864471436,1.0741008520126343,1.0816197395324707,1.0582114458084106,1.1004700660705566,1.0128741264343262,1.0438817739486694,1.070243000984192,1.1048694849014282,0.9760544300079346,1.052720069885254,0.9329700469970703,0.9061912894248962,0.952620804309845,0.9130111932754517,0.9272322058677673,0.9510722160339355,0.7855902910232544,0.4604337811470032,1.0317254066467285,1.0993057489395142,1.0942555665969849,1.058091163635254,0.9451713562011719,0.9777981042861938,1.0032542943954468,1.099725604057312,1.0106087923049927,0.9634160995483398,1.1514475345611572,1.1337844133377075,0.9637733697891235,1.0468335151672363,0.8434512615203857,1.0550860166549683,1.0554547309875488,0.9627987146377563,1.110141634941101,1.0842489004135132,1.0361614227294922,1.0032813549041748,0.8408532738685608,0.8765835165977478,1.1279727220535278,1.1028099060058594,1.1333836317062378,1.1219974756240845,1.0599457025527954,1.0555552244186401,1.0812621116638184,1.1041501760482788,1.1155344247817993,1.1125924587249756,1.146040439605713,1.0673211812973022,1.1269445419311523,1.1300393342971802
finger,0.9918239116668701,0.44143497943878174,0.9390767812728882,0.8816909193992615,0.7845972776412964,0.36730456352233887,0.0,0.11369717121124268,1.0397838354110718,0.9530895352363586,1.249979853630066,1.4065293073654175,1.3865387439727783,1.3747498989105225,1.3744480609893799,1.2423038482666016,1.2383062839508057,1.2650068998336792,1.3409245014190674,1.2821342945098877,1.3679945468902588,1.187795639038086,1.1795976161956787,1.2234687805175781,1.0688114166259766,0.7109184861183167,1.0327939987182617,0.7698288559913635,0.6600916385650635,1.347846269607544,1.2745758295059204,1.1072412729263306,1.1165289878845215,1.137739658355713,1.2530138492584229,1.386168122291565,1.2732975482940674,1.2043545246124268,1.1672786474227905,1.2078557014465332,1.2621625661849976,0.8642904758453369,1.039626121520996,0.724163830280304,1.1041237115859985,0.8530248999595642,0.9495370388031006,0.6419516801834106,0.7104483842849731,0.6884204745292664,0.8807727098464966,0.9100948572158813,0.6696906089782715,0.8594791889190674,0.8130364418029785,0.6931335926055908,0.7022861242294312,0.7122319936752319,0.8354438543319702,1.1126646995544434,0.9462127685546875,1.1585580110549927,1.197218894958496,0.9613988399505615,1.032302975654602,1.2300481796264648,1.1380269527435303
toe,1.0093010663986206,0.4814494848251343,0.9108772277832031,0.8395513296127319,0.7180876135826111,0.4331410527229309,0.11369717121124268,0.0,0.97417813539505,0.9996447563171387,1.1692417860031128,1.3739826679229736,1.3302276134490967,1.3154964447021484,1.3343138694763184,1.24163818359375,1.2177740335464478,1.2326771020889282,1.3295848369598389,1.2630078792572021,1.336449146270752,1.1644816398620605,1.1367379426956177,1.104559063911438,0.9894043803215027,0.5169706344604492,0.8093092441558838,0.6431692242622375,0.6266413331031799,1.2986297607421875,1.2027525901794434,1.017522931098938,1.0532368421554565,1.0653107166290283,1.232433557510376,1.4112563133239746,1.244977355003357,1.1943867206573486,1.2104324102401733,1.1599886417388916,1.1778507232666016,0.9163564443588257,1.0062531232833862,0.7301721572875977,1.1055961847305298,0.8800929188728333,0.9612017273902893,0.7136163115501404,0.7735579013824463,0.7738929986953735,0.912588894367218,0.9657979607582092,0.7511537671089172,0.855802059173584,0.7963017821311951,0.7035725116729736,0.7220475673675537,0.7391263246536255,0.8725918531417847,1.0422799587249756,0.9199711084365845,1.1537556648254395,1.1766830682754517,0.9225664138793945,1.0227254629135132,1.1544337272644043,1.132843255996704
lamp,1.1495521068572998,1.1956722736358643,1.318779706954956,1.2822778224945068,1.264593482017517,1.2039858102798462,1.0397838354110718,0.97417813539505,0.0,0.7862265110015869,0.8043670058250427,1.109305500984192,1.3008660078048706,1.280458688735962,1.079437494277954,0.9590597748756409,0.9476150870323181,0.8903383016586304,1.0524308681488037,1.0826706886291504,1.1663808822631836,1.310875415802002,1.2712454795837402,1.2230533361434937,1.3431658744812012,0.812430202960968,1.004281997680664,1.1726406812667847,1.0290257930755615,1.3109583854675293,1.0899604558944702,0.8341491222381592,0.8967286348342896,1.0302844047546387,1.114451289176941,1.1473991870880127,0.9829161167144775,0.9954110980033875,1.0694835186004639,0.8709672689437866,0.875364363193512,0.8733044862747192,0.9773797392845154,0.9376949071884155,0.839638352394104,0.6099675297737122,0.6961789727210999,0.7524229288101196,0.6124253273010254,0.6458351016044617,0.789025068283081,0.9950242042541504,1.0150424242019653,0.7742300033569336,0.7229061126708984,0.7569455504417419,0.8262195587158203,0.8210375308990479,0.9452295303344727,0.7852473258972168,0.8965291380882263,0.8584475517272949,0.818340539932251,0.5935443639755249,0.7435723543167114,0.8174625635147095,0.9656199812889099
drawer,1.1558537483215332,1.1347315311431885,1.1921026706695557,1.2204465866088867,1.1811710596084595,1.0617072582244873,0.9530895352363586,0.9996447563171387,0.7862265110015869,0.0,0.8039381504058838,0.8947755694389343,0.9827027320861816,0.9836771488189697,0.926449179649353,0.9614962935447693,0.6891469955444336,0.6811633110046387,0.7351711988449097,0.8568108081817627,0.9341980814933777,1.2273787260055542,1.1625335216522217,1.1205233335494995,1.138677954673767,0.9430028796195984,1.0115947723388672,1.0907692909240723,1.1123994588851929,1.0992588996887207,0.9007635116577148,0.8891688585281372,0.9464719295501709,1.0088388919830322,1.0059338808059692,0.8575186729431152,0.6197919249534607,0.945188581943512,0.9730048775672913,0.8445709943771362,0.8355007767677307,0.9194328188896179,1.0275086164474487,1.0546530485153198,0.9840663075447083,0.9075970649719238,0.8815710544586182,0.9666556715965271,0.8760586380958557,0.8717973232269287,0.7660640478134155,1.0480315685272217,0.9324086904525757,0.930067777633667,0.8933043479919434,0.9529861211776733,0.9979889988899231,0.9812549948692322,1.0833723545074463,0.9881918430328369,1.0498126745224,0.9654129147529602,0.9160513877868652,0.9281788468360901,0.9258626699447632,0.8727171421051025,0.9008814692497253
chair,1.1896079778671265,1.2770599126815796,1.1022803783416748,1.0491535663604736,1.0007641315460205,1.0856711864471436,1.249979853630066,1.1692417860031128,0.8043670058250427,0.8039381504058838,0.0,0.4001666307449341,0.6003328561782837,0.6661161780357361,0.5283864736557007,0.6967884302139282,0.6887218356132507,0.7135120630264282,0.7978675365447998,0.9470021724700928,0.8460690379142761,0.9403651356697083,0.9676229953765869,0.8510361909866333,0.9171467423439026,0.9964675903320312,0.9021990299224854,1.033155918121338,1.0627995729446411,0.8100640177726746,0.7168920636177063,0.8548638820648193,0.9245603084564209,0.9149922132492065,0.8416907787322998,0.8488127589225769,0.6888691782951355,0.8410886526107788,0.9803928732872009,0.6698718070983887,0.6588117480278015,0.9864135384559631,0.8914975523948669,1.1190853118896484,0.8537100553512573,1.0247514247894287,1.0859380960464478,1.2348206043243408,1.1360656023025513,1.137284278869629,0.9555279016494751,1.1604398488998413,1.2993879318237305,1.1882548332214355,1.1774356365203857,1.3120038509368896,1.295661449432373,1.2651066780090332,1.2405186891555786,0.8687433004379272,1.1636499166488647,1.0689880847930908,1.0226585865020752,1.0466495752334595,0.9747083187103271,0.7721701860427856,0.8454569578170776
table,1.121315836906433,1.2674288749694824,0.9378296732902527,0.9615077972412109,0.8550983667373657,1.0741008520126343,1.4065293073654175,1.3739826679229736,1.109305500984192,0.8947755694389343,0.4001666307449341,0.0,0.42472153902053833,0.4474745988845825,0.45876169204711914,0.5660402774810791,0.6587805151939392,0.6627559065818787,0.6438992619514465,0.6858981251716614,0.5592723488807678,0.7331736087799072,0.8014525771141052,0.7033734321594238,0.7654980421066284,1.303745985031128,1.0479379892349243,1.1104587316513062,1.2231918573379517,0.5986393690109253,0.847163736820221,1.0146948099136353,1.0147343873977661,0.8583729267120361,0.7579272985458374,0.4617406129837036,0.6915316581726074,0.806572675704956,0.7701454162597656,0.8651639223098755,0.8845846056938171,1.1753666400909424,1.0460749864578247,1.2282960414886475,1.0222362279891968,1.2047436237335205,1.073607087135315,1.4037766456604004,1.3294854164123535,1.320033311843872,1.065150260925293,1.0572336912155151,1.3132102489471436,1.2670049667358398,1.3103485107421875,1.3849925994873047,1.405393123626709,1.3730113506317139,1.3188629150390625,0.9846432209014893,1.1435250043869019,0.8834426999092102,0.9423980712890625,1.1992192268371582,1.0695313215255737,0.89499831199646,0.9376832842826843
couch,1.048821210861206,1.1049615144729614,0.7426117062568665,0.8463078141212463,0.7609713673591614,1.0816197395324707,1.3865387439727783,1.3302276134490967,1.3008660078048706,0.9827027320861816,0.6003328561782837,0.42472153902053833,0.0,0.12258845567703247,0.4614090919494629,0.604386568069458,0.6106858849525452,0.7520735859870911,0.6759581565856934,0.8112914562225342,0.6328611373901367,0.5616767406463623,0.6973780393600464,0.5490639805793762,0.5423243045806885,1.3354811668395996,1.046094536781311,0.9907267689704895,1.1959235668182373,0.2661178708076477,0.44256800413131714,1.0017940998077393,1.0263285636901855,0.9349396228790283,0.8525814414024353,0.808427095413208,0.7890924215316772,0.8905764818191528,0.9142217636108398,0.9304284453392029,0.8479835391044617,1.3002933263778687,0.9848847985267639,1.1465686559677124,1.1746867895126343,1.4299304485321045,1.3806169033050537,1.4342496395111084,1.4260921478271484,1.4342328310012817,1.3005836009979248,1.1752219200134277,1.3699777126312256,1.3155062198638916,1.3495187759399414,1.4396438598632812,1.3961846828460693,1.418776512145996,1.338984727859497,1.0880922079086304,1.298299789428711,1.2400907278060913,1.2301557064056396,1.3063347339630127,1.277312994003296,1.1108605861663818,1.0036332607269287
bed,1.0831257104873657,1.137628436088562,0.7760844826698303,0.842426598072052,0.7212420701980591,1.0582114458084106,1.3747498989105225,1.3154964447021484,1.280458688735962,0.9836771488189697,0.6661161780357361,0.4474745988845825,0.12258845567703247,0.0,0.38436365127563477,0.6253432035446167,0.5963970422744751,0.7964705228805542,0.7225291728973389,0.756989598274231,0.5563307404518127,0.5635751485824585,0.616640031337738,0.4555371403694153,0.528900682926178,1.305803656578064,1.020211935043335,0.9690235257148743,1.1491656303405762,0.14513611793518066,0.37400686740875244,0.8627383708953857,0.9103889465332031,0.8951988816261292,0.8848658204078674,0.7619181871414185,0.8318946361541748,0.9205243587493896,0.8826632499694824,0.9341034293174744,0.8897548913955688,1.3055191040039062,0.9785668253898621,1.1868512630462646,1.1743470430374146,1.4226953983306885,1.3255201578140259,1.4464722871780396,1.415926218032837,1.41315495967865,1.2844048738479614,1.147160530090332,1.3520604372024536,1.284773826599121,1.3143527507781982,1.4171974658966064,1.4239470958709717,1.4332528114318848,1.3689029216766357,1.0875897407531738,1.2831803560256958,1.1877543926239014,1.176812767982483,1.3241984844207764,1.2872004508972168,1.100796103477478,1.064144492149353
crib,1.093450665473938,1.1944292783737183,0.933496356010437,0.9599847793579102,0.9325283169746399,1.1004700660705566,1.3744480609893799,1.3343138694763184,1.079437494277954,0.926449179649353,0.5283864736557007,0.45876169204711914,0.4614090919494629,0.38436365127563477,0.0,0.7305182218551636,0.6984103918075562,0.7723192572593689,0.723233699798584,0.8321628570556641,0.6289417743682861,0.8358042240142822,0.7105832099914551,0.6395472884178162,0.837539792060852,1.2700796127319336,1.0132561922073364,0.9929251074790955,1.2082645893096924,0.5208298563957214,0.7044873237609863,0.9518017768859863,1.0509898662567139,0.7438101768493652,0.6229987144470215,0.6119975447654724,0.7382999658584595,0.7973012924194336,0.9313839673995972,0.5970895290374756,0.7654372453689575,1.0868312120437622,1.0559239387512207,1.1634401082992554,1.0022231340408325,1.246530532836914,1.2195696830749512,1.3147883415222168,1.2987439632415771,1.3119196891784668,1.2226834297180176,1.0366958379745483,1.2863277196884155,1.2684129476547241,1.2792778015136719,1.3675318956375122,1.3819767236709595,1.3555102348327637,1.3041173219680786,0.9537181258201599,1.2683360576629639,1.1329234838485718,1.1115778684616089,1.2307860851287842,1.1862887144088745,0.9626225233078003,1.010579228401184
window,1.1170109510421753,1.0925511121749878,0.8616304397583008,0.8262649774551392,0.7971228361129761,1.0128741264343262,1.2423038482666016,1.24163818359375,0.9590597748756409,0.9614962935447693,0.6967884302139282,0.5660402774810791,0.604386568069458,0.6253432035446167,0.7305182218551636,0.0,0.3949826955795288,0.5493772029876709,0.6457429528236389,0.8492360711097717,0.6531124711036682,0.7180216908454895,0.9185948967933655,0.7181676626205444,0.7752494812011719,1.360998272895813,1.1825478076934814,1.203045129776001,1.2338892221450806,0.7396161556243896,0.9645035266876221,1.093530535697937,1.1110951900482178,0.9749497175216675,1.0202805995941162,0.8998122215270996,0.9096841216087341,0.9327669143676758,0.9630886316299438,1.0650991201400757,1.0948981046676636,1.186165690422058,1.151651382446289,1.03812837600708,1.1493654251098633,1.258475661277771,1.2360514402389526,1.365591287612915,1.2433720827102661,1.2557848691940308,1.118348479270935,1.1500084400177002,1.32930588722229,1.253723382949829,1.293351173400879,1.3123894929885864,1.3258614540100098,1.2977383136749268,1.3029029369354248,0.8762437701225281,1.2324029207229614,1.1208256483078003,1.1588125228881836,1.197374701499939,1.205219030380249,1.0885229110717773,1.0027328729629517
door,1.1004167795181274,1.1241134405136108,0.9344416856765747,0.9722877144813538,0.9368478655815125,1.0438817739486694,1.2383062839508057,1.2177740335464478,0.9476150870323181,0.6891469955444336,0.6887218356132507,0.6587805151939392,0.6106858849525452,0.5963970422744751,0.6984103918075562,0.3949826955795288,0.0,0.3988391160964966,0.6056581735610962,0.765110969543457,0.5731441974639893,0.8733597993850708,0.9876714944839478,0.7937201857566833,0.8415243625640869,1.2710237503051758,1.1531040668487549,1.1732672452926636,1.2354846000671387,0.7835860252380371,0.8796648383140564,1.012077808380127,1.0371705293655396,1.0496654510498047,0.999423086643219,0.8919129967689514,0.7599320411682129,1.0109961032867432,0.912218451499939,0.9912442564964294,0.9982388019561768,1.1600966453552246,1.1611602306365967,1.1058989763259888,1.0904933214187622,1.1893523931503296,1.1431682109832764,1.3239758014678955,1.1884839534759521,1.2039220333099365,1.0433212518692017,1.0142852067947388,1.3190319538116455,1.2540571689605713,1.269970417022705,1.3065248727798462,1.3210585117340088,1.32637357711792,1.296144962310791,1.0383726358413696,1.243444561958313,1.10128653049469,1.1176130771636963,1.1464319229125977,1.1715232133865356,1.0225237607955933,0.8935799598693848
refrigerator,1.2019872665405273,1.227013349533081,1.0635849237442017,1.0818730592727661,0.9855252504348755,1.070243000984192,1.2650068998336792,1.2326771020889282,0.8903383016586304,0.6811633110046387,0.7135120630264282,0.6627559065818787,0.7520735859870911,0.7964705228805542,0.7723192572593689,0.5493772029876709,0.3988391160964966,0.0,0.20881789922714233,0.6082004308700562,0.6725901365280151,0.9746525287628174,1.0705668926239014,0.8612931966781616,0.9510314464569092,1.1837966442108154,1.1268130540847778,1.1552730798721313,1.1575675010681152,0.9138734340667725,0.9531521797180176,0.9155703186988831,0.9542286992073059,0.9761248826980591,0.9933254718780518,0.7545486688613892,0.6668646335601807,0.9386134743690491,0.9332662224769592,0.8966028094291687,0.934973418712616,1.0449943542480469,1.1190105676651,1.1257197856903076,1.088935136795044,1.015734314918518,0.937209963798523,1.2917366027832031,1.182547926902771,1.1831214427947998,0.8862431049346924,1.0753408670425415,1.2812144756317139,1.2139017581939697,1.209885835647583,1.2288943529129028,1.2264842987060547,1.214770793914795,1.176581621170044,0.9517821073532104,1.0226922035217285,0.9334057569503784,0.8657670021057129,0.9791911244392395,0.9166563153266907,0.7804889678955078,0.7412660121917725
oven,1.1730622053146362,1.2107374668121338,1.010968804359436,1.0516430139541626,0.9612065553665161,1.1048694849014282,1.3409245014190674,1.3295848369598389,1.0524308681488037,0.7351711988449097,0.7978675365447998,0.6438992619514465,0.6759581565856934,0.7225291728973389,0.723233699798584,0.6457429528236389,0.6056581735610962,0.20881789922714233,0.0,0.5002296566963196,0.6202329397201538,0.9312288761138916,0.940695583820343,0.8235269784927368,0.9049655199050903,1.2339396476745605,1.066627860069275,1.1297059059143066,1.148277759552002,0.7929438352584839,0.9132914543151855,0.9269930720329285,0.946086049079895,0.9514077305793762,0.9485625624656677,0.6457527279853821,0.657773494720459,0.9105556011199951,0.8879517912864685,0.8543286323547363,0.9065866470336914,1.0456676483154297,1.078436255455017,1.1436469554901123,1.0978238582611084,1.0623760223388672,1.0019173622131348,1.4002741575241089,1.3172380924224854,1.3042128086090088,0.9461432099342346,1.0978493690490723,1.3228511810302734,1.3150746822357178,1.3048133850097656,1.2973918914794922,1.2826976776123047,1.2848767042160034,1.21828031539917,0.962888240814209,0.9913290739059448,0.9001001119613647,0.845292866230011,1.1248403787612915,0.9847130179405212,0.7887226343154907,0.7706660032272339
sink,1.144687533378601,1.1633247137069702,0.9583203792572021,1.0095323324203491,0.9394336342811584,0.9760544300079346,1.2821342945098877,1.2630078792572021,1.0826706886291504,0.8568108081817627,0.9470021724700928,0.6858981251716614,0.8112914562225342,0.756989598274231,0.8321628570556641,0.8492360711097717,0.765110969543457,0.6082004308700562,0.5002296566963196,0.0,0.22466379404067993,0.929343044757843,0.9154199957847595,0.8971896171569824,0.9441551566123962,1.1384968757629395,0.9674793481826782,1.1437008380889893,1.0648759603500366,0.8189161419868469,0.9774385690689087,0.9488887190818787,0.9025193452835083,0.9633969068527222,0.8720861673355103,0.46069812774658203,0.8772472739219666,0.9834750294685364,0.8366631269454956,0.9633526802062988,1.0174013376235962,1.0507255792617798,1.0779156684875488,1.1369751691818237,0.938877284526825,1.0266027450561523,0.720122754573822,1.4044663906097412,1.2955386638641357,1.2756694555282593,0.9958017468452454,0.8452595472335815,1.1465866565704346,1.1774818897247314,1.2209815979003906,1.2612675428390503,1.3366950750350952,1.27689790725708,1.2265398502349854,0.9266966581344604,1.156728744506836,0.7227705717086792,0.5359687209129333,1.002151608467102,0.770052433013916,0.6239151954650879,0.8791497349739075
bathtub,1.060990571975708,1.2246301174163818,0.9287923574447632,0.9581276178359985,0.8568954467773438,1.052720069885254,1.3679945468902588,1.336449146270752,1.1663808822631836,0.9341980814933777,0.8460690379142761,0.5592723488807678,0.6328611373901367,0.5563307404518127,0.6289417743682861,0.6531124711036682,0.5731441974639893,0.6725901365280151,0.6202329397201538,0.22466379404067993,0.0,0.8505330681800842,0.8583816289901733,0.7899338006973267,0.8571543097496033,1.267798662185669,1.0361818075180054,1.1491496562957764,1.1751130819320679,0.6732943654060364,0.8960543870925903,0.9736480712890625,0.9373372197151184,0.955313503742218,0.7950848937034607,0.4352959394454956,0.785629153251648,0.96809983253479,0.788089394569397,0.948553204536438,1.0392646789550781,1.1410919427871704,1.142656922340393,1.2873605489730835,1.0134621858596802,1.237884521484375,0.9592360258102417,1.4199997186660767,1.325439691543579,1.3274414539337158,1.0707026720046997,0.8555209040641785,1.1841363906860352,1.23679780960083,1.300161361694336,1.3520317077636719,1.4401564598083496,1.385248064994812,1.3042629957199097,0.8912235498428345,1.2489877939224243,0.8532567620277405,0.7021750211715698,1.1780588626861572,0.9692511558532715,0.6781083345413208,0.9073420763015747
shirt,1.117599368095398,0.9293150305747986,0.5415757894515991,0.6114042401313782,0.5471158623695374,0.9329700469970703,1.187795639038086,1.1644816398620605,1.310875415802002,1.2273787260055542,0.9403651356697083,0.7331736087799072,0.5616767406463623,0.5635751485824585,0.8358042240142822,0.7180216908454895,0.8733597993850708,0.9746525287628174,0.9312288761138916,0.929343044757843,0.8505330681800842,0.0,0.39969098567962646,0.3631681203842163,0.31252050399780273,1.322197437286377,1.0563452243804932,1.0364335775375366,1.115524172782898,0.5464150905609131,0.9153057932853699,1.1243268251419067,1.155456304550171,0.9977319240570068,1.055010437965393,0.9889569878578186,1.111991047859192,1.0063623189926147,1.0463364124298096,1.1740292310714722,1.0102598667144775,1.2818334102630615,0.9507342576980591,0.9635119438171387,1.1725523471832275,1.3454203605651855,1.3545279502868652,1.3825337886810303,1.3552042245864868,1.3368401527404785,1.288166880607605,1.1615517139434814,1.3257286548614502,1.263588786125183,1.2917330265045166,1.3508116006851196,1.3254363536834717,1.3188270330429077,1.3238521814346313,1.2050907611846924,1.3144265413284302,1.2663534879684448,1.266578197479248,1.2761785984039307,1.290102481842041,1.17506742477417,1.060421347618103
bib,1.0973825454711914,0.9581887722015381,0.7815675139427185,0.7797926664352417,0.6873738765716553,0.9061912894248962,1.1795976161956787,1.1367379426956177,1.2712454795837402,1.1625335216522217,0.9676229953765869,0.8014525771141052,0.6973780393600464,0.616640031337738,0.7105832099914551,0.9185948967933655,0.9876714944839478,1.0705668926239014,0.940695583820343,0.9154199957847595,0.8583816289901733,0.39969098567962646,0.0,0.2629811763763428,0.5337544083595276,1.2159721851348877,0.9706236720085144,0.8442735075950623,0.9312365055084229,0.43880659341812134,0.6981380581855774,0.7140645980834961,0.7657316327095032,0.8118946552276611,0.9231073260307312,0.825689435005188,1.0037205219268799,0.9005558490753174,0.8396894931793213,0.9530403017997742,0.7878621816635132,1.2254555225372314,0.8410090208053589,1.0525766611099243,1.1235662698745728,1.3044090270996094,1.2215033769607544,1.406684160232544,1.4242583513259888,1.3939704895019531,1.2902153730392456,1.0868875980377197,1.171729326248169,1.2504764795303345,1.2690980434417725,1.3266985416412354,1.345947265625,1.303783893585205,1.220059871673584,1.1069324016571045,1.2205439805984497,1.0993680953979492,1.1355522871017456,1.2519047260284424,1.1967631578445435,1.0610532760620117,1.0795977115631104
pajamas,1.1781597137451172,1.0581955909729004,0.7711347341537476,0.7486040592193604,0.6182911992073059,0.952620804309845,1.2234687805175781,1.104559063911438,1.2230533361434937,1.1205233335494995,0.8510361909866333,0.7033734321594238,0.5490639805793762,0.4555371403694153,0.6395472884178162,0.7181676626205444,0.7937201857566833,0.8612931966781616,0.8235269784927368,0.8971896171569824,0.7899338006973267,0.3631681203842163,0.2629811763763428,0.0,0.3684116005897522,1.1622314453125,0.9344424605369568,0.8561654090881348,1.0426677465438843,0.36343473196029663,0.6765548586845398,0.7826473712921143,0.9068223834037781,0.833590030670166,0.9481260180473328,0.8989516496658325,0.9999039173126221,0.9730525016784668,1.0290769338607788,0.9332082271575928,0.8805210590362549,1.2675912380218506,0.9688007831573486,1.050409197807312,1.1737415790557861,1.3334707021713257,1.2987672090530396,1.387721300125122,1.363044261932373,1.355736494064331,1.2673611640930176,1.1474484205245972,1.3557392358779907,1.2974145412445068,1.3014874458312988,1.376234531402588,1.3755513429641724,1.3632960319519043,1.2984133958816528,1.044624924659729,1.2631559371948242,1.2255926132202148,1.210100769996643,1.2532167434692383,1.2529549598693848,1.0747624635696411,1.027456521987915
pants,1.1450601816177368,0.881255030632019,0.6216659545898438,0.6862435936927795,0.5959203839302063,0.9130111932754517,1.0688114166259766,0.9894043803215027,1.3431658744812012,1.138677954673767,0.9171467423439026,0.7654980421066284,0.5423243045806885,0.528900682926178,0.837539792060852,0.7752494812011719,0.8415243625640869,0.9510314464569092,0.9049655199050903,0.9441551566123962,0.8571543097496033,0.31252050399780273,0.5337544083595276,0.3684116005897522,0.0,1.1417568922042847,0.9170554280281067,0.8576693534851074,1.0637834072113037,0.5145228505134583,0.8242404460906982,1.0370429754257202,1.068481206893921,1.0052930116653442,1.0795164108276367,1.040340542793274,1.0699163675308228,1.0758726596832275,1.0567668676376343,1.1756529808044434,0.9850531220436096,1.337578535079956,0.9749132394790649,0.974036455154419,1.1950018405914307,1.376582384109497,1.3504445552825928,1.32224440574646,1.3279608488082886,1.3181036710739136,1.2519657611846924,1.126986026763916,1.2591897249221802,1.2731642723083496,1.271327257156372,1.3338243961334229,1.3100106716156006,1.3098982572555542,1.2634954452514648,1.2102024555206299,1.3166303634643555,1.3214147090911865,1.2915496826171875,1.3209670782089233,1.2753634452819824,1.145513653755188,0.9800987243652344
slipper,1.0323832035064697,1.0721850395202637,1.2415332794189453,1.1678911447525024,1.1749329566955566,0.9272322058677673,0.7109184861183167,0.5169706344604492,0.812430202960968,0.9430028796195984,0.9964675903320312,1.303745985031128,1.3354811668395996,1.305803656578064,1.2700796127319336,1.360998272895813,1.2710237503051758,1.1837966442108154,1.2339396476745605,1.1384968757629395,1.267798662185669,1.322197437286377,1.2159721851348877,1.1622314453125,1.1417568922042847,0.0,0.2637600898742676,0.6306220293045044,0.5548577308654785,1.2285810708999634,1.0334887504577637,0.7297566533088684,0.7657881379127502,1.0338667631149292,1.0718711614608765,1.1831552982330322,1.0904678106307983,1.0383325815200806,1.0947308540344238,0.8919410109519958,0.7943640947341919,0.7826830148696899,0.6484344601631165,0.8637995719909668,0.7048323154449463,0.6670321822166443,0.7595876455307007,0.6985244750976562,0.7410248517990112,0.7214516997337341,0.711662769317627,1.0233101844787598,0.8211823105812073,0.8344403505325317,0.7443921566009521,0.7992675304412842,0.8339685201644897,0.8236315250396729,0.7597914338111877,0.9003725051879883,0.8135846257209778,0.8639404773712158,0.8773475885391235,0.8044060468673706,0.8635867238044739,0.842033326625824,1.0635347366333008
shoe,1.0260363817214966,1.1411031484603882,1.08382248878479,1.0121551752090454,1.0506545305252075,0.9510722160339355,1.0327939987182617,0.8093092441558838,1.004281997680664,1.0115947723388672,0.9021990299224854,1.0479379892349243,1.046094536781311,1.020211935043335,1.0132561922073364,1.1825478076934814,1.1531040668487549,1.1268130540847778,1.066627860069275,0.9674793481826782,1.0361818075180054,1.0563452243804932,0.9706236720085144,0.9344424605369568,0.9170554280281067,0.2637600898742676,0.0,0.5677646994590759,0.6557593941688538,0.9534445405006409,0.9348077774047852,0.8085181713104248,0.8017627596855164,0.9402080178260803,0.8258286118507385,0.9594826102256775,0.9130014777183533,0.8758301734924316,1.0017497539520264,0.8261709213256836,0.6701905727386475,0.8786887526512146,0.6643034219741821,0.9581947326660156,0.7174493074417114,0.9615671038627625,0.9409135580062866,1.0635722875595093,1.0869979858398438,1.047513484954834,0.9422079920768738,1.0024864673614502,0.9750840067863464,1.033385157585144,0.9593201875686646,1.1399331092834473,1.146335482597351,1.0976207256317139,0.9805009365081787,0.9243978261947632,0.9908926486968994,0.9858208298683167,0.958713948726654,0.9731525182723999,0.988025426864624,0.8679996132850647,1.0684112310409546
sock,1.0155378580093384,0.931826651096344,1.1047945022583008,1.033278465270996,0.7250884771347046,0.7855902910232544,0.7698288559913635,0.6431692242622375,1.1726406812667847,1.0907692909240723,1.033155918121338,1.1104587316513062,0.9907267689704895,0.9690235257148743,0.9929251074790955,1.203045129776001,1.1732672452926636,1.1552730798721313,1.1297059059143066,1.1437008380889893,1.1491496562957764,1.0364335775375366,0.8442735075950623,0.8561654090881348,0.8576693534851074,0.6306220293045044,0.5677646994590759,0.0,0.5566264390945435,0.8807553052902222,0.834309458732605,0.7035629749298096,0.7270206809043884,0.935789167881012,0.8105615973472595,1.1492794752120972,0.9912691116333008,1.0478559732437134,1.0034587383270264,0.8988520503044128,0.9174230694770813,0.883637547492981,0.8401163816452026,1.0001564025878906,0.9639058113098145,1.026700735092163,1.0310285091400146,0.8665821552276611,1.0056406259536743,0.9795393347740173,0.9603458642959595,0.7702905535697937,0.7940178513526917,1.0384163856506348,1.0197982788085938,1.0839821100234985,1.1200851202011108,1.173597812652588,1.0040359497070312,1.137237310409546,1.0090402364730835,1.1691553592681885,1.168576717376709,1.0013192892074585,0.9314681887626648,1.0527548789978027,0.9260094165802002
glove,0.901760458946228,1.0359355211257935,1.1595582962036133,1.063755989074707,0.757355272769928,0.4604337811470032,0.6600916385650635,0.6266413331031799,1.0290257930755615,1.1123994588851929,1.0627995729446411,1.2231918573379517,1.1959235668182373,1.1491656303405762,1.2082645893096924,1.2338892221450806,1.2354846000671387,1.1575675010681152,1.148277759552002,1.0648759603500366,1.1751130819320679,1.115524172782898,0.9312365055084229,1.0426677465438843,1.0637834072113037,0.5548577308654785,0.6557593941688538,0.5566264390945435,0.0,0.9844352006912231,0.8978427052497864,0.6253284811973572,0.5662810802459717,0.9431048035621643,0.9951364398002625,1.1362851858139038,1.0846627950668335,1.0595866441726685,0.9527817964553833,0.9834873080253601,0.9362874031066895,0.8983445167541504,0.7100515365600586,0.9995039105415344,0.7902639508247375,0.8813638687133789,0.8610652685165405,0.9574226140975952,0.9966627955436707,0.9493362903594971,0.9073312282562256,0.8690513968467712,0.7885304689407349,0.9488325715065002,0.9093236923217773,1.0196048021316528,1.0423656702041626,0.9720942378044128,0.8448957204818726,0.9752357006072998,0.9112268686294556,1.0566542148590088,1.007780909538269,0.9794061183929443,0.9382873773574829,0.9424934983253479,1.109611988067627
blanket,1.0143224000930786,1.128448724746704,0.8223494291305542,0.8424627780914307,0.7585160732269287,1.0317254066467285,1.347846269607544,1.2986297607421875,1.3109583854675293,1.0992588996887207,0.8100640177726746,0.5986393690109253,0.2661178708076477,0.14513611793518066,0.5208298563957214,0.7396161556243896,0.7835860252380371,0.9138734340667725,0.7929438352584839,0.8189161419868469,0.6732943654060364,0.5464150905609131,0.43880659341812134,0.36343473196029663,0.5145228505134583,1.2285810708999634,0.9534445405006409,0.8807553052902222,0.9844352006912231,0.0,0.36063313484191895,0.6428278684616089,0.7158116102218628,0.9098361134529114,0.9092581868171692,0.8225844502449036,0.9401490092277527,0.9392905235290527,0.8642606139183044,0.9019601345062256,0.8502090573310852,1.2382736206054688,0.8603358268737793,1.173783302307129,1.1377761363983154,1.3997268676757812,1.3178499937057495,1.3745418787002563,1.3876407146453857,1.3787429332733154,1.3175687789916992,1.1392043828964233,1.2876068353652954,1.2887096405029297,1.29561448097229,1.4137452840805054,1.4017505645751953,1.4121983051300049,1.2878696918487549,1.0586541891098022,1.23445725440979,1.1941779851913452,1.1694366931915283,1.3290281295776367,1.2857139110565186,1.0994696617126465,1.0508084297180176
pillow,0.965636670589447,1.2240474224090576,1.120577096939087,1.1269679069519043,0.9567617177963257,1.0993057489395142,1.2745758295059204,1.2027525901794434,1.0899604558944702,0.9007635116577148,0.7168920636177063,0.847163736820221,0.44256800413131714,0.37400686740875244,0.7044873237609863,0.9645035266876221,0.8796648383140564,0.9531521797180176,0.9132914543151855,0.9774385690689087,0.8960543870925903,0.9153057932853699,0.6981380581855774,0.6765548586845398,0.8242404460906982,1.0334887504577637,0.9348077774047852,0.834309458732605,0.8978427052497864,0.36063313484191895,0.0,0.4982752203941345,0.5612257719039917,0.9181858897209167,0.9886626601219177,0.9516327977180481,0.7815408110618591,0.8716104030609131,0.8637070655822754,0.7366175651550293,0.7019094824790955,1.0714291334152222,0.8835436701774597,1.1430799961090088,1.120683193206787,1.1796162128448486,1.1343060731887817,1.157670497894287,1.1797239780426025,1.2031526565551758,1.1287389993667603,1.2104034423828125,1.1270480155944824,1.0980875492095947,1.1008336544036865,1.2168776988983154,1.2134431600570679,1.2088332176208496,1.0529189109802246,0.9539916515350342,1.0138020515441895,1.03615403175354,1.0077292919158936,1.1129977703094482,1.0478308200836182,0.9593560099601746,0.9482529759407043
