,alligator,ankle,apple,applesauce,arm,ball,balloon,banana,basket,bathtub,bed,belt,bench,bib,blanket,book,bottle,bowl,box,bread,bucket,butterfly,can,car,carrot,cat,chair,clock,closet,coffee,comb,couch,cracker,crayon,crib,cup,deer,dog,doll,door,drawer,ear,egg,face,finger,fish,flower,foot,fork,frog,glass,glasses,glove,gum,hair,hamburger,hand,hat,hose,jacket,jeans,knife,ladder,lamp,melon,mitten,mouth,muffin,nail,napkin,necklace,nose,orange,oven,owl,pajamas,pants,paper,pastry,pen,pencil,pickle,pillow,plant,plate,potato,pumpkin,purse,radio,refrigerator,rooster,sandwich,scissors,shirt,shoe,shovel,sink,slide,slipper,snow,soap,sock,spoon,sprinkler,stick,strawberry,stroller,sweater,table,tape,toe,tooth,toothbrush,towel,toy,tray,truck,vacuum,watch,window
alligator,0.0,1.0675186,1.2425767,1.00242,0.8897938,1.1011108,1.1494211,0.9789222,1.1384518,0.8454018,0.68849325,1.2041957,0.9528225,0.8458748,0.5396205,0.8817582,1.2560148,1.329823,0.91695607,1.1564556,1.340555,0.68972445,1.2824203,1.0990853,1.1344543,0.5307595,0.96149814,1.0371544,1.0776119,1.1707748,1.0606177,0.6673236,0.9694757,1.2228403,1.0298134,1.2122769,0.7397409,0.29894817,0.78121346,1.0807953,1.1580924,1.1316721,1.2966765,0.89633256,1.1881218,1.0807858,1.1099262,1.1444529,1.2504317,0.5100268,1.1242039,1.0776558,1.0250678,1.1312068,0.8817009,0.9290587,1.0256376,0.9903745,1.133638,0.82125115,0.76861143,1.3050208,1.1456366,1.2549667,1.000602,0.98592365,1.0574542,1.1674749,1.1113508,1.1342802,1.1142412,1.0495394,1.1553719,0.90995675,0.69484127,0.85360795,0.85479814,0.8712013,1.1488731,1.2461632,1.1987245,1.1162494,0.8447351,1.100984,1.1771218,1.1030717,1.0003371,1.1080753,1.1061101,1.0979884,0.76766104,0.9292549,0.9634163,0.82525516,1.0566841,1.0418154,1.1494927,0.7845204,1.1911252,0.99443257,1.2023411,0.9757173,1.2499313,0.9600575,1.0535772,1.2909904,1.0249966,0.83288014,0.92885906,1.1922939,1.1406689,1.2566214,0.9684739,1.091371,1.0389565,1.0527678,1.1033458,1.0557204,1.1708289,0.93853
ankle,1.0675186,0.0,0.8039776,1.212174,1.153466,0.87108785,0.9037814,0.9764616,1.0668445,1.2085775,1.2452058,0.7552749,1.2163804,1.2619079,1.2435602,1.1379583,0.83676803,1.0591621,1.1783082,0.8333407,0.9089991,0.98255193,0.86327624,0.9717961,0.73742664,0.9911144,1.0924218,0.8934269,0.8476095,1.1512015,0.9942375,1.2302682,1.1593618,0.8171024,1.1567682,0.8772967,1.0097108,0.99028844,0.88580525,1.0540614,1.0473331,0.61645734,0.92004967,1.0377941,0.6283389,1.0465606,0.9255573,0.84590435,1.0223526,1.0574046,1.0493913,0.8376533,0.96051764,0.9076409,1.0879508,1.175633,0.70765126,0.97251064,0.9726657,1.2702138,1.2273284,0.96719885,0.9086338,0.86287665,1.0595053,1.0137748,0.9363859,0.9056331,0.86141175,0.84001714,0.85852885,0.75904953,0.8167856,1.2116684,1.1708703,1.1397041,1.2157029,1.149313,0.9575276,0.83445656,0.8608322,0.89963776,0.9726183,0.90184665,1.1396515,0.9758634,1.0891871,0.927792,1.0487833,1.0745401,0.9725489,1.1726643,1.1875993,1.2766643,0.9037327,1.1030043,1.1520638,1.1505487,0.7858725,1.1653593,0.9926859,0.9913647,1.0346981,0.9082752,1.0157558,0.7284727,0.9244953,1.1740615,1.2817569,0.86806905,0.40345478,0.9102286,1.0797075,0.86314005,0.9255688,1.2808102,0.93815315,1.0153831,0.88379633,1.1870943
apple,1.2425767,0.8039776,0.0,1.1290408,1.364191,0.5608848,0.681083,0.80254817,1.1847293,1.354562,1.4476404,1.0238063,1.5182886,1.3769889,1.424819,1.1509691,0.90233386,0.6922065,1.3001049,0.19498813,1.0134671,1.0522336,1.1419216,1.1212717,0.49300253,1.2128757,1.4496794,0.874345,1.1832108,0.9846032,1.0078014,1.3936479,0.85126054,0.8988237,1.2834376,0.939861,0.9976568,1.2346706,0.9814805,1.3262334,1.2062569,0.77121127,0.18302482,1.1461891,0.87782824,0.8987694,0.82367295,0.91346717,0.797585,1.0129639,1.0650795,0.9417543,1.0988914,0.7819449,1.1728187,1.1404178,1.0935367,0.9735168,1.0669,1.364638,1.4435098,0.98272157,1.1487882,0.97603923,0.5828444,1.2005098,0.85892415,0.21720028,0.8461126,1.0780929,1.0064363,0.89853764,0.12804055,1.2481953,1.0703084,1.3680534,1.3502696,1.1219512,0.39868873,0.91659045,0.9769794,0.58039236,1.1823143,0.8572966,0.585137,0.3739866,0.91533494,1.0776768,0.9735228,1.2825261,0.9871845,1.14191,1.1531394,1.283312,1.1213374,0.9244059,1.209265,1.3881831,0.9513543,1.1263006,1.0282739,1.2333302,0.7017845,1.0379019,1.0659711,0.1770938,1.1173306,1.3674713,1.2564034,0.69056356,0.7940818,1.0211669,1.173891,1.0553946,0.8238286,1.1093236,1.0717076,1.3979707,0.9847123,1.193995
applesauce,1.00242,1.212174,1.1290408,0.0,0.80228615,1.0685197,1.0249938,1.0896418,0.79267,0.9357791,0.8738063,1.2523338,0.846126,0.7125939,0.86596453,1.0127068,1.2286023,0.8115697,0.97031784,1.0052444,0.9009626,1.1973569,1.071024,1.1147094,1.0679737,1.08647,0.97715324,1.2656813,1.2060686,0.78300077,1.1593864,0.91300726,0.7679945,1.3347204,0.8806349,1.1950718,1.1555808,0.89564806,1.076741,1.0320364,0.90396816,1.2360313,1.0593628,0.9974424,1.2433311,1.0993493,1.1462158,1.1877974,1.0667791,1.1389524,0.9355027,1.213284,0.65435326,0.94693303,0.94573,0.9106945,0.8775981,1.129214,0.99060553,0.8939109,0.9419393,1.0260578,1.0981182,1.3228858,0.82728994,0.5995203,1.1644676,1.0007122,1.2716707,1.1510316,1.1731412,1.069947,1.1987932,0.9668293,0.89193285,0.66357815,0.93850833,1.0255487,1.0305836,1.2986692,1.2814188,0.9482288,0.96561193,1.1786999,0.92425215,0.8588307,0.9264333,0.98143566,1.1163689,0.7886753,1.1802174,0.90983164,0.94954884,0.9240532,0.98562723,0.84952325,0.79035556,0.9523303,1.2869697,0.85032165,1.0343294,0.83718294,1.0253357,1.1815162,1.1744409,1.1253073,0.910751,0.8015615,0.8231427,1.1339077,1.2810352,0.87687165,0.980569,1.1219354,1.0775748,0.69102955,1.1216383,0.9062517,1.3410358,0.96770304
arm,0.8897938,1.153466,1.364191,0.80228615,0.0,1.2471719,1.2176212,1.3027797,0.98528546,0.62314826,0.46182132,1.323081,0.61250496,0.3972969,0.5263569,0.68709576,1.4410508,1.1505016,0.63481903,1.3653274,1.123773,1.2540891,1.201886,1.2051991,1.2034456,0.95889795,0.8180505,1.3154674,1.216757,0.8972702,1.1898245,0.48252094,0.99428505,1.4486034,0.71879447,1.3369513,1.1640118,0.80003476,0.9444221,0.9889402,1.0135896,1.3579832,1.2496184,0.7316369,0.9924426,1.27483,1.3139172,1.1965703,1.2511432,1.2047912,1.0407184,1.1941677,0.78750646,1.2025023,0.73860085,0.8180164,0.5197016,1.1421952,1.0411049,0.5235462,0.4911403,1.1071501,1.1995952,1.4309187,0.9848612,0.6842625,1.2170302,1.3170729,1.359494,1.2273228,1.0538238,1.0535691,1.4076709,0.7437504,0.7166021,0.43418282,0.6413451,0.57788134,1.2794526,1.3859237,1.3858204,1.1935557,1.0447624,1.3019819,0.93041307,1.1015669,1.074046,1.1078869,1.2456124,0.8669966,1.1879776,0.8145484,0.9486174,0.5144944,0.9685409,0.9446161,0.9123523,0.6347226,1.3764738,0.8069869,1.1369848,0.7418748,1.2256587,1.1306647,1.1970748,1.3571086,0.9946593,0.51457644,0.4950086,1.4905456,1.2122366,1.2009172,0.89400274,1.205853,1.3047963,0.64194715,1.1815374,0.94433224,1.3970217,0.7821796
ball,1.1011108,0.87108785,0.5608848,1.0685197,1.2471719,0.0,0.14802986,0.98962533,1.096447,1.228358,1.2453529,1.0288274,1.3182089,1.1794071,1.2170036,1.0456477,0.85841006,0.9088012,1.120876,0.70361483,0.8846735,0.959468,1.1136355,0.98902863,0.9389367,1.0378282,1.2010484,0.7992775,1.1255467,0.98002607,1.0583351,1.2325125,1.1124182,0.91742474,1.0080222,0.91959524,0.91684073,1.135886,0.8771218,1.2051191,1.1444769,0.84337395,0.64414525,1.1063197,1.0462377,1.0264678,0.77773035,0.99600434,1.0632318,0.9057095,0.89464295,1.0480922,1.0690907,0.66145724,1.1012309,1.2321529,1.0936921,0.9544056,1.0378461,1.1836231,1.3351773,1.1673903,1.0913682,0.87495,0.74913704,1.0418222,1.0024107,0.74370265,0.89839506,1.034375,1.167112,1.0415963,0.56426185,1.1367241,0.91510123,1.1492424,1.3099858,1.0696487,0.83867013,1.0109056,1.007519,0.83829576,1.0208192,0.8367442,0.95255214,0.78989553,1.0217096,0.97940314,0.910235,1.1748868,0.9105892,1.2395129,0.9111642,1.1691614,1.1270683,1.077973,1.252191,1.2382396,0.92815566,1.1184312,1.029236,1.0752527,1.0072106,0.78853375,1.0766301,0.6819513,1.0485551,1.1313369,1.202589,0.5977316,0.9656168,1.0454595,0.9064754,1.0015032,0.55385035,1.0746922,1.0901617,1.2455993,1.0188836,1.1157026
balloon,1.1494211,0.9037814,0.681083,1.0249938,1.2176212,0.14802986,0.0,1.0629537,1.0677164,1.1782436,1.2209349,0.9775408,1.2206899,1.1239854,1.1859004,1.1099762,0.9223826,0.9343264,1.1620781,0.7721754,0.91109836,1.0848211,1.0206594,0.973101,0.94461364,1.0184276,1.0904188,0.86109644,1.0521555,0.8982636,0.97845495,1.2083535,1.070181,0.98674124,1.0198842,0.94880545,0.96149343,1.1077358,0.9311301,1.0972002,1.1295215,0.8182355,0.6752001,1.1039025,1.0287622,1.0154274,0.8305629,0.9659092,1.1075124,1.0217988,0.91286266,0.9929744,0.9766405,0.86913407,1.0685852,1.2270327,1.0354096,0.99404675,0.98403245,1.1454433,1.2481301,1.1664194,1.0545626,0.8220483,0.8864425,0.95165735,0.9843761,0.77613235,0.90085775,1.0305653,1.0517054,0.957975,0.7247315,1.0940647,0.93869746,1.0431023,1.2109243,1.1004336,0.83278483,1.0231014,1.0491982,0.9801785,1.0343504,0.89722204,0.9667739,0.81475896,1.00878,1.0020986,1.0294646,1.084227,0.95639825,1.2310109,0.90376437,1.1049684,1.0038776,1.1362286,1.2053735,1.1872447,0.96475065,1.0746593,1.078657,0.97448087,1.0552253,0.86413366,1.0465336,0.73664665,1.0785419,1.0972134,1.1678963,0.826927,0.9305918,0.97535545,0.87170607,1.0142677,0.7839208,1.0890807,1.0021812,1.1408494,0.9647562,1.0955434
banana,0.9789222,0.9764616,0.80254817,1.0896418,1.3027797,0.98962533,1.0629537,0.0,1.0260283,1.3008523,1.2800828,0.9544789,1.270809,1.2314811,1.2725303,0.93294686,0.80403614,1.0321662,1.112844,0.8811853,0.9749395,0.70260346,1.0880063,1.022928,0.7812259,1.1873028,1.2746761,0.76727235,1.066117,1.1042304,0.91610867,1.2221398,1.0480083,0.73908645,1.2421391,0.89813346,0.75793743,1.1366318,0.94266087,1.1627179,1.117892,0.8431369,0.9285006,1.1403844,0.99264103,0.82316965,0.9247312,0.85382694,0.8015867,0.6216074,1.195758,0.92189115,1.1501209,0.90825564,1.1220431,1.0671668,1.2069952,0.92900646,1.1236689,1.2016848,1.1608299,0.9521089,1.0379188,0.9432286,0.8676519,1.2045418,0.751538,0.88425684,0.8617528,0.9971947,0.9027346,1.0260478,0.7103983,1.1225203,1.1593616,1.2745543,1.0927056,0.9666017,0.84704137,0.90760785,0.9185179,0.69872546,1.1383041,0.9339468,1.0213721,1.0961404,0.86737305,1.1538309,1.048205,1.2100658,0.7515114,1.084507,1.0628643,1.2022483,1.1047125,0.97105986,1.1403162,1.182481,0.8918747,0.99246585,0.857888,1.1269453,0.8216116,0.99468756,0.9533882,0.86339426,1.07597,1.2489362,1.1969138,0.80507684,0.93468523,0.96004015,1.0949317,1.0086981,0.846243,1.1205077,0.9705104,1.1975522,0.8391761,1.1665083
basket,1.1384518,1.0668445,1.1847293,0.79267,0.98528546,1.096447,1.0677164,1.0260283,0.0,0.96026,0.9674764,1.1927958,0.9186345,0.8811129,0.99887365,0.8305522,1.123006,0.7006359,0.6831605,1.1636207,0.55389726,1.0102319,0.82687,0.93664527,1.1982672,1.1121311,0.8410729,0.9616178,0.94311327,0.90992826,1.1066163,1.011149,0.9154031,1.1769141,0.5967139,1.2011226,1.0486223,1.0118215,0.9052587,0.8418492,0.65203726,1.2414469,1.1869749,1.0981301,1.2512085,1.0940657,1.1128261,1.2172427,0.91967344,1.0103884,0.9995384,1.2038603,0.98999816,0.92305964,1.1453373,0.96730065,0.9899392,1.1613299,1.009052,0.9434556,1.0369041,0.951977,0.8747593,1.146263,1.0640781,0.9527081,1.1100795,1.1096789,1.3242593,1.0849284,1.1818354,1.2101713,1.122508,1.0440525,0.946713,0.9324863,1.0529488,0.9753708,1.1493335,1.1553068,1.0734317,1.1517448,0.99366206,1.0487533,0.90208805,0.94804126,1.1366891,0.9431974,0.88457793,0.83810973,1.0536543,0.94744426,0.8385979,1.0669575,0.96922046,0.7864003,0.71385235,0.90941286,1.2290471,0.92891574,0.9683241,1.0413165,0.92896974,0.9451493,1.0837098,1.1922858,0.86030674,0.96817875,0.79629433,1.0092357,1.3153719,0.83409154,0.8716636,1.0569546,0.8038386,0.6171642,0.967823,0.82342803,1.2313308,0.9906149
bathtub,0.8454018,1.2085775,1.354562,0.9357791,0.62314826,1.228358,1.1782436,1.3008523,0.96026,0.0,0.39918828,1.1696929,0.542395,0.42635864,0.26865143,0.964589,1.3719478,1.0983443,0.7887877,1.3508887,1.1001438,1.213126,0.99318737,0.96528536,1.3628545,0.706537,0.706849,1.325454,0.8941973,0.84837675,1.287291,0.5958886,0.9690101,1.4263047,0.6864635,1.222348,1.1427293,0.8350526,1.1143961,0.80818915,0.94799745,1.3490756,1.2521456,0.8010179,1.2576474,1.2207538,1.2786663,1.3645877,1.1986037,1.1971669,0.8550499,1.2622377,0.9805976,1.1884487,0.8834047,0.6875488,0.98684585,1.2926483,1.0058346,0.5735911,0.6011114,1.0920897,1.1511807,1.1479508,1.0669322,0.8883941,1.2364817,1.3317485,1.295844,1.0297511,1.1974463,1.1494435,1.3443643,0.7230725,0.8074881,0.5415652,0.7245396,0.8074285,1.3029411,1.2818526,1.2655222,1.2971396,0.9185294,1.2486147,0.9024676,1.176436,1.0921158,0.96818364,1.1095304,0.6954778,1.139637,0.6875421,0.9579003,0.6943835,1.0264468,1.0094794,0.79642093,0.45561653,1.2935756,0.9092868,1.2714362,0.85439765,1.1875896,1.0202463,1.1793696,1.375311,0.98682946,0.6609348,0.59621716,1.385145,1.3047174,1.2398012,0.9136667,1.0293084,1.3264918,0.7339935,1.1645918,0.804081,1.2886602,0.6994986
bed,0.68849325,1.2452058,1.4476404,0.8738063,0.46182132,1.2453529,1.2209349,1.2800828,0.9674764,0.39918828,0.0,1.2766201,0.4814707,0.38007677,0.1815412,0.8517507,1.453365,1.2301872,0.64890826,1.4282591,1.2505498,1.2225192,1.22701,1.2072705,1.3107872,0.82911706,0.5778651,1.3724284,1.0906091,1.0308806,1.2496946,0.077560544,1.0202738,1.5295064,0.63637596,1.3348334,1.0979896,0.6116049,1.0011702,0.8883382,0.9694741,1.4386246,1.359322,0.5937557,1.2280625,1.2987478,1.3689935,1.3141907,1.4198308,1.1511167,0.9978676,1.1888535,0.93202347,1.2963114,0.6212578,0.7279263,0.85107124,1.1442767,1.1515733,0.43632734,0.32128358,1.3723898,1.2355479,1.3950393,1.0404209,0.8055753,1.2808237,1.4020374,1.3139373,1.2222482,1.1482221,1.0629678,1.4464626,0.7571031,0.73652315,0.41765743,0.46622998,0.69341713,1.3996062,1.529628,1.4725797,1.2553573,0.8519969,1.3221111,0.9972326,1.1671553,1.0010113,1.0948373,1.1293907,0.8385201,1.1244216,0.73601645,0.99514,0.38014328,0.9893491,1.0374476,0.9066032,0.39981997,1.3586754,0.8768637,1.2714708,0.8319943,1.3956391,1.1139569,1.1906058,1.5173092,1.0694025,0.39766598,0.37488103,1.4790342,1.3145461,1.3769706,0.92331225,1.1803637,1.312552,0.6791191,1.2072405,0.8941561,1.3927474,0.6824465
belt,1.2041957,0.7552749,1.0238063,1.2523338,1.323081,1.0288274,0.9775408,0.9544789,1.1927958,1.1696929,1.2766201,0.0,1.0870185,1.4216121,1.2439829,1.2693233,0.32115185,1.0450219,1.3204651,0.9478284,1.0048971,0.9906318,0.6473464,0.73790324,0.8768175,0.98461556,0.9595162,0.68220353,0.72010934,1.157729,0.5942653,1.3008478,1.2849879,0.35147333,1.3494273,0.3381878,1.1153309,1.2455057,1.3029704,0.871011,0.84064156,0.6445211,1.0782093,1.2326957,0.5645275,0.5703412,0.743468,0.6062266,0.92746955,1.1559733,1.1649938,0.74139965,1.0954657,0.9386741,1.2406654,1.1704365,1.2011926,0.8241686,1.066895,1.3043715,1.1725515,0.98088235,0.7442369,0.2564205,1.2504606,1.1481098,0.85709393,1.0610785,0.481992,0.5025943,0.77885765,0.95901453,0.99745995,1.1789265,1.3013084,1.2928948,1.1260154,1.3276138,0.92426276,0.40266103,0.48906577,0.9816545,0.74575245,0.78364843,1.3597308,1.2111202,0.93936604,0.81090826,0.92431885,1.0782299,1.0868951,1.1848713,1.3446345,1.2874384,0.85537416,1.280452,1.0284299,1.3083754,0.265756,1.0312144,0.5685433,1.0070553,1.1096845,1.1725848,0.68606746,0.8648019,1.218451,1.3388698,1.3985008,0.65763724,0.46960354,0.6993192,1.3059547,0.6280368,0.994262,1.5497037,0.7262966,0.97529024,0.22048247,1.2244365
bench,0.9528225,1.2163804,1.5182886,0.846126,0.61250496,1.3182089,1.2206899,1.270809,0.9186345,0.542395,0.4814707,1.0870185,0.0,0.6166223,0.57521594,1.0032451,1.3147459,1.1728952,0.7201571,1.5009215,0.98765665,1.2482262,0.84672064,0.93481535,1.3258477,0.8259932,0.3683281,1.3727677,0.824643,0.9932702,1.17891,0.555857,1.0434238,1.3444372,0.62150073,1.2658969,1.2180116,0.83749527,1.1392733,0.5117707,0.6875029,1.3337041,1.4721324,0.94450504,1.1344123,1.2792323,1.3100009,1.2270874,1.2078637,1.3019245,0.83277583,1.2346528,0.8161345,1.3330709,0.89276135,0.9298885,0.8531532,1.261248,0.89413816,0.66605425,0.39510173,0.9528045,0.81342125,1.1376908,1.184445,0.73421216,1.191083,1.4367945,1.3610169,1.050263,1.0742147,1.1047978,1.5319523,0.42597067,0.87233233,0.5906788,0.5063659,0.9142232,1.3473834,1.212757,1.1932855,1.3533844,0.8172133,1.222567,1.1185358,1.2578715,1.0732371,0.8672321,1.0521938,0.59287226,1.2376375,0.9268546,0.8040759,0.6876291,0.77384496,1.1044533,0.60730475,0.54105604,1.1823308,0.8842109,1.1236137,0.681536,1.2631766,1.0488797,1.0595425,1.444737,0.9041562,0.6977243,0.5403028,1.483536,1.2681973,1.1381962,0.8454818,1.0674475,1.3573844,0.8510379,0.8845438,0.4547497,1.1771289,0.8217828
bib,0.8458748,1.2619079,1.3769889,0.7125939,0.3972969,1.1794071,1.1239854,1.2314811,0.8811129,0.42635864,0.38007677,1.4216121,0.6166223,0.0,0.33779967,0.6372462,1.486764,1.1037418,0.5428034,1.4230318,1.0374792,1.2263644,1.2592456,1.2305096,1.3284507,0.94274044,0.7865404,1.4117787,1.2451793,0.84697413,1.328376,0.47479868,0.8779192,1.5702822,0.59891975,1.4049462,1.055704,0.7754836,0.84027827,1.0540531,1.0786508,1.5016112,1.2220129,0.775518,1.2614502,1.3698,1.3130251,1.3391213,1.3173752,1.0866971,0.9843473,1.2834468,0.80148846,1.1273264,0.7629739,0.6799184,0.7050749,1.2990427,1.1534026,0.39805174,0.5477811,1.2323208,1.2507489,1.4919441,0.97043234,0.6910881,1.2260476,1.3414326,1.4020314,1.2635751,1.1476157,1.0805529,1.3830258,0.7671417,0.6644821,0.28333938,0.7009782,0.49721462,1.3734872,1.519477,1.5300459,1.2363167,1.0489932,1.3261436,0.83691084,1.1294127,1.1012288,1.0848533,1.2894598,0.8520705,1.0657318,0.6815231,0.8174018,0.57179075,0.98100466,0.95214564,0.9279,0.5509695,1.5496979,0.81373215,1.2831299,0.84768,1.2462782,0.98778003,1.3074284,1.4053174,1.0087678,0.4345464,0.43339115,1.5247123,1.4200662,1.2330351,0.7539808,1.2055728,1.2083216,0.4929545,1.271489,0.9495692,1.5057776,0.71554613
blanket,0.5396205,1.2435602,1.424819,0.86596453,0.5263569,1.2170036,1.1859004,1.2725303,0.99887365,0.26865143,0.1815412,1.2439829,0.57521594,0.33779967,0.0,0.8459867,1.4646254,1.247724,0.73492837,1.3830342,1.2788396,1.2163272,1.212898,1.1901525,1.3416467,0.69468504,0.65357393,1.3712398,1.043314,0.93939644,1.2591376,0.32027382,0.92270637,1.5370315,0.7268247,1.3454292,1.0974373,0.507066,0.9636494,0.94567347,1.0216542,1.4409326,1.3264825,0.7324195,1.2624152,1.320214,1.3178383,1.347761,1.3863595,1.0975157,0.9780784,1.2417955,0.9137876,1.2308931,0.7597287,0.6912513,0.8647326,1.2021158,1.1551056,0.4444313,0.43645227,1.2929287,1.2494632,1.3722007,1.0298901,0.76871437,1.2993785,1.3668172,1.3489652,1.0536661,1.1457632,1.0644565,1.3918312,0.7746747,0.61435896,0.38844174,0.5773989,0.6982633,1.3714738,1.4504099,1.4119685,1.2753483,0.7623752,1.2916644,0.9838207,1.1330955,1.0465686,0.9718572,1.2059888,0.83092284,1.0978199,0.6925198,0.97786397,0.52835095,1.0025185,0.9824071,0.95370233,0.45697486,1.3712057,0.9316672,1.3108066,0.82754785,1.3562713,1.0478339,1.2139009,1.4796593,1.0608382,0.5130131,0.48661274,1.4875715,1.3218727,1.3792082,0.89402795,1.0095694,1.317138,0.7370306,1.2502995,0.90705276,1.3787205,0.7578192
book,0.8817582,1.1379583,1.1509691,1.0127068,0.68709576,1.0456477,1.1099762,0.93294686,0.8305522,0.964589,0.8517507,1.2693233,1.0032451,0.6372462,0.8459867,0.0,1.1878834,1.0271491,0.2853093,1.1891334,0.9521087,0.9462609,1.2130586,0.9923857,1.2833769,1.0510225,1.0940617,0.9843602,1.175612,1.0520833,1.1495163,0.81528413,1.0203474,1.1407642,0.7715588,1.149295,0.83583206,0.92972815,0.5730999,1.1441549,1.0323228,1.2485381,1.205255,1.0145096,1.2602353,1.09708,0.9867413,1.206092,1.1160339,0.69023633,1.0812515,1.1949369,1.210392,0.8518903,0.9994996,0.9124227,0.9382334,1.069251,1.1590798,0.66890013,0.9974655,1.1093782,1.1256275,1.2542226,1.0042242,1.0358688,1.1390045,1.1410834,1.2341148,1.195495,1.2720824,1.2196028,1.0152414,0.85297227,0.94514316,0.90082246,1.1448448,0.13820934,1.2107716,1.2090439,1.1330755,1.1489298,1.0598907,1.0392016,0.8848269,1.0533452,1.2967758,1.0961292,1.0093541,1.030864,0.82802624,0.92187274,0.9071928,0.9028405,1.2920489,0.9000449,1.1562603,0.8554477,1.2422402,0.6651265,1.0403496,1.1660115,1.070393,0.93989277,1.1402311,1.2468436,0.9510387,0.8069048,0.5126301,1.0959818,1.3362985,1.1418214,0.9599431,1.1499857,0.74353725,0.6543975,1.2326894,1.0936706,1.2665701,0.84129584
bottle,1.2560148,0.83676803,0.90233386,1.2286023,1.4410508,0.85841006,0.9223826,0.80403614,1.123006,1.3719478,1.453365,0.32115185,1.3147459,1.486764,1.4646254,1.1878834,0.0,0.8981094,1.2886245,0.84991467,0.829358,0.86290264,0.6640845,0.62945044,0.9016482,1.0342768,1.1418625,0.5050129,0.88916487,1.2205957,0.68805313,1.4327834,1.2769413,0.18421769,1.2902541,0.08098745,1.0517316,1.2974242,1.2000561,0.9947946,0.9720211,0.5740163,0.9878791,1.2409627,0.7379726,0.5742036,0.5932846,0.49479675,0.9275689,0.99995416,1.1406956,0.6883118,1.2525783,0.73232603,1.2932522,1.261151,1.3516233,0.68329483,1.0409373,1.3814483,1.4160378,0.9881095,0.8097364,0.30774248,1.1651993,1.3225286,0.8794281,0.98671377,0.2908845,0.6167579,0.86476743,0.999866,0.81467044,1.2320321,1.2966049,1.4960123,1.3205681,1.3179747,0.8908912,0.4125951,0.5108918,0.9099001,0.9694415,0.7042979,1.3360593,1.1927125,0.91820693,0.9438376,0.82166874,1.1651438,1.0388747,1.2738261,1.1809111,1.3621275,1.0495756,1.1964749,1.1227236,1.3690028,0.24741101,1.0656556,0.49615294,1.2121298,1.0121688,0.9658141,0.8175074,0.84688234,1.170027,1.4062088,1.4985781,0.30740595,0.544266,0.624208,1.2151327,0.7130941,0.57351375,1.4393146,0.8090937,1.0999049,0.22468501,1.2353202
bowl,1.329823,1.0591621,0.6922065,0.8115697,1.1505016,0.9088012,0.9343264,1.0321662,0.7006359,1.0983443,1.2301872,1.0450219,1.1728952,1.1037418,1.247724,1.0271491,0.8981094,0.0,1.0278188,0.67250323,0.52678084,1.1426735,0.83279574,1.0207486,0.908889,1.1575806,1.0891925,1.0440214,1.1373467,0.8169928,1.0134308,1.2497368,0.6365703,1.0218763,0.9000269,0.85132265,1.2000914,1.1386824,1.0923764,1.1487556,0.8371676,1.1126804,0.70728296,1.1926318,1.1558204,0.95726776,1.0140584,1.09116,0.7228962,1.2056286,0.9508888,1.1547959,0.9809626,0.83722425,1.2295675,1.0644519,1.1154803,1.1351793,0.9927543,1.198869,1.3100877,0.7306761,0.96428937,0.9478101,0.8872891,1.0494367,1.151299,0.7020054,1.0764692,1.0483583,1.2023478,1.1929175,0.73507434,1.1267513,0.96263856,1.1751438,1.2792127,1.0911516,0.7835913,0.9148767,0.8336628,0.9541911,1.0693727,1.0457319,0.42179054,0.6892698,1.0946057,1.0339955,0.97035724,1.0109836,1.1767136,1.0527407,0.96495295,1.1908121,1.0831108,0.5494053,0.5636876,1.2112405,1.0326359,1.082357,0.9384443,1.1137413,0.5869217,1.0187635,0.97995174,0.7102011,0.9636147,1.1805065,0.8959816,0.7423092,1.1272764,0.93697363,1.0370419,1.0378582,0.8763133,0.5021347,1.055749,1.0808637,1.0684308,1.1357069
box,0.91695607,1.1783082,1.3001049,0.97031784,0.63481903,1.120876,1.1620781,1.112844,0.6831605,0.7887877,0.64890826,1.3204651,0.7201571,0.5428034,0.73492837,0.2853093,1.2886245,1.0278188,0.0,1.3428986,0.7918016,1.0913873,1.0015951,0.89745134,1.3773396,1.000745,0.81492317,1.0886793,1.0863779,1.0724819,1.2022766,0.6640824,1.0629016,1.310532,0.43253124,1.2350528,0.94448376,0.865299,0.7584866,0.88056135,0.73415077,1.4430157,1.3497941,0.9421039,1.3179519,1.2372795,1.1987256,1.3350556,1.2755281,0.950332,0.9872459,1.2625086,1.1247718,0.979267,0.9517385,0.8785751,0.9368326,1.1419958,1.1360393,0.5937013,0.79516953,1.1677246,1.0337906,1.3017641,1.0024563,0.952224,1.2224686,1.2737572,1.3651366,1.2203134,1.2776455,1.2235887,1.1799217,0.70889187,0.83393383,0.789935,0.9400726,0.296996,1.325799,1.3843604,1.2738084,1.2259039,1.0997345,1.1773809,0.94106686,1.1222663,1.2952944,0.9912969,0.7378675,0.7457872,0.9559602,0.8789644,0.8623971,0.81282395,1.1463575,0.9455238,0.8880454,0.66087687,1.314013,0.7954964,1.0841665,1.0552499,1.2543931,0.93961185,1.1612928,1.3713918,0.9144174,0.6955515,0.47637546,1.2255279,1.436115,1.2130667,0.87900245,1.1778941,0.8213631,0.5431255,1.2111579,0.87167835,1.3769429,0.72938937
bread,1.1564556,0.8333407,0.19498813,1.0052444,1.3653274,0.70361483,0.7721754,0.8811853,1.1636207,1.3508887,1.4282591,0.9478284,1.5009215,1.4230318,1.3830342,1.1891334,0.84991467,0.67250323,1.3428986,0.0,1.0611519,1.078849,1.0876837,1.0871943,0.53357357,1.1328487,1.4406737,0.83991873,1.1895926,0.9498279,0.9446052,1.3786011,0.75088817,0.8653945,1.3500588,0.85274714,1.0623506,1.1655011,1.0603681,1.2911177,1.1690203,0.76664925,0.3054961,1.1365774,0.9421319,0.8096184,0.85551614,0.91672003,0.8432385,1.0272206,1.1458083,0.9863463,1.1056448,0.76613367,1.1748803,1.0943464,1.1775005,0.89276695,1.1457769,1.4109395,1.4452586,0.97941446,1.1096693,0.92442024,0.7023616,1.1897693,0.9115349,0.06762755,0.823321,0.9929528,1.0767077,0.9912893,0.24132937,1.2841218,1.0483344,1.3917797,1.3514665,1.196026,0.20391226,0.9091819,0.92184657,0.6577055,1.0926076,0.89745224,0.69665694,0.32038307,0.8370468,1.1074178,0.9931085,1.2449255,1.0627788,1.0884849,1.2080122,1.3025936,1.1178707,0.8677038,1.1146444,1.4137411,0.8837534,1.1387537,0.9611083,1.2204366,0.75582373,1.1045756,0.98737794,0.30271184,1.121634,1.3872988,1.3014427,0.64447474,0.80052257,0.9434478,1.2508917,0.98095715,0.84954834,1.1426969,1.055018,1.396886,0.91758484,1.2016958
bucket,1.340555,0.9089991,1.0134671,0.9009626,1.123773,0.8846735,0.91109836,0.9749395,0.55389726,1.1001438,1.2505498,1.0048971,0.98765665,1.0374792,1.2788396,0.9521087,0.829358,0.52678084,0.7918016,1.0611519,0.0,1.1080654,0.56249154,0.8465326,1.0455337,1.1314749,0.8685311,0.9169031,0.9096786,0.9132339,1.0321153,1.290158,1.1129234,0.9390962,0.62338305,0.92391735,1.166923,1.1590357,1.017073,0.86636126,0.72641796,1.0509346,1.0823517,1.2332311,1.0562029,1.008584,1.0265081,1.0316957,0.91912574,1.121144,0.81091297,1.1100512,0.90661323,0.7701503,1.2575544,1.1747388,1.0140091,1.0900873,0.9022255,1.0978703,1.1723683,0.8916934,0.85503834,0.9058105,1.0214931,0.90884006,1.0788989,1.0490115,1.1255051,0.92530906,1.0744555,1.1084485,0.9731726,1.0781884,1.0037019,0.9961299,1.1891934,1.0701313,1.0834756,0.9722967,0.9297272,1.0704187,1.0559385,1.0073061,1.0082744,1.0079237,1.2157145,0.88015795,0.85277426,0.8037098,1.1288258,1.16967,0.85296744,1.2559146,0.95309615,0.97117466,0.65017766,1.060121,0.9346564,1.0588603,0.8141484,0.9517602,0.92794466,0.8281816,1.0407778,0.9053302,0.8974433,1.1123786,1.0135312,0.74816966,1.083682,0.76806265,0.923234,0.94235045,0.6307094,0.6512605,0.89709663,0.78377295,1.0463609,1.1206552
butterfly,0.68972445,0.98255193,1.0522336,1.1973569,1.2540891,0.959468,1.0848211,0.70260346,1.0102319,1.213126,1.2225192,0.9906318,1.2482262,1.2263644,1.2163272,0.9462609,0.86290264,1.1426735,1.0913873,1.078849,1.1080654,0.0,1.1250057,0.93536526,0.9982255,1.0148525,1.1316813,0.61333853,1.0340804,1.199918,0.8300005,1.1881049,1.136388,0.74624574,1.1565211,0.93567175,0.50205994,1.0376694,0.8084229,1.1131508,1.0363538,0.81356585,1.160125,1.1653768,1.0096679,0.8623673,0.88660634,0.92173,0.791257,0.3307805,1.088222,0.97330904,1.2003622,0.7937311,1.1791375,1.1897771,1.186594,0.8750117,1.0656406,1.1667135,1.1997168,0.9992258,0.89827865,0.87193733,1.1240859,1.2598474,0.75400835,1.1190132,0.82862055,0.891768,1.0105121,1.1336375,0.91536707,1.1161958,1.1371787,1.2545252,1.157644,1.0800601,1.060116,0.8219093,0.7838846,0.9666803,1.036338,0.86336327,1.1821206,1.1850849,0.93065745,1.0621189,0.8559506,1.2200189,0.48684096,1.1920075,1.0493532,1.1897593,1.1342812,1.0232071,1.1473441,1.1215202,0.907031,1.0554845,0.90898275,1.1951973,0.84812224,0.9615008,0.8438396,1.0198216,0.9630217,1.1667874,1.2157271,0.72657865,1.0144821,0.9980874,1.1243274,0.8726746,0.78435636,1.2100339,0.87951314,1.0918745,0.8252682,1.108421
can,1.2824203,0.86327624,1.1419216,1.071024,1.201886,1.1136355,1.0206594,1.0880063,0.82687,0.99318737,1.22701,0.6473464,0.84672064,1.2592456,1.212898,1.2130586,0.6640845,0.83279574,1.0015951,1.0876837,0.56249154,1.1250057,0.0,0.57519984,1.1910284,0.94792986,0.6328044,0.9273423,0.47970212,0.9977502,0.90348566,1.252996,1.1241719,0.8521408,0.8382424,0.65923405,1.2046342,1.2239107,1.2389364,0.40322322,0.5628162,0.90208745,1.2418832,1.1610284,1.0168297,0.8821428,0.93417,0.97589266,0.9828296,1.2561984,0.77208334,0.97356474,1.0654151,1.029483,1.1881647,1.1376172,1.1871244,0.98667943,0.81602293,1.2282956,1.1083244,0.8418057,0.61165106,0.5359701,1.2145854,1.0526139,1.1379161,1.1050442,0.97403437,0.6079637,1.0314584,1.1220709,1.093768,1.0482498,1.1877012,1.2562162,1.0358273,1.2400528,1.0682739,0.7220912,0.7625089,1.2306764,0.8290585,0.85272205,1.2122183,1.0914171,1.160349,0.7537396,0.833919,0.33814734,1.1646032,1.1168348,1.1799068,1.2197381,0.84563327,1.2122488,0.65569425,1.0882632,0.71884114,1.0362176,0.8112991,0.9664055,1.070501,0.9911455,0.96449274,1.0533305,0.90316325,1.2904228,1.1545098,0.9129127,0.92186254,0.7585371,1.1474549,0.7122703,1.0083474,1.1802341,0.6952197,0.5490848,0.73883474,1.0258678
car,1.0990853,0.9717961,1.1212717,1.1147094,1.2051991,0.98902863,0.973101,1.022928,0.93664527,0.96528536,1.2072705,0.73790324,0.93481535,1.2305096,1.1901525,0.9923857,0.62945044,1.0207486,0.89745134,1.0871943,0.8465326,0.93536526,0.57519984,0.0,1.3229716,0.7581538,0.84619963,0.75592893,0.6553471,1.1623152,1.0642035,1.235434,1.119822,0.7511035,0.7590058,0.5668602,1.0913777,1.0873625,1.0673149,0.7104364,0.8584883,0.9296558,1.2718426,1.1814704,1.1640751,0.9401248,0.75060505,0.9918579,1.0250365,0.9836339,0.8405364,1.0390933,1.2778146,0.900131,1.2377298,1.082959,1.2708664,0.9605363,0.8060361,1.0920136,1.175397,0.93846965,0.89371675,0.63039136,1.13811,1.2288505,1.1167881,1.1246133,0.8436078,0.7615341,1.2223359,1.2611871,1.0051478,0.8801635,1.2008402,1.2636515,1.1921294,1.1071905,1.0858947,0.7012104,0.7515764,1.2690122,0.90967304,0.82192284,1.1948725,1.2167311,1.3110011,0.74292135,0.6549529,0.7388289,1.0690163,1.0740288,0.95217544,1.1880319,1.1439544,1.1708727,0.9636685,0.85280246,0.65265214,0.98317957,0.87465054,1.0295902,1.1129379,0.9171646,0.97613794,1.1273987,0.80222213,1.2099857,1.1552165,0.7665801,1.0867779,0.88556314,1.0002373,0.80452585,0.6516962,1.2268218,0.7805786,0.7154044,0.73377687,0.91379166
carrot,1.1344543,0.73742664,0.49300253,1.0679737,1.2034456,0.9389367,0.94461364,0.7812259,1.1982672,1.3628545,1.3107872,0.8768175,1.3258477,1.3284507,1.3416467,1.2833769,0.9016482,0.908889,1.3773396,0.53357357,1.0455337,0.9982255,1.1910284,1.3229716,0.0,1.3044801,1.3101349,1.0363983,1.2031175,1.0328813,0.8105866,1.2568433,1.0647011,0.7544656,1.3740047,0.9728458,0.9740767,1.0838313,1.0674305,1.2900784,1.0849293,0.609607,0.4346558,1.0593249,0.45800447,0.8366993,1.0140857,0.62066114,0.8185446,1.0568768,1.2108847,0.7982393,0.80172986,0.9829563,1.0789155,1.2002201,0.83024246,0.92778945,1.061485,1.38092,1.2196308,0.9507087,1.076747,1.0266943,0.88535625,0.9755746,0.6340091,0.5571209,0.72770846,1.0567695,0.67459434,0.65362614,0.671706,1.2885145,1.1559498,1.1788391,1.1181253,1.2733936,0.55267817,0.81585693,0.913932,0.54373264,1.1364058,1.0126258,0.9482996,0.6656656,0.6721529,1.1371802,1.0857162,1.338525,0.9999311,1.207662,1.1536895,1.2444003,0.8942424,0.9319515,1.0618751,1.3285098,0.814709,1.1936182,0.8591379,0.96151644,0.78889537,1.1312201,0.97934216,0.33586657,1.2143295,1.2847722,1.3367652,0.8475883,0.4768247,0.8098173,1.180291,1.0730233,1.064315,1.2348558,1.0605124,1.3375388,0.87142414,1.2821703
cat,0.5307595,0.9911144,1.2128757,1.08647,0.95889795,1.0378282,1.0184276,1.1873028,1.1121311,0.706537,0.82911706,0.98461556,0.8259932,0.94274044,0.69468504,1.0510225,1.0342768,1.1575806,1.000745,1.1328487,1.1314749,1.0148525,0.94792986,0.7581538,1.3044801,0.0,0.86223733,1.0797925,0.8075557,1.0841483,1.1593591,0.8764263,0.9872177,1.1235522,0.9031528,0.97043145,1.0754297,0.4571287,0.8988668,0.82483953,1.1851285,0.9948798,1.2829571,0.96747625,1.1846457,1.0911863,0.9477248,1.1652474,1.2866781,0.9801453,0.9418202,1.0614548,1.1104331,1.0769489,0.98466957,0.88397694,1.0496674,1.0901581,1.001128,0.8519308,0.88400024,1.1643311,1.0840745,0.92882025,1.161992,1.035473,1.1705322,1.1753554,0.99688214,0.9283206,1.1543075,1.0617869,1.1569278,0.8002766,0.71005243,0.92290205,0.9964169,1.0072491,1.1662151,1.0603427,1.005064,1.3102591,0.8781084,0.96519744,1.1217804,1.1897118,1.122969,0.98677194,1.0228693,0.9420763,1.0632006,0.89038056,1.0087724,0.9295799,0.9858835,1.1519502,1.1079465,0.77890456,1.0137922,0.9556879,1.2079827,0.9580224,1.2878615,0.90239495,1.0105196,1.2207515,1.044559,0.94522667,0.94614947,1.0688108,1.0871472,1.1823108,0.9539108,0.9154068,0.99878997,1.093846,0.95483226,0.8944335,0.98330486,0.8594165
chair,0.96149814,1.0924218,1.4496794,0.97715324,0.8180505,1.2010484,1.0904188,1.2746761,0.8410729,0.706849,0.5778651,0.9595162,0.3683281,0.7865404,0.65357393,1.0940617,1.1418625,1.0891925,0.81492317,1.4406737,0.8685311,1.1316813,0.6328044,0.84619963,1.3101349,0.86223733,0.0,1.2624518,0.66424334,1.0840971,1.0473768,0.5782157,1.1537849,1.2901299,0.5472432,1.1362259,1.0739479,0.813367,1.0929228,0.46242058,0.7101157,1.2065462,1.4839936,0.9942888,1.1210482,1.2375641,1.2167932,1.2139977,1.3621031,1.2485536,0.7792356,1.2029512,0.7708278,1.241763,0.9729342,1.0642425,0.96831614,1.143041,0.8209053,0.74055123,0.49594682,1.08897,0.735258,0.9608389,1.2527032,0.6871267,1.30481,1.4075115,1.3125792,0.68529564,1.074959,1.179245,1.3963768,0.84922993,0.9067338,0.67524576,0.5525794,1.0258918,1.3441238,1.1956618,1.1383672,1.4366314,0.6489627,1.1562271,1.218116,1.2365695,1.0964035,0.6765336,1.0323483,0.5586534,1.0587064,1.0493841,1.0321773,0.65212727,0.85026145,1.2735536,0.653265,0.6403539,1.0546591,1.0910866,1.110986,0.61763406,1.4006183,1.0222142,1.0141265,1.3815902,0.87559074,0.7735764,0.7074646,1.3475628,1.2232811,1.0954744,0.9744568,0.68912023,1.1997063,1.0106214,0.7823095,0.46595776,1.1080195,0.9037421
clock,1.0371544,0.8934269,0.874345,1.2656813,1.3154674,0.7992775,0.86109644,0.76727235,0.9616178,1.325454,1.3724284,0.68220353,1.3727677,1.4117787,1.3712398,0.9843602,0.5050129,1.0440214,1.0886793,0.83991873,0.9169031,0.61333853,0.9273423,0.75592893,1.0363983,1.0797925,1.2624518,0.0,1.0107201,1.1010493,0.7441379,1.3318193,1.2332659,0.48659593,1.2466195,0.5673874,0.8790947,1.228172,0.9711719,1.0947722,1.0211524,0.7364776,0.98878574,1.1896186,0.91482013,0.6001487,0.7114577,0.7270509,0.8545131,0.6834221,1.209399,0.7774333,1.3166754,0.71869564,1.2089863,1.2569382,1.2954048,0.6463744,1.1358745,1.3008499,1.352706,1.0596318,0.93725216,0.54229796,1.0705421,1.3508484,0.8264924,0.9088593,0.5996772,0.8264554,0.9094573,1.0460272,0.7504357,1.1988378,1.1848369,1.4067785,1.2787001,1.1432163,0.844589,0.6795537,0.69471496,0.96501774,0.99909335,0.77433044,1.2118001,1.0640287,0.98993593,1.0404977,0.7207221,1.2252456,0.8560768,1.2645497,1.1618037,1.2634089,1.1163498,1.1127182,1.196028,1.2859179,0.60698295,1.0432158,0.657853,1.2780973,0.93365276,0.9813441,0.82931495,0.8975853,1.1394715,1.3325346,1.3395504,0.47404128,0.7753869,0.84599876,1.222894,0.87764275,0.617258,1.2970269,0.78657067,1.1860563,0.5273219,1.1641406
closet,1.0776119,0.8476095,1.1832108,1.2060686,1.216757,1.1255467,1.0521555,1.066117,0.94311327,0.8941973,1.0906091,0.72010934,0.824643,1.2451793,1.043314,1.175612,0.88916487,1.1373467,1.0863779,1.1895926,0.9096786,1.0340804,0.47970212,0.6553471,1.2031175,0.8075557,0.66424334,1.0107201,0.0,1.0772636,0.93550575,1.1413172,1.1221039,0.9138443,0.9750483,0.9209563,1.0686965,1.0803117,1.1016289,0.37360322,0.8164442,0.8610914,1.2266014,1.1460142,1.0384756,0.99191064,0.9057684,1.1193744,1.0230395,1.0956306,0.75649077,1.0028509,1.0666035,1.1751841,1.1563745,1.0915624,1.1014799,1.0784559,0.7197711,1.0904237,1.0020083,0.8142246,0.66921896,0.6258271,1.2298946,0.9821675,1.1122026,1.1804324,1.0550622,0.70476454,1.0729111,1.0813478,1.1117373,0.9935046,1.1726809,1.1212163,1.0093715,1.2099112,1.0989306,0.7993527,0.7859264,1.2590747,0.8163861,0.8329818,1.1966478,1.1371422,1.278254,0.72171426,0.9244453,0.62385607,1.0356449,1.0686641,1.0499463,1.1337584,0.8851528,1.2033691,0.9521188,0.96655756,0.8071487,1.0388093,1.0940847,0.8207941,1.104222,0.8900197,0.92256784,1.0789057,0.86876327,1.1513683,1.0880095,1.0623273,0.9792122,0.9092917,0.99832034,0.7550271,1.1051487,1.29386,0.7682236,0.5014602,0.82343376,0.879874
coffee,1.1707748,1.1512015,0.9846032,0.78300077,0.8972702,0.98002607,0.8982636,1.1042304,0.90992826,0.84837675,1.0308806,1.157729,0.9932702,0.84697413,0.93939644,1.0520833,1.2205957,0.8169928,1.0724819,0.9498279,0.9132339,1.199918,0.9977502,1.1623152,1.0328813,1.0841483,1.0840971,1.1010493,1.0772636,0.0,1.1788576,1.0707793,0.8910597,1.2709104,1.0530448,1.1634808,1.10268,1.0987095,1.0784756,1.0491866,1.0229602,1.1594076,0.82187814,1.0110075,1.0561591,1.0682707,1.2298298,1.126762,0.8040791,1.1831255,0.72003794,0.99401027,0.8301386,0.9512894,0.95084155,0.98739123,0.8286512,1.1651615,0.9171425,0.9354239,0.9730449,0.81824607,1.1302392,1.0728016,0.89105797,0.8113032,0.96847695,0.93509805,1.1303368,1.0468509,0.92033297,0.9877381,1.0702854,1.0126711,1.0018152,0.85347277,0.9686664,1.021048,0.95068777,1.1177148,1.2024344,1.0232587,1.1219115,1.1860795,0.7627171,0.833118,0.9737668,1.0648924,1.155933,0.8658643,1.1115646,0.984353,0.944462,0.9746794,0.8676231,0.89279693,0.86769253,1.1195301,1.2203352,0.96587837,1.0730059,0.9171351,0.74566543,1.1428056,1.1857878,0.9654315,1.0508552,0.9387708,0.8857826,1.1202364,1.0991746,0.89399827,1.0000559,1.0553666,1.2367461,0.79552484,1.1426423,1.0404841,1.201977,0.96771264
comb,1.0606177,0.9942375,1.0078014,1.1593864,1.1898245,1.0583351,0.97845495,0.91610867,1.1066163,1.287291,1.2496946,0.5942653,1.17891,1.328376,1.2591376,1.1495163,0.68805313,1.0134308,1.2022766,0.9446052,1.0321153,0.8300005,0.90348566,1.0642035,0.8105866,1.1593591,1.0473768,0.7441379,0.93550575,1.1788576,0.0,1.197094,1.1664088,0.566746,1.2566667,0.7687926,0.9697406,1.0985721,1.1917173,0.9997047,0.8083387,0.74937,0.9862091,1.136126,0.6575851,0.63636816,0.8770297,0.68592924,0.84634393,0.96680963,1.2924695,0.78669834,1.0167254,0.95231193,1.1286945,1.159643,1.1471261,0.7936183,1.0787791,1.3105836,1.1527779,0.9334242,0.80191267,0.6606761,1.1751742,1.0934249,0.78733325,0.96923083,0.6954885,0.78809726,0.78722656,0.99399084,1.0161774,1.1516814,1.1842929,1.2336789,1.0608063,1.2394825,0.8699922,0.6604042,0.63234234,0.8760695,0.8910044,0.9028328,1.2279158,1.0318873,0.7791519,1.007746,0.8720479,1.1504426,0.97923464,1.1748571,1.154014,1.2161114,0.89176327,1.091833,0.9705457,1.2042568,0.6517977,1.1035819,0.6706238,1.0384765,0.9235215,1.2065811,0.68384933,0.9297861,1.140677,1.2461152,1.3454769,0.8030176,0.7284943,0.7340305,1.210714,0.8521209,1.0331923,1.304768,0.86951184,1.0522734,0.5710966,1.2379721
couch,0.6673236,1.2302682,1.3936479,0.91300726,0.48252094,1.2325125,1.2083535,1.2221398,1.011149,0.5958886,0.077560544,1.3008478,0.555857,0.47479868,0.32027382,0.81528413,1.4327834,1.2497368,0.6640824,1.3786011,1.290158,1.1881049,1.252996,1.235434,1.2568433,0.8764263,0.5782157,1.3318193,1.1413172,1.0707793,1.197094,0.0,1.0138252,1.5001514,0.7282879,1.3420873,1.05861,0.5784782,0.9668139,0.9099259,1.0012019,1.4031675,1.3427733,0.5119277,1.2065862,1.2728679,1.3469156,1.2564586,1.4431741,1.0902356,1.0202118,1.1172502,0.94209254,1.3059994,0.533755,0.7867649,0.85068,1.055654,1.139495,0.47783858,0.31730747,1.3777583,1.2286851,1.4081384,1.0390849,0.81817734,1.248465,1.348238,1.2963766,1.2419376,1.0966516,1.0315982,1.396666,0.78891903,0.7434966,0.505779,0.43946105,0.6672653,1.355566,1.5320413,1.471129,1.2288302,0.86747354,1.3104234,1.0228056,1.1489415,0.95593655,1.1376088,1.1142154,0.8819589,1.0779399,0.7922132,1.041845,0.31406945,1.0037295,1.0571276,0.9482711,0.49289954,1.3538456,0.92288834,1.251897,0.8682152,1.4115064,1.1489197,1.1678513,1.4774532,1.0874767,0.41891754,0.43743545,1.4668851,1.2810295,1.3783168,0.9733449,1.1988245,1.3111606,0.7502332,1.1666882,0.93832016,1.3753206,0.7166253
