,alligator,ankle,apple,applesauce,arm,ball,balloon,banana,basket,bathtub,bed,belt,bench,bib,bird,blanket,boat,book,bottle,bowl,box,bread,broom,bucket,butterfly,can,car,carrot,cat,chair,chips,clock,closet,coat,coffee,comb,cookie,couch,cracker,crayon,crib,cup,deer,dish,dog,doll,door,drawer,dress,ear,egg,elephant,eye,face,finger,fish,flower,foot,fork,frog,game,giraffe,glass,glasses,glove,gum,hair,hamburger,hand,hat,horse,hose,jacket,jar,jeans,knife,ladder,lamp,meat,melon,mitten,motorcycle,mouth,muffin,nail,napkin,necklace,nose,orange,oven,owl,pajamas,pants,paper,pen,pencil,pickle,pig,pillow,pizza,plant,plate,pony,pumpkin,purse,radio,raisin,refrigerator,rooster,sandwich,scarf,scissors,shirt,shoe,shorts,shovel,shower,sink,slide,slipper,snow,soap,sock,soup,spoon,sprinkler,strawberry,stroller,sweater,table,tape,toe,tooth,toothbrush,towel,toy,tray,tree,truck,vacuum,watch,window,zebra
alligator,0.0,1.1510844,1.3395855,1.1048336,0.75893635,1.2787764,1.3660362,1.1047306,1.1422992,0.69344014,0.6393411,1.2936914,0.7166704,0.73278517,0.8873238,0.58116233,0.83872145,0.9567484,1.3555659,1.245097,0.8610922,1.1506355,0.9947851,1.4185343,0.85053337,1.4391663,1.30101,1.4115598,0.56019247,1.2030371,0.98127717,1.4161203,1.2365757,0.90750825,1.1809124,0.86046267,0.95427686,0.6662715,0.9113003,1.3285036,0.8628745,1.480338,0.92641795,0.9351977,0.68548274,0.90547955,1.0207808,1.1550088,0.80290556,1.1823721,1.365672,0.68163955,1.126384,0.975294,1.3145033,1.0557513,1.24825,1.1028321,1.0714166,0.8149228,1.0372627,0.67393684,1.1192632,1.2202038,0.9764323,1.080698,1.0426646,1.0240644,0.933395,1.2752995,0.7173643,0.7358491,0.8762817,1.024963,0.7074642,0.98290473,1.1565729,1.4094999,0.8543438,1.1411705,0.6869254,0.94427025,1.1647825,0.93882,1.3471874,1.0658001,1.303585,1.2617781,1.3673024,0.9170852,0.8062446,0.7268029,0.8721798,0.60136336,1.2859765,1.2330592,1.1272686,0.8220004,0.80431044,0.9503327,1.1938004,1.124772,0.73363864,1.0867586,0.95395607,1.3365073,1.2879084,1.0823281,0.8013476,0.90766877,0.93311757,0.92914087,0.7882593,1.0363578,0.76467055,1.1142741,1.039936,0.97757685,0.78554475,1.1792173,0.7217165,1.408258,1.1263171,0.96961296,1.2326336,1.1200179,1.2974113,0.99765,0.8849254,0.7472346,1.3335285,1.211662,0.9964462,0.97643226,1.0617524,1.1673659,0.9277886,0.9785781,1.0214765,1.1943846,1.3348444,0.9554483,0.6284534
ankle,1.1510844,0.0,0.89440477,1.1259574,0.95449424,0.8350383,0.7360343,1.008392,0.9394575,1.2522833,1.2099189,0.8667325,1.1946287,1.142036,1.0006903,1.2072004,1.1984928,1.1322286,0.9183583,1.0148871,1.2583907,0.99183464,1.0593705,0.9006522,0.8476124,0.8847829,0.99609786,0.6813078,1.2127423,0.95583916,1.157473,0.7963314,0.8413439,1.1803672,0.9255127,0.8640957,0.8950827,1.2023965,1.1547577,0.805949,1.3104854,0.7603741,0.97678554,1.2205162,1.034482,1.1102957,1.2699835,0.9987128,1.1195483,0.78068143,0.7427578,1.0935484,0.6593957,1.1474509,0.5080756,0.95919716,1.0258298,0.46292108,1.0349089,0.97232056,1.1713629,1.0356288,1.2806916,0.87923765,0.63665116,0.87063,0.99897534,1.190234,0.764059,0.74809474,1.0461717,1.1940997,1.1689237,1.0132921,1.0895865,0.7903408,1.1033418,0.80677724,1.1256458,1.0316119,0.9402313,0.9897236,0.7836901,1.0478772,0.76781523,0.8090482,0.61396086,0.7562706,0.8827278,1.2351338,0.94476986,1.1216731,1.0088253,1.2795353,0.8118704,0.86396664,0.86519945,0.9702828,1.0464537,1.175935,0.99695945,1.1395521,1.0155038,0.6915883,0.8929462,0.89473736,0.8628806,1.2338855,1.1029742,1.1861689,0.94856375,0.90268403,1.1602097,0.6152377,1.0281316,0.8077024,1.2301238,1.2079507,1.2021806,0.56932527,1.1527706,0.82640743,0.5100961,1.1240318,0.8889638,0.9381835,0.824234,1.181463,1.1727045,1.27664,0.7377876,0.3600331,0.73285544,1.0155991,0.7951113,0.95189357,1.2651736,1.1635948,1.3275563,0.9489262,0.6727543,1.2898687,1.0652866
apple,1.3395855,0.89440477,0.0,0.590824,1.2004539,0.4537443,0.5673332,0.43217373,1.094196,1.3881513,1.3234749,0.8392621,1.2964199,1.3051367,1.0752318,1.3810649,1.2473516,1.1203989,0.6816431,0.88318336,1.3142294,0.4193787,1.023164,1.1317906,1.0680257,1.1460577,1.1098244,0.6192012,1.3217444,1.3440027,0.7620844,0.7975924,1.0797853,1.231494,0.984262,1.2363083,0.89419425,1.2606156,0.6806576,0.6909401,1.4252763,0.6819831,1.0121646,1.0281638,1.0428835,1.0354902,1.3904681,1.2221019,1.3579224,0.8245493,0.3723874,1.1128236,0.7651811,1.0866561,0.7481214,0.8619689,0.70675445,1.0344956,1.0461593,0.90824497,1.0996624,1.1981369,1.2238141,0.87055445,0.96007466,0.62472284,0.97181165,0.4820031,0.9924116,0.7016061,1.0656239,1.0980681,1.2088768,1.0990331,1.2752986,1.151119,1.2592599,0.8737749,1.107168,0.41949517,1.077881,1.0293893,0.8654206,0.87111276,0.5695962,1.0839657,0.97280276,0.709273,0.16827732,1.293756,1.0725775,1.350915,1.2949303,1.2661707,0.9361701,0.9651131,0.4869662,0.9771716,1.2186487,0.92467505,0.81500787,0.7934932,1.0623673,0.781891,1.1341865,0.8734519,0.57751256,1.3553402,0.9757077,0.8496035,1.2611291,1.0668004,1.2396888,1.0986906,1.2756752,1.0311215,1.1806148,1.2895274,1.1991475,0.83755076,1.2385334,0.5885205,1.1816789,1.0024718,0.85664403,0.7588174,0.6192405,1.2875104,1.1653216,1.3852711,0.67645645,0.77079546,0.9141838,1.0513531,1.1605904,0.8324065,1.0951262,1.1948402,1.2033077,1.175231,0.7633522,1.3374207,1.1344345
applesauce,1.1048336,1.1259574,0.590824,0.0,0.82221365,0.9126165,1.1140075,0.32339907,1.107415,1.1272386,1.1768882,1.2210256,1.053726,0.9594094,1.093666,1.1609478,0.97527677,1.0367802,1.1792862,0.8169159,0.9666729,0.37976468,0.9157572,1.0966872,1.1582034,1.2294163,1.1883268,1.0330797,1.0835917,1.2495809,0.4932946,1.2075377,1.3500316,1.0514423,1.2149419,1.1510562,0.9774263,1.1062092,0.46386433,1.1673676,1.0868523,1.0877792,1.2593431,0.8531335,0.9390989,1.0486628,1.0904704,1.0190241,1.045254,0.9888748,0.9538178,1.1415156,1.2023677,1.0430964,1.0884562,1.1808841,1.1046953,1.1448267,0.9043846,1.0241677,1.1249478,1.0482385,0.9205233,1.0319626,0.9278328,0.4698245,1.0229561,0.37960327,0.7257868,1.1246748,1.1219548,0.96001273,1.1270113,0.8507769,0.99473345,1.0534476,1.1516775,1.3437932,0.77886283,0.5319547,0.87260604,0.9824818,0.98153883,0.65363824,1.1779959,1.1881561,1.1783834,1.2548921,0.64908564,1.0444586,1.1456444,1.0173736,1.060794,1.0144274,1.1818788,1.1293256,0.5175743,1.1474166,1.08303,0.6039956,1.1182872,0.6289697,1.1879978,0.8969141,0.96003187,1.2106253,1.1326193,1.1142693,1.0048292,0.59539753,0.9485453,0.9558332,1.0209577,1.1140023,0.97733706,0.8236517,1.0361334,1.013006,1.0793321,1.1879302,1.1519082,1.122585,1.1922661,0.77127045,0.88149357,0.77583,1.0527393,1.0965518,1.0526257,1.0547729,0.97316283,1.1374345,1.0543249,0.8103987,1.2157732,0.94890064,0.7987186,1.0741296,0.883323,1.1782134,1.0672562,1.0848362,1.2041591
arm,0.75893635,0.95449424,1.2004539,0.82221365,0.0,1.3287046,1.390038,1.0328248,1.3182881,0.61028284,0.52658486,1.4346503,0.5692206,0.54095554,1.2647054,0.6693002,0.7927813,1.0301723,1.3832266,1.3149285,0.7454285,1.0954334,1.0166334,1.2319508,1.2900119,1.3034079,1.3067684,1.2524121,0.8022547,1.020366,0.97154754,1.4910655,1.2788651,0.79669905,1.176598,0.9449821,1.198174,0.47680342,0.95954496,1.3938401,0.67185766,1.4874159,1.2597685,0.7803663,0.9729332,1.1587435,0.76747394,0.9088992,0.6623733,1.1002686,1.3748968,1.0721738,1.3849065,1.0465592,1.006501,1.4734578,1.3728642,0.9718392,1.0115763,1.4470589,0.9670966,0.9901381,0.8771927,1.0343213,0.9124095,0.9751762,0.8284474,0.8405387,0.36945283,1.3359072,1.130755,0.831696,0.649157,0.96644783,0.43511224,0.8554672,1.1207148,1.4782486,0.72906923,1.0198426,0.8146615,0.9901704,0.93315965,0.87529105,1.3031139,1.248002,1.156681,1.4323597,1.2556871,0.73597115,1.1662188,0.4587263,0.7256186,0.7049756,1.2745914,1.2076116,1.0102407,1.2130827,0.98280764,0.9039925,1.3405354,1.2399858,1.2283525,0.8258723,1.0390542,1.5255044,1.3756802,0.78748405,1.1362717,0.70360655,0.8757423,1.1275228,0.435719,1.209044,0.567199,0.9980278,0.94281346,0.8920914,0.5351561,1.4557568,1.0011115,1.4801977,1.0400574,0.9269563,1.2476656,1.1476345,1.2572155,0.8590876,0.5732226,0.55569834,1.5104011,1.0227035,0.90793663,0.74876297,1.2081565,1.253233,0.8244989,0.94222695,0.9671322,1.1241956,1.2646371,0.70318747,1.059386
ball,1.2787764,0.8350383,0.4537443,0.9126165,1.3287046,0.0,0.2304585,0.7865103,0.8401003,1.266375,1.1996955,0.96986103,1.2791486,1.2738028,0.85691035,1.1872294,1.1488731,0.93709654,0.8659367,0.8121538,1.1206496,0.80504,0.96059805,0.93655777,0.9340848,1.0193498,0.9448978,0.8252764,1.325426,1.1584388,0.9992293,0.6267173,1.0312663,1.2318774,1.0722301,1.1665634,0.88514626,1.2585927,0.9743376,0.8484575,1.207797,0.68545735,0.862533,1.0466211,0.9760706,0.9093367,1.3153726,1.0432324,1.3189218,1.0485973,0.40919483,1.0740902,0.71880835,0.99637824,0.9725772,0.8606592,0.7505473,1.1094735,0.98638105,0.7828212,1.0673666,1.1360192,1.1630585,1.0906742,1.0055802,0.74594617,1.135618,0.84032416,1.2188206,0.7720891,0.9754464,1.0684214,1.1972921,0.8384832,1.2720418,1.2525197,1.1226758,0.7489667,1.1617188,0.6077366,1.062716,0.98883224,1.0900968,0.984331,0.8435896,1.0124295,0.9847889,0.7871921,0.49572957,1.2839903,1.0434575,1.3117249,1.3666452,1.0941776,0.97575617,0.969119,0.81548774,0.8648007,1.0037457,1.0140892,0.7539432,0.88813066,0.9199812,0.82969797,0.9368591,0.931668,0.8077587,1.2646265,0.93978405,1.1373754,1.3130425,0.92714256,1.2882259,0.8928799,1.3843374,1.0384141,1.1840478,1.1683148,1.1086917,0.7830108,1.0779573,0.7122207,1.0319769,1.0115244,0.842831,0.8991271,0.8584566,1.0363834,1.228111,1.2428063,0.5176221,1.056111,1.1484971,1.1159433,1.0414987,0.51639676,0.96559405,1.1531328,1.167417,0.9704211,0.9857295,1.2550306,1.0319031
balloon,1.3660362,0.7360343,0.5673332,1.1140075,1.390038,0.2304585,0.0,0.9158325,0.8711511,1.3301238,1.373127,0.6740405,1.3841565,1.3272847,0.9082105,1.3566036,1.2599273,1.0603136,0.613295,0.8441644,1.3322154,0.87965417,1.0184559,0.7565566,0.9444247,0.75062984,0.74967855,0.57865465,1.2882776,0.98265153,1.1617347,0.44305658,0.80498385,1.3095411,0.7709768,1.1291504,0.8694965,1.4003272,1.1155924,0.58776367,1.3622987,0.4683596,0.85762715,1.1218383,1.0705767,1.0473624,1.2940576,1.0968542,1.3864129,0.96168417,0.2734517,1.0961589,0.5354126,1.1223183,0.6764667,0.65011084,0.6416084,0.8440074,0.9935194,0.8143585,1.1127396,1.1866612,1.1360179,0.96688044,0.83923435,0.8674094,1.1789417,1.0847433,1.2302433,0.6246234,1.0582345,1.1699114,1.2853191,1.0620574,1.3497804,1.0751418,1.0202132,0.38292825,1.2618235,0.7382653,1.1341075,1.0463021,1.0015687,1.0465889,0.61465216,0.7695505,0.77163255,0.5151976,0.48630756,1.3840591,1.0725108,1.4074674,1.2751386,1.3280184,0.6799432,0.75691944,0.88875234,0.93628657,1.033306,1.2198043,0.6962801,1.0067459,0.9549788,0.82319826,1.0737524,0.688473,0.6222964,1.269778,1.0299114,1.2561743,1.1676719,1.0114522,1.3893754,0.9149749,1.3729279,0.93551224,1.1508172,1.1352955,1.2505214,0.6357907,1.0806576,0.4331922,0.79379046,1.1221685,0.77670467,0.9009828,0.6639694,1.2178054,1.3565016,1.4168884,0.5088541,0.80764073,0.984059,1.0914673,0.85242933,0.74790394,1.2389717,1.1263263,1.1866915,0.89601403,0.74446386,1.2986388,1.1111379
banana,1.1047306,1.008392,0.43217373,0.32339907,1.0328248,0.7865103,0.9158325,0.0,1.0579497,1.2572987,1.3447771,0.9795028,1.2150688,1.1186756,1.0620227,1.3167174,1.135526,1.1488526,1.012635,0.8445388,1.1745164,0.29104275,0.8278118,1.0955411,1.0835965,1.1560019,1.1038107,0.84712434,1.1900439,1.28653,0.6087159,1.0351175,1.1073375,1.2019268,1.0810331,1.077253,0.8932065,1.2669361,0.47647172,0.8194814,1.2769344,0.8824606,1.1174597,1.0074126,0.89387864,1.0763252,1.2857766,1.1591692,1.2844113,0.91831607,0.7000028,1.0843952,0.9838649,1.1597507,0.9036236,0.87374353,0.90817153,0.9284332,0.83516586,0.79770136,1.1300249,1.0918568,1.1611346,1.0378426,0.8233842,0.52160585,1.1321615,0.460468,0.9038048,0.9762431,1.1170475,1.018034,1.2490813,1.0064017,1.2007216,0.90955305,1.1718193,1.093822,0.9383084,0.470788,0.8930577,1.0072562,0.90182704,0.8193371,0.96744454,1.0108448,1.0545703,1.0160471,0.44639426,1.2325351,1.1427455,1.2877296,1.2110394,1.2006185,0.9506055,0.8929682,0.4308319,1.100015,1.1590927,0.79351974,0.94167507,0.6718471,1.1174023,0.880244,1.0414687,0.99155694,0.9078908,1.2811921,1.0074949,0.74182856,0.9834426,0.74794126,1.2506969,1.0039464,1.1833279,0.7154602,1.194334,1.0888121,1.1607873,0.8999387,1.1643596,0.8643818,1.0742002,0.93221194,0.7052623,0.7522758,0.89192295,1.2108585,1.2052734,1.319998,0.8075003,0.9390951,0.84051394,0.7082226,1.1061566,0.8245552,0.98363984,1.1964602,1.051256,1.0589615,0.8961105,1.3067995,1.1743777
basket,1.1422992,0.9394575,1.094196,1.107415,1.3182881,0.8401003,0.8711511,1.0579497,0.0,1.1942698,1.1821983,0.94220304,1.1877061,1.3428991,0.9358021,1.02125,0.8807952,0.6850787,0.7804669,0.6868904,0.8565074,1.0704305,0.91768503,0.60669875,0.82728225,0.654276,0.9031994,1.045168,1.2403691,0.7897049,1.1060772,0.5670743,0.71772546,1.2826929,0.9935328,0.8781632,0.7309246,1.2973969,1.0996053,0.811913,0.8687625,0.6637299,0.84366506,1.1520307,0.7971949,0.9455351,1.0884871,0.79587555,1.2515591,1.2449411,1.0021656,1.036756,1.083952,1.1057028,1.1590499,0.96265876,0.6791305,1.0671625,0.91474247,0.79149085,1.0393249,1.0384161,1.0191733,1.1790895,1.0837922,0.97796047,1.2495239,1.1908534,1.369025,0.79570657,0.92253983,1.0097355,1.2331595,0.8977366,1.364274,1.0316708,0.74592966,0.68717444,1.1374339,1.0003566,1.0199848,1.061765,1.2013727,1.1889398,1.0383228,0.7170054,0.8748622,0.9021893,1.0636796,1.1394091,1.0831653,1.3302267,1.3606447,1.0775244,0.78929305,0.7589061,1.2025179,0.8038015,0.7807069,1.1207428,0.6323515,0.92357934,0.8629209,1.1804339,0.5714171,0.8186808,0.99145734,0.9859254,0.986748,1.126194,1.0786935,0.69174874,1.419023,0.78132266,1.4037799,0.84096247,1.0105497,0.9850813,1.182781,0.7241272,1.0796596,0.83596706,0.8594533,1.0970079,0.78647375,1.1071665,1.0937384,0.8666591,1.3243048,1.1242647,0.51653314,1.1361194,1.1119586,0.9761565,0.76867473,0.612904,0.9770007,1.0970584,1.0080925,0.6232056,1.0085063,1.1194115,1.0427111
bathtub,0.69344014,1.2522833,1.3881513,1.1272386,0.61028284,1.266375,1.3301238,1.2572987,1.1942698,0.0,0.39626497,1.304074,0.30062473,0.53666097,1.2328024,0.55736554,0.77808553,1.0161812,1.2899456,1.0589893,0.66398823,1.3382456,1.1005676,1.000132,1.2222389,1.0556505,0.9387704,1.4368675,0.6083487,0.8191428,1.0803528,1.3555741,1.110844,0.70659673,1.0733136,1.0232301,1.2989788,0.49469483,1.0367508,1.405066,0.4535408,1.378581,1.1579285,0.765778,1.1837983,1.2719529,0.47914064,0.7056664,0.59470546,1.3153348,1.3745108,1.0734409,1.3370357,1.087323,1.3254871,1.2613449,1.3534763,1.1737907,0.95752907,1.3136091,0.91477215,1.0991876,0.6671136,1.2294817,1.1743656,1.2910334,1.0052426,1.0762124,0.92342687,1.4301063,1.1206235,0.81920236,0.60499513,1.0941199,0.5538604,0.9509462,0.93433833,1.21415,0.83540297,1.0864818,0.9687521,0.9869547,1.1641926,1.0094419,1.3719648,1.0070896,1.3316114,1.3961183,1.3752376,0.45438212,1.026766,0.46792924,0.6326773,0.6570101,1.2969097,1.2502277,1.2766471,1.2656579,0.9170576,0.872174,1.3060257,1.1559393,1.2273631,1.1457049,1.0723372,1.3109704,1.352655,0.47480178,1.1907654,0.83326143,1.0884222,1.1879131,0.48906016,1.1696585,0.71049094,1.0405195,0.7687069,0.4136955,0.48077363,1.314103,0.54434544,1.4492192,1.1127715,0.84109116,1.245068,1.3032081,1.420598,0.83098316,0.58463115,0.3924172,1.3928132,1.3232559,1.059894,1.0350626,1.030846,1.3675289,0.82833767,0.77382517,0.81843835,1.0792675,1.3802954,0.48778462,1.0553514
bed,0.6393411,1.2099189,1.3234749,1.1768882,0.52658486,1.1996955,1.373127,1.3447771,1.1821983,0.39626497,0.0,1.4327285,0.42703927,0.49888968,1.2083503,0.1589303,0.6864277,0.8286681,1.3214264,1.227534,0.5916318,1.3284776,1.1252615,1.278791,1.1649933,1.3036469,1.3011131,1.451891,0.75694007,0.96503836,1.0621781,1.4015305,1.2545366,0.7031961,1.212162,1.0932803,1.1956875,0.11926907,1.0684159,1.4652324,0.4228686,1.4718752,1.1718154,0.83187664,1.035733,0.96887225,0.7767696,1.0380464,0.5454079,1.2730407,1.4089727,1.0412078,1.328993,0.8407353,1.3740406,1.3819833,1.348898,1.2901063,1.1598843,1.372843,0.77957577,1.0118015,0.8680243,1.1629092,1.1884204,1.3276283,0.8751794,1.0162008,0.9209363,1.3219867,1.0755576,0.7972706,0.39531744,0.9554638,0.34260118,1.2529838,1.1701748,1.4074597,0.88680977,1.1314809,0.83482313,1.0418035,1.1080068,1.061621,1.3355272,1.1357787,1.3526142,1.3577719,1.3581762,0.6971661,0.99806136,0.3119042,0.8150093,0.4411865,1.4621329,1.4285086,1.3196107,1.1659827,0.65040755,0.87375015,1.3262448,1.1334164,1.1850832,1.0553936,0.9070704,1.4642674,1.3266071,0.76305974,1.197213,0.8140847,1.1183919,1.2614949,0.3501593,1.2128279,0.69221866,1.3284714,0.9616441,0.89896566,0.34654105,1.4522247,0.75439465,1.4445289,1.1750307,0.9095362,1.4555142,1.2891673,1.3591475,0.65826863,0.40814543,0.28854775,1.4240255,1.3247738,1.1342673,1.138152,1.0259372,1.1683574,0.6589037,0.84664476,0.987135,1.2107677,1.4902605,0.6534424,0.9584608
belt,1.2936914,0.8667325,0.8392621,1.2210256,1.4346503,0.96986103,0.6740405,0.9795028,0.94220304,1.304074,1.4327285,0.0,1.2872704,1.3380582,0.97834283,1.473831,1.2105496,1.1264793,0.4025091,0.89326394,1.3652172,1.0611194,1.0072536,0.7125776,1.0034281,0.51811236,0.4664278,0.30658722,1.2334929,0.7789497,1.266137,0.5253821,0.61181724,1.1501395,0.49020612,1.0677023,1.054556,1.3575017,1.3101555,0.21490693,1.4007926,0.42814654,1.0725242,1.3942381,1.3657463,1.0601333,1.1170727,1.0574371,1.2775879,0.6941387,0.584051,1.1797612,0.5578413,1.1070994,0.4986943,0.28330326,0.60513127,0.65686584,0.87408954,0.59420824,1.1286597,1.0328927,1.1055355,0.70303595,0.761739,1.0311036,1.0648677,1.3360361,1.3232901,0.43460578,1.1693912,1.3343557,1.3353684,1.2398934,1.4218345,0.7028548,0.8325978,0.32028317,1.3903321,1.2694757,1.278897,1.0404482,0.9158646,1.2773219,0.34603834,0.6527711,0.486964,0.3850881,0.72513056,1.2550495,1.0720252,1.435982,0.9605371,1.5480286,0.34826005,0.43697822,0.9961852,1.09869,0.97488844,1.3319814,0.69527894,0.95901495,1.1556929,1.1142144,1.224659,0.19827557,0.37042928,1.1308491,1.1503887,1.3824319,0.9490637,1.0257776,1.4125727,0.9488152,1.2299875,0.9173047,1.1811656,1.0443314,1.3954195,0.43792182,1.0815765,0.28040183,0.81466067,1.334668,0.6594944,0.8888256,0.32814872,1.3211213,1.372924,1.4704766,0.62220156,0.5447049,0.7182792,1.1180669,0.8176213,1.052574,1.4743649,1.0373824,1.0601077,0.88247484,0.2836535,1.3243365,1.1978837
bench,0.7166704,1.1946287,1.2964199,1.053726,0.5692206,1.2791486,1.3841565,1.2150688,1.1877061,0.30062473,0.42703927,1.2872704,0.0,0.5905296,1.2914662,0.62180376,0.7861029,1.0693144,1.307097,1.1630497,0.7112084,1.282169,1.0531706,1.1508584,1.2711816,1.154613,1.0585798,1.3781366,0.65588284,0.7234958,1.0563154,1.3940053,1.1381527,0.6223886,1.1222169,1.0032094,1.2710822,0.35535616,1.0503868,1.4161812,0.5356561,1.4119033,1.2363749,0.82842064,1.1508975,1.2328835,0.475106,0.77923715,0.513615,1.2123799,1.3825848,1.0628083,1.2967471,1.0501628,1.3358617,1.3243805,1.3938289,1.1668942,1.0702143,1.3859874,0.87939477,1.0670108,0.87083477,1.1183832,1.0700724,1.2626181,0.890438,0.9958025,0.90636355,1.3139465,1.1174383,0.770558,0.6311618,1.0507374,0.5305913,0.9459939,0.85063916,1.356065,0.8961179,1.1078434,0.80062056,0.9687001,1.129625,0.9782745,1.3268269,1.0806257,1.2815471,1.3739628,1.2999501,0.4032656,1.0106562,0.47679418,0.495445,0.74946475,1.3522015,1.2965547,1.2735779,1.2452683,0.8320199,0.94919795,1.356911,1.2103661,1.2300816,1.0426396,1.0082202,1.3035789,1.3603517,0.456455,1.1563683,0.9293414,1.066982,1.2669346,0.42067468,1.1710929,0.56430423,1.0403916,0.9042602,0.56714433,0.478958,1.3580465,0.77519417,1.4169378,1.1336883,0.907006,1.3715091,1.2136743,1.303903,0.8992726,0.48920536,0.356449,1.4429386,1.2790704,1.1295774,1.1339679,1.0569826,1.3240534,0.8496145,0.8323401,0.8943937,1.047814,1.3391619,0.5661794,1.060253
bib,0.73278517,1.142036,1.3051367,0.9594094,0.54095554,1.2738028,1.3272847,1.1186756,1.3428991,0.53666097,0.49888968,1.3380582,0.5905296,0.0,1.2001649,0.5285325,0.86393374,1.1196368,1.3798983,1.2402086,0.861766,1.1023446,1.1367357,1.2429621,1.14498,1.3235594,1.2370286,1.2648443,0.654878,0.9376638,0.94703084,1.4739454,1.4027065,0.58359796,1.1651096,1.091913,1.1233144,0.54501605,0.9658832,1.3994495,0.72447133,1.4625162,1.2645031,0.8292974,0.994158,1.0918183,0.8136629,1.0858036,0.4238003,1.0291042,1.2892392,1.1138754,1.2375122,1.0098445,1.140488,1.3633645,1.4173746,1.06583,0.96899223,1.3444359,1.0251527,0.9416334,0.96558535,1.0866328,0.8766647,1.1702147,0.9944417,0.9801691,0.72534335,1.2330146,1.1851151,0.88446367,0.41652733,1.0413016,0.39190912,1.0290501,1.1184492,1.4521458,0.757051,1.1439497,0.7660037,1.1082722,0.9678726,0.8334456,1.2577593,0.9908842,1.073558,1.3469436,1.313632,0.7993753,0.9277796,0.27364475,0.48373878,0.6864093,1.3177688,1.2881701,1.0011364,1.2717257,0.7986211,0.836462,1.3742847,1.1409489,1.2836597,0.9728438,0.9128419,1.4579846,1.2946622,0.9131833,1.1670825,0.7579658,0.6479708,1.1379364,0.35028648,1.1969543,0.55026615,1.074556,1.0484267,0.8910364,0.6813562,1.3398354,0.74769884,1.4229673,1.0400325,0.87284523,1.2445018,1.1998066,1.2387426,0.75461227,0.41522658,0.5937706,1.4269047,1.2002031,0.9291553,0.89695275,0.8947156,1.3486832,0.88866997,0.83458006,0.9685706,1.2479409,1.2353302,0.8340416,1.1112877
bird,0.8873238,1.0006903,1.0752318,1.093666,1.2647054,0.85691035,0.9082105,1.0620227,0.9358021,1.2328024,1.2083503,0.97834283,1.2914662,1.2001649,0.0,1.0743392,1.0358281,0.8283855,1.0628538,0.98339,1.03346,1.0469451,0.97013676,1.0560331,0.48646832,1.02549,0.99941826,1.0630785,1.1582996,1.1434103,1.0296681,0.942367,1.0249147,1.1584157,1.0194668,0.8106184,0.9832589,1.2485712,1.0209229,0.9939112,1.1961191,0.9853042,0.75246257,1.1237562,0.9579661,0.7239901,1.1831424,1.0855571,1.1492269,0.9950608,0.985261,0.9257862,0.85917336,0.83313584,1.0176579,0.7234719,0.9074959,0.98694545,0.9173118,0.58042693,1.082106,0.8487258,1.0960325,1.0608809,1.0226645,0.9735769,1.0959954,1.0879846,1.1534395,1.0500139,0.83844763,1.0636729,1.1745138,0.9428999,1.2314768,1.0040153,1.0047064,0.94464976,1.1538583,1.0073428,1.1136353,1.0748813,1.107538,1.0851301,1.0773759,1.0104295,0.9163913,0.97211426,1.023259,1.2321057,0.61659396,1.2131617,1.2212267,0.92949545,0.9109439,0.96693647,1.0064441,0.7367027,1.057854,1.074874,0.8445494,0.9233197,0.7129934,0.9400109,0.9734895,0.9284771,1.0325297,1.1864519,0.6568754,1.167323,0.99593407,0.7910408,1.257269,0.7382306,1.2131236,1.0423639,1.0379095,1.1409419,1.2340107,0.83304274,0.96161175,1.0063457,0.85955304,1.0723308,0.8762443,0.94118774,1.030802,1.0103693,1.2341247,1.1700178,0.9404251,1.018266,1.0599929,1.0444998,1.017264,0.8651529,0.94737756,1.0565822,1.0419593,0.9650147,1.0517251,1.165996,0.77836776
blanket,0.58116233,1.2072004,1.3810649,1.1609478,0.6693002,1.1872294,1.3566036,1.3167174,1.02125,0.55736554,0.1589303,1.473831,0.62180376,0.5285325,1.0743392,0.0,0.63273895,0.72978044,1.3516793,1.1685365,0.58669186,1.2489502,1.1552604,1.237244,0.92746365,1.2781559,1.3266654,1.5126011,0.764014,0.9986478,0.98635566,1.36519,1.2639494,0.8723881,1.2695163,0.9813799,1.055892,0.39962626,0.97162503,1.4842968,0.4567206,1.4596405,1.139127,0.88867235,0.8596784,0.8745208,0.92544353,1.0500308,0.60146636,1.3162142,1.4628551,0.9692533,1.3162436,0.8596834,1.4351141,1.3605413,1.2895741,1.3016663,1.131329,1.2549715,0.8201436,0.96094334,0.9491871,1.2776909,1.1026748,1.2484615,1.0357878,0.9820746,0.95977503,1.3366889,0.99945694,0.8358991,0.5156469,0.8880716,0.43959934,1.2830646,1.1716875,1.4231699,0.85767496,1.0735298,0.7256584,1.0267782,1.141442,1.066415,1.4286153,0.9732934,1.3621386,1.349736,1.4039271,0.83931744,0.894222,0.37656623,0.9601486,0.3735385,1.4325647,1.3896978,1.3128204,1.0502081,0.5390993,0.8429088,1.2608962,1.0554405,1.082614,1.0607595,0.70706874,1.4519801,1.3905951,0.9078101,1.1045351,0.7424404,1.0898911,1.1438682,0.51684976,1.0828787,0.7956277,1.2805941,0.96909404,0.9535823,0.54864675,1.3649505,0.7183398,1.4630324,1.0625544,0.8988653,1.3853071,1.2873373,1.437409,0.6344995,0.6326275,0.42756528,1.3679947,1.3919396,1.1946478,1.0613867,0.8466066,1.0282996,0.6236115,0.8746884,0.9830279,1.1269139,1.5324281,0.78081375,0.90732837
boat,0.83872145,1.1984928,1.2473516,0.97527677,0.7927813,1.1488731,1.2599273,1.135526,0.8807952,0.77808553,0.6864277,1.2105496,0.7861029,0.86393374,1.0358281,0.63273895,0.0,0.60258996,1.2005239,1.0448081,0.29225355,1.2170429,0.92388904,1.0099742,1.1126611,1.0749176,1.0776272,1.2874271,1.0861118,0.96165234,0.98125184,1.269758,1.1482141,1.0072427,1.1738578,0.9967294,1.2011948,0.79752266,1.0968835,1.2083131,0.42729795,1.2450627,1.1862655,0.93226045,1.0376855,0.8876668,0.9391064,0.80817366,0.9047534,1.180382,1.3506228,0.97054756,1.2909074,0.83675796,1.3422589,1.2031336,1.1835952,1.2546455,1.1726639,1.1153646,0.9435057,0.9410759,0.85761654,1.1976379,1.2009158,0.9767599,1.0635711,1.0042888,1.0328921,1.1981833,1.0412885,0.8883822,0.84279716,0.6794923,0.8311436,1.0918248,0.95449847,1.2933722,0.9674258,1.1057962,0.91508406,0.8943005,1.0956583,1.1281072,1.3202436,1.1132765,1.2294009,1.2766939,1.3090004,0.86668396,1.140729,0.8500453,1.0597713,0.55386454,1.1286391,1.0518161,1.2268633,1.0552711,0.9222945,0.94053406,1.1491876,1.0577492,1.0901426,1.0653658,0.7900646,1.2335285,1.2787786,0.8630922,1.0960789,0.9611218,1.0677214,0.9737847,0.8810489,1.0979208,0.97836316,1.0761828,0.97387093,0.93878746,0.6325986,1.2396569,0.94569063,1.2364974,1.1558751,1.014019,1.2941043,1.185219,1.234674,0.70890325,0.9321949,0.6176225,1.1917349,1.2993177,1.1588905,1.0137819,1.089531,0.7386895,0.64275086,0.98132384,0.84141713,0.9717893,1.2724966,0.89682263,0.9535523
book,0.9567484,1.1322286,1.1203989,1.0367802,1.0301723,0.93709654,1.0603136,1.1488526,0.6850787,1.0161812,0.8286681,1.1264793,1.0693144,1.1196368,0.8283855,0.72978044,0.60258996,0.0,0.96991056,0.99062306,0.3750142,1.193722,0.9961121,0.94468904,0.9317428,1.0400788,1.0948024,1.2103701,1.3249187,1.021174,1.0489279,0.90612197,1.002776,1.1795179,1.0839704,0.999917,1.0994179,1.0179197,1.0981706,1.000444,0.75907207,1.0295045,0.9380477,1.0269809,0.9968903,0.66000044,1.1180545,0.9373004,1.1787574,1.1749547,1.1910362,0.9947432,1.1961871,0.70204926,1.242429,1.0260845,0.86783016,1.278436,1.0790074,0.81846976,0.8449455,0.92274255,1.0178674,1.1594678,1.2785034,0.8375095,1.0796576,1.0148231,1.1351517,1.0381237,0.8963281,0.9985875,1.0495298,0.61885166,1.1410949,1.1569114,0.99015385,1.0133646,1.1477479,1.0057502,1.1331885,1.0072352,1.1530877,1.2719078,1.1788781,1.0228453,1.111695,1.0980903,1.1578704,1.1361642,1.098076,1.1250956,1.3349946,0.39228106,0.9155663,0.85869193,1.274337,0.833675,0.9713124,1.0212237,0.8662629,0.9154108,0.9034861,1.15582,0.8782838,1.0862881,1.1134708,1.0228438,0.96294546,1.1005988,1.2500405,0.9224616,1.1738389,1.0585952,1.2661042,1.219164,0.9684875,1.0665278,0.89858127,1.083545,1.0079851,1.0600712,1.117522,1.07431,1.0930524,1.2024633,1.1373795,0.876119,1.1141716,0.6289615,0.960834,1.2332826,1.2803459,1.0167906,1.0272539,0.57073545,0.47969985,1.0363212,0.9281115,0.9282826,1.2270844,0.98596954,0.88348055
bottle,1.3555659,0.9183583,0.6816431,1.1792862,1.3832266,0.8659367,0.613295,1.012635,0.7804669,1.2899456,1.3214264,0.4025091,1.307097,1.3798983,1.0628538,1.3516793,1.2005239,0.96991056,0.0,0.8977126,1.2919594,1.0795203,1.1283301,0.68220323,0.9840486,0.60546184,0.7046507,0.48656738,1.2524326,0.93047833,1.239127,0.35107243,0.51781434,1.2151687,0.7327821,1.1267927,0.95537835,1.3262858,1.2661557,0.21377909,1.2969917,0.23889768,0.9451407,1.256761,1.1879187,1.1111021,1.1535136,1.1397054,1.2991722,0.930761,0.58744496,1.1509931,0.7558702,1.1731374,0.7287131,0.5795593,0.4350757,0.8655708,0.9499192,0.8256546,1.0381672,1.1154778,1.0586224,0.85286355,0.9889659,1.0414051,1.100366,1.2947907,1.35934,0.45948994,1.1305854,1.221851,1.2395844,1.1564416,1.4114308,0.9888458,0.96094173,0.29007328,1.3629959,1.1233402,1.3604352,1.1046345,1.0482153,1.2815018,0.3100794,0.6911672,0.6363358,0.34311146,0.6801965,1.2415373,1.024092,1.4107759,1.1896074,1.3664249,0.44937015,0.60469437,1.1380701,1.0369712,1.0830358,1.2895851,0.5901299,0.97162056,1.0763855,1.1706012,1.1617428,0.42121792,0.24963313,1.1208962,1.1283388,1.2912115,1.0928857,1.0060809,1.3869003,0.9907291,1.3269343,1.0308714,1.0492396,1.1291188,1.2631081,0.5409625,1.1241767,0.26682472,0.84943056,1.2582216,0.7364052,1.0226136,0.55820584,1.2142657,1.3061829,1.3563608,0.6176541,0.7064666,0.8328081,1.0576475,0.8248377,0.8851895,1.2758114,1.0072945,1.0686946,0.8754314,0.5299094,1.2080312,1.1343861
bowl,1.245097,1.0148871,0.88318336,0.8169159,1.3149285,0.8121538,0.8441644,0.8445388,0.6868904,1.0589893,1.227534,0.89326394,1.1630497,1.2402086,0.98339,1.1685365,1.0448081,0.99062306,0.8977126,0.0,0.98036003,0.7831513,1.0676411,0.68905187,1.0177475,0.6944186,0.8855037,1.0398192,1.2644185,0.9746927,0.74703,0.8224273,0.93622404,1.2321644,0.9033233,1.0682615,0.885926,1.2616659,0.75901175,0.9352046,1.0291687,0.5315805,1.0964637,0.8615616,1.0892507,1.1696641,1.0918708,0.8345347,1.235758,1.1770853,0.8193933,1.1369913,0.9966381,1.1499442,1.1397352,0.85159135,0.93062145,1.0455168,0.7635735,0.91361415,1.0489633,1.2614294,1.002937,1.1469218,1.0649726,0.8173641,1.2324603,0.8562275,1.2145972,0.95106405,1.0502603,1.1379364,1.2603086,0.9449419,1.2371061,0.99037164,0.9788779,0.81909144,0.7138088,0.65917134,1.0467626,1.0274861,1.1400983,0.74455637,1.0342509,0.83799136,1.1224588,0.95499957,0.820874,0.9104919,1.1771821,1.3074307,1.2361338,1.1501458,0.91551065,0.8551848,0.9480872,1.0588264,0.9557627,0.6262574,0.94200534,0.33254445,1.1118436,1.0353951,0.80521894,0.80931747,1.0010796,0.9929212,1.1186091,1.0342811,1.2035986,0.938047,1.3100941,0.8758848,1.2641867,0.7324705,0.94114035,0.4951613,1.2035998,0.7919064,0.96724147,0.81550443,0.9959376,0.42748374,0.6450639,0.97401667,0.99974227,1.122879,1.287243,1.1991651,0.42458105,1.1276735,1.1258048,1.0014904,0.901428,0.9536307,0.760855,1.1429927,1.0962276,0.9540378,0.9907986,1.1077812,1.2290297
box,0.8610922,1.2583907,1.3142294,0.9666729,0.7454285,1.1206496,1.3322154,1.1745164,0.8565074,0.66398823,0.5916318,1.3652172,0.7112084,0.861766,1.03346,0.58669186,0.29225355,0.3750142,1.2919594,0.98036003,0.0,1.2825699,0.87355226,0.8794749,1.1610415,0.9929059,1.1564415,1.4451823,1.1309756,0.91842663,0.9751736,1.2903697,1.0976205,1.0029032,1.156254,0.96131533,1.2459795,0.7219558,1.0805644,1.3518784,0.24533856,1.2745464,1.1447574,0.8464681,1.057821,0.8619529,0.7648685,0.61246777,0.92773426,1.2821901,1.4314392,0.9694387,1.4027553,0.7891958,1.4620407,1.3542197,1.2641975,1.3784668,1.2001756,1.1824359,0.80595624,0.934091,0.8030371,1.2707089,1.3726135,0.9951257,1.0562875,0.9690856,1.0390531,1.3576379,0.98645175,0.81221974,0.85185623,0.5109292,0.8522404,1.1772294,0.91643953,1.3229408,0.90586704,1.0324672,1.0093473,0.9729323,1.174998,1.117378,1.468864,1.2037468,1.366536,1.3871677,1.3355736,0.6846779,1.1773319,0.8390982,1.073276,0.3495462,1.2544556,1.12347,1.2945954,1.0485345,0.9621952,0.8748978,1.2172353,0.9953089,1.0674345,1.1256344,0.81973237,1.3039597,1.3791662,0.6728643,1.0452471,0.96316075,1.1619807,1.0267991,0.8718288,1.1276014,0.9943787,1.1185942,0.8670194,0.8065279,0.5440719,1.3916435,0.9251623,1.3557926,1.2282885,0.93671733,1.3587475,1.2896802,1.3437648,0.6694335,0.8931927,0.3915577,1.2053344,1.4453247,1.300154,1.0591737,1.1524162,0.7112644,0.37153614,1.0155116,0.8286835,0.9911069,1.4737221,0.72189045,0.8999485
bread,1.1506355,0.99183464,0.4193787,0.37976468,1.0954334,0.80504,0.87965417,0.29104275,1.0704305,1.3382456,1.3284776,1.0611194,1.282169,1.1023446,1.0469451,1.2489502,1.2170429,1.193722,1.0795203,0.7831513,1.2825699,0.0,1.0094776,1.1497157,1.0381019,1.1917509,1.1665764,0.8491142,1.0872273,1.3123708,0.41329998,1.0481429,1.234294,1.24053,1.0428299,1.1509567,0.63909507,1.2736776,0.19329882,1.0023271,1.3577902,0.94894516,1.101764,0.89012605,0.7401403,1.0132751,1.3129548,1.1938505,1.2672648,0.92767525,0.60531944,1.067691,0.9742603,1.1311522,0.84221923,0.9714481,0.9569578,0.917655,0.9849163,0.9350511,1.139363,1.1782404,1.1696088,1.0335569,0.8179308,0.5473467,1.0788326,0.31524193,0.8069327,0.96931016,1.0887095,1.1126704,1.2276397,1.0659513,1.192498,1.091823,1.1889805,1.1266211,0.7925873,0.41788054,0.80818975,1.0158759,0.9155366,0.48684525,0.9705933,1.027456,1.0754831,1.0311797,0.3824597,1.2059242,1.0925465,1.2478038,1.218685,1.206233,1.0889395,1.0468605,0.41293812,1.035195,1.08569,0.66176736,0.99892956,0.5949967,1.0824654,0.74664956,0.98735404,1.0658699,0.9515469,1.3100557,0.97194153,0.65228355,0.97017705,1.0035832,1.2262735,1.0552669,1.1749027,0.7979562,1.1261277,1.1791377,1.258217,0.9713857,1.1077404,0.8774426,1.1246284,0.7651677,0.83763266,0.68821454,0.893758,1.2478796,1.1932216,1.3433068,0.8089941,0.8932961,0.9519489,0.8450972,1.0797315,0.9664555,1.0492593,1.2224681,1.158622,1.1617899,0.91500497,1.2830822,1.215734
broom,0.9947851,1.0593705,1.023164,0.9157572,1.0166334,0.96059805,1.0184559,0.8278118,0.91768503,1.1005676,1.1252615,1.0072536,1.0531706,1.1367357,0.97013676,1.1552604,0.92388904,0.9961121,1.1283301,1.0676411,0.87355226,1.0094776,0.0,0.9368072,1.0903895,1.0045322,1.056356,1.0519792,1.1341366,1.0221522,0.9537227,1.0918672,0.9265766,1.0226877,1.0208615,0.9464902,1.0562232,1.0601234,1.0124999,0.943712,0.94257355,1.0451857,1.0297937,1.0554607,1.0161011,1.0404023,0.96363574,0.96151644,1.0748354,1.0190389,1.0906011,0.99034464,1.0292144,1.0830139,1.0738152,1.0062456,0.9898539,1.01551,0.94584167,0.9416333,1.0339676,1.0371625,0.97689074,1.0478525,1.0543005,0.8524653,1.0945522,0.9758361,0.9932713,1.1920041,1.0624589,0.4404533,1.1601126,0.75926924,1.1513073,0.8807803,0.8224722,1.0375526,1.0278474,1.0374205,0.9868881,0.9732738,1.0551003,1.0092477,1.1325746,1.1415493,0.9634161,1.123093,1.0426341,1.0283679,1.1146364,1.1374488,1.0234388,1.0321578,0.90241694,0.8489095,0.974312,1.0541704,1.1189606,1.0293968,0.94492227,1.0176896,1.0291256,1.0438236,1.0508742,1.0167888,1.0617551,0.96680546,0.9298532,1.1139866,0.87149906,0.7523825,1.1333691,1.0897572,0.9992379,0.96008736,1.1042907,1.051834,0.9969059,1.1465783,1.144381,1.0677022,1.0375836,1.118484,0.94176453,0.8377993,0.96752405,0.9088351,1.1059519,0.9785268,1.0104375,1.0717475,0.94552785,0.77307713,1.1431996,0.8321998,0.96540153,1.0846536,0.8581878,0.9125415,1.117592,1.0393362,0.99739856
bucket,1.4185343,0.9006522,1.1317906,1.0966872,1.2319508,0.93655777,0.7565566,1.0955411,0.60669875,1.000132,1.278791,0.7125776,1.1508584,1.2429621,1.0560331,1.237244,1.0099742,0.94468904,0.68220323,0.68905187,0.8794749,1.1497157,0.9368072,0.0,1.0531061,0.12601519,0.5037972,0.77011776,1.2108994,0.48493165,1.1872295,0.57615733,0.50197315,1.2061206,0.74064744,0.97043574,0.9784596,1.3094935,1.2454879,0.7158999,0.8233721,0.43536103,1.0171986,1.1302953,1.1410824,1.1897241,0.7620678,0.5382032,1.2038579,1.181196,0.86097,1.1337336,1.0001941,1.2097557,0.9038621,0.8609978,0.80133355,0.7698871,1.0033418,1.0192074,1.0980105,1.1133537,0.8176072,1.1137486,0.9149908,1.030592,1.261059,1.3024967,1.2710543,0.87230384,1.0796304,1.1762507,1.303656,0.8289238,1.3147805,0.9530377,0.66588753,0.50550115,1.195516,1.09116,1.1740425,1.0561117,1.1615512,1.1778274,0.94058883,0.58316624,0.8771098,0.8656024,0.9886984,0.9558377,1.1634164,1.3010055,1.0178189,1.2966013,0.6616355,0.6761955,1.1514122,1.057955,0.87686217,1.254637,0.81153315,0.9839814,1.0507809,1.0461576,0.975839,0.67239565,0.9240414,0.64841944,1.1159321,1.2007916,0.96266925,0.9932533,1.3675671,0.8875653,1.207664,0.7005167,0.9768249,0.74876523,1.1906872,0.77718484,1.0225776,0.7263602,0.63021934,1.1763332,0.8436489,1.1479225,0.91891533,0.99839145,1.3346493,1.1385163,0.63090456,0.9867177,1.0858313,1.0273745,0.6343455,0.82300353,1.0765927,1.0325844,0.94984883,0.6552112,0.8650352,0.95340306,1.1518974
butterfly,0.85053337,0.8476124,1.0680257,1.1582034,1.2900119,0.9340848,0.9444247,1.0835965,0.82728225,1.2222389,1.1649933,1.0034281,1.2711816,1.14498,0.48646832,0.92746365,1.1126611,0.9317428,0.9840486,1.0177475,1.1610415,1.0381019,1.0903895,1.0531061,0.0,1.007548,1.0803623,1.1008738,1.1019261,0.9820863,1.0097344,0.8238814,0.9156234,1.0743135,1.1276263,0.8108961,0.8350473,1.2442608,1.0052401,1.0015793,1.2084497,0.9674705,0.7753304,1.1190559,0.8624058,0.8756409,1.2461421,1.1246138,1.0411257,1.0871557,1.0681468,0.9251605,0.8040849,1.0139403,1.0597169,0.7594698,0.88538456,0.9577819,0.9794252,0.6006787,1.0352795,0.9420469,1.1655909,1.1769936,0.8118008,1.0272409,1.1820956,1.1093231,1.1022592,0.93506014,0.86263967,1.0696342,1.0143307,1.0270381,1.1162618,1.0415258,1.0071956,0.92596614,1.0770923,1.015561,0.9025531,1.1234094,1.2075918,1.1672772,1.1234471,0.70075715,0.83498883,0.8912351,1.066074,1.2547369,0.3565297,1.0904527,1.1782936,1.0336996,0.92832935,0.9538217,1.0937183,0.79281163,0.889195,1.1285985,0.83141285,0.9936862,0.7593147,1.0409671,0.6966652,0.9376375,1.0252576,1.2410392,0.77356845,1.1131604,0.9882051,0.7131413,1.1751643,0.61281836,1.1839613,0.966061,1.0956769,1.1845148,1.3019671,0.7305221,0.9121055,0.917609,0.7189803,1.1168344,0.9383347,1.0414388,1.1104584,0.95156306,1.1432235,1.208477,0.89808244,1.0194364,1.127769,1.1010519,0.6437519,0.89067477,1.0976737,1.0084784,1.1378245,0.84355533,1.098048,1.1939666,0.89443076
can,1.4391663,0.8847829,1.1460577,1.2294163,1.3034079,1.0193498,0.75062984,1.1560019,0.654276,1.0556505,1.3036469,0.51811236,1.154613,1.3235594,1.02549,1.2781559,1.0749176,1.0400788,0.60546184,0.6944186,0.9929059,1.1917509,1.0045322,0.12601519,1.007548,0.0,0.44866383,0.7284906,1.2045431,0.36849368,1.2363402,0.58006287,0.42585546,1.2102928,0.6272852,0.912376,0.9809064,1.3010868,1.3114305,0.640095,0.89620876,0.43823898,0.99772257,1.1865106,1.1688024,1.1969364,0.7192255,0.53593105,1.2301166,1.1145586,0.9115698,1.1148939,0.89477396,1.1986238,0.81816274,0.7280039,0.7841321,0.7120807,1.018065,0.9937199,1.057651,1.094367,0.87083125,1.0090401,0.8752102,1.177019,1.2188233,1.3410273,1.3058901,0.8197658,1.1051047,1.2205809,1.3129953,1.0415604,1.328681,0.8620223,0.5486133,0.36830473,1.2527831,1.126405,1.2034051,1.0594343,1.0948099,1.248689,0.87049186,0.5273111,0.77305955,0.69791853,0.98279697,0.91922927,1.154551,1.3516536,0.97488856,1.4124664,0.5527657,0.59027123,1.182438,1.0941917,0.8272598,1.3373952,0.7930696,1.0360384,1.0649107,1.1044806,0.9905238,0.49682593,0.8514897,0.6061236,1.1450262,1.2582839,0.9557626,1.0447516,1.3827842,0.84173334,1.1967211,0.7230898,0.98192024,0.7099966,1.2421769,0.71050054,1.069905,0.5917543,0.5792106,1.2208878,0.8290495,1.1730862,0.8481842,1.0643824,1.3507924,1.2141943,0.69448876,0.89018846,1.062592,1.0658281,0.56827056,0.95473605,1.2263356,1.0538613,1.0066345,0.5983951,0.7655834,0.9690754,1.1444612
car,1.30101,0.99609786,1.1098244,1.1883268,1.3067684,0.9448978,0.74967855,1.1038107,0.9031994,0.9387704,1.3011131,0.4664278,1.0585798,1.2370286,0.99941826,1.3266654,1.0776272,1.0948024,0.7046507,0.8855037,1.1564415,1.1665764,1.056356,0.5037972,1.0803623,0.44866383,0.0,0.69527227,1.0372953,0.59719884,1.254807,0.5615194,0.6842955,1.0395098,0.757066,0.998758,1.1307821,1.2914283,1.2995222,0.6610917,1.0527784,0.6174502,1.0457027,1.2909954,1.281377,1.1609676,0.7255452,0.66153824,1.1377916,0.9628479,0.8241818,1.0892023,0.78829575,1.1207459,0.8251374,0.5620837,0.7721808,0.7435553,0.8762958,0.8214052,1.1016418,1.1789999,0.7161614,0.92715764,0.8002228,1.0662037,1.0822321,1.3473804,1.3018849,0.7368097,1.1761482,1.3151715,1.2440603,1.1716769,1.3031622,0.7984816,0.6346189,0.5189083,1.266826,1.2125486,1.222629,0.8544728,1.0539384,1.2656395,0.7965503,0.6571236,0.7826282,0.77452105,0.99197054,0.88538134,1.0870676,1.2743272,0.8639472,1.437978,0.6181565,0.652774,1.1422663,1.1273088,0.939696,1.2898484,0.7802148,1.0517137,1.1228757,1.1426562,1.1898091,0.4349109,0.77958965,0.6929104,1.1657021,1.2945548,0.985378,1.0079185,1.2856834,0.88400847,1.1146675,0.77766025,0.91703737,0.7571907,1.2243543,0.5792278,0.96310914,0.7068197,0.76122487,1.2603344,0.76704955,0.8834259,0.7906569,1.086064,1.2786396,1.242301,0.7580089,0.9049435,0.95704305,1.1141182,0.78364885,0.99509066,1.3237133,0.8602517,0.8111228,0.61701465,0.5740434,0.9046579,1.2282597
