,alligator,ankle,apple,arm,ball,balloon,banana,basket,bathtub,bed,belt,bench,bib,bird,blanket,boat,book,bottle,bowl,box,bread,broom,bucket,butterfly,can,car,carrot,cat,chair,clock,closet,cloud,coat,coffee,comb,cookie,corn,couch,cracker,crayon,crib,cup,dish,dog,doll,door,drawer,dress,duck,ear,egg,elephant,eye,face,finger,fish,flower,foot,fork,frog,glass,glasses,glove,grass,gum,hair,hamburger,hand,hat,helicopter,horse,hose,jacket,jar,jeans,knife,ladder,lamp,melon,mitten,mop,motorcycle,mouth,muffin,nail,napkin,necklace,nose,orange,oven,owl,pajamas,pants,paper,pen,pencil,penguin,pickle,pillow,pizza,plant,plate,pony,pumpkin,purse,radio,raisin,refrigerator,rock,rooster,sandwich,scarf,scissors,shirt,shoe,shorts,shovel,shower,sink,slide,slipper,snow,soap,sock,spoon,sprinkler,strawberry,stroller,sweater,swing,table,tape,toe,tooth,toothbrush,towel,toy,tray,tree,tricycle,truck,vacuum,watch,window
alligator,0.0,1.0379697,0.98488766,1.066615,1.0623379,1.0705092,0.7108071,1.0114464,1.0495585,1.1643076,0.84768355,1.097826,1.1645783,0.67763406,1.1306229,1.0228543,0.96433794,0.9846413,1.0220747,1.10705,1.0346053,0.9178303,1.0713868,0.8902042,1.0314567,0.8841915,0.79495233,0.8749394,1.1767297,0.8533034,1.1915509,0.8300477,1.2339987,0.79545367,0.90711486,1.0359033,0.8321433,1.1187657,1.0002935,0.72585917,1.1941284,1.0162008,1.0687658,0.78794324,0.9942045,1.176287,1.0728754,1.2409482,0.7309331,0.9755747,1.0066988,0.9417489,1.0835338,1.1348699,1.0620397,0.6764064,0.87842566,0.9567603,0.7580904,0.3387344,1.0745344,0.9992146,0.9778642,1.1779909,1.0748745,1.111547,0.8920769,1.1150119,0.98481303,0.84348744,0.6662586,0.9826264,1.1913843,0.99156606,1.2166559,0.8878112,1.090996,0.9248084,0.9739718,1.109093,0.9112296,1.1183572,1.0712777,0.952705,0.97818077,0.98444676,0.99875504,0.98193353,0.92778355,1.1832473,0.84602106,1.2233028,1.1928204,1.0408868,0.786354,0.76445204,1.1141535,1.1143924,0.732789,1.1054405,0.96349955,0.93062514,0.5714369,1.1625538,1.1059943,1.1125039,1.1125637,1.2009974,1.1195862,0.76060057,1.0505016,1.116837,0.697954,1.2341051,0.99952626,1.1799663,0.6756567,1.1129487,0.9655949,1.0380325,0.93957126,1.0914029,0.87940377,0.938715,0.80539215,0.9884514,0.9852629,1.1732522,1.1190013,1.1051018,1.1568782,0.9803535,1.0155891,0.87773556,0.93232334,1.0452989,1.0252631,1.061596,1.1193668,1.1677036,1.0360866,1.0610733,0.97430825,1.1816257
ankle,1.0379697,0.0,0.88713324,0.9458733,0.8812153,0.8580219,1.0190834,0.89447355,1.2277899,1.2909617,0.8809471,1.1663986,0.9978144,0.9080053,1.1596617,1.0992659,1.1762936,0.9842154,0.90286684,1.2365184,0.77360463,0.91869396,0.89219743,1.312845,0.9380749,0.94932795,0.94352704,1.2415582,1.1131167,0.94369864,1.2623949,1.1051965,1.0316283,0.97254264,1.0251508,0.84019005,0.9176043,1.2825112,0.8212483,0.9531662,1.2937329,0.9215731,1.0321921,1.2049899,1.0067761,1.3195815,1.0857191,1.0170189,0.87299514,0.83728933,0.81946516,1.1465534,0.9615527,1.062206,0.5511028,1.0463558,0.9899425,0.46064532,0.950824,1.08068,1.1273195,0.92827004,0.49402273,1.239356,0.9156929,1.058474,0.90644467,0.9386844,0.745239,1.040069,1.066177,1.3048407,1.1407552,1.0116811,1.1196015,0.8901195,1.1386554,0.8790853,1.1378934,0.798594,0.92959076,0.98388517,0.82381916,1.0064335,0.8742103,0.85551137,0.74320626,0.8712362,0.92756295,1.2606575,1.141409,0.9905056,0.9692537,1.2563831,0.897858,0.83515644,0.8179773,0.75574195,0.9506657,0.80942464,1.1291716,0.9508918,1.0325646,0.66765666,0.8760059,0.83155286,1.0068218,1.2553408,1.1568406,0.9259474,1.2000463,0.8407332,0.9472524,1.1001991,0.43765986,0.7896774,0.9804865,1.1881484,1.1688198,1.1619421,0.31971574,1.2164643,0.99777657,0.6087596,0.8747412,0.9664777,0.8981316,0.9807209,1.1907212,1.2365915,1.3381183,0.82505465,0.44631028,0.89932793,1.2010945,0.9490334,1.1524487,1.2587339,1.3139797,0.977279,0.9748758,0.995844,0.7807876,1.347476
apple,0.98488766,0.88713324,0.0,1.356198,0.35186434,0.53126127,0.5548189,1.0052223,1.4787898,1.5645139,0.7412847,1.3770849,1.3667737,0.7767745,1.5549593,1.3790268,1.1740186,0.7009151,0.68699884,1.2279159,1.0047221,0.9212647,0.93605065,1.112344,0.9505621,0.8668233,0.599562,1.3809025,1.3874745,0.7305846,1.4425842,0.9157619,1.2913821,0.79284763,1.1332738,0.74167585,0.8848811,1.4536345,0.9566767,0.54389894,1.4466805,0.6479723,0.9211171,1.1883038,1.0977881,1.4289876,1.2231224,1.4247389,0.8377326,0.8391242,0.42568922,1.1282957,0.9477769,1.1231327,0.7419741,0.69098085,0.6453059,1.1037134,0.7158248,0.61200887,1.0825187,0.91766393,0.9215605,1.2097722,0.7482507,1.2053157,0.6648984,1.1125926,0.7739394,0.959079,0.8779419,1.2103131,1.4524255,0.9148177,1.4327054,1.0449693,1.3789097,0.7549379,0.9182172,1.2798355,0.90582603,1.0543865,0.87760377,1.0210646,0.53217566,1.1380064,0.8120227,0.65771294,0.2959628,1.3472947,1.1903658,1.4355627,1.450835,1.1974584,0.67641544,0.7057981,0.87090933,0.49591202,1.0987389,0.9186924,0.7832235,0.4703058,0.8629229,0.56335044,1.1528523,0.86539644,0.42427838,1.3988574,1.2006257,0.7004715,1.1554012,1.2614195,0.91956925,1.4028502,1.1288476,1.2955399,0.6937071,1.269044,1.1513805,1.2058716,0.8509208,1.2360411,0.58367646,1.1277641,0.81181717,0.8710822,0.131729,1.1955163,1.3703973,1.2804742,1.385969,0.6426191,0.6573677,0.7499336,1.2155471,1.2619867,0.9872689,1.0675037,1.1915022,1.0674965,1.0017798,1.1920594,0.6414231,1.3644041
arm,1.066615,0.9458733,1.356198,0.0,1.2441483,1.3484406,1.135488,1.2907658,0.6075089,0.5460503,1.3393184,0.9527675,0.5095987,1.3884048,0.47825378,0.77625614,0.90496397,1.3833861,1.343858,0.81042975,0.88235176,1.2906196,1.2957847,0.8868213,1.3461598,1.4127988,1.109205,0.6890825,0.94053364,1.3704135,0.77984476,1.3188161,0.77129835,1.2802165,0.89283526,1.1294532,1.0730549,0.6020367,0.91496146,1.3653839,0.81301916,1.4235008,1.0480287,0.9366385,0.9922645,0.8394662,1.0059375,0.5590994,1.3442057,1.0113646,1.2838534,0.9193326,0.92296433,0.7952882,0.97969824,1.2966928,1.3365908,0.8787881,1.3727458,1.2362949,0.9624774,1.0796463,0.9566985,0.8870542,1.0053525,0.80723536,1.1348786,0.69047856,1.3720686,1.1477752,1.2618501,0.79848045,0.64781386,1.244848,0.5097315,1.0201544,1.0030992,1.4528847,0.9204037,0.5728249,1.2748699,1.2170476,0.8885065,0.8526866,1.3527217,1.0907638,0.9519114,1.2871412,1.181803,0.9370414,0.8692111,0.44197285,0.5322256,0.77896845,1.3619921,1.3469856,1.2297544,1.0640806,0.97761256,1.0265075,1.2851821,1.3870721,1.2487619,1.222886,0.9664158,1.3346525,1.14642,0.9544398,0.8863481,1.4419746,0.88527465,0.4717241,0.99076945,0.5102137,0.8543285,0.6371914,1.3874853,0.80697453,1.1483289,0.86462927,1.135932,0.8719785,1.2678258,0.6692931,1.1705486,1.2097605,1.3140996,1.0809597,0.58513165,0.80007076,0.6320164,1.1864004,1.0780948,1.1889837,0.8163171,0.98516303,1.0000306,0.8477152,0.9250328,1.162533,1.247481,1.1396478,1.3350034,0.80548674
ball,1.0623379,0.8812153,0.35186434,1.2441483,0.0,0.30724096,0.72571355,0.96263665,1.372936,1.3778892,0.9140825,1.2953011,1.2737045,0.8204913,1.3713124,1.2553897,1.1370445,0.773837,0.71469796,1.1523296,1.1048017,1.0491512,0.9372219,1.0951215,1.0360423,0.8557948,0.8085536,1.274998,1.3746178,0.6964029,1.3811525,1.0233171,1.217453,0.8949758,1.1394273,0.82258064,0.99048936,1.2897292,1.0483109,0.7517438,1.338017,0.70032537,1.0826062,1.0429492,1.0255603,1.387764,1.2340953,1.3092047,0.8613227,1.0188347,0.33847725,1.1031059,1.0022643,1.1227151,0.8764584,0.85312915,0.7572067,1.0542654,0.9755345,0.8067859,1.0538543,1.0230505,0.8991638,1.2366606,0.7596333,1.142916,0.69639206,1.1137704,0.7417481,0.9273972,0.9694873,1.1774853,1.3223372,0.8162289,1.2442424,1.0051025,1.3330308,0.8110349,1.0862317,1.0799482,0.9906595,0.9704748,1.0011919,0.9820536,0.6108893,1.2784138,0.9817209,0.7781229,0.4814366,1.3049675,1.0198354,1.2880933,1.3617108,1.1655498,0.8708788,0.8807742,0.8543723,0.6276698,1.0553329,0.97007704,1.0179335,0.6455439,0.92273,0.39965045,1.0957615,0.8617643,0.5496819,1.3790159,1.1485069,0.73898506,1.1358156,1.2043184,1.0239458,1.283416,1.0409943,1.2182399,0.8232583,1.1402484,1.1789895,1.0955275,0.8540747,1.1095494,0.6447732,1.109191,0.89786625,0.8258234,0.44565797,1.1017655,1.2384965,1.1991761,1.2324002,0.46982157,0.7886948,0.90442926,1.0510304,1.3680799,0.7964286,0.9677147,1.2045634,0.97771895,0.95430887,1.2057742,0.75612944,1.2854354
balloon,1.0705092,0.8580219,0.53126127,1.3484406,0.30724096,0.0,0.8695526,0.9143119,1.2963688,1.3941462,0.88421595,1.2569351,1.2854267,0.74984384,1.3201432,1.250524,1.1474878,0.7283919,0.63647944,1.2123847,1.0685316,0.8511166,0.79718137,1.1803721,0.8362312,0.87808394,0.8275698,1.2348368,1.1926928,0.5978503,1.3090448,0.82163745,1.2156358,0.7549598,1.119551,0.8617308,0.88062906,1.3731346,1.0281738,0.77328026,1.2995133,0.6199823,1.0613123,1.1141059,1.0998402,1.2606573,1.174195,1.2689652,0.7693186,1.0542102,0.23851657,1.1582144,1.0944657,1.2028062,0.97188914,0.7894659,0.7555777,1.1231024,0.83180714,0.92569023,1.1342385,1.0949688,0.9603216,1.2106476,0.82876956,1.2404821,0.94037855,1.1940738,0.7689587,0.94649637,0.9133479,1.1795564,1.3142748,0.77170193,1.2577398,1.0322989,1.1925396,0.45949173,1.0365726,1.1671652,0.7710857,0.98863816,1.1018397,1.0158998,0.67951226,0.93104315,0.9960231,0.7238536,0.5392902,1.2556889,1.0548337,1.307935,1.3237886,1.1972644,0.80677915,0.79299206,0.761747,0.7785224,1.014026,0.9669701,0.96233857,0.67310727,0.9080415,0.5323627,1.1663442,0.8827684,0.64881945,1.1802822,1.1423084,0.68541235,1.1402124,1.2417834,1.0506912,1.32328,1.0935416,1.2316222,0.8406197,1.1991099,0.9182218,1.172039,0.87190217,1.0740366,0.7684779,1.0633005,0.9162789,0.83402205,0.6434258,1.1393722,1.3184698,1.1788517,1.3016031,0.5791702,0.80928874,0.915186,1.052856,1.0187132,0.9641584,1.1187018,1.1837034,0.9935998,0.9271701,1.0175589,0.8454956,1.1855704
banana,0.7108071,1.0190834,0.5548189,1.135488,0.72571355,0.8695526,0.0,0.9169515,1.3554003,1.3809509,0.6299916,1.2475762,1.3823076,0.6859573,1.3859054,1.263291,1.2449516,0.6663619,0.6990216,1.2269182,0.9425197,0.8220904,0.8534726,0.9470068,0.8257443,0.84271914,0.6374268,1.231246,1.2645131,0.6501832,1.3324026,0.73548836,1.3510041,0.6331936,1.1209081,0.72567475,0.71929884,1.264988,0.89296216,0.45508897,1.3447856,0.6743032,0.9936003,1.0219874,1.0897547,1.3080614,1.1920063,1.3263795,0.77004075,0.8760799,0.67079985,1.150725,0.9725535,1.1506482,0.9271693,0.4756344,0.8021087,1.1412458,0.8421657,0.42329443,1.1331465,0.8784796,0.97273386,1.2766478,0.99114,1.2434655,0.472131,1.2848151,0.8129311,0.95739806,0.9175177,1.0719573,1.369804,0.8517374,1.3598778,1.041432,1.2014349,0.7722683,1.0114738,1.3458964,0.9205383,0.9960634,1.0548882,1.0174302,0.6352034,0.9849121,0.8527265,0.8169863,0.5092985,1.2355609,1.0880951,1.404141,1.3250414,1.2930436,0.81401193,0.79492116,1.0068748,0.6221968,0.86598295,1.0527819,0.90775347,0.6843953,0.8721001,0.8904532,1.1227926,0.9363991,1.0150175,1.3194801,1.2563292,0.68397665,1.1573799,1.1555135,0.93373597,1.3705585,1.1917917,1.2565356,0.52072215,1.2169445,0.9665522,1.1565518,0.9109988,1.1762253,0.34271824,1.1592607,0.8729004,0.7373212,0.6992446,1.1515435,1.2613319,1.3083384,1.3742647,0.7892449,0.8599457,0.7526232,1.1366378,1.091614,0.95525634,1.0561103,1.2395437,1.0130198,0.99408287,1.1554868,0.6313799,1.332818
basket,1.0114464,0.89447355,1.0052223,1.2907658,0.96263665,0.9143119,0.9169515,0.0,1.1737288,1.18052,0.94526154,0.91580987,1.3026824,0.6702535,1.1903242,1.1786796,0.7985244,0.73095393,0.5598748,0.7902492,0.9490481,0.7913439,0.43970895,1.2021029,0.6263624,0.68424416,1.1048205,1.318546,0.87809545,0.66777337,0.87549704,0.9722524,1.3020034,1.1109115,0.9824281,0.80916417,0.959373,1.1556599,0.9178224,0.93903375,0.71851784,0.6500622,0.7526457,1.1455065,0.8835346,1.1103048,0.73936874,1.1949899,0.57410836,1.3193169,0.99286103,1.1581748,1.2960738,1.349216,1.2722981,1.0871276,0.6697619,0.96079326,0.825914,0.99494064,1.0902691,1.2091466,1.0043052,1.1960958,1.022305,1.3203117,0.9670141,1.3358473,0.81061345,0.7954401,1.0016882,0.9847236,1.3749775,0.4799769,1.376153,0.9563301,0.7810545,0.77214605,1.162164,1.2755816,0.8975768,0.7513114,1.2858914,1.2287332,0.99883294,0.8531432,0.9792712,1.0023526,1.0482204,1.0662941,1.121341,1.3550472,1.4495811,0.9992074,0.83388007,0.8396125,0.8282269,1.1785325,0.7606883,0.8489422,0.8484074,0.7377119,0.9674657,0.9583767,0.6781041,0.5506494,1.026597,0.941125,1.2300336,0.63351,1.1476014,1.1398293,1.0178075,1.4477801,0.9348597,1.2133739,0.9359588,0.9289097,0.97722995,1.052607,0.7747771,1.1531179,1.0258214,1.0389804,0.9449368,1.0021613,0.99053854,0.8238654,1.3758625,1.1413202,1.1408336,0.7087667,1.1774944,1.1810889,1.0219963,0.92602557,0.7041083,0.80998164,1.1495457,0.65178394,0.65892935,0.62806517,1.043277,1.1871421
bathtub,1.0495585,1.2277899,1.4787898,0.6075089,1.372936,1.2963688,1.3554003,1.1737288,0.0,0.2744621,1.4111695,0.6851437,0.4804685,1.4834491,0.35607767,0.4904086,0.7636298,1.4230515,1.2983303,0.6204771,1.2035801,1.3233402,1.1093904,0.7730673,1.2090871,1.3581917,1.191913,0.4883312,0.751342,1.4674404,0.4275489,1.2149308,0.8436521,1.2838058,0.9431949,1.3959959,1.1868342,0.45494163,1.2809812,1.4510492,0.49660814,1.4114885,0.9629364,0.8289396,0.96637017,0.52728456,0.60267305,0.7710919,1.4349722,1.1603101,1.2681046,0.87533605,1.0611445,0.8237138,1.1998776,1.3115661,1.4387236,1.1478152,1.1471018,1.326218,0.98212266,1.2174785,1.2061505,0.7661343,1.0346576,0.8199861,1.3097332,0.7152504,1.4840608,1.1461619,1.2616308,0.6711346,0.5187161,1.1869785,0.5677446,0.87177086,0.83825403,1.3441188,0.83065784,0.70267475,1.3056931,1.2814649,1.0501727,0.8007145,1.3973242,1.001139,1.3900166,1.4310539,1.2491381,0.55398726,0.82113206,0.52564573,0.6638109,0.6262722,1.2399641,1.2914317,1.2270937,1.2664104,1.0512259,1.3305731,1.287832,1.1378837,1.2040681,1.3740332,1.1214683,1.2911798,1.1831331,0.5521706,0.7476627,1.5410764,0.8164839,1.0023048,0.9111066,0.53801745,1.1088972,0.87987214,1.4596348,0.5639393,0.6623752,0.77749157,1.4062238,0.6755653,1.4078734,0.8705801,1.0373467,1.2359304,1.4160895,1.1450973,0.6202043,0.77353746,0.31698263,1.2230062,1.3001174,1.1704316,0.6201291,0.8959897,0.9597577,0.7143868,0.8499185,1.2833818,1.2033839,0.9946863,1.4330308,0.5719388
bed,1.1643076,1.2909617,1.5645139,0.5460503,1.3778892,1.3941462,1.3809509,1.18052,0.2744621,0.0,1.3972001,0.6474433,0.45707542,1.4591392,0.16857898,0.5775116,0.87760603,1.448024,1.4684141,0.6870277,1.1676096,1.305857,1.2693539,0.7593072,1.2970828,1.3655365,1.2839923,0.51134324,0.6246581,1.4810258,0.43109274,1.2153796,0.7128511,1.2694796,0.9555521,1.4000194,1.2709669,0.110411644,1.2632447,1.5062661,0.40690935,1.5076156,1.1043371,0.8007805,0.9375259,0.49831927,0.8025573,0.62136424,1.4359795,1.1289614,1.3640621,0.85864174,1.0135924,0.74040294,1.238612,1.3260281,1.4513023,1.1115961,1.3598027,1.3865271,0.999581,1.1484567,1.1599771,0.72630596,1.2003626,0.74755484,1.2696936,0.7918515,1.4098129,1.1650496,1.261327,0.73968923,0.43651384,1.2749949,0.3437969,1.0269792,0.74176836,1.440777,0.88938946,0.658699,1.3371263,1.1592736,1.0595063,0.88684964,1.4058683,1.0232445,1.3977457,1.4394662,1.3781803,0.58872217,0.7929436,0.36480415,0.50342107,0.7155564,1.4137163,1.4412177,1.2279046,1.316967,0.85178065,1.2824308,1.2491243,1.3709598,1.2549419,1.3186102,1.0235857,1.3351548,1.2595724,0.6048949,0.7468225,1.522491,0.8543636,0.84668297,1.0624138,0.41346478,1.0930424,0.7048816,1.4083239,0.4918487,0.90040344,0.77246547,1.4072359,0.6772272,1.3595469,0.858822,1.2178961,1.2111642,1.4823391,0.9519583,0.43683904,0.7041689,0.35075969,1.3425707,1.349378,1.2202116,0.800105,0.874939,1.0061374,0.8061926,0.77529114,1.1419188,1.2042035,1.030285,1.444514,0.53926975
belt,0.84768355,0.8809471,0.7412847,1.3393184,0.9140825,0.88421595,0.6299916,0.94526154,1.4111695,1.3972001,0.0,1.074116,1.3913,0.63522255,1.3510904,1.2179999,1.3075705,0.40769875,0.67483115,1.4142163,0.96731925,0.5692692,0.73528916,1.2473379,0.42410386,0.6591178,0.80221456,1.288717,0.9229857,0.6366751,1.2731395,0.47957373,1.2031416,0.4386444,1.0516046,0.9981073,1.0403802,1.3484862,0.95836604,0.20949161,1.3599927,0.43573177,1.1210504,1.2600898,1.3140807,1.1442142,1.0866655,1.3059498,0.73222446,0.68917346,0.9062079,1.2389696,0.7359291,1.1632909,0.6793946,0.42146242,0.72066045,1.0794927,0.56312484,0.80604756,1.2511547,0.6325983,0.7001382,1.2593751,1.1860042,1.1259192,0.6747627,1.3099257,0.4549346,1.0726986,0.885083,1.2687554,1.3464473,0.91907465,1.3056931,0.89752084,0.9807611,0.4042033,1.2576284,1.376221,0.6553329,0.94165194,0.949756,1.1179067,0.32832062,0.7749697,0.67509127,0.51160306,0.9153558,1.0815312,1.2772985,1.2829213,1.1493785,1.4330583,0.41969073,0.4149617,1.0488878,0.9334364,0.8221581,1.0217292,0.7802767,0.6587252,0.9242834,0.9496372,1.0564595,0.80449307,1.2207744,1.1165111,1.3442179,0.71609485,1.2496575,1.168744,1.0781212,1.2612503,1.1568534,1.1484706,0.4611748,1.3758171,0.65801376,1.3142974,0.6945096,1.160196,0.57192564,1.0921656,0.7349567,0.9589426,0.79482305,1.150971,1.2621765,1.3706342,1.4748225,1.0452687,0.62261444,0.39640975,1.3294356,0.85436153,1.229562,1.2781534,1.2719681,1.0070981,1.0237695,0.943949,0.30740774,1.2895312
bench,1.097826,1.1663986,1.3770849,0.9527675,1.2953011,1.2569351,1.2475762,0.91580987,0.6851437,0.6474433,1.074116,0.0,1.029137,1.1238396,0.7609955,0.28585422,0.949372,1.1472986,1.1916289,1.0097255,1.2497761,0.9637959,1.0135151,0.9889925,1.0040323,0.9438411,1.2453847,0.9337053,0.5828232,1.2125949,0.69364345,1.0207311,0.8200701,1.1522025,0.8281106,1.307734,1.165769,0.7881266,1.2102734,1.179102,0.6618332,1.1945536,1.0954422,1.1233935,1.2115369,0.67386,0.7259563,0.8271598,1.0847063,1.2419171,1.3460206,0.94617665,1.1146915,1.0349935,1.2635255,1.1390116,1.1428819,1.0476671,1.068999,1.2833896,0.9929399,1.1968017,1.1097476,0.5990902,1.3608915,1.0076771,1.1742544,1.038475,1.218045,1.0524533,1.1422659,0.880731,0.75439495,1.1199317,0.86543083,0.86122394,0.49906063,1.113874,0.8553276,0.9580984,1.083884,0.81334066,1.16129,1.2086027,1.2482129,1.0338622,1.2733259,1.2476928,1.3773398,0.75740796,1.1214234,0.89133894,0.8282491,0.94398105,1.0383377,1.074463,1.1663084,1.3967481,0.9759763,1.0965737,0.893487,1.1070192,1.1345086,1.2244116,0.9401404,1.0465214,1.200137,0.70786154,0.6411888,1.1633354,0.8222344,1.079027,0.91520286,0.903862,0.9642064,0.95577186,1.0981247,0.8082301,0.7641988,0.4553718,1.1057544,0.6826382,1.2809477,1.0822179,0.98214674,0.9844469,1.3277847,0.84735537,0.94344914,0.7009212,0.7194128,1.1749045,1.378015,1.2217728,0.99682796,0.94095004,1.0731257,0.8298569,0.66926867,0.82793665,0.90963626,0.81652504,1.2672462,0.70963186
bib,1.1645783,0.9978144,1.3667737,0.5095987,1.2737045,1.2854267,1.3823076,1.3026824,0.4804685,0.45707542,1.3913,1.029137,0.0,1.5322752,0.31867337,0.7579521,0.89655375,1.4720354,1.4033086,0.7720787,0.8365571,1.4910281,1.4290638,0.90376747,1.5148103,1.4439144,1.2481778,0.53894395,1.0448442,1.4915296,0.8280562,1.3096478,0.6843704,1.3310447,0.9665283,1.1802391,1.2720376,0.5663541,0.99214166,1.5112801,0.78712225,1.4990828,1.112774,0.78611356,0.8086925,0.8898034,1.045752,0.5419403,1.4690735,0.87982476,1.2189775,0.82581216,0.8970139,0.6910143,0.9640027,1.334142,1.4153167,0.8972322,1.3150215,1.3657497,0.9099071,1.05071,0.88546705,0.8718554,0.7654573,0.69357353,1.2702647,0.5274291,1.2905161,1.1620781,1.3307784,0.8468966,0.38296616,1.2747517,0.37975496,1.0830066,1.1450632,1.5607008,0.8255434,0.3500049,1.4687322,1.2669153,0.79628843,0.6702741,1.3397926,1.0185567,0.9781429,1.3396379,1.253953,0.8931247,0.74241424,0.21726131,0.52374613,0.7451732,1.4285643,1.433219,1.0977199,1.0104029,1.0782328,1.1446064,1.3643248,1.3039539,1.3309296,1.1715043,0.96330863,1.3407639,1.1183879,0.97426885,0.7636969,1.5363467,0.7920091,0.6522246,1.0748403,0.2914256,0.87938565,0.69682753,1.4926889,0.66899073,1.1111026,0.97201735,1.2272003,0.75825226,1.3187153,0.7249256,1.2437782,1.2863642,1.2697132,1.0203948,0.48035634,0.8285159,0.5796438,1.3013062,1.0501701,1.0187385,0.70282805,0.9304937,1.0915748,0.9567664,0.92790395,1.3365114,1.3217344,1.303685,1.2680978,0.76201904
bird,0.67763406,0.9080053,0.7767745,1.3884048,0.8204913,0.74984384,0.6859573,0.6702535,1.4834491,1.4591392,0.63522255,1.1238396,1.5322752,0.0,1.4741586,1.3543937,1.1632574,0.5258103,0.5872792,1.3516719,0.8666177,0.7198154,0.7479713,1.1571323,0.69869983,0.55172247,1.0132245,1.2037195,1.1624389,0.4694572,1.2768512,0.7770695,1.3465818,0.66902626,1.1709685,0.6975019,0.92525655,1.4194325,0.7381462,0.6410449,1.3180605,0.5247154,0.9487944,1.0311551,1.0892662,1.3340743,1.2328129,1.3208394,0.06647885,1.1285651,0.9062222,1.0984848,1.2145425,1.3407823,1.1024296,0.69368863,0.4851117,0.9391212,0.69011605,0.6113302,1.2525147,1.0263927,0.87253505,1.1979859,1.2550824,1.3426228,0.86628544,1.4531319,0.6053848,0.8024497,0.62135124,1.2151769,1.4229794,0.60557634,1.45278,1.1158774,1.0649513,0.55205506,1.2282203,1.4560091,0.6741692,0.6723432,1.2756119,1.3109088,0.70166165,0.9997285,0.8798902,0.6871215,0.94771284,1.2556069,1.0204035,1.4863665,1.4292979,1.2913576,0.6760942,0.72895956,0.79057026,1.126751,0.8689479,0.74219036,0.63620794,0.8189873,0.5303867,0.79963887,0.97875065,0.68839204,1.0450402,1.2646924,1.1790047,0.0764398,1.0680807,1.2557986,0.99556583,1.5070341,0.9859654,1.3036411,0.5052725,1.2516346,1.1180916,1.2325207,0.62930185,1.1538196,0.6563827,1.1236546,0.9607625,0.6970095,0.81246424,0.92578936,1.3622695,1.2393737,1.4514091,0.89145947,0.9305851,0.9169766,1.2916467,1.0912014,1.0355015,1.2200024,1.16337,0.72931314,0.7403351,0.89846355,0.6937483,1.3136392
blanket,1.1306229,1.1596617,1.5549593,0.47825378,1.3713124,1.3201432,1.3859054,1.1903242,0.35607767,0.16857898,1.3510904,0.7609955,0.31867337,1.4741586,0.0,0.57254434,0.9470602,1.4617422,1.4749969,0.82569665,1.0455749,1.3052604,1.2659631,0.85903347,1.2877617,1.3586621,1.2652326,0.5507883,0.70004654,1.4581728,0.5825246,1.2007815,0.6253891,1.2382369,0.93180996,1.3185009,1.2100266,0.32168424,1.153723,1.4950364,0.6103653,1.5192451,1.1190813,0.9110007,0.99615854,0.65804595,0.87106323,0.46248794,1.428442,0.9990727,1.3484898,0.88840604,0.9986883,0.8521116,1.204696,1.307502,1.4656367,1.012813,1.3374745,1.4092273,1.003434,1.1582136,0.982026,0.82520604,1.1383492,0.8251969,1.2592455,0.7985754,1.3424709,1.1617271,1.3054855,0.7631557,0.35963398,1.3186415,0.24302632,0.9506582,0.8892727,1.4376595,0.8303979,0.50033706,1.317754,1.2101009,1.0152795,0.8470869,1.3974483,0.7603252,1.2124716,1.4150193,1.3454902,0.7134768,0.85298127,0.20758754,0.39652383,0.8039088,1.3843541,1.3933696,1.1503,1.2827193,0.7514702,1.2419472,1.3170452,1.363841,1.3039879,1.2589066,0.90878975,1.3650246,1.2438182,0.6944308,0.7404985,1.5310057,0.8534495,0.6441766,1.0261174,0.32425606,1.0065432,0.63544214,1.4273046,0.6539422,0.9005463,0.8432915,1.2938658,0.6936123,1.3794725,0.6901021,1.1566527,1.2557962,1.4690771,1.0202847,0.48602867,0.7658654,0.5715943,1.3001046,1.3075871,1.1826737,0.8391572,0.61242175,1.102031,0.91081315,0.8471426,1.2016547,1.2746987,1.1117203,1.4146527,0.69232905
boat,1.0228543,1.0992659,1.3790268,0.77625614,1.2553897,1.250524,1.263291,1.1786796,0.4904086,0.5775116,1.2179999,0.28585422,0.7579521,1.3543937,0.57254434,0.0,0.9416062,1.3731323,1.2960117,0.97034776,1.2048068,1.1708009,1.1928777,0.9616431,1.2096267,1.0657663,1.1441889,0.78379023,0.7584785,1.3467648,0.7208347,1.0833334,0.69795644,1.1064773,0.8469268,1.3440552,1.1719755,0.7514463,1.2250183,1.2875228,0.7666025,1.3852189,1.1376678,1.054479,1.1688441,0.7546493,0.753122,0.743007,1.318285,1.1497355,1.3164485,0.914471,1.0429195,0.9403795,1.1792462,1.1261889,1.3630443,1.0277463,1.1530248,1.266765,1.0159119,1.1639675,1.0746558,0.6607457,1.2152605,0.8725275,1.1693099,0.88611764,1.274264,1.085742,1.2549726,0.78444886,0.5425999,1.3216391,0.63504744,0.7865734,0.8277931,1.2982543,0.79870605,0.707109,1.2078502,1.0549322,0.9994828,1.0484626,1.2911958,1.0118674,1.2952188,1.2899201,1.2505628,0.7439261,1.028217,0.6551567,0.6700441,0.8493223,1.1908846,1.2008955,1.201547,1.2583432,1.0351377,1.1696932,1.1678581,1.1283522,1.2121334,1.207482,0.9984201,1.1865579,1.1337813,0.7633273,0.5746757,1.4003086,0.7466571,0.9603101,0.8499197,0.7151539,0.93593574,0.91047394,1.2647315,0.7286346,0.7310449,0.5081123,1.1473428,0.68097043,1.3112279,0.93469656,0.93858874,1.0792835,1.3294551,1.0085988,0.7810545,0.78335476,0.6600998,1.1223361,1.2982786,1.137904,0.9222087,0.9110988,1.1100395,0.8728069,0.77269185,1.1031446,1.1016685,1.0617515,1.2847302,0.7181343
book,0.96433794,1.1762936,1.1740186,0.90496397,1.1370445,1.1474878,1.2449516,0.7985244,0.7636298,0.87760603,1.3075705,0.949372,0.89655375,1.1632574,0.9470602,0.9416062,0.0,1.1246814,1.0768526,0.24731886,1.187708,1.1901331,0.99320924,1.0418488,1.147623,1.0545086,1.086965,1.0491304,1.0491339,0.99779254,0.7381511,1.1681885,1.0344641,1.2978604,0.9326045,1.1043247,1.0018655,0.8636615,1.2069472,1.2128786,0.5959568,1.1350695,0.88229215,0.91860116,0.63746953,0.98430145,0.87936807,1.0179477,1.107471,1.2604232,1.1833589,0.8076446,1.178876,1.0079421,1.2712119,1.2530813,1.0139232,0.9883871,1.0631025,0.9240528,0.9080967,1.1586164,1.2546586,0.94503605,0.82545835,0.9686852,1.1969118,0.93008673,1.1572269,0.84387815,1.0264126,0.7686,1.0109773,0.82700384,1.0039423,1.0217837,0.9973103,1.2214762,1.0061772,0.98165977,1.1641254,1.0116835,1.1116568,1.0599499,1.2966471,1.1453509,1.14431,1.205867,1.1113056,1.0186727,1.0198971,1.0561517,1.1713836,0.15592611,1.0570605,1.0683986,1.0271533,1.2326279,1.0482248,1.0744686,1.0539254,0.9915723,1.0029591,1.2252884,0.8829161,0.95754343,0.974055,0.9498713,0.9415375,1.1233416,0.94768065,1.0423197,0.8697711,1.0496503,0.973453,1.0686382,1.2584713,0.9328027,1.0658015,0.8434739,1.1859764,0.9797404,1.3149025,1.1629632,1.0819213,1.2414302,1.1236658,0.9192715,0.98670256,0.77383095,0.43639958,0.94682103,1.331297,1.3477421,0.78886235,1.1134846,0.5701714,0.6412698,0.8481323,0.99443525,0.93038404,0.9779962,1.3132825,0.84844047
bottle,0.9846413,0.9842154,0.7009151,1.3833861,0.773837,0.7283919,0.6663619,0.73095393,1.4230515,1.448024,0.40769875,1.1472986,1.4720354,0.5258103,1.4617422,1.3731323,1.1246814,0.0,0.456962,1.194993,0.9252884,0.668084,0.63932794,1.214707,0.43850982,0.58535814,0.86186063,1.353452,1.1218114,0.4717263,1.2375207,0.70420384,1.2656696,0.716341,1.177771,0.778065,0.9146827,1.4109235,0.8390476,0.30327392,1.269452,0.087754846,1.0632448,1.2081907,1.2481291,1.2203957,1.1887715,1.2908182,0.5790859,1.1524272,0.85479355,1.2385867,1.0990338,1.2346257,0.99473536,0.59586835,0.5201085,1.0926126,0.7199321,0.87751967,1.0876893,0.9582882,0.8956006,1.147635,1.0486845,1.2661769,0.8430549,1.3804094,0.4370476,0.9297835,0.9340594,1.1764393,1.350817,0.63124704,1.3843837,1.1196644,1.0631752,0.4401952,1.209814,1.4313228,0.60965323,0.7025149,1.1857158,1.2395352,0.27181023,1.0135865,0.89792156,0.5590948,0.9158741,1.1949382,1.1663699,1.4495882,1.3545294,1.2589359,0.6255451,0.6961694,0.8353794,0.9897432,1.0124277,0.8652322,0.6589644,0.7138442,0.9659309,0.9054899,0.98980594,0.7190162,1.0893874,1.1664741,1.2948859,0.5260121,1.1566424,1.2946867,1.144217,1.4275746,1.1408002,1.2621009,0.6082827,1.303277,0.9226074,1.235475,0.7651363,1.1887541,0.4924699,1.2543973,1.0075678,0.8182827,0.8342378,1.0005122,1.3842441,1.2752621,1.3546317,0.8543151,0.8365661,0.60974765,1.068857,1.0874004,0.9714157,1.2143604,1.1335758,0.7479513,0.84017235,0.8618934,0.39457405,1.2465997
bowl,1.0220747,0.90286684,0.68699884,1.343858,0.71469796,0.63647944,0.6990216,0.5598748,1.2983303,1.4684141,0.67483115,1.1916289,1.4033086,0.5872792,1.4749969,1.2960117,1.0768526,0.456962,0.0,1.1315264,0.9018974,0.82119405,0.52960896,1.2005742,0.58518493,0.6892459,0.9778681,1.3752295,1.1606607,0.5419447,1.2170706,0.78049815,1.3823549,0.7928893,1.1625206,0.7685081,0.9299008,1.425855,0.8436663,0.6283245,1.2246085,0.22386229,0.66558987,1.2290541,1.1168561,1.2558986,0.97783065,1.4106545,0.57092786,1.186063,0.68065155,1.244936,1.145478,1.2804619,1.0576184,0.68730164,0.6413431,1.0774102,0.6193176,0.87115407,1.0891737,1.067379,0.98546463,1.1944563,0.94162244,1.3189511,0.88112843,1.284895,0.6884577,0.92075366,1.0022298,1.1646211,1.4567567,0.5758042,1.4282231,0.93763834,1.1002617,0.52043486,1.1893928,1.4068605,0.8245779,0.8734648,1.1438408,1.1939262,0.64171755,0.9651903,0.83994037,0.72686005,0.7733896,1.0969286,1.192294,1.4651296,1.4542838,1.1682562,0.67016804,0.6978115,0.8558543,0.89214504,0.92822206,0.8190378,0.7978636,0.42850924,0.95901203,0.84356594,1.070471,0.63397443,0.87054163,1.1067337,1.1862439,0.600458,0.99488765,1.3030117,1.0832785,1.4780273,1.0598062,1.2735542,0.7411519,1.1515067,0.7608939,1.2972152,0.76643175,1.1969824,0.6582098,1.1729101,0.7930627,0.94906175,0.7343899,1.1005466,1.3828132,1.3222141,1.2712597,0.68117756,0.9274273,0.83684564,1.1325672,1.0832611,0.9576209,0.9853724,1.2143555,0.858267,0.81825244,0.87804085,0.7017629,1.2310201
box,1.10705,1.2365184,1.2279159,0.81042975,1.1523296,1.2123847,1.2269182,0.7902492,0.6204771,0.6870277,1.4142163,1.0097255,0.7720787,1.3516719,0.82569665,0.97034776,0.24731886,1.194993,1.1315264,0.0,1.1860383,1.2424425,0.945341,0.89611745,1.1311297,1.2216531,1.1134527,0.8874445,0.9738462,1.1923997,0.60333896,1.244945,1.0300635,1.354127,0.95804316,1.1995312,1.0712209,0.68714565,1.2533154,1.3423669,0.40407765,1.2072499,0.8647923,0.7944509,0.6196901,0.8473693,0.7381191,0.9538338,1.3109485,1.223741,1.1409307,0.781657,1.1308796,0.92930704,1.3169191,1.3328863,1.2131022,1.0760304,1.2055252,1.0827361,0.8739171,1.1837063,1.3222709,0.92048514,0.81058425,0.90889174,1.1568412,0.9053117,1.2577031,0.9742413,1.1080651,0.6703074,0.90082204,0.88665676,0.95870876,1.079491,0.9317158,1.3094504,0.9912774,0.9141563,1.21785,1.0607381,1.1137367,0.88549787,1.3495902,1.1556575,1.2449307,1.2806022,1.1004789,0.84553057,0.8716457,0.9808814,1.0773479,0.28109646,1.2391099,1.2554126,1.0707141,1.156565,1.1208675,1.1663641,1.1716781,1.0680023,1.1090169,1.2512388,0.88431644,0.9842123,0.9684008,0.83865774,0.95565474,1.312226,0.9405854,0.995357,0.9600858,0.97016233,1.05117,1.001969,1.3751333,0.7246429,1.0463902,0.867451,1.3312433,0.92809033,1.3208946,1.1091955,1.1782013,1.2623452,1.185693,0.8714879,0.9101896,0.7887563,0.38181043,0.9764019,1.3533952,1.3316234,0.6982223,1.113922,0.51247287,0.5602821,0.85994387,0.9889016,0.953037,0.94837165,1.3541778,0.7650082
bread,1.0346053,0.77360463,1.0047221,0.88235176,1.1048017,1.0685316,0.9425197,0.9490481,1.2035801,1.1676096,0.96731925,1.2497761,0.8365571,0.8666177,1.0455749,1.2048068,1.187708,0.9252884,0.9018974,1.1860383,0.0,1.0529729,1.1154952,1.1860685,1.09311,1.0675391,1.0220891,0.97919667,1.2629025,0.9998346,1.1547973,1.1078676,0.9816872,1.0597423,1.0393872,0.32268023,0.96231884,1.1477691,0.10486263,1.0185825,1.2480214,0.9509568,0.94945365,0.9906608,0.93790984,1.1803395,1.2050663,0.82440853,0.78985023,0.82960933,1.0154036,1.1102747,1.0199562,1.0063566,0.769421,0.98234266,0.94930154,0.9362327,1.115435,1.1158593,1.0685718,0.9978408,0.90783393,1.084192,0.8112094,1.0340745,1.0314854,0.88987076,0.9464136,1.1208977,1.0866572,1.1748822,1.1164166,0.91086274,0.9949735,1.2556883,1.1673031,1.0182531,1.0350856,0.9740688,0.97355634,1.0004674,0.9602482,0.83372706,0.8606986,0.9422093,0.5643082,0.98670644,1.0721556,1.2529757,0.9199306,0.9092413,0.96840376,1.1666187,1.1190119,1.1025057,0.89450777,0.7982839,0.9945812,0.34549797,1.004855,1.1918768,1.0984745,0.8036982,1.0470665,1.063472,1.0623611,1.1835457,0.98929447,0.85985535,0.81179166,0.7978134,1.3359474,0.98875034,0.9964841,0.9941671,0.98644555,1.0246037,1.2408892,1.2518892,0.9247863,0.95898694,0.9125527,0.9758965,1.2681352,0.977731,1.0303051,1.0227576,1.0425953,1.146981,1.2375884,1.1712412,0.7145511,0.8599784,1.0512823,0.95128,1.2020428,1.1598985,1.1462597,1.0433869,1.036436,1.1702181,0.8726351,1.2397225
broom,0.9178303,0.91869396,0.9212647,1.2906196,1.0491512,0.8511166,0.8220904,0.7913439,1.3233402,1.305857,0.5692692,0.9637959,1.4910281,0.7198154,1.3052604,1.1708009,1.1901331,0.668084,0.82119405,1.2424425,1.0529729,0.0,0.65684104,1.1277595,0.41311902,0.819631,0.7230529,1.3544179,0.71007216,0.7032031,1.0168693,0.7055671,1.210983,0.6771221,0.9022925,0.9297976,0.66818285,1.3150702,0.9486253,0.50033146,1.0800537,0.6995475,1.013563,1.2574979,1.2844303,0.9158295,0.8457225,1.2013187,0.7483149,0.98194814,0.9556085,1.211051,1.0838138,1.3154457,0.9524815,0.78260195,0.7549561,1.0843762,0.6245192,0.8912543,1.1771573,0.96840376,1.0285498,1.219528,1.2622058,1.3312778,0.8884333,1.3560941,0.89891744,0.9989217,0.8585464,1.1267638,1.3398781,0.84499973,1.3205354,0.7949443,0.5587703,0.4113767,1.249497,1.4505894,0.22069031,0.8863429,1.1188128,1.2625556,0.79662925,0.6464282,0.88507444,0.76302207,0.97122073,0.9930531,1.2335532,1.3881567,1.1718427,1.3076344,0.41568303,0.3823135,0.8826879,1.0961623,0.89109045,0.9242474,0.85015225,0.8437155,0.8979338,1.0056014,0.8824832,0.7414329,1.0915788,0.8609599,1.3695349,0.7537771,1.2987101,1.0941346,0.84499687,1.3678881,1.1043425,1.1735519,0.55910146,1.3007638,0.7682134,1.1259601,0.7979553,1.2271684,0.84336287,1.0674865,0.70007664,0.8691516,0.9212999,1.0024886,1.3326144,1.1604142,1.3851312,0.96445847,0.8951092,0.9090122,1.1517462,0.6880066,1.0904443,1.1503865,1.204436,0.85257876,0.9644582,0.3342359,0.80857986,1.1925347
bucket,1.0713868,0.89219743,0.93605065,1.2957847,0.9372219,0.79718137,0.8534726,0.43970895,1.1093904,1.2693539,0.73528916,1.0135151,1.4290638,0.7479713,1.2659631,1.1928777,0.99320924,0.63932794,0.52960896,0.945341,1.1154952,0.65684104,0.0,1.0908563,0.20985037,0.7663499,1.042847,1.3267341,0.66684604,0.6660977,0.9005444,0.7931442,1.2375164,0.8765087,1.0397041,0.9939625,1.0060345,1.2351336,1.0426006,0.8150244,0.8583953,0.49357367,0.8261938,1.2616673,1.0684912,0.8934621,0.6740743,1.2657254,0.7387829,1.1087517,0.9036732,1.1529067,1.1942023,1.361124,1.1195456,0.8922131,0.7692785,1.0392727,0.7257529,0.96666574,0.9797413,1.1371658,0.91369826,1.2363045,1.0371433,1.3683211,0.9162616,1.3176664,0.8128348,0.94025606,0.9396134,1.0639994,1.3826431,0.44596827,1.3779941,0.8020517,0.7356153,0.54903036,1.2481545,1.3211204,0.7914235,0.8087429,1.2798077,1.2341124,0.93195975,0.6186713,0.977358,0.9345484,0.9230278,0.7504426,1.2273393,1.3941178,1.2501585,1.1433924,0.7377391,0.74082255,0.9509379,1.133028,0.73736155,0.9885914,0.89333355,0.697419,0.94410604,1.0458754,0.84808314,0.4778635,1.037929,0.65582556,1.3246878,0.73141026,1.2509305,1.1376601,1.075996,1.4079511,1.1005917,1.1745225,0.7911361,1.1243787,0.6319907,1.1771855,0.852258,1.2595924,0.9274809,1.0341023,0.72881633,0.9276595,0.93784326,0.9379608,1.3532825,1.2796718,1.234873,0.6619468,1.0657347,1.0399783,1.0693051,0.69448376,0.82762784,1.0441455,1.2491341,0.69408786,0.70202136,0.5127207,0.9135017,1.1621358
butterfly,0.8902042,1.312845,1.112344,0.8868213,1.0951215,1.1803721,0.9470068,1.2021029,0.7730673,0.7593072,1.2473379,0.9889925,0.90376747,1.1571323,0.85903347,0.9616431,1.0418488,1.214707,1.2005742,0.89611745,1.1860685,1.1277595,1.0908563,0.0,1.1830298,1.2580228,1.0660152,0.70365834,0.8927243,1.2260128,0.85541034,1.2019674,1.0101694,1.2016252,0.97001857,1.1602963,1.0607986,0.70291615,1.1758994,1.1970843,0.8761554,1.2449338,0.97633266,0.80054134,0.92452526,0.69786435,0.9227804,0.8945043,1.1868169,1.0013789,1.0407146,0.89977753,1.0010146,0.89074826,1.1637518,1.0777394,1.2213823,1.1506138,0.91989034,0.8800965,0.7563124,0.9937961,1.1692662,0.9417441,0.9984869,0.8922034,0.9893295,0.7837532,1.3008945,1.1123632,0.96938235,0.831044,0.921173,1.0610728,0.9357259,0.9356222,0.9115508,1.2218075,0.8692404,0.84833467,1.197186,1.1355056,1.0633417,0.77807605,1.2520678,1.1160773,1.2384799,1.2454544,0.99544173,0.8277757,0.6856922,0.93857116,0.86157924,0.94544077,1.1118925,1.1399629,1.301758,0.9955496,1.0343541,1.2887226,1.0667787,1.0885246,0.9590064,1.224009,1.048612,1.2777307,1.0664008,0.8158869,0.94112855,1.1681716,0.98652685,0.96822953,0.7831491,0.86856484,1.1473285,0.95466036,1.047267,0.82905245,0.98368275,0.9741493,1.3244417,1.0435545,1.005119,0.98919505,0.91979426,0.8850166,1.1016195,1.0607774,0.8195886,0.87572026,0.76887536,1.1262565,1.2303654,1.1163098,0.7183173,1.0614746,1.0270852,0.86028457,0.96133304,1.1332762,1.1693498,0.9630624,1.2326881,0.8556887
can,1.0314567,0.9380749,0.9505621,1.3461598,1.0360423,0.8362312,0.8257443,0.6263624,1.2090871,1.2970828,0.42410386,1.0040323,1.5148103,0.69869983,1.2877617,1.2096267,1.147623,0.43850982,0.58518493,1.1311297,1.09311,0.41311902,0.20985037,1.1830298,0.0,0.7066498,0.9305217,1.3707701,0.5464442,0.60111594,0.9407423,0.5844307,1.2209575,0.61638707,1.0046755,1.0033273,0.94398236,1.2656715,1.0425204,0.5368273,0.99517846,0.38928533,0.9717618,1.3409852,1.2610965,0.818764,0.6615893,1.2366273,0.75128126,1.0042112,0.9888297,1.2390368,1.068116,1.3449433,1.0374829,0.69011354,0.729864,1.0848259,0.6891036,0.96856153,1.1248788,1.0076056,0.89082617,1.2372614,1.1938466,1.3506992,0.9054899,1.4154494,0.68030876,1.0072099,0.9070838,1.1619369,1.378169,0.6503445,1.3573816,0.8413484,0.6818005,0.31812775,1.3213015,1.4402611,0.5052456,0.8178541,1.2270466,1.2633479,0.6897358,0.5184061,0.91724074,0.7094261,0.99414647,0.6935691,1.3041929,1.400199,1.1596813,1.2782876,0.5834619,0.59474415,0.91238964,1.1895981,0.71939445,1.0192541,0.83020306,0.72130555,0.9664164,1.105304,0.8791689,0.5149298,1.142193,0.6001632,1.3802693,0.72968614,1.316526,1.1425831,1.0880061,1.4016396,1.1430538,1.1542394,0.648415,1.2305365,0.45507497,1.2596312,0.7867938,1.26607,0.81863594,1.0012589,0.7545372,0.91191846,0.9583529,1.0095131,1.3631124,1.3028138,1.3620867,0.87001044,0.9454701,0.8444894,1.2228442,0.5800512,1.0297325,1.1963186,1.2322097,0.7538414,0.8186974,0.47795928,0.6988821,1.1582506
car,0.8841915,0.94932795,0.8668233,1.4127988,0.8557948,0.87808394,0.84271914,0.68424416,1.3581917,1.3655365,0.6591178,0.9438411,1.4439144,0.55172247,1.3586621,1.0657663,1.0545086,0.58535814,0.6892459,1.2216531,1.0675391,0.819631,0.7663499,1.2580228,0.7066498,0.0,1.0973458,1.3523151,1.0239317,0.6053512,1.1987379,0.77408344,1.1919228,0.808369,1.12382,0.9283638,1.0316261,1.3603715,0.96956587,0.69033754,1.1662879,0.60028934,1.0247853,1.1458641,1.08324,1.2356194,1.0383021,1.2803068,0.5622435,1.2032492,0.9633488,1.102381,1.1569035,1.2332375,1.0960441,0.82411397,0.6150136,0.87719184,0.7924097,0.8103198,1.1115042,0.99413407,0.84901625,1.1034508,1.1999413,1.1829585,0.8625756,1.3739574,0.5616405,0.80873203,0.8335585,1.0985712,1.2088356,0.7205762,1.3065784,0.9832484,1.0001897,0.70594704,1.1400882,1.3414104,0.82289,0.44076335,1.1759471,1.3367461,0.7332418,0.97873753,1.0275185,0.8050033,1.0470415,1.0681391,1.2375399,1.3956743,1.3212218,1.2044594,0.71119976,0.73995775,0.843277,1.103865,0.9310667,0.86337966,0.6813853,0.7702117,0.80889064,0.8862885,0.8766225,0.64415556,1.0813184,1.1305954,1.1403236,0.5517068,1.1032898,1.2523547,1.0265758,1.392532,0.8974562,1.1853931,0.7445872,1.213121,0.9795081,1.0237261,0.6830387,1.1573336,0.7796212,1.2278394,0.9057182,0.7630207,0.9185385,0.6952635,1.344274,1.1355857,1.3611642,0.9208853,1.0502827,0.93090534,1.2602923,1.0626293,0.91126156,1.1964078,1.0204718,0.51390946,0.5083013,0.9091138,0.6844932,1.1642909
