,alligator,apple,arm,ball,balloon,banana,basket,bathtub,bed,belt,bench,bib,blanket,boat,book,bottle,bowl,box,bread,bucket,can,car,carrot,cat,chair,clock,closet,cookie,couch,cracker,crayon,crib,cup,dog,doll,door,drawer,dress,egg,elephant,finger,fish,flower,foot,fork,frog,glass,glasses,glove,gum,hair,hand,hat,jacket,jar,jeans,knife,ladder,lamp,meat,mitten,nail,napkin,necklace,orange,oven,pajamas,pants,paper,pen,pencil,pillow,pizza,plant,plate,pumpkin,purse,radio,refrigerator,scarf,scissors,shirt,shoe,shorts,shovel,sink,slide,slipper,soap,sock,spoon,strawberry,stroller,sweater,table,tape,toe,toothbrush,towel,toy,tray,tree,vacuum,watch,window
alligator,0.0,1.2443707,0.79802907,1.0851085,1.1740476,0.6951541,1.2345634,0.8487873,0.7393717,1.2666674,0.7570247,0.97044706,0.7970158,0.71547437,1.261982,1.3440564,1.4262447,1.0574718,1.050045,1.196871,1.3026068,1.2414247,1.0858673,0.95570797,1.0011168,1.2404815,0.9082339,0.97025317,0.7875061,0.9421812,1.4557211,0.66966367,1.3890686,0.964912,1.1276357,1.050662,0.9466108,0.7998523,1.2169366,0.98186266,1.2366953,1.1087208,0.99496084,1.1206331,1.2062011,1.0933877,0.80482006,1.3644373,1.0753684,0.7606337,0.9131886,0.82094586,1.2967932,0.89083093,0.8676926,0.7345947,1.2914656,0.6855097,1.3535821,0.9156511,0.8504263,1.3151653,1.3595139,1.3878286,0.86385816,1.1590204,0.84613967,0.74616504,0.9346613,1.4705763,1.4317322,1.1119891,1.0840703,1.040298,0.85834616,0.70096844,0.94077647,1.2405055,1.0178916,1.0105247,0.90103376,0.80694366,0.9824833,1.00588,0.92801464,1.2417474,0.65847903,1.3419342,1.2695562,0.8884286,1.411624,1.1718034,1.0537411,0.86001825,0.7157872,1.0990782,1.1528282,0.86111605,1.3866286,0.8318939,0.6080537,0.98528373,1.2162547,1.4634287,0.7906767
apple,1.2443707,0.0,1.3532097,0.9631033,0.88771874,1.1161661,0.8512597,1.2584454,1.4207178,0.51342106,1.4923781,1.0456159,1.2579634,1.2707487,0.7798698,0.1961925,0.17792702,1.0426477,0.9258367,0.7229919,0.71810865,0.5597768,0.786223,1.013405,1.3207833,0.56680524,1.1538806,1.0306982,1.3580595,1.0694995,0.3332619,1.4201467,0.27260792,1.1664302,1.016656,1.1486205,1.381563,1.2999616,0.5730264,1.057666,0.87573063,0.8264866,0.98958015,1.020498,0.82535475,0.8973058,1.2019038,0.6448349,1.0446382,1.1037748,1.2762938,1.2964938,0.57118154,1.2072355,1.0892731,1.4167131,0.8452954,1.4314244,0.61760974,1.1452847,1.3030958,0.32479638,0.54014486,0.7289214,1.1972449,1.1170727,1.2414693,1.3738602,1.2522538,0.4778064,0.42147887,0.9238984,0.8333875,0.8578233,0.93363714,1.1719682,1.2111609,0.89641774,1.1892189,1.1524748,1.2014496,1.3072807,1.2109457,1.241793,1.2355807,0.45131695,1.3786974,0.7024758,0.040531754,1.2660677,0.4347818,0.5652083,1.2110075,1.2476213,1.4135592,0.9417581,1.0255998,1.3813993,0.4205559,1.1976461,1.2028508,0.99677277,0.8057593,0.31972408,1.2363712
arm,0.79802907,1.3532097,0.0,0.8766002,1.2105565,0.8810159,1.3341262,1.0543422,0.64492905,1.1853948,0.71617544,1.1169986,0.75754696,0.73391217,1.2734866,1.2800653,1.4370213,1.2370912,1.0969057,1.3907125,1.3513272,1.3492155,1.062367,0.9503854,0.9851326,1.3519373,0.82793814,1.1511275,0.6386224,1.1315199,1.3738024,0.74619055,1.4510992,0.75030947,1.1254685,1.0222288,0.89233106,0.7278491,1.3586038,0.9109853,1.0210894,1.1888433,1.1447586,1.0827682,1.22311,1.2520564,0.8578041,1.0838741,1.0851444,0.97148305,0.74348927,0.652305,1.360791,0.776194,1.0937779,0.4547146,1.2797672,0.73820984,1.257781,0.97995365,0.78104645,1.2677189,1.430088,1.2135769,0.8906945,1.1067913,0.65483445,0.49067086,0.8396541,1.2885162,1.3473132,1.2233585,1.1305841,1.1446043,1.1427594,0.8979776,1.1323085,1.1792735,1.0227752,1.1186644,1.0403383,0.40330815,0.95270354,0.7308705,0.9121138,1.324045,0.670792,1.1169673,1.334276,0.7644389,1.3766036,1.3325024,1.1714768,0.74677694,0.7608656,1.2501464,0.9647243,0.66019994,1.3981396,1.0181035,0.9738895,1.0120552,1.3016828,1.2392327,0.694763
ball,1.0851085,0.9631033,0.8766002,0.0,0.5824119,1.0855545,1.1657372,1.0798401,1.0883706,1.0528365,1.1411335,1.1676211,0.98127514,1.0498278,1.0192189,1.0189747,0.9529481,1.2359734,1.0192064,1.1649843,1.0719445,1.0983474,0.74294996,1.0084515,0.961666,0.99989945,1.1962233,1.0994847,1.0417722,1.1264921,0.9247158,1.1571516,0.97278476,0.98813117,0.99534523,1.1799899,1.1258423,1.1271513,0.9868911,0.9310284,0.70059776,1.0297031,1.1713076,0.9253126,0.92762375,0.94864094,1.0320458,0.74145174,0.8059797,0.977924,1.0116993,0.74429464,0.9334957,0.9357484,1.1713465,1.0590549,1.0667874,1.1726259,0.91009825,0.99263537,1.0137293,0.8041414,1.0331342,0.86913246,0.8021649,1.074464,1.0314109,1.0565704,0.9942922,0.8797194,0.9641358,0.8784736,0.958029,1.1774268,1.0015043,0.92789304,1.230115,1.1066116,1.1593744,1.1254791,1.0476452,1.0548381,0.9843057,0.93547356,0.8769331,1.0295675,1.0356987,0.8147695,1.0046934,0.80470544,0.9927789,0.86635566,1.2218782,1.0425078,1.0807135,0.90826386,0.6714368,0.86729634,1.0434936,0.98932046,1.0661399,1.115141,0.9957784,0.8607506,1.109179
balloon,1.1740476,0.88771874,1.2105565,0.5824119,0.0,1.1536338,0.92812395,0.97927016,1.1632437,0.87057835,1.2049606,1.0975789,1.1308895,1.1770386,0.8879348,0.99034244,0.8167815,1.0281698,1.0165815,0.93249035,0.71124125,1.0455215,0.6785809,0.9459184,0.8339085,0.9442132,1.0745516,1.1927098,1.2154659,1.194096,0.71684575,1.1867318,0.8075705,1.0614651,1.1051917,0.99489915,1.0825948,1.260007,0.80441993,0.954863,0.66602826,0.83190995,1.1687533,0.9008934,1.0026878,0.91439646,1.229673,0.74665445,0.75552446,1.0819608,1.116852,1.0804101,0.69350386,0.96518624,1.1801459,1.1627884,0.90090555,1.2657595,0.7947439,1.1373578,1.1144174,0.6994025,0.6703962,0.79163563,0.986532,0.9653976,1.2096574,1.141675,1.0705686,0.7681153,0.7995,0.83082056,1.0537148,1.1534212,1.0952531,0.8273536,1.1215644,0.94646764,1.1694059,0.89774215,1.0380325,1.1196936,1.0043981,0.9328375,0.9463436,0.94511324,1.0251652,0.7947977,0.9390588,1.0239532,0.8997797,0.67545813,1.0815487,1.1279761,1.2205764,0.78682286,0.7641546,1.1578,0.7682432,0.94169724,1.148057,1.1246598,0.8693166,0.8214284,1.1825556
banana,0.6951541,1.1161661,0.8810159,1.0855545,1.1536338,0.0,1.1936308,0.9874918,0.8446909,1.2303185,0.8259517,1.0337716,0.9405292,0.8974039,1.1319562,1.2308745,1.2434821,1.0814608,0.9930399,1.2721894,1.307259,1.1822016,1.1018866,1.0968064,0.99860173,1.2212129,1.0066053,0.9824889,0.8183587,0.9607141,1.3370602,0.7968037,1.3010107,1.0714424,1.1489419,1.172516,0.9167614,0.8739114,1.0774953,1.0542665,1.2087376,1.144299,0.9100768,1.1674597,1.1140362,1.0254182,0.75957763,1.2791481,1.1707995,0.73697567,1.0042015,0.8264306,1.2924508,1.0004133,1.014275,0.7934423,1.1616197,0.78471136,1.3402914,0.8971001,0.83974504,1.3302609,1.2920016,1.3250859,0.7154163,1.1906623,0.86752725,0.8861959,1.0093801,1.2907126,1.27736,1.1063385,1.0063765,0.80155516,0.76496214,0.71388316,0.9910807,1.2204707,1.0424391,0.9831118,0.83367264,0.9485664,1.0130574,0.9244702,0.95157903,1.0902276,0.7416543,1.3229715,1.1016335,1.0017321,1.2368113,1.2290514,1.0016718,0.89018697,0.75839764,1.0956777,1.2174728,0.829077,1.3161758,0.80024326,0.65001816,0.913849,1.2311249,1.3330276,0.8108407
basket,1.2345634,0.8512597,1.3341262,1.1657372,0.92812395,1.1936308,0.0,0.9637525,1.1102293,0.74140185,1.1645739,1.0933932,1.170376,1.2145178,0.64147997,0.7744837,0.67559385,0.7150214,0.9729949,0.68403447,0.5333303,0.75145435,1.0279177,1.0437444,0.9930833,0.7621269,1.0961623,0.9240529,1.1858299,0.92498416,0.7229093,0.9821389,0.68175113,1.0882094,1.0057416,0.7433051,0.99438584,1.2355915,0.8066807,1.0424385,0.9950309,0.9751847,0.94159037,0.8864127,0.8599137,0.9274277,1.2399926,1.013737,1.0833712,0.9945464,1.1616803,1.3155159,0.7674463,1.2002392,0.8913711,1.3179197,0.7197293,1.1158658,0.8235073,1.1644304,1.2018976,0.9042787,0.6257498,0.8418138,1.2550528,0.72773576,1.2593088,1.2888218,1.0149498,0.7891934,0.66757345,0.9151406,1.0420862,0.9517864,1.0537925,1.2039721,0.99301255,0.708067,0.8261881,1.0496491,1.1044552,1.3094194,0.8415337,1.1133741,1.2211707,0.7577472,1.2375054,0.7925379,0.82181776,1.047162,0.7450589,0.87604964,0.9804885,1.1710145,1.2172757,0.9591054,1.0482805,1.2309346,0.58761907,1.1016483,1.1742564,0.9777641,0.5680762,0.851587,1.1661502
bathtub,0.8487873,1.2584454,1.0543422,1.0798401,0.97927016,0.9874918,0.9637525,0.0,0.7297348,1.035729,0.7204964,1.0051959,0.7869077,0.7664981,1.0290054,1.2120225,1.0943964,0.8220329,1.0249276,1.0120567,0.8008728,1.0408565,1.1294074,0.7884723,0.7035986,1.1273398,0.89983404,1.0736417,0.8921885,1.0458254,1.2758183,0.5968154,1.1997916,1.0878416,1.2402768,0.80233264,0.79450256,1.0633948,1.1020378,0.9575434,1.2218903,0.8308576,1.0527488,1.1888896,1.1332785,0.87893426,0.8715508,1.3578246,1.0942951,0.8007814,1.0501697,1.017845,1.2223771,0.9824712,0.86918867,0.9684697,1.1954299,0.66843486,0.9986045,0.89544827,1.0604329,1.3757157,1.2234746,1.3169525,0.9028915,0.85393035,1.0094011,0.9669793,0.78031313,1.1592486,1.1460605,1.1396224,1.066943,1.061475,0.65747803,0.98839915,1.0279222,1.102762,0.85280293,1.0814029,0.9909042,1.0169576,1.0820338,0.94254875,0.9778265,0.74253535,0.8325591,1.3436174,1.2048086,1.0549542,1.1197174,1.2291775,0.9711812,1.0499943,0.6720438,1.1344877,1.2287538,1.0411959,1.2472941,0.9628752,0.7661942,0.99127156,1.1261772,1.3563224,0.74831605
bed,0.7393717,1.4207178,0.64492905,1.0883706,1.1632437,0.8446909,1.1102293,0.7297348,0.0,1.1861646,0.35211766,1.0292689,0.47374815,0.54417056,1.3346508,1.3466384,1.471801,1.0692799,1.1292794,1.2656353,1.227005,1.3435726,1.3771023,0.76526695,0.6175252,1.3073862,0.52770805,1.0786376,0.57849586,1.0719945,1.5746026,0.20668018,1.5299076,0.8176646,1.2179427,0.8657874,0.5838616,0.76262534,1.4238684,0.79270065,1.3799713,1.2176069,1.0535978,1.2671148,1.3136576,1.1765224,0.77303034,1.353427,1.3810169,0.99779314,0.8401987,0.986651,1.3540714,0.74117714,0.9850522,0.6909065,1.2560053,0.35542572,1.1617807,1.0194919,0.91267866,1.4268229,1.4700372,1.4122745,0.97374743,1.0356319,0.78876287,0.7223456,0.944773,1.4170153,1.4515941,1.1935985,1.3091906,1.091947,1.0819665,0.75813246,1.0022177,1.1788881,0.88922733,1.1319189,1.0049688,0.676057,1.0004482,0.93457305,0.9171097,1.2262125,0.5005139,1.4273475,1.364738,1.0337112,1.4470603,1.4570682,1.0085957,0.85672474,0.56885934,1.2022297,1.3303812,0.79885423,1.4669657,0.930125,0.9206582,0.9082952,1.3089557,1.4672804,0.5029501
belt,1.2666674,0.51342106,1.1853948,1.0528365,0.87057835,1.2303185,0.74140185,1.035729,1.1861646,0.0,1.2482806,1.1720972,1.0561227,1.10883,0.80532616,0.39510936,0.40971434,1.0612729,1.0100403,0.91246635,0.5765634,0.7479682,0.997086,0.7769889,1.0638299,0.7503357,1.0212234,1.0716383,1.1733065,1.0937002,0.47197938,1.2541984,0.55223274,1.0950525,1.1786504,0.9642278,1.187938,1.1942664,0.78069615,1.0014621,0.936304,0.7566263,1.1222636,1.0504915,1.0834671,0.97418797,1.2493528,0.8118703,1.1023681,1.119744,1.1313047,1.2307712,0.7398119,1.0577089,1.2096816,1.2099779,0.9286939,1.2919853,0.5892156,1.1762407,1.2596312,0.6214094,0.7274867,0.78352153,1.2187324,0.90761083,1.1889513,1.2001913,1.1568958,0.5223422,0.5237177,1.0071918,1.0888077,1.0368278,1.0312092,1.1834292,1.104375,0.93166703,1.101924,1.140966,1.2404813,1.0788558,1.1123173,1.0058088,1.1607183,0.575483,1.1950046,0.793336,0.51075286,1.2346003,0.6581046,0.88023,1.0965714,1.1131963,1.278761,1.0364735,1.1329832,1.2224826,0.5084336,1.1430194,1.2664025,0.99748397,0.80951,0.5259411,1.0245215
bench,0.7570247,1.4923781,0.71617544,1.1411335,1.2049606,0.8259517,1.1645739,0.7204964,0.35211766,1.2482806,0.0,1.0736551,0.6546516,0.35326827,1.177633,1.3844191,1.4614444,1.0516602,1.159323,1.2872895,1.2625211,1.3438456,1.2752312,0.99879014,0.62096214,1.3893062,0.7877476,1.1771014,0.55999076,1.1452255,1.4982421,0.36808455,1.5619793,0.9328268,1.1280004,0.8333826,0.5082191,0.7693865,1.4790767,0.95493007,1.2910116,1.1499505,0.97580993,1.1792665,1.1990914,1.1215266,0.8197176,1.3206697,1.2799709,1.0511742,0.8288736,0.9253746,1.4307202,0.8228829,1.0279402,0.6843596,1.197823,0.34237778,1.1242156,0.93851453,0.86637086,1.452744,1.4280473,1.3521641,0.9451965,0.9337956,0.78035927,0.7091979,0.7963883,1.3258753,1.3486843,1.2846615,1.2223663,1.0439284,1.0513728,0.7965213,1.0001162,1.1296585,0.8714719,1.0046818,0.99852043,0.81019086,1.0208421,0.8917423,0.87960374,1.2506472,0.5047399,1.3905828,1.4465787,1.0320234,1.3468819,1.406653,0.8938304,0.8833497,0.50627756,1.2769313,1.2290174,0.7721338,1.4525566,0.84137744,0.8603952,0.9469908,1.2964189,1.438869,0.47419596
bib,0.97044706,1.0456159,1.1169986,1.1676211,1.0975789,1.0337716,1.0933932,1.0051959,1.0292689,1.1720972,1.0736551,0.0,1.0632759,1.0825484,1.1288763,1.0828488,1.1060816,1.0172051,0.96182764,0.9540837,1.1520824,0.9696694,1.0533183,1.000807,1.0552489,1.0117717,0.9391534,0.9523054,1.0175197,0.94177043,1.0793426,1.0352188,1.0641562,0.91831064,0.62364674,1.0190625,1.0433149,0.79718935,1.0513988,1.0185043,1.04044,1.1078002,0.9996975,0.939463,1.0081792,0.9587253,0.9308281,1.0554688,0.9592997,1.044508,0.9920676,1.0833672,0.946699,1.0675385,0.97649384,1.0046982,1.0541642,0.95129365,1.0900196,0.9968686,1.0017045,1.0527465,1.0206604,1.0208813,1.0213823,1.1065142,0.8669198,1.0475302,1.0688386,1.1783469,1.1480637,0.870453,0.9017279,0.9946031,0.8640802,1.0228226,0.86913216,0.9655087,0.96142554,0.84161425,0.9961393,0.8990068,0.99323606,1.0190119,1.122793,1.0086797,1.047919,1.0179753,1.0484116,1.0304118,1.1374137,0.9598043,0.9284693,0.9319775,0.9464588,0.9574761,0.9837065,1.0265589,1.0719926,1.0179493,0.8705701,1.0683295,1.0868263,1.0812907,1.0222594
blanket,0.7970158,1.2579634,0.75754696,0.98127514,1.1308895,0.9405292,1.170376,0.7869077,0.47374815,1.0561227,0.6546516,1.0632759,0.0,0.6019779,1.2875717,1.1870406,1.3009555,1.1991718,1.0574886,1.2546396,1.2457972,1.1815132,1.3184968,0.8021638,0.76469064,1.1005588,0.7880298,0.9891636,0.6571183,1.0053774,1.442053,0.61282516,1.3599842,0.839892,1.1809272,0.9027873,0.8096353,0.8071847,1.2760473,0.7934922,1.330363,1.1141202,1.053249,1.1539667,1.1456938,1.1173656,0.81456363,1.2737162,1.2418634,1.0312741,0.9188036,1.0029052,1.236789,0.7307804,1.1413255,0.74315596,1.171479,0.7398075,1.0195456,1.0092367,1.02324,1.3217123,1.3881482,1.3717208,1.0175772,0.9954522,0.9536609,0.71436745,0.89861625,1.3037593,1.3650496,1.071066,1.1518345,1.0705652,0.9621166,0.82906616,1.092993,1.2102714,0.93478036,1.1841072,1.0154401,0.7877037,1.060274,0.9580172,0.8267405,1.0002718,0.72226566,1.3074898,1.204057,0.9228251,1.2303046,1.3631417,1.1510322,0.97783434,0.69720936,1.2012135,1.1528623,0.833562,1.3970056,1.0165753,0.95645756,0.91838974,1.3194392,1.2972481,0.6129471
boat,0.71547437,1.2707487,0.73391217,1.0498278,1.1770386,0.8974039,1.2145178,0.7664981,0.54417056,1.10883,0.35326827,1.0825484,0.6019779,0.0,1.1885799,1.221708,1.2866915,1.2041553,1.1605203,1.371968,1.3170552,1.1985787,1.2567667,0.9178832,0.90627015,1.1772262,0.80774844,1.144454,0.7742048,1.1513652,1.3800465,0.5894394,1.4177761,0.97221917,1.2143929,1.0172396,0.7491365,0.80586016,1.3183458,0.88975453,1.2191386,1.1989628,1.1019748,1.1261582,1.2051679,1.066187,0.8741424,1.1939987,1.3032374,1.0418372,0.8825055,0.9519659,1.3164711,0.8517422,1.0890807,0.6735583,1.2229979,0.6137583,1.0772364,0.9713455,0.9848927,1.2834721,1.4349341,1.3390753,0.97717613,1.1015546,0.7979982,0.6894611,0.95340204,1.2217304,1.2274156,1.2800134,1.1877345,1.0603596,0.9773514,0.8030394,1.1607169,1.1149954,1.089864,1.1480422,1.0304804,0.7723038,1.0485846,0.89054155,0.7826917,1.0649171,0.5793698,1.2907091,1.2304928,1.0520569,1.208882,1.3370874,1.0541741,0.85041845,0.82182914,1.2318119,1.1547339,0.86028194,1.4161935,0.9138844,0.9318225,0.8751762,1.3401496,1.2461835,0.47663742
book,1.261982,0.7798698,1.2734866,1.0192189,0.8879348,1.1319562,0.64147997,1.0290054,1.3346508,0.80532616,1.177633,1.1288763,1.2875717,1.1885799,0.0,0.7693689,0.61297154,0.65739906,1.0512692,0.6872335,0.5717681,0.65035087,0.8958457,1.1964961,0.9412967,0.8232525,1.270011,1.0071049,1.3092799,1.0097862,0.6301234,1.2170646,0.62434405,1.2892039,1.0205635,0.9161063,1.0063316,1.2762868,0.7989783,1.2140138,0.9213817,0.9754797,0.99891794,0.83057815,0.7481361,0.9413936,1.3031301,0.98593056,0.9299538,1.0152793,1.3278432,1.286293,0.68508124,1.1984521,0.9411744,1.2780713,0.5934241,1.3082349,0.83244073,1.1035826,1.1899331,0.8551996,0.4737304,0.88513064,1.2427056,0.59864134,1.317915,1.2731439,0.86371195,0.64202815,0.49223304,0.6753685,1.0303874,0.9725901,1.0467715,1.2209853,0.8535735,0.60324186,0.88885546,0.8749225,1.0155702,1.3042696,0.97037446,1.0892527,1.0530308,0.7531542,1.2318488,0.80713296,0.7707302,1.0275462,0.614402,0.74312645,0.89194715,1.2280443,1.1781282,0.8458544,0.9970616,1.2184308,0.60593486,1.0504804,1.207215,1.0864737,0.78050244,0.7369671,1.3133855
bottle,1.3440564,0.1961925,1.2800653,1.0189747,0.99034244,1.2308745,0.7744837,1.2120225,1.3466384,0.39510936,1.3844191,1.0828488,1.1870406,1.221708,0.7693689,0.0,0.18393451,1.0077147,1.0639093,0.6478629,0.6195477,0.574014,0.98644644,1.0157986,1.2606785,0.5464803,1.143674,1.0231854,1.326402,1.0646288,0.3619287,1.3619328,0.19064045,1.1764444,1.0145528,0.99083185,1.3348277,1.2355793,0.7420794,1.0665151,1.0308611,0.82904243,1.0008596,1.0329809,0.8786427,0.9294741,1.1833041,0.6759839,1.1414824,0.9986456,1.2876427,1.3646216,0.5880945,1.2274286,0.98413455,1.3813236,0.7719687,1.3533523,0.47712874,1.2010646,1.3270042,0.41189647,0.56834924,0.7733117,1.2410104,0.9599634,1.2847149,1.3474932,1.215791,0.4535191,0.43138486,0.95542455,1.0345279,0.91650003,1.0764636,1.3081806,1.1173623,0.80792487,1.0356888,1.151512,1.220597,1.3085687,1.1682533,1.2674118,1.2417169,0.43365645,1.2765038,0.73575294,0.19590968,1.2360239,0.4551506,0.76005757,1.1575048,1.2440943,1.3393852,0.9272686,1.113974,1.340014,0.4035781,1.0971591,1.2714828,1.0062366,0.68885505,0.24707484,1.2063838
bowl,1.4262447,0.17792702,1.4370213,0.9529481,0.8167815,1.2434821,0.67559385,1.0943964,1.471801,0.40971434,1.4614444,1.1060816,1.3009555,1.2866915,0.61297154,0.18393451,0.0,0.8711766,0.85882616,0.6217082,0.48870242,0.5913511,0.7811612,1.0868287,1.2050484,0.51517767,1.1938552,0.9921135,1.4272695,1.029644,0.2773956,1.4500858,0.19854945,1.2498872,1.046319,1.0832388,1.2744424,1.3844302,0.5045028,1.1488152,0.8678458,0.7902622,1.0500365,0.96825826,0.78793985,0.8971132,1.2286468,0.6588445,1.0734223,1.1021986,1.3644412,1.380213,0.5818088,1.2861454,1.010022,1.4792383,0.75941133,1.4973568,0.48269147,1.1342558,1.3963962,0.366839,0.4432395,0.6803659,1.2297525,0.9610437,1.3751428,1.4392529,1.1899855,0.3584609,0.30009907,0.90164137,0.84074277,0.9682991,0.8726515,1.2706184,1.2125491,0.76205313,1.1372026,1.1650485,1.2496471,1.3992813,1.1536107,1.2088635,1.1989884,0.31340003,1.4092114,0.60837513,0.20834887,1.2721632,0.358379,0.5804906,1.1562456,1.2951528,1.4004853,0.841014,1.0091105,1.405225,0.3490156,1.2106363,1.2450203,1.0949807,0.7035409,0.2942074,1.3408092
box,1.0574718,1.0426477,1.2370912,1.2359734,1.0281698,1.0814608,0.7150214,0.8220329,1.0692799,1.0612729,1.0516602,1.0172051,1.1991718,1.2041553,0.65739906,1.0077147,0.8711766,0.0,0.9787228,0.50023615,0.6627972,0.7879064,1.1180482,1.2455355,0.82634854,0.96699035,1.0182987,0.8884753,1.1810763,0.9194032,0.97318834,0.9372859,0.8059716,1.1835049,0.9122074,0.90404093,0.8261962,1.1725276,0.8287473,1.2268808,1.0943964,0.9536699,0.8331336,0.9743519,0.8597107,0.8791759,0.9895748,1.1496079,0.9742883,0.99506414,1.2678065,1.2131389,0.9091386,1.3798336,0.44876528,1.2738538,0.8070148,0.95151097,1.0184188,1.0330827,1.0928166,1.1268371,0.79566395,0.96795887,1.1899478,0.73777074,1.243456,1.2943153,0.90255755,0.9785192,0.9649963,0.7523253,1.0153906,0.8632339,1.0584556,1.1527108,0.6851795,0.62090605,0.8012414,0.98410255,0.9054101,1.2709091,0.9966688,1.2305607,1.0472213,0.89522123,1.1521902,1.058851,1.0218639,1.0966898,0.89366055,0.91964734,0.8351357,1.1479356,0.90004647,0.66840005,1.159926,1.2102933,0.95781386,1.0151061,0.97444546,1.0230268,0.9388518,1.0202056,1.2365322
bread,1.050045,0.9258367,1.0969057,1.0192064,1.0165815,0.9930399,0.9729949,1.0249276,1.1292794,1.0100403,1.159323,0.96182764,1.0574886,1.1605203,1.0512692,1.0639093,0.85882616,0.9787228,0.0,1.1181343,1.0612949,1.1002647,0.86151665,1.0533156,1.2028434,0.9756049,0.98216283,0.55406904,1.1249416,0.45388317,0.98512185,1.1304569,1.0611497,0.9705174,1.0866452,1.2078147,0.99101776,1.1909403,0.753366,1.0866953,0.9028022,1.1449056,1.1593025,0.9010412,0.9851747,1.0564117,0.97207016,0.95983696,1.0702429,0.99394244,1.0132567,0.98964345,1.0941858,1.035662,1.002691,1.072725,1.0675476,1.1627696,1.0245068,0.78389734,1.1063527,0.9589332,1.0364012,1.0026014,0.9639736,1.1699673,1.1003768,1.0594902,0.92244494,0.9820741,0.98100483,1.136121,0.49538958,1.110712,0.6796918,0.9268592,1.2113613,1.0327322,1.1400377,1.1176507,1.1641996,1.0711734,0.91614664,0.9316443,1.1295264,0.9169496,1.1571933,0.8512139,0.9704487,1.0722406,1.033005,0.95210063,1.0947443,1.0205423,1.0665632,0.931628,0.9395916,0.9744394,1.042491,1.1397483,0.92705345,1.2028825,1.0786251,1.0343952,1.205503
bucket,1.196871,0.7229919,1.3907125,1.1649843,0.93249035,1.2721894,0.68403447,1.0120567,1.2656353,0.91246635,1.2872895,0.9540837,1.2546396,1.371968,0.6872335,0.6478629,0.6217082,0.50023615,1.1181343,0.0,0.4668938,0.5294578,0.989679,1.1972017,0.86163235,0.7229785,1.1246701,1.0394412,1.2603731,1.0836325,0.69204897,1.1902626,0.38161975,1.2287056,0.71974564,0.78950894,1.1661648,1.2464294,0.68177044,1.2029064,1.0398133,0.82736784,0.70724356,1.0377283,0.75254035,0.8546846,1.0970726,1.0750965,0.8759613,1.0364534,1.3601965,1.3527492,0.5419441,1.3731217,0.5646723,1.4096408,0.7119013,1.1179194,0.826425,1.1919312,1.2342077,0.774681,0.40888596,0.86808306,1.27283,0.7497992,1.3763146,1.3888744,1.1265407,0.8569285,0.74137664,0.66091454,1.0010715,0.7501168,1.1725923,1.2946949,0.80168533,0.60556453,0.7505394,0.92590696,0.9924882,1.3944805,1.0826257,1.305692,1.2691847,0.8281283,1.2902215,0.91007656,0.73372614,1.1348366,0.6641979,0.6629306,0.8669481,1.260577,1.0920993,0.66078424,1.0825652,1.3978801,0.5032217,1.1042542,1.0926473,0.96904165,0.6026486,0.7732915,1.2663133
can,1.3026068,0.71810865,1.3513272,1.0719445,0.71124125,1.307259,0.5333303,0.8008728,1.227005,0.5765634,1.2625211,1.1520824,1.2457972,1.3170552,0.5717681,0.6195477,0.48870242,0.6627972,1.0612949,0.4668938,0.0,0.778543,0.9072747,0.91663504,0.7136542,0.7604432,1.0197918,1.142814,1.291712,1.1404839,0.5310731,1.1597615,0.42880404,1.2380956,1.0848713,0.5502343,1.0971563,1.3708947,0.6933123,1.0739932,0.8871894,0.85699075,1.0084348,0.9415802,0.9091605,1.0106006,1.3625257,0.9248975,0.9041719,1.1079661,1.2939581,1.3883896,0.6047325,1.1450485,0.9172116,1.3262529,0.6522862,1.2207294,0.6544756,1.2666556,1.3540244,0.72012913,0.41251117,0.716871,1.281039,0.49290705,1.3994162,1.2633058,1.0355949,0.5290586,0.5046902,0.7577252,1.1340072,0.98374546,1.2154062,1.2623369,0.9111648,0.6320871,0.7903636,1.0438765,1.2150133,1.2725112,1.0361866,0.9855582,1.2728664,0.6748477,1.2465519,0.7012159,0.7105727,1.1036819,0.62971276,0.7604327,0.8518802,1.2398049,1.2248099,0.9561887,0.9702252,1.4296141,0.31659925,1.1997135,1.330337,1.0598431,0.40318418,0.682084,1.1943612
car,1.2414247,0.5597768,1.3492155,1.0983474,1.0455215,1.1822016,0.75145435,1.0408565,1.3435726,0.7479682,1.3438456,0.9696694,1.1815132,1.1985787,0.65035087,0.574014,0.5913511,0.7879064,1.1002647,0.5294578,0.778543,0.0,1.0352409,1.0524399,1.1375726,0.6110377,1.2109578,0.97525513,1.296984,1.0267897,0.6535549,1.2804158,0.5145683,1.2088557,0.83250964,1.0152199,1.2423663,1.2261056,0.66015804,1.1076198,1.0559634,0.8271626,0.7606908,1.0544903,0.7071418,0.614996,1.2516501,0.9981867,0.96426326,1.0594337,1.320334,1.2764392,0.57014817,1.279292,0.85281205,1.4339646,0.64987373,1.2636561,0.77391756,1.0847774,1.2603233,0.793805,0.62234056,0.93776363,1.2234054,0.904351,1.2512312,1.3803669,1.1331247,0.7163939,0.6612327,0.7236545,1.018466,0.6820486,1.0196036,1.2499007,0.9090004,0.7280842,0.9246687,1.084507,0.9812715,1.384811,1.1497722,1.3191364,1.1611679,0.6195514,1.3262557,0.9577273,0.53939956,1.1726606,0.5518806,0.72708493,0.9070996,1.2502568,1.2862504,0.8615669,1.112807,1.3061745,0.6655872,1.0188583,1.0991913,0.8129223,0.8604861,0.70338464,1.113509
carrot,1.0858673,0.786223,1.062367,0.74294996,0.6785809,1.1018866,1.0279177,1.1294074,1.3771023,0.997086,1.2752312,1.0533183,1.3184968,1.2567667,0.8958457,0.98644644,0.7811612,1.1180482,0.86151665,0.989679,0.9072747,1.0352409,0.0,1.167724,1.1585656,1.0462394,1.2395221,1.1474745,1.1404994,1.1185068,0.5616351,1.353863,0.8401513,1.0788096,0.98568904,1.2201296,1.2213256,1.2700204,0.81392586,1.1257926,0.38353258,0.81832737,1.1950359,0.8268751,0.8837363,1.0115582,1.2123287,0.6250367,0.6132954,1.0484676,1.0396824,0.7953113,0.75966775,0.9657655,1.179925,1.1395333,0.9491348,1.3294591,1.042796,0.9746723,0.9700788,0.5095488,0.6701044,0.69576156,0.60208905,1.1745853,1.1063852,1.1001111,1.0563765,0.73230505,0.74975365,1.0151005,0.7355125,1.2428247,0.96603906,1.0673109,1.2827761,1.0905226,1.2837939,0.8807221,1.071616,1.0913371,1.0248414,0.93868756,1.0651656,1.0597584,1.240684,0.5788934,0.9420451,0.92474616,0.86865765,0.2840833,1.1070052,1.0860645,1.2458835,1.0446432,0.58411986,1.0159557,0.7139437,1.1945399,0.8937818,1.2089316,0.87913096,0.75274587,1.3196785
cat,0.95570797,1.013405,0.9503854,1.0084515,0.9459184,1.0968064,1.0437444,0.7884723,0.76526695,0.7769889,0.99879014,1.000807,0.8021638,0.9178832,1.1964961,1.0157986,1.0868287,1.2455355,1.0533156,1.1972017,0.91663504,1.0524399,1.167724,0.0,1.0227723,1.0419837,0.6801059,1.1558378,0.99376166,1.1476182,1.0310118,0.87288564,1.1694487,0.78869337,1.2591548,0.8565823,1.0174291,1.026033,1.1171134,0.43199635,1.0427663,0.8563925,1.1661205,1.0952927,1.177574,0.98655,1.1311138,0.9928843,1.012579,1.0684341,0.81474125,0.9993674,0.9716311,0.5875094,1.3011299,0.9850323,1.0940658,0.9900564,0.9041811,1.0607439,1.0394835,1.0714663,1.1652865,0.96645355,1.0179265,1.0009211,0.8705969,0.9533663,1.0670205,0.94544214,1.0300004,1.0970701,1.1071837,1.1511714,1.0220953,0.88336796,1.0878052,1.1586311,1.0641652,1.1841311,1.0112655,0.7731899,1.0674635,0.89782846,0.9934966,0.96228737,0.9339551,1.0774161,1.018541,1.1408105,1.0505471,1.2065014,1.0496625,0.9923837,1.1275452,1.19994,1.1277338,1.009345,1.018649,1.0642251,1.1469108,0.9475801,0.98117197,1.0602021,0.7694006
chair,1.0011168,1.3207833,0.9851326,0.961666,0.8339085,0.99860173,0.9930833,0.7035986,0.6175252,1.0638299,0.62096214,1.0552489,0.76469064,0.90627015,0.9412967,1.2606785,1.2050484,0.82634854,1.2028434,0.86163235,0.7136542,1.1375726,1.1585656,1.0227723,0.0,1.2344879,0.86634696,1.2189053,0.66084373,1.2219768,1.2613366,0.6897794,1.1789435,1.10262,0.96489733,0.71078825,0.74869096,0.9437306,1.1555164,1.0990641,1.1911625,1.0158687,0.9258036,1.1201551,1.1780853,1.0173825,1.0421948,1.3212299,1.0178372,1.0454032,1.0391575,1.1263291,1.0930507,0.9572371,0.96017426,0.8294996,1.0219955,0.5843986,1.0678582,1.173679,1.0632579,1.2889528,0.99882877,1.1595497,1.0424128,0.72011286,1.0592558,0.82965255,0.8068849,1.1009384,1.1362282,0.8132702,1.2579677,1.0557736,1.1508402,0.9323299,0.7068012,1.0251601,0.7969863,0.9295291,1.0023408,0.94631135,1.0242985,0.83442926,1.0901788,1.131963,0.7106514,1.1777701,1.2709765,0.99398446,1.1990713,1.144775,0.60780823,1.0474879,0.47024632,1.0342143,1.1223158,1.0647211,1.0756994,0.92217475,1.0094078,1.0547397,0.96044475,1.3061526,0.8554843
clock,1.2404815,0.56680524,1.3519373,0.99989945,0.9442132,1.2212129,0.7621269,1.1273398,1.3073862,0.7503357,1.3893062,1.0117717,1.1005588,1.1772262,0.8232525,0.5464803,0.51517767,0.96699035,0.9756049,0.7229785,0.7604432,0.6110377,1.0462394,1.0419837,1.2344879,0.0,1.139866,0.84752244,1.3133793,0.91756827,0.65307426,1.3253431,0.44449282,1.2064586,0.99642515,1.0014114,1.1832497,1.1834064,0.52095056,1.1353062,1.0356898,0.91953796,0.9862277,0.98135495,0.80968493,0.85054606,1.1513913,0.82247066,1.0633049,1.0332905,1.3289211,1.2967982,0.61402357,1.2514777,1.0035778,1.340866,0.75500727,1.3534316,0.61880696,1.0405321,1.3036284,0.6898178,0.7148025,0.86955106,1.1826925,1.0134588,1.2507999,1.3454738,1.169951,0.712959,0.6579342,0.9060456,1.0260195,0.93714535,0.91842246,1.2100923,1.0821239,0.75988704,1.0400076,1.1255547,1.1029,1.3122704,1.060173,1.1745795,1.0317274,0.5841343,1.3046002,0.8427468,0.5905173,1.1686009,0.59099126,0.71912634,1.1070315,1.1736511,1.2867769,0.7276246,1.0039816,1.331065,0.66006976,1.0937572,1.138129,0.9673558,0.8138017,0.5594276,1.2081473
closet,0.9082339,1.1538806,0.82793814,1.1962233,1.0745516,1.0066053,1.0961623,0.89983404,0.52770805,1.0212234,0.7877476,0.9391534,0.7880298,0.80774844,1.270011,1.143674,1.1938552,1.0182987,0.98216283,1.1246701,1.0197918,1.2109578,1.2395221,0.6801059,0.86634696,1.139866,0.0,1.1156788,0.83162886,1.1076319,1.295255,0.7234614,1.2186352,0.8223214,1.1752036,0.72813046,0.5751884,0.9286699,1.1652558,0.7405226,1.2245008,1.1844214,1.1517727,1.1806203,1.2952461,1.1651175,0.9957883,1.1446626,1.2266608,1.0656679,0.8891537,1.1055865,1.1313437,0.8546554,1.0122198,0.78523576,1.1557387,0.70727515,1.1159511,1.0543656,1.0163317,1.2148967,1.1628712,1.1480798,1.0606679,0.9646753,0.82070357,0.77322316,0.989858,1.2208233,1.239676,1.2319497,1.1450816,1.1477476,1.0995011,0.7951489,1.0397995,1.0063248,0.8662316,1.0866246,1.0813601,0.6760023,1.1129564,0.8743504,1.029206,1.1273054,0.7722689,1.2150608,1.1423444,1.2007525,1.2942615,1.2563581,0.9172751,0.9056841,0.8660581,1.1236664,1.216662,1.0780458,1.1499139,1.0199411,1.110715,0.994623,1.1391741,1.1971667,0.71436816
cookie,0.97025317,1.0306982,1.1511275,1.0994847,1.1927098,0.9824889,0.9240529,1.0736417,1.0786376,1.0716383,1.1771014,0.9523054,0.9891636,1.144454,1.0071049,1.0231854,0.9921135,0.8884753,0.55406904,1.0394412,1.142814,0.97525513,1.1474745,1.1558378,1.2189053,0.84752244,1.1156788,0.0,1.1805979,0.088326395,1.1183912,1.046606,1.0111308,1.0776863,1.0616006,1.147316,1.0374575,1.0443537,0.9048644,1.1163703,1.159142,1.0876555,0.97507334,1.0201168,1.0018944,0.9814427,0.85644805,1.1976413,1.1545043,0.93493533,1.1597043,1.0647435,1.0844691,1.171376,0.82089174,1.1711433,0.98213875,1.1426857,1.0427164,0.7270144,1.0386604,1.1136352,1.1044362,1.1327856,1.1333067,0.96736586,1.1481742,1.2081897,0.98727816,1.1378803,1.0839475,0.909377,0.7974861,0.96917766,0.71356535,1.0455604,0.9498055,0.93884,0.9219355,0.99770135,1.0265846,1.1983683,0.79475164,1.237701,1.037551,0.9434249,1.133637,1.0803937,1.01177,0.93515164,1.084968,1.021769,1.0797423,1.060998,1.0853922,0.82783437,1.0773096,0.9269409,1.118894,0.96676576,0.9159791,0.99935335,1.0824836,1.1369765,1.1628381
couch,0.7875061,1.3580595,0.6386224,1.0417722,1.2154659,0.8183587,1.1858299,0.8921885,0.57849586,1.1733065,0.55999076,1.0175197,0.6571183,0.7742048,1.3092799,1.326402,1.4272695,1.1810763,1.1249416,1.2603731,1.291712,1.296984,1.1404994,0.99376166,0.66084373,1.3133793,0.83162886,1.1805979,0.0,1.1569402,1.4579966,0.6609411,1.4539975,0.84527785,0.98347217,0.9073334,0.7645212,0.70868826,1.3135374,1.0148305,1.2500498,1.1012248,0.9967994,1.1607945,1.3616735,1.1262226,0.79673105,1.2923484,1.0941528,0.92479396,0.7368492,0.83813846,1.4020648,0.75864816,1.0403105,0.6538776,1.3400267,0.4849285,1.2717702,1.0023036,0.7965797,1.3624299,1.3217862,1.3351996,0.80451393,1.0641891,0.67923796,0.6594308,0.76238275,1.402916,1.3599466,1.1701382,1.1817423,1.0770494,1.0400509,0.9028347,0.9385233,1.2965056,0.8776768,0.99606115,1.1110113,0.7212786,1.0583702,0.78402257,1.0125756,1.2903339,0.64537203,1.2944925,1.3180254,0.91364145,1.4391603,1.3505038,0.8932899,0.8213994,0.48280424,1.2625105,1.1360945,0.7986216,1.3262353,0.89616376,0.8819482,0.9801854,1.1816771,1.3925799,0.6709991
cracker,0.9421812,1.0694995,1.1315199,1.1264921,1.194096,0.9607141,0.92498416,1.0458254,1.0719945,1.0937002,1.1452255,0.94177043,1.0053774,1.1513652,1.0097862,1.0646288,1.029644,0.9194032,0.45388317,1.0836325,1.1404839,1.0267897,1.1185068,1.1476182,1.2219768,0.91756827,1.1076319,0.088326395,1.1569402,0.0,1.1197819,1.0231276,1.0727288,1.0631928,1.0622069,1.1072727,0.9974217,1.086093,0.92075765,1.1129156,1.1352726,1.1047189,1.0228605,1.0162846,1.0044411,1.0273516,0.8971914,1.1722755,1.1484499,0.9174366,1.1165597,1.0324571,1.1001478,1.131411,0.85324407,1.1461867,0.9657279,1.115345,1.0683736,0.75191325,1.012588,1.1424981,1.1067057,1.1000583,1.0725784,0.9703766,1.1609696,1.1645268,0.926758,1.1386182,1.0732632,0.96521497,0.7535845,0.9843366,0.707857,1.0259615,0.96362877,0.96187216,0.9273951,0.970732,1.0150895,1.1883074,0.8238608,1.1808126,1.0698811,0.97553635,1.1225157,1.0784234,1.0498958,0.96133673,1.1276752,1.0471437,1.0607116,1.0537208,1.0528682,0.87094945,1.0614719,0.9039341,1.1206691,0.9756408,0.89903784,0.9990265,1.0512043,1.1762781,1.1552985
crayon,1.4557211,0.3332619,1.3738024,0.9247158,0.71684575,1.3370602,0.7229093,1.2758183,1.5746026,0.47197938,1.4982421,1.0793426,1.442053,1.3800465,0.6301234,0.3619287,0.2773956,0.97318834,0.98512185,0.69204897,0.5310731,0.6535549,0.5616351,1.0310118,1.2613366,0.65307426,1.295255,1.1183912,1.4579966,1.1197819,0.0,1.5507624,0.30970454,1.2142013,0.9626212,1.0930135,1.3969969,1.4056213,0.6174993,1.0670965,0.47364295,0.6138922,1.0945455,0.8141483,0.7003728,0.9043484,1.3557429,0.38398993,0.7657873,1.1529543,1.2446437,1.1768007,0.41602838,1.1309583,1.1822438,1.4409697,0.66473746,1.5476172,0.58351505,1.2062888,1.212733,0.21375036,0.37581742,0.39310837,1.1749018,1.0303057,1.3100324,1.4091144,1.2247859,0.2788058,0.22191572,0.8235654,0.8810393,1.0303645,1.1470934,1.3411337,1.1615375,0.81928146,1.2535005,0.9832461,1.1266053,1.3275675,1.0627162,1.1588476,1.182268,0.69066304,1.4486192,0.39585733,0.42299074,1.1769661,0.36350727,0.44383496,1.1137133,1.2859011,1.5331402,0.87707144,0.7589101,1.226777,0.2546016,1.2346666,1.3442044,1.1538846,0.62156475,0.20703411,1.4215794
crib,0.66966367,1.4201467,0.74619055,1.1571516,1.1867318,0.7968037,0.9821389,0.5968154,0.20668018,1.2541984,0.36808455,1.0352188,0.61282516,0.5894394,1.2170646,1.3619328,1.4500858,0.9372859,1.1304569,1.1902626,1.1597615,1.2804158,1.353863,0.87288564,0.6897794,1.3253431,0.7234614,1.046606,0.6609411,1.0231276,1.5507624,0.0,1.4914408,0.9642934,1.259727,0.86496544,0.63202477,0.7785431,1.3758031,0.86769617,1.4159725,1.0777841,0.99563485,1.2791716,1.2132263,1.1491911,0.7787348,1.4497513,1.3540802,0.9106015,0.8712571,0.94696534,1.3674169,0.8918252,0.8587079,0.7814375,1.2538954,0.3397894,1.2141241,0.99012446,0.7882117,1.47662,1.4424245,1.4683567,0.9486284,0.9732647,0.8092245,0.81374013,0.83899623,1.4641206,1.4276304,1.2165421,1.243334,1.0838406,0.978608,0.7533032,0.95100147,1.1163079,0.8564079,1.0825946,0.9143777,0.78875065,0.9315451,1.0247357,0.8938625,1.1636236,0.5411036,1.5022779,1.3439482,0.9864481,1.4111762,1.4442434,0.9820064,0.87412214,0.55468047,1.1966019,1.4091598,0.7913647,1.4746664,0.86073864,0.8016392,0.94953066,1.301859,1.5043094,0.57721454
cup,1.3890686,0.27260792,1.4510992,0.97278476,0.8075705,1.3010107,0.68175113,1.1997916,1.5299076,0.55223274,1.5619793,1.0641562,1.3599842,1.4177761,0.62434405,0.19064045,0.19854945,0.8059716,1.0611497,0.38161975,0.42880404,0.5145683,0.8401513,1.1694487,1.1789435,0.44449282,1.2186352,1.0111308,1.4539975,1.0727288,0.30970454,1.4914408,0.0,1.2535446,0.93558204,0.9578681,1.3999591,1.3258774,0.50743073,1.2106841,0.91310966,0.7532468,0.9327139,0.9828484,0.7701958,0.8401408,1.2174292,0.7116748,0.9645258,0.98451227,1.4058785,1.39349,0.4436965,1.369163,0.85003346,1.4828691,0.70183223,1.462231,0.56128377,1.1985328,1.3558807,0.3920619,0.34121692,0.6808068,1.2287385,0.88162404,1.3993976,1.4556082,1.250555,0.45807076,0.38486177,0.78993374,1.007458,0.8633492,1.0990334,1.3466161,1.0490477,0.6748651,1.0033634,1.0810548,1.1121254,1.4427081,1.1385698,1.314101,1.2196908,0.5323163,1.3840268,0.6734774,0.30215144,1.1867263,0.40403843,0.5534395,1.1080673,1.303704,1.3726004,0.6746679,0.9739965,1.4008904,0.26896083,1.0853724,1.2454392,1.0580232,0.5471517,0.2948947,1.3870773
dog,0.964912,1.1664302,0.75030947,0.98813117,1.0614651,1.0714424,1.0882094,1.0878416,0.8176646,1.0950525,0.9328268,0.91831064,0.839892,0.97221917,1.2892039,1.1764444,1.2498872,1.1835049,0.9705174,1.2287056,1.2380956,1.2088557,1.0788096,0.78869337,1.10262,1.2064586,0.8223214,1.0776863,0.84527785,1.0631928,1.2142013,0.9642934,1.2535446,0.0,0.8824388,1.0302771,1.033528,0.81234616,1.2219456,0.5830816,1.0490257,1.080555,1.0374527,1.0013974,1.114189,1.0377171,0.99086785,0.92657936,1.0342356,1.0563143,0.41324067,0.98604774,1.1179421,0.70915866,1.1504551,0.78821576,1.1916981,0.9408113,1.1195827,0.96579456,0.96456355,1.0695862,1.203695,1.0086128,1.0294245,1.1360219,0.6933409,0.7316948,1.0361954,1.1918668,1.273849,1.179855,0.98807865,1.0834798,1.0681255,0.9140762,1.1158609,1.1762881,1.0133306,1.0860736,1.1515391,0.65538347,1.1161547,0.87559515,1.0448991,1.2186121,0.90860796,1.0619588,1.1674097,1.0340154,1.227828,1.1637253,1.1263838,0.67333436,0.9700058,1.1834376,0.9385516,0.97177595,1.164037,1.0565289,1.0901014,1.0072094,1.1715962,1.1409557,0.8748792
doll,1.1276357,1.016656,1.1254685,0.99534523,1.1051917,1.1489419,1.0057416,1.2402768,1.2179427,1.1786504,1.1280004,0.62364674,1.1809272,1.2143929,1.0205635,1.0145528,1.046319,0.9122074,1.0866452,0.71974564,1.0848713,0.83250964,0.98568904,1.2591548,0.96489733,0.99642515,1.1752036,1.0616006,0.98347217,1.0622069,0.9626212,1.259727,0.93558204,0.8824388,0.0,1.0004337,1.1025511,0.92109156,1.0124722,1.1816686,0.8641223,1.0926535,0.74323356,0.73840606,0.80754566,0.8418273,1.0942653,0.8714662,0.65180516,1.1872597,0.89304686,0.99999356,0.83738256,1.1210312,0.95098263,1.0357999,0.9445436,1.0678432,1.0267113,1.03025,0.89149266,0.91883075,0.8395917,0.83364576,1.0466381,0.98348486,0.9168968,1.0127208,1.0203558,1.0695244,1.0489143,0.6587212,0.91466033,0.8729502,1.1488991,1.2296011,0.692004,0.8513569,0.9170667,0.78700644,1.0656655,1.0297428,0.95272666,1.0070559,1.2632309,1.1506047,1.2327939,0.7597345,1.0234014,0.88906956,1.0146948,0.8861703,0.7561698,1.0320166,1.0610013,0.89025474,0.7266318,1.1886933,0.93155533,1.0671744,1.1009402,1.0660828,0.8749594,0.92017585,1.1978269
door,1.050662,1.1486205,1.0222288,1.1799899,0.99489915,1.172516,0.7433051,0.80233264,0.8657874,0.9642278,0.8333826,1.0190625,0.9027873,1.0172396,0.9161063,0.99083185,1.0832388,0.90404093,1.2078147,0.78950894,0.5502343,1.0152199,1.2201296,0.8565823,0.71078825,1.0014114,0.72813046,1.147316,0.9073334,1.1072727,1.0930135,0.86496544,0.9578681,1.0302771,1.0004337,0.0,0.700227,1.0910614,1.1153138,0.98207694,1.1642531,1.0863533,0.9901453,1.0307198,1.0807842,1.1361614,1.2112188,1.1651361,1.1130952,1.0853746,1.0657078,1.2728006,0.9890242,0.9079095,0.989708,1.0081294,0.7492819,0.76827085,0.82913834,1.2546753,1.1953025,1.1689882,0.8259548,0.98364305,1.1817526,0.2950353,1.1674471,0.92702526,0.83346283,0.9765399,0.9560748,1.0194057,1.2059859,1.0094187,1.2771254,1.0799416,0.8677262,0.7679999,0.41542828,0.9906929,1.111989,1.0706093,1.0259796,0.9162722,1.1576407,0.99978536,1.0621903,1.0699604,1.0868295,0.9952894,1.0508991,1.150488,0.75260544,1.1029344,0.90567183,1.1755083,1.0466123,1.1759183,0.7643303,1.0835977,1.2182604,0.9146068,0.50436157,1.094712,0.7453853
drawer,0.9466108,1.381563,0.89233106,1.1258423,1.0825948,0.9167614,0.99438584,0.79450256,0.5838616,1.187938,0.5082191,1.0433149,0.8096353,0.7491365,1.0063316,1.3348277,1.2744424,0.8261962,0.99101776,1.1661648,1.0971563,1.2423663,1.2213256,1.0174291,0.74869096,1.1832497,0.5751884,1.0374575,0.7645212,0.9974217,1.3969969,0.63202477,1.3999591,1.033528,1.1025511,0.700227,0.0,0.9484772,1.2716873,1.0325494,1.1837821,1.2124941,1.0493696,1.0471911,1.1083667,1.1443311,0.9145787,1.1886033,1.1678681,1.0211543,0.95733535,0.99339557,1.2596815,0.9666199,1.0221255,0.83227825,1.0726678,0.6644953,1.0712432,0.97528833,0.893068,1.3938043,1.2215276,1.1527067,0.9887948,0.734415,0.94805753,0.854386,0.78655815,1.2594469,1.258577,1.1881747,1.0193377,1.1302941,1.0003929,0.85600483,0.9166937,0.8803365,0.72994184,0.9138648,1.1074233,0.9876311,0.9888778,0.84823596,0.99320143,1.0771637,0.8027922,1.2355955,1.3571422,1.085788,1.3336285,1.2807101,0.8160926,1.0088292,0.6853349,1.0864528,1.1569226,1.0199382,1.3019056,0.91078424,0.94996744,1.0289562,1.1518667,1.2839537,0.7917254
