,zebra,giraffe,deer,pony,horse,pig,rooster,penguin,bird,duck,fish,butterfly,frog,alligator,owl,elephant,bear,cat,dog,face,hair,arm,hand,leg,foot,ankle,finger,toe,tooth,ear,nose,eye,mouth,stroller,motorcycle,tricycle,truck,car,lamp,chair,bench,drawer,ladder,window,door,closet,shower,refrigerator,oven,crib,bed,couch,table,bathtub,sink,boat,slide,hose,sprinkler,swing,grass,tree,snow,helicopter,firetruck,clock,ball,balloon,pumpkin,egg,orange,apple,potato,strawberry,hat,slipper,watch,nail,raisin,glasses,necklace,carrot,vacuum,broom,mop,stick,shovel,scissors,spoon,fork,knife,pencil,pen,crayon,plant,flower,soap,bottle,cup,can,belt,radio,basket,milk,jar,bucket,tape,bowl,plate,corn,pickle,banana,melon,bread,cookie,toast,cracker,sandwich,chips,pizza,hamburger,muffin,pastry,meat,pasta,sauce,soup,applesauce,glass,coffee,dish,tray,box,book,paper,rock,comb,toothbrush,gum,toy,doll,mitten,glove,sock,shoe,purse,pillow,towel,napkin,blanket,dress,pajamas,bib,scarf,coat,jacket,sweater,shirt,jeans,pants,shorts,cloud,game
zebra,0.0,0.5087578892707825,0.7210203409194946,0.5703434944152832,0.5433968305587769,0.6313367486000061,0.6052088141441345,0.7543987035751343,0.7141790986061096,0.9244105815887451,0.9931122660636902,0.7416025400161743,0.6866884231567383,0.5909239053726196,0.7457351088523865,0.6805541515350342,0.6992141008377075,0.8741955757141113,0.6055967211723328,0.9576390981674194,0.9871927499771118,0.858395516872406,0.9078037738800049,0.9555317759513855,0.8980492949485779,1.000469446182251,1.0490096807479858,1.0842597484588623,1.029536247253418,1.0468639135360718,1.0333728790283203,1.1023311614990234,1.0167752504348755,0.9401242136955261,0.9119402766227722,1.058827519416809,0.8527341485023499,0.9839565753936768,1.0729024410247803,1.0096410512924194,0.9618875980377197,1.132627248764038,0.9513882398605347,0.9702097773551941,1.0598297119140625,1.0477229356765747,0.8971226811408997,1.0354375839233398,1.0958443880081177,0.893504798412323,0.8479819297790527,0.9879226088523865,0.9102981090545654,0.9194735288619995,1.0853095054626465,0.8938408493995667,0.8466445803642273,0.9218189120292664,1.0518938302993774,0.8771396279335022,0.9500835537910461,0.8434903621673584,0.8709350824356079,0.9165393114089966,0.8424609899520874,1.0919475555419922,1.091812252998352,1.079859972000122,1.0702379941940308,1.1147549152374268,1.0665702819824219,1.0905170440673828,1.0799223184585571,1.0692992210388184,1.0778169631958008,1.10727858543396,1.1349915266036987,1.1563684940338135,1.129455804824829,1.1083018779754639,1.0865867137908936,1.1161773204803467,1.0306862592697144,1.027109980583191,1.0311955213546753,1.0447903871536255,1.0555192232131958,0.8439069390296936,1.0552278757095337,1.026079773902893,0.9803469181060791,1.1338144540786743,1.1257591247558594,1.1407805681228638,1.0275981426239014,1.0872200727462769,1.188656210899353,1.1526832580566406,1.1494998931884766,1.1148124933242798,1.0310556888580322,1.155165672302246,1.021141767501831,1.0095150470733643,1.0425180196762085,1.127160906791687,1.1187349557876587,1.1408950090408325,1.1049466133117676,,1.0519381761550903,1.011710286140442,0.9737030863761902,1.0342731475830078,1.0487498044967651,,0.9434108734130859,0.8987917900085449,,0.8245401382446289,0.9525951147079468,0.9263471364974976,0.980201244354248,0.9289411902427673,,,1.0785967111587524,1.02449369430542,0.947195291519165,1.0444817543029785,1.0153512954711914,0.9360422492027283,1.0153640508651733,0.8345587849617004,0.822117269039154,0.8765756487846375,0.9489011168479919,0.9136807918548584,1.0524095296859741,0.8962000012397766,0.732646644115448,0.8416945338249207,0.888796865940094,0.9029251337051392,0.8463464975357056,0.9587223529815674,1.0536308288574219,0.9775733351707458,1.0069050788879395,0.8356854319572449,0.8563238382339478,0.7789000272750854,0.7568658590316772,0.9035055041313171,0.9269906878471375,0.8545616269111633,0.8953907489776611,0.8950490951538086,0.8441397547721863,0.8535081148147583,0.9078651666641235,,
giraffe,0.5087578892707825,0.0,0.7341347932815552,0.6418702602386475,0.5841131806373596,0.7513923645019531,0.568983256816864,0.8278811573982239,0.7608828544616699,0.9345951080322266,0.9603497982025146,0.7493623495101929,0.6181125640869141,0.6069983243942261,0.7953099012374878,0.9340541362762451,0.8432033061981201,0.9627922773361206,0.6889587044715881,0.9950235486030579,1.0419082641601562,0.9695613384246826,1.0349198579788208,1.0254319906234741,1.0750823020935059,1.1630218029022217,1.1703102588653564,1.1921007633209229,1.0873847007751465,1.0820590257644653,1.0668545961380005,1.1184122562408447,1.0665230751037598,0.9932812452316284,0.9368755221366882,1.0913221836090088,0.7960450053215027,0.9244309663772583,1.055150032043457,1.0134456157684326,0.9964263439178467,1.104607105255127,0.9512004852294922,0.9139589071273804,1.0390679836273193,1.0345712900161743,0.9256255030632019,1.0241870880126953,1.0526177883148193,0.9436838030815125,0.9193001985549927,1.0316721200942993,0.9507465362548828,0.9258040189743042,1.0353213548660278,0.8599944710731506,0.8728004693984985,0.9401561617851257,1.0854697227478027,0.9073553085327148,0.960029661655426,0.7746070623397827,0.9158920049667358,0.8805463314056396,0.8216456174850464,1.0450438261032104,1.0737063884735107,1.0661945343017578,1.024587631225586,1.0750550031661987,1.0134179592132568,1.07124662399292,1.0394642353057861,1.0118509531021118,1.0986428260803223,1.1839581727981567,1.1918739080429077,1.1650760173797607,1.1195595264434814,1.1361273527145386,1.0898164510726929,1.0728899240493774,1.0217169523239136,1.031807541847229,1.018845796585083,0.984180748462677,1.0557379722595215,0.854806125164032,1.0372917652130127,1.0841593742370605,1.0103135108947754,1.137276291847229,1.1432042121887207,1.1409189701080322,0.934238076210022,1.0727455615997314,1.0820529460906982,1.140133261680603,1.1201075315475464,1.0791587829589844,1.0513355731964111,1.1056336164474487,0.9746126532554626,0.9690923690795898,1.0420924425125122,1.0861366987228394,1.059738278388977,1.095054030418396,1.0397131443023682,,1.0119448900222778,0.9732053279876709,0.9570523500442505,1.0256574153900146,0.8725766539573669,,0.9247078895568848,0.9492965340614319,,0.7916194200515747,0.9563322067260742,0.9159930944442749,0.884504497051239,0.9390345811843872,,,0.9902451634407043,1.030458688735962,0.9095650911331177,1.0687894821166992,0.9532614350318909,0.897991418838501,0.9725761413574219,0.8220240473747253,0.802995502948761,0.9872311353683472,0.9483029842376709,0.9889292120933533,1.0922402143478394,0.9172646999359131,0.7735661268234253,0.9969475269317627,1.1113708019256592,1.0880420207977295,1.0178147554397583,1.010838508605957,1.1039682626724243,1.0688831806182861,1.0798310041427612,0.9337751269340515,0.940922200679779,0.9813843965530396,0.8922418355941772,0.9491643905639648,1.0624573230743408,0.964775562286377,0.9895535707473755,1.0034127235412598,1.0027663707733154,0.988524317741394,1.029101848602295,,
deer,0.7210203409194946,0.7341347932815552,0.0,0.27414679527282715,0.27088797092437744,0.4992806315422058,0.44013553857803345,0.677915096282959,0.5684658885002136,0.911048412322998,0.8465746641159058,0.5758041143417358,0.6211735010147095,0.8441200256347656,0.8878777027130127,1.1242302656173706,1.0500836372375488,1.1352910995483398,0.588383138179779,1.112880825996399,1.1241445541381836,1.1991783380508423,1.1686899662017822,1.2066295146942139,1.0861645936965942,1.0665110349655151,1.1109516620635986,1.079261302947998,1.0144511461257935,1.0028852224349976,1.0434507131576538,1.0333855152130127,1.053222417831421,0.967583417892456,0.8644436597824097,0.9409628510475159,0.8189975619316101,0.9474483728408813,0.9567908644676208,1.0202312469482422,1.1220760345458984,1.122823715209961,1.0211900472640991,1.0675252676010132,1.0733160972595215,1.089185118675232,1.0832184553146362,1.0605603456497192,1.0496076345443726,1.0471608638763428,1.0964417457580566,1.0737453699111938,1.1101696491241455,1.122186303138733,1.071659803390503,0.9866721034049988,1.0390397310256958,1.048492670059204,0.9439748525619507,0.9900091290473938,1.0948866605758667,0.9643511176109314,1.109541654586792,0.8044244647026062,0.8790623545646667,0.9556112289428711,0.9638392329216003,0.992356538772583,0.9493459463119507,0.9841012358665466,0.9524418711662292,0.9476503133773804,0.9330835938453674,0.9287663698196411,0.977230966091156,0.9996671080589294,1.010054588317871,1.0224084854125977,0.9614201784133911,0.9710392951965332,0.9748002886772156,1.0873039960861206,1.0027885437011719,0.9595601558685303,1.0295846462249756,1.0013749599456787,1.0668009519577026,0.9781096577644348,0.9626410603523254,0.9998155236244202,1.1283977031707764,1.0034704208374023,1.0136154890060425,1.020865797996521,0.9728422164916992,0.9104668498039246,1.024344801902771,0.989865779876709,1.0104408264160156,1.0223084688186646,1.073123812675476,0.9640426635742188,1.069614291191101,0.9384641051292419,0.9652460217475891,1.0542782545089722,0.9951860904693604,1.0350722074508667,1.0267659425735474,,1.0337247848510742,1.09207022190094,1.0741183757781982,0.9533165097236633,1.0043587684631348,,1.146222472190857,1.0476402044296265,,1.0126038789749146,0.9731560349464417,0.9586683511734009,0.968998372554779,1.0917953252792358,,,1.0365698337554932,1.0315483808517456,1.1086161136627197,1.0749444961547852,1.0046137571334839,1.0541421175003052,1.075578212738037,0.9788931608200073,1.0489774942398071,1.1562426090240479,1.130660057067871,1.14920973777771,1.0914857387542725,0.9297733306884766,0.7993929386138916,1.1545519828796387,1.1139450073242188,1.11627197265625,1.0440553426742554,1.0639019012451172,1.0424741506576538,1.000702977180481,1.0006135702133179,1.1533840894699097,1.0041484832763672,1.1834087371826172,1.1147345304489136,1.073336124420166,1.0830389261245728,1.1091928482055664,1.0961642265319824,1.1042567491531372,1.1859784126281738,1.1429710388183594,1.0478546619415283,,
pony,0.5703434944152832,0.6418702602386475,0.27414679527282715,0.0,0.10191357135772705,0.2620816230773926,0.3257023096084595,0.5562078952789307,0.48979008197784424,0.7601767778396606,0.8319904208183289,0.5709484815597534,0.4743964672088623,0.7097325325012207,0.8292440176010132,1.1066198348999023,0.967424213886261,1.144377589225769,0.37951815128326416,1.138187289237976,1.150956153869629,1.1982126235961914,1.166230320930481,1.1347026824951172,1.0078661441802979,1.0166070461273193,1.0788605213165283,1.0476661920547485,0.9761689901351929,1.0268431901931763,1.029462218284607,1.0647480487823486,1.0558868646621704,0.9463663101196289,0.8347046971321106,0.987623393535614,0.7807132601737976,0.9225984215736389,0.9846762418746948,1.0262107849121094,1.1176400184631348,1.1226316690444946,1.0296430587768555,1.095618724822998,1.1189653873443604,1.1280111074447632,1.0974663496017456,1.102950096130371,1.0921295881271362,1.046764850616455,1.0953714847564697,1.0686718225479126,1.1022725105285645,1.1065698862075806,1.089378833770752,0.9356964826583862,1.0166077613830566,1.0349152088165283,0.9758104085922241,0.9509116411209106,1.0923091173171997,0.9877455234527588,1.1303858757019043,0.8030548095703125,0.8261169195175171,0.9634154438972473,0.9511550664901733,0.9649182558059692,0.9465413689613342,0.9562334418296814,0.9381747245788574,0.9195701479911804,1.0134140253067017,0.8994070291519165,0.9674406051635742,0.9393366575241089,1.0082619190216064,1.0067615509033203,0.9592534899711609,0.9754500389099121,1.0034449100494385,1.090459942817688,1.0492281913757324,1.0058749914169312,1.018782615661621,1.045905351638794,1.1162967681884766,0.9348076581954956,0.9747845530509949,1.0524420738220215,1.1562285423278809,1.008292317390442,1.0136884450912476,0.9651811122894287,1.0147535800933838,0.9016243815422058,0.9958944916725159,0.9897847771644592,0.9779587984085083,1.039116621017456,1.0539767742156982,0.9654313325881958,1.0651735067367554,0.9509237408638,0.9829401969909668,1.037935733795166,0.9518417119979858,1.0086697340011597,1.0041699409484863,,0.9780544638633728,1.0240272283554077,1.0502147674560547,0.9801188707351685,0.9166108965873718,,1.0881133079528809,1.0756949186325073,,0.9853928089141846,0.9552916288375854,0.9600460529327393,0.9112985134124756,1.1082864999771118,,,1.0170491933822632,1.033430814743042,1.1449944972991943,1.0774753093719482,0.9790788292884827,1.0607434511184692,1.0527515411376953,0.9136411547660828,1.0105842351913452,1.110493779182434,1.1785969734191895,1.1386007070541382,1.046425700187683,0.817861020565033,0.7022455930709839,1.0637397766113281,1.000072717666626,1.0287485122680664,0.9869150519371033,1.0975182056427002,1.0065691471099854,0.9700888395309448,0.9622131586074829,1.1504976749420166,1.0040042400360107,1.1843687295913696,1.114965796470642,1.1376298666000366,1.117837905883789,1.121342420578003,1.1232960224151611,1.1442316770553589,1.1915242671966553,1.160915732383728,1.056018352508545,,
horse,0.5433968305587769,0.5841131806373596,0.27088797092437744,0.10191357135772705,0.0,0.3797135353088379,0.28937703371047974,0.6335829496383667,0.4642278552055359,0.8555068969726562,0.8295032978057861,0.49093157052993774,0.48023223876953125,0.6747175455093384,0.7997686862945557,1.0299190282821655,0.92399001121521,1.0565898418426514,0.4280509948730469,1.0761603116989136,1.090438961982727,1.147667407989502,1.1565783023834229,1.1809982061386108,1.0626696348190308,1.0672950744628906,1.1078517436981201,1.095028042793274,0.9972803592681885,1.0359405279159546,1.038962960243225,1.0635031461715698,1.0512351989746094,0.9562896490097046,0.8338371515274048,0.9684476852416992,0.7359314560890198,0.9207419157028198,0.9730433821678162,1.024709939956665,1.0990633964538574,1.1357403993606567,0.9820533394813538,1.0245438814163208,1.0816055536270142,1.0824693441390991,1.0374925136566162,1.087509274482727,1.0936273336410522,1.0145553350448608,1.0384998321533203,1.033799409866333,1.0901862382888794,1.0939549207687378,1.1175827980041504,0.9199193716049194,1.0072869062423706,1.0506713390350342,1.0010420083999634,0.9469926953315735,1.037563443183899,0.9228712916374207,1.0798226594924927,0.7754680514335632,0.8032470941543579,0.9845044612884521,0.9873210191726685,0.9992985725402832,0.9690430760383606,0.9923568964004517,0.938264012336731,0.950628399848938,0.9984716773033142,0.9058842658996582,0.9759824872016907,1.0257916450500488,1.055154800415039,1.0468391180038452,1.010448694229126,0.9717498421669006,1.0174987316131592,1.092987060546875,1.0315797328948975,0.9797403812408447,1.029727578163147,1.0161545276641846,1.0975723266601562,0.9369809031486511,1.0110243558883667,1.0261646509170532,1.1245861053466797,1.0491633415222168,1.0305317640304565,1.0198729038238525,0.9809126257896423,0.9099797606468201,1.0623589754104614,1.0278126001358032,1.0460540056228638,1.0889410972595215,1.0483243465423584,1.0294849872589111,1.0967026948928833,0.9779558777809143,1.0090065002441406,1.1099320650100708,1.030863642692566,1.0906212329864502,1.0775175094604492,,1.0204908847808838,1.0705466270446777,1.0571430921554565,0.985085129737854,0.9460365176200867,,1.0872515439987183,1.0423370599746704,,0.9440678954124451,0.9843864440917969,0.9406028985977173,0.9548168778419495,1.0848283767700195,,,1.0340077877044678,1.0452905893325806,1.1074588298797607,1.0923844575881958,1.0097341537475586,1.0752116441726685,1.0784831047058105,0.9300970435142517,0.9870235919952393,1.1161736249923706,1.1408110857009888,1.144253134727478,1.1099518537521362,0.8976538777351379,0.7256996035575867,1.109993577003479,1.0687276124954224,1.0865263938903809,1.0377780199050903,1.0787370204925537,1.0477674007415771,1.0019780397415161,1.0039640665054321,1.1082708835601807,0.9481703042984009,1.1497156620025635,1.0975648164749146,1.0657950639724731,1.0495798587799072,1.0664671659469604,1.079837441444397,1.0999042987823486,1.1630642414093018,1.146011233329773,1.0853803157806396,,
pig,0.6313367486000061,0.7513923645019531,0.4992806315422058,0.2620816230773926,0.3797135353088379,0.0,0.4283616542816162,0.5744338035583496,0.5811793804168701,0.7346635460853577,0.8752146363258362,0.6846753358840942,0.5257490873336792,0.6287777423858643,0.7209174633026123,0.9459128975868225,0.7554054260253906,1.008166790008545,0.36927080154418945,1.058068037033081,1.0864903926849365,1.0819607973098755,1.1094388961791992,1.0387282371520996,0.9455868005752563,0.9624605178833008,1.0606716871261597,0.9945456385612488,0.9798258543014526,1.014668345451355,0.9984404444694519,1.0679755210876465,1.045471429824829,0.9770228266716003,0.8972644805908203,1.0285085439682007,0.8091391921043396,0.9223042726516724,1.0774120092391968,1.0405449867248535,1.0770131349563599,1.128971815109253,1.022428035736084,1.1000947952270508,1.1128671169281006,1.1129497289657593,1.0406442880630493,1.0553032159805298,1.072829246520996,0.9998468160629272,1.0302095413208008,1.046999216079712,1.061556100845337,1.0526982545852661,1.0884850025177002,0.9540011882781982,0.9769070744514465,1.0479825735092163,0.9917036294937134,0.9506053924560547,1.0333820581436157,0.9432149529457092,1.052474856376648,0.8600950837135315,0.8259866237640381,1.0714001655578613,0.954409658908844,0.9370941519737244,0.8680992126464844,0.9211312532424927,0.885892391204834,0.93504798412323,0.9736603498458862,0.9147015810012817,0.9859710335731506,0.9963274002075195,1.0568269491195679,0.9938984513282776,0.9497662782669067,1.0343645811080933,1.0362616777420044,1.0056211948394775,1.0855517387390137,1.046695351600647,1.0097651481628418,1.008420705795288,1.1179208755493164,0.9631685018539429,1.024370789527893,1.0985946655273438,1.1691926717758179,1.1188219785690308,1.1282719373703003,1.0723705291748047,1.0504982471466064,1.0428398847579956,1.072545051574707,1.092763900756836,1.069663643836975,1.053234338760376,1.065773844718933,1.0002081394195557,1.047645092010498,0.9641790390014648,1.0286903381347656,1.0690555572509766,1.0189921855926514,1.046142578125,1.0476897954940796,,0.9965694546699524,0.9947962164878845,0.9595655202865601,0.8520640730857849,0.8947811126708984,,0.997397243976593,0.986025869846344,,0.9617725610733032,0.902446985244751,0.806541919708252,0.7963379621505737,0.9870470762252808,,,1.038029432296753,1.0307650566101074,1.0683486461639404,1.0811083316802979,0.9778015613555908,1.055251955986023,1.0386252403259277,0.9275439977645874,0.9705151915550232,0.9291426539421082,1.0666844844818115,1.074696660041809,1.02540123462677,0.8395436406135559,0.7011045813560486,0.8511593341827393,0.8892636895179749,0.9472441673278809,0.956587553024292,1.1218583583831787,1.01883065700531,0.9641207456588745,0.9691910743713379,1.0551490783691406,0.9867206811904907,1.063726544380188,0.9786749482154846,1.104988932609558,1.0527527332305908,1.0052173137664795,1.0272469520568848,1.0397250652313232,1.085151195526123,1.071589708328247,1.0130873918533325,,
rooster,0.6052088141441345,0.568983256816864,0.44013553857803345,0.3257023096084595,0.28937703371047974,0.4283616542816162,0.0,0.566898763179779,0.34719711542129517,0.8114169836044312,0.7904773354530334,0.3417183756828308,0.26970529556274414,0.4793247580528259,0.6528174877166748,1.0871134996414185,0.8671769499778748,1.1113038063049316,0.3512333035469055,1.1184642314910889,1.1261742115020752,1.1543138027191162,1.1270947456359863,1.1321120262145996,1.008826494216919,1.0882381200790405,1.1203911304473877,1.1135398149490356,1.056241512298584,1.0868268013000488,1.0837130546569824,1.111437439918518,1.1051623821258545,0.9048789143562317,0.7647640705108643,0.9422219395637512,0.7486950755119324,0.8815396428108215,0.9346752762794495,1.0131211280822754,1.080678105354309,1.1158002614974976,0.9591164588928223,1.0215860605239868,1.0650423765182495,1.0563340187072754,0.9760926365852356,1.0679848194122314,1.0962328910827637,0.9422664642333984,1.0107901096343994,1.0558035373687744,1.0470960140228271,1.0643775463104248,1.1288723945617676,0.916280210018158,0.9764102697372437,1.013597011566162,0.9305425882339478,0.9390965104103088,1.070548415184021,0.8948469161987305,1.067605972290039,0.7670471668243408,0.795222282409668,1.0016857385635376,1.0188007354736328,1.0147942304611206,0.9639749526977539,1.0298281908035278,0.9509477019309998,0.9912420511245728,1.0521482229232788,0.8570466041564941,0.9434820413589478,1.0276087522506714,1.098108172416687,1.0925289392471313,1.0017048120498657,1.0385339260101318,1.0980652570724487,1.0848798751831055,0.9712091684341431,0.9251519441604614,0.970727801322937,0.9760851860046387,1.0442397594451904,0.8469651937484741,0.9603722095489502,1.031187653541565,1.102541446685791,1.0609097480773926,1.0494410991668701,1.0108076333999634,0.9225256443023682,0.9153733849525452,1.0691280364990234,1.03001070022583,1.0702828168869019,1.070148229598999,1.0976144075393677,1.0128105878829956,1.0397428274154663,0.9406505227088928,0.9991454482078552,1.0845482349395752,1.0510064363479614,1.0691994428634644,1.0149147510528564,,1.0545485019683838,1.0492610931396484,1.04632568359375,0.9439080953598022,0.9255069494247437,,1.010411262512207,1.0098336935043335,,0.9057966470718384,0.9081264138221741,0.7772952914237976,0.8320537805557251,1.0202491283416748,,,1.0295785665512085,1.0372350215911865,1.0754597187042236,1.1009197235107422,0.9531082510948181,1.0095796585083008,0.997089147567749,0.7987510561943054,0.8766851425170898,1.0951366424560547,1.1189782619476318,1.0918710231781006,1.0391398668289185,0.7778304815292358,0.5542336106300354,0.9869130849838257,0.9907183647155762,1.0344094038009644,0.9489578008651733,1.0251798629760742,1.076407790184021,0.9751893877983093,0.9863846898078918,1.09170663356781,0.9933496713638306,1.1326781511306763,1.049857258796692,1.0988725423812866,1.0947860479354858,1.0771739482879639,1.1006630659103394,1.1387377977371216,1.1455161571502686,1.1206716299057007,1.1182531118392944,,
penguin,0.7543987035751343,0.8278811573982239,0.677915096282959,0.5562078952789307,0.6335829496383667,0.5744338035583496,0.566898763179779,0.0,0.42612940073013306,0.49119865894317627,0.9288650155067444,0.7595301866531372,0.5783766508102417,0.6548981666564941,0.7919880151748657,1.0132570266723633,0.8236100673675537,0.9713947772979736,0.49907445907592773,1.0874099731445312,1.0778353214263916,1.076314091682434,1.0481990575790405,1.0265345573425293,0.8690557479858398,0.8990160226821899,1.0731794834136963,1.042890191078186,1.0404027700424194,1.0522533655166626,1.1093515157699585,1.1147525310516357,1.116394281387329,0.9160946607589722,0.8024377226829529,0.9769487380981445,0.9012250304222107,0.9683970212936401,1.0674763917922974,1.0073587894439697,1.041045904159546,1.126528024673462,1.028657078742981,1.0830841064453125,1.0648095607757568,1.0618456602096558,1.0240846872329712,1.037734866142273,1.0596364736557007,0.9856142401695251,1.0141961574554443,1.0395622253417969,1.0114542245864868,0.998360276222229,1.0683966875076294,0.9383464455604553,0.9856522083282471,1.0153199434280396,0.8868463039398193,0.9664758443832397,1.0897269248962402,0.9912739992141724,1.0357160568237305,0.9040403366088867,0.8857786655426025,1.0553840398788452,0.9972103834152222,0.9799565672874451,0.9518657326698303,0.9971717000007629,1.0082179307937622,0.9957088232040405,0.9840332865715027,1.013246774673462,0.9313564300537109,0.9754667282104492,1.0814412832260132,1.107313871383667,1.032380223274231,1.1229315996170044,1.0991630554199219,1.077265977859497,0.989294707775116,0.9820374250411987,0.9854849576950073,1.083371877670288,1.0319422483444214,0.8930782079696655,0.9857640862464905,1.0834604501724243,1.0153162479400635,1.106379747390747,1.1149389743804932,1.1000034809112549,1.0388120412826538,1.056618332862854,1.0911452770233154,1.009085774421692,1.0627692937850952,1.0059151649475098,1.044325351715088,1.0401803255081177,0.9832668900489807,0.8796920776367188,0.9760257005691528,1.006609559059143,1.0300039052963257,1.0309120416641235,1.04422128200531,,1.0006574392318726,0.9627203345298767,0.9732834100723267,0.9644476175308228,0.9307421445846558,,0.9714114665985107,0.9942959547042847,,0.9511613845825195,0.9728535413742065,0.9457979202270508,0.7539538145065308,0.9737075567245483,,,1.0552501678466797,0.9988307356834412,1.0588209629058838,1.0585989952087402,1.0081590414047241,0.9702015519142151,1.0168061256408691,0.9134612679481506,0.9227216839790344,0.9705641865730286,1.018309473991394,1.0051984786987305,1.0414115190505981,0.8214905261993408,0.7509372234344482,0.8443163633346558,0.8374754190444946,0.8821067810058594,0.8354178667068481,0.9148569107055664,0.9927150011062622,0.9944137930870056,0.9874388575553894,1.0110877752304077,0.9704828262329102,1.0392907857894897,0.9669444561004639,1.045267105102539,1.0346331596374512,1.0172545909881592,1.0411581993103027,1.0672624111175537,1.020290732383728,1.0063612461090088,1.018075704574585,,
bird,0.7141790986061096,0.7608828544616699,0.5684658885002136,0.48979008197784424,0.4642278552055359,0.5811793804168701,0.34719711542129517,0.42612940073013306,0.0,0.6789552569389343,0.7127521634101868,0.3649963140487671,0.4784643054008484,0.6431899666786194,0.7360727787017822,1.025445580482483,0.8554307818412781,0.9836858510971069,0.4944862127304077,1.0749353170394897,1.07339608669281,1.1573679447174072,1.1661880016326904,1.132769227027893,0.9794843196868896,1.0538159608840942,1.144299030303955,1.0873944759368896,0.980204701423645,1.0646905899047852,1.053425669670105,1.0275201797485352,1.0759177207946777,0.9162333011627197,0.7147340774536133,0.9259592294692993,0.8157128095626831,0.8604090213775635,0.8668090105056763,1.0386838912963867,1.1214807033538818,1.0971139669418335,0.9651567935943604,1.0098676681518555,1.07142174243927,1.107964038848877,0.9780052304267883,1.0485601425170898,1.0645710229873657,1.017057180404663,1.0871233940124512,1.099987506866455,1.132622241973877,1.0976676940917969,1.1426048278808594,0.9665676355361938,1.0362411737442017,1.0019822120666504,0.8202791213989258,0.980807363986969,1.000788688659668,0.8955417275428772,1.0310959815979004,0.7435057163238525,0.8441789150238037,0.9426511526107788,1.0172704458236694,0.980556070804596,1.0318734645843506,1.020164132118225,0.9608309268951416,1.0001872777938843,1.031098484992981,0.9295987486839294,0.8706352710723877,0.9769703149795532,1.006108283996582,1.0534610748291016,0.9117430448532104,0.9704299569129944,1.084704041481018,1.0471569299697876,0.9105029702186584,0.8669506907463074,0.9538741707801819,0.921995222568512,0.9541496634483337,0.9018974900245667,0.9020273685455322,0.8821589946746826,0.9859681129455566,0.9204322695732117,0.8976274728775024,0.9159927368164062,0.9575966000556946,0.864677906036377,1.014836311340332,0.9105284214019775,1.0320360660552979,1.0512841939926147,0.9892398715019226,1.0619113445281982,1.1294455528259277,0.9296975135803223,1.0200055837631226,1.0736035108566284,1.0594669580459595,1.090345025062561,1.0602965354919434,,1.080881118774414,1.086466670036316,1.070722222328186,0.9377549290657043,0.9768027067184448,,0.9932791590690613,1.035707712173462,,0.9260711669921875,0.9675512909889221,0.8295111656188965,0.8255220055580139,1.020205020904541,,,1.0507209300994873,1.1118268966674805,1.065486192703247,1.128516674041748,1.022635579109192,1.1049524545669556,1.0903446674346924,0.9541584253311157,0.993949830532074,1.0230058431625366,1.0637388229370117,1.0603978633880615,1.0555611848831177,0.9066020250320435,0.7468174695968628,1.0060818195343018,0.9500738978385925,1.0181251764297485,0.9749574661254883,1.0489698648452759,1.0581893920898438,0.9828956127166748,0.9806219339370728,1.1266766786575317,0.9694316983222961,1.1345224380493164,1.105849027633667,1.0530176162719727,0.9820948243141174,1.0690165758132935,1.064153790473938,1.0853257179260254,1.119860053062439,1.0742363929748535,1.0804604291915894,,
duck,0.9244105815887451,0.9345951080322266,0.911048412322998,0.7601767778396606,0.8555068969726562,0.7346635460853577,0.8114169836044312,0.49119865894317627,0.6789552569389343,0.0,0.8894097805023193,0.9085910320281982,0.804823637008667,0.8972299695014954,0.9471314549446106,1.093864917755127,0.9905838370323181,1.0925029516220093,0.8164355754852295,1.1385290622711182,1.1513636112213135,1.1501399278640747,1.0999062061309814,0.9349602460861206,0.9292245507240295,0.96964430809021,0.9894735217094421,0.9220888614654541,0.935894250869751,0.9998040795326233,1.0123112201690674,1.0508906841278076,1.0220820903778076,1.0125994682312012,0.9407374858856201,1.0663576126098633,0.9421192407608032,0.9650992751121521,1.002369999885559,1.0390098094940186,1.049156665802002,1.051969051361084,1.0616674423217773,1.0925827026367188,1.0746757984161377,1.078241229057312,1.0206279754638672,1.0648351907730103,1.0712507963180542,1.0344102382659912,1.0546064376831055,1.0407450199127197,1.0322061777114868,1.0108872652053833,0.9968584179878235,0.9361821413040161,1.0201913118362427,1.0172994136810303,0.8880035877227783,0.9617741107940674,1.0526423454284668,1.0332573652267456,1.0475176572799683,0.9016532897949219,0.925979733467102,0.9989338517189026,0.9101056456565857,0.9122244119644165,0.890601396560669,0.838871955871582,0.8733799457550049,0.9352824687957764,0.994889497756958,0.9430512189865112,0.992658793926239,0.8750097751617432,0.9963127374649048,0.9380894303321838,1.0220199823379517,1.066931128501892,1.0452160835266113,0.9468316435813904,1.036622166633606,1.0289446115493774,0.9357320070266724,1.1546722650527954,1.0090961456298828,0.937894880771637,0.8822197318077087,1.0308688879013062,1.0760995149612427,0.9895881414413452,1.00566828250885,0.9191460609436035,1.0602052211761475,0.9917205572128296,0.8870765566825867,0.915065348148346,0.9066786170005798,0.9954580068588257,1.045335054397583,0.998358964920044,0.9708373546600342,0.857792317867279,0.9861669540405273,0.9460542798042297,0.8983126878738403,0.9088355302810669,0.9078596830368042,,0.9561958909034729,0.944053590297699,0.985914409160614,0.9222228527069092,0.8624356389045715,,1.0007625818252563,1.0542385578155518,,1.0817939043045044,0.9397140145301819,0.9698390364646912,0.7668576240539551,1.0426456928253174,,,1.0295416116714478,0.9785897135734558,1.0880358219146729,1.0227110385894775,1.006771206855774,0.9956244230270386,1.032968521118164,1.0020934343338013,1.0462760925292969,0.9912145137786865,1.1162841320037842,1.0177732706069946,0.9702968597412109,0.8004114627838135,0.9042935371398926,0.9545986652374268,0.9460075497627258,0.9382739067077637,0.9065775871276855,1.086059331893921,0.9345099925994873,0.9583138227462769,0.9414653778076172,1.0897988080978394,1.0747076272964478,1.100733995437622,1.0922547578811646,1.1672471761703491,1.080318808555603,1.0996322631835938,1.1012152433395386,1.1304343938827515,1.0950380563735962,1.0893919467926025,1.0955474376678467,,
fish,0.9931122660636902,0.9603497982025146,0.8465746641159058,0.8319904208183289,0.8295032978057861,0.8752146363258362,0.7904773354530334,0.9288650155067444,0.7127521634101868,0.8894097805023193,0.0,0.6330965161323547,0.7307763695716858,1.0687483549118042,0.965549647808075,1.183659553527832,1.1080617904663086,1.0771677494049072,0.9934923052787781,1.1682920455932617,1.1392011642456055,1.3170522451400757,1.1305192708969116,1.1299474239349365,1.0264207124710083,0.861423134803772,0.8548060655593872,0.6701531410217285,0.7825702428817749,0.8813773393630981,0.8820356130599976,0.7953446507453918,0.9840688705444336,1.1621474027633667,1.023781657218933,1.111694097518921,0.9880250692367554,0.9498181343078613,0.894471287727356,1.2262351512908936,1.3293492794036865,1.1151560544967651,1.2495853900909424,1.12697172164917,1.2450568675994873,1.272456407546997,1.1745632886886597,1.262209415435791,1.2300262451171875,1.2539085149765015,1.3078254461288452,1.2188996076583862,1.3254214525222778,1.2790889739990234,1.0829330682754517,1.0450756549835205,1.214892029762268,1.2088698148727417,1.0374433994293213,1.1189905405044556,1.0780270099639893,1.0226025581359863,1.2024800777435303,0.9411308765411377,1.0189859867095947,0.8629860877990723,0.7682989239692688,0.7265758514404297,0.8575444221496582,0.6481292247772217,0.622911810874939,0.660835325717926,0.6782969236373901,0.6711755394935608,0.7811833620071411,0.6402957439422607,0.5501095652580261,0.5481001138687134,0.661243200302124,0.5652809739112854,0.6991658210754395,0.7651079297065735,1.2304495573043823,1.1204323768615723,1.1228606700897217,0.9594468474388123,1.1270047426223755,1.154175043106079,0.7951542139053345,0.6878695487976074,1.111771583557129,0.6365313529968262,0.6065964102745056,0.5162285566329956,1.057069182395935,0.6754896640777588,0.5823355913162231,0.7044591307640076,0.6608638763427734,1.0643724203109741,0.6251450777053833,0.9348716139793396,1.2040027379989624,1.0891509056091309,1.0456537008285522,0.9478610157966614,0.8339449167251587,0.8722996711730957,0.7304809093475342,,0.9690141081809998,1.0153822898864746,1.0005525350570679,0.7650988698005676,0.9865851402282715,,1.0246413946151733,1.1441370248794556,,0.9986301064491272,0.89553302526474,0.9001301527023315,0.9493879079818726,1.2195720672607422,,,0.7976411581039429,0.9935019016265869,1.1861748695373535,1.1507903337478638,1.0356546640396118,1.2534537315368652,1.2212131023406982,1.0967011451721191,1.2383396625518799,1.1684467792510986,1.2126235961914062,1.2185981273651123,0.869693398475647,0.9866849780082703,1.0063011646270752,1.1557589769363403,0.9693041443824768,1.060659408569336,1.1045358180999756,1.2822959423065186,0.8660567998886108,0.9334466457366943,0.8815754055976868,1.2888503074645996,1.2438889741897583,1.309518814086914,1.2037330865859985,1.2271692752838135,1.1944175958633423,1.3128323554992676,1.2733066082000732,1.2496914863586426,1.2798776626586914,1.2555382251739502,1.0813733339309692,,
butterfly,0.7416025400161743,0.7493623495101929,0.5758041143417358,0.5709484815597534,0.49093157052993774,0.6846753358840942,0.3417183756828308,0.7595301866531372,0.3649963140487671,0.9085910320281982,0.6330965161323547,0.0,0.45714616775512695,0.7673468589782715,0.785435676574707,1.15945303440094,1.006731390953064,1.1467556953430176,0.6935813426971436,1.1168941259384155,1.1230515241622925,1.2265756130218506,1.161446452140808,1.1886392831802368,1.0277190208435059,1.0088666677474976,1.0807987451553345,1.0593371391296387,1.0011415481567383,1.0853350162506104,1.0543856620788574,1.0399888753890991,1.0819905996322632,1.029062032699585,0.875217080116272,1.001605749130249,0.7841848134994507,0.9727012515068054,0.9139318466186523,1.119768738746643,1.1932063102722168,1.115753173828125,1.0687031745910645,1.0694220066070557,1.1342475414276123,1.1242140531539917,1.1033551692962646,1.1138581037521362,1.101783037185669,1.0927646160125732,1.1436783075332642,1.124916911125183,1.1488149166107178,1.192106008529663,1.1463441848754883,0.9985253810882568,1.08760404586792,1.090086579322815,0.968089759349823,1.0350638628005981,1.058044195175171,0.9184746742248535,1.1262102127075195,0.7584659457206726,0.8143315315246582,0.9149960279464722,0.9596648216247559,0.9747079014778137,0.9424606561660767,0.9342942237854004,0.8164680004119873,0.8808186054229736,0.9676703214645386,0.7894061803817749,0.850749135017395,0.9456362724304199,0.9155005812644958,0.9738004803657532,0.869123101234436,0.8841480612754822,0.9867509603500366,1.0509235858917236,1.0483218431472778,0.9647998809814453,1.0523035526275635,0.9751823544502258,1.0548523664474487,0.9424724578857422,0.9361364245414734,0.9177619218826294,1.0847084522247314,0.8795773983001709,0.8558719754219055,0.8293343186378479,0.9853636026382446,0.7786738872528076,0.9628905057907104,0.8912683725357056,0.9375041127204895,1.0960173606872559,0.9797911643981934,1.0094324350357056,1.1451749801635742,0.9596267938613892,0.9526186585426331,1.0773571729660034,0.9854822754859924,1.0285582542419434,0.9576672911643982,,1.0343338251113892,1.058031439781189,1.0453805923461914,0.8683454990386963,0.9839349985122681,,1.0646579265594482,1.0400413274765015,,0.9291077256202698,0.8929500579833984,0.829852819442749,0.9202117323875427,1.1147764921188354,,,1.0294089317321777,1.0720165967941284,1.1732292175292969,1.111006498336792,1.006104588508606,1.1074473857879639,1.084488868713379,0.9128988981246948,1.0024091005325317,1.1779104471206665,1.1350821256637573,1.173811674118042,1.0577799081802368,0.9078000783920288,0.772168755531311,1.1158816814422607,1.029943823814392,1.0317134857177734,0.9938858151435852,1.0835882425308228,1.0611481666564941,1.016190528869629,1.0144774913787842,1.17985200881958,1.1071195602416992,1.2314823865890503,1.1387240886688232,1.1046279668807983,1.1406362056732178,1.1460626125335693,1.1622365713119507,1.1788647174835205,1.2460867166519165,1.2338104248046875,1.196016788482666,,
frog,0.6866884231567383,0.6181125640869141,0.6211735010147095,0.4743964672088623,0.48023223876953125,0.5257490873336792,0.26970529556274414,0.5783766508102417,0.4784643054008484,0.804823637008667,0.7307763695716858,0.45714616775512695,0.0,0.3594604730606079,0.5960533618927002,1.0380274057388306,0.7961963415145874,1.1166540384292603,0.40280842781066895,1.1721789836883545,1.1977092027664185,1.1175613403320312,1.009408950805664,1.0578757524490356,0.9778706431388855,1.0892351865768433,1.108415961265564,1.150713324546814,1.067444086074829,1.1544657945632935,1.1267691850662231,1.143429160118103,1.1410768032073975,0.854525089263916,0.7651715874671936,1.0381379127502441,0.8484821319580078,0.9427980780601501,1.0476090908050537,1.0885604619979858,1.1311585903167725,1.1960930824279785,1.085700273513794,1.1571519374847412,1.2311909198760986,1.197551965713501,1.064732551574707,1.1740350723266602,1.226826548576355,0.9693720936775208,1.0240757465362549,1.1131117343902588,0.9860074520111084,1.026347041130066,1.1366477012634277,0.7946298122406006,0.8244906067848206,0.8892964124679565,0.9103149175643921,0.8112826347351074,1.0872859954833984,0.9386618733406067,0.9962046146392822,0.7788176536560059,0.8344951272010803,1.0138657093048096,0.9515998959541321,0.93663090467453,0.9066357016563416,0.9573749899864197,0.909782886505127,0.9194139242172241,1.0008574724197388,0.8842650651931763,0.9788711071014404,1.0442043542861938,1.1146886348724365,1.1433305740356445,1.0237913131713867,1.117363691329956,1.162016749382019,0.9942463636398315,1.0205210447311401,1.014959692955017,0.9508355855941772,1.0090712308883667,0.986585795879364,0.6158943176269531,0.9029077887535095,1.1005589962005615,1.0746266841888428,1.0880451202392578,1.072246789932251,0.975501298904419,1.0589178800582886,0.9490082263946533,1.0260112285614014,1.0252275466918945,1.078621506690979,1.180056095123291,1.1120173931121826,1.0542742013931274,0.9486320614814758,0.9900547862052917,0.9700614809989929,1.045546293258667,0.9722057580947876,1.0080662965774536,0.8591874241828918,,0.7972383499145508,0.6191769242286682,0.723963737487793,0.8950743675231934,0.7307604551315308,,0.8380486965179443,0.9818491339683533,,0.8430185914039612,0.7979716062545776,0.7416657209396362,0.7067853808403015,0.9679995775222778,,,0.9694803953170776,0.8897331357002258,0.983799934387207,1.1560099124908447,0.8779790997505188,0.7970641851425171,0.9964686632156372,0.7172423601150513,0.8030422925949097,1.0393813848495483,1.1236268281936646,0.8294270038604736,0.7553807497024536,0.46280550956726074,0.5121511220932007,0.7479669451713562,0.8715840578079224,0.9776128530502319,0.8313540816307068,1.0076673030853271,1.156280755996704,1.07660710811615,1.0896724462509155,1.0597590208053589,1.0709216594696045,1.0577211380004883,0.8471965789794922,1.1748422384262085,1.1655937433242798,1.090193748474121,1.1384350061416626,1.1822768449783325,1.109636664390564,1.1134775876998901,1.151037573814392,,
