,pony,horse,pig,rooster,bird,fish,butterfly,frog,alligator,owl,elephant,cat,dog,face,hair,arm,hand,leg,foot,ankle,finger,toe,tooth,ear,nose,eye,mouth,stroller,motorcycle,truck,car,lamp,chair,bench,drawer,ladder,window,door,closet,shower,refrigerator,oven,crib,bed,couch,table,bathtub,sink,boat,slide,hose,sprinkler,grass,tree,snow,clock,ball,balloon,pumpkin,egg,orange,apple,strawberry,hat,slipper,watch,nail,raisin,glasses,necklace,carrot,vacuum,broom,shovel,scissors,spoon,fork,knife,pencil,pen,crayon,plant,flower,soap,bottle,cup,can,belt,radio,basket,milk,jar,bucket,tape,bowl,plate,corn,pickle,banana,melon,bread,cookie,cracker,pizza,hamburger,muffin,meat,soup,glass,coffee,dish,tray,box,book,paper,comb,toothbrush,gum,toy,doll,mitten,glove,sock,shoe,purse,pillow,towel,napkin,blanket,dress,pajamas,bib,scarf,coat,jacket,sweater,shirt,jeans,pants,shorts
pony,0.0,0.25608211755752563,,0.5258366465568542,0.7694382667541504,0.8515713214874268,0.7501338124275208,0.659269392490387,0.9431905746459961,0.7263762950897217,1.0683687925338745,1.0138068199157715,0.8285139799118042,1.0900630950927734,1.0883797407150269,1.1749063730239868,1.1138590574264526,1.0352517366409302,1.0868957042694092,1.0637398958206177,1.0326018333435059,1.0615686178207397,1.0395171642303467,1.0085560083389282,1.0688965320587158,,0.9985799193382263,1.010754108428955,,0.8849493861198425,0.8543844223022461,0.9686474800109863,1.0910133123397827,1.1725969314575195,1.1261672973632812,1.1360700130462646,1.1333346366882324,1.1664259433746338,1.126522183418274,1.0694196224212646,1.1173605918884277,1.098629117012024,1.1341981887817383,1.1658484935760498,1.1125532388687134,1.1301990747451782,1.1356842517852783,1.0385065078735352,1.0386625528335571,1.0433679819107056,1.0566942691802979,0.8412448167800903,,1.0832935571670532,1.0700572729110718,0.9273710250854492,1.0600446462631226,1.058131217956543,1.0468785762786865,1.0214922428131104,1.0350009202957153,0.994076669216156,0.9187427759170532,1.0428791046142578,0.9926831722259521,1.0586090087890625,1.0224446058273315,0.9136426448822021,1.010303258895874,1.0498682260513306,0.9744341969490051,1.0493953227996826,0.9964821338653564,1.020180106163025,0.9264705181121826,0.9697428941726685,1.0220263004302979,1.0013396739959717,1.002830147743225,1.0134660005569458,1.0188573598861694,1.0524227619171143,1.0637054443359375,0.9750864505767822,0.9829993844032288,1.0087586641311646,1.0467092990875244,1.075529932975769,0.9335120320320129,1.020611047744751,1.0234004259109497,1.058358073234558,1.0334348678588867,1.0131207704544067,1.0425755977630615,1.0303765535354614,0.954136073589325,0.970583438873291,0.9830418229103088,0.997404158115387,0.9877069592475891,0.9041973352432251,0.9369365572929382,0.9454461932182312,0.9958420991897583,,1.1048848628997803,0.9733672142028809,1.1149784326553345,1.0101929903030396,1.0107215642929077,1.1066203117370605,1.0796873569488525,0.9981858134269714,1.1244990825653076,1.1297547817230225,1.0913112163543701,1.0292677879333496,0.8849307298660278,0.9614391326904297,1.1402840614318848,1.134032130241394,1.1375007629394531,1.034387230873108,0.9540827870368958,1.098561406135559,1.031697154045105,1.007125735282898,1.2002434730529785,1.050557255744934,1.142679214477539,1.103649377822876,1.0928479433059692,,1.104466199874878,1.0850296020507812,1.1367456912994385,1.17464280128479,1.1467255353927612,1.1059798002243042
horse,0.25608211755752563,0.0,,0.6104828119277954,0.852249026298523,0.8411689400672913,0.7955682277679443,0.7078778743743896,0.7975373268127441,0.6908808350563049,1.0151278972625732,0.9066760540008545,0.7031201124191284,0.9883692860603333,0.9673271179199219,0.9740861058235168,0.9741793870925903,1.0716230869293213,1.0869694948196411,1.0947551727294922,1.0657050609588623,1.1380236148834229,1.1112407445907593,1.0345896482467651,1.1435996294021606,,1.0880706310272217,0.9448025226593018,,0.8689836263656616,0.8147739171981812,1.0803673267364502,1.0292630195617676,0.9880202412605286,1.0761455297470093,1.0364837646484375,1.0006641149520874,1.0522090196609497,0.9882269501686096,0.972114086151123,1.0644433498382568,1.079413652420044,1.0139421224594116,0.9525614976882935,0.9570716619491577,0.9776818752288818,0.9796003103256226,1.0612632036209106,0.8202075362205505,0.888974666595459,1.0012727975845337,0.9141586422920227,,0.9583547711372375,0.8958876132965088,1.065779685974121,1.1299617290496826,1.1506333351135254,1.0976817607879639,1.1386640071868896,1.0954736471176147,1.093174695968628,1.0313963890075684,1.1142631769180298,1.1177856922149658,1.1632208824157715,1.145597219467163,0.9975330233573914,1.121427297592163,1.1482614278793335,1.0623105764389038,1.0430598258972168,1.0496609210968018,1.0327105522155762,0.9352815747261047,1.0961756706237793,1.0906665325164795,1.0647608041763306,1.1028475761413574,1.1380696296691895,1.149133324623108,1.0693317651748657,1.0998493432998657,1.1069763898849487,1.140520691871643,1.1424376964569092,1.1195753812789917,1.1088541746139526,0.971304178237915,1.1016896963119507,1.060476303100586,1.0470846891403198,1.136487364768982,1.1046518087387085,1.180345058441162,0.9985250234603882,1.0181176662445068,1.037656545639038,0.997468888759613,1.016750454902649,1.1087087392807007,1.02517831325531,0.9921076893806458,0.9263083934783936,0.9806172251701355,,0.9915112853050232,1.0223071575164795,0.9949518442153931,1.0029808282852173,0.9949015378952026,0.9820410013198853,1.10834801197052,1.0429167747497559,1.0589772462844849,1.046351671218872,1.0249189138412476,1.0921998023986816,0.8824353218078613,0.9010501503944397,1.0042500495910645,1.0820318460464478,1.049102783203125,1.0399986505508423,0.9175093173980713,1.0166809558868408,1.134523868560791,1.0998754501342773,0.9404164552688599,0.9171672463417053,0.9191439151763916,0.9421666860580444,0.9612270593643188,,0.9500451683998108,0.9669060111045837,0.9884825348854065,0.9742602705955505,1.0013079643249512,1.0546358823776245
pig,,,,,,,,,,,,,,,,,,,,,,,,,,,,,,,,,,,,,,,,,,,,,,,,,,,,,,,,,,,,,,,,,,,,,,,,,,,,,,,,,,,,,,,,,,,,,,,,,,,,,,,,,,,,,,,,,,,,,,,,,,,,,,,,,,,,,,,,,,,,
rooster,0.5258366465568542,0.6104828119277954,,0.0,0.958888590335846,0.7442052960395813,0.7287876605987549,0.6063323020935059,0.7570706605911255,0.6956663727760315,0.9948131442070007,0.8972124457359314,0.6824235320091248,1.0174164772033691,0.9496594667434692,1.0610246658325195,1.0328896045684814,1.0190210342407227,1.0495119094848633,1.0952963829040527,0.9874825477600098,1.0157431364059448,1.0135501623153687,1.0518544912338257,1.109941840171814,,1.0324558019638062,0.9415453672409058,,0.9457057118415833,0.923919141292572,1.0049631595611572,1.0553017854690552,1.0952210426330566,1.0743446350097656,1.0213805437088013,0.9772071242332458,1.0411487817764282,0.9917164444923401,1.0146998167037964,1.0248459577560425,1.0369746685028076,1.0434638261795044,1.0758352279663086,1.0595365762710571,1.0429173707962036,1.0506670475006104,1.0751277208328247,0.9699201583862305,0.9828736782073975,0.9934836626052856,0.899650514125824,,0.962538480758667,0.9898291826248169,1.0581406354904175,0.9882365465164185,1.0057947635650635,0.9884751439094543,1.0159696340560913,1.0538769960403442,0.9836702346801758,0.8677586317062378,0.938029944896698,1.0496774911880493,1.1618428230285645,1.0179498195648193,0.9844364523887634,1.067109227180481,1.0700783729553223,0.98417729139328,1.0502957105636597,0.9988542795181274,1.011265516281128,0.8673545718193054,1.0181952714920044,1.0136092901229858,1.06026291847229,1.1340829133987427,1.1335387229919434,1.116805911064148,0.9437210559844971,0.9026168584823608,1.1060110330581665,1.120395302772522,1.1070231199264526,1.1352579593658447,1.1183693408966064,0.9525238275527954,1.044743299484253,1.001431941986084,1.06829035282135,1.0999161005020142,1.1233453750610352,1.1245331764221191,0.9761509299278259,0.9877195358276367,1.0643310546875,0.9754117727279663,1.0029783248901367,0.9547272324562073,0.9523822665214539,0.9776958227157593,0.8641906976699829,0.9276484847068787,,0.9410937428474426,0.9992837905883789,1.0537359714508057,1.01026451587677,1.0679726600646973,1.0257627964019775,1.1041700839996338,1.006759762763977,1.0687227249145508,1.0902669429779053,1.0104867219924927,1.044980525970459,0.8283304572105408,0.7700824737548828,0.9513424634933472,1.0315476655960083,1.045650601387024,1.0159027576446533,0.9709800481796265,1.113135814666748,1.0564430952072144,1.01963472366333,1.063993215560913,0.9581316709518433,1.0471738576889038,1.019154667854309,0.9487414360046387,,1.0090570449829102,1.0086922645568848,1.0318468809127808,1.0545532703399658,1.0641478300094604,1.0489788055419922
bird,0.7694382667541504,0.852249026298523,,0.958888590335846,0.0,0.8021959066390991,0.8291364312171936,0.7066032290458679,1.1238040924072266,0.8402085900306702,1.077309250831604,1.0820327997207642,1.1569695472717285,1.1276084184646606,1.1299564838409424,1.1952353715896606,1.0804164409637451,0.9848712682723999,1.0591216087341309,1.0183569192886353,0.9275978803634644,0.8965761661529541,0.8591138124465942,0.9990341067314148,0.9238799214363098,,0.9926318526268005,1.1162188053131104,,1.0525732040405273,0.9316166043281555,0.8091211318969727,1.167826771736145,1.1766366958618164,1.0952796936035156,1.18326997756958,1.1550112962722778,1.195573091506958,1.1613661050796509,1.0897685289382935,1.1868009567260742,1.145851969718933,1.1780787706375122,1.189554214477539,1.1549575328826904,1.1907659769058228,1.1086933612823486,0.9750831723213196,1.0570988655090332,1.120925784111023,0.9772504568099976,0.7725992202758789,,1.0899862051010132,0.9748595952987671,0.6819536685943604,1.0283279418945312,1.0084660053253174,0.9882517457008362,0.8856069445610046,0.9118634462356567,0.8758248090744019,0.8348694443702698,0.9316455125808716,0.812790036201477,0.8114694356918335,0.8014329075813293,0.8030556440353394,0.782893180847168,0.7985692024230957,0.8802248239517212,1.0751473903656006,0.9443787336349487,0.9790369868278503,0.8760277628898621,0.7964942455291748,0.812240719795227,0.8353053331375122,0.5973650217056274,0.5537989735603333,0.6328597664833069,1.0883803367614746,1.0433226823806763,0.7364141941070557,0.8319465517997742,0.8136255145072937,1.0608175992965698,0.7546896934509277,1.0312585830688477,1.0548275709152222,1.088047742843628,1.095767617225647,1.0870715379714966,0.8753306865692139,0.8603436350822449,0.9300805926322937,0.9169395565986633,0.9269689321517944,0.8959664106369019,1.0224703550338745,0.9694634079933167,0.7514599561691284,0.8752342462539673,1.138728380203247,1.0731570720672607,,1.077873706817627,0.9846097230911255,1.149439811706543,1.0198161602020264,0.9993067979812622,1.1867622137069702,1.130530595779419,1.0453904867172241,1.1335368156433105,1.1473819017410278,0.9837934970855713,0.9377607703208923,1.016458511352539,1.1050498485565186,1.1383655071258545,1.0650489330291748,1.0831458568572998,1.0366665124893188,1.1253689527511597,1.0504628419876099,0.8755438923835754,0.9066258668899536,1.178755283355713,1.1267032623291016,1.1607418060302734,1.1755189895629883,1.1544744968414307,,1.1535089015960693,1.1626417636871338,1.165360450744629,1.193483829498291,1.1937434673309326,1.099884271621704
fish,0.8515713214874268,0.8411689400672913,,0.7442052960395813,0.8021959066390991,0.0,0.7089269161224365,0.5878267884254456,0.8417767286300659,0.886803150177002,1.0046247243881226,0.8578388094902039,1.0392388105392456,1.073069453239441,1.094165325164795,1.1128064393997192,0.9279679656028748,1.0719512701034546,1.063186764717102,1.0062462091445923,0.9439232349395752,0.9135664701461792,0.9418647289276123,1.0188417434692383,0.989575207233429,,1.09405517578125,1.160969853401184,,0.954310417175293,0.9705095291137695,1.026542067527771,1.0798455476760864,1.1464574337005615,1.1181069612503052,1.1566599607467651,1.0872695446014404,1.1722190380096436,1.0940918922424316,0.9983408451080322,1.1759032011032104,1.1333011388778687,1.0582796335220337,1.1139577627182007,1.1414251327514648,1.073216199874878,0.8953933715820312,1.004907488822937,1.0538285970687866,0.9536241292953491,0.9739643335342407,0.8578287363052368,,1.0640400648117065,0.9889470338821411,0.9345199465751648,0.7446835041046143,0.7325462102890015,0.9915394186973572,0.8875805139541626,0.8405493497848511,0.8312884569168091,0.8280665874481201,0.8926700353622437,0.9769854545593262,1.042387843132019,0.9182993769645691,0.9626064300537109,0.9997782707214355,1.0457276105880737,0.8462383151054382,1.1818472146987915,1.059914231300354,1.0438742637634277,0.7833196520805359,0.9573649764060974,0.914534330368042,1.0135746002197266,0.9628230929374695,0.9323542714118958,0.8292681574821472,1.103857398033142,1.0326213836669922,0.9413993954658508,1.0090001821517944,0.9725714921951294,1.1443392038345337,0.9197313785552979,1.115323543548584,1.0698593854904175,1.0540589094161987,1.0309064388275146,1.0665323734283447,0.8947034478187561,1.0079439878463745,0.8617309331893921,0.9586734771728516,0.8519551157951355,0.938624382019043,0.7991366982460022,0.9329667687416077,0.9049621224403381,0.8277862071990967,0.8233810663223267,1.0124754905700684,,0.9589529037475586,1.0559606552124023,0.9851787090301514,1.102926254272461,0.9980149269104004,1.0010426044464111,1.176378846168518,1.0793113708496094,1.081918478012085,0.9564949870109558,0.8800321817398071,0.718747615814209,0.8050426840782166,0.9689003825187683,0.9078713655471802,0.9600955247879028,0.9919163584709167,1.018202543258667,1.0881116390228271,1.007265567779541,1.0722055435180664,1.0688908100128174,1.0402277708053589,1.0555247068405151,1.0427944660186768,0.9624139666557312,1.0180586576461792,,1.0789772272109985,1.1465277671813965,1.1037687063217163,1.0545713901519775,1.1153699159622192,1.0229051113128662
butterfly,0.7501338124275208,0.7955682277679443,,0.7287876605987549,0.8291364312171936,0.7089269161224365,0.0,0.595558762550354,0.8678838610649109,0.89183509349823,1.022861361503601,0.9880086183547974,1.0179353952407837,1.0042051076889038,1.0562703609466553,1.120995283126831,1.0991966724395752,1.1251250505447388,1.0267877578735352,1.0477930307388306,1.0948666334152222,1.094380259513855,1.037345051765442,0.9814820885658264,1.0033318996429443,,1.037112832069397,1.052922010421753,,0.9571244120597839,0.9215764999389648,0.9660806655883789,1.0575894117355347,1.077971339225769,1.0219937562942505,1.058608889579773,1.0375548601150513,1.0438027381896973,1.032545566558838,1.000470757484436,1.0799164772033691,1.0337578058242798,1.0854398012161255,1.057766079902649,1.0810619592666626,1.0557191371917725,1.0680749416351318,1.1293550729751587,1.0111202001571655,1.1207600831985474,1.0449532270431519,0.7793922424316406,,0.9872445464134216,1.0616633892059326,0.9302060604095459,1.0059820413589478,1.0104180574417114,1.0503573417663574,1.0601381063461304,1.122344970703125,1.0863453149795532,1.0034871101379395,0.9501292109489441,1.0039455890655518,1.0806469917297363,0.9918251037597656,1.0285449028015137,1.0671581029891968,0.9577845931053162,1.0386009216308594,1.0433931350708008,1.02410089969635,1.089289665222168,0.8553503155708313,0.9861403703689575,0.9654308557510376,0.9864150881767273,1.059125542640686,1.0428444147109985,0.9979978203773499,0.9941622614860535,0.9411132335662842,1.0933517217636108,1.0786572694778442,1.094261884689331,1.1298178434371948,0.9627886414527893,0.9849801659584045,1.0405524969100952,1.0909383296966553,1.0955922603607178,1.1395083665847778,1.0161794424057007,1.1391738653182983,0.9864009022712708,1.051896572113037,1.1198097467422485,1.0019879341125488,1.0455281734466553,1.0094497203826904,0.9821649789810181,0.9438391327857971,0.8040151596069336,1.0148578882217407,,0.9351499080657959,1.0320165157318115,1.044174313545227,1.036006212234497,1.016486406326294,1.0740129947662354,1.0875614881515503,0.9741715788841248,1.0268970727920532,1.0325953960418701,1.0484639406204224,1.0313615798950195,0.979152500629425,0.9540493488311768,0.9781660437583923,1.0531038045883179,1.0274251699447632,0.9420838356018066,0.9844292998313904,1.0397909879684448,0.9925864934921265,1.012061357498169,0.9929852485656738,1.005410075187683,1.0626897811889648,1.0144448280334473,0.9440953731536865,,1.0259264707565308,1.0694355964660645,1.064495325088501,1.05165433883667,1.0888879299163818,0.9856794476509094
frog,0.659269392490387,0.7078778743743896,,0.6063323020935059,0.7066032290458679,0.5878267884254456,0.595558762550354,0.0,0.7847195267677307,0.6625903844833374,1.0903562307357788,1.0208736658096313,0.9011003375053406,1.1139235496520996,1.1528925895690918,1.1646158695220947,0.9409834742546082,1.145456075668335,0.940464973449707,1.066138505935669,1.008876085281372,1.0344902276992798,1.013999581336975,1.0717052221298218,1.1417021751403809,,1.1042982339859009,0.9958019852638245,,0.9182131290435791,0.9718672633171082,1.0540722608566284,1.1419708728790283,1.1617993116378784,1.1848405599594116,1.193494439125061,1.150713324546814,1.260711431503296,1.171613097190857,1.1838443279266357,1.1862255334854126,1.1639158725738525,1.0815165042877197,1.0797324180603027,1.098131537437439,1.0670877695083618,1.0746558904647827,1.1120696067810059,1.0481882095336914,0.9740498661994934,0.9771866202354431,0.8247697353363037,,1.0731581449508667,1.0869574546813965,0.9003502726554871,0.9849715232849121,1.0242480039596558,0.995901882648468,0.9472315907478333,1.0072261095046997,0.9590717554092407,0.908803403377533,0.9129863381385803,0.9693292379379272,1.0926742553710938,1.0989634990692139,0.9208083152770996,1.1223928928375244,1.0862154960632324,0.9360499382019043,1.1590194702148438,1.1415680646896362,1.021133303642273,0.6838882565498352,0.9313175082206726,0.9184470176696777,0.9661872386932373,1.0416619777679443,1.0499345064163208,0.9909001588821411,1.0664865970611572,1.0200552940368652,0.9606131315231323,1.1057074069976807,1.0662975311279297,1.2216262817382812,1.107009768486023,1.00117826461792,1.0697839260101318,1.056186318397522,1.016005039215088,1.1518850326538086,0.9561883211135864,1.109139323234558,0.828100323677063,0.850003719329834,0.9204610586166382,0.6172277927398682,0.7636027932167053,0.8794500231742859,0.8141140937805176,0.7483492493629456,0.8323846459388733,0.9323067665100098,,0.9031928181648254,0.9790114760398865,0.9716653227806091,0.9511052370071411,0.9610359072685242,0.9574337005615234,1.1615079641342163,0.9384616613388062,1.099199652671814,1.1194878816604614,0.8954641222953796,0.8111430406570435,0.627409040927887,0.7663007974624634,0.8430542945861816,0.9539910554885864,0.966972827911377,0.9671680331230164,0.9698433876037598,1.0005226135253906,1.0411057472229004,0.9416401982307434,1.0629122257232666,1.0337849855422974,1.0521667003631592,0.9240609407424927,0.9813651442527771,,1.0848078727722168,1.1662062406539917,1.1596765518188477,1.1353257894515991,1.1960219144821167,1.1278194189071655
alligator,0.9431905746459961,0.7975373268127441,,0.7570706605911255,1.1238040924072266,0.8417767286300659,0.8678838610649109,0.7847195267677307,0.0,0.8258381485939026,0.9292941093444824,0.7117400169372559,0.6588610410690308,0.9242420792579651,0.8963947892189026,0.7166783809661865,0.8975958824157715,1.011710524559021,0.984337568283081,1.1968269348144531,1.2381280660629272,1.3294870853424072,1.3408246040344238,1.1840219497680664,1.3309242725372314,,1.2527519464492798,0.794876754283905,,0.9575619697570801,1.0875214338302612,1.1475348472595215,0.8377386331558228,0.7027592658996582,0.996944010257721,0.7246429324150085,0.8430297374725342,0.8518283367156982,0.8100576996803284,0.9717007875442505,0.8385643362998962,0.9240471720695496,0.6267781853675842,0.6023789644241333,0.8067577481269836,0.6299226880073547,0.7411274313926697,1.0382739305496216,0.8929364681243896,0.6209291219711304,0.8398029804229736,1.0076611042022705,,0.8526374697685242,0.8283729553222656,1.3209668397903442,1.0658880472183228,1.1609114408493042,1.0548126697540283,1.3059251308441162,1.2151410579681396,1.1829733848571777,1.2286559343338013,1.1435483694076538,1.4046440124511719,1.4712070226669312,1.3716918230056763,1.172313928604126,1.4079535007476807,1.3355658054351807,1.2648963928222656,0.8623983860015869,1.038818597793579,0.9314908981323242,0.8344653844833374,1.160616397857666,1.0843071937561035,1.1189532279968262,1.2640868425369263,1.3536534309387207,1.4193079471588135,0.9341428875923157,0.9025588035583496,1.3040754795074463,1.296926498413086,1.345468521118164,1.1657395362854004,1.3546403646469116,1.0222769975662231,1.0117391347885132,0.9071165323257446,0.8764055371284485,1.1324243545532227,1.2991013526916504,1.3749024868011475,0.9102914929389954,1.0870994329452515,1.2196600437164307,0.9837855696678162,0.9515823125839233,1.0762288570404053,1.1637847423553467,0.9362167119979858,0.856592059135437,0.9506439566612244,,0.7351289987564087,1.0882494449615479,0.7241300344467163,1.0460981130599976,0.9899819493293762,0.6901521682739258,0.9217445254325867,0.8666934967041016,0.7101662158966064,0.9694206714630127,0.7669750452041626,1.1229534149169922,0.7852315902709961,0.7839441895484924,0.6575125455856323,0.9863023161888123,0.8565254807472229,1.0158659219741821,0.7551378011703491,1.0033557415008545,1.1847807168960571,1.1428145170211792,0.5335196256637573,0.696708083152771,0.6547739505767822,0.720399022102356,0.8027852773666382,,0.6532477140426636,0.7541822195053101,0.7393165826797485,0.6731764078140259,0.7425905466079712,0.9168064594268799
owl,0.7263762950897217,0.6908808350563049,,0.6956663727760315,0.8402085900306702,0.886803150177002,0.89183509349823,0.6625903844833374,0.8258381485939026,0.0,1.0420457124710083,0.9583954811096191,0.8095977306365967,1.0220991373062134,0.9907500743865967,1.01546311378479,0.760144054889679,1.0337369441986084,0.9280327558517456,1.0711551904678345,0.96324223279953,1.0262250900268555,1.0186973810195923,1.0027426481246948,1.1551135778427124,,1.1289868354797363,0.9269695281982422,,0.9979981184005737,0.9757357239723206,1.0566833019256592,1.1168357133865356,1.0951193571090698,1.1532862186431885,1.0769339799880981,1.1059004068374634,1.1573331356048584,1.096901774406433,1.0583146810531616,1.1189583539962769,1.1225242614746094,1.0474127531051636,1.0470081567764282,1.0419203042984009,1.0426712036132812,0.9969542622566223,1.1249701976776123,1.0176180601119995,0.8774104118347168,1.0308406352996826,0.8556724190711975,,1.0394037961959839,1.034790277481079,1.097438931465149,1.0217292308807373,1.0942156314849854,0.9561789035797119,1.0460416078567505,1.0062570571899414,1.0876796245574951,1.05094575881958,1.0990716218948364,1.1037585735321045,1.1826478242874146,1.1918067932128906,1.0064196586608887,1.152686357498169,1.1077369451522827,1.0180158615112305,1.065654993057251,1.0866162776947021,0.9648557901382446,0.8359570503234863,0.9625959992408752,0.9683886766433716,0.9997058510780334,1.1079460382461548,1.1433207988739014,1.0963298082351685,1.0641450881958008,1.0502527952194214,1.1032534837722778,1.1373651027679443,1.1588619947433472,1.1689982414245605,1.187114953994751,0.9841935634613037,1.1093673706054688,0.9703876376152039,1.0350691080093384,1.13446044921875,1.0769717693328857,1.1593369245529175,0.9230813384056091,0.9298720359802246,1.0017974376678467,0.9114223122596741,0.9207318425178528,0.9723703265190125,0.8947657942771912,0.8050459027290344,0.9203115105628967,0.925299346446991,,0.9384658932685852,0.9854464530944824,0.9068260788917542,1.0081785917282104,0.9940016865730286,0.9541201591491699,1.174479365348816,1.0366642475128174,1.051720142364502,0.9686887264251709,0.8359401822090149,0.9478837847709656,0.7131469249725342,0.7913174033164978,0.8333965539932251,0.9220573306083679,0.8849322199821472,0.9114277362823486,1.0091012716293335,1.032744288444519,1.0980157852172852,1.0462350845336914,0.9902613759040833,0.9494603872299194,0.9237799644470215,0.8690011501312256,0.8803976774215698,,1.0379393100738525,1.0277644395828247,1.0641871690750122,1.0609185695648193,1.0726292133331299,1.071974277496338
elephant,1.0683687925338745,1.0151278972625732,,0.9948131442070007,1.077309250831604,1.0046247243881226,1.022861361503601,1.0903562307357788,0.9292941093444824,1.0420457124710083,0.0,0.7528076767921448,0.7409189939498901,0.8712901473045349,0.5670591592788696,0.7915500402450562,0.9683840274810791,0.9983873963356018,1.071130394935608,0.9604381322860718,1.0328270196914673,1.0324212312698364,0.9117163419723511,0.9520732760429382,0.9727778434753418,,0.9474469423294067,1.0191781520843506,,0.9844714403152466,0.9730831980705261,1.018477201461792,1.0277409553527832,1.0138959884643555,1.0240342617034912,0.9628527164459229,0.935035228729248,0.9747006297111511,0.948141872882843,0.8422420024871826,0.9937577843666077,1.0459637641906738,0.9998119473457336,0.9900683760643005,1.0414185523986816,1.0027424097061157,0.8707690238952637,0.9746218919754028,0.9526128768920898,0.9071941375732422,0.9791398048400879,0.9297745227813721,,0.9574453830718994,0.8917120099067688,1.0047736167907715,0.9991549253463745,1.0737793445587158,1.0442461967468262,1.0780903100967407,1.0489565134048462,1.07224702835083,1.1069629192352295,1.0337393283843994,1.0116217136383057,0.9717886447906494,1.0175584554672241,1.061703085899353,0.8275694847106934,0.8497474193572998,1.0789737701416016,1.1156482696533203,1.0108799934387207,1.0989571809768677,1.1323376893997192,1.0488120317459106,0.82674640417099,1.0313904285430908,1.0352116823196411,1.0433136224746704,1.0573972463607788,0.9938467741012573,1.0091142654418945,1.0157252550125122,1.0391063690185547,1.1224195957183838,1.139115571975708,0.974528968334198,1.1171022653579712,1.0714843273162842,1.0535247325897217,0.9727126955986023,1.142248511314392,1.1988415718078613,1.1000629663467407,0.9922612905502319,1.1033530235290527,1.0898927450180054,1.0755722522735596,1.0583428144454956,1.0084614753723145,1.1143571138381958,0.9584954380989075,0.9591683745384216,0.9608436822891235,,0.8839248418807983,1.0375947952270508,0.9214516282081604,1.0779943466186523,1.069347858428955,1.051883578300476,1.1295380592346191,1.167072057723999,1.0301865339279175,0.8075191378593445,0.9680272936820984,1.0309683084487915,1.1225472688674927,1.0361933708190918,0.909950315952301,0.9920615553855896,0.9793701171875,0.906842827796936,1.1072343587875366,1.151558756828308,1.1310046911239624,1.173020362854004,0.9106420874595642,0.827394962310791,0.7997175455093384,0.7913362979888916,0.7855968475341797,,0.6714701056480408,0.7988515496253967,0.6715681552886963,0.7061753869056702,0.7439388036727905,0.7196372151374817
cat,1.0138068199157715,0.9066760540008545,,0.8972124457359314,1.0820327997207642,0.8578388094902039,0.9880086183547974,1.0208736658096313,0.7117400169372559,0.9583954811096191,0.7528076767921448,0.0,0.5206376314163208,0.9182143807411194,0.7062971591949463,0.868583619594574,0.8993464112281799,0.9079974889755249,0.7515420913696289,0.8722172975540161,1.0074667930603027,0.9864344596862793,1.1463426351547241,1.0944782495498657,1.0786246061325073,,1.1014573574066162,0.9335986971855164,,1.0615613460540771,1.083702564239502,1.1205788850784302,0.9493594765663147,0.8303102254867554,1.010202407836914,0.9024202823638916,0.8513714075088501,0.8737678527832031,0.8426129221916199,0.723419189453125,1.0088623762130737,1.0894296169281006,0.9775494337081909,0.774137020111084,0.9272613525390625,0.9237943291664124,0.8240054845809937,1.1141667366027832,0.8802182674407959,0.8584319353103638,1.0010571479797363,0.8866776823997498,,0.9561051726341248,0.6809659600257874,1.1640704870224,1.0155808925628662,1.0993543863296509,1.0603045225143433,1.2311303615570068,1.1209313869476318,1.1738661527633667,1.0879871845245361,0.9638985395431519,1.0322041511535645,1.113402247428894,1.1725537776947021,1.156219720840454,1.038766622543335,1.0921331644058228,1.133408546447754,1.0368483066558838,1.0283896923065186,1.0979702472686768,1.1288028955459595,1.1706303358078003,0.923072874546051,1.1058155298233032,1.1438555717468262,1.1343998908996582,1.235559105873108,1.0077645778656006,1.0470588207244873,1.216678261756897,1.2013269662857056,1.2582111358642578,1.1636903285980225,1.0277220010757446,1.1619181632995605,1.1695395708084106,1.1269384622573853,1.1261100769042969,1.280238151550293,1.2589943408966064,1.2371790409088135,1.0604556798934937,1.1018006801605225,1.1868129968643188,1.2257099151611328,1.1407320499420166,1.0764671564102173,1.0990406274795532,1.0243370532989502,0.9630176424980164,0.9825283288955688,,0.8922950029373169,1.1016595363616943,0.9249753355979919,0.9527438282966614,1.1427875757217407,1.068799614906311,1.2141919136047363,1.0813288688659668,1.0056195259094238,0.8562288880348206,1.0415133237838745,1.1424323320388794,1.1425273418426514,0.978033721446991,0.7430373430252075,0.8630830645561218,0.7830554246902466,0.8246895670890808,1.029976487159729,0.9731876254081726,1.1581835746765137,1.1917966604232788,0.713883101940155,0.8932898044586182,0.8021857738494873,0.9121458530426025,0.9132667779922485,,0.8400049209594727,0.8296346664428711,0.8382291793823242,0.7414268851280212,0.7693563103675842,0.857469916343689
dog,0.8285139799118042,0.7031201124191284,,0.6824235320091248,1.1569695472717285,1.0392388105392456,1.0179353952407837,0.9011003375053406,0.6588610410690308,0.8095977306365967,0.7409189939498901,0.5206376314163208,0.0,0.734262228012085,0.4839114546775818,0.7255292534828186,0.9270022511482239,0.9530492424964905,0.8661078214645386,0.9951099157333374,1.1212244033813477,1.1292059421539307,1.1382416486740112,1.0617012977600098,1.1632169485092163,,1.0573408603668213,0.6890515685081482,,1.0186032056808472,0.9804444313049316,1.1163159608840942,0.8862645030021667,0.8131263852119446,0.9876984357833862,0.8047550916671753,0.8769661784172058,0.8256140947341919,0.7962582111358643,0.827728807926178,0.7612422704696655,0.8693650960922241,0.8257659077644348,0.7118373513221741,0.8276963233947754,0.8026803135871887,0.8998845815658569,1.123725175857544,0.9585260152816772,0.7824339270591736,1.0055949687957764,0.9439778923988342,,0.8741489052772522,0.7549627423286438,1.2499959468841553,1.0797539949417114,1.180182933807373,1.151991367340088,1.2530300617218018,1.1768730878829956,1.2425744533538818,1.1889631748199463,1.0589686632156372,1.155809998512268,1.2120978832244873,1.2561713457107544,1.1494159698486328,1.0875813961029053,1.1103821992874146,1.1802836656570435,0.9331606030464172,1.0005428791046143,1.0579925775527954,1.0471323728561401,1.187422275543213,1.049329400062561,1.1742063760757446,1.2229660749435425,1.263631820678711,1.3141729831695557,0.9591841697692871,0.8783250451087952,1.2809066772460938,1.2234631776809692,1.2938599586486816,1.1477501392364502,1.2433210611343384,1.0270054340362549,1.0839394330978394,1.0324310064315796,1.0694780349731445,1.195030689239502,1.3169602155685425,1.3066473007202148,1.096453070640564,1.0974866151809692,1.2035064697265625,1.1479246616363525,1.1292017698287964,1.09200119972229,1.1659226417541504,1.0278759002685547,0.971506655216217,0.8719944357872009,,0.8396809101104736,1.0716997385025024,0.8675308227539062,0.9354943633079529,1.093658447265625,0.9300386309623718,1.0745879411697388,1.04004967212677,1.0191688537597656,0.8735975027084351,0.9481035470962524,1.185750961303711,0.9100340604782104,0.6726107597351074,0.7482625842094421,0.9164335131645203,0.8993344306945801,0.9038094282150269,0.9581311345100403,1.0258026123046875,1.1706873178482056,1.1658570766448975,0.7033630609512329,0.6549778580665588,0.6140275597572327,0.735044002532959,0.7458146810531616,,0.5941399335861206,0.5916172862052917,0.5799872875213623,0.7082788944244385,0.720234751701355,0.9528485536575317
face,1.0900630950927734,0.9883692860603333,,1.0174164772033691,1.1276084184646606,1.073069453239441,1.0042051076889038,1.1139235496520996,0.9242420792579651,1.0220991373062134,0.8712901473045349,0.9182143807411194,0.734262228012085,0.0,0.34665733575820923,0.8057066202163696,0.8452574610710144,0.9726102352142334,1.0447053909301758,1.0194084644317627,1.005746841430664,1.0553462505340576,1.0023235082626343,0.9384185075759888,0.870140016078949,,0.9202306270599365,0.9497628808021545,,0.982549786567688,1.0366398096084595,1.0494613647460938,0.9787428379058838,0.8686617612838745,1.022745966911316,0.9171479940414429,0.8148602247238159,0.8507190942764282,0.8317326903343201,0.835012674331665,0.9251677989959717,1.0413784980773926,0.9637569785118103,0.7765954732894897,0.8561533689498901,0.9075548648834229,0.9654683470726013,1.1914130449295044,0.9919736981391907,0.8482077717781067,1.000594139099121,1.0162874460220337,,0.8444691896438599,0.8712543845176697,1.1042896509170532,1.001935601234436,1.0491740703582764,1.1093827486038208,1.1011056900024414,1.0625914335250854,1.1501197814941406,1.1634613275527954,0.9148675799369812,1.1689749956130981,1.1133984327316284,1.1022541522979736,1.0761065483093262,0.9278532266616821,0.8994678854942322,1.1125543117523193,0.9921346306800842,0.9351881146430969,1.1051620244979858,1.0601152181625366,1.1855159997940063,1.1113061904907227,1.1415376663208008,1.1364625692367554,1.164260745048523,1.1870787143707275,0.897148847579956,0.9535869359970093,1.1802003383636475,1.1453306674957275,1.1525098085403442,1.1374561786651611,1.1549110412597656,1.0598640441894531,1.1686716079711914,0.9753120541572571,1.016471266746521,1.1618120670318604,1.1472039222717285,1.209937334060669,1.0707409381866455,1.078527569770813,1.1400694847106934,1.0910184383392334,1.0873979330062866,1.1103415489196777,1.1118923425674438,1.0099267959594727,0.9915817379951477,0.9285890460014343,,0.8695260882377625,1.116485595703125,0.8025671243667603,1.0440335273742676,1.1039693355560303,1.052138090133667,1.1385798454284668,1.0642478466033936,0.9291472434997559,0.8382605314254761,0.9983634948730469,1.0777864456176758,1.0847644805908203,0.8834316730499268,0.88355952501297,1.0144855976104736,0.9493531584739685,1.0297679901123047,1.0691628456115723,0.9860424399375916,1.1678967475891113,1.18209707736969,0.7656148672103882,0.6414852142333984,0.49213236570358276,0.538542628288269,0.5835680961608887,,0.4934203028678894,0.5374277830123901,0.41481953859329224,0.8062008619308472,0.828472375869751,0.9478873610496521
hair,1.0883797407150269,0.9673271179199219,,0.9496594667434692,1.1299564838409424,1.094165325164795,1.0562703609466553,1.1528925895690918,0.8963947892189026,0.9907500743865967,0.5670591592788696,0.7062971591949463,0.4839114546775818,0.34665733575820923,0.0,0.6284079551696777,0.868980884552002,0.973284125328064,1.0359222888946533,0.9935572147369385,1.0525912046432495,1.0967142581939697,1.0015512704849243,0.9272459149360657,0.9730433821678162,,0.9262771606445312,0.9224438071250916,,1.005683422088623,1.0119524002075195,1.028683066368103,1.0258616209030151,0.9226590991020203,1.0239061117172241,0.8744390606880188,0.7473191618919373,0.824730396270752,0.7909466028213501,0.7146624326705933,0.8555231094360352,1.0172284841537476,0.9893185496330261,0.8385784029960632,0.8935192227363586,0.9544748067855835,0.8917626738548279,1.1333248615264893,0.9409487247467041,0.8371197581291199,0.9441702961921692,0.9414539337158203,,0.7913419604301453,0.8049793243408203,1.1212495565414429,1.0865495204925537,1.1653259992599487,1.1026110649108887,1.2253246307373047,1.151461124420166,1.2068544626235962,1.2061200141906738,1.020195722579956,1.1864336729049683,1.1127407550811768,1.1552621126174927,1.124055027961731,0.8581221699714661,0.8697629570960999,1.1974902153015137,1.0466394424438477,0.9578506350517273,1.129834532737732,1.1400701999664307,1.1911081075668335,0.9661901593208313,1.1135231256484985,1.1623311042785645,1.1831800937652588,1.2330750226974487,0.8699012994766235,0.895844578742981,1.2112321853637695,1.1667454242706299,1.2381699085235596,1.1925753355026245,1.1601406335830688,1.1200896501541138,1.2096878290176392,0.9922165274620056,1.035135269165039,1.2414214611053467,1.2780327796936035,1.2746752500534058,1.1471048593521118,1.15461003780365,1.1959182024002075,1.183424949645996,1.1548831462860107,1.1260321140289307,1.2216485738754272,1.0664334297180176,0.964323878288269,0.923331081867218,,0.8242273926734924,1.1179333925247192,0.8146492838859558,1.0307676792144775,1.1703553199768066,1.1193504333496094,1.2194914817810059,1.2074851989746094,1.029488205909729,0.7418889999389648,0.9939222931861877,1.1608790159225464,1.1946752071380615,0.8777151107788086,0.8966843485832214,1.028997778892517,0.9974619746208191,0.9982578754425049,1.1303205490112305,1.1284579038619995,1.2809089422225952,1.3145173788070679,0.7980644702911377,0.541272759437561,0.4751269817352295,0.6040949821472168,0.6048867702484131,,0.43729400634765625,0.42571336030960083,0.3361304998397827,0.6612211465835571,0.6562039256095886,0.7855678796768188
arm,1.1749063730239868,0.9740861058235168,,1.0610246658325195,1.1952353715896606,1.1128064393997192,1.120995283126831,1.1646158695220947,0.7166783809661865,1.01546311378479,0.7915500402450562,0.868583619594574,0.7255292534828186,0.8057066202163696,0.6284079551696777,0.0,0.7108112573623657,1.0097256898880005,1.0861737728118896,1.145596981048584,1.0850756168365479,1.2522436380386353,1.2066773176193237,1.0843725204467773,1.2491426467895508,,1.1177690029144287,0.8680034875869751,,0.986452043056488,1.1595464944839478,1.169694185256958,0.7896344661712646,0.7052530646324158,0.873997688293457,0.7540284395217896,0.7458103895187378,0.7638133764266968,0.7708801031112671,0.913091242313385,0.6350691318511963,0.6963292360305786,0.6385026574134827,0.6231682300567627,0.7457919120788574,0.64708012342453,0.6528960466384888,0.8709487915039062,0.8550365567207336,0.5879980325698853,0.8564388751983643,1.039372444152832,,0.8356533050537109,0.7958881855010986,1.213897943496704,1.1423847675323486,1.2016007900238037,1.1270498037338257,1.2298122644424438,1.19557523727417,1.2571451663970947,1.264775037765503,1.2480895519256592,1.3915492296218872,1.253129005432129,1.305078387260437,1.1550405025482178,1.2609834671020508,1.1605502367019653,1.2659974098205566,0.9232407212257385,1.0961787700653076,0.8919053673744202,1.0251682996749878,1.120957612991333,1.1519949436187744,1.031117558479309,1.2512346506118774,1.302621841430664,1.3638708591461182,0.9544859528541565,0.9038585424423218,1.2897926568984985,1.3189363479614258,1.2922868728637695,1.0207492113113403,1.275553584098816,1.06959867477417,1.0098003149032593,0.7981488704681396,0.8179464936256409,1.0925326347351074,1.2344169616699219,1.2480082511901855,0.9429918527603149,1.1101200580596924,1.1734212636947632,1.1288942098617554,1.0113773345947266,1.1997796297073364,1.2193105220794678,0.9974658489227295,0.942304790019989,0.9385414123535156,,0.8158444762229919,1.0131675004959106,0.7155803442001343,1.0439038276672363,0.9420887231826782,0.6768733263015747,0.9021743535995483,1.058929443359375,0.7993850111961365,0.8893262147903442,0.7906802892684937,1.1524174213409424,1.0772674083709717,0.9392637014389038,0.8108311891555786,0.9282301068305969,0.9549211859703064,1.1055521965026855,0.9515841603279114,1.0413293838500977,1.301008701324463,1.2805484533309937,0.5954304337501526,0.4813705086708069,0.4587549567222595,0.5891547203063965,0.6743208765983582,,0.5118918418884277,0.4700731039047241,0.4191848039627075,0.46825987100601196,0.5627585649490356,0.7704999446868896
