,zebra,giraffe,deer,pony,horse,pig,rooster,penguin,bird,duck,fish,butterfly,frog,alligator,owl,elephant,bear,cat,dog,face,hair,arm,hand,leg,foot,ankle,finger,toe,tooth,ear,nose,eye,mouth,stroller,motorcycle,tricycle,truck,car,lamp,chair,bench,drawer,ladder,window,door,closet,shower,refrigerator,oven,crib,bed,couch,table,bathtub,sink,boat,slide,hose,sprinkler,swing,grass,tree,snow,helicopter,firetruck,clock,ball,balloon,pumpkin,egg,orange,apple,potato,strawberry,hat,slipper,watch,nail,raisin,glasses,necklace,carrot,vacuum,broom,mop,stick,shovel,scissors,spoon,fork,knife,pencil,pen,crayon,plant,flower,soap,bottle,cup,can,belt,radio,basket,milk,jar,bucket,tape,bowl,plate,corn,pickle,banana,melon,bread,cookie,toast,cracker,sandwich,chips,pizza,hamburger,muffin,pastry,meat,pasta,sauce,soup,applesauce,glass,coffee,dish,tray,box,book,paper,rock,comb,toothbrush,gum,toy,doll,mitten,glove,sock,shoe,purse,pillow,towel,napkin,blanket,dress,pajamas,bib,scarf,coat,jacket,sweater,shirt,jeans,pants,shorts,cloud,game
zebra,0.0,0.8068204522132874,1.0350679159164429,0.9220201373100281,0.702120304107666,0.6905040740966797,1.041764259338379,1.0446912050247192,1.0048068761825562,1.0253514051437378,0.9789414405822754,1.1293458938598633,0.9245195984840393,0.7082457542419434,0.5583450794219971,0.6051449179649353,0.5472230911254883,0.5861861109733582,0.652979850769043,0.8558433055877686,0.7986445426940918,0.7458245158195496,0.7475429177284241,0.730646014213562,0.8471018671989441,0.8138707876205444,0.9663568139076233,0.9333653450012207,1.0852895975112915,1.0181009769439697,1.0478310585021973,1.0749009847640991,0.9702222347259521,0.9628331065177917,0.9465274214744568,1.015836238861084,0.9691860675811768,1.064147710800171,1.1551246643066406,1.0773133039474487,1.0064880847930908,1.1317436695098877,1.013285756111145,0.9842862486839294,1.009116768836975,0.974532425403595,0.918277382850647,1.0675482749938965,1.0765119791030884,0.9491405487060547,0.8598398566246033,0.9585891962051392,0.9422163963317871,0.8781175017356873,0.9777719974517822,0.8807369470596313,0.9266266226768494,0.954098105430603,0.9515666365623474,0.9021250009536743,0.7578731179237366,0.8324747681617737,0.7278512716293335,0.9565187692642212,0.9435173273086548,1.1657865047454834,1.093658447265625,1.1170222759246826,1.0522717237472534,1.090995192527771,1.0879062414169312,1.1032882928848267,0.8206979036331177,1.133365511894226,0.9977614879608154,1.0449650287628174,1.0440988540649414,1.1851253509521484,1.106557846069336,1.0014653205871582,0.9954728484153748,1.000860571861267,1.0579116344451904,1.005355954170227,1.0053279399871826,0.9354116320610046,0.9665363430976868,0.9369072914123535,0.9798223972320557,1.0488872528076172,0.968692421913147,1.115922451019287,1.1363190412521362,1.1980724334716797,1.0667780637741089,1.1476800441741943,1.193550705909729,1.2103829383850098,1.1707773208618164,1.1474101543426514,0.9794902801513672,1.1373881101608276,1.0051608085632324,1.0486656427383423,1.0566422939300537,1.1296058893203735,1.155773639678955,1.1329511404037476,1.1001542806625366,1.0757898092269897,0.9956135749816895,0.9821961522102356,0.8853111267089844,0.9016022682189941,0.8530011773109436,,0.7721561193466187,0.8286265134811401,1.0269972085952759,0.8697572946548462,0.984521746635437,0.9032945036888123,0.8272109031677246,0.79277503490448,0.9749840497970581,1.0019770860671997,0.9699764847755432,0.9201273322105408,0.8274953365325928,1.0865713357925415,1.0395317077636719,1.0256803035736084,1.0874608755111694,1.050627589225769,0.9566596150398254,0.7273188829421997,0.9064463973045349,0.8784127235412598,1.0952171087265015,1.0851249694824219,0.7970041632652283,0.6816392540931702,0.8316913843154907,0.9019413590431213,0.8807601928710938,0.9851297736167908,0.9491620063781738,1.038458228111267,1.041502594947815,0.7345819473266602,0.6737123727798462,0.605412483215332,0.5547903776168823,0.767051100730896,0.8894727826118469,0.8121787309646606,0.741460919380188,0.8164231181144714,0.6739863157272339,0.7350145578384399,0.7170379161834717,,0.8732168674468994
giraffe,0.8068204522132874,0.0,1.0326787233352661,0.9294461011886597,0.7139232158660889,0.7949531078338623,1.0075896978378296,1.1097151041030884,1.0864062309265137,1.1361050605773926,0.9967156052589417,1.101902961730957,1.0195878744125366,0.7912270426750183,0.5310249328613281,0.6685775518417358,0.5906935930252075,0.5503332614898682,0.7166942954063416,0.8304155468940735,0.789209246635437,0.8009242415428162,0.9050707221031189,0.703303337097168,0.905835747718811,0.9256190061569214,0.9604001641273499,0.9359456300735474,1.1059162616729736,1.0242141485214233,1.0015766620635986,1.0481516122817993,0.9821901917457581,0.98455411195755,0.9345241189002991,0.9650532007217407,0.9810038805007935,1.1211891174316406,0.9900181293487549,0.9733712673187256,0.913821280002594,1.0131492614746094,0.9467453956604004,0.8641668558120728,0.8087613582611084,0.8183197975158691,0.8115612268447876,0.9958361983299255,1.0470176935195923,0.8943048715591431,0.7834168672561646,0.8419623970985413,0.9023870825767517,0.7693928480148315,0.9936517477035522,0.9720306396484375,0.9619550704956055,0.962723970413208,0.936018705368042,0.9583222270011902,0.6477054357528687,0.9237571358680725,0.48966753482818604,0.9200841188430786,0.9294961094856262,1.0555319786071777,1.0628023147583008,1.1123840808868408,1.0832122564315796,1.107953667640686,1.0863834619522095,1.090194582939148,0.8883224725723267,1.115247130393982,1.0902693271636963,1.0874840021133423,1.1097979545593262,1.0852129459381104,1.0653330087661743,1.0140758752822876,1.0731760263442993,1.0372403860092163,1.0173863172531128,0.9573360085487366,0.9775862097740173,0.9017643332481384,1.002158284187317,1.0070949792861938,1.0983061790466309,1.1458135843276978,1.0552537441253662,1.0674875974655151,1.130548357963562,1.091982364654541,1.0465848445892334,1.1159204244613647,1.1456060409545898,1.1526437997817993,1.1163939237594604,1.1179921627044678,1.0555360317230225,1.0922250747680664,1.0564332008361816,1.0724490880966187,1.071603536605835,1.1161102056503296,1.094925880432129,1.134355902671814,1.1183178424835205,1.0599967241287231,1.0085289478302002,1.076001763343811,1.007033348083496,0.902318000793457,0.9236255884170532,,0.9109702706336975,0.9419037103652954,1.1184840202331543,0.890036940574646,1.0568320751190186,0.8500189185142517,0.93367999792099,0.9100968241691589,1.0306713581085205,1.0838334560394287,1.055241346359253,1.0532186031341553,0.9327041506767273,1.048093318939209,1.0692821741104126,1.055884599685669,1.0186223983764648,1.0835477113723755,0.969088077545166,0.5989247560501099,0.951896071434021,0.9776777029037476,1.1067248582839966,1.040954828262329,1.0029819011688232,0.8855942487716675,0.971057653427124,0.9969594478607178,0.9670369029045105,1.0137090682983398,0.9774085879325867,1.0024991035461426,1.037743330001831,0.7272789478302002,0.8642983436584473,0.7954236268997192,0.8219910264015198,0.9194629192352295,0.9725714921951294,0.8176609873771667,0.7675355672836304,0.8402613401412964,0.6980454921722412,0.8028156161308289,0.8741023540496826,,0.9285323619842529
deer,1.0350679159164429,1.0326787233352661,0.0,0.976669192314148,0.987149715423584,1.027883768081665,0.946014940738678,0.8382346034049988,0.7907201647758484,0.8308488726615906,0.8694952726364136,0.8058133125305176,0.8838534355163574,1.0481725931167603,1.0607067346572876,0.9848594069480896,1.0969709157943726,1.096672773361206,1.0977787971496582,1.0225979089736938,1.062553882598877,1.0999844074249268,1.111176609992981,1.1051669120788574,1.1081857681274414,1.0344144105911255,1.0405524969100952,1.0365092754364014,0.972541093826294,1.0210838317871094,1.0020322799682617,0.9616456031799316,1.0410828590393066,1.0176998376846313,0.9753919243812561,0.9547088742256165,0.9740763902664185,1.000109314918518,0.6898176074028015,0.9732171893119812,1.0773271322250366,0.9945233464241028,1.0526334047317505,1.0325828790664673,1.098449945449829,1.0992130041122437,1.0620672702789307,1.0493742227554321,1.0727691650390625,1.0861796140670776,1.10963773727417,1.1188862323760986,1.085071086883545,1.0619553327560425,0.9983488321304321,1.0026624202728271,0.9841384291648865,0.8474047183990479,0.8723584413528442,0.9407498836517334,1.0480917692184448,0.9652211666107178,1.0529074668884277,0.8863558173179626,1.0174754858016968,0.8660449981689453,0.9452273845672607,0.9550877213478088,0.8991521596908569,0.9668887257575989,0.9421858191490173,0.945205807685852,1.1154437065124512,0.9504185318946838,0.82771235704422,0.8598716855049133,0.9003034830093384,0.9112326502799988,0.8778977990150452,0.8624150156974792,0.8331757187843323,1.0106594562530518,0.8500303030014038,0.9304831624031067,0.997552216053009,0.8902444839477539,0.8434258103370667,0.7693905830383301,0.8595978021621704,0.8246403932571411,0.8733701705932617,0.7400877475738525,0.7469963431358337,0.7992277145385742,0.9685489535331726,0.9375696778297424,0.9149602651596069,0.8736591339111328,0.8765326142311096,1.0028783082962036,0.9312199950218201,0.8850572109222412,0.9957851767539978,1.0299196243286133,1.0291978120803833,0.9103374481201172,0.8718494176864624,0.9079556465148926,0.9038712978363037,1.0580143928527832,1.0284152030944824,0.994998574256897,1.038922905921936,0.9737812280654907,0.9465785622596741,,1.0744003057479858,1.054248332977295,0.9760772585868835,1.0056689977645874,0.967099130153656,0.9675584435462952,0.9998830556869507,1.0397297143936157,0.9249240756034851,1.0036182403564453,0.9447417855262756,1.0716344118118286,1.0360201597213745,1.1178876161575317,0.9383118152618408,1.023943543434143,1.034907341003418,0.9496927857398987,0.9876717925071716,1.0496703386306763,1.0546201467514038,1.0156337022781372,0.9899972081184387,0.9354580640792847,1.0356850624084473,1.166777491569519,1.0518718957901,1.1039199829101562,1.0425069332122803,0.9044144153594971,1.0786439180374146,1.021240234375,1.0011447668075562,1.1270394325256348,1.065568208694458,1.1235177516937256,1.1280810832977295,1.0717378854751587,1.0841225385665894,1.1263556480407715,1.0840036869049072,1.0747498273849487,1.1120355129241943,1.1340020895004272,1.0956029891967773,,1.0122572183609009
pony,0.9220201373100281,0.9294461011886597,0.976669192314148,0.0,0.7313328981399536,0.7284916639328003,0.8446610569953918,0.8520396947860718,0.8227044343948364,0.931174635887146,0.8824500441551208,0.9294031262397766,0.6839529871940613,0.726024866104126,0.8418567776679993,0.8461401462554932,0.8591132164001465,0.8769330978393555,0.6916040778160095,0.8989435434341431,0.9025476574897766,0.8523472547531128,0.9394747018814087,0.797318160533905,0.8769260048866272,0.9612117409706116,1.0355325937271118,1.0033438205718994,1.044273018836975,1.0001999139785767,1.1307722330093384,1.0966966152191162,0.9968998432159424,0.9017442464828491,0.8829475045204163,0.9920148849487305,0.8937028050422668,0.9704850316047668,1.0636334419250488,0.913216233253479,0.8513512015342712,1.0428194999694824,0.8945504426956177,1.0220837593078613,1.0189725160598755,1.004728078842163,0.9944900274276733,1.0442031621932983,1.0481559038162231,0.9032744765281677,0.8953732252120972,0.9642248153686523,0.9264007210731506,0.9295607209205627,0.9786068797111511,0.8724397420883179,0.8198190927505493,0.8697624206542969,0.8252333998680115,0.8533422350883484,0.8508801460266113,0.8973811268806458,0.8626352548599243,0.9371971487998962,0.9512065649032593,1.0760117769241333,1.0103832483291626,1.035780668258667,0.9980542659759521,1.0926774740219116,1.065629005432129,1.0580172538757324,1.0106196403503418,1.012787938117981,0.9496839642524719,0.9322130084037781,1.032041072845459,1.1338419914245605,0.9567651748657227,0.9312470555305481,0.9316462874412537,0.9760221242904663,0.9678977727890015,0.8858047723770142,0.9708038568496704,0.8613542318344116,0.8498416543006897,0.83043372631073,0.9919727444648743,1.0399553775787354,0.956200897693634,1.0466564893722534,1.0906286239624023,1.0512714385986328,1.021096110343933,0.9606025218963623,1.1052252054214478,1.0515679121017456,1.0967546701431274,1.0958272218704224,1.0258764028549194,1.0461715459823608,1.0593620538711548,1.0342068672180176,1.0105292797088623,1.0697011947631836,1.0936100482940674,1.0954238176345825,1.0554943084716797,1.1080498695373535,1.0064936876296997,0.975936233997345,0.982984185218811,0.9632225632667542,0.8806282877922058,,0.9107774496078491,0.7693361043930054,0.9935725927352905,0.8773143291473389,0.9956712126731873,0.9681119322776794,0.8784157037734985,0.838452935218811,1.0038686990737915,0.9743518829345703,0.959877610206604,0.8507012128829956,0.8712905645370483,1.0400142669677734,0.9690223932266235,0.9300874471664429,0.9870609045028687,0.9757649302482605,0.9157103300094604,0.9291044473648071,0.8389960527420044,0.905928909778595,0.9605672955513,0.8591948747634888,0.9132266044616699,0.8605952858924866,0.8728697896003723,0.9070004820823669,0.8315263986587524,0.9547246098518372,1.025739073753357,0.9836193919181824,1.0029077529907227,0.8957163095474243,0.8075733184814453,0.8275060057640076,0.8518772125244141,0.9096411466598511,1.0079947710037231,0.8899462223052979,0.828799843788147,0.8515913486480713,0.7981088161468506,0.8135023713111877,0.825316309928894,,0.9396946430206299
horse,0.702120304107666,0.7139232158660889,0.987149715423584,0.7313328981399536,0.0,0.6476162672042847,0.9160312414169312,1.0819708108901978,0.9692887663841248,1.0220847129821777,1.043492317199707,1.1481304168701172,1.0174671411514282,0.41241782903671265,0.4114590883255005,0.270440936088562,0.6339033842086792,0.3760412335395813,0.4558485746383667,0.46996617317199707,0.39812171459198,0.3915119767189026,0.7936872243881226,0.48370563983917236,0.8901441097259521,0.9516306519508362,1.060304880142212,1.054093837738037,1.2048804759979248,0.9041213393211365,1.0552116632461548,1.1186227798461914,0.9249833822250366,0.8231251835823059,0.7143610119819641,0.848874032497406,0.8316404819488525,1.0355228185653687,1.1097172498703003,0.8258786797523499,0.7595922946929932,1.0905815362930298,0.8155691623687744,0.6674885153770447,0.7017765045166016,0.7404296398162842,0.7690831422805786,0.8789297342300415,0.9685749411582947,0.7778745889663696,0.6191853284835815,0.7212267518043518,0.6847319602966309,0.6987574100494385,0.9189790487289429,0.8037147521972656,0.8013268709182739,0.8093093633651733,0.8251492977142334,0.6751633882522583,0.617315411567688,0.5750249028205872,0.5161633491516113,0.7158388495445251,0.7672450542449951,1.182277798652649,1.1985852718353271,1.2163584232330322,1.1493536233901978,1.2731337547302246,1.1921586990356445,1.2022204399108887,0.8438088297843933,1.2175182104110718,0.9928826689720154,1.14145827293396,1.1923480033874512,1.2924503087997437,1.1743814945220947,0.7397621870040894,1.0408354997634888,1.109358787536621,0.8746840357780457,0.7999640107154846,0.9019638299942017,0.8168092966079712,0.9195581674575806,0.9319644570350647,1.0987030267715454,1.1707358360290527,1.0501549243927002,1.1846301555633545,1.250542163848877,1.310085415840149,0.9465712308883667,1.1316262483596802,1.3773345947265625,1.315187692642212,1.3192834854125977,1.1538500785827637,1.1024155616760254,1.1795463562011719,1.0908814668655396,1.068941593170166,1.0936869382858276,1.1937928199768066,1.2803611755371094,1.2666699886322021,1.2300057411193848,1.1698858737945557,1.0800672769546509,1.0880300998687744,1.0351136922836304,1.1123020648956299,1.0931404829025269,,0.9277427196502686,0.8845663666725159,1.098731517791748,0.9636507034301758,1.0476495027542114,1.0490220785140991,0.9019057750701904,0.8295454978942871,0.9873337745666504,1.1066076755523682,1.0812973976135254,0.9703930616378784,0.7139084339141846,1.0283929109573364,1.0920608043670654,0.9685625433921814,1.07667875289917,1.097318172454834,0.9646474719047546,0.6772053241729736,0.9140798449516296,0.9125432968139648,1.2626869678497314,1.2039135694503784,0.9677767157554626,0.7911140322685242,0.9482394456863403,1.0636152029037476,0.9162395596504211,0.9735281467437744,1.0419857501983643,1.127432107925415,1.1730912923812866,0.6001659035682678,0.5156874656677246,0.5036416053771973,0.5986884236335754,0.7424466013908386,0.8091061115264893,0.5001948475837708,0.38920289278030396,0.42687302827835083,0.44286298751831055,0.4310305118560791,0.5818461775779724,,0.8658477663993835
pig,0.6905040740966797,0.7949531078338623,1.027883768081665,0.7284916639328003,0.6476162672042847,0.0,0.962821900844574,0.9628990888595581,0.9382234215736389,0.890529990196228,0.8019545674324036,1.094875454902649,0.7993909120559692,0.6164969205856323,0.5831137895584106,0.624135434627533,0.5962927341461182,0.5529509782791138,0.3856728672981262,0.8607922196388245,0.7941279411315918,0.658449649810791,0.7127898931503296,0.5597387552261353,0.5682634711265564,0.614963173866272,0.831881046295166,0.7028223276138306,1.0407644510269165,0.9414175748825073,1.0313160419464111,1.1302701234817505,1.0140670537948608,0.8522831201553345,0.8267805576324463,0.9997568726539612,0.9903843402862549,1.0766427516937256,1.2103378772735596,0.9635288119316101,0.8507066369056702,1.1294605731964111,0.9309532642364502,0.9920636415481567,0.9725322723388672,0.9306727051734924,0.98418128490448,1.0808473825454712,1.116676688194275,0.86813884973526,0.7125365734100342,0.786261796951294,0.8690151572227478,0.8909867405891418,0.9945244789123535,0.831609845161438,0.8453372716903687,0.8330203294754028,0.87480628490448,0.8692023754119873,0.6690255403518677,0.9249510765075684,0.7508716583251953,0.9552116394042969,0.9472411870956421,1.1377195119857788,1.0182050466537476,1.0545191764831543,1.005552053451538,1.108970046043396,1.0759257078170776,1.04806649684906,0.6522356271743774,1.0900527238845825,0.8860495686531067,0.8533294200897217,0.9701948761940002,1.1220331192016602,0.9592431783676147,0.9124467968940735,0.895301103591919,0.8896237015724182,0.9892769455909729,0.8867227435112,0.949237585067749,0.8373384475708008,0.8550606369972229,0.8781602382659912,0.9995650053024292,1.134117841720581,0.9833309650421143,1.099694013595581,1.1453378200531006,1.1301155090332031,1.0245656967163086,1.091713786125183,1.2142354249954224,1.2391443252563477,1.2369129657745361,1.114315152168274,0.9343000054359436,1.1911942958831787,0.9868197441101074,1.0930508375167847,1.1117589473724365,1.1314890384674072,1.208391547203064,1.1560980081558228,1.123094081878662,1.1335363388061523,0.9765658378601074,1.0056339502334595,0.919910192489624,0.9092594981193542,0.8950873613357544,,0.8134141564369202,0.796994149684906,1.0580939054489136,0.8905905485153198,1.0525591373443604,0.8979805111885071,0.8476291298866272,0.7712715864181519,1.095596194267273,1.0615935325622559,1.0494903326034546,0.977933406829834,0.8741949796676636,0.9917641282081604,1.0001466274261475,1.0171654224395752,1.084667682647705,1.0112777948379517,0.9320080280303955,0.5792160630226135,0.898719072341919,0.821058988571167,1.0359653234481812,0.978691577911377,0.6951678395271301,0.5747988224029541,0.6601830720901489,0.7233041524887085,0.7253025770187378,0.8869462013244629,0.8288339376449585,0.9430495500564575,0.97385573387146,0.6085836887359619,0.7428648471832275,0.581487238407135,0.6017301082611084,0.8435864448547363,0.9153192043304443,0.7309339046478271,0.6934062242507935,0.7965329885482788,0.5360930562019348,0.6966671347618103,0.6612159013748169,,0.9372463822364807
rooster,1.041764259338379,1.0075896978378296,0.946014940738678,0.8446610569953918,0.9160312414169312,0.962821900844574,0.0,0.7631625533103943,0.6713092923164368,0.8466377258300781,0.6737927198410034,0.3789528012275696,0.5593898296356201,0.8025542497634888,0.8805292844772339,0.9873045086860657,0.9899765849113464,0.901939332485199,0.8126035332679749,1.00837242603302,0.9896200299263,1.0520789623260498,1.0732808113098145,1.0579742193222046,1.0371731519699097,1.1242250204086304,1.1004819869995117,1.0693140029907227,1.0237127542495728,0.9695960283279419,0.9939927458763123,0.9430384039878845,1.055464744567871,1.0011800527572632,0.9582939743995667,1.0468811988830566,0.9409694075584412,0.931145191192627,0.9237568974494934,1.018611192703247,1.024946928024292,1.0010924339294434,0.9845513105392456,0.9941860437393188,1.006260871887207,1.0208522081375122,0.9912410378456116,1.0971333980560303,1.061045527458191,0.9836294054985046,1.000357985496521,1.0073927640914917,1.0580536127090454,1.0023741722106934,1.043867588043213,1.0442618131637573,1.052875280380249,0.9902747273445129,0.938143253326416,1.055923342704773,1.0204724073410034,0.923517644405365,0.9850176572799683,0.9892674684524536,0.9556885361671448,0.9551523923873901,1.0138295888900757,0.993009626865387,1.002004623413086,1.015312910079956,1.0337927341461182,0.9899402260780334,1.16885244846344,0.7196935415267944,0.8876779675483704,0.9471455812454224,1.0067801475524902,0.996026337146759,0.8356176614761353,0.9994174838066101,0.9401506781578064,1.0310790538787842,0.9495171308517456,0.9546579122543335,1.0922609567642212,0.8976860642433167,0.9241591691970825,0.9212961196899414,0.9593424201011658,0.8801032304763794,1.0227030515670776,0.9324223399162292,0.9114987850189209,0.9683420062065125,0.9367503523826599,0.614041268825531,0.99238121509552,1.0337409973144531,1.0921865701675415,1.1220369338989258,1.0206704139709473,1.0035103559494019,1.0130836963653564,1.1021959781646729,1.0625656843185425,1.1369056701660156,1.0655086040496826,1.0867630243301392,1.0330859422683716,1.0330421924591064,1.0232985019683838,1.0671918392181396,1.022035837173462,0.9496303200721741,0.9335949420928955,,0.9649901390075684,0.8907577991485596,0.9935612678527832,0.8914283514022827,0.9304488897323608,0.896023154258728,0.8991092443466187,0.9348829388618469,1.0090605020523071,1.0709915161132812,1.0408178567886353,0.9189868569374084,0.9398518204689026,1.0187815427780151,1.047805666923523,1.0395585298538208,1.0326664447784424,0.9637881517410278,1.0358916521072388,1.007232666015625,1.0232187509536743,0.9825656414031982,0.9701076149940491,0.9178215265274048,0.8803878426551819,0.9431039690971375,1.011435866355896,1.1408412456512451,1.0110961198806763,0.9658096432685852,0.9909922480583191,0.920874297618866,0.9532576203346252,1.0050911903381348,0.9544869661331177,1.0585862398147583,1.0415507555007935,1.0307821035385132,0.966019332408905,1.008650302886963,1.0510140657424927,1.0603351593017578,1.067966341972351,1.0325381755828857,1.070940375328064,,0.9869590997695923
penguin,1.0446912050247192,1.1097151041030884,0.8382346034049988,0.8520396947860718,1.0819708108901978,0.9628990888595581,0.7631625533103943,0.0,0.6187233924865723,0.5498638153076172,0.6017307639122009,0.7728832364082336,0.6667554378509521,1.0791081190109253,1.0825190544128418,1.0940088033676147,1.003255844116211,1.0859159231185913,0.9522690176963806,1.0668315887451172,1.071690559387207,1.227799654006958,1.0835294723510742,1.1335816383361816,0.9504440426826477,0.939197838306427,0.9949970841407776,0.9022488594055176,0.8640633225440979,0.8681173324584961,0.8476951718330383,0.7686732411384583,1.0407025814056396,1.0510693788528442,1.0071104764938354,1.0842121839523315,0.9813047647476196,0.827060878276825,0.9207042455673218,1.1059225797653198,1.1878654956817627,1.1029376983642578,1.1252353191375732,1.1386699676513672,1.1707096099853516,1.1808788776397705,1.1299009323120117,1.1556123495101929,1.1348282098770142,1.179635763168335,1.2671089172363281,1.2360327243804932,1.2831982374191284,1.1981468200683594,1.1169923543930054,0.9567797780036926,1.0198601484298706,0.9994897246360779,0.9681993722915649,1.0899410247802734,1.065958023071289,1.0012460947036743,1.1513702869415283,1.0338623523712158,1.0837745666503906,0.914649486541748,0.8969065546989441,0.9004452228546143,0.9117007255554199,0.9383051991462708,0.9486515522003174,0.9235448837280273,1.1196736097335815,0.9258244037628174,0.6855854988098145,0.6552190184593201,0.7700029611587524,0.8936330676078796,0.6825904846191406,0.8706269264221191,0.9082074165344238,0.9238386154174805,1.0909463167190552,1.0444691181182861,1.0297634601593018,0.9256436228752136,0.9046820998191833,0.8911145329475403,0.9230037331581116,0.915942907333374,0.9374355673789978,0.9694233536720276,0.870762050151825,0.8407185077667236,1.0229284763336182,0.9262621998786926,0.8459517955780029,0.8085187673568726,0.884675920009613,0.996738612651825,0.8630140423774719,0.9443238377571106,1.032122015953064,1.0290054082870483,1.0521981716156006,0.9332974553108215,0.9040168523788452,0.9105774760246277,0.9633572101593018,0.9949865937232971,0.931983470916748,0.9293020963668823,1.0308853387832642,0.9091613292694092,0.9312849044799805,,1.0167959928512573,0.9274752140045166,0.9335801005363464,1.0247366428375244,1.0118942260742188,0.8673118352890015,1.019479513168335,1.0775845050811768,0.9913303256034851,0.9305285215377808,1.0041378736495972,0.9752692580223083,1.0511671304702759,1.0739691257476807,0.9910175204277039,1.1734267473220825,1.120525598526001,1.0530579090118408,1.1234952211380005,1.0944377183914185,1.0050259828567505,1.0616334676742554,0.8177061080932617,0.8980684280395508,1.0115970373153687,0.9734427332878113,0.7919473648071289,1.0158928632736206,0.8984832763671875,1.0367814302444458,1.0604809522628784,0.947541356086731,0.9272404909133911,1.2333199977874756,1.1216835975646973,1.2113162279129028,1.1243374347686768,1.0251282453536987,1.0443211793899536,1.202522873878479,1.2121001482009888,1.1636065244674683,1.165331244468689,1.2125258445739746,1.1264005899429321,,1.0478801727294922
bird,1.0048068761825562,1.0864062309265137,0.7907201647758484,0.8227044343948364,0.9692887663841248,0.9382234215736389,0.6713092923164368,0.6187233924865723,0.0,0.5638184547424316,0.5711570978164673,0.6490490436553955,0.46411681175231934,0.7833917737007141,0.9599977135658264,0.9434122443199158,0.9609214663505554,0.999332845211029,0.8838286399841309,1.0847612619400024,1.116688847541809,1.0852597951889038,1.0262577533721924,1.0561038255691528,0.9500972628593445,0.9554077982902527,0.9893697500228882,0.9337849617004395,0.9852200746536255,1.0130342245101929,1.0424481630325317,0.9844391345977783,1.135048270225525,1.0313252210617065,0.940369188785553,0.9534677267074585,0.8896756768226624,0.9870277047157288,0.8612845540046692,1.0490212440490723,1.0725914239883423,1.1071674823760986,1.0770037174224854,1.1084787845611572,1.1827208995819092,1.1622899770736694,1.0894359350204468,1.1657518148422241,1.1498041152954102,1.0923199653625488,1.1334949731826782,1.146089792251587,1.1070410013198853,1.114263892173767,1.0557801723480225,0.9232685565948486,0.951928973197937,0.8707230091094971,0.8444311618804932,0.9138450622558594,0.9477148056030273,0.8563902974128723,1.0400981903076172,0.8783416152000427,0.9881360530853271,0.8548932075500488,0.8893364667892456,0.8890357613563538,0.9017539620399475,0.9510465860366821,0.9565512537956238,0.9127055406570435,1.0699034929275513,0.9334356188774109,0.854846715927124,0.7923309206962585,0.9607378244400024,0.9992166757583618,0.7794288396835327,0.9709436297416687,0.9640563130378723,0.9745643734931946,0.9797753095626831,0.9395846128463745,0.9497145414352417,0.8134902119636536,0.7673270106315613,0.8061875104904175,0.819991946220398,0.8418314456939697,0.8335009813308716,0.9234966039657593,0.9236566424369812,0.9423753619194031,0.8949146866798401,0.8480132818222046,0.9704186916351318,0.9537202715873718,0.9933487176895142,1.0503216981887817,0.9698075652122498,0.9796387553215027,1.0222288370132446,0.9986379742622375,1.0372328758239746,0.9979851841926575,0.9903591871261597,0.9493560194969177,0.9096352458000183,0.9892768859863281,0.9422951936721802,0.8979036211967468,0.9160236120223999,0.8502357006072998,0.7930338382720947,,0.8698408007621765,0.9005228281021118,0.9622553586959839,0.8317102789878845,0.9258086085319519,0.8302762508392334,0.8318310379981995,0.8891763091087341,0.9402308464050293,0.9898949265480042,0.9472920894622803,0.8853092193603516,0.9356207847595215,1.0821751356124878,0.942706286907196,1.0639064311981201,1.0942786931991577,0.985248327255249,0.9921018481254578,0.8967140913009644,0.9410144686698914,0.9812267422676086,0.9386659860610962,0.9209505319595337,0.9523634910583496,0.8897705078125,0.8884507417678833,1.029201626777649,0.9035823941230774,0.9718457460403442,1.0258700847625732,0.9927658438682556,0.9531217813491821,1.128865361213684,1.0462796688079834,1.1113613843917847,1.0706164836883545,1.0451160669326782,1.1441853046417236,1.1112264394760132,1.11864173412323,1.1154189109802246,1.0591763257980347,1.1105906963348389,1.1096993684768677,,0.990116536617279
duck,1.0253514051437378,1.1361050605773926,0.8308488726615906,0.931174635887146,1.0220847129821777,0.890529990196228,0.8466377258300781,0.5498638153076172,0.5638184547424316,0.0,0.596591055393219,0.8443707227706909,0.7501983046531677,0.9976640939712524,1.0211259126663208,0.9396138191223145,1.042879581451416,1.1023023128509521,1.0428916215896606,1.1065951585769653,1.1646493673324585,1.1164000034332275,1.052003264427185,1.0954248905181885,0.928135097026825,0.8771287798881531,0.9432960748672485,0.8615787029266357,0.8441478610038757,1.0152020454406738,0.9414649605751038,0.9065235257148743,1.0103262662887573,1.0193339586257935,0.9943273067474365,0.988457441329956,0.9385297298431396,0.8946592211723328,0.9485865831375122,1.0072394609451294,1.0128459930419922,1.0694421529769897,1.0557411909103394,1.0820648670196533,1.1685452461242676,1.1356921195983887,1.114720106124878,1.0873537063598633,1.0941097736358643,1.0960098505020142,1.1684001684188843,1.1572635173797607,1.1344609260559082,1.141791820526123,1.0277400016784668,0.8415098190307617,0.8991532921791077,0.8670848608016968,0.916250467300415,0.990410327911377,1.0236510038375854,0.8958281874656677,1.1207829713821411,0.9512656927108765,0.9875136613845825,0.8518577218055725,0.793750524520874,0.7952234148979187,0.7711262702941895,0.8941341638565063,0.8825797438621521,0.7498661279678345,1.0532655715942383,0.8785401582717896,0.7736303806304932,0.6493746042251587,0.7577673196792603,0.8444106578826904,0.6549276113510132,0.8792003393173218,0.8178365230560303,0.9520313143730164,1.044030785560608,0.9952985048294067,0.993478536605835,0.8600726127624512,0.8160891532897949,0.8871560096740723,0.8435376882553101,0.8857017159461975,0.8740447759628296,0.9197577238082886,0.8930392861366272,0.8132023215293884,0.8658732771873474,0.8659577965736389,0.83941650390625,0.8229891061782837,0.8336910009384155,0.9076263904571533,0.8160826563835144,0.9247832298278809,0.9466410875320435,1.0264594554901123,0.9823299646377563,0.8235365748405457,0.8819975852966309,0.7926785945892334,0.8793968558311462,1.034722924232483,0.8761114478111267,0.871634304523468,0.9174420833587646,0.8777603507041931,0.8504911065101624,,1.0389255285263062,1.0244152545928955,0.9342856407165527,0.9582086205482483,0.9176376461982727,0.9259117841720581,0.9526823163032532,0.9291865825653076,0.960428774356842,0.9299648404121399,0.9945999979972839,0.9666904807090759,0.9746091365814209,1.0132226943969727,0.9406933784484863,1.0691642761230469,1.0564501285552979,0.9923632144927979,1.0703130960464478,0.9541711807250977,1.0325254201889038,1.045143961906433,0.8097430467605591,0.896601140499115,1.0836279392242432,0.9912797808647156,0.8303189277648926,0.9683330655097961,0.8277238607406616,0.9560390710830688,0.9907301664352417,0.9288547039031982,0.9172791242599487,1.1547582149505615,1.081969141960144,1.1650853157043457,1.095255732536316,1.0370938777923584,1.1714223623275757,1.144554615020752,1.1842420101165771,1.1533526182174683,1.1398341655731201,1.1722655296325684,1.081170678138733,,1.0306297540664673
fish,0.9789414405822754,0.9967156052589417,0.8694952726364136,0.8824500441551208,1.043492317199707,0.8019545674324036,0.6737927198410034,0.6017307639122009,0.5711570978164673,0.596591055393219,0.0,0.6177528500556946,0.43409252166748047,0.9179771542549133,0.8919107913970947,0.9863728880882263,0.877738356590271,0.920142650604248,0.8691900372505188,1.105149745941162,1.107420802116394,1.1106559038162231,0.9131612181663513,0.9950854182243347,0.8385282754898071,0.8212326169013977,0.8497797846794128,0.7361275553703308,0.7552084922790527,0.9776415228843689,0.8877415657043457,0.8841280341148376,1.048980951309204,1.1510595083236694,1.0425907373428345,1.071413516998291,1.032836675643921,0.9181431531906128,0.9663845896720886,1.1771576404571533,1.1113386154174805,1.170315146446228,1.149076223373413,1.238718032836914,1.2823179960250854,1.2532116174697876,1.1534112691879272,1.2621142864227295,1.2238976955413818,1.173818826675415,1.211140751838684,1.223003625869751,1.2113741636276245,1.1705158948898315,1.0925025939941406,0.8340904116630554,0.9188169240951538,0.8928129076957703,0.8491939306259155,0.9901480674743652,0.8575514554977417,0.9563637971878052,1.0310105085372925,1.037498116493225,1.0704267024993896,0.7449344396591187,0.6980534791946411,0.7033394575119019,0.7347978949546814,0.7928694486618042,0.8336619138717651,0.7009159326553345,1.059897541999817,0.7385265827178955,0.7255616188049316,0.5488466024398804,0.7244744300842285,0.7614930272102356,0.6625391244888306,0.9296746253967285,0.7576349973678589,0.7333405613899231,1.1657649278640747,0.9426482319831848,1.0043859481811523,0.6455717086791992,0.614071249961853,0.7141134738922119,0.6504580974578857,0.7265725135803223,0.7652875185012817,0.6763257384300232,0.680743932723999,0.598402202129364,0.9556885361671448,0.8094984292984009,0.8042705655097961,0.8333582878112793,0.8489208221435547,1.0783330202102661,0.7154556512832642,1.0963386297225952,1.0843580961227417,1.103135585784912,1.0548955202102661,0.9487530589103699,0.8616681098937988,0.8044760823249817,0.83514803647995,0.9308252930641174,0.7632160186767578,0.7268280386924744,0.8505779504776001,0.7364999055862427,0.8733683824539185,,0.8311886787414551,0.9119858741760254,0.909729540348053,0.9035123586654663,0.8132496476173401,0.7818758487701416,0.9293201565742493,0.9233161807060242,1.0294313430786133,0.8860701322555542,0.9272499084472656,0.8536756038665771,0.8818573355674744,1.1307141780853271,0.9379338026046753,1.125004529953003,1.1697441339492798,1.0196106433868408,1.0361263751983643,0.7441096305847168,0.9562684893608093,0.757648229598999,0.5709601044654846,0.7485172748565674,0.9520493745803833,0.7734663486480713,0.6971665620803833,0.9210260510444641,0.8152992725372314,1.0143725872039795,0.9670389890670776,0.8858299851417542,0.8374904990196228,1.1231938600540161,1.0529754161834717,1.0684030055999756,0.9698677062988281,1.0295075178146362,1.188857078552246,1.206404685974121,1.160483479499817,1.1409270763397217,0.9965991377830505,1.0888864994049072,1.0195538997650146,,1.0647836923599243
butterfly,1.1293458938598633,1.101902961730957,0.8058133125305176,0.9294031262397766,1.1481304168701172,1.094875454902649,0.3789528012275696,0.7728832364082336,0.6490490436553955,0.8443707227706909,0.6177528500556946,0.0,0.5809170007705688,1.0570363998413086,1.1407285928726196,1.1691265106201172,1.181410789489746,1.169481873512268,1.105142593383789,1.0956486463546753,1.1586965322494507,1.2589232921600342,1.1439716815948486,1.1646190881729126,1.082714319229126,1.0832856893539429,0.9785141944885254,0.9598934054374695,0.8767615556716919,0.9813145995140076,0.8978525996208191,0.8598967790603638,1.0596137046813965,1.1345973014831543,1.078834056854248,1.0427721738815308,1.0137029886245728,0.938358724117279,0.786223292350769,1.089496374130249,1.1590766906738281,1.0370365381240845,1.1335464715957642,1.1232795715332031,1.1453322172164917,1.1456624269485474,1.118764877319336,1.1710691452026367,1.1402031183242798,1.196195125579834,1.2426594495773315,1.1827107667922974,1.2506341934204102,1.2123000621795654,1.136244773864746,1.1277400255203247,1.1742393970489502,1.12164306640625,1.1093076467514038,1.1827921867370605,1.1578104496002197,1.0299168825149536,1.1565006971359253,1.0357998609542847,1.091721773147583,0.7854912281036377,0.9006392955780029,0.9029327034950256,0.867090106010437,0.8765687942504883,0.8702417612075806,0.8335779905319214,1.1736737489700317,0.5774217247962952,0.8269318342208862,0.8107860088348389,0.8535111546516418,0.7618640065193176,0.7917678356170654,0.9292458295822144,0.7879529595375061,0.957161009311676,1.082732081413269,1.0939902067184448,1.1185193061828613,0.9461080431938171,0.9733049869537354,0.9263700842857361,0.8989031910896301,0.6856037378311157,0.9800682663917542,0.7855045795440674,0.733818531036377,0.7790981531143188,0.8975722789764404,0.6100537776947021,0.8335652351379395,0.897357702255249,0.8789490461349487,1.0353176593780518,0.8398647904396057,0.9635286331176758,1.0734606981277466,1.060283899307251,1.0405761003494263,1.0412883758544922,0.9289001226425171,0.9421454668045044,0.9122475385665894,0.9937223792076111,1.0473451614379883,1.0196696519851685,1.060850739479065,0.967809796333313,0.8852602243423462,,1.0600425004959106,1.029034972190857,0.9291511178016663,0.9654722809791565,0.9014362096786499,0.9591186046600342,0.9678466320037842,1.041395902633667,1.022576928138733,1.0310763120651245,1.0156558752059937,1.0395572185516357,1.151513934135437,1.0691041946411133,1.050992727279663,1.165409803390503,1.1359314918518066,0.9682872295379639,1.077128529548645,1.1217576265335083,1.096871018409729,1.1164219379425049,0.9009495377540588,0.9553176164627075,1.0621323585510254,1.1622238159179688,1.0646265745162964,1.165338158607483,1.0617384910583496,1.0361638069152832,1.032405138015747,0.9270467162132263,0.9216830134391785,1.2405612468719482,1.1533066034317017,1.2656562328338623,1.224985122680664,1.104794979095459,1.0914655923843384,1.2034121751785278,1.2443490028381348,1.18953275680542,1.2384307384490967,1.208195447921753,1.1587327718734741,,1.0594818592071533
