Cross-model RDM correlations (lower triangle, run=valid129)

Included categories file: /home/j7yang/babyview-projects/vss2026/object-detection/data/included_categories_valid129.txt
Threshold: 0.27
n_common_categories: 129

Dataset: bv (clip vs dinov3)
  n_pairs: 8256
  pearson_r: 0.906720 (p=0.000e+00)
  spearman_r: 0.874157 (p=0.000e+00)
  kendall_r: 0.695030 (p=0.000e+00)
  mae: 0.071626
  rmse: 0.090522

Dataset: things (clip vs dinov3)
  n_pairs: 8256
  pearson_r: 0.678917 (p=0.000e+00)
  spearman_r: 0.487330 (p=0.000e+00)
  kendall_r: 0.341569 (p=0.000e+00)
  mae: 0.074328
  rmse: 0.096420
