,alligator,ankle,apple,arm,ball,balloon,banana,basket,bathtub,bear,bed,belt,bench,bib,bird,blanket,boat,book,bottle,bowl,box,bread,broom,bucket,butterfly,can,car,carrot,cat,chair,clock,closet,coat,coffee,comb,cookie,couch,cracker,crayon,crib,cup,deer,dish,dog,doll,door,drawer,dress,ear,egg,elephant,eye,face,finger,firetruck,fish,flower,foot,fork,frog,glass,glasses,glove,grass,gum,hair,hamburger,hand,hat,helicopter,horse,jacket,jar,jeans,knife,ladder,lamp,meat,melon,milk,mitten,motorcycle,mouth,muffin,nail,napkin,necklace,nose,orange,oven,owl,pajamas,pants,paper,pen,pencil,pickle,pig,pillow,pizza,plant,plate,pony,potato,pumpkin,purse,radio,raisin,refrigerator,rock,rooster,scarf,scissors,shirt,shoe,shorts,shovel,sink,slide,slipper,snow,soap,sock,spoon,sprinkler,strawberry,stroller,sweater,swing,table,tape,toe,tooth,toothbrush,towel,toy,tray,tree,truck,vacuum,watch,window
alligator,0.0,0.9761109,0.99268085,1.1493428,0.9906153,1.0393038,0.80972445,0.8891932,1.175501,0.9997671,1.1694306,0.66609454,1.2365354,1.2206956,0.09768534,1.18249,1.1617082,0.9011232,0.9655591,0.921912,0.9033199,0.88948804,0.9081521,1.0518537,0.09547305,0.7936185,0.97740835,1.0897226,1.0300734,1.1550182,1.0517302,1.1200854,1.2241656,0.9436139,1.0578736,1.0974587,1.225903,1.0873842,0.70743537,1.2145016,0.96190184,0.96710396,0.88489807,0.90021086,1.0684478,1.0999224,0.85250664,1.2882996,1.1000959,1.08669,1.0341101,1.0842023,1.2256937,1.2308757,1.0633483,0.41367424,0.9126694,1.1351206,0.84034497,0.13825154,1.1442105,0.9523129,0.82359564,1.0761167,1.0495449,1.2438654,1.1481597,1.2820153,0.89589936,0.9183085,0.9141215,1.2084304,1.1550778,1.0273973,0.72480774,0.93860173,1.0694289,0.86624634,0.9753977,1.1681255,1.0392252,1.036906,1.1212833,1.2428569,1.0070009,0.8137264,0.8414324,1.1953961,0.92994714,1.1204507,0.9405553,1.2776647,0.9783417,1.177295,0.7661409,0.8110713,0.9432744,0.8658182,0.89571136,1.130516,0.95251703,0.83195305,0.92727655,0.8771088,0.97845674,1.0900757,0.5654901,0.6765207,1.1248107,1.0932703,0.87280166,1.2698112,0.56535745,1.2215708,1.0496913,0.9514177,0.7211807,0.85122496,1.2067199,0.7701007,0.9698254,1.057308,0.9851871,0.84043723,0.89654857,0.8981287,1.0323088,1.2555866,0.98909926,1.2777538,0.9077765,1.0267283,1.0253843,1.173259,0.88065684,0.83622533,0.92166924,1.1605469,1.0661463,0.9764564,0.9662983,1.150423
ankle,0.9761109,0.0,0.84842134,0.798169,0.9230149,0.9310225,0.8957456,1.0906107,1.2253077,1.0517762,1.259981,0.7944625,1.1818972,1.059436,0.9256319,1.1227224,1.1804832,1.0548334,1.0652131,1.0009583,1.1875263,0.8270757,0.9532328,1.010079,0.9158536,0.9082131,1.1539445,0.5240137,1.093251,1.1383454,1.1154606,1.2521234,1.0131378,0.9443593,1.1013576,1.11768,1.1450648,0.9799558,0.79406106,1.339979,0.99535257,0.8991375,0.8523622,1.2124145,1.0579424,1.2023376,0.976829,0.9271616,0.8227248,0.7393122,1.0416749,0.77088094,1.1557243,0.5265947,1.1504595,0.95227504,1.0728588,0.87848806,0.91455865,0.9433543,1.2233381,0.8564709,0.8254335,1.3337364,0.9317852,1.1960249,0.98028815,0.6938448,0.8043584,1.0962353,1.1295543,1.0892301,1.1019881,0.96341586,0.8041985,1.0692211,1.0975589,0.9680185,0.72981435,1.0320054,0.9113273,1.1638618,0.8384206,1.0416121,0.8082484,0.76912165,0.9011104,0.7417177,0.8528192,1.1970924,1.02319,0.9878909,0.95440394,1.2583921,0.7547214,0.71276045,1.077286,1.0255,0.7879883,1.2282776,1.1997523,0.96557355,1.1378233,0.964939,0.71182257,1.0503953,0.98558515,0.8624629,1.2827564,1.2101867,0.98008156,1.1047366,0.8703385,1.0323313,0.8550199,0.64495754,0.7892927,0.97890854,1.1784996,0.61416835,1.2600055,0.9488361,0.6853101,0.77568746,0.7053818,0.8301115,1.201836,1.1139692,1.1834282,1.3347927,0.96085256,0.4646464,1.0301139,1.123109,0.82517934,0.98527926,1.1210409,1.2254804,1.203735,1.0230553,0.76333106,1.2758151
apple,0.99268085,0.84842134,0.0,1.410959,0.51808137,0.49470907,0.5818239,0.8206389,1.4795768,1.0552689,1.5458612,0.48009545,1.5341687,1.3248913,0.957908,1.5213072,1.2125082,0.94267994,0.34658277,0.6161256,1.2142901,0.32846177,0.90067446,0.90100974,0.7126227,0.6076662,1.0479999,0.9266593,1.0628462,1.4683394,0.95665485,1.2983003,1.3669014,0.67990386,1.0664186,1.1971511,1.4370606,1.2030666,0.27281767,1.5127425,0.49433178,0.7757082,0.8410131,1.4278735,1.1632152,1.3024819,1.050268,1.4271564,0.9420711,0.4909129,1.2442837,0.7010664,1.180597,0.9433569,1.1948903,0.8159697,0.85594785,1.1734116,0.49182367,0.84935707,1.2588406,0.63254756,1.2273009,1.2920051,0.38389808,1.2200454,0.9993747,1.2834938,0.4539231,1.1788743,1.2508364,1.3872232,1.0268724,1.4062302,0.6972426,1.0211897,1.0407726,1.1674978,0.49529213,1.2318014,1.3586411,1.1563058,0.91253453,1.240925,0.22282332,0.8718711,0.9055501,0.59607583,0.18720281,1.3654392,1.0642136,1.4337196,1.3187038,1.477603,0.42568827,0.45018107,0.6014923,1.1554751,1.0589789,1.1960319,1.1454513,0.7706599,1.2259201,0.3408656,0.42839384,1.1743805,0.8694577,0.55994964,1.3262305,1.2851422,1.1830618,1.3588555,0.7358223,1.3898768,1.321065,1.0425203,0.75848484,0.82387084,1.3973079,0.32030392,1.2762736,0.45720625,0.95514363,0.6358129,0.79801464,0.23303044,1.3368354,1.4392781,1.2383819,1.5235323,0.49116194,0.62334764,0.578279,1.3866446,1.04117,0.7750504,1.1868414,1.2574251,1.2446969,0.92775697,0.28329659,1.3508492
arm,1.1493428,0.798169,1.410959,0.0,1.3355544,1.3326802,1.3921967,1.3700659,0.82917666,0.98080397,0.46195453,1.3649559,0.47743398,0.64831215,1.1596295,0.5193623,0.7847266,1.2486567,1.4653767,1.4637468,1.1475958,1.3987609,1.2723876,1.5192107,1.3558758,1.4760762,1.2574263,0.6818054,0.96715885,0.8140465,1.3737063,0.69868493,0.5080317,1.3596823,0.817986,0.9948484,0.41389477,0.8897204,1.4069102,0.7678762,1.5540923,1.3907248,1.2631893,0.70652103,1.083547,0.97815937,1.1166631,0.56687176,0.932793,1.3045374,0.69991773,1.0863839,0.5648049,0.6570674,0.9526985,1.1189964,1.3302107,0.7561726,1.4463389,1.3609898,0.9447372,1.1134739,0.68594337,0.773427,1.4026916,0.5780526,1.0150009,0.3190149,1.3213948,1.1703967,0.901619,0.4500754,1.2187153,0.46768105,1.3009919,1.2045617,1.2068682,0.9836593,1.245187,1.1628678,0.6010937,1.0737168,0.86628807,0.69284344,1.2274063,1.3043932,1.3625395,1.0828384,1.3211741,0.92883265,1.064566,0.46818513,0.5249216,0.7004075,1.3605939,1.2705355,1.3346696,0.8871214,0.89802283,0.9016547,1.1258296,1.4704245,1.032828,1.3876028,1.2420337,1.1076703,1.2858137,1.4059937,0.9826513,0.8379849,0.96861684,0.52090013,1.2683681,0.30888706,0.70247835,0.77694607,1.4224014,1.3622777,0.63630986,1.3693817,0.8212856,1.4299026,0.92347556,1.4402173,1.2232108,1.4355639,0.956995,0.40701246,0.9404409,0.5635507,1.4525733,0.92668056,1.1025829,0.60736716,1.2391536,1.4000638,1.1550487,0.7946951,0.9931994,1.2237659,1.1536055,0.8537754
ball,0.9906153,0.9230149,0.51808137,1.3355544,0.0,0.07229072,0.7765436,1.0168674,1.2802823,1.1401078,1.3765179,0.9167245,1.3488691,1.166615,0.8983161,1.3377883,1.1488057,0.92311287,0.7498882,0.7845888,1.1223148,0.7297196,1.0463513,0.8121014,0.8280753,0.885483,0.9860142,1.1219256,1.2271063,1.3512716,0.7185297,1.2718616,1.3483262,0.86804235,1.1867754,1.0031577,1.3116902,1.2527716,0.69034404,1.388077,0.6789544,0.71159077,1.016167,1.1826094,0.9620167,1.2448735,1.0301191,1.2786933,1.0896763,0.46337295,1.1795475,0.79268897,1.1599693,1.0197253,1.1590794,0.8595634,0.8740932,1.0136253,0.78294396,0.79364914,0.96237594,0.88157105,1.0360299,1.2691982,0.6721461,1.2756144,0.9106063,1.2539834,0.68110144,1.0021553,1.0056763,1.3737708,0.89329326,1.3672411,0.8546165,1.1113499,0.9273591,1.0076847,0.47344863,1.104723,1.0738504,0.9695719,0.9187608,1.1484195,0.5136353,0.8691333,0.7763034,0.8846172,0.54160756,1.3073425,1.0450605,1.2723616,1.33621,1.2453158,0.7667563,0.8241612,0.9095822,0.90515053,1.2212492,1.1376683,1.1031429,0.78058296,0.93014663,0.74262965,0.46612316,1.0280871,0.9590889,0.7437148,1.3056381,1.1996169,0.9568574,1.3595694,0.8022634,1.385755,1.074901,1.1901401,0.94056946,0.9786826,1.3103313,0.68102646,1.2381996,0.7029906,0.7948221,0.76547635,0.9139402,0.53780144,1.1146482,1.3663508,1.1146629,1.316165,0.53100604,0.75917685,0.9770687,1.2313923,0.9685813,0.48123264,1.0748,1.1569006,1.066546,1.0666883,0.7569592,1.3118033
balloon,1.0393038,0.9310225,0.49470907,1.3326802,0.07229072,0.0,0.7936424,0.9740835,1.2155324,1.0955423,1.3771713,0.9148711,1.3400365,1.163353,0.9430446,1.3848752,1.1141553,0.9194056,0.6960742,0.7498528,1.0917808,0.73687506,1.003946,0.7428214,0.8648958,0.81409174,0.977919,1.1649871,1.185169,1.2911239,0.6928927,1.2693352,1.3416077,0.8062225,1.1627187,1.0064334,1.3052833,1.2606579,0.6881352,1.3554823,0.61872524,0.7256364,0.99549943,1.2090023,1.0047207,1.2246583,1.0403509,1.3073157,1.152052,0.48277396,1.2166628,0.8518592,1.1696749,1.0808756,1.1389809,0.93434435,0.809535,1.0033233,0.7571229,0.85706925,0.9341134,0.9710772,1.1553471,1.2604996,0.7185695,1.285246,0.8672626,1.2959206,0.7206228,1.0072933,1.0391781,1.3688147,0.8564867,1.3966919,0.8437311,1.0228064,0.879299,1.0501403,0.5079421,1.0487363,1.1870079,0.95607966,0.95723754,1.1227964,0.5217891,0.90706563,0.73813605,0.9308336,0.5572255,1.2236686,1.0767924,1.3072164,1.3421011,1.2384814,0.7633833,0.8025502,0.8251851,0.97415704,1.25821,1.127552,1.0490026,0.7935786,0.9477062,0.71851516,0.5049488,1.046434,1.0049535,0.7276097,1.2730994,1.1976008,0.98844564,1.3540449,0.83667165,1.3891976,1.155208,1.2191408,0.8950874,0.8779489,1.2664192,0.74681664,1.2493539,0.6612728,0.88290024,0.76961577,0.94014525,0.5160783,1.0917758,1.3691978,1.1430264,1.3054905,0.5078477,0.8548041,0.9714454,1.2665651,0.9830312,0.5636509,1.0723499,1.1088158,1.080787,0.99789536,0.79348993,1.2666705
banana,0.80972445,0.8957456,0.5818239,1.3921967,0.7765436,0.7936424,0.0,0.87491024,1.2925308,0.9456291,1.440883,0.69706154,1.4327166,1.2353967,0.8127303,1.3327116,1.1874217,0.8282614,0.76626325,0.6897474,0.96274996,0.6182447,0.95784825,0.87992436,0.6575401,0.7829544,0.9551585,1.0447763,1.0943397,1.310744,0.88837695,1.2690398,1.3434776,0.8640959,1.1042477,1.058543,1.4545428,0.99466896,0.5709286,1.3424318,0.7439461,0.8177672,0.79736036,1.3385851,1.0997158,1.2618237,0.9921203,1.299982,0.99114865,0.8150366,1.1439129,0.9153663,1.2890388,1.060086,1.1418884,0.68920535,0.94914645,1.168854,0.69256425,0.46732354,1.226757,0.8060025,1.0260499,1.2159432,0.71982497,1.3177545,0.9375462,1.238878,0.6415454,0.96823704,1.1945128,1.3139775,0.8019918,1.2234085,0.6616435,1.1131663,1.0470872,1.0358601,0.66462934,1.1009154,1.1284777,1.052016,0.99337727,1.1782204,0.7714046,0.6250993,0.8592837,0.92527664,0.58796805,1.0806131,0.8651055,1.3359989,1.2530397,1.240886,0.6572523,0.69109917,0.82343745,1.0944972,1.0624938,1.131175,1.0920168,0.5583726,1.1719903,0.64998436,0.6894486,0.9314664,0.7976212,0.7241012,1.2125359,1.2147086,1.1169394,1.276735,0.5756048,1.3440435,1.1008792,0.9988085,0.74313754,0.8716042,1.2630906,0.52897054,1.0954835,0.6567274,0.9078368,0.58770454,0.87378234,0.674183,1.1837952,1.371641,1.0679642,1.3810804,0.6664919,0.890013,0.95752203,1.155364,0.85169756,0.5426656,0.9188066,1.2112625,1.1787761,1.0404292,0.69296914,1.3107538
basket,0.8891932,1.0906107,0.8206389,1.3700659,1.0168674,0.9740835,0.87491024,0.0,1.038995,1.1234634,1.1569419,0.5916047,1.0643063,1.3165406,0.91655463,1.2932627,1.3114438,0.67689514,0.7027555,0.47944522,0.4935751,0.6848547,0.66313106,0.57913435,0.7941407,0.43445837,0.9910278,1.1892915,1.0253286,0.8263233,0.89974296,1.0601957,1.3053176,0.773381,0.79569006,0.89510643,1.2144073,0.72708595,0.6936002,0.9263679,0.57266635,0.8425805,0.73153806,1.2980883,1.0480511,0.9372475,0.56327105,1.2857587,1.1880748,1.0527042,1.1691079,1.1314855,1.3507817,1.3332199,0.9818795,0.8993782,0.99524367,1.1463442,0.7082863,0.83051765,1.1495943,1.0867223,1.1905742,1.1982507,0.8762664,1.3548517,0.93686223,1.4371383,0.9984094,0.99135125,1.2552037,1.4078126,0.829114,1.3020977,0.7540583,0.54127216,1.001438,0.99537504,0.96575695,0.8365185,1.2798923,1.0538267,1.1668069,1.1247525,0.968577,0.7662131,0.77609885,1.1491996,0.85781085,0.8917636,0.93577915,1.3496726,1.1983238,1.0906745,0.73145485,0.72162473,0.787211,1.2761464,0.76232743,0.9298984,1.0007064,0.61465955,1.2288327,0.7601664,0.9898709,0.8416413,0.51713306,0.7102379,0.8407788,1.0594522,1.2397676,1.2786427,0.91255057,1.413593,1.2132144,1.0728564,0.5123564,0.5263152,1.1972461,0.738505,1.0037494,0.89188474,1.0762274,0.7576754,0.9178866,0.829512,1.01507,1.3903348,1.2243333,1.2275007,0.69075394,1.1171327,0.9009339,1.2159901,0.698361,0.9222988,0.64474297,1.2238712,1.1854142,0.7355138,1.0054982,1.1176125
bathtub,1.175501,1.2253077,1.4795768,0.82917666,1.2802823,1.2155324,1.2925308,1.038995,0.0,0.96339965,0.56106704,1.2788482,0.4419002,0.9646931,1.1770945,0.7214638,0.8514744,0.9196463,1.3045449,1.0061846,0.7059449,1.4146453,0.9639883,0.93274033,1.2931393,1.0759124,0.8467879,1.1855835,0.8510086,0.44076073,0.9503516,0.8310343,0.85950196,1.1152655,0.99979967,0.8953137,0.6576796,1.061063,1.3973651,0.510308,1.2262764,1.2205238,1.0101037,0.9057536,1.0833466,0.5818069,0.7048787,0.8845446,1.2147498,1.2804439,0.9776449,1.2350103,0.9775944,1.1492099,0.8478602,1.2510905,1.0817933,1.008457,1.235689,1.2474351,0.9011691,1.2633175,1.1054641,0.81556284,1.3512428,0.98919445,1.009054,0.9847185,1.4070653,0.7510249,1.0479693,0.84408724,0.9705304,0.9223271,1.1466466,0.7734839,0.6084621,1.0524315,1.3126743,0.771862,0.9939597,0.95026565,1.2053896,0.84809256,1.4604148,1.0574665,1.0276469,1.2771677,1.4431663,0.487355,1.1054566,0.9042556,0.92947453,0.67204016,1.2902964,1.2786973,1.1251574,1.107896,0.8770725,0.83948636,0.8872694,1.0386591,1.0242412,1.2604275,1.4061217,1.0208542,1.0018195,1.3595402,0.74953115,0.7216125,1.0499098,0.89452046,1.2177594,0.89170504,1.0727078,1.101089,1.0981103,0.6988094,0.5039298,1.5022769,0.860329,1.2328985,1.1814601,1.0918766,1.1033883,1.4639485,0.91314316,0.880513,0.81549716,0.58304745,1.1683779,1.389135,1.1097646,0.8299321,1.0038736,1.2744813,0.8133172,0.8205463,0.8664337,0.9690105,1.4373107,0.49440718
bear,0.9997671,1.0517762,1.0552689,0.98080397,1.1401078,1.0955423,0.9456291,1.1234634,0.96339965,0.0,0.94423246,0.98833126,1.1002873,0.9908116,1.0192125,1.0195893,0.8205453,1.1579518,1.0662723,1.189761,1.2366846,1.1125816,1.0123338,1.1698178,0.9945376,1.1088955,0.8752487,0.97224146,0.4573915,1.1483257,1.1112185,1.0374967,0.89473385,0.85867065,0.7585311,1.1080105,1.0452839,0.939834,1.0668976,1.057487,1.1501964,1.1278863,1.0144048,1.0207736,1.3243186,1.1340321,1.2335508,1.0345436,1.0032942,1.2792051,0.7465426,0.93446803,0.98562634,0.9598181,0.8442726,0.9316895,1.0027943,1.0754043,0.9671387,1.0203292,1.0939381,0.9724172,1.1160859,0.71844625,1.0054796,0.90559185,1.0218903,0.9510681,1.0683842,1.0977083,0.9886587,0.85777634,1.0142452,0.8092291,1.1240431,1.096061,0.9634902,1.1765602,1.151526,1.1283638,1.0420355,1.0846295,0.99621445,0.97303027,1.0876042,1.2981212,0.96071243,0.9575209,1.1494585,0.93392926,0.8085072,0.9332222,0.909598,1.0729762,1.0975169,1.1011859,0.98303086,1.0706838,1.166404,0.8961144,0.9737836,1.2753626,1.0239048,1.0098685,1.2232044,1.1859846,1.1848824,1.038108,1.0885991,0.81036496,1.0808141,0.9011749,1.0653762,0.8901303,1.0572023,0.8365967,1.133078,1.098652,0.8360399,1.11594,0.7553035,1.0830431,1.1166224,1.1146777,0.76370305,1.0587442,1.1963829,0.92785853,1.0114278,1.0530759,1.1305896,1.1201953,0.8937974,0.9235319,1.2889472,1.2671187,1.2754675,0.891438,1.1459422,1.0872777,1.0073619,0.87795454
bed,1.1694306,1.259981,1.5458612,0.46195453,1.3765179,1.3771713,1.440883,1.1569419,0.56106704,0.94423246,0.0,1.4797143,0.23346877,0.72453064,1.1793188,0.33273995,0.70811445,1.1469636,1.4285767,1.4274774,0.9676417,1.4792042,1.260934,1.3642166,1.3946269,1.4492033,1.0374328,1.1764814,0.78589106,0.58111674,1.2103498,0.71455336,0.5412978,1.293194,0.84175265,0.9594708,0.20477408,0.8722558,1.6076702,0.45198596,1.5318354,1.2556888,1.2653211,0.55284023,1.0267334,0.85925496,1.1578909,0.63272023,1.1434646,1.4178534,0.56286776,1.3021461,0.6875976,1.104564,0.84061944,1.1632333,1.3030859,1.0133612,1.5107548,1.3516873,0.9058674,1.3119802,0.82891655,0.5202459,1.5049716,0.67612624,0.96826434,0.74591947,1.4869921,1.0279785,0.81975555,0.43693054,1.1284262,0.5183562,1.4827707,1.1202797,1.0616105,0.96156794,1.423826,1.0494785,0.7303995,0.9601122,1.1426975,0.7232686,1.4723032,1.348682,1.2750671,1.362897,1.516225,0.79982126,0.94737303,0.4942788,0.58501923,0.60975206,1.5521717,1.4839048,1.2377918,0.97216326,0.8984743,0.7034507,1.0096844,1.4525636,0.91434866,1.3750811,1.4963858,1.0200413,1.3016801,1.4261153,0.75084597,0.54635537,1.0254456,0.6132926,1.4087975,0.45811987,0.7986742,1.0985605,1.4827697,1.2389646,0.49858165,1.5728992,0.45802498,1.440831,1.0670682,1.5704216,1.3582367,1.5716846,0.7278288,0.4342804,0.818607,0.29245836,1.4348406,1.3873204,1.1053433,0.70688415,1.1617339,1.3550091,1.0347071,0.6873378,0.84671795,1.1592311,1.4196103,0.69532096
belt,0.66609454,0.7944625,0.48009545,1.3649559,0.9167245,0.9148711,0.69706154,0.5916047,1.2788482,0.98833126,1.4797143,0.0,1.402879,1.2942114,0.7213252,1.4271641,1.3078249,0.7901976,0.55525994,0.5753585,0.91278166,0.56749296,0.63661295,0.8406782,0.5010512,0.40030634,1.0704136,0.78573024,0.93636787,1.1732944,1.1125675,1.2785501,1.3833953,0.6016381,0.84977144,1.2258056,1.4541771,1.0527495,0.28709358,1.4382968,0.65468395,1.0124784,0.5301863,1.4497738,1.2829171,1.1942017,0.680035,1.3796372,0.84109575,0.9179328,1.196877,0.8023381,1.3883351,0.9238265,1.0808473,0.68803346,0.9998292,1.2395688,0.51039225,0.6227841,1.2987618,0.63865185,1.123009,1.2808051,0.53368187,1.3485879,1.1653978,1.2526524,0.58418804,1.1076771,1.2779644,1.4342189,1.2178648,1.2218608,0.5758784,0.7488335,0.9882194,1.2303354,0.8699386,1.0937533,1.2761674,1.2124051,0.8893571,1.3264464,0.5333589,0.7361878,0.84374034,0.7261267,0.600078,1.1586092,1.1334307,1.4302483,1.1489034,1.3555486,0.41797382,0.45713586,0.6038598,1.1826911,0.6411552,1.211776,1.1084735,0.67357624,1.30129,0.58068895,0.86182386,1.1413864,0.53816855,0.60357684,1.2087963,1.1789039,1.2009379,1.3874396,0.56654435,1.379327,1.2554578,0.71823037,0.46346605,0.5842313,1.3027542,0.39550996,1.1451557,0.8454077,1.0074608,0.64046746,0.66623855,0.5218194,1.298523,1.45857,1.3128322,1.5508547,0.72924113,0.72227585,0.598557,1.1858511,0.8548885,0.9949862,1.0485041,1.2816696,1.2954373,0.76630217,0.52448875,1.2645125
bench,1.2365354,1.1818972,1.5341687,0.47743398,1.3488691,1.3400365,1.4327166,1.0643063,0.4419002,1.1002873,0.23346877,1.402879,0.0,0.77722985,1.2184339,0.41600972,0.8244425,1.0635799,1.4397354,1.2550949,0.7229351,1.477313,1.1213608,1.1927141,1.4384654,1.2206618,1.0866871,1.0743432,0.9715754,0.28437448,1.2512686,0.7597984,0.64945054,1.3089259,0.9167952,0.9585417,0.11732125,0.92712116,1.5491974,0.3854636,1.4038343,1.2807256,1.0932498,0.58066255,0.9321064,0.7770692,0.8832584,0.64816403,1.1210362,1.3745278,0.8504823,1.285893,0.8029018,1.0608,0.92481893,1.2704625,1.2814314,0.95114684,1.5208118,1.4006009,0.83079255,1.3164845,0.70957744,0.7557862,1.4767926,0.7765031,1.0288457,0.73506546,1.4331101,0.99445283,0.87078094,0.57501584,1.0729531,0.60705674,1.3684485,0.96928954,1.0326004,0.9620097,1.3856586,0.96608156,0.64941204,0.9411019,1.1432877,0.7375892,1.501489,1.2280372,1.3036199,1.343491,1.4734399,0.6528472,1.156547,0.55317605,0.6006791,0.6104405,1.5018063,1.4311335,1.2876441,0.9412986,0.7173817,0.892308,0.9536561,1.3045347,0.9290539,1.4364927,1.4167417,0.85887146,1.1499053,1.3599942,0.6775632,0.81029755,0.9574037,0.6927576,1.3723114,0.5732529,0.7416524,1.055696,1.2992175,1.0974807,0.52445006,1.4998959,0.80232227,1.4639506,0.9412407,1.4597332,1.3248484,1.5477442,0.6776937,0.5264543,0.86148727,0.3018772,1.3604699,1.2918735,1.2164983,0.70767474,1.0490737,1.2462069,0.87635845,0.73806727,0.84739965,0.94614255,1.4265096,0.7195698
bib,1.2206956,1.059436,1.3248913,0.64831215,1.166615,1.163353,1.2353967,1.3165406,0.9646931,0.9908116,0.72453064,1.2942114,0.77722985,0.0,1.233165,0.49699664,0.8241222,1.2092681,1.3325338,1.3654932,1.0539721,1.3786024,1.3161793,1.2822896,1.35521,1.4467587,1.1976427,0.9694056,0.98335546,0.9321733,1.2094647,0.8534423,0.6745748,1.2596413,1.0552584,1.029477,0.69543445,1.0143815,1.4133421,0.8202454,1.3661497,1.2289789,1.1994392,0.7805642,0.6147668,1.043305,1.2461096,0.50021607,0.94390464,1.0898771,0.814869,1.1108698,0.6338256,0.87378937,0.91797036,1.2592833,1.1575214,0.8307774,1.4436111,1.2697983,0.8961357,1.0665706,0.8313449,0.8500386,1.3104864,0.73233855,0.8184755,0.60688746,1.125103,1.1278837,0.9109231,0.5709108,1.0922335,0.64330286,1.382535,1.2516518,1.1306658,1.0102671,1.1831744,1.0725963,0.6220106,1.005863,0.84975255,0.8302359,1.1954087,1.2107362,1.2035285,1.1026655,1.269187,1.0069914,1.0003327,0.4221419,0.7119659,0.712723,1.3977056,1.3467908,1.2115905,0.96064353,1.0358647,0.8999862,1.0921292,1.34218,0.99047667,1.3275558,1.1476611,0.8719778,1.309286,1.2898233,0.9071001,0.87705,1.0209353,0.59987265,1.2669227,0.4763837,0.8239015,0.94120824,1.422561,1.4218338,0.8139405,1.3490077,0.92506856,1.2442651,0.9747685,1.3922303,1.2628851,1.2566987,0.7414689,0.4816618,0.8705733,0.62920386,1.3813477,1.1022754,1.1860626,0.74554765,1.0984596,1.0307989,1.1107315,0.5471624,0.9391425,1.2602537,1.1967849,0.9379219
bird,0.09768534,0.9256319,0.957908,1.1596295,0.8983161,0.9430446,0.8127303,0.91655463,1.1770945,1.0192125,1.1793188,0.7213252,1.2184339,1.233165,0.0,1.2011296,1.1943755,0.914552,0.9277049,0.91859186,0.91881484,0.87042093,0.8934014,0.9819958,0.14734948,0.76912284,0.97951007,1.1268274,1.060833,1.1313267,1.0278172,1.1072627,1.240062,0.9691739,1.1063817,1.1150674,1.2074358,1.1595478,0.75610113,1.2080983,0.9069078,0.8648377,0.9224608,0.8984848,1.0179358,1.0970029,0.85915464,1.3023505,1.1325431,1.0187631,1.0879167,1.0807189,1.2214446,1.2530859,1.0800825,0.44668448,0.9074625,1.1608338,0.8780724,0.18530631,1.1008043,0.99201286,0.7827186,1.118594,1.0526676,1.2423452,1.1414416,1.3068135,0.8479704,0.8628932,0.9524686,1.2072035,1.0821961,1.0393156,0.7574277,0.9655436,1.05162,0.8526878,0.90837675,1.1413567,1.0383284,0.98620427,1.1640021,1.2469838,0.99201435,0.7707668,0.7990658,1.2040682,0.90646595,1.1187482,0.9329239,1.2924192,0.9557257,1.2073274,0.8039087,0.8354951,0.96201974,0.8773119,0.8889596,1.1673648,0.9473296,0.8257762,0.9424998,0.8698008,0.9154789,1.0408211,0.58733535,0.67065614,1.0845361,1.1663786,0.85094917,1.2920488,0.6024854,1.2180969,1.04287,0.9836771,0.70952064,0.82178617,1.2043282,0.7640083,1.014943,1.0096154,0.90183467,0.8473592,0.90152967,0.88771147,1.0327932,1.262212,0.99198663,1.2548194,0.8872977,1.0282346,1.0488929,1.2289186,0.8415325,0.7601517,0.910772,1.1685817,1.1165049,0.9133433,0.97000754,1.1916157
blanket,1.18249,1.1227224,1.5213072,0.5193623,1.3377883,1.3848752,1.3327116,1.2932627,0.7214638,1.0195893,0.33273995,1.4271641,0.41600972,0.49699664,1.2011296,0.0,0.7808276,1.2168152,1.5118291,1.4719777,1.0217327,1.5238798,1.3193505,1.3899063,1.420868,1.5521902,1.1751704,1.0550894,0.8382441,0.69847095,1.2930058,0.8144717,0.56985337,1.3459965,0.9072754,0.98909634,0.39835185,0.87950987,1.5880144,0.5483489,1.6134202,1.2199721,1.202378,0.61340636,0.75701666,0.9764769,1.2313759,0.40060407,1.0265472,1.2617891,0.6371496,1.2469277,0.70461655,0.9619946,0.87769705,1.198189,1.2863084,0.84317124,1.5823683,1.306463,0.931009,1.254951,0.56003046,0.74757457,1.4601586,0.73731124,0.94128996,0.60623294,1.273617,1.046424,0.83785313,0.44082493,1.1746945,0.4529333,1.4885137,1.3000393,1.1219397,0.91124225,1.3626375,1.0101064,0.41804194,1.0058146,1.0374147,0.6966367,1.3846424,1.0915873,1.2557721,1.2789898,1.4896476,0.8838629,0.98580045,0.31624484,0.57689124,0.6243652,1.5589751,1.49455,1.3008325,0.9440077,0.7299224,0.8000401,1.0684264,1.4037576,0.90943927,1.4282005,1.3629422,0.7284205,1.3900375,1.4067135,0.8589827,0.75599885,0.9654341,0.5256483,1.3202918,0.47364867,0.6143762,0.96404874,1.4883094,1.4224353,0.6126774,1.42875,0.72718644,1.4072216,0.8383167,1.553035,1.3233101,1.5083036,0.6464624,0.45205355,0.85088587,0.4086504,1.5281105,1.2359846,1.2170129,0.6239711,0.8107146,1.1437616,1.0512619,0.7430768,0.90290576,1.2433975,1.3735791,0.8058542
boat,1.1617082,1.1804832,1.2125082,0.7847266,1.1488057,1.1141553,1.1874217,1.3114438,0.8514744,0.8205453,0.70811445,1.3078249,0.8244425,0.8241222,1.1943755,0.7808276,0.0,1.1438124,1.2180054,1.2978388,1.1638268,1.3009729,1.1774355,1.2644453,1.2542529,1.3178729,0.7581121,1.166435,0.773734,1.0099683,1.0673889,0.9596502,0.76010036,1.1053379,0.94084805,1.0792319,0.72448015,1.1540976,1.3278304,0.85077983,1.3210652,1.1310266,1.2347556,0.8333609,1.1249362,0.93914443,1.2732304,0.8824376,1.1009204,1.2093261,0.77223724,1.1101179,0.740996,1.063586,0.864316,1.1620853,1.1052135,0.97892267,1.2756636,1.2317567,0.9477805,1.0809152,1.0595628,0.48272574,1.2639048,0.77258736,0.9281615,0.8386662,1.1325049,1.077431,0.83586764,0.5895277,1.1263956,0.7713451,1.2448752,1.1645652,1.0582441,1.1059908,1.1920185,1.1439058,0.9144556,0.91236025,1.0335673,0.9194054,1.20947,1.3984234,1.2530415,1.1530446,1.2342111,0.8900174,0.9398893,0.76104265,0.85581505,0.8687922,1.2975535,1.2650908,1.1250777,0.91875327,1.2728436,0.9163677,0.98396295,1.3949668,0.8964832,1.2020816,1.2098628,1.0652707,1.2726568,1.2208357,1.0103819,0.7386294,0.9732499,0.783495,1.2284691,0.67276114,1.0036527,1.1102922,1.3716487,1.2333219,0.688029,1.3378394,0.76080257,1.1652523,1.1333637,1.2918689,1.2389674,1.2486223,0.9241077,0.6691345,0.7283202,0.730507,1.2486714,1.2224284,1.0203602,0.88052934,1.3439828,1.2183833,1.2022458,0.79399526,0.73138994,1.159427,1.114648,0.7123494
book,0.9011232,1.0548334,0.94267994,1.2486567,0.92311287,0.9194056,0.8282614,0.67689514,0.9196463,1.1579518,1.1469636,0.7901976,1.0635799,1.2092681,0.914552,1.2168152,1.1438124,0.0,0.739343,0.5733101,0.60758114,0.9072569,0.9521234,0.68037283,0.82634926,0.74789083,0.7840118,1.2742629,1.2325046,0.9884291,0.84002906,1.0450684,1.3721781,0.90568256,1.0816245,1.0248626,1.2191578,1.2123882,0.65521336,1.0912678,0.72351706,0.89258385,0.86135125,1.238895,1.0217551,0.99623305,0.6446349,1.2298354,1.2300513,1.0060353,1.1931928,1.1573137,1.2950114,1.2904772,1.0094491,0.86172223,0.90100837,1.1736777,0.68135643,0.7778624,1.0519785,1.0026927,1.1862502,1.2060304,0.8859276,1.3447024,0.9416737,1.2873603,1.0287524,0.70793164,1.183167,1.3457335,0.89014643,1.3207619,0.5478959,0.8016547,1.017575,0.967655,1.0192596,0.84756905,1.2424405,0.88304687,1.2118685,1.141737,1.0042259,0.7063224,0.84329295,1.1867688,0.91510737,0.79799753,1.0044726,1.3109136,1.3518133,0.61503744,0.6228384,0.69983125,0.90873486,1.2051286,1.0136224,0.78555214,1.0439483,0.5263322,1.1369871,0.8783372,1.0325588,0.83202374,0.63606465,1.0538591,0.7737926,1.0788801,1.1886636,1.3298328,0.6175482,1.3656089,1.0432456,1.2107612,0.57905376,0.59752846,0.9752747,0.8366858,1.0417706,0.8241862,1.0843592,0.59937644,1.0293745,0.93685275,0.967696,1.3385429,1.0933707,1.0575937,0.74102753,1.1833633,0.9813847,1.0205201,0.7037251,0.7448429,0.46794677,1.1050506,1.0853279,0.9558998,0.9742155,1.0813648
bottle,0.9655591,1.0652131,0.34658277,1.4653767,0.7498882,0.6960742,0.76626325,0.7027555,1.3045449,1.0662723,1.4285767,0.55525994,1.4397354,1.3325338,0.9277049,1.5118291,1.2180054,0.739343,0.0,0.5388093,1.0719419,0.5090021,0.7779299,0.61202216,0.67523396,0.45052302,0.898301,1.1210839,1.0676417,1.293339,0.81599915,1.1305313,1.3603066,0.6502509,1.1216137,1.1557391,1.3900439,1.2399899,0.34685123,1.2957568,0.2550845,0.71551037,0.8831392,1.320936,1.1081318,1.1207703,1.0377253,1.4253069,1.214958,0.7070438,1.2635487,0.98038656,1.2563713,1.2763406,1.0527512,0.91665447,0.7507414,1.2835846,0.3699237,0.85012996,1.0616728,0.88858575,1.3427558,1.2065364,0.3956945,1.2830422,1.0896696,1.4922204,0.74127984,1.0132031,1.2677093,1.3910836,0.8637383,1.466274,0.6675622,0.79072124,0.929829,1.1755973,0.8018646,0.9454953,1.4907897,0.9876685,1.1668575,1.3349519,0.47107697,0.89125097,0.8621259,0.9205898,0.4301461,1.1661017,1.1330879,1.4595813,1.390619,1.3090212,0.41059864,0.45036042,0.47654116,1.2974796,1.1899261,1.1492375,0.97605026,0.69494665,1.1901866,0.36564863,0.79334444,1.0700567,0.83399004,0.714045,1.0682253,1.1750579,1.2727566,1.3940516,0.74658763,1.4356664,1.3078895,1.2969661,0.6873447,0.6016152,1.3259001,0.51431847,1.1868238,0.31397688,1.1002133,0.61524653,0.9060421,0.46882933,1.18728,1.4338149,1.1867818,1.3548049,0.4798696,1.0267037,0.4485759,1.3066503,0.9723437,0.7948687,1.048528,1.1579512,1.1620716,0.76041937,0.5008185,1.1729265
bowl,0.921912,1.0009583,0.6161256,1.4637468,0.7845888,0.7498528,0.6897474,0.47944522,1.0061846,1.189761,1.4274774,0.5753585,1.2550949,1.3654932,0.91859186,1.4719777,1.2978388,0.5733101,0.5388093,0.0,0.7148098,0.51618207,0.7905591,0.53379405,0.7448247,0.46293765,0.91580594,1.1567874,1.2184836,1.0496936,0.72882783,1.2221297,1.4477541,0.81002605,1.1607283,0.85505706,1.3980135,1.1339426,0.55258894,1.2207003,0.3331399,0.8684697,0.6588732,1.3491061,1.1012602,1.1296743,0.7246563,1.4158468,1.1834332,0.76693857,1.3129725,1.1005934,1.4332628,1.2428268,1.1376384,0.8756345,0.85186243,1.2869656,0.6195706,0.79468644,0.9643319,0.9710021,1.2703477,1.3221462,0.7080244,1.4647902,0.92050016,1.4178894,0.9082965,0.8433226,1.2589519,1.5253435,0.6040326,1.5108377,0.592187,0.84231627,0.83609176,1.0052985,0.7463589,0.8704237,1.3790298,1.0261219,1.1439624,1.1410899,0.7941279,0.60770255,0.75618136,1.0817626,0.61480093,0.82316196,1.0907297,1.4950633,1.4204514,1.0996414,0.56249374,0.6021374,0.7716182,1.1659776,0.98828804,0.9202172,0.98595583,0.19003159,1.1772729,0.5797322,0.7830334,0.99819267,0.55686945,0.7591195,1.0384356,1.1475167,1.1347904,1.4705046,0.7217027,1.5236672,1.2967486,1.1860877,0.41452646,0.44616467,1.2550197,0.65572983,1.1989737,0.6378984,1.1014422,0.35537696,0.91312444,0.6850611,1.1269948,1.4829391,1.1862339,1.2052907,0.44131285,1.0684357,0.81829953,1.2098461,0.806043,0.7821443,0.44734406,1.2621366,1.1748884,0.86818266,0.8146759,1.250697
box,0.9033199,1.1875263,1.2142901,1.1475958,1.1223148,1.0917808,0.96274996,0.4935751,0.7059449,1.2366846,0.9676417,0.91278166,0.7229351,1.0539721,0.91881484,1.0217327,1.1638268,0.60758114,1.0719419,0.7148098,0.0,1.167743,0.76629543,0.59832656,0.9679462,0.6693486,1.0311885,1.2016963,1.2099278,0.53090715,0.94927263,0.8697392,1.247916,1.0229208,1.0935329,0.9175111,0.9409581,0.96145624,1.0775433,0.6746415,0.8448949,1.0826397,0.806947,1.0547303,0.8400084,0.7051481,0.39048767,1.0648525,1.1412594,1.2113853,1.2195108,1.2389293,1.2168838,1.2762341,0.9065304,1.1466794,1.0035117,1.0094981,1.1418912,0.83282673,0.9405178,1.1956385,1.0138206,1.1835885,1.1077285,1.2582831,1.031181,1.1996131,1.1570437,0.84781194,1.1005473,1.2201514,0.8013103,1.1090562,0.96737856,0.6356846,0.9995252,0.9847894,1.1724789,0.6737192,0.983628,0.95219195,1.1672754,1.0965331,1.285399,0.7870259,0.9410366,1.2850118,1.1657445,0.6432071,1.1309477,1.1474794,1.0338416,0.67607534,1.0929006,1.0760939,1.0230429,1.1016253,0.7341734,0.9529773,0.9106149,0.6581334,1.0994194,1.1540189,1.1810514,0.66429996,0.49670064,0.9789389,0.53529525,1.0940278,1.0611001,1.1731033,0.9309869,1.1976053,1.0305028,1.1076565,0.7043345,0.6790011,0.92012966,1.1078022,1.0895137,1.1441636,1.0275289,1.0028378,1.1192877,1.1490214,0.7616911,1.1764123,0.9956562,0.88171047,0.9273655,1.1947865,1.2338765,1.0447046,0.7042242,0.7604599,0.46626377,1.0097665,0.98147213,0.7706398,1.3249139,0.9440297
bread,0.88948804,0.8270757,0.32846177,1.3987609,0.7297196,0.73687506,0.6182447,0.6848547,1.4146453,1.1125816,1.4792042,0.56749296,1.477313,1.3786024,0.87042093,1.5238798,1.3009729,0.9072569,0.5090021,0.51618207,1.167743,0.0,0.8764625,0.8302002,0.6602999,0.6214321,1.0829031,0.83845544,1.1313298,1.4034574,0.8840704,1.2763939,1.3714219,0.85846555,1.0795429,0.9120217,1.4788198,0.8851406,0.42425454,1.4834195,0.47050536,0.6390506,0.8337052,1.3709555,1.1286887,1.2862327,1.0006247,1.4436204,0.94235826,0.4948237,1.1870527,0.79287636,1.2881583,1.0187063,1.2861612,0.76982033,0.8627486,1.2109387,0.5072394,0.80880684,1.2637153,0.7258525,1.202726,1.3066,0.5702611,1.2668262,0.7957353,1.3296831,0.56394553,1.1371219,1.2480981,1.4793674,0.9110116,1.4522035,0.606299,0.9977839,0.9674092,0.8445367,0.37401837,1.1024404,1.4224231,1.1769724,1.0105771,1.0701212,0.49694955,0.5733971,0.83450496,0.72100604,0.3044358,1.2988312,0.8946548,1.5064744,1.3289549,1.4485297,0.45441794,0.44837725,0.8337649,1.1149185,0.95461553,1.0936999,1.1331563,0.5798658,1.2040586,0.3352793,0.43172407,1.2061585,0.767246,0.5399879,1.30669,1.1851223,1.1296794,1.3609484,0.85975003,1.475688,1.3465872,1.0339137,0.6375721,0.73334986,1.455736,0.38250792,1.2168951,0.49534297,1.0007311,0.47354078,0.798982,0.42728794,1.3424333,1.5001519,1.2655592,1.4892755,0.5290725,0.68813205,0.7581403,1.4354713,0.84912735,0.9177681,0.90750504,1.29003,1.2498354,0.96409357,0.4750082,1.3856685
broom,0.9081521,0.9532328,0.90067446,1.2723876,1.0463513,1.003946,0.95784825,0.66313106,0.9639883,1.0123338,1.260934,0.63661295,1.1213608,1.3161793,0.8934014,1.3193505,1.1774355,0.9521234,0.7779299,0.7905591,0.76629543,0.8764625,0.0,0.65051144,0.8248832,0.44153583,1.0942429,0.90045416,1.0592197,0.82366115,0.9387652,1.0522189,1.2487828,0.8541851,0.9880524,1.1322556,1.2115409,0.9845207,0.6671435,0.99499965,0.70520055,0.9216843,0.7806153,1.2144887,1.1291924,0.72556114,0.634902,1.1708957,0.92324346,1.0564044,1.3151777,0.89810884,1.3192815,1.0505234,1.0479393,1.0415943,0.8406346,1.1464907,0.7517513,0.9011787,1.095429,1.0385824,1.1645969,1.238374,0.76328766,1.2748343,1.2515306,1.260712,0.98128307,0.9226261,1.1896619,1.3422886,1.0175354,1.150955,0.6486906,0.52986735,0.8797879,1.1687939,1.0160401,0.7238306,1.2381002,1.0485853,1.0498344,1.2894046,0.95829153,0.8675302,0.7282868,0.9043577,0.9798922,0.9253875,1.1841178,1.3086882,1.0227139,1.166241,0.65452456,0.6593145,0.88474244,1.1533096,0.70961714,1.1816784,0.73430926,0.84708405,1.1344732,0.91905355,1.0473832,1.0137713,0.7069994,0.7798148,0.8076793,1.1530594,1.0381013,1.1724811,0.84539354,1.3246485,1.1479862,0.9545272,0.4694749,0.64024836,1.1340528,0.8209933,1.2100129,0.9333109,1.0148698,0.70091057,0.7524218,0.88312674,1.0432649,1.317072,1.0952449,1.2920561,0.94687474,0.93910825,0.9466612,0.89585847,0.8576383,0.99470353,0.9936039,1.194717,1.1491095,0.23698205,0.958607,0.9847868
bucket,1.0518537,1.010079,0.90100974,1.5192107,0.8121014,0.7428214,0.87992436,0.57913435,0.93274033,1.1698178,1.3642166,0.8406782,1.1927141,1.2822896,0.9819958,1.3899063,1.2644453,0.68037283,0.61202216,0.53379405,0.59832656,0.8302002,0.65051144,0.0,0.8851423,0.351727,0.87433934,1.2180967,1.1982056,0.81677,0.6016302,0.9939229,1.3419056,0.7444498,1.2057655,0.9464107,1.30445,1.0891317,0.8302349,1.0328889,0.3047583,0.61637264,0.75674695,1.254293,0.95217913,0.84801745,0.7135391,1.2290461,1.2372439,0.8532701,1.325002,1.0984365,1.3780608,1.3590913,1.0388733,1.1252534,0.7464136,1.0988382,0.700578,0.8746601,0.85974884,1.2019236,1.2296364,1.3843927,0.8418719,1.3961759,1.0326033,1.5012871,0.9134413,0.8133859,1.1820756,1.4023392,0.6387091,1.4144828,0.7968414,0.63736594,0.7655574,1.0555391,0.90852964,0.3882903,1.2965791,0.8690463,1.2598178,1.2258064,1.021499,0.6521825,0.68842006,1.0955725,0.93591523,0.7744305,1.1287805,1.3928756,1.2641666,1.0635616,0.82151353,0.87999326,0.8576236,1.2074169,0.9337614,1.0973122,0.84546906,0.53606534,1.0518894,0.87368286,0.9316617,0.7142426,0.7377381,0.7554606,0.800178,1.1938982,1.0711955,1.3535728,0.867257,1.4669223,1.1084737,1.1775429,0.5460152,0.5156076,1.1922854,0.83520854,1.2794168,0.5923673,0.9472287,0.6712143,0.85130125,0.7712185,1.0347337,1.414315,1.1748542,1.2599897,0.5524963,1.1067344,1.0921502,1.2654622,0.63513577,0.72408456,0.7879679,1.207399,1.0721275,0.6285892,1.1020061,1.0733043
butterfly,0.09547305,0.9158536,0.7126227,1.3558758,0.8280753,0.8648958,0.6575401,0.7941407,1.2931393,0.9945376,1.3946269,0.5010512,1.4384654,1.35521,0.14734948,1.420868,1.2542529,0.82634926,0.67523396,0.7448247,0.9679462,0.6602999,0.8248832,0.8851423,0.0,0.58896035,0.9505674,1.0560424,1.0674938,1.284717,0.965129,1.2143604,1.3516321,0.82141805,1.1035966,1.1555859,1.4191225,1.1421297,0.4408729,1.386309,0.68888104,0.8243139,0.79962397,1.1754558,1.1528078,1.1624593,0.8322747,1.4275653,1.1067555,0.9090539,1.167889,0.9767748,1.3584261,1.2359481,1.115182,0.42983925,0.84581494,1.2036382,0.5839475,0.113936186,1.1939673,0.8715348,0.9532359,1.1953824,0.81839013,1.3688257,1.1793501,1.425574,0.7391287,0.9428657,1.0744572,1.3581828,1.0818893,1.2002631,0.5566732,0.8871632,1.0170295,0.9919684,0.81331944,1.1531618,1.2146341,1.0621885,1.1274532,1.3676546,0.766942,0.74167055,0.7423929,1.0602394,0.6919055,1.209116,0.9790634,1.4416597,1.1178988,1.3233123,0.51898456,0.58778954,0.80955815,1.0040045,0.95385736,1.1955014,1.006325,0.7036456,1.0558689,0.64977646,0.8223175,1.1101055,0.5151958,0.52062124,1.2092909,1.1790934,0.993804,1.4041317,0.4421506,1.3863658,1.1565685,0.98230994,0.5809963,0.7147236,1.3463253,0.5411617,1.093764,0.80849755,0.95723534,0.62698144,0.7780847,0.6359475,1.1796473,1.4279553,1.0874128,1.4665785,0.6831906,0.92234826,0.876828,1.3006806,0.8662131,0.74995387,0.9674633,1.266463,1.1383661,0.88886404,0.755633,1.2485602
can,0.7936185,0.9082131,0.6076662,1.4760762,0.885483,0.81409174,0.7829544,0.43445837,1.0759124,1.1088955,1.4492033,0.40030634,1.2206618,1.4467587,0.76912284,1.5521902,1.3178729,0.74789083,0.45052302,0.46293765,0.6693486,0.6214321,0.44153583,0.351727,0.58896035,0.0,0.97559816,1.0279232,1.0849649,0.83144647,0.79766226,1.1470675,1.4313233,0.5718222,1.0168577,1.1504674,1.3437529,1.0884805,0.45035076,1.181492,0.304923,0.7695253,0.5926031,1.3639116,1.2170572,0.9466557,0.52520096,1.4041464,1.1082696,0.91073334,1.3876505,0.9106618,1.4879816,1.2302034,1.1635156,0.87345207,0.8255503,1.2189735,0.47907436,0.71974623,1.0672038,1.0074766,1.1830225,1.4096851,0.6190967,1.453673,1.2038447,1.4896398,0.7530587,1.0124836,1.3143747,1.4949297,0.9212889,1.3387346,0.5722295,0.50460744,0.8292223,1.1796297,0.83343256,0.77059114,1.3860496,1.0576408,1.1721311,1.357587,0.76939046,0.7182114,0.78484917,0.96818113,0.68992245,0.8365669,1.1793417,1.5277734,1.1602111,1.3261535,0.5127391,0.5742843,0.659174,1.2455986,0.7130537,1.2945268,0.91292727,0.5886333,1.2455512,0.63118446,0.8758414,0.96834517,0.49298823,0.48394358,0.9362069,1.2805052,1.155111,1.4611493,0.72704554,1.4987379,1.2495328,0.983012,0.31472182,0.3644936,1.2415173,0.5129565,1.3044991,0.681085,0.99650353,0.59181446,0.7472228,0.610411,1.2400151,1.5183756,1.2577367,1.462426,0.5170613,0.9289888,0.80481374,1.309356,0.7724818,0.9202411,0.9409043,1.2953571,1.2391328,0.44694805,0.743027,1.1654768
car,0.97740835,1.1539445,1.0479999,1.2574263,0.9860142,0.977919,0.9551585,0.9910278,0.8467879,0.8752487,1.0374328,1.0704136,1.0866871,1.1976427,0.97951007,1.1751704,0.7581121,0.7840118,0.898301,0.91580594,1.0311885,1.0829031,1.0942429,0.87433934,0.9505674,0.97559816,0.0,1.3476362,0.87052166,0.9161521,0.8190137,0.9965214,1.0069181,0.90593237,1.0720367,1.0313092,1.0744174,1.1930063,1.0898423,0.8842197,0.94595784,0.91712976,1.0089388,0.9328904,1.0319878,0.80680126,1.0843399,1.163528,1.2932785,1.1065114,1.1330723,1.1656287,1.0532758,1.2890637,0.84661376,0.93264896,0.7803119,1.1797272,0.85657865,0.93422055,0.9222298,1.0895174,1.2548139,0.68872684,0.9983007,1.0483838,1.0457957,1.3146929,1.0731221,0.9469077,0.927597,1.0183846,0.94652426,1.181051,0.97920275,0.96840364,0.90711033,1.0680099,1.1742375,1.0669446,1.2767649,0.5718417,1.2706704,1.1475741,1.1663731,1.1695244,0.92460936,1.2209945,1.1131543,0.8690911,0.9219649,1.1627476,1.1983346,1.0343348,1.0401498,1.1299574,0.9065226,0.9827302,1.2215949,0.97757626,0.732938,0.9650963,0.87595206,0.9948938,1.140726,1.0065998,0.8196598,1.0459079,0.92970556,0.9929911,0.9277514,1.1964885,1.0238776,1.1991591,1.1198113,1.1730185,1.0027531,0.79912496,0.9430762,1.1388195,0.8495225,0.89289623,1.1974003,0.92392117,0.846628,1.0694675,0.96464163,1.171192,0.8020656,0.9989004,0.99354124,1.3613902,0.9127381,1.13165,1.1151087,1.0068907,0.9448651,0.9866482,0.55545974,0.95541936,1.1089644,0.6526189
