,apple,ball,balloon,banana,basket,bathtub,bed,belt,bench,bib,blanket,book,bottle,bowl,box,bucket,butterfly,can,car,carrot,cat,chair,clock,comb,couch,crayon,crib,cup,dish,dog,door,drawer,ear,egg,face,finger,fish,flower,foot,fork,frog,glass,glasses,glove,gum,hair,hand,hat,horse,jacket,jar,jeans,knife,ladder,lamp,milk,mitten,mouth,napkin,necklace,nose,orange,oven,pajamas,pants,paper,pen,pencil,pickle,pig,pillow,pizza,plant,plate,purse,radio,refrigerator,rooster,scissors,shirt,shoe,shovel,sink,slipper,soap,spoon,stroller,table,tape,toe,tooth,toothbrush,towel,toy,tray,vacuum,watch,window
apple,0.0,0.56494343,0.65586436,0.7358635,0.9533098,1.3285776,1.4881797,0.9389946,1.5810755,1.0100756,1.567549,0.99447924,0.5555628,0.7076365,1.2002449,0.977165,0.7496892,0.9421085,0.8177347,0.3978806,1.3886683,1.5228355,1.2047883,1.2651567,1.4311141,0.46799022,1.4456122,0.49576336,0.86647415,1.3214447,1.3009531,1.0641698,0.82174385,0.46106827,1.1920742,0.73176384,1.0417131,0.5817595,1.156442,1.061131,0.7646166,1.455404,0.6954328,1.2788262,0.43352938,1.2582238,0.8546159,0.8366259,1.3027714,1.2696247,1.0626794,1.3889744,0.69123507,1.3248212,1.18353,1.2176121,1.1286618,0.79659927,1.105449,0.531017,0.68705744,0.32116175,1.4806626,1.3647201,1.39763,1.1652253,0.6128034,0.61789143,0.6522947,0.74914765,1.1373303,1.0717498,0.81604505,0.6611366,1.1882252,1.1217365,1.3775904,0.98976374,0.7460239,1.372247,1.104307,0.8257425,1.2754023,0.48770022,0.7355517,0.9189531,1.2835531,1.3608589,0.7168807,0.6133231,0.56167436,0.75186944,1.1659117,0.4640578,1.3037724,1.056107,0.697891,1.4056374
ball,0.56494343,0.0,0.4384024,0.6794332,1.1115904,1.2516541,1.36557,0.9941362,1.4213955,0.86488056,1.3261945,1.2700183,0.5563528,0.75076365,1.3986232,0.9782294,0.78738135,0.92967623,1.1056048,0.68620324,1.1987755,1.441983,1.0747262,1.2493482,1.2862692,0.6315295,1.4611192,0.54032487,0.8457272,1.2107627,1.2570263,1.0974338,0.7543327,0.6373771,1.0796067,0.86668634,0.9185503,0.9939144,1.1564633,1.0271579,1.0129107,1.2073467,0.70835066,1.2734581,0.47146434,1.0718399,1.0729792,0.87249684,1.2108637,1.1554868,1.0982738,1.2814186,0.7349129,1.3416646,0.99991065,1.2480787,0.8605219,0.96283007,1.2107308,0.58164394,0.7385916,0.4987682,1.4404635,1.2355474,1.251926,1.151196,0.657271,0.6834992,0.7900116,1.0020703,1.0929718,1.2477257,1.0249512,0.7939383,1.1357421,1.0911231,1.339354,1.0997217,0.88491225,1.2382842,1.2214994,0.7530646,1.3343234,0.48296058,0.7128209,0.98497427,1.188605,1.3025564,0.72803247,0.6303994,0.4815122,0.7573633,1.220315,0.782275,1.4215634,1.0578952,0.68741363,1.3291982
balloon,0.65586436,0.4384024,0.0,0.6719599,1.0192243,1.2032173,1.2965157,1.0083028,1.4007273,1.1055778,1.2973764,1.1305071,0.7020401,0.68643796,1.2306714,0.77161443,0.9278353,0.9613246,0.9272054,0.93469375,1.213276,1.3838398,0.9295366,1.1279589,1.2437618,0.8064336,1.334575,0.65300953,0.8268306,1.1624438,1.0942475,1.0171196,0.88375086,0.7739796,1.1662,1.126693,1.0381125,0.9583695,1.0791715,1.0176941,0.947459,1.1896224,0.8134687,1.2276927,0.63598645,1.2051811,1.0700485,0.9223784,1.1269453,1.225912,0.8940011,1.27473,0.83639723,1.288204,0.7793841,0.99406517,0.97112244,0.92940295,1.2076998,0.7968845,0.8670747,0.6458593,1.3495431,1.2640061,1.3718312,1.0158801,0.84840107,0.89598954,0.7436752,1.0054233,1.151354,1.2126904,0.8061717,0.79401755,1.0126643,1.0519967,1.2310112,1.0903096,0.8444267,1.2946498,1.0644586,0.6971555,1.0867056,0.84460515,0.571136,0.8653931,1.2661383,1.2551076,0.5931877,0.85914457,0.72940636,0.80103296,1.257829,0.61714834,1.2806891,0.90981495,0.89886284,1.2128814
banana,0.7358635,0.6794332,0.6719599,0.0,0.783275,1.335702,1.3368297,0.93014336,1.4215986,1.1045821,1.3932931,0.9407293,0.59240675,0.7152041,1.1713367,0.79871184,0.7599525,0.8145801,0.78849185,0.7797694,1.2382047,1.3444606,0.9243577,1.1180509,1.2849766,0.6105178,1.2630539,0.5382922,0.6626185,1.1419514,1.1375648,0.8925769,0.9422249,0.7999221,1.3071473,1.1361969,0.9853939,0.91273934,1.0916114,0.9344841,0.960477,1.2837167,0.8535595,1.2116964,0.7594459,1.3502105,1.1834409,0.7001734,1.2846279,1.2732346,0.9793547,1.3082767,0.71111864,1.1326128,0.979179,1.0622833,0.99601495,1.2107784,1.0368181,0.6732299,1.0071945,0.5578011,1.285121,1.2864531,1.3511766,1.0358423,0.65374166,0.6686377,0.8959505,1.0907557,1.0951064,1.1026169,0.6416172,0.6918253,1.1712694,1.0669652,1.2357453,1.0027105,0.67599744,1.3511082,1.0778209,0.6400555,1.11545,0.7012379,0.6013644,0.89827585,1.3850965,1.2988498,0.62630326,0.8662444,0.72417885,0.7048576,1.0598378,0.64803237,1.3101673,0.8326644,0.8631663,1.2395085
basket,0.9533098,1.1115904,1.0192243,0.783275,0.0,1.3386791,1.1332195,0.58961403,1.1556034,0.9947175,1.1142153,0.8004348,0.78709304,0.73793685,0.86307013,0.6992834,0.9076816,0.68068594,0.5749466,0.9759084,1.1754081,1.011752,0.968707,0.96730417,1.1243081,0.814179,0.7787219,0.7239917,0.6814571,1.1318722,0.9040989,0.71256244,1.1066619,1.0373476,1.3596032,1.1987637,0.91397154,1.0193828,0.90698326,0.86855483,1.1803861,1.2010533,0.91605496,1.2515458,1.0376364,1.3560206,1.2093917,0.70479643,1.3606845,1.2598888,0.87101203,1.2099056,0.9621501,0.6180546,0.9267422,0.8692472,1.0722288,1.0901531,1.0901985,0.8023783,1.0632257,0.8833957,1.1171503,1.3081956,1.1875967,1.0384965,0.8638214,0.8468691,1.0596253,1.1387136,1.0006241,0.9357534,0.7986954,0.72440565,1.1057668,0.9165758,0.99539864,1.2256528,0.849064,1.3253369,0.8700276,0.804231,0.9562236,0.8546182,0.6759779,0.82861614,1.3145552,1.2413161,0.8386471,1.0197848,0.98481315,0.8030463,1.048324,0.7993324,1.0352179,0.6096933,0.9270377,1.0512766
bathtub,1.3285776,1.2516541,1.2032173,1.335702,1.3386791,0.0,0.53495145,1.2845994,0.5495573,1.1707773,0.72610855,1.0447248,1.3897443,1.0949621,0.7712726,1.170107,1.2084599,1.2732849,1.2566329,1.2297896,0.8137344,0.7211524,0.83673716,0.80476665,0.62256247,1.3608801,0.7021024,1.3550832,1.2201194,0.80647063,0.9527807,1.2060344,1.2824886,1.3001736,0.75143695,1.1822791,1.1408194,1.1391128,1.1589408,0.8542087,0.9940462,0.6299693,1.3518698,0.85559493,1.2898782,0.7697429,1.0927076,1.3785486,0.68763536,0.6799923,1.165685,0.813267,1.3209249,1.0252602,0.96021014,0.9228153,0.9922985,1.1050775,1.0198263,1.4264343,1.2162446,1.3643088,0.4908054,0.7577593,0.8431619,0.9178144,1.3153971,1.3287656,1.1553855,0.99516433,1.1829604,0.9119781,1.2227075,1.2111849,0.81243396,0.92961854,0.72806454,1.0293107,1.29128,0.6132341,1.1622189,1.2341547,0.51700896,1.3933662,1.340797,1.0177578,0.7028946,0.45859277,1.1567835,1.3373699,1.3529284,1.2256757,1.0147175,1.2167206,0.5602333,1.2937554,1.1465724,0.7659389
bed,1.4881797,1.36557,1.2965157,1.3368297,1.1332195,0.53495145,0.0,1.2511071,0.27847958,1.2038394,0.45367002,1.0095665,1.5028343,1.3678315,0.59039795,1.205184,1.344553,1.2275201,1.228466,1.3598028,0.50362134,0.378806,0.9205372,0.8217485,0.2287193,1.5749145,0.2775061,1.486056,1.2448732,0.36835682,0.7526717,1.0822644,1.3846272,1.4455174,0.7463747,1.265641,1.1615235,1.1844714,1.0067288,1.083418,1.0755467,0.49499762,1.5941911,0.7315414,1.458638,0.8205042,1.1455823,1.3334258,0.7088037,0.80119765,1.126879,0.6183232,1.5556397,0.5865934,1.0402552,0.9154297,1.0164852,1.129514,1.0297488,1.6154804,1.2797074,1.545038,0.46611267,0.6448333,0.6668611,0.9403054,1.5290818,1.5259039,1.3006316,0.97806954,1.0214325,0.77971476,1.1604846,1.4387197,0.7585732,1.0491672,0.5405614,0.8208983,1.4434791,0.6315125,1.0225115,1.4320647,0.71429074,1.5734636,1.3875607,1.3299934,0.6382887,0.34243572,1.2876209,1.4566805,1.5061308,1.2736716,0.96243095,1.1791341,0.5330373,1.1538496,1.2443827,0.59796995
belt,0.9389946,0.9941362,1.0083028,0.93014336,0.58961403,1.2845994,1.2511071,0.0,1.1347876,0.9899808,1.0674274,1.0234457,0.8931075,0.8937068,1.234815,0.9099802,0.8443066,0.7674866,0.69754994,0.9024017,1.0515468,1.1450056,1.0974227,0.9790308,1.1863873,0.83337665,1.0714191,0.92185205,0.7455311,1.2309138,0.986961,0.77199006,0.96128976,0.9298557,1.3025076,0.99033976,0.79103434,1.0813098,0.95075357,0.8596267,1.1159251,1.217104,0.90576756,1.160294,0.99567837,1.246322,1.0122052,0.7558493,1.2065657,1.0299133,0.88146996,1.1031345,0.9715588,0.9253791,0.8018968,0.95601004,1.0659122,0.99939847,1.064159,0.7285872,0.9421794,0.864171,1.1709392,1.2042954,1.1495607,1.0359788,0.8653151,0.8465177,0.96185374,1.1271225,0.96218985,1.1233342,0.87593096,0.8551822,1.2038124,0.9895081,1.0886086,1.1490358,0.949975,1.1287972,1.0136396,0.9369717,0.9964263,0.87760526,0.8476937,0.89035785,1.1549668,1.2620718,1.0575858,1.0356671,0.858017,0.8383891,1.0706627,1.039795,1.137163,0.73102057,0.87786496,0.91595733
bench,1.5810755,1.4213955,1.4007273,1.4215986,1.1556034,0.5495573,0.27847958,1.1347876,0.0,1.0810639,0.3153097,1.0958331,1.5274811,1.4640279,0.7091905,1.2725451,1.3209765,1.1467128,1.2884159,1.3885008,0.5269447,0.33353698,1.0347819,0.80723155,0.37715554,1.5500838,0.48460406,1.5652544,1.2942123,0.59695417,0.7447666,1.1101584,1.3113399,1.4628493,0.80570793,1.1580402,1.0731426,1.2389747,0.8956483,1.0979022,1.1063055,0.5352976,1.4308592,0.76263744,1.5101833,0.721631,1.0900793,1.3188608,0.65976864,0.6823579,1.1005609,0.5189918,1.4262403,0.6356037,1.0070945,0.95328486,0.8840228,1.1814585,0.96112525,1.5543786,1.1755418,1.5433507,0.45174366,0.69233274,0.46523488,0.98331356,1.4662507,1.4528878,1.3273237,1.0692447,0.9273163,0.86216104,1.2119939,1.4903084,0.7246715,0.95680386,0.6292139,0.88125104,1.400126,0.51772547,0.9282451,1.412714,0.82888925,1.5214146,1.4702817,1.2587025,0.5240383,0.4690287,1.4405537,1.3807356,1.473415,1.3405432,0.9128534,1.3864527,0.53321254,1.0473995,1.2373896,0.5719453
bib,1.0100756,0.86488056,1.1055778,1.1045821,0.9947175,1.1707773,1.2038394,0.9899808,1.0810639,0.0,1.0143756,1.0437865,0.8885204,1.0566776,1.1914939,0.987288,0.9708159,0.90674734,1.0630999,0.9454932,0.9332262,0.99503744,1.2232109,1.112478,1.0842307,1.0094668,1.2318813,1.0225925,1.0100772,1.0457807,1.054249,0.9816092,0.7993673,0.85416365,0.9974031,0.735283,0.9530542,1.0423164,0.89745325,1.1255498,1.1055087,1.1005183,0.7462152,0.9639522,0.91333365,0.91060007,0.8830212,0.8724247,1.1411368,0.98817426,0.9038118,0.9275256,0.9022094,1.1037494,1.1402287,1.0635285,0.9570165,0.92752135,0.7794637,0.81240594,0.84964114,0.94207907,1.2179335,1.0108352,0.89825314,1.0531466,0.9766573,0.95339704,1.0736903,1.0563992,0.77554655,1.1002419,1.1493073,0.93115485,1.017954,0.99281895,1.0679724,1.0703924,0.9123963,1.029471,0.9523237,0.9027199,1.1449382,0.7175704,0.96232814,1.1384902,0.9833441,1.1550351,1.2077383,0.7133421,0.7809423,1.068981,0.71921396,1.1874815,1.1744102,0.97803366,1.0354987,1.1399993
blanket,1.567549,1.3261945,1.2973764,1.3932931,1.1142153,0.72610855,0.45367002,1.0674274,0.3153097,1.0143756,0.0,1.1608795,1.4608648,1.4484333,0.8589384,1.2534425,1.2937882,1.0816803,1.248246,1.3214377,0.5682023,0.5305143,1.0257084,0.7955494,0.5239723,1.470592,0.58021736,1.5129913,1.2066995,0.70840305,0.76938146,1.0868254,1.1947458,1.4830893,0.79554963,1.1944585,0.9593286,1.3041365,0.93301123,1.02254,1.1357056,0.5775378,1.3727213,0.7429035,1.4215686,0.7354172,1.0680526,1.200414,0.6464178,0.7889153,1.0211663,0.5634445,1.4115192,0.7373823,0.96300244,0.9337387,0.84122217,1.0632991,0.9901915,1.4638693,1.173351,1.5072699,0.5981905,0.5269649,0.54598844,0.95861495,1.4024866,1.3948612,1.2679563,1.1819398,0.911761,0.8680465,1.1718937,1.4560232,0.79490453,1.0377456,0.74042165,0.90546584,1.3713015,0.64839107,0.97068655,1.3597244,0.8992341,1.4677032,1.3456297,1.2453942,0.6059493,0.6924776,1.4305313,1.3661286,1.3419337,1.254138,0.906559,1.439806,0.63681096,1.0187155,1.1656294,0.6120941
book,0.99447924,1.2700183,1.1305071,0.9407293,0.8004348,1.0447248,1.0095665,1.0234457,1.0958331,1.0437865,1.1608795,0.0,1.1021149,0.8262677,0.5256025,0.81887364,1.0642716,1.09784,0.7579583,1.0846068,1.2399144,0.9457277,0.88406694,0.81703615,0.99266,1.0090241,0.82225245,1.0290033,0.9965203,1.0772616,1.003507,0.8595161,1.1560371,0.91768366,1.2340739,1.1466656,1.1213804,0.7848432,1.1132114,1.1057086,0.89403164,1.0732538,1.048687,0.9700861,1.1533931,1.2965434,1.1206844,1.048873,1.2505178,1.2249341,0.7927712,1.1705406,1.0444673,0.81331587,1.0529217,0.7647324,0.9549429,1.1172574,0.7740387,1.1242137,1.1632532,1.0515702,0.8642696,1.0376306,1.1452882,0.4563204,1.0235581,1.0061803,0.8943437,0.931611,0.90660185,0.7267934,0.9015593,0.6585007,0.98840463,0.8707874,0.7878761,1.0704461,0.8521094,1.2393903,0.9673222,0.9919404,0.8394873,1.1011355,0.9519628,0.93989795,1.1758795,0.8048781,0.85713243,1.175371,1.1695031,1.1348274,0.7129773,0.8203471,0.74392164,1.0531278,1.1911719,1.0768559
bottle,0.5555628,0.5563528,0.7020401,0.59240675,0.78709304,1.3897443,1.5028343,0.8931075,1.5274811,0.8885204,1.4608648,1.1021149,0.0,0.70346355,1.3699535,0.58329165,0.46766043,0.5331337,0.8107631,0.45054615,1.3957098,1.4719946,1.1196831,1.2014719,1.4228644,0.33506584,1.3654497,0.1009379,0.7725134,1.3545324,1.126026,0.9878861,0.82891715,0.83267796,1.2383674,0.91905016,0.7984358,1.032646,1.1528864,0.87942445,1.0753548,1.3435965,0.707552,1.4391063,0.46800894,1.2547091,1.2612749,0.7623772,1.3465521,1.2983472,0.9370618,1.4577134,0.7410978,1.1380141,1.0152082,0.9910533,1.2436965,1.0436355,1.1934406,0.559255,0.64806783,0.5197517,1.4708359,1.392532,1.4319459,1.0761178,0.46853495,0.50960755,0.9875262,1.203644,1.2211493,1.2152532,0.8409828,0.7653433,1.3009943,1.0880729,1.2534195,1.286513,0.8111293,1.4105797,1.1735209,0.6571266,1.1467441,0.42403293,0.4502805,0.9894934,1.5027384,1.3913043,0.73038316,0.57104504,0.3021363,0.31890523,1.1510227,0.7243643,1.4767542,0.71359473,0.40757394,1.2855809
bowl,0.7076365,0.75076365,0.68643796,0.7152041,0.73793685,1.0949621,1.3678315,0.8937068,1.4640279,1.0566776,1.4484333,0.8262677,0.70346355,0.0,1.0105785,0.6293515,0.84985,0.8632793,0.79011476,0.91365385,1.3527293,1.3894831,0.8219595,1.0462941,1.346607,0.69212306,1.1912135,0.48633033,0.42493123,1.2518543,1.1531757,0.7857835,1.0898873,0.73146504,1.3154191,1.1463788,0.9237516,0.87625545,1.211108,0.915494,1.0122727,1.2334609,0.7553432,1.3292753,0.79208934,1.4086978,1.2169274,0.8986966,1.345325,1.2944446,0.9696046,1.4877474,0.83512884,1.2062637,0.73200667,0.9652821,0.9176078,1.095181,1.0471238,0.59372056,1.0160545,0.66421723,1.201025,1.3051143,1.4682319,0.85141754,0.7276341,0.7328749,0.79097843,1.0759373,1.0671128,0.9123491,0.8449067,0.17660475,1.2465504,1.0051539,1.2557576,1.1569874,0.8027637,1.4177296,1.174768,0.5928448,0.7258377,0.7072578,0.60941625,0.61923075,1.4193261,1.2335703,0.4052943,0.9581686,0.8429761,0.77279085,1.0874751,0.7344415,1.1410909,0.98105013,0.82362056,1.2540737
box,1.2002449,1.3986232,1.2306714,1.1713367,0.86307013,0.7712726,0.59039795,1.234815,0.7091905,1.1914939,0.8589384,0.5256025,1.3699535,1.0105785,0.0,0.90142643,1.3516412,1.1678338,1.0324695,1.3355956,1.0129486,0.6328917,0.8621024,0.8120684,0.67726624,1.3591549,0.43797517,1.2505283,1.1563915,0.8589894,0.8568111,0.7862827,1.2808931,1.0930961,0.99381495,1.1848557,1.1508325,0.79324675,1.0835185,1.1172727,0.7913296,0.79240227,1.3177701,0.88244,1.3617141,1.0762975,1.0601155,1.2950758,1.0261688,1.1010096,0.9211486,1.0114204,1.3075948,0.6087545,1.0266479,0.74751943,0.94915783,1.0826507,0.9621656,1.4242327,1.2301714,1.3170903,0.59461236,0.85806364,0.9688958,0.78623736,1.334712,1.3142517,1.0825794,0.88367015,1.0026106,0.6452891,1.041119,1.0093071,0.761431,0.8929167,0.6921294,0.9666552,1.1559736,1.0292418,1.0013392,1.2008038,0.74389064,1.429004,1.1308663,1.0243179,0.85768336,0.52161473,1.0030794,1.3361732,1.4854869,1.3195179,0.90158993,0.87175906,0.31012416,1.1421771,1.266473,0.8791299
bucket,0.977165,0.9782294,0.77161443,0.79871184,0.6992834,1.170107,1.205184,0.9099802,1.2725451,0.987288,1.2534425,0.81887364,0.58329165,0.6293515,0.90142643,0.0,0.93205994,0.67124295,0.7163176,1.0363532,1.2766347,1.071467,0.9642097,0.9505112,1.094601,0.943772,0.9649838,0.48256338,0.8003894,1.1713823,0.9772799,0.8637724,1.028271,0.9932517,1.2150128,1.2397698,1.083188,1.0538033,1.0112877,1.0482167,1.0711206,1.1142943,1.0450691,1.1177853,0.9478287,1.2996106,1.2334827,0.94276863,1.2612594,1.2361581,0.6108449,1.3146832,1.0530798,0.94339806,0.85700583,0.4594332,1.0914228,1.1182594,0.97249866,1.0015684,1.000688,0.92796725,1.0866108,1.2245562,1.2870064,0.8634295,1.0128014,1.0299425,1.0081426,1.1393669,1.066192,1.0598261,0.82393885,0.7247826,1.1008922,0.95659494,0.96113646,1.1584291,0.9479162,1.286602,1.0132352,0.5997293,0.7936652,0.99339235,0.5296143,1.0272417,1.3079427,1.1035848,0.7181994,1.0166095,0.9128547,0.7424074,0.9330286,0.8390819,1.1583554,0.7429377,0.9889362,1.053658
butterfly,0.7496892,0.78738135,0.9278353,0.7599525,0.9076816,1.2084599,1.344553,0.8443066,1.3209765,0.9708159,1.2937882,1.0642716,0.46766043,0.84985,1.3516412,0.93205994,0.0,0.66570944,0.7413049,0.4824524,1.1564199,1.3685486,1.1258161,1.1853412,1.2484472,0.4413103,1.3729718,0.53192985,0.7842947,1.2002431,1.0858518,1.0182242,0.959036,0.97083807,1.2335026,0.9856191,0.76435757,0.98366433,1.057669,0.85928714,1.0625714,1.2571921,0.87713534,1.2748443,0.74481833,1.2590704,1.2387899,0.7419997,1.2363472,1.1357418,1.0131395,1.1504089,0.6569172,1.1635989,0.9650996,1.144859,1.2481828,1.1769685,1.0556433,0.5934706,0.9467846,0.68639195,1.2681088,1.2643472,1.2026304,1.0470046,0.51009536,0.53697634,0.9585854,1.0540332,1.1595474,1.1283901,0.8445773,0.8501061,1.3398464,0.9294648,1.2732028,1.1315223,0.7695991,1.2220088,1.1082773,0.8815337,1.0036782,0.5155476,0.80150247,1.0089506,1.3269768,1.3150203,0.9129615,0.9161886,0.5847088,0.53922415,1.0353299,0.83818924,1.3503573,0.96461695,0.604589,1.1435655
can,0.9421085,0.92967623,0.9613246,0.8145801,0.68068594,1.2732849,1.2275201,0.7674866,1.1467128,0.90674734,1.0816803,1.09784,0.5331337,0.8632793,1.1678338,0.67124295,0.66570944,0.0,0.86443704,0.78823006,1.1552265,0.97492886,1.0590124,1.1644399,1.1004609,0.6621491,1.0683177,0.53209925,0.74981546,1.2069094,0.8518128,0.7382723,0.8424476,1.1623082,1.3283732,1.0748129,0.6622216,1.2155398,1.0370697,1.0325022,1.3466663,1.2890794,0.9954698,1.280947,0.9303244,1.3407414,1.2369254,0.5710238,1.2784076,1.1351641,1.0528888,1.1411983,0.8936772,0.7618109,0.85347396,1.0326643,1.1387122,1.1090264,1.10664,0.79970616,0.7069526,0.8302585,1.0909361,1.2244123,1.1713393,0.9588855,0.7582905,0.727422,1.2187182,1.175627,0.8639767,1.188433,0.78675604,0.92499393,1.1651492,0.8625992,1.097152,1.1953938,1.0087968,1.2327421,1.0197029,0.7710465,0.9523124,0.621185,0.6325388,1.055179,1.3293794,1.287549,1.0713147,0.8883889,0.74809194,0.5359071,1.031163,1.0029905,1.2649351,0.41407412,0.6104412,1.0324085
car,0.8177347,1.1056048,0.9272054,0.78849185,0.5749466,1.2566329,1.228466,0.69754994,1.2884159,1.0630999,1.248246,0.7579583,0.8107631,0.79011476,1.0324695,0.7163176,0.7413049,0.86443704,0.0,0.82913375,1.2286669,1.1842396,1.0712827,0.8651328,1.1109416,0.7713611,1.0270009,0.7887946,0.70276827,1.1792715,0.9903527,0.8679998,1.0926948,0.86336714,1.3105166,1.0875758,1.0574349,1.0153253,0.96504086,0.9567454,1.0732242,1.3261616,0.94361806,1.1278118,0.9156463,1.3567128,1.1205592,0.7386302,1.2697377,1.2809201,0.8351853,1.2162896,0.94221455,0.95863456,0.93647534,0.82865167,1.2601984,1.097621,0.8951982,0.7814705,1.028296,0.82501245,1.107233,1.266217,1.1825812,0.9830258,0.83054876,0.8283787,0.9504287,0.8532148,1.0803021,1.0090433,0.78550637,0.6970705,1.1418046,0.90471494,1.1397614,1.1072052,0.83239067,1.3666936,0.9749939,0.89335907,0.7263237,0.9455212,0.7339795,0.88014984,1.2651823,1.2931752,0.826366,1.0940254,0.9540725,0.793371,0.910367,0.69710004,1.1140301,0.8212726,1.0200024,1.0079064
carrot,0.3978806,0.68620324,0.93469375,0.7797694,0.9759084,1.2297896,1.3598028,0.9024017,1.3885008,0.9454932,1.3214377,1.0846068,0.45054615,0.91365385,1.3355956,1.0363532,0.4824524,0.78823006,0.82913375,0.0,1.2346216,1.4216416,1.2368671,1.2129151,1.3016212,0.33453172,1.3862023,0.4938413,0.9451771,1.2677513,1.2982569,1.0905861,0.9324314,0.8066209,1.1577002,0.73219,0.8751591,0.91365486,1.1880493,0.96864724,0.98917943,1.2699077,0.83178806,1.307904,0.5254129,1.1439244,1.1131564,0.81368434,1.2064489,1.1634616,1.1883566,1.248902,0.7563441,1.2786484,1.1877259,1.2581805,1.2246617,1.0312461,1.0579622,0.56121826,0.71283466,0.45528275,1.3648274,1.296706,1.2428217,1.1384797,0.53199416,0.5279359,0.8948299,0.8807061,1.1471918,1.061742,0.9206846,0.8839034,1.2405232,1.090938,1.3069054,1.1077355,0.87078744,1.228558,1.2215931,0.9204323,1.228431,0.44819617,0.8552387,1.089346,1.2924483,1.2723727,0.94280475,0.7178887,0.4127425,0.5841841,1.0488864,0.7099396,1.2995577,1.0595036,0.49843907,1.2455482
cat,1.3886683,1.1987755,1.213276,1.2382047,1.1754081,0.8137344,0.50362134,1.0515468,0.5269447,0.9332262,0.5682023,1.2399144,1.3957098,1.3527293,1.0129486,1.2766347,1.1564199,1.1552265,1.2286669,1.2346216,0.0,0.7998688,1.0543901,0.8807838,0.7562907,1.4178789,0.8483075,1.4451128,1.0609937,0.18559313,0.93119997,1.1107978,1.2192576,1.305711,0.80405456,1.0729961,0.86315453,1.1562166,0.8728603,1.0575693,1.0380636,0.7419837,1.1857102,0.76228917,1.2918983,0.6971047,1.0015731,0.8999891,0.668581,0.7393137,1.1120154,0.5929055,1.2085369,0.99459034,1.0433289,1.097302,0.9292254,1.0576041,1.0459822,1.306699,1.1544477,1.3627834,0.85998935,0.83879006,0.7286427,1.149157,1.367533,1.3743693,1.1560597,1.0812168,0.96135294,0.9850525,1.0478328,1.3940034,0.92858124,1.0129192,0.87461233,0.7131386,1.1453038,0.6709815,0.9137414,1.2998024,1.00023,1.2775335,1.3301909,1.2006114,0.71025103,0.87444806,1.2883106,1.2766845,1.2505151,1.2454807,1.0491291,1.2908618,0.8555738,1.1042726,1.1435863,0.7508752
chair,1.5228355,1.441983,1.3838398,1.3444606,1.011752,0.7211524,0.378806,1.1450056,0.33353698,0.99503744,0.5305143,0.9457277,1.4719946,1.3894831,0.6328917,1.071467,1.3685486,0.97492886,1.1842396,1.4216416,0.7998688,0.0,1.0151203,0.9046883,0.42063403,1.536618,0.37329578,1.4901747,1.2852492,0.7566383,0.68460774,1.0225884,1.2153974,1.3569365,0.87204814,1.1436666,1.2244172,1.1934625,0.7681351,1.1505063,1.1575489,0.6471934,1.4066465,0.6869584,1.5383067,0.8566994,1.0252084,1.1925628,0.84154147,0.77862054,1.0457032,0.5888962,1.3314785,0.4019717,1.0610204,0.89673895,1.0080848,1.174577,0.8538584,1.4768898,1.2276477,1.497275,0.42590618,0.7491429,0.4913386,0.9935743,1.4627963,1.4254949,1.3429024,1.0322388,0.8791263,0.8562226,1.195823,1.3692985,0.77057403,0.9224841,0.5268248,0.8890818,1.2166984,0.6027865,0.8123575,1.2035408,0.79476446,1.4446771,1.3130668,1.2160733,0.5586133,0.49398863,1.4187295,1.3394145,1.4801773,1.2991734,0.81928563,1.2992213,0.6040536,0.8424322,1.3536047,0.7105331
clock,1.2047883,1.0747262,0.9295366,0.9243577,0.968707,0.83673716,0.9205372,1.0974227,1.0347819,1.2232109,1.0257084,0.88406694,1.1196831,0.8219595,0.8621024,0.9642097,1.1258161,1.0590124,1.0712827,1.2368671,1.0543901,1.0151203,0.0,0.9141376,1.0098283,1.1384573,0.8331946,1.0589279,0.99660873,0.948776,0.79647344,0.84900737,1.1362736,1.2842786,1.0172331,1.2582829,1.0086775,0.93917775,1.1594826,0.7549373,1.057939,0.84994024,1.0932803,1.1310656,1.1559722,1.0898752,1.1881278,1.136546,1.0455971,1.178087,0.98899853,1.1588228,1.0529191,0.9311426,0.6580961,0.94257134,0.8050119,1.0144262,1.1070929,1.1682649,1.0835568,1.1473387,0.7814483,0.9140682,1.1531737,0.78526115,1.0885148,1.1231391,0.9358587,1.0980945,1.1248138,0.858791,0.8536525,0.81255865,0.98287535,0.98712504,0.90215725,1.0541848,1.0539035,1.1467011,1.1344743,0.99423426,0.83624256,1.2503657,1.0416008,0.73570967,1.1282214,0.93582666,0.7366655,1.2143482,1.1656904,0.9762613,1.0668026,1.055408,0.8497892,1.0709269,1.0620898,0.8404541
comb,1.2651567,1.2493482,1.1279589,1.1180509,0.96730417,0.80476665,0.8217485,0.9790308,0.80723155,1.112478,0.7955494,0.81703615,1.2014719,1.0462941,0.8120684,0.9505112,1.1853412,1.1644399,0.8651328,1.2129151,0.8807838,0.9046883,0.9141376,0.0,0.9395385,1.1755584,0.72715735,1.2002937,0.9754195,0.9060526,1.0225128,1.0362453,1.2239231,1.1416538,1.0480881,1.1619548,1.1050911,1.1212413,1.1420201,0.9715792,0.967571,0.8391758,1.1213512,0.9604263,1.18651,1.0096456,1.1621393,1.1189544,0.926591,0.94750977,0.8961291,0.9361825,1.2185237,0.9332449,0.9133254,0.84551543,0.965301,1.0717127,0.9151998,1.2283617,1.2188298,1.2615951,0.78742945,0.9503946,0.94301736,0.9939558,1.1783285,1.1834571,1.0945526,1.0843132,1.0841359,0.89189,1.1192533,1.0492506,0.91864073,0.96027255,0.8376163,1.0979888,1.096619,0.95856595,1.0821834,1.1321117,0.86505276,1.2441249,1.0736501,0.97684056,0.96262133,0.83980405,1.0108355,1.2624183,1.2119198,1.1512617,0.89793855,1.1216233,0.80875444,1.0639031,1.1144727,0.7490507
couch,1.4311141,1.2862692,1.2437618,1.2849766,1.1243081,0.62256247,0.2287193,1.1863873,0.37715554,1.0842307,0.5239723,0.99266,1.4228644,1.346607,0.67726624,1.094601,1.2484472,1.1004609,1.1109416,1.3016212,0.7562907,0.42063403,1.0098283,0.9395385,0.0,1.5121162,0.4610709,1.4071875,1.2172064,0.640759,0.7180685,1.0231868,1.2541194,1.3289732,0.79557514,1.1907048,1.2583692,1.1838334,0.9937379,1.129263,1.1024858,0.5868362,1.5605985,0.74128425,1.3788285,0.8840865,1.1547433,1.2741838,0.8088099,0.8394848,1.0235153,0.7000257,1.4880269,0.6596247,1.0160573,0.8531886,1.0146546,1.1710389,0.8449955,1.5404238,1.1726032,1.4524922,0.4880756,0.6162829,0.64498806,0.8919693,1.4750508,1.4581473,1.2890811,0.94527674,0.913141,0.9627515,1.1312008,1.387859,0.7212424,0.95133173,0.62470347,0.86473334,1.4282992,0.6986824,1.0547909,1.3409761,0.69233793,1.461772,1.2777547,1.3440413,0.6648845,0.4873681,1.3178756,1.3666761,1.4593972,1.257566,0.75356877,1.200665,0.72612065,1.083139,1.2628332,0.67789996
crayon,0.46799022,0.6315295,0.8064336,0.6105178,0.814179,1.3608801,1.5749145,0.83337665,1.5500838,1.0094668,1.470592,1.0090241,0.33506584,0.69212306,1.3591549,0.943772,0.4413103,0.6621491,0.7713611,0.33453172,1.4178789,1.536618,1.1384573,1.1755584,1.5121162,0.0,1.4732713,0.3520081,0.745612,1.4251047,1.2799681,1.0049976,0.7174064,0.76338893,1.3223131,0.921679,0.73440117,0.977749,1.2568306,0.7854998,1.0248693,1.4593668,0.64642966,1.4795398,0.4867062,1.3456498,1.1986316,0.71841586,1.3660389,1.2868762,1.1102157,1.4541783,0.43335998,1.1850144,1.012816,1.2245563,1.219646,1.0503775,1.0645698,0.43081474,0.7706299,0.41312003,1.4275384,1.4049397,1.3985798,1.0567993,0.10292488,0.0961386,0.81600857,0.9970193,1.100693,1.1656348,0.87515706,0.6665396,1.2915372,1.010356,1.4614677,1.2660154,0.629796,1.4356644,1.2444932,0.6644678,1.2197403,0.33249843,0.6525341,0.72117895,1.5057483,1.4424016,0.72785425,0.6657053,0.37787586,0.44931746,1.1067752,0.6470134,1.4334991,0.8965699,0.3632589,1.3641744
crib,1.4456122,1.4611192,1.334575,1.2630539,0.7787219,0.7021024,0.2775061,1.0714191,0.48460406,1.2318813,0.58021736,0.82225245,1.3654497,1.1912135,0.43797517,0.9649838,1.3729718,1.0683177,1.0270009,1.3862023,0.8483075,0.37329578,0.8331946,0.72715735,0.4610709,1.4732713,0.0,1.3237765,1.1522205,0.7437276,0.6098074,0.80594146,1.348331,1.453724,0.896171,1.2820215,1.1415544,1.1815819,1.0290955,0.95838594,1.1364051,0.609875,1.4703553,0.87477076,1.4727958,0.9499978,1.1928885,1.2971102,0.95183563,0.99944276,1.0155181,0.90365046,1.4898887,0.27338505,0.9096495,0.73054886,0.9838366,1.0907245,1.0638943,1.5226138,1.2156911,1.5025963,0.4527902,0.75441676,0.8352049,0.8669973,1.4496571,1.4355481,1.2378306,1.1037396,1.0981915,0.7112938,1.0489019,1.2313786,0.8889342,1.0031075,0.45459706,0.99939924,1.3202934,0.86721075,1.0397836,1.2810328,0.6703724,1.5679415,1.2269053,1.1758612,0.8465291,0.47608203,1.1746206,1.4015762,1.4575539,1.1820451,0.96821946,1.1867596,0.499516,0.96092075,1.2337954,0.53090394
cup,0.49576336,0.54032487,0.65300953,0.5382922,0.7239917,1.3550832,1.486056,0.92185205,1.5652544,1.0225925,1.5129913,1.0290033,0.1009379,0.48633033,1.2505283,0.48256338,0.53192985,0.53209925,0.7887946,0.4938413,1.4451128,1.4901747,1.0589279,1.2002937,1.4071875,0.3520081,1.3237765,0.0,0.6775049,1.3568286,1.1540861,0.9124682,0.90825415,0.80270845,1.2546082,1.0201176,0.834426,0.9804508,1.2194064,0.92879546,1.1041298,1.3222778,0.77116704,1.4958074,0.4854806,1.3558915,1.3039262,0.77810895,1.3723309,1.3605468,0.93620795,1.5474565,0.7667979,1.139789,0.98656595,0.9767247,1.201762,1.0481597,1.2184322,0.5648372,0.6923595,0.45673537,1.3977131,1.4262707,1.4867139,1.0097064,0.50481385,0.53157246,0.9129613,1.1619792,1.2360716,1.1462301,0.789177,0.6054714,1.3071938,1.0397155,1.2740269,1.2468596,0.8397355,1.4740772,1.2157162,0.6257457,1.0553498,0.4472074,0.4254458,0.9543179,1.5452223,1.3615297,0.5735214,0.6600164,0.40542364,0.37337565,1.1852477,0.6531888,1.4332272,0.78507805,0.4234588,1.3148668
dish,0.86647415,0.8457272,0.8268306,0.6626185,0.6814571,1.2201194,1.2448732,0.7455311,1.2942123,1.0100772,1.2066995,0.9965203,0.7725134,0.42493123,1.1563915,0.8003894,0.7842947,0.74981546,0.70276827,0.9451771,1.0609937,1.2852492,0.99660873,0.9754195,1.2172064,0.745612,1.1522205,0.6775049,0.0,1.0518775,1.079546,0.7931224,1.0342098,0.806182,1.372466,1.1804037,0.85004276,0.9997906,1.1239089,1.0090463,1.0335886,1.2503085,0.87305367,1.2141198,0.95986724,1.4213403,1.2450353,0.6697158,1.3108026,1.2304187,1.0031246,1.2565191,0.840415,1.1176257,0.72207063,1.0220813,0.9529435,1.1893871,0.96236664,0.58089745,1.1291277,0.77664673,1.3128285,1.2054079,1.3285103,0.9801326,0.7340496,0.744568,0.9648317,1.101538,0.95237195,1.0356127,0.8044569,0.4371065,1.2505721,1.0280696,1.2808172,1.0216237,0.7707492,1.3617337,1.1038926,0.6825205,0.76841915,0.7810552,0.6047033,0.7719133,1.3617241,1.3082912,0.6811363,1.0556608,0.9133001,0.76171374,1.0123318,0.8194681,1.2121098,0.7423675,0.8354324,1.0946141
dog,1.3214447,1.2107627,1.1624438,1.1419514,1.1318722,0.80647063,0.36835682,1.2309138,0.59695417,1.0457807,0.70840305,1.0772616,1.3545324,1.2518543,0.8589894,1.1713823,1.2002431,1.2069094,1.1792715,1.2677513,0.18559313,0.7566383,0.948776,0.9060526,0.640759,1.4251047,0.7437276,1.3568286,1.0518775,0.0,0.95357925,1.1237112,1.2665298,1.2800502,0.8559904,1.1696668,1.028865,1.0554934,0.90134305,1.0880098,1.03289,0.77355844,1.3123647,0.69942,1.2848636,0.8868702,1.0540587,0.9587357,0.7223767,0.9105234,1.0782782,0.6624536,1.2472711,0.9585037,1.0761946,1.0013558,0.97219586,1.1153249,0.97021884,1.3602756,1.2285703,1.3159548,0.81352377,0.7711209,0.8323296,1.0527968,1.3598568,1.3792481,1.1797312,0.9537014,0.93002135,0.90859973,1.0264984,1.283917,0.9058282,1.0376326,0.8272954,0.6277511,1.1303504,0.80449003,0.90427923,1.2751365,0.880875,1.3550217,1.2310612,1.1444652,0.79754084,0.7757075,1.1670693,1.3229868,1.3433187,1.2217238,0.9538777,1.090386,0.81218195,1.0997041,1.2155188,0.8588155
door,1.3009531,1.2570263,1.0942475,1.1375648,0.9040989,0.9527807,0.7526717,0.986961,0.7447666,1.054249,0.76938146,1.003507,1.126026,1.1531757,0.8568111,0.9772799,1.0858518,0.8518128,0.9903527,1.2982569,0.93119997,0.68460774,0.79647344,1.0225128,0.7180685,1.2799681,0.6098074,1.1540861,1.079546,0.95357925,0.0,0.76038986,1.0658729,1.313418,0.9639785,1.2277913,1.0229911,1.1101425,0.94002646,1.0001534,1.1748679,0.837995,1.2731798,1.0288309,1.2836189,1.0335932,1.1387255,1.1773548,0.9669571,1.0485171,0.86632216,1.0349824,1.1853672,0.50764346,0.7360717,0.8648985,1.1023717,1.0486819,1.0149677,1.2780057,1.12143,1.309391,0.66011477,0.98314357,0.87167,0.89318,1.2481241,1.25963,1.0692395,1.198283,1.1609623,1.0161725,0.85149777,1.1846226,1.0169826,0.79866004,0.60045946,1.0108166,1.1439221,0.9711162,1.021713,1.0735695,0.78938144,1.3479359,1.0659933,1.1391227,1.0083067,0.91073537,1.1216742,1.2114831,1.2361904,1.0173732,0.974282,1.2411987,0.89533263,0.7008259,1.131781,0.5011242
drawer,1.0641698,1.0974338,1.0171196,0.8925769,0.71256244,1.2060344,1.0822644,0.77199006,1.1101584,0.9816092,1.0868254,0.8595161,0.9878861,0.7857835,0.7862827,0.8637724,1.0182242,0.7382723,0.8679998,1.0905861,1.1107978,1.0225884,0.84900737,1.0362453,1.0231868,1.0049976,0.80594146,0.9124682,0.7931224,1.1237112,0.76038986,0.0,0.9949696,1.018934,1.1930083,1.0691206,0.8751838,0.9967414,1.0619993,1.0363784,1.0764618,1.0857173,0.97846454,1.1191736,1.1206386,1.2383571,1.1397878,0.92511517,1.2297928,1.2443962,0.92287356,1.2154838,1.0005531,0.7250658,0.8185009,0.92050135,0.9459379,0.96046025,0.9127589,0.9584616,0.9164071,0.9923213,0.87412053,1.1356643,1.1839142,0.8718628,1.0333346,1.0129341,0.93722785,1.1293108,0.9471064,0.96958303,0.79918295,0.77224463,1.1307774,0.93517214,0.8931206,1.0822519,0.97096825,1.3226848,1.0599235,0.9001767,0.8595628,1.012593,0.84695387,0.9357451,1.3036926,1.1350688,0.9227509,1.0822843,1.0740846,0.9730926,0.87975365,1.053627,0.9354619,0.8124771,1.0385855,0.8493948
ear,0.82174385,0.7543327,0.88375086,0.9422249,1.1066619,1.2824886,1.3846272,0.96128976,1.3113399,0.7993673,1.1947458,1.1560371,0.82891715,1.0898873,1.2808931,1.028271,0.959036,0.8424476,1.0926948,0.9324314,1.2192576,1.2153974,1.1362736,1.2239231,1.2541194,0.7174064,1.348331,0.90825415,1.0342098,1.2665298,1.0658729,0.9949696,0.0,0.7637436,0.9925011,0.70402294,0.8712423,0.9600215,1.046005,0.9881769,1.0167415,1.2490023,0.73077947,1.027233,0.75945723,0.96989673,0.69654393,0.8453379,1.116557,0.99801266,1.0523447,1.1325896,0.69882405,1.105795,0.98377365,1.1211556,1.1524532,0.7370642,1.0162778,0.77170134,0.76585686,0.8503013,1.3236588,1.0261707,1.1145267,0.9894836,0.6862957,0.64744556,1.0261337,0.9412416,0.7354894,1.238357,1.0146357,0.9702213,1.0795217,1.0083004,1.2751043,1.0337163,0.8677625,1.0953587,1.0947535,0.8859969,1.2359031,0.7980563,0.89417356,0.9113341,1.1463265,1.2735362,1.1120894,0.5789832,0.67933613,0.91438276,1.0344874,1.0668489,1.376298,0.92079115,0.8618885,1.1583666
egg,0.46106827,0.6373771,0.7739796,0.7999221,1.0373476,1.3001736,1.4455174,0.9298557,1.4628493,0.85416365,1.4830893,0.91768366,0.83267796,0.73146504,1.0930961,0.9932517,0.97083807,1.1623082,0.86336714,0.8066209,1.305711,1.3569365,1.2842786,1.1416538,1.3289732,0.76338893,1.453724,0.80270845,0.806182,1.2800502,1.313418,1.018934,0.7637436,0.0,1.1161249,0.61414367,1.1290126,0.7020018,1.0086386,1.1084632,0.6952232,1.355698,0.5535101,1.0708653,0.6178881,1.0827475,0.7310085,0.87797326,1.2414525,1.0569979,0.9669494,1.1718091,0.7128043,1.3719037,1.179478,1.0672872,1.0862305,0.8928752,0.8950043,0.55386335,0.92823374,0.4899292,1.380255,1.2428595,1.2158804,1.1674843,0.7986122,0.7797639,0.7632127,0.74974906,0.8785123,1.0800687,1.1359675,0.631961,1.0937349,1.0540936,1.3398354,0.9933574,0.691416,1.1709781,0.98577154,0.7758785,1.2636843,0.59873366,0.77765816,0.8854582,1.1366332,1.2876937,0.7159697,0.6240783,0.84147745,1.1297703,0.9929889,0.6810807,1.2341217,1.099593,1.0694273,1.391136
face,1.1920742,1.0796067,1.1662,1.3071473,1.3596032,0.75143695,0.7463747,1.3025076,0.80570793,0.9974031,0.79554963,1.2340739,1.2383674,1.3154191,0.99381495,1.2150128,1.2335026,1.3283732,1.3105166,1.1577002,0.80405456,0.87204814,1.0172331,1.0480881,0.79557514,1.3223131,0.896171,1.2546082,1.372466,0.8559904,0.9639785,1.1930083,0.9925011,1.1161249,0.0,0.83048797,1.1421567,1.1258976,1.0351331,1.0438843,0.96306545,0.5814485,1.0941004,0.8847721,1.0224358,0.24936426,0.80671835,1.3013,0.7079525,0.7233292,1.1351696,0.89274347,1.2296323,1.0464578,1.1285344,1.0426741,1.0837164,0.6904894,1.112979,1.2648742,0.96349835,1.1780413,0.85597956,0.78696007,0.7490444,1.122168,1.3056612,1.2970419,1.0580472,1.0035734,1.1975627,1.0004518,1.259187,1.3982463,0.8456845,1.0955801,0.7673013,0.96254754,1.290414,0.60115826,1.1370447,1.2288291,1.117399,1.2305613,1.3665607,1.2638495,0.75095564,0.7162157,1.14979,0.86940944,1.1865592,1.2202206,1.1066258,1.2603805,0.9014305,1.3707719,1.1692449,0.8672513
finger,0.73176384,0.86668634,1.126693,1.1361969,1.1987637,1.1822791,1.265641,0.99033976,1.1580402,0.735283,1.1944585,1.1466656,0.91905016,1.1463788,1.1848557,1.2397698,0.9856191,1.0748129,1.0875758,0.73219,1.0729961,1.1436666,1.2582829,1.1619548,1.1907048,0.921679,1.2820215,1.0201176,1.1804037,1.1696668,1.2277913,1.0691206,0.70402294,0.61414367,0.83048797,0.0,0.9220413,0.8945496,0.9069855,1.1665709,0.97431123,1.17248,0.5211159,0.9716886,0.6953406,0.6620916,0.53027606,0.91446805,1.0168598,0.9241201,1.1845876,0.8972075,0.87870044,1.2003735,1.2231672,1.1458213,1.1078167,0.7533535,1.0056223,0.71644616,0.62178224,0.8555212,1.274318,1.0481184,0.9347902,1.1714783,0.9528352,0.9009247,1.0785146,0.89271146,0.8738217,1.1347611,1.2555128,1.09415,1.0659411,1.0945681,1.1890191,0.8917012,1.0356411,0.9717166,0.92761946,1.1512632,1.3238463,0.6684944,1.2294044,1.0743884,0.9465786,1.1396983,1.1836244,0.46188402,0.80372787,1.0950034,1.0256321,1.1644623,1.1581095,1.205568,1.00135,1.1464045
fish,1.0417131,0.9185503,1.0381125,0.9853939,0.91397154,1.1408194,1.1615235,0.79103434,1.0731426,0.9530542,0.9593286,1.1213804,0.7984358,0.9237516,1.1508325,1.083188,0.76435757,0.6622216,1.0574349,0.8751591,0.86315453,1.2244172,1.0086775,1.1050911,1.2583692,0.73440117,1.1415544,0.834426,0.85004276,1.028865,1.0229911,0.8751838,0.8712423,1.1290126,1.1421567,0.9220413,0.0,1.146809,1.1508265,0.8413347,1.1404414,1.1413777,0.90332663,1.1209838,0.9951862,1.0514766,1.0137151,0.89135873,1.0824986,1.0566392,1.0207151,1.0412089,1.0691953,1.0625073,0.8117772,1.1329275,0.89034,0.9231996,1.2787135,0.8603876,0.76885617,0.98949814,1.1641704,0.9739012,1.1622059,0.87981373,0.83237207,0.786458,1.0333508,1.2948358,0.84765756,1.0820806,0.95162827,0.9677828,1.1952841,1.0524888,1.2420106,1.0873117,1.2140242,1.1533573,1.101204,1.0891174,0.9986076,0.8117357,0.97471887,0.9969234,1.1017634,1.2036691,1.0293045,0.98481387,0.77749383,0.6934023,1.1910566,1.2020111,1.0512562,1.0216451,0.47541118,0.96862245
flower,0.5817595,0.9939144,0.9583695,0.91273934,1.0193828,1.1391128,1.1844714,1.0813098,1.2389747,1.0423164,1.3041365,0.7848432,1.032646,0.87625545,0.79324675,1.0538033,0.98366433,1.2155398,1.0153253,0.91365486,1.1562166,1.1934625,0.93917775,1.1212413,1.1838334,0.977749,1.1815819,0.9804508,0.9997906,1.0554934,1.1101425,0.9967414,0.9600215,0.7020018,1.1258976,0.8945496,1.146809,0.0,1.0174774,1.1303241,0.40955937,1.1065798,0.9430875,1.0174302,0.86387026,1.1604097,0.89258105,1.0904427,1.1542444,1.1810305,0.92122245,1.1078321,0.9146021,1.1616293,1.1473672,1.0612121,0.84793925,1.0150719,0.8508035,0.870448,1.0145,0.7950043,1.1941072,1.0629677,1.1476748,1.0152425,1.0283388,1.0484169,0.6594626,0.8076325,1.064789,0.7228439,0.72028434,0.7826634,1.1729721,1.1556009,1.0546429,0.8485817,0.84853005,1.1490875,0.92723733,1.0909781,1.205937,0.9520533,1.0027593,1.0072812,1.059353,0.9965311,0.89785576,0.9575259,1.0163808,1.1523063,0.8962631,0.6231989,0.8774831,1.1347284,1.1641535,1.1339427
foot,1.156442,1.1564633,1.0791715,1.0916114,0.90698326,1.1589408,1.0067288,0.95075357,0.8956483,0.89745325,0.93301123,1.1132114,1.1528864,1.211108,1.0835185,1.0112877,1.057669,1.0370697,0.96504086,1.1880493,0.8728603,0.7681351,1.1594826,1.1420201,0.9937379,1.2568306,1.0290955,1.2194064,1.1239089,0.90134305,0.94002646,1.0619993,1.046005,1.0086386,1.0351331,0.9069855,1.1508265,1.0174774,0.0,1.1332043,1.10479,1.0744096,0.93785894,0.7229793,1.1585882,0.9008266,0.8244872,0.7853891,0.85523915,0.8327501,0.90057373,0.5282744,0.9742707,0.9737582,1.1690348,0.9743338,1.0488962,1.0772631,0.93679315,0.98376995,1.106669,1.1751225,1.0584372,1.0413442,0.72956043,1.1827468,1.1993003,1.2089486,1.1074407,1.038684,0.8849093,1.0965942,0.99046904,1.1857686,0.87442267,1.016386,0.98581386,0.8217136,0.89926505,0.7857762,0.18142927,0.997912,1.0710989,1.0271226,1.0237714,1.0151974,0.80718815,1.1195585,1.2186949,1.0290194,1.1227801,1.1540675,0.99987555,1.1473693,1.115943,0.7928285,1.2919191,1.0287652
