,alligator,ankle,apple,applesauce,arm,ball,balloon,banana,basket,bathtub,bear,bed,belt,bench,bib,bird,blanket,boat,book,bottle,bowl,box,bread,broom,bucket,butterfly,can,car,carrot,cat,chair,clock,closet,coat,coffee,comb,cookie,corn,couch,cracker,crayon,crib,cup,dish,dog,doll,door,drawer,dress,ear,egg,elephant,face,finger,fish,flower,foot,fork,frog,glass,glasses,glove,grass,gum,hair,hamburger,hand,hat,horse,hose,jacket,jar,jeans,knife,ladder,lamp,meat,melon,milk,mitten,motorcycle,mouth,muffin,nail,napkin,necklace,nose,orange,oven,owl,pajamas,pants,paper,pen,pencil,penguin,pickle,pig,pillow,pizza,plant,plate,pony,potato,pumpkin,purse,radio,refrigerator,rock,rooster,sandwich,sauce,scarf,scissors,shirt,shoe,shorts,shovel,shower,sink,slide,slipper,snow,soap,sock,soup,spoon,sprinkler,strawberry,stroller,sweater,table,tape,toe,tooth,toothbrush,towel,toy,tray,tree,truck,vacuum,watch,window
alligator,0.0,1.1690843,1.5159521,0.9074766,0.42154723,1.5161054,1.4737794,0.9947706,1.421721,0.63655007,0.6103009,0.40022266,1.5372221,0.4672312,0.47310746,1.1513437,0.36676097,0.66472983,1.0946369,1.5083416,1.2981206,0.8863027,1.0183972,1.4085307,1.2385045,1.1261755,1.5701458,1.3488662,1.0702978,0.6798248,0.9303539,1.3806969,0.71772265,0.69929564,1.1850054,0.93740207,1.0754725,1.1756165,0.4134934,0.7717372,1.577023,0.5849985,1.5064039,0.94522583,0.36226332,0.85079765,1.1147088,1.1824276,0.8589505,1.0055399,1.4102908,0.3700179,0.7513299,1.2881575,1.3079877,1.1305255,0.9779061,1.2445103,0.79506105,0.84506637,1.2903196,1.100024,0.6982505,1.2165725,0.8069633,1.0249326,0.81566,1.4385033,0.92034626,1.1345023,0.42889816,1.2737726,0.493347,0.98132217,1.0502137,1.531009,0.6155242,1.2295177,0.9353281,0.57164794,0.83371305,1.1134934,0.9677285,1.5234807,1.2348393,1.1582236,1.1896149,1.4022813,0.9736835,0.6247113,0.4545201,0.6075132,1.008363,1.578598,1.499031,0.7708118,1.1032953,0.7083321,1.106507,0.9881758,1.3763645,0.91144174,1.2052035,1.3094939,1.2237984,0.64607596,1.4420893,1.3396568,0.7441841,1.060923,1.0425239,0.7440866,0.5400583,0.6236775,0.5390228,0.6283326,1.1981648,1.1600707,0.7531347,0.7828621,0.5161903,1.5103908,0.73994076,1.5459425,1.2362776,1.3279135,1.1757212,1.1263533,0.9869433,0.8459538,0.49499786,0.65611297,1.4889166,1.3413265,1.3792155,0.99290943,1.1710794,1.3862678,0.70748806,1.2173171,1.1793435,1.3156443,1.4540268,0.8715805
ankle,1.1690843,0.0,0.8542104,1.0782954,1.261672,0.8001855,0.77241004,0.74392056,0.8798758,1.2355493,1.135777,1.2564117,0.8413813,1.2909174,1.0917566,0.8774777,1.1302668,1.1076205,1.1165289,0.98365355,0.97446704,1.129082,0.80220973,1.0183883,0.8794215,0.9032658,0.8581851,0.9004124,0.98419935,1.2223921,1.1155047,0.83967865,1.2374593,1.1844947,0.92218876,1.2207413,0.791315,0.7464719,1.2504637,0.98477936,0.9232545,1.2926384,0.8855047,1.0891149,1.1319261,1.0209044,1.0674391,0.8442066,1.0341578,0.9772287,0.5414139,1.1047654,1.28068,0.81366897,0.93677413,0.9881837,0.8992142,0.9658117,1.0165186,1.2792447,1.0134753,0.61041224,1.1277444,0.9593928,1.2036775,0.8759812,1.0935763,0.6587549,0.9813881,1.0795933,1.1703041,0.8926297,1.181554,1.097877,1.1113378,0.91438377,1.1025944,0.8129904,1.0931472,1.045024,1.2492379,1.0118082,0.96225846,0.8673462,0.75073236,0.8234296,1.0157028,0.82072055,1.2448633,1.1951154,1.0958457,1.2032529,1.0831192,0.97033405,0.9706974,0.9205426,0.89157236,0.9806057,0.8288922,1.0710142,1.0673461,1.0618427,0.7943761,0.5866723,0.76639605,1.0992551,0.8688615,0.9888089,1.205097,1.1151766,0.84859526,1.1059337,1.1258758,1.2469672,1.2586746,0.8597536,0.9169211,0.8753147,1.2223964,1.1610764,1.1769834,0.78225386,1.2699245,0.81277215,0.54763544,0.95113724,0.9281579,0.94828993,1.1776592,1.0970637,1.2688396,1.2442247,0.7236252,0.72059727,0.9210091,1.153176,0.7504238,0.8697993,1.1672778,0.96333045,0.8474903,1.1590581,0.7645133,1.2399104
apple,1.5159521,0.8542104,0.0,1.1524025,1.4780698,0.23409307,0.34775686,0.8347042,0.7356466,1.455092,1.1621177,1.511143,0.51436496,1.6228057,1.4338275,0.60235864,1.4758095,1.2569506,0.9541641,0.33205342,0.72829485,1.309469,0.75146186,0.5951192,1.0242658,0.71240085,0.6294436,0.8313035,0.7068082,1.2312316,1.3755031,0.49942696,1.4081285,1.3340353,0.97216856,1.3138498,0.7725361,0.66916525,1.5178218,1.0344495,0.298706,1.5214016,0.47525722,1.1364003,1.4067627,1.0738759,1.1876569,1.1020929,1.1486126,0.919289,0.4874584,1.349046,1.1850361,0.7049897,0.5770928,0.8701818,1.0851079,1.0121163,0.85991234,1.3946817,0.6499334,0.9519361,1.2318246,0.74304307,1.2433114,1.0221597,1.2957236,0.4953524,1.0333221,1.0551623,1.4124286,0.9753449,1.5387368,1.2572908,1.2720584,0.3183301,1.2664696,0.7086317,1.2562399,1.355673,1.2034596,0.8917676,0.96626353,0.22053427,0.9762453,0.9845947,0.60678685,0.18890941,1.2537764,1.1943473,1.4783916,1.4274292,1.1664895,0.42111015,0.67325073,1.1755164,0.7015761,1.19297,1.1097959,1.0314947,0.7134311,1.0887883,0.825973,0.63699025,0.47425103,1.4319563,0.71559346,1.051196,1.2475609,0.7498207,0.93264496,1.1687962,1.4071543,1.4871721,1.4907622,1.2609608,0.920795,1.0202376,1.3963709,1.3882257,1.3491206,0.3659413,1.3286884,0.17227697,0.87909496,0.7360336,1.0413647,1.1631248,0.98984253,1.3113538,1.5014715,1.4837471,0.3451259,0.6047979,0.625427,1.2110848,0.89567995,0.31468832,1.3000423,0.8636379,1.1024163,0.909402,0.61087656,1.3016403
applesauce,0.9074766,1.0782954,1.1524025,0.0,0.82004124,1.1000354,1.1015894,1.0268576,1.0142058,0.820383,0.95942384,0.8133721,1.3124824,0.89282274,0.6371836,1.0638115,0.97937524,0.80000585,0.74703014,1.1805325,1.0282569,0.5988097,1.2038795,1.1886168,0.84526277,1.093913,1.2824525,1.1537976,1.0495572,1.130163,1.0564498,1.0550808,0.81473154,0.9419555,0.98353416,0.9540742,1.1459177,1.110919,0.93561375,1.0402484,1.3022606,0.6247553,1.0945468,1.0438659,0.97036165,0.8689012,0.996661,1.0501252,0.9345709,1.1140567,1.085677,0.99794894,0.94826365,1.1550499,1.3032076,1.0624624,1.1071085,1.2026676,0.9078755,0.7953186,1.213761,1.1564424,0.9457905,0.719771,0.97560066,1.0059501,0.7891314,1.2673554,1.1908599,1.1457664,0.71455216,0.9377928,1.0223256,1.0484911,0.9257144,1.2318234,0.95266944,0.95615745,0.8066625,0.90323764,0.8522601,1.0429976,1.0824422,1.1959728,1.3191516,1.2274997,1.2381651,1.169277,0.9266173,0.9413165,0.73733604,1.0456991,0.90349984,1.3365791,1.2448845,1.0880355,1.0595232,1.1078002,1.3276236,0.9070282,1.2044547,0.7810336,1.0879008,1.151976,1.082229,0.8964105,1.157257,1.0243005,1.0069671,1.132765,1.0456274,0.7501646,0.8500589,0.86141264,0.82545936,1.0031735,1.1823702,1.1349475,1.0010539,0.8402366,0.71899974,1.3520942,0.9410804,1.1740365,1.1232604,1.2000694,1.0647607,0.9980168,1.0482075,0.8653421,0.8147673,0.8103914,1.041804,1.2181915,1.2720474,0.99397963,1.3588792,0.9044063,0.65791756,1.1282848,1.0997138,1.0885812,1.2016219,0.89053005
arm,0.42154723,1.261672,1.4780698,0.82004124,0.0,1.4758569,1.4965357,0.9280801,1.4672003,0.6394354,0.72487575,0.49774623,1.4701087,0.47061408,0.48193538,1.3485653,0.47280097,0.82931817,1.0740438,1.4482391,1.249958,0.94740033,1.0589408,1.4108193,1.2761266,1.3081446,1.4925201,1.2935067,1.0700328,0.69212943,0.96159244,1.4244628,0.76098853,0.5763503,1.1831876,0.72729903,1.2228148,1.2145832,0.5075409,0.93910426,1.543312,0.6549463,1.4885869,0.9348924,0.575173,1.003152,1.1075069,1.1021522,0.93356526,0.98979974,1.4227524,0.4484489,0.71915114,1.1887966,1.4299268,1.2669713,0.96150696,1.1712393,1.1294098,0.6767253,1.2677941,0.9850433,0.7239636,1.157769,0.784415,0.90591186,0.53014517,1.4992467,0.9645924,1.1385022,0.43744457,1.2295938,0.38670528,0.8737047,1.0368724,1.5292562,0.7299379,1.1759653,0.94608897,0.50810194,0.7877664,1.0329274,1.0305922,1.465194,1.2559068,1.1535195,1.1855209,1.387613,0.8381983,0.6401961,0.40554452,0.58489347,1.0153513,1.5065196,1.3162291,0.99575263,1.0456964,0.7831068,1.153486,1.0377975,1.3927895,0.9351118,1.185353,1.2658831,1.2684127,0.76444274,1.3589764,1.1953336,0.72442734,1.2404097,0.92387366,0.80296767,0.46827638,0.60894024,0.32851303,0.85770965,1.2885491,1.146996,0.75778115,0.74463534,0.6548879,1.5704746,0.7436491,1.5123742,1.1575963,1.384191,1.129059,1.0349776,0.8925336,0.9541003,0.3804263,0.65365267,1.491977,1.3048799,1.3011684,0.80663097,1.2548349,1.475358,0.72794735,1.1635959,1.134881,1.267514,1.3220863,0.82923734
ball,1.5161054,0.8001855,0.23409307,1.1000354,1.4758569,0.0,0.23329818,1.0002621,0.78399634,1.3041975,1.126484,1.414329,0.5016971,1.4990276,1.3500134,0.69098365,1.414329,1.2124082,0.9037582,0.369933,0.6084002,1.2295938,0.9586919,0.6121472,0.8768526,0.7042893,0.6685584,0.83222115,0.8953304,1.2164943,1.3402371,0.4828338,1.3245932,1.3583018,0.76284826,1.2073653,0.85472035,0.81905925,1.442369,1.1699983,0.4437536,1.4524316,0.41180658,0.97649753,1.3787694,1.0508002,1.1150641,0.9671048,1.0927082,1.053341,0.2640605,1.3009403,1.1822538,0.86593693,0.6461406,0.9230592,1.1946307,1.1042045,0.9878174,1.3158275,0.79509366,1.0023531,1.1431623,0.69546366,1.2254413,1.1295106,1.3070543,0.55355763,0.98990864,1.091374,1.4068011,0.8054858,1.5438344,1.2022085,1.2406154,0.42189634,1.2189821,0.75586015,1.1555954,1.3735807,1.1436074,0.93094075,1.0722674,0.27231896,0.96671635,1.0688667,0.76080036,0.3898173,1.2571342,1.2595261,1.4706253,1.4757564,1.0804092,0.5180172,0.8000057,1.1051884,0.8601407,1.1965744,1.0997028,1.1361866,0.8717948,1.0609963,0.84339917,0.7029467,0.5039027,1.3864896,0.79108405,1.0294038,1.1813555,0.9126637,1.1086997,1.2198313,1.404259,1.4589536,1.4872127,1.3280933,0.96715873,0.9770731,1.3229644,1.221608,1.2731369,0.50988793,1.2190464,0.32680428,0.85068214,0.753603,0.9647044,0.98822904,1.1241814,1.2668902,1.4851451,1.2947006,0.3586285,0.7457243,0.7393537,1.194186,0.909895,0.41014814,1.270817,0.93574893,1.0627924,0.91325206,0.67310923,1.1920954
balloon,1.4737794,0.77241004,0.34775686,1.1015894,1.4965357,0.23329818,0.0,0.90429664,0.7710602,1.3348372,1.1309309,1.4253373,0.68548495,1.4398793,1.301718,0.71132493,1.3913174,1.1729434,0.9788582,0.6826756,0.64140064,1.1656342,0.9450501,0.71212214,0.7912619,0.6766269,0.7054249,0.86240417,0.78628504,1.2815127,1.1703848,0.72349685,1.3144405,1.4094806,0.86045116,1.2560067,0.82543623,0.8623968,1.3889701,1.1186042,0.6155872,1.3773304,0.5884187,0.9342566,1.3584049,1.0083623,1.0968817,0.91547406,1.0638239,0.97216666,0.40475595,1.3584714,1.213259,0.8563649,0.6236255,0.87982714,1.1230177,1.0030837,0.87432843,1.3043671,0.87534046,0.8494708,1.2398443,0.665656,1.2441505,1.0543779,1.244355,0.6245481,1.037811,0.9299592,1.4190191,0.8368863,1.4441787,1.1861136,1.2150252,0.67419314,1.2044963,0.67589504,1.1721267,1.1710917,1.178285,0.8300306,1.0114462,0.5283166,0.94175863,1.0094783,0.87009823,0.3696348,1.2262663,1.2747762,1.4329304,1.4051962,1.1080941,0.6627283,0.8092377,1.0684825,0.8383248,1.1819931,0.96076685,1.1421467,0.8972583,1.0815775,0.8591777,0.74454546,0.4444825,1.2287495,0.76610506,1.008836,1.2424756,0.9078829,1.0520529,1.1754665,1.3297025,1.4130908,1.464411,1.2425568,0.8604464,0.98481894,1.3579762,1.2505854,1.1803644,0.64564663,1.3059022,0.53286386,0.68891215,0.7748948,0.9279058,0.9637812,1.0164766,1.1573286,1.4730434,1.2935553,0.40565383,0.7748521,0.8813562,1.1599205,0.8410676,0.4710148,1.2682748,0.91625684,0.99180984,0.91783094,0.75212497,1.2529674
banana,0.9947706,0.74392056,0.8347042,1.0268576,0.9280801,1.0002621,0.90429664,0.0,1.1999224,1.1916803,1.138067,1.2128775,1.140357,1.1824949,1.0268387,1.0796975,1.1178039,1.1912405,1.1288927,1.123095,0.8628397,1.1775621,0.5684819,1.1559021,1.0808233,1.0269338,1.1644027,1.2124254,0.76506424,1.2156374,1.2608259,1.1766514,1.2628231,1.245201,1.0779308,1.188139,0.42866325,0.6352577,1.2053418,0.56983757,1.0227844,1.2682824,1.0104175,0.9556107,0.9710582,1.0416472,1.1807896,1.0343823,1.0292581,0.8207705,0.8213837,0.95549154,1.0917019,0.7370671,1.0057775,1.0804952,0.68053675,0.8349231,0.9419175,1.0420792,1.0721487,0.6964011,1.1606557,0.8766743,1.1090741,0.6716303,0.74360067,1.1048473,1.0741332,1.1229116,1.13214,0.977169,1.0942836,0.97642154,1.1784419,1.0761514,1.0584213,0.66477895,1.1140475,0.8455439,1.2371762,0.8273772,0.67180663,1.0492278,0.7512733,1.0046611,0.97764015,0.68745846,1.2236091,1.1780546,1.1051427,1.1343375,1.1626974,1.1088398,0.90042007,0.98494434,0.18254077,1.1154808,1.0409156,0.9230538,1.1335157,0.8249903,0.96502095,0.73015124,0.80526143,1.0895371,1.0919509,1.1929256,1.1894562,1.0567738,0.54835725,0.7722274,0.9904198,0.98873645,1.1685989,0.96547693,1.1449819,0.92717195,1.2690605,1.0614536,1.1683024,1.0452147,1.2043818,0.8412223,0.7684846,0.9898127,0.81939095,1.0902334,0.96093106,1.1625488,1.1800483,1.1619254,0.936602,0.80453086,0.88645893,0.8060806,0.97488683,1.0142261,0.8606602,1.0138118,1.1097312,1.2398388,1.1024139,1.2050682
basket,1.421721,0.8798758,0.7356466,1.0142058,1.4672003,0.78399634,0.7710602,1.1999224,0.0,1.3310144,1.254452,1.21566,0.6168139,1.311324,1.3317086,0.7790263,1.284452,1.0910407,0.69526553,0.5374085,0.9175436,0.67391527,1.0760822,0.7040014,0.6116457,0.785812,0.47826684,0.59730244,1.2021695,1.3115447,0.8618012,0.7148992,0.989791,1.2686093,0.96556586,1.0506601,1.1306031,0.7908815,1.2823384,1.2662567,0.6313815,0.9035313,0.49903816,1.1835984,1.3185265,0.839288,0.869516,0.9028454,1.0608869,1.3268167,0.8493587,1.314704,1.3279682,1.0786233,0.89792114,0.6845926,1.2152148,0.94111204,0.9655961,1.2964877,0.9908071,0.9094502,1.2694426,0.89862835,1.337731,0.956599,1.3610528,0.55378157,0.9342619,0.8613078,1.3391097,0.6765714,1.4493203,1.1557952,0.81763494,0.5793172,1.2104495,0.90740925,0.9602532,1.3439789,1.024513,1.1971605,1.2277945,0.81825614,0.90730584,1.0196062,1.0955237,0.91753006,0.9433576,1.2890551,1.3010597,1.3819177,0.95464873,0.56429744,0.7342457,1.1027769,1.2559282,1.0851638,0.84381515,0.96448225,0.7905699,1.1839278,0.68624884,1.0228987,0.75181675,0.9458015,0.49528039,0.55360585,1.2045803,1.0097902,0.99368167,1.23167,1.2879329,1.3064598,1.429231,1.0223705,0.92407835,0.9258136,1.2085216,1.3366226,1.1780735,0.61253226,1.2539297,0.68595475,0.79956126,0.848803,1.0288407,1.045201,0.9987221,0.78127885,1.4026453,1.1625738,0.5757984,1.031842,0.9884656,1.2254941,0.7843602,0.41365457,1.2468166,0.9107585,0.8417919,0.74698615,0.6892589,1.1553072
bathtub,0.63655007,1.2355493,1.455092,0.820383,0.6394354,1.3041975,1.3348372,1.1916803,1.3310144,0.0,0.8723187,0.48499995,1.4207441,0.35884416,0.6840177,1.32961,0.69291115,0.8114538,1.0449618,1.4296653,0.8243985,0.7650702,1.3165987,1.3645256,0.91007465,1.2529494,1.4508724,1.1784831,1.1994187,0.79271257,0.80666363,1.3041878,0.6634582,0.7673906,0.9492205,0.83318853,1.1950679,1.318435,0.547732,1.037278,1.5181111,0.54982764,1.2551978,0.68992186,0.85061926,1.1421633,0.9037333,0.8606119,0.975055,1.0745139,1.1592131,0.7188899,0.80285203,1.3826846,1.4421353,1.2645017,1.2301817,1.1801052,1.1866747,0.7133621,1.3411388,1.4390285,0.7332085,1.2084935,0.8460385,1.201056,0.933964,1.4633864,0.9605453,1.1278114,0.60669136,0.9575475,0.6956248,0.79203063,0.864603,1.4604044,0.77667445,1.0876708,0.7761536,1.0122055,0.79028445,1.1310072,1.0977014,1.4210782,1.2147171,1.3455169,1.2309563,1.3425418,0.8822256,0.7761599,0.74045247,0.7287258,0.8844784,1.4994955,1.457942,1.1655719,1.2006761,0.89887565,1.2620304,1.065543,1.4053895,0.46275926,1.2492142,1.3496802,1.2488886,0.85447574,1.2495003,1.0651877,0.84104025,1.2524228,1.1512067,0.5725777,0.91864234,0.55993354,0.61406106,0.9790947,1.2532265,1.02099,0.5420068,0.10736036,0.49554896,1.4830003,0.47429895,1.4403327,1.3938975,1.2621634,0.8938595,0.9555118,1.0850359,0.9635139,0.58107495,0.25917006,1.2539214,1.4500039,1.38299,0.9177425,1.2945967,1.4075438,0.32844508,1.2278136,1.1292797,1.1709864,1.4110008,0.7102847
bear,0.6103009,1.135777,1.1621177,0.95942384,0.72487575,1.126484,1.1309309,1.138067,1.254452,0.8723187,0.0,0.70601225,1.2127358,0.8172742,0.6901977,1.2079482,0.69282293,0.9198065,1.240541,1.1412345,1.2099351,1.169448,0.96676445,1.1278245,1.1756032,1.1006448,1.202713,1.1734325,1.1070933,0.3905627,1.0368817,1.1063242,1.0148534,0.7827051,1.0498526,0.9081679,1.1528643,1.0305843,0.7973776,1.0719874,1.2002814,0.8308995,1.3410993,1.0297225,0.64138126,0.9527235,1.0895995,1.1518188,0.83646715,0.95749056,1.1759542,0.5027678,0.87615246,1.1594741,1.0706403,1.0658984,1.1877961,1.2231257,0.9795668,1.0264721,1.0009114,1.0946664,0.49308354,1.1138511,0.90595436,1.0960597,1.0771979,1.1822855,0.7658699,0.9525903,0.7594703,1.2088145,0.77946967,1.1171465,1.1880411,1.1909304,0.7044304,1.0930294,1.0886837,0.86503303,0.9143553,1.0601478,1.0323548,1.0940418,1.2853808,1.0854156,0.9158933,1.189873,1.0109742,0.49764764,0.8239511,0.9376582,1.2139101,1.2006891,1.2860528,0.9697598,1.259064,0.84487027,1.0886095,1.1378263,1.1630495,1.0907947,1.1119735,1.1222376,1.0662297,1.0566534,1.3392651,1.1907037,0.53976226,1.1345174,1.2111081,0.994017,0.7435148,0.9568677,0.72781044,1.0473965,1.1268088,1.1924193,0.7709898,1.0097411,0.7433187,1.2317079,0.81237304,1.1935114,1.0356957,1.0743402,1.2210376,1.052012,0.94895726,1.160267,0.8282278,0.9144288,1.1981956,1.147137,1.1709483,1.0827482,1.1160973,1.1835366,1.0332997,0.95340264,1.1184063,1.1923575,1.1883335,0.7523621
bed,0.40022266,1.2564117,1.511143,0.8133721,0.49774623,1.414329,1.4253373,1.2128775,1.21566,0.48499995,0.70601225,0.0,1.4295459,0.3305555,0.5087414,1.3528924,0.2124592,0.58195305,0.96031576,1.4020547,1.2458731,0.77909267,1.2488276,1.2973837,1.1706746,1.2468855,1.452806,1.1893859,1.2629616,0.72447854,0.72757107,1.344588,0.4926864,0.7292687,1.205898,0.8009817,1.3328401,1.2812505,0.23360229,1.1514269,1.524734,0.26011443,1.4367113,0.958148,0.59225106,0.8470771,0.92220265,1.0363971,0.84693855,1.1311378,1.3423386,0.41445088,0.7776226,1.3625939,1.4162414,1.1818764,1.2185352,1.278358,1.1636679,0.8359724,1.341399,1.251051,0.68844974,1.2351855,0.8684449,1.067337,0.85557675,1.4764769,0.94750917,1.1286858,0.39589417,1.1248603,0.554423,1.0149806,0.8653463,1.4827859,0.68646467,1.2474341,0.92039007,0.82696474,0.7730623,1.1373017,1.2631282,1.4432079,1.2913015,1.3407385,1.263587,1.4750621,0.89258236,0.6976297,0.41132492,0.7433099,1.0142307,1.4983686,1.4605143,1.066686,1.3065759,0.5536531,1.0245656,1.0861368,1.4107088,0.90209615,1.197041,1.3733313,1.2615578,0.780119,1.3574018,1.1311951,0.6915293,1.2851367,1.1708723,0.81225175,0.7326246,0.70012957,0.49513417,0.96754014,1.2482188,1.1854326,0.6075246,0.69033784,0.34138048,1.5236479,0.58812475,1.498065,1.2456697,1.3116887,1.1826328,1.1318817,1.0892324,0.7923882,0.4440822,0.4200244,1.4096115,1.4241271,1.4198334,1.0292485,1.1922647,1.3464516,0.67752516,1.1461058,1.0731974,1.2527454,1.4087348,0.64612067
belt,1.5372221,0.8413813,0.51436496,1.3124824,1.4701087,0.5016971,0.68548495,1.140357,0.6168139,1.4207441,1.2127358,1.4295459,0.0,1.4169255,1.5582719,0.7831422,1.3580179,1.1978576,0.82977724,0.30959237,0.86451286,1.1986051,0.9626539,0.36789274,0.9985509,0.8249314,0.2989744,0.6261414,1.0757495,1.088433,1.0150585,0.56242645,1.2799816,1.2903657,0.8894561,1.0433388,1.0163893,0.7821783,1.3941839,1.2656045,0.20515221,1.4621353,0.5544287,1.1328781,1.4183528,1.140167,0.94036543,0.79485893,1.1914759,1.2040119,0.757568,1.3368721,1.3755708,0.8567496,0.46613926,0.9582604,1.1157241,0.8426803,1.1403457,1.3932003,0.7284049,0.89708334,1.165036,1.0163873,1.3873308,1.1284477,1.3762157,0.42717552,0.94242716,0.79553163,1.4448394,0.9054426,1.415451,0.9095907,1.0568976,0.3195302,1.3222696,0.95111626,1.2382032,1.5158249,1.236838,1.0806975,1.1658778,0.4364745,0.61744916,0.8141989,0.7922122,0.7537947,1.0016946,1.2911124,1.4980946,1.3810863,0.94743496,0.18710649,0.41364753,1.0619197,1.0089455,1.1128694,0.6418874,1.1247623,0.673825,1.2799127,0.8015733,0.912653,0.8518102,1.2414752,0.5060396,0.7331037,1.0995032,0.8825113,1.1297721,1.3579167,1.480391,1.3427871,1.4723744,1.1728481,0.6114868,0.72459227,1.2019644,1.3639761,1.395895,0.28582418,1.2228576,0.4245082,0.8182434,0.5680598,0.90698516,1.0633031,1.1056284,1.2796247,1.5175261,1.3474319,0.6112721,0.7719406,0.64098513,1.1046346,0.5740806,0.6138508,1.4828539,0.7725413,0.8591294,0.6482142,0.28409433,1.1333858
bench,0.4672312,1.2909174,1.6228057,0.89282274,0.47061408,1.4990276,1.4398793,1.1824949,1.311324,0.35884416,0.8172742,0.3305555,1.4169255,0.0,0.6365247,1.4083853,0.39138007,0.7850805,0.9062741,1.4490057,1.2015386,0.7383021,1.3099183,1.3606937,1.1727837,1.3308544,1.383292,1.2045562,1.1558573,0.746462,0.44327462,1.4896579,0.66195685,0.6797407,1.1585784,0.7538363,1.3307838,1.3484733,0.18683195,1.0531358,1.5717735,0.49583954,1.4710574,0.8421837,0.6044,1.0788155,0.8656504,0.91360444,0.92484903,1.0465279,1.4340413,0.60853887,0.8624908,1.3525217,1.4364898,1.1879165,1.0849942,1.1552356,1.2707267,0.5870431,1.3741711,1.1746438,0.76491845,1.2542148,0.83109957,1.1068424,0.8018098,1.4435556,0.9597048,1.0147613,0.5100404,1.1313401,0.3971362,0.7281345,0.6987747,1.529897,0.72818846,1.2712672,0.93566465,0.70003974,0.86157095,1.1430866,1.1350609,1.5523098,1.1526613,1.1840112,1.2969897,1.5120795,0.8228407,0.7340578,0.54250896,0.53004515,0.85184973,1.4948001,1.341579,1.0688467,1.239908,0.7697954,0.9026718,1.0219518,1.3133531,0.8784904,1.2064631,1.4139802,1.3884465,0.63405037,1.2208557,1.0097418,0.769709,1.2257919,1.1403311,0.86038136,0.669937,0.5256837,0.48709613,0.83736384,1.1524487,1.0294553,0.59569854,0.5200897,0.54832,1.5426315,0.5217172,1.5942798,1.1905603,1.3333167,1.0288655,1.0638645,1.0684185,0.75667787,0.45028257,0.21766472,1.51183,1.4436976,1.3952992,0.876834,1.1737579,1.5468359,0.70070493,1.18538,1.0487994,1.0669729,1.3937024,0.7014075
bib,0.47310746,1.0917566,1.4338275,0.6371836,0.48193538,1.3500134,1.301718,1.0268387,1.3317086,0.6840177,0.6901977,0.5087414,1.5582719,0.6365247,0.0,1.2862694,0.5597753,0.61372244,0.8519522,1.4764869,1.1840391,0.7727506,1.220746,1.4507737,1.0277208,1.1557276,1.5902141,1.3400358,1.1192825,0.90223646,1.0935203,1.3016063,0.77635896,0.7154115,1.1018854,0.95036453,1.2106763,1.3307893,0.64051294,1.028759,1.6079272,0.52988076,1.346307,0.94650877,0.6496716,0.61899996,1.259788,1.182333,0.46810323,0.94785047,1.223849,0.665698,0.6870096,1.229456,1.4326617,1.257104,1.0955737,1.1714754,0.83989954,0.70459694,1.2569801,1.049744,0.8455711,0.8863698,0.79570514,1.0137086,0.6807315,1.4448653,1.0519205,1.1859769,0.3369257,1.116472,0.5383925,1.0912908,1.2193035,1.5917454,0.67597306,1.0476942,0.9001372,0.5129662,0.7758429,0.94362897,1.0676805,1.4321892,1.3606106,1.1358293,1.2705688,1.3301476,1.0394454,0.77973604,0.34552264,0.7756578,0.9377149,1.5827969,1.460752,0.8523056,1.1664042,0.8339808,1.2639992,0.99464077,1.5097871,0.83408284,1.0881335,1.1455855,1.1537132,0.7181083,1.4473168,1.3559207,0.9191017,1.2805916,1.0638418,0.74475205,0.5378531,0.72843975,0.38315487,0.811752,1.2951672,1.3769505,0.9072286,0.7773041,0.4392717,1.6195354,0.8984957,1.4890711,1.1695888,1.3937361,1.1755968,1.0567727,0.9097623,0.88530177,0.46591008,0.70948416,1.3453557,1.2959204,1.3479512,0.9147227,1.3564353,1.2145143,0.6264619,1.2000257,1.1456984,1.4238194,1.4156597,0.89460933
bird,1.1513437,0.8774777,0.60235864,1.0638115,1.3485653,0.69098365,0.71132493,1.0796975,0.7790263,1.32961,1.2079482,1.3528924,0.7831422,1.4083853,1.2862694,0.0,1.3873336,1.0942867,0.96404517,0.70504695,0.95191324,1.0886334,0.9406853,0.733952,0.9637648,0.5887338,0.7467021,0.7934569,1.0324599,1.1517812,1.1828121,0.58992136,1.1546216,1.2001413,1.0157801,1.1893872,0.85821277,0.8318863,1.362635,0.91566706,0.62381595,1.2270329,0.67648643,1.1164861,1.1306908,0.9062628,1.0204124,1.0563617,1.0878952,1.137669,0.725687,1.2668257,1.1258204,1.0131346,0.6806785,0.8110524,1.0319376,1.0082996,0.578521,1.3053544,0.87273115,0.9405069,1.1408912,0.9208851,1.178798,1.0760415,1.3408873,0.58372873,0.92272353,0.95520926,1.2796943,1.0011605,1.3597672,1.0954825,0.96624047,0.5520358,1.2562447,0.9290283,1.0928532,1.1901692,0.9593205,1.1651905,0.99576145,0.7214641,0.9710443,1.1140339,0.95891446,0.6914469,1.0828077,1.1360656,1.256843,1.1394403,1.0203629,0.6550846,0.88637376,0.90940785,1.0032786,1.1898345,1.0992024,0.98028845,0.7226387,1.1481953,0.80424905,0.8745015,0.7571256,1.149774,0.78092194,0.96276635,1.2097788,0.48469788,1.0497999,1.1661681,1.3077946,1.1804321,1.3444753,0.9455051,0.9878479,0.85935533,1.2356619,1.3174073,1.2461796,0.59871835,1.2140079,0.6430707,0.94046074,0.8198554,0.9680256,0.85182536,1.0217954,0.88976717,1.3324034,1.3576105,0.61181706,0.9061868,0.98065466,1.126264,0.873868,0.5035148,1.2392037,0.9846557,1.0432435,0.7626703,0.85573065,1.2270082
blanket,0.36676097,1.1302668,1.4758095,0.97937524,0.47280097,1.414329,1.3913174,1.1178039,1.284452,0.69291115,0.69282293,0.2124592,1.3580179,0.39138007,0.5597753,1.3873336,0.0,0.6743297,1.0317094,1.3868792,1.2763908,0.9725426,1.0315474,1.3241819,1.2311918,1.2139807,1.407596,1.2141892,1.127998,0.7590351,0.7243617,1.399824,0.71570677,0.6207248,1.2180798,0.9285158,1.2458436,1.2326438,0.18418527,1.0609438,1.4936075,0.61311585,1.4882569,0.98249644,0.5798384,0.9456212,1.0765437,1.1584921,0.8981853,1.0483946,1.3604361,0.33480322,0.86477005,1.2349821,1.3278253,1.1370327,1.0722891,1.2181327,1.2196522,0.81890595,1.265605,1.0226732,0.7779846,1.2280811,0.89674896,0.9773725,0.804733,1.3607628,0.97436863,1.1358912,0.4081089,1.1934307,0.4288901,1.0806836,1.0700712,1.4835265,0.5455011,1.2357433,0.98487926,0.64003396,0.92018837,1.0991126,1.1410499,1.399777,1.1039635,1.088071,1.1922549,1.4059467,0.92179406,0.6592787,0.445606,0.68238026,1.0543706,1.4505935,1.3647628,1.0284971,1.2161543,0.45594501,0.7749499,1.0061268,1.4002802,0.99612296,1.16176,1.2498736,1.2363038,0.6983243,1.3020438,1.2153587,0.71345586,1.2734854,1.0502695,0.9057453,0.5282988,0.84940946,0.47812158,0.882171,1.1210406,1.2341251,0.74511254,0.82407004,0.5557459,1.4357779,0.7908079,1.4444469,1.0779217,1.2835253,1.2388806,1.2270141,1.0755919,0.8830536,0.43419468,0.58381194,1.4391674,1.2910275,1.3279667,1.1171201,0.9427415,1.4503266,0.81264365,1.138349,1.019648,1.322267,1.3301446,0.7898663
boat,0.66472983,1.1076205,1.2569506,0.80000585,0.82931817,1.2124082,1.1729434,1.1912405,1.0910407,0.8114538,0.9198065,0.58195305,1.1978576,0.7850805,0.61372244,1.0942867,0.6743297,0.0,0.8119429,1.2529213,1.1203659,0.7541569,1.2058835,1.1977475,1.0367974,1.061868,1.2684546,0.94205135,1.1994944,0.99473304,0.964003,1.0899655,0.8145288,0.8739425,1.0974799,0.95802313,1.1843845,1.1743363,0.7205272,1.023386,1.2649859,0.6154908,1.2211405,0.92438954,0.83880967,0.6830158,1.0969113,0.9747281,0.8126455,1.1391644,1.2371309,0.80644405,0.8782355,1.2605517,1.1533359,1.148066,1.1626114,1.1556857,0.7758046,0.9577219,1.1636372,1.1774063,0.93671757,0.99650127,0.95903003,1.0919315,1.0252699,1.2476093,1.0345721,1.1342655,0.6461164,1.0846727,0.84834206,1.0791476,1.0888636,1.3122692,0.9062503,1.1463165,0.9811633,0.90858424,0.6897887,1.0867956,1.1304574,1.2722805,1.189332,1.2064489,1.2023679,1.2639529,0.9683718,0.9058146,0.66060793,0.94929534,0.89545125,1.2533829,1.2807299,0.8214679,1.232413,0.9142827,1.0577106,0.9210452,1.2743974,0.92091054,1.0722053,1.2583209,1.1608183,0.8728767,1.1207464,1.1687284,0.901472,1.0915056,1.1295123,0.80603343,0.92603946,0.9408173,0.7800437,0.90057975,1.1546586,1.2004089,0.9601502,0.891321,0.27202624,1.2780713,0.9388025,1.2650852,1.1531687,1.2384627,1.1999819,1.0466833,1.0484618,0.86721635,0.7809075,0.8287791,1.1719104,1.2917535,1.3085953,1.056582,1.1402522,1.0155731,0.7851387,1.0471885,0.8833156,1.1805258,1.2072983,0.84646714
book,1.0946369,1.1165289,0.9541641,0.74703014,1.0740438,0.9037582,0.9788582,1.1288927,0.69526553,1.0449618,1.240541,0.96031576,0.82977724,0.9062741,0.8519522,0.96404517,1.0317094,0.8119429,0.0,0.81191444,0.96543103,0.4478808,1.2443308,1.0122312,0.8240005,0.87633556,0.9897908,0.8146624,1.20555,1.3418627,1.0176048,0.872298,0.99991953,1.1366322,1.0506468,0.943239,1.1508844,1.0502856,1.008913,1.0621289,0.8949948,0.8560163,0.7860943,1.0431828,1.2024422,0.8455672,1.119189,0.8466975,0.92391676,1.2189869,1.0035121,1.1843301,1.0781736,1.1761026,1.0185442,1.0129063,1.1605183,0.9509962,0.86889184,0.78374124,1.1247903,1.1294127,1.19388,0.64964193,1.1445615,1.0623294,1.0323384,1.0356652,1.1245705,1.0875019,0.86235654,0.87278247,1.1659828,0.92818654,1.0558838,0.95714456,1.0698186,0.8843624,0.9621739,1.1144489,0.93713295,1.0983741,1.1772912,1.0327668,1.0445133,1.1793442,1.1934872,1.0529565,0.9402996,1.1470275,1.0380127,1.2459254,0.49650532,0.83499575,0.8409956,1.048786,1.1039526,1.170734,1.0712119,0.76358473,1.1491947,0.9529903,0.88141453,1.2160691,0.968453,0.80167484,0.79383296,0.86262894,1.1076374,1.1378375,1.0733111,0.9688024,1.0751644,0.9396932,1.0384557,1.0011616,1.1453873,1.0181686,1.250028,1.0629189,0.9106168,1.0203041,1.1229266,0.90709674,1.0831554,1.0441678,0.9876184,1.094889,1.0257442,0.8800211,1.0699648,0.91801816,0.83857346,1.2246844,1.1461766,0.94471765,1.0770193,0.66222787,0.90646815,0.95531106,0.914099,1.0124729,0.9395758,1.0397143
bottle,1.5083416,0.98365355,0.33205342,1.1805325,1.4482391,0.369933,0.6826756,1.123095,0.5374085,1.4296653,1.1412345,1.4020547,0.30959237,1.4490057,1.4764869,0.70504695,1.3868792,1.2529213,0.81191444,0.0,0.8713425,1.1654621,0.966806,0.36155438,0.9087601,0.8491015,0.35238016,0.74082863,1.0259415,1.1690216,1.1191472,0.47791266,1.2489746,1.2316926,0.93220234,1.1670454,1.0651429,0.7534661,1.3837149,1.2675319,0.23925996,1.3786743,0.35217428,1.2465526,1.3924658,1.0331278,0.9399589,1.0741823,1.0910693,1.14713,0.71777934,1.3168435,1.2433869,0.86333734,0.6147039,0.86227894,1.1389477,1.0448613,1.1088626,1.3275056,0.69888914,1.0032938,1.211536,0.9956951,1.2491283,1.0701997,1.3867677,0.44571257,0.90995467,0.9081293,1.3880886,0.7888273,1.4624479,1.140218,0.97412825,0.14046615,1.2499824,1.0047644,1.1271558,1.4965749,1.1564091,1.107754,1.167916,0.2997421,0.8789649,0.96340644,0.7270047,0.65763396,1.129627,1.209011,1.4253306,1.3639579,1.0528433,0.2706673,0.5792575,1.1595656,0.96134204,1.1393981,0.9832585,1.1050876,0.6345576,1.2231109,0.75175184,0.85216314,0.7949791,1.3267169,0.6531323,0.7281015,1.1486354,0.8474731,1.0917735,1.3292394,1.3650594,1.4218975,1.4428327,1.3206308,0.88219345,0.9172622,1.1843604,1.4151266,1.3546164,0.3951037,1.1820008,0.25929552,0.8726563,0.66322136,1.0599494,1.1469551,1.0761435,1.2183385,1.4422681,1.3198034,0.53624123,0.74605006,0.68091506,1.1991107,0.84211004,0.40259302,1.4105787,0.87283003,1.0485317,0.60393286,0.5491931,1.13063
bowl,1.2981206,0.97446704,0.72829485,1.0282569,1.249958,0.6084002,0.64140064,0.8628397,0.9175436,0.8243985,1.2099351,1.2458731,0.86451286,1.2015386,1.1840391,0.95191324,1.2763908,1.1203659,0.96543103,0.8713425,0.0,1.0169963,0.967535,0.91877365,0.6226719,0.8013214,1.0098851,0.9768982,0.9791944,1.2472333,1.1608906,0.8243426,1.2204838,1.305223,0.61743325,1.0774422,0.77026093,0.9480442,1.2607527,0.95557296,0.8562086,1.2125428,0.43849856,0.2887454,1.3992505,1.182624,1.1528522,0.86524385,1.1878936,1.1047449,0.63530827,1.1680475,1.1815969,1.1453091,0.9185048,1.1276236,1.2706954,0.8420404,1.0048628,1.1056776,1.0583676,1.0600684,1.1109983,0.74043876,1.2718803,1.0470538,1.2132763,1.0212578,1.1360343,1.048758,1.254081,0.7078185,1.3518041,0.99216944,1.2664227,0.88980865,1.1944352,0.59709287,0.9623971,1.2370027,1.1347828,0.99067724,0.9627082,0.82731855,0.82203144,1.1681454,1.0548952,0.6686883,1.0694513,1.1799538,1.360376,1.3148775,0.9174702,0.9041556,1.0131459,1.1741017,0.77694994,1.2400793,1.1293921,1.0281937,1.085749,0.44803345,1.0160136,1.0598058,0.82472324,1.1733117,0.84490806,1.0761902,1.1442928,1.1248947,0.9457307,0.75456035,1.2874868,1.0755755,1.3321755,1.1184344,1.0699483,0.8763744,1.1948192,0.555382,1.0786003,0.8696861,1.1370918,0.73001856,0.99171126,0.79622334,0.6721226,0.92095596,1.0633008,1.19312,1.3315,0.969959,0.4155388,1.131917,1.0114244,1.025011,0.92667025,0.79363674,0.65866536,1.0647029,1.0979804,1.0674994,0.9740299,1.1252646
box,0.8863027,1.129082,1.309469,0.5988097,0.94740033,1.2295938,1.1656342,1.1775621,0.67391527,0.7650702,1.169448,0.77909267,1.1986051,0.7383021,0.7727506,1.0886334,0.9725426,0.7541569,0.4478808,1.1654621,1.0169963,0.0,1.3575659,1.1657982,0.6745884,1.0379597,1.1261725,0.97340477,1.2253835,1.226451,0.8203963,1.0311731,0.66070944,1.0090238,1.0797894,0.85276043,1.1869473,1.1236289,0.87446296,0.98899204,1.2736465,0.42842782,0.99334526,0.9795213,1.0550649,0.84836626,0.8309457,0.66617644,0.9645527,1.2827666,1.1919826,1.0548205,1.0098294,1.3739908,1.2982739,0.9679228,1.2539537,1.0557692,0.8917709,0.84379995,1.3184749,1.2479628,1.0697283,0.81057215,1.0791152,1.0883003,1.0378271,1.3173918,1.1736354,1.0208648,0.7803402,0.8104261,1.0402062,0.87757725,0.752948,1.2279143,0.9237547,0.9839401,0.7198792,1.0244311,0.8318683,1.168687,1.1698691,1.387736,1.1139889,1.2613888,1.3689119,1.3091801,0.6855347,1.0322573,0.8809835,1.0420606,0.5148664,1.246356,1.1442121,1.054217,1.2475665,1.1225275,1.121389,0.83096844,1.2266078,0.8569422,1.0913754,1.3786622,1.126069,0.5974794,0.8708496,0.7011496,1.0666736,1.2153149,1.1242017,0.826676,0.95928794,0.740665,0.92897135,0.86125356,1.1747237,0.99054986,0.92271656,0.8080864,0.6902035,1.3183513,0.9456142,1.2514057,1.1669396,1.1898097,0.962378,0.97042215,0.9574329,0.74426717,0.90096927,0.70515656,1.077889,1.4254893,1.3315973,0.8846327,1.2213218,0.8803211,0.6815856,1.0775609,0.9275687,0.9899816,1.173111,0.9139053
bread,1.0183972,0.80220973,0.75146186,1.2038795,1.0589408,0.9586919,0.9450501,0.5684819,1.0760822,1.3165987,0.96676445,1.2488276,0.9626539,1.3099183,1.220746,0.9406853,1.0315474,1.2058835,1.2443308,0.966806,0.967535,1.3575659,0.0,1.0164571,1.2506565,1.0387372,1.006963,1.1410793,0.6533073,0.9771954,1.2708471,1.0125992,1.3882935,1.1172318,1.091089,1.2954997,0.32945055,0.45311964,1.1912011,0.42744148,0.86718124,1.4314003,1.0282966,1.0579038,0.9471255,1.1381494,1.2453431,1.2241362,1.1914698,0.83668196,0.8662651,0.8904107,1.1602457,0.6572883,0.8013326,0.9903547,0.71408707,0.9958148,0.97738385,1.1474645,0.8253588,0.7724169,1.00413,0.9927998,1.1292106,0.48079002,0.92039293,0.9130829,1.0816095,1.0592421,1.1703582,1.1825509,1.1588776,1.2564325,1.2167029,0.8863505,0.9765445,0.8767523,1.2535937,0.9340477,1.2916936,0.89469993,0.30837578,0.7855824,0.8055854,0.7672428,0.71265423,0.65718746,1.194263,0.9991338,1.197591,1.1448284,1.2089356,0.93550473,0.8686301,1.0033748,0.56084746,0.98097414,0.9180365,0.7076483,0.8670385,1.0048078,0.9614035,0.68773127,0.837397,1.1889284,0.9371611,1.2074425,0.96657383,0.7876997,0.43042153,1.0058765,1.0118598,1.3231244,1.2332271,1.025727,0.9571731,1.0723958,1.315478,1.2070328,1.3124847,0.7250759,1.1618053,0.7101548,0.8728579,0.6730399,1.1809452,1.2483271,1.04679,1.1923175,1.205374,1.3662751,0.91847634,0.65959966,0.68415046,1.1731917,0.8819566,1.0435488,1.0980434,1.0275072,1.1069684,1.1880007,0.92173934,1.2546408
broom,1.4085307,1.0183883,0.5951192,1.1886168,1.4108193,0.6121472,0.71212214,1.1559021,0.7040014,1.3645256,1.1278245,1.2973837,0.36789274,1.3606937,1.4507737,0.733952,1.3241819,1.1977475,1.0122312,0.36155438,0.91877365,1.1657982,1.0164571,0.0,0.98146623,0.93577284,0.24304175,0.84526396,1.096669,0.9956164,0.9635401,0.6357335,1.0958686,1.2097054,0.82079583,1.0601194,1.0759163,0.8255221,1.2968541,1.2923772,0.3477974,1.255782,0.56447124,1.1705269,1.3446245,1.1502521,0.68305814,0.94331473,1.1611269,1.1951816,0.8577167,1.298635,1.254525,0.9191089,0.56863225,1.0039037,1.1343894,1.0208713,1.1735507,1.3979867,0.73075736,1.0602987,1.0915846,1.1252699,1.2441937,1.1351274,1.3622494,0.5796735,0.9993178,0.5984515,1.3873982,0.92937165,1.3622009,1.0838113,0.84335667,0.30317676,1.2842773,1.0416962,1.1393989,1.5030756,1.2386379,1.1105874,1.1859094,0.5262216,0.71173024,0.8577541,0.8523479,0.7918484,0.9960778,1.2154763,1.3893274,1.266623,1.0101247,0.37739277,0.60413766,1.1015365,1.0060892,1.0439267,0.7601603,1.2735531,0.62637085,1.2358497,0.9399498,1.0023589,0.8985062,1.2710176,0.6835648,0.6793351,1.0491952,0.85187423,1.2007114,1.2921445,1.3670485,1.3489995,1.3853538,1.2926388,0.60492736,0.84555626,0.94955385,1.3531251,1.2583349,0.46423686,1.1240003,0.5110117,0.90221703,0.48237455,1.0255091,1.1111312,1.0598801,1.2514541,1.3896048,1.2982651,0.69229996,0.81581503,0.7740387,1.1788937,0.7106378,0.67849,1.3983808,0.8275393,1.0398549,0.43004084,0.5849513,0.97804564
bucket,1.2385045,0.8794215,1.0242658,0.84526277,1.2761266,0.8768526,0.7912619,1.0808233,0.6116457,0.91007465,1.1756032,1.1706746,0.9985509,1.1727837,1.0277208,0.9637648,1.2311918,1.0367974,0.8240005,0.9087601,0.6226719,0.6745884,1.2506565,0.98146623,0.0,0.8592707,0.86667943,0.8757154,1.2469857,1.3199807,0.8772929,0.948955,0.9601212,1.2175236,0.8176483,1.1946301,1.0463622,1.086538,1.1860734,1.1561763,1.0794808,0.87170553,0.55664647,0.88456285,1.2930012,0.8820213,0.8875437,0.8616979,0.992951,1.2868234,0.80567765,1.2436002,1.2018847,1.2894832,1.0834346,0.9473263,1.2873944,0.9302304,0.93920404,1.0899965,1.2297827,0.96143776,1.1645161,0.90680903,1.2336297,1.0225033,1.2373933,0.9541374,1.0112249,0.94152945,1.1839311,0.49416006,1.3051853,1.0376142,0.9693,0.9937757,1.1105602,0.8208325,0.29845583,1.1623656,0.99461925,1.1387165,1.0726615,1.1367943,0.88997066,1.2012911,1.3213228,1.0601687,0.93140775,1.2008355,1.1856837,1.284859,0.8974428,1.0342773,1.1024418,1.0284506,1.1378341,1.152324,0.99846584,1.0890458,1.1091881,0.7506261,0.85199887,1.1675556,0.9103889,0.89877784,0.7559483,0.7190659,1.1372683,1.2282057,1.0315304,0.8556613,1.1428246,1.0279378,1.2263209,1.0384003,1.0502645,0.8646238,1.0389942,0.8156208,0.94798493,1.0902344,1.1993234,0.9778053,0.84504795,0.96422315,0.73053914,0.8860296,0.9621562,0.91851115,1.2415472,0.962906,0.69214076,1.266372,1.2539393,1.0584023,0.9454711,0.7034919,0.7864704,0.99826723,0.91885,0.9231165,1.0552573,1.0707109
butterfly,1.1261755,0.9032658,0.71240085,1.093913,1.3081446,0.7042893,0.6766269,1.0269338,0.785812,1.2529494,1.1006448,1.2468855,0.8249314,1.3308544,1.1557276,0.5887338,1.2139807,1.061868,0.87633556,0.8491015,0.8013214,1.0379597,1.0387372,0.93577284,0.8592707,0.0,0.9008301,0.79871637,1.0851564,1.181145,1.180971,0.6936015,1.1744653,1.2079833,0.99403477,1.1692561,0.8965031,0.95062715,1.2881888,1.0396436,0.7566934,1.2201786,0.72289026,0.9400588,1.1713984,0.8772969,1.137965,0.9565587,0.9931688,1.1509619,0.76884437,1.1544673,1.1278536,1.0738,0.8166045,0.7308012,1.139491,0.8399426,0.5816925,1.2895224,1.001365,0.92037594,1.105533,0.84661543,1.1930219,1.0696291,1.2591101,0.73805076,0.8555862,1.0151958,1.1938552,0.9221281,1.3524595,1.0683421,1.1903033,0.78561926,1.1529653,0.6832526,1.1181397,1.141935,1.0320036,1.023706,1.092972,0.8537499,1.0194751,1.1200552,1.0036262,0.7767578,1.0436188,1.1068826,1.2447296,1.3217707,1.0362229,0.76580125,0.9052263,0.89752287,1.041335,1.1028719,1.067715,1.0486325,0.99831235,1.0419338,0.7373753,0.9876906,0.65854406,1.0670398,0.82801586,0.99726516,1.1367697,0.9192684,1.0019274,1.0560632,1.27909,1.1161466,1.3332701,0.99265194,1.1011499,0.9072837,1.2597831,1.2133915,1.1548606,0.79706943,1.2332351,0.822101,0.8934565,1.0282452,0.84682906,0.9486127,1.0360578,0.9543856,1.2887243,1.2664466,0.60218775,1.032486,1.0905067,1.1175495,0.8489271,0.58505625,1.133409,0.8960421,0.99863285,0.9753608,0.84005725,1.1432006
