,alligator,ankle,apple,applesauce,arm,ball,balloon,banana,basket,bathtub,bear,bed,belt,bench,bib,bird,blanket,boat,book,bottle,bowl,box,bread,broom,bucket,butterfly,can,car,carrot,cat,chair,clock,closet,coat,coffee,comb,cookie,corn,couch,cracker,crayon,crib,cup,dog,doll,door,drawer,dress,duck,ear,egg,elephant,eye,face,finger,firetruck,fish,flower,foot,fork,frog,glass,glasses,glove,grass,gum,hair,hamburger,hand,hat,horse,hose,jacket,jar,jeans,knife,ladder,lamp,leg,meat,melon,milk,mitten,motorcycle,mouth,muffin,nail,napkin,necklace,orange,oven,owl,pajamas,pants,paper,pastry,pen,pencil,pickle,pig,pillow,pizza,plant,plate,pony,pumpkin,purse,radio,raisin,refrigerator,rock,rooster,sauce,scarf,scissors,shirt,shoe,shorts,shovel,shower,sink,slide,slipper,snow,soap,sock,soup,spoon,sprinkler,strawberry,stroller,sweater,swing,table,tape,toe,tooth,toothbrush,towel,toy,tray,tree,tricycle,truck,vacuum,watch,window,zebra
alligator,0.0,1.1065186,1.3492366,1.2454935,0.7305023,1.2910688,1.3687217,1.0787861,0.93415874,0.7261564,0.8385904,0.46922302,1.2797776,0.7900895,0.75919867,0.98102486,0.44239795,0.90105504,1.2987456,1.3636892,1.0005258,1.0818359,1.361059,1.1732538,1.196687,1.0488807,1.351185,1.1001642,1.2864585,0.8217583,0.86739933,1.1210628,0.7907847,1.3009682,0.79900146,1.0196209,1.1811237,0.9984222,0.5681843,0.9986508,1.4064596,0.5442423,1.3855455,0.67391086,0.9485483,1.082123,0.78163695,0.83225507,1.3043655,1.0229881,1.372494,0.7371525,1.1975195,0.8755924,1.2562187,0.86849105,1.3564259,1.2484872,1.2008022,1.1242247,0.99011064,0.7786549,1.2603993,1.076391,0.85402036,1.2364225,0.9460028,1.2093736,1.0152372,1.2721037,1.027352,0.8233559,0.6213542,1.006128,0.8089928,1.1043131,0.8227079,1.2984717,1.128828,1.2041731,1.0194448,0.9621865,0.79109484,0.8887875,1.1538098,1.2316108,1.2994423,1.1868731,1.2923195,1.3882334,0.8458129,0.74273217,0.53214335,0.84897184,1.0590607,1.168982,1.4002532,1.4282494,1.219047,0.8337176,1.1566001,1.0958114,1.2683413,1.2163914,1.0441784,1.1017781,0.939063,1.2608021,1.2228818,1.025102,0.6415036,0.8667309,1.0093638,0.9241246,0.8956558,0.8134461,0.87859285,1.0022207,1.0117222,0.6544228,0.81026334,0.7334563,1.3459809,0.7636956,1.3414571,1.1296779,0.8947078,1.0582967,0.9499341,1.2690889,0.7648134,0.59389555,0.993838,0.6615445,1.3153168,1.32638,1.3891844,0.90664107,0.85974723,1.1037749,0.72458196,0.35041285,0.9121796,1.2077667,0.9811235,1.3923099,0.9194757,1.0512232
ankle,1.1065186,0.0,1.1080425,0.9383473,0.82537985,1.0469724,1.1142476,1.0489357,1.2395773,1.1552126,1.1465143,1.1121683,0.8118633,1.1020832,0.8634205,1.0929524,1.0459017,1.2488993,1.1044286,1.0470941,1.2115966,1.2112665,1.0684828,0.8104299,1.0860838,1.1173768,0.9526006,1.2724121,0.8663795,1.0219188,0.9305814,1.0630046,1.2317888,0.7307822,1.1707003,1.0148262,1.0011735,1.1196301,1.102448,1.0420318,1.0547901,1.2363863,1.1173973,1.0976222,1.07913,0.9954191,1.0203308,0.886259,1.0425155,0.73777395,0.95042276,0.9877668,0.81010735,1.0405704,0.41398126,1.1769115,1.0648676,1.0245873,0.5464919,1.1273688,1.1335472,1.2600589,0.68940204,0.74594295,1.0681598,1.0267811,0.94266874,1.1371942,0.5052406,0.9116378,1.1436013,0.9850886,1.0584053,0.9976295,0.8214575,0.9331511,1.0073583,1.0423677,0.5251027,0.9446243,1.0450565,1.1475315,0.7866541,1.2530532,0.75683236,0.9221628,0.9994535,1.0960199,0.4399917,0.9751715,1.1360043,1.1314585,0.9924657,0.8362927,1.0605369,1.0376061,1.0135932,0.9094098,1.0571159,1.1017225,0.9809906,0.87291026,0.95570326,1.2388374,1.1391176,0.9628624,0.8063706,1.0904422,0.8752326,0.9287398,1.1269078,1.0853643,1.1054039,0.89810264,1.1510735,0.94634956,0.6030569,0.7662522,1.0821259,1.1487911,1.1506567,1.2011824,0.8692359,1.1098269,1.0368253,0.54237807,1.1639324,1.0610905,0.9198322,0.91747254,1.0994436,1.1409798,0.9883592,1.185552,1.1250734,0.47577786,0.7657781,0.87942934,0.93149745,1.1885153,1.2626206,1.1297057,1.1868161,1.2333999,0.94848144,0.83403915,1.1748732,1.054788
apple,1.3492366,1.1080425,0.0,0.84930027,1.4126196,0.37017936,0.17620063,0.93275625,1.197285,1.4414868,1.122753,1.4435142,0.76729274,1.4545717,1.4839294,0.80713904,1.436844,0.97264636,0.56217486,0.32424843,1.0941738,0.87588954,0.46206868,1.0697149,0.78210515,0.81944776,0.43695468,1.1064159,0.69173145,1.2235202,1.2618386,0.7513927,1.2560965,0.8140896,1.3548009,1.2748888,0.89228266,1.1408846,1.4320068,1.2886386,0.2780652,1.4433974,0.32589328,1.2873466,0.877002,1.0610331,1.3129766,1.3386333,0.69225097,1.1437914,0.3656044,1.197309,0.9004399,1.1534648,0.8404971,1.1556128,0.46126252,0.42342448,1.0484946,1.0616982,0.7799163,1.3719494,0.73375535,0.990228,1.1321899,0.80103666,1.2727597,0.5718349,1.2771316,0.42619908,0.85558057,1.3372012,1.4071289,1.0948076,1.4041041,1.0200111,1.4302151,0.49448085,1.0602912,0.8580202,0.7739978,1.0627108,1.4427729,1.2537166,0.9901483,0.8897096,0.29542696,0.61492455,0.8466007,0.30952466,1.396902,1.1020252,1.4627593,1.4127249,1.1260314,0.89950645,0.39453435,0.43042362,0.69474965,1.1616056,0.86612445,1.0517052,0.5870468,0.63112605,0.7705104,0.7118757,1.085552,0.8570976,0.76623523,1.0355333,1.1839783,1.2289689,0.96730566,1.1965848,1.127675,1.4526124,1.2648757,1.2235582,1.141483,1.3220978,1.4317052,1.2618105,0.3893075,1.3148191,0.39834738,1.0338035,1.2218741,0.9504753,1.0303907,0.43227172,1.3223057,1.3945707,1.1036512,1.4472061,0.54603,0.6966103,0.6591266,1.3965895,0.93445474,0.47791517,1.2451165,1.277185,1.2166404,0.90729606,1.2299874,0.38765192,1.174645,0.8915688
applesauce,1.2454935,0.9383473,0.84930027,0.0,1.3438028,0.8116603,0.8088707,1.1083552,1.2343339,1.3193616,0.94298184,1.3477108,0.8388663,1.1753885,1.342482,0.8492749,1.2038208,1.0490366,0.7733567,0.7807249,1.1023982,1.120714,0.64291894,0.6803553,1.055515,0.98546433,0.7061505,1.0708821,0.7709912,0.8097778,1.2018884,0.8830148,1.2094487,0.6411046,1.1325111,1.0977826,0.79828453,1.1691431,1.3224815,0.9460214,0.66970086,1.3132601,0.7605313,1.1215316,1.0349774,0.90573525,1.2084832,1.3033118,0.6384164,1.2382796,0.8214414,1.0299206,0.83136636,1.2174956,0.8804561,1.2042831,0.5343513,0.7380009,0.8285953,0.8844292,0.877082,1.3164335,0.91014004,1.0006152,0.84449035,0.88864034,1.2469584,0.8700682,1.1968104,0.77783585,0.85104346,1.2995217,1.2629044,1.1491386,1.1620451,0.85160697,1.2073617,0.73763055,0.79167116,0.7452142,1.0123566,1.0764332,1.3307394,1.2877471,1.0617207,0.62576246,0.7795794,0.5077752,0.71186316,0.7359097,1.205449,1.0480473,1.3251476,1.2211682,0.83438045,0.80823916,0.6230956,0.62606966,0.9430528,1.1620235,0.64836824,0.8738648,0.7681943,0.882574,0.9192056,0.8627788,1.1228341,0.8561731,0.8318801,0.9822548,1.1926442,1.2148492,0.8916312,1.1904318,1.2596856,1.3245994,0.90343386,1.1379821,1.0747635,1.3748133,1.2837207,1.4119904,0.66356885,1.0044608,0.7807153,0.82196903,0.9892156,1.0462501,1.0668509,0.8662474,1.4089411,1.3391993,1.0696005,1.3556513,0.9402322,0.8106973,0.5589949,1.2475281,0.66063,1.0809795,1.3612496,1.1348501,1.2173474,0.8949001,1.1803159,0.7049603,0.93420124,0.9045828
arm,0.7305023,0.82537985,1.4126196,1.3438028,0.0,1.4456329,1.5006055,1.1314236,1.0042025,0.6234373,0.9554135,0.27405852,1.1694504,0.57284844,0.35995376,1.2185751,0.44140768,1.050085,1.3944501,1.4449286,1.0057433,1.193351,1.3962362,1.2551937,1.3186312,1.3045449,1.4127297,1.039946,1.2323762,0.900349,0.78915143,1.3698295,0.82204103,1.2484344,0.7102773,0.9114533,1.2742364,1.084621,0.36347628,0.93044037,1.4636879,0.6949603,1.4212697,0.7868606,1.2135464,1.092416,0.81840587,0.36755615,1.3703429,0.7229331,1.304106,0.7604877,1.1959074,0.78833556,0.94313705,0.9353335,1.5043204,1.4556935,0.9518422,1.1905565,1.3701311,0.7859132,1.1328707,0.9792955,0.95019567,1.3007452,0.6119585,1.3653882,0.5011606,1.464548,1.2443997,0.7924501,0.48711598,1.1210607,0.46187907,1.2072302,0.6519235,1.4380133,0.922772,1.3072957,1.1272215,1.0997775,0.553164,0.875531,0.92817765,1.2679794,1.2587032,1.4050972,1.1863933,1.4044273,0.7242926,0.9441263,0.29083633,0.522936,1.1171538,1.2680154,1.4405754,1.376571,1.260541,0.8451441,1.139579,1.0646298,1.342533,1.2734319,1.271934,1.2010156,1.019025,1.3317538,1.317081,1.15902,0.7544104,0.9350306,1.1276672,0.60116833,0.9359675,0.37423658,1.0192542,0.7019546,1.1098008,0.5365954,0.7005595,0.5988455,1.4336529,0.816561,1.5164552,0.9776878,0.9914711,1.2538866,1.0805804,1.3960657,0.75102925,0.48550242,0.94050324,0.56595635,1.4645401,1.0884708,1.1830028,0.6046571,1.1199633,1.393981,0.7793493,0.7625913,0.9666853,1.2666156,0.8906069,1.4212509,0.8691968,1.1505831
ball,1.2910688,1.0469724,0.37017936,0.8116603,1.4456329,0.0,0.13698399,0.978381,1.202477,1.4151728,1.1599154,1.4488425,0.8704012,1.340316,1.4517386,0.77809215,1.3875977,0.95598054,0.60090506,0.4133032,0.9318756,0.7794187,0.69022536,1.0412418,0.5723924,0.8392314,0.5588387,1.0451328,0.8420174,1.1607608,1.2428579,0.55945724,1.2336495,0.9077418,1.2723078,1.1206763,0.90003574,1.1634289,1.4290837,1.2794312,0.52468514,1.4083226,0.50433177,1.2169139,0.84490365,0.98239756,1.0831468,1.3426417,0.86070746,1.1797158,0.44792473,1.2306925,0.9711163,1.1693416,0.910778,1.1315324,0.57178193,0.4774366,1.0846183,0.988848,0.7588604,1.2354176,0.8045436,0.7976255,1.1036055,0.7021093,1.3133485,0.7054937,1.2839122,0.34788358,0.83422095,1.2720802,1.3743241,0.94935435,1.4133825,1.0330728,1.4178556,0.44381046,1.0294213,0.8474591,0.7543419,1.0155855,1.2962801,1.2321076,1.0988472,0.8284606,0.53657985,0.6847925,0.90327257,0.40903378,1.3382819,1.0215193,1.4180007,1.4420955,1.0212708,0.9180437,0.5848782,0.6349662,0.82807153,1.147074,0.83595824,1.0992527,0.66184217,0.67733365,0.7739432,0.6234714,0.8944849,0.84099317,0.6453345,1.0602151,1.2326311,1.1185489,0.919443,1.2291119,1.0705415,1.4455526,1.0062143,1.2518935,1.1692033,1.3320332,1.3341498,1.2775929,0.57062334,1.2946509,0.40483344,0.9245439,1.1897454,0.91823906,0.9389817,0.5191864,1.2870277,1.4163628,1.1064816,1.3786737,0.3400451,0.8274784,0.7610979,1.2646585,0.86438787,0.48762488,1.2779422,1.2981652,1.2604597,0.9022142,1.231876,0.5698542,1.1222967,0.88988566
balloon,1.3687217,1.1142476,0.17620063,0.8088707,1.5006055,0.13698399,0.0,0.93095446,1.1988314,1.4877836,1.1527659,1.4969646,0.7598449,1.372169,1.546546,0.77319115,1.4501985,0.9074746,0.4850663,0.306998,0.9779163,0.75395447,0.6236466,1.0163057,0.5869771,0.77984154,0.43950385,1.0701699,0.7557661,1.194226,1.1970056,0.55682635,1.2647092,0.8050212,1.3193223,1.1907467,0.9529822,1.0920874,1.4706492,1.3609445,0.3411327,1.4640242,0.36986083,1.2937527,0.8692219,0.9740996,1.2133904,1.3847393,0.7072041,1.2342653,0.37476587,1.2351598,0.9629039,1.250484,0.9231672,1.1662079,0.4750958,0.4067492,1.0764405,0.94467944,0.7586667,1.3207073,0.76584905,0.8296486,1.1187352,0.72521484,1.3763204,0.5747185,1.3709295,0.2828138,0.8269177,1.2940226,1.408798,1.0086284,1.4204289,0.99980086,1.4312154,0.3608654,1.0385199,0.9108475,0.76442236,1.0304629,1.4628203,1.2332038,1.0825045,0.9087678,0.4568841,0.65126467,0.8722589,0.28246105,1.3991076,1.1348972,1.4981318,1.4599495,1.0850443,0.9636847,0.42566472,0.49052447,0.7449869,1.2258462,0.74807656,1.165692,0.5997242,0.6339441,0.7010804,0.6510775,0.99287105,0.7946264,0.7068106,1.0010222,1.2505056,1.1973892,0.94858885,1.2554868,1.056946,1.5113528,1.1379269,1.2259885,1.1380082,1.3593063,1.4188216,1.2913682,0.4597062,1.3366064,0.3203646,0.93768615,1.2192556,0.87996316,0.9752503,0.44783628,1.3305143,1.4724658,1.0932512,1.4064878,0.32018983,0.79896915,0.692739,1.3544625,0.8690728,0.44501287,1.2985783,1.3201754,1.2227513,0.8689501,1.1818243,0.4401462,1.1265366,0.84899855
banana,1.0787861,1.0489357,0.93275625,1.1083552,1.1314236,0.978381,0.93095446,0.0,0.845404,1.0671421,1.0669459,1.2570579,1.0398045,1.2184999,1.0474619,0.8479604,1.2399808,1.049541,0.92208356,1.0304822,0.92551106,0.9557568,0.7953048,1.0359658,0.8789217,0.8809068,1.1034576,1.0169364,0.65231395,1.3300508,1.2526175,0.9418549,1.2263398,1.0157936,1.1039958,0.9484904,0.75613374,0.7299492,1.235892,0.8748028,1.0310252,1.1734371,1.1248847,1.1406019,0.84202266,1.3012378,1.1166426,1.0895181,1.0185721,1.0296481,0.76061887,1.1911112,1.086441,1.1188725,1.0547656,0.9901515,0.9663011,1.0704743,1.148905,0.8502731,0.6754168,1.0223917,1.0766289,1.0592214,1.2389799,0.7438905,1.1455655,0.94640625,1.0738022,1.0558543,0.96514285,0.8742933,1.3289251,0.75487816,1.2214773,0.6565935,1.1286184,1.1481435,1.0236737,0.80850726,0.56322056,0.88370925,0.9024202,0.97725064,0.9406666,0.98013747,1.1811801,0.9949964,1.0181918,0.78357434,1.1409513,0.83922815,1.2263902,1.2039641,1.0166701,0.72569585,1.0576152,1.0321077,0.78996074,0.9740246,1.2194636,0.71319515,1.0103807,0.94592714,0.961472,0.7046749,1.0059899,1.1136539,1.1064808,1.1365185,1.1258236,0.826543,0.9299753,0.89630353,0.6558973,1.0841293,1.0566415,1.0930873,0.5939119,1.1354014,1.0351398,0.8791119,1.110468,1.2523463,0.83352846,1.2078657,0.9062134,0.46417558,1.002132,1.0152664,1.0157254,1.1321915,1.0386128,1.1423702,0.70302427,1.1055738,0.90842426,0.84229,1.0725272,0.7936051,0.8799193,1.2170482,0.9444709,0.98960614,1.0365492,1.1305084,1.28748,1.0193753
basket,0.93415874,1.2395773,1.197285,1.2343339,1.0042025,1.202477,1.1988314,0.845404,0.0,0.7498011,1.0421598,0.8956152,1.198527,0.75870097,0.94732076,1.0276803,0.95685613,0.8793076,0.87665325,1.1361827,0.6538646,0.5767616,1.2787235,1.0427967,0.75910914,0.97899485,1.3044796,0.8960681,1.0842457,1.169574,0.9395755,1.0018833,0.7229307,1.2621502,0.82721776,0.6716775,1.1209964,0.82491755,0.9217762,0.9226727,1.266031,0.590776,1.1674016,0.9530869,0.97060716,1.0224946,0.7694321,1.028449,1.1691239,1.055392,1.2987318,1.2129232,1.3044773,1.121964,1.3719242,0.82615256,1.3044202,1.1613584,1.3298688,0.7401979,1.0232128,0.7779393,1.3080597,1.1739999,1.1143047,0.7603115,1.0382721,1.0774632,1.0994986,1.3291085,1.0171778,0.8821498,0.96907026,0.5805995,1.1187665,0.79797304,0.91606677,1.2322962,1.1848316,1.1657022,0.8979753,0.8672459,0.94495136,0.87051916,1.1033257,1.18666,1.3990632,1.2963688,1.3452158,1.246916,0.67447525,0.96149886,0.9914755,1.1112161,0.7773917,1.0634719,1.2574384,1.2889783,0.8141461,0.87596047,1.1444241,1.0407547,1.1305325,0.9156056,1.0523942,1.0463575,0.7630446,0.9089833,1.1892068,0.8465103,0.92463833,0.9528321,0.7682698,1.1243016,0.7855572,0.99893403,1.1009697,1.1874278,0.5252315,0.8352672,0.65217334,0.92234164,1.3936667,1.0064805,0.997805,1.1909728,0.77608854,0.6841086,1.1086094,1.1132113,0.79106414,0.80658126,0.90316045,0.6604334,0.9212261,1.4483113,1.217823,0.80162823,1.1463076,0.869887,0.4249769,1.0058004,0.8154075,0.9249753,0.92526925,1.3828771,0.8848006,1.0467829
bathtub,0.7261564,1.1552126,1.4414868,1.3193616,0.6234373,1.4151728,1.4877836,1.0671421,0.7498011,0.0,0.92242944,0.5127701,1.3632302,0.6529569,0.6906543,1.1856363,0.7049217,0.9921002,1.4167674,1.4682965,0.69576657,1.0692003,1.2449963,1.1806561,1.1084014,1.20139,1.4267231,1.0791677,1.3266183,0.90996027,0.9008325,1.2866751,0.5689417,1.3791673,0.5213251,1.0345579,0.989555,0.9968953,0.57560843,0.63613456,1.514895,0.59941167,1.3301892,0.932694,1.2497146,0.8666709,0.51725185,0.7340126,1.3571322,0.88153505,1.3139678,0.93038106,1.2356005,0.87044126,1.277853,0.9386939,1.4899294,1.4778917,1.1904058,1.1334679,1.2760756,0.59639025,1.3487991,1.3349977,0.8934611,1.2008436,0.8010205,1.3498212,0.9287102,1.5719817,1.2304255,0.71294117,0.6901106,0.91691446,0.8130557,1.1571016,0.7053543,1.3737359,1.1450068,1.0464282,1.0522147,0.893274,0.804315,0.9299948,1.0658764,1.1253957,1.3232687,1.293857,1.3423307,1.4249365,0.490875,0.9326073,0.62436926,0.74586356,0.9099683,0.9750371,1.495314,1.4913554,1.2287831,0.8309976,1.3658271,0.95133907,1.3980256,0.84917223,1.221983,1.1965309,1.1237596,1.140419,1.2236369,1.0259944,0.7206193,0.93104875,0.9984236,0.88701075,0.978976,0.72432274,1.1232942,1.0253383,0.84887505,0.41449213,0.085332036,0.635535,1.4987133,0.533236,1.3544505,1.3331237,0.7094176,0.9933229,0.86772764,1.4126538,0.85896647,0.5402308,1.017749,0.47997606,1.3030732,1.366355,1.3570638,0.7560406,1.2224022,1.3854595,0.5345527,0.742255,0.88807344,1.2627827,0.95244205,1.5274224,0.85301745,1.1609771
bear,0.8385904,1.1465143,1.122753,0.94298184,0.9554135,1.1599154,1.1527659,1.0669459,1.0421598,0.92242944,0.0,0.8414594,1.0918138,1.0145555,1.0426071,1.0200897,0.8811534,1.0426624,1.1999788,1.1723125,0.9549536,1.1577038,1.1260267,1.0135373,1.1877941,1.0126219,1.1281464,0.998568,1.1351837,0.48261273,1.0972352,1.1269288,0.9311792,1.0685406,0.99802715,0.99456835,1.1716961,1.0243189,0.94782555,1.0998414,1.1020272,0.94440246,1.1109523,0.8950538,1.1154796,0.9912755,1.0207902,1.1101253,1.0010542,1.1527394,1.1628189,0.57606304,1.0764765,0.99791723,1.1720455,0.9381081,1.078802,1.1535306,1.0418774,1.002244,1.1168394,0.82856005,1.1629937,1.2401807,0.34908807,1.112789,1.0907135,1.1507955,1.09922,1.1897142,0.9614809,1.0286365,0.88281083,1.1274061,0.89140433,1.1377549,1.0493149,1.1240896,0.9697435,1.1755787,1.0578256,0.9690132,1.0717279,0.96963304,1.0798177,0.9898719,1.0807332,1.0486598,1.1000428,1.1199589,0.9847321,0.77795416,0.88443494,1.0162063,1.140989,1.1514874,1.066875,1.124205,1.0416727,0.89114153,1.0022672,1.2098196,1.1438057,1.060718,0.9696506,1.1604961,1.1377016,1.124926,1.1551566,1.0988169,0.5382335,1.0316432,0.9477341,0.85683036,1.0530018,1.0121596,1.1055259,1.0825276,1.1168755,0.80765295,0.9540899,0.90050244,1.09077,0.73616105,1.1734385,1.1961858,0.77785265,1.1153321,1.0256745,1.180527,1.0718918,0.89955026,1.1652142,0.96776974,1.1636995,1.1846809,1.1418719,1.0983402,1.0557253,1.1900103,0.9919525,0.62027335,0.86127985,0.9762881,1.111333,1.1187706,0.90483665,0.97973126
bed,0.46922302,1.1121683,1.4435142,1.3477108,0.27405852,1.4488425,1.4969646,1.2570579,0.8956152,0.5127701,0.8414594,0.0,1.2689674,0.40788496,0.4925213,1.203739,0.21375358,0.84970903,1.3587512,1.5044361,0.9639583,1.060974,1.4926772,1.3027825,1.3230478,1.2599276,1.4528494,0.9572213,1.4006629,0.7186962,0.618027,1.3528159,0.6631607,1.4124115,0.5359086,0.9851685,1.3235224,1.0113636,0.10679817,1.0265127,1.4988911,0.38046408,1.4637034,0.6585598,1.2015972,1.0302157,0.7789001,0.48433876,1.3556212,0.90301716,1.4555252,0.63777894,1.2787693,0.7864785,1.2375782,0.8375583,1.5221667,1.4576055,1.1604556,1.2105441,1.3277483,0.6649562,1.3083742,1.090152,0.76467025,1.3565104,0.7184461,1.33675,0.85789895,1.4973116,1.2249098,0.8476609,0.38477695,1.168806,0.4968384,1.285173,0.6391587,1.4282418,1.151607,1.3739253,1.1815898,1.0972525,0.742001,0.7630447,1.0742061,1.3705893,1.2924317,1.3640099,1.3992956,1.4982278,0.68681943,0.91046053,0.1874808,0.5645056,1.1043599,1.310909,1.4997616,1.514914,1.2681153,0.8124362,1.0599877,1.2098898,1.4459184,1.1958901,1.2436836,1.2770102,0.97704804,1.2766875,1.3675869,1.132083,0.6028492,0.91552836,1.0071763,0.78610533,0.97046816,0.48600417,1.0127592,0.83001983,1.1374757,0.420619,0.62329596,0.45112312,1.4570209,0.53276,1.5199558,1.1448835,0.9663,1.3473542,1.1473441,1.4237098,0.6286582,0.43117315,1.0300701,0.32065547,1.4617534,1.3325815,1.437372,0.83852965,1.0487483,1.3092223,0.6377557,0.5164304,0.8421397,1.2413441,0.9188576,1.4815598,0.7690726,1.1403283
belt,1.2797776,0.8118633,0.76729274,0.8388663,1.1694504,0.8704012,0.7598449,1.0398045,1.198527,1.3632302,1.0918138,1.2689674,0.0,1.104339,1.1042135,1.1144156,1.0882549,1.1774898,0.67615604,0.76160115,1.258146,1.0305134,0.79894406,0.73026645,0.993836,1.1664131,0.63437563,1.0594282,0.76834345,0.9726421,0.84575486,0.9600352,1.3149226,0.5403218,1.3622954,1.0196532,1.005944,0.8677788,1.2446357,1.1911225,0.52347004,1.3580909,0.7600735,1.2331967,1.1501846,1.0358889,1.109137,1.1015984,0.6863573,1.0487411,0.77447224,1.0051011,0.5851022,1.1483715,0.6465565,1.2445652,0.68330526,0.86689377,0.49617958,1.0145156,1.1628922,1.4862947,0.48548168,0.74178463,1.1001573,0.98337203,1.2227936,0.95621103,0.96762204,0.58584225,1.1674161,1.1500955,1.0571443,1.2023203,0.80313385,0.8361743,1.2552764,0.78969884,0.62760776,0.9453763,1.0758313,1.2470782,1.1360118,1.2274312,0.9403475,0.9346715,0.69417846,0.71663016,0.47133964,0.6771797,1.161064,1.3193572,1.161721,1.0217376,1.1562068,1.076457,0.48773533,0.45699185,0.80648184,1.3334283,0.5175505,1.0434211,0.94869405,0.9857929,1.1552184,1.0432308,0.72681516,0.64893067,0.72649986,1.0281591,1.2090379,1.2662909,1.199965,0.7051616,1.129858,1.1146345,0.7183239,0.58180714,1.0865352,1.3764125,1.3490963,1.3352189,0.3842355,1.2522931,0.86687756,0.5130219,1.3196034,1.051586,1.0746702,0.7166569,1.0633986,1.2960165,1.163405,1.358277,0.80833757,0.5847626,0.70939386,1.2544038,0.81705177,1.0451932,1.4086754,1.2361219,1.19045,1.041944,1.0386641,0.37156612,1.120326,1.1105782
bench,0.7900895,1.1020832,1.4545717,1.1753885,0.57284844,1.340316,1.372169,1.2184999,0.75870097,0.6529569,1.0145555,0.40788496,1.104339,0.0,0.740233,1.1733774,0.60372126,0.9578915,1.1395913,1.3561574,0.8932991,0.96956545,1.439723,1.0014488,1.13819,1.1750128,1.3366997,0.77735054,1.2922784,0.80288,0.38560617,1.2983451,0.6590774,1.3210304,0.40560853,0.8243824,1.2778822,1.0209085,0.30334067,0.93829006,1.3780658,0.46725565,1.3324986,0.74301434,1.2551752,0.83271307,0.7028384,0.61664414,1.2353139,0.91062135,1.4726541,0.91847146,1.2734723,1.016218,1.2794864,0.9982607,1.3754499,1.3425161,1.0723389,0.9406774,1.3047405,0.83642745,1.2747612,0.9628471,0.87007165,1.1892912,0.85696447,1.3303034,0.9489723,1.3575168,1.1218505,0.7789979,0.5835617,1.1224406,0.6587621,1.0135889,0.51527417,1.1549428,1.0980804,1.2714261,1.2748058,1.1071059,0.7385659,0.81290543,1.1106365,1.2679203,1.35726,1.2802255,1.354253,1.4295832,0.5821918,1.1418686,0.6410675,0.6556816,1.029877,1.2564431,1.3045325,1.3227694,1.1463145,0.8245525,0.7546494,1.2421635,1.3025966,1.2105054,1.163702,1.22318,0.8059832,0.96225375,1.2935809,0.9074596,0.9736592,0.83021533,1.1087759,1.0402815,0.92620456,0.70464575,0.84686375,0.8414355,0.8892025,0.7267319,0.63229614,0.7192681,1.3618028,0.6896015,1.3550544,1.032134,1.0207307,1.1936859,1.1859512,1.3474387,0.7088853,0.7305436,0.899408,0.242625,1.2934706,1.3560705,1.2451143,0.79766273,1.0033629,1.2940114,0.80526316,0.82600194,0.7542984,1.0772957,0.70432514,1.428145,0.69606084,1.1211536
bib,0.75919867,0.8634205,1.4839294,1.342482,0.35995376,1.4517386,1.546546,1.0474619,0.94732076,0.6906543,1.0426071,0.4925213,1.1042135,0.740233,0.0,1.2197535,0.44224596,1.0033075,1.4015886,1.4405422,1.0196493,1.1795284,1.4056883,1.1929389,1.1831443,1.2069856,1.4031031,0.9033071,1.2759947,0.9380343,0.87422895,1.3131453,0.9034215,1.0527369,0.7758066,0.9762099,1.2133689,0.9134577,0.5452661,0.8322467,1.5539112,0.65103245,1.4331142,0.72204745,1.0464524,1.1352334,0.89094883,0.46773887,1.354695,0.7349109,1.2824633,0.8519422,1.1514078,0.7555926,1.0414389,0.78889036,1.4613078,1.4723964,1.0073602,1.2622745,1.2548927,0.68434656,1.1582218,0.8260745,1.0613213,1.1988814,0.5623127,1.2901031,0.53364843,1.4099334,1.2203119,0.79354525,0.4899543,1.0026644,0.43762767,1.2280328,0.7422558,1.5420872,0.97923356,1.2319068,1.0336492,1.04955,0.411438,0.87164146,0.94792014,1.1416562,1.3555044,1.3894477,1.0734057,1.3868365,0.7822746,0.8828802,0.32584286,0.47999907,1.0101614,1.2112927,1.5541515,1.5026264,1.3263571,0.91811556,1.2132568,0.8749999,1.3868103,1.3121096,1.2423196,1.1280783,0.9037179,1.3507328,1.2558651,1.0969987,0.9074813,0.81503236,1.1247919,0.48505986,1.0411745,0.12740666,0.9660307,0.594445,1.0761093,0.7023462,0.7468502,0.6730252,1.4903917,0.80963945,1.4622207,0.8272821,0.93855757,1.1821805,1.2111745,1.3238372,0.64631283,0.49751645,0.9572503,0.6315422,1.4433141,1.142871,1.2647218,0.63789755,1.0696001,1.3160458,0.7739222,0.9226817,1.0395128,1.1525011,1.0680978,1.4586885,0.98928106,1.1852019
bird,0.98102486,1.0929524,0.80713904,0.8492749,1.2185751,0.77809215,0.77319115,0.8479604,1.0276803,1.1856363,1.0200897,1.203739,1.1144156,1.1733774,1.2197535,0.0,1.163553,0.713008,0.8306272,0.8906462,1.051677,0.8923472,0.915046,0.9143831,0.990892,0.41538638,0.98979306,1.0616378,1.0018597,1.0204893,1.2494415,0.68868005,1.0951664,1.049455,1.1312691,1.074741,0.9926466,1.1116412,1.1979177,1.0598679,0.8597995,1.1249698,0.93533707,0.83251595,0.8489475,1.0219785,1.113875,1.2673591,0.9967395,1.2385587,1.0656042,1.115041,1.1972702,1.1327527,1.228515,0.9928478,0.7198425,0.79839057,1.2423497,0.8698458,0.36712992,1.108323,1.0669453,1.0797532,1.0490534,0.9105124,1.1986687,0.73597133,1.2647262,0.9289985,0.3720585,1.053974,1.2082117,1.0684738,1.2080634,0.9366554,1.1309124,0.81200874,1.1180724,1.0705197,0.96833,0.99051076,1.2809299,1.0435971,1.1173472,1.0441427,1.0425671,0.92131686,1.0390553,0.95806444,1.1993146,0.80072707,1.2088897,1.2853663,0.831293,0.9443545,0.8659771,0.9465285,0.9447829,0.83101064,1.030625,1.0667906,0.7471665,0.9729209,0.47154695,0.98639363,1.093228,1.0606356,1.157996,1.0526494,1.0803838,0.74528503,0.932133,1.0641731,0.8548645,1.1762757,1.1690357,1.2876244,0.92442703,1.1472894,1.1979567,1.1451175,1.0281967,1.1222568,0.81006426,1.1075957,1.0095154,0.87007487,1.0049103,1.0201776,1.2540854,1.1821744,1.0114726,1.1827811,0.7959669,1.2140466,0.9401951,1.1712816,0.96618026,0.8048726,1.0714196,1.0855362,1.006774,0.8025504,1.0839468,1.0005199,0.9489969,0.60779953
blanket,0.44239795,1.0459017,1.436844,1.2038208,0.44140768,1.3875977,1.4501985,1.2399808,0.95685613,0.7049217,0.8811534,0.21375358,1.0882549,0.60372126,0.44224596,1.163553,0.0,0.9083498,1.3188653,1.4764705,1.0490693,1.1073425,1.4463158,1.20383,1.2978461,1.2179759,1.3883345,0.99408275,1.3470051,0.6535297,0.72975874,1.232183,0.813197,1.1774753,0.76844364,1.0023882,1.2608798,1.0006027,0.3260572,0.98442376,1.4624846,0.55446595,1.4744039,0.5785762,1.1482841,1.0717827,0.89169145,0.5144725,1.2953398,0.9643355,1.4032996,0.6535183,1.190209,0.82607204,1.1477607,0.9302536,1.3796046,1.3826954,1.0720587,1.1794584,1.2156534,0.81046486,1.2373378,0.80981743,0.84301406,1.283599,0.80530906,1.281415,0.7954929,1.3345048,1.1407453,0.8991453,0.31212485,1.18077,0.43703544,1.1982528,0.80752397,1.4186933,1.0207258,1.2953472,1.1216274,1.1366445,0.634991,0.8601831,1.1159358,1.2007937,1.3203351,1.188961,1.2124288,1.4312574,0.805182,0.8708303,0.19969296,0.57096565,1.0671704,1.2395757,1.4522333,1.4760071,1.2532786,0.91816,0.8619945,1.0753521,1.4199991,1.263541,1.1889839,1.1654232,0.8673607,1.3124578,1.2843473,1.1621028,0.7479719,0.8719606,1.074199,0.68173397,1.0398022,0.47665995,0.8294225,0.7219156,1.1528296,0.69976485,0.7868606,0.71724904,1.3756559,0.68703294,1.4871159,0.838464,0.9670545,1.3002478,1.1728892,1.2609819,0.66972494,0.49346387,1.0919594,0.61720634,1.4191012,1.2450463,1.3648981,0.89752245,0.6537539,1.3285533,0.8038907,0.63491523,0.9247458,1.2140155,1.0404998,1.4022971,0.8681417,1.1264842
boat,0.90105504,1.2488993,0.97264636,1.0490366,1.050085,0.95598054,0.9074746,1.049541,0.8793076,0.9921002,1.0426624,0.84970903,1.1774898,0.9578915,1.0033075,0.713008,0.9083498,0.0,0.7301358,0.926805,0.9532443,0.6432503,1.156501,1.0139066,0.8854649,0.68689215,1.0624788,0.90687394,1.1110742,1.0830934,1.0445542,0.7763293,0.95059735,1.2306166,1.0057799,0.97653025,1.1879965,1.0519174,0.9122954,1.1672262,0.92142713,0.7188239,0.9857809,0.9414341,0.79495287,1.0709568,1.0412946,1.1277086,1.0089031,1.1968334,1.1867504,1.1017498,1.2675881,1.0767754,1.3207493,0.7962104,0.9013877,0.93607175,1.3567078,0.82729787,0.72319627,0.86219025,1.1753772,1.0991592,1.0968482,0.91708225,1.106199,0.66689974,1.2535225,1.0243971,0.7699615,0.9920216,0.9921977,0.9939222,1.0803823,1.0067264,0.9853184,0.94085604,1.2189078,1.2507083,1.0838469,0.9743701,1.2493062,0.90875775,1.1441058,1.3068358,1.1459222,1.1048234,1.2114309,1.1265404,1.1181717,0.95713294,0.90289974,1.1341773,0.8080678,1.1273912,0.95907843,1.049118,1.0135341,0.98776114,1.002387,1.1354135,0.9145074,0.80542994,0.7507274,1.2007163,1.0198706,1.003904,1.2215314,0.9723373,0.9708601,1.0003773,0.7649957,1.0967308,0.71576095,1.0952609,1.1634804,1.2534316,0.9201065,0.90758395,0.9904563,0.82753044,1.1738207,0.87672424,0.9542346,1.154555,1.0640692,0.96044755,1.0777287,1.1131103,0.9708985,1.0350392,0.88747853,0.83565414,0.85938776,1.3497801,1.070959,0.9559805,1.0610683,0.75606036,0.7311934,0.9354414,0.9223835,0.86345154,0.98304254,1.097612,0.86752295,0.88113445
book,1.2987456,1.1044286,0.56217486,0.7733567,1.3944501,0.60090506,0.4850663,0.92208356,0.87665325,1.4167674,1.1999788,1.3587512,0.67615604,1.1395913,1.4015886,0.8306272,1.3188653,0.7301358,0.0,0.45542598,1.0482465,0.40667033,0.7019237,0.85623837,0.67777115,0.8956857,0.5831592,0.90364414,0.7430131,1.3312012,1.0846667,0.71511036,1.2433978,0.90509933,1.3338343,0.99254274,0.99717003,0.9792698,1.3807913,1.2155397,0.3943594,1.2016475,0.560431,1.2878597,0.8231764,1.1071332,1.1707481,1.3689246,0.5807632,1.1563101,0.7335082,1.4004929,0.97842723,1.2902076,0.94868183,1.0526072,0.56020445,0.59938365,1.0630898,0.83057654,0.80647194,1.378335,0.8611442,0.94093,1.2572324,0.55327165,1.3952373,0.63902014,1.2688504,0.5948324,0.85445523,1.2996131,1.3778915,0.96978194,1.3540695,0.7556823,1.3871183,0.6654758,0.9526358,0.9873074,0.9207613,1.0305939,1.3938935,1.1700594,1.104735,1.0992218,0.7375189,0.62887335,0.9760056,0.5875972,1.2910082,1.2246462,1.4034702,1.457666,0.7076033,0.97883886,0.43014085,0.45640564,0.6409874,1.1832979,0.70286083,1.0717751,0.77226865,0.5890548,0.8254328,0.94145614,0.73724884,0.6776043,0.93910384,0.85775316,1.261102,1.3122703,0.9293685,1.1918358,0.92393196,1.442187,1.0459008,1.1743312,0.8602874,1.3683724,1.361053,1.2800297,0.5880684,1.2959393,0.4286723,0.8563909,1.214369,0.80037564,1.1374171,0.7124765,1.1815579,1.3925953,1.0831867,1.224673,0.39834607,0.906603,0.6556454,1.1880553,0.82195586,0.4659409,1.0569146,1.2645261,1.0886856,0.8131517,1.1257601,0.5408846,1.0817363,0.92338073
bottle,1.3636892,1.0470941,0.32424843,0.7807249,1.4449286,0.4133032,0.306998,1.0304822,1.1361827,1.4682965,1.1723125,1.5044361,0.76160115,1.3561574,1.4405422,0.8906462,1.4764705,0.926805,0.45542598,0.0,0.98846596,0.7791118,0.6057782,0.9145476,0.53408504,0.88593954,0.20435071,1.0590401,0.73948187,1.2027719,1.1147358,0.67175967,1.1715872,0.6999045,1.3626188,1.1382186,1.1047503,1.0855441,1.4611728,1.3048282,0.2903862,1.3841493,0.13902509,1.3132887,0.8725151,0.8828707,1.2851232,1.3508403,0.67796654,1.2693127,0.5549855,1.2535903,0.9336828,1.2362866,0.9441828,1.142221,0.54807734,0.31903815,1.0529544,0.973453,0.89268976,1.2967215,0.7440145,0.8673376,1.1577839,0.78183544,1.3049326,0.57058436,1.3321717,0.3104242,0.896193,1.2773417,1.3835568,0.7852016,1.3967056,0.9025918,1.3256396,0.32134354,1.0603844,1.0381868,0.9313184,0.89385265,1.4565982,1.2307116,1.1147476,0.99740773,0.41005832,0.5320338,0.8450217,0.49461573,1.2791657,1.1999601,1.4930053,1.3844824,1.0553092,1.0684468,0.32765806,0.41278726,0.85501707,1.2762378,0.7273798,1.1818254,0.47688752,0.67425275,0.8084016,0.8647835,0.9215031,0.65411896,0.80457103,0.74074125,1.2761035,1.3035861,1.0139579,1.3131218,1.1331251,1.4622574,1.0850817,1.2339711,1.0581731,1.3268919,1.3842006,1.3543806,0.39058882,1.3235172,0.27759778,0.8961987,1.2640667,0.9354781,0.9009157,0.61210394,1.300657,1.400431,1.0015662,1.3868206,0.5324124,0.76271486,0.64925015,1.3052409,0.7997805,0.42613602,1.3281199,1.2927899,1.2818818,0.8139415,1.0808933,0.3451292,1.1041564,0.9037002
bowl,1.0005258,1.2115966,1.0941738,1.1023982,1.0057433,0.9318756,0.9779163,0.92551106,0.6538646,0.69576657,0.9549536,0.9639583,1.258146,0.8932991,1.0196493,1.051677,1.0490693,0.9532443,1.0482465,0.98846596,0.0,0.80761474,1.0916952,1.2184474,0.49866867,1.0486164,1.1254696,1.047897,1.1966705,1.120622,1.18719,0.8920267,0.91750896,1.3313296,0.64718807,0.869241,1.0510372,1.1497877,1.0049001,0.9118155,1.2033066,0.94182134,0.89569944,1.0563642,1.0957787,1.0397586,0.83115274,1.0494769,1.1854405,1.1114049,1.0461726,1.1545221,1.3064187,1.1614478,1.3547839,1.0279262,1.2121313,1.091408,1.3516009,0.7318383,1.1546429,0.5391322,1.2347398,1.2343528,0.99869114,0.9199691,1.1033778,1.0968788,1.1187583,1.1881597,0.9894106,0.8221723,1.0479919,0.57628596,1.2208949,0.97594965,1.0553912,0.98047686,1.203685,1.1012774,0.92793834,0.6350448,1.0565928,1.026578,1.1109941,1.0998617,1.1868804,1.084535,1.3019893,1.1177106,0.692697,0.93633616,1.0138863,1.1897638,0.88877934,1.001924,1.1503439,1.1979,0.9533368,0.8929925,1.1140339,1.0926715,1.1261892,0.52413124,1.0077828,0.8960039,1.0029156,0.8774929,1.1995064,1.0362947,0.83812606,1.0436938,0.648111,1.1850305,0.8431493,1.1297605,1.0941632,1.3198355,0.6274404,0.83343846,0.44511735,0.9295225,1.2715979,0.97396934,0.9661217,1.2529353,0.3565237,0.5434476,0.83230644,1.2468865,1.1246723,0.77200437,0.97920763,0.6630071,0.79615474,1.3929951,1.1484561,0.79718435,1.11097,1.0405219,0.52565044,1.0134342,1.0665627,1.042158,1.0945711,1.2879782,0.98579526,1.0160645
box,1.0818359,1.2112665,0.87588954,1.120714,1.193351,0.7794187,0.75395447,0.9557568,0.5767616,1.0692003,1.1577038,1.060974,1.0305134,0.96956545,1.1795284,0.8923472,1.1073425,0.6432503,0.40667033,0.7791118,0.80761474,0.0,1.0023489,1.1177323,0.5452223,0.9045708,0.94495976,0.9291911,0.9990774,1.311969,1.0467325,0.83864266,0.95015866,1.1768587,1.0958788,0.8851894,1.1143426,0.9841167,1.1236495,1.0880525,0.80006707,0.8527783,0.8404023,1.0910463,0.86206436,1.0396061,0.8982814,1.1702832,0.9521972,1.1301528,1.0145527,1.362322,1.1491944,1.1335065,1.164557,0.8082028,0.8969822,0.8402951,1.2745653,0.89856684,0.8538742,1.0424914,1.1307232,1.0097339,1.2143358,0.51021683,1.2396727,0.7727734,1.1927748,0.9163581,0.9012557,1.1623209,1.1725781,0.8437841,1.3075783,0.9446402,1.1867313,0.957802,1.1728408,1.1435798,1.0146966,0.93093276,1.1848797,1.0537146,1.0834154,1.2179192,1.0327512,1.0152403,1.2086289,0.91722226,1.0682267,1.10029,1.1583128,1.3335589,0.7929051,1.0908735,0.88097537,0.92481846,0.845897,1.0204788,1.0081807,1.1457001,0.9755027,0.6496223,0.87602305,0.9371102,0.7380592,0.8295826,1.0145763,0.9425885,1.0205168,1.1063948,0.601218,1.2242901,0.84455866,1.2564585,1.0976187,1.2408205,0.7982396,1.0370159,1.0444512,1.0079631,0.9907695,1.1757472,0.7024437,1.0386914,0.97899157,0.8263209,1.1089013,0.89579856,1.0391613,1.1533563,1.0030142,0.833989,0.53327405,1.1869442,0.96649194,0.95445275,1.0191755,0.4958148,0.53285384,1.0903411,1.0059977,0.91103095,1.1015507,0.9607959,1.0262018,0.9312018
bread,1.361059,1.0684828,0.46206868,0.64291894,1.3962362,0.69022536,0.6236466,0.7953048,1.2787235,1.2449963,1.1260267,1.4926772,0.79894406,1.439723,1.4056883,0.915046,1.4463158,1.156501,0.7019237,0.6057782,1.0916952,1.0023489,0.0,0.9290038,0.91223645,1.0400531,0.4983046,1.1777031,0.6205249,1.2975333,1.3330913,0.9047434,1.3421956,0.8005857,1.2778627,1.3080966,0.32674658,1.1491458,1.4718425,0.6837203,0.45805895,1.4957988,0.5159384,1.3697436,0.985049,1.1545116,1.3002808,1.2880859,0.63234425,1.0172474,0.4175985,1.2894509,0.71684766,1.0704207,0.78237534,1.184172,0.51614106,0.7184905,0.87372,1.1598524,0.83871865,1.3803618,0.77303076,1.1403825,1.1999726,0.74574536,1.2222905,0.70918226,1.1979829,0.6616353,1.0177354,1.3590448,1.4739972,1.0739808,1.3984051,0.9386981,1.3888837,0.7812116,0.9693339,0.33344436,0.78095865,1.012508,1.3197603,1.3224084,0.8988159,0.43774128,0.4263227,0.41950935,0.80999136,0.4037153,1.3056624,1.0931574,1.5111043,1.3175797,1.0060959,0.3665009,0.5367429,0.51668215,0.79647565,1.1712825,0.97709733,0.532359,0.84200764,0.6070781,1.0221758,0.660377,1.2109597,0.8527008,0.72478676,1.1266632,1.2585633,1.2816834,0.94925356,1.1541934,1.224539,1.4317431,1.1491292,1.139193,1.0098584,1.3945372,1.2759701,1.3443178,0.42698967,1.3073535,0.53535557,1.1039495,1.014792,0.91035956,1.0810782,0.70918566,1.433847,1.336659,1.2108388,1.4588236,0.67312276,0.63088375,0.54855776,1.3636321,0.8981559,0.78512305,1.240952,1.3454304,1.1855987,1.0176171,1.3325382,0.49434638,1.2643425,1.077595
broom,1.1732538,0.8104299,1.0697149,0.6803553,1.2551937,1.0412418,1.0163057,1.0359658,1.0427967,1.1806561,1.0135373,1.3027825,0.73026645,1.0014488,1.1929389,0.9143831,1.20383,1.0139066,0.85623837,0.9145476,1.2184474,1.1177323,0.9290038,0.0,1.0643096,0.8935527,0.80303293,1.0739826,0.8420585,0.9214338,0.871172,0.8965752,1.0534413,0.6788884,1.1419255,0.9787594,0.9705676,0.9693076,1.2352136,0.8692669,0.83832526,1.1516865,0.961038,1.1658803,1.0870806,0.746629,1.0168605,1.195051,0.83785903,1.1585948,1.1489255,1.0978763,0.89937216,1.1842573,0.95174176,1.2068424,0.8479894,0.848145,0.7973497,0.8044673,0.87481666,1.2390023,0.9492227,0.9678413,0.9612759,1.0236194,1.1612291,1.021035,1.1104401,0.92183506,1.041182,0.8752928,1.1232533,1.0291597,1.019436,0.58101326,0.7966192,0.7985498,0.88112074,0.9448089,1.0728045,1.0273157,1.1572062,1.1174908,1.1424978,0.87588567,1.1173537,0.83534765,0.68408066,1.0242069,1.0137472,1.096302,1.2939351,0.99926746,0.90341294,1.0011563,0.73305744,0.7546125,0.89479876,1.171111,0.791108,1.0093675,0.79498124,1.1675856,1.0776521,1.114242,0.9083347,0.6917022,0.91711956,0.7449833,1.151152,1.1381823,1.103224,1.072314,0.96005285,1.1511481,0.76162696,0.9465957,0.7277333,1.2309202,1.1527735,1.3192366,0.84912115,0.97289133,0.90361947,0.7673863,1.0824316,0.9098464,0.8969281,0.93202627,1.0893027,1.2432383,0.8773453,1.2573553,1.0448506,0.9540031,0.785174,1.0904287,0.8664425,1.1444787,1.315243,1.0750108,0.95339614,0.94709975,0.6279183,0.8468949,1.0567693,1.0949067
bucket,1.196687,1.0860838,0.78210515,1.055515,1.3186312,0.5723924,0.5869771,0.8789217,0.75910914,1.1084014,1.1877941,1.3230478,0.993836,1.13819,1.1831443,0.990892,1.2978461,0.8854649,0.67777115,0.53408504,0.49866867,0.5452223,0.91223645,1.0643096,0.0,0.9521409,0.7482626,1.070748,0.91210806,1.3367257,1.055307,0.6799741,1.0778905,0.99497265,1.0395772,1.0251734,0.97668624,1.0383856,1.2769275,1.0351279,0.8405701,1.0602224,0.56541216,1.1917199,0.8117684,0.95135367,1.0225165,1.1613144,1.0072142,1.1412643,0.7863382,1.4086659,1.1183219,1.2345629,1.1203514,0.985481,0.9088255,0.7564026,1.1655396,0.9574528,0.9342877,0.96861964,1.0686617,0.87594914,1.2577074,0.6589552,1.2574257,0.81465006,1.212054,0.7062837,0.9334471,1.074571,1.2915214,0.4757321,1.3731629,0.97395694,1.2188596,0.7266399,1.1127888,0.9761915,0.8799921,0.70285064,1.123634,1.1989555,1.0795425,0.98650175,0.964718,0.9341705,1.0805081,0.7365693,1.0597441,1.1374054,1.3152275,1.3170067,0.91650236,0.99062175,0.90985525,0.9429154,0.8718889,1.0448306,0.93024504,1.093778,0.9018354,0.6826955,0.9054699,0.714537,0.6918864,0.78043413,0.929182,0.8093021,1.1819643,1.1165197,0.7797773,1.303006,0.98489076,1.3006141,0.98241043,1.2087321,0.84725326,1.1393532,0.9388507,1.1054893,0.9098398,1.3201814,0.57057023,0.9257456,0.8678499,0.68696034,0.90073186,0.7979481,1.1496451,1.2354076,1.0245436,1.0268663,0.44957376,1.0683963,0.91539603,1.0151663,0.90662867,0.54503435,0.8584734,1.2991377,1.1563672,0.96052057,1.1320775,0.9125496,1.1124972,1.0322467
butterfly,1.0488807,1.1173768,0.81944776,0.98546433,1.3045449,0.8392314,0.77984154,0.8809068,0.97899485,1.20139,1.0126219,1.2599276,1.1664131,1.1750128,1.2069856,0.41538638,1.2179759,0.68689215,0.8956857,0.88593954,1.0486164,0.9045708,1.0400531,0.8935527,0.9521409,0.0,1.0107688,0.9018614,1.039824,1.0278035,1.1434393,0.67716634,1.0180393,1.0590423,1.0893042,1.0115808,1.0874538,0.94143283,1.2213187,1.0585992,0.92096317,1.0660573,0.9464723,0.93688434,0.73058945,0.98175186,1.1511567,1.2609415,0.9829419,1.1449815,1.0694072,1.1476752,1.1396171,1.0277526,1.2033895,0.9087893,0.7536668,0.6724225,1.2614919,0.75333023,0.44175947,0.9357314,1.0736743,1.0297245,1.007362,0.9000904,1.0676949,0.7213407,1.2087295,0.9050784,0.5506417,1.0529519,1.2262622,1.0041051,1.2357378,0.9599175,1.0455765,0.8440989,1.0935062,1.1046255,0.96468973,0.91277367,1.1628656,0.9189271,1.1069713,1.0703754,1.0983286,1.0499523,1.0210549,0.99418336,1.1899202,0.8198457,1.2539146,1.2682637,0.834677,1.0430177,0.923485,0.9773922,0.95102817,0.99087113,1.104169,1.128432,0.6234551,1.064683,0.5816072,0.9552614,1.0588793,1.0687202,1.1021955,0.9677641,1.1122216,0.7479296,0.9467409,1.1608912,0.81575626,1.1703877,1.1432856,1.2579751,0.93216485,1.1908292,1.1867746,1.1544312,1.0796397,1.0115476,0.83706355,1.1521529,0.9815984,0.8708591,1.008891,0.9955553,1.0912585,1.2255718,0.97098196,1.1463054,0.83709174,1.2099043,1.0177485,1.0943122,1.0908172,0.7949369,1.0732918,1.108497,0.96871394,0.7240491,0.96079284,1.0169357,1.0028995,0.74282986
