,zebra,giraffe,deer,pony,horse,pig,rooster,penguin,bird,duck,fish,butterfly,frog,alligator,owl,elephant,bear,cat,dog,face,hair,arm,hand,leg,foot,ankle,finger,toe,tooth,ear,nose,eye,mouth,stroller,motorcycle,tricycle,truck,car,lamp,chair,bench,drawer,ladder,window,door,closet,shower,refrigerator,oven,crib,bed,couch,table,bathtub,sink,boat,slide,hose,sprinkler,swing,grass,tree,snow,helicopter,firetruck,clock,ball,balloon,pumpkin,egg,orange,apple,potato,strawberry,hat,slipper,watch,nail,raisin,glasses,necklace,carrot,vacuum,broom,mop,stick,shovel,scissors,spoon,fork,knife,pencil,pen,crayon,plant,flower,soap,bottle,cup,can,belt,radio,basket,milk,jar,bucket,tape,bowl,plate,corn,pickle,banana,melon,bread,cookie,toast,cracker,sandwich,chips,pizza,hamburger,muffin,pastry,meat,pasta,sauce,soup,applesauce,glass,coffee,dish,tray,box,book,paper,rock,comb,toothbrush,gum,toy,doll,mitten,glove,sock,shoe,purse,pillow,towel,napkin,blanket,dress,pajamas,bib,scarf,coat,jacket,sweater,shirt,jeans,pants,shorts,cloud,game
zebra,0.0,0.4529041051864624,0.628132164478302,0.4498324394226074,0.476892352104187,0.6963824033737183,0.9041452407836914,0.6741995811462402,0.9351603388786316,1.009960412979126,1.0181275606155396,0.7198730111122131,0.8669577836990356,0.9431483149528503,0.7825461030006409,0.6315695643424988,1.0370306968688965,1.1234374046325684,0.8018083572387695,0.9955993890762329,1.0952376127243042,1.0680456161499023,1.070528268814087,1.12287437915802,1.1526646614074707,1.2112741470336914,1.0763802528381348,1.1037111282348633,1.1160531044006348,1.109243631362915,1.1031467914581299,1.1871813535690308,1.002387285232544,0.9550824165344238,1.055916428565979,,0.9732586145401001,1.0207862854003906,1.0594255924224854,1.1476900577545166,1.0752382278442383,1.0721477270126343,1.031583547592163,1.02638578414917,1.130500316619873,1.0926284790039062,1.099963665008545,1.0589721202850342,1.087616205215454,1.0667816400527954,1.0846004486083984,1.0916016101837158,0.9942601323127747,1.1240421533584595,1.1087512969970703,0.9476309418678284,1.062042474746704,1.0153456926345825,0.9465468525886536,,,,1.0228159427642822,,0.9270787835121155,0.9016337990760803,0.9930205345153809,0.9802643060684204,0.9410520195960999,1.0425137281417847,1.0801303386688232,1.0434703826904297,1.1534535884857178,1.0261273384094238,1.1634052991867065,1.1534323692321777,1.0866976976394653,1.1071292161941528,1.146172285079956,1.1028077602386475,1.0454164743423462,1.128474473953247,1.065574288368225,1.0506916046142578,1.007193684577942,1.050812005996704,1.0393919944763184,0.9937132000923157,1.0821421146392822,0.9561595916748047,1.1350500583648682,1.021897315979004,1.0603749752044678,1.074046015739441,0.9425824880599976,0.9492290019989014,1.095263123512268,1.0314445495605469,1.013364315032959,1.1917791366577148,1.1071573495864868,1.0733280181884766,0.9935186505317688,0.9583626985549927,0.9786367416381836,1.1022626161575317,1.0384570360183716,1.0553933382034302,1.0953783988952637,0.9302002191543579,1.13037109375,1.1231114864349365,1.083460807800293,1.081202507019043,0.9826542735099792,,1.0617804527282715,1.044783592224121,1.0109028816223145,1.0120372772216797,1.0714119672775269,1.0351810455322266,0.9930025339126587,0.9615496397018433,0.8891712427139282,1.0691646337509155,1.023830533027649,1.0020617246627808,1.0958077907562256,1.0189621448516846,1.0117251873016357,1.007813811302185,0.9791937470436096,0.8760800361633301,0.9637051820755005,,0.8830417990684509,1.1331889629364014,0.9712336659431458,0.8628184795379639,0.901707649230957,1.0332520008087158,1.0698689222335815,1.1352877616882324,1.0811913013458252,1.055864691734314,1.1841261386871338,1.063441276550293,1.0573391914367676,1.0665974617004395,1.1263999938964844,1.0817264318466187,1.1058058738708496,1.061556100845337,1.0790852308273315,1.0584052801132202,1.1027024984359741,1.10233736038208,1.150698184967041,1.1652097702026367,1.1848827600479126,,0.8428544998168945
giraffe,0.4529041051864624,0.0,0.5439185500144958,0.5829766392707825,0.5403332114219666,0.7065484523773193,0.7705208659172058,0.643023669719696,0.617402195930481,0.8627199530601501,0.8312690258026123,0.7003419399261475,0.7143539190292358,0.7036966681480408,0.7284879088401794,0.6179343461990356,0.9868878126144409,0.9812849760055542,0.6964181065559387,0.9552565217018127,0.9987211227416992,1.0412942171096802,1.0531952381134033,0.9900172352790833,1.000093936920166,0.9786930680274963,1.0775545835494995,1.0293200016021729,1.0405997037887573,1.0367798805236816,1.0914644002914429,1.0195951461791992,1.088351845741272,0.95223468542099,0.9306873679161072,,0.8966158628463745,1.051335334777832,1.149857759475708,1.0182631015777588,1.0344688892364502,1.036962628364563,0.935905396938324,1.0653835535049438,0.9837039709091187,0.9847866296768188,0.9757378101348877,0.9966295957565308,1.085195779800415,1.0036938190460205,1.007861852645874,0.998363733291626,1.0276943445205688,1.0499690771102905,1.1454704999923706,1.0640310049057007,1.0480780601501465,1.006163239479065,0.9980037212371826,,,,1.0552315711975098,,1.0023573637008667,1.0007269382476807,1.0449247360229492,1.031286358833313,0.981833815574646,1.045483112335205,1.0422921180725098,1.0742483139038086,1.0459988117218018,1.03374445438385,1.1217548847198486,1.1003495454788208,1.0949182510375977,1.1327359676361084,1.0931711196899414,1.0920912027359009,0.9680604338645935,0.9950360059738159,1.0087701082229614,0.9878552556037903,0.975581705570221,0.9611491560935974,1.0636980533599854,0.9235680103302002,1.0799986124038696,1.0938098430633545,1.0465034246444702,1.0963901281356812,1.1027129888534546,1.0942671298980713,1.0262887477874756,0.928304135799408,1.0860645771026611,1.0832266807556152,1.1445848941802979,1.087283968925476,1.154138445854187,1.1285797357559204,1.083496332168579,0.9765878915786743,0.9857859015464783,1.1232593059539795,1.1431212425231934,1.2193135023117065,1.1683666706085205,0.9686543345451355,1.0176036357879639,0.9727413058280945,0.9574964046478271,1.0288357734680176,0.9969414472579956,,0.8952619433403015,1.0354816913604736,0.9690757393836975,0.969746470451355,0.8783763647079468,0.9184340834617615,0.9817359447479248,0.9759228229522705,0.9642879962921143,1.0585658550262451,1.0755888223648071,0.9922361969947815,1.0311143398284912,1.0373882055282593,1.057340145111084,1.0092930793762207,0.9944737553596497,0.9386751055717468,0.9820724129676819,,0.9822950959205627,0.9858255386352539,1.0711724758148193,0.8530928492546082,0.8618645668029785,0.8802865147590637,1.0426809787750244,1.009015679359436,0.9182862639427185,1.0077422857284546,1.0969418287277222,1.0493626594543457,1.0597681999206543,0.9597524404525757,0.9574037790298462,0.9788176417350769,1.0059335231781006,0.9206249117851257,0.8964716196060181,0.95146644115448,0.982003390789032,0.9769741296768188,0.9848976135253906,0.9838724136352539,1.05751633644104,,0.9524673819541931
deer,0.628132164478302,0.5439185500144958,0.0,0.4633800983428955,0.45064735412597656,0.6374191045761108,0.5592496395111084,0.8712097406387329,0.7870709896087646,0.8838090896606445,0.7356244325637817,0.8743317127227783,0.7261319756507874,0.7960869669914246,0.7954996228218079,0.7193928360939026,1.062177300453186,0.864163875579834,0.5392098426818848,1.0296635627746582,0.9887834191322327,1.0395938158035278,0.900982141494751,0.9329274892807007,0.9796530604362488,0.9011108875274658,0.9823436737060547,0.9958233833312988,1.0233635902404785,0.891054630279541,0.9809439778327942,1.0580426454544067,0.9527586102485657,0.6950114965438843,0.8835634589195251,,0.9064249992370605,0.9655017256736755,1.1174418926239014,0.8224501013755798,1.073055624961853,0.9912115335464478,0.8258594870567322,1.0944243669509888,1.0736359357833862,1.0522270202636719,1.074507236480713,1.007545828819275,1.1163229942321777,0.9640386700630188,1.104960560798645,1.0014482736587524,1.154634714126587,1.086959958076477,1.0783904790878296,1.094651222229004,1.2222793102264404,0.9419650435447693,0.9271373152732849,,,,1.2170072793960571,,1.1362910270690918,1.028794288635254,1.0138111114501953,1.0523154735565186,0.8487673997879028,0.9538146257400513,1.0925565958023071,1.0338886976242065,1.0649256706237793,0.9644953012466431,1.0488865375518799,1.0929361581802368,1.1009533405303955,1.1608562469482422,0.9847059845924377,1.051405668258667,0.9014781713485718,0.9129537343978882,1.0326281785964966,1.046065330505371,1.0545954704284668,1.0291813611984253,0.9678915739059448,0.8847934603691101,0.8642753958702087,0.9746845960617065,0.9605259895324707,1.1656482219696045,1.1724492311477661,1.1718419790267944,0.9403368234634399,0.7424359321594238,1.1474343538284302,1.1068687438964844,1.0700170993804932,0.9871796369552612,1.0990004539489746,1.0304009914398193,1.0448596477508545,0.9700096249580383,0.821468710899353,0.9879449605941772,1.0857877731323242,1.0206390619277954,1.0453065633773804,1.1750733852386475,0.9519920945167542,1.0154348611831665,0.9380431175231934,1.0205106735229492,0.9945253133773804,,0.9555491805076599,0.9370759725570679,1.0040104389190674,0.9635328650474548,1.0477317571640015,0.8126590847969055,1.0821009874343872,0.8167933225631714,1.0064407587051392,0.8172268867492676,0.9568319916725159,0.9537490010261536,0.9055913090705872,0.8859736323356628,0.9610538482666016,1.01543128490448,0.9797080755233765,0.983875036239624,1.0421439409255981,,1.0130518674850464,0.8487116098403931,1.0105299949645996,0.9100667238235474,0.6983000040054321,0.8301917314529419,0.8875899910926819,0.9091753959655762,0.8321731090545654,0.7339465022087097,0.941958487033844,0.9500035047531128,0.942314624786377,0.9701638221740723,0.9672496914863586,1.0118242502212524,0.951598048210144,0.9564793705940247,0.9588096737861633,0.9302626252174377,0.9971902370452881,0.9564033150672913,0.9891519546508789,0.9563953280448914,0.9539353847503662,,0.9495488405227661
pony,0.4498324394226074,0.5829766392707825,0.4633800983428955,0.0,0.2203230857849121,0.6323633193969727,0.6065797805786133,0.7528358697891235,0.8033279180526733,0.8333001732826233,0.7850773334503174,0.80661940574646,0.6479460597038269,0.8676003813743591,0.7744666337966919,0.6587275266647339,1.045526146888733,1.1276962757110596,0.6562750339508057,1.0601694583892822,1.0985901355743408,1.1917611360549927,1.0359680652618408,1.1405121088027954,1.0120553970336914,1.0905872583389282,0.9690828919410706,0.9403046369552612,0.9378619194030762,0.9959335327148438,0.9701853394508362,1.0840442180633545,1.0394089221954346,0.8922353982925415,0.962187647819519,,0.8848525285720825,0.9568845629692078,1.048985242843628,1.10641610622406,1.202978253364563,1.116986632347107,1.0707815885543823,1.186777949333191,1.2302660942077637,1.249657392501831,1.184781789779663,1.219082236289978,1.252109408378601,1.2196649312973022,1.2199329137802124,1.1919801235198975,1.15232253074646,1.2611252069473267,1.2527801990509033,1.0007625818252563,1.1736990213394165,1.157515287399292,0.9417028427124023,,,,1.1160693168640137,,1.020619511604309,0.9083049893379211,0.9205936193466187,0.8780049681663513,0.7383829355239868,0.8768924474716187,0.9319999814033508,0.8291425704956055,0.9132858514785767,0.8404717445373535,0.971047580242157,0.9433063268661499,0.9926311373710632,0.9819662570953369,0.9988542199134827,0.9611949920654297,0.9255633354187012,0.9048625230789185,1.0222430229187012,0.9939397573471069,0.9835630655288696,0.8664376735687256,0.9424551129341125,0.7292770743370056,0.9231308698654175,0.9318362474441528,1.0283621549606323,0.9459627866744995,0.98343825340271,0.9428391456604004,0.9065258502960205,0.8670796155929565,1.020093321800232,0.9648842215538025,0.9746853113174438,1.0968575477600098,1.052103042602539,0.974470317363739,1.0748461484909058,1.0932995080947876,0.8700782656669617,1.0001492500305176,0.8451347351074219,0.9938427805900574,0.9865249395370483,1.0836448669433594,0.9150245785713196,0.9443410634994507,1.0632115602493286,0.920433521270752,0.8888463973999023,,1.0297664403915405,1.0153192281723022,0.9175699353218079,0.9331828355789185,0.8438987135887146,0.862618088722229,0.9167479276657104,0.9212863445281982,1.0090396404266357,0.9367173314094543,1.0625542402267456,0.918769359588623,1.105230689048767,1.0203275680541992,1.0172770023345947,1.1024627685546875,1.0916367769241333,0.8965320587158203,1.123810887336731,,1.0960233211517334,1.095017433166504,0.8389061093330383,0.6592212915420532,0.7501865029335022,1.076025128364563,0.9858762621879578,0.9303569197654724,0.876003623008728,0.9724902510643005,1.0392863750457764,1.064289927482605,1.0552849769592285,1.1641440391540527,1.1375327110290527,1.164305329322815,1.194178819656372,1.0290429592132568,1.1611546277999878,1.1131467819213867,1.168251633644104,1.162509799003601,1.175783634185791,1.1755883693695068,1.1805565357208252,,0.864786684513092
horse,0.476892352104187,0.5403332114219666,0.45064735412597656,0.2203230857849121,0.0,0.7151804566383362,0.40802299976348877,0.6301069259643555,0.723904013633728,0.7135633230209351,0.7106221914291382,0.6138763427734375,0.563870906829834,0.8316908478736877,0.7240005135536194,0.6118359565734863,1.1093769073486328,1.0924322605133057,0.5705570578575134,1.0746512413024902,1.1231317520141602,1.2828714847564697,1.1307728290557861,1.15021812915802,1.061659812927246,1.1274492740631104,1.0128886699676514,0.9705952405929565,0.9039849042892456,1.0453945398330688,1.0048648118972778,1.1010147333145142,1.071269154548645,0.8959936499595642,1.009778618812561,,0.9104856848716736,0.9798051118850708,0.9556909203529358,1.1540783643722534,1.2842037677764893,1.121314287185669,1.1046593189239502,1.1063942909240723,1.1818265914916992,1.2766761779785156,1.2136826515197754,1.2103466987609863,1.2575932741165161,1.2490512132644653,1.2982368469238281,1.2156085968017578,1.2813081741333008,1.3708159923553467,1.3376861810684204,1.0579533576965332,1.2730098962783813,1.187535285949707,0.9735293388366699,,,,1.140478491783142,,1.050847053527832,0.7627539038658142,0.9253580570220947,0.8459150791168213,0.6530061960220337,0.8899862766265869,0.8854368329048157,0.8015694618225098,0.8531546592712402,0.7151087522506714,0.9262055158615112,0.8869379758834839,0.9378920793533325,0.9406425356864929,0.9622523784637451,0.9123533368110657,0.9218119382858276,0.9154072999954224,0.9632250070571899,0.9798359870910645,1.0057376623153687,0.8647065162658691,0.8946372270584106,0.7129318714141846,0.9043593406677246,0.8230412006378174,1.0189121961593628,0.8989385366439819,0.9142583012580872,0.8886657953262329,0.7827364206314087,0.6906523704528809,0.9616776704788208,0.8668071031570435,0.8909050822257996,1.0245373249053955,0.9678711891174316,0.8654989004135132,0.9795765280723572,1.1362110376358032,0.839118242263794,0.9132732152938843,0.8256078362464905,0.997429370880127,0.9661914110183716,0.9683406949043274,0.9276000261306763,0.9012787342071533,1.0679115056991577,0.8762611150741577,0.8147544264793396,,1.0200749635696411,0.9861116409301758,0.8706795573234558,0.9252856373786926,0.7945843935012817,0.7598702907562256,0.8453127145767212,0.8721572160720825,1.045710802078247,0.9536399245262146,1.066321849822998,1.0155507326126099,1.1990396976470947,1.0503469705581665,1.049912452697754,1.2158055305480957,1.1507411003112793,0.9158175587654114,1.1649562120437622,,1.0874557495117188,1.1814548969268799,0.8620767593383789,0.6096605062484741,0.7060048580169678,1.1392779350280762,0.9880674481391907,0.9798806309700012,0.854593813419342,0.9863572120666504,0.9582453966140747,0.9943639039993286,1.023950457572937,1.1903709173202515,1.167113184928894,1.2426738739013672,1.2717715501785278,1.07594895362854,1.0879087448120117,1.1227442026138306,1.2155925035476685,1.2144044637680054,1.2679729461669922,1.2325210571289062,1.2681961059570312,,0.9114859700202942
pig,0.6963824033737183,0.7065484523773193,0.6374191045761108,0.6323633193969727,0.7151804566383362,0.0,0.9143422842025757,1.022957682609558,0.8133935928344727,0.796281635761261,0.7812055349349976,1.0051764249801636,0.7915464639663696,0.6704115271568298,0.5640649795532227,0.5783451795578003,0.5944996476173401,0.7750452160835266,0.5597959756851196,1.0164690017700195,1.054162621498108,0.8860712051391602,0.9145650863647461,1.1349682807922363,1.0771665573120117,1.0376434326171875,1.0883673429489136,1.1076768636703491,1.1569840908050537,1.0896117687225342,1.089861512184143,1.0381053686141968,0.9135889410972595,1.0337257385253906,0.848895788192749,,0.894271969795227,1.0217578411102295,1.209720492362976,1.0327558517456055,1.0089623928070068,1.114520788192749,0.9817610383033752,1.158012866973877,1.1571882963180542,0.9871020913124084,0.9125597476959229,1.0738790035247803,1.0701240301132202,0.9450477957725525,0.8186794519424438,0.9551790356636047,0.7725428938865662,0.775827169418335,0.8830994963645935,1.017778754234314,0.8665686845779419,0.9237253665924072,0.9122030735015869,,,,0.8582802414894104,,0.8722678422927856,0.9730485677719116,0.9381167888641357,1.0263452529907227,0.9108026623725891,0.9248726963996887,1.0507760047912598,1.026782512664795,1.0806660652160645,1.0833336114883423,1.2267626523971558,1.1824748516082764,1.182237148284912,1.1424716711044312,1.156684398651123,1.2367078065872192,1.1808712482452393,0.9716025590896606,1.3390167951583862,1.326967477798462,1.310797095298767,1.1642695665359497,1.2054933309555054,1.0376086235046387,1.0616576671600342,1.1796083450317383,1.1412217617034912,1.220935583114624,1.2293623685836792,1.2329497337341309,1.1472952365875244,1.0902936458587646,1.1034221649169922,1.2777670621871948,1.2066307067871094,1.280358076095581,1.2742738723754883,1.2227554321289062,1.2464061975479126,1.1095938682556152,1.0091664791107178,1.2939364910125732,1.0762591361999512,1.020889401435852,1.0001258850097656,1.1388977766036987,0.9577397108078003,1.10239577293396,0.8774912357330322,0.9523489475250244,0.8507800102233887,,0.8275918960571289,0.8081400990486145,1.003801703453064,0.8170810341835022,0.9990786910057068,0.8129193782806396,1.1002079248428345,0.8722434043884277,0.9574798941612244,0.850797712802887,0.9517807960510254,0.8303952217102051,0.8220791220664978,0.9256386160850525,0.821448802947998,0.7365369200706482,1.0225675106048584,1.0552477836608887,0.9599534273147583,,0.9961899518966675,1.0702170133590698,1.0022897720336914,0.9412762522697449,0.7787877321243286,0.7579134702682495,0.9219762086868286,1.02303147315979,0.9575828909873962,1.0938950777053833,1.2040122747421265,1.2067301273345947,1.1723064184188843,0.8505427837371826,0.9509304761886597,0.8559107780456543,0.9179831743240356,0.8681828379631042,1.0892757177352905,0.9442006349563599,0.9057601094245911,0.9381670355796814,0.8621441721916199,0.9861165881156921,1.000893473625183,,0.8973424434661865
rooster,0.9041452407836914,0.7705208659172058,0.5592496395111084,0.6065797805786133,0.40802299976348877,0.9143422842025757,0.0,0.8286074995994568,0.5947518348693848,0.609682023525238,0.515191912651062,0.7116649746894836,0.5375978946685791,0.8279337882995605,0.8505300283432007,0.7931126356124878,1.1816154718399048,0.8518174886703491,0.5555077791213989,0.9671926498413086,0.9246118068695068,1.237518310546875,1.005626916885376,0.9482187628746033,0.911456823348999,0.9211355447769165,0.9027372598648071,0.8281430602073669,0.720129132270813,0.8136417269706726,0.7951304912567139,0.8572674989700317,1.0535407066345215,0.7653934359550476,0.7263113856315613,,0.8955203294754028,0.8288713097572327,0.9289836287498474,1.044217586517334,1.3494304418563843,1.1633657217025757,0.9986250996589661,1.0945180654525757,1.1012182235717773,1.1988861560821533,1.157840609550476,1.1655113697052002,1.2602059841156006,1.2060099840164185,1.3306500911712646,1.1762661933898926,1.3681225776672363,1.419318437576294,1.4220988750457764,1.2610810995101929,1.272871732711792,1.1414837837219238,0.9423420429229736,,,,1.161778450012207,,1.107213020324707,0.8931118845939636,0.9458829164505005,0.8718323707580566,0.704876720905304,0.9274918437004089,0.8781236410140991,0.7489200830459595,0.6970803141593933,0.6507940292358398,0.7150013446807861,0.7308521270751953,0.7918290495872498,0.8268751502037048,0.7538023591041565,0.7399134635925293,0.7628114223480225,0.817509651184082,0.8915297985076904,0.9488430023193359,1.0243819952011108,0.8918814659118652,0.8619899749755859,0.7804933786392212,0.8454413414001465,0.7751991748809814,0.9144881367683411,0.9094626903533936,0.8711349368095398,0.8470990657806396,0.7197761535644531,0.4355098009109497,0.9139906167984009,0.8094013929367065,0.9167806506156921,0.8294769525527954,0.866087019443512,0.815312385559082,0.9871611595153809,1.235088586807251,0.8517659902572632,0.7620767951011658,0.9209801554679871,1.0889426469802856,1.0080413818359375,0.9938746094703674,0.8356983661651611,0.7618041038513184,1.0084115266799927,0.8034895658493042,0.8656105399131775,,0.9602541923522949,0.9683860540390015,0.7948560118675232,0.908896267414093,0.7512223720550537,0.7385095357894897,0.8878938555717468,0.7452276349067688,1.1511434316635132,1.004711627960205,1.1402075290679932,1.0358922481536865,0.9374216794967651,1.1183092594146729,1.0821292400360107,1.3111546039581299,1.3264682292938232,1.1547789573669434,1.2859405279159546,,1.104662537574768,0.9489619731903076,0.8743097186088562,0.7528519034385681,0.7458348274230957,1.0411324501037598,0.822265625,0.8625673651695251,0.7359323501586914,0.9650291800498962,0.7500488758087158,1.0435491800308228,1.0882205963134766,1.2361904382705688,1.0379396677017212,1.182924509048462,1.157022476196289,0.908997118473053,0.9973973631858826,1.1269736289978027,1.0627048015594482,1.0446534156799316,1.0636521577835083,1.062342643737793,1.084762692451477,,1.0952277183532715
penguin,0.6741995811462402,0.643023669719696,0.8712097406387329,0.7528358697891235,0.6301069259643555,1.022957682609558,0.8286074995994568,0.0,0.8410811424255371,0.9356240630149841,0.8804371953010559,0.6906874775886536,0.7403643131256104,1.014130711555481,0.8761082291603088,0.8662605285644531,1.1792051792144775,1.2559354305267334,0.8813337087631226,1.0377775430679321,1.1472878456115723,1.2943048477172852,1.221587896347046,1.1830248832702637,1.1862432956695557,1.2390215396881104,1.0761356353759766,1.0842180252075195,0.9919878244400024,1.1615233421325684,1.0573393106460571,1.0751211643218994,1.0242353677749634,1.016323447227478,1.097941279411316,,1.0527186393737793,1.0145314931869507,0.9055860638618469,1.241613745689392,1.2069597244262695,1.0833770036697388,1.1936171054840088,0.9840941429138184,1.054537296295166,1.1931816339492798,1.1585267782211304,1.0445867776870728,1.1211472749710083,1.2542496919631958,1.3163766860961914,1.2401827573776245,1.2430062294006348,1.3086589574813843,1.1965155601501465,0.9267328381538391,1.2063405513763428,1.1492955684661865,0.8853281736373901,,,,1.1656678915023804,,1.0754882097244263,0.8289703726768494,0.8757126927375793,0.8203089237213135,0.8126146793365479,0.9245560765266418,0.8507746458053589,0.8299236297607422,0.9584178924560547,0.8859305381774902,0.9047586917877197,0.9476404190063477,0.9796057343482971,0.9477845430374146,1.0071953535079956,0.9590938687324524,1.0343278646469116,1.0393519401550293,0.8316186666488647,0.8309871554374695,0.8524506092071533,0.7791717648506165,0.8074897527694702,0.7963430881500244,0.9744279384613037,0.8744187951087952,0.988515317440033,0.8186652660369873,0.8516315817832947,0.8364298343658447,0.8293430805206299,0.8629546165466309,0.8254130482673645,0.7229474782943726,0.7636606693267822,0.9844539165496826,0.9293190836906433,0.8640793561935425,1.0054748058319092,0.9044439196586609,0.8787899017333984,0.8315233588218689,0.8001695275306702,0.9436884522438049,0.9812765717506409,0.9544655680656433,0.9055150151252747,0.829057514667511,1.020313024520874,0.9910639524459839,0.9072698950767517,,1.1847501993179321,0.9910855889320374,0.9981818199157715,1.0956361293792725,0.7902786731719971,0.9539808034896851,0.8526260852813721,1.1556665897369385,1.037542462348938,1.0379923582077026,1.0147227048873901,1.0080842971801758,1.2892869710922241,0.9726571440696716,1.1003905534744263,1.2153208255767822,1.0803179740905762,0.8975196480751038,1.0712332725524902,,1.103792428970337,1.1528723239898682,0.894568145275116,0.6507642269134521,0.9081564545631409,1.1568996906280518,1.0115965604782104,0.9668293595314026,1.0757932662963867,1.0545467138290405,1.0264708995819092,0.9213424921035767,0.9561434388160706,1.2892374992370605,1.176405906677246,1.2842011451721191,1.2718937397003174,1.1490486860275269,1.1816563606262207,1.2410866022109985,1.2655436992645264,1.2593001127243042,1.30862557888031,1.2637337446212769,1.2923280000686646,,0.8565924167633057
bird,0.9351603388786316,0.617402195930481,0.7870709896087646,0.8033279180526733,0.723904013633728,0.8133935928344727,0.5947518348693848,0.8410811424255371,0.0,0.6707925200462341,0.5314849019050598,0.7212121486663818,0.5512025356292725,0.4313356876373291,0.5607413649559021,0.7443752288818359,0.7625628709793091,0.6650325059890747,0.5689858198165894,0.8822376132011414,0.9260420799255371,1.006245732307434,1.0184792280197144,1.0077602863311768,0.9753803610801697,0.9463353753089905,1.1539762020111084,1.0721025466918945,0.9990049004554749,0.9152088761329651,1.0657202005386353,0.9392948150634766,1.0380600690841675,0.8597551584243774,0.733637809753418,,0.877104640007019,0.8743535280227661,1.229539394378662,1.0055536031723022,1.0160815715789795,1.1340280771255493,1.002668857574463,1.1166781187057495,1.089522123336792,0.9706156253814697,0.9008930325508118,1.1108431816101074,1.093563437461853,0.9483516216278076,0.8537980318069458,0.935136079788208,0.9596154689788818,0.8911314010620117,1.06320321559906,1.0473120212554932,0.9158936738967896,0.9685626029968262,0.9376115798950195,,,,0.8170139193534851,,0.9621884226799011,1.0125147104263306,1.029801607131958,1.1330326795578003,1.0480608940124512,1.0772172212600708,1.1361100673675537,1.1030337810516357,1.0263463258743286,1.0958749055862427,1.038191556930542,1.0369782447814941,1.141777753829956,1.125162124633789,1.0437484979629517,1.0551906824111938,1.046818494796753,1.0661821365356445,1.1788593530654907,1.1656572818756104,1.1089293956756592,1.076063632965088,1.179532527923584,0.9295670986175537,1.055092453956604,1.0311647653579712,0.9711860418319702,1.1958884000778198,1.1511541604995728,1.1772339344024658,1.1278934478759766,0.8988588452339172,1.137108325958252,1.2292509078979492,1.283752202987671,1.1649450063705444,1.171987533569336,1.1826987266540527,1.2124874591827393,1.035256266593933,1.0228297710418701,1.2178020477294922,1.1276185512542725,1.2084298133850098,1.1257834434509277,1.003976821899414,0.9278645515441895,0.8948436379432678,0.89166659116745,0.9873036742210388,0.9412081837654114,,0.8270073533058167,0.9435631036758423,0.9050971269607544,0.911056637763977,0.8268802165985107,0.7612518668174744,1.082491397857666,0.7997100949287415,1.0294017791748047,1.0287706851959229,1.0187182426452637,0.9865967631340027,0.8274322748184204,1.0453048944473267,0.8994826078414917,0.9836481809616089,1.1127381324768066,1.082952857017517,0.9310294985771179,,0.8938958644866943,1.0093611478805542,1.0012083053588867,0.9175076484680176,0.8603085279464722,0.7064157128334045,0.7600677013397217,0.8694864511489868,0.7619398236274719,0.8656983971595764,1.0415575504302979,0.9071021676063538,0.9178423881530762,0.8018680810928345,0.8866440057754517,0.8846572637557983,0.9060710668563843,0.7442296147346497,0.9812203049659729,0.7880514860153198,0.8627517819404602,0.8611399531364441,0.8053940534591675,0.8985037803649902,0.9537529945373535,,1.0018564462661743
duck,1.009960412979126,0.8627199530601501,0.8838090896606445,0.8333001732826233,0.7135633230209351,0.796281635761261,0.609682023525238,0.9356240630149841,0.6707925200462341,0.0,0.7151837348937988,1.0031578540802002,0.602765679359436,0.8022632598876953,0.5993781089782715,0.8927857875823975,0.8438342809677124,0.8171043395996094,0.4480280876159668,0.8236766457557678,0.8990193605422974,1.167088270187378,1.071184754371643,1.0827659368515015,0.9069604277610779,0.9533795714378357,1.078532338142395,0.9646965861320496,0.8517194390296936,0.9798675775527954,0.9683330655097961,0.8081007599830627,1.1155483722686768,0.8642801642417908,0.7860817909240723,,0.8133324384689331,0.8380265235900879,1.0272876024246216,1.0233391523361206,1.0422734022140503,1.0652008056640625,1.055850863456726,1.1296859979629517,1.1262761354446411,1.1071285009384155,1.0626872777938843,1.1250345706939697,1.155964732170105,1.056394100189209,0.9951509833335876,0.9191303849220276,1.1217482089996338,1.1188105344772339,1.178113341331482,1.100325345993042,1.1230764389038086,1.0899866819381714,0.968895673751831,,,,1.0179469585418701,,0.9791265726089478,0.9927951693534851,0.924082338809967,0.8417295813560486,0.7372373938560486,0.8551478981971741,0.783331573009491,0.767320990562439,0.7357263565063477,0.8316388130187988,0.7951252460479736,0.8020477890968323,0.9350478649139404,0.882202684879303,0.8908121585845947,0.861437201499939,0.9464970231056213,0.8598160743713379,1.0721174478530884,1.0862295627593994,1.1124114990234375,0.9245556592941284,1.0546727180480957,0.9551575183868408,0.9953261017799377,0.9979692697525024,0.9958775043487549,0.9704099893569946,0.9436132907867432,0.9463668465614319,0.9729897975921631,0.8750734329223633,0.8958966732025146,0.9513145685195923,0.9940004348754883,0.9221317172050476,0.938094437122345,0.9102867841720581,1.0465840101242065,1.2303375005722046,0.8557168841362,0.9517192840576172,0.8469229340553284,1.0314126014709473,0.9491111636161804,0.9993499517440796,0.8105378150939941,0.7304036021232605,0.8517553806304932,0.8242788314819336,0.7867462635040283,,0.8799982666969299,0.9576085805892944,0.7037976980209351,0.8858852982521057,0.4999469518661499,0.7561155557632446,0.9002118110656738,0.7909867763519287,1.0677807331085205,0.9658857583999634,1.120112419128418,0.8547906875610352,0.9592620134353638,1.0382627248764038,1.0098427534103394,1.1056227684020996,1.0906085968017578,1.0370827913284302,1.1301178932189941,,1.0846177339553833,1.1071949005126953,0.9153296947479248,0.7205011248588562,0.6562515497207642,0.8409869074821472,0.721962571144104,0.8592682480812073,0.7129161357879639,0.9733484983444214,0.7949702143669128,1.0505027770996094,1.0689436197280884,0.954474687576294,1.0263934135437012,1.0448851585388184,1.0480647087097168,0.9332357048988342,1.0848842859268188,0.9788395762443542,0.9999884366989136,0.9940476417541504,0.974759578704834,1.0329089164733887,1.0642832517623901,,0.9523072838783264
fish,1.0181275606155396,0.8312690258026123,0.7356244325637817,0.7850773334503174,0.7106221914291382,0.7812055349349976,0.515191912651062,0.8804371953010559,0.5314849019050598,0.7151837348937988,0.0,0.8649426102638245,0.5052833557128906,0.5629724264144897,0.8526952266693115,0.9478750228881836,1.0056637525558472,0.8843546509742737,0.6964568495750427,1.1525894403457642,1.1040019989013672,1.1552073955535889,0.9127919673919678,0.9078798890113831,0.7208009362220764,0.7043547034263611,0.8048579096794128,0.765105128288269,0.5676151514053345,0.8437377214431763,0.7838925123214722,0.7445642948150635,0.9339491724967957,1.0149247646331787,0.92574143409729,,0.8917403221130371,0.8134086728096008,0.9415257573127747,1.0924851894378662,1.170058012008667,1.018366813659668,1.1446428298950195,1.1944546699523926,1.1180658340454102,1.293027400970459,1.277696967124939,1.287979006767273,1.3515832424163818,1.2519290447235107,1.2671892642974854,1.1759018898010254,1.322296142578125,1.2044419050216675,1.1349356174468994,1.114027500152588,1.3225371837615967,1.1173782348632812,0.860274076461792,,,,1.1781063079833984,,1.1912016868591309,1.1140966415405273,0.8412378430366516,0.8069649934768677,0.8053773045539856,0.8195335865020752,0.7820556163787842,0.7239499092102051,0.6746940016746521,0.7298201322555542,0.8391289710998535,0.658102810382843,0.849766194820404,0.8068222999572754,0.7156095504760742,0.8482747077941895,0.802455484867096,0.48380374908447266,0.9956949949264526,0.9380438327789307,0.9405187368392944,0.8436380624771118,0.8171194791793823,0.6725414991378784,0.7038332223892212,0.6357437372207642,0.6132521629333496,0.7518664598464966,0.7391322255134583,0.6971544027328491,0.9413236975669861,0.7053928375244141,0.7656596899032593,0.9237714409828186,0.9793602824211121,0.9176337718963623,0.796707272529602,0.9716854095458984,1.1261359453201294,1.0825914144515991,0.9190723299980164,0.9050543904304504,0.8876994848251343,0.8972919583320618,0.820281445980072,0.8942118287086487,0.5925136804580688,0.5575032234191895,0.7699401378631592,0.7318171262741089,0.859503448009491,,0.6505813598632812,0.8669248223304749,0.586754560470581,0.7649849653244019,0.716812252998352,0.7110442519187927,0.9567033648490906,0.7179635763168335,1.152300238609314,0.7839901447296143,0.9663335084915161,0.8730561137199402,0.8990490436553955,1.0466530323028564,0.9643442034721375,1.1881077289581299,1.1909964084625244,1.0451868772506714,1.0419032573699951,,0.913935661315918,0.739314615726471,0.6467249393463135,0.7838329076766968,0.8429009914398193,0.8204504251480103,0.5911284685134888,0.5627074241638184,0.6898833513259888,1.031999945640564,0.6554720401763916,0.7388969659805298,0.7794983386993408,1.10404634475708,1.2030487060546875,1.2278848886489868,1.194075584411621,1.0276988744735718,1.136172890663147,1.1008778810501099,1.243518352508545,1.2011386156082153,1.070009469985962,1.1589243412017822,1.108965277671814,,1.0742727518081665
butterfly,0.7198730111122131,0.7003419399261475,0.8743317127227783,0.80661940574646,0.6138763427734375,1.0051764249801636,0.7116649746894836,0.6906874775886536,0.7212121486663818,1.0031578540802002,0.8649426102638245,0.0,0.7135577201843262,0.7979021668434143,0.8423459529876709,0.7270675897598267,1.1975717544555664,1.0601930618286133,0.9548593163490295,0.9998835325241089,1.0783843994140625,1.120434045791626,1.1301082372665405,1.1067835092544556,1.206911563873291,1.1911146640777588,1.1600877046585083,1.1737511157989502,1.0222718715667725,1.0636388063430786,1.1200839281082153,1.0717151165008545,1.0365452766418457,1.1127803325653076,1.0205873250961304,,1.005133867263794,0.9810651540756226,0.9754844307899475,1.1947004795074463,1.152337908744812,1.0695081949234009,1.118183970451355,0.9925287365913391,1.0401047468185425,1.0808043479919434,1.1022366285324097,1.0438246726989746,1.098599910736084,1.1271157264709473,1.177695870399475,1.1952934265136719,1.1129745244979858,1.1298282146453857,1.1331562995910645,1.0194371938705444,1.036969542503357,1.125947117805481,0.9825901985168457,,,,0.9651033878326416,,0.9033551216125488,0.7384627461433411,1.0928046703338623,1.0477715730667114,0.9335806965827942,1.1508342027664185,1.0479614734649658,1.0243818759918213,1.052708387374878,0.9104617834091187,1.1494956016540527,1.0708577632904053,1.041746973991394,1.088606357574463,1.1207188367843628,1.0282602310180664,1.0011147260665894,1.0979578495025635,1.0299376249313354,1.034056544303894,1.0570049285888672,1.044498324394226,1.0204620361328125,0.8416224718093872,1.0669021606445312,0.9283375144004822,1.0675344467163086,0.9619634747505188,0.9720204472541809,0.9826067090034485,0.8964152336120605,0.78194260597229,1.0479036569595337,1.0224781036376953,1.0441428422927856,1.1260402202606201,1.0083867311477661,0.9938738346099854,0.9414052963256836,1.0045112371444702,1.0297874212265015,1.0712509155273438,1.0014656782150269,1.0981718301773071,1.0412527322769165,0.840112030506134,1.0715906620025635,0.9938541650772095,1.1323766708374023,1.013119101524353,0.9641611576080322,,1.0161964893341064,1.114754319190979,0.9399013519287109,0.9619527459144592,0.9939783215522766,0.9503164291381836,0.8883919715881348,0.9828394055366516,0.989296555519104,1.0914897918701172,1.0531617403030396,1.07606840133667,1.1458019018173218,1.1265101432800293,1.050031065940857,1.0734025239944458,1.065487027168274,0.8941392302513123,0.9726113080978394,,0.9002179503440857,1.100883960723877,0.979254961013794,0.8606821894645691,1.0855398178100586,1.1233865022659302,1.1561729907989502,1.138311743736267,0.9802877902984619,1.044881820678711,1.110042691230774,0.9680192470550537,0.9727563858032227,1.055593729019165,1.1150926351547241,1.131492257118225,1.1025553941726685,1.0497766733169556,1.0539109706878662,0.9769979119300842,1.0967668294906616,1.0836353302001953,1.1776660680770874,1.1307907104492188,1.1302541494369507,,0.9851640462875366
frog,0.8669577836990356,0.7143539190292358,0.7261319756507874,0.6479460597038269,0.563870906829834,0.7915464639663696,0.5375978946685791,0.7403643131256104,0.5512025356292725,0.602765679359436,0.5052833557128906,0.7135577201843262,0.0,0.48700952529907227,0.5153936743736267,0.9367388486862183,1.1120810508728027,1.125912070274353,0.6085838675498962,0.9802023768424988,1.0981972217559814,1.2193782329559326,1.0053203105926514,1.2524646520614624,1.0664587020874023,1.0890899896621704,1.0798481702804565,1.0442943572998047,0.8896368741989136,0.9990919828414917,1.005376935005188,0.9910959005355835,0.9320497512817383,0.8806999921798706,0.859666109085083,,0.9175252318382263,0.8812830448150635,1.1946587562561035,1.2202043533325195,1.2835946083068848,1.1233012676239014,1.1374552249908447,1.3125498294830322,1.2506500482559204,1.2926030158996582,1.1021254062652588,1.2179970741271973,1.364389419555664,1.256074070930481,1.2116751670837402,1.2341653108596802,1.1162879467010498,1.1947041749954224,1.2114958763122559,1.0985664129257202,1.1492130756378174,1.1376162767410278,0.5766065716743469,,,,1.167636513710022,,0.9100919961929321,0.8616119623184204,0.7829141616821289,0.7905383706092834,0.6755697727203369,0.829035758972168,0.8861455321311951,0.7337448596954346,0.9012773633003235,0.8501288890838623,1.0456181764602661,0.994107186794281,1.1228854656219482,1.084570288658142,0.9876207113265991,1.0535783767700195,0.9407753348350525,0.8063333630561829,1.1592234373092651,1.1082329750061035,1.0807464122772217,0.9272469282150269,0.9834942817687988,0.5545805096626282,0.7963161468505859,0.8986514210700989,0.9434699416160583,1.0208498239517212,1.0407285690307617,1.0045559406280518,0.8877972960472107,0.7162449359893799,0.9974532127380371,1.0705639123916626,1.0620921850204468,1.2196341753005981,1.1794188022613525,1.0922991037368774,1.202745795249939,1.0673035383224487,0.7304688692092896,1.1252319812774658,0.8147515654563904,0.9643222093582153,0.8972886800765991,0.9758977890014648,0.5336043834686279,0.5129165649414062,0.6964008212089539,0.9049469232559204,0.7210317850112915,,0.8110111951828003,0.9297595024108887,0.7810795307159424,0.7753368020057678,0.5334063768386841,0.6736962795257568,0.9112839698791504,0.7667357921600342,1.0446938276290894,0.7596946954727173,0.9632406234741211,0.6558491587638855,0.9478611350059509,1.0074031352996826,0.8144047260284424,0.9570218920707703,1.087454080581665,0.8504327535629272,1.0150915384292603,,0.9553809762001038,0.9185429215431213,0.5993704199790955,0.306465208530426,0.4899243712425232,0.8009089231491089,0.7794374823570251,0.8384609222412109,0.7234809398651123,0.8910219669342041,1.0985472202301025,0.9633950591087341,0.9889217615127563,1.123626947402954,1.1765570640563965,1.2019805908203125,1.151621699333191,1.065873384475708,1.2636966705322266,1.1017067432403564,1.2412769794464111,1.196947693824768,1.217291235923767,1.3038713932037354,1.2779173851013184,,0.771917462348938
