,zebra,giraffe,deer,pony,horse,pig,rooster,penguin,bird,duck,fish,butterfly,frog,alligator,owl,elephant,bear,cat,dog,face,hair,arm,hand,leg,foot,ankle,finger,toe,tooth,ear,nose,eye,mouth,stroller,motorcycle,tricycle,truck,car,lamp,chair,bench,drawer,ladder,window,door,closet,shower,refrigerator,oven,crib,bed,couch,table,bathtub,sink,boat,slide,hose,sprinkler,swing,grass,tree,snow,helicopter,firetruck,clock,ball,balloon,pumpkin,egg,orange,apple,potato,strawberry,hat,slipper,watch,nail,raisin,glasses,necklace,carrot,vacuum,broom,mop,stick,shovel,scissors,spoon,fork,knife,pencil,pen,crayon,plant,flower,soap,bottle,cup,can,belt,radio,basket,milk,jar,bucket,tape,bowl,plate,corn,pickle,banana,melon,bread,cookie,toast,cracker,sandwich,chips,pizza,hamburger,muffin,pastry,meat,pasta,sauce,soup,applesauce,glass,coffee,dish,tray,box,book,paper,rock,comb,toothbrush,gum,toy,doll,mitten,glove,sock,shoe,purse,pillow,towel,napkin,blanket,dress,pajamas,bib,scarf,coat,jacket,sweater,shirt,jeans,pants,shorts,cloud,game
zebra,0.0,0.3860859274864197,0.7035409808158875,0.7075181603431702,0.5237117409706116,0.9377493858337402,1.0595118999481201,0.834599494934082,0.9376169443130493,1.0286848545074463,1.0740936994552612,1.0110633373260498,0.9224532842636108,0.6236598491668701,0.5129961967468262,0.4928911328315735,0.5817860960960388,0.6405404806137085,0.6664438247680664,0.9196034073829651,0.9176311492919922,0.7694265246391296,0.9668459892272949,0.9191716909408569,1.0044548511505127,1.106224775314331,1.1108192205429077,1.1647289991378784,1.1497576236724854,1.0552668571472168,1.072052001953125,1.1646865606307983,0.9911508560180664,0.9864094853401184,0.956707239151001,0.8604946136474609,0.9213796257972717,0.9525493383407593,1.1977880001068115,1.0386559963226318,0.8430882692337036,1.124804973602295,0.904404878616333,0.8737266063690186,0.9669502973556519,0.8833655118942261,0.8968407511711121,0.9406976103782654,0.9693177938461304,0.8479853868484497,0.7685544490814209,0.7993793487548828,0.8438020348548889,0.7842022776603699,1.050060510635376,0.7678074836730957,0.7661914229393005,0.8024701476097107,0.9109514951705933,0.9247567057609558,0.7464028596878052,0.8911782503128052,0.5901109576225281,0.8337830305099487,0.8425506949424744,1.1247974634170532,1.1455254554748535,1.1505459547042847,1.0724797248840332,1.2146854400634766,1.249113917350769,1.2889702320098877,1.2031135559082031,1.1846870183944702,1.1558523178100586,1.2238723039627075,1.1928679943084717,1.232814908027649,1.226048469543457,1.0943187475204468,1.112799882888794,1.074018120765686,1.0747394561767578,1.08684504032135,1.0383191108703613,0.9100174307823181,1.0337778329849243,1.0127240419387817,1.1641111373901367,1.0401241779327393,1.0859185457229614,1.2032241821289062,1.2021104097366333,1.2298197746276855,0.9618918895721436,1.0526930093765259,1.2717773914337158,1.2542424201965332,1.2892460823059082,1.1845271587371826,1.1473418474197388,1.2249071598052979,0.9850637912750244,1.0401092767715454,1.1434576511383057,1.2206971645355225,1.2196643352508545,1.267068862915039,1.178459644317627,0.9463052749633789,1.148476004600525,1.1167798042297363,1.0824168920516968,1.2202873229980469,1.2015689611434937,,1.054612159729004,0.9004608392715454,0.9898312091827393,0.897743284702301,0.9969933032989502,1.1775676012039185,0.9737769961357117,0.845055103302002,1.0125706195831299,1.0082191228866577,1.004090428352356,1.0597012042999268,0.8316907286643982,1.2497758865356445,1.0794405937194824,0.9458755254745483,0.9886748194694519,1.0128737688064575,0.8725237846374512,0.5878428220748901,0.6103443503379822,1.0820053815841675,1.2140567302703857,1.1240341663360596,1.057524561882019,0.8703389167785645,1.0558884143829346,0.9365952014923096,0.9497635960578918,1.0281662940979004,0.9849375486373901,1.0615458488464355,1.1102508306503296,0.7284271717071533,0.7813850045204163,0.6630090475082397,0.7094079256057739,0.801935076713562,0.8120250701904297,0.7044899463653564,0.7082939147949219,0.6799278259277344,0.7196173071861267,0.7490679025650024,0.7778493165969849,,
giraffe,0.3860859274864197,0.0,0.5453589558601379,0.6279517412185669,0.5058565139770508,0.7827848792076111,0.9234117865562439,0.8811720609664917,0.904111385345459,1.0554275512695312,1.0617824792861938,1.016905665397644,0.7692204713821411,0.4575023055076599,0.5846304893493652,0.6716189980506897,0.8100237250328064,0.8769014477729797,0.5592981576919556,0.7900812029838562,0.8635053634643555,0.7120194435119629,0.8753447532653809,0.86268150806427,1.0306370258331299,1.264207124710083,1.1391767263412476,1.1806931495666504,1.1738824844360352,1.0646263360977173,1.1118855476379395,1.201502799987793,0.9991092681884766,0.9180165529251099,0.8971264958381653,0.7574886083602905,0.964004635810852,1.0308438539505005,1.2886550426483154,0.9784726500511169,0.7614179253578186,1.08730149269104,0.787011981010437,0.8890854120254517,1.0227468013763428,0.8487741947174072,0.8382742404937744,0.924851655960083,1.0282548666000366,0.7270758748054504,0.6991759538650513,0.7155718207359314,0.7041747570037842,0.8013864755630493,1.050093650817871,0.7725934982299805,0.7095429301261902,0.7187839150428772,0.8429566621780396,0.734789252281189,0.6832357048988342,0.9023303389549255,0.798533022403717,0.7479436993598938,0.8987179398536682,1.1975772380828857,1.1682649850845337,1.200545310974121,0.9854268431663513,1.222926139831543,1.2759017944335938,1.331552505493164,1.2540984153747559,1.2448203563690186,1.2940078973770142,1.3348578214645386,1.291375994682312,1.2885445356369019,1.281873345375061,1.1178746223449707,1.2449709177017212,1.078879952430725,1.0733697414398193,1.0940451622009277,1.0979235172271729,0.8646936416625977,0.9623125195503235,1.0396690368652344,1.2225780487060547,1.242950201034546,1.1780568361282349,1.301518440246582,1.3131310939788818,1.3244304656982422,0.8909635543823242,0.9754186868667603,1.339874267578125,1.314610481262207,1.3664255142211914,1.349219560623169,1.3238840103149414,1.2641769647598267,0.9364030361175537,1.0115941762924194,1.0655605792999268,1.2597612142562866,1.310908555984497,1.2590519189834595,1.1331943273544312,1.0240634679794312,1.1605417728424072,1.077484369277954,0.972646951675415,1.0635660886764526,1.1041700839996338,,0.8574100136756897,0.7337414622306824,0.9770166277885437,0.6858676671981812,0.868086576461792,0.9846006631851196,0.7522104978561401,0.8535159826278687,1.0442315340042114,0.8872649669647217,0.8753335475921631,0.9580725431442261,0.7552768588066101,1.253841757774353,0.9926433563232422,0.7944003343582153,0.8574427366256714,0.9226362109184265,0.7863187789916992,0.77519690990448,0.7341828942298889,1.0548713207244873,1.1660051345825195,1.039566993713379,0.9228266477584839,0.7944000959396362,1.1977534294128418,1.1093963384628296,0.9566714763641357,1.0689489841461182,1.0213392972946167,1.2241771221160889,1.2512105703353882,0.704249918460846,0.8309476375579834,0.7126492857933044,0.6959351897239685,0.8224014043807983,1.0019782781600952,0.851875901222229,0.8091349601745605,0.8048006892204285,0.8276995420455933,0.892343282699585,1.0051850080490112,,
deer,0.7035409808158875,0.5453589558601379,0.0,0.46148550510406494,0.36740434169769287,0.480679452419281,0.5861697793006897,0.4210144877433777,0.6792474985122681,1.0208287239074707,0.8932840824127197,0.5589705109596252,0.4973006248474121,0.6843267679214478,0.7301396727561951,0.9838564991950989,0.9524178504943848,0.9030555486679077,0.5466386079788208,0.9735134243965149,0.9777777194976807,1.098258376121521,1.0499240159988403,0.9886524677276611,0.9949417114257812,1.0719107389450073,1.081469178199768,1.076947808265686,1.0706948041915894,0.9978650212287903,1.016162633895874,1.086285948753357,1.0540088415145874,0.8972044587135315,0.9547986388206482,0.9756072759628296,0.9555421471595764,1.0321959257125854,1.0498440265655518,0.9448095560073853,1.066116452217102,0.9976639747619629,0.9224153161048889,1.0885341167449951,1.085673213005066,1.0057837963104248,1.1155951023101807,1.1182646751403809,1.108646035194397,1.007433533668518,1.0684839487075806,1.060241460800171,1.0765527486801147,1.1477375030517578,1.192023515701294,1.0054961442947388,1.0641762018203735,0.9336982369422913,0.9919058680534363,0.9172983169555664,1.024617314338684,1.0836970806121826,1.0689277648925781,1.000003695487976,0.8551231622695923,1.097092866897583,1.0797256231307983,0.9864078760147095,0.8972469568252563,1.163799524307251,1.092166781425476,1.1124930381774902,1.0190753936767578,1.0355374813079834,1.0399783849716187,1.0607819557189941,1.1181913614273071,1.176662564277649,1.0248792171478271,1.0529156923294067,1.0124194622039795,0.9968916773796082,0.9262810349464417,0.8350551128387451,0.9983019232749939,0.9768849611282349,0.9615036249160767,0.9004788398742676,1.0491989850997925,0.9842010736465454,1.0678417682647705,1.0769550800323486,1.0745469331741333,1.0949040651321411,0.6595518589019775,0.7800706028938293,1.0653059482574463,1.1651198863983154,1.1765238046646118,1.104569911956787,1.0570906400680542,1.1021015644073486,1.0744835138320923,1.035747766494751,1.0542781352996826,1.0732895135879517,1.1188721656799316,1.1708192825317383,1.1302158832550049,1.1013237237930298,1.0026545524597168,0.9869504570960999,1.0875478982925415,1.0385857820510864,0.9259840250015259,,0.9804150462150574,1.1186273097991943,0.9945784211158752,1.1035064458847046,1.0247398614883423,0.9633054733276367,0.824100136756897,1.0634703636169434,0.8355056047439575,0.8310064673423767,1.0961819887161255,1.1618869304656982,1.0864458084106445,1.12240731716156,1.0931609869003296,1.0629802942276,0.963164746761322,0.881096601486206,0.9467833638191223,1.0653287172317505,1.0561094284057617,1.1374704837799072,1.101871371269226,0.9350307583808899,0.7879610061645508,0.9683050513267517,0.995865523815155,1.041631817817688,0.9988227486610413,0.9717136025428772,0.998763918876648,1.0652225017547607,1.0589625835418701,1.0506619215011597,1.0089240074157715,1.0636632442474365,1.0445716381072998,0.975622832775116,1.0565845966339111,1.0469276905059814,1.0369080305099487,1.0418665409088135,1.0207180976867676,0.9797130823135376,0.9538452625274658,,
pony,0.7075181603431702,0.6279517412185669,0.46148550510406494,0.0,0.1971684694290161,0.54122394323349,0.6237733364105225,0.5777435302734375,0.7663110494613647,0.9654463529586792,0.877798855304718,0.8617628812789917,0.6660345792770386,0.7328848242759705,0.6926848292350769,0.9113494157791138,0.8952121138572693,0.9312506914138794,0.3389068841934204,0.9746912121772766,0.94385826587677,1.0670171976089478,1.1014243364334106,1.0431225299835205,1.043145775794983,1.1370832920074463,1.178183674812317,1.145606517791748,1.174136757850647,1.1375436782836914,1.1585867404937744,1.0675686597824097,1.1355245113372803,0.7954732179641724,0.8202341794967651,0.8861487507820129,0.9123279452323914,0.94622802734375,1.1339175701141357,1.0000053644180298,1.0426137447357178,1.128210186958313,0.990618109703064,1.0922737121582031,1.1155778169631958,1.0290886163711548,1.0247440338134766,1.0690276622772217,1.1283934116363525,0.9373444318771362,0.948864758014679,0.930223822593689,1.0222147703170776,1.1187912225723267,1.1162195205688477,1.0202805995941162,1.056065559387207,0.969683051109314,0.9242287874221802,0.9505754709243774,0.9087458848953247,1.0104464292526245,0.9661312103271484,0.968414306640625,0.9694526195526123,1.0291649103164673,0.9689153432846069,0.9560350775718689,1.0290155410766602,1.041943073272705,1.1042306423187256,1.1168688535690308,1.0762723684310913,1.0869436264038086,1.0759918689727783,1.1500083208084106,1.1657785177230835,1.1622569561004639,1.1008713245391846,1.1449151039123535,1.163759469985962,1.1738836765289307,1.0451338291168213,1.0933970212936401,1.1062870025634766,1.07766854763031,1.0466392040252686,1.0178050994873047,1.07429039478302,1.1454181671142578,1.1463043689727783,1.1926766633987427,1.174350380897522,1.173515796661377,0.862076997756958,0.8722302317619324,0.9873386025428772,1.0605181455612183,1.1235519647598267,1.197810173034668,1.1696563959121704,0.9550381898880005,1.0292752981185913,0.9646968841552734,0.9721062183380127,1.0917490720748901,1.0710586309432983,1.1392138004302979,1.115462064743042,1.0732433795928955,1.187654972076416,1.0554059743881226,1.0831265449523926,1.0023512840270996,0.9098865985870361,,1.0253480672836304,0.9972580075263977,1.0386232137680054,1.0679575204849243,0.9530872106552124,0.9549354314804077,0.7961466312408447,1.0346823930740356,0.9934783577919006,0.8577016592025757,1.0676816701889038,1.0522181987762451,1.0198570489883423,0.9993870258331299,0.9612128734588623,1.0622003078460693,0.9888875484466553,0.9029268622398376,0.9657332301139832,1.0103751420974731,1.1008044481277466,1.1775128841400146,1.0753360986709595,0.9241766333580017,0.6335216760635376,0.9685913324356079,0.9830591082572937,1.0951309204101562,0.9736719131469727,0.879266619682312,0.9726438522338867,1.043748140335083,1.0481655597686768,0.9564195871353149,0.8500176668167114,0.93077552318573,0.957272469997406,0.877375602722168,0.9903622269630432,0.9425212144851685,0.9358277916908264,0.9544494152069092,0.9487451314926147,0.9696930050849915,0.9626876711845398,,
horse,0.5237117409706116,0.5058565139770508,0.36740434169769287,0.1971684694290161,0.0,0.5373017191886902,0.6581365466117859,0.5939188003540039,0.7498986721038818,1.0419458150863647,0.9528170824050903,0.8093527555465698,0.6916766166687012,0.5874897837638855,0.6377499103546143,0.71422278881073,0.7422126531600952,0.7144728302955627,0.37752747535705566,0.9026440382003784,0.8920562267303467,0.9351493120193481,1.054481863975525,0.9866900444030762,1.0395907163619995,1.1674926280975342,1.1913567781448364,1.1899237632751465,1.1884169578552246,1.1146631240844727,1.0993931293487549,1.1577926874160767,1.0745543241500854,0.8100864887237549,0.7685124278068542,0.8383195400238037,0.8461570739746094,0.8819133043289185,1.1173312664031982,0.9709621667861938,0.9275298118591309,1.1282109022140503,0.9015054702758789,0.9604858756065369,0.986324667930603,0.9277920722961426,0.9136666059494019,0.9658616781234741,1.0400334596633911,0.8737315535545349,0.8713310360908508,0.8794901371002197,0.9370251893997192,0.9339349269866943,1.1067116260528564,0.9119215607643127,0.9204179048538208,0.8772547245025635,0.9213894605636597,0.9601098895072937,0.888502299785614,0.9518500566482544,0.7682682275772095,0.8525978922843933,0.8438884019851685,1.0928292274475098,1.1198042631149292,1.0905373096466064,1.0878771543502808,1.1849184036254883,1.2255032062530518,1.2425872087478638,1.1833306550979614,1.153951644897461,1.1093993186950684,1.2022042274475098,1.2197856903076172,1.2367995977401733,1.1544148921966553,1.1315405368804932,1.1336328983306885,1.1619402170181274,0.9680124521255493,1.0529612302780151,1.056845784187317,1.0066359043121338,1.0266156196594238,0.9488813877105713,1.1027789115905762,1.1191177368164062,1.093299388885498,1.229701042175293,1.2077248096466064,1.2454588413238525,0.8355462551116943,0.9225876331329346,1.1007826328277588,1.1632757186889648,1.2429794073104858,1.2112762928009033,1.1890308856964111,1.0859436988830566,1.0755352973937988,0.9742574095726013,1.0604616403579712,1.1961761713027954,1.2041900157928467,1.276384949684143,1.2002842426300049,1.1466091871261597,1.2343456745147705,1.1455446481704712,1.1626145839691162,1.135652780532837,1.0657066106796265,,1.0812360048294067,1.0236624479293823,1.067231297492981,0.9775926470756531,1.040352702140808,1.063037395477295,0.8504278659820557,0.9299370646476746,1.0692354440689087,0.9159502983093262,1.0799576044082642,1.1683987379074097,0.8951466083526611,1.0983792543411255,1.0553135871887207,1.063171625137329,1.0176756381988525,0.9077296853065491,0.9085968136787415,0.8281037211418152,0.9681437015533447,1.1584984064102173,1.2250511646270752,1.0829334259033203,0.8237472772598267,0.9500796794891357,1.056992769241333,1.0695208311080933,0.9439640045166016,0.9338257908821106,0.996709942817688,1.0960365533828735,1.1034212112426758,0.8756213188171387,0.8642813563346863,0.8432323932647705,0.8654646277427673,0.8371140956878662,0.8555896282196045,0.8125444650650024,0.8206719756126404,0.8201383948326111,0.8325338959693909,0.8510674238204956,0.9010164141654968,,
pig,0.9377493858337402,0.7827848792076111,0.480679452419281,0.54122394323349,0.5373017191886902,0.0,0.49582040309906006,0.617647647857666,0.7329841256141663,1.0161902904510498,0.8554445505142212,0.6654199957847595,0.5436321496963501,0.6959203481674194,0.687712550163269,1.0068632364273071,0.9517130255699158,0.9700227379798889,0.5171338319778442,1.0041866302490234,1.0365173816680908,1.0465983152389526,0.9948982000350952,1.068328619003296,0.9772669672966003,1.12703275680542,1.1217970848083496,1.1053595542907715,1.177687168121338,1.0520681142807007,1.0332587957382202,1.1173861026763916,1.1339185237884521,0.9427400827407837,0.9861776232719421,1.0211498737335205,1.0614961385726929,1.1236090660095215,1.181370735168457,1.0605093240737915,1.0624133348464966,1.072269082069397,1.0787324905395508,1.089864730834961,1.173570990562439,1.090288519859314,1.0950052738189697,1.1600733995437622,1.1390492916107178,1.011760950088501,1.0129350423812866,1.0142712593078613,1.0655549764633179,1.142311692237854,1.2245066165924072,1.023073434829712,1.0532188415527344,1.0343310832977295,1.0372824668884277,0.9312825798988342,0.9760629534721375,1.0451782941818237,1.0929261445999146,1.0736664533615112,1.0108675956726074,1.0514029264450073,0.9821636080741882,0.9122880697250366,0.8127236366271973,1.068299651145935,1.0381190776824951,1.0641326904296875,1.0413172245025635,1.0057438611984253,1.0776021480560303,1.1191223859786987,1.2095698118209839,1.1943691968917847,1.0123358964920044,1.1358802318572998,1.099740982055664,1.0093343257904053,1.1220262050628662,1.0970066785812378,1.147263526916504,0.9767940044403076,0.9860917329788208,0.9727237820625305,1.0391138792037964,1.0970566272735596,1.0854912996292114,1.173945665359497,1.1902635097503662,1.1727633476257324,0.845172643661499,0.8452540636062622,1.132881999015808,1.2193713188171387,1.1898473501205444,1.2399554252624512,1.19459867477417,1.0431500673294067,1.0522119998931885,1.0757538080215454,1.0263597965240479,1.050973653793335,1.0698671340942383,1.0984878540039062,1.062654733657837,1.0299441814422607,1.0477286577224731,0.9788801074028015,0.9391406774520874,0.8761250972747803,0.7905040979385376,,0.945802628993988,1.0599491596221924,1.011677622795105,1.0108232498168945,0.9263448715209961,0.7378945350646973,0.6105102896690369,0.9151791334152222,0.9522415995597839,0.8159111142158508,1.0241419076919556,1.024019479751587,1.0334287881851196,0.9815752506256104,0.9298578500747681,0.9987882971763611,0.9587924480438232,0.8509017825126648,0.9093289971351624,1.0783092975616455,1.0992212295532227,1.240378975868225,1.0135462284088135,0.8881076574325562,0.7082257866859436,0.8252201080322266,0.9713373780250549,1.0383530855178833,0.9276890158653259,0.8334791660308838,1.0027811527252197,1.0138828754425049,1.005110263824463,0.9376040697097778,1.0033818483352661,1.0303272008895874,0.988853931427002,0.9873583316802979,1.1228041648864746,1.0384293794631958,1.0751242637634277,1.0865085124969482,1.049546241760254,1.045512080192566,1.0217618942260742,,
rooster,1.0595118999481201,0.9234117865562439,0.5861697793006897,0.6237733364105225,0.6581365466117859,0.49582040309906006,0.0,0.6328883171081543,0.6480000019073486,0.9498880505561829,0.7084168195724487,0.5822126269340515,0.5282066464424133,0.7741222381591797,0.7453270554542542,1.209871530532837,1.1129873991012573,1.091391921043396,0.6882399916648865,1.0217344760894775,1.032762050628662,1.0859217643737793,1.0006834268569946,1.0876694917678833,1.0449683666229248,1.1582310199737549,1.1677203178405762,1.1413873434066772,1.161539077758789,1.0703010559082031,1.0633772611618042,1.1684454679489136,1.1064798831939697,0.8561915755271912,0.9011772871017456,1.022903561592102,0.8683415055274963,0.9238508343696594,1.0370426177978516,1.0159978866577148,1.1280505657196045,1.1017937660217285,1.0052921772003174,1.033347249031067,1.0550557374954224,1.0433907508850098,1.0898183584213257,1.0628626346588135,1.1408573389053345,1.0253078937530518,1.1536595821380615,1.1353245973587036,1.1060959100723267,1.2263751029968262,1.2009758949279785,1.0585931539535522,1.1286157369613647,1.113924503326416,0.9769623279571533,1.0447105169296265,1.1518923044204712,1.0391173362731934,1.2167185544967651,1.096229910850525,0.9676486849784851,0.9982361197471619,0.9172241687774658,0.7930152416229248,0.8254141211509705,0.9610887169837952,0.9977594614028931,1.0052295923233032,1.0998390913009644,0.9795407056808472,1.042183756828308,1.1604793071746826,1.1992497444152832,1.1993316411972046,1.053514003753662,1.1477737426757812,1.1021307706832886,1.0916097164154053,1.0082420110702515,1.087011456489563,1.0681405067443848,1.1599297523498535,0.9981546401977539,0.9246143698692322,0.9294527173042297,1.0156365633010864,1.0496941804885864,1.2166752815246582,1.2000993490219116,1.2099418640136719,0.5969408750534058,0.6238463521003723,0.998223602771759,1.072995901107788,1.1057974100112915,1.1931873559951782,1.2845475673675537,0.9422972202301025,0.9903672337532043,0.987345814704895,0.8753951787948608,0.9862310290336609,1.036547303199768,1.045743703842163,1.0106937885284424,0.9686338901519775,1.07239830493927,0.915021538734436,0.8533530235290527,0.8292542695999146,0.8840909004211426,,0.9032160639762878,0.9775264263153076,0.977250874042511,1.0222959518432617,0.9185099005699158,0.6783753037452698,0.7777204513549805,0.9755222201347351,0.9597330689430237,0.8091009855270386,0.9900612831115723,0.9538568258285522,0.8809587955474854,0.892370343208313,0.8570841550827026,1.0811222791671753,1.0112544298171997,0.9744020700454712,1.0253163576126099,1.2930214405059814,1.112269639968872,1.0883350372314453,0.9281256794929504,0.9150756597518921,0.5389164090156555,0.7789469957351685,0.8225466012954712,1.033288598060608,0.8868151307106018,0.8661772012710571,0.9596338272094727,0.9933806657791138,0.9398069977760315,1.119964599609375,0.8914408683776855,1.0669856071472168,1.0451463460922241,0.9090389609336853,1.1123013496398926,1.1243786811828613,1.1035574674606323,1.0966756343841553,1.1345455646514893,1.1418012380599976,0.9732194542884827,,
penguin,0.834599494934082,0.8811720609664917,0.4210144877433777,0.5777435302734375,0.5939188003540039,0.617647647857666,0.6328883171081543,0.0,0.6621270179748535,0.8252818584442139,0.5905892848968506,0.5411891341209412,0.4918128252029419,0.9479682445526123,0.7691619992256165,1.0199053287506104,0.9033307433128357,0.9738585948944092,0.7205829620361328,1.167618751525879,1.1644225120544434,1.3505223989486694,1.0956203937530518,1.1603590250015259,0.9672974944114685,0.9388827085494995,0.9956116676330566,0.9768074750900269,0.9667958617210388,0.9707724452018738,0.9461273550987244,0.8708997368812561,1.0480972528457642,0.9875662326812744,1.0034983158111572,1.1288021802902222,1.0391267538070679,0.9868187308311462,1.0100946426391602,1.1276839971542358,1.260013461112976,1.103203535079956,1.2227835655212402,1.2262450456619263,1.2251347303390503,1.2466986179351807,1.3079664707183838,1.2836467027664185,1.1791975498199463,1.2511444091796875,1.287865400314331,1.267496109008789,1.329180121421814,1.337568759918213,1.1648842096328735,1.0866016149520874,1.231286644935608,1.128926157951355,0.9819834232330322,1.141905665397644,1.165095329284668,1.161782145500183,1.0616827011108398,1.2061840295791626,1.0815715789794922,0.9922646880149841,0.8572141528129578,0.7623049020767212,0.8594757914543152,0.9932337403297424,0.8878130912780762,0.8801652193069458,0.8754770159721375,0.8947504758834839,0.8561509847640991,0.8150731921195984,0.9409731030464172,0.9805324673652649,0.8111371397972107,1.001805067062378,0.9654209613800049,0.9179710149765015,1.0768321752548218,0.9762415289878845,0.9821693897247314,1.2097744941711426,1.0127758979797363,0.8815311789512634,0.9529794454574585,0.9204592108726501,1.0545252561569214,0.9518227577209473,0.9073468446731567,0.8789405822753906,0.793527364730835,0.8147186040878296,0.8906149864196777,0.9308947324752808,0.910419762134552,0.9350967407226562,0.8287242650985718,0.9729868173599243,1.1469838619232178,1.0326894521713257,1.0300614833831787,0.855404257774353,0.804693341255188,0.9865661263465881,1.0389554500579834,0.9885720014572144,0.8636212348937988,0.8803489804267883,1.0302269458770752,0.971516489982605,0.8200734853744507,,1.0264832973480225,1.2162916660308838,0.9132826328277588,1.2349361181259155,1.0464063882827759,0.9244617223739624,0.8782095909118652,1.1917273998260498,0.7604402303695679,0.8513825535774231,1.1337906122207642,1.1221121549606323,1.245962381362915,0.9913817644119263,1.0905888080596924,1.1761877536773682,1.1173287630081177,0.9957030415534973,1.1471787691116333,1.0571407079696655,1.1828858852386475,1.0855000019073486,0.8147445917129517,0.8179190158843994,0.8075270652770996,0.9373270869255066,0.6966567039489746,0.8828912973403931,0.899695634841919,0.9844065308570862,0.9261775612831116,0.926824152469635,0.9277626276016235,1.2070037126541138,1.1326744556427002,1.2460774183273315,1.2380082607269287,1.132306694984436,1.1422368288040161,1.1675782203674316,1.2228283882141113,1.2401598691940308,1.114309549331665,1.088645100593567,0.9479101300239563,,
bird,0.9376169443130493,0.904111385345459,0.6792474985122681,0.7663110494613647,0.7498986721038818,0.7329841256141663,0.6480000019073486,0.6621270179748535,0.0,0.9758618474006653,0.4240461587905884,0.5258575081825256,0.6330606341362,0.9878174662590027,0.7677608728408813,1.0727238655090332,0.9410098791122437,0.9281817674636841,0.9289834499359131,1.1541996002197266,1.1822824478149414,1.3318854570388794,1.3615272045135498,1.1635675430297852,1.163651704788208,1.0208958387374878,1.088076114654541,0.9666464924812317,0.8551175594329834,1.0643274784088135,0.9698811173439026,0.7567548751831055,1.1624099016189575,1.148518443107605,1.080085039138794,1.1470755338668823,0.9018821716308594,0.8134973049163818,0.6994627714157104,1.2393174171447754,1.3138947486877441,1.0977298021316528,1.269860863685608,1.1019279956817627,1.1340711116790771,1.254347324371338,1.2103145122528076,1.2199565172195435,1.181227207183838,1.2981197834014893,1.2780072689056396,1.294459581375122,1.319570541381836,1.2518116235733032,1.0172175168991089,1.1709922552108765,1.321777582168579,1.2145999670028687,0.954509437084198,1.1937966346740723,1.189247965812683,0.9675367474555969,0.9819947481155396,1.226514458656311,0.9426525831222534,0.8652747273445129,0.8642561435699463,0.860736608505249,1.0696020126342773,0.9616321921348572,0.8190901279449463,0.7052402496337891,0.7833107113838196,0.7509158849716187,0.9048625230789185,0.6726921200752258,0.7310363054275513,0.648482620716095,0.7880900502204895,0.9641003012657166,0.9450052976608276,1.1794296503067017,1.069353699684143,0.93291175365448,1.1169780492782593,0.9849011898040771,1.014817237854004,0.8944246768951416,0.7866172194480896,0.7380661964416504,0.8543837070465088,0.5888277292251587,0.5415529608726501,0.564124584197998,0.7557110786437988,0.8120514154434204,0.6951908469200134,0.6815987825393677,0.7740898132324219,0.8880667090415955,0.6202841997146606,0.9415889382362366,1.1404659748077393,1.1331971883773804,1.1272283792495728,1.0563393831253052,0.8617990612983704,0.8870867490768433,0.9225426912307739,1.0257843732833862,0.952459454536438,0.9179295301437378,1.14199960231781,0.9271876811981201,0.7347570061683655,,1.087659239768982,1.221693754196167,0.9918285012245178,1.2444995641708374,1.1123716831207275,1.092044472694397,0.8821951150894165,1.2085976600646973,0.8146158456802368,0.9398579001426697,1.1444902420043945,1.1898008584976196,1.238002896308899,0.9513458013534546,1.1562728881835938,1.3292633295059204,1.2666199207305908,0.9907379150390625,1.0726805925369263,1.1070640087127686,1.1395611763000488,0.916096568107605,0.9405259490013123,1.0259084701538086,1.1569887399673462,1.3626939058303833,1.0599634647369385,1.2113288640975952,1.1169931888580322,1.1244868040084839,0.952134370803833,0.907119631767273,0.8898614645004272,1.2695856094360352,1.2211627960205078,1.3105382919311523,1.378234624862671,1.2329246997833252,1.272670030593872,1.247579574584961,1.2697689533233643,1.2630512714385986,1.2867522239685059,1.2690918445587158,1.1623461246490479,,
duck,1.0286848545074463,1.0554275512695312,1.0208287239074707,0.9654463529586792,1.0419458150863647,1.0161902904510498,0.9498880505561829,0.8252818584442139,0.9758618474006653,0.0,0.7324510812759399,0.8460944294929504,0.7568357586860657,0.9886450171470642,0.8692397475242615,1.0707896947860718,0.961724042892456,1.107054352760315,1.0047296285629272,1.0881023406982422,1.0965718030929565,1.1838973760604858,1.0641579627990723,1.0920873880386353,0.9351534843444824,0.9163408279418945,0.9728365540504456,0.9670757055282593,0.9578337073326111,1.002543568611145,1.0036174058914185,0.8907478451728821,0.9831461906433105,1.100593090057373,1.068484902381897,1.030110478401184,0.9946075677871704,0.9104456901550293,1.0905654430389404,1.1002941131591797,1.0904031991958618,1.031962513923645,1.1500085592269897,1.1645309925079346,1.210670828819275,1.1129913330078125,1.1138734817504883,1.2491486072540283,1.2001307010650635,1.0915776491165161,1.0634688138961792,1.072060465812683,1.0847787857055664,1.1510471105575562,1.0989711284637451,0.840907096862793,0.9909564852714539,1.0059139728546143,0.8875079154968262,1.013370394706726,0.9287207126617432,1.0713891983032227,1.0272791385650635,1.1789817810058594,0.9845678210258484,0.9052717685699463,0.7113859057426453,0.6955536603927612,0.8638361692428589,0.8212518692016602,0.8516535758972168,0.8468263745307922,0.87981778383255,0.9328023195266724,0.9354592561721802,0.8567187786102295,0.90162593126297,0.9187417030334473,0.8612019419670105,1.0534294843673706,0.9857460260391235,0.9173667430877686,1.1667847633361816,1.0598242282867432,1.1482008695602417,1.0521587133407593,1.0557514429092407,0.9125775098800659,1.03931725025177,1.0570148229599,1.089118242263794,1.010266900062561,0.9709728360176086,0.8794407248497009,0.9307874441146851,0.8412065505981445,0.9418390989303589,0.9277098178863525,0.9342924356460571,1.0337951183319092,0.9721866846084595,0.9992703795433044,0.903214156627655,0.9490338563919067,0.9076142907142639,0.8385972380638123,0.7461903095245361,0.840408444404602,0.853679358959198,0.8567960262298584,0.8304003477096558,0.8289341330528259,0.8449455499649048,0.9324007034301758,0.9235103130340576,,0.8734058141708374,0.9161405563354492,0.8861621618270874,0.9175674319267273,0.8557479381561279,0.8907195329666138,0.9309388399124146,1.053659439086914,0.966084897518158,0.9615808725357056,0.9754725098609924,0.9062685370445251,0.9825180172920227,1.0385432243347168,0.872835636138916,0.9212770462036133,0.8864702582359314,0.845220685005188,0.9208076000213623,1.0679489374160767,1.0618129968643188,0.9973451495170593,0.6015989780426025,0.7016412019729614,0.9274693131446838,0.890654444694519,0.8490491509437561,0.8699369430541992,0.8722226023674011,0.9461607933044434,0.9292063117027283,0.921653687953949,0.9326460361480713,0.9794381856918335,0.9510658979415894,1.0202916860580444,0.9269832968711853,1.0088481903076172,1.1045794486999512,1.1166852712631226,1.1388946771621704,1.123720645904541,1.0213037729263306,1.0551828145980835,0.9441891312599182,,
fish,1.0740936994552612,1.0617824792861938,0.8932840824127197,0.877798855304718,0.9528170824050903,0.8554445505142212,0.7084168195724487,0.5905892848968506,0.4240461587905884,0.7324510812759399,0.0,0.6076899170875549,0.5884140133857727,0.9615902900695801,0.7718239426612854,1.099297285079956,0.8458254337310791,0.9556071162223816,0.9444530010223389,1.2449780702590942,1.2491079568862915,1.3199448585510254,1.1643047332763672,1.1396085023880005,1.0118911266326904,0.9409147500991821,0.9612288475036621,0.89394611120224,0.7325600385665894,1.0599570274353027,0.9848843812942505,0.7820468544960022,1.0914545059204102,1.266398549079895,1.2140545845031738,1.2122796773910522,1.0223544836044312,0.8237991333007812,0.8954375982284546,1.382784128189087,1.3295807838439941,1.1354900598526,1.4377833604812622,1.2040003538131714,1.3231375217437744,1.385184407234192,1.352829933166504,1.368042230606079,1.322699785232544,1.3513503074645996,1.2839189767837524,1.2922435998916626,1.3837382793426514,1.323554277420044,1.0983364582061768,1.0324739217758179,1.2137715816497803,1.1953800916671753,0.7911556959152222,1.2009763717651367,1.0804680585861206,0.9982730150222778,1.0150524377822876,1.3245718479156494,1.1007707118988037,0.9523022770881653,0.6933603286743164,0.6943382024765015,0.8284485340118408,0.7900298237800598,0.7026102542877197,0.6369999647140503,0.763839840888977,0.7000584006309509,0.9397318959236145,0.6260024309158325,0.7549648880958557,0.7059277296066284,0.790681004524231,1.0416252613067627,0.9343733191490173,0.8783655762672424,1.2717190980911255,1.0396080017089844,1.1009104251861572,1.011061191558838,0.8770724534988403,0.8795540928840637,0.7687604427337646,0.7047492265701294,0.878933846950531,0.6404491662979126,0.5910786986351013,0.5521276593208313,0.740451455116272,0.7690401077270508,0.745948314666748,0.7419019937515259,0.8267974853515625,0.9532886147499084,0.6216074228286743,1.102892518043518,1.1448768377304077,1.1718709468841553,1.1331610679626465,0.9825435280799866,0.749825656414032,0.8172117471694946,0.8749303221702576,0.8031468391418457,0.6738525032997131,0.7875361442565918,0.8353326916694641,0.7661004066467285,0.6940823793411255,,0.8670178651809692,1.0041038990020752,0.8852399587631226,1.047688603401184,0.9635531306266785,0.9160465598106384,0.8603742122650146,1.0721871852874756,0.7397478818893433,0.8813381195068359,1.0550684928894043,1.0417072772979736,1.123248815536499,1.0397696495056152,1.11163330078125,1.2698091268539429,1.2979481220245361,1.0463790893554688,1.1031206846237183,1.0689889192581177,1.1413464546203613,0.7605363130569458,0.5636287331581116,0.9225281476974487,1.0657089948654175,1.0076258182525635,0.7158981561660767,0.9509789943695068,0.976161539554596,1.1689549684524536,0.7556672096252441,0.8183714747428894,0.8135102391242981,1.1691423654556274,1.2092968225479126,1.2883813381195068,1.2464534044265747,1.2173469066619873,1.3401939868927002,1.3407659530639648,1.3786959648132324,1.3608710765838623,1.2138478755950928,1.2666534185409546,1.0460225343704224,,
butterfly,1.0110633373260498,1.016905665397644,0.5589705109596252,0.8617628812789917,0.8093527555465698,0.6654199957847595,0.5822126269340515,0.5411891341209412,0.5258575081825256,0.8460944294929504,0.6076899170875549,0.0,0.426959753036499,1.0659205913543701,0.7998772263526917,1.2500605583190918,1.063427209854126,1.083883285522461,1.0096601247787476,1.116473913192749,1.1421445608139038,1.402254581451416,1.172309398651123,1.1797535419464111,0.9559662342071533,0.8126150369644165,0.9333845973014832,0.8992191553115845,0.8239979147911072,0.9652451872825623,0.8296285271644592,0.746484637260437,0.9799967408180237,1.0951648950576782,1.090022087097168,1.1861467361450195,1.0626614093780518,1.0222872495651245,0.8190015554428101,1.1950708627700806,1.3655444383621216,0.9725624322891235,1.2869527339935303,1.1949810981750488,1.25890052318573,1.3000065088272095,1.3006994724273682,1.365479588508606,1.2130942344665527,1.3365252017974854,1.3838316202163696,1.4032787084579468,1.3801603317260742,1.3734396696090698,1.2019215822219849,1.1728352308273315,1.356393814086914,1.2012426853179932,1.0342707633972168,1.2100532054901123,1.2712568044662476,1.0878674983978271,1.1744518280029297,1.2841564416885376,0.9880070090293884,0.7957699298858643,0.8664536476135254,0.7963860034942627,0.9415691494941711,0.9408737421035767,0.8613398671150208,0.776203453540802,0.7902314066886902,0.7296120524406433,0.8179996013641357,0.663038969039917,0.743098258972168,0.8446452617645264,0.6743091344833374,0.8179397583007812,0.7650811076164246,0.9750288724899292,1.0708155632019043,0.9356897473335266,1.0665335655212402,1.0088591575622559,0.9599889516830444,0.6238235831260681,0.7152588963508606,0.6194043755531311,0.7686806321144104,0.7106800675392151,0.6773397922515869,0.6822241544723511,0.711572527885437,0.7217358946800232,0.8383419513702393,0.8921451568603516,0.9250761270523071,0.9804409146308899,0.7525157928466797,0.8948490023612976,1.1008365154266357,1.1466032266616821,1.0684624910354614,0.9837193489074707,0.7189165353775024,0.9590628743171692,0.9176397919654846,0.9508433938026428,0.7845617532730103,0.8072212934494019,1.0939637422561646,0.9455505609512329,0.7426377534866333,,0.9698097705841064,1.2033830881118774,0.9532405138015747,1.1983851194381714,1.1182482242584229,0.9529744982719421,0.9178296327590942,1.2819709777832031,0.7477061748504639,0.9275328516960144,1.1700468063354492,1.1670218706130981,1.2607688903808594,0.9366869926452637,1.1051710844039917,1.2124664783477783,1.1615383625030518,0.9226889610290527,1.090104341506958,1.2433594465255737,1.1152350902557373,0.9745440483093262,0.7343217134475708,0.8588472604751587,0.9895246624946594,1.1711046695709229,0.8644529581069946,0.9668295979499817,0.8469126224517822,1.00894033908844,1.0487772226333618,0.9444117546081543,0.9080895185470581,1.3123153448104858,1.244048833847046,1.345668911933899,1.317591905593872,1.221494197845459,1.2971103191375732,1.3187134265899658,1.3704462051391602,1.3642988204956055,1.2890270948410034,1.2702643871307373,1.0630556344985962,,
