,alligator,ankle,apple,applesauce,arm,ball,balloon,banana,basket,bed,belt,bench,bib,bird,blanket,book,bottle,bowl,box,bread,broom,bucket,butterfly,can,car,carrot,cat,chair,clock,closet,comb,cookie,couch,cracker,crayon,crib,cup,dog,doll,door,drawer,dress,egg,face,finger,fish,flower,foot,fork,frog,glass,glasses,glove,grass,gum,hair,hamburger,hand,hat,horse,hose,jacket,jar,jeans,knife,ladder,lamp,melon,mitten,mop,motorcycle,mouth,muffin,nail,napkin,necklace,nose,orange,oven,owl,pajamas,pants,paper,pastry,pen,pencil,penguin,pickle,pig,pillow,pizza,plant,plate,pony,pumpkin,purse,radio,refrigerator,rooster,scissors,shirt,shoe,shovel,shower,sink,slide,slipper,sock,spoon,stick,strawberry,stroller,sweater,table,tape,toe,tooth,toothbrush,towel,toy,tray,tree,vacuum,watch,window
alligator,0.0,1.3694439,1.3346885,1.0945121,0.85645974,1.2694619,1.1508212,1.135121,1.1809292,0.64134,1.4572914,0.8522271,0.8377323,0.933176,0.53905076,0.87255204,1.2767564,1.2839465,1.1138489,1.3079162,0.9087689,1.1827589,1.0269533,1.3326782,1.2753994,1.2218986,0.72244406,1.1809925,1.3562081,0.869164,0.8525693,1.3023124,0.7269646,1.2154356,1.389991,0.74631447,1.3141072,0.60921544,0.99054796,1.1695989,1.2654674,0.77756715,1.333569,0.94007933,1.2002236,0.53707004,1.2493372,0.9789563,1.2307163,0.7009352,0.78352034,1.3596264,0.71806186,0.8742781,1.129468,0.7867309,0.95367,0.85882837,1.1812805,0.82646036,0.7433264,0.7599419,1.2337916,0.73063004,1.223444,1.1050239,1.3969125,0.88160855,0.63505656,0.97068775,0.8207531,1.0400113,1.2262628,1.3637757,0.95377976,1.2954245,1.0918149,1.2715626,1.324259,1.0354545,0.64727724,0.8992125,1.179497,1.1076552,1.4096063,1.4216139,1.0334256,0.78742564,0.95610344,1.0074954,1.2569716,1.1528678,1.3227193,0.80216086,1.0754293,0.9388229,1.3175638,0.99279034,0.9578103,0.99712604,0.7433087,0.86588013,1.0306141,0.97041357,1.273293,0.6875669,1.3603076,0.830265,1.2972053,0.97962564,1.0102994,0.8128136,0.8154393,0.6681749,1.3657411,1.3102114,0.97290766,0.7655275,0.6302928,1.0616299,0.8777653,0.75330293,0.9307716,1.4035232,0.83258057
ankle,1.3694439,0.0,0.72187597,1.0918754,1.0767409,0.7595922,0.9038124,0.74507105,1.0431589,1.2901056,0.2539217,1.2382686,1.1025784,0.9307925,1.3573375,1.2047782,0.8655536,0.8388074,1.0924429,0.9000236,1.1327194,0.95814306,1.0396798,0.57427037,0.6726929,0.5993505,1.2646145,0.8734665,0.6806366,1.2513194,1.271342,0.8301231,1.1163003,0.96630865,0.5511333,1.3926991,0.87818575,1.317452,1.240922,0.88637584,0.8377476,1.24344,0.62203455,1.1642617,0.5565273,1.3142205,0.91441095,1.0775425,0.8984127,1.0979534,1.4065005,0.5769381,0.8557685,0.8960202,0.8286412,1.2653086,1.2258759,1.0669487,0.45176864,0.88538533,1.3499413,1.2387702,1.0373343,1.1988343,0.7996945,0.86344266,0.6582188,1.2246939,1.0957083,1.1252544,1.2766101,0.90721333,0.84509766,0.52151096,1.0065174,0.44735628,0.8262509,0.77783096,0.7294761,1.0181046,1.2949886,1.072326,0.8918258,1.1743599,0.5147676,0.46770304,0.80932,1.1413422,1.1533357,0.66145813,0.9333343,0.9551691,0.8221401,1.0168335,0.7534934,0.97360533,0.70901376,1.1631513,1.0504186,1.0010289,1.2480698,1.0891517,0.9422575,1.0801396,0.7899752,1.2167454,0.1724881,0.7236064,0.8328417,1.023197,1.1387333,1.2801689,1.1778566,1.3061507,0.63991594,0.39219582,0.98990595,1.2998657,1.1421738,1.0921192,1.3401983,1.2726072,1.2901757,0.39931035,1.236666
apple,1.3346885,0.72187597,0.0,1.1295359,1.1791639,0.60602045,0.7022351,0.80004466,1.0675058,1.3407125,0.54080695,1.2747716,1.2790469,0.85796463,1.3973665,1.0722938,0.7476624,0.81648195,1.0058911,0.7490082,1.1732322,1.0053829,0.92025536,0.8599347,0.77525663,0.561888,1.199463,1.1110554,0.6755274,1.1361656,1.2469759,0.71604675,1.3732884,0.8678789,0.48556244,1.4199405,0.8105494,1.1503117,1.1191226,1.084917,1.0629078,1.2974598,0.40536714,1.0984272,0.81107485,1.3596857,0.5941795,1.1467259,0.912937,1.0706445,1.216425,0.7428358,1.2958531,0.9869063,0.58177966,1.206769,0.9624321,1.1756699,0.85421664,0.9189958,1.2220128,1.2892156,0.88241065,1.337056,0.91086805,1.0820684,0.65347934,0.8585728,1.3554411,1.2537026,1.2484845,0.9504713,0.6237833,0.23215002,1.094483,0.6990143,0.9601221,0.5185504,0.9427307,1.0435504,1.3591876,1.190434,0.9518361,1.0815148,0.36155164,0.48209977,0.7403207,1.0305338,0.9900061,1.0589571,0.83403605,0.76208293,0.79011345,0.93356013,0.79265773,1.2205675,0.89617085,1.2494425,0.84187114,1.1628958,1.3324897,1.2442122,1.1258811,1.161294,0.86438024,1.2422143,0.5652729,1.2204375,0.86562926,1.168112,0.68010986,1.26876,1.2548774,1.2873654,0.6865542,0.59595644,0.9891597,1.3420392,1.2423422,0.75503874,1.2276568,1.1164942,1.2469902,0.34232473,1.1811157
applesauce,1.0945121,1.0918754,1.1295359,0.0,1.0522517,1.0942385,0.9135289,1.0881135,1.0120931,1.146876,1.2018752,1.0811784,0.9842556,1.004581,1.1125615,0.94050497,0.86525583,0.7611986,0.94751894,1.0078272,0.99916255,0.80148315,0.7401889,0.98219895,1.1305597,1.1041851,1.0718116,1.0176669,1.1015196,1.0221083,1.0526993,1.1134179,1.0972736,1.0654027,1.1610994,1.0697017,0.6694956,1.0472612,0.7813694,1.1549011,0.9691528,1.0531555,1.0786265,1.0478618,1.0272212,0.913093,0.870129,0.9835192,0.9235806,0.951729,0.7856481,1.0088894,1.01999,1.1032608,1.1030593,1.0576711,0.81798935,0.869882,1.1905091,1.0293231,0.98713434,1.0946555,0.8434869,1.1087834,1.014721,1.1047515,1.0213178,0.8500881,0.9892522,0.98283106,1.0803275,1.0142926,0.8242416,1.2498279,0.8919693,1.1435746,0.96776974,0.9659864,0.90944463,1.0216745,1.0982529,1.1068909,1.0087023,0.88784015,1.2366594,1.2006707,1.0842158,0.99510634,1.031029,1.1797564,1.0843352,1.0078175,0.903899,1.012243,0.9887673,0.85856575,0.99534065,1.0759127,1.1542921,0.93054944,1.0602235,0.98613405,0.9112362,1.0892419,0.95699924,1.0366274,1.1811911,1.0181787,0.90219986,0.8130253,0.8537475,1.0688376,1.1025891,1.059292,1.0192064,1.1494495,1.0533565,0.96191555,0.9543452,0.9200272,0.7622498,1.0562569,0.97490394,1.2148979,1.1298027
arm,0.85645974,1.0767409,1.1791639,1.0522517,0.0,1.2892041,1.2559514,1.2431811,1.2500818,0.6381495,1.3010765,0.8092753,1.032943,1.271682,0.5542084,1.2384549,1.2387131,1.3841996,1.1845977,1.2428567,1.0025721,1.2537566,1.2063625,1.243924,1.4038423,1.1162939,0.9249029,1.2299502,1.2227924,1.06486,0.91248345,1.2404445,0.60753393,1.1433096,1.3197439,0.7090408,1.3650148,1.0820792,1.2302637,1.071867,1.059502,0.6222459,1.2180177,0.6241985,0.68468904,0.7532324,1.355718,1.0361508,1.2809805,1.1941305,0.9799256,1.0645545,0.67005974,0.90384775,0.96252203,0.67395896,0.8895549,0.48048955,1.1779089,1.1975459,0.96519506,0.48745465,1.1624073,0.49511302,1.2810713,1.0372978,1.3788755,0.97679687,0.59903586,0.91923606,0.83717346,0.7968167,1.2747574,1.1501743,1.205965,0.8965991,0.7740264,1.2274332,1.2238226,1.23513,0.4778511,0.93001735,1.1923339,1.0553268,1.2458376,1.2527512,1.2459176,0.90461326,1.1433265,1.0792084,1.2047653,1.2399874,1.4113386,1.2416728,1.0563763,1.2300351,1.2232112,0.83987355,1.2083751,1.1146809,0.4919356,0.9864496,1.1122,0.81932783,1.393216,0.9977361,1.1526954,0.71629494,1.3626535,0.9150093,1.0674134,0.80249584,0.5558203,0.64833426,1.3928086,0.92196846,0.861815,0.6748143,0.9901729,1.3829172,1.1822183,0.8340322,1.0462885,1.2078773,0.74155617
ball,1.2694619,0.7595922,0.60602045,1.0942385,1.2892041,0.0,0.60088944,0.81207967,1.0708361,1.3559433,0.7530956,1.3594787,0.968369,0.606084,1.3810936,1.0082436,0.77660155,0.84748197,0.9994187,0.74581933,1.2185088,0.96611005,0.8529985,0.94324416,0.7576311,0.8102216,1.0526189,1.1239187,0.65719163,1.2379705,1.2434874,0.76688313,1.4243987,0.9055183,0.73429894,1.4137828,0.71681774,0.9456114,0.8885891,1.1900368,1.0202508,1.2106698,0.49756968,1.1610451,0.8745192,1.1105835,0.65937424,1.107695,1.0239183,0.8561188,1.1130788,0.7801086,1.2242789,1.0248438,0.6097093,1.2128009,0.8384237,1.1931832,0.63323605,0.90683055,1.2711277,1.2987014,0.72040766,1.3736377,0.9587031,1.1848986,0.6818049,0.82088274,1.313118,1.2320163,1.275289,1.0573933,0.6351507,0.6071256,1.0929294,0.87986356,0.9788793,0.4787861,1.016225,0.79177475,1.3972391,1.1330265,1.0277474,1.1176485,0.71935934,0.7316938,0.58180404,0.9685449,0.9301555,1.0277677,0.8409511,0.7992222,0.80044854,0.90290415,0.58046925,1.1587093,0.8674031,1.2525127,0.6889528,1.1009724,1.3173236,1.0921547,1.0459355,1.2738323,0.88200426,1.1890129,0.6899306,1.1676412,0.9506525,1.1792076,0.89011323,1.295236,1.35162,1.2752619,0.5929811,0.6398915,0.7509042,1.28094,1.1652421,0.47909248,1.1664649,1.2473197,1.291285,0.5903042,1.250574
balloon,1.1508212,0.9038124,0.7022351,0.9135289,1.2559514,0.60088944,0.0,1.1011963,0.8888542,1.304697,0.88033223,1.1855984,1.1718845,0.738551,1.3535398,0.94358546,0.8171207,0.67972994,0.8404172,0.7775614,1.0362484,0.75829244,0.65851915,0.8713654,0.8625399,0.996568,1.1247561,1.0706997,0.8187231,0.9546195,1.1498926,0.8139835,1.2639866,0.9254636,0.82773995,1.2793119,0.756295,1.0554258,0.77172625,0.9411526,0.9723061,1.2079303,0.70917684,1.213361,1.031787,1.2255677,0.5873718,1.0275319,0.89283997,0.99867785,0.972564,1.086696,1.2503502,1.1199113,0.87859035,1.2441622,0.8356782,1.1947465,0.9116523,1.0346044,1.1120403,1.2858323,0.97690725,1.3120122,0.85686576,1.1553679,0.6671199,0.8000339,1.316504,1.1987033,1.2143718,1.0475011,0.70808244,0.80427915,0.8146308,1.026882,1.218759,0.5907736,0.8080852,0.98625773,1.3622329,1.2104623,0.8098495,1.0240477,0.8914195,0.9024974,0.75041586,1.0828674,1.0451474,0.94282067,0.90153515,0.889922,0.7900566,0.99605197,0.66358006,0.93744123,0.81255555,1.1059659,1.0195048,1.0180824,1.3498492,0.9977514,1.04943,1.265193,0.60517645,1.0331409,0.9286486,1.1672857,0.85727745,1.0349869,0.8140075,1.227092,1.2729421,1.2834392,0.69865656,0.9204232,1.0734965,1.18287,1.0615557,0.6470537,0.95994335,1.035234,1.0814857,0.89778155,1.1200379
banana,1.135121,0.74507105,0.80004466,1.0881135,1.2431811,0.81207967,1.1011963,0.0,1.0489287,1.358068,0.62259567,1.2296135,1.1275756,0.81208396,1.3686063,1.0395683,0.8502784,0.7983431,1.1130755,0.7117948,1.0515884,1.0729778,1.0761957,0.7844982,0.70989597,0.5215986,1.2242646,0.926569,0.8099917,1.3083525,1.1635671,0.6826186,1.3281381,0.7654022,0.61404955,1.3721439,0.8687165,1.1706485,1.1706502,1.0776588,1.1060705,1.2933664,0.55312896,1.1758409,0.80922717,1.0789055,0.8325945,1.0088084,0.93345654,0.9595183,1.198617,0.73474914,1.0805099,1.0173066,0.730215,1.1967816,1.049665,1.1076176,0.8072745,0.8802806,1.0820159,1.290846,0.9411661,1.322114,0.8649931,0.99403363,0.75877166,0.8873424,1.1311228,0.90984344,1.2218455,1.0219486,0.6639461,0.714458,1.0661795,0.8092939,0.97113997,0.6370785,1.0210966,0.94599885,1.324384,1.0832536,1.0281439,0.99956906,0.59021485,0.55821013,0.62961847,0.79551315,0.9982786,0.9658806,0.73755395,0.84002316,0.72265875,0.97601885,0.9093325,1.0730355,0.96560925,1.2510345,0.87056744,1.0156786,1.3043345,1.1432742,0.7787262,1.0939664,1.0060741,1.2081213,0.5713681,1.0533121,0.7996899,1.0818837,1.0159101,1.2421749,1.3173871,1.2812086,0.6947184,0.65763867,1.0496202,1.2623035,1.105094,0.8934944,1.1596694,1.2603929,1.11914,0.63763785,1.2819475
basket,1.1809292,1.0431589,1.0675058,1.0120931,1.2500818,1.0708361,0.8888542,1.0489287,0.0,1.0952419,0.8430269,1.0366417,1.0787672,1.1571307,1.166212,0.83229446,0.8056474,0.7907931,0.60091746,0.7802179,0.9516285,0.6367105,0.9378296,0.82730925,0.8608593,1.211827,1.0841603,0.656247,0.86790895,0.9667865,0.65369904,0.7962305,1.1985364,0.79214096,0.7273172,1.0577152,0.72307026,1.1927264,0.7427627,0.8747507,0.7938795,1.1866306,1.1010298,1.3018429,1.2021376,1.3285985,0.86354506,0.9745122,0.66649014,1.1915298,1.0195718,1.0552397,1.3005524,1.0306119,1.2404108,1.2192706,1.0588732,1.259654,0.99308544,1.0634633,0.9838035,1.3524351,0.8692679,1.2801204,0.56157964,0.96041554,0.78148806,1.232343,1.2718503,1.0487884,1.0538384,1.167187,1.0232528,1.0529805,0.76295114,1.1207798,1.3058188,1.0470892,0.66524076,0.99072605,1.2741562,1.2363652,0.66328007,0.84220713,0.87433124,0.799525,1.2248524,1.2303392,1.0578523,0.82805717,0.7577935,0.86295295,0.747919,1.0423236,1.1585318,0.6991093,0.58923733,1.0216904,1.2520919,0.6943265,1.3210601,0.91676486,0.83345425,1.0790825,0.65970826,0.97809315,1.0568864,1.2096491,0.6405196,0.91981566,1.0519059,1.0712078,1.2695025,1.1140587,0.68359095,1.1589748,1.2553668,0.8782189,0.97912097,0.9508999,0.8321732,1.0274801,0.6927527,1.0473832,1.075414
bed,0.64134,1.2901056,1.3407125,1.146876,0.6381495,1.3559433,1.304697,1.358068,1.0952419,0.0,1.3693516,0.6025666,1.0097458,1.3034549,0.12947607,1.0808764,1.2977012,1.279207,1.1387099,1.3479092,0.822134,1.2112169,1.274765,1.2310541,1.3320806,1.3434894,0.7039518,0.88440734,1.3007542,0.68613386,0.8372155,1.30193,0.35184377,1.2595952,1.4169002,0.32847738,1.382832,0.89953315,1.1325151,0.8839398,1.1718034,0.71104527,1.3745474,0.8682249,1.2465842,0.8265575,1.3665941,1.1390994,1.2576368,1.1976501,0.7860608,1.3144063,0.79003453,0.69522226,1.2784212,0.72444403,1.0078967,0.89179176,1.1698271,1.203732,0.70086575,0.48630702,1.1905489,0.41741395,1.2702314,0.89642656,1.4349759,1.1169418,0.6213996,0.8533888,0.6428718,1.1063634,1.3576949,1.2944937,0.9616895,1.2821345,1.0741186,1.4356587,1.2362353,1.2374177,0.39459223,0.79031885,1.1480883,1.1392958,1.3628104,1.401154,1.3614658,0.9100392,1.1120332,0.83577305,1.2674019,1.228242,1.4009087,1.201129,1.0927697,0.96596795,1.291312,0.7715084,1.1645519,1.0997736,0.49089152,1.0285877,1.1415424,0.7158039,1.3005326,0.7767062,1.3363644,0.92512834,1.3542047,1.0896398,1.2678186,0.61300063,0.5456835,0.10665989,1.3712726,1.3492966,1.1574659,0.78199387,0.6718843,1.3119706,0.94191396,0.7211927,0.797211,1.356113,0.47784442
belt,1.4572914,0.2539217,0.54080695,1.2018752,1.3010765,0.7530956,0.88033223,0.62259567,0.8430269,1.3693516,0.0,1.286051,1.1881014,0.98294854,1.4752977,1.1075859,0.75057226,0.68851537,1.0250254,0.7348989,1.1820385,0.919134,1.0257889,0.5120418,0.4287157,0.5614229,1.287988,0.77707815,0.5842962,1.2274978,1.203809,0.65640235,1.2633013,0.82078075,0.28469014,1.4649575,0.70288754,1.3377814,1.1695205,0.79949176,0.7447487,1.3749204,0.5266864,1.289599,0.8005901,1.4785106,0.67419565,1.1145234,0.67218643,1.1398995,1.4303584,0.57598156,1.1618683,0.92919064,0.8458971,1.3620749,1.2894839,1.3235133,0.5288834,0.8332249,1.3819202,1.4164685,0.9619304,1.3647742,0.59706116,0.8007133,0.41843903,1.2936124,1.3656623,1.1395843,1.3198771,1.0421678,0.7573937,0.35081995,0.91979384,0.5388628,1.017151,0.73798233,0.5634393,0.9616748,1.4360938,1.1999913,0.7299458,1.1288285,0.21428704,0.20221293,0.8405924,1.2186937,1.1515764,0.62918234,0.75156224,0.7330887,0.60828125,0.9539579,0.92383003,1.0330172,0.5524199,1.1931797,0.99928886,0.9251944,1.4082348,1.1894863,0.8701742,1.066639,0.60488003,1.2364537,0.22378528,1.0622596,0.568556,1.0924034,1.1492975,1.348629,1.3397452,1.3733288,0.46412003,0.5273638,1.1224525,1.4264839,1.1766208,0.97067255,1.278997,1.2771742,1.2446024,0.23136961,1.2390513
bench,0.8522271,1.2382686,1.2747716,1.0811784,0.8092753,1.3594787,1.1855984,1.2296135,1.0366417,0.6025666,1.286051,0.0,1.0971848,1.2205933,0.5965913,0.9887716,1.2032636,1.2245774,0.9958247,1.3018057,0.8594585,1.0246847,1.1093756,1.0558385,1.2317355,1.2396611,0.81586766,0.8450829,1.2171495,0.7184129,0.79366285,1.223005,0.5678773,1.190051,1.3503127,0.31919706,1.3186076,0.9013794,1.0786408,0.83057296,0.91000175,0.8403435,1.3470539,0.8342754,1.2095222,0.88330644,1.3402748,1.0153347,1.1819948,1.1769954,0.9485439,1.307612,0.81216216,1.0961858,1.2471795,0.81802547,1.0596982,0.90153176,1.1984684,1.1216805,0.7534485,0.72350115,1.1689304,0.6504991,1.1956637,0.74631137,1.2804396,1.0086268,0.6692859,0.7866963,0.72071505,1.0441253,1.314242,1.2901932,1.0631655,1.2333801,1.0098718,1.3405831,1.0430928,1.2359388,0.70327026,0.9334602,1.1028378,1.069614,1.30667,1.3295923,1.2772663,0.9903565,1.0423068,0.95821935,1.2115576,1.1866251,1.3082789,1.1248391,1.1651427,0.9332971,1.1215955,0.73966306,1.0876529,0.99028724,0.7925782,1.0033941,1.137965,0.69732416,1.0332177,0.84672546,1.2870066,0.89132273,1.2888465,1.0355924,1.0994499,0.6693934,0.60574293,0.74129194,1.2277503,1.2942023,1.1104052,0.7786724,0.8633198,1.1862502,0.9254684,0.76674986,0.7425196,1.3783565,0.7578834
bib,0.8377323,1.1025784,1.2790469,0.9842556,1.032943,0.968369,1.1718845,1.1275756,1.0787672,1.0097458,1.1881014,1.0971848,0.0,0.9504132,0.9200918,0.75688696,1.0806847,1.1779429,0.94789475,1.1764886,1.0508342,0.9621595,0.9707393,1.152779,1.0921818,1.1783334,0.9038516,1.0935318,1.0630485,0.99818534,0.9964433,1.205068,0.99707115,1.1524218,1.245989,0.98841584,1.0725325,0.8210951,0.85130095,1.1514744,1.036251,0.7780413,1.2591254,1.049701,1.1259024,0.6262395,1.0619864,0.9615289,1.0864096,0.37617505,0.9694464,1.104424,0.8873207,0.97732437,1.1457865,0.9808332,1.0939393,0.9910009,1.0022341,0.93106925,1.0244925,0.86406624,1.0119138,0.95192206,1.1375318,1.1688944,1.1098828,1.060919,0.9235789,1.0586075,1.0229161,1.0542426,1.2364901,1.2730451,1.013633,1.0606316,1.0819358,1.2142086,1.1195475,0.33342177,0.79349345,0.5446933,1.0746462,1.037787,1.2738607,1.2555735,1.0480303,1.0341542,0.81678855,1.0736724,1.1473471,1.1074591,1.0766542,0.92564857,1.1126524,0.9025948,1.0967816,1.0108202,0.96147186,1.0451359,0.67904806,0.8151018,0.975132,1.0691019,1.1350589,0.94386834,1.1974487,0.9668615,1.0866992,0.79838055,1.0529896,1.0388653,1.0188081,1.0448805,1.1344184,1.1931162,0.76151675,0.8840418,0.97176975,0.938218,0.8983162,1.034478,1.087888,1.1101235,1.1132176
bird,0.933176,0.9307925,0.85796463,1.004581,1.271682,0.606084,0.738551,0.81208396,1.1571307,1.3034549,0.98294854,1.2205933,0.9504132,0.0,1.3118582,0.91429585,1.0359669,0.9162363,1.0704002,0.90575397,1.1792735,1.0413961,0.7561364,1.0649325,0.79332197,0.8250726,0.99668235,1.1386169,0.9035443,1.149179,1.1637305,0.9583859,1.3434882,1.0432892,0.9235617,1.3347342,0.9113072,0.7113736,0.84685946,1.1374099,1.051523,1.2079736,0.7035696,1.1478786,0.86311334,0.8616555,0.7931056,1.0409936,1.0048776,0.6486283,1.0874739,0.92717046,1.0768038,1.061495,0.76833147,1.2043474,0.9033828,1.0863564,0.8747371,0.7717322,1.2354753,1.2370387,0.9847966,1.2990103,1.0110105,1.0907654,0.81498826,0.73899126,1.1345251,1.0827651,1.2054856,1.0309001,0.7545591,0.9171259,1.0533816,0.95349926,0.9596715,0.599756,1.0590904,0.6762049,1.3269138,1.1130745,1.0750648,1.1377859,0.99700016,0.9796685,0.20710528,0.88057977,0.7582743,1.0869697,1.0178238,0.9697962,0.9088222,0.735206,0.7639583,1.0895414,1.0668247,1.1936057,0.54607666,1.0827914,1.2663475,1.101003,0.9382774,1.1314129,0.9920883,1.154205,0.90019697,1.0800512,0.9172088,1.116415,0.85840297,1.2465779,1.2518343,1.2412989,0.88664997,0.8376688,0.97105414,1.3182983,1.068091,0.81068546,1.0601407,1.1955954,1.2429461,0.92366517,1.1991104
blanket,0.53905076,1.3573375,1.3973665,1.1125615,0.5542084,1.3810936,1.3535398,1.3686063,1.166212,0.12947607,1.4752977,0.5965913,0.9200918,1.3118582,0.0,1.0582905,1.3984904,1.3691964,1.1791861,1.4247056,0.8319277,1.2755167,1.2769377,1.3642089,1.376862,1.3338099,0.6918656,1.0667689,1.3771887,0.74775887,0.68172145,1.4060061,0.30228662,1.298131,1.4992772,0.32483995,1.4876956,0.87024164,1.1058363,1.0387992,1.1842347,0.6093439,1.4624155,0.78376746,1.1715331,0.64978653,1.4282712,1.0533849,1.3038225,1.1306465,0.7507838,1.3447696,0.5493394,0.7187048,1.1846926,0.62203693,0.97968477,0.72400993,1.1240757,1.2503915,0.6976179,0.39858615,1.2762318,0.30291474,1.3428379,0.95831347,1.553644,1.0483274,0.3782962,0.8589673,0.6598229,1.0563066,1.435451,1.3766848,1.0162233,1.280539,0.9847817,1.4974893,1.3209686,1.2511783,0.24342883,0.71539843,1.2532446,1.1538229,1.441061,1.4704565,1.3860682,0.8266673,1.0855396,0.8238584,1.3359876,1.2781125,1.4968493,1.2480481,1.0883428,0.97174966,1.3556159,0.80234545,1.1977165,1.1534605,0.4236864,0.9433813,1.1894174,0.75772893,1.3824674,0.7667684,1.3829514,0.75615793,1.4281445,1.0790999,1.2230823,0.60863584,0.47220194,0.2650466,1.4559089,1.3417811,1.0222775,0.6276374,0.60782784,1.2842094,0.94867474,0.7205115,0.8513572,1.4261503,0.6099507
book,0.87255204,1.2047782,1.0722938,0.94050497,1.2384549,1.0082436,0.94358546,1.0395683,0.83229446,1.0808764,1.1075859,0.9887716,0.75688696,0.91429585,1.0582905,0.0,0.9567984,0.91470236,0.646966,1.0969898,0.954088,0.7302653,0.9202769,0.997004,1.0206805,1.1031892,1.0356644,0.94874763,1.0002106,0.98841965,0.9284915,1.0758235,1.1690767,1.0953935,1.0440329,0.9520156,0.90252924,0.8596164,0.7155806,1.0584686,0.853553,1.0289222,1.2610003,1.1724811,1.1767297,1.0354875,0.97588575,0.95182437,0.89222854,0.7646049,0.83921504,1.2442594,1.216779,1.2134742,1.0521626,1.073227,1.0276921,1.0013363,1.0307394,0.8850916,0.9292565,1.1799487,1.0187075,1.2356458,0.91430694,1.086059,1.0905514,0.96549255,1.1801358,1.0343317,0.9233471,1.1509792,1.2542211,1.2475681,0.825413,1.2256656,1.1542166,1.1390089,0.81481487,0.79875314,1.1278558,0.9226756,0.69575584,0.982937,1.1084315,1.092471,1.0354834,1.0384226,0.71518385,1.0534085,1.0827638,1.0161049,0.8353294,0.8104279,1.1450096,0.8581987,0.90180546,1.0293298,1.0571474,0.9349498,1.1371218,0.9364609,1.0091242,1.195085,0.8667564,0.91957515,1.2553736,1.1969639,0.9173856,0.9665155,0.84924996,0.9556501,1.1965321,1.0343382,0.9075682,1.2727066,1.0135407,0.8765656,1.0160006,0.7228146,0.4635346,1.0964373,0.88598657,1.1730809,1.0666405
bottle,1.2767564,0.8655536,0.7476624,0.86525583,1.2387131,0.77660155,0.8171207,0.8502784,0.8056474,1.2977012,0.75057226,1.2032636,1.0806847,1.0359669,1.3984904,0.9567984,0.0,0.76126367,0.71274185,0.77768886,1.0721974,0.32759905,0.98970443,0.37424856,0.760641,0.85686135,1.1935884,0.96957475,0.7492901,1.0600541,1.1631961,0.7799469,1.3359001,0.83655,0.775079,1.2951914,0.29420686,1.1617388,0.9266549,0.9639201,1.0476626,1.2471948,0.7167576,1.2610068,1.0766851,1.2997391,0.7307019,0.9376881,0.9774361,1.0607183,0.94445133,0.9697,1.227783,1.116785,0.9526276,1.2469916,0.91973376,1.2872031,0.93110114,1.0431957,1.1620922,1.3264818,0.3152746,1.3452134,0.93945754,0.8609411,0.66365755,1.0326864,1.281646,1.0870911,1.1535933,1.1353921,0.68410015,0.75676,1.045606,1.0104126,1.2105343,0.79587793,0.80990434,0.94646376,1.3753538,1.1422298,0.8560249,0.9480161,0.7633592,0.7940748,0.9675559,1.055865,1.0288656,1.0104481,0.8080542,0.6801781,0.8512,1.0237657,0.97938776,0.96745855,0.794647,1.0609457,1.0122784,1.0873257,1.3554978,1.0245653,1.0974121,1.134999,0.8484499,1.0803195,0.7910147,1.1154872,0.9088461,1.0651951,0.9318766,1.1695921,1.3000333,1.2327219,0.5441853,0.9387319,1.0792917,1.2095788,1.171345,0.7342762,1.102727,1.1419978,0.97470903,0.74558884,1.2543467
bowl,1.2839465,0.8388074,0.81648195,0.7611986,1.3841996,0.84748197,0.67972994,0.7983431,0.7907931,1.279207,0.68851537,1.2245774,1.1779429,0.9162363,1.3691964,0.91470236,0.76126367,0.0,0.92267585,0.66492033,1.0075109,0.69781667,0.9073107,0.78468364,0.7372576,0.9619565,1.1670139,0.8527487,0.85228986,1.0744041,1.1277444,0.7457231,1.3272452,0.8058961,0.6966928,1.2985704,0.4835466,1.2033374,0.84083396,1.0474851,0.9021787,1.3477014,0.78356755,1.3161242,1.0719573,1.1875122,0.66215193,1.0408854,0.79868275,1.0808667,0.7821921,0.9303729,1.2597823,1.0575509,0.9476131,1.356067,0.960059,1.2298758,0.8916418,1.0914433,1.0509275,1.4268061,0.82977456,1.382231,0.71696675,1.0006764,0.65983546,0.9474733,1.2671185,0.95596087,1.2776291,1.1589038,0.6937508,0.8696438,0.6972061,0.9874876,1.1848159,0.6859572,0.7476846,1.0265166,1.4244611,1.237214,0.7553735,0.89002556,0.7706913,0.76775897,0.9333702,1.0549369,1.0903352,0.88548416,0.7438775,0.73362696,0.33631217,1.0802057,0.86383474,0.79599345,0.7757479,1.166543,1.07471,0.9345213,1.4107008,1.0372956,0.7033124,1.1563771,0.46359754,1.1279799,0.7816751,1.213973,0.61172193,1.0143086,0.9223812,1.3022418,1.391836,1.1746979,0.53751594,0.95536435,1.2474291,1.2521647,1.008609,0.7785336,0.6736927,1.2372255,1.0225194,0.81131124,1.2639753
box,1.1138489,1.0924429,1.0058911,0.94751894,1.1845977,0.9994187,0.8404172,1.1130755,0.60091746,1.1387099,1.0250254,0.9958247,0.94789475,1.0704002,1.1791861,0.646966,0.71274185,0.92267585,0.0,0.88359135,1.0612547,0.4255563,0.85979223,0.79768455,0.982946,1.2291232,1.0785478,0.84650916,0.92037624,0.9107593,0.94559556,0.92238057,1.1387829,0.9254478,1.0186068,0.9826211,0.711095,1.0704205,0.6666923,0.8724305,0.8355354,1.0802604,1.076025,1.1338887,1.2017212,1.2441908,0.8815882,0.9798769,0.93233,1.0104371,0.9710052,1.1137244,1.2451854,1.2032107,1.2218615,1.1334281,0.9168159,1.1927278,1.0958682,1.0548314,1.0041223,1.1867862,0.78953105,1.234279,0.9260761,1.0295973,0.86074054,1.0989199,1.2538866,1.0562546,0.98234284,1.1777421,1.011094,1.085325,0.8959256,1.2105665,1.220168,1.0050063,0.70936674,0.92603827,1.1991669,1.0607882,0.71660537,0.90401924,1.0825522,1.0769306,1.1371721,1.2531192,0.94251615,1.0286558,0.89395416,0.8728125,0.86445516,0.99484426,1.1048021,0.73845136,0.75389737,0.87419987,1.1304835,0.9323894,1.2013249,0.9497991,1.1022129,1.1028277,0.77226174,0.93465596,1.1552104,1.1709024,0.9449476,0.9634891,0.93841743,0.9972117,1.1994929,1.1493927,0.7623882,1.1864345,1.1492376,0.9082519,1.0565189,0.8334397,0.85269576,0.9930371,0.86975145,1.105826,1.0913365
bread,1.3079162,0.9000236,0.7490082,1.0078272,1.2428567,0.74581933,0.7775614,0.7117948,0.7802179,1.3479092,0.7348989,1.3018057,1.1764886,0.90575397,1.4247056,1.0969898,0.77768886,0.66492033,0.88359135,0.0,1.284362,0.9579949,0.9249272,0.9591534,0.8091419,0.9303529,1.188003,0.93221796,0.7069907,1.2380381,1.2614144,0.1584714,1.4550296,0.09853202,0.6761874,1.4160051,0.61121976,1.1419592,0.8755609,1.0466608,1.0169736,1.3162599,0.50130755,1.2837305,1.0249504,1.2539786,0.68681055,1.1092023,0.8892074,1.1308259,1.1841741,0.9256639,1.414657,1.1333059,0.9947819,1.3064343,0.6270566,1.2452376,1.0013952,0.9991149,1.2745169,1.3979553,0.64579344,1.4031188,0.76412797,1.219342,0.6649068,0.9794551,1.4339033,1.1606648,1.2839798,1.1386987,0.41806543,0.79036415,0.7566208,1.0042771,1.2026597,0.37990206,0.8260529,0.8579467,1.4507877,1.3484132,0.7913272,0.4266181,0.73172975,0.7145488,0.85210514,1.1702629,1.0443625,0.97143704,0.069015265,0.7862252,0.41369176,0.97223824,0.79651344,1.0665294,0.83487654,1.2090576,1.0199244,0.9806992,1.4246315,1.1102113,0.7983086,1.2082258,0.8345705,1.2033412,0.88175756,1.2602525,0.7624997,1.0806823,0.92608213,1.3030725,1.398936,1.210669,0.52729595,0.8556721,1.1716696,1.3607088,0.9694107,0.8644424,0.9973764,1.2442198,1.3415439,0.80507016,1.2478423
broom,0.9087689,1.1327194,1.1732322,0.99916255,1.0025721,1.2185088,1.0362484,1.0515884,0.9516285,0.822134,1.1820385,0.8594585,1.0508342,1.1792735,0.8319277,0.954088,1.0721974,1.0075109,1.0612547,1.284362,0.0,0.97856367,1.0701206,1.042167,1.1580203,1.0642712,1.0372653,0.7954615,1.2222509,0.83270174,0.9413168,1.2558093,0.93795836,1.2362524,1.0992919,0.73070544,1.1198661,1.1383212,1.0047413,0.90449834,1.0760306,0.8978126,1.2266414,0.99644196,1.1390811,1.02682,1.0700281,1.0548553,1.0036353,1.0853697,0.79046965,1.1593857,1.0529186,1.0472006,1.0926704,0.93186337,1.040412,1.0045058,1.200933,1.1611063,0.28714436,0.9991653,1.0559696,0.94098896,1.0158846,0.93018365,1.088589,0.9961984,0.98506355,0.75986433,0.87352127,0.9707811,1.1754963,1.2022612,0.94181037,1.0826949,1.0435427,1.2588797,1.1133852,1.1574321,0.9238378,0.9152796,1.0807126,1.1124641,1.1333153,1.1367717,1.1849858,0.8819147,1.0631357,1.1991518,1.2531735,1.0842086,1.1161164,1.1675066,1.1570508,0.9763606,1.1562849,0.7893964,1.1696725,0.895963,0.92899364,0.9811402,1.0494492,0.9117814,1.0278322,0.9039155,1.1826141,1.0748936,1.0062035,0.898998,1.0475838,0.831565,0.9953789,0.81495774,1.1405447,1.189127,1.0532815,0.7809782,0.9609233,0.92327935,0.71359545,0.9637783,0.25422508,1.2232585,0.8349811
bucket,1.1827589,0.95814306,1.0053829,0.80148315,1.2537566,0.96611005,0.75829244,1.0729778,0.6367105,1.2112169,0.919134,1.0246847,0.9621595,1.0413961,1.2755167,0.7302653,0.32759905,0.69781667,0.4255563,0.9579949,0.97856367,0.0,0.85560215,0.43983316,0.83141315,1.1432601,1.1524966,0.7932141,0.87151825,0.87694854,1.0157458,0.9989824,1.2354795,1.0159695,0.96321917,1.0875273,0.42853087,1.1270038,0.7481892,0.82387066,0.8569457,1.2248685,1.0597881,1.3317925,1.2023021,1.2651603,0.86666435,0.8933492,0.87115395,1.0031544,0.9335704,1.1353655,1.1506404,1.179068,1.2019061,1.2878551,0.9860729,1.2777767,0.9907121,1.0500199,1.0405625,1.3151208,0.6241951,1.275382,0.8831969,0.815275,0.7482838,1.0427699,1.178438,0.93865085,1.1116735,1.2080746,0.92132986,1.1017003,0.8640244,1.1819496,1.3229418,0.9916062,0.6189098,0.9437916,1.2878264,1.0918576,0.7025493,0.9887506,1.054472,1.0361794,1.1264683,1.0961066,1.0261954,0.9324404,0.9800157,0.81966746,0.8421031,1.007804,1.0566741,0.6274616,0.6837249,0.87362486,1.1423669,0.9659423,1.3420943,0.8966322,1.0675777,1.0990372,0.6077055,0.9504311,0.9851843,1.0526251,0.8595856,0.9223016,0.91630006,1.1312935,1.2688105,1.2344337,0.58118653,1.1671398,1.2397714,1.0858481,1.0640589,0.8070442,0.84804237,1.0769023,0.78562737,1.0703582,1.1811098
butterfly,1.0269533,1.0396798,0.92025536,0.7401889,1.2063625,0.8529985,0.65851915,1.0761957,0.9378296,1.274765,1.0257889,1.1093756,0.9707393,0.7561364,1.2769377,0.9202769,0.98970443,0.9073107,0.85979223,0.9249272,1.0701206,0.85560215,0.0,1.1355194,0.9629299,1.1565431,1.0843396,0.94145226,0.93135816,0.97194463,1.063352,0.9742279,1.3060312,0.95600605,0.97583205,1.199856,0.83705795,0.97081834,0.8316311,1.007058,0.827115,1.1535897,1.021185,1.1556888,1.1346867,1.0972126,0.526297,0.9229342,0.8039211,0.7612764,0.9583007,0.95778114,1.2459441,1.1149092,1.0754428,1.1806464,0.85809416,1.172248,1.1555812,0.8663912,1.0380077,1.2580111,0.8893722,1.2605183,0.86071384,1.1378723,0.6566942,0.8737072,1.2947004,1.2068657,1.1090517,0.9573615,0.9380769,1.1183372,0.9579247,1.0926892,1.1926739,0.87673855,0.89605516,0.8250568,1.2636477,1.1192666,0.9188905,0.9162416,1.0999877,1.0790234,0.8445147,1.154485,1.0366969,1.2166326,0.94165504,0.8230916,0.84739286,0.85386145,1.0146146,0.9491621,0.83774984,1.1337092,0.9753037,0.8644539,1.228091,0.86235404,0.9805434,1.1041976,0.7975853,1.048813,1.1166964,1.1609118,0.79891676,0.9938418,0.79118437,1.1323359,1.240391,1.259665,0.92226124,1.119146,1.0944841,1.1474128,1.128797,0.8024756,0.9001559,0.95822066,1.0826353,1.1002442,1.0500953
can,1.3326782,0.57427037,0.8599347,0.98219895,1.243924,0.94324416,0.8713654,0.7844982,0.82730925,1.2310541,0.5120418,1.0558385,1.152779,1.0649325,1.3642089,0.997004,0.37424856,0.78468364,0.79768455,0.9591534,1.042167,0.43983316,1.1355194,0.0,0.7050122,0.6786271,1.2440857,0.819075,0.6430783,0.98524445,1.1052494,0.8562857,1.1211294,0.9710177,0.7155989,1.1888897,0.59096444,1.2565498,1.1892854,0.59458303,0.8411169,1.2652693,0.7952827,1.2648283,0.93762904,1.3832532,0.96731526,0.94200397,0.9503234,1.155794,1.1500949,0.88842326,1.04975,1.0505855,0.96331024,1.2753137,1.2555985,1.2672019,0.71845645,0.9882026,1.2397381,1.2793589,0.7546253,1.2911792,0.885412,0.5738752,0.66707945,1.1156301,1.1494677,0.85053957,1.1751939,1.1290702,0.79427457,0.71485233,1.0200497,0.8245032,1.091326,0.92814606,0.57066643,1.0660162,1.3381159,1.0737344,0.7881719,1.0938472,0.677605,0.6611749,0.940064,1.0549634,1.1430264,0.729944,0.9644507,0.93144715,0.92426795,1.0453588,0.9764276,0.82363915,0.6478058,0.8482254,1.0604876,1.0420381,1.3391925,1.0928502,0.996284,1.0061959,0.7429451,1.0858047,0.5158552,0.9623384,0.8906037,1.074451,1.0669967,1.1955181,1.209886,1.2512102,0.6066771,0.7915888,1.1476145,1.2322074,1.1649215,1.0106653,1.1339812,1.1889226,0.89233744,0.68648404,1.1918933
car,1.2753994,0.6726929,0.77525663,1.1305597,1.4038423,0.7576311,0.8625399,0.70989597,0.8608593,1.3320806,0.4287157,1.2317355,1.0921818,0.79332197,1.376862,1.0206805,0.760641,0.7372576,0.982946,0.8091419,1.1580203,0.83141315,0.9629299,0.7050122,0.0,0.6955562,1.2421784,0.7003581,0.74513227,1.1611992,1.1724544,0.79618275,1.2828823,0.9492813,0.52094567,1.3317058,0.6221565,1.1482725,0.91342014,0.84974086,0.86294097,1.3376105,0.67482257,1.2924678,0.98340565,1.3311932,0.616356,0.9580089,0.7091495,0.9668791,1.2440194,0.7567493,1.1332347,1.0158097,0.93019116,1.313143,1.203278,1.3440179,0.6690602,0.85037136,1.2780399,1.364775,0.913368,1.2821862,0.7164726,0.72222817,0.4425283,1.189603,1.295877,0.9961719,1.2198092,1.122144,0.77446747,0.6612445,0.9350636,0.809192,1.1332504,0.75100076,0.7876539,0.8112024,1.3817993,1.1381564,0.7866607,1.1611326,0.50444734,0.49290848,0.737749,1.1707827,1.0949447,0.70816827,0.8675324,0.72189176,0.64995384,0.88131803,0.9530989,1.0310197,0.74592173,1.1707386,0.9205979,1.0157623,1.3790189,1.111352,0.94264036,1.0664816,0.6160039,1.0371212,0.57507217,1.1325104,0.59579927,1.094965,1.1199591,1.2523763,1.2838496,1.3615121,0.6190081,0.79060745,1.199849,1.4148798,1.1151427,0.82071024,1.1598802,1.1542219,1.1704789,0.5230647,1.1324253
carrot,1.2218986,0.5993505,0.561888,1.1041851,1.1162939,0.8102216,0.996568,0.5215986,1.211827,1.3434894,0.5614229,1.2396611,1.1783334,0.8250726,1.3338099,1.1031892,0.85686135,0.9619565,1.2291232,0.9303529,1.0642712,1.1432601,1.1565431,0.6786271,0.6955562,0.0,1.2498634,1.0715997,0.77688986,1.2811371,1.1534445,0.90154696,1.2361003,1.0201914,0.5152981,1.4245334,1.0100536,1.1609403,1.3542994,1.0397497,1.0894154,1.2466335,0.54651356,1.0498425,0.555935,1.1719964,0.8921191,1.0582563,0.8656975,0.9928255,1.3516366,0.67818236,0.9614352,0.91811156,0.5110607,1.1431556,1.2437049,1.0123575,0.73336,0.78468835,1.2180208,1.2016456,1.0854406,1.2119502,0.94987047,0.8730358,0.80214846,0.9788335,1.040274,1.0364476,1.2572513,0.8909153,0.69258803,0.44247627,1.1075635,0.49942744,0.71262497,0.63829976,1.0577244,1.0637954,1.2762628,0.99892527,1.0758288,1.16503,0.40115654,0.40853518,0.5935628,0.8969204,0.9878525,0.9224949,1.0419216,1.0571,0.9526651,0.9099839,0.7753346,1.1779809,1.0581789,1.2443604,0.81453633,1.1704037,1.2419142,1.2766268,0.9613822,1.1021309,1.0915382,1.24423,0.3781457,0.93443173,0.83112574,1.0419136,0.95957583,1.2655008,1.1757253,1.3025904,0.8189501,0.44559473,0.94162714,1.2849997,1.128324,0.92601246,1.269394,1.2350523,1.2047356,0.4469182,1.213986
cat,0.72244406,1.2646145,1.199463,1.0718116,0.9249029,1.0526189,1.1247561,1.2242646,1.0841603,0.7039518,1.287988,0.81586766,0.9038516,0.99668235,0.6918656,1.0356644,1.1935884,1.1670139,1.0785478,1.188003,1.0372653,1.1524966,1.0843396,1.2440857,1.2421784,1.2498634,0.0,1.1150923,1.23835,0.7656442,0.76573783,1.2057712,0.7405298,1.1533594,1.3097695,0.7572212,1.209667,0.2905177,0.90583766,1.0468729,1.1079593,0.94632465,1.2521479,0.90647274,1.2299508,0.7150375,1.2047967,0.9914014,1.1066692,0.8737558,0.92615056,1.1698079,0.856316,0.90528935,1.2144631,0.75866175,1.061964,0.944935,1.0892888,0.95726144,0.97623587,0.8891308,1.070035,0.85007125,1.1860371,1.0093755,1.2819772,1.0093524,0.8197294,1.0067445,0.8772284,1.1154146,1.1672772,1.2223814,1.0827233,1.2559484,1.0366151,1.228104,1.1339006,0.9288771,0.87176204,1.0487311,1.1969527,1.0494872,1.2834647,1.3018167,1.1356715,0.9484398,0.8464191,0.99192804,1.1689153,1.0638791,1.191168,0.828952,1.1093311,1.0398985,1.1321695,0.91385555,0.5941153,1.0247414,0.85577214,0.92927897,1.0054513,0.88636774,1.1332835,0.8023497,1.2784681,0.98149216,1.1594446,1.0333669,1.0133926,0.88761044,0.88425803,0.77781844,1.3506123,1.2993062,0.94662,0.89598644,0.8166601,1.1007149,0.96555436,0.8321984,0.9857743,1.2172565,0.8653482
chair,1.1809925,0.8734665,1.1110554,1.0176669,1.2299502,1.1239187,1.0706997,0.926569,0.656247,0.88440734,0.77707815,0.8450829,1.0935318,1.1386169,1.0667689,0.94874763,0.96957475,0.8527487,0.84650916,0.93221796,0.7954615,0.7932141,0.94145226,0.819075,0.7003581,1.0715997,1.1150923,0.0,1.0102363,0.82342696,1.0564249,0.95598865,0.9810772,0.9794529,0.84005326,0.750018,0.8547343,1.2327958,0.8603529,0.6466268,0.87486327,1.2257886,1.0074048,1.2935022,1.1735092,1.3541023,0.85944784,1.0898203,0.6956801,1.1679288,1.1542805,0.9876623,1.2114666,1.031046,1.3448371,1.226937,1.1532116,1.2542903,0.9719846,0.9692042,0.8530049,1.2665776,0.973219,1.1437284,0.7562638,0.66509175,0.73502815,1.2925824,1.2183236,0.87530106,0.9882735,1.197124,0.9843651,1.0407195,0.81863654,1.0709945,1.2065678,1.073898,0.74877703,1.0098346,1.1903859,1.1351516,0.7956637,1.034354,0.9137267,0.86881506,1.2174425,1.146716,1.2026483,0.7879294,0.9184141,0.84575987,0.77929735,1.0291698,1.0930392,0.7820255,0.8414727,0.94031066,1.1580162,0.83685905,1.2469542,1.0703517,0.92515725,0.94402564,0.7671466,0.81283224,0.9135926,1.16914,0.6796484,0.8778075,1.2245147,0.9806998,1.1781615,0.998138,0.81909126,1.0958158,1.3387463,1.1721765,0.93335485,0.966957,0.82490927,1.055523,0.7042068,1.0004109,0.7195599
clock,1.3562081,0.6806366,0.6755274,1.1015196,1.2227924,0.65719163,0.8187231,0.8099917,0.86790895,1.3007542,0.5842962,1.2171495,1.0630485,0.9035443,1.3771887,1.0002106,0.7492901,0.85228986,0.92037624,0.7069907,1.2222509,0.87151825,0.93135816,0.6430783,0.74513227,0.77688986,1.23835,1.0102363,0.0,1.2280394,1.1041067,0.670397,1.3475661,0.76224226,0.6350955,1.2872124,0.73337966,1.1733094,1.0606291,0.9368199,0.8287993,1.1831304,0.6871213,1.2152207,0.96757096,1.3122991,0.7680013,1.0462586,1.0138863,1.0145369,1.2223041,0.8099674,1.2543967,1.0479139,0.83385915,1.2703207,1.0255754,1.2587931,0.7964878,0.91628766,1.3623255,1.2666863,0.8085581,1.3145368,0.8145907,1.0335317,0.522956,1.0367694,1.3488284,1.1610652,1.2000494,1.1138508,0.7818789,0.6013468,0.96641564,0.8525865,1.064144,0.72348744,0.73895335,0.83867574,1.3510511,1.1776812,0.629143,0.9412484,0.6000639,0.6095384,0.827986,1.1700121,1.0048307,0.98345447,0.7158902,0.8368734,0.69225514,0.96690565,0.9205561,0.992373,0.45117307,1.1573755,0.9663958,0.92384905,1.3261561,1.08852,0.9376962,1.1698177,0.7491317,1.1983176,0.6626648,1.1817485,0.90880555,1.1550431,1.0166537,1.2258477,1.2918527,1.2468646,0.5543608,0.7880298,1.0336733,1.2317915,1.1367937,0.84950143,1.1529113,1.1941962,1.1944733,0.5812342,1.2035977
closet,0.869164,1.2513194,1.1361656,1.0221083,1.06486,1.2379705,0.9546195,1.3083525,0.9667865,0.68613386,1.2274978,0.7184129,0.99818534,1.149179,0.74775887,0.98841965,1.0600541,1.0744041,0.9107593,1.2380381,0.83270174,0.87694854,0.97194463,0.98524445,1.1611992,1.2811371,0.7656442,0.82342696,1.2280394,0.0,0.8224323,1.192054,0.7036726,1.1796176,1.2787311,0.6408912,1.1545054,0.88323784,0.88624614,0.58911276,0.99000496,0.99776816,1.2978189,1.0035268,1.351222,1.0065935,1.0725434,0.9090583,1.0696666,1.035134,0.9114085,1.2655623,0.98897684,1.0708162,1.3145889,0.9667932,1.103366,1.1027201,1.1999893,1.1463802,0.76427335,0.8899241,1.0698893,0.8312333,1.14135,0.7978288,1.165756,1.0648072,0.92130893,0.90147924,0.8445519,1.1418012,1.2343471,1.2059164,0.9731373,1.2455641,1.1300817,1.2815784,0.9446379,1.0912385,0.8858502,0.9570345,1.0122129,1.024725,1.2695167,1.3270693,1.2403419,1.0626494,1.0544386,0.864696,1.194407,1.0020704,1.1729745,1.104618,1.1791832,0.79969156,1.0474956,0.59363127,1.014205,1.0317118,0.9060333,0.8279501,1.1694651,0.83870614,0.9692169,0.788857,1.2982602,1.0485119,1.156059,0.91854703,1.0579104,0.8494064,0.79035074,0.8238369,1.270498,1.3888274,1.1997585,0.8554594,0.88630897,1.0934119,0.89741445,0.7321926,0.6728835,1.271734,0.7967917
comb,0.8525693,1.271342,1.2469759,1.0526993,0.91248345,1.2434874,1.1498926,1.1635671,0.65369904,0.8372155,1.203809,0.79366285,0.9964433,1.1637305,0.68172145,0.9284915,1.1631961,1.1277444,0.94559556,1.2614144,0.9413168,1.0157458,1.063352,1.1052494,1.1724544,1.1534445,0.76573783,1.0564249,1.1041067,0.8224323,0.0,1.2463931,0.81313086,1.1527388,1.156621,0.7722328,1.2195976,0.9582586,0.9582749,1.0612624,0.98532796,0.9275731,1.3441378,0.99298,1.1357044,0.86222327,1.1750854,0.8748715,0.9406381,1.0464039,0.9404232,1.1976717,0.7984787,0.9083689,1.0982634,0.9069238,1.067362,0.9451291,0.98570955,1.106601,0.91562176,0.9061696,1.2254525,0.85585123,1.0206823,0.99277705,1.1947203,0.9617766,0.67748487,0.9807856,0.8619354,1.0215421,1.2784874,1.2088284,0.9610022,1.1976497,0.9959409,1.3203938,1.0354228,1.0836018,0.8290993,1.0448136,1.0243013,0.9977869,1.1561584,1.1397617,1.238351,0.9154141,0.9647383,0.84561884,1.199649,1.1214919,1.1640711,1.0938572,1.169149,0.8741594,0.93309194,0.9361135,1.0924451,0.9425474,0.934607,0.87686485,1.0427536,0.94032466,1.0253475,0.8952715,1.247975,0.9020517,1.0501928,0.9312041,1.0762324,0.86697185,0.86256593,0.8795522,1.1585753,1.2776955,1.0043968,0.6407856,0.810302,1.0884045,0.8879536,0.8471954,0.71687454,1.2298895,0.994729
