,alligator,ankle,apple,applesauce,arm,ball,balloon,banana,basket,bathtub,bear,bed,belt,bench,bib,bird,blanket,boat,book,bottle,bowl,box,bread,broom,bucket,butterfly,can,car,carrot,cat,chair,chips,clock,closet,cloud,coat,coffee,comb,cookie,corn,couch,cracker,crayon,crib,cup,deer,dish,dog,doll,door,drawer,dress,duck,ear,egg,elephant,eye,face,finger,firetruck,fish,flower,foot,fork,frog,game,giraffe,glass,glasses,glove,grass,gum,hair,hamburger,hand,hat,helicopter,horse,hose,jacket,jar,jeans,knife,ladder,lamp,leg,meat,melon,milk,mitten,mop,motorcycle,mouth,muffin,nail,napkin,necklace,nose,orange,oven,owl,pajamas,pants,paper,pasta,pastry,pen,pencil,penguin,pickle,pig,pillow,pizza,plant,plate,pony,potato,pumpkin,purse,radio,raisin,refrigerator,rock,rooster,sandwich,sauce,scarf,scissors,shirt,shoe,shorts,shovel,shower,sink,slide,slipper,snow,soap,sock,soup,spoon,sprinkler,stick,strawberry,stroller,sweater,swing,table,tape,toast,toe,tooth,toothbrush,towel,toy,tray,tree,tricycle,truck,vacuum,watch,window,zebra
alligator,0.0,1.1229880791502198,1.1590082674242526,1.1019324280314242,0.9576269705042536,1.1032797331452877,1.0752326391358489,1.0815688919638737,1.0910224611740582,0.9696510835801732,0.827431188089278,0.9634513938578835,1.0891810819048975,1.0431332303882717,0.9331919673903862,0.8220486123633823,0.9844237214378282,0.9569516672144462,0.8005662943160337,1.0836885807940089,1.1990983241790463,0.9827213848262701,1.1749950492372438,1.0266678868044967,1.1288958037705195,0.8672316156995334,1.1021989077058483,0.9166299197331328,1.097672759364748,0.8890116923210841,1.0656906530617267,1.0628434129426159,1.0395640313280528,0.9669073863078256,0.9778921410256006,0.9521127878014466,1.1696927456026436,0.9204649326274813,1.0905896221710276,1.0048367644787959,1.0234335338238656,1.072531871125466,1.027375296905595,0.8975340732311683,1.1696957231330802,0.8803014572724456,1.07244503392926,0.8095745610257131,0.9144475254343749,0.995455866875226,1.0524537977965656,0.9455904006707964,0.8585960297207552,1.0517514509966248,1.2521376244595759,0.7832574475732486,1.08396937506576,0.9667196897895702,1.1094472213658082,0.8460044814776752,0.7461306034487656,0.8856757823274319,1.068621205740912,1.1357545715810824,0.3170152201825255,0.9590525452759648,0.6625206624980884,1.0462460367751087,1.0831705420548583,0.9656308404126562,0.9451002383794851,0.9572314032239584,0.9396308537537751,1.0524714615196729,0.9686974436258091,1.0613245748695406,0.9146567803050702,0.7596995420713436,0.9949835487172626,0.9699064546919285,1.1163958199269441,0.9780853948770732,1.1622797812825285,1.043440812628391,1.0598279774931352,1.0297937727125275,1.0015353900622266,1.067345933492286,1.1179298284369596,0.9520802521274276,1.0281857974472008,0.8839086663024022,1.0487779061892017,1.1047594481579341,1.2091981341587899,1.1593980798641408,1.088580464692952,1.1083516604537822,1.1887097190392113,1.0725578746624966,0.8008421142669664,0.9116289131078702,0.9762975373247055,0.9971868988482862,1.03417330309807,1.0412902545849079,1.07552164161785,1.0878029126889022,0.9430460573536262,1.0651222963683553,0.7517077659876604,1.0320064643280984,0.9977480861382075,0.9767917121045558,1.1697077956914603,0.7689776878191521,1.228746010129836,1.1566222417620213,1.0698269325223695,1.0314505119863815,1.119298619883229,1.0250884113930148,1.0210621175220616,0.8560560687988132,1.0055587652884102,1.0979558883078453,1.0397072766549498,1.0711516816069846,0.9683844541398661,1.0459443296106028,1.007165045987937,1.1114960207408842,0.9763002091437476,1.042618779676921,0.8761229962851074,1.111926509212867,0.9792298965618532,1.1658634758274526,1.035646898208868,1.0630304981856837,1.1803880105699245,0.9110401377405388,1.0263248556067526,1.01353418852275,0.968079695781935,0.9799705957375902,0.9795754445508928,1.0146459266168395,1.1402411659728022,1.0460654930824957,1.1190501122566117,1.0749227601366238,0.9846169858346864,1.093583538484778,0.7609896771169775,1.0556466862514,0.9996008222212894,0.9412912206386019,0.9511873573214427,0.9845849714067973,1.0884784746319858,0.9876996957879316,0.7363750091556451
ankle,1.1229880791502198,0.0,1.005060071240423,0.9848099506678916,0.8964446186893307,0.9012738528738237,0.9681901811747166,1.0286672555733556,1.1038677495101528,1.1736919121142566,1.0186959519715904,1.0815063162474001,0.7824216154612547,1.1321294739248386,0.9487090220148207,1.11648676278685,1.001047446650932,1.1287177114109637,1.053995817596451,1.0154679050990176,1.0862765614619307,1.1058255491336668,1.0303763777346429,1.069669583330132,1.0255898342886909,0.9806727417049887,1.0714498443010438,1.109977012254644,0.9894085144539437,0.9614106192081591,1.1553023043579262,1.1002541480761518,1.0159803869175486,1.1690152742216602,1.0343306097792322,1.132217151900087,1.0169171246870348,1.0083889065181049,1.0281126464474624,1.0598304413609758,1.1182697579173186,1.0382939154973345,0.9203922057016253,1.1080896763257904,0.9883061990097394,1.1028656033661521,1.0992066564315772,1.1019265614097125,0.8813537511845896,1.141539728559174,1.0426263776794715,1.0369537706034804,1.088825591820372,0.9079512953626843,0.9338969458966567,1.1019713617525082,0.9149458171345655,0.9874211509926678,0.5788186769764125,1.1136267554189616,1.020746321227296,1.101907943273481,0.1204287868170072,1.0608266728834794,1.060081880601767,1.0112119973085814,1.1163603840735776,1.0900963341298513,0.9797464121450343,0.60385109893847,1.0344798661254933,0.866015865530145,1.0187616201705423,1.0737408196715323,0.6305374230464584,0.9524068226851922,1.0748718925651108,1.0903130026870511,1.0410191893050407,1.148869968313695,1.0504654886837672,0.934855459757663,0.9901274548782812,1.1524105299590524,1.1224714719878521,0.4775350944620389,1.096045869274676,1.0250445421776402,1.0538028132231483,0.6379096074455548,1.0979211072382564,1.1190420443956304,0.9559030888213194,1.0440975954424072,0.7556708905803048,1.0036613549760307,0.9616785271416265,0.9075680964580392,0.9921120327119666,1.1217134218894316,1.0759276483168834,0.8639350531888826,1.0262975114409074,1.004988693603743,1.0833380096054304,1.1115528160764392,0.9634916293791717,0.9601128899392157,1.0266231830922143,1.0007656443089952,1.0279563515852683,0.9884738266443778,1.1023625252437677,1.1016058627666037,1.1332455786931523,1.0673652604930357,0.9376783295720549,1.0243984917428388,1.1129939312593016,1.1192742871518662,0.9121470790987132,1.1893097732466902,0.9309454227746445,0.9901115877676587,1.0888401143596724,1.1034343366105566,1.0495555999493602,1.0242920932418287,1.067251505500116,0.46585324154478647,0.9221514111913554,0.9172831179128482,1.1543690597713168,1.1831263280147586,1.0914160054908342,0.3329423422729928,1.0433423303672549,1.0117194105961944,0.28177805024650016,1.0956599960701394,1.025364137233446,1.0868327207064503,0.8710256717337914,1.033648199932866,1.0961473657050074,1.1259469818970154,1.0449654560311283,1.2177534633112717,1.0311611343994795,1.0719655271818693,0.15981179140361523,0.9913027182280342,0.9841497537698597,1.0083617059912728,1.0383344231183893,1.2114061116004697,1.1432913267843332,1.0727289852181798,1.0711355423824465,1.1229410370879398,0.7627465565676811,1.201915420467251,1.0653028896273227
apple,1.1590082674242526,1.005060071240423,0.0,0.8057095001232628,1.2440556158790326,0.4781492295875933,0.5745420081649082,0.5952131192432916,0.9889358410675911,1.1996799527759696,1.064488562975632,1.2504676924213467,1.1030034412206244,1.1556959763870847,1.2525298459866736,0.9571550119348959,1.2523661899454954,1.163565091593377,1.169504695764247,0.9468788147804472,0.9657280869234048,1.1516909455439037,0.6803114544129083,1.094435154214673,1.017646795231637,0.9815232719524651,1.068745958993092,1.1086638001877485,0.6027057736307023,1.0933749729139548,1.1579119365265544,0.9070927880052555,0.9361603926888173,1.2148843860277463,1.058673551442901,1.2349969091887607,0.9593992774448122,1.1407715686505933,0.763107230749501,0.8137117609585622,1.2123404314168043,1.016152632552767,0.7935926808785368,1.1662740939425862,0.8983850008239951,0.9453826263439546,1.0557797759059515,1.1382961742965294,1.0334410356950752,1.215643673271385,1.0784699909570437,1.1852810730572774,1.0192076295353216,0.9946447563404327,0.3547572703442169,1.0353397076044701,0.8810635753576047,1.1715893824316388,0.8701642658622755,1.050873211127022,0.9278725706670258,0.8689827240421696,1.0446258921162834,0.9307456632243402,0.9317272541890387,1.049431106771475,1.0638141524406786,1.0354597064590907,1.0048165627540284,1.1360341549339705,1.1392696022584605,0.8875378668658502,1.1886515550521026,0.7032155932427485,1.0864750399695275,0.9800447514102193,1.057854041056651,0.9621093541860369,1.1600452748825258,1.2760849748473595,0.9581362368619055,1.249508436109007,0.9443550218022038,1.1301631631678097,1.0158634717951902,1.2005642283894233,0.9475313731784875,0.42926037122969607,1.0108244250577887,1.2053092472092382,1.1479485709328447,1.2419085645415242,0.9887783791546126,0.7241564866592098,0.6864991618903223,1.0208476906426425,1.0209507312328723,0.902723223200202,0.32284964468376276,1.115124279936245,1.1884478448505569,1.2553562108326008,1.2456832664452206,1.122356870872468,1.0581252587901144,0.804576774410354,0.910280277587736,0.8743107274168355,0.9511240592346898,0.4384563604503573,0.9295312241390816,1.1586234247566731,1.0703944992707282,1.0004962515685252,0.8263701664843428,0.9998326959030309,0.5054096644534685,0.46762076734418845,1.1118103504511068,1.0297067008054044,0.6571349504927916,1.1298467188993386,1.1181776237490728,0.9383312247018878,1.0422302283762963,1.0108795489519282,1.148790149458358,0.9983039641199256,1.217180437861907,1.1176036973361163,1.1738351693550402,1.133399464117782,1.149996422276116,1.146361767149377,1.1367003226584411,1.036759027790505,1.2312083437838393,0.8748890374386299,1.086764368433482,1.0875024166557745,0.9461091041824169,1.1407691024067605,1.1069513711290742,0.4837815167395002,1.1564291930298194,1.2149580446527433,1.1342078476619666,1.1903708047454968,0.8965893315346195,1.05085169280148,0.8882528848441466,0.9043313294961352,1.1298841668899855,1.1521760333341184,1.0940794550832498,1.1625042276048818,1.145496603002208,1.1100972610827042,1.1001178718169349,1.242661071668189,1.006837002580223,1.1692372428478706,1.034459605801366
applesauce,1.1019324280314242,0.9848099506678916,0.8057095001232628,0.0,0.8778011966379472,0.9557473162927607,0.9872523730463649,0.6728176462773992,1.0624454262663463,1.005036669474391,1.1137973042965912,1.207593723206753,1.0635131684115549,1.179078592336938,0.8581479343224845,1.0991889596118432,1.177815796722821,1.0773042283199603,1.023944362641412,0.9139489192705227,0.7254659537036623,1.1096687197130786,0.7606752079941603,1.1802477280389012,0.8647724239590102,1.110050708422652,1.1161512877155988,1.1777405826988825,0.8059725960020269,1.1213409740488676,1.2088735988311148,0.7375317206009906,1.0823515080766983,1.2302036083666534,1.1019876938764186,1.1280339800981014,0.8759576527740002,1.0146218915274845,0.7869007687710106,0.7419480443666682,1.1671488196619122,0.9372773197857989,1.0081833723544529,1.1280973205455027,0.8084738678279684,1.0628620844772674,0.9327194932590748,1.0927564459149601,1.0736029940612535,1.2489589537067087,1.1933715952703108,1.102288528694327,1.0692407344419346,0.9532253230703378,0.8149600900748982,1.0819568818960894,1.0004808798204188,0.990257546732077,0.7893245726272105,1.133454738297956,0.999214690519126,1.1204316784818413,1.0382946655535128,0.9795637769426125,0.9182539344436347,0.8975659286835133,1.041393283295751,0.8127635152561039,0.9675005287076409,0.8893721798798414,1.0828851748141475,0.6549933764399765,1.0415326876237383,0.7259285547504286,0.7523977898785636,1.0141568873877342,1.0250464910273631,1.0942209245761354,1.1684136151381737,1.135832469803162,0.8879479121069924,1.112058993291896,1.017979325470569,1.1836894255920403,1.1250498310801111,1.0915904209409208,0.8618240275127483,0.6658430108480945,0.9103371759349295,0.9928822145017476,1.168759195022777,1.2007441968776378,0.8797499353252546,0.7418919763799176,0.8730981431597473,0.9489072465965862,0.9353205259003199,0.9355954698453245,0.8560728054616518,1.1541499262210004,1.139431871152543,1.0365127762082824,1.146830220057161,0.985753650431932,0.9612015837931801,0.7560363961145912,1.105643795923742,1.0936588178746594,1.049434400792727,0.6532012671508266,1.0226026878149557,1.176695081730247,0.9293198740175054,1.179902785094144,0.8198052028804477,1.0982548944045145,0.8383079648457596,0.971291979349125,1.1288867578782986,1.1230350127314392,0.9493113535445115,1.1604837528492191,1.1433766221692874,1.0554939093354496,0.8759258587993063,0.7038286673740418,1.0037830939254713,1.0672474657414937,1.0191539064251351,1.0614964381795469,1.1063951884741832,0.9750154696487304,1.1918181144443427,0.938816107280909,1.0647189238571588,1.0220268117312419,1.1511522450965979,0.873938612046075,1.0120204527900725,0.6954635966975203,0.8429444245163937,1.087827791443857,1.0379013435442674,0.9867716196153755,1.1365008097080014,1.0605805613924293,1.081020005619615,0.9702665997780896,0.9348700235713439,0.9862140625207859,0.9518501543545438,0.9007477240294244,0.8939446358524599,1.1109980657691854,0.9265854692354388,0.8330633556243412,1.13925458369619,1.0889940542217735,1.1383937035340947,1.2157969429921973,0.9368955092662197,1.2035561505618142,1.0720934290448045
arm,0.9576269705042536,0.8964446186893307,1.2440556158790326,0.8778011966379472,0.0,1.2075274577608277,1.129770810481332,1.1847725240130786,1.0774269538079135,0.7390950504800535,1.0856010669414418,0.7094715310342442,0.7875923624417285,1.0599196086635558,0.4103401280050585,1.2458178304337213,0.6459970981259205,1.0040720666397256,0.7362218998208796,1.0665860035847885,1.0800645225771839,0.9355404328070186,1.317723863826496,1.0898102531876115,1.0720395797566769,1.1362276853023061,1.0060469293019894,1.182648829841899,1.248352039197314,0.8611925458461898,0.9875273900640933,1.1679352802409335,1.1831363833997497,0.8106950571975982,1.057606878696116,0.602537745772884,1.1484104182798995,0.9016199388021378,1.348335612315835,1.189361821706829,0.7962113375909984,1.1454273092274072,1.189278912645292,0.9072097407236782,1.1479925157394684,1.2107577584472744,1.0492246750789853,0.9846675236996328,0.9567577296921836,0.7897212606867223,1.0327810226565586,0.5668790729963865,1.1792752666492874,0.9953536333598814,1.255729976283519,1.114766347745185,1.1195398198953845,0.6349493550043411,0.8476811781824588,1.1403466274133447,1.1992518820027356,1.1156732504405107,0.8772224286751837,1.122802564514905,1.1356133310711074,0.9085530771739441,1.0731663389144452,0.8671523662781291,0.9635424340542023,0.6771474351453207,0.8949928901069186,1.0549098303568818,0.5320446906677365,1.2496954163400138,0.47460983736228,1.00474703961767,1.13636718117296,1.2375138843274787,0.9846494099613659,0.46504839392944275,1.06999469360903,0.40772471332398097,1.0983494916388397,1.0124509064441252,1.0498052916152232,0.48804076940898433,1.0567510402750018,1.144546987561243,0.9838394995379965,0.8001961447078325,1.0745877606515806,0.9265582616741712,1.020438128463511,1.2497864832941297,1.1382915470014088,1.025797849727192,0.9215507129537959,1.0849789524918405,1.204634251473062,0.8589147825206774,0.9014748302123115,0.37415172299915955,0.4529839709962342,0.7474771554598708,1.1152072050730786,1.2502963444773183,1.1188881277043514,1.1348172001499703,1.1743367491320709,1.2700060688391686,1.200412360052204,0.8443246785910188,1.0327768159946151,1.0211818973443223,1.1922935761737594,1.219787012435206,1.2266264944560823,1.1773238240331336,0.9742401479747685,1.1434469118271986,1.1888907623387341,0.7969694994726273,1.0399338466460886,1.2147702528284678,1.062643756772024,1.104109645097948,0.664471291663513,1.1080066107450997,0.31371366970715275,1.0341840754377916,0.5817562744783455,1.0565284882006925,0.9127725991257541,0.7711115893849819,1.0390139801898202,1.1773476042623534,0.8198671655691577,1.2847079677814564,0.8633938921668214,1.03834525350903,1.1411223289432735,0.9890480586535921,0.88076448200503,1.2404093383465091,1.02261525407138,0.4392401768724429,1.0262748124616268,0.6894833058999028,1.175261417831481,1.0830704660546497,0.9275508761073409,1.1354945727379449,0.9248172087230307,0.8946207141150314,1.0058679137671438,0.868206884062717,1.0221829748194666,1.125040796615658,1.1587217734860051,0.8846840889389442,0.9413389669112796,0.8208492129792662,1.0908503813674009
ball,1.1032797331452877,0.9012738528738237,0.4781492295875933,0.9557473162927607,1.2075274577608277,0.0,0.14384743451856874,0.9315102760148783,1.0003414317311567,1.2548796390128385,1.0379772740934134,1.2176743321930799,1.046574261916928,1.0939805809779715,1.1914096920602644,0.9895953686522164,1.2152817596968455,1.1368407390911623,1.1303287564196691,1.0077797464889091,0.9656173796780596,1.0687188300246506,0.9053413774978382,1.036095391716161,1.0019752276206837,1.047276370951469,1.1123874649804768,1.0428989089008711,0.7574496291342865,1.0711878279408542,1.15579448296989,1.0594726782512986,0.9250930654252075,1.162723235720179,1.0564990678962005,1.1920888209732161,0.9515592337040555,1.0527119206121318,0.9425013397091707,0.894948870286317,1.163108267511759,1.0606817555066521,0.6921313319838234,1.1070656367229714,0.9261619005579397,1.0284453315629187,1.05802949076551,1.0863790153145307,1.0159442872804654,1.1501979285715396,1.0387439838294672,1.14472135704605,1.000867614041385,0.9672052059298266,0.31317313684249015,1.052227527849831,0.8175795960225598,1.0759296214958454,0.8311669837352047,1.07825446529212,0.8847916841023437,0.89987806474703,0.9623300374598182,1.052895819976921,0.9210581604288017,0.9233708524220041,1.0688728121744249,1.101921595345619,1.0124327199588605,1.004127771711655,1.0805169724235806,0.6372606196993454,1.1048774105231336,0.8887684609990469,1.017167297476703,0.8424333384824192,1.068952400499431,1.0186286708313652,1.089417968028141,1.2274170247553178,1.051457807538643,1.1881438875675001,1.0020333715985335,1.0937874213625058,0.985067497548267,1.0779853509214572,1.1347630397344433,0.624732525291286,1.1095880320781892,1.0968942578265017,1.0777597005418644,1.146041568130831,0.9937885175837836,0.8572324209600812,0.6237847797375758,1.0462320225154538,1.0210506653097982,0.8939874567354302,0.44217309688114836,1.14509214621365,1.079535287630462,1.208314107741705,1.1878793068606501,1.079001786900647,1.0853292303119717,0.9971979907034896,0.8610227620192236,0.8295039141600083,0.9246232405395762,0.798123709674607,0.9982296923085965,1.1123297975325934,1.145115529325923,1.0020573705080869,1.0231280840106918,1.0336776905078209,0.6600029954103679,0.5840189833521825,1.1237285181638428,1.0353561710820745,0.5649371609595673,1.1565708355796565,1.0223473560005718,0.9663438728095013,1.0994799519529537,1.0841287186879014,1.1213472710745758,0.9981321644612744,1.1684944847547916,1.001971678788243,1.0813411252841483,1.0600698071185493,1.13347053493171,1.254201481439227,1.0700973965677703,0.9367961234921713,1.1105655025163934,0.898381670792788,0.9852459289571519,1.1230677388723955,0.9893762251998545,1.141985175420098,1.0556235851319125,0.7984451430372382,1.1327131756097508,1.195332794184908,1.0802172061606046,1.206617125285082,0.8993927402553923,1.08962168625722,0.8305768813622522,0.9191512280412402,1.0117544139692454,1.140267335359548,0.9194207961909912,1.2208507779693145,1.120981362521568,1.062943264146448,1.0824559171778456,1.2109530279997973,0.9662293311143749,1.1616886764466585,1.0377340705462195
balloon,1.0752326391358489,0.9681901811747166,0.5745420081649082,0.9872523730463649,1.129770810481332,0.14384743451856874,0.0,1.0034236063920172,0.9804955584137484,1.1817260310604734,1.054400101941314,1.1439051155164852,1.0351469982488886,1.0862625487307922,1.1097415997315996,0.9877498845301299,1.1648206422071232,1.1455404236946458,1.076661226240374,0.968234296021369,0.964917277431736,1.0230247267188828,0.9914358493452066,1.018214007100522,0.969739543615797,1.0526342999468805,1.0852242970137875,1.0732218729682845,0.7629186842589154,1.0737972938667104,1.0759532828320935,1.0677742120288471,0.9736114202439953,1.1018661823922105,1.0299601921743844,1.1301742327415831,0.9507038935844448,1.042707642726038,1.016999701507929,0.9344240029048476,1.105731084821723,1.0777378790566359,0.7576507384530206,1.0362587978054498,0.9157976941121866,1.0310450767207195,1.0329512195460675,1.108852319542979,0.9713946577127929,1.0767457204639495,1.027782830642204,1.0616043277086173,1.0267012674670455,0.980821596277022,0.38460547380348054,1.0557378957769352,0.9191138851790347,1.0641205872320536,0.8959285673543161,1.084965968355994,0.905954344984894,0.8419981891891621,1.0153302199108412,1.0572819191608576,0.9403632385996811,0.9982405544669841,1.0673417194054113,1.0222619094106504,0.9889931523796708,1.0046091384576665,1.1061885075128803,0.6888727621596018,1.0371638852921916,0.9467952376551906,1.030363436006657,0.8050545880903117,1.0718589514203347,1.0295557097922985,1.0849290494120556,1.1431648760118391,1.035263021103692,1.146523060868436,1.025942618953914,1.0288859574296438,0.875881961707091,1.0750862048382586,1.134140589606051,0.6768118525641762,1.066794174290271,1.1035472467128296,1.0624611212856487,1.1262213746033958,1.0289898189835291,0.9418666607965599,0.7213968907876045,1.0275427831282868,1.0018465316712302,0.9610921109906541,0.5035024116164052,1.1351590187910847,1.064152800696369,1.1458155395992438,1.1231025564592674,1.0257770729741014,1.1058901615062116,1.0356219894588292,0.9103778236271267,0.8968366923008538,0.9502814681800433,0.8819115233156655,1.0119712596479093,1.0549577389397229,1.1186816279901435,0.9472119371845046,1.045650514018957,1.0307344815030408,0.7468669320790351,0.6454178941002817,1.0623751591492625,1.055028035853219,0.6362333492022324,1.100411740697258,1.0682000872599744,0.9820223037255381,1.1195921927293395,1.0566072386809273,1.057724236769777,0.9975876614948824,1.0878623392322295,1.0742756248212095,1.0272813308662239,1.0779526547439375,1.1062476973681032,1.2039725892533912,1.0040111395399542,1.029420927126268,1.0992607366661407,0.9256863832862481,1.015132612421512,1.117392122810905,0.9854931833530111,1.1117175838601854,1.096098398240482,0.8608224231763731,1.095022147146782,1.116049593023021,1.0675333055577625,1.1500035184907929,0.9292982986542269,1.090531343021245,0.9116224252264153,0.967308589769574,0.9856378916425682,1.1124470900024668,0.866867095189745,1.191844608175712,1.1125017897138223,1.0461576513432163,1.1063492519235254,1.1467405113536842,1.002214197027715,1.0777880030719338,1.02093413893226
banana,1.0815688919638737,1.0286672555733556,0.5952131192432916,0.6728176462773992,1.1847725240130786,0.9315102760148783,1.0034236063920172,0.0,0.9919729110371048,1.1754772828550302,1.078100352352241,1.2361013220719073,1.1130041251214362,1.1874902119886253,1.1771505321874691,0.990496367825407,1.2237125474474992,1.1628374267024675,1.134101877200437,0.9247819273042752,0.9198222398068214,1.1144782233125503,0.6018364463389794,1.0525297255064412,1.0041586383161996,0.9972298507881386,1.0627257142527893,1.107637788624834,0.6276953632784124,1.1436603446218867,1.1650746266711078,0.6542348764978491,0.9950302283447353,1.1947063393140516,1.0783884802081303,1.2248081486297657,0.9901821935919743,1.0868735431781185,0.6994687692005555,0.5342036621965347,1.1945817127238028,0.9035735878171061,0.8286940123346369,1.1864147057121333,0.900807036270544,1.0014136224927943,1.0186079885976465,1.110184082240077,1.0951203805923784,1.202794810647854,1.0845856042318824,1.1866865290501794,0.9654548508838015,1.0468419369297086,0.6828848130135203,1.0083500363783684,0.9948397317887611,1.1912316111408205,0.9925231886763126,1.038146636683254,0.8905442981807508,0.9425019846567813,1.0433534414308587,0.8532461932643488,0.9213666149141436,1.0654831686991963,1.0197981862785837,1.0113107774240577,1.0613277661399554,1.0249547735803517,1.1594391594740199,0.9594471284804648,1.2210913645303925,0.6282033737246557,1.0942850502948898,1.030185572802492,1.0162980402780315,0.9782446621769926,1.072920388645477,1.2411859674412702,0.8958169854754832,1.2385296204396359,0.8332562904512341,1.204572076645751,1.0917834244891402,1.2163197338501548,0.8948273958412846,0.40051398285041795,0.9336506547588164,1.065565479112185,1.0824393788073756,1.150995362868048,1.0373453225792986,0.8435879192824494,0.9723200577738329,0.8960229683960282,1.069347232574925,1.0398332141297988,0.6594885363389544,1.0878265165622976,1.1443974906398933,1.248853309872958,1.2627056264195142,1.0824838235980216,0.8631105763714629,0.7621056878564394,0.957045416885009,0.9159359706085891,0.8963502702760412,0.32714500294396154,0.9175577455432095,1.1127967685113382,0.9741993401346837,1.0326395363781975,0.6728242011026957,0.9908425070611452,0.7195750167936122,0.7398244862225167,1.044799356680992,1.0670854271477765,0.9830165663961864,1.0940502127339862,1.1658434696901825,0.9756097515364172,0.908560931666954,0.9610961045230773,1.1365233391906824,1.0019155710112329,1.2132257147147978,1.0343801110359936,1.179012559923861,1.0927046896487322,1.1514013765378952,1.0927530674669994,1.0732451822325286,0.9401025309473214,1.1601286917426457,0.7588000283309397,1.0191350490840339,0.9591746962885819,0.851918136037321,1.089152811627935,1.10773949657964,0.7957720132930581,1.0754293147033729,1.2457562262938084,1.1084626831041267,1.1231206806677483,0.8622295520898855,0.9694135361931543,1.025579058765265,0.9430668143860187,1.0035851531394482,1.0318097942879902,1.1074999975333804,1.0661543787387846,1.1417923231887914,1.0834943756805517,1.036635599417518,1.1628093044042098,1.0483442289748142,1.1709701382928275,1.0064318539394108
basket,1.0910224611740582,1.1038677495101528,0.9889358410675911,1.0624454262663463,1.0774269538079135,1.0003414317311567,0.9804955584137484,0.9919729110371048,0.0,0.9177960873313082,1.1191259442994907,0.9445844935984063,1.0764745518312635,0.9183720700763982,1.0211692265814296,1.0794078009233683,0.9223991461601466,0.9151355808169854,0.8487064946490637,0.8654109641649865,0.8610432339379106,0.6599035700493364,1.0363504404885544,0.910206935122229,0.6502484271125293,1.007357546950195,0.8005663394392717,1.012560202527497,1.120934736755296,1.0692109618425458,0.8413364702806747,0.9984756471708134,0.9820073330429241,0.9335570949831291,1.0505820526155805,1.0778870807073173,1.0410940561013027,0.9156917642463107,1.0988216208014452,0.9073983391953307,0.9742860067244832,0.9819585391498811,1.0303853044147562,0.7876045791446914,0.8924294294062511,1.0849559367546673,1.035293384154898,1.1358845678008578,0.8997600351206615,1.0102475267903035,0.823786814836495,1.0122872916274228,0.9886142628121944,1.1492019519493508,1.0482269693517914,1.065694143570972,1.114479442293369,1.2198129292114137,1.1585320686896476,0.9824131922599968,1.1420336906205268,0.9633480105691505,1.0966155427765585,1.0435063769748747,1.1318366561994913,0.9454641260876964,1.0532469336106718,1.0456520154742668,1.0946817594666887,0.995640312878559,1.0468241392020616,1.092421058128083,1.1910655083486914,1.0296031394129046,1.1460407542247932,0.9833675338322725,1.0213414512621302,1.1161855530023177,0.9474141512040137,1.0161669147056362,0.9009974315164824,1.0894131479401992,1.0763211160440334,0.8760234391977288,1.0288583869675376,1.1323925139368438,1.0306454606961752,0.9215089308400672,0.8442292029580614,0.9648041261793806,0.9462770433592349,0.958445219556576,1.1165503212832237,1.0566477652153294,1.1480905904789287,0.8858160564033969,1.0883830200060731,1.135329471263734,1.0205908251343552,0.9534624018622662,1.004856661973304,1.0359178195508734,1.0949039691238374,0.9133816494947096,0.9597554912867654,1.0456175127393077,1.0602571789067057,1.0539854436262202,1.096015267980983,1.100775880330397,1.0952128154977392,0.9410254417565207,1.0346051728275543,0.8208402328602189,0.9842958543374747,1.0888467532371362,1.041635108155024,0.9564990642548612,0.6515818586563733,0.8458425395571951,1.0994629180045958,0.9016692347691768,1.0184491627424666,1.0503451797649705,0.9706327925419582,1.056197283362862,1.0071834523441607,0.9625000024636742,1.1373141773486664,0.9915301772619366,1.0871583427508775,1.010921488814091,1.0644750192414947,0.8789091483448989,0.9680656324271415,1.0196050377846593,1.115864096092006,1.0221132842537322,1.0428257676158914,1.0208199226615482,1.0218164232294336,0.9845956179252056,1.0520037173906487,1.0148411515453943,0.8271083949663218,1.0782414166525012,0.9835155753188687,0.8677690003967257,0.9592852646531711,0.9569683253484556,1.1472633490778956,1.0593567665092491,1.0119977224666366,0.7990451731716732,0.8393683032640149,0.769468042020446,1.0660181345135646,0.883538119341814,0.9687405408810412,0.9127378523871994,1.0541486162442555,1.0276398056826181,1.0913165853800335
bathtub,0.9696510835801732,1.1736919121142566,1.1996799527759696,1.005036669474391,0.7390950504800535,1.2548796390128385,1.1817260310604734,1.1754772828550302,0.9177960873313082,0.0,1.0742337428835393,0.7392520176051742,1.10052210660873,0.8785864852407078,0.7830397258774024,1.102191486222595,0.7744681770955231,0.5576081872695164,0.8918980144968506,1.0311103148855354,0.8316257167999688,0.8875336858525522,1.2418878541989735,1.0247758562987583,0.8389283804535396,1.0852557932198668,0.8452578602658275,1.0421878177223172,1.216816787283822,0.9922105270470543,0.8537565216820162,1.102996047251915,1.0986138719175553,0.8120010889824327,1.0472146847220096,0.8843110725597579,0.9642838525230415,0.9416523388507628,1.1919188583989866,1.1044949387370926,0.8572802880597283,1.111670463808499,1.240938606362874,0.799758077939653,1.0338160801514595,1.0794111442768053,0.6777848813631178,0.9969841577472698,0.9685278773154794,0.8211508199356792,0.9613445200650228,0.9020016094272236,1.0153047962495987,1.1612931992117592,1.24528444950452,1.061500337124018,1.198211779903526,1.0304738553277761,1.1731607171203122,1.0410591849718833,1.1256010862419754,1.155865934432479,1.1437863961742243,1.0362693459457992,1.1060564419034882,0.9607233236471018,1.0489719613633897,0.9228955099430576,1.1865482324851035,1.0684940925265474,0.8874229764900722,1.149127348234953,0.9835114650321912,1.2351401815887333,0.9574374466854295,1.2074266611828457,1.0863785144520413,1.141750417721929,0.8558478248698835,0.788411773703187,1.064574366860019,0.8026400400909621,1.1060204641012383,0.9623494094765138,0.9888378151360834,0.9219463556267287,1.0009144992720593,1.1165458519770828,0.8262215423761213,1.0064486682911042,0.9637656938186752,0.9920366783260033,1.1470884644156296,1.1413563883397138,1.2364622662158438,0.9691800468916533,1.1091051689217069,1.1860878031961881,1.229433529500886,0.8415217180239691,0.9906437940922961,0.7258637785238463,0.8047693772302968,0.9149401618370303,1.0184093292443963,1.1090792464583954,1.179966876196832,1.1941392304469605,1.0497270632670193,1.202031597954355,1.1069458268552292,0.984703066248763,1.0047072320249715,1.1388891376988401,0.8907987100665478,1.1386183364568367,1.2055923947139822,1.20191605437302,0.9795002167785302,1.0283539744201688,1.1786506989696928,0.8190618867859252,0.9937484301917688,1.148764114712185,1.0737500382831815,0.8823039055026138,1.0100195755628523,1.031034014635963,0.8486263376155059,1.114400518585124,0.9730513005292905,0.933533087941198,0.5081773435988006,0.19516498648420577,0.7247316578400664,1.192207497794136,0.8127106169949725,0.9894928923093782,1.1364233729920064,0.8335846991809321,1.0239230989200347,0.8272695217341095,1.0139759603616922,1.1447107827192307,0.9360412184836935,0.8253477444161031,0.9816719418053323,0.6517931613845274,1.0670852497536993,1.0451455585167575,1.1894900588675346,1.1667948068429725,0.9117958227964464,0.853418957715234,0.8507425887506742,0.5221169680181401,1.006113739258714,1.012732828615922,1.0873752060460793,0.8604299157779638,1.1646115847924547,0.885788357398399,1.0692784205373131
bear,0.827431188089278,1.0186959519715904,1.064488562975632,1.1137973042965912,1.0856010669414418,1.0379772740934134,1.054400101941314,1.078100352352241,1.1191259442994907,1.0742337428835393,0.0,1.046506179819947,1.0723044928293322,1.0645160916412535,1.0456537495792364,0.7721975908185204,1.0603739560636107,1.0853566588494759,1.0526982947890684,1.0995819622917753,1.1249261524062515,1.0675216537014591,1.0374488763234968,1.1029206175494928,1.1443838169003873,0.8896173602052699,1.0588774579905762,0.9252661570372955,1.0903723552312337,0.7425928616883757,1.1030199408009653,1.0503905584756084,1.010194946719304,0.9915731979030316,0.9510236927119515,0.8833974266185652,1.0140194645185963,1.0295299003790017,0.9601368769771146,1.1367217257356177,1.0386005828591325,1.0611415244482214,1.0783542903628518,1.020063258241799,1.1301992974500332,0.8766321269808998,1.0342495066997996,0.750753607176099,0.8459337562749634,1.0026422375087511,1.0134342635227864,0.9790297120042467,0.8788928260787389,1.0139417672441848,1.0729124800702277,0.6954902640201075,0.937577052282606,0.8922862730372669,1.0557540000504704,0.9772818900860705,0.8469250301205182,0.9560508653522035,1.0012398894240886,1.0528634167852513,0.8231630461326422,1.0620776685841797,0.8511341262392584,1.0584744153833228,1.0377522958513414,1.0734479128075807,1.0221138899483049,1.0571363846852253,0.9211359793031411,1.0217635290323472,1.0334603199953163,1.0245509284184797,1.0237403462748602,0.7641021752176786,1.111171090972119,1.0245419447678978,1.0841153828635115,1.0252934978918278,1.0765203072037397,1.0367992270816626,1.0249793927156143,0.971418678766029,1.0138888516814337,1.1269744517151057,1.1055062312168387,0.9578703186802053,1.0819658108417043,0.9533297296854666,0.9814258082163066,0.9197494224440179,1.036746740740848,1.1176082407184242,1.0489663097258535,0.9655253755443957,1.0811449314178896,1.0956454181718607,0.820374588439986,1.0419544705016694,0.967467409335301,1.0770812469849254,0.9732355838540746,1.0211996272145498,1.0630415815641718,1.0668363223492543,0.7548293604080523,1.0801762066274256,0.7432253716843716,1.05614608784982,1.058957969216597,1.0188832054647254,1.1507062497883314,0.807959593345349,0.9432680381420865,1.0554568640450384,1.0960950210704756,1.0308938595730588,0.943882659139236,1.0912289437369982,0.9593849063317791,0.8255929454274803,1.0811085019278488,1.0682153577841804,1.0561500938058765,1.0672899082576077,0.9892487774931429,1.0935154876463582,0.9650942333800596,1.0786183064453745,0.976210861226819,1.0785802451229312,1.0362177012835687,1.0755307137976486,0.9542656562976991,1.1027968771910714,1.0654455413466297,1.0534490663882918,1.0698544018676073,1.0092663225796974,1.0131605916094755,1.0147556147976884,0.9957789102537626,0.980775121005588,1.0052153520346419,1.1558395348628796,1.0273179842886275,1.0500946578459143,0.9859977637048468,0.9860079956969361,1.1026018715097903,1.092989629580727,1.0185359766881752,1.1668884941744646,1.0057080718549818,0.9895104414899196,0.9502454289924466,1.0780360252255958,1.0409158069667626,1.010389206489508,0.8934463069382188
bed,0.9634513938578835,1.0815063162474001,1.2504676924213467,1.207593723206753,0.7094715310342442,1.2176743321930799,1.1439051155164852,1.2361013220719073,0.9445844935984063,0.7392520176051742,1.046506179819947,0.0,1.0196776637964773,0.7653431420779087,0.7691063637488835,1.1555478491349762,0.1381627814594042,0.8346088117139401,0.7482066772942713,1.1363807158792956,1.198814784041316,0.7278704302617757,1.2948161945373793,0.9981536222724756,1.1083325197620606,1.112968911719629,0.929504078730294,1.055235868021159,1.2542439556840774,0.8888534117573706,0.6768635384523123,1.2005921583978503,1.1063897583289033,0.4481278697360527,1.0614445508750643,0.7011645330663173,1.1662862520718398,1.0337591257339045,1.2831558100535472,1.2254177916143778,0.24976290616189245,1.1187433219404526,1.2891868833391529,0.4804551109095394,1.1952354415692408,1.125905733553109,1.087224344538935,0.9065612174944304,0.8481409284948449,0.564169520952053,0.8364053917878793,0.7501493996194945,1.0972798267000126,1.1365763331709677,1.2706024114873993,1.0229094010965665,1.217274617969788,0.9067679443212024,1.1991479869886086,0.9886344994393095,1.2118453151109576,1.1223776943513508,1.0338252828543777,1.2171536230959634,1.1463180646412452,1.0656019704360822,1.0366114863801315,1.0477676695805211,1.1178404723202318,1.0295471436637484,0.7764761027066515,1.263596769932087,0.8731704560459962,1.2688387433687724,1.0666803942208702,1.14430190034451,1.026077289137601,1.136792267493374,0.9135905110641225,0.4933013372256657,1.12513353557708,0.6576623426162762,1.2799251538684018,0.7695406290963437,0.9203463997981696,0.807884339377255,1.1214997026806648,1.2057860310100754,1.0455591602207939,0.8577981425934651,0.9964496065220395,0.8265192225302234,1.1373614964075571,1.2577636990250014,1.2608457387304266,1.0405005484567913,1.123893641790602,1.1638584110482828,1.2108351247974656,0.7965424052152681,0.8938861619981343,0.530586100724395,0.6539746283464282,0.9622174704751051,1.090855725373479,1.1992306462171416,1.2535727065428977,1.2408875655188525,1.0931937737045052,1.2915162190520835,1.132333644603619,0.35464104356293524,1.0403843185924242,0.8918102608945843,1.242374992902481,1.1068660713411984,1.2396541959269276,1.198865708781247,0.8337102333950746,1.0352509049423122,1.2368678163833295,0.6723882926947045,0.9310321745269022,1.1632428774431842,1.0694093448089736,1.1951706543138927,0.8344365304751724,1.1306472048809082,0.66900656514405,1.08319601369903,0.8368988027858587,1.1162720205217087,0.6872805993287446,0.9189442750125607,0.8948888852312377,1.2084133845238525,0.7313271705291013,1.2082549556801356,0.9700352074382214,1.160863015726165,1.27903426251644,1.027814096624558,1.0280486662022756,1.1708173163834021,0.7641115801152928,0.591181830711751,0.9695045879549286,0.5880052547130032,1.1318120134139689,1.074139536925887,1.149118057313586,1.1861847874203937,1.168984762197762,0.6779103191514971,0.9519568715142506,0.933421108970747,0.89258418226444,0.9997932467896257,1.0085147416631937,0.7164765634833056,1.1421842293532902,0.620525124297779,1.0509752854354641
