,zebra,giraffe,deer,pony,horse,pig,rooster,penguin,bird,duck,fish,butterfly,frog,alligator,owl,elephant,bear,cat,dog,face,hair,arm,hand,leg,foot,ankle,finger,toe,tooth,ear,nose,eye,mouth,stroller,motorcycle,tricycle,truck,car,lamp,chair,bench,drawer,ladder,window,door,closet,shower,refrigerator,oven,crib,bed,couch,table,bathtub,sink,boat,slide,hose,sprinkler,swing,grass,tree,snow,helicopter,firetruck,clock,ball,balloon,pumpkin,egg,orange,apple,potato,strawberry,hat,slipper,watch,nail,raisin,glasses,necklace,carrot,vacuum,broom,mop,stick,shovel,scissors,spoon,fork,knife,pencil,pen,crayon,plant,flower,soap,bottle,cup,can,belt,radio,basket,milk,jar,bucket,tape,bowl,plate,corn,pickle,banana,melon,bread,cookie,toast,cracker,sandwich,chips,pizza,hamburger,muffin,pastry,meat,pasta,sauce,soup,applesauce,glass,coffee,dish,tray,box,book,paper,rock,comb,toothbrush,gum,toy,doll,mitten,glove,sock,shoe,purse,pillow,towel,napkin,blanket,dress,pajamas,bib,scarf,coat,jacket,sweater,shirt,jeans,pants,shorts,cloud,game
zebra,0.0,0.8401421308517456,0.9697582721710205,1.023787260055542,1.0140514373779297,0.915795087814331,1.1103947162628174,1.1070246696472168,1.0508373975753784,1.0482053756713867,1.1555683612823486,1.073990821838379,0.8846384286880493,0.7849836349487305,0.6123623847961426,0.6944847702980042,0.6141958832740784,0.7414286136627197,0.8463602066040039,0.9916611313819885,0.9588589668273926,0.7745137810707092,0.754130482673645,0.9493188858032227,0.9979138970375061,0.9841237664222717,1.055711030960083,1.0801695585250854,1.022240161895752,1.120267391204834,1.1827131509780884,1.1081979274749756,1.0753835439682007,0.87931227684021,0.8148918151855469,0.9239267110824585,1.0806632041931152,1.0474492311477661,1.2136447429656982,1.022351622581482,0.8370447754859924,1.0400482416152954,0.9261482357978821,0.9955514669418335,1.0047131776809692,0.9854002594947815,0.9002031683921814,1.0733386278152466,1.028912901878357,0.7982487678527832,0.7567447423934937,0.8752655982971191,0.8211473226547241,0.777154803276062,0.9056914448738098,0.7042062878608704,0.5934227705001831,0.8130932450294495,0.8140509724617004,0.8501079082489014,0.6708945035934448,0.981709361076355,0.6996108889579773,0.9903411865234375,0.7986087799072266,1.0541104078292847,1.0688202381134033,1.0041935443878174,1.115228295326233,1.2093284130096436,1.1585787534713745,1.2083163261413574,1.2006754875183105,1.1261264085769653,1.220698595046997,1.212293028831482,1.1706331968307495,1.2253484725952148,1.1816682815551758,1.2344917058944702,1.2028173208236694,1.1110458374023438,1.0061558485031128,0.9978848099708557,1.0725593566894531,,1.0119655132293701,0.7870149612426758,0.9557462334632874,1.0657098293304443,0.988828718662262,1.2071815729141235,1.215698480606079,1.155716061592102,1.1108977794647217,1.1253255605697632,1.2582309246063232,1.2148759365081787,1.1907734870910645,1.2308411598205566,1.2255706787109375,1.1411871910095215,1.017398476600647,0.9898802042007446,1.0090211629867554,0.9969342350959778,1.0390955209732056,1.0326708555221558,0.903411328792572,1.0887165069580078,1.104245662689209,0.9167195558547974,0.942641019821167,1.1388061046600342,1.1650140285491943,0.9935453534126282,1.084769368171692,0.9941036701202393,1.0191847085952759,0.9661142826080322,0.9986295104026794,1.1582847833633423,0.9611445665359497,0.8665202856063843,,0.9615044593811035,0.9927032589912415,0.7695621252059937,0.8815798759460449,1.04249906539917,0.840752899646759,0.8296943306922913,0.8207659721374512,0.9475350379943848,0.9745417237281799,0.32798802852630615,0.9343549609184265,0.6330148577690125,0.9178051948547363,0.7835729718208313,0.9328118562698364,0.7418621778488159,0.9221161603927612,0.8189164996147156,0.9372544288635254,1.003603219985962,1.0979409217834473,1.1241651773452759,1.1869159936904907,0.8106393814086914,0.9147464036941528,0.6231086254119873,0.6840270161628723,0.9345427751541138,0.9039463400840759,0.7879106998443604,0.8267403244972229,0.7968906760215759,0.7505252361297607,0.8391289114952087,1.0551583766937256,,
giraffe,0.8401421308517456,0.0,0.9167197346687317,0.7094821929931641,0.7941020727157593,0.9889317750930786,0.8554937243461609,1.0296467542648315,0.8267742395401001,0.9452351331710815,1.0323233604431152,0.8942074179649353,0.7348183989524841,0.7287940979003906,0.8295982480049133,0.9654946327209473,0.842028021812439,0.9699123501777649,0.7400879859924316,0.9645204544067383,1.0031685829162598,1.0107260942459106,0.9587640762329102,1.0874261856079102,1.006209373474121,1.0091111660003662,1.070479154586792,1.03946053981781,0.9930471777915955,1.0693180561065674,1.0713777542114258,0.9569761753082275,0.9982438683509827,0.9486574530601501,0.9541054964065552,0.9326075315475464,1.0576611757278442,1.0545445680618286,1.093945026397705,1.0816917419433594,1.0032159090042114,0.9912739992141724,0.9966742992401123,1.0247259140014648,1.0144420862197876,1.0000548362731934,0.982123613357544,1.0844223499298096,1.039736270904541,0.9041671752929688,0.9275469183921814,1.0088685750961304,0.9903717637062073,1.0012242794036865,1.0501238107681274,0.9008016586303711,0.8657721877098083,0.9202196002006531,0.9127913117408752,0.94780033826828,0.8809904456138611,0.958729088306427,0.9153149127960205,0.9545221924781799,0.9671290516853333,1.0306018590927124,1.0416231155395508,1.0304657220840454,0.9509290456771851,1.0598303079605103,1.0844907760620117,1.1030793190002441,1.0093833208084106,1.1404887437820435,1.118585228919983,1.1060365438461304,1.1814208030700684,1.1920146942138672,1.1268154382705688,1.1131001710891724,1.1486828327178955,1.0412371158599854,1.037621021270752,0.9832295179367065,1.1011956930160522,,0.8594697117805481,0.8667689561843872,0.899005651473999,1.0338044166564941,0.9728509187698364,1.133858561515808,1.1636184453964233,1.1393343210220337,1.0610557794570923,1.037244439125061,1.1455456018447876,1.185877799987793,1.1914188861846924,1.192664623260498,1.2084875106811523,1.0539193153381348,1.0075345039367676,0.9383445978164673,0.9563251733779907,1.0536738634109497,1.1244454383850098,1.0664513111114502,1.009308099746704,0.907620906829834,0.9767538905143738,0.8937975764274597,0.9141915440559387,0.8934863209724426,0.9088861346244812,0.9650577306747437,0.8830896615982056,0.8926607370376587,0.9969624876976013,0.8732595443725586,0.9575934410095215,0.8965922594070435,1.0171223878860474,0.9845889806747437,,0.9722090363502502,0.9448434710502625,0.9324687719345093,0.9864959120750427,1.0113295316696167,0.9430911540985107,0.9648576974868774,0.9412437677383423,0.9452386498451233,0.9239217042922974,0.8174762725830078,0.9912898540496826,0.839316189289093,1.034584641456604,0.8789528608322144,0.7607449293136597,0.8622223734855652,1.017195701599121,1.0516128540039062,0.9300991892814636,1.0201197862625122,1.0879932641983032,1.0179688930511475,1.0615167617797852,0.9418325424194336,0.9544218182563782,0.9004926681518555,0.8496358394622803,0.991260826587677,1.0083482265472412,0.9845828413963318,0.9824264049530029,1.0140936374664307,0.9883154630661011,0.9908658862113953,1.0997990369796753,,
deer,0.9697582721710205,0.9167197346687317,0.0,0.7747815847396851,0.7506175637245178,0.9572442770004272,0.9533957242965698,1.1393589973449707,0.9953853487968445,0.8908752799034119,1.0271222591400146,0.9427907466888428,1.009071946144104,0.696550726890564,0.9481271505355835,0.8328220248222351,0.8529779314994812,0.8499779105186462,0.6243931651115417,0.9774290919303894,0.9903204441070557,0.8850536346435547,0.993356466293335,0.8495479822158813,0.9512424468994141,1.0069550275802612,1.126507043838501,1.1109273433685303,1.1444345712661743,1.1328638792037964,1.0987763404846191,1.0690077543258667,1.0938920974731445,0.8563618659973145,0.8448467254638672,0.96478271484375,0.9144842624664307,1.01541006565094,1.1308085918426514,0.9679599404335022,0.8835386037826538,0.9796494841575623,0.8882668018341064,1.0117655992507935,1.0032988786697388,0.9744025468826294,0.8819558620452881,1.0227372646331787,0.9312968850135803,0.9677247405052185,0.8669900298118591,0.9433136582374573,0.8832695484161377,0.8703904151916504,0.9245996475219727,0.8293985724449158,0.8875031471252441,0.7824355363845825,0.8672996759414673,0.89727383852005,0.8015460968017578,0.7173279523849487,0.8035540580749512,0.8636695146560669,0.9371299743652344,1.1022430658340454,1.1304831504821777,1.051756501197815,0.944754421710968,1.136508584022522,1.0978235006332397,1.1273847818374634,1.0350735187530518,1.0842161178588867,1.1169456243515015,1.1374529600143433,1.1945734024047852,1.215799331665039,1.1641874313354492,1.1545274257659912,1.0857818126678467,1.0999318361282349,1.0117400884628296,1.031804084777832,1.0896708965301514,,0.8972909450531006,0.9046400785446167,0.9440896511077881,0.9964288473129272,0.8962024450302124,1.1324713230133057,1.1336352825164795,1.1720489263534546,0.895587682723999,0.9394000768661499,1.159239411354065,1.1339998245239258,1.152108073234558,1.1299962997436523,1.1547825336456299,1.0536937713623047,1.0779987573623657,0.9384200572967529,0.9059244394302368,1.056634783744812,1.1337114572525024,1.0285439491271973,0.9284717440605164,0.9602347612380981,1.050623893737793,0.9822776913642883,0.988399088382721,0.958842396736145,0.9652321338653564,0.9014847278594971,0.9241475462913513,0.905458390712738,0.9127822518348694,0.9027388095855713,0.9015845060348511,0.9627457857131958,0.9269171953201294,0.8888437151908875,,0.9322104454040527,0.9505831003189087,1.038119912147522,0.9691553115844727,1.0065934658050537,0.9604837894439697,0.9064018726348877,1.012117862701416,1.0839450359344482,0.9868308305740356,0.8656771183013916,0.9897636771202087,0.9791019558906555,1.2561882734298706,1.1327898502349854,1.0087966918945312,0.8978446125984192,1.0136646032333374,0.9973812699317932,0.8259795904159546,0.8680871725082397,1.124168872833252,0.9991315603256226,1.0152184963226318,0.8158515691757202,0.8640781044960022,0.867684006690979,0.9421095252037048,0.9624320864677429,0.9187089204788208,0.865269660949707,0.9122713804244995,0.9417800307273865,0.8655651807785034,0.8641334176063538,1.069149374961853,,
pony,1.023787260055542,0.7094821929931641,0.7747815847396851,0.0,0.23828119039535522,0.9701820015907288,0.7571969032287598,1.1101826429367065,0.9135807156562805,0.9289814829826355,1.0983829498291016,0.9603930115699768,0.7247287034988403,0.7487632632255554,0.9665775895118713,0.953362762928009,1.018298625946045,1.0407787561416626,0.6911646723747253,1.0683897733688354,1.0920981168746948,1.0643967390060425,1.1075447797775269,1.060280680656433,1.0640394687652588,1.0809478759765625,1.1597342491149902,1.174019455909729,1.071750521659851,1.089422583580017,1.1435306072235107,1.0200927257537842,1.017917513847351,0.8331913948059082,0.8250244855880737,0.7902970314025879,0.8642718195915222,0.8721238374710083,1.0535246133804321,0.9839833974838257,0.9876396059989929,1.017343282699585,0.8514115810394287,0.9724285006523132,0.9944531321525574,0.9712854623794556,1.0145994424819946,1.0152634382247925,1.00873601436615,0.86162930727005,0.902906596660614,1.0136319398880005,1.0059775114059448,0.9942488074302673,1.048974633216858,0.8338081240653992,0.8244746327400208,0.8895635604858398,0.7946099042892456,0.817408561706543,0.9665616154670715,0.8640326261520386,0.9764967560768127,0.8601123094558716,0.9448383450508118,0.9977061152458191,1.1023000478744507,1.0334081649780273,0.9700794816017151,1.108028769493103,1.1330692768096924,1.0794131755828857,1.0550510883331299,1.1231566667556763,1.085541844367981,1.1574931144714355,1.191746473312378,1.1756391525268555,1.1289541721343994,1.147504448890686,1.1395635604858398,1.172202706336975,0.9130775928497314,0.9744896292686462,1.0234365463256836,,0.9725919365882874,0.9502566456794739,1.0128843784332275,0.9641668796539307,1.0355920791625977,1.1218836307525635,1.124432921409607,1.1276206970214844,1.0209953784942627,0.9478489756584167,1.1081844568252563,1.0733839273452759,1.1356937885284424,1.1140575408935547,1.159727931022644,0.9940710067749023,0.9516934156417847,1.0360268354415894,0.9998752474784851,1.011598825454712,1.1364636421203613,1.1117669343948364,1.0353221893310547,1.138918399810791,1.0883939266204834,1.010054588317871,1.0563684701919556,0.988752543926239,0.9878615736961365,0.9815179109573364,1.0045934915542603,0.9639285206794739,0.9936215877532959,0.9847046732902527,0.9781470894813538,0.9705960750579834,0.9928935170173645,1.072013258934021,,1.0390862226486206,1.0616512298583984,1.011979341506958,0.9923786520957947,1.0648785829544067,1.0502642393112183,0.9837489724159241,1.0066860914230347,0.9967553615570068,1.1125072240829468,1.019339680671692,1.0759963989257812,0.9464234113693237,1.132213830947876,0.9105360507965088,0.7531832456588745,0.980858564376831,1.0347983837127686,1.0864605903625488,0.953061580657959,1.015324592590332,1.0980370044708252,1.0710177421569824,1.0869077444076538,1.0154914855957031,0.9302152991294861,0.9563820362091064,0.9696030020713806,1.0674474239349365,1.060873031616211,0.9910616278648376,1.0034099817276,1.008314609527588,1.0727241039276123,0.9996726512908936,1.0314018726348877,,
horse,1.0140514373779297,0.7941020727157593,0.7506175637245178,0.23828119039535522,0.0,0.9399444460868835,0.7075252532958984,1.0615482330322266,0.86699378490448,0.9144330024719238,1.0071051120758057,0.940000593662262,0.7044401168823242,0.7252411842346191,0.8874505162239075,0.7636290192604065,0.9407656788825989,0.9348888993263245,0.7010934352874756,0.9662989974021912,0.9942865967750549,1.0411477088928223,1.1302893161773682,1.014695405960083,1.102658987045288,1.1350078582763672,1.1813431978225708,1.2133721113204956,1.0547884702682495,1.0812079906463623,1.0825340747833252,1.0654504299163818,1.0188390016555786,0.8110396862030029,0.7875081896781921,0.7898070216178894,0.8476693630218506,0.8392621278762817,0.9843612909317017,1.0237010717391968,1.0241628885269165,1.083356499671936,0.888739824295044,0.9681944847106934,1.0403573513031006,1.031158447265625,1.0124119520187378,1.0453687906265259,1.0683412551879883,1.0161422491073608,0.9877199530601501,1.0251379013061523,1.0177257061004639,0.9955592155456543,1.0527045726776123,0.8461577296257019,0.8580184578895569,0.9251593947410583,0.8124126195907593,0.8198779821395874,0.8367249965667725,0.8186571002006531,0.8822880387306213,0.8594146370887756,0.9323932528495789,0.9609488844871521,1.094299077987671,1.0187093019485474,1.028367519378662,1.1289149522781372,1.1382720470428467,1.0968260765075684,1.126013159751892,1.1179842948913574,1.0390293598175049,1.145063877105713,1.1807485818862915,1.1595312356948853,1.1438747644424438,1.068087100982666,1.069197654724121,1.1886767148971558,0.9621142148971558,0.984611451625824,1.0418319702148438,,0.9695330262184143,0.9608215093612671,1.0137442350387573,0.9605815410614014,1.0483037233352661,1.0885846614837646,1.0703635215759277,1.0765156745910645,1.008769154548645,0.9341543912887573,1.0877654552459717,1.0444693565368652,1.1254734992980957,1.147509217262268,1.0790319442749023,1.0213875770568848,1.0563944578170776,1.060752034187317,1.0581058263778687,1.0700663328170776,1.1348017454147339,1.130074143409729,1.0518410205841064,1.1188663244247437,1.0854079723358154,1.0313347578048706,1.1065878868103027,0.986456573009491,0.9993796348571777,0.9815502762794495,0.9927574396133423,0.9704142808914185,0.9835633039474487,1.0116996765136719,0.9773595929145813,0.9680821299552917,0.9907689690589905,1.0699139833450317,,1.0397175550460815,1.0539448261260986,1.0376675128936768,0.9783876538276672,1.1398695707321167,1.088163137435913,1.0227633714675903,1.094450831413269,1.0292294025421143,1.1508111953735352,0.965680718421936,1.129673957824707,0.9707777500152588,1.1335994005203247,0.9873837232589722,0.9166490435600281,0.979540228843689,1.0024112462997437,1.0995286703109741,0.9694893956184387,0.9923262596130371,1.1039104461669922,1.0508313179016113,1.0731511116027832,0.9835653305053711,0.9092430472373962,0.9277670383453369,0.9716668128967285,0.9912992715835571,0.9324043989181519,0.8363504409790039,0.9188349843025208,0.9346368908882141,0.9877862930297852,0.9674962759017944,1.021535038948059,,
pig,0.915795087814331,0.9889317750930786,0.9572442770004272,0.9701820015907288,0.9399444460868835,0.0,0.9571284651756287,1.003759503364563,1.0123485326766968,0.9460691213607788,1.0582913160324097,1.0439307689666748,1.0913426876068115,0.7713280916213989,0.7773258090019226,0.7033169865608215,0.726706326007843,0.7100968360900879,0.7144667506217957,0.8010693788528442,0.7194451093673706,0.6985573172569275,0.8430136442184448,0.9783926606178284,1.0213234424591064,1.0462398529052734,1.0631965398788452,1.0974864959716797,1.0985634326934814,0.9971733093261719,1.042641520500183,1.0970431566238403,1.0487167835235596,0.9705442786216736,0.9664968848228455,1.0681651830673218,1.0413117408752441,1.1132856607437134,1.095125675201416,0.9265713691711426,0.9049181342124939,1.1317929029464722,0.9778940081596375,0.9526177048683167,0.9522819519042969,0.940971314907074,0.9680336713790894,1.0315734148025513,1.0421252250671387,0.9692144393920898,0.8045483231544495,0.8398966789245605,0.9120144844055176,0.9205429553985596,0.9943997263908386,0.9567480087280273,0.970476508140564,1.0248167514801025,1.0602540969848633,1.0241303443908691,0.8181762099266052,0.9234017133712769,0.8512288331985474,1.0104869604110718,1.0463773012161255,1.1158908605575562,1.216079831123352,1.1825579404830933,1.0846261978149414,1.1879758834838867,1.1367332935333252,1.1810132265090942,1.0741353034973145,1.078829288482666,0.956665575504303,1.1461153030395508,1.1436151266098022,1.1781351566314697,0.9652513861656189,1.0417290925979614,0.9471501708030701,1.1106376647949219,1.0334938764572144,1.0549532175064087,1.0290310382843018,,1.0814846754074097,1.1464014053344727,1.142246961593628,1.1546077728271484,1.0743088722229004,1.115918517112732,1.1547160148620605,1.2334946393966675,0.9272897839546204,0.9808400869369507,1.176864743232727,1.1780624389648438,1.213621973991394,1.0938489437103271,0.9885079264640808,1.08056640625,1.106682300567627,1.0264960527420044,1.0908008813858032,1.1710585355758667,1.2511464357376099,1.1530009508132935,1.0337305068969727,1.0705291032791138,1.0684741735458374,1.1253811120986938,1.0201735496520996,0.9950886964797974,1.0733636617660522,0.9967490434646606,1.0130270719528198,0.9196650981903076,1.01624596118927,0.9241520762443542,0.9410014152526855,0.9993546605110168,1.040631651878357,0.8744103908538818,,0.9925864934921265,1.0111632347106934,0.9887036085128784,0.9540295004844666,1.08079993724823,1.0806342363357544,1.0043569803237915,1.0798382759094238,1.081008791923523,1.063482403755188,0.7528014183044434,1.0063647031784058,1.0752589702606201,1.2569715976715088,1.2465382814407349,0.9261836409568787,0.8400342464447021,0.8985433578491211,1.024882435798645,1.0171946287155151,0.8841947317123413,0.7730212211608887,0.8591172695159912,0.9112436771392822,0.6576510071754456,0.8186509609222412,0.7055894136428833,0.7152179479598999,0.6430333852767944,0.5640442371368408,0.6098833084106445,0.5888639688491821,0.6365612745285034,0.7485882043838501,0.811915934085846,0.8780679106712341,,
rooster,1.1103947162628174,0.8554937243461609,0.9533957242965698,0.7571969032287598,0.7075252532958984,0.9571284651756287,0.0,0.5999805927276611,0.46937280893325806,0.9189788103103638,0.6264153718948364,0.9329088926315308,0.7390888333320618,0.9209338426589966,1.0155091285705566,0.9802893996238708,1.0602225065231323,0.845328688621521,0.6903243660926819,0.936022937297821,0.8655284643173218,1.1603238582611084,1.0462366342544556,0.9484841227531433,0.9000749588012695,1.0314080715179443,0.9298132658004761,0.8703948259353638,0.8170770406723022,0.8756158947944641,0.9064714908599854,0.9385201930999756,0.9913719892501831,0.9799354672431946,0.9335619211196899,0.9876663684844971,0.9147696495056152,0.8576836585998535,0.8589503765106201,1.09452223777771,1.1448254585266113,1.113049030303955,1.0712177753448486,1.0703693628311157,0.9898236393928528,1.0182840824127197,1.0587437152862549,1.1580902338027954,1.1594185829162598,1.1736488342285156,1.2040082216262817,1.0897525548934937,1.2545416355133057,1.220565676689148,1.2159724235534668,1.1918754577636719,1.1738340854644775,1.1629661321640015,0.9068766236305237,1.0720773935317993,0.941286563873291,1.0838630199432373,0.9967948198318481,1.0310405492782593,1.0119035243988037,0.9672752022743225,0.9746860265731812,1.0471045970916748,1.0360552072525024,1.0128780603408813,0.9910075664520264,0.9300944805145264,0.9674188494682312,0.8925848603248596,0.7032357454299927,0.680380642414093,0.8759865760803223,0.8812013268470764,0.719632625579834,0.8601502776145935,0.9257550835609436,0.9239169955253601,0.9072959423065186,0.8151834011077881,0.990766167640686,,1.0522472858428955,1.0814210176467896,1.0666556358337402,0.955852210521698,1.0355135202407837,0.8997364640235901,0.9023563265800476,0.8565260767936707,0.6463714838027954,0.5754410624504089,0.9068573117256165,0.8423342108726501,1.0044255256652832,0.9354531764984131,0.8946943283081055,1.0773274898529053,1.1049128770828247,1.118372917175293,1.1583056449890137,1.15521240234375,1.0957919359207153,1.159361481666565,1.1707494258880615,0.9120708703994751,0.9966800808906555,1.0210676193237305,1.1298893690109253,0.8967164754867554,0.9388170838356018,1.0371825695037842,0.8407783508300781,0.9923799633979797,1.050100564956665,0.9224225282669067,1.0614145994186401,0.8618865609169006,1.1284894943237305,1.0667624473571777,,1.154512643814087,1.0420786142349243,1.1404786109924316,1.1135801076889038,1.075040578842163,1.161525011062622,1.2498116493225098,1.2179206609725952,1.1327924728393555,1.0838134288787842,1.068257212638855,0.8967757821083069,1.0609365701675415,0.9248397350311279,1.0430964231491089,0.8168285489082336,0.9947546720504761,0.9077309370040894,1.0626084804534912,0.8716692328453064,1.038583517074585,0.9496206641197205,0.9740681052207947,0.9555838704109192,1.2182022333145142,1.0641833543777466,1.033044695854187,1.1648156642913818,1.0053118467330933,1.0366569757461548,1.0491993427276611,1.0378150939941406,0.9770014882087708,1.0368316173553467,0.9538092017173767,0.7749564051628113,,
penguin,1.1070246696472168,1.0296467542648315,1.1393589973449707,1.1101826429367065,1.0615482330322266,1.003759503364563,0.5999805927276611,0.0,0.748818039894104,0.9776817560195923,0.5326234698295593,0.9884015321731567,0.8896548748016357,1.1650240421295166,1.0484331846237183,1.01607084274292,1.1037819385528564,0.8257752060890198,1.0193281173706055,0.8799846172332764,0.8202415704727173,1.1803367137908936,0.974445641040802,0.966994047164917,0.8809983134269714,0.8726121783256531,0.7730497121810913,0.6672684550285339,0.6451902985572815,0.6534885764122009,0.6472541093826294,0.724484920501709,0.8035759925842285,1.0809296369552612,1.0331363677978516,1.0536038875579834,1.051520824432373,0.8940905928611755,0.7587598562240601,1.1102722883224487,1.214959740638733,1.0759823322296143,1.2183575630187988,1.0557974576950073,1.0802147388458252,1.134846568107605,1.1430341005325317,1.2041516304016113,1.199478030204773,1.2297091484069824,1.258624792098999,1.140305519104004,1.2757790088653564,1.2681331634521484,1.24151611328125,1.2474040985107422,1.2431517839431763,1.183549404144287,1.012470006942749,1.1325242519378662,1.0870856046676636,1.2169303894042969,1.095701813697815,1.153440237045288,1.0024076700210571,0.8282548189163208,0.836216390132904,0.9688336253166199,1.0859590768814087,0.9283733367919922,0.8742828369140625,0.8389949202537537,0.9475155472755432,0.8268498182296753,0.6154752969741821,0.5163180828094482,0.5679081678390503,0.596441388130188,0.5651073455810547,0.583660364151001,0.680666446685791,0.8069477081298828,0.954447865486145,0.8591567873954773,1.0155789852142334,,1.1397514343261719,1.153224229812622,1.0827419757843018,0.9709800481796265,1.0796713829040527,0.7544773817062378,0.6637388467788696,0.6990357637405396,0.7130805850028992,0.8280140161514282,0.8024955987930298,0.6963455677032471,0.8216134309768677,0.8364535570144653,0.6155062913894653,1.1002206802368164,1.1493251323699951,1.2056536674499512,1.1822471618652344,1.1300764083862305,0.9812747836112976,1.0989636182785034,1.2130351066589355,0.8556407690048218,0.9331086874008179,1.0958317518234253,1.1154074668884277,1.0004267692565918,0.9644709229469299,1.058131456375122,0.9724435210227966,1.1667507886886597,1.036283254623413,1.0382750034332275,1.1184486150741577,0.9731037616729736,1.1645872592926025,1.2238876819610596,,1.2275211811065674,1.0852775573730469,1.0834544897079468,1.0816078186035156,1.1026710271835327,1.1816775798797607,1.293321132659912,1.2420618534088135,1.1109768152236938,1.0918395519256592,1.1801035404205322,0.8770638108253479,1.09561026096344,0.7364256978034973,1.017227053642273,1.0112900733947754,1.0299748182296753,0.8846213817596436,0.9456058740615845,0.9697183966636658,1.0749499797821045,0.7764163017272949,1.0834298133850098,1.0429961681365967,1.2543132305145264,1.0853298902511597,1.0851268768310547,1.1710280179977417,1.053544282913208,1.1236002445220947,1.1705234050750732,1.1089650392532349,1.0043346881866455,1.0497809648513794,1.0169014930725098,0.7099422812461853,,
bird,1.0508373975753784,0.8267742395401001,0.9953853487968445,0.9135807156562805,0.86699378490448,1.0123485326766968,0.46937280893325806,0.748818039894104,0.0,0.8477849364280701,0.6495440006256104,0.950532078742981,0.7628837823867798,0.9805993437767029,0.994326651096344,1.0515270233154297,1.0927150249481201,0.9690827131271362,0.8102921843528748,1.066978931427002,1.040246605873108,1.2015087604522705,1.0896332263946533,1.0991933345794678,0.9969184994697571,1.038253903388977,0.9824373722076416,0.914482593536377,0.8538150787353516,0.9051700830459595,1.0237932205200195,0.9900283217430115,1.091524600982666,1.0093603134155273,1.0344656705856323,0.9345523118972778,0.9457546472549438,0.8789561986923218,0.8604893684387207,1.1268563270568848,1.1692990064620972,1.0337156057357788,1.1045962572097778,1.1196428537368774,1.068896770477295,1.0953128337860107,1.04159677028656,1.1135143041610718,1.1116799116134644,1.1397863626480103,1.1744980812072754,1.1528457403182983,1.1991175413131714,1.1189091205596924,1.0951166152954102,1.1009379625320435,1.0959696769714355,1.0834283828735352,0.9346242547035217,1.024418592453003,0.9660906195640564,1.0661969184875488,1.036264181137085,0.9760448932647705,1.0206482410430908,0.9172210097312927,0.9359445571899414,1.0015124082565308,0.9631780982017517,0.9171875715255737,0.976779043674469,0.9211142063140869,0.9105661511421204,0.9254958629608154,0.83067786693573,0.7309114336967468,0.8975368142127991,0.931504487991333,0.8268967866897583,0.9425795674324036,0.9704117774963379,0.9543170928955078,0.9791868329048157,0.8419889211654663,0.9332942962646484,,0.9320674538612366,0.9759395122528076,0.9643120765686035,0.9582315683364868,1.0127681493759155,0.8528464436531067,0.8481648564338684,0.8480321764945984,0.8422499299049377,0.755014181137085,0.8771864771842957,0.9241266846656799,0.9407446384429932,0.9831864237785339,0.961585521697998,0.9955531358718872,1.0584050416946411,1.0252766609191895,1.094024896621704,1.0644562244415283,0.9693900346755981,1.0011142492294312,1.0421278476715088,0.9859124422073364,0.8964205384254456,0.9090203642845154,0.9943368434906006,0.83658766746521,0.808347225189209,1.0390725135803223,0.8307379484176636,0.986333966255188,1.0354777574539185,0.9835161566734314,1.049436330795288,0.8272081613540649,1.054589867591858,1.0566238164901733,,1.046730399131775,0.995003342628479,1.0833810567855835,1.0682021379470825,1.0352880954742432,1.022250771522522,1.1096068620681763,1.1263318061828613,1.0440231561660767,0.9355500936508179,1.0410826206207275,1.019655704498291,0.9974137544631958,0.946965754032135,0.9661363363265991,0.9438190460205078,0.9661180377006531,0.9213495850563049,1.1100215911865234,0.9144463539123535,0.9880873560905457,0.9559272527694702,0.875190258026123,0.8351607918739319,1.1493299007415771,1.0934242010116577,1.126831293106079,1.0783441066741943,1.0767109394073486,1.1098638772964478,1.089289665222168,1.1442972421646118,1.124469518661499,1.1815420389175415,1.124081015586853,0.9763750433921814,,
duck,1.0482053756713867,0.9452351331710815,0.8908752799034119,0.9289814829826355,0.9144330024719238,0.9460691213607788,0.9189788103103638,0.9776817560195923,0.8477849364280701,0.0,0.8206941485404968,0.9592808485031128,1.0076537132263184,0.9663982391357422,1.028855562210083,0.9987797141075134,1.050308346748352,0.9611908197402954,0.9011378288269043,1.1068209409713745,1.0756394863128662,1.0736736059188843,1.0631204843521118,1.0372090339660645,1.0280686616897583,0.9984447360038757,1.0427193641662598,0.9549455642700195,0.9438695907592773,0.9573885798454285,1.014467477798462,0.9641056656837463,1.0607459545135498,1.0467731952667236,1.039170265197754,0.9888578057289124,0.8766909837722778,0.8535212874412537,0.9819153547286987,1.0437042713165283,1.1209405660629272,1.0459140539169312,1.087177038192749,1.028394341468811,1.0973657369613647,1.081734299659729,1.071940302848816,1.0181708335876465,1.0087926387786865,1.1056243181228638,1.1200379133224487,1.1077344417572021,1.101966142654419,1.0667097568511963,1.0304043292999268,1.009484887123108,1.0590248107910156,1.0588746070861816,1.0178427696228027,0.9591855406761169,1.008495569229126,0.9421442151069641,0.9859248995780945,0.9449658989906311,1.0155985355377197,0.9504391551017761,1.0479847192764282,1.0292397737503052,0.937384307384491,1.0168955326080322,0.9493412971496582,0.9599298238754272,0.8973135352134705,0.984825074672699,0.8984857797622681,0.8824504017829895,0.9221512675285339,0.9787448644638062,1.014755368232727,0.9563062191009521,0.9270747900009155,1.0246059894561768,1.064197063446045,1.0686448812484741,0.9886041879653931,,0.9588686227798462,1.0202357769012451,0.9903873205184937,0.9660932421684265,0.9882152676582336,1.0007561445236206,0.9497972130775452,0.9752646684646606,1.0205039978027344,0.9953169226646423,0.9438350796699524,0.9625697135925293,0.9598033428192139,1.018640160560608,0.8084434270858765,0.9802178144454956,1.0622743368148804,1.0060970783233643,1.021423101425171,1.009432077407837,0.9731294512748718,0.9546129107475281,0.9821431636810303,0.9333953857421875,0.9671674966812134,1.055800437927246,1.0128536224365234,0.9082717299461365,0.9364784359931946,0.9980865716934204,1.0031890869140625,1.046964168548584,0.9893863201141357,0.9390298128128052,1.010008692741394,0.9238129258155823,0.968168318271637,1.1434890031814575,,0.9790285229682922,0.9392566084861755,0.9899382591247559,1.0788453817367554,0.9963656067848206,1.0136669874191284,1.0270025730133057,1.097359538078308,1.0411142110824585,1.0767221450805664,1.0477713346481323,1.0406098365783691,1.0698291063308716,1.0484949350357056,1.0813275575637817,1.0985280275344849,1.031129002571106,0.966437816619873,1.0459216833114624,0.9847185611724854,1.007666826248169,0.9738010764122009,1.0149377584457397,1.0059834718704224,1.048100233078003,1.0305936336517334,1.051797866821289,1.051664113998413,1.05307936668396,1.0538674592971802,1.0345455408096313,1.0776699781417847,1.0508919954299927,1.0797836780548096,1.0888020992279053,0.9960129857063293,,
fish,1.1555683612823486,1.0323233604431152,1.0271222591400146,1.0983829498291016,1.0071051120758057,1.0582913160324097,0.6264153718948364,0.5326234698295593,0.6495440006256104,0.8206941485404968,0.0,0.8017891049385071,0.7502247095108032,1.1489171981811523,0.9802722334861755,1.1154810190200806,1.1226425170898438,0.9122357964515686,1.0476957559585571,1.0775972604751587,1.0724507570266724,1.2401957511901855,1.0896581411361694,1.1115282773971558,0.9663230180740356,0.9413384199142456,0.8205398917198181,0.6554466485977173,0.5102577209472656,0.8199479579925537,0.7559661865234375,0.9200610518455505,0.9816005229949951,1.1721839904785156,1.1544597148895264,1.0244253873825073,0.951040506362915,0.838502049446106,0.7886062860488892,1.214679479598999,1.3179948329925537,1.1031203269958496,1.298149585723877,1.173311710357666,1.220300316810608,1.2494003772735596,1.167917013168335,1.2519469261169434,1.1722331047058105,1.3259717226028442,1.352028489112854,1.2746825218200684,1.3350427150726318,1.252471685409546,1.2071709632873535,1.2182742357254028,1.2635562419891357,1.233648419380188,1.0677458047866821,1.100837230682373,1.0816794633865356,1.0747590065002441,1.1208945512771606,1.081640601158142,1.0691723823547363,0.7603809833526611,0.6666383743286133,0.8197846412658691,0.9650078415870667,0.7722355723381042,0.7305344939231873,0.6116654872894287,0.8080146312713623,0.6870130896568298,0.6417313814163208,0.4127854108810425,0.4987914562225342,0.4596290588378906,0.6627488136291504,0.6979946494102478,0.6327422261238098,0.6888762712478638,1.1001696586608887,0.9238058924674988,1.0151742696762085,,1.0214383602142334,1.1098592281341553,1.002114176750183,0.8743494153022766,0.9980155825614929,0.4978827238082886,0.4423612356185913,0.42328715324401855,0.7415860891342163,0.7764803171157837,0.5425959229469299,0.6327774524688721,0.6595402956008911,0.8647207021713257,0.4330669641494751,1.1080796718597412,1.1440199613571167,1.2270281314849854,1.2071503400802612,1.0811458826065063,0.7950598001480103,0.9668521881103516,1.1030136346817017,0.6657963991165161,0.8235862255096436,0.9848540425300598,1.0468238592147827,0.8522212505340576,0.8196561336517334,1.0100674629211426,0.852423906326294,1.094158411026001,1.0243263244628906,0.9495530724525452,1.08574640750885,0.8418393135070801,1.1604663133621216,1.177878499031067,,1.1598331928253174,1.0202527046203613,1.0535279512405396,1.2389004230499268,1.0664969682693481,1.1866614818572998,1.2723348140716553,1.328568935394287,1.100374460220337,1.0922003984451294,1.1713449954986572,0.9535660743713379,1.076476812362671,0.6716341376304626,0.9446811676025391,1.107168197631836,0.9929189085960388,0.7955732345581055,0.996639609336853,0.9742007851600647,1.1330373287200928,0.7916831374168396,0.9761509895324707,0.9077115058898926,1.285423755645752,1.1037428379058838,1.1987433433532715,1.2096824645996094,1.1075814962387085,1.2047016620635986,1.2684664726257324,1.2591543197631836,1.1979382038116455,1.201709508895874,1.1709966659545898,0.8911553025245667,,
butterfly,1.073990821838379,0.8942074179649353,0.9427907466888428,0.9603930115699768,0.940000593662262,1.0439307689666748,0.9329088926315308,0.9884015321731567,0.950532078742981,0.9592808485031128,0.8017891049385071,0.0,0.5915518999099731,0.8625940084457397,0.8400141000747681,1.0995444059371948,1.022411584854126,1.0698316097259521,1.056363821029663,1.0637115240097046,1.1015312671661377,1.12110435962677,1.051576018333435,1.0803616046905518,1.0407416820526123,0.9925674200057983,1.0101701021194458,1.0018436908721924,0.9864197969436646,1.049766182899475,0.9999387860298157,0.9959045052528381,1.0460749864578247,1.012852430343628,1.0940355062484741,0.9964409470558167,0.9984790086746216,1.0020815134048462,0.9414424896240234,1.0588816404342651,1.0482889413833618,0.9993950724601746,1.0967135429382324,1.0595723390579224,1.0968540906906128,1.0645952224731445,1.0714513063430786,1.141451120376587,1.0949060916900635,1.0907797813415527,1.0802313089370728,1.0698641538619995,1.0725165605545044,1.0884437561035156,1.0900131464004517,0.9554905891418457,1.0821657180786133,1.0150731801986694,1.0431694984436035,1.0090082883834839,1.0424270629882812,0.9642428755760193,1.055692195892334,0.9786757230758667,1.0720617771148682,0.8936164379119873,0.9973908066749573,0.9964332580566406,1.037441611289978,1.0369983911514282,1.001349925994873,1.0025213956832886,1.0373486280441284,0.9361883997917175,0.9611799716949463,0.9538199305534363,0.9822074770927429,1.011099934577942,0.9894252419471741,0.9468280673027039,0.8857661485671997,1.0413326025009155,1.0407263040542603,1.0139832496643066,0.9163215160369873,,0.9706484079360962,0.7486384510993958,0.9546979665756226,0.8602121472358704,0.9358189105987549,0.9011048078536987,0.8453184366226196,0.8959168195724487,0.919813871383667,0.8502428531646729,1.014294147491455,1.063515305519104,1.0343780517578125,1.080486536026001,0.9349120855331421,0.9654591679573059,1.0732789039611816,1.08347749710083,1.0505053997039795,1.0721511840820312,1.0458285808563232,1.0708575248718262,1.024074912071228,0.9292659759521484,0.9796810746192932,1.0253372192382812,1.030524492263794,1.0072776079177856,0.9014820456504822,1.0287963151931763,0.9691417217254639,1.0500633716583252,1.0147876739501953,1.0306766033172607,1.0680421590805054,0.9724524021148682,1.0452345609664917,1.030968427658081,,1.005768895149231,1.007070779800415,1.0124677419662476,1.0718601942062378,0.9799314737319946,1.034448504447937,1.053343415260315,1.0499647855758667,0.9507453441619873,0.9584922790527344,1.0376741886138916,0.9784491062164307,1.0395300388336182,0.9848941564559937,1.0037448406219482,0.9937381744384766,1.021131157875061,1.0168513059616089,1.0771650075912476,0.9644805192947388,0.9816998839378357,0.8913599252700806,0.9349920153617859,0.9521633386611938,0.9643771648406982,1.0270613431930542,1.074008822441101,1.0042705535888672,1.0580227375030518,1.1150323152542114,1.0626552104949951,1.1550300121307373,1.1526062488555908,1.130623459815979,1.133133053779602,1.025538444519043,,
frog,0.8846384286880493,0.7348183989524841,1.009071946144104,0.7247287034988403,0.7044401168823242,1.0913426876068115,0.7390888333320618,0.8896548748016357,0.7628837823867798,1.0076537132263184,0.7502247095108032,0.5915518999099731,0.0,0.6557797789573669,0.7250796556472778,1.118861436843872,0.9686982035636902,1.1150988340377808,0.8852709531784058,1.1184710264205933,1.1674679517745972,1.2003753185272217,1.0105429887771606,1.1643266677856445,1.0807137489318848,1.0887665748596191,1.0390368700027466,1.0613586902618408,0.9029726386070251,1.0135136842727661,1.1105009317398071,0.9876065254211426,1.0568256378173828,1.015715479850769,0.9954439401626587,0.8828976154327393,1.0161261558532715,0.9552320241928101,1.0341824293136597,1.17435622215271,1.212425708770752,1.0744229555130005,1.1885942220687866,1.174849271774292,1.1957509517669678,1.1760461330413818,1.1637790203094482,1.220589518547058,1.1905497312545776,1.0228132009506226,1.1770999431610107,1.1964702606201172,1.1662373542785645,1.023576259613037,1.045753002166748,0.8677793741226196,0.8895460963249207,0.9952555298805237,0.9331845045089722,0.9964438080787659,1.0799674987792969,1.085760235786438,1.1213709115982056,0.9876686334609985,0.9750669598579407,0.8408995270729065,0.8548865914344788,0.8274150490760803,0.9692266583442688,0.9276701211929321,0.8980979919433594,0.9640053510665894,1.0621415376663208,0.8687429428100586,0.946648359298706,0.9208091497421265,1.0610448122024536,1.0278797149658203,0.9068311452865601,1.0700788497924805,1.0815738439559937,0.8947751522064209,1.0966976881027222,0.9985554218292236,1.0030072927474976,,0.9470802545547485,0.6876931190490723,0.8400442004203796,0.9099247455596924,0.9876385927200317,0.9800814390182495,0.9254886507987976,0.8379943370819092,1.0271893739700317,0.9183590412139893,0.8650729656219482,1.0050163269042969,0.9387243390083313,1.1069087982177734,1.0402977466583252,1.0309334993362427,0.9550721645355225,0.9833869934082031,0.9957281351089478,0.8242107629776001,0.8285439014434814,0.9319168329238892,0.9128487706184387,0.9261184930801392,0.8364258408546448,0.7344057559967041,0.8328444361686707,0.9132179021835327,0.8648524284362793,1.0372031927108765,0.8514654636383057,0.9833276271820068,0.9974574446678162,0.9674967527389526,1.046903371810913,0.8818985223770142,1.051764965057373,1.026525616645813,,0.9283536672592163,0.9143887758255005,0.8777781128883362,1.0420888662338257,1.0089356899261475,0.9082850217819214,0.9379501938819885,0.9266210198402405,0.8385291695594788,0.969170093536377,0.976391077041626,1.0396517515182495,0.7601833343505859,0.6691343188285828,0.5795214176177979,0.7389994263648987,0.7952117323875427,0.8996922373771667,0.9992048740386963,0.9018152952194214,1.0912822484970093,1.0588914155960083,1.0249512195587158,1.0277138948440552,1.1872036457061768,1.0730078220367432,1.0386872291564941,0.8913355469703674,1.205824851989746,1.205011010169983,1.1316947937011719,1.203101396560669,1.171404480934143,1.2086942195892334,1.1583272218704224,1.1014397144317627,,
