,alligator,ankle,apple,applesauce,arm,ball,balloon,banana,basket,bathtub,bed,belt,bench,bib,bird,blanket,boat,book,bottle,bowl,box,bread,broom,bucket,butterfly,can,car,carrot,cat,chair,chips,clock,closet,coffee,comb,couch,cracker,crayon,crib,cup,deer,dish,dog,doll,door,drawer,dress,ear,egg,elephant,face,finger,firetruck,fish,flower,foot,fork,frog,glass,glasses,glove,gum,hair,hamburger,hand,hat,horse,hose,jacket,jar,jeans,knife,ladder,lamp,meat,melon,milk,mitten,motorcycle,mouth,muffin,nail,napkin,necklace,nose,orange,oven,owl,pajamas,pants,paper,pasta,pen,pencil,pickle,pig,pillow,pizza,plant,plate,pony,potato,pumpkin,purse,radio,refrigerator,rooster,sandwich,sauce,scarf,scissors,shirt,shoe,shorts,shovel,shower,sink,slide,slipper,soap,sock,soup,spoon,strawberry,stroller,sweater,table,tape,toe,tooth,toothbrush,towel,toy,tray,truck,vacuum,watch,window
alligator,0.0,1.23285,1.3875037,1.0875046,0.6062828,1.3615205,1.1471806,1.256845,1.0224985,0.8252367,0.4949544,1.3666749,0.5940778,0.71820235,0.789664,0.5450438,0.86535925,0.49674177,1.4258299,1.1966882,0.5738024,1.0634704,1.0753171,1.1965207,0.6051121,1.2214433,1.1476685,1.3444396,0.52493477,0.8301475,0.83078146,1.2405605,0.7535615,1.1337808,0.8756537,0.57546705,0.8769437,1.4249804,0.75386626,1.4728844,1.0299765,0.98074496,0.51843226,0.88455075,1.0330818,1.0476937,0.8655228,1.2676996,1.4663336,0.8720457,0.96794343,1.3072011,0.9418425,0.6994573,1.044687,1.1701106,1.3593175,0.69585264,0.88780373,1.4090818,0.9712716,1.1952263,0.9193563,1.2701161,0.84517455,1.319994,0.7260938,1.2402631,0.7248818,1.0888624,0.70252913,1.1947689,0.7193478,1.3369213,1.0295904,1.1328046,0.9420996,0.77705646,0.78057873,1.3006191,1.1427205,1.4258456,1.1279664,1.2439562,1.3494028,1.4392381,0.7684653,0.83579725,0.6620799,0.82189393,0.46882355,1.293126,1.2998786,1.2689444,1.3857758,0.9138884,1.180565,0.99098045,1.0329264,1.013921,0.8172664,1.3913178,0.9979751,0.8791771,1.2637789,0.7090569,0.79085624,0.8505734,1.2321826,0.9990437,1.0503837,0.7127753,0.7031576,0.9867392,1.4311826,0.78783554,1.0166104,0.6400666,1.2416341,1.3945415,0.75514054,0.87674123,1.4029481,1.359983,0.89034075,0.67828393,0.53227353,1.3855412,1.3914413,1.2621329,1.2608873,1.1364696,1.0591872,0.7392157,0.8777907,1.2377822,1.4552886,0.72817636
ankle,1.23285,0.0,0.87394536,1.2515646,1.2808342,0.78392285,1.1022485,1.037541,0.9862835,1.0783135,1.2760382,0.36948466,1.3404686,1.2770156,0.9506049,1.2977597,1.0402048,1.1356027,0.5480499,0.7867053,1.1997713,1.1037939,1.0217531,1.0739756,1.1520509,0.9884529,0.79117036,0.7843306,1.2031946,1.0409483,1.2496616,0.8209015,1.2589706,0.70312196,1.2134314,1.2897184,1.2216867,0.35699308,1.2259383,0.47484702,1.032796,1.1155964,1.2452182,1.212944,1.0057886,0.94053066,1.1458182,0.8596232,0.77096105,0.9957052,1.1570401,0.99736345,1.185507,1.0144963,0.92517364,0.99159217,0.62542135,1.052467,1.2885398,0.49941176,1.282113,0.9886457,1.2070473,0.96111596,1.3752162,0.8563349,1.088296,0.68049204,1.3131554,1.1722075,1.298115,0.8008184,1.3964682,0.48670518,1.173343,1.1427755,1.1408162,1.4138764,1.253205,0.64433897,1.2071661,0.3112054,0.90477407,0.9385452,0.2769096,0.45733583,1.2585418,1.0957342,1.3919433,1.2737002,1.2960949,0.91422206,0.6361674,0.69944423,0.9466301,0.9984136,0.7167799,1.0841433,0.8491181,1.106215,1.0074978,0.91243654,0.85603595,1.0108536,0.6237237,1.2834088,1.0806303,1.2510918,0.8184125,1.2203403,1.006143,1.2762078,1.3114545,1.2481713,0.6278845,1.2339742,0.7915499,1.2123392,0.6493077,0.39599508,1.3377986,1.1901811,0.67297345,0.28355932,1.1666713,1.2937043,1.3095484,0.74019027,0.81207365,0.54253614,0.76821977,0.8646436,0.9828487,1.2496982,1.139596,0.85711485,0.5213726,1.0567967
apple,1.3875037,0.87394536,0.0,0.71278024,1.252229,0.5449628,0.5639099,0.3538469,1.1633046,1.299736,1.459764,0.83273864,1.4550425,1.2713753,0.8478817,1.384128,0.92536616,1.233011,0.85210073,0.79710555,1.3131416,0.7353933,0.8843968,1.076537,0.9907569,1.1076245,0.90569365,0.7367158,1.3295913,1.4292834,1.0693789,0.7421204,1.3893504,0.8615836,1.1873485,1.4224561,1.0400572,0.736698,1.3650572,0.7710645,1.0198673,1.0779916,1.2298267,1.0178577,1.2892115,1.1235818,1.1712985,0.93793285,0.11805588,1.0356501,1.0949868,0.8443678,1.2135077,0.97609234,0.91310346,1.0012798,0.7607907,0.81517583,1.1783577,0.83201003,1.1891303,0.8420275,1.1996586,0.7366153,1.2039169,0.85532343,1.0527136,0.9320355,1.3695252,1.0367645,1.3840876,0.899877,1.4717337,0.76448953,1.0265095,0.1676532,1.0858027,1.2462094,1.2934766,0.9125055,0.7948068,0.7392803,0.95386,0.9717066,0.7946,0.44918084,1.3647935,1.0950514,1.4121475,1.3245859,1.2967885,0.7018011,0.8619388,0.88362134,0.068960845,0.95551926,0.966322,0.8740308,0.8944226,0.8620151,0.9820055,0.43660152,0.85042006,1.1559167,0.83036846,1.3448296,0.9983646,1.0491443,0.87091446,1.0502435,0.86124164,1.329598,1.2697982,1.1597143,0.8123629,1.3620288,1.1016159,1.3009546,0.8899833,0.7320366,1.2745165,1.121107,0.6633317,0.78887486,1.3160542,1.3510222,1.3388336,0.63856024,0.80426216,0.8570047,0.8856021,0.9971837,0.8327178,1.071083,1.1446801,1.0751336,0.81189555,1.2816191
applesauce,1.0875046,1.2515646,0.71278024,0.0,0.96319056,1.140494,0.7678101,0.56805503,1.2494546,1.079283,1.2599422,1.2001094,1.1746362,0.9377988,1.0823255,1.1058638,0.9350915,1.1262298,1.0960841,0.86448205,1.157702,0.62086487,1.0779963,1.0165352,0.9746887,0.98106515,1.1651018,1.0104591,1.1502607,1.3039622,0.75225925,0.9714354,1.0942376,1.0907156,1.0796845,1.200309,0.6909132,1.1873871,1.2174885,1.1593667,1.0127847,1.0744166,1.0814544,1.0708159,1.1647075,1.050727,0.99580824,0.9722054,0.75185096,1.1084982,0.93917423,0.8572972,1.0663667,1.0021708,0.9318022,0.9753092,1.046362,1.0178179,0.8027631,1.120371,0.9106153,0.9674033,0.99617636,0.9333476,0.68392396,1.0356266,1.0966157,1.1262807,1.1410041,0.8221396,1.1231556,1.0207748,1.0528045,1.1159006,0.7467358,0.6305388,0.9695814,0.85916644,1.1582564,0.98719835,0.63295865,1.1986156,1.0334145,0.87899977,1.1800318,0.99241877,1.0248716,0.99270123,1.0231447,1.1268336,1.0284208,0.77270514,1.1430995,1.1181022,0.58238447,0.9421395,1.2337064,0.7129388,1.0716608,0.76062566,1.1284168,0.8469031,1.005099,1.2033118,1.1371946,0.9824637,1.0679604,0.96858793,0.9145713,0.9406315,0.9919824,1.0895948,0.91920006,1.0591989,1.0677229,1.1392975,1.1593058,1.1262901,1.0995246,1.1553955,0.9025849,0.8830767,0.9453676,1.2205791,1.2570257,1.0765394,1.0410184,1.0031695,0.9994858,1.1376069,1.0905058,1.1225436,1.1575567,0.9245299,1.0236734,1.1549602,1.119846,1.079391
arm,0.6062828,1.2808342,1.252229,0.96319056,0.0,1.3375802,1.0862256,1.0505418,1.1291788,0.905965,0.7310474,1.2551051,0.74558276,0.7644579,1.1330777,0.74270755,0.85525024,0.72395396,1.3470643,1.2261277,0.814544,1.1641285,1.0556507,1.1757828,0.85621184,1.2151276,1.1754593,1.0456216,0.80424166,0.90768063,0.9416766,1.2864075,0.73466897,1.1971414,0.9241668,0.74730706,1.0069656,1.2558361,1.0080537,1.370327,1.1430641,1.030119,0.8849706,1.0708668,1.0522763,1.0016348,0.7508955,1.0162841,1.3339107,1.0757755,0.9831452,0.8774092,0.94494253,0.88472056,1.0878834,0.9467505,1.2513552,1.0530435,0.9383919,1.1909151,0.73356307,1.1247559,0.90248585,1.269073,0.46063817,1.1701032,1.0540729,1.2235891,0.6724639,1.1270732,0.47537547,1.064185,0.8374418,1.3995583,0.975567,1.095191,1.0036663,0.6789621,0.8736199,1.1326828,1.0585018,1.2870677,1.1678458,0.9930501,1.3251334,1.3318717,0.83958524,0.90378076,0.4838366,0.60909003,0.61980987,1.0948337,1.2054952,1.175,1.1923813,0.8296859,1.1615984,1.0796583,1.2495376,1.0721732,1.1057092,1.1967466,0.8592357,1.1043376,1.3192797,0.7969985,1.1779573,0.9150347,1.2556224,1.0601237,1.0957893,0.5172665,0.8899102,0.7217085,1.2830045,0.93935466,1.1006088,0.568206,1.1849064,1.3138434,0.7327286,0.93280995,1.3066646,1.326929,0.9550561,0.60148764,0.69578254,1.3557748,0.97960156,1.1911902,1.1691738,1.242357,1.2579162,0.85859305,0.92747617,1.2106879,1.1560594,0.85690165
ball,1.3615205,0.78392285,0.5449628,1.140494,1.3375802,0.0,0.6869607,0.90490234,1.0821042,1.2065159,1.353728,0.68625486,1.3519006,1.2601454,0.88632923,1.3247403,1.1712375,1.1846687,0.7682779,0.9658295,1.1967586,0.9645784,0.9177372,1.0117157,1.0502334,1.0193192,0.99696904,0.84790516,1.2292011,1.387949,1.2012695,0.6027654,1.2982904,0.78058046,1.2088641,1.3369275,1.1798441,0.71417767,1.2874677,0.6405636,0.9860309,0.9509227,1.1195627,0.80201834,1.1849811,1.1851363,1.073565,0.8891603,0.50766724,0.89426565,1.0194373,0.87782896,1.2464635,1.0766131,0.79314476,1.0529802,0.82814956,0.9067217,1.15814,0.730829,1.1071286,0.74944854,1.113552,0.7704498,1.2462435,0.7159194,1.0062158,0.76648116,1.3143198,1.0646756,1.3913534,1.0777192,1.3891737,0.7215368,1.0083044,0.75497395,1.1451116,1.242369,1.2363433,0.9092632,1.0302002,0.5722722,0.98444164,0.9903971,0.6517527,0.5809734,1.4176316,1.000459,1.3350239,1.3414707,1.2983133,0.86681724,0.7510778,0.7724939,0.6507289,0.9143012,0.81000817,1.1148108,0.87357306,1.1696706,0.9600446,0.56775504,0.8335725,0.934343,0.7143979,1.3809506,0.91772926,1.0693942,0.7275641,1.0292792,1.014394,1.3296111,1.1934316,1.1317998,0.7940743,1.2626088,1.1605341,1.1493442,0.9030029,0.6542537,1.2315712,1.2302088,0.8585601,0.61151373,1.2650132,1.317598,1.3157583,0.54877406,0.76977104,0.83767164,0.78297967,0.9345423,0.5997677,1.2761345,1.2695528,0.9108827,0.6732123,1.273183
balloon,1.1471806,1.1022485,0.5639099,0.7678101,1.0862256,0.6869607,0.0,0.6073983,1.1002563,1.0034169,1.1490407,1.1503651,1.0428181,1.06051,0.93867606,1.1967616,0.8531187,1.0116619,0.8976128,0.7616005,0.95231557,0.94223696,0.9509029,0.82651335,0.97268486,0.94608617,1.0307673,1.0080147,1.2094164,1.1353673,1.0191039,1.0240844,1.1715748,0.9198064,1.0569186,1.1470295,1.004338,0.9614477,1.1202773,0.92355895,1.132094,0.85041463,1.1470044,1.1226681,1.1904893,1.0736967,0.9974455,1.0476203,0.6052573,1.1607834,1.078201,0.9388983,1.1534556,1.1652853,1.0083228,1.0718848,1.0928836,0.96885824,0.91939735,1.1697993,0.96721697,0.84337425,1.0861421,1.0268925,1.0031806,0.94306195,1.0838931,1.0537817,1.1936547,0.7602153,1.1197221,0.8981167,1.0946138,0.7974823,1.0582913,0.5330988,0.86748976,0.92752796,1.1388069,1.0478555,0.939136,1.0503122,1.1015482,1.0656762,1.0215056,0.8408868,1.128275,1.0350636,1.1118647,1.1209121,0.9990812,1.0674582,1.0365822,1.0067133,0.4764408,0.9192077,1.1887484,1.0579033,1.0978932,0.91915375,1.117433,0.9085802,0.94921607,1.22431,1.0550281,1.0905025,1.0529814,1.048594,0.8630012,0.9760569,0.90537643,1.1551368,1.1087265,1.0582144,1.0229743,1.1262513,0.9570217,0.8885546,1.1475408,0.9683952,0.87317127,0.9826884,0.9476092,1.050309,1.2096666,1.1366936,1.0034002,0.8132406,1.0798824,1.0155352,1.0023464,1.1143838,0.8209498,0.94009584,1.1028564,1.1799188,1.0900141,1.0843251
banana,1.256845,1.037541,0.3538469,0.56805503,1.0505418,0.90490234,0.6073983,0.0,1.2029567,1.3314165,1.459313,0.93279636,1.3425996,1.3057338,0.85979384,1.3642633,0.7637171,1.209293,1.0145599,0.9637025,1.3364363,0.82800746,0.8918501,1.103251,0.97305936,1.1030537,0.90037954,0.5060898,1.3253729,1.3437123,1.085525,0.83409023,1.3189965,1.0483303,1.1090351,1.3802879,1.0563612,0.6724576,1.3482634,0.96105784,0.9512893,1.1280941,1.2760748,0.92952037,1.3135997,1.0702459,1.1893153,0.7421032,0.46435332,1.1729338,1.0805794,0.6170642,1.2620988,0.78412205,0.9292947,0.713721,0.74678314,0.7182884,1.1985865,0.79681635,0.9541429,0.7102923,1.1989462,0.77465445,0.9003283,0.8279763,1.0706265,1.0887139,1.2993064,1.0319209,1.162314,0.67514807,1.3658,1.0065742,0.93264055,0.5350394,1.2068932,1.1430554,1.1845744,0.88163394,0.7023537,0.85209495,0.9011953,0.7948574,0.9800814,0.65294033,1.3696947,1.0868003,1.3138736,1.1318071,1.2713933,0.61241513,0.8972394,0.8798748,0.2805326,0.96730036,0.9587871,0.94010067,1.0691171,0.9400906,0.9538178,0.56639194,0.88240796,1.2437106,1.0301553,1.3517258,0.9116331,1.0346488,1.007856,0.9742663,0.59899354,1.2581618,1.0884668,1.1028563,0.7048625,1.4030167,1.163565,1.14971,0.7519498,0.94368535,0.9954301,1.1738284,0.5947509,0.9923436,1.2137296,1.3130263,1.3504076,0.70058215,0.6488179,0.7725142,0.92038673,1.0472405,0.7688513,1.1125082,1.1556411,1.0157903,0.80607367,1.349867
basket,1.0224985,0.9862835,1.1633046,1.2494546,1.1291788,1.0821042,1.1002563,1.2029567,0.0,1.1203067,0.8856158,0.9387448,0.9034507,1.0627086,0.91803735,0.9208115,0.926464,0.76667404,0.849597,0.9160279,0.644963,0.95972705,0.8912011,0.7372992,1.0793993,0.74490356,0.82952106,1.1858312,1.1257836,0.7004917,0.9125445,0.9173062,1.0005289,0.9341214,0.9818159,0.9796512,0.9202365,0.95405245,0.5658217,0.8884206,1.0711569,0.732224,1.0923132,1.0625987,0.8989338,0.70314246,0.97045195,1.2041938,1.1470772,1.0563948,1.2368855,1.28077,0.94119436,1.0848267,0.9637961,1.1798579,0.9022952,1.0073858,0.95677125,1.0893022,1.0907873,0.9267346,1.2114736,1.0647827,1.2662762,1.0108821,0.9528479,0.8265129,1.1167375,0.7526606,1.1012161,0.8642777,0.90125513,0.91332954,1.0897541,1.1633738,0.94627255,1.0252086,0.9765426,0.9853746,0.9927635,1.1114999,0.84552133,1.130783,1.0880501,1.0687022,0.99022096,1.1250049,1.1407909,1.121447,0.8574414,1.0186654,1.020093,1.0297338,1.1934958,1.1808684,0.7121893,0.8227379,0.81726956,0.96996146,0.990538,1.1316402,1.012266,0.6957036,0.70438147,0.9457389,1.0408028,1.0458542,1.0333695,1.084415,0.93212235,1.2003667,1.0531214,1.2098767,0.97830176,1.0495794,0.81515837,1.0997661,1.0559926,1.0352504,1.1016513,1.1206033,0.9063414,0.9789312,0.74584776,1.2015018,0.9032748,0.80287325,1.243115,1.1083245,1.0444739,0.78455675,0.92012584,0.71295017,0.9803297,0.9336646,1.0683074,1.0435444
bathtub,0.8252367,1.0783135,1.299736,1.079283,0.905965,1.2065159,1.0034169,1.3314165,1.1203067,0.0,0.6159329,1.217629,0.70170844,0.79512334,1.2307172,0.8255465,1.1127826,0.94334674,1.1276206,0.95440423,0.7904294,1.1637391,1.0892367,0.9254579,0.94882417,0.9929121,1.1740694,1.3375463,0.76260084,0.77961886,0.9937628,1.2251424,0.64994,0.9232304,0.9813563,0.70260614,0.98297143,1.2296785,0.8107964,1.1156374,1.1039757,0.87896967,0.8895748,1.2069879,0.53194165,0.93122655,0.95994663,1.1174619,1.1887531,0.9955614,0.87684435,1.1648922,0.79105794,1.2140607,1.1083611,1.125275,1.3108649,1.1934776,0.89315534,1.2245431,1.1846955,1.3004029,0.8064927,1.2257068,0.98427707,1.1960292,1.1236222,1.0031489,0.83037406,1.0344158,0.90664256,1.1316028,0.70575655,0.8776063,1.2026966,1.1850435,0.7869489,1.013029,0.93660563,1.1527919,1.289558,1.1867319,1.0563167,1.1653687,1.0444099,1.2442588,0.54552484,0.8761674,0.7972125,0.93154824,0.76833606,1.275884,1.0995663,1.1020011,1.2258492,0.9834378,1.310622,1.1501293,1.1236653,1.0259571,1.2007563,1.2996429,1.0119219,1.0834205,1.127363,0.65012515,1.2389896,0.97245455,1.0218681,1.1000633,1.2159903,0.81448746,0.9987404,0.9235436,1.2765253,0.40545195,0.5036732,0.7541127,1.2654806,1.0193073,0.9479601,0.83698195,1.2537001,1.1410887,1.0381286,0.78892076,0.6653545,1.2814811,1.21509,1.1622874,1.0609331,1.0830796,1.2232149,0.8610449,0.9223579,1.015917,1.2588882,0.6086714
bed,0.4949544,1.2760382,1.459764,1.2599422,0.7310474,1.353728,1.1490407,1.459313,0.8856158,0.6159329,0.0,1.4795127,0.21051455,0.53697115,1.1710094,0.33975506,0.907491,0.7276091,1.4289982,1.249527,0.53240204,1.22738,1.1071109,1.0898491,0.95645165,1.0964348,1.1703418,1.4162095,0.43868065,0.48403627,0.8897603,1.4001467,0.6081549,1.240068,0.68071395,0.122842014,0.9697956,1.5330768,0.4422102,1.4531554,1.0860258,0.9368388,0.5645814,0.96534634,0.8192017,0.99585295,0.8511548,1.2936478,1.5248629,0.95022756,0.84620494,1.2700913,0.6656627,1.089481,1.1280499,1.2173305,1.5914785,1.1411446,0.7891198,1.4661188,0.93861353,1.2598573,0.7476673,1.2352,0.9274983,1.3025403,1.0656751,1.2932681,0.43802875,1.0699176,0.4829631,1.4105008,0.42821813,1.3846173,1.1306347,1.2297072,0.9311282,0.7226705,0.5849917,1.3805442,1.2014029,1.3884532,1.24894,1.32905,1.3197312,1.4571886,0.5120654,0.6975544,0.48899996,0.5505564,0.5960865,1.4707642,1.4484913,1.4321723,1.471064,0.9554634,1.1948353,1.2086408,1.2195457,1.1326789,1.184391,1.4291928,1.057001,0.91322404,1.294132,0.54271173,1.115506,0.63841444,1.2397984,0.8912617,1.351902,0.5079924,0.74366426,0.7494665,1.575422,0.3877372,0.9660753,0.5043992,1.3119422,1.4234891,0.75492954,0.84307694,1.6343781,1.3452144,0.6461116,0.46939552,0.30266988,1.4777473,1.3774277,1.3814247,1.4041365,1.2001145,1.1996205,0.6370234,0.84947044,1.2514985,1.483696,0.64661723
belt,1.3666749,0.36948466,0.83273864,1.2001094,1.2551051,0.68625486,1.1503651,0.93279636,0.9387448,1.217629,1.4795127,0.0,1.4626068,1.441824,0.90750694,1.368902,1.1609741,1.2187895,0.5483136,0.8955989,1.3917601,1.1312693,0.92391175,1.0522741,1.1777124,0.9869684,0.7973285,0.7172955,1.2910227,1.0735438,1.3239629,0.7333224,1.3132453,0.6897427,1.2775342,1.4338188,1.3371558,0.28421754,1.3183877,0.40174532,0.9688431,1.1836545,1.3602116,1.1536133,1.0269588,0.95344156,1.1419296,0.8271735,0.7266941,0.9714409,1.2536384,0.90853953,1.2596722,0.95942813,0.9269687,0.9162754,0.32298326,1.0514495,1.4238634,0.26552004,1.1246368,0.9781827,1.2972806,0.93128055,1.3145881,0.72997415,1.0814394,0.408939,1.3942411,1.2531195,1.2545766,0.6404865,1.494515,0.50612015,1.0827445,1.1456325,1.2460803,1.4716471,1.313559,0.571796,1.1783754,0.3923837,0.7262359,0.7472817,0.42189652,0.50340647,1.40259,1.1877483,1.4409547,1.2735888,1.3933246,0.74590945,0.43050444,0.49605066,0.8952379,0.9839853,0.5451783,1.0686382,0.71930534,1.1503738,0.9105923,0.758822,0.9037505,0.7772726,0.46099222,1.4300718,1.036549,1.3095529,0.68721735,1.2919445,0.76932603,1.3607408,1.2875047,1.2234674,0.38901854,1.4211403,0.86344534,1.2707644,0.5997906,0.45553464,1.3067929,1.3409024,0.4439205,0.371737,1.1132804,1.4281838,1.5469213,0.58868694,0.6840327,0.5164687,0.53559434,0.6895149,0.9019294,1.4447362,1.2134361,0.6507161,0.3388313,1.2101849
bench,0.5940778,1.3404686,1.4550425,1.1746362,0.74558276,1.3519006,1.0428181,1.3425996,0.9034507,0.70170844,0.21051455,1.4626068,0.0,0.67625976,1.2832305,0.39624292,0.73514915,0.84994256,1.4316977,1.3009816,0.6586945,1.1715438,1.069178,1.0346916,1.0102843,0.9827018,1.1013342,1.3076514,0.5251905,0.33955973,0.89914274,1.3894427,0.5484923,1.2055528,0.6537052,0.15297186,0.9659717,1.4866906,0.5920279,1.4809339,1.0308467,0.9666857,0.6268728,1.028098,0.78380215,0.8205764,0.92551106,1.1994655,1.5211375,1.0838463,0.9008008,1.1358755,0.66259265,1.0250132,1.1463182,1.0236365,1.6038288,1.2471178,0.8753134,1.4301934,0.8461268,1.1753192,0.79318666,1.3068498,0.84857225,1.3466498,1.1330768,1.2999876,0.51596063,1.016356,0.41165996,1.2676789,0.3722657,1.4015942,1.0534512,1.2172943,0.98089176,0.6401921,0.6435952,1.26208,1.1123235,1.3932409,1.2055671,1.1725453,1.3312595,1.4964542,0.52741134,0.8105502,0.5294962,0.44595325,0.7131209,1.4370197,1.424615,1.3935748,1.4351207,0.97434217,1.108639,1.22833,1.2423733,1.1935259,1.2150679,1.3506126,1.097473,0.90887237,1.3340377,0.6257993,1.1509852,0.78241396,1.2644193,0.88836086,1.3169876,0.58130145,0.58816195,0.7706554,1.4859424,0.47859502,0.88957155,0.39561248,1.121284,1.4866921,0.55848193,0.9417966,1.5811863,1.4108863,0.6629708,0.58051145,0.4906959,1.4747039,1.2815013,1.3142874,1.3872213,1.1846361,1.2561454,0.69961506,0.7507242,1.1794306,1.4332371,0.78152955
bib,0.71820235,1.2770156,1.2713753,0.9377988,0.7644579,1.2601454,1.06051,1.3057338,1.0627086,0.79512334,0.53697115,1.441824,0.67625976,0.0,1.1648273,0.5769448,0.9544347,0.75446206,1.2351601,1.0562915,0.6387774,0.89720905,1.1633477,0.98299503,0.9271121,1.0800085,1.2354829,1.3932786,0.677389,1.0009835,0.59951574,1.3444958,0.82258624,1.3138479,0.7942903,0.63488585,0.6709732,1.4700834,0.831459,1.3523877,1.1720691,0.8618532,0.6845723,0.99959046,1.0372031,1.2282591,0.76651216,1.2404579,1.3526273,1.0619823,0.82299054,1.286475,0.8376484,1.1153753,1.0121787,1.231906,1.4610276,1.1425073,0.6906048,1.4368396,0.9509302,1.0913467,0.7565105,1.0940392,0.85134405,1.2174346,1.0623257,1.2993157,0.6041171,0.84693706,0.71095794,1.361001,0.7000876,1.3912265,1.0085298,1.0072441,0.515971,0.6339798,0.73621404,1.3228583,1.0217828,1.3750176,1.2220674,1.250407,1.3330891,1.3585492,0.71724623,0.7627127,0.5386593,0.76493603,0.59944654,1.3136231,1.3350527,1.3226283,1.2727466,0.96978706,1.3471873,0.88853395,1.2225565,0.9021947,1.192599,1.3453579,1.0113508,1.1227489,1.3101244,0.67397714,1.1626343,0.70173824,1.2258263,0.7857156,1.2425447,0.63939744,0.8651254,0.82915664,1.4811301,0.68217874,1.1997349,0.79651165,1.3966413,1.3274237,0.83010674,0.6668576,1.5181406,1.3217221,0.897246,0.5969547,0.4229468,1.3779316,1.3642092,1.3663208,1.2653216,1.1815631,1.14287,0.68730384,0.8916884,1.3227797,1.468151,0.7856319
bird,0.789664,0.9506049,0.8478817,1.0823255,1.1330777,0.88632923,0.93867606,0.85979384,0.91803735,1.2307172,1.1710094,0.90750694,1.2832305,1.1648273,0.0,1.2245061,0.9898691,0.84014195,0.93888485,0.957253,0.96310693,1.0157944,0.8917656,1.0300326,0.7227981,1.0541384,0.96269226,1.040763,1.0772591,1.2282888,1.0568824,0.796003,1.1833501,1.0056924,1.2741423,1.236539,1.0445465,0.9516037,0.9903464,0.9102787,0.9432532,1.0684416,0.95156074,0.8314141,1.1739793,1.1510483,1.0027268,1.1842482,0.8819903,0.773737,1.140327,1.2186217,1.2204026,0.87013507,0.9040651,1.1595383,0.83820605,0.4362681,1.1251725,1.0249197,1.1160283,0.985153,1.1641932,0.90126556,1.2515488,0.86435235,0.41313636,0.9106252,1.239469,0.9922214,1.2415437,1.0035944,1.1787208,0.9093699,1.0172873,0.9203306,1.0230186,1.1509246,1.0574261,1.0455377,1.0348154,1.0504006,0.8766285,1.083065,1.0367333,0.9042473,1.2435921,1.1398059,1.2513806,1.2607155,1.0208007,0.9606502,0.93169063,0.94827735,0.882708,1.0275425,0.9831693,0.8945492,0.7038865,0.94322824,0.4632945,1.0077962,1.0750581,0.8468514,0.7859458,1.1256547,0.21482956,1.0812583,0.8827089,0.9891405,0.77407366,1.2313011,1.0651053,1.2254103,0.8931923,1.2081509,1.1008078,1.1720573,1.0706484,0.96779513,1.2363129,1.093439,0.8262915,0.93707883,1.041212,1.2043785,1.0913823,0.6797468,1.1443379,1.0068264,0.9238521,0.9446354,0.61295336,1.0567147,1.1098558,1.0260086,1.0057238,1.1294111
blanket,0.5450438,1.2977597,1.384128,1.1058638,0.74270755,1.3247403,1.1967616,1.3642633,0.9208115,0.8255465,0.33975506,1.368902,0.39624292,0.5769448,1.2245061,0.0,0.94534016,0.88686556,1.4483986,1.2539468,0.80286014,1.0221355,1.1740481,1.088768,0.9541993,1.0321125,1.1413244,1.366013,0.4930852,0.6441936,0.8235843,1.4005609,0.7639259,1.1769824,0.70438373,0.32940328,0.8578422,1.5426872,0.75374615,1.4698006,1.062177,0.97856414,0.5249809,0.90276504,0.9447895,1.0393474,0.73315203,1.2421566,1.4519722,0.9614074,0.8930097,1.2210221,0.8734604,0.9102066,1.0047455,1.1399431,1.5209521,1.1213509,0.89714015,1.4195228,0.7037549,1.2371547,0.82438505,1.2415583,0.8205384,1.2834903,1.0149802,1.2825313,0.53978205,1.0900711,0.5012834,1.4208083,0.66462034,1.3742671,0.93222725,1.1379638,0.99578494,0.69045603,0.74977136,1.2606206,1.042104,1.4074845,0.9952147,1.2054757,1.332008,1.4339287,0.64038336,0.73232305,0.43882436,0.595774,0.7234044,1.2253661,1.4519191,1.4397919,1.3644903,0.91788113,0.92008984,1.0281549,1.197566,1.072575,1.0766648,1.2844994,1.016741,0.7366821,1.3410258,0.7827191,1.1132499,0.58169204,1.2541296,0.8337018,1.4156144,0.56270325,0.5655978,0.7171186,1.5240313,0.65711045,1.0481416,0.6255503,1.1768631,1.4297804,0.6518637,0.8937191,1.5642654,1.3875425,0.809251,0.5546766,0.6177069,1.4878628,1.283072,1.3441033,1.4071612,0.8606006,1.2446988,0.8166139,0.79473746,1.2697883,1.4925249,0.81735265
boat,0.86535925,1.0402048,0.92536616,0.9350915,0.85525024,1.1712375,0.8531187,0.7637171,0.926464,1.1127826,0.907491,1.1609741,0.73514915,0.9544347,0.9898691,0.94534016,0.0,0.91943306,1.207978,1.0410697,0.8709629,1.0383433,0.9093032,1.103103,0.89045906,1.0230587,0.7894371,0.9640754,0.9709685,0.9079476,0.98277986,1.1090723,0.8984302,1.1024473,0.8713657,0.9240141,1.0246314,1.0311062,0.92730105,1.2430924,1.1340547,0.9902687,1.0049025,1.017814,1.1585063,0.81005055,0.98422945,1.036346,1.0215278,1.1343611,1.0781085,1.0502806,1.0752101,0.7041829,0.91076374,0.97949713,1.116574,0.86035335,0.9572225,1.1169877,1.0483459,0.8974424,1.1113881,1.0959828,1.0159209,1.2046138,1.0284446,1.2452307,0.959149,0.96819144,0.8288341,0.95605755,0.9010563,1.2282256,1.0971051,0.89622957,1.0901301,0.92108554,0.7870012,1.064994,0.9644493,1.0874699,1.1444117,1.1085609,1.1376221,1.0547259,1.0513347,1.038152,0.9648428,0.85998344,0.9490573,1.1135935,1.0712538,1.047138,0.9152481,0.9059464,1.0725462,1.0548717,1.1208882,1.0195628,1.0714643,1.085588,1.0695862,1.1109891,1.1037387,1.0614583,1.0230011,0.937049,1.25289,0.9316551,0.8805446,0.9766008,0.9041386,1.0545517,1.0888197,1.0537294,1.0000267,0.824231,0.93435526,1.2390169,0.8883983,0.98915863,1.0604596,1.1628512,0.8866148,1.0006162,0.92428994,1.0101641,1.1061707,1.0147321,1.0762782,1.202378,0.9432616,0.79872686,0.63475573,1.1780326,1.1616328,1.1222464
book,0.49674177,1.1356027,1.233011,1.1262298,0.72395396,1.1846687,1.0116619,1.209293,0.76667404,0.94334674,0.7276091,1.2187895,0.84994256,0.75446206,0.84014195,0.88686556,0.91943306,0.0,1.1015099,0.9602236,0.26116455,1.1136222,0.91509646,1.0412282,0.7411677,1.1256729,0.9352919,1.2158954,1.0574048,0.9625333,0.86686397,1.087305,0.9771676,1.0965066,0.91513205,0.85623574,0.91848594,1.1447434,0.68426275,1.1598601,1.2171135,0.83863497,0.9764765,1.0071123,1.078647,0.8725679,0.7996642,1.2059927,1.3175645,1.0167038,1.030387,1.2205316,1.0546142,0.96424043,1.0872519,1.1987517,1.146457,0.7982429,0.9343168,1.2598565,1.0664353,0.83115035,1.075155,1.1353221,0.9380305,1.12965,0.8138315,1.1620481,0.92030376,0.9213197,0.92328703,0.92545193,0.922734,1.1304593,1.1307114,1.0568777,0.8353465,0.81961894,0.8867041,1.1814477,1.2156413,1.2713649,1.0598235,1.1408627,1.2947408,1.241457,0.9222026,1.0207475,0.8916354,1.0177531,0.13768166,1.2503059,1.1460088,1.1205295,1.2561933,1.0479549,1.1152583,0.88025725,1.0350592,0.84860605,0.9984224,1.380638,1.0176597,1.0526788,1.0042654,0.7693575,0.9730811,1.005804,1.1392797,1.0117913,0.8597532,0.91845715,1.0657398,1.0855701,1.2730298,0.9706493,0.9248723,0.8124833,1.3466705,1.1176951,0.98553795,0.8735279,1.2072933,1.1446313,0.9403667,0.88702667,0.5101167,1.1313846,1.3097845,1.1862131,1.1470875,1.0888053,0.91050833,0.5630437,1.0064789,1.2264555,1.2509186,0.8370635
bottle,1.4258299,0.5480499,0.85210073,1.0960841,1.3470643,0.7682779,0.8976128,1.0145599,0.849597,1.1276206,1.4289982,0.5483136,1.4316977,1.2351601,0.93888485,1.4483986,1.207978,1.1015099,0.0,0.67483926,1.1363515,1.0866841,0.9363664,0.4917109,1.2666525,0.64148223,0.7977512,0.91865456,1.3589339,1.0816476,1.2004898,0.78272235,1.3093922,0.8249144,1.276011,1.434716,1.1847618,0.45258856,1.067748,0.1613692,1.0552999,1.0579789,1.2813188,1.120823,1.0030459,1.0105091,1.1993072,0.9945023,0.71902025,1.0724087,1.249048,1.0783961,1.1807878,1.2671475,0.9426118,1.0967213,0.5393489,1.1537752,0.98162675,0.6876476,1.1132731,0.82477915,1.2159554,0.8838544,1.3576187,0.7862084,1.0759747,0.6407994,1.3906289,0.64114416,1.3691536,0.68471277,1.2254502,0.43860173,1.0522487,1.0829575,0.74784046,1.0492914,1.2494454,0.8017277,1.1496445,0.533246,0.7850748,0.9663067,0.63507473,0.4744557,1.1903242,1.244308,1.459484,1.3551118,1.2397221,0.9485348,0.65213174,0.7070649,0.8989268,1.1601909,0.8098042,1.0269793,0.71114117,0.98413604,1.0178987,0.9473465,1.0610175,1.0015008,0.48041457,1.1055814,1.063172,1.2537942,0.76790327,1.1503458,0.8958839,1.4094759,1.3387064,1.263165,0.53861433,1.2558763,0.8577633,1.346925,0.8560885,0.3426029,1.2917941,1.1396253,0.5429385,0.41091728,1.0641477,1.412041,1.2872789,0.6639177,0.94424206,0.60331047,0.7224414,0.71443564,0.7344587,1.2003844,1.1388128,0.7070717,0.6040199,1.1337366
bowl,1.1966882,0.7867053,0.79710555,0.86448205,1.2261277,0.9658295,0.7616005,0.9637025,0.9160279,0.95440423,1.249527,0.8955989,1.3009816,1.0562915,0.957253,1.2539468,1.0410697,0.9602236,0.67483926,0.0,0.90269804,0.6792083,0.9036,0.7227598,1.0311215,0.8531593,0.942284,1.1241455,1.3091989,1.2580326,0.8149793,0.8939692,1.3021209,0.8416566,1.2671721,1.2962962,0.7059978,0.8513628,1.1061336,0.6594787,1.2656513,0.8040736,1.2187881,1.2551715,1.162969,0.9980458,1.0956774,1.1766396,0.6361149,1.111975,1.215543,1.2048314,1.0822495,1.226607,0.9536356,1.3083545,0.7057836,1.0771942,0.7802614,1.0074955,1.3184897,1.0654721,1.2296124,0.9660651,1.2220485,1.0317264,1.1078407,0.876557,1.3380451,0.6874885,1.4395642,0.82284343,1.2018394,0.68393505,1.1461198,0.81004465,0.6739752,1.2173324,1.2330265,0.96292764,0.93758255,0.89012104,1.0485252,1.1716036,0.9187829,0.7223328,0.9691199,1.2214758,1.358063,1.4090157,1.0036168,1.011059,0.89730227,0.9106939,0.78229463,1.1316764,1.0954797,0.50962687,0.8732015,0.23918945,1.1693578,1.0225297,1.0431386,1.1877899,0.79539883,0.9496665,1.2208134,1.0723554,0.85243607,1.2102424,0.9735449,1.3016407,1.3355377,1.2966737,0.84622324,1.1697938,0.7151886,1.205492,1.1948175,0.7779669,1.340889,0.3696013,0.5972721,0.791222,1.3051094,1.2101622,0.87710655,0.6742622,1.2270631,0.93962276,0.9038557,1.0192487,1.0379373,0.57921016,1.0561335,1.0963682,0.9938095,1.0262285
box,0.5738024,1.1997713,1.3131416,1.157702,0.814544,1.1967586,0.95231557,1.3364363,0.644963,0.7904294,0.53240204,1.3917601,0.6586945,0.6387774,0.96310693,0.80286014,0.8709629,0.26116455,1.1363515,0.90269804,0.0,1.0568712,0.9287716,0.80202466,0.83235526,0.9193208,1.1240686,1.3891728,0.9721663,0.78875387,0.7293422,1.1657162,0.8335655,1.1418777,0.9637016,0.68494904,0.7947548,1.3347538,0.4254111,1.2456414,1.2536142,0.62499636,0.87643266,0.9838973,0.9209892,0.81195503,0.8014717,1.2973318,1.3829176,1.0581753,1.0066586,1.3332381,0.90918756,1.1825166,1.1125572,1.2917567,1.3763673,0.96002936,0.76397836,1.419553,1.0769548,1.0298454,1.0556017,1.1814636,0.96699,1.2588518,0.8715146,1.2169789,0.81907016,0.7127211,0.9147986,1.1444254,0.6926705,1.1945169,1.1264249,1.0536563,0.6629082,0.75776446,0.810431,1.3011435,1.2429285,1.3900046,1.1454141,1.3023515,1.3508521,1.3711782,0.66567135,1.0132078,0.84719366,0.9652535,0.2848376,1.397311,1.2851484,1.2402463,1.3275826,1.0490878,1.2424737,0.88163924,1.0583965,0.8728224,1.0788028,1.4808118,1.0901147,1.00884,1.0131005,0.56726396,1.0762491,0.92702657,1.1933079,0.96857023,1.026327,0.9061987,1.0340497,1.077458,1.4251988,0.7114906,0.8624809,0.75472707,1.4755938,1.2457974,0.96676594,0.7678216,1.4120023,1.237491,0.80885774,0.8168921,0.3493712,1.1922323,1.4590237,1.3567905,1.2450981,1.1455752,0.8956421,0.44131225,0.99756366,1.2025585,1.3868359,0.80721396
bread,1.0634704,1.1037939,0.7353933,0.62086487,1.1641285,0.9645784,0.94223696,0.82800746,0.95972705,1.1637391,1.22738,1.1312693,1.1715438,0.89720905,1.0157944,1.0221355,1.0383433,1.1136222,1.0866841,0.6792083,1.0568712,0.0,1.0267231,0.94852686,0.9805569,0.9172623,1.1454306,1.0333459,1.1698143,1.270918,0.29082286,0.77564085,1.1817415,1.0141788,1.1697562,1.2039056,0.20413995,1.1728816,1.1727548,1.0574391,1.071148,1.0394081,1.0509437,1.065616,1.1480545,1.0818098,1.1035094,1.0798513,0.65791494,1.1063255,1.0513737,1.0558748,1.1147335,0.9718379,1.073333,1.1156367,0.97082704,0.97457945,0.9052825,1.1580151,1.1174904,1.0639172,1.1368545,0.81536293,1.0425664,1.0426468,1.0492065,1.1307445,1.2394097,0.8155416,1.3039459,1.0096102,1.1230792,1.0353202,0.8774167,0.67637676,0.8683378,1.011172,1.2078936,1.1024837,0.5784453,1.1061869,0.97385824,1.0452336,1.1091993,0.92141825,1.0204293,0.97934836,1.2265234,1.2291715,1.0658524,0.84240615,1.1410342,1.1423475,0.6813334,1.1398681,1.044915,0.27560174,1.0780156,0.57045865,1.0852027,0.6536113,1.005525,1.1066431,1.1015962,1.0106324,1.0842849,0.9003101,0.93073547,1.0065447,1.060107,1.2429309,1.0492895,1.1715168,1.0662204,1.1591772,1.056094,1.1719623,1.0859467,1.0679044,1.0934795,0.7184533,0.8678847,1.1048279,1.2911127,1.1808561,1.0065454,0.88014543,1.0650963,1.1483644,1.1133081,0.981802,1.1248362,0.73131466,1.0666549,1.118961,1.1442554,1.1513541
broom,1.0753171,1.0217531,0.8843968,1.0779963,1.0556507,0.9177372,0.9509029,0.8918501,0.8912011,1.0892367,1.1071109,0.92391175,1.069178,1.1633477,0.8917656,1.1740481,0.9093032,0.91509646,0.9363664,0.9036,0.9287716,1.0267231,0.0,0.8713385,0.93059266,0.9663929,1.0415593,1.0179057,1.2141237,1.083963,1.0545597,0.8962785,1.1065751,0.9509149,1.2074461,1.1411216,1.0686555,0.7931224,0.9816474,0.87871575,1.0653304,0.7999151,1.1354239,0.91968036,1.0481478,0.84314024,1.1304803,1.0896641,0.88440377,1.0602121,1.149031,1.0539916,1.1029042,0.95776176,1.0492201,1.1083413,0.7473412,0.84812605,1.0943509,1.0609132,1.1196282,0.98913574,1.2369652,1.0176125,1.0846865,1.0133765,1.0272006,0.7985402,1.1397433,0.9249277,1.1512247,0.7180892,1.0542239,0.88747615,1.199204,0.92051935,0.9152738,1.2040462,1.0953662,1.1134611,1.1517067,1.1087658,0.7814778,0.9859161,1.1302055,0.9950309,1.1207811,1.1957842,1.2449214,1.1515152,0.9695452,1.0662156,0.5639305,0.514059,0.88324696,1.1346998,1.0301679,0.9244956,0.8530729,0.89730406,1.0332544,0.98127806,1.1399726,0.98290783,0.8146665,1.1398801,0.96975476,1.1062706,0.9370577,1.0700661,0.69525474,1.1745329,1.1730814,1.1603584,0.8092168,1.1911159,0.9607297,1.0418456,1.1043355,1.021875,1.1437457,1.0115447,0.7271328,1.0596749,0.9347911,1.144048,0.98694414,0.7380687,1.0664597,0.99197835,0.5502348,0.8715774,0.75229436,0.8543422,1.140899,0.70666283,0.945022,1.1743172
bucket,1.1965207,1.0739756,1.076537,1.0165352,1.1757828,1.0117157,0.82651335,1.103251,0.7372992,0.9254579,1.0898491,1.0522741,1.0346916,0.98299503,1.0300326,1.088768,1.103103,1.0412282,0.4917109,0.7227598,0.80202466,0.94852686,0.8713385,0.0,1.1054642,0.17396778,1.0333637,1.2464358,1.1843026,0.85385776,0.9435706,0.8941127,1.0326802,1.0248528,1.2081035,1.1079655,0.93025637,1.0760691,0.7314055,0.6180033,1.1179836,0.85068345,1.0612704,1.0471418,0.8373679,0.9482964,1.1128412,1.1996082,0.9976306,1.1559726,1.1674798,1.225429,0.9906392,1.2482508,1.067775,1.2128232,1.028167,1.1472254,0.73800844,1.2085837,0.92872435,1.023722,1.1680442,1.0487852,1.1645854,1.0340768,1.0345024,0.83403313,1.1000056,0.31087875,1.137751,0.92143244,0.84324193,0.7646719,0.9032108,1.0420568,0.41026032,0.86075544,1.0588131,1.062302,1.0701993,1.1683527,0.80044854,1.090514,1.1503992,1.103573,0.7736107,1.1509508,1.1642932,1.1227751,1.0326214,1.1627265,1.0387826,1.0425001,1.0389262,1.15354,0.9630341,0.9656158,0.8718085,0.90131515,1.0689458,1.1286018,1.1625206,0.95243406,0.83223814,0.7747841,1.0886229,0.9502616,0.94068176,1.0362347,1.0612125,1.1888752,1.0503227,1.1767898,0.9856229,0.95272803,0.7720794,1.1128289,1.1480073,0.91018116,0.9823372,0.94766045,0.9257068,1.0737623,0.8925988,1.1360973,0.97078973,0.8385447,1.2339985,1.0394113,1.0030233,0.77297103,0.85380566,0.9176847,0.9882969,0.8526805,1.1345236,1.010477
butterfly,0.6051121,1.1520509,0.9907569,0.9746887,0.85621184,1.0502334,0.97268486,0.97305936,1.0793993,0.94882417,0.95645165,1.1777124,1.0102843,0.9271121,0.7227981,0.9541993,0.89045906,0.7411677,1.2666525,1.0311215,0.83235526,0.9805569,0.93059266,1.1054642,0.0,1.1132061,1.0908701,1.1789116,0.92368853,1.181972,0.92495847,0.8499943,0.9141345,1.0628084,1.0136964,0.9929769,0.9126454,1.226506,1.0415771,1.2463602,1.0478553,1.0260409,0.90162414,0.83587265,1.0535307,1.1218866,0.97120523,1.1855168,1.0528932,0.8864877,0.8678093,1.1726716,1.075513,0.6164985,1.0283965,1.1400025,1.1254007,0.29956126,0.98300815,1.1833985,1.1538332,1.1313965,0.9976388,0.9422431,0.99410355,1.1152444,0.6574006,1.0804498,1.0026568,1.0276082,1.058161,1.152949,1.075865,1.1387492,0.9916226,0.8994293,0.986059,0.99034095,0.9535747,1.1481978,1.0320414,1.2204747,1.0885726,1.1468225,1.1375052,1.1984279,1.0759468,0.8071966,0.9611481,1.0746588,0.7654688,1.1483605,1.1347497,1.1278467,1.0061162,0.91414917,1.210829,0.8964812,1.0287716,0.88586,0.78537226,1.135385,1.0742178,1.0548848,1.1077819,1.019659,0.7682029,0.94954365,1.0573732,1.1604134,0.87829435,0.9616675,0.96250206,1.0413517,1.2776508,1.028657,1.0293957,0.9539135,1.1973519,1.1697423,1.0559138,0.885644,1.1193584,1.1971171,1.0581851,0.98306674,0.90167433,0.972449,1.1958642,1.1647797,1.0977936,1.1785513,0.91096586,0.87640446,0.967229,1.254652,1.2414786,0.99421716
can,1.2214433,0.9884529,1.1076245,0.98106515,1.2151276,1.0193192,0.94608617,1.1030537,0.74490356,0.9929121,1.0964348,0.9869684,0.9827018,1.0800085,1.0541384,1.0321125,1.0230587,1.1256729,0.64148223,0.8531593,0.9193208,0.9172623,0.9663929,0.17396778,1.1132061,0.0,1.0130965,1.1450518,1.186935,0.7539602,0.9870248,0.8081227,0.96344423,0.9740834,1.1762823,1.0721172,0.94398123,1.0723999,0.7870964,0.7536343,1.0002042,0.9353295,1.1060987,1.0494028,0.79438555,0.83807135,1.1663059,1.0674378,1.014719,1.1854056,1.163179,1.1159419,1.0279404,1.0608356,1.0490391,1.0790854,1.0436697,1.1427493,0.8815337,1.1096957,0.9420086,1.0168476,1.1648889,1.0855488,1.1810074,1.0264016,1.00731,0.8409522,1.1043181,0.41137916,1.088419,0.9475042,0.8486349,0.8039959,0.7820758,1.1264317,0.7495637,0.8572447,1.098191,0.9269995,0.9792286,1.0680974,0.7852814,0.95345354,1.0158569,1.1186692,0.8363691,1.1523823,1.1946642,1.03145,1.1719078,1.1266904,1.0695286,1.076446,1.0649446,1.0869502,0.7888459,0.9839053,0.9556296,0.98936355,1.0261626,1.0334983,1.1400905,0.90153396,0.8800069,0.90240157,1.0142696,0.92844087,0.91323864,1.0099086,1.132031,1.2099733,0.92822194,1.1773491,0.95212495,0.96818095,0.7828909,1.1621447,0.9226457,0.94795465,0.9889464,1.0759504,0.92695135,1.0299962,0.9070615,1.172337,1.1378583,0.84928995,1.1018964,0.99714935,1.0582161,0.7756814,0.97198945,0.9888696,0.9568864,0.7878303,1.0829512,1.0664103
car,1.1476685,0.79117036,0.90569365,1.1651018,1.1754593,0.99696904,1.0307673,0.90037954,0.82952106,1.1740694,1.1703418,0.7973285,1.1013342,1.2354829,0.96269226,1.1413244,0.7894371,0.9352919,0.7977512,0.942284,1.1240686,1.1454306,1.0415593,1.0333637,1.0908701,1.0130965,0.0,0.7696959,1.0910311,0.9275334,1.219024,1.0762035,1.148737,0.9780296,0.7624233,1.1545033,1.1997112,0.7344535,0.96284264,0.80722344,1.1134804,1.143007,1.2005079,1.0892724,1.0795037,0.7478092,0.9800184,1.0306807,0.9521465,0.96745574,1.1906382,0.9772006,0.9480584,0.79851997,0.76146805,0.9904456,0.76327676,0.9452612,0.9789937,0.8428972,1.0683924,0.5611569,1.1517864,1.0200802,1.1900029,1.0616984,0.9890743,1.0185331,1.1365854,1.0460491,1.0252523,0.81478995,1.2138698,0.81227845,1.03726,1.0269977,1.1627396,1.1436102,0.8572716,0.7082813,0.90897954,0.7919899,1.0157149,1.0108572,0.86959493,0.82037044,1.1689391,1.156982,1.1444482,1.0684896,1.1193076,0.8149589,0.923067,0.9635395,0.99825007,0.96593064,0.7265931,1.0740753,0.7525361,1.0644358,0.9978923,1.0351423,0.9404045,1.0943981,0.87626535,1.1659337,1.0253505,1.113883,1.031927,0.9759394,0.85409975,1.1391797,1.1899123,1.0307077,0.7993384,1.2008214,0.88651717,1.1581763,0.8425077,0.88339245,1.0925131,1.1908119,0.7697735,0.8171975,0.957242,1.2039201,1.2628951,0.8981036,0.9956066,0.72150314,1.0073502,0.93698287,0.92223096,1.141825,0.67759347,1.0537301,0.92376286,0.9018681
carrot,1.3444396,0.7843306,0.7367158,1.0104591,1.0456216,0.84790516,1.0080147,0.5060898,1.1858312,1.3375463,1.4162095,0.7172955,1.3076514,1.3932786,1.040763,1.366013,0.9640754,1.2158954,0.91865456,1.1241455,1.3891728,1.0333459,1.0179057,1.2464358,1.1789116,1.1450518,0.7696959,0.0,1.3324122,1.1819465,1.3191276,0.85863745,1.2420323,1.0562394,0.92348593,1.2991047,1.2922978,0.5078451,1.3673021,0.8392624,0.88503563,1.214475,1.3898627,0.9638719,1.238645,0.9857858,1.1413491,0.35981333,0.7478671,1.1166689,1.0467929,0.21787226,1.2480148,0.71776867,1.039602,0.39653677,0.67055184,0.9816176,1.3733397,0.40951765,0.9185575,0.58350855,1.1017387,0.7394929,0.8273574,0.66390413,1.1307676,1.1539648,1.1954489,1.2865833,1.074231,0.721713,1.4168687,1.011955,0.8973761,1.0189486,1.4136304,1.122938,1.222924,0.65095454,0.81555945,0.47464585,1.0269067,0.51053494,0.7084531,0.62366104,1.4251233,1.0593421,1.2841251,0.973789,1.3288207,0.56997985,0.79070634,0.79232514,0.7605237,0.9797051,0.67170525,1.1901406,1.1276491,1.1802298,0.9486143,0.46870375,0.8977285,1.2266753,1.0449841,1.4039229,0.9865638,1.1055956,1.0042377,0.957949,0.81072485,1.1611917,1.1168278,0.942402,0.5503263,1.3584652,1.161324,1.1294117,0.39637363,0.82027334,1.0483019,1.2764071,0.6481094,0.7862389,1.2027516,1.247505,1.4848846,0.75204116,0.22254264,0.54826796,0.88459367,1.0897051,0.96090186,1.3516939,1.2093713,0.9356622,0.4080485,1.3233162
