,alligator,ankle,apple,applesauce,arm,ball,balloon,banana,basket,bathtub,bed,belt,bench,bib,bird,blanket,boat,book,bottle,bowl,box,bread,broom,bucket,butterfly,can,car,carrot,cat,chair,chips,clock,closet,coffee,comb,cookie,corn,couch,cracker,crayon,crib,cup,deer,dish,dog,doll,door,drawer,dress,ear,egg,elephant,face,finger,firetruck,fish,flower,foot,fork,frog,glass,glasses,glove,grass,gum,hair,hand,hat,helicopter,horse,hose,jacket,jar,jeans,knife,ladder,lamp,meat,melon,milk,mitten,motorcycle,mouth,muffin,nail,napkin,necklace,nose,orange,oven,owl,pajamas,pants,paper,pen,pencil,penguin,pickle,pillow,pizza,plant,plate,pony,potato,pumpkin,purse,radio,raisin,refrigerator,rock,rooster,sauce,scarf,scissors,shirt,shoe,shorts,shovel,shower,sink,slide,slipper,snow,soap,sock,soup,spoon,sprinkler,stick,strawberry,stroller,sweater,swing,table,tape,toe,tooth,toothbrush,towel,toy,tray,tree,tricycle,truck,vacuum,watch,window
alligator,0.0,0.9203764,1.1180017,1.0294712,0.90064776,1.1301136,1.2471775,0.96633863,0.9617747,0.9806679,0.93218,1.1574959,0.8451003,1.0579268,0.53699505,0.812056,1.013824,0.86002994,1.1620309,1.1047846,0.9022405,1.0995319,0.91972077,1.1842537,0.8101593,1.1470279,0.8087238,1.1670523,0.7417569,0.9001577,0.9578736,1.0801888,0.9619582,0.94796026,0.87976253,1.0153,0.99643475,0.87152123,0.87581396,1.1583769,0.8791994,1.1543205,0.7618371,0.9807765,0.6485993,0.8189739,0.96612644,0.76766086,0.9981326,1.2808145,1.1798792,1.0429533,1.040679,1.242502,0.9685244,0.8198197,0.9642817,1.1308028,1.063967,0.62729293,1.0045114,1.2615314,0.9970798,1.0298425,1.0457242,1.1478395,1.1295173,1.2422948,1.0756075,0.7737485,0.9040289,1.0180355,1.0954088,1.0462581,0.9284737,0.8924153,1.031187,1.0054231,1.0438803,1.0079855,0.9377899,0.9683729,1.2428346,1.0689236,1.3515904,0.89994645,1.2180448,1.1805478,1.2293701,0.9248873,0.9236455,1.0292313,1.0535175,0.87707484,1.1164601,1.1100998,0.7694765,0.92932576,0.9168446,1.0276358,1.0249428,1.0271761,0.70375204,1.221055,1.1708589,0.7690381,1.0448852,1.2308085,0.91107875,0.9573035,0.79276603,0.96928185,0.9740767,0.7718752,1.0123471,0.9474201,1.0441011,1.0877048,0.9202492,0.9727653,1.0330338,1.171094,0.98844343,1.1275961,0.94836366,0.98668003,1.0244387,0.9702767,1.2618232,1.2820538,0.8608039,1.0072726,1.049428,0.96103317,1.075299,1.2538782,1.161167,0.99442506,0.92234755,0.9005337,0.94493526,0.99883944,0.98529,0.94943035,0.8917481,1.2514392,0.85626423
ankle,0.9203764,0.0,0.8406788,0.8177277,0.91087705,0.96397483,0.8218506,0.946948,1.0153128,1.1062168,1.1820188,0.7359313,1.0256531,1.0798254,1.0434972,1.0688818,1.1728692,1.1409428,0.93419236,1.053608,1.0897653,0.8493817,0.9955023,1.0040272,1.1288475,0.69848865,1.1031276,0.9215066,1.0759604,0.9212512,1.0728704,0.88694525,1.2323143,0.8801731,0.9128206,1.0203189,0.95192844,1.0019095,0.91116744,0.7602658,1.1879613,0.84857804,1.0013696,1.1743833,1.1557148,1.1589291,1.0198305,0.9164277,1.1473799,0.9262608,0.81679714,1.0354594,1.2138133,0.72981757,1.2245373,0.8131585,1.1528631,0.5441424,0.8249332,1.0376564,1.2218589,1.0007504,0.68252254,1.1881576,0.99855894,1.1007258,0.8725842,0.97227347,1.0116687,0.98754805,1.014718,1.228993,1.0876795,1.0532073,0.7564801,1.0794907,0.80503666,1.2648137,0.90222526,0.9302587,0.9216057,1.1967174,0.9324229,1.0697987,0.92713076,0.63729763,0.76016295,0.88595784,0.9403279,1.0368798,1.0909716,1.1656694,0.9746083,1.1571503,0.7017894,0.71659184,0.9042866,0.68988675,0.8851269,1.2076817,1.1351731,0.9792233,1.0417477,1.0285697,1.0262371,1.0930834,0.8861239,0.8941918,1.1238421,1.1081474,0.9762356,1.1152844,0.97322905,0.9298784,1.1250005,0.88180804,0.93750465,0.78437895,1.0516843,0.8854718,1.1460061,0.7593411,1.0982497,0.9622197,0.5455519,1.1698921,0.82506245,1.0862895,0.9115369,0.8656346,1.2030369,1.1527369,1.2356158,1.2421745,0.7775888,0.6342012,0.847482,0.8176998,0.69081706,1.1253589,1.1695399,1.1441437,1.1954906,1.2406738,0.8298053,0.8039948,1.0228996
apple,1.1180017,0.8406788,0.0,1.061149,1.4031801,0.7184262,0.52289957,0.40114284,0.7717439,1.4788085,1.4535213,0.7949258,1.272984,1.3979788,1.0273764,1.5173631,1.4139504,1.2972486,0.5502164,0.7277494,1.3731005,0.5295022,1.1626194,0.87901795,1.2680435,0.7469095,0.8668008,0.69821596,1.3973634,1.2103488,0.79924226,0.6615559,1.2613178,1.1011629,1.2566679,0.73974097,1.0657299,1.124819,1.2349665,0.6895955,1.4778152,0.6544734,0.8128419,1.2822089,1.1922543,1.1074094,1.1934404,0.98482877,1.2105806,0.7946821,0.3950225,1.3126721,1.2222104,0.81335115,1.2380455,0.7415129,0.9871104,0.84242034,0.6659239,0.81405985,1.2091722,0.6794714,0.6832406,1.293467,0.7813672,1.2044333,1.1203405,0.6547022,0.8237094,0.7208729,1.2750835,1.4677608,0.92160916,1.3970367,0.72247124,1.0225075,0.6554658,1.2659733,0.416039,1.1268786,1.3174441,1.284716,0.9899063,1.0032454,0.65443635,0.93466103,0.86185575,0.87901306,0.26088393,1.3730685,1.0454582,1.4774189,1.3538768,1.432312,0.811346,0.7322465,0.690271,0.36106628,0.65886456,1.0152692,0.7899487,0.77591395,0.90092933,0.42781866,0.36375463,1.0588706,0.71946406,0.610613,1.3517988,1.1309323,0.7492913,1.1791506,1.299438,1.0887644,1.4533445,0.9236629,1.2362514,0.59193575,1.2159889,1.0109798,1.2969899,0.6335706,1.1762357,0.6212199,1.0712938,1.0815703,0.6707052,1.1079682,0.77798015,0.57050776,1.2873219,1.441522,1.2862892,1.5499887,0.4962067,0.6378589,0.76586723,1.226568,0.9351126,0.80946004,1.2676184,1.1108565,1.1826992,1.1257946,0.9219735,0.6878867,1.2669241
applesauce,1.0294712,0.8177277,1.061149,0.0,1.0595193,0.9645244,0.8387732,1.0583112,1.0463812,0.9029125,1.0108013,0.9172111,0.96158653,1.0486826,1.0749722,1.0296698,0.9470747,1.0348959,1.0725806,0.8467773,1.025846,1.0453539,0.91841894,0.8174771,1.1259475,0.8508607,1.0705012,1.0311606,0.92973477,0.9538139,1.0754727,0.9378085,1.0248084,0.72511494,0.9338684,0.99406105,1.0135533,0.96859634,0.894099,1.0404593,0.993367,0.9460473,1.0050013,1.061836,1.0296904,1.160834,0.8825998,0.9475612,1.1053891,1.1248955,0.98921573,1.0685766,1.0683038,1.0880181,1.0926712,0.8688258,1.1064281,0.9029702,0.9747409,1.0876139,0.8900851,1.1488345,1.0327129,0.9209001,0.9630414,1.0457805,0.9544209,1.1559246,1.0625234,0.96871006,1.0145386,1.0837259,0.9062224,0.9982773,0.9710362,1.041345,0.91211814,0.9902786,1.0250283,0.9331085,1.062615,1.0973921,1.0610887,0.94069695,1.1362374,0.82574165,1.0152615,1.0260686,1.0728682,0.9258987,0.9404175,1.0400336,0.9702707,1.026503,0.9508257,1.0095047,1.067635,0.93576324,1.0664065,0.95080674,1.04333,0.8651257,1.0626367,1.074866,1.0560797,1.1098082,0.97718567,0.9226331,0.93166965,0.8852931,1.0967325,1.0773854,0.993469,1.0894347,1.0037118,1.0343106,0.91964966,1.024925,1.0030851,0.7514523,1.0673063,1.0671207,0.9125853,1.1397705,1.0114177,0.85277367,0.95341486,1.0454576,1.0741282,0.9606502,1.0929948,1.0116293,1.0219828,1.029622,0.9007416,1.0740676,1.1365371,0.9237033,0.8994951,1.2556288,0.90235186,1.0105615,1.1205596,1.1434487,0.9767403,1.1840501,0.8071304
arm,0.90064776,0.91087705,1.4031801,1.0595193,0.0,1.2632701,1.4302183,1.2156368,1.313622,0.6722398,0.71569884,1.3429713,0.92316496,0.46088362,1.0429832,0.50660163,0.7986866,0.90504026,1.4534521,1.2814586,0.8183733,0.97766775,1.0044224,1.2646606,0.7619876,1.4102223,1.3599181,1.228527,0.5377173,0.8339834,1.2438731,1.4713556,0.80273104,1.0723658,0.8832592,1.0497963,0.9306293,0.9543441,0.65194464,1.3752968,0.75215554,1.443356,1.260462,0.9324796,0.8613293,0.9296155,0.92682827,1.0749741,0.87821317,1.0013064,1.2979295,0.6738555,0.82803416,0.82028866,0.79679143,1.3653668,1.0979356,0.9401037,1.320545,1.3336263,0.8649236,1.3693442,0.9403334,0.93913937,1.2720618,0.7062354,0.50729555,1.33485,1.298228,1.3753136,0.70752776,0.54235417,1.0666496,0.4726597,1.3354186,1.1940933,1.5047612,0.76377165,1.0371877,1.1497589,0.42233735,0.8414771,0.8387341,1.0505435,1.2980821,1.1491686,1.0429609,0.99667513,1.4031405,0.6867157,0.9337156,0.3778895,0.47561765,0.6765356,1.310661,1.229947,1.3621204,1.0858278,1.4379401,1.1049005,1.327541,1.3958521,1.205412,1.3200573,1.3009491,1.0752492,1.4069605,1.3032748,0.69921196,0.9793289,1.2726612,0.8412422,0.6494408,0.94834363,0.38418204,1.1393443,0.57265663,1.4839146,0.7014886,1.1109397,0.8190081,1.3457952,0.8722818,1.3133641,0.69799227,0.931316,1.3140609,1.0706862,1.3531032,1.3826108,0.9062044,0.46257788,0.9938681,0.5935201,1.4698305,1.06845,1.1445923,0.6836741,1.1290511,1.321297,0.87716013,0.9424689,0.905268,1.1180118,1.1909208,1.2086242,0.939359
ball,1.1301136,0.96397483,0.7184262,0.9645244,1.2632701,0.0,0.57422554,0.9413626,0.7406788,1.1845253,1.1563671,0.9238146,1.1413592,1.2508454,0.92774653,1.1617458,1.0465001,1.0513407,0.791149,0.79063046,1.0662515,1.1060343,1.1683605,0.789263,1.1293118,0.96515393,0.7993231,1.0691946,1.2235037,1.1035404,0.9733802,0.794151,1.2105298,1.0570769,1.1897188,0.9506658,1.0439987,1.0308344,1.3653741,0.9415011,1.2041404,0.6949032,0.8017164,1.0724679,1.0039654,1.0464854,1.1461967,1.0346407,1.0903071,0.9872875,0.7029563,1.011203,1.1348914,1.0214453,1.1479433,0.8598337,0.913963,1.0041823,0.9916153,0.8417876,1.1307197,0.9068984,0.9914271,1.0415022,0.70664287,1.2257676,1.1744075,0.80408335,0.9486543,0.81261635,1.0713943,1.1331328,0.8846262,1.2565521,1.0095077,0.9371791,0.8188036,1.084218,0.9435548,0.9863475,1.0924374,0.9416901,1.1488425,1.0513228,0.8710098,1.089921,1.0735551,1.0998145,0.7500177,1.2685016,0.8987834,1.2335681,1.2515347,1.1461095,0.89893854,0.97436935,0.8286542,1.0482605,0.89949024,0.93625844,0.8836445,0.9306545,0.89136565,0.73926115,0.7431048,0.8842622,0.8689429,0.83525234,1.2297695,1.0286028,0.97086304,1.0425858,1.1010181,0.9816599,1.2613902,0.725821,1.222615,0.78515923,1.2517414,1.1580081,0.98702884,0.8788886,1.0382411,0.9403311,1.0014781,1.1339728,0.9218999,0.9152145,0.9456149,0.700749,1.0608795,1.2271025,0.8640922,1.1333684,0.67726946,0.9762969,1.0444442,1.2191753,1.0558555,0.73011446,1.1435606,0.9798081,1.021908,0.86356854,1.0717456,0.95298505,1.223135
balloon,1.2471775,0.8218506,0.52289957,0.8387732,1.4302183,0.57422554,0.0,1.0443658,1.0447541,1.4381986,1.4592874,0.49037862,1.2732109,1.3254178,0.95604956,1.465003,1.3722708,1.2310319,0.5714226,0.88759524,1.3966837,0.7990646,1.1068382,0.9077084,1.175883,0.43812305,0.82656115,0.58485425,1.3871149,1.121818,1.145618,0.47981536,1.3824277,1.1338097,1.099218,0.6762316,1.1160285,1.1564325,1.2302861,0.4232294,1.4956675,0.6072508,0.7914026,1.2936639,1.325296,1.2005684,1.2020743,0.99741423,1.2594949,0.7632419,0.33027697,1.2380763,1.240706,0.7648036,1.3545187,0.5162973,1.1986471,0.6824136,0.7937403,0.7750424,1.1022595,0.5175667,0.74274266,1.2316918,0.84253156,1.1426456,1.1408986,0.5355065,0.7086191,0.6959971,1.3735867,1.4051217,1.1316029,1.284333,0.78724337,1.1323929,0.45516765,1.3931,0.9412354,0.9111093,1.2585119,1.2758756,0.80490315,1.0160533,0.36319834,0.8035757,0.7523079,0.86047554,0.40373647,1.4262323,0.9394916,1.4200568,1.23003,1.3941262,0.54168135,0.6193341,0.7430941,0.873385,0.62771606,1.1527138,1.0055187,0.8512584,1.0360541,0.48953098,0.58802974,1.2631581,0.55821264,0.3664912,1.4324124,1.1430795,0.7560198,1.0909789,1.2903453,1.1070206,1.381474,0.96051973,1.1905591,0.5375451,1.2824001,0.83162665,1.2302032,0.4889077,1.1442622,0.55158424,1.181125,1.2691841,0.7692417,1.1986473,0.5902647,0.2884708,1.3837898,1.3572496,1.2071445,1.4734164,0.42841578,0.4959814,0.6309296,1.085221,0.88882905,0.8143804,1.3923315,1.1979209,1.2881925,1.223353,0.91045284,0.54122543,1.219753
banana,0.96633863,0.946948,0.40114284,1.0583112,1.2156368,0.9413626,1.0443658,0.0,0.6799747,1.143502,1.1401193,1.1574293,1.0910747,1.2003348,1.1176289,1.1766036,1.1574504,1.1029425,0.8916527,0.7051866,1.0168186,0.7662733,1.0606017,0.75369936,1.2100463,1.0606583,1.0044965,1.0335376,1.2021906,1.0555761,0.67191976,1.0321366,1.0041028,1.0089101,1.12569,0.8761384,0.9088618,0.93359137,1.1152751,1.1108398,1.07726,0.81108916,0.9356858,0.9596873,1.0390267,0.9804685,1.0292577,0.93400663,1.0051492,1.0888342,0.88530254,1.184319,1.0850927,1.1171312,1.0207455,0.951495,0.8375289,1.0961058,0.7886084,0.9028338,1.0641124,1.1251128,0.9181523,1.170718,0.78498554,1.2034897,1.1447991,1.024754,1.0684214,0.9458977,1.0306933,1.1845114,0.807715,1.1973354,0.84717834,0.9446503,1.0009644,1.0206394,0.32000053,1.1704781,1.1609339,1.054127,1.2037171,1.0726964,1.1966444,1.0040871,1.1657119,1.1210102,0.784263,1.0431069,1.1594493,1.1988642,1.2347707,1.1210686,1.100406,1.0430775,0.8198271,0.48430336,0.9249903,0.89588624,0.82968426,0.75754553,0.92000455,0.8660927,0.7005027,0.7823716,1.0542369,1.1018867,0.9719386,1.1086754,1.025853,1.0756048,1.1265522,0.92076653,1.2035387,0.9464112,1.1035006,0.79312706,0.98556435,1.0555638,1.1007298,1.0872606,1.122088,0.97264,1.0055146,0.8665723,0.752391,0.97848445,1.083727,1.1141675,0.95954794,1.205305,1.1219084,1.1903403,0.75250745,1.1457813,1.1888188,1.0561597,0.9547489,0.8867127,0.90609556,0.96720046,0.9695698,1.0101267,0.96890354,1.1617863,1.0693682
basket,0.9617747,1.0153128,0.7717439,1.0463812,1.313622,0.7406788,1.0447541,0.6799747,0.0,1.129623,0.9200485,1.0858246,0.77356654,1.2541394,1.0182796,1.0864713,1.1268215,0.9691931,0.7169647,0.76524895,0.780437,1.0758699,0.9187418,0.58245254,1.1901724,0.8726314,0.8677503,1.1674128,1.2435145,0.7977399,0.7533746,0.96162933,0.89640176,0.7766863,1.0296608,1.1021614,1.0094466,0.7517817,1.1846813,1.1211262,0.76510465,0.5983132,0.94070375,0.9929728,1.0289592,0.96163857,0.8745518,0.92130065,1.050103,1.1612685,1.0378492,1.1162943,1.2021352,1.1638422,1.0759114,1.1142566,0.83697355,1.1234213,0.83713603,0.9821341,0.97402143,1.0342016,0.97746146,1.1757487,0.6249996,1.2982203,1.2090641,0.9544448,1.0359397,0.9037916,1.1198996,1.1973653,0.6921392,1.2915076,0.9430702,0.5881212,0.880226,0.9562469,1.0255845,1.0675939,1.2114449,1.0331638,1.3293432,0.88080025,1.1614629,0.8642432,1.1465266,1.1784945,0.8790285,0.95591295,1.0495176,1.2382541,1.271404,1.144333,1.0974727,1.0430322,0.8920884,1.0163195,0.7522079,0.7542534,0.7410635,0.7509954,0.8658513,0.9628821,0.9300008,0.50137615,0.8710076,1.1015419,0.9221934,1.1347036,0.9466626,1.2098483,1.0726374,1.056421,1.2686887,0.7741162,1.1227789,0.75836444,1.0710049,0.9773517,1.2086599,1.0066905,1.1789814,1.0315998,0.9607447,1.0924044,0.9540478,0.96038395,0.96401036,0.9578023,0.74144864,1.2342612,1.0639595,1.1802051,0.77244383,1.1995945,1.1610031,1.2164778,0.77370787,0.87499857,0.89912117,1.0913075,0.9185729,0.7992513,0.7494674,1.1087841,1.0007573
bathtub,0.9806679,1.1062168,1.4788085,0.9029125,0.6722398,1.1845253,1.4381986,1.143502,1.129623,0.0,0.51689154,1.4200553,0.5961555,0.74844486,1.1654512,0.53238404,0.20270693,0.81171405,1.474728,0.85455954,0.53550357,1.2876301,1.0787421,0.7343893,0.9509445,1.4275168,1.2469616,1.3408957,0.7144758,0.8411093,1.126784,1.378938,0.67705774,0.69508207,0.8793936,1.1392114,0.85381687,0.88553077,0.8143214,1.4905206,0.5316202,1.2247274,1.3674214,0.63746965,0.8997449,1.0756686,0.7790799,0.9424416,0.7824746,1.3110137,1.4296355,0.7461686,0.91374135,1.2604103,0.81628054,1.2400151,1.024147,1.2834966,1.2952224,1.3532498,0.7749466,1.5323337,1.487356,0.5414576,1.098109,0.9436699,0.98526603,1.5496162,1.3489751,1.4717782,0.63955855,0.64449644,0.86669374,0.7733512,1.1919866,0.9465992,1.3460598,0.6856167,1.092231,0.79537666,0.8204027,0.7474204,1.1802272,1.1622559,1.4728823,1.1282855,1.2540123,1.2193358,1.5640159,0.4972567,1.1553979,0.64479977,0.8053894,0.5987185,1.3647605,1.4115838,1.3859695,1.1960876,1.4121419,0.88443434,1.1927776,1.0570062,1.1697357,1.4572078,1.3783878,0.9708863,1.427313,1.4329715,0.5742469,0.70611423,1.5007415,0.73091936,0.8031493,0.91196865,0.7043791,1.1370798,0.9366543,1.3602712,0.67655724,0.7555594,0.39454013,1.5648253,0.66151416,1.3426331,0.9800482,0.8087375,1.1858466,0.9501372,1.4003612,1.4692109,0.89821714,0.7023822,0.6305435,0.41867304,1.3649944,1.4827589,1.4612572,0.83363,1.1248802,1.3271402,0.46881932,0.8090999,0.91865647,0.8779065,1.2451017,1.5184056,0.78032196
bed,0.93218,1.1820188,1.4535213,1.0108013,0.71569884,1.1563671,1.4592874,1.1401193,0.9200485,0.51689154,0.0,1.3529596,0.66032004,0.701734,1.1842505,0.42115623,0.58664507,0.7748275,1.4099288,1.1338228,0.6383876,1.3469474,0.91775316,1.0312722,0.94243014,1.3617332,1.1989809,1.4040388,0.6867207,0.70603466,1.1106495,1.3569487,0.61764926,0.84369653,0.9692102,1.1904628,0.9778015,0.6955627,0.9036857,1.4620512,0.23053503,1.3127134,1.2056551,0.80748034,0.7951943,0.7885192,0.72968197,1.0917221,0.8012401,1.2526131,1.4022659,0.7263229,0.86133593,1.2687771,0.72808063,1.3961867,1.0006002,1.2604045,1.3355453,1.296908,0.87756145,1.4287608,1.3648007,0.70051336,1.2099788,0.9181644,1.0290904,1.369947,1.2533218,1.2946395,0.7422162,0.5670134,0.97029537,0.7719928,1.3613877,0.8313102,1.3827192,0.7826009,1.1658212,0.9929754,0.82571876,0.72026944,1.116465,1.0057845,1.3880847,1.1766691,1.2563574,1.1534747,1.4641924,0.58680606,0.9999112,0.5621742,0.83092594,0.67703843,1.3621315,1.4359913,1.3334854,1.2699704,1.2735138,0.9745315,1.145576,1.1974825,1.0648513,1.3569643,1.371869,0.8467127,1.3055959,1.3778158,0.6092339,0.8663305,1.3533293,0.8511466,0.8095856,1.0619469,0.71133775,1.153004,0.9146501,1.4270175,0.70128196,1.083292,0.6450952,1.504062,0.8163737,1.3314834,1.0111777,0.8917116,1.3642145,0.9403714,1.3073123,1.3444153,0.60272723,0.68965274,0.7041392,0.42158222,1.4008396,1.4457684,1.3826337,1.0283443,1.1290033,1.2163707,0.7117852,0.8061756,0.8736079,0.8781722,1.0971417,1.4510133,0.71981895
belt,1.1574959,0.7359313,0.7949258,0.9172111,1.3429713,0.9238146,0.49037862,1.1574293,1.0858246,1.4200553,1.3529596,0.0,1.0861751,1.3351974,0.96063507,1.4222624,1.2823983,1.1379879,0.5550677,1.0228894,1.3489208,0.95585364,0.9764641,1.0878551,1.1951795,0.24608862,0.8325416,0.60146016,1.2919571,1.0530614,1.0516571,0.396182,1.2731955,0.93666,1.0320942,1.0228838,1.11341,1.0450873,1.23945,0.15563685,1.4051162,0.71136785,0.80400527,1.3807297,1.2506899,1.3124659,1.1120303,0.98421013,1.229882,1.0011803,0.772902,1.197176,1.2320642,0.9448944,1.254504,0.5447743,1.1637559,0.77190113,0.71472853,0.83813304,1.2779245,0.38364297,0.7616707,1.1541184,1.1558506,1.1776974,1.2369576,0.6071907,0.36837888,0.6938404,1.3432496,1.3300518,1.2187223,1.2575943,0.67324,1.0109336,0.3906783,1.4160564,1.1589612,0.8687609,1.4066365,1.2603722,0.964413,1.1113136,0.3624456,0.71212745,0.8165292,1.0077971,0.63452274,1.261477,1.0923429,1.390038,1.214509,1.3681681,0.1293279,0.4451509,0.79246473,1.0355513,0.43328977,1.1946542,0.9119646,0.9121337,1.0330077,0.7308179,0.8689826,1.2334979,0.21578771,0.5765359,1.3018725,1.0763468,0.78417456,1.3161135,1.2289852,1.1404953,1.3298218,0.94459057,1.1777793,0.5322715,1.2592824,0.76244724,1.2620009,0.35307252,1.053157,0.54771507,1.2499484,1.2932937,0.8751836,1.060824,0.38390553,0.48755878,1.286678,1.3169459,1.1934118,1.403497,0.70657,0.65108186,0.66627765,1.2028387,0.853272,0.91605353,1.3510487,1.1320727,1.2901947,1.0659747,0.7089645,0.34428084,1.119291
bench,0.8451003,1.0256531,1.272984,0.96158653,0.92316496,1.1413592,1.2732109,1.0910747,0.77356654,0.5961555,0.66032004,1.0861751,0.0,1.0618839,1.110159,0.72876984,0.61195755,0.8868622,1.0949011,1.0490541,0.6845065,1.1764871,0.7376387,0.8287905,1.077917,0.9426854,1.0355426,1.2873733,0.8808343,0.29954374,1.118639,1.21101,0.64072645,0.51365566,0.8166826,1.2348804,0.98604316,0.50673556,0.8809541,1.2005495,0.5170842,1.0442998,1.1673201,1.0721939,0.92935747,1.1276418,0.67260456,0.9151682,0.99689114,1.283246,1.3490311,0.96838856,1.122161,1.2736316,1.072878,1.1464195,1.0433354,1.1103754,1.0468189,1.1826171,0.99579054,1.2204767,1.1255273,0.7834451,1.2143013,1.0841374,1.1273708,1.2261633,1.1566358,1.1251757,0.88137317,0.9650339,1.0652971,0.7953604,0.9657623,0.499272,1.121354,1.0735164,1.1733072,1.1287254,1.1333445,0.87465596,1.2192141,1.1056131,1.3294364,0.75858057,1.2000935,1.2162586,1.2399852,0.6211858,1.1136832,0.8862203,0.8030709,0.9413262,1.1210624,1.131772,1.1425413,1.1324183,0.9253513,0.9850314,0.8644593,0.954412,0.9470147,1.2403425,1.3701966,0.8773152,0.9955276,1.2673427,0.6395545,0.8667233,1.1736084,1.2339456,0.98971033,1.0421321,0.9156055,1.019529,0.8129808,0.96976376,1.019835,0.61782324,0.7718541,1.1731458,0.8976522,1.2676207,1.0573287,1.1608862,1.1836319,0.8360481,1.0802057,1.2539264,0.7031568,0.89182484,0.83650494,0.7934547,1.149121,1.3595412,1.309202,0.9674358,0.787598,1.1949806,0.72360766,0.96574837,0.8942036,0.7145704,0.7537885,1.2217563,0.67485183
bib,1.0579268,1.0798254,1.3979788,1.0486826,0.46088362,1.2508454,1.3254178,1.2003348,1.2541394,0.74844486,0.701734,1.3351974,1.0618839,0.0,1.1429781,0.47306806,0.8569695,0.94489884,1.499074,1.2932026,0.8975485,1.0372638,1.1397551,1.2993551,0.7584466,1.4262183,1.3389496,1.1807035,0.53970844,0.916692,1.1999352,1.4018885,0.86207795,1.1430801,0.95224404,1.0528407,1.0804427,0.95784384,0.77784216,1.4133315,0.78868264,1.4449661,1.3004878,0.899348,0.821344,0.7290419,1.0324643,1.2820469,0.6729299,0.88050365,1.229915,0.5714846,0.60015464,0.8840145,0.7612728,1.4267285,1.0748786,0.95210207,1.3742322,1.3586421,0.77921176,1.2758049,1.027067,0.8456609,1.2279032,0.57249045,0.6165285,1.1683271,1.2866867,1.3802675,0.86424476,0.33480537,1.115601,0.45489025,1.458551,1.2957513,1.4790052,0.77001595,1.0851641,1.117769,0.52374303,0.9197171,0.74208844,0.8496343,1.1986507,1.1886504,0.88795036,0.80212,1.3705645,0.8205466,0.89015615,0.17011988,0.4930792,0.72075635,1.3793101,1.3843734,1.3700697,1.1942987,1.3908105,1.1104211,1.3107234,1.3519161,1.1425242,1.2917554,1.2228546,1.0642433,1.42015,1.2156904,0.8252804,0.9192171,1.244973,0.8833858,0.64647144,1.1682985,0.15903139,1.1670525,0.6346853,1.5771546,0.70911765,1.1881258,0.8692562,1.3251045,0.89806527,1.2388783,0.82407093,0.93843323,1.4160284,1.180423,1.3546834,1.3308737,0.9387869,0.1893866,0.97709054,0.6027359,1.4443399,1.0373627,1.1527426,0.9176241,1.1357553,1.3486327,0.9772738,0.9705729,0.9856602,1.1270688,1.3542323,1.2458372,0.91704285
bird,0.53699505,1.0434972,1.0273764,1.0749722,1.0429832,0.92774653,0.95604956,1.1176289,1.0182796,1.1654512,1.1842505,0.96063507,1.110159,1.1429781,0.0,1.0376192,1.1714383,0.88624763,0.9226527,1.1189742,1.0442948,1.0695304,1.069966,1.1468718,0.83265424,0.96754354,0.7795884,0.9231335,0.85910904,1.1425728,1.0089895,0.8769372,1.2078075,1.028075,0.9451085,0.9441193,0.91143346,1.1304715,1.0302162,0.8924333,1.1230439,1.0455595,0.7849555,1.0395005,0.80560696,0.97715396,1.105886,0.9160054,1.0041171,1.0675713,0.99183965,1.0857112,1.094451,1.1119612,1.073063,0.74786067,0.9847907,1.0494937,1.0027751,0.64857846,1.0115473,0.90947556,0.9636878,1.130904,1.0365117,1.1798286,1.1197518,1.006987,0.8912041,0.7233382,1.0282727,1.1254884,1.0781001,1.0841523,0.9367438,0.9103173,0.84979004,1.0892589,1.0392642,0.988448,1.0178425,0.933516,1.1231335,1.0481375,1.0290476,0.9718965,1.0209593,1.1356738,1.0007141,1.2153913,0.7279289,1.1477536,1.051771,0.9823516,0.93276674,0.8680444,0.63676083,0.9881533,0.8742938,1.0868673,0.9667891,1.081645,0.7013914,0.9873166,0.97688395,0.9398168,0.9311018,1.032379,1.2076371,0.96955544,0.6616292,1.0217216,1.1153406,0.9198129,1.1287351,0.90647304,1.014067,0.9763651,1.1196226,1.1919036,1.1233628,0.91761386,0.9582032,1.0002558,1.082312,1.0943198,0.96384335,1.0055459,0.9669912,0.99131227,1.0725943,1.0860591,1.0540816,1.1661296,1.0175623,1.038923,0.8778368,0.9843549,0.9559199,0.8474474,1.2244714,0.9853662,1.0340449,0.90846056,0.9874676,0.9494075,1.1169624
blanket,0.812056,1.0688818,1.5173631,1.0296698,0.50660163,1.1617458,1.465003,1.1766036,1.0864713,0.53238404,0.42115623,1.4222624,0.72876984,0.47306806,1.0376192,0.0,0.6574749,0.8220513,1.5587858,1.2036223,0.7779684,1.1195786,1.057861,1.1472545,0.79772055,1.4538329,1.301295,1.3570914,0.41965652,0.6238525,1.2137284,1.467572,0.7310224,0.9263741,0.8540986,1.1573414,0.95745677,0.6629158,0.6035518,1.5246726,0.5763296,1.4183757,1.2685375,0.84283936,0.7140907,0.84703434,0.937588,1.1451242,0.70187044,1.1828872,1.3830291,0.58503777,0.8829975,1.2318177,0.79003036,1.3422997,1.0654256,1.062194,1.4590023,1.32079,0.8705171,1.469727,1.1211406,0.84197855,1.230596,0.8146462,0.8892882,1.3024051,1.3617296,1.335145,0.76292664,0.49480337,1.0877752,0.43319702,1.4312005,1.1439602,1.5286767,0.6310456,1.1026783,1.1337323,0.49421954,0.8272668,1.0622036,0.8318074,1.4250274,0.86949515,1.1515262,1.0973709,1.5385306,0.57786363,0.82391274,0.33371025,0.4982177,0.61673796,1.4662336,1.4772128,1.3501663,1.1818764,1.2262311,0.89620596,1.2923484,1.2238783,1.0249305,1.3929217,1.4006613,0.8052698,1.4291587,1.3844793,0.70862603,0.77798283,1.29129,0.94969994,0.5436481,1.0914509,0.5046072,1.0050982,0.6217191,1.518729,0.77085793,1.0405557,0.8049924,1.4445152,0.78969824,1.3939018,0.7578112,0.8743799,1.4693513,1.1414112,1.4045104,1.4851234,0.8046938,0.49093735,0.87624085,0.47732246,1.4529699,1.3515222,1.2602113,0.86285055,0.78342056,1.3697548,0.7919811,0.9494802,0.91569924,1.0549936,1.2853003,1.4472749,0.8546446
boat,1.013824,1.1728692,1.4139504,0.9470747,0.7986866,1.0465001,1.3722708,1.1574504,1.1268215,0.20270693,0.58664507,1.2823983,0.61195755,0.8569695,1.1714383,0.6574749,0.0,0.8131701,1.3886315,0.9302869,0.6510448,1.2198286,1.0816591,0.85029525,0.9927704,1.3714507,1.0975226,1.290067,0.7966192,0.9431884,1.0934448,1.3182113,0.74399656,0.7791054,0.94058055,1.124951,0.9069104,0.988509,0.9032821,1.3471247,0.5893438,1.2432976,1.2620838,0.7465446,0.9068706,1.1044977,0.98873186,1.002156,0.851742,1.3120381,1.3793703,0.68243504,0.964218,1.2844375,0.81197184,1.1745205,1.0236359,1.2960467,1.2578058,1.2186495,0.8872077,1.3817538,1.4864513,0.41761166,1.1472931,1.0220786,1.0727413,1.4341426,1.2384317,1.3558517,0.60384977,0.70284593,0.94293576,0.8632587,1.1569669,0.83982265,1.333611,0.8104665,1.135371,0.77020794,0.9426287,0.69320124,1.1814162,1.1838013,1.378652,1.1936624,1.2123269,1.2511268,1.4194238,0.74012685,1.1396855,0.7465128,0.9302045,0.6876776,1.2249873,1.2967978,1.2875049,1.2307842,1.3327069,0.9534261,1.1114385,1.0717554,1.1548729,1.3350224,1.3348114,1.0450213,1.3250134,1.3959749,0.7848599,0.6853853,1.4470506,0.77644086,0.8326262,0.8575616,0.82097745,1.0789908,1.0598838,1.2688415,0.83006936,0.84431785,0.28896725,1.4443104,0.608429,1.2835137,1.1077311,0.8923338,1.1978014,0.8510088,1.3217304,1.3835824,0.9417921,0.801342,0.46809924,0.40824533,1.2866915,1.4624825,1.4320242,0.92325264,1.1935977,1.1520085,0.5335099,0.7372328,0.87323,0.7104553,1.2922846,1.4076431,0.8807816
book,0.86002994,1.1409428,1.2972486,1.0348959,0.90504026,1.0513407,1.2310319,1.1029425,0.9691931,0.81171405,0.7748275,1.1379879,0.8868622,0.94489884,0.88624763,0.8220513,0.8131701,0.0,1.2812587,0.96324736,0.3707925,1.1793119,1.0304927,0.968068,0.89687246,1.1685939,0.84158105,1.1367216,1.0065238,0.97236806,1.0545834,1.2330396,1.0183328,0.8428833,0.87654555,1.0435567,0.9106574,0.9805942,0.8995172,1.1402248,0.6987163,1.1509788,1.0510286,0.74619067,1.0111253,0.8946353,1.1114786,0.8470698,0.9733406,1.2354263,1.2675973,1.0748285,0.9633076,1.1623455,0.5404268,1.0321547,0.94302875,1.2110476,1.1074733,0.80858773,0.84734553,1.2363517,1.2945554,1.0124635,0.8164404,1.0541958,0.9348721,1.2553772,1.0975071,1.0491227,0.8711616,0.80855066,0.92803514,0.9699251,1.0638385,1.0378951,1.2341156,0.85375667,1.0949159,0.9258251,0.9023117,0.8503515,1.1230903,1.1320511,1.2582853,0.97186756,1.1618665,1.2172916,1.2808204,0.85304767,1.0409487,0.9458783,1.0073973,0.27002484,1.0837185,1.0907278,1.1702274,1.1822414,1.0950544,0.7847747,1.1163442,0.8609197,1.1696596,1.2920221,1.2149718,0.8787352,1.060035,1.2618102,0.923825,1.0406401,1.2413456,0.83538663,0.9492858,0.80685294,0.9667501,0.99404234,1.036957,1.162002,1.0052574,0.950117,0.91069096,1.2404504,1.0229883,1.2177515,1.095287,0.9242641,1.1000884,1.1148423,1.1289469,1.2538663,0.88717765,0.96474797,0.97115445,0.56163836,1.1304208,1.2992042,1.1396707,0.94691426,1.029669,0.8407481,0.6040956,0.9670734,0.9290435,0.91117316,1.1985378,1.2542304,1.0153115
bottle,1.1620309,0.93419236,0.5502164,1.0725806,1.4534521,0.791149,0.5714226,0.8916527,0.7169647,1.474728,1.4099288,0.5550677,1.0949011,1.499074,0.9226527,1.5587858,1.3886315,1.2812587,0.0,0.86892855,1.3362331,0.89335245,0.8736062,0.7425927,1.2782038,0.40062296,0.7860718,0.8596949,1.4434938,1.0651624,0.8033675,0.47868335,1.2009141,1.0619844,1.247455,0.98466873,1.0833489,1.0295854,1.3902578,0.48355377,1.3825527,0.37275064,0.8126546,1.2939317,1.1676912,1.1705394,1.0396752,1.0540091,1.219446,0.95198226,0.6679351,1.3173032,1.2446088,0.9962636,1.3107518,0.7854922,0.9923643,0.8911445,0.6183383,0.8441862,1.1868291,0.526752,0.6992786,1.2284089,0.88713795,1.2753463,1.3198662,0.56679547,0.5637722,0.6905105,1.34495,1.4172366,0.8031678,1.3800645,0.68310285,0.8250128,0.41573894,1.3101408,1.0434844,1.0050982,1.4545999,1.1903898,1.1772631,1.1392906,0.5739438,0.88851464,1.0039268,1.051973,0.48181152,1.3072332,1.0935557,1.4929818,1.3441176,1.4764149,0.5602931,0.5965377,0.5573668,0.9598667,0.48964095,1.0836792,0.6500236,0.80756694,0.77338284,0.5123251,0.70523053,0.9913023,0.46692753,0.71812254,1.2301266,1.2001678,0.64091754,1.3006455,1.2724161,1.1598806,1.4414253,0.8446015,1.2424748,0.39273334,1.2240438,0.92983866,1.2882838,0.5277324,1.2482531,0.5598873,1.0922065,1.2251916,0.6997265,0.8807281,0.44513398,0.4709152,1.1146095,1.3994787,1.201897,1.5254887,0.5461258,0.747767,0.7643095,1.2019093,0.8639083,0.70432544,1.2645507,1.2000539,1.1060617,1.0099401,0.55210006,0.5280013,1.1789343
bowl,1.1047846,1.053608,0.7277494,0.8467773,1.2814586,0.79063046,0.88759524,0.7051866,0.76524895,0.85455954,1.1338228,1.0228894,1.0490541,1.2932026,1.1189742,1.2036223,0.9302869,0.96324736,0.86892855,0.0,0.8556771,0.98530537,1.2118549,0.35214818,1.1786103,1.0392984,0.97820616,0.9144479,1.3141062,1.1140974,0.6409083,0.8854911,1.2042073,0.82190746,1.1531782,0.8760532,0.9860501,1.0160918,1.146544,1.0349374,1.0788443,0.50594777,0.97543406,0.72175074,1.1129043,1.1240093,1.1303549,0.855476,1.1095929,1.1778189,0.95116204,1.222409,1.1664116,1.1779525,1.0086796,0.8720674,0.8800049,1.2532873,0.6806808,0.9905519,0.9501175,1.0917432,1.1836584,1.1427002,0.67118,1.3107978,1.1197258,1.1510525,1.0019754,0.9669879,1.1195217,1.2365255,0.638871,1.3442534,0.75316924,1.0242766,0.85015166,0.7169851,0.75124246,0.89143866,1.1848671,1.0996557,1.1937711,1.0792639,1.0762044,1.0237188,1.1832597,1.173252,0.9180142,0.9112316,1.2076967,1.3098217,1.3307219,0.93113756,0.97190475,1.0158368,1.0207708,0.94193786,0.99328345,0.55232453,0.88611484,0.33874315,1.0951307,1.0008954,0.77331734,0.8915365,0.9238819,0.949209,1.0175276,1.0964334,1.1620613,0.8375915,1.142275,0.88891,1.2980019,1.026288,1.2404348,0.83365643,1.0993427,0.6491118,0.9991873,1.1085708,1.0905796,0.99849755,1.1643155,0.60824955,0.5944602,1.0856103,1.0182273,0.9108366,1.1181989,1.2958283,0.97981703,0.9524363,0.6832818,1.2480454,1.2291652,1.1051278,1.0666696,0.9020869,0.5444068,1.0161748,1.0777354,0.99851185,1.1447653,1.1481372,1.1543204
box,0.9022405,1.0897653,1.3731005,1.025846,0.8183733,1.0662515,1.3966837,1.0168186,0.780437,0.53550357,0.6383876,1.3489208,0.6845065,0.8975485,1.0442948,0.7779684,0.6510448,0.3707925,1.3362331,0.8556771,0.0,1.3096523,0.93380797,0.75040984,0.8299726,1.2737964,0.9626682,1.2939569,0.9537285,0.8382526,1.0379398,1.328522,0.75732696,0.66492903,0.8642169,1.1579436,0.9050614,0.851113,0.8320844,1.3978869,0.40946543,1.0560803,1.2507575,0.51051223,0.9302533,0.83667016,0.82935774,0.7973892,0.87112546,1.3194759,1.3869635,1.0211829,0.92998725,1.2440847,0.66356635,1.2411789,0.8574565,1.3151217,1.2817497,1.031592,0.747907,1.4522862,1.3797363,0.9193859,0.7403457,1.074768,0.9566302,1.4740124,1.2568256,1.2764847,0.67033756,0.7717522,0.7814497,0.9654112,1.2392466,0.9509186,1.3070822,0.77281684,1.0712488,0.8666104,0.80775595,0.7875884,1.1830786,1.1215605,1.4403994,1.160199,1.2840922,1.2454712,1.462748,0.64888024,1.1381892,0.8970355,1.0049582,0.45020974,1.2919172,1.3067033,1.3074007,1.2206098,1.3164119,0.81189466,1.1143681,0.9449113,1.1595457,1.4774517,1.2340814,0.6949512,1.1840175,1.3080161,0.62874115,1.0646672,1.4197674,0.67881364,0.9962948,0.7715701,0.9058565,1.0637553,0.9983365,1.302938,0.84850395,0.9595632,0.77920663,1.4893838,1.0349469,1.3147519,0.99046755,0.8922889,1.2074293,0.96870977,1.26702,1.3567197,0.6987067,0.89498496,0.8700055,0.4894129,1.2033064,1.4357128,1.3828441,0.8802082,1.1419158,0.79047036,0.54326016,0.94284874,0.82053494,0.8463711,1.1080306,1.4423709,0.91968143
bread,1.0995319,0.8493817,0.5295022,1.0453539,0.97766775,1.1060343,0.7990646,0.7662733,1.0758699,1.2876301,1.3469474,0.95585364,1.1764871,1.0372638,1.0695304,1.1195786,1.2198286,1.1793119,0.89335245,0.98530537,1.3096523,0.0,1.1704559,1.1820204,1.0589325,0.9420363,1.0189241,0.67034334,1.0818834,1.1549863,0.8173043,0.94828993,1.161111,1.1189198,0.9495767,0.7434422,0.9046061,1.1783185,0.5973468,0.7889991,1.3909509,1.003187,1.0567716,1.2372448,1.1327009,1.0680857,1.2834505,1.1047184,1.0983541,0.7400567,0.45205808,1.1742121,1.1411381,0.62931514,1.1138595,0.9044939,1.2372515,0.7016758,0.7656249,0.9946288,1.1789757,0.8283257,0.6305439,1.2576338,1.0157329,0.9491614,0.7643396,0.79335403,1.0203177,0.99858886,1.1844813,1.3233445,1.0994111,1.078821,0.82704884,1.2434933,0.99795705,1.0451022,0.67870873,1.1463642,0.9553432,1.3435596,0.6628899,0.69741833,0.71308625,0.73974925,0.75803655,0.7402902,0.5012737,1.2098174,0.9021603,1.1887134,1.0504017,1.1581819,0.97956765,0.7283332,0.9702,0.6357327,0.80296373,0.9671088,1.113289,0.82464325,1.0665843,0.64480096,0.6452419,1.3186793,1.0188739,0.7874869,1.2972512,1.014098,0.89902604,1.1135926,1.0693626,1.1171163,1.1822149,1.0664803,1.0287634,0.8764304,1.1862179,0.9233473,1.2446706,0.7015946,1.1245074,0.6820526,0.9429958,0.84171456,0.80879855,1.280723,0.90094155,0.8044393,1.4242287,1.2013441,1.3472962,1.2947102,0.6853506,0.5372236,0.6415889,0.8959078,0.743886,1.0707245,1.104819,1.2235355,1.2309579,1.2300277,1.158246,0.7550453,1.2729617
broom,0.91972077,0.9955023,1.1626194,0.91841894,1.0044224,1.1683605,1.1068382,1.0606017,0.9187418,1.0787421,0.91775316,0.9764641,0.7376387,1.1397551,1.069966,1.057861,1.0816591,1.0304927,0.8736062,1.2118549,0.93380797,1.1704559,0.0,1.0319767,0.9905041,0.79761386,0.96380436,0.99861664,0.9470237,0.750693,1.1038463,1.0442654,0.71437603,0.99150413,0.92421997,1.1666924,0.967493,0.79318446,0.9556294,0.9406415,0.7871536,1.0374845,0.98222625,0.9783691,0.9463861,0.97963583,0.6063687,0.91409886,1.126272,1.1415852,1.1569368,1.1585667,1.0802103,1.1649151,1.0818262,1.0534326,1.0062289,0.9535238,0.94876075,0.8994529,1.022469,1.060419,0.9741067,0.9893867,1.1112179,1.10715,1.1680458,1.1163671,1.028259,1.0370202,0.8811323,1.0797095,1.0608226,0.9968905,0.9001281,0.77755797,0.96670794,1.1587526,1.1696618,0.9862209,1.0836401,0.9406884,1.1036245,1.0530587,1.1208935,0.9241836,1.102225,1.0978969,1.0480199,0.9301077,1.0269815,1.077286,1.016018,1.1378703,0.9633104,0.90177786,1.0159695,1.0961457,0.9951883,1.1285491,0.80907696,1.0509264,0.96282077,1.1424488,1.1171985,0.9030806,0.967727,1.0528854,0.77686334,1.1663247,0.9594844,1.0562173,1.1013253,0.7552032,1.0660514,1.0648513,0.99385214,0.9095428,1.00065,0.9686149,1.140558,1.0279953,1.1831748,1.1194887,0.9786561,1.1946868,0.91462874,0.57330203,0.8934019,1.0422509,0.5983019,1.0613716,0.92538035,1.0277599,1.0875825,1.1318021,1.0522952,0.7241777,0.9632361,0.82199156,1.0227075,1.084042,0.69740194,1.02012,0.36253226,1.0715327,0.7382251
bucket,1.1842537,1.0040272,0.87901795,0.8174771,1.2646606,0.789263,0.9077084,0.75369936,0.58245254,0.7343893,1.0312722,1.0878551,0.8287905,1.2993551,1.1468718,1.1472545,0.85029525,0.968068,0.7425927,0.35214818,0.75040984,1.1820204,1.0319767,0.0,1.2511076,0.8758914,1.0322782,1.1099546,1.3047765,0.88639,0.85336506,1.0253804,1.0140992,0.71389675,1.1255015,1.0743691,0.9189107,0.8664831,1.1828904,1.1237459,0.87289464,0.32990354,1.0406879,0.7603616,1.1210848,1.1136198,0.9521525,0.8851602,1.063689,1.2208447,1.1031303,1.1778586,1.1801451,1.2439371,1.0267355,0.9341012,0.86966,1.1487437,0.90486974,1.0687401,0.8385326,1.1682227,1.1290888,1.0321306,0.64505553,1.3028009,1.1856809,1.131167,1.0725204,1.0074223,1.1048498,1.2079835,0.42706037,1.2169826,0.9402205,0.84995985,0.9060582,0.83837616,0.9241429,0.96653116,1.1677462,1.0122148,1.273785,1.1295164,1.2099514,0.9191411,1.2212161,1.2369597,1.0054029,0.8346057,1.1875886,1.2356672,1.2086269,1.0190977,1.0538735,1.1004586,0.9862146,0.9871531,1.0144935,0.7800096,0.7910018,0.62222135,1.0334371,1.0440805,0.92214596,0.73894095,0.9662628,1.0890672,0.91883475,1.0752181,1.1743279,0.94756985,1.105649,0.98006,1.2603166,0.9249223,1.1085627,0.7174568,1.0151503,0.7307511,0.8837812,1.1546239,1.0889236,1.152116,0.99325234,0.87206393,0.81804526,0.9792687,0.99120766,1.0051743,0.87237096,1.2249109,0.898391,1.0036489,0.7287297,1.2586608,1.2693319,0.9868872,0.8831284,0.91683006,0.6789371,1.0289032,0.94975543,0.9320654,0.97671384,1.2206669,1.0400743
butterfly,0.8101593,1.1288475,1.2680435,1.1259475,0.7619876,1.1293118,1.175883,1.2100463,1.1901724,0.9509445,0.94243014,1.1951795,1.077917,0.7584466,0.83265424,0.79772055,0.9927704,0.89687246,1.2782038,1.1786103,0.8299726,1.0589325,0.9905041,1.2511076,0.0,1.3102283,0.9964554,0.9845157,0.726879,1.0213326,1.121404,1.2316828,0.9596452,1.1613886,0.7787632,0.94335556,0.93445235,1.0762514,0.72905874,1.1893011,0.9065607,1.2890221,0.92079705,0.86578363,0.89945984,0.7917936,1.0972016,0.998632,0.8556036,1.0657184,1.1250793,0.9656764,0.80760974,1.1111326,0.8383183,1.0094062,1.0078399,1.0989459,1.2513175,0.8258219,0.6999276,1.1998422,1.068703,1.0173088,1.0053312,0.82699287,0.95741075,1.1610757,1.1473335,0.9320804,0.8156465,0.8012254,1.0830297,0.81684506,1.2050062,1.1693324,1.3007076,0.8304998,1.0920949,1.0199344,0.7046428,0.9301244,0.93385005,0.98225605,1.1671326,1.1449313,1.143069,1.1000668,1.2062082,0.94297457,0.7799298,0.82563984,0.8628346,0.7893282,1.2164698,1.2190914,1.0673199,1.1592417,1.2660716,1.0006428,1.1570555,1.1957568,1.0952773,1.2562369,1.0183265,0.93072873,1.173642,0.95266354,0.96618587,0.99849725,0.94336915,0.7633093,0.9549068,0.8693345,0.76955855,1.054235,0.92012167,1.3311559,0.86054987,1.107685,0.9976702,1.1877342,0.95198214,1.1892985,1.076464,0.98521054,1.1991156,1.0272672,1.2603338,1.1576303,0.9301532,0.8612189,1.0159339,0.767388,1.2347038,1.1582987,1.0687978,0.89611894,1.1479084,0.8710449,0.97879916,1.0009714,0.9243616,1.0456276,1.1772214,1.184375,1.0725126
can,1.1470279,0.69848865,0.7469095,0.8508607,1.4102223,0.96515393,0.43812305,1.0606583,0.8726314,1.4275168,1.3617332,0.24608862,0.9426854,1.4262183,0.96754354,1.4538329,1.3714507,1.1685939,0.40062296,1.0392984,1.2737964,0.9420363,0.79761386,0.8758914,1.3102283,0.0,0.8438314,0.72405094,1.3851677,0.85859346,1.0520422,0.43789387,1.2042972,0.86514276,1.0541298,1.0168381,1.0867051,0.90735376,1.2184068,0.2969947,1.283587,0.5534715,0.8866993,1.3742399,1.3221724,1.3085791,0.8871675,0.9268269,1.2602692,0.9694576,0.7391339,1.2969211,1.29592,0.939291,1.3391483,0.66552055,1.1223378,0.6732445,0.678995,0.8887266,1.2505751,0.47744167,0.6610359,1.2515048,1.0986152,1.2107038,1.231414,0.5799546,0.5285037,0.72428554,1.4256186,1.4503856,1.1392905,1.2335584,0.6863814,0.8831709,0.34884834,1.4870028,1.1374959,0.8743858,1.4670354,1.3274691,1.0369042,1.0859561,0.4967335,0.5553343,0.81227565,0.9972838,0.60400367,1.2045653,1.1096851,1.4300867,1.1666155,1.4277549,0.32630926,0.4942425,0.7128926,0.94063824,0.38483852,1.2249125,0.8060434,0.83298314,0.96141595,0.6972853,0.88681,1.154649,0.29647923,0.65148264,1.1551182,1.1416955,0.6883185,1.3578974,1.2967682,1.2435927,1.3737895,0.9529156,1.064774,0.41989565,1.2059189,0.68224335,1.3279533,0.41684544,1.18791,0.61989725,1.1113011,1.3373702,0.89097923,1.0715029,0.2389028,0.49033117,1.1846455,1.3356581,1.3085304,1.5273755,0.5893327,0.60893345,0.6812462,1.0971801,0.6245185,0.94497645,1.3524048,1.2200751,1.2730623,1.0891209,0.45227116,0.4534912,0.97338194
