,owl,elephant,cat,alligator,dog,pig,rooster,pony,horse,bird,butterfly,frog,fish,hair,face,hand,arm,leg,foot,ankle,finger,toe,tooth,eye,nose,ear,motorcycle,stroller,car,sprinkler,lamp,hose,crib,table,bed,couch,bench,drawer,sink,bathtub,snow,window,closet,door,oven,refrigerator,ladder,chair,toothbrush,scissors,shovel,vacuum,knife,fork,spoon,crayon,pen,pencil,belt,clock,tape,soap,bottle,cup,apple,egg,orange,pumpkin,ball,balloon,nail,watch,slipper,hat,glasses,necklace,banana,pickle,melon,gum,carrot,bread,muffin,sandwich,pizza,cracker,glass,comb,tray,box,book,paper,plate,bowl,milk,jar,bucket,can,basket,plant,flower,toy,doll,shorts,pants,jeans,coat,jacket,sweater,shirt,scarf,dress,pajamas,bib,blanket,mitten,glove,sock,shoe,purse,pillow,towel,napkin
owl,0.0,0.7841567478939903,0.461552468784033,0.6218069876430238,0.7045831891551365,0.573551232018619,0.6637700453368248,1.0635454385845415,0.9351197202280283,0.8666749026078964,1.1004624287733638,0.8043394481612464,1.0419521919980763,1.0169238237881006,0.996362517026581,0.8953358313112746,0.6987393219445738,0.7373141243214587,0.7400625324017773,1.1622292355387744,1.146730464802138,1.1626590178973455,1.1610996658119466,1.1300142650979637,1.108269566265991,1.1707173605144439,1.1563283533737465,0.9217892004266754,0.8319286095225795,1.0676611111588077,1.1901669913374553,0.9567511101777757,0.7003014136867961,0.6441966557393244,0.547767257681735,0.9142332250238547,0.9039699798580784,1.1362834144965497,1.083042512146811,0.596753723435691,0.6273776726761219,1.0064521842784429,1.032095460380871,1.0182000806288938,1.1360329363639572,1.053727951741796,0.8741127672291091,0.8038540286743063,0.758899494848211,0.7549591137383282,1.1609192035366536,1.19502946754271,0.8544083785396248,1.0118961481388857,1.2926474149793696,1.1178775959346983,1.1987632267692536,1.0717056757453012,1.1159409688520254,1.1083614778978441,1.056898277972595,1.1996736479155783,1.2317478529189239,1.2466191832225344,1.0865948244913137,1.0549021843263875,1.1458793441054191,0.789586610102212,1.027909748776366,1.1124000168008783,1.2576155236551412,1.063685990625308,1.1870012394470366,1.1296361516381346,1.1745335348958794,1.0479644779331252,0.9889841487700536,1.0995468371654227,0.744516217853974,1.0869530315093223,0.8864720463338388,0.6582503237884434,0.9366403057832862,0.6358000644258738,0.517428107082215,0.6116812431040852,0.7658358104549161,0.8990116690056965,1.0823359547589617,1.0973881779468653,1.0197313183219323,0.9047217164960374,1.0553358087817941,1.0347244599624295,1.1304288577045953,0.7514214757906775,1.3223409045162646,1.2972794843174933,0.7633140859685241,1.2043547819625833,1.1454848731252016,1.0881095914205599,1.0072282872772294,0.8350803480882585,0.7932057341693997,0.6762112080636218,0.715014305458032,0.7536947966108792,0.786252521772485,0.8339382445141447,0.9685385073444396,0.8499379659158195,0.8527691117277009,0.7168547138056521,0.4646247079336372,0.7398165062356855,0.9787290952425939,0.8540416053976926,0.9420753936211997,0.9143212977382975,1.0436953337198214,0.950028836964486,0.9886446436492111
elephant,0.7841567478939903,0.0,0.7321582795137491,0.5061257102318784,0.7343885420628704,0.6567655128438332,0.834775990369131,0.7849492780320431,1.1373715848576154,0.7749764806041518,1.1488968927196896,0.7515993688887586,1.1654421993491149,0.7850268619252931,0.7047397345926469,0.8353428811420136,0.5081818382230237,0.6746460879510408,0.9533188062013154,1.1739278561313298,1.1616126704451928,1.1901325999678518,1.2416419872513265,1.2483815363467514,1.2784834542223769,1.1123604891004115,0.778383886492558,0.8412512959850016,0.7539709977382383,0.8842033778159792,1.2659107896879975,0.7104410059654692,0.5783676133232231,0.5582846736576623,0.551064548711519,0.6746093792496614,0.673774966662744,1.0063217553777513,1.0579119940009303,0.7119605414409471,0.9749451892429332,0.7667026306221758,0.5254414829543371,0.7828252982263478,0.9827887387396329,0.8347821631977579,0.7228180722706493,0.5778592266869373,0.8726362332675948,0.9634986578805902,1.34146206993274,0.8617609216212971,0.8352414084097073,1.157511566011565,1.3851742599076566,1.3195731351239939,1.321121795872246,1.2565311413686202,1.1619003046279528,1.300045597659337,1.2936601695615446,1.1153832191207909,1.37768708923034,1.415472114473331,1.1113517322524826,1.14899117042396,1.2111001342624679,0.9251866028942646,1.1260071658697752,1.2672233380796984,1.2773897901283693,1.3939024713604826,1.2807284774010026,0.928458176352104,1.2761786061308973,1.2393400344679253,1.2249273993347034,1.0450131283888848,0.8140581866768636,1.360191668399624,0.8955006911626745,0.9200580252106646,0.9118610275868704,0.7312290640461909,0.7529805163797182,0.7846502505956059,0.9219532496500858,1.018609316936517,0.9570497580920041,0.9274464086123497,1.1101609624277413,1.0073457480206307,1.2103956790506345,1.0522176468201614,1.0269431846532966,0.7949350306565873,1.1024494712542015,1.2008286854808965,0.8249460740896584,1.0276708189898351,1.058951821798909,1.1852822280612023,0.8715423267103403,0.924361846846532,0.47844238927126226,0.559682030135726,0.7021175485159956,0.5616838527462424,0.4915587273727501,0.5479954262293155,0.767130115083895,0.5725937351432708,0.5984182486077791,0.6360505327062551,0.5672985643707393,0.5929094470629677,0.8422568947896484,1.0738814362627442,0.756562197765974,0.8817622869945575,1.1748938030102916,1.007152124537375,0.9509986674689805
cat,0.461552468784033,0.7321582795137491,0.0,0.48733276675345283,0.3335984026122296,0.6191118542429128,0.5735233426242434,0.8554632017591185,0.8812224788010506,0.6707086460219163,0.9415565845003798,0.6975148743435657,1.0483509589401852,0.8775879321171792,0.872182074892779,0.7934250113181811,0.5430628847007222,0.6737523535125769,0.6577372882306534,1.201732604956927,1.2581568497427629,1.1493369353823468,1.1976758182194922,1.1975204334412792,1.194137128773102,1.2222175175741323,1.0185787296386708,0.8941832879613038,0.8537347071824093,0.83455751268779,1.1470754840601263,0.9529847387884581,0.46658785305178097,0.5654449665454947,0.5460041946506551,0.5630052797926539,0.6764858808447685,1.0434488467102911,1.055231762938535,0.5510742434249595,0.7071768999265755,0.7646792426695938,0.8965155530153818,0.7800908624159743,1.031259648765379,0.84606559317616,0.6923049954692111,0.5344935254532627,0.8643934524040002,0.7776110691096978,1.1578529917402065,0.9605248019032513,0.6887412113567258,0.9907198652767033,1.2577827759020126,1.2841991819999876,1.2097459686662577,1.216097819330714,1.1129455996758142,1.2367068873043057,1.2812307534190381,1.019763276290282,1.2696501918968621,1.283975029141121,1.006272361458358,1.2382270328446463,1.2541730523053607,0.9070527296733829,1.1282228280818074,1.1553551625561966,1.3248064190161062,1.1679530800181006,1.2596396567753458,1.0136440646926506,1.2276930348860784,1.1395673403113036,1.0201520659129595,1.0835352736406616,0.7714049953408488,1.227110951621968,0.9114392926968536,0.47233417431069613,0.7894052614907567,0.6344623208798689,0.6041812691221142,0.5372809975135071,0.6838798474418413,0.8508062155891729,1.0286657044282659,0.9427784063405287,1.1454026256117915,0.8805501819384126,1.1750842298990798,0.8903866247079459,1.1241523653753913,0.8619643812790682,1.0771558228887745,1.1164833194357167,0.6793604495202599,1.0007977391336305,1.0431335845614393,1.137282636843151,0.6899979699839482,0.7627264909544158,0.5813436532221257,0.619048824945031,0.5961359653960543,0.7394148309866033,0.6703489785081856,0.6939388752039429,0.9157853253358619,0.6340247665553311,0.7331434977636128,0.6901156573460036,0.4844453819585516,0.6690834626793076,0.8626098366413633,0.9429491567198126,0.8616798031365442,0.8511860263191349,0.8476592451896334,0.9954455031650412,0.9779742231199142
alligator,0.6218069876430238,0.5061257102318784,0.48733276675345283,0.0,0.46247308455322655,0.41300367087915013,0.6141391187392374,0.6399991511078702,0.8707801405401101,0.721987542166055,1.117785528492547,0.30040407318992757,1.1854792556487963,0.829922959682795,0.7453035214844359,0.7017513159170475,0.4643815395866231,0.5033910724385354,0.8858145275374262,1.379761669685478,1.3545958594521523,1.275361331488873,1.3139996015303015,1.3451710693038512,1.378051002842076,1.1919646765266387,0.8124108013443316,0.7598828265314428,0.688356993576341,0.8320232452939752,1.357322545582411,0.6915249784949415,0.4651714355136838,0.3551566946749569,0.33014423697276807,0.6353441396794175,0.7088848151896324,1.0271832339997662,1.0658282492824254,0.6324899522072842,0.7965616458758451,0.8836428772271357,0.6972502137455683,0.8689358950201146,1.0728970800192892,0.9893405655264651,0.8121077272309157,0.4515721144510052,0.7445692193565682,0.8060379762835317,1.5571403727718691,0.9847205236635702,0.7085798650281894,1.2015599711790803,1.5733466832446559,1.4987166786377726,1.5036343110318673,1.3985369700993249,1.2680771441821617,1.4149697041972527,1.3158064793763262,1.1584525615681653,1.5701206754972437,1.6173222276245793,1.0932465395917643,1.2983030033360785,1.2917441893213641,0.8756618796397939,1.1385159361184751,1.4234059143311795,1.4701426264844555,1.4537279111530559,1.509312369579064,0.9923776848125043,1.4879775173113563,1.3272834300673086,1.203976060881436,1.1062187191661443,0.6253179723987272,1.3104127050972938,0.7839382268021061,0.7564494435526367,0.7802848851945972,0.5120456660465142,0.529757397443426,0.47834075661071673,0.7977419439949801,0.9314928551729287,0.8360192691387824,0.8067483787791438,0.9280830534222957,0.684680667184959,1.2799029118157024,1.0374050827204,1.1321052982839777,0.7876602454798683,1.2171392758272424,1.4036010657412499,0.6394939473909441,1.089201879685466,1.0974639518880818,0.9951355895170302,0.6668456911559865,0.9414057638315425,0.524615580262068,0.5249617979896837,0.7426878278864436,0.6477041555575827,0.5103075326651862,0.509170368741948,0.6545656322085279,0.4871566245561665,0.4820244315513288,0.3752678529334871,0.235180715924301,0.30346673601611696,0.7690471351956338,1.0757194313086393,0.7631655268345447,0.7360647481692448,1.2183253484504497,1.0937009888709823,1.083609619675641
dog,0.7045831891551365,0.7343885420628704,0.3335984026122296,0.46247308455322655,0.0,0.4743583318829726,0.5695611239053888,0.745622752457032,0.9074239201467842,0.9136469161252276,1.0288466715362523,0.5159328869041214,1.0582657208755664,0.8395566300146997,0.8415628721809285,0.6277723079017896,0.5384080375161091,0.7222113614981532,0.8469256024534494,1.2050025895420253,1.1537208087156634,1.036209383494753,1.2149441132515353,1.24138565966904,1.1785027657544676,1.048899709370456,0.8993097819124833,0.8806575233268925,0.866956449004663,0.7224222566816725,1.2592362770213616,0.8258272777628163,0.6849967583514094,0.5840906552404941,0.6179920606521829,0.675503845565565,0.8367892595338853,1.1115557031609957,1.1321881724731249,0.9188869116845393,0.9571455199124106,0.9988042835998303,0.9010922207122755,0.9750422122763294,1.0273774129207478,1.0301799146702508,0.8242709231858137,0.6304323121693123,0.8093915876699861,0.8300559322883231,1.2184597646697926,1.0478152750933059,0.8426993898588058,1.164336668400244,1.2965425086712452,1.3626320190864254,1.3556922541201135,1.3020816437028113,1.1684904108883438,1.2556111323678427,1.1644832961307525,1.023263743941778,1.3359242646862652,1.3601356342637347,0.9359976922042073,1.2050981870875055,1.1952905598262606,0.9015884491705295,1.0348556030961682,1.2388914149640389,1.2679589667639886,1.09376489457579,1.1953351626047022,0.9204827936272264,1.1806518923898368,1.1297042170240692,1.123042180481161,1.0366172529426316,0.7793632410234599,1.161064707545816,0.7377251044522463,0.5858650733398174,0.5250059702644607,0.5506860780107438,0.7129204200114561,0.5888192422663285,0.8347567680169551,0.9559795760854213,0.952955511588887,0.8172087142538472,1.1097293165584885,0.922145842413912,1.238824017775916,0.9529743375369883,1.0579691620707445,0.9073124546927821,1.0685621184374434,1.2377920561508415,0.7721815196630908,1.0258315623136565,1.0247441016654864,0.8679988518823791,0.270866748669333,0.9151481158585192,0.6500883174362582,0.6686421420516677,0.7998925790824452,0.8197009356295213,0.7241309660855062,0.699374230027707,0.8280405415160783,0.6529746235609436,0.7098743707887256,0.6398925197039294,0.5188078681566535,0.5105006506600669,0.6999151006084611,1.0003767296491868,0.7741063454142149,0.8482547682225872,1.0094162384598555,1.1043598695710997,1.0623069958693843
pig,0.573551232018619,0.6567655128438332,0.6191118542429128,0.41300367087915013,0.4743583318829726,0.0,0.5149105516215146,0.8218042543590349,0.9633717274105733,0.8059210516206724,1.1289949447837806,0.5969699326443489,1.0609667486327365,0.8071758460548688,0.7935772801409166,0.7803145331917718,0.6348909352908543,0.5806778621083022,0.7835947428762433,1.1805421401799023,1.0943092358019346,0.9328256201397696,1.212734047582241,1.23191975822974,1.0995747761523464,0.9881114618838449,0.9389657082853933,0.8522779416265893,0.8616417882486931,0.8750549315666812,1.3685691986416424,0.7952619446349245,0.7309384659612859,0.5485355422291746,0.5383284069726848,0.8567205327239498,0.8528330116781647,1.1499067279854014,1.1574952313826052,0.8574280803820262,0.894907305668565,1.0549047268019225,0.8183945642952897,1.0606690050662824,1.1611047108960248,1.1936406030638873,0.8845313794769747,0.7007124180397588,0.8057882275857452,0.9259341778483414,1.2903651655388066,1.1243014621181913,0.862817861868751,1.215953934018657,1.3770745300027885,1.3348983776790342,1.4297956027133387,1.2940091739833477,1.219365918350456,1.3212818511186324,1.1620241276056065,1.1545177629759142,1.4036904208382237,1.4035682558158207,0.9330095774230039,0.9829780466876643,1.058203285345427,0.7080906059266372,0.9465300234676995,1.2668642319840735,1.1505837881925796,1.1769465870658777,1.252189612516553,0.9609293734537034,1.2428536013975713,1.0733144445553267,1.0731239665092396,1.116308743958173,0.6711632668591309,1.103389828215706,0.6833209249771652,0.6093062768975207,0.6596705954620088,0.4111711673121392,0.6491192706658133,0.6093398122485864,0.9485069347518068,1.0278508767536652,0.9837805397132017,0.9896500266689927,1.1329223842491811,0.9155163027412669,1.2087289204524032,0.9932584668805543,1.2138573291966228,0.8022532975494278,1.2283091988368753,1.3861922306196914,0.8124251548777001,1.1669234647273659,1.1324828369276914,1.002232161505343,0.7111290735384564,0.9643505429538664,0.7199777706849233,0.6830733912177567,0.8532983130731147,0.7720479283286069,0.7423802526607026,0.6705954464854313,0.7335212529554433,0.6667531464107175,0.692052498400842,0.5228494661455618,0.4273889670466592,0.47636262996110545,0.8457656130589979,1.0348355298291434,0.8420728055052435,0.9030655514375724,1.2259547306060108,1.078232257396089,1.047586274711344
rooster,0.6637700453368248,0.834775990369131,0.5735233426242434,0.6141391187392374,0.5695611239053888,0.5149105516215146,0.0,0.8373108780942315,0.6795292331897793,0.7293547145769262,0.9012004956325533,0.588600525825511,0.9522026537646254,0.827486620634336,0.8277913287941516,0.8504531018679626,0.8364665321513118,0.7728929765333246,0.8698096005908964,1.151986553891016,1.0684967696376646,1.0216216190997456,1.0260077894969752,1.0965119513010475,1.03852568242333,1.010018266894066,1.1010796253948247,0.7221289254768515,0.8913390603777875,0.8041889210745461,1.1993272864458198,0.9008664674385715,0.7648654774098176,0.5051799134909589,0.5813732744896893,0.8747738923483114,0.8351211347597196,1.134387902319386,1.1681692329940483,0.8610158217184374,0.6747659976976742,0.9647189981749953,0.8717309918680388,0.9842793816190197,1.0906546674093984,1.0299304786394226,0.8514582025520732,0.7782573199829004,0.821818847002012,0.8063660332728231,1.181151283822968,1.081398313403789,0.6670910969100141,0.9862421276080197,1.2731179860035646,1.0955506688162782,1.1642198742342826,1.072707447871391,1.1185805408175884,1.1822433024408283,1.0533747141663752,1.1294131440464712,1.141948101517373,1.238355242305494,0.8199676228741242,0.9642374127957908,1.0934779295385975,0.9913606787550545,1.0539457400202474,1.1377467193600033,1.093163442010601,1.0639560945509794,1.184871234565119,1.030254381580231,1.1093857093233457,0.9857983997649719,1.1399276940927974,1.0470762128161837,0.8289158629605469,0.9714498000919003,0.741238602340455,0.6774103960839657,0.7174955311986079,0.5781987577961932,0.5066798434748652,0.6142020720531394,0.7081695188306626,0.9565218402793767,0.9737605592920063,0.9910250830311216,0.9874526073342217,0.8118875827807107,1.1518200054939525,1.0315607075535906,1.1361252036005627,0.9755669943872304,1.208409918900412,1.253333590941441,0.8875064182189761,0.9868848766980797,0.9803046824436171,0.8788554975344616,0.7940694946194728,0.9199973210136475,0.8244885777349705,0.8229264614888749,0.9509592046586834,0.9412982827133985,0.8812145320241811,0.842294817966822,0.9187261491427505,0.7617634505914682,0.8049203782028695,0.7453393553538825,0.5780790999795185,0.7753441295530883,0.9951333009216844,1.0726020746750247,0.9054950562463988,0.9363931770185827,1.1934886871836583,1.1196571869436391,1.1447494050378877
pony,1.0635454385845415,0.7849492780320431,0.8554632017591185,0.6399991511078702,0.745622752457032,0.8218042543590349,0.8373108780942315,0.0,0.6673077691392479,0.8548433398104627,0.8430565433032557,0.6648512512827476,1.0021261075742967,0.9263023099197867,0.8544846117056003,0.9627705815382774,0.8956813579585129,0.8759352774962028,0.9725089379077223,1.1057372090340913,1.107388250563194,1.0104320349052822,1.0152170062004475,1.1245990559629437,1.1620254921573223,0.9500399754088402,0.9803288661152577,1.0563035086820147,1.0338282812002635,0.9594419661297379,0.9817633976318485,0.7747294643025648,0.8604688743303537,0.892655768197085,0.9253212747626247,0.8796026190140274,0.9237702208556364,0.9299743448832616,1.0686841407767302,1.0255383730724834,0.9741108758985095,0.9216850608600906,0.9395830288777466,0.9754403875961148,0.9793524939457271,0.9950622056261555,0.9173624550037089,0.8813826513627534,1.0219362168279489,1.0035945418305752,1.1297863767266199,0.9884679612629312,0.9102943554717983,1.0111807191372477,1.1847279112951767,1.1912260540159,1.1081165002050601,1.146330882156154,1.0095404587133252,1.0629591053215313,1.1440358532552057,0.9517192102134453,1.1630273253517036,1.2258299461707405,0.9421595331328495,1.1016915814061061,0.997803405333664,0.8900003917816691,1.0892282357297673,1.0655152452959826,1.063438230028421,1.0383268908679504,1.180676256468274,0.9275216086233359,1.1607638226504748,1.1486445964880603,1.0769454464432084,1.0871659651364645,0.9633387589302433,1.1581234006266077,0.8841105395116826,0.9488272012965574,0.8195012772099572,0.8567523200891165,0.9691038086075406,0.7904837396048703,1.0142525090336445,0.955279292839274,0.9881324317388213,0.954875651091955,0.8793396562670281,0.8071099837830855,1.0543666565436274,1.0181975654466584,0.9915759814925542,1.061437861574678,1.0160051022249814,1.0966448176470835,0.8543030233919326,0.9386123296309148,0.9611973841659079,0.9920782390082176,0.7608081324438281,1.0372837079019481,0.8376078284555895,1.0264559519326126,0.9301154626548479,0.9637736813479757,0.8650398282698583,0.8120435402113632,0.8985865656787594,0.7656661629956882,0.8801400539583332,0.8999978886307965,0.8928283647682831,0.8457530519816941,1.0322093042911618,1.050311176588544,1.0210257819375046,0.9117355522531235,0.9200093324663859,0.9349586817297558,0.9297451237997496
horse,0.9351197202280283,1.1373715848576154,0.8812224788010506,0.8707801405401101,0.9074239201467842,0.9633717274105733,0.6795292331897793,0.6673077691392479,0.0,0.8360271499958064,0.7266974078218723,0.6053084325294447,0.7904026895418121,1.0021840002184845,1.0288189020104144,1.0447931355444675,1.1629594773874306,1.1259254242075685,0.9401666258500215,0.9974870655147596,1.0235318445548998,1.0013623052129093,0.8279500023026493,1.0316681006716324,0.8567561740752898,1.0040116102607677,1.1226465258612452,0.8674819623564494,0.9859637369170927,0.9846551616375343,0.9189427713795412,1.0033602358460243,1.0704273991848832,1.03332149441696,1.0945447236446755,1.0965318772331463,1.083567211063124,0.9527357338271455,1.136845916339098,1.004804066162061,0.7311349133290687,1.0650819118690094,1.1462884358183956,1.0700303165110558,1.1046650298084904,1.0722108129472503,1.088561395842257,1.136447543610011,1.0471077132941562,0.8125679625426562,0.8997348367852517,1.0450000907018573,0.8079482077707981,0.7245746063598568,0.9911866518097402,0.8774194879549995,0.8449476477795337,0.9438551824299717,0.8537442892795166,0.9217140513538727,1.0380427616509613,1.0683152047927549,0.9129305354714966,0.9479953135699385,0.9968058410945164,0.8916450406292631,0.94474526939723,1.0763309480547174,1.148476903865564,0.7702267369772153,0.9274648629797799,0.8545694731417927,0.9765182112022853,1.020336179094137,0.9660405250398743,0.887482494001322,0.8768951489458213,0.7750205728945704,1.1616139810701425,0.8762687059422531,0.8628333139089015,0.8319168375663123,0.9530126119973852,0.9582625395993395,0.9827669508227936,0.8966167315974222,0.8051222064503403,0.9361591460193155,0.9423779383601919,1.110903929062883,0.6864742364315934,0.733116397981866,1.0171902733707743,1.1376949172115487,1.0696466111405547,1.0819937809208124,1.139861693065984,1.0732161299359944,1.0982942272794414,1.0187411939517788,0.9969871146042657,0.8128672553366223,1.0100942233404993,0.9216049267600724,1.074790270766466,1.1529767241386568,1.0222597788024805,1.11042458372008,1.159070917762103,1.109448280391648,1.1124795089740347,1.0535842008958265,1.103583694014955,1.0252724918396627,1.0429362492871252,1.1492001343692755,1.1346408483044148,0.9511745006586839,1.0617279144382097,0.9336439149142295,0.9400020204403107,0.99886101376059,0.9643997136811533
bird,0.8666749026078964,0.7749764806041518,0.6707086460219163,0.721987542166055,0.9136469161252276,0.8059210516206724,0.7293547145769262,0.8548433398104627,0.8360271499958064,0.0,1.1138633089615517,0.9020797242253485,1.0743522913253705,0.8340676539892811,0.7414023440619715,0.9744010732563476,0.8616363150834372,0.9666088856287703,0.8523868428856343,1.2255717800926282,1.218209085425803,1.1411209373473434,0.9123738656475897,1.078108072766438,1.1857843347515642,1.1739990753131835,0.9078969059957865,0.7239240461129153,0.8178232565912621,0.7755844687381628,1.009452914989679,0.832936855255501,0.5841349614145172,0.729828501160542,0.7224622859709657,0.66543127543139,0.6820914898346001,0.801439669514552,0.9107943562871204,0.6207034850195479,0.6555652894668318,0.7028581398124756,0.8412575785387904,0.7717673023787311,0.853295191614336,0.8295919585406997,0.7670934182968876,0.7202345529544346,0.7774522008897498,0.8255286644978949,1.1927072800593863,0.8478684746463547,0.5664648824468818,0.8915537381194636,1.1991546951051224,1.120315844155645,1.0990804034621269,1.1009239515221205,1.0352605609935763,1.083863263519709,1.1615168774939586,1.0231537626577245,1.0994661230412395,1.111801307129817,1.0521682097132457,1.097437001389292,1.0847783720934454,0.9583602612242371,1.1352073584613604,1.1134408459766758,1.1454378233549527,1.1332529451367381,1.2542945611755543,0.9794039285756462,1.16845845503259,1.207056525226695,0.9968571078054017,1.0612180872799388,0.8235692955385924,1.097731378443508,0.9647312158961763,0.7626587456707373,1.0584966113784424,0.7432965348996475,0.7345853337816328,0.7670421404339975,0.6553026080001783,0.9010080826001625,0.9289468487916517,0.7843093873548199,0.8918748460468884,0.6311352507813714,0.9777602010711924,0.9472604285611236,0.9716455638763084,0.8617615335349256,0.9303873965455369,0.9363990066147226,0.7000009066293115,0.9397747840006889,1.0212223255746955,1.080329166715627,1.0403532075820408,0.9971404938650705,0.9198787809111637,0.884403471668431,0.8483716545281854,0.8583253648462867,0.779452190235344,0.7702738717807289,0.9106235890574865,0.7004603818285854,0.7959762155804169,0.7007724297192202,0.7186411706601361,0.8714723346991462,1.130654402939802,1.0982839222868002,0.909448448619262,0.7733645122887746,0.9671032201076046,1.0162198562571167,1.006176155268702
butterfly,1.1004624287733638,1.1488968927196896,0.9415565845003798,1.117785528492547,1.0288466715362523,1.1289949447837806,0.9012004956325533,0.8430565433032557,0.7266974078218723,1.1138633089615517,0.0,0.9975595369557873,0.8501032605826835,1.1278443815533477,1.1202724278769713,1.2700153251362334,1.2545096940620528,1.1566439791479337,1.0097066250027147,0.7778266274347982,1.0026687026581909,0.8735052457683185,0.9622722504121224,0.6934776093294565,0.7311301510534132,0.9807659336549367,1.2009025228377355,1.1652998581014729,1.1596651449446358,1.048631900644559,0.6207604029665121,1.1824105814985804,1.2551464804454229,1.2327044936080416,1.2635836863214036,1.2278620515892364,1.2103141991181585,1.132580658115371,1.1052017550715902,1.2541153886484628,0.9361845442316978,1.159838063953158,1.2083812431774057,1.1431416679321984,1.084109368577781,1.0314280680380785,1.1188773231768168,1.2483905057304843,1.21512884437491,1.0896572655211159,0.5875649371925087,0.9396073647643644,0.953307931776442,0.768503118704292,0.5454478810792703,0.7289188816771138,0.626804754787847,0.7669561167189465,0.8902465699833126,0.7608114596349738,0.9637199552280578,0.7211620323115377,0.5979652395196771,0.7374269862043971,0.9149466728232323,0.932658855476957,0.8177031450643464,1.130305644618991,0.9597963115350291,0.7167833255593598,0.7693624930100876,0.7685207068123356,0.7958201922958079,1.0536006245525729,0.8275402543873299,0.8530318357766655,0.8507865789668424,0.9365409143594803,1.248570745625829,0.995125013783258,1.2584353840327305,1.0450353571129387,0.9722115795549234,1.0777259202126792,1.1321240407817315,1.1668208051617237,1.0475724213659505,0.8798349612242381,1.159112381898705,1.2416606836161779,0.9448214129964079,0.9719302708577469,1.0172379844305306,1.075984235779589,1.0711977653494205,1.2101793258328815,1.0351363685644939,0.8897641860544396,1.2648197356463553,0.8363193295118835,0.8248160509568958,0.9328205745773557,1.0392127508489792,1.051332925319102,1.1062488992630712,1.2303624364434893,1.0526642922052067,1.1777517937854178,1.2265329241605156,1.2411035432820108,1.2058421988514647,1.143517500055209,1.2622502604825774,1.321099079713024,1.2683143148639369,1.3071601476472987,1.1252135970824027,1.0340756125646935,1.1811366666842167,1.1843614177125519,0.849597437584837,0.8804667253195493,0.8671118386099199
frog,0.8043394481612464,0.7515993688887586,0.6975148743435657,0.30040407318992757,0.5159328869041214,0.5969699326443489,0.588600525825511,0.6648512512827476,0.6053084325294447,0.9020797242253485,0.9975595369557873,0.0,0.9477411334826885,0.8301015125731455,0.844351147728568,0.755322439819202,0.7840281642091269,0.7377877008187028,0.9266998347860782,1.2033413453527468,1.188973056636694,1.0613273577196922,1.240205119207549,1.2074822881367704,1.1683512906708418,1.025102463346498,0.9135783435695047,0.7266003054611913,0.8099364092095847,0.8230283688590971,1.266442551312685,0.7942792418399862,0.8144428869164222,0.6395715048370303,0.6891192941866834,0.9168707424609935,0.960916387939073,1.0640173895921552,1.1496206790476873,0.9170539066487826,0.8765388621144228,1.1171727438463939,0.8621286275037023,1.0522869996421396,1.1231913905746005,1.1558138688563115,1.002095955675411,0.7873127634568657,0.8219406493295469,0.8125035472271906,1.3413504000983782,1.0861873111239118,0.8066008622626892,1.137346088889238,1.4006877466389225,1.3441306957587797,1.361572092533787,1.3251950435849176,1.2066350828278167,1.2552885905405553,1.0725884108818502,1.0683749561131557,1.3716237539014577,1.3670009560320107,0.9460431424306603,1.091052791358726,1.208137026091438,1.0240222266414376,0.977594928307166,1.1808517703933985,1.2673834046608614,1.2303511291724811,1.301967711999224,0.894185549088872,1.2868047469213129,1.1420496301483678,1.0257109861405522,0.8021943814905962,0.6946104861286958,0.9658970708788113,0.7768395121564194,0.7590390539516956,0.6813303567323084,0.6406401402532692,0.7764071554490538,0.6817648762369075,0.7921543671991738,0.9613783200278025,0.7179485727146748,0.8736098659586375,0.8249989607777553,0.7187944531882027,1.238235951542348,1.0735239362336944,1.186122358393647,0.8865685033731321,1.164221213283613,1.334868325865999,0.8327628994084088,1.0591970584795123,1.0122028605150277,0.6408528810911165,0.6048325798070142,0.970710952671921,0.7693884020817352,0.7906865436393327,0.9900554362159215,0.8972354574945026,0.8532941238993474,0.8156845214120119,0.8312589042694211,0.7559716448077418,0.7777486559407614,0.5928710912978049,0.5672280031571271,0.4009945957948129,0.764422483575318,1.0380851968803249,0.8095006634077163,0.7660984853692984,1.27226763918989,1.179167650807039,1.1406517902133624
fish,1.0419521919980763,1.1654421993491149,1.0483509589401852,1.1854792556487963,1.0582657208755664,1.0609667486327365,0.9522026537646254,1.0021261075742967,0.7904026895418121,1.0743522913253705,0.8501032605826835,0.9477411334826885,0.0,1.0853146837216667,1.1164525161689345,1.0901492802203812,1.2696727250771467,1.0226217981163608,0.9239326108695037,0.6219998685606176,0.6525807998500631,0.573683597332339,0.7465051483834879,0.7468000138162931,0.61093108759921,0.7519535042251674,1.0591689192176985,1.2226821950331037,1.0921024409910918,1.1222363351435678,0.7134305472206963,1.0899560482766095,1.3558732824779025,1.3235160954639793,1.30844075565013,1.228365639841046,1.1940115112594683,0.9313075940924542,1.1785128670755989,1.1097357507897525,0.9378200904381353,1.2473594326467565,1.1103889304417587,1.2341891919620982,1.2888725532480596,1.2624793738391658,1.2199863044364376,1.299241660404931,1.158175851990848,1.0694226562895675,0.7931755306346305,1.1253100016168158,1.0166020628743775,0.7789289239736628,0.8911302004172951,0.6627045976661636,0.6406546424145783,0.7345873908784091,0.7973232479651466,0.8862101110897161,0.8560379643800674,1.038951946147768,0.8008143414840067,0.7372435825360053,0.6855289780682674,0.6251731120177576,0.9441504581423928,1.0304777231034752,0.759695118841299,0.7615952603282878,0.5834300087561133,0.6061969348733398,0.6491975221300613,0.9473204827505664,0.7029771083808087,0.5817951403536419,0.8189516076381005,0.5209730034374742,1.1840668845431095,0.6660399032663694,0.9205458374859082,0.8912131739321432,0.9374279439840668,1.142340769687534,1.174923926016863,1.1088098056602345,1.1048343214344105,0.9579395335763881,1.1264824949865793,1.3347212166729967,0.9860690373260828,0.9869239343843867,0.9408412428446591,1.077445222307782,1.2233846279710296,1.0768253584368153,1.1823463549006235,1.035183468812593,1.3038415964096348,1.1785289056894426,1.0997360413906014,0.9908591751612673,1.1261964259664308,1.0078959970835204,1.1677308997976001,1.0730165197728525,1.1833081199625026,1.1017715727090447,1.2793852157148176,1.2949071365971405,1.1584364328802894,1.192291357638332,1.3269882667443011,1.2272997711249876,1.2153726182808005,1.1666979951696157,0.8804941371861918,0.8792713108836585,1.025340037366722,1.063865721208368,0.7446765334749643,0.942463658683216,0.8983607475711658
hair,1.0169238237881006,0.7850268619252931,0.8775879321171792,0.829922959682795,0.8395566300146997,0.8071758460548688,0.827486620634336,0.9263023099197867,1.0021840002184845,0.8340676539892811,1.1278443815533477,0.8301015125731455,1.0853146837216667,0.0,0.2147036114635904,0.6125435867476478,0.7546396150540369,0.9085985729746928,0.9773059993056822,0.9323357303250066,0.7941125172202992,0.943183913662662,1.1826657965801597,1.1987766907362056,1.0479097583346022,0.6972851989866379,0.7358399448708778,0.8899804529589062,0.803021671735876,0.879729296369717,1.2923251421311495,0.9096893345744224,0.8562277292682752,0.8440293645834782,0.873962705419063,0.8866095557362085,0.9149095249794232,1.0428254689000547,1.092942074059848,0.9900935421142301,1.0034929541502269,0.7945660455103907,0.7812334720410405,0.8161675027060691,1.069124587729561,0.9578814818367796,0.8950727093215809,0.8425557319743215,0.8428375604432679,1.0560393480360575,1.158849437220367,0.9672933480439766,0.9365027742095263,1.0858796081080844,1.264898609095847,1.2346602630956018,1.2723917061072958,1.1971823486310504,1.1080380423875724,1.2321356577675489,1.2352428258124937,1.0882991982100148,1.249202573825549,1.2824548329267822,0.8930177707060403,0.9970797496073165,1.2088143990153797,0.9653550921893613,0.9115819135630722,1.1176431796997444,0.9466446571685201,1.2226512525676971,1.1048747489024247,0.24854292082597085,0.6802128480888958,0.9151010833676452,1.2590827866389909,1.0028065125483558,0.8775897781937321,1.158263141161688,0.8801578426312452,0.8501539388753077,0.7748875631656852,0.954297745653545,0.8973037675325495,0.9317478177421602,0.9327208075865088,0.9308751659261922,1.0231457254251861,1.0645894082680571,1.165572548298722,1.0881823666285264,1.1874997449606295,1.1050802594906848,1.041090436625941,0.9023403535788138,1.184024301177895,1.2346322668217677,1.0202916158293702,1.0339211276159737,1.0653797120585746,1.1520512512409893,0.8397195618283277,0.918414223078587,0.7797232108089934,0.719734147240863,0.9206517782958252,0.7035012104183902,0.6254963089141665,0.575092869316501,0.618281744095413,0.6843040398534067,0.6992680909008571,0.7032202122547673,0.8824332069642431,0.7080746235279821,0.8658874625472628,1.0926891958992146,0.8574281438780118,0.9245463354884574,1.2691781459870066,1.2654721390199546,1.214995217876756
face,0.996362517026581,0.7047397345926469,0.872182074892779,0.7453035214844359,0.8415628721809285,0.7935772801409166,0.8277913287941516,0.8544846117056003,1.0288189020104144,0.7414023440619715,1.1202724278769713,0.844351147728568,1.1164525161689345,0.2147036114635904,0.0,0.6872253926105838,0.7190390394502526,0.8363386452591637,0.9838020200890442,1.0439596520561767,0.934696667968157,1.0388482385884767,1.2047846894872811,1.1150300829582243,1.1356876415459143,0.8698660964700505,0.799227170419547,0.857024468914704,0.7980798587319029,0.8687748161714578,1.1943702913980718,0.8325198173840453,0.786170520869427,0.7382912474270846,0.7496609999564492,0.8700860815720504,0.8912695005161041,1.0699379798049182,1.0484914379854648,0.8878617086644522,0.9161811432544386,0.8032013082449425,0.7536886098181586,0.82015073438536,1.0488488614515283,0.9514338002340339,0.9217736935433677,0.8075773943675093,0.8019621646107624,0.9955650065508712,1.2146027791160525,0.9635187592484993,0.8441207769879262,1.1157328254078875,1.2632916715379428,1.232031367236811,1.2666318672190542,1.1745601349620496,1.1034563026338509,1.1526467458344636,1.1836735589354834,1.0160607914373916,1.221907002254262,1.2895161582559909,0.9408932965980541,0.9963209410375319,1.1149777863729804,0.94746933661069,0.964805430938266,1.1290314883741281,1.0194163842465374,1.3078897259558546,1.2442310155537462,0.4252626293598313,0.878937038858691,1.0823887317362482,1.2346088612976995,1.0604561061039526,0.8637920961597502,1.2783594895135122,0.9287925758092506,0.8968169827221728,0.9074277467014021,0.923686112195049,0.782366674581261,0.9388868708644785,0.8679702546696757,1.0201984626268112,0.9828830476467157,1.056091329020713,1.1768677408797628,0.9989934384202388,1.164174124567009,1.0907852065272117,1.005849726596622,0.8556384560186014,1.1731755713645093,1.2053194475819635,0.9626848539572012,1.0869896307189628,1.1221631717003353,1.1566145974198272,0.8995238593736381,1.0312747770739474,0.8160519057559149,0.7149846652349443,0.8474352358066392,0.6695247824002015,0.5623360838755304,0.5023290115847135,0.7128494027822381,0.6735557209233509,0.6631121702679366,0.647614513504421,0.8021653674849494,0.71698385851204,0.9560827955087738,1.1878600923283984,0.9308341863810757,0.9720967952066765,1.2850736281273831,1.2980297876391307,1.2518739858070669
hand,0.8953358313112746,0.8353428811420136,0.7934250113181811,0.7017513159170475,0.6277723079017896,0.7803145331917718,0.8504531018679626,0.9627705815382774,1.0447931355444675,0.9744010732563476,1.2700153251362334,0.755322439819202,1.0901492802203812,0.6125435867476478,0.6872253926105838,0.0,0.3781219043090145,0.689903905313352,0.7528470498864047,1.0915872366039752,0.6776513290500464,0.8167268489969576,1.114575154764532,1.2972570556801175,1.1331353392442511,0.7173712807387221,0.8320825791209684,1.004443734491023,0.9029372465098607,0.85547232346987,1.4840731917716714,0.832334257538444,0.8081283211583752,0.8413830148898558,0.8725481263663244,0.8870792541830226,0.9000744807927346,1.0079372108012066,1.11038816115832,0.8572091526456331,1.0269423901446182,0.9685760979209787,0.9538228293926976,0.907253537808648,1.1059540025133456,1.0441327109164522,0.8843593519376154,0.8052600818748377,0.6257909803080695,0.9094535219666544,1.2726341607365808,1.0948054587846061,0.8721678831666172,1.046887320714726,1.3585977692955984,1.2902497308185565,1.3889539830781366,1.2301071080843318,1.2781083948614245,1.3976383803734647,1.2717772153424438,1.2351904428154374,1.3908986812996382,1.3910921254990403,0.6658335402497105,1.069105964709384,1.3470969518784817,0.86979096459347,0.959589023090348,1.3315732428410683,1.1088165769999934,1.1282985335184077,1.0433597795707066,0.8253769068477248,1.01326282014333,0.8995409851166591,1.2404965013201916,1.0289659274563432,0.6658911292385075,1.0151880054857565,0.5371744224379641,0.7286001906599128,0.7565451225249693,0.8967851683178717,0.8257298172176826,0.6881997920555837,0.9385068872969052,0.8753604740259853,1.0019623659668702,0.9558367816688506,1.1246452575462669,1.114521268810873,1.2724456652493945,1.035475051952212,1.1176424575486255,0.8274102040750558,1.310574248365755,1.3506835615749617,0.9327555945955186,1.1965145054438193,1.2418225202145585,1.2210913234093994,0.6709433676500501,0.8864477250022949,0.5895150057395545,0.6053577892631852,0.7927586419773888,0.7971405921023196,0.5579655505990734,0.5357146717836844,0.7073661222633717,0.6172769266616226,0.6182436739546484,0.5633503717706414,0.8132371995430199,0.471999718963631,0.5751320483881011,0.9946751020564487,0.7533933507134426,0.8249693841304399,1.2713511844155287,1.1993691290993946,1.1340513470821927
