,owl,elephant,bear,cat,zebra,alligator,dog,pig,rooster,deer,pony,horse,penguin,duck,bird,butterfly,frog,fish,hair,face,hand,arm,leg,foot,ankle,finger,toe,tooth,eye,nose,ear,mouth,tricycle,motorcycle,stroller,firetruck,truck,car,sprinkler,lamp,helicopter,hose,swing,slide,crib,table,bed,couch,bench,drawer,sink,bathtub,boat,snow,grass,tree,window,shower,closet,door,oven,refrigerator,ladder,chair,toothbrush,scissors,shovel,vacuum,broom,stick,knife,fork,spoon,crayon,pen,pencil,belt,clock,tape,soap,bottle,cup,strawberry,apple,egg,orange,pumpkin,ball,balloon,raisin,nail,watch,slipper,hat,glasses,necklace,corn,banana,pickle,melon,applesauce,gum,carrot,potato,bread,muffin,cookie,pastry,meat,sandwich,hamburger,pizza,cracker,toast,chips,pasta,rock,glass,comb,tray,box,book,paper,coffee,soup,sauce,dish,plate,bowl,milk,jar,bucket,can,radio,basket,plant,flower,toy,doll,shorts,pants,jeans,coat,jacket,sweater,shirt,scarf,dress,pajamas,bib,blanket,mitten,glove,sock,shoe,purse,pillow,towel,napkin,cloud,game
owl,0.0,1.008536881299809,1.0179858663639756,0.887189610450468,0.8430868391801574,0.7776577306391091,0.6457939498455454,0.6074298925778772,0.42860485284473926,0.5342399523391506,0.4714465738925473,0.4646737420036905,0.7624379906840286,0.972340847014836,0.43184989352607384,0.47301451232685043,0.5154970834047126,0.6950150575557112,1.0608092986285635,1.0258040998266633,1.2669533950138785,1.3422084867059727,1.2920914843439286,1.1350193807036475,0.981508010012744,1.206234556423619,1.056664769520464,1.1424226016539538,0.9183846747057295,1.097349233657623,1.0641198377394219,1.2248891945602698,0.7843302760719582,0.8852261519718286,0.9792058439467344,1.1626290553321417,0.7953551827332522,0.7951384498558955,1.0141753934069517,0.7973860637651072,0.9424921003109364,1.1696718263754828,1.0675646442377502,1.2284284820540146,1.2338440217684763,1.2932778148530826,1.2745554137586805,1.341607904563849,1.3907592577724424,1.217410192849875,1.2220834401044771,1.3713941939519145,1.086410284266699,1.0684331492553638,1.063334967542789,0.9421815470052,1.162584229430866,1.2172504491318652,1.2148927822048807,1.2394087955597193,1.3388843927287244,1.3399345639643094,1.2327717224581713,1.2047107403056927,1.2120605396850006,0.9682781782482008,0.9159309302196481,1.0087970419244894,1.0331312074518781,0.737246920244702,0.9741814703069331,0.7730920382451674,0.8234151769122953,0.8939566378519864,0.9079398439106476,0.9227167239596088,0.9845915129765754,0.700467390020541,0.7743615447384165,0.8740418094890443,0.8265847342874237,0.8667218944800705,0.8098072143894082,0.7866450973497942,0.8137359407948155,0.9352930188443197,0.7019247486397673,0.7657590105258569,0.7675518550617464,0.9637055279867115,0.9281280236080989,0.8896808447509394,0.8545380006295428,0.7222419313309741,0.9571353547582471,0.9733614530667927,0.6596764785526438,0.7461755376315264,0.9843351411998712,0.9474309439742004,1.0333491298505535,0.9184785970265239,1.1746038235124814,0.9970103607335178,0.7931458813463588,0.880598607899527,0.6939045160174228,0.8181631818526935,0.8926198678436473,1.0541025170520881,0.8964322611287525,0.8272453158966744,0.8354505300922122,1.006819046194208,0.9207404462771762,0.8333325825008056,0.9273587262109269,1.0366477673357322,1.1044651588058614,1.1107290604647386,1.2099761490471976,0.893596392295313,1.1478365227904428,1.2755173046500827,0.9178586311810151,1.1062604369552531,0.9376120877117131,0.8580246272539485,0.9394303379210717,1.0152190124988716,0.8899791781062469,1.002876309400639,1.0126157922067434,0.7086434001772637,0.8425551080076366,0.6205760337520841,0.5490716958614885,0.7625853311718556,0.6025640514989226,1.317564690013156,1.3482588540184337,1.363588306056583,1.2546491521552547,1.2054009449849012,1.2809338382574453,1.3042702959356043,1.105532351848257,1.0780061945016863,1.218787806506231,1.1861689822225747,1.128683627033201,1.1618158604842477,0.9330240300123839,1.0908384391494041,0.8343088293557666,0.8918295479547211,0.8499841700867522,0.8834747800681612,0.8611159658421763,0.9487431448859992,1.0659178524780064
elephant,1.008536881299809,0.0,0.33165457981853097,0.31346013079131596,0.7039824999139237,0.8295333169136059,0.8469472957389912,1.1508007885947396,1.1533589167034015,1.1322535021173754,0.9561713354945494,0.8429925551240691,1.0046045367295622,1.0128273873887448,1.0536463460474175,1.116767191158483,1.1820639267953843,0.9857655510374986,0.8887599106907396,0.9148060905860141,1.000359126322694,0.8329637698117578,0.8759423335068142,1.045245321488132,1.0931065771284052,1.0657143256815547,1.1280512051925,1.0969671034482187,1.0144635078770112,1.0880645354830507,1.0837336231163157,1.0517360067420554,1.1221256455502724,0.8086296335548879,1.0802693673011823,0.826521249796593,1.0149030832282617,0.9190301105830044,1.0078202594751613,1.1352112964018501,0.8374066717496846,0.84070568948904,0.8856669542553426,0.76306014427663,0.958682093959888,0.881287410372629,0.5605576320234684,0.7726318272149887,0.8652332799298219,1.1973645628808185,0.9940080376724221,0.7578936417023806,0.9057972226774551,0.489028014317883,0.7474694708522869,0.8909579254802769,0.8303116137327795,0.6901291346444992,0.8131840816583049,0.9327448994437231,0.9389540242034882,0.8330634652592481,1.0431424685252901,1.0665807090186241,1.1340973863094372,1.0874483995147919,1.2165977824359717,1.1638843830903647,1.2884287398838494,1.0344570904712067,1.116966118086064,1.1861120880660654,1.216447675932981,1.175798885233571,1.116839183867808,1.1790114284018238,1.0380190328623173,1.2085777066080063,1.281076779046853,1.1426308989555143,1.216647153850674,1.2327456997832211,1.2039517659073182,1.1684683632714286,1.2199572444576463,1.1316174950772548,1.167880911909711,1.1842858999842918,1.177296670576876,1.180146111719127,1.0716307657939979,1.0935637186563743,1.1125518280919928,1.1326649006152716,1.1009912368842383,1.1302731396542227,1.1874639160306013,1.1912800120110918,1.1294239582624406,1.0672238960782463,1.0247322235263978,1.3151180997739742,1.058940225363475,1.1495600487209607,1.2766510831392734,1.1377710296895311,1.2864665958171146,1.3133251430131958,1.04751968602147,1.0921857069340914,1.2021320819664623,1.2168888736373817,1.2342928959634245,1.1044463251309284,1.0959183884738617,1.0334136606854034,0.34354802958222164,0.976872003829426,0.8390250210778276,1.2298537938854095,1.1202343130667927,1.2916515221767617,0.9458039929335033,0.9859786858025276,1.2535072886376648,1.1567655902228173,1.2573441843044708,1.3028988205822962,1.2580109985641217,1.1696007270297117,1.2028136637937172,1.2152969961073898,1.147135735147336,1.1818097125778548,1.18547781649659,1.17860590228041,1.1860149043249468,1.3103040519175733,1.263597015842611,0.8210667738944614,0.7071922960395464,0.6464243304758857,0.6347960755590125,0.5477600050084773,0.7155619116141578,0.7474541198278438,0.8795009832951408,0.9095102535216706,0.7847517983242248,0.8815808677542208,0.6187950029862019,0.9536825396545073,1.0697265682274315,1.084790930308696,1.0331177281973631,1.0836326288729756,1.0576557766567063,1.1626463445874884,1.1800102113477973,0.9819847502231766,1.0193505172547526
bear,1.0179858663639756,0.33165457981853097,0.0,0.6084287595730782,0.6706478506484355,0.8070051719573026,0.857349036378533,1.0734990540334786,1.1769699419108814,1.1362898350948514,1.0018271166733175,0.9097339613420033,0.908375397589098,1.1444240058510804,1.0824748183055906,1.0436301538264074,1.0671015659345038,1.0314939554156222,0.9641781280477595,0.9549050169106589,0.8860895877179717,0.7360766975991746,0.8759027549245221,0.9550757997966443,1.0474264468909698,0.9376662486759577,1.0307730505338308,1.0579382345553667,1.0180930419350651,1.0288511645659695,1.0530469153077027,0.9899982650357358,1.125724922965471,0.8848472303881664,1.084943159462869,0.8541111268758836,1.0464118759145447,1.0004866736833042,0.9582641729192968,1.143431194512257,0.8763206290421978,0.7687195125677558,0.833227459309414,0.733565684839053,0.9467315909425267,0.8302960569029177,0.6351498565271483,0.8562822564625934,0.8935263824370338,1.0713554302978063,0.954864562588109,0.787902788594747,0.8706718238685653,0.6449453654743813,0.7001614881711716,0.8411755626709267,0.9102992891738982,0.7995696317784996,0.9473728231865693,1.0381825427301967,0.993450499879908,0.9515653938307164,1.0503467845201129,1.0849198920467389,0.9867432024129082,0.9476020596380774,1.1142441770178806,1.1778389783876113,1.2173227029799507,0.9335458671842175,1.0536928022143002,1.1196805311730136,1.1652262280970742,1.140169687073818,1.099542175524313,1.1109425016982575,1.1030719319131799,1.1554279636344393,1.1933300930538613,1.1105921416230022,1.1818888898316553,1.1852315861591887,1.1571257949999512,1.0908916896197782,1.1563333927369344,1.0753313852549862,1.1051268677914943,1.046993295967941,1.1100530627508105,1.1425338431928236,1.0600212310793498,1.0678262313697995,1.1200107134713886,1.1909326976948391,1.1103029084016984,1.1257657153688927,1.016598768555267,1.1379477072634328,1.0773614445987414,0.8839940553395338,0.8701937385236231,1.0946203460639439,1.0105331928784285,1.1171557810559358,1.1312746153627542,1.0371445707359084,1.117940584439458,1.1309004151370408,0.8996057931374782,1.0017756008920495,1.1335817418314302,1.154537148798228,1.0528373430438904,1.0447549289637625,1.0365110818529553,1.0234733815783614,0.3802549789855504,0.9561842384880213,0.7853618873386412,1.0780450942438327,0.9810253000971476,1.136451728996355,0.8482623875260185,0.9778617283093225,1.135272625104386,1.0455749501836475,1.1301830939918287,1.169116294290363,1.1492426583203035,1.0410907411957326,1.1196098474515095,1.1356341596351518,1.187169019716035,1.1866852082860406,1.1007940223991424,1.1508062052077077,1.184150418150952,1.1691389685631413,1.2587782758594064,1.0436738224745987,0.9661638112180687,0.8266864453216536,0.9481082146025255,0.8296394919504871,0.8661830212530928,0.8933235847981154,1.0497803998212416,0.9828497959725355,0.8682237753679162,0.9357316169042648,0.6987217941177448,0.9106026041154338,1.0524024328937274,0.9966523197762351,0.9867374732263307,1.126197132871319,1.1100433718345817,1.1585922727090718,1.1885158879956392,1.020458435437162,0.9765360451807419
cat,0.887189610450468,0.31346013079131596,0.6084287595730782,0.0,0.7827992607280974,0.7523951892912935,0.5018836191783661,0.9610022712195861,0.9573219514211032,1.0458413062424428,0.8170896668854788,0.686272836444698,0.9211861178035965,0.9537527662877936,0.9169514738490255,0.9949970309072184,1.1224944366226635,0.8971102090098835,0.8367274900759856,0.9275777810690361,1.068221425020465,0.9150085122350968,0.9503425213030867,1.1512398298226358,1.2188266750510979,1.1929951965832473,1.219686344657499,1.195092867201148,0.9811658915232248,1.0789418175317704,1.1404536170736133,1.1447599485347328,1.1229615070557104,0.8893803435028707,1.0929154445036322,0.852268260971577,1.0044045020601224,0.8956053610837809,1.0028738536956046,1.0364031689773356,0.8557387550115807,0.9007333286934905,0.8853984061108501,0.9558710913998262,0.9499214889314926,0.887430637712886,0.6848984299631271,0.7808100389760868,0.8285026373478213,1.1115424608606466,0.9877821415325118,0.7953745774539079,0.9766802780536223,0.6198290995773126,0.731317007426303,0.8453882392520504,0.7339501387931282,0.7625567326216227,0.7860600268651717,0.8061474274139755,0.9045155737123969,0.772998993290009,0.9828819149730885,0.9909946316874296,1.229597974920093,1.1914586452311828,1.1885770740462958,1.0558054694220755,1.2110633824105899,1.090793004438714,1.1281297407131552,1.1623484039122558,1.2089670720396788,1.175791797472063,1.1081162470614156,1.185834831125052,0.951509230436101,1.170961491470542,1.2888343144414836,1.1672743162137778,1.200505643594568,1.1996306920133102,1.194401742391003,1.195562045515619,1.2423551569664284,1.1414594763375443,1.1675573138831532,1.1984525846502263,1.1834009625114308,1.1585111231579623,1.0978848809100836,1.138946944120079,1.156671774250466,1.102480674134233,1.1077746422471366,1.1367773666526486,1.2639156170027104,1.2809510007507081,1.1421911150254807,1.1582096381412297,1.0746095769360724,1.4164817121029638,1.1049243824010213,1.1416555494846747,1.2904854982420808,1.080583400809921,1.2580738361462522,1.2877097227344825,1.0897767451174405,1.1416674041302213,1.265477038319862,1.1936165396505065,1.2591692362935314,1.1256623518477873,1.1996075106100248,0.7748921538904174,0.4892042561840769,0.9865471889948679,0.8704264350285522,1.2666304846424765,1.1634632383457615,1.2863465238797533,1.0202248340455116,0.8924917586851675,1.1750191464151816,1.194359241124891,1.2158606952399633,1.274871498080393,1.2209371119403027,1.2303635417543473,1.1845666428442712,1.1985880358159042,1.0409238171477733,1.1250481705644781,1.1802980220398043,1.0871950306901927,1.1208411190207366,1.3358959642407977,1.1912056081095643,0.9047601248144337,0.7938333430837936,0.7998301066792106,0.6783606511844285,0.6529897882253323,0.7561364362117216,0.816231353051329,0.9546172128027466,0.9589771818305067,0.8861151029557514,1.0055459053578124,0.7641229045313017,1.087154333710559,1.1641142484758935,1.2140231183732593,1.1458439799972806,1.1413424445760099,1.0230210961550794,1.1779237726003895,1.1954634092078964,0.8353373513142526,1.0094135259721768
zebra,0.8430868391801574,0.7039824999139237,0.6706478506484355,0.7827992607280974,0.0,0.7652466399590461,0.8607394142779877,0.8858881785574012,1.0219834214463632,1.043357359540223,0.7423109292858221,0.7348970756516462,0.9019778309349485,1.169392173775527,0.9148990819675373,0.8187925289556741,0.9843882007258615,1.042255266925363,0.923475998089297,0.9884492107298798,0.9833157937078293,0.9210056147202474,1.0315491425055066,1.0721581852312712,1.099474735113492,1.0489375574081792,1.1162434760307296,1.0435189123480806,1.0118948791710092,1.0671338088169358,1.0608019778249547,0.9931983507703243,0.9549260317999233,0.8431360033917719,0.982785579988506,0.8784992432860881,0.9469963088205815,0.9330905763887983,0.8990442887883064,1.0407567753087623,0.8429808383898734,0.7942628647678149,0.8738277920951295,0.7737297221931372,0.9012415744385779,0.9627602864280456,0.8786661789544595,1.0151798037579998,0.9716490075426099,1.065849346274019,1.0018576270233988,0.9166004162990289,0.896623465614838,0.8150168296297607,0.9196435456308616,0.9368143612020596,1.004168721811686,0.9574410376873049,0.9875816633159752,1.0666336879457705,0.983816598516951,0.927473769859879,0.9523473225941629,1.0161963849386486,0.8386127221749116,0.819780569028224,1.0348046921613239,1.0399578961843121,1.1070842823931122,0.9484214685326329,0.9860371103153299,0.9121026483705744,1.070140298670976,1.082619616971402,1.0293664604027595,1.0250621424019364,1.079873749634416,1.16428023893662,1.1716248518684254,1.1924880811431056,1.1409827080864396,1.1454504475183644,1.1844937571277245,1.1670756266440607,1.2200663290727898,1.1754919600100981,1.2004384324504396,1.066552236840574,1.067374835342137,1.0984125138838956,1.1371401221517818,1.0783634342479838,1.1522161674673732,1.1314807202636663,1.0776475482489618,1.0859227572598302,1.0311603646761303,1.0991448307073524,1.1233368945530455,0.985591757303213,1.0173309004955025,1.1037051703048686,1.0867382340592167,1.2150266404533123,1.209857537310053,1.1465359876567895,1.1915800656029352,1.1209715917226561,1.0240484395494127,1.0801485955847139,1.1919647321739468,1.1956313364600053,1.0896624658937697,1.0038283146944895,1.0639102042674236,0.964896077384631,0.7388892718067205,0.9336418793308128,0.5441724826081085,1.0664619978176717,0.9508213124405273,1.0355510325759267,0.8684045480766569,1.064324780982929,1.1879442239808042,1.1362416950970458,1.0772348726851741,1.1434706792122709,1.172060417052502,1.0164835787889774,1.1058821278950268,1.062882340860185,1.0532751302130172,1.0750084724812317,0.97791351152765,0.9918284090895777,1.0706666304711636,1.0553066770605066,1.1037438522693086,1.0449190666262858,0.9985304705496888,0.9487828631203205,0.9723405998780272,0.8879626847058567,0.9335447630690259,0.9242473638744263,0.9061180988067126,0.9730959273736015,0.893401096395124,0.9583229943116507,0.846866808913237,0.9877323223822787,1.051717887888968,1.0584198724163396,1.0183236078594986,1.087247881670458,1.1076149028644406,1.1012949959678493,1.1248590089537234,0.9984932793670588,1.003279566335717
alligator,0.7776577306391091,0.8295333169136059,0.8070051719573026,0.7523951892912935,0.7652466399590461,0.0,0.47499155017398387,0.7574492205062586,0.7116734309740791,1.0445430512072285,0.6954591182582175,0.6032484358997743,0.6979019295894284,1.1863729315175933,0.8654811788048232,0.6200523289890576,0.4731734650149272,1.064623236662293,0.8823061211556325,0.8749164940380783,0.9117935873678675,0.6760801300579744,0.941918579263303,1.0801665738602368,1.339614014442387,1.2912982237899677,1.3756501008907103,1.394909910843129,1.235717582919282,1.2746381824728235,1.2722039835647734,1.1395483237027202,1.0544428285791618,0.7336072252006208,0.8745095814929523,0.7346946366046809,1.0155594563296202,1.1183128087961571,0.8891823035222812,1.223758721943098,0.7303553174219146,0.6941518864827428,0.8138908068326804,0.6894211892671209,0.8106848799030644,0.7079398476552852,0.6713775616105134,0.790315405725498,0.8381548419207636,1.0984444132966809,1.1969295863699665,0.8184804451523211,0.741661826288744,0.7182753316773572,0.8855286294099145,0.7862582684520342,0.8657883209667867,0.9077213193970117,0.8810979128406946,1.0247096259744835,1.0005734021110535,1.0003571883869062,0.9554163436630451,1.1386840188845713,0.8643161697563011,0.7551245619348521,0.9689442175261875,1.18246440912762,1.0752212094862417,1.2179340840563957,1.3167099774613724,1.3111412445910706,1.3796510436256793,1.4776714147948993,1.443891171655966,1.439625490852456,1.4812600825181066,1.2646156794040924,1.442141957671079,1.5164496189570915,1.4231459462058853,1.5029219413971941,1.4782732691100813,1.4307056280801143,1.4858195024906364,1.3966236681361797,1.4144064723180478,1.2009807517601279,1.3594952283217383,1.2659550477643764,1.5060588207265195,1.5091215104646682,1.5004333454031176,1.4565998651524836,1.409151963300879,1.476188382358369,1.1968250014137565,1.1545444497645418,1.1495319342479744,0.8819548488332147,0.8616668011002282,1.2241808476977365,1.2615505330510224,1.3320830507473085,1.2978987629485916,0.9908456056649156,1.1928521760826984,0.8590643670630029,0.5387805388181066,0.7599284857604061,0.9719163450862839,0.9562394823133604,0.9931105956262386,0.8070543391169266,1.005740572662493,0.8985203988822972,0.8588870303105125,0.8239728770654703,0.883782152583185,0.9627471533794382,0.8466588657272209,0.994683189859823,0.5624757910818258,0.8729237061309436,1.1105040282771905,0.970780832625716,1.037200808997831,1.2608574127592789,1.387839837263288,0.9686808067714611,1.1447360472999386,1.2718919130902893,1.475821882726368,1.3430545540789938,1.146622009810469,0.963526188183745,1.0521266399662923,1.0261222828740002,0.881155052439745,1.0246035657118933,0.8829880692708726,0.7742766498035436,0.839232453589531,0.7630692775195891,0.6796787919531084,0.7635134038809057,0.7977069337779104,0.7972451700986287,0.7207237820521517,0.7237986278934976,0.6471955236161345,0.5849908338375567,0.9838790499539479,1.2296253359368063,0.9749699425981878,0.9210674642892875,1.235453858019115,1.3411773109142593,1.3769153502782208,0.97898788440253,0.8549033408861431
dog,0.6457939498455454,0.8469472957389912,0.857349036378533,0.5018836191783661,0.8607394142779877,0.47499155017398387,0.0,0.6268806806075118,0.6166112770274297,0.8739140821383096,0.44711116843519283,0.507363458045608,0.8081043174989767,1.0890988296450854,0.7822722625743063,0.7354089449250851,0.7090112988668169,0.9969666881484877,0.8687296533782294,0.9009061167236769,1.0372970191017734,0.9141535928622989,0.9333714036885483,1.0677467421539404,1.157628077017619,1.2364592254372548,1.192951602558795,1.340224732783021,1.0655400130175845,1.1468440012473526,1.1443482975832997,1.1895189770885635,0.9199062545206569,0.8111596264719809,0.8588183846735595,0.8879968147871152,0.8654700138340422,0.9149792646469903,0.9454291142039819,1.1334635610305444,0.9137071380647911,0.8944686086946372,0.9054086618937613,1.0073803355656472,0.934624879590284,0.865025728870997,0.8540187780275421,0.8289673046060902,0.906379084834144,1.1626871865209334,1.1358637805295617,0.9923644588960826,1.0224624053284308,0.8330484108141012,0.8562155712947253,0.9004390205104369,0.9245054662901606,1.0016687484529945,0.9131079849451267,0.9919117016196803,1.0165768728003732,1.0059242580609882,1.014139964483723,1.0033351048732815,1.1550201833399802,1.0683800861954786,0.9652106937315219,1.072399770284027,1.0892903676757553,1.085768963094049,1.2546471603409954,1.213709938045521,1.21553597256966,1.3083435774661494,1.2826648448941875,1.2921864335844995,1.2775948441133922,1.145899510415453,1.1982263863745657,1.2467444564410999,1.1593172194269985,1.1952275335576588,1.1985642263411598,1.1770766382270734,1.2016919082137036,1.2110067497635761,1.1063532403704817,1.0689026590862793,1.1499118924099498,1.1615916115529321,1.2346240302194456,1.2269504525913753,1.2126435187829536,1.1541566589986538,1.2087185032242784,1.2869203312792556,1.1540442870513048,1.1465535777507565,1.179639042274903,1.0507079548170655,0.892583044453862,1.2459184105210905,1.2592056956362563,1.168469952339359,1.1436796120383061,0.942014842103325,1.0691009470574124,0.9601388512976703,0.7605026139417932,0.9299087879428503,1.0503868783416332,0.9859640178485712,1.1033450489270002,0.9241116061194645,1.165823998386458,0.6599429403198815,0.8754812683635426,0.867217885531577,1.1532371142066977,1.0490524279420836,1.0880173517144838,1.11572676114959,0.9984565113648417,0.8967535090371797,1.059779648179783,1.1539638388277123,0.9767493042925316,1.13922817102765,1.1583117163967327,1.0199115736397983,0.9847021925517284,1.137920829113737,1.2008020963712782,1.1080303831026923,1.0534735222039637,0.9047940099014786,0.9086969310094498,1.023787884902966,0.699710456338011,1.0292001830550037,0.923385757558902,0.9311246994043062,0.8729204827647183,0.9176625760378276,0.7938957107031464,0.9008936067814483,0.9627156018280685,0.8673482729382647,0.8860232501102615,0.957594472716367,0.8979424976067276,0.8722772420710377,0.9546171604291793,1.1553476047285343,1.0125990033962078,0.9516433863738021,1.0578283649186404,1.2106300930540768,1.2123933298262133,1.025127328069752,0.8920921563299461
pig,0.6074298925778772,1.1508007885947396,1.0734990540334786,0.9610022712195861,0.8858881785574012,0.7574492205062586,0.6268806806075118,0.0,0.542237488997019,0.6747559922716272,0.36215262315233043,0.48711153286715936,0.7535489321609263,0.9097629476242837,0.6659185371456204,0.5476879839337151,0.4622886537437425,0.7731978057321397,1.1119073539649502,1.0594477986893618,1.154056095426122,1.300981077549998,1.1986002629358525,1.0369328685623718,0.8864925954223597,1.0328794301154278,0.9545327451390327,0.982759715096597,0.9333280646339388,0.9235955115664122,0.9604753849815041,1.0072582489194437,0.9072628893016044,0.9772134400717555,0.9940786317576092,1.041132387616347,0.86700115598164,0.8781224393287882,1.1137209304558406,0.9661529128566435,1.0149433173806102,1.197857362085826,1.153464475113771,1.17037821132153,1.1917655787848043,1.2163583262455429,1.2242071612868812,1.2153848474158588,1.2270395341520197,1.0325014916196544,1.1534566260840058,1.2925031746584632,0.983646031108113,1.1238184739695436,1.0928117435618614,1.0935408541515133,1.1518137280373248,1.208990357606085,1.1681649351060117,1.2185721157854918,1.223168772988815,1.2713155193864338,1.2117475394395325,1.1320008130450743,1.1844985172113247,0.9785614548834084,1.038068931188502,1.0628741186588118,0.999580375876179,0.9506187673955576,0.9967389051522334,0.9176802987894268,0.9054919697273375,0.9176417018161013,0.9570677824842616,0.9712696786900965,0.949420173461035,0.934143238334277,0.8004471880056312,0.929119712105039,0.9346685903893445,0.9350653622458169,0.8444090479004682,0.8229367835569068,0.8585053991283844,0.9383130218914875,0.8493384224114877,0.8596367043840198,0.8723366432437283,0.8743181070489081,0.9458876272018376,0.9673899017802758,0.8864022518398373,0.7912673594537716,0.9069943870847629,0.9601481257763187,0.8638537994458131,0.8540321423869686,0.9279036284680576,0.9859050902393194,1.0613779657729836,0.8667852590012308,1.0075698548300982,0.8943294548062566,0.882689119137708,0.9529017445063508,0.8213778858196044,0.8943666577735818,0.997531297546514,1.1056428573499801,0.9235182555244865,0.9520417606109502,0.9361475357866724,1.0008733563742929,1.1006240396365012,0.9517787075068647,1.0467097156642349,1.0659134748527999,1.153778949141033,1.0747586448107103,1.1301370872591268,0.8674146645873645,1.1419057101430965,1.1574559719715123,1.013543555666417,1.0408045883277044,0.9462228811560439,0.9122538780957915,1.009171637724231,1.0505770458695303,0.9238612294434291,0.9858798920736119,1.031379608682784,0.8328816310508197,1.0104399293141022,0.8187238591031678,0.8536994855101199,0.7308772556637698,0.6426698101048073,1.1185461303788846,1.1938055931119482,1.2376557369307273,1.2313968335817305,1.21825768191375,1.1803399669816323,1.2351499839016529,1.1053026450606678,1.1055730595908757,1.206296278542713,1.1951827796525283,1.169191677309552,1.087035105323295,0.9487865688675851,1.025762929031822,0.9473612388562085,0.9857213549856223,0.9389776891294213,0.9106552499982192,0.9132479682209178,0.9261722723169677,1.094413720247672
rooster,0.42860485284473926,1.1533589167034015,1.1769699419108814,0.9573219514211032,1.0219834214463632,0.7116734309740791,0.6166112770274297,0.542237488997019,0.0,0.2381759116702088,0.43838118401248116,0.336948661498204,0.6845044925544249,0.9158365771384942,0.4031794251308556,0.3106843088534341,0.4532567710275016,0.7513659096574128,1.2351894148654066,1.1691464907127977,1.3668856687690885,1.3640451691579503,1.2720889335544547,1.1873477248370694,0.9891548423768846,1.2720309338754798,1.1181073954417216,1.239201898153051,0.9599947086245317,1.107794439467288,1.1149373943491325,1.2849938420779305,0.7165636363268295,0.8563080692211491,0.8519874450723316,1.1652920564968385,0.7481751068504998,0.7887806617082087,0.9639884175691881,0.5631126530186539,0.8009199824474292,1.162052962344199,1.0823670463742818,1.2892259963116648,1.1800269529633494,1.27765472007432,1.3744698484328328,1.3005538006450972,1.2915205923293596,0.9991326457736524,1.1208361591470049,1.3302045844805686,1.1202229054134598,1.2194092620703074,1.1856637293843435,0.9557255717592847,1.043758250821308,1.1690741184466718,1.0858245704355567,1.0366739446064364,1.1694220636592156,1.1779210434980076,1.0595945806538738,0.9804620378551309,1.2821653219501692,0.8932629348025025,0.7877349048013086,0.7126885194471736,0.860907089229006,0.7696762572044661,0.9075854678743711,0.7635796488504556,0.7927782112269632,0.9154195317645534,0.9310005826118005,0.9502021731210092,0.9349545409151823,0.6014459200366392,0.7770767201592809,0.9274306452433206,0.7718163519033783,0.8053156600973662,0.7824957157273522,0.8603643128552525,0.8839701117447512,0.9685189065034431,0.7567583123512719,0.8301967548743875,0.7522338608251284,1.0330542393261188,1.0252182960456877,0.8988443185452383,0.8849409505467871,0.7840921538824126,1.0316131567623832,0.946742204396033,0.8829790601539583,0.8292059917327728,1.041731398686753,1.0829711998958929,1.1062530134875188,0.9749336292332039,1.2476703036116872,1.0095130050202095,0.8717326567415238,0.8572506454964013,0.7439394628173928,0.850636266758203,0.9661896404634276,1.0770809870758362,1.0170215016196869,0.8360101186357063,0.9871800491924874,0.9923950754773743,1.0408459904710883,0.9494563395237385,1.2247334099762277,1.0240256551767206,1.2365403168850784,1.021305843327445,1.1530174102652082,0.8659726519982607,1.2121308596865852,1.1964779877174998,0.9951054983067583,0.9994990964743704,0.8447884847215661,0.860277281037642,0.9070908338484115,1.037759010992819,0.7365994136804849,0.8724237341470817,0.8470522195099566,0.6315607344274443,0.8118143257233135,0.47164539996233723,0.4538519938244545,0.7181003464484473,0.6381846527108992,1.2460433235201138,1.3153070286480983,1.404378036564912,1.2092021128118373,1.254099443481655,1.3006163097094388,1.3641499815266303,1.1498109171578434,1.1301362176427743,1.3447468333007708,1.3287242920442481,1.2827398758889677,1.2241657162673405,0.9969733777341825,1.1120703891192771,0.872152379966381,0.7044841820918768,0.8453620316041478,0.9053589870090826,0.8608407753996332,0.9140852720390162,1.0553637562354417
deer,0.5342399523391506,1.1322535021173754,1.1362898350948514,1.0458413062424428,1.043357359540223,1.0445430512072285,0.8739140821383096,0.6747559922716272,0.2381759116702088,0.0,0.5762294664545792,0.584378690278466,0.759900841893206,0.7642335512042742,0.4847252479326454,0.4863141452686336,0.6855495380210411,0.7127277075651446,1.2645495444703192,1.2473572580011631,1.2857462345529769,1.408771084250489,1.2147246397535834,0.9996697270080539,0.7517371179783414,1.016616199733537,0.8415672462830018,0.9449954489335278,0.7540110584569145,0.8964224581522013,0.8534018898110997,1.1442023615216914,0.8518733590749431,1.0791324653046908,1.0240447197728355,1.3758822638864046,0.9039971336237502,0.880774344915225,1.0058164955697184,0.4710559581714642,0.8970492910720282,1.2158320394666273,1.1809043315903742,1.4122843116609312,1.3638785023255995,1.4349783878928963,1.477440580149929,1.422227123598036,1.3718906358266079,0.9125328270723495,1.1424693330216573,1.4473865920766,1.2946400532092497,1.3076137675213733,1.257752401412926,1.0789234509200867,1.1918323801420645,1.231634986545557,1.1902038386393452,1.081434090079889,1.2428253014282522,1.258700549947652,1.144485067628848,1.0372616749827008,1.2581504687064426,0.9176406857932579,0.8479914075613939,0.663705778616638,0.9096863393297037,0.5911623646911669,0.6961995115374225,0.6036143468759826,0.6145487928724591,0.7150125607806309,0.7084697085632524,0.7130070417324814,0.7177798825718227,0.44087889730031127,0.6438659901216439,0.7777730356230286,0.6931132119630479,0.6933996560057796,0.6555031324370055,0.7586169387816893,0.7070736482904201,0.8821532938375429,0.6404033337268389,0.8224751547279134,0.6861623756644389,0.8227541199344981,0.8085413071110559,0.5989757751419598,0.6367906699633712,0.6463671456087023,0.7593975730122811,0.601579863141907,0.8215966694201677,0.787938807900165,0.9290893721608452,1.160806608252615,1.2037389302785568,0.9260422031337713,1.0487088171715788,0.7964110324135526,0.7788292639853647,0.9152825596741662,0.6690499597152313,0.9507327926238437,1.1910391989136575,1.2394978045402945,1.0954071414512234,0.9320175437648373,0.9480576866239894,1.116208739000172,1.0674859643879282,0.9713221557090241,1.1773659125073603,1.1738206447433057,1.223421590725919,1.190650201995707,1.3160406929930115,1.002449350440143,1.3939431494422208,1.2872736119165686,1.0231575282725176,1.0563581984512902,0.9318773177566901,0.8762004871705955,0.8822287815388891,1.1354159058217175,0.7629984597606156,0.9065111136864317,0.7453898892624841,0.5032329531920379,0.8156021433507479,0.538685682242611,0.5625016816899207,0.859780976158999,0.8275609916155757,1.2320300097434798,1.3404302728564252,1.4536845302859174,1.2830754559799673,1.3339297140250777,1.4340595541333403,1.4497592984759817,1.2540152098203448,1.269638938705073,1.4618863409190703,1.4222284544103991,1.4188422189367622,1.3320029506086457,0.9642240427078422,0.945570177550031,0.8319266321985441,0.7477729192134668,0.8048854770199856,0.7852248693939707,0.7301576923716754,0.9669879575017698,1.1871493062890877
pony,0.4714465738925473,0.9561713354945494,1.0018271166733175,0.8170896668854788,0.7423109292858221,0.6954591182582175,0.44711116843519283,0.36215262315233043,0.43838118401248116,0.5762294664545792,0.0,0.26655492460738184,0.8344962618659345,1.0021702723877068,0.5910135316780748,0.5190934324230754,0.5487300870617138,0.8696972888761421,1.090704702157575,1.0549511602778159,1.238417565859859,1.2652230626216237,1.155216842753726,1.093750502086388,0.9700739438119745,1.177126292830636,1.0483661501719896,1.123877142037811,0.9669703088043937,1.0572507612485131,1.0516686844726457,1.125415945392066,0.7759807782255856,0.9354363054450853,0.9373321592529672,1.0834940831506104,0.7870149818883095,0.821320203402587,1.0077046221893018,0.863612328215174,0.9137008939777735,1.128456822938096,1.0477964411208398,1.1454744741351348,1.1529976182256128,1.218928281259421,1.1978144490297302,1.2102818092342174,1.2407341385302701,1.131494957656342,1.17326823916068,1.2320943032659615,1.0431921072574686,1.0700385972290931,1.0754856448579055,1.0578609798646144,1.1358062093499128,1.1261009116813385,1.1134454575870958,1.1430909221817913,1.2309622113748935,1.1941027347691062,1.1678447367200473,1.085116659337387,1.201188129616946,0.9592620960395077,0.9603353730660512,0.980419239504779,1.0701854320858384,0.8541744466749137,1.025772851534081,0.9029546827717889,0.9322548962562888,0.9804149518497552,0.9919273111104657,0.998000065118835,1.0335523997126832,0.8313341514290394,0.850357467764697,0.9783144584978278,0.8999698268696928,0.9177207084380102,0.9128483834634891,0.9078974184805516,0.8950888536867073,1.0059873878674825,0.8507115411445336,0.8812569388401186,0.8732266804122216,1.0360223885446707,1.0150003515282386,0.9516039325685227,0.9466285820205222,0.8625112315378302,0.978729516192195,0.9984058860712506,0.85429619349877,0.9044178668740028,1.0872127426370435,1.0584344108251125,1.0538845294610073,1.0155249893588656,1.1525486460876884,1.014637688399005,0.9153228652932552,0.9847542074386553,0.805715728973135,0.9180949876009549,0.9471303126147882,1.1108241496048332,1.027744202945111,0.9309761885915645,0.9553035711717227,0.9961109604049387,1.0916120989677245,0.9152464656721816,1.0074874851461602,1.0932292212664694,1.1766965474198643,1.0686068796562456,1.1086342347167735,0.8702193131774132,1.1083566549423511,1.1985137290453252,1.002334590085981,1.1120485580541946,0.9585694614749061,0.9245606493893406,0.9948737023233318,0.9672527882703721,0.8244638843699275,0.9700076780256478,0.9923620846680996,0.8121777268139929,0.918107950461938,0.7648236072192197,0.7536310423860952,0.7627399508901537,0.6468481352649581,1.1610363219265254,1.1907861558275823,1.249670094373195,1.1617282823670176,1.1544462309870323,1.145446771769115,1.1999923341727783,1.1434309977296293,1.0320146488827011,1.1859027535710709,1.1780129116391258,1.1314294491807468,1.167581553469038,1.0193649756373406,1.079677226199575,0.9690314825081436,0.8762896761944088,0.9305824355509754,0.946883067793456,0.937206157727526,0.9988697354464409,1.0831480017924986
horse,0.4646737420036905,0.8429925551240691,0.9097339613420033,0.686272836444698,0.7348970756516462,0.6032484358997743,0.507363458045608,0.48711153286715936,0.336948661498204,0.584378690278466,0.26655492460738184,0.0,0.7720782292281393,1.0637694450646844,0.39893855129691813,0.3596614537267848,0.4557263502019102,0.7496826471299165,1.1490882410900602,1.0719231786817085,1.265051459767712,1.2030174414880208,1.239331369030851,1.213883001764394,1.109088701968814,1.263900969096795,1.156726182746292,1.2206576709473407,0.9314119782825144,1.1404801898945056,1.156174358677273,1.2201850800501572,0.6659223530086871,0.7362280117419264,0.8990859932004195,0.9834596446804478,0.6988950205199063,0.6565424946080487,0.912947730521377,0.7133176181821592,0.7404330980427096,0.994506055004787,0.9494861463396045,1.0185805269430646,1.1086142297853623,1.1632839611218073,1.1539874803970442,1.2214502923106372,1.230062962630855,1.1612455256287446,1.0842685344911942,1.1846746604477287,0.925763365018054,0.9569736704829518,0.9815614264385453,0.8840284954216208,0.986448591507067,1.0572562848109863,1.087572363835645,1.0959363387919085,1.2106268054856109,1.1534115037572765,1.1019914555396038,1.0579465742883827,1.1256533718943706,0.7888670487833437,0.8928310781189697,0.8880172692334203,1.0362160608495763,0.7693429848572426,0.9370921763587252,0.8265591233367916,0.8931273991209894,0.9087354960752698,0.903464725609644,0.9294667429884709,0.9724656230694391,0.7840098093548202,0.8461722164183987,0.9490502828103324,0.8331097027408568,0.8748521190543421,0.8833948866820129,0.9137993646632264,0.9817383246388871,0.991363977691366,0.8763023764726018,0.884672528906331,0.8273501253008193,1.207484995165228,1.0082629178335962,0.9128888613383827,0.9553890725648074,0.8359032194856331,1.0237263760531659,1.061671132472442,0.8411399953886883,0.8853434415548054,1.1765865013487804,1.0804583181004135,1.033292864600393,1.0124503965635046,1.2724017134010364,1.1826852673866004,0.987339098350031,1.0591989037795482,0.8469051285852371,0.9757435982774556,1.0063979320747558,1.095317078590138,1.0756828466119326,0.9597746045635765,1.0448184531183007,0.9908586182135507,1.0493323782621045,0.9715509918379774,0.903888749237167,0.9919156458498082,1.0552954516381128,1.0544024803922014,1.1100472968392892,0.8223866716379573,1.0733431962631474,1.2007428258940531,1.0781911466324001,1.1477015291524038,0.9589340859853447,0.9218738501695722,0.9649578695177763,1.0131356359627621,0.878931733507403,0.9534600959048671,0.9576352232913375,0.7851355482963431,0.9296450371081557,0.6388610792739962,0.6084476356403585,0.7016311196672351,0.7026065330926183,1.2842469642833119,1.276365888924832,1.2917814446212879,1.162131193090986,1.1051036632340951,1.1526686422154548,1.238833328804611,1.19385521031713,1.0835843354106123,1.2325984078663446,1.2690242703838037,1.107937949375465,1.2468946126989353,1.0841748678454224,1.187140810478104,0.9559941648943308,0.876405989988548,0.9808014089214886,1.028670661364433,0.9906866246514944,0.892814167747627,1.0244726152260577
