,alligator,ankle,apple,arm,ball,balloon,banana,basket,bathtub,bed,belt,bench,bib,bird,blanket,boat,book,bottle,bowl,box,bread,broom,bucket,can,car,carrot,cat,chair,chips,clock,closet,comb,cookie,corn,couch,cracker,crayon,crib,cup,deer,dish,dog,doll,door,drawer,dress,ear,egg,eye,face,finger,firetruck,fish,flower,foot,fork,frog,glass,glasses,glove,grass,gum,hair,hamburger,hand,hat,hose,jacket,jar,jeans,knife,ladder,lamp,meat,melon,milk,mitten,mouth,muffin,nail,napkin,necklace,nose,orange,oven,pajamas,pants,paper,pastry,pen,pencil,pickle,pillow,pizza,plant,plate,pumpkin,purse,radio,refrigerator,rock,rooster,sandwich,scarf,scissors,shirt,shoe,shorts,shovel,shower,sink,slide,slipper,snow,sock,spoon,sprinkler,strawberry,stroller,sweater,swing,table,tape,toe,tooth,toothbrush,towel,toy,tray,tree,tricycle,truck,vacuum,watch,window
alligator,0.0,1.1968491,1.437182,0.4345101,1.3203309,1.433904,0.782088,1.3314992,0.63667125,0.49730635,1.5088478,0.65272987,0.5938267,1.4526768,0.56914854,0.7610277,1.2534852,1.5503378,1.1943626,0.8154509,1.0905,0.6743963,1.2934878,1.4731319,1.3049881,1.3657781,0.72331625,0.9760567,0.5321339,1.5045624,0.94359595,0.6196318,1.0006564,1.1550405,0.62150615,0.83387274,1.5730034,0.885487,1.6018045,1.0766355,1.0037614,0.3287351,0.9810322,0.95292574,0.81018853,0.8319257,1.1555662,1.419609,1.0857893,0.7555605,1.2549999,0.8956802,0.98480487,1.25986,1.0909331,1.320644,0.89829874,0.7397109,1.4135199,1.2434056,0.9717233,1.4028165,0.7780927,0.9756573,0.85873526,1.4671168,0.5218403,0.65515065,1.3269944,0.7114055,1.0737416,0.6008868,1.5471822,0.95257264,1.1525067,1.1412134,0.7229378,1.3893397,1.0586319,1.4918048,1.3059086,1.3444083,1.0250819,1.0690153,0.7872574,0.55669713,0.51802444,1.0522683,0.87611145,1.4863313,1.4412286,1.3546741,1.2801871,0.78169286,1.218411,0.9853398,1.0696102,1.0479008,1.2390177,0.78960073,1.1872367,1.1278625,0.67139745,0.9355416,0.83590275,0.61772233,1.092522,1.0402788,1.0332961,1.0236924,0.9687593,0.67436033,1.5162511,0.8040713,0.9206841,1.3633022,0.8879139,1.4347696,1.0180974,0.5869374,0.8292882,0.556731,1.2790008,1.372386,1.4034655,1.0473399,1.2325445,1.1753778,0.78422403,0.8566719,0.85715795,1.0455678,1.1507502,1.4276867,0.7779365
ankle,1.1968491,0.0,0.88703525,1.0473387,0.9850815,0.81827855,1.0441078,1.2564108,1.2441074,1.2621582,0.76447666,1.2050902,0.9817968,1.0358369,1.1542228,1.2267731,1.1245515,1.0258398,1.2559742,1.2319808,0.9080796,1.3330448,1.091277,0.9184525,1.2066287,0.59719694,1.1257234,1.0913118,0.9858235,1.0073619,1.2132823,1.2765465,1.062417,0.9657578,1.046567,1.0281198,0.8584877,1.2997755,1.0395247,0.84320855,1.1994524,1.0670644,0.97956795,1.2254497,0.97939,0.883742,0.5144439,0.79133993,0.76590836,1.1021748,0.46689194,1.2805414,1.0982354,1.1986936,0.6764772,0.548899,1.111,1.1626527,0.7470766,0.6865302,1.0958049,0.8860433,1.0567598,0.79540735,0.6632145,0.92723787,1.3541623,1.0332906,1.0731754,0.8445652,0.9768248,1.2524183,1.0074906,0.72861135,1.0902307,1.0818481,0.90386933,0.65200067,1.1445503,0.6837613,1.0285339,0.57117057,0.6498563,0.8100189,1.0863988,1.0918237,0.97284615,1.1485212,1.003289,0.76854706,0.8105266,0.60162276,0.86639726,0.9887333,1.2100897,1.2473847,0.8577813,1.0987325,0.9698178,1.2236228,1.1012491,0.9941995,1.1174428,0.93390334,1.2158561,1.0132098,0.94101465,0.7582533,1.2365407,1.0582943,1.2445891,1.1719122,0.75941867,1.3165575,0.841223,1.0014268,1.085548,0.8496274,0.863715,1.0274963,1.2262647,1.2762213,1.1078787,0.5322859,0.546315,0.80195254,1.0556822,1.1485698,1.242419,1.1541568,0.8225742,1.1222405,1.1958144,0.7222809,1.2163188
apple,1.437182,0.88703525,0.0,1.4840415,0.42375314,0.3252148,0.7871609,0.79782605,1.4537537,1.4830697,0.52195656,1.4205782,1.455133,0.5733377,1.309674,1.4013169,0.95732313,0.48722965,0.9894315,1.3806543,0.58349675,1.3262689,0.99488616,0.68651116,0.7474121,0.53810817,1.1693825,1.1948397,1.1240461,0.4921341,1.3183678,1.3227757,0.83733416,0.5980623,1.4120271,0.945097,0.39946276,1.3177522,0.5080683,0.9024278,1.0712733,1.3759501,1.0016062,1.2613276,1.3514086,1.2707262,0.8954296,0.37223828,0.8650735,1.1963154,0.7703941,1.2910264,0.8087789,0.6251025,0.90813154,0.85090524,0.8057594,1.3627189,0.57155585,0.7203852,1.1161965,0.5431682,1.2540363,0.7515316,1.2147661,0.4388522,1.4832613,1.3620069,0.8102432,1.3086476,1.1907914,1.4331837,0.5690719,1.0114653,0.44404495,1.0242114,1.2394048,0.80493724,0.87118936,0.40232623,0.77378297,0.8156727,0.931452,0.58266807,1.4356804,1.4592383,1.4564761,1.1966714,1.0444019,0.56774426,0.60524976,0.3756312,0.8040452,1.059384,0.8461922,1.1534392,1.0027237,1.0999867,0.9694213,1.3839133,0.65716463,1.0086946,0.9034389,1.1944257,1.1299539,1.3775123,0.91955274,1.1433015,1.1136144,1.1184016,1.2546778,1.2337562,0.3802724,1.236516,1.2178156,0.72405696,1.1812397,0.6440444,0.8625381,1.4028194,1.1671416,1.5082098,0.6387845,0.6547089,0.64067024,1.0166732,0.8260138,0.68971527,1.3487483,1.1537535,1.2169445,1.1534748,1.0302789,0.58063173,1.346191
arm,0.4345101,1.0473387,1.4840415,0.0,1.4530618,1.3580306,0.9480289,1.44789,0.5833641,0.5687923,1.4588487,0.7525734,0.5021119,1.4911591,0.69221276,0.8279978,1.1566875,1.5088185,1.2573428,0.83149743,1.3267936,0.75719815,1.1187792,1.4398738,1.3132579,1.2832282,0.7598191,1.0645512,0.690814,1.564117,0.95041895,0.57887536,1.1448039,1.2401891,0.6829144,0.99348056,1.4950838,0.9650545,1.5472147,1.2119606,1.1539395,0.5249191,1.1154885,0.9667844,0.77559376,0.83493996,1.0724057,1.4445574,1.0642505,0.6654674,0.98855644,0.9022406,1.1103333,1.3910373,0.933977,1.0365573,1.1369548,0.8068267,1.3631877,1.1919637,0.89341223,1.3141549,0.657063,0.97436726,0.48794556,1.5119636,0.5822866,0.5457231,1.2994968,0.5798544,0.76431566,0.70935816,1.5503883,0.9321366,1.195656,1.0831811,0.6997504,1.2984562,1.2221847,1.4360372,1.3747861,1.1539369,0.9273152,1.0713681,0.7784077,0.44125044,0.43996066,0.94383293,1.0731969,1.3610225,1.3405063,1.3203577,1.2703061,0.9023767,1.2764871,1.099672,1.1382918,1.1198173,1.2083384,0.69142604,1.373607,1.1671886,0.89002144,0.8972236,0.7518572,0.39290625,1.1428384,0.827875,0.95187515,0.9164701,0.85228074,0.75334305,1.5214493,0.79016596,0.813105,1.3123713,0.9428194,1.2656586,1.1905655,0.3706709,0.87948513,0.5493026,1.3803641,1.160927,1.3211195,0.8281282,1.3284185,1.3261458,0.8282641,0.90229785,0.8687036,0.997201,1.1620799,1.2706571,0.7177376
ball,1.3203309,0.9850815,0.42375314,1.4530618,0.0,0.41551942,1.1360872,0.8050432,1.3281535,1.3373787,0.66879743,1.3018324,1.3459992,0.6920376,1.2255725,1.2645066,0.95197916,0.49728346,0.87706035,1.2219791,0.69650644,1.2103441,0.86585534,0.7124987,0.72428095,0.84890896,1.135758,1.1583544,1.2701066,0.40535188,1.2711729,1.3571594,0.59586155,0.8205599,1.3592305,1.1212938,0.56734526,1.2201718,0.5052911,1.0653081,0.9903974,1.2431575,0.86503386,1.1746304,1.4033294,1.1648854,1.05044,0.3336897,0.86711663,1.1627862,0.921573,1.2019669,1.0065941,0.71086234,1.07797,1.0115107,0.7973789,1.2191942,0.67171264,0.754643,1.098375,0.62869644,1.2064482,0.9519669,1.2660751,0.4264009,1.3026124,1.354132,0.79022753,1.3634182,1.2775279,1.30979,0.5670161,1.1812433,0.682838,0.9111851,1.1764565,0.9773041,0.72252,0.4105748,0.8123779,0.92293984,0.98461944,0.6414827,1.3918636,1.3683344,1.4209988,1.1231439,0.884021,0.7126485,0.7064388,0.70178306,0.88870347,1.2619836,0.93340385,0.90129304,0.9245708,1.0944515,0.8765705,1.4049664,0.39406013,1.0585063,1.0887054,1.1473467,1.1217823,1.3837863,0.911295,1.2124617,1.0098678,1.2032597,1.2561785,1.0879662,0.53076345,1.1189686,1.0736132,0.76962686,1.1106173,0.67921185,0.9214584,1.3776581,1.0981089,1.333722,0.5963895,0.7828715,0.8584801,1.1365426,0.83915985,0.5634763,1.1398523,1.1325645,1.2216798,1.1802007,0.95844066,0.61009365,1.2761883
balloon,1.433904,0.81827855,0.3252148,1.3580306,0.41551942,0.0,1.0707016,0.8366668,1.3682815,1.4028382,0.5575429,1.3063202,1.3896842,0.6570919,1.2642071,1.3115735,0.9570415,0.5253497,0.93214935,1.3118805,0.85138106,1.3517325,0.7166201,0.6064182,0.7784498,0.69783777,1.09692,1.0335447,1.2414972,0.5307928,1.17523,1.3646443,0.9494796,0.84680766,1.2190282,1.0873166,0.5349423,1.224435,0.48270547,1.0222349,1.0906987,1.3373685,1.0195237,1.0877104,1.2209923,1.1603609,0.9644205,0.35855865,0.92539954,1.2047865,0.83601403,1.1888607,0.95030105,0.76908624,0.9303229,0.83090127,0.9599434,1.2890356,0.7028545,0.78797305,1.0593714,0.61705995,1.221709,0.9845386,1.1580395,0.5735929,1.3754939,1.2277998,0.84637886,1.2121602,1.0655683,1.3602148,0.578481,0.97954834,0.62007797,1.0082963,1.1612339,0.8066934,0.9620082,0.46950603,0.8006015,0.7653066,0.98849756,0.5509355,1.3108842,1.4247203,1.2838193,1.1469567,1.0447601,0.6766701,0.7040819,0.52102053,0.782291,1.1959313,0.94632125,1.0809165,1.0663552,1.0942781,0.9217536,1.2053328,0.71800685,1.0326253,1.1843265,1.1616796,1.0635436,1.2679543,1.0258899,0.96070856,1.0775447,0.98894197,1.0694065,1.1528018,0.5709471,1.2151986,0.9966546,0.69786775,1.0776187,0.5939803,0.9698672,1.3214833,1.1801049,1.4046508,0.6808059,0.7397046,0.73003745,0.9738997,0.86878574,0.7071291,1.2713954,1.1494638,1.1846967,1.0589595,0.9297824,0.6809494,1.2069297
banana,0.782088,1.0441078,0.7871609,0.9480289,1.1360872,1.0707016,0.0,1.1157649,1.0341163,1.2154769,1.1619716,1.2003176,1.0761073,1.1003648,1.0395675,1.1322967,1.0750874,1.12317,1.0434111,1.1242185,0.42667127,1.0972208,1.2541114,1.231873,1.1896617,0.98794585,1.2370716,1.3187718,0.4634608,1.1679306,1.16595,0.9057595,0.7703599,0.38617098,1.2445492,0.33494818,1.0589943,1.2624991,1.1891836,0.91490936,0.85589945,1.1305063,1.0256705,1.2099591,1.0593486,1.1700824,1.0412147,1.0768102,1.1260285,1.0884912,1.0102127,1.1925038,0.29522228,0.8888286,1.0550494,0.9330683,0.7671478,1.0861559,1.1679821,0.9470255,1.2451216,0.85525876,1.1374729,0.5014573,0.89483863,1.1065775,1.1262642,1.1571544,1.0051057,1.1110916,0.89995563,1.1919638,1.2335348,0.93511206,0.6208995,0.9508021,0.85748184,1.0754262,0.7990263,1.1234667,1.0443089,1.1015356,1.0434135,0.86581635,1.1124694,1.1646198,1.1296598,1.0296481,0.879063,1.0598437,1.0682126,0.89851594,1.2190876,0.44080758,0.9728795,1.0314626,0.9231236,1.164158,1.1888928,1.2032722,1.1066269,0.8936014,0.18668681,1.1255747,0.8985999,1.1334177,0.9041795,1.1649328,0.8720673,1.1452168,1.1198384,1.0164623,1.0571884,1.2487384,0.94300514,0.85418713,1.023991,1.0603379,1.087116,1.1346241,0.99369985,1.1693267,0.83818674,1.0541407,0.91337115,0.69053745,1.0139544,0.9463193,1.0897907,0.97464174,1.1083307,1.2130412,1.2504907,1.1306423,1.2189984
basket,1.3314992,1.2564108,0.79782605,1.44789,0.8050432,0.8366668,1.1157649,0.0,1.3349261,1.2202524,0.635821,0.73508227,1.4704088,0.524818,1.2315781,1.06825,0.6309021,0.4899056,0.77062786,1.0083594,0.85643226,1.21528,0.7702701,0.46918392,0.54902774,0.9279956,1.1354693,0.5384996,1.3703976,0.59126085,0.82074046,1.1800525,0.845018,0.8733023,0.92187357,1.1121371,0.6407427,0.5574708,0.41410983,0.9640146,0.87106633,1.3222526,0.9455873,0.784161,0.9937035,1.0905092,1.212785,0.8968795,1.2583619,1.3455389,1.16981,0.969594,0.9061446,0.655022,1.1965082,1.0990471,1.0784934,1.1594263,0.8306406,0.89668494,1.0232826,0.89713144,1.3172992,1.1460342,1.3773825,0.57921654,1.240171,1.3293823,0.75841117,1.4213911,1.0721152,1.0253636,0.49221337,1.2417789,0.8900019,0.88340163,1.3337626,0.838434,0.8428916,0.8948631,0.40572202,1.0153471,1.3711154,1.1817065,0.94978404,1.418824,1.4180558,0.85293376,1.0869838,0.73438597,0.7223051,0.9331665,0.58460075,1.1398413,0.69696,1.0300127,0.9053368,0.653584,0.58362174,0.9454777,0.7884213,0.95329946,1.1084632,1.1827478,1.2311705,1.434751,0.92246866,1.0019748,0.9214649,0.99877435,0.9113316,1.2420573,0.6856746,1.0779494,1.0952739,0.88509345,1.1171106,0.9252848,0.895516,1.4510839,1.1340623,1.221484,0.8149819,1.0452911,0.9635707,1.3031349,0.4715659,0.82365775,1.1611061,1.0849087,1.0979768,0.92602503,0.47630435,0.7688447,1.0349818
bathtub,0.63667125,1.2441074,1.4537537,0.5833641,1.3281535,1.3682815,1.0341163,1.3349261,0.0,0.5175407,1.4753789,0.89288396,0.5836782,1.4062698,0.78362435,0.46435905,1.0099078,1.4084072,0.5193042,0.3361957,1.4077249,0.69645476,0.68056154,1.4560351,1.2570148,1.4302192,0.9059025,1.1248901,0.9672344,1.4236598,0.8657477,0.5284652,1.2082846,1.1997769,0.8783109,1.0269688,1.4549719,0.77338743,1.3539579,1.2311382,0.91001153,0.78612626,0.8440652,1.0081762,0.7043319,0.96026576,1.2530293,1.4094524,1.1510777,0.8503909,1.2952126,0.6284347,1.0974076,1.1941528,1.1147625,1.237973,0.8746378,0.62346745,1.461755,1.4193792,0.8659395,1.1489921,0.831025,1.1440872,0.9053745,1.5127535,0.59316015,0.80680287,1.0433866,0.8960798,0.8900921,0.74097836,1.4486421,1.1330297,1.1893198,0.94896346,0.82332695,1.3201878,1.1666527,1.4390833,1.4526362,1.3756447,1.1382098,1.1332189,0.96307814,0.6393446,0.7288338,0.9002108,1.0340288,1.4277562,1.4134732,1.3267875,1.4595745,1.0221981,1.1802804,0.45198512,1.110391,1.1309632,1.2146859,0.8527119,1.2746273,1.0123286,0.99234957,0.88216954,0.64630127,0.7523794,1.0653032,1.2048433,0.85147655,1.0539844,0.49744993,0.49153966,1.497195,0.7083683,0.88830876,1.123727,0.8500314,1.2497547,1.2961891,0.7277586,0.6951283,0.3541988,1.0587412,1.4008787,1.4209788,0.9128181,1.402556,0.89179343,0.28201962,0.9429068,1.0465239,0.8368221,1.2793634,1.4331628,0.799549
bed,0.49730635,1.2621582,1.4830697,0.5687923,1.3373787,1.4028382,1.2154769,1.2202524,0.5175407,0.0,1.4258335,0.64315647,0.55895036,1.3681934,0.31811082,0.58937657,1.0708905,1.4827626,0.9906503,0.6012533,1.4583669,0.6453105,1.0810885,1.3682215,1.1840856,1.3548156,0.7268543,0.82265306,0.9348834,1.4209063,0.71756613,0.6981309,1.2340231,1.3565614,0.44217217,1.2041581,1.5257618,0.5151392,1.4652126,1.2570261,1.0362133,0.54459006,0.9907304,0.7746063,0.68786895,0.7489709,1.2473783,1.3878179,1.0671564,0.75997114,1.3069664,0.7116845,1.242394,1.2916174,1.1201183,1.3314424,1.0642862,0.735507,1.3912055,1.2865586,0.75187314,1.3996167,0.7340958,1.1630982,0.9585357,1.4486387,0.5431388,0.610673,1.2922406,0.6603364,1.1470764,0.2734803,1.3956168,0.9775914,1.3090591,1.117128,0.8525281,1.3208284,1.2277851,1.460367,1.242062,1.3520248,1.1091894,1.1902438,0.80203044,0.38172853,0.49407113,0.90515494,1.0260549,1.4541489,1.4121873,1.3823392,0.97294986,1.0274326,1.1770992,0.83276504,1.1674042,1.0065253,1.223582,0.6677108,1.1899755,1.2666104,1.0495392,0.8540748,0.9483784,0.5490461,1.1845651,1.0598831,1.136847,0.88823396,0.755764,0.6582826,1.5290143,0.52239007,0.94576204,1.3736697,1.0365148,1.4265687,1.2202026,0.5267379,0.81571054,0.39729494,1.257513,1.3978808,1.4512242,1.199651,1.1728171,1.1796235,0.59196097,0.8744199,0.8806119,0.9071783,1.0809877,1.4520471,0.5894072
belt,1.5088478,0.76447666,0.52195656,1.4588487,0.66879743,0.5575429,1.1619716,0.635821,1.4753789,1.4258335,0.0,1.2075275,1.442496,0.43281937,1.3028979,1.3000114,0.792166,0.32513607,1.026648,1.3135426,0.9485885,1.3280411,0.80140543,0.25031364,0.50867945,0.58570105,1.0467187,0.86009544,1.3663771,0.33324492,1.1754935,1.3881432,1.0597552,0.96817005,1.1558633,1.323648,0.22987223,1.1451327,0.4437437,0.9270775,1.2414126,1.3181221,1.0339215,1.0936092,1.1870289,0.9451129,0.74928856,0.49708945,0.8983536,1.2307724,0.7529975,1.2028885,0.9469503,0.8598891,0.87151366,0.6848978,1.1281786,1.4310352,0.25864285,0.6610406,0.98027307,0.8418094,1.2197742,1.1965234,1.2499577,0.27552927,1.4470409,1.2881904,0.9848363,1.1309898,1.0925395,1.3469619,0.35493076,1.149969,0.97477305,1.1081221,1.3848021,0.65156263,1.0624092,0.38638645,0.59164363,0.6576713,1.03937,0.95243907,1.1567044,1.4112973,1.3101434,1.1586859,1.1539614,0.29301333,0.37099266,0.5473115,0.49675006,1.2833934,0.9413245,1.2134088,1.051152,0.86201525,0.71646214,1.1740785,0.84403753,1.0075111,1.1761223,1.2029063,1.2886637,1.3098087,0.96538675,0.83478034,1.2466425,1.001586,1.2124729,1.3202411,0.20974582,1.1666853,1.3183566,0.79042053,1.212027,0.80929494,0.7570363,1.3565404,1.2337759,1.4924841,0.87044764,0.56488365,0.50089884,1.0900173,0.64341813,0.9171645,1.3363423,1.2190784,1.0762504,1.0838641,0.73260164,0.3242995,1.2253939
bench,0.65272987,1.2050902,1.4205782,0.7525734,1.3018324,1.3063202,1.2003176,0.73508227,0.89288396,0.64315647,1.2075275,0.0,0.9481952,1.1161993,0.79144335,0.7511302,0.781456,1.21221,0.99774164,0.6405221,1.280751,0.88611096,1.0151942,0.9923149,1.0347391,1.1294852,0.8658364,0.46040446,1.0257566,1.2716749,0.6159856,0.84863234,1.2072313,1.2650652,0.32218957,1.1582489,1.266573,0.5158824,1.1773338,1.0775099,0.8979484,0.733986,1.1473005,0.6465051,0.36982524,0.90108323,1.1984137,1.3389189,1.1222112,1.0397818,1.2574177,0.9117093,1.1479604,1.1696998,1.0368894,1.2763755,1.1703091,0.8532651,1.2266128,1.2182571,0.96074295,1.3182379,1.0341398,1.1777525,1.0964339,1.3143486,0.69512945,0.8333291,1.103611,0.86043775,0.94754773,0.5825701,1.155632,0.9810407,1.3445941,1.0821372,0.94463927,1.0726019,1.1448724,1.3775976,0.89004016,1.2209594,1.1746408,1.2688525,0.52193403,0.88702387,0.7435459,0.77063984,1.1010704,1.1795171,1.1065645,1.3472921,0.8954168,0.97736716,1.0136118,1.0440631,1.0351075,0.6869108,0.7292719,0.5441463,1.2278128,1.1577098,1.1602333,1.0399225,1.0058656,0.9192447,0.9615334,0.8376051,0.9298244,0.874771,0.65650845,0.94444937,1.2726583,0.8889062,0.84250396,1.3493037,0.9715911,1.2947526,1.0169606,0.88293993,1.1161602,0.57184637,1.203228,1.3032925,1.2669406,1.3199371,0.90269184,1.2123257,0.9057207,0.90033126,0.79732394,0.9549277,0.71010435,1.1701139,0.70766544
bib,0.5938267,0.9817968,1.455133,0.5021119,1.3459992,1.3896842,1.0761073,1.4704088,0.5836782,0.55895036,1.442496,0.9481952,0.0,1.4764425,0.70352703,0.782023,1.0818337,1.5174854,1.1077183,0.70591927,1.31655,0.8824818,1.1279761,1.45081,1.2635024,1.3146187,0.79401505,1.0971003,0.8245707,1.4564949,0.98169154,0.708339,1.1640797,1.2110708,0.7926851,1.0438634,1.5254085,0.9583659,1.5760297,1.2059058,1.0574605,0.55467594,0.8637295,1.1020912,0.8809222,0.6343529,1.0272871,1.3812683,1.0175122,0.58269686,1.1222876,0.85556054,1.2393011,1.2917489,0.9067775,1.0481768,1.0119793,0.7316332,1.3254834,1.1621368,0.89027,1.2492394,0.5458636,0.9995396,0.7117162,1.4237329,0.7927305,0.53833884,1.2591832,0.60167587,1.1016666,0.76174116,1.5470355,0.81506276,1.2014153,1.1075578,0.5765912,1.2079307,1.1861688,1.3676324,1.3760875,1.0528988,0.8290746,1.0913534,0.8697592,0.18688041,0.46303034,0.91875434,0.9902854,1.4446769,1.4405575,1.358202,1.2880948,0.98083025,1.2634064,0.8861596,1.0829666,1.0329047,1.2826183,0.927947,1.2624688,1.1157519,1.0089943,0.56395113,0.96407175,0.3767553,1.0127584,0.87470466,1.1214647,1.0618299,0.9573243,0.74310005,1.427676,0.772357,0.9346297,1.3846836,1.0234023,1.2082379,1.1768656,0.37273884,0.86183715,0.5629429,1.295067,1.2197332,1.3083396,0.9763496,1.3294692,1.1083719,0.6500641,0.9860589,0.83009183,0.98265487,1.376046,1.3627354,0.8730679
bird,1.4526768,1.0358369,0.5733377,1.4911591,0.6920376,0.6570919,1.1003648,0.524818,1.4062698,1.3681934,0.43281937,1.1161993,1.4764425,0.0,1.2371097,1.1482496,0.8712296,0.4345485,0.9059195,1.2581991,0.8462856,1.2085972,0.774135,0.5304134,0.54246384,0.6946899,1.0537567,0.84941524,1.2477254,0.38164604,1.1067942,1.29159,1.0142294,0.85543257,1.1900399,1.2103345,0.45024848,1.0003988,0.3782848,0.79666686,1.0388554,1.3264276,0.97128624,1.0256219,1.1957705,1.1514971,1.0969689,0.55801916,1.0856891,1.2823042,1.0030899,1.0437477,0.9554843,0.66933405,1.1697437,0.88469684,1.0564646,1.258977,0.6264231,0.69531584,0.9418181,0.8582249,1.2819636,1.0844698,1.344038,0.40379,1.3730388,1.319534,0.8491163,1.3021075,1.0478978,1.2456672,0.35596716,1.1212925,0.90920496,1.033396,1.3913188,0.76332194,0.94527197,0.6162601,0.52966505,0.97274387,1.23144,1.0305632,1.1773727,1.4017136,1.4055691,1.0577798,1.094123,0.55841565,0.5491526,0.78311086,0.5738473,1.152365,0.7675936,1.135597,0.99749124,0.80715346,0.7694236,1.1663896,0.7553221,1.0087042,1.1163497,1.165577,1.1721585,1.400166,0.96813,1.1041092,0.94856995,1.0096792,1.0666133,1.2189579,0.48240292,1.0941541,1.2413024,0.6760279,1.1043861,0.8826302,0.79784894,1.4204268,1.2362964,1.4012892,0.77007544,0.8400774,0.7888902,1.1667649,0.58503425,0.8597153,1.3025403,1.0799029,1.1118743,0.9180038,0.71777123,0.63494545,1.0694287
blanket,0.56914854,1.1542228,1.309674,0.69221276,1.2255725,1.2642071,1.0395675,1.2315781,0.78362435,0.31811082,1.3028979,0.79144335,0.70352703,1.2371097,0.0,0.8392815,1.175853,1.4197121,1.0613337,0.9284079,1.1860559,0.83311725,1.2095923,1.2839057,1.2178968,1.2134842,0.63498145,1.0354965,0.8157405,1.3296423,0.9378356,0.80755764,1.0909525,1.2605205,0.60621214,1.0463275,1.3681943,0.8524595,1.3680387,1.1683731,1.0396978,0.59702647,1.1354742,0.95719635,0.78862417,0.7344535,1.1633658,1.1853564,1.0666822,0.9086522,1.217459,0.95967567,1.1116256,1.1648014,0.9924147,1.1857551,1.0816153,0.87375724,1.2778656,0.9605451,0.72324985,1.3274719,0.92084146,1.0090774,0.99562836,1.2702283,0.7906208,0.6109785,1.2773328,0.65894014,1.0795796,0.65867347,1.26917,0.90630734,1.1153927,1.0731515,0.69794863,1.1953095,1.1064972,1.3411081,0.9061445,1.1884929,1.0991515,1.1169658,0.8964091,0.57547235,0.61515987,0.8953697,1.0012492,1.2918735,1.2333275,1.2802638,0.71988964,0.8365872,1.1224818,0.9920489,1.0749224,0.9981176,1.2389852,0.853468,1.0414076,1.2324822,0.8879437,1.0022153,1.0184381,0.66826963,1.1570189,0.9361341,1.0942159,0.84244275,0.7810977,0.8226148,1.4090613,0.64525306,0.8685357,1.1906365,1.0658196,1.3218441,1.317555,0.67613506,1.0009223,0.8027358,1.1964558,1.2925873,1.2904708,1.1206353,0.77429664,1.2978442,0.86517787,0.92001474,0.8954102,1.03831,1.2237147,1.3426988,0.75520563
boat,0.7610277,1.2267731,1.4013169,0.8279978,1.2645066,1.3115735,1.1322967,1.06825,0.46435905,0.58937657,1.3000114,0.7511302,0.782023,1.1482496,0.8392815,0.0,0.86496305,1.2844398,0.6825209,0.37362295,1.3727744,0.7482435,0.91851735,1.3292853,1.0205123,1.3300347,0.9869151,0.9643804,1.0104483,1.2960923,0.8074332,0.71630156,1.2169474,1.2040507,0.8109733,1.1212678,1.3425906,0.7168099,1.2138609,1.1171776,0.89177734,0.8958756,0.9666502,0.94999063,0.7631805,0.9223139,1.264188,1.3306825,1.1794283,0.96906906,1.3446612,0.45103002,1.0886652,1.1638917,1.2501787,1.2570673,0.9635012,0.6388619,1.4051013,1.3646252,0.85853744,1.1331081,0.94528466,1.2588547,1.0922582,1.406993,0.66511875,0.85816216,1.0977067,0.96946436,1.0002053,0.7068782,1.3044524,1.2313818,1.2293475,0.98613423,0.9206673,1.2360183,1.1908302,1.401267,1.2844248,1.3867884,1.2796023,1.2224218,0.90764636,0.7866253,0.8370362,0.84647226,1.0205843,1.3121505,1.306169,1.2741303,1.3525035,1.0371467,1.1068424,0.5449969,1.0628698,0.91099954,0.9983697,0.8487675,1.2171721,1.0257188,1.0611432,0.9101639,0.7828471,0.9030481,0.8990796,1.2664769,0.8739217,0.97263527,0.7124982,0.60576653,1.3817672,0.67006373,0.99409,1.0882069,0.93356586,1.2624998,1.2064891,0.918121,0.65941775,0.4277869,1.0047004,1.421778,1.3582487,1.0616205,1.2310798,0.89583224,0.41721475,0.8939007,1.1064398,0.74684095,1.0817765,1.3651472,0.76286757
book,1.2534852,1.1245515,0.95732313,1.1566875,0.95197916,0.9570415,1.0750874,0.6309021,1.0099078,1.0708905,0.792166,0.781456,1.0818337,0.8712296,1.175853,0.86496305,0.0,0.7651682,0.7208896,0.5528004,1.0946627,1.1751907,0.79935175,0.799196,0.72584164,0.9089634,1.2561507,0.86833966,1.2673683,0.8610377,0.99595517,1.065371,1.0288162,0.98634785,0.98729765,1.0617981,0.72233677,0.8309686,0.8256687,1.096909,0.951508,1.3495436,0.98940593,1.0610712,0.85522985,1.0395217,1.150173,1.0012059,1.1626291,1.2026627,1.1266677,0.8818911,0.96148884,0.8912772,1.0164448,1.0485805,0.7960821,1.1494246,1.0413772,1.0749505,1.0863637,0.6468473,1.2328835,1.1006775,1.088967,0.9639212,1.0924572,1.2561971,0.8963864,1.1885265,0.9985147,1.0657624,0.8447913,1.1644181,1.0287281,0.8778556,0.9910277,0.9775346,1.0099304,1.0134157,0.77840734,1.0950984,1.2723826,1.049383,1.0423206,1.2032914,1.1976202,0.32724082,1.1249056,0.7036154,0.7431787,0.89569867,0.95971507,1.0973929,0.95916146,0.77958584,0.8407029,0.74647593,0.69342214,1.174303,1.0741134,0.98921657,1.1586491,1.0457228,0.91697496,1.2747822,0.80336004,1.133713,0.9311712,1.1764231,0.8840824,1.0426143,0.85638005,0.9458297,1.0252644,0.9737075,1.0747079,0.9790646,1.068381,1.2702732,0.8799259,0.8195291,0.79216886,1.0998819,1.0467185,1.0678519,0.7989101,0.5694704,0.7400843,1.1579173,1.1697713,0.9192389,0.945436,0.92283696,1.1908149
bottle,1.5503378,1.0258398,0.48722965,1.5088185,0.49728346,0.5253497,1.12317,0.4899056,1.4084072,1.4827626,0.32513607,1.21221,1.5174854,0.4345485,1.4197121,1.2844398,0.7651682,0.0,0.90313387,1.2855648,0.82230365,1.2751456,0.5796273,0.29868037,0.4580502,0.6863617,1.2267892,0.87786126,1.3944869,0.23958021,1.1542273,1.3577272,0.91052926,0.8858693,1.28369,1.179193,0.22457653,1.0986055,0.17087543,0.9974041,1.0533774,1.440026,0.94358796,1.0605447,1.2903913,1.1210072,0.9956916,0.40398115,1.0413756,1.291158,0.9193497,1.1271241,0.978253,0.73526585,1.1079936,0.85235584,1.1246586,1.3117907,0.45043314,0.7657023,1.1226306,0.72222257,1.2981939,1.0512352,1.360711,0.25730026,1.3921344,1.4198167,0.6088286,1.3741407,1.0280881,1.3543198,0.3403551,1.2288231,0.8415588,0.79419106,1.4516774,0.822724,0.8977907,0.34449744,0.54094565,0.8431046,1.1651881,0.88603735,1.1931796,1.4887397,1.5057137,1.1290414,1.1119521,0.40089715,0.4288386,0.6621992,0.6727528,1.255452,0.8394708,1.1111588,1.0330808,0.80617243,0.6989637,1.1844819,0.7590297,0.99082077,1.1577208,1.157229,1.201752,1.4530427,0.97399366,1.0280755,0.99531007,1.070628,1.1898438,1.2585282,0.256162,1.2602528,1.1702346,0.67622954,1.1529298,0.72645724,0.7984945,1.4631356,1.1784058,1.4547665,0.7269279,0.6664359,0.65951216,1.0724853,0.59234333,0.7369162,1.3189516,1.206183,1.2318938,1.0543901,0.60526407,0.39544463,1.2900541
bowl,1.1943626,1.2559742,0.9894315,1.2573428,0.87706035,0.93214935,1.0434111,0.77062786,0.5193042,0.9906503,1.026648,0.99774164,1.1077183,0.9059195,1.0613337,0.6825209,0.7208896,0.90313387,0.0,0.4219979,1.0528879,1.0336362,0.46319824,1.0054176,0.9103722,1.2123439,1.250315,0.96930486,1.2371995,0.91253805,0.93320465,0.94454616,1.0172756,1.0393168,1.0884601,1.0648979,1.0120043,0.7239822,0.65432614,1.1253709,0.5823964,1.3513796,0.89872515,1.0503848,0.7884915,1.1959279,1.3625562,0.99996257,1.2341282,1.2672334,1.3826724,0.8115254,0.9244915,0.82893914,1.177394,1.1216398,0.7800001,0.89416414,1.2401116,1.1706142,1.0205936,0.7856673,1.2844799,1.0882713,1.2914135,1.0783012,1.0603902,1.264992,0.58584255,1.3756493,0.94634086,1.0548348,0.91813993,1.2804705,0.8180504,0.77824867,1.0488086,1.0479964,0.84476817,1.1296498,0.94997656,1.2335821,1.3540261,1.0600185,1.1172962,1.2389048,1.2936316,0.79075044,1.0266125,1.072536,1.0608112,1.0373662,1.1192315,1.0295304,0.95251065,0.20804703,0.8910014,1.0142243,0.8657452,1.0974141,0.9630079,0.95534503,1.0243994,1.1041442,0.83277524,1.3357753,0.8596184,1.3073592,0.6351117,1.161654,0.4219842,0.738958,1.0426822,1.0138747,0.9538066,0.62657845,0.91885555,1.0470331,1.2778946,1.3493414,0.93037766,0.7612085,0.5355596,1.3468426,1.2590152,0.98732346,0.94906944,0.5302757,0.3727458,1.077919,1.2295691,0.903122,1.0737369,1.1451361,1.1064014
box,0.8154509,1.2319808,1.3806543,0.83149743,1.2219791,1.3118805,1.1242185,1.0083594,0.3361957,0.6012533,1.3135426,0.6405221,0.70591927,1.2581991,0.9284079,0.37362295,0.5528004,1.2855648,0.4219979,0.0,1.3740371,0.82614934,0.79534596,1.2867262,1.0189356,1.3289126,1.0929707,0.94122505,1.1048933,1.3144214,0.8176315,0.72037697,1.1684896,1.2014813,0.7889048,1.1232718,1.3069966,0.6078656,1.2208222,1.202157,0.7620872,1.0090013,0.8708799,1.0017334,0.6037442,0.97562575,1.3014929,1.3461869,1.1951491,1.0170088,1.3996763,0.51972634,1.0862443,1.1231607,1.1669527,1.2734644,0.8186062,0.6615306,1.4354665,1.3989245,0.9652848,0.98613155,1.0225914,1.193397,1.0652277,1.4451025,0.71820486,1.0032887,0.96222913,1.0542673,1.0603763,0.73077077,1.32778,1.1925405,1.2109568,0.9483826,0.82451105,1.2371278,1.1244615,1.4186329,1.2598802,1.3747522,1.2757852,1.2107217,0.91514647,0.8352097,0.9053355,0.636354,1.0250474,1.2615199,1.2522255,1.2537501,1.3772066,1.0436326,1.1261519,0.31949604,1.0113835,0.8461529,0.90522444,0.9188872,1.234626,1.0491213,1.0936972,0.9036927,0.7579768,0.9976388,0.91781306,1.2737066,0.8816129,1.1351523,0.62321347,0.6741766,1.3606267,0.74223626,0.9400154,1.1836299,0.8912133,1.2723932,1.2192185,0.98206615,0.6628643,0.2866031,0.9247846,1.4726088,1.4142859,1.093956,1.2282488,0.65909016,0.1327542,0.9702575,1.0923822,0.7802012,1.1585563,1.3579531,0.935336
bread,1.0905,0.9080796,0.58349675,1.3267936,0.69650644,0.85138106,0.42667127,0.85643226,1.4077249,1.4583669,0.9485885,1.280751,1.31655,0.8462856,1.1860559,1.3727744,1.0946627,0.82230365,1.0528879,1.3740371,0.0,1.2883401,1.2803842,0.9993068,1.0716761,0.79666567,1.2896324,1.2629509,0.6541445,0.81533396,1.2858107,1.2334292,0.35096145,0.4507376,1.3745188,0.43301207,0.83106655,1.3141618,0.8518677,0.8236652,0.72326934,1.2382188,0.94078267,1.2379197,1.2544441,1.2301857,0.9340295,0.6950711,1.0027041,1.226401,0.84749734,1.3544234,0.66622734,0.7730659,1.0289465,0.9154904,0.88545835,1.2516505,0.8721805,0.7672211,1.2286514,0.70438236,1.2498763,0.41137946,1.076764,0.70160884,1.4021976,1.336613,0.754524,1.3197329,1.1277151,1.366706,0.9288629,0.96207577,0.5598348,0.9690664,1.0817739,0.90967685,0.36057162,0.73409104,0.80138487,0.8766282,0.9417475,0.7558536,1.2037824,1.4054077,1.4013591,1.086176,0.6642755,0.9104467,0.8828894,0.7818904,0.96767545,0.5880883,0.9483372,1.100632,0.72430116,1.1368878,1.0417169,1.352454,0.57685477,0.9309466,0.4938056,1.1735951,1.2724844,1.3762292,0.9139867,1.133714,0.92405915,1.2333332,1.2902007,1.297503,0.75411016,1.3213174,0.95801145,0.8014475,1.1937225,0.87720996,0.94560385,1.3566648,1.2168068,1.4632876,0.7825714,0.80112493,0.7362981,0.96331257,0.8235248,0.94543445,1.3514855,1.1006118,1.10456,1.2663425,1.1564193,0.85839534,1.3727264
broom,0.6743963,1.3330448,1.3262689,0.75719815,1.2103441,1.3517325,1.0972208,1.21528,0.69645476,0.6453105,1.3280411,0.88611096,0.8824818,1.2085972,0.83311725,0.7482435,1.1751907,1.2751456,1.0336362,0.82614934,1.2883401,0.0,1.0773616,1.2420648,1.1291705,1.2953678,0.8819935,1.0091807,0.8905484,1.2331309,0.80306864,0.6242547,1.1101272,1.2230388,0.85896134,1.0654118,1.3052284,0.883375,1.301781,1.0849406,1.0050062,0.74925995,1.0823663,0.79390204,0.952929,1.0163441,1.2095505,1.2628658,1.0192585,0.81827694,1.2895434,0.7881794,1.0885127,1.126352,1.1983867,1.302611,0.98529345,0.7650419,1.2537987,1.3261361,0.90889406,1.3124275,0.8470715,1.2169603,1.1044642,1.3216496,0.23234904,0.912276,1.191839,0.91294557,0.9404574,0.63219726,1.2064215,1.0970664,1.1862613,1.0478958,1.0047235,1.2942352,1.0904118,1.3072743,1.2750423,1.3452706,1.1074474,1.180589,0.8081119,0.75123686,0.8516309,1.0151739,0.9948466,1.2668464,1.2180641,1.2967055,1.2517531,1.0091759,1.0771023,0.89270175,1.1013329,1.0509247,1.159112,0.74328065,1.1246443,1.0489029,1.0371494,0.9766371,0.6909919,0.83885586,1.1132098,1.183136,0.891856,0.9698921,0.9318207,0.7822825,1.342947,0.70521384,1.0433201,1.1101465,0.8348714,1.248287,0.9680628,0.79138935,0.7474273,0.6347121,1.1668327,1.3114142,1.3432862,1.0044477,1.2392198,1.1111385,0.786076,0.8303156,1.0367489,0.94891673,0.9012607,1.3215728,0.7398576
bucket,1.2934878,1.091277,0.99488616,1.1187792,0.86585534,0.7166201,1.2541114,0.7702701,0.68056154,1.0810885,0.80140543,1.0151942,1.1279761,0.774135,1.2095923,0.91851735,0.79935175,0.5796273,0.46319824,0.79534596,1.2803842,1.0773616,0.0,0.63078785,0.8187758,1.0689758,1.2046169,0.7935081,1.400033,0.7077775,0.8283912,1.0000226,1.1961602,1.0828813,1.0322759,1.2630082,0.79175895,0.79392195,0.44420367,1.171484,0.96163124,1.305113,0.9469736,0.87391007,0.8734045,0.995998,1.2407975,0.86371994,1.1584392,1.2459066,1.162463,0.8921257,1.0470245,0.92923117,1.1600369,0.9748822,1.1059613,0.99941033,1.022949,1.0129502,0.9865668,0.9101346,1.2284261,1.2484318,1.2050513,0.8713939,1.0702463,1.1343367,0.70038074,1.2596292,0.74565494,1.0814766,0.69857115,1.1606115,1.066254,0.7278573,1.165643,0.89921457,1.1084491,0.87173074,0.81387556,1.0167422,1.2154332,0.9685576,1.0425051,1.1705196,1.1710305,0.95434356,1.1758592,0.90204847,0.9328978,0.9584111,0.9111104,1.2762504,0.9947425,0.6846018,1.059371,0.86587346,0.80886126,0.94647896,1.0382481,1.0556189,1.3070111,1.0003394,0.9296893,1.2180926,0.9891179,1.0241956,0.7581295,1.0183346,0.50909007,0.84421414,0.8485192,1.1043963,0.8748057,0.6855855,1.0288692,0.87379533,1.0629519,1.2127396,1.1317676,0.95429486,0.7669931,1.0422148,1.0457884,0.91762775,0.8596525,0.72410166,0.7850161,1.1371312,1.1755989,0.9067764,0.7272188,0.8951427,1.031498
can,1.4731319,0.9184525,0.68651116,1.4398738,0.7124987,0.6064182,1.231873,0.46918392,1.4560351,1.3682215,0.25031364,0.9923149,1.45081,0.5304134,1.2839057,1.3292853,0.799196,0.29868037,1.0054176,1.2867262,0.9993068,1.2420648,0.63078785,0.0,0.603579,0.6982715,0.9744711,0.64228374,1.4169605,0.34767216,0.92160296,1.3658439,1.0337708,1.0178792,1.0174,1.2799978,0.34860384,0.959419,0.37089705,1.0763292,1.1119772,1.354175,1.1104366,0.8130217,1.0597064,0.86175007,0.86051893,0.62919116,0.99164075,1.2507641,0.88116306,1.1951774,0.94983655,0.8293668,1.0495299,0.8800638,1.2547594,1.3387281,0.44005942,0.83378035,0.98830837,1.002595,1.231843,1.246814,1.3338556,0.37868345,1.335953,1.2616168,0.9143983,1.1875458,1.068864,1.2144835,0.2788672,1.1622406,1.0586476,0.9518722,1.4630616,0.62574244,1.0166348,0.5328121,0.42355573,0.70271146,1.1539545,0.9881945,0.944418,1.3803515,1.2979276,1.1138213,1.1766849,0.44148684,0.46622556,0.6587151,0.46256965,1.2992933,0.90147775,1.2466664,1.0587441,0.76089704,0.64031714,0.9191603,0.82784736,1.0022997,1.2639127,1.2176309,1.3471669,1.3078946,1.0827031,0.67520964,1.2286749,0.81743026,1.1423085,1.3634493,0.37782454,1.190854,1.2309434,0.95737135,1.1904969,0.78427386,0.7930534,1.3318524,1.2362368,1.4132698,0.9429542,0.635487,0.5729599,1.2436117,0.49397153,1.0083681,1.370166,1.2051021,1.0532466,1.0592839,0.43383014,0.45763016,1.1366134
car,1.3049881,1.2066287,0.7474121,1.3132579,0.72428095,0.7784498,1.1896617,0.54902774,1.2570148,1.1840856,0.50867945,1.0347391,1.2635024,0.54246384,1.2178968,1.0205123,0.72584164,0.4580502,0.9103722,1.0189356,1.0716761,1.1291705,0.8187758,0.603579,0.0,0.8337274,1.0105674,0.79128015,1.2777147,0.45416272,0.9941594,1.1994972,1.0407264,1.0167551,1.0595897,1.3261857,0.57640797,0.8675389,0.53778946,0.9151417,1.0557424,1.1579018,0.8543819,1.0054307,1.1533412,1.0587188,1.1791459,0.7470546,1.0908437,1.1691115,1.2387451,0.8028555,1.0444846,0.72769773,1.1379602,1.0659187,0.9414465,1.1478579,0.731764,0.83104074,0.93152124,0.93365175,1.1730428,1.266357,1.3754196,0.5346914,1.1945887,1.1837392,0.9070719,1.1566787,1.103876,1.1027206,0.61217445,1.1643984,1.004244,1.0000085,1.2496855,0.9890188,1.0063381,0.77327526,0.73254156,1.1291996,1.3052386,1.0494169,1.0306252,1.217174,1.2316118,1.0379403,1.0818678,0.6866869,0.74130493,0.92346716,0.714499,1.1803656,0.8118541,0.9872116,0.9876111,0.6788987,0.6609544,1.0335659,0.86904657,1.037097,1.1637939,1.1080482,1.109654,1.2424899,0.94811684,1.0716083,1.0364935,1.0386966,1.0991246,1.1400285,0.57057774,0.9459558,1.3040738,0.88823885,1.0535948,0.93557435,0.76296175,1.2808633,1.0668162,1.1830416,0.7662872,1.0789272,0.99528116,1.2853854,0.74514586,0.721009,1.0873611,1.1162481,1.1414646,0.87716234,0.71854424,0.74111223,1.0825459
carrot,1.3657781,0.59719694,0.53810817,1.2832282,0.84890896,0.69783777,0.98794585,0.9279956,1.4302192,1.3548156,0.58570105,1.1294852,1.3146187,0.6946899,1.2134842,1.3300347,0.9089634,0.6863617,1.2123439,1.3289126,0.79666567,1.2953678,1.0689758,0.6982715,0.8337274,0.0,1.1590544,0.9784197,1.0696356,0.7409286,1.2227863,1.261121,1.1291338,0.87292194,1.1428692,0.99063915,0.4430536,1.2569377,0.73385894,0.7998631,1.2577777,1.2497137,1.1105413,1.1833786,1.0833826,1.0607044,0.65827227,0.5423005,0.723578,1.1693245,0.59605193,1.2651975,1.0265613,0.9582031,0.7376448,0.7797499,1.078191,1.3238173,0.5565671,0.750337,1.0754762,0.81185055,1.1878986,0.8465741,1.0463182,0.66286665,1.3570673,1.2084005,0.9873357,1.039102,1.0814164,1.2190077,0.7417444,0.8049849,0.9890618,1.1543136,1.214932,0.72223866,1.080481,0.4803381,0.7841679,0.7702583,0.7835194,0.6160066,1.1978141,1.3219895,1.2326118,1.11001,1.0920669,0.44487405,0.48052037,0.57560664,0.6678866,1.0410545,1.010248,1.3333728,0.9259966,1.0493772,1.0180352,1.2301913,0.9643855,0.991938,1.1301943,1.1167678,1.2397178,1.2325699,1.0061606,0.91964275,1.2651054,1.038146,1.2508702,1.2976514,0.48485827,1.2104329,1.1604928,0.9381915,1.1517752,0.72041935,0.7171806,1.214497,1.257083,1.3695209,0.9847361,0.52853966,0.54168963,0.9804741,0.81206155,1.0163536,1.3745353,1.1782724,0.99509126,1.0579208,0.9819116,0.603566,1.2560784
cat,0.72331625,1.1257234,1.1693825,0.7598191,1.135758,1.09692,1.2370716,1.1354693,0.9059025,0.7268543,1.0467187,0.8658364,0.79401505,1.0537567,0.63498145,0.9869151,1.2561507,1.2267892,1.250315,1.0929707,1.2896324,0.8819935,1.2046169,0.9744711,1.0105674,1.1590544,0.0,0.9580191,0.99229,1.1308527,0.8996159,0.89295155,1.1809727,1.2767513,0.75208575,1.1939285,1.1991358,0.97156644,1.2577388,1.101567,1.1386137,0.4336928,1.1635547,0.8760166,0.9562752,0.81333876,1.0356449,1.131469,0.9181025,0.82174766,1.1208789,0.9516525,1.2083952,1.1194491,0.90141326,1.1415725,1.173632,0.93409026,0.9618883,1.1486199,0.3858217,1.3766207,0.77158284,1.2211907,1.0338458,1.0622689,0.85674775,0.64321196,1.3496394,0.6545756,1.1399797,0.8672291,1.039982,0.9604066,1.1559712,1.2759712,0.9677955,1.1002083,1.1847074,1.1605599,1.0949204,1.1196941,1.0763907,1.0147985,0.8627769,0.6807975,0.6210426,1.070697,1.112977,1.1380899,1.1555079,1.23196,0.8789025,1.1970807,1.088288,1.164216,1.2274216,1.0494108,1.0764954,0.6703195,0.9157618,1.0017698,1.0844563,1.1021975,1.1149069,0.60738075,1.2567613,0.74368006,1.2648445,0.56028277,1.0054554,0.9305645,1.1747154,0.5645729,1.2523389,1.3571702,0.9436087,1.1487641,1.023039,0.66975474,1.0485716,0.85298264,1.3150463,1.146499,1.122459,1.2716453,1.0597317,1.3451576,1.0471848,0.97566223,0.70433396,0.81498283,1.021936,1.1128304,0.658303
chair,0.9760567,1.0913118,1.1948397,1.0645512,1.1583544,1.0335447,1.3187718,0.5384996,1.1248901,0.82265306,0.86009544,0.46040446,1.0971003,0.84941524,1.0354965,0.9643804,0.86833966,0.87786126,0.96930486,0.94122505,1.2629509,1.0091807,0.7935081,0.64228374,0.79128015,0.9784197,0.9580191,0.0,1.23411,0.98602605,0.55545646,1.1365654,1.2175794,1.2387991,0.3767647,1.3425751,0.9953131,0.43752104,0.7766712,1.0078444,1.0370814,0.9288571,1.0118513,0.56775975,0.6772367,0.9350937,1.1102046,1.1455686,1.2204626,1.1816269,1.193582,0.96145844,1.1543047,1.037568,1.0234838,1.0535549,1.2361621,1.0217538,1.0175246,1.0035068,0.9803989,1.3360072,1.1067445,1.3472421,1.2197635,0.9461628,0.9322678,0.89362216,0.975809,0.8921989,1.0071841,0.5689596,0.8121381,0.9809045,1.2351472,1.0565468,1.2010922,0.9756223,1.1285307,1.1457226,0.6136089,1.0085442,1.241147,1.2248226,0.6042886,1.0047166,0.8826153,0.98664385,1.1881514,0.99026877,0.9511814,1.1659902,0.6777385,1.173453,0.8913248,1.1021038,1.1164703,0.60668844,0.7450534,0.58606744,1.09848,1.0043788,1.2416834,1.08152,1.1555799,1.0292372,1.0403584,0.7247133,0.9963637,0.8269596,0.77219284,0.9688054,0.966013,1.0591643,0.9693187,1.1640513,1.0584964,1.1258532,0.8088312,1.0091431,1.1509086,0.83033234,1.0817232,1.1133314,1.1393673,1.3185449,0.69793606,1.0642387,1.0715694,1.033149,0.8963943,0.93860257,0.3720622,0.9601238,0.81002915
