,alligator,ankle,apple,arm,ball,balloon,banana,basket,bathtub,bed,bench,bib,bird,blanket,book,bottle,bowl,box,bread,bucket,can,car,cat,chair,clock,closet,couch,cracker,crayon,crib,cup,dog,doll,door,drawer,egg,elephant,finger,fish,flower,foot,fork,frog,glass,glasses,glove,gum,hair,hamburger,hand,hat,horse,jacket,jar,jeans,knife,ladder,lamp,meat,milk,mitten,mouth,nail,napkin,necklace,orange,oven,owl,pajamas,pants,paper,pen,pencil,penguin,pillow,plant,plate,pony,purse,radio,refrigerator,rooster,scissors,shirt,shoe,shorts,sink,slide,slipper,soap,sock,soup,spoon,sweater,table,tape,toe,toothbrush,towel,toy,tray,vacuum,watch,window
alligator,0.0,1.071798,1.0541115,1.102049,1.0320648,1.0696055,0.8584947,1.0628643,1.1683755,1.2311622,1.0771619,1.0948966,0.70304805,1.196273,0.97385496,0.93751276,1.0616326,0.96282643,0.96533316,0.9835282,0.9092902,0.95640254,1.0036316,1.0380214,0.9681432,1.0598978,1.1462544,0.9963048,0.8921996,1.0757171,0.97723603,0.9469159,0.9864715,1.1097118,0.65492433,1.0292966,1.0880572,1.105546,0.94116044,0.87078226,0.98706424,0.814728,0.5474642,0.96828777,1.1076027,0.97348624,0.8801054,1.1266382,1.0896584,1.1573935,1.0852436,0.8854397,0.993362,0.98828214,1.1596721,1.0485426,1.0926815,0.7513125,1.1339778,0.9554655,1.0064324,1.0342405,1.0672542,0.8865458,0.779384,1.093301,1.132921,0.9274783,1.1394994,1.1459064,0.81409925,0.89170414,0.8396468,0.96495515,1.0587306,0.9051379,1.0825833,1.0926895,1.0984371,0.9614702,1.1166785,0.9883126,0.96291244,1.1473604,1.03424,1.1674938,1.0797683,1.1429365,0.96488243,0.9123639,0.81166506,1.0434432,0.7988588,1.270368,1.089379,0.89620066,0.99168783,1.061643,0.9553375,0.93725854,1.0337623,0.992685,1.0407199,1.0850313
ankle,1.071798,0.0,0.5702536,1.0742358,0.8817245,1.0178491,1.2309685,1.2309736,1.3718004,1.3269229,1.3093505,1.1104876,1.0793209,1.2712793,1.295822,0.9075174,1.2718447,1.2341219,0.91048133,1.2228544,0.83165216,0.9143945,1.2097338,1.2938007,0.5915612,1.1823915,1.2916973,1.0031297,0.68511605,1.3167351,0.7992824,1.2473428,0.9376762,1.1817307,1.218478,0.89963967,0.9317878,0.24094844,0.9157581,1.2736028,0.40171957,1.2461118,0.9844405,1.1195339,0.43224895,0.9376634,1.1356392,0.936391,1.1125765,0.8803126,0.62748677,1.0481516,0.8636677,0.7424731,0.7587345,0.8377537,1.1920526,1.0532418,1.106316,1.293046,1.0857221,0.4946053,0.36772084,1.1577985,0.6256344,0.70998454,1.1767349,1.0271505,1.3089395,0.9552457,1.2829307,0.8315144,0.724459,0.96917194,0.8284083,1.1729647,1.1896479,0.58181775,1.2132328,1.1825063,1.2849503,0.81362927,1.2809861,1.023137,1.2287537,0.9615079,1.2447759,1.2853808,0.24675095,0.88990295,0.7155386,1.2127478,0.89735377,1.1380424,1.3665286,0.99710846,0.35891056,0.91484773,1.2810879,1.1194379,1.4790964,0.93307734,0.77280456,1.1516222
apple,1.0541115,0.5702536,0.0,1.2434697,0.38716865,0.6237465,1.1476684,1.1809895,1.3896087,1.3636765,1.4157157,1.1449888,1.0228868,1.3041924,1.1887023,0.63343316,1.0586516,1.1314458,0.9416988,1.0489268,0.87745583,0.6542502,1.2450815,1.2255008,0.56114745,1.2760893,1.357233,1.0939766,0.47764117,1.3916323,0.52048147,1.2656155,0.80714333,1.3167676,1.2398131,0.69056726,1.0515934,0.59439325,0.8585036,1.2095294,0.67850375,1.2942655,0.83666134,1.0512936,0.6419022,0.7833135,0.8199443,1.1218567,1.1677113,0.9991832,0.7786363,0.9321408,0.9373032,0.54978454,1.0018297,1.0916414,1.2971784,0.98786277,1.0318156,1.1567184,0.9805646,0.7065588,0.28705275,1.119349,0.6794006,0.7211746,1.3581679,1.0071759,1.3558235,1.1589724,1.2816442,0.64296675,0.6022364,1.0945035,0.77654064,1.0934508,0.9442134,0.7392801,1.2473359,1.191695,1.4097048,0.82136154,0.9834077,1.2028421,1.0963753,1.1224332,1.1962553,1.2568026,0.38770604,0.77207637,0.92348003,1.2825925,0.8657374,1.243595,1.3994957,0.6490395,0.48351258,0.9511095,1.2885445,0.6440353,1.4348425,1.0370406,0.57011604,1.2869639
arm,1.102049,1.0742358,1.2434697,0.0,1.3792021,1.1605818,0.99840957,0.9878936,0.71223325,0.7609706,0.705598,0.6515393,1.055532,0.722487,0.84107316,1.4388647,1.198929,1.0499431,1.1299245,1.1695565,1.2692496,1.2278225,0.94369465,1.1097414,1.3269944,0.7500925,0.7306683,0.9580542,1.3515252,0.8276324,1.4178051,0.9349473,1.08997,0.86200297,0.9666013,1.1688519,0.98005897,0.94070834,1.0087507,1.1563021,0.8883447,1.0677655,1.2889957,0.9165809,1.2523785,1.050368,1.027573,0.8318306,0.8300005,0.5380237,1.2431468,1.2704399,0.93522847,1.3357606,0.74895906,0.7883412,0.7204529,1.3250211,0.8705196,1.134918,0.8648573,0.97211534,1.1775855,1.09731,1.2829504,1.0437698,0.8007264,1.2923641,0.6212729,0.63348275,0.9434581,1.2590617,1.1922332,0.87553966,1.0292559,1.1750493,1.1626246,1.2240505,0.78458583,1.0788467,0.81005687,1.3099433,1.1361334,0.6020069,0.88692474,0.5856144,1.0138253,0.9354249,1.1646991,1.3097574,1.157929,0.9295488,1.3318021,0.63280225,0.75824547,1.3447412,1.160291,1.0984492,0.9303936,1.3229835,0.8889231,1.0354321,1.2957857,0.81093216
ball,1.0320648,0.8817245,0.38716865,1.3792021,0.0,0.5421808,0.9953946,1.1289165,1.3772048,1.3506509,1.3736327,1.2489963,1.0570762,1.3371406,1.1504779,0.41139698,0.7699396,1.1556218,0.77036077,0.99312156,0.89445376,0.5902927,1.1829185,1.1241974,0.53607434,1.239584,1.3991586,1.1497759,0.48714584,1.3766508,0.42672205,1.1935269,0.919661,1.3278399,1.142741,0.65391344,1.0691648,0.9661185,1.0896031,1.0380505,0.9645453,1.0728871,0.6465513,1.0974122,0.72706497,0.9079712,0.90052515,1.1767162,1.0425918,1.2570091,0.735422,0.79695773,1.1893562,0.5289032,1.1780223,1.2805352,1.3673613,0.70230025,1.1661463,0.955745,1.1873482,1.038452,0.42302835,1.0644354,0.63569325,0.77683896,1.3909125,0.7747386,1.3914948,1.3457196,1.1684016,0.62378633,0.5783721,1.1634216,0.9040338,1.0098664,0.78717184,0.73711896,1.3786837,1.049499,1.4072336,0.71775496,0.7666077,1.3019141,1.2260296,1.2928742,0.989383,1.2532806,0.6533638,0.6093582,1.0123268,1.2018511,0.65656185,1.3146489,1.4165883,0.49262857,0.5922482,1.0197728,1.346426,0.4376924,1.2383621,1.0007693,0.5597507,1.2807087
balloon,1.0696055,1.0178491,0.6237465,1.1605818,0.5421808,0.0,0.9347208,1.1630918,0.9897358,1.1299323,1.1217427,0.9908524,1.1396523,1.0928372,1.0421842,1.051427,0.6395751,1.0465727,0.8249867,0.9628744,1.1186372,0.85688543,1.1061317,1.1780441,1.0971713,1.139746,1.1069826,0.75797933,1.038434,1.1115803,0.9881457,1.1017628,0.84770966,1.1988325,1.098524,0.56990695,1.1697688,0.93109405,1.044144,0.99330217,1.0220234,1.090832,1.0564704,0.68248343,1.0605205,0.90818727,0.787073,1.1022278,0.82392657,0.85471034,1.0299311,1.1105239,1.1468332,1.0088706,1.0322983,1.1612484,1.0889242,0.9784148,0.9044489,1.1006095,0.97197527,1.0009054,0.79039854,1.0835192,0.9607413,0.6262948,1.1956159,1.0165077,1.1405983,1.170433,0.96277905,1.0389129,1.0700184,0.9647986,1.1310478,1.0681528,0.8278804,1.1278913,1.1080704,0.89502966,1.1796784,1.1836467,0.8842517,1.1189425,0.96034074,1.0492837,0.69847775,1.0466058,1.0463626,0.96611047,0.9834967,0.8977841,0.8597264,1.1062286,1.0836786,0.8449495,0.9096788,1.1315418,1.0699966,0.8220486,1.0172727,1.1504583,1.0705749,1.0919846
banana,0.8584947,1.2309685,1.1476684,0.99840957,0.9953946,0.9347208,0.0,0.95877516,1.0431558,0.97857976,1.0245384,0.8932781,0.8508812,0.9510317,0.8487604,1.0486443,0.9114947,0.75006306,0.91783273,0.7959604,1.0552874,0.9938761,0.9026798,1.1296539,1.1356633,1.1731161,1.0537122,1.005549,1.1008985,1.0433179,1.1282314,0.89497346,0.91580015,1.2255206,0.96362644,0.8862617,1.1596,1.2306905,1.174564,0.77234447,1.1238449,0.81801635,0.9113822,0.81258065,1.2145082,0.9310912,0.80469394,1.0786592,0.9960786,1.038361,1.2148091,1.0756885,1.1799073,1.1539009,1.240892,0.98698044,1.1314989,0.8906588,0.9888733,0.8757469,0.98388004,1.1973062,1.2560489,0.7471508,1.0304167,0.9343939,1.1580068,1.0044581,1.0446184,1.2387506,0.8601469,1.0652974,1.0562234,0.96459496,1.1377211,0.884734,0.9347833,1.1495099,0.9668165,0.9221124,1.1015168,0.9954421,0.65842855,1.1647501,0.9406094,1.1373851,0.9931329,0.7160251,1.2688305,1.0913528,0.7460704,0.8800017,0.92229176,1.1019384,1.0049922,0.9956571,1.0945148,1.0384239,0.7285988,0.8520947,0.91193014,1.1263965,1.1326787,1.1787622
basket,1.0628643,1.2309736,1.1809895,0.9878936,1.1289165,1.1630918,0.95877516,0.0,0.98910725,0.77631396,0.8131136,0.882794,0.80352116,0.82955796,0.72128904,1.0990875,1.0273991,0.7829241,1.1670144,0.8555689,1.0028508,0.97289944,1.0208313,0.7274096,1.2289273,1.027468,0.8571279,1.0116844,0.9909299,0.7736058,1.1581547,1.0064659,0.9331227,1.0410484,0.9101954,1.119834,0.94997144,1.2518594,0.9491261,0.9768798,1.1392468,0.84419966,1.0657973,1.0580955,1.1827021,0.9709496,0.8489814,1.1865633,1.0754904,1.0848054,1.0541523,0.9668079,0.9611617,1.2005581,1.1722648,0.98745835,0.96249014,1.057886,0.95183504,0.9751636,0.838835,1.1495736,1.2796104,0.902803,1.1002228,1.217589,1.102951,0.931681,0.97053444,1.1032068,0.8557155,0.769122,0.92889714,1.1031127,0.97653687,1.006489,0.9371364,1.1671592,0.3305347,1.0413878,1.0620018,1.1499481,0.8227407,1.179814,0.83636445,0.99849,1.0259763,0.82567704,1.2081542,1.0650393,1.0511224,1.0818988,1.1486083,0.89920473,0.8576026,1.0686107,1.2579975,1.0674047,0.8222302,0.897773,0.7915803,1.0351332,1.1448752,1.0554936
bathtub,1.1683755,1.3718004,1.3896087,0.71223325,1.3772048,0.9897358,1.0431558,0.98910725,0.0,0.31721687,0.5237476,0.6025135,1.1982888,0.53102654,0.82746184,1.5315298,0.7122286,0.85018027,1.259434,0.82576096,1.2823852,1.283726,0.8829063,0.8358785,1.4807824,0.5575054,0.4007488,0.8848244,1.5265441,0.56925875,1.4857553,0.8797272,1.2897859,0.6236356,0.9353292,1.2484667,0.9896244,1.2874811,1.0775795,1.0443779,1.3856688,1.0375497,1.4912786,0.9714433,1.4589907,1.2370067,1.092773,0.8630251,0.87549603,0.98949796,1.4326733,1.2091305,1.0405276,1.448417,0.84727836,0.8052841,0.5838322,1.2571878,0.8780873,0.92191434,0.9442985,1.1537111,1.4292986,0.9482547,1.5161073,1.2511379,0.5493902,1.2253972,0.60102564,0.6949862,0.81035304,1.3901801,1.512265,0.9125772,1.3788245,1.146666,0.8240401,1.4181867,0.76703393,0.93591475,0.4924823,1.3831763,1.0768732,0.69577354,0.8487024,0.7748076,0.501479,0.55774844,1.5349834,1.3254766,1.2710547,0.7724826,1.2949014,0.61455643,0.41440856,1.1573846,1.5073408,1.0623549,0.7909181,1.3147384,0.5250226,1.2738372,1.3994594,0.7710054
bed,1.2311622,1.3269229,1.3636765,0.7609706,1.3506509,1.1299323,0.97857976,0.77631396,0.31721687,0.0,0.49354178,0.4600016,1.099931,0.38669324,0.685685,1.4876227,1.0515966,0.7556411,1.3515775,0.8984154,1.2668753,1.2414356,0.86591446,0.7745158,1.4215087,0.6750428,0.26206362,0.97765416,1.4617786,0.5041625,1.4808538,0.8634808,1.154055,0.7436709,1.0854498,1.268961,0.83597565,1.2826366,1.0279268,1.1173803,1.3872771,1.1254029,1.4407849,1.0950698,1.4550593,1.1599293,1.0560594,0.92417425,0.9711771,1.0766923,1.4246117,1.167053,0.8784189,1.4189781,0.78093374,0.7748084,0.55126995,1.3263721,0.828729,0.9916188,0.88707256,1.167842,1.3950279,0.8952776,1.5324142,1.2812475,0.6743719,1.2412612,0.6130631,0.6759379,0.90062046,1.3209382,1.4075778,1.0195594,1.3243785,1.189452,0.95083845,1.3892652,0.5623019,1.0081965,0.64121914,1.312187,1.0231953,0.6925149,0.81424594,0.79493284,0.90431976,0.4274584,1.4908416,1.3261156,1.2110472,0.97092074,1.4431169,0.49983853,0.43840766,1.2519829,1.5022998,1.0222037,0.7100087,1.1432438,0.6070438,1.207108,1.3368793,0.8671262
bench,1.0771619,1.3093505,1.4157157,0.705598,1.3736327,1.1217427,1.0245384,0.8131136,0.5237476,0.49354178,0.0,0.8040587,1.0062362,0.69334066,0.82294583,1.4358091,1.0807942,0.76726353,1.2727351,0.8313813,1.0614423,1.3013048,0.8968028,0.53882337,1.4582577,0.7679837,0.5037581,1.0116341,1.4480212,0.50819266,1.4180722,0.89014345,1.1199486,0.7070291,0.7959964,1.2174215,0.9406154,1.3002539,1.0981687,1.0831723,1.2374989,0.9647849,1.2960641,0.9902535,1.3976296,1.131945,0.9880054,0.97839713,0.9997912,0.9792238,1.3239713,1.2079147,0.92986405,1.4097171,0.91500235,0.770015,0.42106372,1.1927627,0.99138486,0.9046736,0.87398195,1.1631249,1.4408312,1.0363295,1.4197625,1.2432177,0.61469895,1.154126,0.71599984,0.78490794,0.86779636,1.3529773,1.4098539,0.94968593,1.0896534,1.107854,1.0956894,1.3535242,0.66222274,0.8413375,0.55467814,1.3221145,0.9958925,0.8176116,0.7584958,0.805376,0.8141241,0.78347266,1.4091564,1.2557878,1.1414094,0.94682646,1.365751,0.74264836,0.47710752,1.1644975,1.4511071,1.0162027,0.8476198,1.1294503,0.5486628,0.9704149,1.3622736,0.7902659
bib,1.0948966,1.1104876,1.1449888,0.6515393,1.2489963,0.9908524,0.8932781,0.882794,0.6025135,0.4600016,0.8040587,0.0,1.0089825,0.5489632,0.5871269,1.4887159,1.0971029,0.93242896,1.2418375,0.9682554,1.3327274,1.2095377,0.9457492,1.1592126,1.3470987,0.8476328,0.61594,0.9660721,1.4189177,0.8131544,1.4664161,0.9089316,0.8868192,0.97570586,1.1196158,1.1622648,0.98249435,1.0276951,0.9420329,1.1740655,1.1493411,1.1914467,1.2052758,0.963149,1.2566454,0.9828174,0.8222233,0.8382441,0.88433045,0.82272863,1.2998047,1.1927253,0.9035592,1.3858314,0.9050975,0.7770474,0.77235186,1.3452295,0.8252051,1.0563143,0.7401184,0.9670286,1.2015774,0.95287126,1.3249733,1.0886648,0.99342453,1.2975425,0.5909655,0.7979667,0.88558424,1.2558496,1.2996488,1.0371021,1.2187358,1.2315178,0.913554,1.2436074,0.70032686,1.1805215,0.9568601,1.2742538,0.9962011,0.67047495,0.7476107,0.72315884,0.9845353,0.5969465,1.2748345,1.3656176,1.1669394,1.0014502,1.3635863,0.5535011,0.6891943,1.274962,1.2784507,1.1550041,0.82158244,1.0144799,0.91288793,1.2531474,1.3078167,0.9746467
bird,0.70304805,1.0793209,1.0228868,1.055532,1.0570762,1.1396523,0.8508812,0.80352116,1.1982888,1.099931,1.0062362,1.0089825,0.0,1.1012833,0.9473128,1.0555748,1.1938299,0.90312904,1.020268,1.1200483,1.0117363,0.9890862,0.9071863,0.98736066,1.0378269,1.0720146,1.1435908,1.0916457,0.9229003,0.94632864,1.1044202,0.8621214,0.92910004,1.1165192,0.84759766,1.0087984,0.85521305,1.0324649,0.9475673,1.0295603,0.9235487,1.0234544,0.64571047,1.038076,1.0233253,0.886074,0.92365694,1.0921326,1.172454,1.0823054,1.0077488,0.96643436,0.8239931,1.0566972,1.023607,0.91382927,1.0753727,0.90643805,1.1014318,1.0329106,0.93234813,0.98557365,1.0803875,0.96049994,0.8751589,1.0837897,1.1835766,1.0458981,1.1102763,1.0062516,1.1447958,0.94032186,0.84977067,0.99843746,0.9477983,1.0039331,1.0721939,1.0487533,0.8823191,1.0324562,1.1636181,0.96548474,0.78446054,1.1470853,0.9837284,1.0200208,1.1137168,1.068553,0.97965777,1.0907273,0.95612925,1.0932567,0.886737,1.1300415,1.1247393,0.9528732,0.994772,1.0528805,0.9931113,0.92913496,1.0792398,0.9251716,1.0258956,1.07486
blanket,1.196273,1.2712793,1.3041924,0.722487,1.3371406,1.0928372,0.9510317,0.82955796,0.53102654,0.38669324,0.69334066,0.5489632,1.1012833,0.0,0.7164432,1.5139817,0.967663,1.025343,1.1790651,0.8210039,1.3363137,1.2747991,0.87612236,1.0199944,1.4177861,0.8516907,0.5236488,0.9516922,1.4477421,0.7394458,1.4954946,0.857162,1.0080918,0.98083526,1.1354846,1.2087425,0.85525423,1.2257102,0.8488546,1.1120282,1.3020056,1.0948033,1.3599693,1.1226915,1.3707922,1.0113423,0.98040026,1.0160005,0.93232363,0.9135626,1.3360221,1.1707137,0.85720336,1.353763,0.9759104,0.84828985,0.6797813,1.4092925,0.48723197,1.1024232,0.5940394,1.0863144,1.3442892,0.60760236,1.4664448,1.2084055,0.964152,1.1991199,0.4351158,0.8203109,0.8395082,1.3359959,1.4008979,0.97026116,1.0059847,1.197308,0.70268095,1.348994,0.7071357,1.0788254,0.925123,1.2833414,1.0334918,0.8177546,0.6097419,0.697587,0.9254553,0.5938074,1.4169778,1.3991096,1.1994928,0.86150527,1.4391036,0.61377233,0.5804664,1.2718005,1.3937764,1.1147217,0.4258861,1.1454148,0.5549797,1.2920772,1.2948738,0.95247597
book,0.97385496,1.295822,1.1887023,0.84107316,1.1504779,1.0421842,0.8487604,0.72128904,0.82746184,0.685685,0.82294583,0.5871269,0.9473128,0.7164432,0.0,1.2840618,1.0379196,0.6241399,1.1471674,0.8861965,1.2980335,1.10806,0.8537046,1.0907471,1.2964613,0.93295443,0.8157947,0.9974303,1.2450612,0.8599798,1.3154372,0.809157,0.85128087,1.0093315,1.0214674,1.1342952,1.0555414,1.2538164,0.97106224,0.9803954,1.3293364,0.8800225,1.001102,1.0796474,1.2731147,1.111799,0.64457315,1.011295,0.9465469,0.8990354,1.2304833,1.0265433,1.0698411,1.261296,1.1172086,1.0573716,0.9192507,1.2296944,0.8951966,0.8623566,0.8257704,1.1033703,1.3075833,1.0512786,1.3298385,1.1995262,1.0563562,1.145678,0.71611613,1.0910344,0.5600816,1.19102,1.2047842,1.0443407,1.2838168,1.0929657,0.99325013,1.2373465,0.84512746,0.9641958,0.9708121,1.1820583,0.7552271,0.93175673,0.7656051,1.0643748,1.0308262,0.7509604,1.3928404,1.1953355,1.1241184,0.8627323,1.2728759,0.68808675,0.64384913,1.129633,1.3828933,1.154881,0.94650906,0.80955225,0.75811857,1.374022,1.2372653,0.93160415
bottle,0.93751276,0.9075174,0.63343316,1.4388647,0.41139698,1.051427,1.0486443,1.0990875,1.5315298,1.4876227,1.4358091,1.4887159,1.0555748,1.5139817,1.2840618,0.0,0.8555674,1.1056974,0.8564987,0.94108975,0.51688284,0.5351813,1.2440197,0.86914885,0.3242427,1.2295375,1.480565,1.2181035,0.2646339,1.3789148,0.120391905,1.2561212,1.065213,1.2362273,1.0237873,0.87243307,1.0780896,1.083498,1.0413678,0.9025979,0.9501843,0.92053545,0.57767045,1.0859607,0.7214724,0.88043815,1.0517514,1.2696252,1.1524386,1.3870351,0.6611612,0.68934,1.1831095,0.2601068,1.2686357,1.3149345,1.456239,0.51601934,1.2740391,0.8434226,1.3119304,1.2054232,0.61985457,1.0737282,0.49511564,0.9834338,1.2799505,0.56106937,1.4521043,1.3716404,1.2269597,0.41675174,0.3878969,1.1097798,0.71439886,0.8206598,0.8753207,0.5776687,1.3668087,0.95057726,1.3191869,0.6100808,0.8968751,1.3852623,1.3263571,1.3709946,1.1345357,1.292685,0.5859687,0.38226002,0.8737852,1.2380197,0.5546151,1.4765787,1.5274415,0.6069656,0.6503275,0.81375545,1.3304272,0.6149285,1.2833198,0.7258504,0.36286092,1.2560773
bowl,1.0616326,1.2718447,1.0586516,1.198929,0.7699396,0.6395751,0.9114947,1.0273991,0.7122286,1.0515966,1.0807942,1.0971029,1.1938299,0.967663,1.0379196,0.8555674,0.0,1.0999601,0.6144732,0.6836236,1.0496682,0.9226288,1.0807831,1.0322169,1.0329951,1.1353568,1.1291239,0.9611144,1.0314385,1.081268,0.82322866,1.0701079,1.1372458,1.1927748,0.9834944,0.9245574,1.1486006,1.309402,1.175721,0.87159884,1.2514987,0.74270326,1.047044,0.78070676,1.1925019,1.026062,0.99485433,1.1739299,0.6633549,1.135971,1.090216,0.89150465,1.3322285,0.89834607,1.2529248,1.1934942,1.1712745,0.88494265,0.87806696,0.8388985,1.1185366,1.2840984,1.1189389,0.7825953,1.0489001,1.0333595,1.1210812,0.82527983,1.1363117,1.3220179,0.7853381,1.0341614,1.1363084,1.0076975,1.1375995,1.0205199,0.3392439,1.1216999,1.2199355,0.8356235,1.0890813,1.0877212,0.7780918,1.2522547,1.155096,1.200569,0.28826082,0.8809771,1.242889,0.78756523,1.1256208,0.61001885,0.7215314,1.1897987,0.9839676,0.70789987,1.1074196,1.0724758,0.9175033,0.9366078,0.6544125,1.2627711,0.97207415,1.1177325
box,0.96282643,1.2341219,1.1314458,1.0499431,1.1556218,1.0465727,0.75006306,0.7829241,0.85018027,0.7556411,0.76726353,0.93242896,0.90312904,1.025343,0.6241399,1.1056974,1.0999601,0.0,1.1895645,0.7799883,0.9580396,1.0937966,0.9715218,0.87410194,1.1983006,0.977035,0.78595054,0.9926397,1.1817727,0.75852245,1.1507717,0.9698365,0.9354754,0.9350767,0.91793245,1.1006858,1.1402572,1.2278317,1.1503136,0.8448912,1.1987786,1.0017824,1.1496837,0.97090423,1.2224543,0.97619486,0.81015146,1.0593903,1.0726299,1.0452908,1.2059103,1.0720164,1.0079128,1.183797,1.0730975,1.0448228,0.85872704,1.1010834,1.0478345,0.8209883,0.9866984,1.1035069,1.263256,1.0796678,1.2448753,1.1760415,0.89939433,1.1451073,1.0028104,1.0648806,0.8950169,1.1348562,1.119883,1.0629988,1.233443,0.8844723,1.1712835,1.1521142,0.8188828,0.70848876,0.85012275,1.1266491,0.93721247,1.0756607,0.8964764,1.0694468,1.1027272,0.5960872,1.2509627,0.97661966,0.9449309,1.0053556,1.1867303,0.96534634,0.7326957,1.0781869,1.2860909,1.05062,0.9351856,0.9147335,0.8239917,1.107836,1.1506195,0.9487765
bread,0.96533316,0.91048133,0.9416988,1.1299245,0.77036077,0.8249867,0.91783273,1.1670144,1.259434,1.3515775,1.2727351,1.2418375,1.020268,1.1790651,1.1471674,0.8564987,0.6144732,1.1895645,0.0,1.0914882,1.065375,0.94925964,1.0933039,1.301701,0.87759775,1.2913213,1.3678632,0.88627905,0.95811826,1.3010545,0.845061,1.0705441,0.97819674,1.2665627,1.0389746,0.8488441,1.1378261,0.92732537,1.1710672,0.9932575,0.87820345,0.8646995,0.7579937,0.83210075,0.88289064,0.9144773,1.0073869,1.0546011,0.56664026,0.9353533,0.8881477,0.87503004,1.1722887,0.84819436,1.1170436,1.1235509,1.2813762,0.97053045,0.8289702,1.0266198,1.0178607,1.0444305,0.85515314,0.8626044,0.83285046,0.83394104,1.2051095,0.8558142,1.2312531,1.2554548,0.9913538,1.0324687,0.9499332,1.0474812,0.9771237,1.0168952,0.8106568,0.90995,1.3564798,1.0509917,1.2069336,0.9473479,0.8940548,1.2057514,1.1993859,1.1818024,0.9315256,1.1820451,0.9122278,0.83306116,1.0000079,0.53014797,0.579787,1.2500246,1.2405503,0.8876585,0.7451815,0.9791514,1.0603042,0.9767481,1.0106308,1.0901337,0.9161188,1.1855499
bucket,0.9835282,1.2228544,1.0489268,1.1695565,0.99312156,0.9628744,0.7959604,0.8555689,0.82576096,0.8984154,0.8313813,0.9682554,1.1200483,0.8210039,0.8861965,0.94108975,0.6836236,0.7799883,1.0914882,0.0,0.6609783,0.9891401,1.0553309,0.80401766,1.1164436,1.187411,0.9979213,1.0861105,1.0924563,0.96259165,0.9461091,1.050915,0.9360595,1.2338355,0.88992965,0.98987865,1.175594,1.3447461,1.041218,0.7556351,1.2271415,0.8678778,0.9999876,1.032524,1.2422938,0.79876304,0.7250409,1.3114929,1.1521238,1.23992,1.1268053,0.8703606,1.0662818,0.97110695,1.2861422,1.1032256,1.0955306,0.965244,0.95764863,0.756996,0.7902132,1.1899455,1.2350786,0.7091451,1.1032987,1.1297102,1.1793075,0.8331984,0.9424437,1.3329116,0.898063,1.0707698,1.1461959,1.0990692,0.94001585,0.86447644,0.7448219,1.182994,0.9520908,0.659334,1.1602205,1.0321447,0.95255256,1.2508156,0.7024837,1.2151403,0.9103389,0.7488998,1.1964844,0.9456498,1.0017983,0.9766531,1.0982431,1.2003688,0.8937373,0.6194322,1.2022899,1.0153702,0.7362756,0.7343198,0.7486632,1.1427772,1.0217505,1.217005
can,0.9092902,0.83165216,0.87745583,1.2692496,0.89445376,1.1186372,1.0552874,1.0028508,1.2823852,1.2668753,1.0614423,1.3327274,1.0117363,1.3363137,1.2980335,0.51688284,1.0496682,0.9580396,1.065375,0.6609783,0.0,0.81569576,1.2890415,0.541911,0.6680784,1.0692271,1.1476091,1.1287832,0.6039139,1.0647261,0.5391268,1.3123535,1.0427289,0.914811,0.9573239,0.9847155,1.0486599,0.98796844,0.8946609,0.95636505,0.75709903,0.94661355,0.87495685,1.1337199,0.92677873,0.9942489,1.1428102,1.2920319,1.3080724,1.3478627,0.9061921,0.81897974,0.87678313,0.60102576,0.9550565,1.0342993,1.1313522,0.6820189,1.2292042,1.0540047,1.15243,1.102778,0.88057935,1.0938869,0.648002,0.9956797,0.94819707,0.7834184,1.2569867,1.0040776,1.2774023,0.6617795,0.62016964,1.0655278,0.643748,0.81951034,1.0606588,0.85733765,1.0060542,0.97285706,1.0473638,0.9432126,1.2315933,1.2788584,1.1496851,1.0528171,1.099507,1.1619247,0.61162657,0.6296308,0.66284156,1.2562468,0.777974,1.3806295,1.2119098,0.82176,0.79303515,0.9623897,1.1086556,0.9576535,1.2324193,0.5389809,0.7259287,1.0407379
car,0.95640254,0.9143945,0.6542502,1.2278225,0.5902927,0.85688543,0.9938761,0.97289944,1.283726,1.2414356,1.3013048,1.2095377,0.9890862,1.2747991,1.10806,0.5351813,0.9226288,1.0937966,0.94925964,0.9891401,0.81569576,0.0,1.21635,0.90733504,0.6623431,1.2472711,1.2592659,1.1187772,0.5372901,1.1724563,0.53496504,1.227056,1.0678513,1.1892505,1.018413,0.8991696,1.0657238,1.0398843,0.79290545,0.96607506,0.917502,1.0470102,0.7327958,1.025457,0.92075694,0.7967576,0.759346,1.2050897,1.1344935,1.2132064,0.8506702,0.74550784,1.0848417,0.5202668,1.090106,1.2960145,1.2789785,0.9036906,1.162897,0.9379962,1.115965,1.1625826,0.7699671,1.0682644,0.8045496,0.937562,1.1736034,0.7957312,1.2930331,1.1538069,1.171885,0.59276676,0.68085957,1.05544,0.7619909,0.86913115,0.9273666,0.871107,1.065391,1.0806154,1.2064438,0.9275666,0.942298,1.1925052,1.155345,1.1516955,1.0933805,1.2548922,0.7368931,0.6536014,0.80093837,1.2109082,0.89511925,1.2465363,1.3303087,0.71407974,0.8612094,0.98900896,1.1266053,0.6883906,1.2190979,0.96282464,0.6976279,1.0689142
cat,1.0036316,1.2097338,1.2450815,0.94369465,1.1829185,1.1061317,0.9026798,1.0208313,0.8829063,0.86591446,0.8968028,0.9457492,0.9071863,0.87612236,0.8537046,1.2440197,1.0807831,0.9715218,1.0933039,1.0553309,1.2890415,1.21635,0.0,1.054781,1.1989332,0.9731499,0.86959434,1.0272046,1.3178568,0.67670023,1.245256,0.037199736,0.9054712,0.9540445,1.0176361,1.152582,0.97579294,1.2232649,1.0282806,0.9357284,1.260613,1.1112427,1.0493038,0.98589605,1.1118575,1.0825193,0.989609,0.80366874,0.92707527,1.0445092,1.1325415,1.0705993,0.9710532,1.1891346,1.0504047,1.0473063,0.8201068,1.1380037,0.99418044,1.0229288,1.0264671,1.0229727,1.2880652,1.0820787,1.1597736,1.2127573,0.925007,1.1624575,0.86553496,0.9760952,0.9105305,1.2351651,1.2504296,0.9567937,1.2947006,0.97223306,1.0976008,1.0719221,0.99735785,0.98731565,0.8692692,0.61859727,1.0254879,0.85279846,0.91853184,1.0330195,0.9993179,0.9333993,1.337821,1.2421802,1.226173,0.90290874,1.2181464,0.8726232,0.67618626,1.1731875,1.1915758,1.1115137,0.98276377,1.0458887,0.9397852,1.141423,1.1818677,0.9271308
chair,1.0380214,1.2938007,1.2255008,1.1097414,1.1241974,1.1780441,1.1296539,0.7274096,0.8358785,0.7745158,0.53882337,1.1592126,0.98736066,1.0199944,1.0907471,0.86914885,1.0322169,0.87410194,1.301701,0.80401766,0.541911,0.90733504,1.054781,0.0,1.1195807,0.8281181,0.62858677,1.1795714,1.0681739,0.5351142,0.8741726,1.0572996,1.185387,0.6171976,0.85754013,1.1267307,0.9400271,1.3754393,0.9775126,0.96262974,1.1533567,0.94422716,1.0903826,1.0558176,1.1947179,1.049329,1.187011,1.1810646,1.2346328,1.286986,1.0002732,0.79137665,0.9470471,0.990105,0.9704066,1.0629027,0.7062136,0.91332024,1.153074,0.8724852,1.1780417,1.3351322,1.3083062,1.0296222,1.0291817,1.2227875,0.6195313,1.0068978,1.0333202,0.8658005,1.1107217,0.99865866,1.0730575,1.032315,0.8025484,0.8405373,1.0644661,1.0860949,0.6635794,0.90249944,0.6186297,1.0888383,1.0884613,1.0419085,1.0742162,0.92432725,0.9562636,0.9706328,1.1814063,0.8468015,0.93862975,1.227346,1.1453487,1.0608021,0.80248415,0.9741677,1.2747813,0.93104607,0.94809526,1.0285308,0.83120954,0.53047836,1.0277783,0.7038024
clock,0.9681432,0.5915612,0.56114745,1.3269944,0.53607434,1.0971713,1.1356633,1.2289273,1.4807824,1.4215087,1.4582577,1.3470987,1.0378269,1.4177861,1.2964613,0.3242427,1.0329951,1.1983006,0.87759775,1.1164436,0.6680784,0.6623431,1.1989332,1.1195807,0.0,1.2489727,1.4079909,1.1638553,0.31766886,1.4110959,0.2671771,1.2263297,0.8999138,1.1944829,1.1362184,0.9264092,0.9526235,0.70622736,0.9859479,1.062315,0.78645784,1.1417923,0.6273116,1.2820092,0.5496677,0.9987657,1.1277165,1.0637758,1.1995924,1.2577345,0.67282015,0.82607746,1.0276278,0.3264255,1.0411278,1.1742586,1.3228805,0.6943362,1.2335914,1.0540743,1.3074744,0.91220534,0.39364564,1.0991653,0.5670388,0.8881979,1.2803245,0.73453206,1.4363922,1.2018703,1.3093303,0.5920305,0.53825116,1.210009,0.7618439,0.97464335,0.8897783,0.4825915,1.4447865,1.090087,1.3212515,0.5397823,1.1306738,1.2213724,1.3560818,1.2790499,1.1853132,1.3489033,0.3390444,0.6745367,0.89320505,1.235558,0.6605891,1.3081619,1.4915888,0.7233951,0.4584251,0.927567,1.3610198,0.76137775,1.4493322,0.8808651,0.22219133,1.1870295
closet,1.0598978,1.1823915,1.2760893,0.7500925,1.239584,1.139746,1.1731161,1.027468,0.5575054,0.6750428,0.7679837,0.8476328,1.0720146,0.8516907,0.93295443,1.2295375,1.1353568,0.977035,1.2913213,1.187411,1.0692271,1.2472711,0.9731499,0.8281181,1.2489727,0.0,0.6388587,1.0083781,1.2006562,0.6874884,1.279352,0.9909657,1.2778459,0.35142565,0.8365098,1.2392478,0.9460937,1.1133744,1.0657456,1.0954318,1.2169962,0.99576473,1.2673928,1.0764015,1.1860988,1.2881305,1.2885033,0.897645,1.0118084,0.967495,1.1481586,1.1844381,1.008236,1.2738928,0.7812178,0.8064386,0.69909805,1.0131857,1.0435835,0.98011065,1.0687283,1.1032643,1.1936406,1.2424202,1.20837,1.1980367,0.4316777,1.179138,0.7687769,0.6301246,1.0016773,1.1051402,1.1272793,0.96560645,1.2241536,1.0795653,1.1945912,1.1473222,0.8292032,1.062103,0.4392364,1.2135032,1.0791545,0.74650526,1.0178514,0.75036645,0.88038766,0.88276076,1.2351942,1.1723585,1.1073754,1.0470774,1.1242411,0.788184,0.71423686,1.2164192,1.2729396,1.0160135,1.114889,1.2850623,0.87260085,0.90555024,1.198406,0.61521286
couch,1.1462544,1.2916973,1.357233,0.7306683,1.3991586,1.1069826,1.0537122,0.8571279,0.4007488,0.26206362,0.5037581,0.61594,1.1435908,0.5236488,0.8157947,1.480565,1.1291239,0.78595054,1.3678632,0.9979213,1.1476091,1.2592659,0.86959434,0.62858677,1.4079909,0.6388587,0.0,0.9651375,1.4781737,0.52264154,1.4436855,0.87602055,1.1344835,0.6210673,1.0360503,1.2532145,0.9443584,1.2013769,0.982048,1.1074198,1.2235426,1.2095913,1.4585631,1.029461,1.3953637,1.1798651,1.125133,0.8881659,1.044285,0.9898354,1.3309925,1.2289486,0.8276187,1.393481,0.69308156,0.85082173,0.44107926,1.3343778,0.8471595,1.0925274,0.894996,1.1649117,1.3622112,0.94893706,1.469905,1.1849747,0.55284405,1.3199574,0.59572417,0.5441712,0.9276162,1.3448805,1.4055431,1.0423298,1.14319,1.1176597,1.0761791,1.3420132,0.5945233,1.0458814,0.5699247,1.3102849,1.1726799,0.61970556,0.79291165,0.6083657,0.91056937,0.59939134,1.397624,1.2879653,1.1656927,1.0269969,1.4850955,0.49510926,0.36167657,1.3666266,1.4147844,1.1245714,0.6903833,1.2426512,0.7030511,1.074683,1.323115,0.7236606
cracker,0.9963048,1.0031297,1.0939766,0.9580542,1.1497759,0.75797933,1.005549,1.0116844,0.8848244,0.97765416,1.0116341,0.9660721,1.0916457,0.9516922,0.9974303,1.2181035,0.9611144,0.9926397,0.88627905,1.0861105,1.1287832,1.1187772,1.0272046,1.1795714,1.1638553,1.0083781,0.9651375,0.0,1.2207389,1.0590259,1.2204509,1.0417373,0.9978363,0.98453075,1.0214604,0.88038427,1.0208951,0.87354547,1.0496691,1.0139972,0.96974313,1.0367098,1.1788285,0.90567887,1.0970826,0.90905553,0.90869117,1.002303,0.87370586,0.72441864,1.1249068,1.1725552,1.0110587,1.1395901,1.044853,0.94546837,0.9036095,1.1361992,0.8685819,1.1350783,0.9800041,0.97450966,1.0485715,0.95459634,1.1115661,0.81969154,1.045149,0.93889093,1.0909047,1.0377346,0.73549575,1.2079642,1.1935581,0.85625374,1.0648112,1.0689064,0.97931886,1.1728781,1.0184712,1.0184478,1.0398488,1.2689242,1.1211747,1.0106398,0.9649343,1.0176337,0.8155394,0.95947164,1.111895,1.1212219,0.9980308,0.74623394,0.912349,0.9650576,0.87311876,1.1145796,0.932712,0.9876226,0.9072565,1.2707996,0.98178,1.1887718,1.1488254,1.0061277
crayon,0.8921996,0.68511605,0.47764117,1.3515252,0.48714584,1.038434,1.1008985,0.9909299,1.5265441,1.4617786,1.4480212,1.4189177,0.9229003,1.4477421,1.2450612,0.2646339,1.0314385,1.1817727,0.95811826,1.0924563,0.6039139,0.5372901,1.3178568,1.0681739,0.31766886,1.2006562,1.4781737,1.2207389,0.0,1.4080288,0.27275896,1.3228862,1.0787004,1.252826,1.0463082,0.87102556,0.99470544,0.8200004,0.8856309,1.0175589,0.7558035,0.95376205,0.5945154,1.2512968,0.67610794,0.9877668,0.9897775,1.2554622,1.2613039,1.258956,0.75811225,0.7800015,1.0981933,0.40581524,1.1672008,1.1309583,1.4029987,0.5607668,1.2769957,1.0646414,1.2183292,0.96696395,0.46071047,1.1354628,0.4712332,0.91242296,1.3342786,0.6593921,1.4531373,1.2607939,1.216773,0.16852224,0.19384843,1.1257074,0.73951745,0.9358888,0.9334624,0.677902,1.2382162,1.1082581,1.3849224,0.77155936,0.87505066,1.355906,1.2805316,1.2859223,1.1732996,1.3773552,0.36273688,0.5901339,0.7917571,1.3019805,0.5778054,1.3746783,1.5083086,0.6405032,0.5589613,0.9172522,1.3410101,0.7025122,1.3305591,0.8550234,0.330989,1.274828
crib,1.0757171,1.3167351,1.3916323,0.8276324,1.3766508,1.1115803,1.0433179,0.7736058,0.56925875,0.5041625,0.50819266,0.8131544,0.94632864,0.7394458,0.8599798,1.3789148,1.081268,0.75852245,1.3010545,0.96259165,1.0647261,1.1724563,0.67670023,0.5351142,1.4110959,0.6874884,0.52264154,1.0590259,1.4080288,0.0,1.3769853,0.6639472,1.0834016,0.62705654,0.861724,1.20739,0.99600303,1.3033273,0.99774337,0.93782526,1.354485,1.0137609,1.228714,0.89163375,1.3569803,1.1759373,1.1024897,0.97243327,1.0212473,1.0174048,1.2510446,1.0766736,0.89980906,1.3449372,0.9345535,1.0328832,0.56345683,1.2057904,0.93049794,1.0006138,0.98059994,1.1852196,1.45838,1.1001842,1.3847244,1.2747343,0.57457924,1.2308856,0.77712727,0.8467181,0.989272,1.2411356,1.327702,0.98015875,1.2599219,0.89447165,1.1272159,1.2782664,0.65449274,0.89311177,0.52827567,1.1709869,1.0555733,0.84482217,0.90105295,0.8668041,0.98703665,0.76649785,1.4697683,1.2572107,1.1834984,0.961158,1.3627722,0.7455018,0.51866245,1.2823288,1.4837191,1.1333674,0.8548034,1.154676,0.6336681,0.9060966,1.3428607,0.65723854
cup,0.97723603,0.7992824,0.52048147,1.4178051,0.42672205,0.9881457,1.1282314,1.1581547,1.4857553,1.4808538,1.4180722,1.4664161,1.1044202,1.4954946,1.3154372,0.120391905,0.82322866,1.1507717,0.845061,0.9461091,0.5391268,0.53496504,1.245256,0.8741726,0.2671771,1.279352,1.4436855,1.2204509,0.27275896,1.3769853,0.0,1.2695031,1.0472754,1.2004187,1.0901903,0.9076016,1.0523207,0.96124834,0.97283894,0.98940486,0.8795381,1.004772,0.6810299,1.1270182,0.6854601,0.9235249,1.0700412,1.2248867,1.1192356,1.3190835,0.68931687,0.7044045,1.1501969,0.25862932,1.1764456,1.2996075,1.4239066,0.6871357,1.2370762,0.93893486,1.3051896,1.0873301,0.5267493,1.0980242,0.55090946,0.9717084,1.2290175,0.6971718,1.4641174,1.2954638,1.245543,0.5057205,0.47038078,1.129752,0.705268,0.8807373,0.85331315,0.58818084,1.3833421,0.98452014,1.278459,0.6671566,0.97780484,1.3232023,1.3570375,1.3219279,1.0845525,1.3113997,0.484002,0.3989331,0.8589068,1.2069209,0.65360916,1.4129114,1.4781053,0.5964757,0.596246,0.89659667,1.3256462,0.6793307,1.3294616,0.8011574,0.2782749,1.2060966
dog,0.9469159,1.2473428,1.2656155,0.9349473,1.1935269,1.1017628,0.89497346,1.0064659,0.8797272,0.8634808,0.89014345,0.9089316,0.8621214,0.857162,0.809157,1.2561212,1.0701079,0.9698365,1.0705441,1.050915,1.3123535,1.227056,0.037199736,1.0572996,1.2263297,0.9909657,0.87602055,1.0417373,1.3228862,0.6639472,1.2695031,0.0,0.89840084,0.98236734,1.0079172,1.1352997,0.99296194,1.2585411,1.0200957,0.9098617,1.2839277,1.0907747,0.949905,0.9792089,1.1370722,1.0918541,0.9735697,0.8362741,0.92685753,1.038092,1.1397227,1.0013156,0.96960217,1.2123015,1.0850693,1.0575935,0.8214794,1.1222684,0.99102145,1.0012907,1.0364811,1.0476176,1.3214436,1.0440632,1.1447165,1.2141414,0.97722435,1.1713586,0.85756457,1.01643,0.85875565,1.2404968,1.2528933,0.9675575,1.2968363,0.9565717,1.0702873,1.085897,0.99744874,0.98435897,0.89936197,0.63770765,1.007551,0.87966317,0.918534,1.0397613,0.9998862,0.9322189,1.3772483,1.2532078,1.2365685,0.8917718,1.1986302,0.8816727,0.6767174,1.1553401,1.2161961,1.1167417,0.9542742,1.0317687,0.9022471,1.1429297,1.1885729,0.94459945
doll,0.9864715,0.9376762,0.80714333,1.08997,0.919661,0.84770966,0.91580015,0.9331227,1.2897859,1.154055,1.1199486,0.8868192,0.92910004,1.0080918,0.85128087,1.065213,1.1372458,0.9354754,0.97819674,0.9360595,1.0427289,1.0678513,0.9054712,1.185387,0.8999138,1.2778459,1.1344835,0.9978363,1.0787004,1.0834016,1.0472754,0.89840084,0.0,1.2157131,1.1015462,0.80271304,1.1423317,0.87870896,0.93200815,1.0427748,0.96699923,1.1609312,0.86419547,0.95733356,0.84467506,0.8682407,0.70671254,0.9661608,1.1031077,0.8329537,0.87108886,1.0175612,0.972309,0.9999458,1.1012559,1.1159985,1.0774336,1.0946915,0.9867722,1.118895,0.92190146,0.8998293,0.9217818,0.9640733,0.9808622,0.8337106,1.254811,1.139253,0.97860605,1.1528426,1.066114,1.0517906,0.9953531,1.0781306,1.0065066,1.0419401,0.9763254,0.8718692,0.9951931,1.019198,1.234557,0.70382583,0.96409035,1.0798504,0.87334895,1.0821934,1.2168562,1.0670775,0.94859385,1.0511214,1.069905,1.0685146,1.0252844,0.9520741,0.9947473,0.96609944,0.8691367,1.0492914,0.99528736,0.4999014,1.1830562,1.0694724,0.9662567,1.0744877
door,1.1097118,1.1817307,1.3167676,0.86200297,1.3278399,1.1988325,1.2255206,1.0410484,0.6236356,0.7436709,0.7070291,0.97570586,1.1165192,0.98083526,1.0093315,1.2362273,1.1927748,0.9350767,1.2665627,1.2338355,0.914811,1.1892505,0.9540445,0.6171976,1.1944829,0.35142565,0.6210673,0.98453075,1.252826,0.62705654,1.2004187,0.98236734,1.2157131,0.0,0.8261539,1.2588985,0.79791,1.1260829,0.99123454,1.0971378,1.1578354,1.0793159,1.292464,1.0510454,1.1673064,1.3588043,1.3104488,0.8459719,1.022453,1.0111381,1.1655785,1.1675689,0.92482424,1.2492837,0.75054437,0.8473724,0.61422557,1.0116986,1.0809958,0.93917567,1.1278758,1.0955799,1.2924851,1.2533078,1.248047,1.2341204,0.2161274,1.2162799,0.83079237,0.55740845,1.0594096,1.1818105,1.2177266,0.96890897,1.1028934,0.9763378,1.2190729,1.1640332,0.8383767,1.0846958,0.2186045,1.1889573,1.1825901,0.74276644,1.0731317,0.75945497,0.8509908,0.98846346,1.2358499,1.122644,1.0914769,1.0454996,1.1749094,0.74006855,0.6928195,1.2696277,1.3043842,1.0133606,1.0857116,1.3392646,0.96664953,0.7493074,1.197314,0.28988838
drawer,0.65492433,1.218478,1.2398131,0.9666013,1.142741,1.098524,0.96362644,0.9101954,0.9353292,1.0854498,0.7959964,1.1196158,0.84759766,1.1354846,1.0214674,1.0237873,0.9834944,0.91793245,1.0389746,0.88992965,0.9573239,1.018413,1.0176361,0.85754013,1.1362184,0.8365098,1.0360503,1.0214604,1.0463082,0.861724,1.0901903,1.0079172,1.1015462,0.8261539,0.0,1.1096514,1.1156425,1.1762589,1.0253487,0.8949879,1.0989264,0.8747618,0.8328457,0.9629186,1.1334348,1.0591769,1.009469,1.135075,1.0843796,1.0085427,1.009027,1.0478791,1.1456221,1.057468,1.176899,1.0460663,0.9481779,0.7138185,1.1433331,0.712681,1.0336578,1.1453419,1.1956904,0.99262595,0.87620765,1.1315871,0.83185995,0.8297155,1.1052482,1.1690948,0.9598572,0.9520555,0.99258465,1.0187323,1.0061238,0.87406075,0.9953777,1.1525421,0.9403493,0.8766993,0.7696137,1.1124438,0.9897522,1.1517652,0.97252166,1.1018925,0.8982234,1.0785522,1.1326522,1.0796772,0.9523599,1.0611554,0.9122329,1.1826334,1.000103,0.9199642,1.1552607,1.0511119,0.99465996,1.0262291,0.79954475,0.9440853,1.1018432,0.8332905
egg,1.0292966,0.89963967,0.69056726,1.1688519,0.65391344,0.56990695,0.8862617,1.119834,1.2484667,1.268961,1.2174215,1.1622648,1.0087984,1.2087425,1.1342952,0.87243307,0.9245574,1.1006858,0.8488441,0.98987865,0.9847155,0.8991696,1.152582,1.1267307,0.9264092,1.2392478,1.2532145,0.88038427,0.87102556,1.20739,0.9076016,1.1352997,0.80271304,1.2588985,1.1096514,0.0,1.151447,0.7645848,1.1401327,0.93611395,0.7970512,1.0366446,0.8387133,0.8682536,0.8780353,0.8749937,0.8286023,1.1570318,1.1394019,0.91299117,0.80593723,0.8546481,1.2094891,0.94991213,1.0936034,1.2068391,1.2520559,0.92345136,1.0739747,0.9560228,1.0944185,0.9695744,0.67942953,0.8928424,0.77416956,0.17670494,1.2933762,0.86250794,1.1580275,1.2288071,0.950215,0.9207521,0.9381909,1.1314173,0.9260607,1.0049112,0.9726956,0.9414554,1.2729386,0.90589446,1.3006341,0.9430492,0.94650024,1.2005126,1.0206876,1.1371566,1.0659257,1.156865,0.8697244,0.8989029,0.8921936,1.0854373,0.90092576,1.1874871,1.2347398,0.8204816,0.66003907,1.03543,1.011492,0.7894273,1.1324911,1.0218053,0.86149436,1.2182717
elephant,1.0880572,0.9317878,1.0515934,0.98005897,1.0691648,1.1697688,1.1596,0.94997144,0.9896244,0.83597565,0.9406154,0.98249435,0.85521305,0.85525423,1.0555414,1.0780896,1.1486006,1.1402572,1.1378261,1.175594,1.0486599,1.0657238,0.97579294,0.9400271,0.9526235,0.9460937,0.9443584,1.0208951,0.99470544,0.99600303,1.0523207,0.99296194,1.1423317,0.79791,1.1156425,1.151447,0.0,1.0352076,0.83435863,1.183839,1.0349582,1.0369925,1.0184321,1.2075286,0.99361014,0.9949969,1.2958882,0.9752062,1.0065769,1.1304716,1.0531409,1.0247412,0.8812919,1.0770895,0.8447715,0.61839646,0.89741516,1.042627,1.0221469,1.073171,1.028354,0.955733,1.047471,1.017957,1.057599,1.1807926,0.9509126,0.90223724,0.9840489,0.83858764,1.081235,1.0406139,1.0618243,0.89275163,0.91533923,1.1480815,1.0556113,1.0358803,0.95631754,1.060386,0.95660555,1.0292089,1.049283,0.9431134,1.0741506,0.99579453,1.0210823,1.0797368,0.9524023,1.079688,1.077694,1.1188468,1.1098278,0.9059427,1.0356591,1.0404943,1.0740106,0.9046014,1.0398817,1.1483083,1.0525666,0.9514081,0.95375377,0.90560174
