,alligator,apple,arm,ball,balloon,banana,basket,bathtub,bear,bed,belt,bench,bib,bird,blanket,boat,book,bottle,bowl,box,bread,bucket,butterfly,can,car,carrot,cat,chair,chips,clock,cookie,couch,cracker,crayon,crib,cup,dog,doll,door,drawer,dress,egg,face,finger,firetruck,fish,flower,fork,frog,game,glass,glasses,glove,gum,hair,hamburger,hand,hat,horse,hose,jar,knife,ladder,lamp,melon,mitten,motorcycle,muffin,nail,napkin,necklace,orange,oven,pajamas,paper,pen,pencil,pickle,pillow,pizza,plant,plate,pony,potato,pumpkin,purse,radio,raisin,refrigerator,rooster,scissors,shirt,shoe,shovel,sink,slide,slipper,soap,sock,soup,spoon,strawberry,stroller,sweater,table,tape,toe,toothbrush,towel,toy,tray,tree,truck,vacuum,watch,window
alligator,0.0,1.4848814,0.7695277,0.8704537,0.95106155,1.3178995,1.1580241,0.6982485,0.9552503,0.75552875,1.4416859,0.8533753,0.6199595,1.4131696,0.48536098,1.0646962,0.95647335,1.4902123,1.4529971,0.9815299,1.4127482,1.1648687,1.0728384,1.4130316,0.8768655,1.4043417,0.77985096,1.2624029,0.7942845,1.3674409,1.2141827,0.6680322,0.935841,1.4853299,0.54578066,1.4604409,0.69861853,0.15215778,1.1217625,0.67468065,0.9009017,1.4599032,0.83373654,1.1787908,0.8279834,0.35595918,1.1721946,1.3572421,0.38382614,0.74341476,1.0186574,1.4735295,0.5469274,0.769495,0.76066005,1.0656288,0.7451699,1.4113083,0.9788564,0.79905295,1.1526837,1.4332087,1.1943941,1.273865,1.0831735,0.26303267,0.7500521,1.2373278,1.2056794,0.8317934,1.3957071,1.3894951,1.0019052,0.5748043,1.0525385,1.4366932,1.3934792,1.3282747,0.53904796,1.2538984,0.85880196,1.0806904,1.0147696,1.3727113,1.3684818,0.99539554,1.3266702,1.3878472,0.9722648,1.0153818,1.2858429,0.63639855,0.8980316,1.5159644,1.3866094,0.79363215,1.3049808,1.4299021,1.050996,1.0167123,1.2842607,1.3714018,0.6914979,0.5911793,0.55827093,1.0816027,0.9161321,1.2162243,0.21707582,0.85483485,1.0731013,0.9551558,1.1988387,1.343867,1.5249135,0.8424042
apple,1.4848814,0.0,1.2189196,1.2892122,1.0552398,0.7727338,1.0152016,1.2958572,1.0989348,1.2138369,0.41526306,1.2916138,1.1289476,0.39875162,1.3563275,1.1008624,1.3307202,0.16638315,0.62172365,1.2193485,0.49339414,1.004297,1.0607749,0.81143856,1.144908,0.66788125,1.2770146,1.080844,1.2835245,0.6591717,0.93207216,1.371166,1.2259855,0.46779668,1.4082811,0.28043103,1.3819039,1.4155446,1.1045873,1.3257481,1.1780565,0.33339196,1.1804978,0.9484892,1.1789476,1.1929514,0.89135414,0.85420537,1.4034109,1.2168137,1.185097,0.20415658,1.1317685,1.2584202,1.2005384,1.1050166,1.3413463,0.51723015,1.1534122,1.3259565,1.0298749,0.6452829,1.0329336,0.90177685,0.8525625,1.4355655,1.3024755,0.89440185,0.61280483,1.2292693,0.51363224,0.2834822,1.2980945,1.3559847,1.2096612,0.49132186,0.6148207,0.60301167,1.308548,0.7811597,1.1531999,1.1742038,1.1011527,0.5908878,0.40897673,1.1739458,0.6152428,0.23407465,1.217399,1.1029742,0.9509153,1.342145,1.2363751,0.4258871,0.6399372,1.3094808,0.36854076,0.06972909,1.1960645,1.0861772,0.98270077,0.3549447,1.3098569,1.3016875,1.3421216,1.1386254,1.1653513,0.5022959,1.4542954,1.2003003,1.2238246,1.1191905,0.69955164,0.7068433,0.19951206,1.2778112
arm,0.7695277,1.2189196,0.0,0.98500484,1.0411493,1.2442768,0.93962187,0.7858784,0.9520514,0.85575414,1.198804,0.9008059,0.886498,1.2696259,0.5080105,1.1468561,0.84977674,1.1726611,1.238372,1.0057844,1.3366271,0.92917454,1.0731169,1.1686624,1.0708761,1.2456777,0.91850173,1.1326511,0.97647625,1.1449533,1.173831,0.81727946,1.1188706,1.2364659,0.78326994,1.1187676,0.9964735,0.73413,0.9810944,0.8097341,0.9768115,1.3255545,0.9918611,1.106925,1.0336009,0.97345096,1.1294378,1.2233268,0.891832,0.6739135,1.0501506,1.2590177,0.9192231,0.94365287,0.8621217,1.0154358,0.83968866,1.2852517,1.1046872,0.8803447,0.9994615,1.1836276,1.1744545,1.1002647,1.0522989,0.7418742,0.7985884,1.2014256,1.1787435,1.0511342,1.2496333,1.2382622,0.91954273,0.6777106,1.0175141,1.226712,1.2048877,1.2964944,0.8905009,1.2127492,0.95796484,1.0292718,1.0864497,1.278613,1.1954675,1.0985128,1.2632375,1.1191412,0.87592554,1.0776747,1.2466521,0.8167002,0.9844771,1.2502465,1.1771208,1.0333856,1.1421026,1.1884446,1.064453,1.0999317,1.235739,1.2289357,0.7383184,0.6240009,0.4636066,1.0700561,0.96403986,1.0177549,0.8248608,0.9583796,1.0200971,1.1016736,1.1520746,1.1720474,1.2213135,0.8908695
ball,0.8704537,1.2892122,0.98500484,0.0,0.58766544,1.1192675,0.9624582,0.9326561,1.1473316,0.9836658,1.376672,0.88536423,0.8971298,1.12788,0.85144323,0.75784546,0.9079283,1.2592525,1.0984851,1.2225187,1.0336704,0.87376034,0.9876074,1.1668191,1.0193052,1.1108124,1.0417539,1.1025606,0.8048594,1.1024276,0.86701894,1.0160172,0.91041946,1.2651728,1.1131033,1.1875994,0.9382312,0.9360884,0.97050375,1.0110099,0.9656871,1.2133738,1.0011224,1.1199923,1.0582777,0.8457508,1.003149,1.1815504,0.86472934,1.0244416,0.7955291,1.386377,0.75936234,0.6346403,1.1312377,0.99914837,0.88759226,1.2119787,0.8942854,0.9880844,0.94265693,1.2144394,1.1204977,0.920815,0.93314683,0.7697116,0.9845138,0.9054048,1.2960469,0.7844733,1.1599665,1.0466952,0.9244822,1.1008912,0.80440384,1.2866414,1.2386284,1.253319,0.9436266,1.0326792,1.01211,0.640166,0.88789886,1.2171149,0.96790385,0.85539496,1.220074,1.1977727,0.8508346,1.0012852,1.1643606,1.0317479,0.7974108,1.2937889,1.1514949,0.95924574,1.2496889,1.278481,0.77181005,0.68683225,1.1269386,1.2449671,1.054957,1.0242629,0.9937531,0.49033868,0.905621,1.0963393,0.7714892,0.9280988,0.8944313,0.85182446,1.1616434,1.2130324,1.3488281,1.092411
balloon,0.95106155,1.0552398,1.0411493,0.58766544,0.0,0.8518977,0.8567105,1.0598158,1.1834779,1.0848969,1.3286355,1.0227257,1.0481368,1.0734551,0.9625576,0.88918674,0.96856874,1.1216878,0.9345089,1.1626816,0.8077645,0.8958116,0.92566246,1.1476237,1.1701064,1.0951082,1.1026144,1.0736411,0.97697294,1.0946977,0.78490937,1.0381497,0.9308663,1.1353768,1.1861485,1.0295155,0.8466729,0.9585212,0.9995729,1.0897914,0.92405856,0.99746305,1.0245665,1.1289253,1.1015058,0.88848716,0.9082164,1.1868706,0.9501591,1.0238036,0.88788587,1.2336786,1.0558007,0.9263517,1.146935,0.96559465,1.0728868,1.0880877,0.85010016,1.129209,0.7801813,1.1124597,0.9541309,1.0350764,0.8215234,1.0040581,1.0463225,0.833947,1.2983847,0.87675375,1.1477618,0.5631012,0.90061224,1.1167339,0.920359,1.1202894,1.1112218,1.18528,1.1145545,1.0078428,1.0461103,0.91043305,0.7670553,1.0654644,0.5844029,0.751506,1.1280649,1.0637581,0.874815,0.8894647,1.0689296,1.0983925,0.9713734,1.1723768,1.0267302,0.9994787,1.1474031,1.1096491,0.96545255,0.8536497,1.151771,1.1432388,1.0771966,1.1492593,1.0303015,0.6992338,1.1046367,1.1452588,0.997719,0.85018224,1.0347881,0.8563092,1.1986638,0.98871785,1.1819912,1.1904153
banana,1.3178995,0.7727338,1.2442768,1.1192675,0.8518977,0.0,0.995283,1.4171458,1.0685337,1.1635417,0.7747468,1.3166006,1.0654409,0.76525664,1.249486,1.0704368,1.3104346,0.93626785,0.7980013,1.1213608,0.4089396,1.1109335,1.1425188,0.76939285,1.1539168,0.51138747,1.1506592,0.8791493,0.97385776,0.87834024,0.5943191,1.2304622,0.82042307,0.7287974,1.2918335,1.0103489,1.1916234,1.302577,1.0874032,1.3294933,0.9836189,0.45010293,1.0250895,0.61063325,1.2213806,1.3120418,0.95285285,0.82558763,1.1203078,1.2867011,1.0571642,0.69933164,1.0688801,1.1461608,1.1020519,0.7398024,1.0046561,0.56664836,0.9858334,1.2449669,0.8697633,0.8398088,1.0281011,1.1180375,0.88690585,1.3378885,1.2942213,0.5534506,0.6914005,1.1487515,0.5873041,0.51344436,1.2770382,1.2287382,1.175925,0.809963,0.82929635,0.5162113,1.0187882,0.5495342,1.2889134,0.98032683,1.0652748,0.4658634,0.57728183,0.9199358,0.57049495,0.93001467,1.3320832,0.9648701,0.725852,1.2198262,1.1852062,0.723113,1.111547,1.08225,0.8261305,0.89903724,0.9897678,0.75774467,0.7042997,0.68565166,1.2460936,1.3033481,1.3437152,1.1982644,0.9293447,1.0858732,1.2954202,0.8000859,1.1008126,1.1373649,1.1157815,0.819694,0.7251443,1.2733984
basket,1.1580241,1.0152016,0.93962187,0.9624582,0.8567105,0.995283,0.0,1.0963608,1.0220623,1.0231981,0.977633,0.89308876,0.97911036,0.9659705,1.0382255,0.9522519,0.7498297,0.93396103,0.656464,0.8221307,1.0880771,0.8123434,0.864151,0.8528128,1.0794159,1.0598829,1.0685843,0.68284094,1.016847,0.9945549,1.0394987,1.0202885,0.9277719,1.1353326,1.0708231,0.788398,1.0607257,1.1618379,0.8054967,1.0546443,0.6922538,1.1192423,1.3461227,1.2421758,1.1217289,1.1430964,0.611405,0.9566627,1.185257,1.0566529,0.8144975,1.150281,1.1317444,1.0850482,1.3235309,0.8775945,1.2458501,1.0794519,0.98859197,1.1378725,0.7190529,1.0017316,0.56387025,0.8244139,1.0315706,1.1221982,1.0718778,1.0490042,1.3091118,0.8723937,1.0203981,1.0437189,0.7872299,1.1846732,0.7831083,1.1086533,1.1259027,1.2057444,1.0183356,1.0445298,0.97052974,0.8743907,0.9064694,1.0861484,1.0075479,0.7852011,0.96616495,0.99940383,0.8494538,0.8678238,0.9578265,1.1339781,1.0448477,0.9788937,0.8175045,1.1648078,1.1641824,0.98124576,1.0315717,1.0896391,1.0057671,1.0340797,1.1274987,1.1724894,1.0205616,0.80462134,1.0514249,1.1650181,1.0777353,1.1112752,0.7732689,0.7787461,1.0137974,0.8401022,1.1051061,1.0455893
bathtub,0.6982485,1.2958572,0.7858784,0.9326561,1.0598158,1.4171458,1.0963608,0.0,0.78675973,0.67711353,1.2214223,0.74484384,0.9453125,1.3197532,0.75298965,1.0176402,0.74135685,1.1918432,1.134369,0.8671937,1.373127,0.93452054,1.1062721,1.2950497,0.9187185,1.4047191,0.75838697,1.1913403,0.9463914,1.2025965,1.2210146,0.8177032,1.1918721,1.2784181,0.5689126,1.2425867,0.8680502,0.7568786,1.0395229,0.6501028,1.1353171,1.378201,0.90201664,1.2293909,0.87680584,0.78165096,1.2397614,1.1871059,0.8942975,0.76367986,0.94217885,1.255214,0.99677885,0.9436781,0.8556809,1.116555,0.88132155,1.3715024,1.0683932,0.72222614,1.0887088,1.2179998,1.2229986,0.96701056,0.88109225,0.6409077,0.8271672,1.2811419,1.1265885,0.88001627,1.3825691,1.2960967,0.86667633,0.63874424,0.8233403,1.2199656,1.2075874,1.2667255,0.8502385,1.3584526,0.8594888,1.0101198,1.0889844,1.3324153,1.2630931,1.1136599,1.3509719,1.2000394,0.8416148,1.0971495,1.2933757,0.68812084,0.88289696,1.3209103,0.9707733,0.92469287,1.1744375,1.262941,1.0322264,1.1432981,1.2171227,1.2604198,0.8418226,0.6107627,0.53754205,0.803553,1.1641732,1.0893832,0.7246933,1.1038854,0.9610262,1.1666598,1.1228406,1.2702997,1.230281,0.84899706
bear,0.9552503,1.0989348,0.9520514,1.1473316,1.1834779,1.0685337,1.0220623,0.78675973,0.0,0.67380834,0.8425011,0.8508866,1.0709851,1.1935792,0.8476019,1.1055092,1.0139545,1.109766,0.969348,0.878852,1.1538482,1.125765,1.1511451,0.91597265,0.887048,1.0535666,0.109674454,0.96189016,1.0228841,1.0359861,1.1837226,0.84596986,1.0219082,1.0865769,0.7792474,1.1919292,0.8231713,1.0375117,1.1640857,0.8298675,0.9735017,1.1682383,1.0462942,1.0315042,0.9208747,1.0256028,1.2210207,1.042735,1.1315212,1.0116771,1.0910459,1.0095632,1.0641686,1.2035394,0.8819952,1.1164279,0.9967139,1.1340911,1.1660296,0.87727493,1.149158,1.0309557,1.1282563,0.90466595,0.92876667,0.89265454,0.9345635,1.176331,0.9311677,0.9714795,1.1954912,1.1281494,0.9375377,0.66045225,0.9998087,1.0661163,1.0495733,0.9894225,0.88135916,1.0828563,0.96573347,1.0446038,1.193291,0.90866166,1.1634268,1.0794965,1.0435622,1.0326558,1.1038826,1.119795,1.0617003,0.60866475,1.1002879,1.044621,0.99334484,0.9938524,0.9495669,1.1662838,1.1645062,1.0490416,0.97204924,1.1529362,0.9597085,0.8350414,0.77774227,1.1791883,1.0517904,1.0886524,0.92822146,1.2875886,1.0582374,1.1506464,0.9501307,0.9172341,1.0727569,0.7825071
bed,0.75552875,1.2138369,0.85575414,0.9836658,1.0848969,1.1635417,1.0231981,0.67711353,0.67380834,0.0,1.0298178,0.72947276,0.82102525,1.1894985,0.6241338,1.0159725,0.9484828,1.2517233,1.0952129,0.81942004,1.3357368,1.2749562,1.2167152,1.0770643,0.77766293,1.1724436,0.6042185,0.90445626,1.070106,1.1597843,1.3115733,0.5926796,1.1623034,1.2091808,0.6534379,1.2622241,0.8582649,0.8947778,1.1722548,0.6229286,1.0325521,1.2961898,0.9287754,1.0392357,0.9007042,0.83318794,1.1735177,1.1682382,0.9414642,1.0135429,1.18202,1.1757605,0.80274916,0.9363726,0.9584048,1.1952834,0.86784863,1.1034384,1.0168543,0.7643161,1.1604878,1.1867684,1.1331396,0.9823704,1.049119,0.7188856,0.8705599,1.3196756,0.94677603,0.99156046,1.1811718,1.2288251,0.9496135,0.6620072,0.98771054,1.2235299,1.189557,1.1219578,0.5356037,1.1434587,0.92699325,1.1395376,1.1484944,1.0930781,1.2593967,1.0860796,1.1190935,1.1706078,1.0163813,1.1315277,1.1912284,0.53843755,1.007774,1.2191669,1.0341151,0.8470826,1.0508227,1.2130352,0.925815,1.203565,1.1407366,1.1587012,0.94859624,0.8149727,0.8358224,1.061971,0.9760124,1.118199,0.79070175,1.0928732,0.9930861,1.1124536,0.9977187,1.1204944,1.2075124,0.79034144
belt,1.4416859,0.41526306,1.198804,1.376672,1.3286355,0.7747468,0.977633,1.2214223,0.8425011,1.0298178,0.0,1.1914606,1.1449133,0.62733203,1.357493,0.9675553,1.2776175,0.44547057,0.5760132,1.0677335,0.6575633,1.0770334,1.1009551,0.5792862,1.0149235,0.5665127,1.030653,0.8190259,1.2473333,0.5261508,1.0533822,1.0983654,1.2947577,0.44773567,1.2673359,0.5781507,1.2856861,1.4313983,1.072645,1.2690761,1.1897844,0.53752476,1.1592821,0.8502606,1.1729755,1.1943997,1.0058731,0.7236325,1.3655882,1.1956278,1.2891412,0.29409564,1.1033043,1.2868845,1.1836205,1.1376103,1.2689453,0.5871796,1.2110356,1.1943965,1.1898435,0.58731997,0.9086266,0.6823863,0.9658091,1.3855239,1.2787582,0.9934691,0.48949635,1.2097125,0.55017143,0.7156672,1.1381682,1.2650974,1.1452688,0.52335835,0.5845197,0.63170725,1.1213422,0.7530339,1.1671722,1.1090578,1.1956372,0.48764157,0.8463677,1.3075716,0.6492667,0.43885976,1.1441294,1.1641877,0.86786926,1.2369081,1.2905409,0.52764344,0.5345201,1.2804966,0.35445726,0.47024846,1.0631214,1.0833199,0.86300206,0.619162,1.2548664,1.2630297,1.2905664,1.184509,1.1540173,0.6532215,1.3727622,1.2693669,1.2121547,1.1604947,0.5871893,0.7147607,0.43005216,1.0598752
bench,0.8533753,1.2916138,0.9008059,0.88536423,1.0227257,1.3166006,0.89308876,0.74484384,0.8508866,0.72947276,1.1914606,0.0,1.042775,1.3596635,0.7852718,1.0685138,0.7318489,1.2515028,0.97210485,0.5569284,1.2895195,0.95934886,1.1139156,0.90469605,0.8450232,1.2621268,0.7969738,0.6707748,0.9833705,1.1746193,1.2056919,0.6852643,0.9181746,1.1150898,0.69457203,1.178688,0.9300723,0.91688454,0.9590716,0.5453211,0.94258463,1.3463261,1.0812728,1.1507708,0.81639963,0.9391265,1.2227585,0.9638363,1.1050189,1.0199293,1.1105368,1.2983689,1.0864294,1.0705361,1.0317492,1.1259706,1.0120733,1.3419182,1.1919218,0.8090797,1.0479795,0.9865529,0.85020065,0.7965241,1.0464618,0.78056365,0.83198315,1.2276933,1.2120774,0.78147686,1.3772945,1.3034601,0.62888247,0.9117061,0.771809,1.0941787,1.0317824,1.2926537,0.8221452,1.2615772,0.7913761,0.87629676,1.1259365,1.1655904,1.2802587,0.93857986,1.1485927,1.2160908,0.70802087,1.1231569,1.1593504,0.81675076,0.8803806,1.2818022,0.87412786,0.8854335,1.2234108,1.3011715,0.9777799,1.0424389,0.95013285,1.2979381,0.958249,0.9413554,0.8951786,0.8357842,0.98308134,1.1776086,0.77337533,1.236476,0.7050722,1.0525655,1.0073255,1.0657649,1.3227997,0.8173522
bib,0.6199595,1.1289476,0.886498,0.8971298,1.0481368,1.0654409,0.97911036,0.9453125,1.0709851,0.82102525,1.1449133,1.042775,0.0,1.0303813,0.7729796,0.90070486,1.1273015,1.1122462,1.1533749,1.1152241,1.2555914,1.0003761,1.0800143,1.093121,1.0510113,1.0853947,1.0286467,1.123176,1.0598266,1.1352445,1.2022648,0.8744744,1.2186344,1.2675967,0.89749354,1.0588533,0.9439618,0.5954,1.1526717,1.0188944,0.82591295,1.1045139,0.84083873,0.9917473,1.0413344,0.7819258,0.81042385,1.2854131,0.72093725,0.9583085,0.95268553,1.1305406,0.5092084,0.8479002,0.86311823,1.1132946,0.8708433,0.82428604,1.0597578,1.0346146,1.0092193,1.2322339,1.070226,1.2266257,1.0901241,0.6541586,0.9661823,1.2043672,1.0022866,0.97159165,0.7756125,1.0774301,1.090087,0.8686089,1.2057521,1.2758664,1.2795616,1.183288,0.6052319,1.0257766,1.0843236,1.300549,0.97574824,1.1499946,0.97217256,0.9228835,1.0255247,1.1558287,1.1036599,0.9016857,1.1860498,0.77029455,0.99324477,1.0803384,1.2234938,1.0194085,1.0976928,1.1211686,0.9219935,1.1874477,1.2676821,1.025156,0.8678362,0.87804043,0.98340535,1.0654492,0.87078446,1.0653284,0.631619,0.7406142,1.1571939,0.9857711,1.1136004,0.9646753,1.0640316,1.0195031
bird,1.4131696,0.39875162,1.2696259,1.12788,1.0734551,0.76525664,0.9659705,1.3197532,1.1935792,1.1894985,0.62733203,1.3596635,1.0303813,0.0,1.3941764,0.786719,1.1867801,0.37973344,0.8404305,1.2900784,0.71292067,0.9764636,0.8275914,0.89780164,1.0960294,0.67114365,1.3349779,1.1034015,1.1845391,0.7297453,0.9175229,1.4758763,1.1115456,0.62471724,1.4773293,0.494596,1.2879974,1.3582002,1.0682211,1.3740246,1.1278884,0.5549128,1.170497,1.0433555,1.1862289,1.0568515,0.6572698,0.8404407,1.1067449,1.2744516,1.0382242,0.52371496,1.0796162,1.0723661,1.2432737,1.0200205,1.3307121,0.5940958,0.9598845,1.2757015,1.0325466,0.70258826,0.9830237,0.9338221,0.95883983,1.5114164,1.2913895,0.9015264,0.87188363,1.1188898,0.45909125,0.60193586,1.2610483,1.4291797,1.0834067,0.62182754,0.72073674,0.6617135,1.357213,0.5785566,1.0114027,1.1236583,0.92731476,0.86795366,0.63329077,1.1733555,0.6037689,0.54758674,1.224958,0.903172,0.70142204,1.3770092,1.1816034,0.5048095,0.72852695,1.116811,0.713703,0.36008203,1.0193278,1.0735534,0.93394655,0.5242721,1.3053944,1.3716338,1.4010371,1.0889777,1.1690093,0.64653826,1.405541,1.0272708,1.1074364,0.8454062,0.78287864,0.76945925,0.4823559,1.2197688
blanket,0.48536098,1.3563275,0.5080105,0.85144323,0.9625576,1.249486,1.0382255,0.75298965,0.8476019,0.6241338,1.357493,0.7852718,0.7729796,1.3941764,0.0,1.1849408,0.9708318,1.3844781,1.300129,0.9255977,1.4096545,1.1242297,1.1225407,1.2640154,0.9650396,1.288105,0.6829072,1.1832625,0.9396175,1.3077106,1.1937652,0.65217155,0.98575693,1.4327538,0.63079596,1.3542922,0.79440325,0.5562484,1.0680103,0.6332755,0.8065006,1.414116,0.92684174,1.0930533,0.90121984,0.75237703,1.1692457,1.2925997,0.7950343,0.8411261,1.0153401,1.3542862,0.71342325,0.9256415,0.78305554,1.1042831,0.7465914,1.3354328,1.0394574,0.77544117,0.906502,1.3864233,1.1953512,1.1517626,1.1009237,0.4928763,0.7634459,1.1970111,1.1383082,0.9391642,1.3454428,1.3074664,0.9818792,0.55140346,1.0560977,1.4044261,1.3709538,1.1863353,0.5185081,1.3276472,0.8130481,1.0549674,1.0754769,1.206942,1.2800026,0.916283,1.201615,1.3139008,0.97310853,1.1797179,1.2914729,0.6173157,0.85631794,1.3314748,1.3737695,0.954449,1.172648,1.3487977,1.1476973,1.0344567,1.2334685,1.3009804,0.7101452,0.58941096,0.67589015,1.136497,0.96741337,1.2182364,0.5254034,1.0593426,1.0279387,1.0767572,1.2258768,1.2464833,1.3872323,0.8629124
boat,1.0646962,1.1008624,1.1468561,0.75784546,0.88918674,1.0704368,0.9522519,1.0176402,1.1055092,1.0159725,0.9675553,1.0685138,0.90070486,0.786719,1.1849408,0.0,0.8891327,1.0724803,0.981447,1.1699891,1.0869919,1.0330194,0.89202,1.0593451,0.8615732,0.8540212,1.1376754,0.9869671,1.1409874,0.9824219,0.9479141,1.1124773,0.9848485,1.0102382,1.1662565,1.0009837,0.97826517,1.0605736,0.9913661,1.1623551,1.1078001,1.0896233,1.1626594,1.0806129,1.1335249,0.9211918,0.72347695,0.98650855,0.8231279,1.0690457,0.84291744,1.0591339,0.9562695,0.790174,1.2207702,0.98565936,1.0903449,0.95253944,0.8970165,0.9549996,0.93554425,0.97145593,0.9935079,0.89389145,1.1691213,1.1436108,1.0498203,0.95958513,1.1107419,0.9190479,0.7814774,1.1133999,0.9205816,1.2866678,0.9142206,1.0182112,1.0154915,1.1394366,1.0476254,0.81701064,1.0536102,0.9860456,0.84656054,1.1923347,1.0839046,0.9379447,1.095032,1.0410746,0.9754345,0.82106537,0.8587595,1.1511886,1.0519965,1.0825652,0.97894007,0.9681539,1.1382138,1.0514178,0.63234425,1.0320617,1.0521418,1.0661095,1.1102664,1.2046099,1.1680384,0.8098173,1.013812,1.0012925,1.0584058,0.87522155,0.9921679,0.7538569,0.9560448,1.093994,1.101367,0.9810209
book,0.95647335,1.3307202,0.84977674,0.9079283,0.96856874,1.3104346,0.7498297,0.74135685,1.0139545,0.9484828,1.2776175,0.7318489,1.1273015,1.1867801,0.9708318,0.8891327,0.0,1.2289116,1.0233307,0.6408768,1.3276652,0.88815403,0.91064864,1.0458769,0.9819261,1.252723,1.016709,0.71197844,0.9259094,1.1530248,1.1621146,0.92963517,0.94690067,1.1545581,0.9013795,1.120939,1.0153983,0.9878039,0.6996331,0.78597754,0.98976994,1.3733146,1.1698321,1.1444249,1.0494391,0.9684451,0.9541372,0.9219258,0.9835099,0.8636092,0.9471632,1.3753555,1.1060297,0.95298326,1.1323398,0.955852,0.9419158,1.2876512,1.0603662,0.8743433,0.86722946,0.9944672,0.87095207,0.99539,1.001699,0.9454769,0.9458957,1.2032013,1.305539,0.5893327,1.2928687,1.3451285,0.64971006,0.9511875,0.1875391,1.1187713,1.0655268,1.4016635,1.0165172,1.2083129,0.89143646,0.7325512,1.044002,1.3915548,1.3042209,0.9263418,1.3342392,1.2317973,0.7016723,1.0082587,0.946085,0.9186289,0.92522335,1.3132436,0.81469905,0.91978586,1.3540134,1.2281892,0.88086545,1.0065795,0.9891591,1.2190344,1.0303823,1.0076828,0.75690776,0.7471285,0.9671425,1.0405413,0.8516661,1.0721262,0.46458888,0.90865004,1.1595982,1.1708982,1.3261571,0.929572
bottle,1.4902123,0.16638315,1.1726611,1.2592525,1.1216878,0.93626785,0.93396103,1.1918432,1.109766,1.2517233,0.44547057,1.2515028,1.1122462,0.37973344,1.3844781,1.0724803,1.2289116,0.0,0.581752,1.2088983,0.66795546,0.7251192,0.9716795,0.72224414,1.2099924,0.77444196,1.2858629,1.0779228,1.2578279,0.6447428,1.0232728,1.3947701,1.2870884,0.51436085,1.4164473,0.16905248,1.3046119,1.3881922,1.0064466,1.3323833,1.1228687,0.4657523,1.2014813,1.106111,1.2045271,1.1949023,0.8340079,0.85264105,1.3944552,1.1782382,1.1257248,0.31632096,1.1598911,1.2964158,1.2067186,1.1413302,1.4448459,0.6235995,1.1661848,1.3060465,1.0407897,0.600533,0.88057554,0.83429503,0.8870423,1.4943392,1.2238302,1.0106536,0.82019264,1.1172131,0.5763315,0.49119526,1.1508093,1.3738544,1.1262652,0.48937714,0.6135376,0.7317944,1.4485445,0.87875426,1.1108516,1.1284957,1.0284705,0.76346123,0.57370555,1.1649568,0.65467465,0.22663629,1.0633383,1.0663683,0.96445245,1.349257,1.1710749,0.35615838,0.4836526,1.3461871,0.4637068,0.15092659,1.1897382,1.1757323,1.0153,0.43978244,1.2865933,1.2865542,1.3150796,1.0550413,1.2267926,0.4444121,1.4308474,1.229779,1.184116,1.069201,0.6840107,0.58154804,0.23318684,1.2463026
bowl,1.4529971,0.62172365,1.238372,1.0984851,0.9345089,0.7980013,0.656464,1.134369,0.969348,1.0952129,0.5760132,0.97210485,1.1533749,0.8404305,1.300129,0.981447,1.0233307,0.581752,0.0,0.8679762,0.7142308,0.7766493,1.0695946,0.4972186,1.1398855,0.84876406,1.0993621,0.64354867,1.1212046,0.8211297,0.9715748,1.1248715,1.0877377,0.7044771,1.2315648,0.48925877,1.223961,1.4657879,1.0042624,1.1919858,1.033366,0.74200076,1.3488445,1.0328155,1.2220236,1.3259897,0.89105284,0.6465177,1.4848062,1.2766457,0.89586973,0.7024189,1.2284731,1.2759444,1.3739992,1.0375677,1.2874489,0.8652646,1.1403844,1.093463,0.68956655,0.6730505,0.765843,0.6040137,0.9231869,1.402622,1.2484739,0.97522974,0.94004077,0.976022,0.8870187,0.66216606,0.79386544,1.3306972,0.9048694,0.71254563,0.75808215,0.94417113,1.2034194,0.9912714,1.1306354,0.77861536,1.1070243,0.67631984,0.71996033,0.80044484,0.7657734,0.6654506,0.8916153,1.1317217,0.85568357,1.2481366,1.0966145,0.6767641,0.5412732,1.2081732,0.73520267,0.6728928,1.065728,1.0116123,0.6305921,0.7798444,1.3086967,1.4084802,1.2766614,0.6841294,1.0294199,0.8510815,1.3630621,1.3252954,0.8231181,1.0707556,0.8791346,0.66902846,0.66433513,1.1937599
box,0.9815299,1.2193485,1.0057844,1.2225187,1.1626816,1.1213608,0.8221307,0.8671937,0.878852,0.81942004,1.0677335,0.5569284,1.1152241,1.2900784,0.9255977,1.1699891,0.6408768,1.2088983,0.8679762,0.0,1.1965158,1.0139368,1.2075514,0.71656966,0.91780686,1.0717515,0.8782322,0.42503184,1.0353351,1.0631245,1.1927242,0.6746697,0.9497654,1.0953654,0.643525,1.1560452,1.022082,0.99413896,0.7842421,0.47907656,0.94600487,1.1613249,1.054111,1.0119509,0.7892163,1.1238426,1.1197793,0.85436606,1.1516871,0.9479873,1.1356496,1.2668333,1.215575,1.2290833,1.0314761,1.1233416,1.0072175,1.211195,1.2097411,0.87451434,0.8649986,1.0191178,0.81451696,0.9082852,1.1127906,0.9766179,0.902296,1.1838932,1.091189,0.9032064,1.2636545,1.2606484,0.72002274,0.83231306,0.7164003,1.1107125,1.0326376,1.1978418,0.8581283,1.128719,0.8744308,0.91920114,1.170279,1.0182266,1.2229724,0.9727388,1.0564681,1.2085958,0.8399308,1.0973326,1.0620899,0.81775177,0.9480437,1.1771747,0.71547836,0.9392455,1.2080277,1.2130749,1.0382618,1.0767335,0.8668517,1.1878053,1.002989,0.94982886,0.9071557,0.9544938,1.0605845,1.169034,0.9505307,1.1909136,0.58495224,1.0751493,0.95699096,1.0361617,1.2559766,0.7222082
bread,1.4127482,0.49339414,1.3366271,1.0336704,0.8077645,0.4089396,1.0880771,1.373127,1.1538482,1.3357368,0.6575633,1.2895195,1.2555914,0.71292067,1.4096545,1.0869919,1.3276652,0.66795546,0.7142308,1.1965158,0.0,1.0650928,1.1343083,0.7821894,1.2079576,0.5418601,1.2788284,0.91705114,1.0383902,0.62745297,0.32876766,1.3699162,0.84061754,0.5161946,1.4208803,0.7475674,1.3641632,1.4074423,1.0714086,1.3841975,1.1632311,0.21995538,1.0276477,0.759096,1.2060156,1.2284675,1.0647373,0.78013015,1.2735908,1.2805569,1.0793321,0.52883875,1.2284222,1.1260086,1.1705666,0.8416425,1.16544,0.6963618,1.1192135,1.2951134,0.9801327,0.69891995,1.0744109,0.87287194,0.7516476,1.367554,1.3683178,0.30664724,0.60656685,1.1724617,0.6541275,0.32269323,1.337605,1.3812292,1.0875297,0.5660637,0.6117603,0.53503174,1.2342361,0.6403777,1.3087454,0.7252814,1.1865555,0.423666,0.43604332,1.0282637,0.652129,0.5993627,1.2927558,1.1237712,0.8790992,1.4368823,1.1427796,0.6452607,0.8916085,1.2244498,0.60780567,0.62218904,1.0909305,0.6468461,0.7950908,0.62725407,1.3268712,1.3502235,1.3473926,0.98481303,1.0480444,0.87488025,1.3813536,1.0634274,1.1324638,1.1400058,0.9701708,0.8605085,0.49948663,1.3584075
bucket,1.1648687,1.004297,0.92917454,0.87376034,0.8958116,1.1109335,0.8123434,0.93452054,1.125765,1.2749562,1.0770334,0.95934886,1.0003761,0.9764636,1.1242297,1.0330194,0.88815403,0.7251192,0.7766493,1.0139368,1.0650928,0.0,0.86284953,0.74553263,1.2478079,1.123917,1.1704092,1.0362765,1.0072412,1.0407877,1.0076016,1.1291565,1.1115743,1.0645968,1.152148,0.696325,1.0060283,1.0622855,0.9181426,1.1248521,0.8437614,1.0740037,1.1252909,1.1780319,1.1132596,1.1334269,0.8506514,1.0527769,1.1012158,0.94828725,0.8103529,1.1206884,1.1631944,1.0590513,1.1026175,0.94257385,1.176221,1.0510402,1.0490636,0.9706242,0.73934805,0.98183686,0.80163574,0.97130966,0.9464041,1.1438154,1.0444669,1.0436572,1.2913882,0.8892344,1.0807426,0.9981039,0.8170235,1.1357014,0.9212969,1.0406888,1.0462308,1.2025332,1.248183,1.0862365,0.974945,0.9169413,0.8474182,1.1370121,0.9174106,0.86018145,1.0811527,0.93185055,0.8220637,0.8906575,1.058855,1.1550312,0.94412076,0.9539689,0.86605,1.1215204,1.1099669,0.9713058,0.9927588,1.0410254,1.0582557,0.99841446,1.0858604,1.1117303,1.0358602,0.6939472,1.0640689,0.99426883,1.1123228,0.9984481,0.9321957,0.877903,1.0277086,0.7930578,1.0076387,1.0854394
butterfly,1.0728384,1.0607749,1.0731169,0.9876074,0.92566246,1.1425188,0.864151,1.1062721,1.1511451,1.2167152,1.1009551,1.1139156,1.0800143,0.8275914,1.1225407,0.89202,0.91064864,0.9716795,1.0695946,1.2075514,1.1343083,0.86284953,0.0,1.0904555,1.1851699,1.0827198,1.1802995,1.088896,1.0089023,0.94453174,1.0064704,1.1809521,0.9448202,1.0320263,1.2584202,0.8713404,0.9700881,1.0913516,0.89592266,1.1548824,0.9048125,1.1517513,1.1009551,1.1716774,1.0939337,0.9944196,0.6630893,1.0199193,0.87461185,1.0550207,0.8261652,1.1259867,1.0755553,0.9481672,1.1211567,0.9309089,1.144967,1.0362048,0.5942185,1.0663387,0.91825914,0.9951673,0.8141639,0.94799435,1.1184608,1.1240697,1.0791991,1.0111717,1.2616379,0.93739456,0.9788801,1.1286721,0.96475637,1.1385065,0.9611978,1.0104945,1.0215912,1.0877407,1.1766143,0.93959326,0.81126416,1.1017356,0.6741253,1.1765997,1.091077,0.9226658,1.0689104,1.0010742,0.9426931,0.82330346,0.8105302,1.211299,0.9726404,0.94039774,1.0204324,1.0611596,1.1443106,0.98272794,1.0326604,1.0666348,1.0659748,1.0216591,1.0680507,1.0859232,1.091572,0.9550986,1.0604917,1.0172529,1.078397,0.96105343,1.0844963,0.6194664,1.0380073,0.89301,1.0827749,1.1083401
can,1.4130316,0.81143856,1.1686624,1.1668191,1.1476237,0.76939285,0.8528128,1.2950497,0.91597265,1.0770643,0.5792862,0.90469605,1.093121,0.89780164,1.2640154,1.0593451,1.0458769,0.72224414,0.4972186,0.71656966,0.7821894,0.74553263,1.0904555,0.0,1.1718855,0.57773733,1.0301656,0.5089857,1.2640762,0.7400603,1.0436455,1.0627031,1.0339503,0.6679741,1.1987159,0.5965248,1.2431486,1.4231678,0.8743335,1.1812334,0.90576935,0.66226053,1.2407565,0.6855826,1.1589226,1.4083169,1.0459121,0.6922918,1.440851,1.2614243,1.0113275,0.7620032,1.2011248,1.3155794,1.2347404,1.0968205,1.1056391,0.7616956,1.2808677,1.0959462,0.8965151,0.7135472,0.7134031,0.5744438,0.9489259,1.3670024,1.2488679,0.99205357,0.81343925,0.85578614,0.70579076,0.8808677,0.8173802,1.2806581,0.9392061,0.749189,0.7430625,0.83244234,1.0685878,0.8344369,1.1237749,0.91705906,1.172673,0.60295486,0.93268806,0.915733,0.72953564,0.82803035,0.941808,1.1514033,0.83451647,1.1309073,1.1502652,0.6680198,0.6118545,1.1885866,0.8381187,0.8597971,0.9325198,0.93692195,0.68676853,0.830492,1.3370894,1.4114444,1.3531945,0.89209014,0.97110546,0.9532163,1.263799,1.2691394,0.8997479,1.0703945,0.8695379,0.4826963,0.75776064,1.0215617
car,0.8768655,1.144908,1.0708761,1.0193052,1.1701064,1.1539168,1.0794159,0.9187185,0.887048,0.77766293,1.0149235,0.8450232,1.0510113,1.0960294,0.9650396,0.8615732,0.9819261,1.2099924,1.1398855,0.91780686,1.2079576,1.2478079,1.1851699,1.1718855,0.0,1.082691,0.8284428,1.051413,1.0146922,1.2175841,1.1121981,0.8593935,0.90675575,1.1916265,0.6997317,1.2351495,0.90065557,0.9227758,1.0843709,0.8561946,1.105744,1.2130433,0.8734746,1.0877879,0.4285292,0.8910698,1.0828166,1.0517154,1.0090845,0.9558493,1.0258512,1.0734886,0.992802,0.9802034,0.78813505,1.0426576,0.99090606,1.0735099,0.9042848,0.9321499,1.1534272,1.1567085,1.1175379,1.0754561,1.1069211,0.90030396,0.7235886,1.1149826,0.97542244,1.0800936,1.1788391,1.238037,0.93559843,0.92381907,0.98675257,1.1952364,1.1821889,1.0945921,0.87460804,1.1726621,0.9541361,1.0073899,1.0055265,1.0524517,1.2542334,1.0929935,1.051176,1.1525948,0.99030066,1.0266067,1.1058774,0.77069604,0.943527,1.2073622,1.0958035,0.7696241,1.0930867,1.1320877,0.9311601,1.0759221,1.0338049,1.1095814,0.7832233,0.8260821,0.97718537,1.1048136,1.0133073,1.0878564,0.9606383,1.0324934,0.8643838,1.0776886,0.61385393,1.2703438,1.2135634,0.73910195
carrot,1.4043417,0.66788125,1.2456777,1.1108124,1.0951082,0.51138747,1.0598829,1.4047191,1.0535666,1.1724436,0.5665127,1.2621268,1.0853947,0.67114365,1.288105,0.8540212,1.252723,0.77444196,0.84876406,1.0717515,0.5418601,1.123917,1.0827198,0.57773733,1.082691,0.0,1.1762978,0.8067013,1.116173,0.6645974,0.85350513,1.2153925,0.92454123,0.526747,1.354895,0.8361693,1.3462044,1.4170845,1.0008954,1.3521223,1.1366715,0.45631135,1.1536546,0.62232435,1.1778599,1.2911115,0.94322777,0.66745555,1.2422093,1.214447,1.1201351,0.5924975,1.0926193,1.1186732,1.1935524,0.96418947,1.0198847,0.64655966,1.0865976,1.1620152,0.9867153,0.6923266,0.99103343,0.8229474,0.9311179,1.3783054,1.3272027,0.7921672,0.583012,1.1238552,0.4259172,0.6385707,1.2466918,1.3815556,1.1479692,0.67681,0.6735845,0.652396,1.0781522,0.47386807,1.2427275,0.98747295,1.1928985,0.5678505,0.67675954,1.079859,0.6833341,0.80196,1.263764,1.051575,0.78353983,1.2108941,1.1988552,0.6701733,0.8885328,1.097458,0.7314357,0.75422585,0.9415892,0.70788586,0.7101027,0.6589719,1.346975,1.4162195,1.419214,1.1891273,1.0369449,0.8651105,1.3481587,1.0526171,1.1428907,1.0207934,0.88137966,0.8036494,0.6319034,1.1418192
cat,0.77985096,1.2770146,0.91850173,1.0417539,1.1026144,1.1506592,1.0685843,0.75838697,0.109674454,0.6042185,1.030653,0.7969738,1.0286467,1.3349779,0.6829072,1.1376754,1.016709,1.2858629,1.0993621,0.8782322,1.2788284,1.1704092,1.1802995,1.0301656,0.8284428,1.1762978,0.0,1.0346441,0.99550974,1.2157202,1.2650709,0.7112597,0.9632541,1.2975113,0.6387676,1.3610449,0.58689433,0.91571,1.1573416,0.7132238,0.89800346,1.3194877,0.9880303,1.0000272,0.81478184,0.927949,1.269555,1.157332,1.0883405,0.9844594,1.0228077,1.1430963,0.9104654,1.0769037,0.729385,1.1978083,0.8022368,1.2064606,1.1334106,0.81858313,1.1673647,1.2244822,1.1707553,0.97952527,0.99591386,0.698037,0.7985355,1.2563543,1.0148789,0.9125359,1.3274703,1.2386829,0.88092595,0.5781779,1.0164279,1.2630684,1.2388034,1.0287993,0.76138026,1.2137946,0.9141704,1.0726354,1.0967338,0.9614772,1.2787869,0.94898623,1.0494155,1.1962881,1.0379738,1.1392639,1.1571461,0.47644,1.0151188,1.1257641,1.1252366,0.9314279,1.0554159,1.3470037,1.1129987,0.997276,1.038446,1.265022,0.84477323,0.74422675,0.7510426,1.1698676,0.9700567,1.1749673,0.77372265,1.2871044,1.0999775,1.1404058,1.0133566,0.9849755,1.2250916,0.70721805
chair,1.2624029,1.080844,1.1326511,1.1025606,1.0736411,0.8791493,0.68284094,1.1913403,0.96189016,0.90445626,0.8190259,0.6707748,1.123176,1.1034015,1.1832625,0.9869671,0.71197844,1.0779228,0.64354867,0.42503184,0.91705114,1.0362765,1.088896,0.5089857,1.051413,0.8067013,1.0346441,0.0,1.044011,0.8614325,0.96566916,0.80650353,0.8950998,0.84963244,1.012023,0.93581474,1.1601883,1.3033098,0.7571316,0.9106446,0.996477,0.952747,1.2321202,0.8951218,1.0581113,1.311033,0.94650924,0.6819433,1.3028055,1.1785907,1.1035877,1.1035042,1.1992164,1.1485275,1.2689393,1.0554361,1.0882038,0.9800404,1.16772,1.0909581,0.85898006,0.80900323,0.6308909,0.72566783,1.086483,1.2122086,1.1289419,0.9421119,1.0047711,0.88407457,1.0025927,1.092758,0.7141592,1.1759421,0.6993121,0.9248624,0.8721948,1.0528384,0.90451115,0.8831973,1.0374994,0.7971511,1.1284953,0.79968834,1.0957241,0.9370936,0.8976359,1.0432143,0.8286277,1.0464015,0.8906295,1.0976655,1.0707765,0.99235713,0.63510925,1.0384318,1.0879232,1.0971638,0.8519014,0.9404336,0.7185452,1.0313512,1.1755288,1.2842089,1.1963971,0.85932565,0.93545336,1.1179392,1.162215,1.1834166,0.65848,0.9975042,0.9575566,0.8135807,1.0989518,0.9593039
chips,0.7942845,1.2835245,0.97647625,0.8048594,0.97697294,0.97385776,1.016847,0.9463914,1.0228841,1.070106,1.2473333,0.9833705,1.0598266,1.1845391,0.9396175,1.1409874,0.9259094,1.2578279,1.1212046,1.0353351,1.0383902,1.0072412,1.0089023,1.2640762,1.0146922,1.116173,0.99550974,1.044011,0.0,1.0195901,0.8496705,0.9437136,0.8642241,1.2189525,0.9487674,1.2532253,1.024921,0.8437185,1.0196166,0.8979681,1.0376285,1.1318523,0.92786247,1.153884,0.9425703,0.8435135,1.0528754,0.94135773,0.82287276,0.9332358,0.9404338,1.3109545,0.9835364,0.87239784,0.915679,0.68561655,0.91472787,1.2863169,0.96452534,1.0521116,1.0355774,1.1829855,1.1147041,1.1309987,0.84488505,0.7900506,0.9003608,0.8833843,1.1752753,0.9595658,1.2232987,1.177722,1.0707448,0.93988156,0.8700744,1.2179155,1.1651188,1.1179682,1.0227189,0.8419767,0.9236278,0.60142815,1.0880501,1.2028188,1.1154916,1.17612,1.1728303,1.2686025,0.9773031,1.0893368,1.1260371,0.9771234,0.9078053,1.2735994,1.2022678,0.90441084,1.2456065,1.2283728,1.1280217,0.6049475,0.8394635,1.224504,0.8374749,0.8766348,0.81403035,0.99282527,1.009994,1.0467515,0.81133866,0.9695104,0.9154657,0.94328934,1.1125121,1.2742496,1.3445777,0.9909656
clock,1.3674409,0.6591717,1.1449533,1.1024276,1.0946977,0.87834024,0.9945549,1.2025965,1.0359861,1.1597843,0.5261508,1.1746193,1.1352445,0.7297453,1.3077106,0.9824219,1.1530248,0.6447428,0.8211297,1.0631245,0.62745297,1.0407877,0.94453174,0.7400603,1.2175841,0.6645974,1.2157202,0.8614325,1.0195901,0.0,0.76181126,1.2037404,1.1823211,0.58225715,1.379381,0.7484415,1.2495626,1.2923087,0.86172897,1.2616831,1.1774706,0.55114293,1.0136894,1.0158796,1.149813,1.0681927,0.95234966,0.7816181,1.1704298,1.1341354,1.1103239,0.6376058,1.2077447,1.1675162,1.1865258,1.0003556,1.3425484,0.8472043,1.0828894,1.1637887,1.128019,0.7007608,0.9637651,0.5790128,0.9453678,1.3857169,1.2259477,0.7454953,0.72563607,1.0832506,0.6410769,0.76349384,1.1946745,1.2902373,0.99144924,0.6280703,0.65787846,0.7586466,1.260625,0.62451243,1.1543223,0.86629295,1.0745158,0.77312875,0.7787644,1.203262,0.8389556,0.6905377,1.1541582,1.0189937,0.9417766,1.3148595,1.1323384,0.71991646,0.61748374,1.268065,0.6134991,0.6707548,1.1741389,0.9851103,0.95576996,0.8735349,1.2074565,1.2284286,1.2403425,1.046703,1.1587914,0.8209963,1.2993176,1.1132126,1.1471417,1.062353,0.76401854,0.85279775,0.6794211,1.1543185
cookie,1.2141827,0.93207216,1.173831,0.86701894,0.78490937,0.5943191,1.0394987,1.2210146,1.1837226,1.3115733,1.0533822,1.2056919,1.2022648,0.9175229,1.1937652,0.9479141,1.1621146,1.0232728,0.9715748,1.1927242,0.32876766,1.0076016,1.0064704,1.0436455,1.1121981,0.85350513,1.2650709,0.96566916,0.8496705,0.76181126,0.0,1.2794968,0.7417592,0.9065141,1.2748371,1.0646414,1.1596729,1.1744926,0.96205854,1.2597097,1.0242915,0.64625823,0.9147624,0.9738834,1.0940728,1.1684636,1.0231055,0.93584484,0.9785304,1.1347357,0.9254637,0.95537144,1.2379696,0.9550399,1.1122259,0.6369066,1.1336466,0.98360544,0.9396907,1.1348912,0.94032717,0.9621972,1.0663171,0.9790642,0.836551,1.2257133,1.1791124,0.025474787,0.9796953,1.1568823,0.952383,0.70000625,1.234618,1.205791,1.0307741,0.9025328,0.90668255,0.71242714,1.1849486,0.7820681,1.2522383,0.5600562,0.9989906,0.7915679,0.701557,0.94488055,0.8800403,0.9656223,1.1763695,0.9776969,0.9121454,1.3150553,1.0443119,0.91173995,1.158233,1.0740939,0.9577289,0.98919684,1.0511302,0.73207486,0.88052917,0.96969205,1.113509,1.174119,1.1427982,0.9631979,1.0170596,1.171472,1.2502769,0.85797125,1.0606034,1.0592498,1.0933294,1.0305018,0.9246488,1.2055265
couch,0.6680322,1.371166,0.81727946,1.0160172,1.0381497,1.2304622,1.0202885,0.8177032,0.84596986,0.5926796,1.0983654,0.6852643,0.8744744,1.4758763,0.65217155,1.1124773,0.92963517,1.3947701,1.1248715,0.6746697,1.3699162,1.1291565,1.1809521,1.0627031,0.8593935,1.2153925,0.7112597,0.80650353,0.9437136,1.2037404,1.2794968,0.0,1.1497483,1.3126544,0.5291157,1.3290995,0.7350129,0.7225884,0.9034862,0.5593598,0.9037149,1.3998015,0.8974951,0.9881522,0.8592647,0.8180864,1.2106283,1.1638236,0.9663334,0.76240885,1.151541,1.336041,0.85202575,1.0195532,0.87063056,1.1874648,0.8064333,1.201257,1.0809808,0.80951846,1.1123712,1.2760539,0.93845993,1.0533942,1.1133287,0.62375736,0.63987494,1.2856526,0.98931736,0.9572056,1.3644842,1.2998703,0.79921067,0.6554218,1.0121363,1.3375342,1.2635981,1.2735509,0.52406895,1.2640718,0.9253226,1.1068145,1.151744,1.0888319,1.2699132,1.064549,1.2953178,1.3460047,0.7675128,1.1345121,1.3385149,0.6303256,0.9856425,1.3591492,1.0829977,0.81957614,1.2216389,1.3754606,0.97610486,1.121448,1.173221,1.3367078,0.6581421,0.72566545,0.7347148,1.0251431,1.0899498,1.2550219,0.687449,1.0213563,1.0872844,1.1031418,1.0522206,1.0913771,1.3819221,0.6362692
cracker,0.935841,1.2259855,1.1188706,0.91041946,0.9308663,0.82042307,0.9277719,1.1918721,1.0219082,1.1623034,1.2947577,0.9181746,1.2186344,1.1115456,0.98575693,0.9848485,0.94690067,1.2870884,1.0877377,0.9497654,0.84061754,1.1115743,0.9448202,1.0339503,0.90675575,0.92454123,0.9632541,0.8950998,0.8642241,1.1823211,0.7417592,1.1497483,0.0,1.0782834,0.9843987,1.23869,1.0236305,1.0157291,1.0171199,1.0234098,0.9383695,1.0221206,1.0359043,0.84366083,0.9605992,1.0380689,1.0737796,0.8427657,0.9526531,1.1452014,0.778214,1.1705227,1.0108595,0.9416223,1.034368,0.77027106,0.87149596,1.1540837,0.86538273,1.0548731,0.9403821,1.0340132,0.95547354,1.0207747,1.1281834,0.95677865,1.0702825,0.71988153,1.1220932,0.90898347,1.0835823,1.1009755,1.0604874,1.0839635,0.8467109,1.0350358,1.0132396,0.93903935,0.99765766,0.93340683,1.043761,0.78072345,1.0239574,0.9260463,1.1519802,0.75522316,0.8979341,1.2147969,1.1441336,0.96540105,0.8325033,1.0929517,0.84075785,1.1005161,1.2417965,0.90114236,1.1584847,1.2299027,0.90490013,0.6609312,0.7168715,1.1347915,1.078812,1.1558211,1.1276468,0.97625643,0.7134763,1.1575321,0.92263526,1.0317187,0.7641196,0.9224128,1.1822662,1.1565247,1.2112886,1.1426277
