,alligator,ankle,apple,arm,ball,balloon,banana,basket,bathtub,bear,bed,belt,bench,bib,bird,blanket,boat,book,bottle,bowl,box,bread,broom,bucket,butterfly,can,car,carrot,cat,chair,chips,clock,closet,coat,coffee,comb,cookie,couch,cracker,crayon,crib,cup,dog,doll,door,drawer,dress,ear,egg,elephant,face,finger,firetruck,fish,flower,foot,fork,frog,giraffe,glass,glasses,glove,grass,gum,hair,hamburger,hand,hat,helicopter,horse,hose,jacket,jar,jeans,knife,ladder,lamp,leg,meat,melon,milk,mitten,motorcycle,muffin,nail,napkin,necklace,nose,orange,oven,owl,pajamas,pants,paper,pen,pencil,pickle,pillow,pizza,plant,plate,pony,pumpkin,purse,radio,refrigerator,rock,rooster,sandwich,sauce,scarf,scissors,shirt,shoe,shorts,shovel,shower,sink,slide,slipper,snow,soap,sock,soup,spoon,sprinkler,strawberry,stroller,sweater,table,tape,toe,tooth,toothbrush,towel,toy,tray,truck,vacuum,watch,window
alligator,0.0,1.0698549,0.93388075,1.2539358,0.9280845,0.96300364,0.6006334,0.9485439,1.2982517,0.9956183,1.0976579,0.8968833,1.1645782,1.1578748,0.45518494,1.0974121,0.8870121,0.92586595,0.996031,0.9797188,0.99030936,0.98067194,0.92025554,1.0466846,0.31874478,0.9452801,0.9875485,1.0077747,0.9735612,1.085057,0.842175,0.9485631,1.0194703,1.0592234,1.1749445,1.0223739,0.8433778,1.1451614,1.0063212,0.94515204,1.0127919,0.9888288,0.83033764,0.8232569,1.0500221,1.044497,1.0361441,1.1572921,1.0863893,1.0512214,1.2296184,1.1808956,1.1382976,0.73848486,0.9252263,0.8579568,0.8099776,0.20815152,1.0644855,1.1357747,1.1214898,0.8326124,0.9307389,1.0868877,1.2761267,1.0577615,1.2988685,0.9244777,0.829776,0.8210982,1.0039501,1.0437691,1.0273864,1.0406998,0.96623605,1.1286411,1.086975,1.1789464,0.98773515,0.8753403,1.0501415,1.0894357,0.9335939,1.0165848,1.1592821,0.9017563,1.0814055,1.0947648,1.0537615,1.0731401,1.1122385,1.1615413,1.0453805,1.2018533,0.9878463,0.96951705,1.0337341,0.8956976,0.9673915,0.7087395,1.1081545,0.8124796,0.88548374,0.88868654,0.88846064,1.050845,1.0198729,0.69382393,1.0460489,1.1268921,1.11698,0.73513794,1.1766272,0.8190561,1.1771532,0.8694146,1.1734158,1.2251673,1.2040489,1.0210001,1.103364,0.8508927,0.92768395,1.0893065,0.8188991,1.0199326,0.93125904,0.8764442,1.13922,1.2354879,0.8844336,1.1578652,1.173966,1.0616115,0.82421577,0.7645333,0.94911635,0.9701435,0.948983,1.1267629,1.1220562
ankle,1.0698549,0.0,0.87724924,0.92460597,0.8466768,0.8889327,0.95707524,0.99489,1.1969517,0.9056194,1.1962351,0.8909076,1.1234579,1.0953827,1.0644021,1.1768807,1.1279913,1.1237851,1.0500424,0.9759272,1.1534485,0.956739,1.046325,1.1277437,0.9992155,0.8462695,1.1288459,0.6908139,1.1148974,0.938252,1.0098526,1.0087982,0.87286335,0.9127791,0.8595247,1.0733389,0.92474926,1.1156237,1.1733173,1.008733,1.1488707,1.0324056,1.162484,0.918799,1.1807771,0.96804357,1.0829519,0.57908034,0.7505036,1.1747338,1.0868642,0.53753316,1.1873863,0.97872585,1.1135297,0.58119226,0.9830426,1.0341384,1.1409439,1.0090262,0.86023194,0.7783405,0.9857651,1.0600059,1.0960011,1.1891025,0.7327243,0.72522753,1.1630324,1.1583672,1.1610698,0.97028434,1.0536543,0.9096444,0.99914455,1.1319578,1.0072697,0.91782445,1.1116238,0.8259706,1.1444874,0.79937255,0.95766914,0.9214274,0.7651298,1.0428225,0.7262233,0.6936544,0.74484247,1.0645328,1.1145945,1.1568453,0.95302314,1.2298003,1.0573802,1.0149599,0.965612,0.80992746,1.1350754,1.0637741,1.0826137,1.1087275,0.9092398,0.9931649,0.99188244,1.1392399,1.0161744,0.9365864,1.174308,1.206056,1.0714338,1.0308546,1.1118209,0.66576755,0.8133431,0.7461411,1.110355,1.1873952,1.2434794,0.7576747,1.2003992,0.9781706,0.9113477,1.1063132,0.8551755,1.1094184,0.79185784,0.9478692,1.1143193,1.2888335,0.8003217,0.6021881,0.8109295,0.98939633,1.0542539,1.0007602,1.1747725,1.1038913,0.93755853,0.9585015,1.2296497
apple,0.93388075,0.87724924,0.0,1.4383562,0.5301968,0.42239082,0.8564937,0.7314327,1.5137019,0.9400385,1.349098,0.5145702,1.5101142,1.3944087,0.72184473,1.490375,0.9793228,0.6525887,0.23530978,0.24242628,1.2021396,1.0362551,1.2094779,0.78634846,0.5744653,0.47473884,0.80315053,0.87188685,1.0703716,1.3560237,0.78837544,0.964039,1.2138643,1.1757387,0.92039883,1.1799439,0.82301855,1.4606622,1.2024622,0.2688855,1.2770003,0.24124157,1.3589684,1.0176564,1.2436339,1.1484166,1.3493037,0.84918445,0.43268108,1.389709,1.253185,0.6667004,1.2142652,0.9709812,0.7891146,0.85185957,0.76606864,0.730838,1.1628025,1.2336694,0.44094622,0.790637,0.9383686,0.93207264,1.3465934,1.2037618,1.2684777,0.28857636,1.0654393,1.2437173,1.5207086,1.2737999,0.75872433,1.4080563,0.88746834,1.281151,0.9653406,1.3057353,1.374761,0.29458988,1.0926594,1.3026133,1.0789199,0.84274775,0.29957682,1.1149268,0.6570225,0.9153071,0.26999724,1.2464314,1.3435503,1.4722246,1.4306318,1.4060746,0.33878016,0.4110489,1.2615057,0.6637135,1.0575515,0.71874666,0.5407128,1.3119476,0.32807314,0.9870077,0.72615737,1.2663119,1.1295013,1.0514102,1.3276887,1.2821788,1.2842813,1.166533,1.4860748,0.7717681,1.3055445,0.65248114,1.2950158,1.106279,1.4228338,0.29051405,1.2607731,0.5825887,0.90144765,1.1483812,1.0578209,0.8551041,0.95536023,1.2578539,1.3001046,1.52248,0.40792835,0.57288957,0.8905975,1.0776639,1.0980788,0.7888704,0.94225514,1.0467297,0.8919201,0.33229107,1.2101296
arm,1.2539358,0.92460597,1.4383562,0.0,1.2644639,1.3444476,1.2516754,1.4094898,0.7400664,1.0357273,0.9195433,1.3520958,0.74058163,0.5749308,1.3281296,0.70600235,1.1287507,1.4241679,1.489331,1.544551,1.1780685,1.0721476,1.1234701,1.355076,1.446038,1.4663118,1.173388,0.8909915,0.99074244,0.8638143,1.3377533,1.2281308,0.76877326,0.85903776,1.130156,0.9003096,1.2934092,0.6480517,1.0284206,1.4709723,1.0000981,1.4952395,0.74437135,0.9067005,0.9928907,1.1426293,0.69479203,0.93114734,1.2751663,0.68917274,0.65629137,0.8707992,0.680226,1.2087128,1.1801301,0.90333575,1.4018157,1.3689259,0.9434832,0.7995961,1.2458056,1.0728574,1.1341839,1.0653942,0.54807305,0.93815696,0.29681897,1.3780117,1.1251248,0.79979,0.7049463,0.8449156,1.2944613,0.5194981,1.1948249,0.9212156,1.191799,0.4244411,0.69536203,1.334619,1.1288093,0.5944895,0.9418087,1.1504555,1.2678056,1.1327296,1.0966996,0.89297235,1.1877236,1.0348258,0.6370223,0.50975573,0.5091971,0.8379534,1.4413826,1.4055915,0.7460139,1.3084671,1.1822414,1.2930219,1.4510746,0.7917797,1.2582315,1.1396534,1.331815,0.9469272,1.0077208,0.96577525,0.84264266,0.9322317,0.6678694,1.148742,0.39514434,1.1713954,0.40602142,1.3189366,0.7674114,1.1178672,0.7031203,1.3141477,0.8617955,1.3239098,1.1689144,1.0479566,1.1842424,1.1185607,1.0446266,0.82120216,0.6573153,0.6541839,1.540532,0.9141511,0.94822013,0.98671114,1.1828327,1.2849925,1.2728579,0.9959194,1.1777762,1.2670481,0.98401624
ball,0.9280845,0.8466768,0.5301968,1.2644639,0.0,0.19913393,0.9625264,0.8983399,1.3355646,0.95296264,1.2382855,0.9450062,1.3297675,1.1863539,0.87089115,1.262403,0.8987866,0.86455584,0.6288446,0.7210711,1.226274,1.1790308,1.2206427,0.79994106,0.7238002,0.8422743,0.9050966,1.1008704,1.1079539,1.2704407,1.0370153,0.87217855,1.2299553,1.1252551,0.885799,1.1365727,0.95286727,1.247705,1.1400896,0.74274933,1.2205646,0.6079116,1.1044147,0.8592565,1.2184896,1.1828301,1.1056387,0.97373766,0.47768784,1.1731449,1.0980895,0.90431213,1.1869209,0.8729114,0.7764579,1.0357488,1.0391246,0.72879726,1.111516,1.0331889,0.8319707,0.7637596,1.0278708,0.80979156,1.1607549,1.1459533,1.1483827,0.59690785,0.9053784,1.102965,1.1971612,1.1806623,0.7899463,1.266415,1.0239755,1.1823797,0.92382276,1.1787698,1.1965938,0.61887103,1.0001704,1.0299826,0.9976261,0.9079922,0.580312,1.2621567,0.9316697,0.9821356,0.70662755,1.2150996,1.223162,1.176958,1.3069456,1.2048285,0.81193256,0.84402883,1.0125126,0.97657883,1.083753,0.91601014,0.93671334,1.1175061,0.59149635,0.93176776,0.8649725,1.0807698,1.1539931,0.9946264,1.1696916,1.1224368,1.15302,1.0818769,1.2713194,0.7957009,1.1661464,0.99372524,1.1929337,1.1921984,1.2038739,0.7658109,1.0527196,0.91177094,0.8709415,1.1529186,1.1751453,0.84950274,0.8949981,1.0881276,1.2395551,1.2739174,0.38152105,0.8641175,1.1250411,0.94496053,1.209825,0.5377753,1.0580267,0.9827732,1.0145769,0.7675994,1.1449894
balloon,0.96300364,0.8889327,0.42239082,1.3444476,0.19913393,0.0,0.98477465,0.8864893,1.3450533,0.8208857,1.2129257,0.73423606,1.331176,1.2737116,0.8883027,1.3502046,1.0199071,0.8411205,0.49233484,0.54551494,1.2588302,1.1308484,1.1905283,0.7913033,0.64190966,0.6640218,0.9137106,1.0254215,0.95941126,1.2348276,0.9700025,0.93332857,1.1847384,1.1513819,0.88851136,1.1802497,0.8389826,1.2673969,1.146903,0.5490241,1.1616852,0.4807635,1.197802,1.0991571,1.2485349,1.132529,1.2162349,0.95765114,0.51340103,1.2109885,1.1162758,0.8519657,1.2088932,0.95189106,0.8655369,1.0155659,0.9592053,0.7986127,1.0851551,1.1294961,0.6765632,0.892158,0.89175916,0.9232587,1.2164956,1.162247,1.2458913,0.56030273,1.0152719,1.167373,1.2777413,1.1908027,0.8252443,1.2838291,0.96847206,1.2047436,0.9073056,1.2150962,1.2831805,0.5987772,1.0861685,1.2500005,1.1786926,0.9227783,0.494061,1.2073929,0.8192793,0.9569024,0.6035,1.2366536,1.2900015,1.274464,1.3068901,1.259688,0.60765857,0.6547902,1.0665629,0.8447702,1.0592068,0.9264137,0.7856185,1.1845126,0.5984855,1.0429771,0.87373704,1.1845922,1.0949848,1.1416099,1.222456,1.2009153,1.190557,1.1279839,1.2992959,0.80033743,1.2239082,0.83345604,1.1513128,1.1313035,1.268151,0.5606045,1.1459174,0.7444173,0.86928844,1.1042612,1.1117548,0.7697046,0.9590539,1.2763795,1.1902124,1.320403,0.38371927,0.787898,0.979297,1.0465908,1.1975081,0.80224144,1.0674644,1.0164717,0.9668047,0.56595147,1.0828688
banana,0.6006334,0.95707524,0.8564937,1.2516754,0.9625264,0.98477465,0.0,0.9055531,1.1731019,1.1118119,1.2592884,1.0447617,1.2240914,1.0491163,0.8181857,1.1072375,0.92852306,0.77319455,0.8949232,0.9095545,0.9139227,0.8062984,0.77386665,0.9028702,0.8319959,0.9767702,1.057,1.0422572,1.2389303,1.1304973,0.67450774,1.0320954,1.1617055,0.92036855,1.1085325,1.0595473,0.9778263,1.2324803,0.77993155,0.9482205,1.194555,0.909889,1.1415851,0.80731726,1.0724063,1.0667176,1.0896473,1.0669061,0.8339209,1.2570975,1.1644708,1.0835911,1.136539,0.93190396,0.8466623,0.95709044,0.8588867,0.74627906,1.1174288,1.079921,1.0428293,0.748038,1.1400226,0.9789376,1.2299541,0.9520496,1.174433,0.8874705,0.888915,1.1505436,1.1309462,0.92990506,0.7869518,1.1788847,0.8956429,1.1199121,1.063033,1.1474788,1.0626034,0.7923656,0.89235544,0.9058791,1.0503244,1.0903527,0.95994055,0.76273227,1.0971528,1.0877151,0.9698731,1.0088569,1.1318719,1.2223228,1.2029188,1.0930805,0.9610147,0.9647967,1.008472,0.97124785,0.7581792,0.7672832,0.9180696,1.0986679,0.77688205,0.83224344,0.8734698,1.0259633,1.1567292,1.0777171,0.90972906,0.9973287,1.0660813,0.79231024,1.2126192,0.74480295,1.1580614,0.7107384,1.1977645,1.0442238,1.1556982,0.9839043,1.2303677,0.94796866,0.9324218,1.0629327,0.8892448,1.1105951,0.9894719,1.0464358,1.1306163,1.1607555,0.8097247,1.0296868,1.0383971,0.92320305,0.7315972,0.74266046,0.75850964,1.0318949,0.9498405,1.0629557,1.140212
basket,0.9485439,0.99489,0.7314327,1.4094898,0.8983399,0.8864893,0.9055531,0.0,1.2459092,1.0915158,1.0236518,0.6686108,0.97065085,1.1642363,0.84079677,1.0735719,1.0000815,0.5306542,0.6136874,0.58744764,0.59002537,1.0978696,0.99273133,0.5261613,0.84001017,0.37498677,0.88491046,1.1442633,1.0365516,0.7597427,0.9210683,0.8520105,0.99682236,1.1544045,1.0533745,0.8506548,0.8871918,1.0618142,1.0750747,0.7624843,1.0083483,0.56635916,1.212556,0.95004076,0.8653139,0.71834713,1.0694997,1.0681467,1.025545,1.2476947,1.3668453,1.139891,1.1506699,1.0702568,0.8096405,0.9895342,0.69573015,0.95903754,1.0358598,1.2105908,0.9732947,0.68167907,0.9522859,1.0727513,1.400528,1.1151967,1.3533673,0.7668363,1.0740927,1.2323822,1.1886953,1.0751365,0.72116446,1.2668257,0.9480944,0.73273134,0.972055,1.2905716,1.1669397,0.8698141,0.86504173,1.1396681,1.073591,0.7867824,0.9206456,0.8817454,0.9696513,1.2844229,0.87997764,0.7944177,1.1653177,1.2330406,1.2642325,1.0992066,0.77214164,0.7880281,1.313258,0.57893574,1.0080909,0.775002,0.81915545,1.2605034,0.79591525,0.5910346,0.4928031,0.8560769,1.0030724,1.1149529,1.1669576,1.197931,1.2708657,1.0055294,1.3798306,0.8499727,1.288796,0.68139744,1.1899599,0.93338364,1.1420863,0.8011458,1.1424764,0.9248474,0.8871106,1.1327475,1.0300863,0.97551316,1.1798062,0.9764135,1.3179126,1.1517518,0.69691116,1.0502796,1.2008113,1.0108128,0.7803937,0.79055756,0.6572003,0.8789118,0.60743386,0.9044191,0.9838132
bathtub,1.2982517,1.1969517,1.5137019,0.7400664,1.3355646,1.3450533,1.1731019,1.2459092,0.0,0.9971552,0.5575702,1.4024196,0.45899445,0.80531114,1.3188553,0.6091875,0.9155276,1.2204428,1.4118718,1.3421569,0.8166125,1.0123669,0.9809168,1.1080903,1.448066,1.3486048,1.099281,1.2689834,0.9058367,0.70805687,1.2087516,1.0516949,1.0188274,1.0765867,0.6860362,1.0098487,1.1543329,0.5462054,0.87180287,1.4593675,0.65111923,1.4061196,0.84456515,1.1672914,0.8586013,0.87026083,0.96630377,1.2922425,1.2574874,0.7155926,0.82913864,1.3806598,0.90559155,1.1159416,1.170866,1.3592131,1.2560391,1.3542006,0.85839814,0.68063056,1.4417145,1.301053,1.0513722,1.0226746,0.8182851,0.70228195,0.90327704,1.5474498,0.9647975,0.9233093,0.56309366,0.9200513,1.056957,0.78441167,1.0757444,0.8316377,0.8413438,0.87270504,0.79974484,1.4436264,0.9263138,0.87225544,1.0856434,1.0852326,1.4220759,0.96413976,1.3873171,1.2254144,1.4857833,0.7761595,0.7504086,0.75116926,0.80544007,0.6029576,1.377241,1.3891361,0.8332537,1.3244691,0.9949216,1.3090916,0.87218744,0.9138688,1.4997578,1.1058668,1.2585894,0.85507584,0.8613448,1.1002612,0.7402397,0.6242965,0.8404467,0.99633175,0.6673806,1.3397989,0.8710242,1.3405124,0.62898374,0.2907387,0.57382613,1.5306398,0.73724276,1.300792,1.1068739,0.7303175,1.003048,1.054907,1.0275663,0.9606296,0.5720135,0.27968907,1.3578603,1.4412317,1.1025302,1.0549471,1.0668683,1.2413559,0.87841755,1.0687467,1.137696,1.3682446,0.8542743
bear,0.9956183,0.9056194,0.9400385,1.0357273,0.95296264,0.8208857,1.1118119,1.0915158,0.9971552,0.0,0.92559206,0.6391427,0.9684837,1.1216623,1.0063392,1.0281838,1.0300605,1.1771941,1.0991164,0.9565859,1.2577351,1.0221342,1.0061891,1.1993045,0.954792,0.90301645,0.97154635,1.0031543,0.3651191,1.0292121,1.0232047,1.0727496,1.0781233,1.0621387,0.8699516,1.0313176,0.8409908,0.96806693,1.062184,0.87930906,0.86241686,1.0866433,1.0367715,1.3290398,1.1888858,1.0777338,1.2003459,1.038492,0.98821753,1.0027926,1.0444384,0.96549016,1.1107763,0.93206257,1.1734242,0.9565397,0.9792415,1.0338032,0.68166363,1.1069639,0.9278093,1.1393605,0.37748003,1.2213464,1.0656382,1.0718601,1.0446663,0.9376355,1.0827068,0.9965076,1.0054375,0.88004375,1.187822,0.9028617,1.0182554,1.1390756,0.950999,1.1519002,1.3214617,0.9845453,1.25758,1.1548415,1.1411333,0.8373281,0.93059975,1.1321257,0.83511794,0.8843936,0.9272495,1.1043116,0.8804879,1.0999981,0.95207,1.2303286,0.89802796,0.90647376,0.9279781,0.75463384,0.92590183,1.1685327,0.97225004,1.1123385,1.1373738,1.230109,1.102952,1.2168746,0.5518028,1.0376124,1.1774614,1.184279,1.1386392,1.1212885,0.9450118,1.0709189,1.0877817,0.89341927,1.0062487,1.0291102,1.0324671,0.88554096,0.9222895,0.7625835,1.0960078,1.0914207,0.93081975,0.8577454,1.1068344,1.2039129,0.92732525,1.0554154,0.9420332,1.0151098,0.945176,1.0950482,1.1873941,1.2679303,1.2080754,0.95896786,1.0798472,0.89032185,0.9430841
bed,1.0976579,1.1962351,1.349098,0.9195433,1.2382855,1.2129257,1.2592884,1.0236518,0.5575702,0.92559206,0.0,1.1754782,0.5390213,0.9076101,1.134268,0.53070337,0.89783657,1.0459496,1.3244267,1.2351698,0.7642101,1.0672933,0.9735412,1.1373608,1.220814,1.2107861,0.98893297,1.2396348,0.81584513,0.78091073,1.1983532,1.0762057,1.0341563,1.0350404,0.98033863,1.0046239,1.0318906,0.5596118,0.9649795,1.2958081,0.09791827,1.2900012,0.859406,1.1832154,0.95188147,0.86262876,0.9583805,1.329346,1.3568647,0.7583484,0.93768454,1.3867791,0.96635157,0.99001825,1.218367,1.20253,1.1554675,1.1508399,0.8506237,0.8421337,1.3719937,1.2255939,0.7884241,1.112526,0.92917585,0.85221505,1.0692931,1.4404839,0.9943408,0.8871759,0.69146276,0.7692653,1.1603928,0.8510211,1.1165835,0.7800868,0.9637131,0.96260065,0.8945129,1.375431,1.0888053,0.9637657,1.0012383,1.0085696,1.4306939,0.9184677,1.350313,1.23338,1.4329205,0.8957641,0.9412985,0.7607813,0.93403625,0.70541644,1.2213478,1.2292557,1.0340452,1.0081673,1.0165125,1.2678552,1.1222625,0.90598667,1.4155111,1.0297624,1.1066666,0.96010715,0.6688956,1.0296123,0.75191015,0.8682476,0.86109006,0.98419464,0.826688,1.1598005,1.0052904,1.3619128,0.6840109,0.7811037,0.5908013,1.3745711,0.56291944,1.1219541,0.9488977,0.9871317,1.1079197,1.000678,1.1038502,1.0254585,0.8266561,0.5868808,1.2810867,1.4126503,1.1503088,1.1497864,0.9452803,1.1602651,0.92625034,0.9572555,1.1918516,1.2809666,0.8020656
belt,0.8968833,0.8909076,0.5145702,1.3520958,0.9450062,0.73423606,1.0447617,0.6686108,1.4024196,0.6391427,1.1754782,0.0,1.2604995,1.351275,0.84561515,1.4257855,1.2201471,0.7179053,0.5352962,0.38290393,1.1028222,0.99155813,0.986778,0.9350228,0.6295209,0.31614244,0.8553831,0.6968627,0.6004045,1.0832736,0.79464096,0.9657596,0.98359674,1.066041,0.8576955,0.9836639,0.62665963,1.3163989,1.1603498,0.29047287,1.0414231,0.50945485,1.4093789,1.3335364,1.1138785,0.8775787,1.2977374,0.75451255,0.90062624,1.3725115,1.3350847,0.6743289,1.2350895,0.95804375,1.0838213,0.69826144,0.57347894,0.82819515,1.057254,1.3067731,0.49427688,0.9136849,0.62940645,0.9986499,1.376873,1.277836,1.1676911,0.5503653,1.1542349,1.2955194,1.3219033,1.1698661,1.029752,1.1719571,0.83276397,1.2165928,0.9312673,1.2739263,1.3641636,0.63591117,1.1636589,1.4191866,1.1736425,0.7905982,0.58445835,0.99849075,0.41841108,0.8939542,0.51523745,1.1513304,1.275762,1.4019816,1.1750575,1.3123938,0.33951384,0.34923196,1.2292627,0.4172904,1.0206189,0.8638958,0.6062399,1.3932724,0.8477816,1.1669723,0.7350688,1.2744802,0.9135083,1.1635927,1.4197044,1.3363357,1.2989511,1.0355661,1.3847013,0.9683842,1.1889528,0.55142,1.2846488,1.0469102,1.4274019,0.31019437,1.2260251,0.44974554,0.99087846,1.1190069,0.8459354,0.7347475,1.0112282,1.2597754,1.3018987,1.4373376,0.6870625,0.64153194,0.7870258,0.98175,1.016797,1.1771353,1.0629963,1.0910065,0.78927475,0.4050641,1.0612848
bench,1.1645782,1.1234579,1.5101142,0.74058163,1.3297675,1.331176,1.2240914,0.97065085,0.45899445,0.9684837,0.5390213,1.2604995,0.0,0.9097844,1.2904003,0.52566713,0.8803042,1.1270324,1.5222096,1.3970518,0.5664325,1.1498306,0.9363829,1.1458342,1.4201231,1.1214828,0.9938044,1.2177593,0.8168039,0.26553476,1.3444166,1.0774534,0.772832,0.9692753,1.0027398,0.9885183,1.1730465,0.182271,1.0368882,1.4862279,0.6001479,1.4653503,0.73484516,1.0970893,0.7459966,0.50567377,0.89799845,1.2602781,1.3998849,0.6419842,0.9007518,1.3951246,0.81596196,1.1137344,1.1884215,1.143908,1.30793,1.3705877,0.94318974,0.9851516,1.432478,1.2236217,0.98388284,1.2941016,0.85867834,1.0230407,0.9096142,1.4997487,1.1097525,0.7866969,0.55001205,0.8317571,1.262446,0.58547825,1.0815789,0.44341958,1.0392293,0.8226165,0.84001696,1.5128243,1.0760506,0.8567633,0.9250997,1.0523244,1.5754644,0.99275064,1.400522,1.2234261,1.5116197,0.5311689,0.805982,0.7633964,0.65641165,0.7462172,1.3893294,1.3661109,0.96370995,1.029131,1.1973786,1.230718,1.2861395,0.7833934,1.4879835,0.88348544,0.9893688,0.79979646,0.8351723,0.95853627,0.809896,0.8785871,0.8472264,1.0018795,0.7005731,1.2646315,0.78511906,1.3218542,0.66072106,0.6784848,0.45136368,1.493999,0.76543045,1.2753768,1.000131,0.97253025,1.106321,1.1370777,1.1349727,0.7419921,0.73900473,0.43402255,1.429431,1.4315469,1.1833336,1.1541355,1.0127784,1.2080555,0.8523473,1.060024,0.87073207,1.4247551,0.73780197
bib,1.1578748,1.0953827,1.3944087,0.5749308,1.1863539,1.2737116,1.0491163,1.1642363,0.80531114,1.1216623,0.9076101,1.351275,0.9097844,0.0,1.1390967,0.5942736,1.0141517,1.2060645,1.3396001,1.4599595,1.103307,1.0952756,0.9481565,1.0903022,1.2931106,1.3170614,1.2037592,1.1989479,1.047392,0.8494565,1.1132791,1.1560589,0.9416588,0.86135757,1.1691039,0.99373966,1.2795804,0.7977048,0.9860251,1.4670177,1.0235294,1.3676001,0.7919288,0.6772095,0.9668575,1.2265906,0.23263192,1.0409214,1.2101991,0.86873907,0.7890438,1.1231115,0.8375432,1.1305726,1.0658004,1.0096117,1.2705024,1.2179228,1.0240635,0.9316993,1.3112595,0.902516,1.1032633,1.0496682,0.61892265,0.8900963,0.74751437,1.2702427,1.018765,0.9283258,0.9092411,0.62296486,1.1170957,0.6478315,1.26599,0.9513004,1.145743,0.8491305,0.8587878,1.2927799,0.94329286,0.5931325,1.0063109,1.1269917,1.2933729,0.947018,1.1238664,1.1102176,1.218503,1.0155712,0.6915904,0.16108704,0.6750391,0.7380192,1.4661086,1.4680823,0.8923804,1.165568,1.0180775,1.1555614,1.336097,0.84587336,1.2262461,0.9702857,1.2352622,0.81601053,1.043677,0.9981459,0.8834517,0.74449646,0.47494966,1.1169122,0.39295888,1.0569717,0.633556,1.1851976,1.0154597,1.0950357,0.804885,1.3581356,0.82538104,1.3740327,1.0726992,1.0742,1.2093403,1.1785145,1.1347686,0.7132399,0.7634022,0.7074307,1.3320603,1.1884924,1.1217957,1.0032457,0.9229199,0.9752772,1.1124701,0.9769746,1.1593021,1.3428028,0.98503065
bird,0.45518494,1.0644021,0.72184473,1.3281296,0.87089115,0.8883027,0.8181857,0.84079677,1.3188553,1.0063392,1.134268,0.84561515,1.2904003,1.1390967,0.0,1.1879804,0.87640154,0.77317774,0.78845894,0.78840834,0.95824873,1.0856652,1.0155154,0.8825497,0.41242516,0.8357625,0.91738546,1.100941,0.9987613,1.2421374,0.82472897,0.7603209,1.1318139,1.2239556,1.0739878,0.97411436,0.87467843,1.2973614,1.1046481,0.80795205,1.0632017,0.79199404,0.9752756,0.86597705,0.9765151,1.0617918,1.1588199,1.1330165,0.9407202,1.046139,1.2306598,1.0949229,1.1032681,0.7956419,0.74318355,0.9408829,0.62650543,0.43271255,1.0471139,1.163994,0.98024625,0.77870786,1.034239,1.122828,1.2712922,1.1297896,1.3301263,0.75587803,0.8789335,0.9195912,1.1382959,1.1929702,0.8719549,1.3081377,0.8006401,1.1256938,0.78386474,1.2925472,1.078216,0.83963454,1.0146043,1.1574768,0.96987134,0.97783303,0.86968076,0.9920002,0.99745756,1.1386551,0.83064514,1.1297683,1.0894095,1.2726303,1.2991784,1.144862,0.82103395,0.8188102,1.1979866,0.7751583,0.9968157,0.6213062,0.8904716,1.0037509,0.79818344,0.80438584,0.7821967,1.0415496,1.0492214,0.5942291,1.1212162,1.1226233,1.2111505,0.75972015,1.3253438,0.6903008,1.3582311,0.7789588,1.2119894,1.0936832,1.2852075,0.88732255,1.1006726,0.9265889,0.8992577,1.0330975,0.68866235,0.9822014,1.0869931,0.91048133,1.2595346,1.3243228,0.7448946,1.0550414,1.1778394,0.9723268,0.89666307,0.7752162,0.80153537,1.016686,0.8718238,0.95953375,1.0097889
blanket,1.0974121,1.1768807,1.490375,0.70600235,1.262403,1.3502046,1.1072375,1.0735719,0.6091875,1.0281838,0.53070337,1.4257855,0.52566713,0.5942736,1.1879804,0.0,0.8914235,1.2680243,1.5287894,1.5125827,0.9179665,0.8498727,0.86488205,1.2381608,1.452899,1.4540915,1.1638169,1.3221135,0.93632704,0.8197119,1.1382983,1.1397986,0.9440172,0.8858035,1.0575193,0.97105855,1.1317964,0.41844642,0.83860075,1.5601935,0.7010286,1.5406796,0.6440704,0.8840741,1.0665495,1.0523444,0.69775033,1.2664471,1.3466383,0.6912453,0.9001591,1.3937612,0.91690934,1.0141376,1.1416314,1.1292174,1.3414307,1.2642621,0.95053774,0.9743539,1.4620377,0.9096123,0.9619764,1.2078695,0.849001,0.83707386,0.9123821,1.5091215,1.0555393,0.8414536,0.63840246,0.55665475,1.203393,0.628055,1.2728199,0.84373695,1.1188881,0.8163812,0.79852426,1.3816619,1.0306443,0.52166414,1.002217,0.81753325,1.497036,0.6584744,1.3918095,1.208205,1.4173876,0.9566713,0.5921025,0.53943527,0.7239651,0.6612679,1.4976135,1.5013921,0.9142171,0.99076205,0.86527646,1.2758604,1.2722151,0.7709471,1.4319024,0.88011473,1.2670493,0.90357244,0.794192,0.9666102,0.53381455,0.74615425,0.6694541,1.142514,0.6305668,1.074748,0.7630198,1.3933765,0.8078878,0.9005157,0.5778085,1.5183852,0.62687314,1.3147386,1.1313831,0.89188564,1.1810467,1.1281312,1.1570871,0.8243295,0.7714106,0.54238564,1.4642222,1.4277179,1.2108513,1.2247548,0.62287146,1.1301266,0.9724447,1.0314056,1.2725742,1.4389808,0.94014156
boat,0.8870121,1.1279913,0.9793228,1.1287507,0.8987866,1.0199071,0.92852306,1.0000815,0.9155276,1.0300605,0.89783657,1.2201471,0.8803042,1.0141517,0.87640154,0.8914235,0.0,0.90096796,1.0890371,1.1327313,0.84104013,1.0783743,1.1007049,0.91865754,1.0061984,1.174842,0.767073,1.1647056,1.0877558,0.97108793,1.087451,1.0003679,1.2276766,1.2204704,1.0863876,1.0151973,1.0965999,0.8947727,0.9938762,1.1053485,0.89395756,1.0826672,0.9348139,0.7803204,1.0587167,1.0165006,1.0101479,1.2588154,0.9769416,0.93476355,0.9818542,1.2701015,0.9299569,0.55178463,0.9167734,1.1272545,1.0351206,0.7457435,0.9660899,0.96039313,1.1994402,0.9799882,1.0540166,0.9035052,1.0488881,1.0240247,1.1524706,1.0600642,0.75683093,0.87465096,0.844853,1.0717838,1.0496907,1.1322062,0.9724909,0.9711947,1.0381227,1.0667852,0.9678959,1.1155236,0.95637614,0.9403815,0.85179484,0.9952057,1.1587238,1.098525,1.2860798,1.1739937,1.1868751,0.9391413,1.0526735,0.9906804,1.2167633,0.9649162,1.094505,1.1232508,0.8650179,1.0484433,1.0525758,1.0339501,1.0873407,0.947589,0.95635283,0.7568469,0.879571,0.9672127,1.0028173,0.88014114,0.8951533,0.955639,0.99987274,0.83746505,1.1151448,0.95671856,1.2024986,1.1898849,1.0425663,0.9393788,0.8467829,1.2012118,0.86607766,1.1032417,0.83105636,1.0631231,0.98750955,1.0435255,1.0061046,0.84840107,1.0715231,0.94007826,0.8636035,1.279044,1.2440884,0.95878035,1.0484766,0.58929396,0.8254082,1.0332204,1.0342269,1.167883,0.9763052
book,0.92586595,1.1237851,0.6525887,1.4241679,0.86455584,0.8411205,0.77319455,0.5306542,1.2204428,1.1771941,1.0459496,0.7179053,1.1270324,1.2060645,0.77317774,1.2680243,0.90096796,0.0,0.510216,0.45110238,0.5117472,1.0281892,0.9282406,0.5241181,0.72175187,0.57294357,0.7961061,1.0024354,1.2321694,1.0409584,0.78363943,0.8179226,1.2905513,1.1882232,0.97261864,0.89438826,0.78454065,1.2927425,1.0864019,0.60140264,0.96648484,0.4931196,1.3613747,1.0017174,0.8798509,0.6614586,1.2170477,1.148509,0.82379395,1.3781862,1.4074174,1.0615623,1.1644766,0.9717596,0.7768039,0.9616938,0.46983945,0.8402582,1.1996214,1.1530416,0.9365202,0.8139508,1.1393005,0.7953696,1.4783819,1.0645008,1.3064611,0.7818303,0.897228,1.3575695,1.3505076,1.2901415,0.7037821,1.4580624,0.5651661,0.9779655,0.9273147,1.2842648,1.0936749,0.8555305,0.75279176,1.3208991,1.1316187,0.99475336,0.7852964,0.77048343,0.97488433,1.2701218,0.8241861,0.744887,1.4221293,1.3725209,1.4805739,0.7266274,0.5551642,0.57587194,1.32003,0.5808802,0.92487097,0.77390105,0.5416482,1.3624997,0.7708228,0.72330415,0.41888833,0.80675066,1.2380117,1.1792402,1.1290563,1.1019715,1.3091621,0.7821647,1.5347838,0.7886143,1.352891,0.7227299,1.3509994,0.76879656,1.2721908,0.7837871,1.1774762,0.8788162,0.62244797,1.1162386,0.80656517,1.0112785,1.0480491,1.1748211,1.3183386,1.1817847,0.5696652,0.9807126,1.1685586,0.7253301,0.7273704,0.7300112,0.31624985,1.0467308,0.7521285,0.8412051,1.0232627
bottle,0.996031,1.0500424,0.23530978,1.489331,0.6288446,0.49233484,0.8949232,0.6136874,1.4118718,1.0991164,1.3244267,0.5352962,1.5222096,1.3396001,0.78845894,1.5287894,1.0890371,0.510216,0.0,0.19271481,1.1015621,1.0805391,1.1393517,0.4380976,0.556651,0.36161506,0.7928418,1.024481,1.1120805,1.2883484,0.8312512,0.8898287,1.205125,1.2456348,0.94821036,1.0119003,0.9068766,1.5078764,1.117891,0.25227082,1.2765062,0.045895875,1.3895744,1.0642679,1.0563346,1.1000257,1.2767026,0.9422083,0.6228949,1.4110599,1.3085382,0.8332708,1.2199528,1.0562185,0.71612525,1.0305287,0.6476688,0.8149861,1.1022296,1.09605,0.488828,0.7870831,1.0394309,0.83398896,1.381577,1.1548352,1.3743461,0.4041357,0.98741674,1.314101,1.4750398,1.3146634,0.55916333,1.5123078,0.8043711,1.1598339,0.90354097,1.3200132,1.3188024,0.4918707,0.7856799,1.4121705,1.2241311,0.93329895,0.36332595,1.0569007,0.7472695,1.0571295,0.449736,1.1018903,1.3764083,1.4405127,1.4576323,1.2565906,0.30068207,0.3911004,1.2921208,0.74055576,1.0371866,0.6776882,0.47059405,1.352952,0.4264927,0.9367963,0.6478238,1.0480685,1.2094932,1.2271264,1.3164141,1.2517085,1.3360138,1.1195574,1.5193837,0.7780458,1.3891587,0.6369397,1.2765467,0.9600105,1.4123824,0.3388151,1.2516334,0.7810968,0.8557718,1.1073993,1.0412889,0.78069645,1.0789938,1.2875732,1.3298203,1.422729,0.45111483,0.674438,0.9216822,0.92149127,1.0140245,0.7830672,0.8418282,0.8954068,0.7130791,0.2998556,1.0931696
bowl,0.9797188,0.9759272,0.24242628,1.544551,0.7210711,0.54551494,0.9095545,0.58744764,1.3421569,0.9565859,1.2351698,0.38290393,1.3970518,1.4599595,0.78840834,1.5125827,1.1327313,0.45110238,0.19271481,0.0,0.9756593,0.9634557,1.1367341,0.59678364,0.5765464,0.33080113,0.7578004,0.87124693,1.0270773,1.2685486,0.76702297,0.84244907,1.2077104,1.2249902,0.6986915,1.0940032,0.67417514,1.4596845,1.1625661,0.22209239,1.1567589,0.15173805,1.4286124,1.2213902,1.1193843,0.9011881,1.405531,0.9915137,0.60525507,1.4358764,1.3867061,0.79458606,1.273001,1.021126,0.87166965,0.94791496,0.55611134,0.82225883,1.1214213,1.1755295,0.49595082,0.89402294,0.9499901,0.91903347,1.4681505,1.184077,1.4008238,0.42922235,1.0084194,1.3508503,1.4959829,1.3647157,0.65748245,1.5114412,0.72556967,1.225996,0.8099621,1.363803,1.3807182,0.45869637,0.95782614,1.5102268,1.1846614,0.806326,0.39317942,0.954583,0.68269527,1.0057606,0.42216468,1.015418,1.4291668,1.5536572,1.4580889,1.2424823,0.24007332,0.30268538,1.3288054,0.5505455,0.9956191,0.76263976,0.26225102,1.4002471,0.5804092,0.9721512,0.5865655,1.2173653,1.1212815,1.1909363,1.3452423,1.2885679,1.4417007,1.0644175,1.579285,0.83094585,1.4107347,0.5907781,1.2635772,0.7501342,1.4337183,0.32152474,1.2580343,0.606961,0.7674782,1.0010992,0.8395135,0.82607174,1.0262471,1.385709,1.3464879,1.4416314,0.40491772,0.66636795,0.92621136,0.96643186,0.9606433,0.94677275,0.6912753,1.0284029,0.8224997,0.34972024,1.1251963
box,0.99030936,1.1534485,1.2021396,1.1780685,1.226274,1.2588302,0.9139227,0.59002537,0.8166125,1.2577351,0.7642101,1.1028222,0.5664325,1.103307,0.95824873,0.9179665,0.84104013,0.5117472,1.1015621,0.9756593,0.0,0.94398326,0.83487517,0.71664953,1.1011801,0.8571141,0.97536355,1.044474,1.1872258,0.66560507,0.95430225,0.8475006,0.9823723,1.0928413,0.99264205,0.89800376,0.8899782,0.83065885,0.9613832,1.1418407,0.73155934,1.0433327,1.0774028,0.9587583,0.71731925,0.3500399,1.0649443,1.2381759,1.1476426,1.0775993,1.2307339,1.325155,0.98540056,0.99828076,0.941657,1.1243774,0.8336642,1.0391762,1.1542168,1.00544,1.2720494,1.0395317,1.1526313,0.9540417,1.2343568,0.94351983,1.1783088,1.2053194,0.9386493,1.1353182,0.95378375,1.1468301,0.85157144,1.178632,0.76048565,0.66742843,0.9204311,1.1245967,0.7993468,1.2526219,0.7691126,1.0631753,1.0108235,0.99083924,1.3195691,0.7525407,1.2658246,1.3133153,1.2372415,0.52599317,1.1849829,1.1585625,1.1800232,0.6504175,1.0494967,1.0136079,1.1437154,0.927666,0.9783901,0.8891732,0.9044353,1.1048486,1.1734223,0.53895056,0.5623097,0.6832813,1.1042067,1.0015861,0.86217767,0.94816977,1.1280878,0.7285389,1.2345713,1.0779018,1.1725157,0.99092627,1.0736015,0.64430344,0.89890474,1.2798829,1.1029687,1.1174328,0.8069596,0.9072132,0.7790032,1.1643652,0.9602529,0.9400689,1.1233971,0.8005229,1.018458,1.3204484,1.2419659,0.8881897,0.74112177,0.8423632,0.4272315,1.0550982,0.7848036,1.2725601,0.94064975
bread,0.98067194,0.956739,1.0362551,1.0721476,1.1790308,1.1308484,0.8062984,1.0978696,1.0123669,1.0221342,1.0672933,0.99155813,1.1498306,1.0952756,1.0856652,0.8498727,1.0783743,1.0281892,1.0805391,0.9634557,0.94398326,0.0,0.8784414,1.202448,1.0865397,1.1139811,1.1293173,0.6626086,1.1075577,1.2939036,0.3106271,1.068883,1.0963116,0.816868,0.9243252,1.0775216,0.535219,1.2114091,0.44630116,0.9720903,1.0011814,1.0854015,1.1979964,1.153837,1.2397417,1.0747007,1.1918533,0.88125396,0.84283066,1.1984751,1.0684911,0.8422077,1.1797872,0.8924449,1.285036,0.88734126,0.90886176,0.98288906,1.1345348,0.9442015,0.9168644,1.0379968,0.93326294,0.75600874,1.0904078,0.9904653,0.93529755,1.0600494,1.0998268,1.2237089,1.1434593,1.0677681,0.87111104,1.0954521,1.0044786,1.2397864,1.0947424,1.0249248,0.8983039,0.8517266,1.0159558,0.91116905,1.1173049,0.8096838,0.96431285,0.47826344,0.8500517,0.82744485,0.84568644,1.1274159,0.9436513,1.2088637,1.0905601,0.86056674,0.98213,0.9366202,0.87570125,0.93873656,0.30858052,1.1059251,0.72993183,1.189563,0.9990042,1.1315768,1.2038213,1.2768987,0.93622655,1.1603048,0.77747864,0.8757028,1.0772632,1.1003166,1.172326,0.9676852,1.0801125,0.8357601,1.1892657,1.0064826,1.1972957,0.949406,1.1806304,0.7644633,1.0649835,0.58510554,0.78532004,1.1559474,0.68602324,1.3253418,1.192828,1.1131997,1.0583966,0.888797,0.7536564,1.1004373,0.5912531,1.2053388,0.9710141,1.1340394,1.3680174,1.0392581,1.233661
broom,0.92025554,1.046325,1.2094779,1.1234701,1.2206427,1.1905283,0.77386665,0.99273133,0.9809168,1.0061891,0.9735412,0.986778,0.9363829,0.9481565,1.0155154,0.86488205,1.1007049,0.9282406,1.1393517,1.1367341,0.83487517,0.8784414,0.0,0.9842949,0.9990763,0.9787026,1.1091057,0.9633003,1.0858344,0.82757235,0.79828495,1.0656159,0.94844675,0.60348475,1.1415658,1.0181513,0.967684,1.0144856,0.82193184,1.0378717,0.8844106,1.163606,1.118534,1.0598849,0.9861883,0.81694746,0.97395325,0.9708628,1.182945,1.1479008,1.1972513,1.0874085,1.0260826,0.9311214,1.0602672,0.91902095,0.86435467,0.9611578,1.1725092,1.1159538,1.1584469,0.8051096,1.0712153,0.98792905,1.2264005,0.99158895,1.0810441,1.1483407,0.9014383,1.1782701,1.017409,0.6470385,1.0685217,0.9276266,0.9014971,1.0200146,1.016465,1.0874155,1.0564716,1.1762341,0.9365592,0.9535548,1.0205631,1.1604942,1.2018003,0.48514563,1.062532,1.0731047,1.1988647,0.9205613,0.9903787,1.060913,0.9609848,0.786076,1.030642,0.9976484,1.0005895,0.8961669,0.7978365,1.0232124,1.0769471,1.0957981,1.2261941,0.9242768,0.96683717,0.92032367,1.1021974,1.0576926,0.92556196,0.8784021,0.97485304,0.6025472,1.0497512,0.8851732,0.94990563,0.75577104,1.1036713,1.0086128,1.0662735,1.1153587,1.2566736,0.9921233,0.93975466,1.0472329,0.81387186,0.90312284,0.9326936,0.9622288,1.0923591,1.0321816,1.0993662,1.1412556,0.85924125,0.8327234,0.50060123,0.9873662,0.9631252,1.1544212,0.8790115,1.1865289,1.0593007
bucket,1.0466846,1.1277437,0.78634846,1.355076,0.79994106,0.7913033,0.9028702,0.5261613,1.1080903,1.1993045,1.1373608,0.9350228,1.1458342,1.0903022,0.8825497,1.2381608,0.91865754,0.5241181,0.4380976,0.59678364,0.71664953,1.202448,0.9842949,0.0,0.85182637,0.49048322,0.92882097,1.215884,1.164111,0.9085094,0.9965251,0.8088575,1.0677242,1.215899,0.891413,0.93739134,1.0132614,1.18237,1.0449802,0.844688,1.1116158,0.39805853,1.2126176,0.9390163,0.80263984,0.82215166,1.0374705,1.1564286,0.9106205,1.2135522,1.2801408,1.1646992,1.1095828,1.0332856,0.66798496,1.1815027,0.7811372,1.0074767,1.1381363,0.95231,1.0798979,0.80263215,1.1598997,0.92526996,1.3156806,1.0215795,1.3579309,0.8061876,0.83446306,1.235538,1.2416823,1.1968372,0.54772675,1.3862678,0.9233898,0.9537341,0.7758458,1.2018011,1.1639706,0.9407556,0.42666942,1.27357,1.1922407,0.9339428,0.8853835,0.8567239,1.1219133,1.3012308,0.9568055,0.73010176,1.2545557,1.2221582,1.3160288,0.9657695,0.8543806,0.8831614,1.1805048,0.7827466,1.0938052,0.6977879,0.77887535,1.1782414,0.7842399,0.5504435,0.58335274,0.7011752,1.2509648,1.1144626,1.1816224,1.1565295,1.2409415,1.0476322,1.3454733,0.82210696,1.283366,0.7787171,1.1681533,0.7126946,1.221461,0.9544209,1.1988897,1.111322,0.6669467,1.0363679,1.0163302,0.98291194,1.0557185,1.0626487,1.1887879,1.10924,0.6182046,1.0774233,1.2047081,0.85467255,0.8013792,0.7312538,0.67008245,0.9193053,0.5700145,0.97391033,0.8918482
butterfly,0.31874478,0.9992155,0.5744653,1.446038,0.7238002,0.64190966,0.8319959,0.84001017,1.448066,0.954792,1.220814,0.6295209,1.4201231,1.2931106,0.41242516,1.452899,1.0061984,0.72175187,0.556651,0.5765464,1.1011801,1.0865397,0.9990763,0.85182637,0.0,0.6208831,0.89041066,0.9083164,1.0247939,1.2372825,0.79293156,0.92211795,1.1299611,1.1547271,1.0734836,1.0596124,0.7550086,1.4127085,1.1516329,0.5572572,1.0985436,0.56764126,1.1356059,0.9529494,1.0596534,1.0238439,1.2029388,0.9960418,0.82362854,1.2912776,1.2811364,0.91309464,1.1950969,0.82944965,0.87552494,0.7860934,0.60800564,0.23828006,1.0946345,1.1923444,0.7773135,0.83555615,0.9322016,1.0087672,1.3687712,1.1683779,1.3503872,0.5649091,0.91049933,1.037939,1.3075056,1.2034868,0.8646859,1.2714531,0.8423745,1.2063,0.9760951,1.2847569,1.2292647,0.70907044,1.0359704,1.3674881,1.0168071,1.0224587,0.7280079,1.02338,0.7949765,0.97089714,0.69318634,1.1776068,1.2756742,1.3577999,1.2859447,1.2609212,0.6344408,0.6424791,1.1269273,0.73696977,1.0427405,0.70608026,0.8072021,1.0938894,0.66531795,1.0294274,0.76767105,1.1351051,1.0963396,0.86522275,1.3223116,1.2046816,1.2675805,0.7848681,1.3829144,0.6690425,1.3227061,0.6647918,1.2476612,1.1813962,1.391114,0.6186131,1.2147565,0.7235502,0.8461117,1.1572437,0.7931394,0.87091136,0.9429959,1.1029528,1.2998945,1.4577637,0.5440034,0.8427303,0.9990947,0.9820428,0.98148614,0.7437872,0.9802954,1.0070804,0.8919023,0.7577957,1.1270288
can,0.9452801,0.8462695,0.47473884,1.4663118,0.8422743,0.6640218,0.9767702,0.37498677,1.3486048,0.90301645,1.2107861,0.31614244,1.1214828,1.3170614,0.8357625,1.4540915,1.174842,0.57294357,0.36161506,0.33080113,0.8571141,1.1139811,0.9787026,0.49048322,0.6208831,0.0,0.8128353,0.8749003,0.83456355,0.77816796,0.83440924,0.8850175,0.85544354,1.096324,0.8896359,1.0249124,0.70549065,1.229785,1.2351284,0.4448223,1.0830756,0.28701198,1.396674,1.1924721,0.91330516,0.69274026,1.2064793,0.81493974,0.82288206,1.3548589,1.4146374,0.8155453,1.2238193,1.1164554,0.8964224,0.8352219,0.6405315,0.9191301,1.1659157,1.2166153,0.66974473,0.77300024,0.80837524,1.1128432,1.4508295,1.3065586,1.3250209,0.4789148,1.1248335,1.3064384,1.4518023,1.207892,0.7819621,1.2282432,0.8821082,1.00269,0.8839342,1.3647664,1.3821901,0.6695826,0.949569,1.444213,1.1694913,0.87037265,0.64073217,0.8889894,0.6570644,1.0719669,0.5823818,0.8748779,1.3503977,1.4249926,1.1863136,1.2644898,0.5151243,0.52559394,1.285211,0.411278,1.1684351,0.7048159,0.6538544,1.3426737,0.70143104,0.87295914,0.57008046,1.0356549,1.0917798,1.1388733,1.4853312,1.3534203,1.3232582,1.116216,1.4524049,0.82652706,1.2505103,0.44704616,1.284709,0.91511387,1.4357014,0.4433732,1.4005979,0.6698095,0.8231256,1.1247295,0.94909215,0.89794433,1.0795753,1.1315362,1.356088,1.3769958,0.5505906,0.7553011,0.92086333,1.0194361,0.8675987,1.0137645,0.88633054,0.9985488,0.46374762,0.6120322,1.0049978
car,0.9875485,1.1288459,0.80315053,1.173388,0.9050966,0.9137106,1.057,0.88491046,1.099281,0.97154635,0.98893297,0.8553831,0.9938044,1.2037592,0.91738546,1.1638169,0.767073,0.7961061,0.7928418,0.7578004,0.97536355,1.1293173,1.1091057,0.92882097,0.89041066,0.8128353,0.0,1.0861671,0.8862959,0.99860007,0.9812947,0.9585886,0.9921934,0.9204187,0.94644797,0.93617254,1.0193323,1.0330187,1.1793482,0.8565794,0.8595969,0.80128175,1.0540969,1.0366604,0.9072902,0.9511271,1.1704412,1.1016449,1.0188824,1.0347708,1.0857047,1.1850948,0.7350233,0.7721852,0.8413688,1.1017598,0.8120378,0.9281513,0.8073452,0.9211571,0.9652068,1.0072895,1.0071207,0.9484463,1.1090266,1.103864,1.1772678,0.9137002,0.760342,0.86584854,1.1000314,1.2544694,1.0618451,1.1141882,0.9711438,1.0170584,1.0048013,1.1842747,1.1283865,0.96974826,1.0879612,1.2331532,0.55915105,1.1118621,0.98774487,1.018835,1.0701052,1.1489344,0.96837544,0.9064246,1.2071359,1.1809291,1.0355824,1.057022,0.84645844,0.90988314,1.1660491,0.7745941,1.1163232,0.8849392,0.8699891,1.0014905,0.8758829,1.0136442,0.9287343,1.0206599,1.0860853,0.89307714,1.2516866,1.148807,1.2130775,1.0525779,1.1784555,1.0106046,1.1060882,1.0339622,1.201124,0.86969995,1.1898806,0.9188374,0.9991153,0.9911398,0.8695883,1.0704557,1.0142647,1.0948077,1.0253327,0.867396,1.2059201,1.0905546,0.90011275,1.1532525,1.084385,0.99136144,1.0179236,0.94852674,0.80460095,0.6219933,0.9015509,0.902538,0.88649744
