,alligator,ankle,apple,applesauce,arm,ball,balloon,banana,basket,bathtub,bear,bed,belt,bench,bib,bird,blanket,boat,book,bottle,bowl,box,bread,broom,bucket,butterfly,can,car,carrot,cat,chair,clock,closet,coat,coffee,comb,cookie,couch,cracker,crayon,crib,cup,dog,doll,door,drawer,dress,ear,egg,elephant,eye,face,finger,firetruck,fish,flower,foot,fork,frog,giraffe,glass,glasses,glove,grass,gum,hair,hand,hat,horse,hose,jacket,jar,jeans,knife,ladder,lamp,meat,melon,milk,mitten,mop,motorcycle,mouth,muffin,nail,napkin,necklace,nose,orange,oven,owl,pajamas,pants,paper,pen,pencil,pickle,pig,pillow,pizza,plant,plate,pony,pumpkin,purse,radio,raisin,refrigerator,rock,rooster,sauce,scarf,scissors,shirt,shoe,shorts,shovel,shower,sink,slide,slipper,snow,soap,soup,spoon,sprinkler,strawberry,stroller,sweater,table,tape,toe,tooth,toothbrush,towel,toy,tray,tree,truck,vacuum,watch,window,zebra
alligator,0.0,1.1691966,1.2851019,0.78034854,0.86341774,1.0269127,1.1426796,1.0003028,1.1472446,0.8456117,1.1644495,0.6761936,1.3286211,0.97122854,0.7809565,0.5151277,0.8121941,0.76361513,1.1631876,1.2083762,1.3146389,1.0271423,1.0630901,1.1741395,1.0860327,1.0030088,1.40383,0.9801981,1.152941,0.9184162,0.9763648,1.1126537,1.057724,0.9093437,1.2627817,1.0018764,1.1600273,0.73878086,1.085343,1.3017979,0.8243227,1.2250644,0.60392106,0.8235183,1.0043164,1.2019308,0.7799094,1.2124766,1.0921298,0.8209142,1.3237901,0.78677434,1.3166401,0.8564369,0.98229337,1.0597509,1.0167508,1.2495483,0.07027745,0.75330245,0.71784884,1.3302244,1.0640849,0.8383868,1.3085818,0.8481977,1.0861012,1.2254603,0.768294,0.6972028,0.9370703,0.91085654,0.9583138,1.178186,0.9081718,1.1795532,0.87137663,1.097118,0.8802705,0.74432415,1.1727078,0.6533499,1.1440175,1.2302672,1.3068458,1.1180893,1.3551912,1.2016206,1.1414547,0.9673335,0.75679994,0.8118665,0.9694246,0.95205414,1.1922556,1.3254536,1.1760712,0.9153283,1.3241892,0.8603525,1.0329653,1.1261394,0.8124924,1.1486741,1.1226676,1.2040663,1.3603483,0.7996445,0.8450291,0.8968664,1.2071524,0.9865444,0.95374477,0.81291294,0.9953253,1.0321614,0.9835959,0.889557,1.1466533,0.66083443,1.3010699,0.760557,1.2365669,1.2386982,1.1308779,1.1766715,1.0809106,0.62439626,0.7660879,0.6053197,1.2501494,1.2997389,1.2621791,1.0247426,1.193757,0.8787807,1.0118754,0.91528434,0.8455664,1.1728106,1.3166497,0.9893009,1.0098687
ankle,1.1691966,0.0,0.71986735,1.111809,0.9258922,0.8918837,0.8335782,1.0028083,1.0735221,1.3971993,0.9421603,1.4153364,0.903026,1.2620157,1.1854934,1.2612982,1.2481053,1.1854863,1.0268893,0.91753125,0.94175047,1.1369445,0.861156,0.8806677,0.9683113,0.9394137,0.85236675,1.2169363,0.92612123,1.2446431,1.1989834,0.8438418,1.2498308,1.1452868,0.85999954,1.2876475,0.8359567,1.2242364,0.8185092,0.86706793,1.2903306,0.8626101,1.196942,0.9879094,1.1463629,0.9179311,1.2271554,0.5795969,0.81462234,1.2754028,0.67634827,1.078027,0.414544,1.3485234,0.9460165,0.9334049,0.44895434,0.8782993,1.1313393,1.2456667,1.320899,0.75521475,0.61880815,1.2949176,0.6791455,1.0682533,0.65433735,0.8851747,1.069103,1.2382499,1.1488007,0.94349134,1.0958499,0.9624853,1.2207186,0.94175404,0.9454266,0.94619095,1.1176163,0.81994313,0.8987547,1.3052814,0.82239735,0.8104967,0.7489924,0.9117513,0.620384,0.55198365,0.7495203,1.2971194,1.3122371,1.1280522,1.0317615,1.1519254,0.9298238,0.84512275,1.0088075,1.1615952,0.7633903,1.1695343,0.99073255,1.0826792,1.0461171,0.7793796,0.8988824,0.9282843,0.7520007,1.2415907,1.2323973,0.88124716,0.85649854,0.98429537,0.987149,1.1622584,0.78875005,0.9562156,0.89525336,1.3785486,1.1185759,1.3548267,0.5145634,1.2780516,0.85513985,0.81228745,0.85691595,0.5985167,0.6827635,1.2499769,1.220844,1.3949786,0.79609615,0.2448157,0.7034099,1.0490041,0.85710543,0.97469926,1.1367592,1.2611971,1.3472705,0.9378683,0.7510184,1.1799908,1.247105
apple,1.2851019,0.71986735,0.0,1.2657413,1.3550562,0.5601863,0.42866063,0.6482766,1.0708398,1.4867027,0.93873835,1.560523,0.6439849,1.4709358,1.480032,1.2853413,1.5240233,1.1985843,0.8110919,0.39730424,0.4446268,1.2632728,0.66558087,0.9290799,0.86835194,0.63311464,0.6610583,0.9074266,0.8874787,1.2672226,1.440233,0.9024315,1.3186146,1.1783074,0.6397131,1.3020226,0.8492949,1.4835801,0.9316631,0.26520973,1.4426956,0.44424206,1.3448356,1.0976461,1.2901516,1.0114278,1.4411812,0.783543,0.5344838,1.282347,0.7006715,1.2169842,0.7167334,1.2128992,0.8244747,0.44736034,1.1278782,0.8411778,1.1453515,1.3456017,1.4116752,0.39853,0.7842876,1.2372186,0.3599726,1.3226249,1.1877252,0.27523494,1.2284443,1.4537499,1.3251181,1.0895126,1.4488059,0.9625705,1.4101932,0.86754227,1.1903627,0.5841851,1.2336935,1.3843535,0.9348231,1.423813,0.7843191,0.7877278,0.2325697,1.0704386,0.53929853,0.85371006,0.4564665,1.4107053,1.4003824,1.5107704,1.4306226,1.1436037,0.7550722,0.3582282,0.6230471,1.1266806,0.86818826,1.196298,0.6377956,0.66516787,1.2697173,0.28015435,0.95647365,0.74162126,0.43462354,1.3745064,1.1821705,1.1328859,0.7929074,1.2507383,0.68920803,1.4595672,1.0005585,1.2650868,0.9595668,1.3943284,0.7500893,1.3674549,0.34791136,1.271941,0.56580096,1.0345991,0.9289832,0.8495692,0.7157514,1.4900739,1.4405546,1.4514288,0.38169527,0.5646346,0.62620026,1.034098,0.9080542,0.61714035,0.98048353,1.2021528,1.3840885,0.95945764,0.3082925,1.2530954,1.1527541
applesauce,0.78034854,1.111809,1.2657413,0.0,0.7548107,1.0130451,1.1425574,1.0005786,0.84021896,0.7658647,1.1738256,0.79437274,1.368562,0.92622685,0.64138895,0.9828468,0.7608366,0.7956631,1.0592178,1.1661302,1.0465053,0.8053204,0.9963249,1.1767695,0.69342226,1.3879144,1.1677648,1.1348319,1.0769908,1.1201025,0.95339924,1.0256453,1.0368867,0.90318996,1.3417554,0.9697763,1.0259688,0.79787815,1.0013981,1.3700087,0.8293916,1.0304596,0.89349246,1.0648274,1.0510297,1.1809292,0.8101682,1.1532251,1.0297098,0.91275793,1.227621,0.83791745,1.136575,0.9521076,1.1818315,1.2372669,0.90664977,1.2649022,0.8817101,0.86408424,0.53829014,1.3672533,1.0962152,0.9900795,1.228029,0.82417876,0.7403867,1.2899047,0.95870143,0.73651737,0.8777701,0.5592954,0.92658246,1.1721534,0.92243093,1.0897601,0.83705634,1.036762,0.7110471,0.60514486,1.2293632,0.80406785,1.1040224,1.3031906,1.3058594,1.050495,1.3340318,1.0650295,1.1119859,0.86466426,0.8794722,0.7788658,0.969134,0.8328234,1.2328632,1.3734809,1.1726947,1.016239,1.2773709,0.9306797,1.0695875,1.0436256,0.9501096,1.1880988,1.003209,1.2397273,1.358562,0.80874944,0.97968036,1.0574765,1.292793,0.8761929,1.2009637,0.73798823,0.99905735,0.923579,1.0353664,0.892299,1.1405194,0.73566526,1.3139329,0.83793426,1.2511034,1.0597863,1.0137782,1.1226096,1.036292,0.7881066,0.7731155,0.5778776,1.0719672,1.1848887,1.2557914,0.87333304,1.1547475,1.0886002,1.0395489,0.92627835,0.98096174,1.2767375,1.3335983,1.0477792,1.0292208
arm,0.86341774,0.9258922,1.3550562,0.7548107,0.0,1.3180346,1.3837028,1.2236603,1.2659717,0.6843311,0.96496457,0.6709214,1.3656697,0.672483,0.47925568,0.8301097,0.6392165,0.71778965,1.3053817,1.3703896,1.3995483,1.1043844,1.0572267,1.1887033,1.2912209,1.3828125,1.3809644,1.1919395,0.8027166,0.90876526,0.804021,1.2231538,0.84143853,0.86030436,1.3232007,1.0055048,1.2214292,0.53956753,0.9534688,1.4152546,0.8597133,1.4260411,0.83672804,1.1880327,0.94525874,1.2003201,0.630478,0.9946739,1.2015414,0.87599117,1.0609189,0.7511246,0.78962713,1.0163265,1.3068836,1.4294293,0.53176427,1.193825,0.986283,0.6968715,0.7842098,1.258398,1.0582091,0.8905748,1.4059186,0.6901969,0.38758516,1.4166514,0.86755717,0.8392344,0.7214553,1.0227348,0.60588413,1.0946507,0.91681933,1.1728313,0.75289357,1.3235335,0.8926044,0.50979793,1.202763,0.7985942,1.055193,1.2631867,1.2796237,1.0328438,1.2255858,0.9301294,1.2240367,0.86024565,0.75926244,0.6055286,0.61442035,0.9030216,1.2163626,1.3675985,1.3111029,1.133899,1.15856,1.0072803,1.3308609,1.2277857,0.93666947,1.2945361,1.211278,1.312253,1.3735838,0.9265615,1.0034552,0.9781426,1.2478373,0.6970342,1.3416269,0.40714425,1.1315514,0.577693,1.154877,0.7470819,1.2737172,0.789315,1.2690827,0.99737865,1.291429,1.0458492,1.1116829,1.1494031,0.91251326,0.81011987,0.55804616,0.666773,1.415597,0.94898516,1.2145485,0.9059367,1.1714382,1.475206,1.1521032,1.0201805,0.8032399,1.1991438,1.2598666,0.9393146,0.9463529
ball,1.0269127,0.8918837,0.5601863,1.0130451,1.3180346,0.0,0.3879391,0.78022635,0.85260844,1.2680962,1.0878885,1.2052379,0.977278,1.381195,1.2453077,1.1582742,1.183311,1.2048377,0.85102916,0.7294139,0.77056634,1.059466,0.92708814,0.9908308,0.73333967,0.95267713,0.91762143,0.88838315,1.1790538,1.1656337,1.2881086,0.8128837,1.137444,1.0729578,0.9623233,1.1472535,0.7756817,1.2371672,1.0974115,0.8198834,1.0735866,0.6697165,1.032549,0.7537574,1.1461052,1.0978044,1.1793015,1.0727541,0.49335504,1.137521,1.0124987,1.0750884,1.1072333,1.0961227,0.96055347,0.6361391,1.0963566,1.2187903,0.96130997,1.1543884,1.0264261,0.97757083,0.7866367,1.1122273,0.6124728,1.1568484,1.1869822,0.6850104,1.0514159,1.0969251,1.2136031,0.8390057,1.3472415,1.2522796,1.1487325,0.86702824,1.0828265,0.7574982,1.0506268,1.0346742,0.9769609,0.9865494,0.97537744,1.0799745,0.72743887,1.1331619,0.96194535,1.0505673,0.55780065,1.2140572,1.1882491,1.2004782,1.3252921,1.1777906,1.028033,0.89913714,0.87414914,1.03086,1.104598,0.9808672,0.72091,0.9739561,1.0426227,0.55581653,0.75472057,0.841233,0.8173482,1.009159,1.0750766,0.9461,1.0946447,1.2496614,0.8625482,1.2820771,0.8032516,1.3289554,0.9079182,1.1541867,1.0593829,1.2011616,0.83249474,0.9579499,0.9827701,1.1784776,0.99724704,0.9432586,0.9491645,1.0180454,1.2247478,1.0692818,0.58172214,0.94244933,1.1285325,0.959522,1.0301453,0.39485848,1.1570697,1.0804467,1.2343333,0.9657852,0.8467575,1.1747321,1.0772324
balloon,1.1426796,0.8335782,0.42866063,1.1425574,1.3837028,0.3879391,0.0,0.7308438,1.038879,1.3492286,0.9930428,1.457442,0.84763753,1.4019697,1.3386017,1.2805462,1.4258744,1.2456691,0.9594488,0.6457691,0.6533364,1.1259284,0.85105366,0.86374784,0.78907955,0.85455024,0.8274387,0.94697005,0.8394341,1.2211212,1.3101957,0.73435724,1.1315918,1.1262435,0.73662275,1.1676528,0.7525616,1.4037215,1.0473244,0.6515545,1.2776892,0.60956526,1.2061431,0.98795223,1.1225958,1.0844095,1.3703463,0.9628556,0.36696208,1.2673221,0.8820437,1.1671183,0.98449665,1.1416245,0.78044456,0.61625516,1.1245068,1.0270338,1.0561565,1.2888472,1.1080419,0.82559216,0.8806219,1.1951159,0.51615316,1.2312472,1.2149216,0.64575005,1.2091225,1.2211668,1.2045804,0.8814137,1.3897572,1.0792178,1.2512852,0.6657934,0.99222046,0.6017554,1.0733227,1.1384175,0.87667906,1.2458441,0.8962934,0.84748864,0.6239718,0.9918389,0.8226314,0.9411807,0.31672227,1.2754987,1.3066664,1.4039477,1.3690135,1.1456753,0.8915888,0.76089,0.79789937,0.9923952,0.9464108,1.0968187,0.72650635,0.8134734,1.1802335,0.4481547,0.9559226,0.96649754,0.6605463,1.1284318,1.1701621,1.0402287,0.8285521,1.3764201,0.87628204,1.3722842,1.064527,1.304359,0.88076127,1.2497332,0.81876,1.2126555,0.8066491,1.1579146,0.67109716,0.98177207,0.8658544,0.8008473,0.7168331,1.3104525,1.4126664,1.2125256,0.59339213,0.9000671,0.95085436,0.9025753,0.9173139,0.60305977,1.152655,1.1107334,1.198535,0.98897845,0.74568963,1.0590403,1.2135708
banana,1.0003028,1.0028083,0.6482766,1.0005786,1.2236603,0.78022635,0.7308438,0.0,0.99057245,1.2480602,1.1126312,1.3436751,0.9979739,1.2673047,1.1576115,1.0705909,1.2486408,1.095791,0.7670499,0.95498186,0.8100388,1.0262506,0.791344,0.8730627,0.9016103,0.79711294,1.0464544,0.9717889,0.9016957,1.1922036,1.3553061,0.92003167,1.3172663,1.0792502,1.0253227,1.0284611,0.79986405,1.3939377,0.77223444,0.7103357,1.2902167,0.9254374,1.2078063,0.9789592,1.2651119,1.11612,1.3413601,0.96138495,0.70696366,1.1207129,0.9642302,1.0892168,0.9926385,1.0507764,0.62820077,0.69676006,1.0465118,0.82114184,0.8606663,1.2259119,1.0979502,0.9155451,0.79930806,1.1882145,0.6225155,1.1629272,1.0562608,0.7998402,1.1895028,1.1165704,0.9553704,1.0222952,1.2280619,0.83719516,1.2348323,0.97857475,1.0968361,0.45193827,1.1370687,0.98401177,0.9146904,1.1614859,1.0074509,1.0515118,0.8871176,0.98445517,0.7861005,1.0727329,0.71029943,1.2336706,1.1732568,1.2736343,1.2977395,0.9851913,0.89426506,0.79752475,0.46591938,0.8444985,1.1218042,1.0775986,0.7842833,0.70312256,1.1780895,0.6484889,0.9644447,1.0132114,0.94455,1.2211804,1.0340008,1.0879714,1.0693192,1.2050207,0.7190324,1.2044827,0.86606646,1.2198372,0.75396955,1.2140161,1.0388373,0.86525536,0.7871428,1.0535935,0.5828873,1.0196953,0.8542739,0.92833835,0.8474647,1.1986628,1.2498834,1.2045727,0.6129113,0.96627396,0.8447393,0.7679694,1.0100107,0.66018856,0.8400883,1.1392864,1.0961167,1.1092415,0.931751,1.2419095,1.0749772
basket,1.1472446,1.0735221,1.0708398,0.84021896,1.2659717,0.85260844,1.038879,0.99057245,0.0,1.0000669,1.2630655,0.9401276,0.8958669,0.8532125,1.1316342,1.365706,0.9869198,1.2161856,0.6470446,0.85922134,0.7001675,0.35687804,0.964319,0.9861973,0.4924028,1.112926,0.580811,1.0161402,1.2704057,1.1996202,0.6801592,0.8731257,0.92220765,1.0659425,0.94850963,0.8483811,0.90176624,1.0561949,1.1334885,1.0226395,0.5408796,0.7260939,1.0792662,0.68745357,0.86650217,0.55750525,1.0898153,1.210741,1.0362654,1.1911952,1.2328229,1.2502555,1.2931159,0.8978784,1.0943205,0.96495014,1.1319102,0.96835697,1.1321374,1.1994495,0.92517287,1.1840659,1.0413514,1.1458471,1.0134244,1.2009566,1.2475724,0.95897084,1.2175916,0.9237407,1.1608162,0.77714723,1.1412895,0.9787686,0.55988896,1.0279896,1.0913996,0.96792465,0.78309757,1.0768263,1.0261487,0.90570074,1.1666464,1.0230595,1.1460881,0.85568506,1.1326299,1.2669432,1.0649588,0.67276114,1.157777,1.0523511,1.1501539,1.0303526,0.97058696,0.9936252,0.91593534,1.0437506,0.9143991,1.0925801,0.88701534,0.9581417,1.0867722,0.99822193,0.48605883,0.65732545,0.991074,0.7313624,1.0669158,1.1156259,0.92139757,1.2035137,0.9533396,1.231921,0.8128709,1.1520879,0.8481078,0.90731215,0.8897922,1.099805,1.0471894,0.99484366,1.0276963,1.0479273,1.0140938,1.0461205,1.1183935,0.74619555,1.1903465,0.97273225,0.8401109,1.1772679,1.1907121,1.1018991,0.8191748,0.67854965,0.75084054,0.94427586,1.0363305,0.7378088,1.1461163,0.96127063,1.0862422
bathtub,0.8456117,1.3971993,1.4867027,0.7658647,0.6843311,1.2680962,1.3492286,1.2480602,1.0000669,0.0,0.966929,0.2745359,1.4359057,0.31383085,0.67882997,0.85959315,0.55411184,0.67016613,1.143921,1.397683,1.1936142,0.6877714,1.2013783,1.1899654,1.0827013,1.4396214,1.2704824,1.0320379,1.064051,0.7391339,0.5743455,1.0966736,0.56462485,0.9103753,1.3526554,0.75762486,1.090821,0.5012553,1.1971245,1.5092833,0.49237418,1.3907182,0.7661521,1.1559858,0.77246886,0.92493266,0.7450788,1.3478487,1.1771795,0.69859403,1.2469804,0.84484863,1.3431313,0.9352723,1.3377001,1.45418,1.0217106,1.2043991,1.0039619,0.64941275,0.651866,1.4581424,1.4432075,0.75926894,1.5024742,0.90304476,0.98871523,1.4772786,0.93288827,0.5734512,0.79580766,0.8890557,0.7667463,1.0571332,0.65883017,1.0058652,0.907296,1.2684724,0.7873165,0.7659308,1.1601669,0.69231224,1.2036567,1.364312,1.4462852,1.0119594,1.5430459,1.1891379,1.2626047,0.57208866,0.7020916,0.7762462,0.816805,0.6945646,1.1766009,1.4136299,1.3206499,1.0636669,1.2335446,0.7627002,1.3039045,1.0486951,0.9407108,1.4022095,1.2503123,1.2199167,1.4542235,0.8210238,0.83501387,1.0620657,1.2890278,0.9474138,1.2880452,0.71512115,1.1852645,0.8988354,1.1530132,0.45096564,0.9333039,0.37809706,1.5603153,0.75124824,1.3841667,1.0637892,1.0656775,1.2622086,1.1502302,0.76248646,0.6917151,0.42768782,1.3133495,1.4783905,1.4110286,0.9231199,1.1732543,1.3506954,0.97324204,0.7013469,0.70540917,1.2678795,1.4750285,0.7324225,0.89759874
bear,1.1644495,0.9421603,0.93873835,1.1738256,0.96496457,1.0878885,0.9930428,1.1126312,1.2630655,0.966929,0.0,0.97140944,0.8434659,1.086399,1.1148486,0.9344655,0.94560117,1.0652528,1.3552188,1.0021181,1.0835264,1.3582351,1.0983287,0.98435545,1.2271588,1.0428561,1.0039412,0.93624043,1.0341351,0.34827513,0.98628056,1.0760846,0.9548623,0.84621817,0.8332354,0.72866905,1.1237113,1.02787,1.0835767,1.0305228,1.0883046,1.1062233,1.0026131,1.2728219,1.1134471,1.2702398,1.0125078,0.942971,1.131192,0.5767094,0.8784671,0.9473736,0.8823058,0.98905385,1.1141121,1.181781,1.0149233,1.0449169,1.1921734,0.9137114,1.1232044,0.8066817,1.0237834,0.7599509,1.1251038,0.8887876,0.90885127,0.9785975,0.9521153,1.0840938,0.93578327,1.1170822,0.8660744,1.1607435,1.1545683,0.8668375,1.1790853,1.1972548,1.1083016,1.0111712,0.9563599,1.153005,0.9316556,0.79854,0.8813769,1.1600333,0.84681666,0.8072219,1.1064541,1.1327338,0.9111353,1.0897665,0.8759397,1.3007481,1.1061318,0.91409004,1.1408341,1.0837436,0.89080614,0.9478016,1.0596639,1.1482852,1.0852296,1.0617564,1.1455016,1.107128,0.81945586,1.2130616,0.919526,1.1471899,0.9241441,0.9032455,1.1962003,0.9959945,1.1349012,0.9403516,1.1502281,0.7945367,1.0904311,1.0904627,0.9499264,1.014765,1.0706582,0.8843068,1.1681483,0.97726655,1.2097751,1.245822,1.0197356,1.1554041,1.1377819,0.9234433,0.9814032,0.9864165,1.1204313,1.3073609,1.2842853,0.86215913,1.0543847,1.0285187,0.8310921,0.8147912,0.8586412
bed,0.6761936,1.4153364,1.560523,0.79437274,0.6709214,1.2052379,1.457442,1.3436751,0.9401276,0.2745359,0.97140944,0.0,1.4355319,0.4661944,0.58483714,0.7146229,0.2892133,0.6050428,1.2196721,1.4224942,1.4239647,0.8301467,1.2577506,1.3309011,1.2206402,1.4629798,1.3976732,0.9635978,1.1944786,0.6175426,0.54391193,1.2315531,0.5955252,0.79707646,1.396786,0.7417642,1.2664917,0.23858345,1.2878548,1.577369,0.36020434,1.4829965,0.62929755,1.0011781,0.8052864,1.1128886,0.5367811,1.4111459,1.311318,0.5314565,1.3865004,0.7760292,1.4263928,0.7447846,1.3509657,1.4567276,1.0332671,1.4072434,0.8192271,0.5008718,0.65049106,1.5152347,1.4370191,0.5592831,1.6029987,0.8108412,1.0296602,1.4846888,0.8127043,0.46275795,0.7298387,1.0015736,0.6291797,1.2741686,0.5938729,1.2208638,0.9632596,1.3526559,0.8588187,0.7064315,1.294533,0.56827515,1.264499,1.3793459,1.4897759,1.1215631,1.640579,1.2899401,1.3924828,0.6830832,0.50283664,0.507945,0.67426467,0.8492565,1.3384762,1.5083644,1.3845198,1.0431974,1.2124355,0.69703007,1.2968009,1.2671099,0.86344546,1.4627177,1.1540993,1.2541411,1.5050831,0.72988707,0.62981343,1.032792,1.3104508,0.8535678,1.3386084,0.5655198,1.0890975,0.8083663,1.3057396,0.44683027,1.187184,0.5492754,1.5798132,0.46401644,1.4777402,1.2013628,1.3458526,1.4413007,1.2858788,0.4970417,0.536774,0.36011672,1.496511,1.5329903,1.5007999,1.1185509,1.2307599,1.250162,1.1030178,0.6593834,0.61654526,1.2119805,1.5092633,0.7593538,0.76905245
belt,1.3286211,0.903026,0.6439849,1.368562,1.3656697,0.977278,0.84763753,0.9979739,0.8958669,1.4359057,0.8434659,1.4355319,0.0,1.2821515,1.4586213,1.2085443,1.3441794,1.2324347,0.83458334,0.57946944,0.5917809,1.1666527,0.9509262,0.8156909,0.9374456,0.4630363,0.43218595,0.93277955,0.9927231,1.0024604,1.0483621,1.0022327,1.1694707,1.1001481,0.1947658,0.95755565,1.0763062,1.399975,1.0738828,0.38055468,1.3168542,0.5818217,1.3507457,1.1989155,1.1533967,0.79408574,1.2910714,0.825734,1.1337662,1.2062376,0.77167547,1.3109139,0.8374088,1.1540638,0.77153754,0.6675132,1.22593,0.6142636,1.189949,1.2555709,1.5504712,0.52474785,0.81350243,1.1278846,0.7558572,1.3258364,1.2462382,0.48340887,1.3180687,1.3749735,1.2851706,1.249396,1.1692946,0.75639355,1.2241217,0.85073614,1.3682804,0.8742969,1.2036922,1.5158601,0.722023,1.3812866,0.8208546,0.32353473,0.5597924,0.9447102,0.47207844,1.0486277,1.0297226,1.1907454,1.3101478,1.3502128,1.1887653,1.2007836,0.63724476,0.38475716,0.673329,1.1185758,0.4811114,1.1582763,0.75258195,0.7418608,1.2917101,0.83925474,0.8951204,0.5741638,0.29710543,1.261698,1.1001011,1.2427187,0.28958732,1.216187,0.7163008,1.4022928,1.0297818,1.116496,0.93046343,1.2875907,0.65410435,1.4908042,0.46829492,1.1989263,0.5800562,0.8916062,1.0182621,0.83880657,1.0512269,1.3974056,1.3636987,1.5250686,0.7646754,0.7309685,0.64881384,1.2038407,0.7832874,0.94093806,0.91332793,1.1299908,1.2967434,0.7305455,0.46870816,1.0579026,0.9968988
bench,0.97122854,1.2620157,1.4709358,0.92622685,0.672483,1.381195,1.4019697,1.2673047,0.8532125,0.31383085,1.086399,0.4661944,1.2821515,0.0,0.78974986,0.96945435,0.6761989,0.7935773,0.9631666,1.4069309,1.188814,0.5556651,1.0945038,1.1060023,1.1239386,1.3325436,1.0709772,1.0901299,0.9766785,0.8902187,0.39400303,1.1488576,0.68267673,0.96502393,1.2819393,0.8106426,1.1248124,0.55689126,1.0271555,1.3992417,0.48668176,1.3787643,0.83070195,0.9949745,0.7710797,0.682859,0.8377373,1.2668993,1.2685708,0.8420099,1.1883745,1.0013877,1.2094738,0.963273,1.249507,1.4428978,0.9208975,0.93798923,1.07489,0.84509265,0.8827842,1.385244,1.3055047,0.91426045,1.4760418,0.9457198,0.9463924,1.4151825,0.96650326,0.6486039,0.912238,0.9959388,0.6916572,0.79570276,0.4288336,1.0863616,0.90693665,1.2352937,0.96151024,0.7797129,1.0840396,0.75178194,1.196281,1.2303612,1.4757376,0.9418396,1.3525178,1.1504292,1.2964983,0.5282691,0.8765456,0.82788134,0.75518286,0.7602549,0.95168,1.2537239,1.1346692,1.0172833,1.0123781,1.0059091,1.2494451,1.127878,0.87002635,1.3879387,1.0214151,1.0094157,1.4330496,0.83576906,0.9507758,0.971308,1.1292044,0.9637553,1.1874967,0.7922547,1.1189705,0.82349384,0.99829566,0.64820015,0.86363626,0.65478367,1.4036999,0.96921474,1.2988178,1.0036366,1.0282423,1.1621324,1.1350003,0.78313035,0.8265854,0.67923933,1.3344581,1.3533747,1.2292881,0.9393439,1.103799,1.345508,0.71618986,0.79068613,0.63650906,0.9905568,1.4490765,0.7933643,0.8410201
bib,0.7809565,1.1854934,1.480032,0.64138895,0.47925568,1.2453077,1.3386017,1.1576115,1.1316342,0.67882997,1.1148486,0.58483714,1.4586213,0.78974986,0.0,0.6918795,0.39554322,0.7165324,1.242095,1.476809,1.5195091,1.0395763,1.039401,1.2931919,1.2260579,1.4498367,1.5125699,1.169789,0.95965,0.9012927,0.8557204,1.2475967,0.87480557,0.76300967,1.4806979,0.9752496,1.2126311,0.5390435,0.9677551,1.5617331,0.78123206,1.5077505,0.7514888,1.0521775,0.95236707,1.3089962,0.43061078,1.1034756,1.1773272,0.85529995,1.1864603,0.6473174,1.1353884,0.89511025,1.2263592,1.4160943,0.85866153,1.3457409,0.9137346,0.62126225,0.67977226,1.3963984,1.2137158,0.85761184,1.4771618,0.50125754,0.69196546,1.465546,0.78560674,0.7470123,0.5461887,1.0521734,0.52220994,1.2405117,0.8771113,1.2297089,0.6907195,1.2863566,0.8296932,0.5525199,1.304342,0.7399267,1.1114323,1.3658966,1.4397246,0.82045007,1.3653712,0.9910965,1.2324662,0.86985564,0.6251684,0.2745154,0.50602305,0.6590543,1.4220214,1.571953,1.3568417,0.9117214,1.2315303,0.78469586,1.362246,1.0614822,0.81484455,1.2676327,1.2086269,1.4674189,1.5332706,0.78262794,0.8593187,0.95932984,1.4108651,0.56233674,1.4620382,0.17093134,1.0962622,0.48920023,1.2005827,0.8595771,1.3925414,0.69313353,1.4825411,0.7747034,1.2848675,1.0049379,1.2232465,1.3830819,1.0569377,0.60955805,0.39008814,0.53225964,1.4909341,1.2559357,1.2649773,0.9843567,0.9713654,1.3862509,1.1149225,0.98300576,0.77836984,1.3291223,1.4630252,0.9966615,0.8510071
bird,0.5151277,1.2612982,1.2853413,0.9828468,0.8301097,1.1582742,1.2805462,1.0705909,1.365706,0.85959315,0.9344655,0.7146229,1.2085443,0.96945435,0.6918795,0.0,0.6901957,0.7131025,1.2551891,1.309823,1.4514288,1.2339019,1.1749657,1.2353189,1.4012047,0.90341026,1.395462,0.92367405,1.0038453,0.62997305,1.0033437,1.2360744,1.0478567,0.72776234,1.240343,0.9612486,1.247385,0.7144627,0.9807845,1.2917542,1.0169389,1.4275755,0.5929203,0.96474075,1.0253302,1.2922916,0.6857399,1.1128876,1.206566,0.67421603,1.153663,0.68429655,1.1772976,0.82102674,0.9049222,1.197673,0.9800642,1.2194811,0.57529706,0.6426155,0.87848884,1.1610427,0.99863386,0.79766464,1.3412993,0.6618404,0.9729133,1.2292306,0.5969644,0.9188388,0.81059974,1.199795,0.7037055,1.1975373,1.077642,1.2459092,0.95943916,1.1842865,1.1113124,0.8012904,1.1718322,0.7408602,1.0600666,1.1355621,1.2597873,1.1280799,1.2228508,1.0897076,1.2345306,1.0561987,0.5733795,0.6873895,0.719103,0.97098565,1.2814456,1.2903776,1.2378501,0.81150484,1.1466297,0.8889144,1.2076012,1.2264396,0.6453624,1.1874186,1.2412199,1.212383,1.2857937,0.9970661,0.8481531,0.76662433,1.1852317,0.67355025,1.1399839,0.65167874,1.0580615,0.7822216,1.2366394,0.90111053,1.2413836,0.763881,1.2166293,0.7756312,1.2234579,1.1605659,1.2641847,1.2703477,1.1681042,0.7129123,0.5769582,0.88031906,1.3842607,1.2132034,1.1042178,1.0749335,1.2019397,1.1814947,1.1171045,1.0031866,0.73895514,1.237397,1.2139586,1.0661619,0.7703129
blanket,0.8121941,1.2481053,1.5240233,0.7608366,0.6392165,1.183311,1.4258744,1.2486408,0.9869198,0.55411184,0.94560117,0.2892133,1.3441794,0.6761989,0.39554322,0.6901957,0.0,0.6860646,1.2812039,1.5454867,1.5213394,1.0179665,1.1054177,1.3713262,1.3238463,1.4499507,1.4597745,1.1557176,0.99438757,0.5886892,0.7391921,1.3012538,0.78712577,0.6917015,1.4380531,0.8252062,1.2594869,0.38372588,1.0735793,1.5690992,0.63862354,1.5930808,0.6426333,1.0337862,1.0309962,1.3214521,0.36882764,1.2482549,1.2743328,0.6680858,1.2606051,0.8340435,1.2138308,0.93106,1.1539588,1.4526415,0.88714236,1.366249,0.93211204,0.3579309,0.7907768,1.4606569,1.1385428,0.71817267,1.4977252,0.7627257,0.7982192,1.4612124,0.7715815,0.57638437,0.5409515,1.0885158,0.47674298,1.2675154,0.8488554,1.2878711,0.9001356,1.3301533,0.9476185,0.52172405,1.3367164,0.74178016,1.2197568,1.322518,1.4723257,0.9003512,1.4056947,1.124907,1.3334289,0.89326924,0.3980443,0.26314133,0.52040124,0.8679417,1.4021988,1.5353271,1.3774801,0.9292148,0.9830898,0.7926079,1.344785,1.2729964,0.78729403,1.3925849,1.1325984,1.3987013,1.4703562,0.89481103,0.67199326,0.9450709,1.3500684,0.6406899,1.4008319,0.45642596,0.9886851,0.6105288,1.2714896,0.7239726,1.417763,0.7458093,1.4334958,0.6272821,1.3927023,0.9971401,1.340015,1.3602803,1.1789738,0.57305276,0.40876108,0.5936972,1.5338687,1.3608959,1.3122628,1.056646,1.0318004,1.3157512,1.1641572,0.872728,0.79825777,1.3209552,1.4841491,0.9402398,0.500726
boat,0.76361513,1.1854863,1.1985843,0.7956631,0.71778965,1.2048377,1.2456691,1.095791,1.2161856,0.67016613,1.0652528,0.6050428,1.2324347,0.7935773,0.7165324,0.7131025,0.6860646,0.0,1.1160733,1.2945168,1.2402703,0.99100846,1.0821999,1.2213665,1.1880939,1.1334101,1.2395828,0.90352756,0.89718056,0.8945142,0.8626577,1.2277756,1.0007532,0.91282547,1.2167104,0.94949806,1.234925,0.63234115,1.0502356,1.2403919,0.9082233,1.3265123,0.8656559,1.1959428,1.0232947,1.1765928,0.8004198,1.182346,1.1394786,0.8094958,1.0817759,0.76499045,1.0905758,0.9637907,1.0519682,1.2267334,0.90206146,1.1205801,0.852699,0.7106582,0.8743612,1.2476833,1.1566182,0.7600634,1.2737345,0.8020742,0.9349339,1.2404205,0.8988513,0.7793132,0.8421216,1.0725682,0.72195464,1.0803356,1.0343941,1.2143044,0.9396016,1.0577793,0.9524011,0.79322326,1.1754537,0.8412104,1.1099951,1.199563,1.2477636,1.114297,1.2994137,1.0946447,1.1439033,0.9568832,0.72134054,0.7622667,0.76418257,0.77446026,1.1466018,1.2532179,1.0969621,1.055711,1.0496594,0.91778165,1.1728804,1.0579551,0.918737,1.1833496,1.2696116,1.2345942,1.3206325,0.9859409,0.859163,0.9931776,1.1923425,0.84634316,1.1951327,0.6661246,1.1300439,0.71322083,1.1994551,0.83406276,0.983743,0.6906136,1.2466661,0.76453525,1.0768236,1.0637167,1.1993906,1.246808,1.0775445,0.8557478,0.7000997,0.7594147,1.2679914,1.20914,1.0994751,1.0502619,1.1945341,1.267672,1.0414557,0.8866845,0.80828196,1.2840388,1.2577504,0.9556885,0.9792177
book,1.1631876,1.0268893,0.8110919,1.0592178,1.3053817,0.85102916,0.9594488,0.7670499,0.6470446,1.143921,1.3552188,1.2196721,0.83458334,0.9631666,1.242095,1.2551891,1.2812039,1.1160733,0.0,0.6823811,0.57065594,0.45728862,0.9686392,0.8032053,0.6284818,0.7780069,0.6363537,0.83903986,1.0926703,1.4156392,1.0432917,0.89206827,1.2964802,1.2566774,0.85930514,1.1568946,0.83490795,1.3044316,1.019208,0.5820761,1.0774304,0.6031461,1.2674668,0.8611237,1.0039743,0.51169634,1.3321725,1.0970173,0.8960788,1.3225925,1.0010027,1.3362089,1.0106937,1.1590865,0.82252616,0.70484054,1.178472,0.6443773,1.0528076,1.3279618,1.1153331,0.89809024,0.8391332,1.3462839,0.55735207,1.3646088,1.1991663,0.7265884,1.3014538,1.1563365,1.1940638,1.0372798,1.3132383,0.6110332,0.9443391,1.016227,1.206004,0.7036873,0.9193091,1.2985067,0.8603258,1.1630447,1.1109717,0.9917405,0.8776663,0.73939043,0.8609594,1.2109292,0.9114907,0.92580307,1.3950887,1.323923,1.3498266,0.48911148,0.5565909,0.6214228,0.65520185,1.0936908,0.8109726,0.92452705,0.80027735,0.69178253,1.1870136,0.89769274,0.6034181,0.5129143,0.8899809,0.8352534,1.1215236,1.1120564,0.832722,1.3087907,0.5577058,1.4145918,0.79223096,1.288362,0.67577475,1.3105248,0.61142105,1.1635156,0.75725377,1.022131,0.79539263,1.1574901,0.74315345,0.84718865,1.0489432,1.1517133,1.3587282,1.1617376,0.62610424,0.9685099,0.89076996,0.8983824,0.68607426,0.53976655,0.44769692,1.0049428,1.227782,0.79802215,0.8681122,1.1330699,1.147561
bottle,1.2083762,0.91753125,0.39730424,1.1661302,1.3703896,0.7294139,0.6457691,0.95498186,0.85922134,1.397683,1.0021181,1.4224942,0.57946944,1.4069309,1.476809,1.309823,1.5454867,1.2945168,0.6823811,0.0,0.38373184,1.0499694,0.8417152,0.7729219,0.5212442,0.6641193,0.41982228,0.83186173,1.2378192,1.2674111,1.2233866,0.8019266,1.1294461,1.1920307,0.5661361,1.1818297,0.95992684,1.4044073,1.2542572,0.3309163,1.2487332,0.1154629,1.291509,0.9232818,1.0441031,0.8302119,1.3762126,0.99566495,0.86985874,1.2387656,0.9752015,1.2830167,1.0152277,1.0827222,1.0433892,0.4616993,1.2760019,0.924097,1.1255411,1.3480144,1.1906021,0.47219044,0.8786913,1.1712351,0.56663185,1.3414032,1.3859969,0.32560778,1.2362624,1.3593795,1.3700811,0.89765817,1.4695941,1.0550206,1.1645,0.77386,1.233178,0.8523402,0.8358947,1.521235,0.87256145,1.242408,0.9340019,0.7876099,0.32725585,0.9872881,0.72967386,1.1247553,0.84745765,1.1025277,1.3800919,1.4940107,1.4210348,1.1315773,0.73101586,0.38852382,0.8275195,1.209893,0.8509917,1.1672807,0.5013765,0.7467655,1.309864,0.5844139,0.7572356,0.5504731,0.41848266,1.0118468,1.1716238,1.2358053,0.7180451,1.3820492,0.63247776,1.4761156,0.96093005,1.3504276,0.8450024,1.231553,0.5377925,1.3386037,0.50754917,1.2073491,0.7834878,1.2073684,0.8739864,0.74808866,1.0574539,1.3250742,1.4634949,1.3307762,0.5166743,0.80527174,0.8987798,1.1080043,0.7211715,0.5626173,0.9462449,1.0404319,1.2830032,0.6190973,0.32157958,1.0626639,1.219626
bowl,1.3146389,0.94175047,0.4446268,1.0465053,1.3995483,0.77056634,0.6533364,0.8100388,0.7001675,1.1936142,1.0835264,1.4239647,0.5917809,1.188814,1.5195091,1.4514288,1.5213394,1.2402703,0.57065594,0.38373184,0.0,0.8164055,0.7782941,0.7924434,0.47808486,0.7174076,0.33564013,0.9299907,1.1165829,1.3111017,1.1306918,0.66867065,1.1651561,1.2861701,0.5528931,1.1603551,0.73443615,1.4083269,1.1009849,0.43187404,1.2245182,0.23834133,1.3157632,1.0478021,1.1910881,0.6616068,1.471384,1.0744021,0.6968947,1.3675162,0.9523646,1.4069929,1.0488974,1.1530824,0.9762477,0.6044903,1.2562714,0.61444044,1.2068818,1.4349926,1.188601,0.6947026,0.92899704,1.2726595,0.5883036,1.4870654,1.3704581,0.47989374,1.3586392,1.2770677,1.3250785,0.7362656,1.5011916,0.69161594,1.1747668,0.69132096,1.2584838,0.5846389,0.9810072,1.4795904,0.8657789,1.2575586,1.0197868,0.7505545,0.5639448,0.9089959,0.7682115,1.1749476,0.6928526,1.0058787,1.4908229,1.5789545,1.4862416,0.9182874,0.5741462,0.40838176,0.65439993,1.248574,0.74425316,1.1872925,0.6925828,0.4266367,1.2732155,0.6101488,0.765648,0.46177274,0.5000876,1.1552956,1.2410315,1.1750615,0.64278555,1.4685934,0.5586327,1.5648979,0.9716247,1.3874254,0.7213019,1.2626764,0.34593797,1.2268665,0.5769534,1.2458905,0.6143065,0.9187682,0.6328125,0.7897229,0.9483606,1.3848395,1.5550771,1.2275677,0.30310076,0.88694704,0.89900273,1.0718303,0.78951687,0.6459283,0.6582802,1.184253,1.3026004,0.82209194,0.58082235,1.1719297,1.2265537
box,1.0271423,1.1369445,1.2632728,0.8053204,1.1043844,1.059466,1.1259284,1.0262506,0.35687804,0.6877714,1.3582351,0.8301467,1.1666527,0.5556651,1.0395763,1.2339019,1.0179665,0.99100846,0.45728862,1.0499694,0.8164055,0.0,1.0666076,0.9535113,0.52423453,1.1519865,0.7455264,1.0558325,1.1653439,1.2734001,0.65191144,0.9037882,0.8967655,1.1468753,1.0819257,1.0161238,0.81173706,0.93906224,1.0981565,1.1866374,0.5962764,0.8742844,1.025612,0.7730282,0.7370331,0.36424375,1.0895832,1.28128,1.0216076,1.1964871,1.2117105,1.1638651,1.2721465,0.95837295,1.0856289,1.0676062,1.0733492,0.91648585,1.0388912,1.1618977,0.80478966,1.3354405,1.2153387,1.1954098,1.0772225,1.168079,1.1583638,1.2009408,1.1896553,0.87389815,1.0797136,0.7189216,1.0712258,0.8080293,0.5522253,1.0318506,0.9576753,0.9610994,0.7052537,1.0215335,0.98853946,0.8683249,1.2308522,1.1331899,1.3574649,0.81865376,1.2505949,1.2251657,1.0584238,0.5341412,1.197357,1.0538157,1.0960443,0.70015824,0.903785,1.1564918,0.9719106,1.0135034,1.0282546,1.0044652,0.97667813,0.9574013,1.0095553,1.1424912,0.6213572,0.71876633,1.2005417,0.6172257,1.1328344,1.0386071,0.9811799,1.2095735,0.9706682,1.1428162,0.9205149,1.105029,0.8696681,0.92114943,0.79006314,0.89600414,1.2620637,0.9928195,1.0897357,1.0242063,0.8823471,1.0514771,1.0570339,0.8132658,1.1192333,0.7967274,0.942752,1.2629161,1.2390528,1.0064435,0.87631565,0.8155312,0.6092609,0.88152784,0.9396561,0.8796821,1.3330643,0.91683275,1.1319261
bread,1.0630901,0.861156,0.66558087,0.9963249,1.0572267,0.92708814,0.85105366,0.791344,0.964319,1.2013783,1.0983287,1.2577506,0.9509262,1.0945038,1.039401,1.1749657,1.1054177,1.0821999,0.9686392,0.8417152,0.7782941,1.0666076,0.0,1.1002102,1.0355759,0.9741555,1.0031878,1.195607,0.862938,1.1613475,1.3022878,0.8992652,1.1974673,1.0115992,0.9819288,1.1712879,0.806081,1.2568889,0.40568233,0.800674,1.2457907,0.85689676,1.1186482,1.0632958,1.2537735,1.0510997,1.1696144,0.91576105,0.7713868,1.0692791,0.9387084,1.1108253,0.86540866,1.129251,0.85716486,0.83303285,0.9171213,0.8988817,1.0182648,1.1204298,1.1345514,0.75695515,0.8803773,1.1409101,0.7980602,1.0856189,0.9541218,0.7966453,1.1136472,1.18064,1.0765269,1.0059683,1.2585821,0.9054586,1.1692612,0.9559625,0.995573,0.8569188,1.1696247,0.92682123,1.2054017,1.2454187,0.9706857,0.9268989,0.7396034,0.8544037,0.73789895,0.9349796,0.71674347,1.207018,1.0616208,1.2162817,1.2792236,0.9051367,0.9073275,0.75130427,0.9595001,0.9652285,0.9057331,1.1114205,0.980203,0.5203598,1.1406093,0.5537619,0.96980524,1.0894208,0.86545444,1.1617099,0.9634821,1.0663885,0.99794215,1.1117074,0.95866275,1.1704782,0.97544414,1.1647332,0.90546906,1.2969885,0.9780497,1.0711834,0.681659,1.1904943,0.8272308,0.74113834,0.8900361,0.9778055,0.74866366,1.3066928,1.1687856,1.110611,0.7092416,0.81834036,0.77107406,1.0113678,0.8618008,0.99051225,0.7827315,1.0336407,1.2271538,1.2199904,0.7701477,1.2712264,0.9649788
broom,1.1741395,0.8806677,0.9290799,1.1767695,1.1887033,0.9908308,0.86374784,0.8730627,0.9861973,1.1899654,0.98435545,1.3309011,0.8156909,1.1060023,1.2931919,1.2353189,1.3713262,1.2213665,0.8032053,0.7729219,0.7924434,0.9535113,1.1002102,0.0,0.8308394,0.8236409,0.76256436,1.010364,1.132263,1.1697422,1.0700331,0.7986051,1.0151364,1.1801826,0.76943266,1.0646365,0.9694248,1.3435459,1.0784636,0.6685456,1.1713885,0.74861205,1.2156296,1.0166066,0.9521707,0.80612403,1.2659153,0.98791826,1.009358,1.1423018,0.95312953,1.2666087,0.9643223,1.2131054,0.97119576,0.814686,1.1203753,0.542173,1.1195757,1.2647831,1.1313454,0.9394813,0.9619932,1.1654844,0.8390765,1.2848654,1.1509945,0.8998833,1.2597618,1.072771,0.9437505,0.96266454,1.1922576,0.5478033,0.98311716,0.74715984,1.2327204,0.83218527,1.0240872,1.3098239,0.11491585,1.153679,1.049769,0.8974362,0.917732,0.8290192,0.82130337,1.0567862,1.0082428,1.0532546,1.3121967,1.2952948,1.1433725,1.0152524,0.3962177,0.6483593,0.7403016,1.0908256,0.8850514,1.1325842,0.78017676,0.8947057,1.1915592,0.9037592,0.86299515,0.7528815,0.79257476,1.0654063,1.1946031,1.1483245,0.7868415,1.2790564,0.6757174,1.3063681,0.97866786,1.1847888,0.45158195,1.1205662,0.74948907,1.1209157,0.9123283,1.2212937,0.84188914,1.1441891,0.55657506,0.47507274,1.1003166,1.1857692,1.3144635,1.2922108,0.87373984,0.9310619,0.89451456,0.7296576,0.74703795,0.87629986,0.7875253,1.0810044,1.2612084,0.40918106,0.89946556,1.0163746,1.2109072
bucket,1.0860327,0.9683113,0.86835194,0.69342226,1.2912209,0.73333967,0.78907955,0.9016103,0.4924028,1.0827013,1.2271588,1.2206402,0.9374456,1.1239386,1.2260579,1.4012047,1.3238463,1.1880939,0.6284818,0.5212442,0.47808486,0.52423453,1.0355759,0.8308394,0.0,0.94438154,0.4488638,1.0064822,1.3121645,1.380816,0.9070932,0.8125747,1.0338969,1.2746156,0.9035444,1.159839,0.7885654,1.1954002,1.2027265,0.8787804,0.9467672,0.29908013,1.1840503,0.7827725,0.9511302,0.6462021,1.2462981,1.1379726,0.8113893,1.3393185,1.0927382,1.2294883,1.2217529,1.1062368,1.1386179,0.77743685,1.204949,0.97351545,1.0672202,1.2905226,0.8982366,1.0536753,0.947121,1.2845738,0.8058749,1.2958722,1.3230472,0.8214154,1.2154607,1.0961865,1.2178895,0.50564104,1.3171406,1.0120646,0.8965848,0.8156979,1.093327,0.7287885,0.48317295,1.2292924,0.8948385,1.0249159,1.0887003,1.0079284,0.952101,0.78359306,1.041356,1.1761907,0.86814684,0.76199913,1.3740718,1.2933971,1.2881037,0.92450446,0.91714627,0.9182708,0.8442691,1.1363875,0.9619302,1.0999533,0.6588325,0.8320912,1.1560259,0.82173264,0.58111924,0.6878693,0.8516284,0.7628398,1.2608514,1.1255469,0.9585492,1.3529588,0.832484,1.3240842,0.8991519,1.2750427,0.7447768,1.1250048,0.71019816,1.0592058,0.95832103,1.1401696,0.8538986,1.1035879,0.80954576,0.85543084,1.0747743,1.0479612,1.361589,0.95567685,0.5320934,1.0350566,1.1646919,1.0361234,0.6895511,0.56505084,0.8707,1.0707235,1.1699466,0.7251955,0.95875543,1.0265366,1.2304435
butterfly,1.0030088,0.9394137,0.63311464,1.3879144,1.3828125,0.95267713,0.85455024,0.79711294,1.112926,1.4396214,1.0428561,1.4629798,0.4630363,1.3325436,1.4498367,0.90341026,1.4499507,1.1334101,0.7780069,0.6641193,0.7174076,1.1519865,0.9741555,0.8236409,0.94438154,0.0,0.6542498,0.8935277,0.9932004,1.1030161,1.2316086,0.99802893,1.252167,1.128834,0.5889058,1.0916126,0.92848206,1.4263135,0.939572,0.43607593,1.4145799,0.6605562,1.1980546,0.9838209,1.1245972,0.82152665,1.3694625,0.8759952,0.9812378,1.205713,0.74424636,1.2893887,0.87156296,1.1658604,0.57088566,0.5231952,1.2344826,0.6130892,0.86886823,1.2985866,1.4658716,0.5966218,0.6762497,1.1289786,0.5784946,1.3485221,1.305042,0.5499103,1.1525109,1.4071823,1.2509718,1.2165937,1.2044929,0.7208371,1.2950445,0.90871114,1.3086346,0.7109697,1.2096602,1.4751487,0.7588971,1.2912618,0.9533828,0.61250997,0.6381265,0.9407543,0.54455996,1.0987117,0.90632915,1.2562016,1.2935102,1.3822141,1.1951737,1.032523,0.69791496,0.5115098,0.68576366,0.96985036,0.71264493,1.1516727,0.6860555,0.8188249,1.1210456,0.73370004,0.98391217,0.6304942,0.5467204,1.2879273,1.0463115,0.9897322,0.6523483,1.2344347,0.47214818,1.4268832,0.90567464,1.1701114,0.8548488,1.3193763,0.722852,1.3061922,0.49022585,1.1754732,0.54689753,1.0215036,0.91685796,0.81312287,0.969463,1.3325835,1.3897133,1.4844582,0.6308869,0.7533353,0.5892044,1.1617515,0.8050119,0.7083402,0.81699467,1.166273,1.2330968,0.8176248,0.5595734,1.1453476,1.0643399
can,1.40383,0.85236675,0.6610583,1.1677648,1.3809644,0.91762143,0.8274387,1.0464544,0.580811,1.2704824,1.0039412,1.3976732,0.43218595,1.0709772,1.5125699,1.395462,1.4597745,1.2395828,0.6363537,0.41982228,0.33564013,0.7455264,1.0031878,0.76256436,0.4488638,0.6542498,0.0,0.87312734,1.2255148,1.2222862,0.74428844,0.814315,1.0810751,1.2584574,0.5187787,1.1012158,0.93902665,1.2879181,1.1980696,0.55951077,1.132386,0.29412895,1.3118768,0.8600842,0.95186025,0.4624812,1.4000437,0.95722634,0.9633077,1.3339345,0.91558975,1.4315692,0.99724066,1.1724079,1.0052154,0.72126305,1.1880797,0.6931396,1.3171754,1.42612,1.3788726,0.7284621,0.7696954,1.279231,0.73300195,1.4273318,1.3447802,0.5253891,1.2930014,1.3509003,1.3520986,0.9165206,1.176684,0.8413255,0.989701,0.806015,1.31971,0.7402555,0.9861186,1.4850882,0.7759417,1.2213001,1.051662,0.62934995,0.677946,0.79898345,0.7218562,1.142376,0.9230477,0.7532728,1.4483157,1.446719,1.1867224,1.1042956,0.7103578,0.5242856,0.7113412,1.2117233,0.50590146,1.2848625,0.6699953,0.82918143,1.1837137,0.789675,0.5776619,0.38140833,0.46004498,1.0056843,1.306397,1.1161991,0.58814263,1.3748035,0.7101072,1.4799327,0.9042175,1.122565,0.7698447,1.1834114,0.44405437,1.3424084,0.5685979,1.3328619,0.6816214,0.99965674,0.86790806,0.704213,1.1147213,1.2945914,1.5130335,1.4471123,0.5297347,0.7952561,0.8800714,1.20954,0.60258424,0.7472893,0.79301494,1.1086448,1.1953825,0.48305142,0.6229359,1.0383148,1.2125484
