,zebra,giraffe,deer,pony,horse,pig,rooster,penguin,bird,duck,fish,butterfly,frog,alligator,owl,elephant,bear,cat,dog,face,hair,arm,hand,leg,foot,ankle,finger,toe,tooth,ear,nose,eye,mouth,stroller,motorcycle,tricycle,truck,car,lamp,chair,bench,drawer,ladder,window,door,closet,shower,refrigerator,oven,crib,bed,couch,table,bathtub,sink,boat,slide,hose,sprinkler,swing,grass,tree,snow,helicopter,firetruck,clock,ball,balloon,pumpkin,egg,orange,apple,potato,strawberry,hat,slipper,watch,nail,raisin,glasses,necklace,carrot,vacuum,broom,mop,stick,shovel,scissors,spoon,fork,knife,pencil,pen,crayon,plant,flower,soap,bottle,cup,can,belt,radio,basket,milk,jar,bucket,tape,bowl,plate,corn,pickle,banana,melon,bread,cookie,toast,cracker,sandwich,chips,pizza,hamburger,muffin,pastry,meat,pasta,sauce,soup,applesauce,glass,coffee,dish,tray,box,book,paper,rock,comb,toothbrush,gum,toy,doll,mitten,glove,sock,shoe,purse,pillow,towel,napkin,blanket,dress,pajamas,bib,scarf,coat,jacket,sweater,shirt,jeans,pants,shorts,cloud,game
zebra,0.0,0.7407939434051514,1.1893495321273804,1.0729396343231201,0.6160484552383423,1.101073145866394,1.2930350303649902,1.1850570440292358,0.9229736924171448,1.1092920303344727,1.2122437953948975,1.185938835144043,1.225372552871704,0.8159449696540833,0.8238161206245422,0.5760173797607422,0.7511289119720459,0.6683439612388611,0.9185307025909424,0.7057051062583923,0.7316704988479614,0.5340049862861633,0.8799513578414917,1.028662085533142,0.9916267395019531,1.1050423383712769,1.0840498208999634,1.1017297506332397,1.2184209823608398,1.1305243968963623,0.9346522688865662,1.1372454166412354,1.112203598022461,0.8389875888824463,0.8383671045303345,,1.0585753917694092,0.7149426341056824,1.170267105102539,0.5635151863098145,0.5676276087760925,0.8568239212036133,0.6841483116149902,0.5798852443695068,0.7996833920478821,0.5906236171722412,0.81117844581604,0.7036058902740479,1.018526554107666,0.5543524622917175,0.5013598203659058,0.4690113067626953,0.6590807437896729,0.5891839861869812,0.7615271806716919,0.7656718492507935,0.5886556506156921,0.9094648361206055,1.252336025238037,0.7653791904449463,0.9122559428215027,0.864761471748352,0.6670600175857544,,,1.2927415370941162,1.1799908876419067,1.2469978332519531,1.1924328804016113,1.1519339084625244,1.2417091131210327,1.261686086654663,,1.2794874906539917,1.0901459455490112,1.2551374435424805,1.2526534795761108,1.1829488277435303,1.250557541847229,1.1616613864898682,1.0913407802581787,1.149467945098877,1.0627222061157227,1.1557574272155762,,0.9635511040687561,1.1937735080718994,1.2058786153793335,1.3112165927886963,1.2125279903411865,1.0710712671279907,1.3303017616271973,1.3253334760665894,1.337334156036377,1.2506771087646484,1.2915314435958862,1.3158854246139526,1.3137308359146118,1.3671311140060425,1.2135013341903687,1.2132817506790161,1.2751387357711792,1.1804918050765991,1.1551368236541748,1.114988088607788,1.3120152950286865,1.378895878791809,1.343446969985962,1.2001640796661377,1.0775741338729858,1.1840389966964722,1.1285631656646729,1.0271878242492676,1.3257660865783691,1.3137729167938232,,1.2030515670776367,0.9906510710716248,0.9633706212043762,1.098002314567566,1.1151427030563354,1.1761789321899414,1.265162706375122,0.9480434656143188,,1.1667535305023193,1.288027286529541,1.0174309015274048,0.9535462856292725,1.1590405702590942,1.0674642324447632,1.110068917274475,1.0027118921279907,1.1883195638656616,0.8305305242538452,0.8164055943489075,0.7760779857635498,1.1151655912399292,1.3322677612304688,1.2505555152893066,1.071474552154541,0.7824993133544922,0.9390453696250916,0.8671841621398926,0.8543579578399658,1.0344195365905762,0.7553050518035889,1.0645956993103027,1.161450743675232,0.5573018193244934,0.3694171905517578,0.45333147048950195,0.5786775946617126,0.5541812181472778,0.4993476867675781,0.4268394708633423,0.39839839935302734,0.4188401699066162,0.5229226350784302,0.4597254991531372,0.5561784505844116,,1.0920172929763794
giraffe,0.7407939434051514,0.0,0.8923979997634888,0.9234285354614258,0.5952504873275757,0.8586183786392212,1.1621289253234863,1.1334782838821411,0.8777675628662109,0.9512916803359985,1.1020945310592651,0.9863249063491821,0.9563849568367004,0.6334710121154785,0.49966031312942505,0.46894288063049316,0.6064145565032959,0.5769742131233215,0.7586284875869751,0.9034920930862427,1.009531021118164,0.7196290493011475,0.9459489583969116,1.1687486171722412,1.1064659357070923,1.2686882019042969,1.2826261520385742,1.379623293876648,1.233004093170166,1.2596757411956787,1.1568998098373413,1.2213305234909058,1.2096126079559326,0.8702497482299805,0.6973491907119751,,0.9596295952796936,0.6527287364006042,1.0400991439819336,0.7778676748275757,0.6921309232711792,0.8326531648635864,0.7785329222679138,0.7739735841751099,0.9096580147743225,0.7760550379753113,0.803229033946991,0.8195220232009888,1.013737678527832,0.519724428653717,0.5979906916618347,0.7591800093650818,0.6600978374481201,0.7218841314315796,0.8154877424240112,0.6961321830749512,0.6149049401283264,0.7826226949691772,1.1275901794433594,0.7592388391494751,0.7392167448997498,0.7114750146865845,0.4925168752670288,,,1.0829792022705078,1.247091293334961,1.2715411186218262,1.1902086734771729,1.335750699043274,1.3174762725830078,1.2818219661712646,,1.29399836063385,1.239174723625183,1.3582816123962402,1.321648359298706,1.2783513069152832,1.293095588684082,1.2575370073318481,1.2116326093673706,1.2070679664611816,1.0596026182174683,1.133237600326538,,0.871001124382019,0.9588420987129211,0.9429782629013062,1.165147304534912,1.1306675672531128,0.9452933073043823,1.244058609008789,1.287665843963623,1.2990139722824097,1.2026827335357666,1.1680667400360107,1.3827062845230103,1.2572296857833862,1.3081433773040771,1.2370939254760742,1.1598541736602783,1.1754542589187622,0.808103621006012,1.0489888191223145,0.9784895777702332,1.2130622863769531,1.2984166145324707,1.1366913318634033,1.0384882688522339,0.8419930338859558,1.1962940692901611,0.993719756603241,0.9070529341697693,1.2360494136810303,1.2022068500518799,,1.0078859329223633,1.0370312929153442,0.8402602672576904,0.9093502163887024,1.1696685552597046,1.1364296674728394,1.1891684532165527,0.8141949772834778,,0.9254058599472046,1.0991928577423096,0.8679533004760742,0.7893921732902527,1.131849765777588,0.8200925588607788,0.8285043239593506,0.8407948613166809,1.0339601039886475,0.7393295764923096,0.6634395122528076,0.6018359661102295,0.9814722537994385,1.1784576177597046,1.0403085947036743,1.0299407243728638,0.8192709684371948,0.946087121963501,1.0898464918136597,0.7965798377990723,0.9413496255874634,0.942562997341156,1.1763930320739746,1.1750972270965576,0.6326441764831543,0.6939114332199097,0.6620305180549622,0.6387753486633301,0.6366457343101501,0.849534273147583,0.6765986680984497,0.745995819568634,0.7280536890029907,0.7944581508636475,0.8318285942077637,0.8963420987129211,,0.926045298576355
deer,1.1893495321273804,0.8923979997634888,0.0,0.22521305084228516,0.6537051200866699,0.5826001167297363,0.618229866027832,0.8047803044319153,0.7286016941070557,0.6466474533081055,0.8833257555961609,0.8290385603904724,0.8409630060195923,0.815098762512207,0.9548820853233337,1.020096778869629,1.0111385583877563,0.9100030660629272,0.40409278869628906,1.1011046171188354,1.1262211799621582,1.2295751571655273,1.154896855354309,1.118573784828186,0.8324204087257385,1.0778940916061401,1.132552981376648,1.105455756187439,1.0934141874313354,0.9807299375534058,1.134680151939392,1.011095643043518,1.147473692893982,0.9732033610343933,0.8727260828018188,,0.9576928615570068,0.9772771596908569,0.7778596878051758,1.0286715030670166,1.1446889638900757,1.185434341430664,0.9409915804862976,0.9626210927963257,0.9448440670967102,0.9972589015960693,1.1668156385421753,0.9760951399803162,1.014722466468811,1.1122204065322876,1.235761046409607,1.1875336170196533,1.1557974815368652,1.2131435871124268,1.1636409759521484,1.229661464691162,1.2224643230438232,0.9032522439956665,0.7132341861724854,1.0344440937042236,0.9247797727584839,0.9164997339248657,1.0290193557739258,,,0.7092536091804504,1.0591081380844116,0.9949448108673096,0.8208056688308716,1.0254273414611816,0.969214677810669,0.9737814664840698,,1.0156077146530151,1.086122751235962,1.0303994417190552,1.0234618186950684,1.0665267705917358,0.9913619756698608,1.037521481513977,1.0516964197158813,1.1149197816848755,0.8564050197601318,0.9538485407829285,,0.8554414510726929,0.9013093113899231,0.9412619471549988,0.9755651950836182,0.9507871270179749,1.1591694355010986,1.032936453819275,1.0306161642074585,1.0510109663009644,0.7667081356048584,0.8178534507751465,0.9584594964981079,0.9124243259429932,0.956031858921051,0.9989312291145325,1.0039434432983398,0.896010160446167,0.8431056141853333,0.9677180051803589,0.9951892495155334,1.0129823684692383,1.0141562223434448,0.9928057789802551,1.110952615737915,1.1416758298873901,1.073259949684143,1.0636539459228516,1.1890652179718018,0.9680024981498718,0.9385220408439636,,0.9175165295600891,1.014933466911316,1.0594712495803833,0.9839044213294983,1.0459436178207397,0.950613260269165,0.9439457654953003,1.0033570528030396,,0.9754444360733032,0.968978762626648,1.1275265216827393,1.0954900979995728,1.0177383422851562,1.030351996421814,1.0825717449188232,1.160696268081665,1.0921306610107422,1.1816731691360474,1.1755865812301636,1.1688146591186523,1.1669750213623047,1.1301980018615723,1.0425612926483154,0.8073148131370544,1.2334628105163574,1.1037800312042236,1.2734265327453613,1.1021934747695923,0.9442645907402039,1.077347993850708,1.0168386697769165,0.9518190622329712,1.2284363508224487,1.1757076978683472,1.239897608757019,1.23996102809906,1.0674251317977905,1.1163851022720337,1.258845567703247,1.2199020385742188,1.2056922912597656,1.2984716892242432,1.2308611869812012,1.2917886972427368,,0.9753398895263672
pony,1.0729396343231201,0.9234285354614258,0.22521305084228516,0.0,0.5482356548309326,0.5218695998191833,0.708063006401062,0.8474472761154175,0.739026665687561,0.713015079498291,0.9363646507263184,0.892829179763794,0.9179357886314392,0.7368379831314087,0.8696696758270264,0.8708797693252563,0.9074478149414062,0.7797185182571411,0.18552470207214355,1.0302056074142456,1.0246843099594116,1.0858162641525269,1.0909587144851685,1.0581984519958496,0.6875224113464355,1.0123116970062256,1.0765531063079834,1.026060938835144,1.0627024173736572,0.9217224717140198,1.0360838174819946,1.0418720245361328,1.1066441535949707,0.8983823657035828,0.8807689547538757,,0.990863561630249,0.970550537109375,0.9835937023162842,0.9470952749252319,1.0351972579956055,1.146427035331726,0.9010502099990845,0.9431585073471069,0.9863068461418152,0.9668555855751038,1.0763672590255737,0.9556552171707153,1.0348716974258423,1.0222057104110718,1.059336543083191,0.968248724937439,1.0457574129104614,1.1646449565887451,1.1808134317398071,1.2227139472961426,1.1497448682785034,1.06156325340271,0.9095929861068726,0.9559111595153809,0.9277466535568237,1.0388000011444092,1.012086033821106,,,0.922292947769165,1.0557996034622192,1.045891284942627,0.8251274228096008,1.0220636129379272,0.9736893177032471,1.0192292928695679,,1.0379109382629395,1.0206973552703857,1.0112082958221436,1.0201491117477417,1.044816255569458,0.9964777231216431,1.0215482711791992,0.9960656762123108,1.0631051063537598,0.9483879208564758,1.0272138118743896,,0.9339340925216675,1.0583288669586182,1.0666484832763672,1.0707110166549683,1.085245132446289,1.2155672311782837,1.1279680728912354,1.1149905920028687,1.1150823831558228,0.8883222341537476,0.8927564024925232,1.015381097793579,0.9812317490577698,1.007025122642517,0.9740781784057617,1.0692789554595947,0.9778318405151367,0.9378794431686401,0.9965094923973083,1.0476481914520264,1.0240527391433716,1.0916036367416382,1.044671893119812,1.1796741485595703,1.189876675605774,1.1054842472076416,1.1192032098770142,1.1999914646148682,0.9175153374671936,1.0074124336242676,,0.9532412886619568,0.9637300968170166,1.0665626525878906,0.950191080570221,1.0232926607131958,0.9193529486656189,1.006090521812439,0.9353420734405518,,0.9696658849716187,1.0506871938705444,1.1440293788909912,1.067620038986206,1.0641629695892334,1.1005501747131348,1.1087075471878052,1.110245704650879,1.1166925430297852,1.1611003875732422,1.076269268989563,1.1971453428268433,1.1985762119293213,1.1784706115722656,1.053905725479126,0.6975345611572266,1.1186224222183228,1.0006084442138672,1.1505677700042725,1.05363130569458,0.9350445866584778,0.9002056121826172,0.9898719787597656,0.9564429521560669,1.0384552478790283,0.998768150806427,1.0342826843261719,1.1020970344543457,0.9048865437507629,0.9391908645629883,1.0792646408081055,1.0431365966796875,1.0593961477279663,1.0959194898605347,1.0283178091049194,1.078476071357727,,0.9848130345344543
horse,0.6160484552383423,0.5952504873275757,0.6537051200866699,0.5482356548309326,0.0,0.6517845988273621,1.0722754001617432,0.9644286036491394,0.5995118618011475,0.7369483709335327,0.9982473850250244,0.9496052265167236,0.9081247448921204,0.4306643605232239,0.6003920435905457,0.3083074688911438,0.5538390278816223,0.4123377799987793,0.4321235418319702,0.7260140776634216,0.7588810324668884,0.6665513515472412,0.8892751336097717,1.176851511001587,0.7802500128746033,1.2615015506744385,1.190283179283142,1.2688568830490112,1.286374568939209,1.2085044384002686,1.0529532432556152,1.1854417324066162,1.1878938674926758,0.678790807723999,0.4844924807548523,,0.9272894859313965,0.45263564586639404,1.2150225639343262,0.7239521741867065,0.5953978896141052,0.8367859125137329,0.689407467842102,0.6897125840187073,0.8922626376152039,0.6764938235282898,0.7875821590423584,0.7608741521835327,1.050188422203064,0.5502074956893921,0.5678492784500122,0.5791518688201904,0.6460661292076111,0.6869561076164246,0.8560618162155151,0.7576411962509155,0.571668267250061,0.8704299330711365,1.2375295162200928,0.7097384333610535,0.7092117071151733,0.7625782489776611,0.4512220025062561,,,1.219950556755066,1.3184930086135864,1.4022765159606934,1.217736840248108,1.3254849910736084,1.359696865081787,1.3603887557983398,,1.3432049751281738,1.2308638095855713,1.359554648399353,1.3354957103729248,1.3043204545974731,1.3312914371490479,1.2470225095748901,1.220977544784546,1.1133126020431519,1.124780535697937,1.2743276357650757,,0.9301982522010803,1.1883280277252197,0.9897521734237671,1.3738130331039429,1.3219523429870605,1.0710875988006592,1.4375823736190796,1.4122159481048584,1.41230309009552,1.2118377685546875,1.2256014347076416,1.4543190002441406,1.3891324996948242,1.4709306955337524,1.330885410308838,1.2608788013458252,1.2899175882339478,1.180580735206604,1.1498395204544067,1.0871456861495972,1.3885725736618042,1.4786828756332397,1.369359016418457,1.231433391571045,1.020155906677246,1.2040475606918335,1.0600075721740723,0.9634429216384888,1.2849705219268799,1.279497742652893,,1.0100250244140625,0.9663198590278625,0.9175276160240173,0.9394099712371826,1.1369285583496094,1.0868381261825562,1.3058927059173584,0.7559529542922974,,1.068953037261963,1.2447432279586792,0.9924241900444031,0.808312177658081,1.1563849449157715,0.997321605682373,1.0420235395431519,0.911357045173645,1.085045576095581,0.7321270704269409,0.6852355599403381,0.7010148167610168,1.0987868309020996,1.2270917892456055,1.1581188440322876,0.9276160001754761,0.7593976259231567,0.9133157134056091,1.048165202140808,0.764141321182251,0.9792864322662354,0.9256318807601929,1.2460078001022339,1.2764050960540771,0.6331233978271484,0.5903192758560181,0.6118698716163635,0.6509010195732117,0.5610167980194092,0.5964851975440979,0.5224623680114746,0.611399233341217,0.5677289962768555,0.6231803297996521,0.5696955919265747,0.7260726094245911,,0.9556083679199219
pig,1.101073145866394,0.8586183786392212,0.5826001167297363,0.5218695998191833,0.6517845988273621,0.0,0.8657863140106201,0.7001256942749023,0.7669720649719238,0.6417780518531799,0.8566356897354126,0.7418949007987976,0.6724415421485901,0.5488971471786499,0.7903532981872559,0.7393732666969299,0.7571816444396973,0.8641909956932068,0.45974671840667725,0.8587697744369507,0.9114548563957214,0.9484065175056458,0.9838420152664185,1.1659362316131592,0.6994653940200806,0.9579054713249207,1.0563243627548218,1.0841821432113647,1.1351125240325928,1.0261844396591187,0.9761901497840881,0.9485782980918884,0.9745073318481445,0.9053623676300049,0.8231956362724304,,0.9497349858283997,1.0528143644332886,1.1652824878692627,1.0768407583236694,0.9544796347618103,1.0731014013290405,1.065363883972168,1.0695569515228271,1.167872428894043,1.118665099143982,1.0138051509857178,1.128997564315796,1.1224350929260254,0.9764008522033691,0.9115095138549805,0.9681006073951721,0.9470388889312744,1.0890790224075317,1.1682487726211548,1.0508084297180176,0.9946460127830505,1.0131785869598389,1.1173367500305176,0.9777154326438904,0.8384855389595032,0.8814981579780579,0.9280408024787903,,,1.0474064350128174,1.1360979080200195,1.184640884399414,0.8314032554626465,1.1347060203552246,1.0740200281143188,1.1341229677200317,,1.0093239545822144,1.036645770072937,1.0654444694519043,1.1080851554870605,1.1801780462265015,1.0754485130310059,1.068559169769287,1.015023946762085,1.0476257801055908,1.1871566772460938,1.2140874862670898,,0.968085527420044,1.1073840856552124,0.8786255717277527,1.122794270515442,1.1984434127807617,1.1814281940460205,1.2105242013931274,1.1847726106643677,1.1569207906723022,1.0692366361618042,1.0903208255767822,1.1817127466201782,1.2613927125930786,1.2718753814697266,1.199784517288208,1.1024466753005981,1.1978895664215088,1.118776798248291,1.1462969779968262,1.1550942659378052,1.1888346672058105,1.1455739736557007,1.1757779121398926,1.1457761526107788,1.0088716745376587,1.1201629638671875,0.9731525778770447,1.0216487646102905,0.9595768451690674,0.9478771686553955,,0.843074381351471,0.9551632404327393,0.930545449256897,0.9055570363998413,0.9850791096687317,0.8391472101211548,1.0599794387817383,0.7061341404914856,,0.9117714762687683,1.0349137783050537,1.0933855772018433,1.0992357730865479,1.0820591449737549,0.960457444190979,1.002023696899414,1.0240329504013062,0.9940643310546875,0.9687178134918213,0.9786280989646912,1.0989210605621338,1.1640814542770386,1.1355834007263184,0.9273717403411865,0.8004140853881836,0.8643477559089661,0.8930971622467041,0.9599520564079285,0.8170182108879089,0.9129449129104614,1.0297291278839111,1.1006438732147217,1.1384867429733276,0.8557032346725464,0.9341607689857483,0.8917891979217529,0.8702077865600586,0.8310365676879883,1.016522765159607,0.8981109857559204,0.9690263867378235,0.9346003532409668,0.9323522448539734,0.8887197971343994,0.9732754826545715,,0.8890326619148254
rooster,1.2930350303649902,1.1621289253234863,0.618229866027832,0.708063006401062,1.0722754001617432,0.8657863140106201,0.0,0.6125602722167969,0.7583534717559814,0.8784884214401245,0.6037788987159729,0.6948431134223938,0.8993463516235352,1.1867231130599976,0.9690307378768921,1.2144466638565063,1.1901562213897705,1.0733979940414429,0.985811710357666,1.2141233682632446,1.1167625188827515,1.459369421005249,1.3468661308288574,0.9712962508201599,0.9711891412734985,0.884219765663147,0.9548603296279907,0.7544177770614624,0.6653378009796143,0.7053192853927612,1.0905450582504272,0.7593053579330444,1.0451194047927856,1.2550828456878662,1.1131566762924194,,1.0695346593856812,1.1004003286361694,0.5565271377563477,1.273847222328186,1.4318513870239258,1.3482255935668945,1.2754703760147095,1.1868798732757568,1.0709408521652222,1.247118592262268,1.2780134677886963,1.1466333866119385,1.0207791328430176,1.4643793106079102,1.5268275737762451,1.441145896911621,1.5654937028884888,1.4520483016967773,1.389686942100525,1.5060290098190308,1.4769625663757324,1.1529828310012817,0.5004140138626099,1.1899502277374268,1.1795847415924072,1.0950467586517334,1.1716845035552979,,,0.4345405101776123,0.7456927299499512,0.6416817903518677,0.7818024158477783,0.720511257648468,0.7007336616516113,0.5643370151519775,,0.5473898649215698,0.712573230266571,0.5594093203544617,0.5490449666976929,0.5875029563903809,0.35275256633758545,0.6249779462814331,0.8014705181121826,0.8980690836906433,0.6551454067230225,0.6410580277442932,,0.9984845519065857,0.8467099666595459,1.0244948863983154,0.8476781845092773,0.6879416704177856,1.0944092273712158,0.7156587839126587,0.5898206830024719,0.5998358726501465,0.4098547697067261,0.2827591896057129,0.5074366331100464,0.475252628326416,0.5567129254341125,0.6014775633811951,0.6994963884353638,0.5792384147644043,0.8206121325492859,1.0971964597702026,1.1312799453735352,0.8699120879173279,0.7067461609840393,0.8963391184806824,1.0642015933990479,1.1990958452224731,1.0643768310546875,1.1609537601470947,1.2671351432800293,0.6616665720939636,0.7362061738967896,,0.8744744658470154,1.2075046300888062,1.251051664352417,1.0271342992782593,0.8517031669616699,0.8537532687187195,0.6115270853042603,1.115330457687378,,1.0700095891952515,0.9930710792541504,1.3420116901397705,1.2491300106048584,1.0503941774368286,1.3254616260528564,1.316802740097046,1.4348645210266113,1.1994755268096924,1.4610731601715088,1.2501704692840576,1.2619067430496216,1.2211366891860962,1.1419010162353516,1.0641131401062012,0.9729411005973816,1.4156010150909424,1.1556193828582764,1.1834417581558228,1.2037640810012817,1.1050387620925903,1.1006349325180054,0.6889530420303345,0.6657236814498901,1.4806280136108398,1.3891475200653076,1.496062159538269,1.5142282247543335,1.293786644935608,1.1606473922729492,1.398991584777832,1.393819808959961,1.4041564464569092,1.4951926469802856,1.4137492179870605,1.4491889476776123,,1.2209702730178833
penguin,1.1850570440292358,1.1334782838821411,0.8047803044319153,0.8474472761154175,0.9644286036491394,0.7001256942749023,0.6125602722167969,0.0,0.5805060267448425,0.6960988640785217,0.4895913600921631,0.5760844945907593,0.5951908230781555,0.8811358213424683,0.9429708123207092,1.0967298746109009,1.03614342212677,1.0605733394622803,0.9605649709701538,1.0753889083862305,1.011327862739563,1.2977933883666992,1.176336646080017,0.9254959225654602,0.7701232433319092,0.8965030312538147,0.8688098788261414,0.8219492435455322,0.8071984648704529,0.8761597871780396,0.9556728005409241,0.7318971753120422,0.8676055073738098,0.97535640001297,0.8990511894226074,,1.104422926902771,1.000130295753479,1.0208029747009277,1.2462317943572998,1.2261284589767456,1.186877727508545,1.2259551286697388,1.2361476421356201,1.2137794494628906,1.295964002609253,1.2357828617095947,1.2764184474945068,1.091217279434204,1.2475371360778809,1.2361280918121338,1.2444669008255005,1.2978515625,1.2887847423553467,1.3221477270126343,1.2685449123382568,1.2432470321655273,1.1494364738464355,0.9219690561294556,1.1443543434143066,1.0246059894561768,1.124074101448059,1.0651956796646118,,,0.7960420846939087,0.7877303957939148,0.8020775318145752,0.9326176047325134,0.8042657375335693,0.8207995891571045,0.7433559894561768,,0.6984786987304688,0.7865886092185974,0.6347547173500061,0.6961603164672852,0.8163193464279175,0.625776469707489,0.7673871517181396,0.8319268226623535,0.745904803276062,0.9931048154830933,0.9738507270812988,,1.220921277999878,1.0304187536239624,0.8880693912506104,0.8783208727836609,0.901473343372345,1.0229260921478271,0.8625407218933105,0.749291181564331,0.6730160713195801,0.7983503341674805,0.8492190837860107,0.7930522561073303,0.8862625360488892,0.9192866683006287,0.8208531737327576,0.7909824848175049,0.8955230712890625,1.0713045597076416,1.176212191581726,1.1110376119613647,0.9587580561637878,0.760940670967102,1.0576521158218384,1.0351338386535645,1.0620291233062744,0.828442394733429,0.8476048111915588,0.8959135413169861,0.7421003580093384,0.8486541509628296,,0.7635178565979004,0.9533753395080566,1.088476300239563,0.9803405404090881,0.7783342599868774,0.8898611068725586,0.7923688888549805,1.052735447883606,,1.1138148307800293,1.0281038284301758,1.128954529762268,1.1302729845046997,1.0211858749389648,1.1697239875793457,1.248647689819336,1.175044298171997,0.9822037220001221,1.1827239990234375,1.1231369972229004,1.1311298608779907,1.0718014240264893,0.8623250722885132,0.8845401406288147,0.9299389123916626,1.1442397832870483,0.9441100358963013,0.9082596302032471,1.014294147491455,1.081958532333374,1.087361216545105,0.8781013488769531,0.8793300986289978,1.1866849660873413,1.2095698118209839,1.2412186861038208,1.241092562675476,1.102582573890686,1.1544086933135986,1.1482934951782227,1.1996996402740479,1.1957602500915527,1.120194673538208,1.040895938873291,1.0845513343811035,,1.1266028881072998
bird,0.9229736924171448,0.8777675628662109,0.7286016941070557,0.739026665687561,0.5995118618011475,0.7669720649719238,0.7583534717559814,0.5805060267448425,0.0,0.5999491810798645,0.6259547472000122,0.5372826457023621,0.6087906360626221,0.5201740860939026,0.7169649004936218,0.8869251012802124,0.8781028389930725,0.7824888825416565,0.7163046598434448,0.8888726830482483,0.9068092107772827,1.01076078414917,1.0732970237731934,1.081333875656128,0.7967817187309265,1.0633119344711304,1.1012440919876099,1.1236836910247803,1.1515910625457764,1.1853742599487305,1.0918610095977783,1.0263437032699585,1.1733731031417847,0.7223217487335205,0.6586374640464783,,1.0096009969711304,0.7066604495048523,0.911720335483551,0.9081008434295654,0.8542364239692688,0.8324853181838989,0.896565318107605,0.9325122833251953,0.9020894169807434,0.9342976808547974,1.051971197128296,0.9544681310653687,0.9566582441329956,0.8786727786064148,0.9220597147941589,0.8760089874267578,0.9983630776405334,1.0289453268051147,1.09073805809021,1.1001160144805908,1.0063735246658325,0.9296638369560242,0.9178476333618164,0.9174728989601135,0.9880690574645996,1.065110206604004,0.7494378089904785,,,0.8350325226783752,1.0208311080932617,1.0769706964492798,1.0232350826263428,1.0824801921844482,1.1619600057601929,1.1558610200881958,,1.0913113355636597,0.9574809670448303,0.9703868627548218,1.122810959815979,1.1884835958480835,0.9902823567390442,1.0569968223571777,1.1407625675201416,1.0328503847122192,0.9171366095542908,1.0259695053100586,,1.0401514768600464,1.0345858335494995,0.8194449543952942,1.047151803970337,0.9869811534881592,0.9794349074363708,1.1576160192489624,1.088266134262085,1.125892996788025,0.9593991637229919,1.043421983718872,1.1668118238449097,1.2020384073257446,1.2151199579238892,1.0202564001083374,0.9956910014152527,0.9548766016960144,0.9610747694969177,1.1337971687316895,1.1300450563430786,1.1744942665100098,1.082190990447998,1.196122169494629,1.1410608291625977,1.11844003200531,1.0252152681350708,0.9747530221939087,0.9141918420791626,1.0796900987625122,1.0193816423416138,,0.8692222237586975,1.0142041444778442,1.0117141008377075,0.9702726006507874,0.8076211214065552,0.9821227192878723,1.0814207792282104,0.8868454098701477,,1.1857795715332031,1.1488885879516602,1.1326318979263306,0.9784839749336243,1.0260180234909058,1.0878459215164185,1.095260500907898,0.9839766025543213,0.9677391648292542,0.8899460434913635,0.9221435189247131,0.8497841358184814,1.0851601362228394,1.0171324014663696,0.9574971795082092,0.8150337934494019,0.9521430134773254,0.839709460735321,0.9303882718086243,0.7206606864929199,0.8570161461830139,0.796404242515564,0.9145107269287109,0.9188237190246582,0.9107466340065002,0.9552172422409058,0.9655450582504272,0.9832457304000854,0.9217480421066284,0.852773129940033,0.880721926689148,0.9385769367218018,0.9255605340003967,0.8909958004951477,0.8566508293151855,0.9760401248931885,,1.0603708028793335
duck,1.1092920303344727,0.9512916803359985,0.6466474533081055,0.713015079498291,0.7369483709335327,0.6417780518531799,0.8784884214401245,0.6960988640785217,0.5999491810798645,0.0,0.7184271812438965,0.5831701159477234,0.6674608588218689,0.5650612711906433,0.670479416847229,0.8389486074447632,0.9435288310050964,0.8289722800254822,0.6922057271003723,0.9540177583694458,0.9538151025772095,0.9483709931373596,0.8847122192382812,1.0638515949249268,0.7711840867996216,1.0451539754867554,0.9690841436386108,1.0426476001739502,1.1707792282104492,1.008735179901123,0.9502939581871033,1.0140140056610107,0.9938458800315857,0.8439346551895142,0.8578616976737976,,0.8013326525688171,0.93913334608078,1.189502477645874,1.048440933227539,0.9631935358047485,0.952255129814148,0.9919359683990479,1.0683165788650513,1.0879007577896118,1.0878263711929321,1.05613374710083,1.1164298057556152,1.037784457206726,0.9960055351257324,1.0527746677398682,0.9744322299957275,0.9939004778862,1.088945746421814,1.1010792255401611,1.0435185432434082,1.0866219997406006,1.009042739868164,1.1174389123916626,1.0843065977096558,0.8897278904914856,1.0010205507278442,0.9155365228652954,,,1.0092952251434326,1.1053217649459839,1.1702836751937866,0.7348037958145142,1.0486340522766113,1.0563422441482544,1.1399983167648315,,1.0712709426879883,1.0251224040985107,1.0234589576721191,1.0815860033035278,1.2301019430160522,1.1009758710861206,1.0900952816009521,0.9340214133262634,0.8766005039215088,1.121347188949585,1.1569799184799194,,0.9205164313316345,0.9695984125137329,0.9099180698394775,0.9876424074172974,1.0617278814315796,0.9837478399276733,1.1593345403671265,1.1437623500823975,1.153214931488037,1.0528146028518677,1.1001698970794678,1.1700787544250488,1.2400261163711548,1.2225791215896606,1.1271287202835083,1.045648217201233,1.122995138168335,1.0222344398498535,1.0848603248596191,1.08217191696167,1.0926618576049805,1.1533944606781006,1.070364236831665,1.063940405845642,0.907559871673584,0.893090009689331,0.8011101484298706,0.905982255935669,0.8734431266784668,0.99289870262146,,0.7246415019035339,0.7930108308792114,0.9820289015769958,0.7936437129974365,0.8905941247940063,0.772689938545227,1.0881441831588745,0.6889015436172485,,0.9145436882972717,1.0360233783721924,0.9465439915657043,0.977074146270752,1.1168252229690552,0.9665919542312622,0.9905186891555786,1.0103448629379272,1.0786638259887695,1.0271230936050415,1.0241535902023315,0.9404206871986389,0.994655191898346,0.9863191843032837,0.9682064652442932,0.7430883646011353,0.8129688501358032,0.7670467495918274,0.9160179495811462,0.8338679075241089,0.8564020395278931,0.8654642701148987,1.0354820489883423,1.010326623916626,0.9199884533882141,0.9917023181915283,0.9395861029624939,0.890570878982544,0.7748861312866211,0.9517704844474792,0.9873178005218506,1.0322970151901245,0.9970424175262451,0.8637657165527344,0.8682820200920105,0.8780475854873657,,0.9894505143165588
fish,1.2122437953948975,1.1020945310592651,0.8833257555961609,0.9363646507263184,0.9982473850250244,0.8566356897354126,0.6037788987159729,0.4895913600921631,0.6259547472000122,0.7184271812438965,0.0,0.5156904458999634,0.6957147717475891,0.8463337421417236,0.8776469826698303,1.097527265548706,1.0577770471572876,0.8793580532073975,1.048557996749878,1.15583074092865,1.106447458267212,1.272223949432373,1.0904645919799805,0.7180131673812866,0.6834169030189514,0.9158818125724792,0.7455028295516968,0.661118745803833,0.489587664604187,0.7525213360786438,0.8824353218078613,0.6525442600250244,0.7562742829322815,1.2106757164001465,1.0409692525863647,,1.0478318929672241,0.9138923287391663,0.9719980955123901,1.3217535018920898,1.2476425170898438,1.1668894290924072,1.3688868284225464,1.2071861028671265,1.2299729585647583,1.3599622249603271,1.3491393327713013,1.4040467739105225,1.1487178802490234,1.3772401809692383,1.2911814451217651,1.2841384410858154,1.332108974456787,1.2623414993286133,1.2575076818466187,1.3240382671356201,1.3184999227523804,1.155057668685913,0.9423936605453491,1.1182878017425537,1.0009737014770508,1.210437536239624,0.9580207467079163,,,0.7516791820526123,0.7129130363464355,0.6284041404724121,0.9083880186080933,0.6978241205215454,0.6242478489875793,0.5511136054992676,,0.545354962348938,0.8143141865730286,0.47364646196365356,0.529447078704834,0.5424648523330688,0.5432469844818115,0.5985267162322998,0.6977134943008423,0.4831514358520508,1.05536949634552,0.7960913777351379,,1.1826858520507812,0.9548935890197754,0.9355477094650269,0.7946684956550598,0.6674068570137024,0.7834593057632446,0.6028038859367371,0.4575076699256897,0.4080268144607544,0.8364432454109192,0.619594931602478,0.7045133709907532,0.8493870496749878,0.8623676896095276,0.6686604022979736,0.5249543190002441,0.7658218741416931,1.1271179914474487,1.3581366539001465,1.243499755859375,1.0191246271133423,0.814568042755127,0.9573617577552795,0.8845553398132324,1.0250089168548584,0.7168151140213013,0.9007459282875061,0.787194013595581,0.5917678475379944,0.7230360507965088,,0.6416544914245605,0.974617600440979,1.1297783851623535,0.8346331119537354,0.6881688237190247,0.7671566605567932,0.6242603063583374,0.976996660232544,,0.9519141316413879,0.7581137418746948,1.2010083198547363,1.0267219543457031,0.8059368133544922,1.2409839630126953,1.2811293601989746,1.3403593301773071,1.0015956163406372,1.2030298709869385,1.1201337575912476,0.9800518751144409,0.9610153436660767,0.7728831171989441,1.0051082372665405,1.074649691581726,1.0998494625091553,0.9142013788223267,0.8191995024681091,0.9992743730545044,1.191472053527832,0.8517486453056335,0.623583197593689,0.6962549090385437,1.169981598854065,1.3233047723770142,1.3048380613327026,1.265718936920166,1.1539790630340576,1.1591660976409912,1.3053854703903198,1.3486146926879883,1.3314228057861328,1.1652181148529053,1.108523964881897,1.1607694625854492,,1.2771015167236328
butterfly,1.185938835144043,0.9863249063491821,0.8290385603904724,0.892829179763794,0.9496052265167236,0.7418949007987976,0.6948431134223938,0.5760844945907593,0.5372826457023621,0.5831701159477234,0.5156904458999634,0.0,0.5198912024497986,0.5910807251930237,0.7198303937911987,1.0911118984222412,1.0392091274261475,0.9610283970832825,0.9192290306091309,1.128853440284729,1.0821939706802368,1.1728484630584717,1.1223132610321045,0.9264122247695923,0.8376285433769226,1.0479466915130615,1.0202418565750122,1.0412424802780151,0.9260353446006775,0.9479506015777588,1.0594732761383057,0.8876186609268188,0.9877440333366394,0.892406165599823,0.9290717244148254,,0.9973679184913635,1.05067777633667,0.9685176610946655,1.1043791770935059,1.0159847736358643,0.8980592489242554,1.0881438255310059,1.1935515403747559,1.1128942966461182,1.1928801536560059,1.1447064876556396,1.1905157566070557,0.9422950744628906,1.0610414743423462,1.1034049987792969,1.1096997261047363,1.0589749813079834,1.1481199264526367,1.1464835405349731,1.0884376764297485,1.1387810707092285,0.9635470509529114,0.9859566688537598,0.9936855435371399,1.0300840139389038,1.0887010097503662,0.9624385833740234,,,0.6674631237983704,0.9536570906639099,0.8826970458030701,0.8543402552604675,1.017655372619629,0.9505653977394104,0.9453988075256348,,0.8040488958358765,0.9031871557235718,0.7527310252189636,0.8787966966629028,1.053452491760254,0.7922630310058594,0.9201022386550903,0.8271318078041077,0.8663522005081177,0.893155574798584,0.8557711839675903,,0.9671283960342407,0.8625171780586243,0.6855767369270325,0.8159443736076355,0.815414309501648,0.8634212017059326,0.9564210176467896,0.8801475763320923,0.862433910369873,0.7769635915756226,0.8993836045265198,0.9683496952056885,1.0619179010391235,1.0302315950393677,0.8354339599609375,0.8150969743728638,0.9038394689559937,0.9307041168212891,1.123115062713623,1.057261347770691,0.9537408947944641,0.9007754325866699,0.9470161199569702,0.8788972496986389,0.9448663592338562,0.8357229828834534,0.802834153175354,0.8337721824645996,0.8013775944709778,0.7863291501998901,,0.6509798169136047,0.9395697116851807,0.939364492893219,0.8393971920013428,0.8024865388870239,0.7811707854270935,0.8947116136550903,0.8472985625267029,,0.9124861359596252,0.8202369809150696,0.9999491572380066,0.9933489561080933,0.9023578763008118,1.009049415588379,1.0006352663040161,0.9992527365684509,0.9372764229774475,0.9946489930152893,1.0303914546966553,0.9763386845588684,0.9679946303367615,0.8707983493804932,0.8604834079742432,1.0046240091323853,0.969658613204956,0.9274730086326599,0.8886384963989258,0.7533309459686279,0.8575458526611328,0.9285569787025452,0.8977612257003784,0.8924909234046936,0.995758056640625,1.1827569007873535,1.1432331800460815,1.0221918821334839,1.0085855722427368,1.100602149963379,1.1174874305725098,1.1802165508270264,1.1583428382873535,1.0523165464401245,1.027259349822998,1.1370584964752197,,1.1141647100448608
frog,1.225372552871704,0.9563849568367004,0.8409630060195923,0.9179357886314392,0.9081247448921204,0.6724415421485901,0.8993463516235352,0.5951908230781555,0.6087906360626221,0.6674608588218689,0.6957147717475891,0.5198912024497986,0.0,0.4634940028190613,0.624525785446167,1.0043741464614868,0.8030118942260742,1.0206562280654907,0.8168337941169739,0.9486618041992188,1.057525873184204,1.0973294973373413,0.958669900894165,1.259777545928955,0.9562546610832214,1.1192121505737305,1.1160004138946533,1.1806443929672241,1.1586427688598633,1.181727647781372,1.1041109561920166,1.03098726272583,1.0584672689437866,0.7196676135063171,0.593523383140564,,1.0118335485458374,0.9039430022239685,1.1575074195861816,1.2933447360992432,1.1285861730575562,1.1322855949401855,1.2444188594818115,1.23344087600708,1.2704426050186157,1.2633386850357056,1.0969712734222412,1.2662795782089233,1.1464760303497314,1.0338987112045288,0.9264856576919556,1.1353811025619507,0.9042192697525024,1.1602861881256104,1.1784042119979858,0.8868730068206787,0.9359685182571411,0.8917032480239868,0.9840534925460815,0.8255798816680908,0.9694267511367798,1.0379154682159424,0.8882409930229187,,,0.885347843170166,0.75285404920578,0.8659559488296509,0.7188700437545776,0.9913941025733948,0.9695196151733398,0.908113956451416,,0.8987956047058105,0.9479405879974365,1.0492151975631714,1.1619179248809814,1.2096580266952515,0.9635412693023682,1.1856510639190674,1.1328206062316895,0.9269965887069702,1.2504289150238037,1.2543076276779175,,1.05425226688385,0.9475935697555542,0.4771884083747864,0.9194081425666809,1.1062616109848022,1.0346839427947998,1.0463511943817139,1.1052082777023315,1.0481380224227905,0.9253581762313843,1.0478483438491821,1.1526696681976318,1.1711376905441284,1.176284670829773,1.2466105222702026,1.0962636470794678,1.1010485887527466,1.0598225593566895,1.043700098991394,0.8475328087806702,0.9502130150794983,0.7610265016555786,1.0411707162857056,0.8968080282211304,0.7472207546234131,0.7428286671638489,0.4707038402557373,0.5149930715560913,0.8759361505508423,0.7504961490631104,,0.6080182790756226,0.8274794220924377,0.8737850189208984,0.7269743084907532,0.7380192875862122,0.7154898047447205,1.0530465841293335,0.6714742183685303,,1.033302664756775,1.0296869277954102,0.8145360946655273,0.7002478837966919,1.0854318141937256,0.6997820734977722,0.7558936476707458,0.80128014087677,0.7183954119682312,0.7598094344139099,0.8402798771858215,1.0069975852966309,0.7668794393539429,0.5281994342803955,0.3341153860092163,0.5918703079223633,0.6747409701347351,0.7764132022857666,1.0138070583343506,0.6576143503189087,0.8949809670448303,1.0930702686309814,1.2070574760437012,1.1857213973999023,0.8326560258865356,1.0850054025650024,0.9957354664802551,0.8407360315322876,0.9825395941734314,1.1881723403930664,1.0473698377609253,1.0818414688110352,1.0545086860656738,1.0043858289718628,1.058305263519287,1.084301233291626,,0.7425515651702881
