,alligator,ankle,apple,arm,ball,balloon,banana,basket,bathtub,bed,belt,bench,bib,bird,blanket,boat,book,bottle,bowl,box,bread,bucket,butterfly,can,car,carrot,cat,chair,clock,closet,coffee,comb,cookie,corn,couch,cracker,crayon,crib,cup,dish,dog,doll,door,drawer,dress,ear,egg,elephant,eye,face,finger,firetruck,fish,flower,foot,fork,frog,glass,glasses,glove,grass,gum,hair,hand,hat,horse,hose,jacket,jar,jeans,knife,ladder,lamp,leg,melon,mitten,motorcycle,muffin,nail,napkin,necklace,nose,orange,oven,owl,pajamas,pants,paper,pasta,pastry,pen,pencil,pickle,pillow,pizza,plant,plate,pony,pumpkin,purse,radio,refrigerator,rock,rooster,scarf,scissors,shirt,shoe,shorts,shovel,sink,slide,slipper,soap,sock,soup,spoon,sprinkler,stroller,sweater,table,tape,toe,tooth,toothbrush,towel,toy,tray,tree,tricycle,truck,vacuum,watch,window,zebra
alligator,0.0,1.0501386,1.0310417,1.2550112,0.8981976,0.8983311,0.90864086,0.8929286,1.2227398,1.2062318,1.0059935,1.1835073,1.2272964,1.0651357,1.2026324,1.1325272,0.82107145,0.8961272,0.9703748,0.93082637,0.8087276,0.88464534,0.5675221,0.9485949,0.94458526,1.1977247,1.0949954,1.0762249,0.8195443,1.0782318,1.1404134,0.770386,0.68358856,1.0202533,1.199992,0.6963209,0.86513984,1.1798241,0.92793524,1.1251917,1.0839114,0.96381694,1.2189387,0.7020095,1.1533035,1.1379979,0.9324777,1.1457727,0.95128465,1.1866561,1.1283478,1.0437936,0.6113073,0.7754014,0.95091414,0.773916,0.31487954,1.1718866,1.1299422,1.0682766,1.039885,0.92307067,1.2634196,1.2335596,0.9902414,1.1083965,1.1327012,1.2813705,0.90472955,1.296521,0.8792988,0.9183168,0.74796534,0.96640897,0.99205494,1.1532103,1.0938239,0.80799437,1.1076295,0.7109095,1.0806003,1.0143551,0.98114777,1.2075057,0.59048223,1.3065871,1.2802937,0.9277628,0.8182926,0.78996634,0.89696324,0.9066582,1.006514,0.86670333,0.8458588,0.8322667,0.9686109,1.0686761,1.0575349,0.9381197,1.002397,1.2421674,1.0179086,0.92959934,1.0949583,1.0590662,1.2459781,0.94433033,1.1375043,0.9593214,1.0479285,1.1841292,0.9345968,1.0632389,1.0312376,0.9283816,0.8219985,0.7533956,1.0458713,1.2859577,1.2078602,0.91280794,1.0564547,1.0048989,0.99233645,0.80322456,0.9414424,1.0115838,0.9763219,1.2080016,0.94116265,1.0258667,0.97576296,1.2155045,1.1523905
ankle,1.0501386,0.0,0.6949358,1.2278321,0.79770756,0.7785652,0.8639803,0.9206311,1.2881806,1.2652254,0.4024036,1.2606585,1.107443,1.3020865,1.2241759,1.2896509,1.0806882,0.6845827,0.77499795,1.107382,0.8371421,0.7506971,1.2048117,0.5066201,0.8977297,0.9309892,1.3061501,0.88143504,0.7437337,1.2490859,1.1162117,0.8862083,1.0398637,0.7610744,1.2427464,1.1618725,0.5582525,1.3320374,0.62675613,1.2890954,1.2841563,0.9122852,1.2193632,1.0984519,0.96415913,1.1599672,0.67364776,1.1123264,1.0948195,1.3649212,0.67802703,1.2307823,0.93697953,0.97581273,0.67382586,0.8926187,1.1370417,1.2775601,0.7816896,0.34131628,1.233569,0.97222465,1.2325244,1.0817364,0.6218287,1.0441344,1.1723939,1.228242,0.9049754,1.0955496,0.7751508,0.93410426,0.9392681,0.6801376,1.1323605,0.98194957,1.243601,0.8560101,0.6400439,0.76824695,0.5220885,1.1394795,0.7434391,1.1497186,1.198944,1.2133864,1.0648288,1.1687629,1.2651991,0.9601344,0.6554702,0.74438953,0.6564337,0.3949167,0.8188399,1.1722735,1.1826878,0.8081984,0.6823875,1.0590141,0.7786701,1.2876153,0.9953347,1.108043,1.1513903,1.292757,1.2099893,0.7616441,1.0525274,0.78713936,0.84525853,1.3064879,0.19550818,0.59643227,0.4640295,0.96852404,0.6532044,0.98181885,1.0789282,1.265461,1.4920267,0.78159916,0.46032453,0.6992826,0.95105314,0.80775124,1.0565544,1.1536429,1.2725639,1.1982762,1.0843232,0.96711737,0.46734625,1.1961341,1.1060764
apple,1.0310417,0.6949358,0.0,1.3849456,0.3329084,0.47166562,0.6202049,1.1488379,1.4906961,1.5110486,0.503616,1.4336674,1.2087915,1.2617404,1.427501,1.3135184,1.0792545,0.46314675,0.7999579,1.1938026,0.50578505,1.0011575,1.0774074,0.6474723,0.77748215,0.6899688,1.288805,1.2347921,0.7875117,1.3303277,1.3141593,1.0743912,0.8014703,0.6902556,1.3411256,0.9696309,0.41039872,1.4578803,0.5045931,1.2754748,1.2631645,0.82021546,1.3575909,1.2923424,1.0813357,1.1136053,0.2640254,1.2345717,1.0056669,1.0989622,0.62824535,1.1961992,0.7086061,0.7549331,0.99594045,0.8675447,0.96278894,1.3264388,0.6218668,0.9168814,1.174831,0.70370454,1.1016042,1.1557992,0.6571293,1.1828519,1.2707868,1.2067776,0.8561635,1.3626225,0.9791699,1.0873262,1.0273356,1.0320014,1.0281378,1.3531048,1.1997108,0.5134506,0.23238605,0.98601115,0.77295816,1.0948052,0.03494358,1.3803971,1.0937766,1.3232684,1.2900141,1.2678144,1.1999264,0.6354787,0.47524893,0.5528692,0.68137527,0.798355,0.4294355,1.0877581,1.0969467,0.6676274,0.15681136,1.2806007,0.9008723,1.4155447,1.1697042,0.9726755,1.368858,1.2436857,1.2415442,1.1862597,1.173099,1.0041673,1.1685953,1.2229266,0.61802965,0.36919808,1.1352547,0.8995721,0.77587485,0.93993956,1.2105767,1.3276076,1.4510114,0.5412205,0.4521042,0.5384662,1.1915364,1.0868125,0.91196275,1.3416839,1.1459407,1.195514,0.99816084,1.2556939,0.41150373,1.2670112,1.2424922
arm,1.2550112,1.2278321,1.3849456,0.0,1.3645668,1.3427298,1.3012803,1.2073643,0.5128412,0.45082068,1.4535503,0.5821447,0.69126964,0.72680324,0.4703374,0.58343095,1.1280371,1.4779918,1.30284,0.9426143,1.4541085,1.2792045,1.1760503,1.4667518,1.3613086,0.9397259,0.7724235,1.1173037,1.3707181,0.77397525,0.6857764,1.1109213,1.3416759,1.3002473,0.5114644,1.1941669,1.439522,0.64416045,1.4619313,0.76655483,0.8026753,1.1793451,0.7318197,1.0850779,0.77780527,0.83265996,1.4337828,0.8028183,1.0613325,0.80196905,1.0746155,0.8908524,1.4094493,1.3985503,1.0836228,1.3341922,1.3807514,0.5888764,1.2450242,1.0095047,0.99033546,1.0754519,0.69458604,0.47517276,1.3694301,0.86553943,0.5605194,0.56463253,1.3535492,0.35585982,1.2121265,1.2180121,1.3593292,1.1778109,1.0226016,0.50788814,0.85680556,1.4029595,1.2970653,1.3039436,1.2132915,0.8158436,1.3649434,0.8290012,1.1469393,0.41750878,0.4486668,0.785294,1.0036306,1.3386933,1.4082382,1.293219,1.1602979,1.3199661,1.4451547,1.1600448,1.1256824,1.1758374,1.2393959,0.9450262,1.3523341,0.69988966,0.8183246,1.0056449,0.548475,0.69100857,0.5672302,1.0473087,0.7037824,1.0271195,1.0784276,0.74344844,1.2948344,1.3590786,0.927477,1.1838347,1.4435154,1.304039,1.0166744,0.44717467,0.44484305,1.3461034,1.2414027,1.2889364,0.88358146,1.1981324,1.0608116,0.95770735,0.9838887,0.763548,1.2599573,1.0480154,1.411249,0.8658795,0.78368235
ball,0.8981976,0.79770756,0.3329084,1.3645668,0.0,0.092586756,0.59620255,1.0442544,1.4200948,1.4262638,0.7467126,1.3477877,1.3391067,1.188571,1.384232,1.168907,0.99033135,0.6023576,0.66899735,1.0654972,0.588821,0.84112877,0.98603415,0.7887653,0.8790227,0.7943223,1.2233982,1.224966,0.6239165,1.3163544,1.1982526,1.0376339,0.68813586,0.78855675,1.354938,0.85721815,0.58064175,1.3915647,0.58768743,1.0638992,1.2089542,0.8610042,1.3631799,1.2121178,1.1913743,1.122313,0.23470521,1.2451037,0.9079931,1.1730994,0.8288816,1.2081898,0.76671565,0.8076102,0.86336195,0.8882273,0.8025663,1.3513355,0.9067643,1.0171663,1.1859529,0.63331795,1.221352,1.2087253,0.791276,1.2153955,1.2402442,1.2737901,0.732267,1.3915265,1.0413654,1.0544016,0.9179896,0.9507109,0.9112993,1.2543461,1.1179065,0.51686823,0.40411794,0.9223603,0.97927266,1.1301193,0.3337146,1.3543642,1.0279634,1.3741338,1.3652782,1.1678792,1.1433971,0.6629828,0.66685164,0.7136168,0.6806545,0.9189028,0.6115733,1.0313014,0.94363195,0.8935437,0.3852675,1.2267693,0.8656423,1.4174249,1.1534894,1.0620598,1.374249,1.1463144,1.3399092,1.1397129,1.1382272,1.0311666,1.0756804,1.1967338,0.7434224,0.67289835,1.09721,0.767489,0.7914071,0.85322785,1.1754067,1.3365662,1.3537556,0.3682058,0.6587372,0.7499223,1.0863068,1.0573329,0.8076305,1.1616932,1.1258805,1.2337625,1.0286237,1.200088,0.6887584,1.2598572,1.2574006
balloon,0.8983311,0.7785652,0.47166562,1.3427298,0.092586756,0.0,0.6792183,0.9830328,1.3411596,1.3743589,0.80886567,1.3048236,1.3346496,1.1960325,1.3557036,1.1071897,0.9578943,0.71915096,0.67976403,1.0518128,0.6991769,0.78080136,0.95704174,0.82644737,0.92803204,0.7628036,1.2394265,1.1030536,0.6826701,1.2715981,1.1408867,1.0255476,0.7313235,0.75364625,1.3242433,0.8597105,0.67099303,1.3256708,0.67652065,1.047928,1.2252864,0.83453315,1.3254004,1.0995413,1.148808,1.1542548,0.38466716,1.292337,0.93587667,1.1911929,0.7613827,1.2063054,0.83910143,0.859149,0.8254976,0.91350687,0.81424534,1.2778305,0.96676767,0.96035033,1.1979295,0.6094949,1.2105834,1.1126215,0.8041197,1.272968,1.1562021,1.2884812,0.80257344,1.3698094,1.0329093,1.0009383,0.8666359,0.89690584,0.9544852,1.1457046,1.0887277,0.6297215,0.48506457,0.8646374,0.9169315,1.150941,0.4755956,1.2617803,0.9896523,1.3596622,1.3550978,1.0936967,1.1322868,0.73478794,0.8211176,0.8531879,0.66526186,0.8797648,0.80593514,1.0332723,0.94564676,0.94937485,0.4382199,1.1701463,0.8229855,1.3452189,1.1956613,1.1114546,1.3379717,1.1131423,1.33962,1.068589,1.0978323,0.98879075,0.99888766,1.1687012,0.7695851,0.8147247,1.0415457,0.71838135,0.7657076,0.8436965,1.1381941,1.3053416,1.3291032,0.47370708,0.6420187,0.82970893,0.979283,0.9982209,0.8088503,1.0609765,1.1133959,1.2389792,1.0352343,1.1241089,0.79856384,1.2187098,1.2975025
banana,0.90864086,0.8639803,0.6202049,1.3012803,0.59620255,0.6792183,0.0,0.95579696,1.3799787,1.4226084,0.64649844,1.3348503,1.3375185,1.2351156,1.4304016,1.1175649,0.92723906,0.5838198,0.7111408,1.0580364,0.6013199,0.8439941,1.0171838,0.7321973,0.75313425,0.99619615,1.2386583,1.1156778,0.68982196,1.2102759,1.2477939,0.8857936,0.68912375,0.8613126,1.3514373,0.83377993,0.59399873,1.2925287,0.5988991,1.0594935,1.2140359,0.88224894,1.334257,1.1126661,1.2481511,1.114771,0.5822752,1.1572315,0.9165826,1.1643401,0.9856206,1.0434949,0.71660244,0.68727696,1.0901644,0.66084284,0.7598717,1.2646768,0.8810705,1.002419,1.0774233,0.83032966,1.2466422,1.2367767,0.7987733,1.1977546,1.1425478,1.3548748,0.84705985,1.3146167,0.7127533,0.9303593,0.8908615,0.87774706,0.95973307,1.3313909,1.0558785,0.6906823,0.74957263,0.8577272,0.9496531,1.0542929,0.59372324,1.2540996,1.0409358,1.4066336,1.3534822,1.1146711,0.9896103,0.6286417,0.66266716,0.7474698,0.6767268,0.79533005,0.6604985,0.96304137,0.87049925,0.84006286,0.7200892,1.1712438,0.864846,1.3199909,1.1992397,1.0907824,1.3423238,0.9509485,1.3929702,1.0906259,1.2055337,0.8318764,0.9389166,1.0696834,0.7975352,0.68377274,1.1378677,0.93982196,0.5925108,0.8008939,1.0785468,1.3894887,1.3513979,0.57493496,0.8873888,0.9315927,0.9753297,0.9697677,0.79372716,1.0193279,1.1752815,1.2227743,0.9124823,1.1876134,0.71022296,1.3067086,1.1791266
basket,0.8929286,0.9206311,1.1488379,1.2073643,1.0442544,0.9830328,0.95579696,0.0,1.0778623,0.9360013,0.99284816,0.84210575,1.2997259,1.2430493,1.1435404,1.1148874,0.48509783,0.77629685,0.6039597,0.5186628,0.9865537,0.38437212,0.7678244,0.70400333,0.7311006,1.4131615,1.1057394,0.519127,0.8011993,1.0345389,0.8479059,0.88022166,0.9897579,1.101732,1.1366373,0.99099857,0.9787948,0.7105832,0.6965603,1.0869586,1.090314,0.995566,1.1422303,0.7549242,1.3102677,1.3188559,1.0335357,1.1554728,1.1091934,1.2426537,1.3271081,1.0173293,1.0486658,0.7103202,0.81516707,0.6527647,0.82682556,1.1450795,1.1811227,0.9742125,1.0206127,1.2520218,1.3772234,1.3357918,0.92842484,1.1829982,1.0050827,1.3240024,0.7185113,1.3578044,0.68097866,0.5789491,0.7533064,0.9824692,1.0247071,1.1027468,0.9938569,1.0121464,1.2724769,0.5674508,1.1064845,1.2183465,1.127604,0.9716659,0.7526374,1.3385726,1.395864,0.8637567,0.89147884,1.0176715,1.0629661,1.0702364,0.9616079,0.72581273,0.88107985,0.8276662,0.81907636,1.1325663,1.2873379,0.58990175,0.73578537,1.0327489,1.0430107,1.3466125,1.2218621,1.0550787,1.334254,0.74068046,1.1730573,0.92736936,0.80399185,1.1401813,0.810125,1.1682757,0.8658762,0.99327654,0.7473591,0.63071537,0.74706876,1.3053682,1.1104046,0.9004396,1.2492332,1.1838312,0.8365708,0.5425081,0.64581347,0.5838416,0.99953496,1.168837,0.6708255,0.7741588,1.1429194,1.1046362,1.1485844
bathtub,1.2227398,1.2881806,1.4906961,0.5128412,1.4200948,1.3411596,1.3799787,1.0778623,0.0,0.18522984,1.4466615,0.28851402,0.808147,0.73941493,0.54137504,0.56279516,1.1407421,1.4764777,1.0599877,0.88325906,1.5270532,1.0322365,1.208529,1.3264403,1.3339378,1.0225468,0.7752342,0.7618977,1.2823396,0.53439,0.64838755,1.1713073,1.3668495,1.319747,0.44856334,1.2670436,1.461796,0.39059114,1.37081,0.6455727,0.8351344,1.3583229,0.25218093,0.8693718,0.7907168,0.846823,1.4701858,0.7694612,1.1115822,0.8018644,1.2611283,0.9293985,1.4468422,1.4324912,1.1752341,1.3647376,1.4078928,0.70689493,1.3326201,1.306459,0.8227016,1.2294892,0.71211934,0.81270814,1.4013009,0.8660072,0.5724661,0.6155803,1.3790917,0.5158695,1.2212138,1.1244987,1.1387637,1.0658325,0.9235254,0.75057673,0.843084,1.4560328,1.4241416,1.3058965,1.3395166,0.9781019,1.4752316,0.3674448,1.1939143,0.56768394,0.50999767,0.80227953,1.0533774,1.4209054,1.3834078,1.2703763,1.3331846,1.3765726,1.4583008,1.1367483,1.0650357,1.2996211,1.3675753,1.0027645,1.1763344,0.32630223,0.8996124,0.97943246,0.65715134,0.7369671,0.6498455,1.1488464,0.7938648,1.13201,0.6743832,0.61412054,1.4592052,1.3960781,1.1228812,1.1004455,1.4312761,1.3134229,0.95748043,0.45288432,0.43285465,1.4164901,1.4023304,1.2905705,0.85301036,1.2209003,1.1091299,0.7809749,0.8839994,0.7595248,1.1842753,0.8719673,1.4572233,0.5120778,0.75662845
bed,1.2062318,1.2652254,1.5110486,0.45082068,1.4262638,1.3743589,1.4226084,0.9360013,0.18522984,0.0,1.4290216,0.09093928,0.85069,0.8005506,0.3958931,0.50969595,0.9976202,1.471248,1.0699507,0.7928272,1.542633,1.0648601,1.1550407,1.3351507,1.2662375,1.1095852,0.7580334,0.7245052,1.3167412,0.6770627,0.6204236,1.1297187,1.4180734,1.3699846,0.40981358,1.3115819,1.469842,0.3287623,1.3920362,0.6820005,0.80512863,1.3182153,0.4443208,0.913306,0.892559,0.9279724,1.4527935,0.7336574,1.1599727,0.8722117,1.352433,0.92742324,1.4444184,1.4000809,1.0790093,1.3752505,1.3724993,0.78533435,1.4124393,1.230893,0.7842723,1.2847703,0.82011664,0.8698776,1.392349,0.81580925,0.6052911,0.63992304,1.3227031,0.46217155,1.260262,1.1202114,1.1588109,1.1148188,0.8494297,0.70249295,0.7796012,1.464723,1.4826247,1.1670628,1.3915845,1.0394334,1.481913,0.54542595,1.1237454,0.57791185,0.52529204,0.7058363,1.0166146,1.4397204,1.3679887,1.2473055,1.3217359,1.2410938,1.4189986,1.1646875,1.0485038,1.3433273,1.4353335,0.88038105,1.1542298,0.5045011,0.7940563,1.0349803,0.6472376,0.7351631,0.68943506,1.0351162,0.8602911,1.1970239,0.72590554,0.6010915,1.3750978,1.4198964,0.98959446,1.1532791,1.4823161,1.2939686,0.8818232,0.5042855,0.39923167,1.4341798,1.4741033,1.3169988,0.86876976,1.0370556,0.97531474,0.71664256,0.88015676,0.7864195,1.1230111,0.89694566,1.490631,0.62259465,0.71678996
belt,1.0059935,0.4024036,0.503616,1.4535503,0.7467126,0.80886567,0.64649844,0.99284816,1.4466615,1.4290216,0.0,1.3497577,1.1487252,1.3581816,1.4011098,1.3799235,0.9701156,0.39311242,0.77448785,1.0844862,0.6195387,0.8329101,1.1808114,0.36173546,0.69195354,0.93172693,1.3605844,0.8531274,0.7344265,1.2317498,1.2560561,0.87139124,0.9418872,0.70067877,1.3484988,1.0944072,0.35030073,1.3985472,0.431651,1.4686816,1.3178481,0.7862584,1.2203934,1.107578,1.1586162,1.0993284,0.49817234,1.0860795,1.0696217,1.3199668,0.6879961,1.2376586,0.6257508,0.66487575,0.9898267,0.73361397,0.97914535,1.2976882,0.64005554,0.6206871,1.1603427,0.8858738,1.2305696,1.2583407,0.52106524,1.0410947,1.3451029,1.3144363,0.7938182,1.2535145,0.7314309,0.85021365,0.8773179,0.87724805,0.9812616,1.3486308,1.3109382,0.7086264,0.521752,0.83526933,0.5326621,1.1637051,0.5609094,1.1416271,1.1800014,1.3718419,1.1814104,1.2205026,1.2615639,0.79410386,0.35433114,0.4782803,0.7533401,0.3700735,0.50612473,1.0207796,1.1449139,0.7544921,0.659666,1.1695617,0.66155875,1.3011549,1.1070201,1.0240793,1.3137237,1.3865645,1.3018336,1.0614133,1.1539212,0.83288085,0.79630053,1.3486085,0.41830784,0.29887128,0.95691854,1.056646,0.5794283,0.87348205,1.1170024,1.3576295,1.5788739,0.7116789,0.4878649,0.49589604,1.228098,0.9169543,1.053983,1.2508574,1.2103753,1.1577487,0.9567544,1.063266,0.37438577,1.1157751,1.095247
bench,1.1835073,1.2606585,1.4336674,0.5821447,1.3477877,1.3048236,1.3348503,0.84210575,0.28851402,0.09093928,1.3497577,0.0,0.94369483,0.78709257,0.5078436,0.56453305,0.9533231,1.3725194,0.9980143,0.7508386,1.4491606,1.012626,1.109844,1.2288529,1.1626759,1.1273942,0.8049044,0.6406565,1.2573768,0.7369112,0.6003289,1.1053025,1.3608629,1.3132863,0.48961198,1.2544675,1.3707881,0.34104717,1.3135386,0.7167951,0.82708097,1.2554729,0.50211406,0.89932734,0.9577688,1.0171432,1.370439,0.89295554,1.1733127,0.90773505,1.3218472,0.9388248,1.3617628,1.3385797,1.056182,1.2975401,1.298166,0.81700575,1.3551989,1.2223012,0.8341466,1.2307756,0.8944577,0.9487823,1.3581065,0.9305056,0.65408766,0.77691543,1.2439048,0.59016955,1.2077767,1.0400714,1.0869623,1.1505244,0.79871595,0.77238214,0.8281221,1.3906521,1.4301497,1.1893826,1.3538102,1.043876,1.4007752,0.50843036,1.0839194,0.69552875,0.64457005,0.7724405,0.97484964,1.3718346,1.3035262,1.2090622,1.3345659,1.180386,1.3447673,1.0909362,0.989295,1.2967072,1.3984182,0.8785513,1.0856152,0.49576378,0.9662222,1.016633,0.7559496,0.8276522,0.81356585,1.012458,0.8719845,1.1717242,0.6691507,0.69780284,1.3091768,1.347051,1.0054328,1.1131401,1.4117312,1.2437804,0.87799555,0.636103,0.49728268,1.3682959,1.4272442,1.2789085,0.85798764,1.0704477,0.9414615,0.668864,0.90721583,0.80242956,1.0448096,0.86985666,1.4230564,0.6509758,0.8608662
bib,1.2272964,1.107443,1.2087915,0.69126964,1.3391067,1.3346496,1.3375185,1.2997259,0.808147,0.85069,1.1487252,0.94369483,0.0,0.9562678,0.59474456,0.93160355,1.2468095,1.3268669,1.3957123,1.1064395,1.2787769,1.3242657,1.1474135,1.2386354,1.3218569,0.80833316,0.95036274,1.1278787,1.370206,0.82207286,0.9436187,1.1596441,1.2977929,0.99350023,0.73254544,1.1939055,1.2868397,0.8692322,1.3696564,0.9189682,0.9569346,1.0971298,0.813136,1.2301024,0.4691257,0.83213425,1.310686,0.6851275,1.0639714,0.7011466,0.9049194,0.94319373,1.1965102,1.358072,1.1005477,1.3845325,1.3434877,0.6890359,0.9169098,0.9357256,0.9300956,1.0008574,0.5810586,0.70867777,1.052077,0.67217433,0.8647562,0.42358565,1.246092,0.5432111,1.305068,1.283408,1.2983961,1.1157451,1.0110449,0.70270115,1.0121026,1.2759364,1.0954937,1.3308918,0.7610936,0.8649003,1.245008,0.8747819,1.1388389,0.39852142,0.4875422,0.9445543,1.0955409,1.2866135,1.2285322,1.1918129,1.1949987,1.2354369,1.2851868,1.1833868,1.2101357,1.0256189,1.1530895,1.0070312,1.2642496,0.80500007,0.875929,0.9196754,0.4778731,1.014907,0.2161808,1.0842551,0.7938488,1.1341957,1.2027477,0.86833787,1.2416785,1.0645832,0.97258264,1.1803942,1.4038069,1.382956,1.0720795,0.47525883,0.73992395,1.3346028,1.017201,1.0161334,1.1190552,1.2129812,1.2601045,1.2019486,0.9359183,0.7418672,1.238761,1.0725026,1.1364837,0.8414608,0.67610466
bird,1.0651357,1.3020865,1.2617404,0.72680324,1.188571,1.1960325,1.2351156,1.2430493,0.73941493,0.8005506,1.3581816,0.78709257,0.9562678,0.0,0.69673634,0.90674895,1.166811,1.3178499,1.2225713,1.0906769,1.1924152,1.2420471,0.9515996,1.3503087,1.1440841,1.0109344,0.2113831,1.1431842,1.236451,0.9593327,0.8594786,1.1380198,1.1168044,1.283642,0.71814954,0.99023783,1.3879431,0.8467643,1.3399493,0.83992815,0.21363115,0.96081036,0.88467443,1.0177658,0.9560159,0.6203481,1.2427173,1.0364131,0.98451066,0.75211537,1.2136743,0.9032167,1.0710769,1.2096087,1.0883927,1.214774,1.0228761,0.8481686,1.1525934,1.2032318,0.97723657,1.084573,0.8367591,0.9406588,1.231197,1.0189307,0.8698491,0.8827846,1.0996864,0.7848436,1.2271454,1.1709328,1.1676825,1.1445845,0.9987529,0.9058574,0.969533,1.1466811,1.2848831,1.2530088,1.3096278,0.8178819,1.2132833,0.88577145,0.9528643,0.73620737,0.7590303,1.0147501,0.9788688,1.0958486,1.3333235,1.2837343,1.275351,1.3131444,1.273905,0.97591335,1.0593088,0.8814184,1.1806176,0.9857158,1.1535085,0.82329273,1.0241559,0.42683595,0.8751861,0.9567688,0.863378,1.0330987,0.8129811,1.1163971,1.0847298,0.95414615,1.3252099,1.3078588,1.1042325,1.0031703,1.3029695,1.1219631,1.0487778,0.7934689,0.7093232,1.1916592,1.2779121,1.2029947,1.0631797,1.2082376,1.1213018,1.0102558,0.99082196,0.8868472,1.0876042,1.0398986,1.3263235,0.92445034,0.9619918
blanket,1.2026324,1.2241759,1.427501,0.4703374,1.384232,1.3557036,1.4304016,1.1435404,0.54137504,0.3958931,1.4011098,0.5078436,0.59474456,0.69673634,0.0,0.6223356,1.1855434,1.5393783,1.3465819,1.0278547,1.4567084,1.2981658,1.1265984,1.446029,1.3730705,0.98270327,0.6566774,0.9775784,1.4779644,0.8939581,0.7777413,1.137372,1.3998616,1.2714527,0.37939644,1.2512765,1.535131,0.59464157,1.5297314,0.79877293,0.67140436,1.1380998,0.71748155,1.0782348,0.7781328,0.8205909,1.4638054,0.68945765,1.0688848,0.7862233,1.1778059,0.95903665,1.3363775,1.4620612,0.9833842,1.5183449,1.3345436,0.756124,1.3058958,0.9216113,0.88283265,1.1160468,0.67349917,0.7548181,1.2625782,0.71199584,0.6984923,0.41794056,1.3002875,0.28250748,1.4515907,1.3437997,1.422956,1.2067289,0.9192647,0.45492685,0.8974434,1.3746852,1.3678584,1.1321667,1.2025383,0.8903732,1.4134468,0.7754686,1.0882123,0.3055002,0.32012153,0.9254534,1.050592,1.3646598,1.4692314,1.3759519,1.2959101,1.1432064,1.4696227,1.2384025,1.1563463,1.1552978,1.3073866,0.7462747,1.247364,0.7212409,0.73728555,0.8810475,0.45536983,0.86114436,0.49830276,0.9208825,0.7542865,1.2417512,1.0774295,0.77178204,1.2802186,1.3411107,0.796372,1.1538012,1.58285,1.4192684,0.9621321,0.44172835,0.53673303,1.4360414,1.2992939,1.2659643,1.0721632,0.89965236,1.1510508,0.949438,0.9331189,0.6773396,1.2665021,1.0554405,1.4933234,0.7833841,0.660007
boat,1.1325272,1.2896509,1.3135184,0.58343095,1.168907,1.1071897,1.1175649,1.1148874,0.56279516,0.50969595,1.3799235,0.56453305,0.93160355,0.90674895,0.6223356,0.0,1.0027143,1.3263034,1.0980575,0.8976007,1.4080322,1.0503125,1.1151856,1.3598517,1.189479,1.0414875,0.86021423,1.0565817,1.2216384,0.95671254,0.84047914,1.0541866,1.2665352,1.2806523,0.73043895,1.1733726,1.2257752,0.67639685,1.2845476,0.7778535,0.88346916,1.0825114,0.8440323,0.9639395,0.9471018,0.99194753,1.2981732,0.9470428,1.1597471,0.85062927,1.0996118,0.90849197,1.209898,1.2754685,1.0415113,1.2158774,1.174868,0.74383044,1.2789412,1.1109898,0.73317593,0.9152597,0.888272,0.71323943,1.3314835,0.9357085,0.5643959,0.80511296,1.3359363,0.58120245,1.1189709,1.1196032,1.2272247,1.1524787,0.8088133,0.6141283,0.7368386,1.3722298,1.217209,1.1980681,1.2706816,0.98250765,1.3012426,0.86827344,1.1343218,0.74262744,0.73056316,0.79492456,1.0811139,1.2855537,1.2442704,1.1583261,1.1247295,1.2990041,1.3860588,1.1558559,1.0529369,1.2834156,1.2582209,0.9594252,1.1482582,0.83241934,0.95573336,1.0947638,0.79208934,0.4974746,0.85607463,0.9969083,0.79711825,1.0393007,0.83889186,0.48475814,1.2880869,1.3141809,0.98857033,1.0786053,1.265632,1.2089806,0.9358845,0.70283234,0.6022147,1.1983299,1.2693279,1.2440091,0.72077465,1.1212859,0.830943,0.82692397,0.9455621,0.77222705,1.1194859,1.0119793,1.367758,0.93365973,0.9386235
book,0.82107145,1.0806882,1.0792545,1.1280371,0.99033135,0.9578943,0.92723906,0.48509783,1.1407421,0.9976202,0.9701156,0.9533231,1.2468095,1.166811,1.1855434,1.0027143,0.0,0.7456912,0.74638355,0.43571228,1.0112956,0.577222,0.8251438,0.8420391,0.755179,1.2586223,1.0152848,0.8710273,0.9067832,1.1285782,0.97072446,0.9674282,0.94638336,1.1094152,1.1942375,0.9514327,0.80523086,0.8528403,0.7820611,1.1412895,0.996287,0.9258679,1.2407839,0.76304936,1.3126001,1.2706223,0.96895695,1.2017163,1.0673993,1.1508918,1.1782479,1.0195596,0.9397182,0.7270775,0.91547215,0.6888022,0.69923013,1.0809896,1.1637864,1.0954392,1.06057,0.9506549,1.3124373,1.1703848,1.0031257,1.2150265,1.0628874,1.3364686,0.71562636,1.3174822,0.7292383,0.55311036,0.9116503,1.1242712,0.876381,1.15464,0.9842492,1.0499307,1.122827,0.65956485,1.1368043,1.220365,1.0698698,1.1094497,0.85414827,1.3091848,1.3855314,0.45070267,0.854876,1.0022978,0.91331816,0.8876433,0.91286725,0.84619296,0.8908992,0.87739956,0.7674603,1.0950698,1.1903502,0.7594111,0.7742866,1.1026473,1.1264585,1.232039,1.1877884,0.9092367,1.2971694,0.88139623,1.0372933,0.9835686,0.8575503,1.1111996,0.8955801,1.0702845,0.9860461,0.95848376,0.8492514,0.7516326,0.89744085,1.3239427,1.0027361,0.86081004,1.1622491,1.0205975,0.78959775,0.6781995,0.53747416,0.6495657,1.0109285,1.2052147,0.72257316,0.9093566,1.1158633,1.1325427,1.1998204
bottle,0.8961272,0.6845827,0.46314675,1.4779918,0.6023576,0.71915096,0.5838198,0.77629685,1.4764777,1.471248,0.39311242,1.3725194,1.3268669,1.3178499,1.5393783,1.3263034,0.7456912,0.0,0.53765094,0.95925707,0.6738285,0.5392992,0.99692094,0.29446757,0.5384345,1.1848265,1.2748027,0.88483036,0.58698404,1.2122442,1.1370447,0.93257976,0.8508755,0.92418873,1.4278736,0.9856362,0.4137932,1.3778702,0.11532056,1.2995664,1.2290233,0.6902515,1.3108559,1.0869567,1.2963526,1.2271256,0.38917047,1.2325978,1.116622,1.2625031,1.0131556,1.2317531,0.6395005,0.4351297,0.8497172,0.57881963,0.7922923,1.3073487,0.8419125,0.87769127,1.1441345,0.9878405,1.3792167,1.4337373,0.6877439,1.1476302,1.3715042,1.4047959,0.64691603,1.550448,0.69832635,0.64371186,0.75227815,0.8305723,1.0510577,1.4316986,1.2100158,0.75916857,0.6213504,0.659445,0.9038112,1.251504,0.48980296,1.2327311,1.017197,1.4686067,1.4946098,1.1418693,1.1462293,0.7878752,0.3844766,0.51258653,0.83592,0.67122114,0.37969673,0.817711,0.9395042,0.63484305,0.78645957,1.0459536,0.6844779,1.309406,1.2197797,1.1216538,1.4548004,1.2806997,1.4146992,1.0482972,1.2556773,0.86740047,0.8882258,1.2989461,0.5775321,0.42588246,1.047964,1.050833,0.55597097,0.6352715,0.97531307,1.4657443,1.4658797,0.57442826,0.76743007,0.67303985,1.1245396,0.75072074,0.8137204,1.0696592,1.1250597,1.2696995,0.74928343,0.94563705,0.58959544,1.2137382,1.2295846
bowl,0.9703748,0.77499795,0.7999579,1.30284,0.66899735,0.67976403,0.7111408,0.6039597,1.0599877,1.0699507,0.77448785,0.9980143,1.3957123,1.2225713,1.3465819,1.0980575,0.74638355,0.53765094,0.0,0.927893,0.84906304,0.3625226,0.9859869,0.57869935,0.6940751,1.2401507,1.1824305,0.7742855,0.5119247,1.1895924,0.8717071,0.9812958,0.9080442,1.0918258,1.3085487,1.0115023,0.74544007,1.0912135,0.28924334,0.6990657,1.1677247,0.99084663,1.2045662,0.89558613,1.2843695,1.2351248,0.54721457,1.2759314,1.07824,1.2487403,1.1815484,1.0608627,0.9620383,0.74804485,0.8507914,0.7600141,0.92179155,1.2264047,1.104562,1.0423506,1.0868008,1.0739471,1.3598571,1.3337411,0.8100552,1.2732977,1.2143607,1.4300793,0.7463528,1.4412197,0.7037078,0.8238941,0.75402415,0.86117977,0.92054784,1.3374867,1.1437804,0.8589612,0.8712056,0.6008245,1.1066281,1.259438,0.820356,1.005033,0.9865423,1.4689388,1.4507285,0.96272016,0.99966997,0.90029806,0.6913421,0.708331,0.98856276,0.7675345,0.66474295,0.89087445,0.49081296,1.0312657,0.9735777,0.9355164,0.6825522,1.1346538,1.2302848,1.2053745,1.4102566,1.1988466,1.4383141,1.001822,1.1425418,0.92740387,0.4169829,1.2001002,0.8028513,0.8253583,1.0025785,0.72459537,0.6561438,0.6794367,1.0680553,1.3986251,1.1468678,0.6012989,1.043267,0.9512791,0.9105014,0.6779667,0.8123585,0.5772407,1.0776031,1.3106337,0.79409266,1.0034393,0.92025816,1.1188047,1.2676046
box,0.93082637,1.107382,1.1938026,0.9426143,1.0654972,1.0518128,1.0580364,0.5186628,0.88325906,0.7928272,1.0844862,0.7508386,1.1064395,1.0906769,1.0278547,0.8976007,0.43571228,0.95925707,0.927893,0.0,1.0677102,0.6598215,1.0038035,0.86731076,1.0382899,1.1451967,1.0144385,0.7747854,1.0520571,0.95552367,0.79520655,1.0261333,1.0348208,1.1480787,0.8886846,0.963938,1.0735426,0.5229607,0.9448916,1.033602,0.9998443,0.8971366,0.973429,0.810056,1.1848665,1.2213202,1.1640368,1.1705294,1.0995494,1.0688535,1.1574891,1.0667676,1.0888435,0.93110657,0.98074573,1.0164175,0.89941967,0.8318397,1.2187943,1.1118987,1.0744809,0.93721753,1.1833143,1.0325073,1.1469518,1.119957,0.83471,1.1238022,0.81778556,1.1035368,0.9749586,0.6743585,1.0442404,1.1801062,0.85603833,0.9400045,0.85302424,1.1101431,1.2037306,1.0015752,1.1877637,1.1020997,1.1606786,0.86258006,1.0253271,1.0175482,1.1484361,0.6927934,0.91046625,1.0484138,1.175675,1.1224198,0.9928429,1.0223069,1.0318542,0.89872587,0.926662,1.219834,1.2001593,0.7425819,0.9619573,0.8529758,1.1693469,1.1918243,1.0018169,0.8032917,1.1204262,1.0125406,0.9089013,1.0126926,0.95733374,0.979408,1.0327786,1.1857133,1.0271808,1.0532821,1.063172,0.9162091,0.7998344,1.078571,0.80112684,0.9254621,1.1986455,1.1314116,0.9108191,0.9724301,0.41537285,0.80558646,1.0127131,1.0030066,0.93694645,0.76330906,1.2151948,0.9489062,1.1476878
bread,0.8087276,0.8371421,0.50578505,1.4541085,0.588821,0.6991769,0.6013199,0.9865537,1.5270532,1.542633,0.6195387,1.4491606,1.2787769,1.1924152,1.4567084,1.4080322,1.0112956,0.6738285,0.84906304,1.0677102,0.0,1.0017313,0.96318144,0.7616804,0.8204588,0.91999537,1.2469074,1.2115802,0.7920462,1.3301123,1.2889274,1.0364783,0.25383997,0.67076457,1.408169,0.40322948,0.66496754,1.4008517,0.6630493,1.1565548,1.2219944,0.7799446,1.38468,1.0789405,1.2100372,1.1182321,0.5956969,1.2490674,0.9791107,1.2252816,0.85012954,1.2204496,0.68697166,0.70215964,1.0571965,0.646459,0.6648011,1.302347,0.79692805,0.98169875,1.218855,0.8027108,1.2980999,1.2622558,0.78007627,1.1922258,1.2907908,1.3650634,0.6011832,1.4549977,0.81268823,1.0018799,1.0068172,1.016989,1.0783322,1.3747303,1.2419462,0.12998772,0.6566662,0.7902594,0.8409596,0.9727969,0.48695928,1.2997013,0.9594358,1.4280941,1.3705649,1.260757,0.7971483,0.09680116,0.6963088,0.7726955,0.8062178,0.75109494,0.3908013,0.9789452,0.65182424,0.8453566,0.533874,1.1590121,0.9158437,1.3678577,1.1293627,1.0227667,1.3730705,1.3327739,1.3582535,1.1312788,1.1886438,0.9257383,1.1187062,1.3484085,0.7149059,0.5831789,1.1896198,0.61112773,0.6947797,0.86512816,1.1615587,1.4557711,1.3147826,0.5699097,0.6892087,0.77650595,1.2953155,0.9402036,0.9947766,1.0908041,1.1770096,1.2419603,0.9595781,1.1898996,0.67175424,1.3327895,1.2619957
bucket,0.88464534,0.7506971,1.0011575,1.2792045,0.84112877,0.78080136,0.8439941,0.38437212,1.0322365,1.0648601,0.8329101,1.012626,1.3242657,1.2420471,1.2981658,1.0503125,0.577222,0.5392992,0.3625226,0.6598215,1.0017313,0.0,0.924796,0.45398527,0.73715174,1.3542335,1.1684867,0.6230998,0.62066895,1.086509,0.7909969,0.9803516,0.9986524,1.1274989,1.2513242,1.0635535,0.85519236,0.94186836,0.4041618,1.0628245,1.1468958,0.8969208,1.1138085,0.8218955,1.2969955,1.2997439,0.8402128,1.1751468,1.1650848,1.2990094,1.251703,1.0760517,0.9671951,0.7098153,0.79682994,0.74856687,0.85343516,1.134116,1.1701748,0.9197217,1.0833431,1.1769224,1.4335382,1.3346155,0.85264456,1.1731534,1.083166,1.3961245,0.6956108,1.3916233,0.66210806,0.5988039,0.70515835,0.7862295,0.9508014,1.1714709,1.0680792,0.9874544,1.0949975,0.6042466,1.0787565,1.2689145,0.99750847,0.85715485,0.9518718,1.4170175,1.4433012,0.9129014,1.0470806,1.0228018,0.9327071,0.9713162,0.88761306,0.7294168,0.8665781,0.84552956,0.8139563,1.0554669,1.1509039,0.69533,0.6750486,0.9948447,1.1728444,1.280041,1.311236,1.0605878,1.4036412,0.87959874,1.1251736,0.8333872,0.63781494,1.1791902,0.77214783,1.0265392,0.8754909,0.88600147,0.62092733,0.6439361,0.8109918,1.307689,1.2275742,0.7317604,1.1211048,1.1145313,0.8483578,0.61859137,0.68927276,0.6395459,1.0563071,1.2306545,0.73870546,0.74249136,1.0421137,1.0944874,1.1625997
butterfly,0.5675221,1.2048117,1.0774074,1.1760503,0.98603415,0.95704174,1.0171838,0.7678244,1.208529,1.1550407,1.1808114,1.109844,1.1474135,0.9515996,1.1265984,1.1151856,0.8251438,0.99692094,0.9859869,1.0038035,0.96318144,0.924796,0.0,1.0626409,0.8889375,1.2144573,0.9580215,1.0568851,0.87843674,0.9996789,1.0332004,0.833246,0.8638628,1.0633352,1.19239,0.851513,1.0799961,1.0468621,1.0449141,1.0472467,0.9523631,1.0118492,1.1625873,0.778286,1.1210631,1.1381528,1.0297371,1.1081177,0.9010134,1.0818018,1.2056682,0.9274891,0.48132312,0.82209724,1.0418477,0.82518566,0.38367194,1.1362481,1.1257496,1.220575,0.9853999,1.1009109,1.2108629,1.2141073,1.0734135,1.1414969,1.1650381,1.1840291,0.93930197,1.3028705,0.9912848,0.9249207,0.818753,1.0460379,1.105276,1.1749178,1.0201811,0.95143026,1.1913178,0.8563292,1.129209,1.032771,1.0391381,1.1438524,0.04472965,1.2467976,1.3183708,0.8681927,0.8291474,0.9189719,1.094947,1.1182004,1.0940746,1.0860143,0.9610476,0.81759644,0.9249197,1.0279477,1.134208,0.92861986,1.0024409,1.1184939,1.0269943,0.9055792,1.0903733,1.1095254,1.153639,0.96612763,1.1729409,1.1279863,1.1428603,1.1122456,1.1542513,1.1473266,1.0941287,0.99706167,0.99443746,0.82489085,1.0279016,1.1755564,1.0928086,1.0499288,1.2379518,1.1626873,1.040188,0.8585558,0.9700847,0.93371,0.8185166,1.1454904,0.7757489,1.0333257,1.1199262,1.1103504,1.1187006
can,0.9485949,0.5066201,0.6474723,1.4667518,0.7887653,0.82644737,0.7321973,0.70400333,1.3264403,1.3351507,0.36173546,1.2288529,1.2386354,1.3503087,1.446029,1.3598517,0.8420391,0.29446757,0.57869935,0.86731076,0.7616804,0.45398527,1.0626409,0.0,0.72183216,1.1186137,1.32066,0.6851962,0.5906843,1.146188,1.0490208,0.9267846,0.98221654,0.8348651,1.3211035,1.06838,0.46448344,1.224597,0.25008297,1.3228414,1.2763827,0.73853534,1.0990232,1.0085087,1.2460904,1.2183158,0.5946914,1.1214956,1.1505193,1.3365006,0.93335253,1.2436867,0.7134115,0.6692952,0.819033,0.73541,0.94837505,1.2506578,0.80852854,0.76512134,1.1768646,1.0849148,1.3641976,1.4253991,0.67519754,1.064464,1.2799505,1.3845297,0.7437395,1.4583466,0.7703371,0.6246088,0.6786932,0.65438473,1.0559092,1.3198736,1.2775667,0.85758114,0.7136297,0.7375972,0.765699,1.2443595,0.6818507,0.96640754,1.0581475,1.4486339,1.3723954,1.1380997,1.1959012,0.9171471,0.4891135,0.6033435,0.86427575,0.47038442,0.5093215,0.9148536,1.0371253,0.7525438,0.87863886,0.90919083,0.69134253,1.1210624,1.1711044,1.0946727,1.3675447,1.3399513,1.3860538,1.0136112,1.2219238,0.8030942,0.76958716,1.367122,0.50416404,0.515166,0.86186373,1.0180705,0.58303,0.78173447,0.9947118,1.4173937,1.494771,0.6909705,0.7302063,0.65113175,1.0615702,0.7913006,0.9334408,1.0843421,1.138788,1.2132723,0.89902484,0.7678485,0.5257139,1.0517825,1.1180477
car,0.94458526,0.8977297,0.77748215,1.3613086,0.8790227,0.92803204,0.75313425,0.7311006,1.3339378,1.2662375,0.69195354,1.1626759,1.3218569,1.1440841,1.3730705,1.189479,0.755179,0.5384345,0.6940751,1.0382899,0.8204588,0.73715174,0.8889375,0.72183216,0.0,1.2785538,1.1424555,0.86052567,0.7339,1.1661723,1.1376256,0.9955292,0.95036423,1.0374346,1.2969894,1.0459932,0.7960326,1.2055378,0.5528781,1.2601073,1.1125809,0.8809828,1.2600021,0.9037584,1.2936049,1.2254852,0.72386056,1.153221,1.0619389,1.1541408,1.1658354,0.6758289,0.86067253,0.5256619,0.9823388,0.60069174,0.8411908,1.3360066,0.9531627,1.001153,0.9443364,1.2637432,1.3115811,1.3576252,0.79031146,1.1987293,1.3585461,1.3452117,0.75783163,1.3636272,0.6564613,0.6776432,0.80828863,1.0588653,1.1371973,1.415626,0.8832141,0.8663902,0.9604919,0.66424716,1.0582924,1.2020463,0.7800708,1.1279341,0.8892694,1.4151777,1.3865521,1.1155694,1.004299,0.8646233,0.70686144,0.7793953,0.89519125,0.7004485,0.6914494,0.846505,0.91815037,0.85868704,0.9947542,0.9415156,0.5093447,1.1778439,1.1792557,1.1729002,1.376718,1.0153265,1.3302755,0.8670783,1.2022395,1.0186433,0.8759228,1.064247,0.7911823,0.80817056,1.0891731,1.1248511,0.6938034,0.65632707,0.7367071,1.3716004,1.3638083,0.79004914,1.0521917,0.9758567,1.1643087,0.7253704,0.80338335,0.85599035,0.9218681,1.0641229,0.16492766,1.018561,0.8355738,1.152735,1.1650772
carrot,1.1977247,0.9309892,0.6899688,0.9397259,0.7943223,0.7628036,0.99619615,1.4131615,1.0225468,1.1095852,0.93172693,1.1273942,0.80833316,1.0109344,0.98270327,1.0414875,1.2586223,1.1848265,1.2401507,1.1451967,0.91999537,1.3542335,1.2144573,1.1186137,1.2785538,0.0,1.1533554,1.3274212,1.1931931,1.0687497,1.2364669,1.019984,0.9811934,0.6803197,0.97956854,1.0478276,0.7620995,1.1191095,1.2208744,1.0215554,1.1721075,1.1476631,1.0540272,1.2934687,0.849842,0.7609134,0.9219,0.9479413,0.78678817,0.94724035,0.5222954,1.0615679,0.9624896,1.3180819,1.1903828,1.2939049,1.215229,0.93224514,0.73592657,1.0196595,1.1255213,0.4167434,0.683017,0.78522164,1.0224,0.9259553,0.90378475,0.8656869,1.201409,0.8383298,1.263859,1.336849,1.2568055,1.0077664,0.88652116,0.9715705,1.0621353,0.97224444,0.5288522,1.380908,0.780773,0.84808403,0.74060065,1.1052673,1.2308707,0.8877844,0.7373657,1.0779141,1.1362419,0.97641647,0.91689795,0.8748198,0.8475937,1.081869,0.9757082,1.3045002,1.19792,1.012423,0.50697756,1.2879778,1.20667,1.106014,1.0018196,0.8746225,0.9347184,1.0263231,0.84527254,1.2562432,0.9475356,1.0718946,1.1225666,1.0240482,1.0186611,0.7246397,1.1221833,0.8177177,1.1514007,1.3642689,1.3210902,0.90354633,1.0421386,0.9651429,0.5790267,0.6233942,1.0097905,1.4092939,1.1461668,1.3047202,1.1305319,0.8659886,1.3286161,1.270571,0.7532965,1.0515007,0.9441321
cat,1.0949954,1.3061501,1.288805,0.7724235,1.2233982,1.2394265,1.2386583,1.1057394,0.7752342,0.7580334,1.3605844,0.8049044,0.95036274,0.2113831,0.6566774,0.86021423,1.0152848,1.2748027,1.1824305,1.0144385,1.2469074,1.1684867,0.9580215,1.32066,1.1424555,1.1533554,0.0,1.0877111,1.231425,0.9843559,0.8611002,1.0990212,1.1705006,1.2884384,0.7587284,1.057339,1.3771175,0.7917488,1.2925327,0.8770339,0.012074888,0.93137395,0.9111821,1.0132145,1.0671082,0.57977563,1.2527474,0.943111,1.0187721,0.7699071,1.2837113,0.9071111,1.1014845,1.1683028,1.0376947,1.1995668,1.0382222,0.9568985,1.1822743,1.1867675,0.87817955,1.1958618,0.92223597,1.0126815,1.185662,1.0128828,0.90985495,0.849218,1.0772119,0.8194032,1.2017331,1.1281682,1.1564139,1.1252201,0.98631203,0.92208207,0.9205522,1.1889423,1.3424273,1.1402546,1.3414545,0.93784475,1.2366126,0.9718286,0.96596766,0.788252,0.82619154,0.9162875,0.9956806,1.1531363,1.3145008,1.2611289,1.2314177,1.2929107,1.2556064,0.98509574,1.0719818,0.8354694,1.2541087,0.9379907,1.1448243,0.8711759,0.9349101,0.38886297,0.8961477,0.89061666,0.8701049,1.0008665,0.89123493,1.1426487,1.1123925,0.8776856,1.3002083,1.3448973,1.0406014,1.0627136,1.2684911,1.0603157,0.9622053,0.81929547,0.6972636,1.1915709,1.3540618,1.2501153,1.0361956,1.0745858,1.0144479,0.97120106,0.9363655,0.9330065,1.0499347,1.057781,1.3352127,0.9319608,0.9370126
chair,1.0762249,0.88143504,1.2347921,1.1173037,1.224966,1.1030536,1.1156778,0.519127,0.7618977,0.7245052,0.8531274,0.6406565,1.1278787,1.1431842,0.9775784,1.0565817,0.8710273,0.88483036,0.7742855,0.7747854,1.2115802,0.6230998,1.0568851,0.6851962,0.86052567,1.3274212,1.0877111,0.0,0.9345123,0.7897997,0.5846915,0.9148027,1.206126,1.0667952,0.83828044,1.1573554,1.0914019,0.6375248,0.82636416,1.0540535,1.0650285,0.92276216,0.65925217,0.7769517,1.0656767,1.2268709,1.1352626,1.0847164,1.2237467,1.1586633,1.1939534,1.0861257,1.1366414,0.8694025,0.94052154,0.896464,1.1092408,1.0068163,1.1667807,0.9199749,1.077128,1.3494545,1.1777912,1.1837937,0.9221558,1.1157637,1.0278128,1.0784004,0.9802207,1.1263839,0.80281144,0.613344,0.74524474,0.82752013,1.0333349,0.9715648,1.0592251,1.2246733,1.290268,0.77442086,1.0222623,1.2598151,1.2446226,0.5480959,1.0480516,1.0711039,1.0839235,0.9919953,1.0636867,1.2172256,1.0709695,1.0896304,1.0806347,0.698617,1.1194568,0.84353685,0.9452547,1.0085003,1.3227494,0.7892059,0.5970132,0.6194794,1.132088,1.1856837,1.0688751,1.1522095,1.1066296,0.9763892,1.0135899,0.8196769,0.6613358,1.0475967,0.97033596,1.127303,0.9164827,1.0957751,0.85386646,0.8075911,0.76795536,0.97109747,0.9437959,1.2077128,1.1702775,1.0892292,0.9301386,0.74923867,0.9674801,0.7123928,0.9174263,1.0230802,0.8390254,0.6594782,1.1700537,0.5596386,1.064225
