,alligator,ankle,apple,applesauce,arm,ball,balloon,banana,basket,bathtub,bear,bed,belt,bench,bib,bird,blanket,boat,book,bottle,bowl,box,bread,broom,bucket,butterfly,can,car,carrot,cat,chair,chips,clock,closet,coat,coffee,comb,cookie,corn,couch,cracker,crayon,crib,cup,deer,dish,dog,doll,door,drawer,dress,duck,ear,egg,elephant,eye,face,finger,firetruck,fish,flower,foot,fork,frog,glass,glasses,glove,grass,gum,hair,hamburger,hand,hat,helicopter,horse,hose,jacket,jar,jeans,knife,ladder,lamp,melon,mitten,motorcycle,mouth,muffin,nail,napkin,necklace,nose,orange,oven,owl,pajamas,pants,paper,pen,pencil,penguin,pickle,pillow,pizza,plant,plate,pony,pumpkin,purse,radio,refrigerator,rock,rooster,scarf,scissors,shirt,shoe,shorts,shovel,shower,sink,slide,slipper,snow,soap,sock,spoon,sprinkler,strawberry,stroller,sweater,swing,table,tape,toast,toe,tooth,toothbrush,towel,toy,tray,tree,tricycle,truck,vacuum,watch,window,zebra
alligator,0.0,1.1047624,1.1862941,0.9615463,1.0248611,1.0484985,0.96438533,0.8779002,1.0688044,0.9521255,0.93955445,0.97800165,1.1283877,0.9702338,1.0193157,0.887884,0.96043515,0.8316311,0.8974319,1.160805,1.2031386,0.89552474,1.0928805,0.95584655,0.9128809,0.80807954,1.15347,0.8950883,1.1422317,0.99436826,1.053294,1.167986,1.1692755,1.035215,1.0941604,1.0986702,0.88837194,1.0436331,0.9490323,1.0176691,1.0900867,1.1070347,0.9064853,1.1165972,0.8692142,1.0698831,0.827543,1.0174294,1.0311708,0.9977482,0.95914555,1.1273278,1.1791142,1.1372555,0.9957481,1.1297773,1.0050312,1.1573349,0.8991368,1.0502117,0.95560944,1.0892322,0.9393401,0.54865146,0.93315965,1.1671648,1.1023378,0.97024816,1.1021478,1.0046039,1.1140479,1.038001,1.1492544,0.76762784,0.82189023,0.88809294,0.97979033,1.0370178,0.9978409,0.9969056,0.9105532,1.1075908,1.0716195,1.0173208,0.96538275,1.0923927,1.0692725,1.2418389,1.0862346,1.1333429,1.2400254,1.1836423,0.9275291,0.89127517,0.92300814,0.9954191,0.9947334,1.0295086,1.1439896,1.1640602,1.0017627,1.091694,1.0962484,0.85454094,1.1303058,0.7982522,1.0725151,1.0978968,1.0599082,0.97446793,0.9011148,0.9589913,0.94679147,0.8865641,0.97646344,1.0104249,1.087243,0.9997855,1.0038497,1.0042396,0.9057408,1.189946,0.9938433,1.2283795,0.9060228,0.97478586,0.9171609,1.1239231,0.96068716,0.95363605,0.96791595,0.94022393,1.1097783,1.0750343,1.1918294,1.1325593,0.9183917,1.0763692,0.9657338,1.0172786,0.92112017,0.98335326,0.74100226,1.1378142,1.2107854,1.0201502,0.8513049
ankle,1.1047624,0.0,0.81733435,1.1164705,0.80027956,1.0286769,1.0152208,1.0248508,1.1790063,1.2109294,1.1470737,1.3521876,0.91667694,1.2187295,0.95987797,1.0537703,1.2669494,1.38086,1.1758056,0.9289114,1.0286286,1.2578727,0.93645626,0.8072988,1.0061201,1.0489055,0.8510356,1.0564784,0.6622574,1.2080436,1.0549622,0.9837866,0.891338,1.2370318,0.91409063,0.97332305,1.173696,1.0647601,1.0158341,1.1138725,1.0860918,0.81177807,1.3806303,0.94473064,1.1941943,1.1076603,1.1908126,0.7885747,1.2043362,0.99989516,1.072691,0.8082398,0.5781513,0.7016347,1.1087537,0.6540505,1.0287873,0.38968545,1.269732,0.8456388,1.1088489,0.19155818,0.9621049,1.058116,1.1708895,0.66308355,0.48988128,1.3032895,0.93150055,1.0657765,1.0119475,0.6883251,0.5618333,1.22579,1.1684592,1.2990959,1.0424434,0.9461367,0.96017104,1.0387261,1.2494798,0.90898186,0.70830274,0.8938549,1.1317707,0.6533903,1.0339274,0.7387544,0.8086964,0.4943502,0.5766034,0.7969924,1.0503986,1.20314,0.92571026,0.89728624,1.1257122,0.90702397,0.7902411,0.8260476,0.850778,0.58079726,0.92417824,1.1413136,1.1646137,1.1527207,0.6939162,0.64704263,0.9610251,1.0874782,1.3442334,0.9486657,0.9258203,1.0893127,1.0145786,0.7702279,0.5877727,1.2700455,1.3287585,1.203078,1.3031118,0.539476,1.2620586,0.8552741,1.1179023,0.93203545,1.36345,0.9432961,1.2637742,1.0082979,1.2630707,1.3467411,0.95409036,0.94339025,0.33823293,0.57437205,1.0381181,0.89340407,1.056937,1.1366498,1.3131379,1.1497985,1.2552737,0.9266178,0.5991754,1.3219485,1.1889112
apple,1.1862941,0.81733435,0.0,1.3638558,1.1630851,0.28595722,0.48500055,1.2597123,1.2076912,1.4443958,1.0813503,1.5345714,0.26159078,1.4334594,1.2551109,0.7898624,1.3759279,1.5043641,1.0443983,0.1792835,0.36937845,1.4101149,0.88479227,1.0352772,0.7838546,0.9565052,0.31167054,0.7489413,0.6434697,1.0342499,1.3154342,1.1015822,0.38501585,1.3306689,1.1756167,0.82354856,1.2990193,1.0719048,1.060776,1.4714746,1.1904597,0.22659445,1.5794743,0.29460287,1.2605916,1.2656345,1.2614511,1.1036785,1.3328447,1.1837405,1.3125206,0.7455851,0.5178028,0.39285088,1.2611471,0.7979918,1.1533675,0.75315195,1.1829783,0.26604557,0.8387562,0.8332915,0.86904967,0.8540263,1.2058837,0.4564891,0.6315485,1.2462919,0.7592065,1.2188116,1.0828726,1.2662971,0.30728066,1.1816853,1.1001714,1.446024,1.3285973,1.2217611,1.4916251,1.0453979,1.4796972,0.5575572,1.1420393,1.1730182,1.0039529,0.96900666,0.937805,0.13076782,0.55269015,0.8006136,0.62247646,0.20856863,1.1037124,1.0431695,1.2981386,1.4447114,1.4198608,0.573931,0.38023984,0.40378904,1.016026,0.7303176,1.1080029,1.038188,0.8263204,1.2024989,0.41529596,0.5758076,0.9453758,1.2215014,1.341674,0.9262999,1.1740222,1.1076623,1.4654777,0.8222627,1.0536577,1.2677238,1.3292934,1.2892066,1.4070499,0.24107659,1.2710078,0.20903194,1.3626704,1.0765475,1.3567502,0.88831735,1.3766792,1.3858902,1.2605929,1.5636549,0.29438925,1.1189507,0.45829785,0.70221436,1.2307982,0.63704336,0.780081,1.1338829,1.1832926,1.0202209,1.1994048,0.7429534,0.18656993,1.3337969,1.1602343
applesauce,0.9615463,1.1164705,1.3638558,0.0,1.0665421,1.2322078,1.1862419,0.61681247,0.7925865,0.87371707,1.0014709,0.7850044,1.421788,0.96211505,0.7631935,1.2376046,0.92250806,0.7196789,0.72099936,1.3548777,1.258232,0.518219,1.0766944,0.96083665,1.1771282,1.1256946,1.4017308,1.2493635,1.0201715,1.1151037,1.0774494,0.8285682,1.3601972,1.0203027,1.0332475,1.1433582,0.76222074,0.9428585,0.9140171,0.8920139,0.89061797,1.3359123,0.6425079,1.353266,0.9580076,0.6784917,0.97410816,0.8897131,0.97484004,1.0942522,0.7379661,1.3493001,1.1930819,1.1405957,0.98228794,1.1782049,0.82723,1.0135403,0.8072922,1.3503168,1.197994,1.0685956,1.0371836,1.1250968,0.54345936,1.2274832,1.2605008,0.94730914,0.7593706,0.93498504,1.0413095,0.6193598,1.3825022,1.0156218,1.1613641,0.66818595,0.9644945,0.8524003,0.71533775,1.0896032,0.8884651,1.4329913,0.8645636,0.79257977,1.1082311,0.92465,1.0643467,1.3329699,1.3880633,1.1480501,1.1703638,1.2423556,1.0417488,0.824582,0.9462435,0.797137,0.54532295,1.2567182,1.2309281,1.3482951,0.83015907,1.3614589,0.87294185,1.1278287,0.87561685,1.0580101,1.2722628,1.214841,1.1337667,0.9647157,0.74122906,1.1826419,0.87132573,0.9638819,0.7882595,1.2402837,1.0054867,0.8742132,0.9171544,0.9014737,0.7227914,1.3626686,1.036342,1.3217555,0.7235979,0.84898585,0.93396837,1.1152945,0.84417975,0.767439,0.90320355,0.5364586,1.2237197,1.0807372,1.1750548,1.1969515,0.69682604,1.3746393,0.79060173,0.5219,1.0275367,1.0377188,1.0117238,1.2948414,1.336057,1.0524719,1.0235932
arm,1.0248611,0.80027956,1.1630851,1.0665421,0.0,1.2375349,1.3323319,0.9217097,1.0988864,0.6824061,0.8866023,0.9220928,1.0832642,0.8120645,1.0577642,1.1338288,0.92249095,1.0445749,1.1769277,1.21668,1.1352103,1.1184319,1.0801061,1.0984014,1.1867379,1.1250833,1.0525016,1.2751006,0.79369104,0.6856214,0.99020356,0.9381107,1.1500698,0.943359,0.9048737,1.2073838,0.7557417,1.0476782,0.8389617,0.7748312,0.9229836,1.0533699,0.9911641,1.2377485,0.99833167,0.96291804,0.98118657,1.0280006,0.9095178,0.9571705,0.9173262,0.85955745,0.94763416,1.0758116,0.96059704,0.9940312,1.008456,0.83472615,1.0015628,1.0272684,1.2141309,0.7672213,0.9603053,1.1841888,1.0327153,1.0982826,0.94662136,0.9909468,1.0815487,0.93474716,0.8733661,0.6981041,1.1639254,1.1608202,1.139965,0.97942126,0.9086003,0.97740597,0.71786857,0.7314857,1.0303836,1.0317675,0.65875643,0.90985054,1.1887707,0.8548022,1.1578975,1.1447378,1.0233679,0.8530515,0.9769526,1.0898569,1.2053518,0.9621502,0.9305427,0.6815746,1.0564522,1.0030656,0.94542354,1.2002146,0.91981226,0.76319104,0.9467089,1.1811645,1.1290219,1.0743077,1.1031433,1.1581781,1.0713297,1.1810899,1.0467472,1.0656128,0.9502708,0.9548385,0.74493164,1.1090716,0.8004871,1.132306,0.9875596,0.8283734,1.0440519,1.0717402,0.96271867,1.0711672,0.8286783,0.8689895,0.9545046,0.900296,1.0530018,0.86112684,1.1234326,0.981784,1.1615855,0.89718735,0.9349165,0.88362443,0.87084836,1.0348648,1.3333951,1.1932622,1.0779742,1.1992639,1.1449935,1.1088934,1.0900218,0.92072225,0.99985504
ball,1.0484985,1.0286769,0.28595722,1.2322078,1.2375349,0.0,0.27728963,1.2259604,1.0990833,1.3915268,1.024725,1.4107946,0.45853114,1.3194919,1.111664,0.75236076,1.2753413,1.3133757,0.9621583,0.40846896,0.48634964,1.26647,0.91773695,1.1117138,0.6043258,0.8852776,0.47453117,0.66789734,0.91697043,1.0704045,1.228941,1.1879478,0.38495743,1.3045793,1.2374601,0.89065087,1.318855,1.0570254,1.1221894,1.4334497,1.2410694,0.46944004,1.4291233,0.3756472,1.1708963,1.0863621,1.163408,1.0721091,1.3251413,1.2192973,1.2571406,0.8569501,0.78949356,0.53270495,1.210247,0.9236661,1.1586686,1.0107423,1.115667,0.44235784,0.82755286,1.01265,0.85787046,0.70721316,1.0862274,0.74157894,0.75768924,1.1181394,0.7323055,1.2433288,1.2259815,1.3169909,0.5375685,1.0438782,0.99712795,1.2555015,1.2605176,1.1288581,1.4287021,1.0381119,1.3860468,0.65460414,1.2816381,1.1198269,0.9285786,1.1303617,0.894436,0.38200223,0.6619673,1.0110483,0.8733123,0.47801733,1.0377812,0.9247403,1.2449044,1.4345553,1.3450366,0.64567983,0.5774095,0.67684597,1.0740364,0.89190495,1.2851696,1.0214968,0.8756181,1.0909535,0.5472323,0.6077916,0.8749538,1.1599715,1.1361533,0.95408744,1.1194148,1.005055,1.4199679,0.7527628,1.1861336,1.077733,1.2933953,1.2259185,1.205657,0.48514056,1.2333667,0.37922454,1.2362347,0.95326596,1.2100378,0.9632141,1.2402422,1.3317416,1.0959127,1.3818016,0.32373536,1.2915546,0.7541058,0.9701388,1.0974585,0.68372524,0.5933989,1.0398998,1.1031016,0.927786,1.0789983,0.8199462,0.49076957,1.3049217,1.0074136
balloon,0.96438533,1.0152208,0.48500055,1.1862419,1.3323319,0.27728963,0.0,0.9715424,0.9569592,1.2816496,1.0988199,1.3961694,0.6557095,1.2959298,1.011248,0.7886914,1.1892593,1.243088,0.9125769,0.63056135,0.57986844,1.1023377,0.891278,0.90459514,0.46248317,0.85723794,0.58280486,0.7612004,0.9124233,1.2677261,1.1395903,1.1570858,0.60464287,1.215318,1.2211121,0.9516922,1.2627351,0.9942781,1.0312433,1.4380488,1.1369399,0.59900856,1.3512954,0.48419487,1.1711949,0.95980287,1.1259854,0.9588067,1.2672086,1.0964288,1.258751,0.96649617,0.89307964,0.6304945,1.2721407,0.95337594,1.1964332,1.0271548,1.1152126,0.6427633,0.74338806,1.0563633,0.9025255,0.6408095,0.9831166,0.9129004,0.74391353,1.2524304,0.6558666,1.2657716,1.2028534,1.2759368,0.6897402,1.1019934,1.0644243,1.1499738,1.3302721,0.94440556,1.4484622,0.95694375,1.2392975,0.7060429,1.2410855,0.9010181,1.003409,1.1339424,0.85273504,0.5846611,0.73331684,1.0361084,0.9318025,0.5768957,0.93888885,1.0706761,1.2918218,1.4520906,1.2194546,0.7144152,0.7677069,0.797204,0.9291414,0.9720299,1.1529989,0.88131905,0.8877626,1.0321848,0.5740198,0.6897295,0.7552378,0.968067,1.1912163,0.9891881,1.1893437,0.82761234,1.4480066,0.7762071,1.2494813,0.9560522,1.3190589,1.0928684,1.1292613,0.70073104,1.3458333,0.5651079,1.1323969,0.75298584,1.1869394,0.8683932,1.2591462,1.3580512,1.1017073,1.3164912,0.49042284,1.1974277,0.8924958,1.006153,0.872524,0.75704443,0.491763,0.9348164,1.0437838,0.8945885,1.1090448,0.7793562,0.71577907,1.3006873,1.0785623
banana,0.8779002,1.0248508,1.2597123,0.61681247,0.9217097,1.2259604,0.9715424,0.0,0.8927763,0.81893444,1.0857952,0.98468554,1.3681164,1.0414684,0.99006885,1.2043712,1.012253,0.8234376,0.9318602,1.3457593,1.1216998,0.8520143,0.84366596,0.7979416,0.9886298,1.0132768,1.3515556,1.3442906,0.8816932,1.2204853,1.1037015,0.7965511,1.266721,1.0636287,1.015863,1.1984106,0.6703504,0.7927409,0.6023289,1.0229023,0.6607667,1.1394038,0.8584393,1.2847428,1.0503645,0.74688286,1.0052551,0.88290554,1.067914,0.9831529,0.9228589,1.3086518,1.222882,0.9363315,1.0774714,1.0905566,0.97555894,0.93601996,0.98898447,1.22125,1.183629,0.97838664,0.91988647,0.9919913,0.6378375,1.1983801,1.1141047,1.1309321,0.7554451,1.0238717,0.8967799,0.7208966,1.3283067,1.1077029,1.2082753,0.65699464,1.0650584,0.834002,0.91397303,0.95206034,0.96384984,1.2542816,0.83134943,0.6325345,1.2159263,0.9258671,0.86307895,1.2559055,1.2194667,1.1345016,1.073655,1.04529,1.1288766,0.9427471,1.0637529,0.97400475,0.8038219,1.085618,1.158648,1.2874026,0.5997801,1.2106565,0.6985131,1.0457408,0.72526586,1.0608594,1.0702816,1.17081,1.1911653,0.9893854,0.9993684,1.1476403,0.96390355,0.62383574,1.0004328,1.2295523,1.0903786,0.8993949,1.1062272,0.80944383,0.8337079,1.2908556,1.1980022,1.2638912,0.7261765,0.5478184,0.9988606,0.96515775,1.0933315,1.0271516,1.0166268,0.8053893,1.1537158,0.86927724,1.1164523,0.86203134,0.39176404,1.2382259,0.79810506,0.5607558,1.0839822,1.1688715,1.1125748,1.1659862,1.3168323,1.1243219,1.0901337
basket,1.0688044,1.1790063,1.2076912,0.7925865,1.0988864,1.0990833,0.9569592,0.8927763,0.0,0.83871794,1.1997327,0.8914206,1.1544558,0.80159426,0.81081975,0.9500284,0.92178863,0.9630124,0.856184,1.1153775,0.85284424,0.6563511,1.0109315,0.83320016,0.78773725,0.98754644,1.0125468,1.0196453,1.1269902,1.210666,0.72059405,0.8699355,1.1207021,0.843894,1.1172252,0.91064703,0.9415945,0.97972995,0.9788991,0.9662916,0.95566934,1.1765271,0.54338723,0.973817,1.052116,0.65360427,0.989134,0.8019259,0.90150535,0.8933723,1.048374,1.0753219,1.1829001,1.1676571,1.1665912,1.2143837,1.1363362,1.2645603,1.01965,1.166064,1.0040252,1.2279072,1.0648534,1.0527058,0.68890834,1.309125,0.9769655,1.1104448,0.90382475,1.1775413,1.0170355,1.0830771,1.2074518,1.0418171,1.1490898,0.7344941,1.1413779,0.67598796,1.1065207,1.0805364,0.7912267,1.0681978,1.0232394,0.78403497,0.9666502,1.2271835,0.9739986,1.239603,0.8653962,1.1555946,1.3055544,1.2348747,0.8254896,1.2087953,1.1140363,1.0985314,0.7296856,1.0239127,1.1735518,1.1261469,1.0601022,1.0135999,1.0377433,0.96449584,0.91354275,0.99830383,1.0354486,1.0419995,0.7945428,0.6562773,1.1082278,0.9453424,1.0619494,0.9015208,1.1013019,0.90175956,1.2627134,0.64627856,0.9043297,0.7687201,0.89274144,1.2298359,1.085173,1.1084344,0.86611515,0.74374586,0.8975685,1.0285798,0.9868462,1.1321603,0.8978298,0.84806526,1.0903774,0.9700825,1.2769165,1.2606636,0.8304856,0.7949971,0.72077185,0.73736274,1.0504875,0.9015585,1.0494409,0.91816807,1.2658918,0.9386424,1.2192407
bathtub,0.9521255,1.2109294,1.4443958,0.87371707,0.6824061,1.3915268,1.2816496,0.81893444,0.83871794,0.0,0.95541406,0.6246632,1.2192341,0.46513128,1.005499,1.2246547,0.75020254,0.5849895,0.94496745,1.3528674,1.017732,0.8025898,1.2427033,0.91858983,1.1342316,1.1490308,1.1929018,1.2305696,1.1478648,0.75945735,0.7309866,0.9502114,1.2987537,0.7212142,0.9260229,1.2083976,0.6690862,1.0933201,0.9861144,0.68814963,0.9859272,1.2359812,0.6756473,1.2777667,0.9693721,0.80841285,1.0405201,1.2263279,0.5871966,0.5176478,0.77266824,1.130315,1.1982058,1.3577578,0.95824146,1.1891171,1.0158191,1.1998392,0.9727476,1.404425,1.2301047,1.200413,0.8982202,1.2501194,0.8010582,1.3008351,1.3543544,0.9037432,1.1622925,0.9226939,0.90896195,0.9664827,1.4548624,1.012095,1.2165407,0.6135652,0.9020234,0.8222505,0.7326299,0.61724937,0.7336231,1.031352,0.8780936,0.9956988,1.239891,1.0059867,1.2352078,1.4057853,1.2112978,1.1201192,1.2440745,1.370352,0.9788008,1.0484949,0.95332265,0.74922526,0.7388306,1.0148652,1.0991611,1.2848535,0.9392071,1.0275503,1.0144322,1.1114217,0.8654226,1.1124474,1.4006696,1.4014642,0.9083288,0.78424245,0.84535503,1.2305502,1.0147779,0.8294217,0.7693916,1.3029495,0.9411018,0.79952645,0.5597329,0.16095519,0.7553314,1.3943019,0.7995461,1.3190212,0.6453407,0.75318027,0.81209725,1.0048317,0.9436397,0.84999454,0.92817676,0.5212778,1.2484834,0.95082754,1.3794305,1.23462,0.6951058,1.1511453,1.1919503,0.86274093,1.035426,1.2052594,1.0071998,1.0391116,1.3982189,0.6890334,0.98821473
bear,0.93955445,1.1470737,1.0813503,1.0014709,0.8866023,1.024725,1.0988199,1.0857952,1.1997327,0.95541406,0.0,0.85173595,0.9932842,1.0621063,0.9918648,1.0714039,0.8548757,0.918477,1.1128031,1.1116252,1.2329692,1.0695711,1.1357462,1.1002685,1.1189607,1.1449974,1.0860311,1.072426,1.028535,0.43645573,1.1181965,1.0800987,1.1317029,1.1688654,0.9197663,1.1997416,0.965759,1.1794819,0.99111915,0.8826252,1.1220566,1.0747448,1.0209528,1.1819823,0.8742748,1.1073309,0.94698066,1.192169,1.1037854,1.2836657,0.75213814,0.805084,0.9194894,1.0914878,0.8851844,1.0764781,1.0824423,1.1198952,0.920915,1.0191175,1.0557809,1.0888115,0.95401084,1.0356642,1.057038,1.0522505,1.0094235,0.7398667,1.1006626,0.9598246,1.203604,1.0734701,1.0476648,0.95242167,0.9054883,1.0348876,0.7007743,1.1854914,0.84978354,1.0083894,1.0522323,1.1665375,1.0492647,0.91936445,1.067602,1.03529,1.1521622,1.0975448,1.1124481,1.0557346,1.0598038,1.0111799,1.11775,0.47216535,0.63952816,0.87486416,1.1626294,1.0959022,1.1489855,1.1267515,0.99762577,1.1146137,1.1234994,1.1063589,1.2799206,0.92800665,1.0584142,1.1118366,1.0808501,1.1255693,0.5785136,1.0392277,0.8999615,1.1539727,0.81180215,1.0676327,0.78045577,1.189047,0.883283,1.1733333,0.87741876,1.1133312,0.76593983,1.049433,0.951331,1.1220438,0.84270805,1.0850086,0.9221256,0.8778169,1.0027403,1.0254217,1.0539101,1.0531441,1.1315905,1.0709317,1.0132558,1.0476631,1.1789011,1.1466693,0.9465969,1.0884023,0.88893735,1.1497091,1.0755386,0.9686832,0.5230683
bed,0.97800165,1.3521876,1.5345714,0.7850044,0.9220928,1.4107946,1.3961694,0.98468554,0.8914206,0.6246632,0.85173595,0.0,1.4391935,0.44710886,0.80180466,1.2307802,0.2401421,0.47883308,0.9191821,1.4465711,1.4518209,0.64275753,1.3168979,1.1409526,1.3031111,1.1616772,1.493813,1.2142054,1.274361,0.8186681,0.57345283,1.0429971,1.5256078,0.7082237,0.8858733,1.1791716,0.8546753,1.1480296,1.1466637,0.26207876,1.0526248,1.5786996,0.29927266,1.504632,0.8231089,0.81466067,0.7881384,0.97360593,0.643452,0.9833709,0.6552854,1.2825208,1.478857,1.4917092,0.65261483,1.2506313,0.7797692,1.3467543,0.85967237,1.5303994,1.0691359,1.3001307,1.3099908,1.2525475,0.9277411,1.4250147,1.4214814,0.6564015,1.3000681,0.7362031,1.0680727,0.88715565,1.4746287,0.8375443,0.9007516,0.61520326,0.6392814,1.0022769,0.50886106,1.0707254,0.3750701,1.4130887,1.0713546,0.9196598,1.0081936,1.0519606,1.2454426,1.5190485,1.3809654,1.3298798,1.3007901,1.4829941,1.043057,0.7336447,0.75026274,0.55780154,0.6664632,1.4571203,1.4617488,1.3536571,1.1562312,1.1621534,1.0546412,1.0155183,1.1444315,0.8896581,1.4600475,1.3752692,1.1949451,0.9796085,0.49482822,1.1808308,0.6957246,1.2152572,0.55271715,1.3250016,1.0005629,0.8096192,0.53850955,0.81615746,0.4874494,1.6048822,0.5378952,1.5224034,0.7537769,1.2326047,0.67766905,1.0311002,0.63180244,0.5618385,0.7323358,0.27725267,1.4657478,0.9533647,1.4687159,1.3578703,1.058144,1.2658339,1.2061336,0.9225348,0.782775,1.0706446,0.8299742,1.2513961,1.5433148,0.54352385,0.7548301
belt,1.1283877,0.91667694,0.26159078,1.421788,1.0832642,0.45853114,0.6557095,1.3681164,1.1544558,1.2192341,0.9932842,1.4391935,0.0,1.2381483,1.2192838,0.7952926,1.3138075,1.4010378,1.0124501,0.22661805,0.30000257,1.3848865,1.011324,1.0855669,0.75898474,0.9205947,0.22125435,0.68246067,0.8664856,0.8358711,1.1583352,1.1452165,0.35521126,1.265562,1.1114398,0.8201769,1.2906463,1.1502712,1.1801319,1.3581454,1.2664418,0.21700609,1.4928774,0.30610716,1.2288088,1.2983105,1.2597635,1.1720806,1.2115133,0.99593043,1.2691097,0.70470464,0.5663377,0.75003004,1.1449417,0.9284482,1.2922411,0.9864371,1.1388367,0.33924627,0.86407727,0.950403,0.66422415,0.80174404,1.2925878,0.5084208,0.65433353,1.1875955,0.9869428,1.2529309,1.1203228,1.3835242,0.42838526,1.1083543,1.051855,1.3981998,1.134,1.312094,1.3933586,0.7604146,1.364078,0.49581683,1.2119262,1.2128068,0.8873532,1.1330004,1.049956,0.3743273,0.49818218,0.82280535,0.8515502,0.51782113,1.0074412,1.0267315,1.1254252,1.3422587,1.4064987,0.43559825,0.34745485,0.42085785,1.1666237,0.6397532,1.2634141,1.0057533,0.9089419,1.1854335,0.67332625,0.67776835,0.7871823,1.1525378,1.2428377,0.91445124,1.2087629,1.0121568,1.3594141,0.7159362,0.9569903,1.2635765,1.2254268,1.087375,1.3641999,0.24532735,1.1909678,0.30539554,1.2956382,1.0706183,1.2710675,1.041914,1.3121457,1.3580942,1.2500896,1.5123407,0.3478263,1.2140939,0.7029228,0.8692353,1.2518342,0.52058864,0.8750339,1.2369381,1.1706104,1.0044814,1.1094977,0.6509773,0.26255548,1.2102602,1.0903006
bench,0.9702338,1.2187295,1.4334594,0.96211505,0.8120645,1.3194919,1.2959298,1.0414684,0.80159426,0.46513128,1.0621063,0.44710886,1.2381483,0.0,0.99907076,1.0911505,0.59996057,0.62408733,0.9969905,1.3449634,1.1482762,0.82810104,1.2909708,0.90715176,1.1989483,1.101809,1.2420183,1.0260224,1.1822469,0.9081081,0.49643534,1.0427849,1.3253376,0.6217325,0.92315984,1.1489476,0.77183044,1.1537392,1.1031797,0.44937503,0.9925211,1.2855515,0.57203054,1.3468902,0.8767437,0.8805033,0.87805086,1.0184172,0.7172236,0.5832761,0.9601289,1.0419036,1.3325782,1.374624,0.9015006,1.2175624,1.0267962,1.3216575,0.9650236,1.300885,1.1582927,1.1876119,1.0390733,1.2192649,1.0478326,1.3510447,1.2119598,0.77378535,1.2506032,1.0168778,0.94132227,1.0469598,1.355428,0.99743915,0.98733735,0.54570013,0.886014,0.9683363,0.69340414,0.72540367,0.51270854,1.1803169,0.9605545,0.9601218,0.93750477,1.0606555,1.2736094,1.443256,1.1125904,1.1630204,1.2967966,1.4276844,0.9915073,1.0532812,0.930338,0.6609762,0.7690511,1.1011376,1.1485878,1.248878,1.1507457,0.8817258,1.0181625,1.0629107,1.0612203,0.9409175,1.3930306,1.2005254,0.92319864,0.90948135,0.79587305,1.0123764,0.97438663,0.9727006,0.8675626,1.0924128,1.0275342,0.80434793,0.7624533,0.54163957,0.5887841,1.3353894,0.7576204,1.353687,0.8413004,1.0075254,0.64592487,0.9772448,0.80649453,0.9389613,0.73738235,0.40943748,1.232292,0.8728679,1.3875468,1.2279128,1.0037515,0.96089995,1.1372645,0.9757687,1.0174736,1.0686061,0.9945497,1.0125434,1.4078954,0.7087126,0.94691193
bib,1.0193157,0.95987797,1.2551109,0.7631935,1.0577642,1.111664,1.011248,0.99006885,0.81081975,1.005499,0.9918648,0.80180466,1.2192838,0.99907076,0.0,0.94385606,0.7473995,0.9586126,0.6175233,1.2031118,1.1933656,0.6075283,1.0482309,0.99060106,0.9068886,0.989708,1.1702325,1.0549479,1.1489227,1.1375299,0.924821,1.047188,1.231832,1.077575,1.0625101,1.0415517,1.0236274,1.0135423,1.0707575,0.9416555,1.0568107,1.2286468,0.75739205,1.1031276,1.0442407,0.875119,1.0190922,0.7046025,1.0519733,1.1505703,0.9710583,1.0745484,1.1317894,1.1553899,1.001446,1.1274962,1.0217823,1.1298963,0.9739863,1.1966928,1.0480944,0.99631876,1.1540248,0.98297983,0.88575244,1.233281,0.9380978,1.0562875,0.8619864,1.046658,1.0932165,0.90732443,1.1364083,1.0109247,1.06001,0.90897554,0.9099159,1.0152091,0.8826376,1.0861022,0.9253727,1.1813109,1.0134442,0.75346655,1.0699313,1.1742407,0.99834603,1.230113,0.9796456,1.060821,1.2219961,1.2001432,0.94026977,0.96628654,0.850819,0.9454836,0.6879407,1.1258377,1.2334267,1.2206764,1.0954292,0.9567663,1.1506103,1.0277231,1.0874418,0.98645586,1.0801903,1.0879741,0.96949565,0.87344587,0.81176805,0.9219578,0.9292718,0.8899253,0.8322827,0.9633674,1.0468448,0.9207566,1.019385,1.0786778,0.8476958,1.2103271,0.9153862,1.2658508,0.89664376,0.9200179,1.022068,1.0157418,0.9338887,0.8824517,0.9504049,0.7137605,1.1500841,1.000779,1.1589822,1.1537638,0.8177907,0.89141667,0.6695013,0.7561923,1.0425705,0.8043681,1.0074707,1.1413702,1.2038404,1.0400857,0.86494625
bird,0.887884,1.0537703,0.7898624,1.2376046,1.1338288,0.75236076,0.7886914,1.2043712,0.9500284,1.2246547,1.0714039,1.2307802,0.7952926,1.0911505,0.94385606,0.0,1.1249138,1.2234669,1.0167923,0.7804099,0.78673625,1.2097926,0.8474373,1.0583287,0.862754,0.79710174,0.82931185,0.7677836,1.0690463,1.0723646,1.0389155,1.0235372,0.8271711,1.1236539,1.1902165,0.90968615,1.1582292,0.88654923,1.0672243,1.2911355,0.9832501,0.808227,1.1249465,0.7426412,0.9908275,1.1803825,0.92530906,0.8950472,1.1696084,0.982082,1.2176986,0.90060437,0.96857905,0.9118037,1.1263257,0.9910749,1.1495117,1.1277003,1.0484608,0.54775935,0.8066326,1.093706,0.97813714,0.75265694,1.1954865,0.9681586,0.86942536,1.1189282,1.0463344,1.1512918,0.9935121,1.3021327,0.86498916,1.0121154,0.8764957,1.1308886,1.2048304,1.0917463,1.3319039,1.0306891,1.1628773,0.7885324,1.2386432,1.1604558,0.87048435,1.2347571,0.8395041,0.8855563,0.6849592,1.0707314,1.1222858,0.9249221,0.96337414,1.0266589,1.2017877,1.307028,1.1461667,0.8917014,0.8701395,0.9144524,1.1559279,0.93100476,1.1226864,0.82195574,0.9708869,0.85813713,0.7792287,0.95910203,0.9328529,1.0119617,1.1507229,0.5063305,1.2350479,0.8997879,1.2774615,0.684417,1.2277622,0.9407211,1.1363695,1.1225172,1.168391,0.8408407,1.098302,0.8510587,1.2054092,0.99649644,0.9896525,1.0464206,1.1444904,1.2371855,1.0302035,1.2359918,0.7889995,1.0576711,1.0293264,0.9395246,1.1660829,0.7207884,0.9109083,1.0886,0.9584975,0.7912851,1.0352125,0.8987655,0.8873711,1.1127065,0.98189676
blanket,0.96043515,1.2669494,1.3759279,0.92250806,0.92249095,1.2753413,1.1892593,1.012253,0.92178863,0.75020254,0.8548757,0.2401421,1.3138075,0.59996057,0.7473995,1.1249138,0.0,0.6951658,0.971838,1.3481487,1.3222789,0.74457645,1.199636,1.1620727,1.1520646,1.0280379,1.3501937,1.1397021,1.1604048,0.9022025,0.768682,1.0298314,1.3991774,0.7999524,0.9334136,1.1974796,0.86702055,1.0504135,1.0770147,0.4405483,1.0045875,1.4344056,0.5462687,1.3581529,0.87311494,0.8848517,0.87807393,0.9929812,0.8032932,1.0038613,0.79862916,1.200021,1.3461827,1.3906546,0.71780187,1.1916747,0.88179046,1.2910789,0.87926733,1.3651402,1.0377134,1.261836,1.2783195,1.1247127,1.0049174,1.3349992,1.1956532,0.867538,1.1942109,0.8518963,1.0228834,0.96257895,1.2511005,0.92783135,0.94549227,0.7622386,0.66015875,1.0345881,0.67271274,1.041646,0.6026107,1.3332187,1.0396036,0.76348853,1.0476536,0.98237157,1.1373926,1.3713787,1.1845515,1.183967,1.207844,1.3409672,1.0056696,0.77572256,0.73579836,0.68817556,0.76398027,1.3399143,1.3703408,1.3020055,1.0871146,0.97698593,1.0325449,1.0296723,1.1349397,0.9407027,1.3283079,1.1964204,1.0253038,0.9916866,0.6866507,1.072766,0.69312364,1.1495576,0.6716074,1.2024772,0.9777525,0.9039528,0.80726063,0.8846393,0.65617,1.4616446,0.740015,1.405561,0.8046535,1.2153084,0.8095375,0.8531948,0.76257217,0.70813465,0.91643673,0.5823701,1.3202357,0.9697169,1.3844625,1.3204672,1.0783361,1.0667934,1.1512973,1.0315665,0.8808759,1.0462506,0.9144499,1.258516,1.4104685,0.7607376,0.803784
boat,0.8316311,1.38086,1.5043641,0.7196789,1.0445749,1.3133757,1.243088,0.8234376,0.9630124,0.5849895,0.918477,0.47883308,1.4010378,0.62408733,0.9586126,1.2234669,0.6951658,0.0,0.8197609,1.440747,1.2917281,0.6266564,1.1814436,1.1893952,1.1894286,1.146246,1.5000718,1.0632418,1.3477206,0.9511853,0.86344093,1.063281,1.4278061,0.8628057,1.0042126,1.2363926,0.8942183,0.99704254,1.0947117,0.72343075,0.9520015,1.4868264,0.51268864,1.4389527,0.65198916,0.6853641,0.73735034,1.1750822,0.822062,0.9575341,0.7393138,1.3838241,1.4611382,1.381706,0.66333246,1.297292,0.8361505,1.339849,0.75916725,1.4989259,1.1613333,1.3801383,1.1737999,1.160554,0.8713576,1.40908,1.5906274,0.53899026,1.2214099,0.85736346,1.1529483,0.9780892,1.5567206,0.62934065,0.7713751,0.5766445,0.7650526,0.912438,0.73392415,0.99664974,0.5624869,1.407302,1.1770092,0.984578,0.9689642,1.0559856,1.093599,1.4893132,1.5347329,1.4090303,1.2888238,1.414297,0.98675984,0.85043687,0.897083,0.8135188,0.82828856,1.367756,1.4175383,1.3848463,1.1646734,1.4954362,1.0070835,1.1301557,0.9183259,0.8074852,1.4167402,1.3497161,1.0880345,0.9704069,0.5151774,1.2795322,0.8693744,1.0616468,0.790753,1.3305968,1.1684146,0.73700833,0.6011975,0.69660544,0.25696528,1.5729859,0.7382047,1.5138144,0.6466352,1.0951853,0.6067273,1.1772661,0.5239588,0.72939,0.4891516,0.42260092,1.3523877,1.1171848,1.4755566,1.4176558,0.8591737,1.4493563,1.0033711,0.72331107,0.72334874,0.95390224,0.59752584,1.3002608,1.512317,0.6287966,0.8286629
book,0.8974319,1.1758056,1.0443983,0.72099936,1.1769277,0.9621583,0.9125769,0.9318602,0.856184,0.94496745,1.1128031,0.9191821,1.0124501,0.9969905,0.6175233,1.0167923,0.971838,0.8197609,0.0,0.96951604,0.9341731,0.299653,1.1115884,0.8629974,0.81172407,0.9008604,0.9522976,1.0043442,1.1250056,1.1575935,1.0463972,1.095038,1.0396674,1.1334307,1.2089603,0.8135484,0.9621434,1.070947,1.0336485,1.1243042,1.0817882,0.95498526,0.7682288,0.87893903,1.0533602,0.8914404,1.0867473,0.9724341,1.0625315,0.94451195,1.0799963,1.1929913,1.1434005,1.0587479,1.1545174,1.1550119,1.0274632,1.1568664,0.9362584,1.078267,1.0424513,1.1467062,0.9310573,0.79509324,0.8609672,1.1081563,1.1489865,1.080819,0.72220993,1.1120572,1.0959225,0.9980623,1.136057,0.9383522,1.1399411,0.9054874,1.1821913,1.0339624,1.1217215,0.87067366,0.9466021,1.0342784,1.1201358,0.89570266,1.0205787,1.0873177,1.0806185,1.0397699,1.072963,1.158528,1.206302,0.99353033,0.7896942,0.91052294,1.1585062,1.1954454,0.60118777,0.90599537,0.9463039,1.0639284,1.1675878,1.0329143,1.1423136,1.0526805,0.86003906,1.0910821,1.1191607,1.0347928,0.88515574,0.88229984,0.90152144,1.0987278,1.0830513,0.8120996,1.1478709,1.1361904,1.1951551,0.92934084,1.0218556,0.95874596,0.8424866,1.0433577,1.0539937,1.0554844,0.8754264,1.0180117,1.0956802,1.0535911,1.0638716,1.1253111,0.9320905,0.6343214,0.90847015,1.1529391,1.151238,1.1456838,0.8407599,0.98570585,0.46656007,0.54916126,1.0278245,0.87306416,0.9419285,1.0409652,1.0550245,1.0456812,1.0871625
bottle,1.160805,0.9289114,0.1792835,1.3548777,1.21668,0.40846896,0.63056135,1.3457593,1.1153775,1.3528674,1.1116252,1.4465711,0.22661805,1.3449634,1.2031118,0.7804099,1.3481487,1.440747,0.96951604,0.0,0.33200705,1.338604,0.99174386,1.0235721,0.72570705,0.9427565,0.22078705,0.6163618,0.91057616,1.0560439,1.1577317,1.1338866,0.40774012,1.2333171,1.1751761,0.72299683,1.3189179,1.1424295,1.13574,1.4132367,1.2305198,0.2512617,1.474971,0.14136559,1.2424972,1.2608778,1.2310172,1.0794545,1.1887451,1.0707604,1.256279,0.72536397,0.62078834,0.695709,1.1983584,0.9884285,1.2060217,0.96562016,1.1566415,0.35522127,0.7805707,0.9594017,0.86997736,0.85037947,1.1623724,0.5639336,0.6907383,1.204943,0.9655212,1.221925,1.1180786,1.3828359,0.39125234,1.1064463,1.0000077,1.4131298,1.2396933,1.2131202,1.4665296,0.987322,1.3273013,0.48485196,1.2352045,1.2884772,0.85997367,1.1861321,1.016213,0.29578042,0.49428302,0.8740343,0.84996766,0.4977529,0.93883,1.1264799,1.2222266,1.443315,1.3876383,0.5732743,0.37467444,0.27443874,1.2073001,0.77919877,1.2298568,0.9324773,0.84308875,1.1416878,0.61506844,0.6165757,0.872237,1.0058882,1.2980084,0.89665616,1.1847471,1.0240065,1.3760054,0.82898784,1.1317387,1.1367427,1.2025455,1.2326491,1.3836281,0.30971348,1.1953992,0.3307494,1.345994,1.1368067,1.3057597,1.0161415,1.3080795,1.3282716,1.2217689,1.479182,0.3916872,1.1205938,0.6949397,0.78272235,1.2369363,0.5590762,0.7766261,1.099129,1.1118314,0.96865165,1.1057838,0.5387304,0.24986756,1.2081856,1.1554362
bowl,1.2031386,1.0286286,0.36937845,1.258232,1.1352103,0.48634964,0.57986844,1.1216998,0.85284424,1.017732,1.2329692,1.4518209,0.30000257,1.1482762,1.1933656,0.78673625,1.3222789,1.2917281,0.9341731,0.33200705,0.0,1.2310716,0.82906985,1.0526986,0.63815695,0.9609345,0.35732257,0.7417692,0.91815186,1.083396,1.1317965,0.9380725,0.40693122,1.2038481,1.2112463,0.8041951,1.1942273,0.8996541,1.0743773,1.4475147,0.97466123,0.3283012,1.3767401,0.2743758,1.2239735,1.0482241,1.2419099,1.117422,1.2154074,0.8670681,1.27846,0.9042101,0.7752924,0.7254163,1.3045796,0.9748881,1.339859,1.0764012,1.1928263,0.48288423,0.91884553,1.047584,0.7419462,0.86924994,0.97991115,0.7335954,0.8057611,1.2493259,0.7840283,1.3503021,0.93333864,1.3773189,0.64776087,1.1971487,1.183363,1.1714897,1.3678181,0.93370306,1.5012946,0.82312346,1.3870921,0.55268085,1.185164,1.1459371,0.958315,1.1654171,0.850807,0.46596336,0.5724233,1.0119455,0.9545398,0.5694693,0.95982975,1.1361668,1.3777012,1.469456,1.2100099,0.5091145,0.43362617,0.5406194,1.0345138,0.7950627,1.0571907,0.99542993,0.5002752,1.1933137,0.7175428,0.8294937,0.7038332,1.044696,1.3209273,0.96460825,1.3493283,0.8642168,1.4712533,0.80736697,1.2331477,1.0378742,1.1979779,0.7253298,1.3362365,0.43285197,1.2600477,0.39722282,1.2035838,0.8451414,1.2794099,0.98621345,1.3345937,1.4355106,1.234517,1.3429817,0.25391448,1.139063,0.8652429,0.93376744,1.0736848,0.5968655,0.6929163,0.90545213,1.1928821,1.0098047,1.1958019,0.7105525,0.46942306,1.2654351,1.2261621
box,0.89552474,1.2578727,1.4101149,0.518219,1.1184319,1.26647,1.1023377,0.8520143,0.6563511,0.8025898,1.0695711,0.64275753,1.3848865,0.82810104,0.6075283,1.2097926,0.74457645,0.6266564,0.299653,1.338604,1.2310716,0.0,1.1993432,0.8740904,0.9894619,1.0404711,1.2602463,1.1820058,1.1614783,1.1329143,0.85474724,1.0307761,1.3613036,0.81694555,1.005762,0.9293353,0.86779785,1.0751356,1.0367088,0.8088059,1.0035039,1.3869472,0.41780615,1.2441891,0.9559606,0.67535377,0.9534611,0.87275636,0.8258593,0.913863,0.8787109,1.3363943,1.3048437,1.273808,1.0535707,1.248623,0.894247,1.2377446,0.8529806,1.4520173,1.0936047,1.2302165,1.1077615,0.96524197,0.7018754,1.3405772,1.3161459,0.9916828,0.8045901,0.9669957,1.0818036,0.85200703,1.4127514,0.89696395,1.1363302,0.75795466,1.0372808,0.8956908,0.8251561,0.9378916,0.6523255,1.3237121,0.9918555,0.7438376,1.0847178,1.0321054,1.1389345,1.3757858,1.331906,1.2471884,1.2702981,1.2656965,0.7932518,0.92226267,1.0295504,0.90151554,0.48335552,1.220921,1.3134253,1.3131816,1.0782458,1.2635584,1.0146699,1.0436431,0.9818803,0.9990844,1.3096368,1.1786454,0.8875863,0.7897873,0.7651395,1.1897901,0.9582601,0.933938,0.8764624,1.2401216,1.1409833,0.79693246,0.7972722,0.9018721,0.66573536,1.4191602,0.97714144,1.3516332,0.68442047,1.0530367,0.93333423,1.0121248,0.8872206,0.8861415,0.85246557,0.42706048,1.2690259,1.0654514,1.3453833,1.2941641,0.8204953,1.2803514,0.61124283,0.53411293,0.9249329,0.9120548,0.8455218,1.1706244,1.3917685,0.88243324,1.0298095
bread,1.0928805,0.93645626,0.88479227,1.0766944,1.0801061,0.91773695,0.891278,0.84366596,1.0109315,1.2427033,1.1357462,1.3168979,1.011324,1.2909708,1.0482309,0.8474373,1.199636,1.1814436,1.1115884,0.99174386,0.82906985,1.1993432,0.0,1.0556445,0.90746,0.92474747,1.0125233,1.044009,0.9524927,1.1476011,1.1504341,0.5506028,0.8957809,1.107497,1.0996494,0.8478654,1.1413122,0.10028088,0.8388581,1.287492,0.3149963,0.97335625,1.2608064,0.91310483,1.0989358,1.053814,1.0275563,0.93418527,1.2090676,1.0255836,1.2169248,0.97618246,0.8807136,0.7995938,1.2413887,0.86147106,1.1747813,0.8991301,1.172006,0.9148816,0.9735535,0.8846864,1.1685398,0.8824572,1.1332221,0.98248124,0.9129024,1.2075369,0.9211003,1.1905092,0.4681635,1.0482643,0.9774466,1.1560171,1.1277577,1.1834799,1.2685435,0.836984,1.3156286,1.221703,1.2369175,0.9142252,0.9765825,1.0326741,1.154571,1.0761714,0.03064698,0.8617065,0.92349327,0.99963254,0.93069035,0.7941225,0.9604632,1.1152965,1.2298468,1.3128697,1.0530853,0.9991942,1.0307419,1.0427483,0.74221236,1.0196438,0.6113527,0.9785337,0.5686599,1.0385728,0.7156332,0.945835,0.98452663,1.0366701,1.2303511,0.9125589,1.2797725,1.023819,1.2776258,0.87802833,1.1657722,1.0774702,1.2062595,1.0990157,1.2965521,0.9270966,1.2038634,0.8616731,1.1616919,1.0208967,1.2421973,1.0205739,1.2307539,1.2502477,1.203084,1.2238681,0.91327834,0.701471,0.89934206,0.8076407,1.1376036,1.0004478,0.9950658,0.92049015,1.0991704,0.90676457,1.1372964,1.0846072,0.95242274,1.2473646,1.1095017
broom,0.95584655,0.8072988,1.0352772,0.96083665,1.0984014,1.1117138,0.90459514,0.7979416,0.83320016,0.91858983,1.1002685,1.1409526,1.0855669,0.90715176,0.99060106,1.0583287,1.1620727,1.1893952,0.8629974,1.0235721,1.0526986,0.8740904,1.0556445,0.0,0.8896933,1.0201341,0.8455401,1.0949134,0.83259,1.2348267,0.82868993,1.0793854,1.007432,0.92388433,0.91827065,0.9127076,0.9837088,1.1249399,1.0131621,0.99838835,1.0261286,0.87578493,0.9541039,0.9728223,1.2459836,1.0711905,1.1643139,0.83432937,0.89250803,0.7326477,1.1562897,0.9864297,0.8091868,0.86431426,1.2948562,0.9552925,1.2229172,0.9029987,1.076645,1.04554,0.9985081,0.8409803,0.7608727,0.9707819,0.9272588,0.99031913,0.79075676,1.2656851,0.827556,1.24066,0.9722921,1.0158701,0.91139877,1.2137175,1.2787886,0.811516,1.1965163,0.9879551,1.0529461,0.89230204,0.88566947,0.89851665,0.90262336,0.76943576,1.1080688,0.8999059,1.0893687,0.9860636,0.8135228,0.7768975,0.97276187,0.90934265,0.8228204,1.1652392,1.039696,0.98120147,0.90835804,0.8094127,0.97112256,0.94094086,0.80362195,0.73966753,0.8712871,0.9190868,1.0063471,1.1517547,0.98628193,0.83592093,0.9890202,0.7075955,1.2412918,0.9363837,1.072827,0.8101095,1.1620288,1.0298136,0.89246553,0.8838971,1.1724049,0.98698956,1.0961088,0.89416206,1.2069795,0.9554351,1.1148462,0.8043245,0.96013546,0.93088025,1.2830042,1.2363808,1.0512905,1.0147289,1.0017341,0.8568709,0.9216773,0.83194196,0.76786494,0.8101336,0.7699295,0.80162853,1.1771405,1.0560148,1.1942792,0.6298707,0.9866954,1.1468055,1.2250502
bucket,0.9128809,1.0061201,0.7838546,1.1771282,1.1867379,0.6043258,0.46248317,0.9886298,0.78773725,1.1342316,1.1189607,1.3031111,0.75898474,1.1989483,0.9068886,0.862754,1.1520646,1.1894286,0.81172407,0.72570705,0.63815695,0.9894619,0.90746,0.8896933,0.0,0.869008,0.6353608,0.7790316,1.0789335,1.182573,1.040511,1.0976965,0.7531377,1.1794889,1.1756479,0.83373684,1.2171631,1.0099545,1.085649,1.3099579,1.0856686,0.7676123,1.2125282,0.38104242,1.1266112,0.94579464,1.0586455,0.88093495,1.1351634,1.0487982,1.2044913,0.95785344,1.0010226,0.8692388,1.229663,1.0679075,1.1859208,1.1584628,1.1341566,0.77050966,0.91274107,1.0560988,1.0127463,0.54549634,0.82700896,0.99584764,0.70583576,1.245891,0.808342,1.2200881,1.131583,1.2649473,0.8397212,1.0752118,1.0105016,1.0542393,1.2346342,0.79802525,1.3481472,1.0045516,1.1906768,0.85036826,1.1902355,0.88833004,0.96540016,1.2440233,0.87153405,0.8671876,0.68097657,1.0955316,1.0865226,0.8389952,0.77352285,1.1087233,1.1764483,1.364336,1.1125574,0.7891928,0.910581,0.91275615,1.1116083,0.92611885,1.1624659,0.93607414,0.9654174,0.98490256,0.76110345,0.78703976,0.69079,0.8213142,1.1863042,0.92751575,1.1880028,0.82960343,1.26453,0.7189761,1.269679,0.91620994,1.1968943,1.0101476,1.1500274,0.805954,1.274415,0.7649642,1.0314723,0.74250865,1.1237352,1.0141096,1.2382096,1.2552761,1.0995356,1.2313535,0.6463064,1.093885,1.0160248,1.0802268,0.8517318,0.6595136,0.53366303,0.947188,1.1470249,0.8988499,1.022699,0.8160555,0.8928142,1.218935,1.0567331
butterfly,0.80807954,1.0489055,0.9565052,1.1256946,1.1250833,0.8852776,0.85723794,1.0132768,0.98754644,1.1490308,1.1449974,1.1616772,0.9205947,1.101809,0.989708,0.79710174,1.0280379,1.146246,0.9008604,0.9427565,0.9609345,1.0404711,0.92474747,1.0201341,0.869008,0.0,0.8816587,0.87235665,1.1721592,1.1531241,1.046648,0.9688407,0.85861045,1.1233779,1.1777867,0.91984344,1.0153102,0.91865796,0.9648487,1.2129653,1.0066267,0.88696384,1.1064558,0.8569125,1.0722961,1.1817456,1.0577024,1.0163653,1.1348181,0.96259177,1.1195081,0.97575897,1.0637558,1.0467012,1.0965213,1.0224931,1.0982207,1.0938711,1.056948,0.8034216,0.70676744,1.042909,0.90073174,0.6882073,1.0848881,1.0079001,0.9586549,1.0904224,1.088485,1.1117502,0.9602453,1.1273696,0.95729184,0.9490066,1.0135899,1.0664831,1.1102991,1.0399164,1.2483876,0.9250931,1.0975296,0.7909406,1.0283294,1.1929069,0.85538906,1.1759565,0.9243618,1.0479231,0.8243796,0.94803804,1.1730139,1.0384661,0.8564372,1.0625339,1.1387423,1.2517077,0.89423084,0.8595098,0.91787213,0.9948095,1.0639004,0.8661153,1.181612,0.6369438,1.0907117,1.0190539,0.8503337,0.8847177,0.8538798,1.0126802,1.1406958,0.74864995,1.0772923,0.6452184,1.2000128,0.79862285,1.0985715,0.9652749,1.1691062,1.0976192,1.0907366,0.95692515,1.1290431,0.94019306,1.1517055,1.0079044,1.0500939,1.0262223,1.0977535,1.2059088,0.94099694,1.1227607,0.9115944,1.1180894,1.0688974,1.0144099,1.1350173,0.8128097,0.9633669,1.1590128,0.82271814,0.877635,1.034842,0.9636669,1.0003921,1.08466,1.0958141
