,zebra,giraffe,deer,pony,horse,pig,rooster,penguin,bird,duck,fish,butterfly,frog,alligator,owl,elephant,bear,cat,dog,face,hair,arm,hand,leg,foot,ankle,finger,toe,tooth,ear,nose,eye,mouth,stroller,motorcycle,tricycle,truck,car,lamp,chair,bench,drawer,ladder,window,door,closet,shower,refrigerator,oven,crib,bed,couch,table,bathtub,sink,boat,slide,hose,sprinkler,swing,grass,tree,snow,helicopter,firetruck,clock,ball,balloon,pumpkin,egg,orange,apple,potato,strawberry,hat,slipper,watch,nail,raisin,glasses,necklace,carrot,vacuum,broom,mop,stick,shovel,scissors,spoon,fork,knife,pencil,pen,crayon,plant,flower,soap,bottle,cup,can,belt,radio,basket,milk,jar,bucket,tape,bowl,plate,corn,pickle,banana,melon,bread,cookie,toast,cracker,sandwich,chips,pizza,hamburger,muffin,pastry,meat,pasta,sauce,soup,applesauce,glass,coffee,dish,tray,box,book,paper,rock,comb,toothbrush,gum,toy,doll,mitten,glove,sock,shoe,purse,pillow,towel,napkin,blanket,dress,pajamas,bib,scarf,coat,jacket,sweater,shirt,jeans,pants,shorts,cloud,game
zebra,0.0,0.7111852169036865,0.8706327676773071,0.7102946043014526,0.7097368836402893,0.7320435643196106,0.7483457326889038,0.9439139366149902,0.8741928339004517,0.9171692728996277,0.8603017330169678,0.8198844790458679,0.8133865594863892,0.7662709355354309,0.9142192006111145,0.8441399335861206,,0.8968153595924377,0.7442121505737305,1.0242602825164795,1.0660165548324585,1.1319655179977417,1.0322529077529907,1.0403534173965454,0.9973583221435547,0.9985859990119934,1.0345085859298706,1.0079784393310547,1.0094051361083984,0.9811385273933411,1.006299376487732,1.0021922588348389,1.022200584411621,1.0445135831832886,1.0066672563552856,1.0047515630722046,0.9357954859733582,0.9228789806365967,1.0089540481567383,1.0730973482131958,1.0656559467315674,1.063815951347351,1.119739055633545,1.0830087661743164,1.1040877103805542,1.0515412092208862,1.1008373498916626,1.0773905515670776,1.0567824840545654,1.0705119371414185,1.0775854587554932,1.0563119649887085,1.0847755670547485,1.0597407817840576,1.0388116836547852,1.006361961364746,1.0823817253112793,0.9569676518440247,0.9850641489028931,,1.0405951738357544,0.8863385319709778,1.080810785293579,,0.9390625953674316,0.9623806476593018,0.9550608396530151,0.9096032977104187,0.963968813419342,0.999356746673584,0.9524234533309937,0.9768458008766174,0.9763755202293396,0.9539783000946045,0.8909673094749451,0.9630475044250488,0.9914922118186951,1.0321292877197266,0.9966185688972473,1.0135136842727661,0.920971155166626,0.9825332164764404,1.0838643312454224,1.0151121616363525,0.9623528718948364,0.9579494595527649,0.9189820289611816,0.943679928779602,0.9352484941482544,0.9798783659934998,0.943992018699646,0.9982319474220276,0.9909080266952515,0.9817771315574646,1.0207488536834717,0.9549925327301025,0.9583022594451904,1.0145090818405151,1.048183798789978,1.1031618118286133,0.9589504599571228,0.9661849141120911,0.9644293189048767,1.0221399068832397,1.0411580801010132,1.049014925956726,0.9832838773727417,1.0055773258209229,0.9792249202728271,0.9407621026039124,0.997041642665863,0.9253107905387878,0.987177848815918,0.9722689390182495,0.9801615476608276,,0.867850661277771,1.0358781814575195,0.9806126952171326,0.9747354388237,1.0302773714065552,0.9283691048622131,0.962026834487915,0.9430626034736633,,1.0032825469970703,1.0015325546264648,1.034663200378418,1.0949798822402954,0.9674124717712402,0.9600379467010498,0.9939953088760376,0.9954238533973694,0.926731526851654,0.9490205645561218,,0.844552755355835,0.9888170957565308,0.9944465756416321,0.902112603187561,0.9400708079338074,0.999301016330719,1.0045433044433594,0.9287692308425903,0.9663419723510742,1.0102684497833252,1.0187588930130005,0.9609922170639038,0.9985993504524231,1.0184557437896729,1.0795232057571411,1.122867226600647,0.9529188871383667,0.8780813813209534,1.0612281560897827,1.098366618156433,1.1010243892669678,1.1002216339111328,1.1585992574691772,1.1302471160888672,1.0818315744400024,,0.9669623970985413
giraffe,0.7111852169036865,0.0,0.6708363890647888,0.5385183691978455,0.41621971130371094,0.5475638508796692,0.5776489973068237,0.6292864680290222,0.6086689829826355,0.6626330614089966,0.771196186542511,0.6551395654678345,0.5524642467498779,0.35835254192352295,0.643511176109314,0.6713252067565918,,0.9012868404388428,0.5921838283538818,0.9771673083305359,1.0233757495880127,1.0612486600875854,1.0450743436813354,1.024652123451233,1.0672547817230225,1.1242703199386597,1.145078182220459,1.1239629983901978,1.0601564645767212,1.0304120779037476,1.061630368232727,1.1008883714675903,1.0342165231704712,0.9722723960876465,1.0513966083526611,1.0858054161071777,0.9016632437705994,0.9238231182098389,0.9889492988586426,1.1169354915618896,1.0228408575057983,1.0541363954544067,1.0333770513534546,1.0158766508102417,1.048858880996704,0.9878642559051514,1.035997748374939,1.013893723487854,1.0226836204528809,0.9513437747955322,0.8894623517990112,1.0953118801116943,0.9611656069755554,0.9804515242576599,1.0455249547958374,0.8439314365386963,0.9594370722770691,0.9829356074333191,1.018403172492981,,0.9994626045227051,0.6969555616378784,1.0556596517562866,,0.8064882159233093,0.9661004543304443,1.0075021982192993,1.096819519996643,1.033339500427246,1.0768810510635376,1.0444926023483276,1.0473624467849731,1.0582281351089478,1.0757955312728882,1.0538939237594604,1.1749324798583984,1.1630516052246094,1.1529492139816284,1.0163936614990234,1.0466294288635254,0.9640633463859558,1.1400237083435059,1.0581142902374268,1.062546730041504,0.9500954151153564,0.8702306747436523,1.0409151315689087,1.0375630855560303,1.0433223247528076,1.0348408222198486,1.0719835758209229,1.111190915107727,1.1026936769485474,1.135467529296875,0.9945030808448792,1.0438584089279175,1.1041483879089355,1.0742629766464233,1.0910273790359497,1.121666431427002,1.1384730339050293,1.1021928787231445,1.004600167274475,0.9850302934646606,0.9911915063858032,1.0811586380004883,1.064390778541565,1.0990090370178223,1.002120852470398,1.0210500955581665,0.9846506714820862,0.9953768849372864,1.0497854948043823,1.0051329135894775,0.9648588299751282,,0.6003698110580444,0.9834862947463989,0.9379000067710876,0.918152391910553,1.0200775861740112,0.9086332321166992,0.9177526831626892,0.8486814498901367,,0.9665093421936035,0.9760233759880066,1.053999900817871,0.9491800665855408,1.047807216644287,0.9370605945587158,0.9305760264396667,0.8899984359741211,0.7407065629959106,0.6797043085098267,,1.009647011756897,1.0792545080184937,1.1121459007263184,0.8404810428619385,0.8278558850288391,1.042963981628418,1.1359426975250244,1.0901786088943481,1.0499306917190552,1.0514148473739624,1.049881100654602,1.0910600423812866,1.119981050491333,0.8323000073432922,1.0605417490005493,1.0198591947555542,0.7565212249755859,1.054703950881958,1.0545384883880615,1.0230305194854736,0.9913812875747681,1.0435082912445068,1.0460752248764038,1.0351359844207764,1.0905505418777466,,0.7731136083602905
deer,0.8706327676773071,0.6708363890647888,0.0,0.4457743167877197,0.5968315601348877,0.6178115606307983,0.6290777921676636,0.8646252155303955,0.691953718662262,0.7734911441802979,0.7844672203063965,0.810321033000946,0.7728976607322693,0.6438241004943848,0.7549941539764404,0.8143286108970642,,0.8678572177886963,0.5892781019210815,0.9950934052467346,1.0615918636322021,1.0607497692108154,1.066391110420227,1.062778115272522,1.0829672813415527,1.0973800420761108,1.081777811050415,1.1194684505462646,1.0396419763565063,1.0096685886383057,0.9682815670967102,1.0278034210205078,1.0217127799987793,1.020772933959961,1.0757759809494019,1.068617343902588,0.9704762101173401,0.9936952590942383,1.0108031034469604,1.0593780279159546,1.0161585807800293,1.07289719581604,1.0438874959945679,0.9878115653991699,1.0283867120742798,1.0415948629379272,1.0132989883422852,1.0292325019836426,1.0235117673873901,1.0284088850021362,0.996891438961029,1.028151035308838,0.9778934121131897,0.9934406876564026,1.0013552904129028,0.8963212966918945,1.026694893836975,0.9382041692733765,1.0509350299835205,,1.0059661865234375,0.7583882808685303,1.0488213300704956,,0.8708938360214233,1.0026723146438599,1.0320252180099487,1.056891679763794,1.0077601671218872,1.0398075580596924,1.040143609046936,1.0226891040802002,1.0437290668487549,1.034244418144226,1.0078309774398804,1.099195957183838,1.1006104946136475,1.0908136367797852,0.9546105861663818,0.9960860013961792,0.961183488368988,1.1120078563690186,1.0650224685668945,1.0672788619995117,1.0206435918807983,0.9031748175621033,1.02583909034729,0.9839494824409485,0.9895851612091064,0.9853454828262329,0.997560441493988,1.0979666709899902,1.0819716453552246,1.1099443435668945,0.9802749156951904,0.9324015974998474,1.047943115234375,1.0586618185043335,1.038403868675232,1.0793509483337402,1.0941896438598633,1.053828239440918,1.0309773683547974,0.9911670088768005,0.9886759519577026,1.0687220096588135,1.0454117059707642,1.037256121635437,0.9436342120170593,1.0479660034179688,0.954871654510498,1.011648178100586,1.0033209323883057,0.9407115578651428,0.9100075364112854,,0.8652379512786865,1.0288196802139282,0.9262527227401733,0.9317936301231384,0.9859357476234436,0.9199920892715454,0.9282386898994446,0.9126672744750977,,0.9602749347686768,0.9477427005767822,0.990917980670929,0.9699638485908508,0.9626877903938293,0.9563658237457275,0.970106840133667,1.01649808883667,0.9163577556610107,0.886963963508606,,1.0769537687301636,1.0416598320007324,1.099609375,1.0103572607040405,0.9448671936988831,1.0818365812301636,1.0436660051345825,1.0603086948394775,1.0704470872879028,1.0916029214859009,1.0346375703811646,1.060775637626648,1.0644853115081787,0.9560081958770752,1.0711256265640259,1.0785460472106934,0.9592130780220032,1.0264370441436768,1.0477657318115234,1.0294158458709717,1.0062429904937744,1.035348653793335,1.107235312461853,1.0677299499511719,1.114725112915039,,0.8341759443283081
pony,0.7102946043014526,0.5385183691978455,0.4457743167877197,0.0,0.11147439479827881,0.17234718799591064,0.4162609577178955,0.7017954587936401,0.5159538388252258,0.8162007927894592,0.599931001663208,0.6178274154663086,0.5137473344802856,0.4411624073982239,0.6463464498519897,0.3579748272895813,,0.8870423436164856,0.213270366191864,1.0379865169525146,1.0911281108856201,1.2012019157409668,1.1551209688186646,1.0873866081237793,0.9704182744026184,1.063250184059143,1.0585582256317139,1.0054430961608887,0.9673264622688293,0.870837926864624,0.9583361148834229,0.9923306107521057,0.9844194054603577,1.0582911968231201,1.009650468826294,1.0593481063842773,0.9315978288650513,0.9062527418136597,0.9951214790344238,1.036098837852478,1.056472659111023,1.0820119380950928,1.125396728515625,1.1113886833190918,1.1729891300201416,1.1244943141937256,1.0928720235824585,1.0552133321762085,1.1130567789077759,1.1072988510131836,1.118151068687439,1.057244896888733,1.1043294668197632,1.0766639709472656,1.0851614475250244,0.9840096235275269,1.0851179361343384,1.016714334487915,1.072150707244873,,1.0477099418640137,0.881867527961731,1.1376526355743408,,0.9228902459144592,0.9360407590866089,0.9847049117088318,0.9685317277908325,0.9346700310707092,0.9510440826416016,0.949553906917572,0.9317909479141235,0.92369544506073,0.8970988392829895,0.8821758031845093,0.94595867395401,1.040947437286377,0.969142496585846,0.8572868704795837,0.9346311092376709,0.8583205938339233,0.9763318300247192,1.1207693815231323,1.0932890176773071,1.0139840841293335,0.9712088108062744,0.9848272204399109,0.92912757396698,0.9714694619178772,0.9797062277793884,0.9759827852249146,0.9965279698371887,0.9833635687828064,0.9695876836776733,1.0304474830627441,0.9239221215248108,0.969525158405304,1.0005704164505005,0.9864363670349121,1.1199837923049927,1.1295089721679688,0.9955729246139526,0.9888043999671936,0.9923660755157471,0.966526448726654,1.0454771518707275,0.9516164660453796,1.0141756534576416,0.9454077482223511,0.9576981663703918,0.8657822608947754,0.8764623999595642,0.9819234013557434,0.8401939272880554,0.7975049614906311,,0.7956901788711548,1.0825526714324951,0.8847039341926575,0.8849573135375977,1.0564090013504028,0.7787799835205078,0.8232260942459106,0.8786638975143433,,0.9884259104728699,0.994300127029419,1.0125583410263062,1.0899426937103271,0.9780451059341431,0.9493639469146729,1.0203412771224976,1.0363694429397583,0.9212071299552917,0.9501760601997375,,1.1023650169372559,1.0292822122573853,0.9952241778373718,0.8464725613594055,0.8054094314575195,1.1549808979034424,0.9444435238838196,1.0428831577301025,1.0408837795257568,1.0915875434875488,1.066992163658142,1.004900336265564,0.9976437091827393,1.1009141206741333,1.0862550735473633,1.1776775121688843,1.042539119720459,1.0148719549179077,1.0344411134719849,1.1430306434631348,1.0980348587036133,1.0962810516357422,1.2125691175460815,1.1480298042297363,1.0669727325439453,,0.8898371458053589
horse,0.7097368836402893,0.41621971130371094,0.5968315601348877,0.11147439479827881,0.0,0.1980433464050293,0.4523977041244507,0.6598485112190247,0.5144011974334717,0.8003807067871094,0.6687806844711304,0.6206064224243164,0.5208677053451538,0.41313016414642334,0.6421114206314087,0.16862881183624268,,0.8996986150741577,0.24875593185424805,1.0069019794464111,1.0627883672714233,1.1562011241912842,1.1315138339996338,1.0649129152297974,0.9824334383010864,1.0601717233657837,1.0639876127243042,1.0311065912246704,0.9838236570358276,0.878602147102356,0.9832270741462708,1.0459059476852417,0.9799957871437073,1.0287022590637207,1.040224313735962,1.0786411762237549,0.9116933345794678,0.9152920246124268,0.987480878829956,1.0414572954177856,1.0368926525115967,1.0830014944076538,1.0997183322906494,1.085749626159668,1.1293624639511108,1.078918218612671,1.0737251043319702,1.037089228630066,1.0805621147155762,1.0594619512557983,1.0554068088531494,1.0647410154342651,1.066817045211792,1.0480254888534546,1.0780495405197144,0.9508267045021057,1.030645489692688,0.9948256611824036,1.0725772380828857,,1.04803466796875,0.8761221766471863,1.1236313581466675,,0.9105672836303711,0.9272370338439941,0.9942873120307922,0.9888027906417847,0.9610113501548767,0.9925355315208435,0.9611976742744446,0.9665867686271667,0.9498463273048401,0.9418706297874451,0.9231646656990051,1.0294662714004517,1.0753551721572876,1.026395559310913,0.8881702423095703,0.9280680418014526,0.8590264320373535,1.0179798603057861,1.1075005531311035,1.1081188917160034,1.0066429376602173,0.973454475402832,0.9917305111885071,0.9752761721611023,0.991647481918335,0.9737601280212402,1.0060473680496216,1.0345871448516846,1.0248433351516724,1.0374338626861572,1.015973448753357,0.9627525806427002,1.0215580463409424,1.0379538536071777,1.0227563381195068,1.112419605255127,1.1479439735412598,1.0162687301635742,0.9928062558174133,0.9770105481147766,0.9768978953361511,1.0535879135131836,0.9946184158325195,1.0577501058578491,0.9586840271949768,0.9700248837471008,0.9033008813858032,0.9157026410102844,1.0158958435058594,0.8871191740036011,0.8501790165901184,,0.7693434953689575,1.0542970895767212,0.8960144519805908,0.8869472146034241,1.0697952508926392,0.8120306134223938,0.8367631435394287,0.8677295446395874,,0.9761301875114441,0.9834312796592712,1.014477252960205,1.0592607259750366,1.0021804571151733,0.9546648263931274,1.000751256942749,0.9992952942848206,0.8952966332435608,0.8985809087753296,,1.0580772161483765,1.0580947399139404,1.0534194707870483,0.8532580137252808,0.8302017450332642,1.1225545406341553,1.0283881425857544,1.0438177585601807,1.0440260171890259,1.0926358699798584,1.0768150091171265,1.048425316810608,1.0413296222686768,1.0406732559204102,1.0689477920532227,1.132357120513916,0.9910281896591187,1.005194902420044,1.04864501953125,1.1188337802886963,1.081016182899475,1.078824520111084,1.1626415252685547,1.109188199043274,1.0664353370666504,,0.8836659789085388
pig,0.7320435643196106,0.5475638508796692,0.6178115606307983,0.17234718799591064,0.1980433464050293,0.0,0.5186484456062317,0.646000862121582,0.6134594678878784,0.8251364231109619,0.5977576971054077,0.6258515119552612,0.4502696394920349,0.38214111328125,0.646509051322937,0.42687761783599854,,0.8922318816184998,0.23981010913848877,1.028031349182129,1.0932550430297852,1.2007176876068115,1.1029036045074463,1.0714471340179443,0.9626670479774475,1.0409785509109497,1.034646987915039,0.9997528791427612,0.9870939254760742,0.8726720809936523,0.9967037439346313,1.0043329000473022,0.9994378685951233,1.0601991415023804,1.0050747394561768,1.0218602418899536,0.8767347931861877,0.8597360849380493,1.0475754737854004,1.0762616395950317,1.0779285430908203,1.1049281358718872,1.1140265464782715,1.1041945219039917,1.181820034980774,1.130035638809204,1.0935827493667603,1.0846179723739624,1.1389073133468628,1.0986661911010742,1.0944533348083496,1.1069937944412231,1.0743829011917114,1.071495771408081,1.1015163660049438,0.9436123371124268,1.059977412223816,0.9979786276817322,1.088739275932312,,0.971616804599762,0.8282378315925598,1.1350810527801514,,0.8613275289535522,0.966118574142456,1.017164707183838,0.9800885915756226,0.9580265283584595,0.9799725413322449,0.9412052631378174,0.9599093198776245,0.9228600263595581,0.9128810167312622,0.9173934459686279,0.9622262716293335,1.0483300685882568,1.0030840635299683,0.8824710845947266,0.9663118720054626,0.8840073943138123,0.9062384366989136,1.1317665576934814,1.07478666305542,1.0453355312347412,0.9646002650260925,0.9912051558494568,0.9390010833740234,0.9656359553337097,0.9696339964866638,0.9736745953559875,0.9700612425804138,0.9826188683509827,0.9485846757888794,1.0529425144195557,0.9738008379936218,1.0158909559249878,1.0386581420898438,1.01100754737854,1.1249302625656128,1.1375263929367065,1.041166067123413,1.0240286588668823,1.017090082168579,1.011052131652832,1.0474344491958618,0.9796597957611084,1.0508936643600464,0.9403080940246582,0.9405932426452637,0.8758003115653992,0.8742096424102783,1.0256550312042236,0.8317723274230957,0.8138532042503357,,0.7933083772659302,1.0576951503753662,0.8552046418190002,0.8618858456611633,1.0405875444412231,0.7654005289077759,0.8188329935073853,0.8869013786315918,,0.969212532043457,0.9757599830627441,0.9996857643127441,1.0936248302459717,1.007463812828064,0.9453913569450378,1.003448247909546,1.0096229314804077,0.8715682029724121,0.9050271511077881,,1.0616165399551392,1.0415871143341064,0.9784145951271057,0.8151299357414246,0.7424109578132629,1.0932681560516357,0.9514930248260498,1.04921293258667,1.0124086141586304,1.092288851737976,1.1118196249008179,1.0182968378067017,1.0082728862762451,1.0789661407470703,1.0933679342269897,1.125033974647522,0.9899932146072388,1.001344084739685,1.068469524383545,1.145466685295105,1.0956956148147583,1.1200507879257202,1.1983259916305542,1.1620399951934814,1.1020598411560059,,0.858559787273407
rooster,0.7483457326889038,0.5776489973068237,0.6290777921676636,0.4162609577178955,0.4523977041244507,0.5186484456062317,0.0,0.7358558177947998,0.40453487634658813,0.7909291982650757,0.573849618434906,0.5840601921081543,0.5595141053199768,0.4765892028808594,0.6648495197296143,0.6996653079986572,,0.8011128902435303,0.465789794921875,1.000313401222229,1.0091506242752075,1.1040526628494263,1.101072907447815,1.067009687423706,1.014514684677124,1.0788205862045288,1.128419280052185,1.0555533170700073,1.0600872039794922,0.9352215528488159,1.0315744876861572,1.0741621255874634,1.0316603183746338,0.9452228546142578,0.8880995512008667,0.9173807501792908,0.8158020973205566,0.8011899590492249,1.0210504531860352,1.018194317817688,1.0834463834762573,0.9979097843170166,1.022974967956543,1.0472450256347656,1.0392403602600098,1.0358513593673706,1.030556082725525,1.0207213163375854,1.0403200387954712,1.0406394004821777,1.0491313934326172,1.0120351314544678,1.0503308773040771,1.085650086402893,1.1162924766540527,1.0076894760131836,1.0627106428146362,1.0301109552383423,0.9705777168273926,,1.006546974182129,0.825212836265564,0.9887519478797913,,0.8653987646102905,0.9890210032463074,0.9510928392410278,0.9579654932022095,0.8691629767417908,1.0295737981796265,0.9940898418426514,0.9609290361404419,0.9709362983703613,0.8737430572509766,0.8187313079833984,1.065048336982727,1.0974370241165161,1.0773767232894897,0.9054505228996277,1.0178499221801758,0.9336874485015869,0.9813969731330872,0.9907968640327454,0.9825478196144104,0.929397463798523,0.9439722895622253,0.9564640522003174,0.860588550567627,1.017640233039856,1.00565505027771,1.0363041162490845,1.0469056367874146,1.0372650623321533,1.0304926633834839,0.8406644463539124,0.6575306057929993,1.1161243915557861,1.0251015424728394,1.045719861984253,1.0931780338287354,1.1614816188812256,1.0373963117599487,0.9368873834609985,1.0642378330230713,0.9264096617698669,1.0302258729934692,1.1029670238494873,1.0677030086517334,1.0083839893341064,1.0271669626235962,0.9231669902801514,0.9124273657798767,0.9792556762695312,0.8993104100227356,0.8669208288192749,,0.7888340950012207,1.031195878982544,0.9267040491104126,0.8968470096588135,0.9549108147621155,0.8035151958465576,0.8673189282417297,0.8538016676902771,,1.004243016242981,1.0133742094039917,1.0442733764648438,0.956633448600769,1.0584712028503418,0.9755192995071411,1.0211561918258667,0.9953566789627075,0.8870311975479126,0.8794476389884949,,0.9478716254234314,1.0056343078613281,0.9885310530662537,0.8443377614021301,0.7232974767684937,0.9792226552963257,0.971479594707489,0.9898356795310974,0.9585950374603271,0.9617388248443604,1.0156733989715576,1.0358844995498657,1.0487583875656128,1.0153762102127075,1.029268741607666,1.1337584257125854,0.9606317281723022,0.8774997591972351,0.9193541407585144,1.0260039567947388,1.0198047161102295,1.020323395729065,1.166003704071045,1.1003010272979736,1.0571266412734985,,0.8894832730293274
penguin,0.9439139366149902,0.6292864680290222,0.8646252155303955,0.7017954587936401,0.6598485112190247,0.646000862121582,0.7358558177947998,0.0,0.7510170340538025,0.7952446937561035,0.7961033582687378,0.5812061429023743,0.4085099697113037,0.5140392184257507,0.7063306570053101,0.8657563924789429,,0.9368370175361633,0.7040888071060181,0.9038902521133423,1.0399110317230225,1.096428632736206,1.0599799156188965,0.977636456489563,1.0150226354599,1.049568772315979,1.0723717212677002,1.0288314819335938,1.0520318746566772,0.9920492172241211,1.0543838739395142,1.0958447456359863,1.0447465181350708,0.9922645688056946,1.0252249240875244,1.0693196058273315,0.9495764970779419,0.9384979605674744,0.9588345885276794,1.077495813369751,1.008897304534912,0.9987807869911194,1.0666505098342896,1.0362800359725952,1.0894193649291992,1.0160667896270752,1.0315290689468384,1.0568945407867432,1.080892562866211,1.0239977836608887,0.9801818132400513,1.0933449268341064,1.0566179752349854,1.013394832611084,1.034144401550293,0.9318884611129761,1.054918885231018,0.9974184632301331,0.9594530463218689,,0.9279453158378601,0.7878617644309998,1.0441594123840332,,0.8981510996818542,0.9997377395629883,0.9997928738594055,1.0290788412094116,1.0001276731491089,1.0398041009902954,0.9765949249267578,1.0133498907089233,0.9868413209915161,1.0249007940292358,0.9150640964508057,1.0475672483444214,1.0967525243759155,1.0893797874450684,0.9842536449432373,1.0327247381210327,0.9041730761528015,1.0031064748764038,1.0521059036254883,1.0405009984970093,0.9262924790382385,0.9158049821853638,1.009383201599121,1.0244005918502808,1.0151265859603882,0.9933796525001526,1.023117184638977,1.014794111251831,1.038958191871643,1.0223950147628784,1.0311411619186401,0.9708195328712463,1.029979944229126,1.0403168201446533,1.0514752864837646,1.0398205518722534,1.0959893465042114,1.0894173383712769,0.9821285009384155,0.975371778011322,0.9784724116325378,1.0417665243148804,1.004451870918274,1.046519160270691,0.9740679264068604,0.9854812026023865,0.9669516682624817,0.9120427966117859,1.0240697860717773,0.934785783290863,0.918060839176178,,0.7906716465950012,1.0196071863174438,0.9235662221908569,0.9263489246368408,0.9580308198928833,0.8585957288742065,0.9577022790908813,0.9647201895713806,,1.0012391805648804,0.9795212149620056,1.02378511428833,1.0260690450668335,1.002684235572815,0.9453299641609192,0.9398192763328552,0.9158332943916321,0.763847291469574,0.8054529428482056,,1.0486440658569336,1.0538995265960693,1.0533093214035034,0.8123098611831665,0.7145882844924927,1.0655802488327026,1.0198949575424194,1.0442407131195068,1.0231767892837524,0.9745635986328125,1.0226500034332275,1.0323015451431274,1.0343270301818848,0.942714512348175,1.0037521123886108,1.0633282661437988,0.8757256865501404,1.0115907192230225,0.9848119020462036,1.025376796722412,1.0340654850006104,1.0405735969543457,1.0797730684280396,1.0559141635894775,1.0609657764434814,,0.7788007259368896
bird,0.8741928339004517,0.6086689829826355,0.691953718662262,0.5159538388252258,0.5144011974334717,0.6134594678878784,0.40453487634658813,0.7510170340538025,0.0,0.3876460790634155,0.47078800201416016,0.6417966485023499,0.6183979511260986,0.5469072461128235,0.530056893825531,0.6779780983924866,,0.9164798259735107,0.5435293316841125,1.0618338584899902,1.110385775566101,1.1419298648834229,1.083700180053711,1.0142155885696411,0.9706998467445374,1.0228893756866455,1.0653371810913086,1.0022149085998535,0.9798538684844971,0.9659960865974426,1.0067743062973022,1.0130356550216675,1.0558339357376099,1.0258142948150635,1.0305780172348022,1.0552787780761719,0.8923949599266052,0.9087380170822144,0.9968786239624023,1.0524168014526367,1.0857722759246826,1.0007388591766357,1.0776525735855103,1.0655134916305542,1.1256494522094727,1.0749731063842773,1.048636794090271,1.0530892610549927,1.0754725933074951,1.0275390148162842,1.0324734449386597,1.0681931972503662,1.0766571760177612,0.9968203902244568,1.0503743886947632,0.9508360624313354,1.053309440612793,1.019586443901062,0.9825549125671387,,0.9809049963951111,0.8241802453994751,1.0806818008422852,,0.9166918992996216,0.9215489029884338,0.9663767218589783,0.9917528033256531,0.9116623997688293,0.9735512137413025,0.9851638674736023,0.984700083732605,0.9215531945228577,0.9611152410507202,0.922063946723938,1.0035845041275024,1.0742855072021484,1.0162410736083984,0.9679014086723328,1.023663878440857,0.9637304544448853,1.0225743055343628,1.0966233015060425,1.0607473850250244,0.9634305238723755,0.8891150951385498,0.9967098832130432,1.0005340576171875,1.0024912357330322,0.9739030599594116,1.022245168685913,1.0213953256607056,1.0207905769348145,1.0279866456985474,1.0507014989852905,0.9520540237426758,1.0323188304901123,1.0483827590942383,1.061095952987671,1.129150390625,1.1053791046142578,1.0555282831192017,0.982552170753479,1.0523685216903687,1.0062847137451172,1.067854642868042,1.0273798704147339,1.0427290201187134,0.9883406162261963,1.022172212600708,0.9414742588996887,0.9357593059539795,0.9963499307632446,0.8814724683761597,0.8396410942077637,,0.8038725852966309,1.032908320426941,0.8782021403312683,0.8906444907188416,0.9724962711334229,0.8385356664657593,0.8439153432846069,0.9030739665031433,,1.0014262199401855,1.019826889038086,1.0562981367111206,1.0058491230010986,1.0431864261627197,0.9356830716133118,1.004205584526062,1.0018656253814697,0.8742237091064453,0.8665053248405457,,1.0220952033996582,1.0237421989440918,1.0270088911056519,0.8990758657455444,0.8552443385124207,1.0577588081359863,0.9555029273033142,1.0243202447891235,1.0019844770431519,1.0324654579162598,1.0576753616333008,1.0071648359298706,1.0052733421325684,0.9971173405647278,1.061233401298523,1.1392264366149902,0.9429258704185486,0.9689410328865051,1.0333690643310547,1.1061867475509644,1.0659188032150269,1.1120798587799072,1.184002161026001,1.1106261014938354,1.0740933418273926,,0.8685018420219421
duck,0.9171692728996277,0.6626330614089966,0.7734911441802979,0.8162007927894592,0.8003807067871094,0.8251364231109619,0.7909291982650757,0.7952446937561035,0.3876460790634155,0.0,0.6520150303840637,0.7568591237068176,0.6776555180549622,0.5888714790344238,0.5924419164657593,0.9213219881057739,,0.9002183675765991,0.7640503644943237,1.0008337497711182,1.0679792165756226,1.0549156665802002,1.0159013271331787,0.991743266582489,1.07953941822052,1.0523022413253784,1.110777497291565,1.105656623840332,1.0434468984603882,1.0887737274169922,1.0858433246612549,1.0209568738937378,1.0630812644958496,0.9757400751113892,1.0489554405212402,1.045668601989746,0.9283538460731506,0.9330682754516602,1.0102983713150024,1.0823222398757935,0.9889735579490662,1.0244873762130737,1.017006278038025,1.030724048614502,1.0412944555282593,1.015140175819397,1.005637288093567,1.0204498767852783,1.0403378009796143,0.9434771537780762,0.8768998384475708,1.0475473403930664,1.0037094354629517,0.9600957632064819,1.0446462631225586,0.8484256863594055,0.9659754633903503,0.9735357761383057,1.0008517503738403,,0.9567705988883972,0.7539466619491577,1.002786636352539,,0.8870370388031006,0.9703466892242432,0.9408678412437439,1.0275241136550903,0.9721118807792664,1.0503206253051758,1.0263067483901978,1.055168628692627,1.0796723365783691,1.0820025205612183,1.0253064632415771,1.092399001121521,1.1035605669021606,1.111690640449524,1.0677529573440552,1.106958270072937,1.0527361631393433,1.0840909481048584,1.0749753713607788,1.0031445026397705,1.0085474252700806,0.8902647495269775,1.0785188674926758,1.0104849338531494,1.0532606840133667,0.9883700609207153,1.0369083881378174,1.038981318473816,1.0432617664337158,1.062606692314148,1.025586724281311,0.9892171621322632,1.0848395824432373,1.0769320726394653,1.0542975664138794,1.0790671110153198,1.067325472831726,1.104062795639038,1.0176194906234741,1.053626298904419,1.000820517539978,1.0563634634017944,1.063002586364746,1.0501633882522583,1.034973382949829,1.0328752994537354,1.0513560771942139,1.0275037288665771,1.028550386428833,1.0390629768371582,0.9972862601280212,,0.8499245643615723,0.9240801334381104,0.9482218027114868,0.9844966530799866,0.9512097835540771,0.986016035079956,0.9417856335639954,0.8669678568840027,,0.9930240511894226,1.0027905702590942,1.1003555059432983,0.9216495156288147,1.0417526960372925,0.9429001212120056,0.9728381037712097,0.9348406791687012,0.7928284406661987,0.7749720811843872,,0.9776102304458618,1.0374592542648315,1.0813777446746826,0.870631217956543,0.8402870893478394,0.9554458856582642,1.0284525156021118,1.0328559875488281,0.9816644191741943,1.0240870714187622,0.9637491106987,0.9824958443641663,1.0315237045288086,0.8107605576515198,1.024969458580017,0.9893269538879395,0.7941603660583496,0.9649096727371216,1.056649088859558,1.0161218643188477,0.9717018604278564,1.052632451057434,1.0304733514785767,1.03647780418396,1.110111117362976,,0.7828468084335327
fish,0.8603017330169678,0.771196186542511,0.7844672203063965,0.599931001663208,0.6687806844711304,0.5977576971054077,0.573849618434906,0.7961033582687378,0.47078800201416016,0.6520150303840637,0.0,0.40675783157348633,0.4050135612487793,0.493422269821167,0.6081216335296631,0.8285613059997559,,0.9494889974594116,0.6288738250732422,1.109966516494751,1.1380313634872437,1.2446589469909668,1.1065924167633057,1.1289749145507812,0.9396623969078064,0.9862344264984131,1.0224595069885254,0.9306370615959167,0.8841385841369629,0.9911797642707825,1.0005202293395996,0.8897448778152466,1.0899338722229004,1.1727519035339355,0.9545462727546692,0.9400980472564697,0.9295310974121094,0.8605287075042725,1.0326766967773438,1.1665951013565063,1.1529133319854736,1.0710080862045288,1.228136420249939,1.1485224962234497,1.2450593709945679,1.2037291526794434,1.1233797073364258,1.1871755123138428,1.1873959302902222,1.175706386566162,1.1869785785675049,1.2246978282928467,1.178044319152832,1.1068477630615234,1.1254312992095947,0.9684302806854248,1.1789236068725586,1.0108134746551514,0.9412808418273926,,0.9782571196556091,0.8243550062179565,1.0608190298080444,,0.9558813571929932,0.9406464099884033,0.8413635492324829,0.7819159030914307,0.9159127473831177,0.8359332084655762,0.8838646411895752,0.8425432443618774,0.846059262752533,0.6913291811943054,0.7584095001220703,0.766383945941925,0.8366403579711914,0.7929419279098511,0.7649124264717102,0.9956821203231812,0.871788501739502,0.7280699014663696,1.2704390287399292,1.05693781375885,0.9532788991928101,0.8673123121261597,0.9305406212806702,0.9276342391967773,0.8700821995735168,0.8784327507019043,0.8673933744430542,0.7978819608688354,0.7988497018814087,0.6817131042480469,1.0689325332641602,0.9258930087089539,0.8224396705627441,1.0330076217651367,1.0260536670684814,1.2095636129379272,0.88725346326828,1.0381914377212524,1.0270737409591675,1.1020104885101318,1.000866413116455,1.1020863056182861,0.9219649434089661,0.97822505235672,0.929415225982666,0.8440237641334534,0.7691488265991211,0.7887369990348816,0.8865939378738403,0.7692061066627502,0.7690640091896057,,0.7890906929969788,1.066792368888855,0.8996886610984802,0.8865975141525269,0.9423074126243591,0.7471581697463989,0.8537678718566895,0.873916506767273,,0.9698117971420288,0.9933889508247375,1.0741875171661377,1.1030839681625366,0.9910790920257568,0.9381669759750366,1.112705111503601,1.1360830068588257,0.9461905360221863,0.9811736345291138,,1.0041173696517944,0.8856511116027832,0.7260619401931763,0.8559138178825378,0.9028291702270508,1.0153454542160034,0.9154585003852844,0.9142550826072693,0.8917801380157471,1.1350157260894775,1.0637563467025757,0.970520555973053,0.9917479753494263,1.0626239776611328,1.1215453147888184,1.18240487575531,0.9782772660255432,0.9199802279472351,1.0723719596862793,1.204483985900879,1.1552053689956665,1.1909111738204956,1.2265530824661255,1.169520378112793,1.0565571784973145,,0.8743370771408081
butterfly,0.8198844790458679,0.6551395654678345,0.810321033000946,0.6178274154663086,0.6206064224243164,0.6258515119552612,0.5840601921081543,0.5812061429023743,0.6417966485023499,0.7568591237068176,0.40675783157348633,0.0,0.24685686826705933,0.4227304458618164,0.5951119661331177,0.8603678941726685,,0.9687359929084778,0.7025296092033386,1.0736585855484009,1.1127580404281616,1.203261375427246,1.1377925872802734,1.110715389251709,0.9805100560188293,1.055557131767273,1.0556716918945312,1.020326018333435,1.0046099424362183,0.9876078367233276,1.024622917175293,0.9627665281295776,1.100801944732666,1.081286907196045,1.0563313961029053,1.075966238975525,0.9557445645332336,0.9913361668586731,0.946900486946106,1.0643470287322998,1.065892219543457,1.029293417930603,1.16005539894104,1.0782099962234497,1.1388559341430664,1.0894689559936523,1.0630332231521606,1.1152538061141968,1.127750277519226,1.0921716690063477,1.093516230583191,1.122558832168579,1.124608039855957,1.038200855255127,1.0875773429870605,0.9443418979644775,1.1039793491363525,1.008147120475769,0.9592827558517456,,1.0511720180511475,0.7022820711135864,1.0970600843429565,,0.9806968569755554,0.8590868711471558,0.9165690541267395,0.9282954931259155,1.0158381462097168,0.9581291675567627,0.962103009223938,0.9500957131385803,0.9693016409873962,0.8299468755722046,0.8168503642082214,0.9615510106086731,0.9351294040679932,0.9330410957336426,0.8155379295349121,1.0119379758834839,0.8428598642349243,0.9248396158218384,1.1541863679885864,1.090034008026123,0.902539849281311,0.9118475914001465,0.9588091373443604,0.9491997361183167,0.9213793277740479,0.8952651023864746,0.8811435699462891,0.8589946627616882,0.8138805031776428,0.8446367979049683,0.9612866640090942,0.8403329253196716,0.9128164649009705,1.0666346549987793,1.0281249284744263,1.123682975769043,0.9678066968917847,0.9959836006164551,0.992458701133728,1.004422903060913,0.9575371146202087,1.1012356281280518,0.9657446146011353,1.0193896293640137,0.9420220851898193,0.952847421169281,0.8776174783706665,0.8990075588226318,1.0021661520004272,0.8715920448303223,0.8269842863082886,,0.753730058670044,1.039264440536499,0.9232571125030518,0.8905472755432129,1.0485610961914062,0.7907480001449585,0.8867270350456238,0.9495907425880432,,0.9935177564620972,1.0244200229644775,1.1073249578475952,1.097072958946228,0.9535356760025024,0.9425253868103027,1.0621143579483032,1.0387345552444458,0.8789731860160828,0.882269024848938,,1.1014882326126099,0.9822120666503906,0.9630306959152222,0.9193662405014038,0.9389387369155884,1.1579173803329468,1.0409295558929443,1.090606927871704,0.9954400658607483,1.0833740234375,1.0534075498580933,1.0019692182540894,1.0247160196304321,1.001242995262146,1.1543329954147339,1.2022833824157715,1.0113378763198853,0.9590210318565369,1.0674047470092773,1.1449356079101562,1.1719613075256348,1.188464641571045,1.2028298377990723,1.1569557189941406,1.125520944595337,,0.8804724216461182
frog,0.8133865594863892,0.5524642467498779,0.7728976607322693,0.5137473344802856,0.5208677053451538,0.4502696394920349,0.5595141053199768,0.4085099697113037,0.6183979511260986,0.6776555180549622,0.4050135612487793,0.24685686826705933,0.0,0.24058902263641357,0.5671650171279907,0.800409197807312,,0.9595522880554199,0.5421169996261597,1.0460749864578247,1.1346824169158936,1.2533769607543945,1.070432424545288,1.1340190172195435,1.0275155305862427,1.0557307004928589,1.0736258029937744,1.0669994354248047,0.9845880270004272,1.0087932348251343,1.0722832679748535,1.0168304443359375,1.1215134859085083,1.0741329193115234,0.9517670273780823,0.9349735379219055,0.8982790112495422,0.867980420589447,0.9925772547721863,1.1489039659500122,1.1209337711334229,1.0772523880004883,1.197454810142517,1.1655694246292114,1.2411439418792725,1.130514144897461,1.123039722442627,1.1483558416366577,1.1959627866744995,1.1146899461746216,1.0781649351119995,1.1889019012451172,1.1239426136016846,1.0795044898986816,1.1382008790969849,0.8673315644264221,1.0861033201217651,1.0191106796264648,0.9286445379257202,,0.9882470369338989,0.724139928817749,1.0349981784820557,,0.9004287719726562,0.9063968062400818,0.8542450666427612,0.8956813812255859,0.9678484201431274,0.9795345067977905,0.9538925886154175,0.9570974707603455,0.9771388173103333,0.8741551637649536,0.7337228655815125,0.985037088394165,0.9854424595832825,0.9997656941413879,0.791068434715271,1.0175085067749023,0.8890262842178345,0.9139755964279175,1.195041537284851,0.9779499173164368,0.9130116701126099,0.8936398029327393,0.9527788162231445,0.9415842294692993,0.9192843437194824,0.9412675499916077,0.9329389929771423,0.8737808465957642,0.8856779932975769,0.8318178057670593,0.9779243469238281,0.8817868232727051,0.9550409913063049,1.0734633207321167,1.0467512607574463,1.1930913925170898,1.0539793968200684,1.0403348207473755,0.9901716709136963,1.042961597442627,1.0017231702804565,1.0745947360992432,0.9138932824134827,1.038331151008606,0.901192307472229,0.8833072781562805,0.8178361654281616,0.8008939623832703,0.9598450064659119,0.8538148999214172,0.7930326461791992,,0.6760693788528442,1.002258539199829,0.8482714295387268,0.8523671627044678,0.9628933668136597,0.73460853099823,0.8100233674049377,0.8593130111694336,,0.932623565196991,0.9700905680656433,1.019599437713623,1.0384330749511719,0.9921413660049438,0.8621706962585449,0.9874178171157837,0.9328944683074951,0.7155221700668335,0.7936221361160278,,0.9931286573410034,0.9600533843040466,0.8335386514663696,0.6219214200973511,0.7058553695678711,0.9836137890815735,0.9912753105163574,0.992775022983551,0.867698609828949,1.0587573051452637,1.0688649415969849,1.0138840675354004,1.0432770252227783,0.970204770565033,1.1137336492538452,1.1470694541931152,0.8461599349975586,0.9500423669815063,1.0674591064453125,1.1633065938949585,1.12631094455719,1.1950067281723022,1.2113581895828247,1.1886141300201416,1.1369932889938354,,0.7864398956298828
