,zebra,giraffe,deer,pony,horse,pig,rooster,penguin,bird,duck,fish,butterfly,frog,alligator,owl,elephant,bear,cat,dog,face,hair,arm,hand,leg,foot,ankle,finger,toe,tooth,ear,nose,eye,mouth,stroller,motorcycle,tricycle,truck,car,lamp,chair,bench,drawer,ladder,window,door,closet,shower,refrigerator,oven,crib,bed,couch,table,bathtub,sink,boat,slide,hose,sprinkler,swing,grass,tree,snow,helicopter,firetruck,clock,ball,balloon,pumpkin,egg,orange,apple,potato,strawberry,hat,slipper,watch,nail,raisin,glasses,necklace,carrot,vacuum,broom,mop,stick,shovel,scissors,spoon,fork,knife,pencil,pen,crayon,plant,flower,soap,bottle,cup,can,belt,radio,basket,milk,jar,bucket,tape,bowl,plate,corn,pickle,banana,melon,bread,cookie,toast,cracker,sandwich,chips,pizza,hamburger,muffin,pastry,meat,pasta,sauce,soup,applesauce,glass,coffee,dish,tray,box,book,paper,rock,comb,toothbrush,gum,toy,doll,mitten,glove,sock,shoe,purse,pillow,towel,napkin,blanket,dress,pajamas,bib,scarf,coat,jacket,sweater,shirt,jeans,pants,shorts,cloud,game
zebra,,,,,,,,,,,,,,,,,,,,,,,,,,,,,,,,,,,,,,,,,,,,,,,,,,,,,,,,,,,,,,,,,,,,,,,,,,,,,,,,,,,,,,,,,,,,,,,,,,,,,,,,,,,,,,,,,,,,,,,,,,,,,,,,,,,,,,,,,,,,,,,,,,,,,,,,,,,,,,,,,,,
giraffe,,,,,,,,,,,,,,,,,,,,,,,,,,,,,,,,,,,,,,,,,,,,,,,,,,,,,,,,,,,,,,,,,,,,,,,,,,,,,,,,,,,,,,,,,,,,,,,,,,,,,,,,,,,,,,,,,,,,,,,,,,,,,,,,,,,,,,,,,,,,,,,,,,,,,,,,,,,,,,,,,,,
deer,,,,,,,,,,,,,,,,,,,,,,,,,,,,,,,,,,,,,,,,,,,,,,,,,,,,,,,,,,,,,,,,,,,,,,,,,,,,,,,,,,,,,,,,,,,,,,,,,,,,,,,,,,,,,,,,,,,,,,,,,,,,,,,,,,,,,,,,,,,,,,,,,,,,,,,,,,,,,,,,,,,
pony,,,,0.0,0.8189865946769714,0.41633373498916626,0.6587077975273132,0.6839691400527954,0.679366409778595,0.690697193145752,0.635068953037262,0.7926375865936279,0.5886045694351196,0.7717533707618713,0.7027232050895691,0.9550056457519531,0.9373341798782349,0.7485817670822144,0.532762885093689,0.9956684112548828,1.0387519598007202,1.1121513843536377,1.1681355237960815,0.9981387257575989,1.118601679801941,1.243004322052002,1.1637709140777588,1.0633463859558105,1.0760557651519775,1.0901819467544556,1.0396994352340698,1.0815494060516357,0.9761748313903809,0.9232749342918396,1.0057451725006104,,0.8328695297241211,0.9238231182098389,0.9796860218048096,1.0013548135757446,1.1028467416763306,1.116467833518982,0.9771773219108582,1.045916199684143,1.1299641132354736,1.1388137340545654,1.0917781591415405,1.1002426147460938,1.099159836769104,0.9864022731781006,1.0382170677185059,1.0415680408477783,1.0764679908752441,1.1767687797546387,1.1392643451690674,,0.9823940992355347,0.9963895678520203,,,0.9359877109527588,1.0055687427520752,1.0477951765060425,,0.9451233148574829,0.9990938901901245,0.9099054336547852,0.8943448066711426,0.8933565616607666,0.8913668990135193,1.0310457944869995,1.0557935237884521,,0.8532357215881348,0.9114962816238403,1.109832763671875,1.1153699159622192,1.0636693239212036,0.9521937966346741,1.109602928161621,1.0804141759872437,1.1338123083114624,0.9789673089981079,0.8404926061630249,,1.089052677154541,1.0742120742797852,0.9513880014419556,1.0313539505004883,1.1393470764160156,1.2151117324829102,1.2014408111572266,1.155337929725647,1.1395840644836426,0.8958242535591125,0.8604252934455872,0.8857332468032837,1.0499324798583984,1.0869054794311523,1.170485019683838,1.1122318506240845,1.032792329788208,0.9994657635688782,0.9933536648750305,1.0108190774917603,1.0681568384170532,1.0098954439163208,1.0879367589950562,1.1033637523651123,,1.1369612216949463,0.807037889957428,1.0164308547973633,0.9797250032424927,0.9101995229721069,,0.9101337194442749,1.0559972524642944,,1.0018491744995117,0.8929135203361511,0.761326253414154,,0.9724763631820679,,1.0585440397262573,1.0669423341751099,,1.0334714651107788,1.0823522806167603,,1.1677701473236084,1.012445092201233,0.9812767505645752,1.0304335355758667,0.874259352684021,1.1127692461013794,1.1746975183486938,1.006998896598816,0.6470152735710144,0.6288670897483826,1.036641001701355,1.048119306564331,1.0172245502471924,0.9910470843315125,1.1047555208206177,1.0247269868850708,1.0709642171859741,1.1600580215454102,1.0452662706375122,1.0276590585708618,1.0850892066955566,1.001081109046936,1.045138955116272,1.0809211730957031,1.0354982614517212,1.0009894371032715,1.0708476305007935,1.137988805770874,1.0639537572860718,1.08148992061615,,
horse,,,,0.8189865946769714,0.0,0.8648244142532349,1.118469476699829,0.7506035566329956,1.1107980012893677,0.9508752226829529,1.0534838438034058,0.9914244413375854,1.0243055820465088,0.5981769561767578,0.9876484274864197,0.7505596876144409,0.8071865439414978,0.5511733889579773,0.3215981125831604,0.6050829887390137,0.46089470386505127,0.7895903587341309,0.7730377912521362,0.9466841220855713,1.136389970779419,1.1342557668685913,1.166088581085205,1.1772050857543945,1.2856786251068115,1.147424578666687,1.0589487552642822,1.0784629583358765,0.9960933923721313,0.7626844048500061,0.7767759561538696,,1.0064656734466553,0.9262203574180603,1.3002570867538452,1.1542234420776367,0.7775602340698242,1.2253879308700562,1.173244833946228,0.9918502569198608,1.0470925569534302,0.8386649489402771,0.9203118681907654,1.1080639362335205,1.0202271938323975,0.7316257953643799,0.6677220463752747,0.8895425200462341,0.7081254124641418,0.8421715497970581,1.1747583150863647,,0.6145589351654053,1.0680785179138184,,,0.7696442604064941,0.6207428574562073,0.8355740308761597,,0.9860632419586182,1.1970345973968506,1.116610050201416,1.254076361656189,1.1544015407562256,1.1764495372772217,1.166251540184021,1.1416339874267578,,1.219258189201355,1.1903468370437622,1.33853018283844,1.2486205101013184,1.208407998085022,1.0964120626449585,0.9200893640518188,1.2498760223388672,1.1814311742782593,1.0841189622879028,0.82342529296875,,0.8662391901016235,0.9648410081863403,1.056134581565857,1.2090476751327515,1.2354737520217896,1.2838232517242432,1.2999626398086548,1.3127458095550537,1.3308677673339844,0.9836136698722839,1.0899934768676758,1.2238438129425049,1.2230818271636963,1.2835466861724854,1.3304839134216309,1.3002104759216309,1.1862525939941406,1.3062589168548584,0.9636905193328857,1.0375230312347412,1.3425524234771729,1.357067584991455,1.1549246311187744,1.215661883354187,,1.2201659679412842,1.0814330577850342,0.9372342228889465,0.9939424991607666,1.0747414827346802,,0.8477567434310913,0.836266040802002,,0.7774875164031982,0.7613503932952881,0.9732205271720886,,0.683566689491272,,0.9447193145751953,0.886707067489624,,0.6553658246994019,1.0407861471176147,,1.1268459558486938,0.8334921598434448,0.8167209625244141,0.7555880546569824,0.726080060005188,0.9593280553817749,0.9827685356140137,0.9896437525749207,1.1161028146743774,0.8378994464874268,0.9111101031303406,1.143380880355835,1.2393784523010254,0.7879770994186401,0.9977836608886719,1.2286514043807983,1.2415120601654053,1.200510859489441,0.7051689028739929,0.777374267578125,0.6711986660957336,0.6534977555274963,0.6177235245704651,0.6879908442497253,0.6328582763671875,0.5644114017486572,0.6008358001708984,0.8149498701095581,0.8411260843276978,0.7181647419929504,,
pig,,,,0.41633373498916626,0.8648244142532349,0.0,0.8732908368110657,0.6822347044944763,0.8389917612075806,0.691455602645874,0.6768137216567993,0.9097353219985962,0.7356173992156982,0.6839958429336548,0.741131067276001,0.9057890176773071,0.9152804017066956,0.7445690035820007,0.5903753042221069,0.8739641904830933,0.9534869194030762,0.8301665186882019,0.8708710670471191,0.9792888164520264,0.978923499584198,1.022077202796936,0.960981011390686,0.9581992030143738,1.1087960004806519,0.9825208783149719,0.9633012413978577,1.139134407043457,0.8779305219650269,0.948837161064148,0.9501078128814697,,0.8632146120071411,0.915488064289093,1.160396933555603,1.1459897756576538,0.9979441165924072,1.0740940570831299,1.111692190170288,1.0268772840499878,1.0742460489273071,1.0092146396636963,1.049936056137085,1.1153316497802734,1.1130934953689575,0.8928993940353394,0.9457002282142639,1.0045828819274902,0.9618579745292664,1.0193908214569092,1.0629602670669556,,0.9755574464797974,1.0280719995498657,,,0.9594846963882446,0.9574971795082092,0.9922506809234619,,0.8757981061935425,1.1714246273040771,1.002182960510254,1.0348795652389526,0.9332619309425354,0.830029308795929,1.0428754091262817,1.053813099861145,,0.8940069675445557,1.0413801670074463,1.1682631969451904,1.1930105686187744,1.0975656509399414,1.0463343858718872,1.0299876928329468,1.1265515089035034,1.0206146240234375,1.076758623123169,0.8561673760414124,,1.044663667678833,0.9621323347091675,0.8740848302841187,1.097118854522705,1.1470553874969482,1.1658518314361572,1.206239104270935,1.2265222072601318,1.1931993961334229,1.0629541873931885,1.0170968770980835,1.0965571403503418,1.178597092628479,1.1805939674377441,1.2225311994552612,1.2018334865570068,1.0879591703414917,1.1773335933685303,0.978061854839325,1.0489593744277954,1.120383381843567,1.1499593257904053,1.1350936889648438,1.161980152130127,,1.0387438535690308,0.7968346476554871,0.8221955299377441,0.890697717666626,0.9809991717338562,,0.7981746196746826,0.910449206829071,,0.8633092641830444,0.8891631364822388,0.8327530026435852,,0.8548437356948853,,0.9838504791259766,0.9633458852767944,,0.9261595010757446,1.0658836364746094,,1.0130527019500732,0.8734297156333923,0.8566809892654419,0.8407286405563354,0.8812539577484131,1.0034633874893188,1.0245355367660522,0.9503637552261353,0.7840107679367065,0.6019182205200195,0.8504855632781982,0.9651037454605103,1.1125003099441528,0.9455857872962952,1.071406602859497,1.0957508087158203,1.1695711612701416,1.0647815465927124,0.9432274103164673,0.9917336702346802,0.9526829719543457,0.8539899587631226,0.9749104380607605,1.0187010765075684,0.9857035279273987,0.9526743292808533,0.9836176633834839,1.0181293487548828,0.9676610827445984,0.9323510527610779,,
rooster,,,,0.6587077975273132,1.118469476699829,0.8732908368110657,0.0,0.9328001737594604,0.3940032720565796,0.6998955011367798,0.32155919075012207,0.6744277477264404,0.43468207120895386,1.0471899509429932,0.6493097543716431,1.0681849718093872,1.0906535387039185,1.0651885271072388,0.9827481508255005,1.083156943321228,1.26862370967865,1.3259644508361816,1.3253517150878906,1.1290850639343262,0.9456380009651184,1.0510952472686768,0.9402581453323364,0.8152273893356323,0.7888279557228088,0.8136378526687622,0.7736181616783142,0.8997448682785034,1.0411043167114258,1.1710469722747803,1.206480860710144,,0.8955636024475098,1.0348483324050903,0.7575168609619141,1.139317274093628,1.424952745437622,0.9987381100654602,0.9885758757591248,1.1975752115249634,1.1565731763839722,1.3219550848007202,1.1680320501327515,1.1826956272125244,1.121600866317749,1.3520127534866333,1.3367853164672852,1.3216426372528076,1.3710837364196777,1.4232451915740967,1.057578206062317,,1.3244980573654175,0.9860696792602539,,,1.1260982751846313,1.1961278915405273,1.185825228691101,,0.9200422763824463,0.5981009006500244,0.7953804731369019,0.576827883720398,0.5789473056793213,0.6354192495346069,0.8619248867034912,0.7288131713867188,,0.3693470358848572,0.6448744535446167,0.6761637330055237,0.7289646863937378,0.664253294467926,0.74187171459198,0.9371408224105835,0.649284303188324,0.7305814027786255,1.0460768938064575,1.051302194595337,,1.1898177862167358,1.096544623374939,0.9284067153930664,0.5653014779090881,0.6834200620651245,0.8328527808189392,0.8243394494056702,0.733731746673584,0.6771923899650574,0.7296465635299683,0.7051100730895996,0.7322630286216736,0.8423216342926025,0.8308466672897339,0.9321621656417847,0.6317019462585449,0.8256815671920776,0.8380449414253235,1.1173347234725952,1.0149266719818115,0.9389499425888062,0.6190065145492554,0.9211586713790894,0.7361181974411011,,0.7169898152351379,0.7190390229225159,1.0601048469543457,0.9775734543800354,1.0299614667892456,,1.0929971933364868,1.2861508131027222,,1.2161542177200317,0.9224907755851746,0.7654426097869873,,1.1548629999160767,,1.043880820274353,1.0543582439422607,,1.287384271621704,0.9863271713256836,,1.202195644378662,1.2096058130264282,1.1680474281311035,1.17720627784729,1.1125129461288452,1.1962226629257202,1.2998164892196655,1.1046844720840454,0.6492637395858765,0.8595283627510071,1.1826529502868652,0.955379843711853,0.9918984770774841,1.1758047342300415,1.1193180084228516,0.9081186056137085,0.9498023986816406,1.133499026298523,1.3390588760375977,1.267208456993103,1.350774884223938,1.2705485820770264,1.2241348028182983,1.2092828750610352,1.2255927324295044,1.3130747079849243,1.3801093101501465,1.346364974975586,1.2754415273666382,1.2073695659637451,,
penguin,,,,0.6839691400527954,0.7506035566329956,0.6822347044944763,0.9328001737594604,0.0,0.7471965551376343,0.3654443621635437,0.8778592348098755,0.9478838443756104,0.7222942113876343,0.6705575585365295,0.7566767930984497,1.0667396783828735,1.0690935850143433,0.7299755811691284,0.4923815131187439,0.9858731627464294,0.8734607100486755,0.8253127932548523,0.8468972444534302,0.9129317998886108,1.137961983680725,1.1046723127365112,1.056668996810913,1.1100115776062012,1.2701623439788818,1.1427001953125,1.082427740097046,1.1737022399902344,0.8373494148254395,0.8682569265365601,0.9550912380218506,,0.887035071849823,0.8858321905136108,1.175683617591858,1.1079015731811523,0.8772956132888794,1.0777547359466553,1.1014988422393799,0.9970211982727051,1.0652718544006348,0.93831467628479,1.1119314432144165,1.0845502614974976,1.1369510889053345,0.8189173340797424,0.8758178949356079,0.8948271870613098,0.8350281119346619,0.9262406229972839,1.1413567066192627,,0.8544574975967407,1.207434058189392,,,1.0341410636901855,0.8911569118499756,1.055423378944397,,0.9133076667785645,1.2797667980194092,0.9138798713684082,1.0617681741714478,1.05735182762146,0.9509174227714539,1.1272218227386475,1.148522973060608,,1.0165592432022095,1.102648138999939,1.283470869064331,1.280842661857605,1.2230592966079712,0.94223952293396,1.1200363636016846,1.3091765642166138,1.23416268825531,1.0976645946502686,0.7749900817871094,,0.9723449945449829,0.93632572889328,0.8647717237472534,1.1309736967086792,1.2962875366210938,1.2319567203521729,1.4043608903884888,1.3817455768585205,1.3618144989013672,0.9685158133506775,1.0135403871536255,1.0125592947006226,1.149545669555664,1.2028367519378662,1.3019542694091797,1.3838984966278076,1.1036967039108276,1.2134103775024414,0.9715586304664612,0.9686908721923828,1.1066944599151611,1.1614805459976196,1.1531014442443848,1.279485821723938,,1.1323362588882446,0.5628570318222046,0.7414506673812866,0.7591320276260376,0.8690792322158813,,0.6986136436462402,0.7423572540283203,,0.8225760459899902,0.817737340927124,0.7138153314590454,,0.8078421950340271,,0.8469774723052979,0.9338574409484863,,0.8826048970222473,1.022630214691162,,1.0368698835372925,0.8667254447937012,0.8786926865577698,0.8039730191230774,0.6560306549072266,1.0482782125473022,0.9193677306175232,0.9098085761070251,0.7660378217697144,0.6412439942359924,0.787709653377533,0.9280787706375122,1.0537108182907104,0.8214153051376343,1.1104736328125,1.0868451595306396,1.090160608291626,0.9835229516029358,0.9077329635620117,0.8889160752296448,0.8860405683517456,0.8052875995635986,0.8627017140388489,0.9585375189781189,0.9165027737617493,0.8241046667098999,0.8999654054641724,1.000373125076294,0.8932704925537109,0.8609448671340942,,
bird,,,,0.679366409778595,1.1107980012893677,0.8389917612075806,0.3940032720565796,0.7471965551376343,0.0,0.4737509489059448,0.45318901538848877,0.7238474488258362,0.48041099309921265,1.0168527364730835,0.675167441368103,1.104203224182129,1.138715147972107,1.0204685926437378,0.9907413721084595,1.1229124069213867,1.2496284246444702,1.3288683891296387,1.261504054069519,1.040344476699829,0.9191155433654785,0.990947425365448,0.9589145183563232,0.8688629865646362,0.7485010623931885,0.8908361196517944,0.9242039918899536,0.939883828163147,1.0866204500198364,1.1671172380447388,1.1762529611587524,,0.8754901885986328,1.0169646739959717,0.804076075553894,1.1459569931030273,1.3177441358566284,1.001041054725647,0.9895279407501221,1.1703487634658813,1.1526806354522705,1.2354638576507568,1.1780436038970947,1.1655811071395874,1.2022590637207031,1.278084397315979,1.2622431516647339,1.2453092336654663,1.2778617143630981,1.3080480098724365,1.0498030185699463,,1.2396632432937622,1.0035117864608765,,,1.0838623046875,1.0595773458480835,1.2601025104522705,,0.8785291910171509,0.790610671043396,0.7667971849441528,0.7265068292617798,0.6451504826545715,0.770487368106842,0.8873924612998962,0.7711360454559326,,0.6101198792457581,0.7178993225097656,0.7736667394638062,0.8000564575195312,0.7523612380027771,0.8683745265007019,0.9075899124145508,0.7802950143814087,0.8476753234863281,1.0553278923034668,0.9875097870826721,,1.0845290422439575,1.0642145872116089,0.8676303625106812,0.6780576705932617,0.8063787221908569,0.9281322360038757,0.8778692483901978,0.8209874629974365,0.7465337514877319,0.7695049047470093,0.8222531676292419,0.659670352935791,0.8489683866500854,0.8927339315414429,0.9373929500579834,0.7847934365272522,0.9065874814987183,0.9638991951942444,1.09718656539917,1.108256459236145,0.9500235915184021,0.828918993473053,1.0155655145645142,0.8385289311408997,,0.8330682516098022,0.6130579710006714,0.9346593618392944,0.9616225957870483,0.9521334767341614,,1.0469359159469604,1.157131552696228,,1.1379698514938354,0.8805968165397644,0.8664478659629822,,1.241044282913208,,1.1244819164276123,1.1539065837860107,,1.1533600091934204,1.171836495399475,,1.1985177993774414,1.152320146560669,1.0902197360992432,1.0770434141159058,0.9591813087463379,1.1383885145187378,1.1721155643463135,1.0761269330978394,0.6974779963493347,0.9473334550857544,1.2067493200302124,1.0546457767486572,1.0327423810958862,1.2432243824005127,1.2329583168029785,0.8791923522949219,0.9137657880783081,1.0980392694473267,1.3239058256149292,1.2222750186920166,1.3203994035720825,1.2133336067199707,1.1606084108352661,1.2268056869506836,1.2081977128982544,1.2570996284484863,1.3109608888626099,1.2853827476501465,1.2449954748153687,1.1923881769180298,,
duck,,,,0.690697193145752,0.9508752226829529,0.691455602645874,0.6998955011367798,0.3654443621635437,0.4737509489059448,0.0,0.63691645860672,0.8678766489028931,0.5786252021789551,0.750868558883667,0.4315953254699707,1.0947105884552002,1.068042278289795,0.7859368324279785,0.7483689785003662,0.9192762970924377,1.0020861625671387,1.0040720701217651,1.038940668106079,0.9248876571655273,1.0326027870178223,1.0476999282836914,1.0562559366226196,1.0181993246078491,1.13992178440094,1.0159122943878174,0.980922520160675,1.1569998264312744,0.9533872008323669,1.0225142240524292,1.005649447441101,,0.9297604560852051,0.9816973805427551,1.102634310722351,1.2305115461349487,1.027662754058838,1.0851253271102905,1.1375203132629395,1.121041178703308,1.0664750337600708,1.0040488243103027,1.0658118724822998,1.2063030004501343,1.2059121131896973,0.9753479361534119,0.9934107661247253,1.0648647546768188,0.994225800037384,1.0411450862884521,1.1240702867507935,,1.0395125150680542,1.1021937131881714,,,1.0522692203521729,1.003497838973999,1.0350837707519531,,0.8808454275131226,1.0928946733474731,0.8278306126594543,0.914703369140625,0.8597091436386108,0.787765622138977,1.023301362991333,1.0276031494140625,,0.848833441734314,1.0110939741134644,1.1333054304122925,1.2009053230285645,1.0767998695373535,0.9499422907829285,1.062652826309204,1.1101566553115845,1.1061581373214722,1.1493890285491943,0.8816021084785461,,1.0171273946762085,1.0211608409881592,0.8927749991416931,0.9149177670478821,1.1385526657104492,1.112926959991455,1.216325044631958,1.2338299751281738,1.1635297536849976,1.0453016757965088,1.0875604152679443,0.9064078330993652,1.1227015256881714,1.1587750911712646,1.2326545715332031,1.1724187135696411,1.1016693115234375,1.17061185836792,1.0228755474090576,1.0558650493621826,1.1539661884307861,1.0593488216400146,1.1418704986572266,1.113639235496521,,0.9509990811347961,0.4313153624534607,0.6727997064590454,0.7854632139205933,0.883143961429596,,0.7322281002998352,0.8858835101127625,,0.8885915279388428,0.8102610111236572,0.7538617849349976,,0.9339096546173096,,0.9655282497406006,1.018545389175415,,0.9581599831581116,1.091286540031433,,1.1441923379898071,0.9160971641540527,0.9160784482955933,0.8482674360275269,0.765696108341217,1.0694247484207153,1.0930650234222412,0.9969217777252197,0.7488852143287659,0.7706986665725708,0.9661692380905151,1.0736662149429321,1.0654079914093018,1.0161274671554565,1.1021360158920288,1.1585495471954346,1.0391829013824463,1.0469690561294556,1.0173484086990356,1.03217351436615,1.0830515623092651,0.9265281558036804,0.933749794960022,1.0781644582748413,1.0171449184417725,1.0057183504104614,1.0660626888275146,1.0418455600738525,0.9580036401748657,0.9556212425231934,,
fish,,,,0.635068953037262,1.0534838438034058,0.6768137216567993,0.32155919075012207,0.8778592348098755,0.45318901538848877,0.63691645860672,0.0,0.7014997005462646,0.3413800001144409,0.8310452699661255,0.640143632888794,1.010970950126648,0.9647441506385803,0.8851821422576904,0.8437750339508057,0.9864421486854553,1.2480899095535278,1.1514204740524292,1.2177153825759888,1.0763908624649048,0.922986626625061,1.0478066205978394,0.9806477427482605,0.9054040908813477,0.825128436088562,0.9232560396194458,0.8109070062637329,0.97063809633255,1.0245580673217773,1.1377320289611816,1.1385774612426758,,0.9608436822891235,1.0353341102600098,0.9332352876663208,1.2226247787475586,1.2864336967468262,1.0055252313613892,1.1004289388656616,1.191190481185913,1.1706517934799194,1.2821226119995117,1.169756531715393,1.2497230768203735,1.169896125793457,1.2383685111999512,1.2311805486679077,1.23296320438385,1.310379147529602,1.2716974020004272,1.0402764081954956,,1.2197952270507812,0.939383864402771,,,1.023368000984192,1.2226542234420776,1.134629726409912,,0.9454272389411926,0.7512499094009399,0.8491332530975342,0.7224712371826172,0.773429274559021,0.6736323237419128,0.8938943147659302,0.871100664138794,,0.5746908783912659,0.7062632441520691,0.8058061003684998,0.9126296043395996,0.800155758857727,0.8685891628265381,0.9762173295021057,0.7957847714424133,0.7517386674880981,1.1189661026000977,0.8957254886627197,,1.143894076347351,1.0722540616989136,0.8663536310195923,0.6526311039924622,0.7927061319351196,0.855746865272522,0.8657582998275757,0.8250782489776611,0.7627266645431519,0.95293128490448,0.9066614508628845,0.9021462202072144,1.0009329319000244,0.9616699814796448,0.9889928698539734,0.6813651323318481,0.9630811810493469,1.0303817987442017,1.1490886211395264,1.0554263591766357,0.9995083808898926,0.7334729433059692,1.0536123514175415,0.8341573476791382,,0.7572062611579895,0.6801232099533081,1.0402852296829224,0.9361224174499512,0.9927420616149902,,1.006742238998413,1.1767126321792603,,1.0881390571594238,0.8058111071586609,0.8610574007034302,,1.0720235109329224,,1.046675205230713,1.0403516292572021,,1.1564327478408813,1.0346890687942505,,1.1268597841262817,1.1645640134811401,1.1024099588394165,1.0938422679901123,0.945978581905365,1.136136770248413,1.2228906154632568,1.0253034830093384,0.676956057548523,0.8419368863105774,1.003122091293335,0.8509518504142761,0.9208250641822815,1.0380245447158813,1.1017742156982422,0.94902104139328,0.9038273692131042,1.0239262580871582,1.1757036447525024,1.1763384342193604,1.2282826900482178,1.1352471113204956,1.0912154912948608,1.1716389656066895,1.200128436088562,1.2454578876495361,1.293854832649231,1.2006927728652954,1.1644301414489746,1.1421664953231812,,
butterfly,,,,0.7926375865936279,0.9914244413375854,0.9097353219985962,0.6744277477264404,0.9478838443756104,0.7238474488258362,0.8678766489028931,0.7014997005462646,0.0,0.628779411315918,1.0345356464385986,0.8536739349365234,1.055874228477478,1.0892268419265747,0.992343544960022,0.9486826658248901,1.0637238025665283,1.1240100860595703,1.1060765981674194,1.1679930686950684,1.152896761894226,1.1506335735321045,1.1753318309783936,1.1076502799987793,1.0357692241668701,0.9471209645271301,1.0788016319274902,1.0114549398422241,0.9054838418960571,1.084987759590149,0.9232559204101562,1.0485544204711914,,0.9193539023399353,0.9907516241073608,0.8343179821968079,0.9599723815917969,1.0466032028198242,1.0268561840057373,0.9048463106155396,1.1155579090118408,1.053383469581604,1.167867660522461,1.0990618467330933,1.017709732055664,1.0738922357559204,1.0151938199996948,1.1141830682754517,1.0808582305908203,1.1214066743850708,1.0647965669631958,1.0116994380950928,,1.1491755247116089,0.9951441884040833,,,1.0513432025909424,1.032834529876709,1.1136802434921265,,0.9401313066482544,0.8736035823822021,0.9346635341644287,0.8666176199913025,0.9188737273216248,0.8690135478973389,1.067629337310791,1.011447548866272,,0.7864667177200317,0.9630665183067322,1.005588173866272,0.976533055305481,0.9992988705635071,0.8264409899711609,0.9728384613990784,0.9819701910018921,0.9774326682090759,0.8545379638671875,0.9160469770431519,,1.091376781463623,0.9443656206130981,0.8370348811149597,0.8994149565696716,0.9721898436546326,1.001688838005066,1.0465480089187622,0.9726125001907349,0.9713854193687439,0.8154871463775635,0.7615991830825806,0.9373773336410522,0.9366545677185059,0.9454699158668518,1.0315576791763306,0.9918203949928284,0.9690343141555786,0.9012469053268433,0.8988292813301086,0.8723512291908264,0.8989275693893433,0.9008577466011047,0.9306052327156067,0.9764252305030823,,1.0513602495193481,0.8631535768508911,1.0602129697799683,1.0433381795883179,0.995919406414032,,1.0464811325073242,1.0502848625183105,,1.0852681398391724,1.0591498613357544,0.8367403149604797,,1.039825677871704,,0.9384607076644897,0.9520270228385925,,1.1225922107696533,0.880272388458252,,1.153098702430725,1.0353144407272339,1.01817786693573,1.0098274946212769,1.078335165977478,0.9569123983383179,1.044694185256958,0.9472309947013855,0.8247174620628357,0.9499655961990356,1.0957244634628296,1.028417944908142,0.8923484086990356,1.1094861030578613,1.0653516054153442,1.0046225786209106,0.9464219808578491,0.9463812708854675,1.107639193534851,1.1281802654266357,1.1943289041519165,1.0702730417251587,1.1081864833831787,1.1673535108566284,1.1398104429244995,1.178255319595337,1.1956087350845337,1.2267626523971558,1.1960474252700806,1.2133750915527344,,
frog,,,,0.5886045694351196,1.0243055820465088,0.7356173992156982,0.43468207120895386,0.7222942113876343,0.48041099309921265,0.5786252021789551,0.3413800001144409,0.628779411315918,0.0,0.81961989402771,0.568492591381073,1.169999599456787,1.1208252906799316,0.8937696218490601,0.8275429010391235,0.9294781684875488,1.1596908569335938,1.1806029081344604,1.1575353145599365,1.0729289054870605,1.1564464569091797,1.165892243385315,1.1383329629898071,1.0718114376068115,1.0496376752853394,1.1028401851654053,0.9551025032997131,1.0849359035491943,0.9717015624046326,1.0240639448165894,1.0542513132095337,,0.7971661686897278,0.9327251315116882,0.9953429102897644,1.1945960521697998,1.2491567134857178,1.070006251335144,1.1104519367218018,1.2274808883666992,1.191813588142395,1.2477072477340698,1.23916494846344,1.266928791999817,1.1635830402374268,1.1683837175369263,1.0866990089416504,1.2421337366104126,1.152017593383789,1.2406115531921387,1.114828109741211,,1.102620005607605,1.085497260093689,,,1.0532810688018799,1.0842591524124146,1.1688880920410156,,0.831654965877533,0.9280869960784912,0.7949762940406799,0.7555037140846252,0.8046982288360596,0.7429953217506409,0.939246416091919,0.9539862275123596,,0.5881234407424927,0.7268826961517334,1.056956171989441,1.072503924369812,0.9794974327087402,0.8447321057319641,1.0453015565872192,1.0451326370239258,1.0398648977279663,1.1052767038345337,0.9646524786949158,,1.1279897689819336,1.0989594459533691,0.7884644865989685,0.805395245552063,1.0871384143829346,1.1157501935958862,1.1352832317352295,1.0967111587524414,1.0495918989181519,0.7587961554527283,0.833747386932373,0.8557428121566772,1.067763328552246,1.091069221496582,1.2446773052215576,0.9894328117370605,0.9355238676071167,1.0095993280410767,0.9863542914390564,1.0015509128570557,1.0284395217895508,0.7627220153808594,1.0687031745910645,0.9895046353340149,,0.8646871447563171,0.4328705668449402,0.9995462894439697,0.8806766867637634,0.9123523831367493,,0.8124179840087891,1.0456656217575073,,0.880953848361969,0.7471753358840942,0.7325592637062073,,1.008924126625061,,0.9926535487174988,1.0185259580612183,,1.0682107210159302,0.9846226572990417,,1.201216459274292,0.9257989525794983,0.8684173226356506,0.9037572741508484,0.9094606041908264,1.1254101991653442,1.1447482109069824,0.8341933488845825,0.35679447650909424,0.6349011063575745,1.015279769897461,0.9879878759384155,0.9949820041656494,0.934634804725647,1.0672637224197388,1.1282118558883667,1.1839792728424072,1.2012957334518433,1.0749481916427612,1.1892139911651611,1.2085692882537842,0.964052140712738,1.059186577796936,1.2139915227890015,1.1442253589630127,1.1858875751495361,1.2622272968292236,1.2862088680267334,1.2449122667312622,1.1834096908569336,,
alligator,,,,0.7717533707618713,0.5981769561767578,0.6839958429336548,1.0471899509429932,0.6705575585365295,1.0168527364730835,0.750868558883667,0.8310452699661255,1.0345356464385986,0.81961989402771,0.0,0.8385147452354431,0.8347747921943665,0.8091570138931274,0.41169941425323486,0.4619888663291931,0.698101282119751,0.620130717754364,0.5677163004875183,0.6357165575027466,0.7516317367553711,1.1484358310699463,1.1518923044204712,1.2206968069076538,1.3201855421066284,1.381485939025879,1.1899434328079224,1.2446262836456299,1.3299379348754883,0.966667890548706,0.7275497317314148,0.7823835015296936,,0.9218224287033081,0.8365216851234436,1.5967265367507935,1.2076866626739502,0.6131073832511902,1.1764532327651978,1.3233864307403564,1.1190299987792969,1.0390225648880005,0.8032729625701904,0.9513576030731201,1.297439455986023,0.9822716116905212,0.46982038021087646,0.4427744746208191,0.8080988526344299,0.5619855523109436,0.7390775680541992,1.3317979574203491,,0.6017520427703857,0.9561043381690979,,,0.7608909010887146,0.7518477439880371,0.6610119342803955,,0.8582833409309387,1.4640824794769287,1.3131036758422852,1.445314884185791,1.3194957971572876,1.1794488430023193,1.28556489944458,1.4184257984161377,,1.1805880069732666,1.3319295644760132,1.4863313436508179,1.5233054161071777,1.474863052368164,1.245977759361267,1.2816073894500732,1.4124077558517456,1.3008897304534912,1.2758339643478394,0.697165846824646,,0.8227601647377014,0.9394394159317017,0.7869645953178406,1.2778904438018799,1.3929669857025146,1.274627685546875,1.3473236560821533,1.5240336656570435,1.4952521324157715,1.1111688613891602,1.2084324359893799,1.4096776247024536,1.4650927782058716,1.5540714263916016,1.5523436069488525,1.4862695932388306,1.3856436014175415,1.4091023206710815,1.0781140327453613,1.0695184469223022,1.523385763168335,1.424384593963623,1.4084843397140503,1.378127098083496,,1.0835038423538208,0.8870214819908142,0.9044895768165588,0.8300122022628784,0.9349960684776306,,0.42638158798217773,0.6904135942459106,,0.3992351293563843,0.6403922438621521,1.0275291204452515,,0.47501152753829956,,0.8853143453598022,0.8040634393692017,,0.5028463006019592,1.127373218536377,,0.886937141418457,0.528820812702179,0.47044211626052856,0.425079882144928,0.5230937600135803,0.8391507863998413,0.9171528816223145,0.8418875336647034,0.9520531296730042,0.5731059908866882,0.5433887839317322,0.8722587823867798,1.1666476726531982,0.44423943758010864,0.7071229815483093,1.326167345046997,1.2461402416229248,1.0589468479156494,0.411216139793396,0.6372153759002686,0.4739193916320801,0.308260440826416,0.49163973331451416,0.7079167366027832,0.5928844809532166,0.531796932220459,0.5454253554344177,0.5358982682228088,0.5596634149551392,0.6341782808303833,,
owl,,,,0.7027232050895691,0.9876484274864197,0.741131067276001,0.6493097543716431,0.7566767930984497,0.675167441368103,0.4315953254699707,0.640143632888794,0.8536739349365234,0.568492591381073,0.8385147452354431,0.0,0.9193743467330933,0.7643044590950012,0.8194336891174316,0.8582934141159058,0.8307614326477051,1.0436867475509644,1.0799541473388672,1.1256940364837646,0.9681790471076965,1.0259073972702026,1.1070339679718018,1.1242625713348389,1.0457451343536377,1.1165543794631958,0.9424986243247986,0.8878113627433777,1.0776301622390747,0.9700561761856079,1.0741026401519775,0.969328761100769,,0.9243084192276001,0.9700820446014404,1.056694507598877,1.1826651096343994,1.1028327941894531,1.1545262336730957,1.147742509841919,1.0569278001785278,1.0644824504852295,1.0754579305648804,0.9602993726730347,1.2507739067077637,1.261335015296936,0.9986519813537598,1.0230896472930908,1.1131314039230347,1.0266237258911133,1.1031603813171387,1.1519105434417725,,1.0867708921432495,0.9437103271484375,,,0.8258541822433472,0.9839552044868469,0.7951066493988037,,0.9236124753952026,1.000488519668579,0.7903053760528564,0.8985275030136108,0.8252718448638916,0.746195375919342,0.9375783801078796,0.9926453232765198,,0.815707266330719,0.964581310749054,1.0997477769851685,1.1515378952026367,1.0100122690200806,0.8663208484649658,1.057428240776062,0.9798072576522827,1.0954645872116089,1.1735016107559204,0.9382129907608032,,1.1091077327728271,1.0741832256317139,1.0361664295196533,0.9083471298217773,1.1131452322006226,1.1770508289337158,1.2171847820281982,1.2248890399932861,1.167502999305725,0.9729948043823242,1.019881010055542,0.9935396313667297,1.154030442237854,1.1697783470153809,1.2536438703536987,1.085945725440979,1.085817813873291,1.1183724403381348,0.9821851253509521,1.0819345712661743,1.1708908081054688,0.9090570211410522,1.0815367698669434,1.0024645328521729,,1.015446662902832,0.6159678101539612,0.6668350100517273,0.7267589569091797,0.6813091039657593,,0.6938269138336182,0.8467885255813599,,0.8737529516220093,0.7709596157073975,0.6728154420852661,,0.8579829931259155,,0.9067072868347168,0.9118196368217468,,1.0479322671890259,1.0505300760269165,,1.2393949031829834,0.9913255572319031,0.9725845456123352,0.9263177514076233,0.7650278806686401,1.0479068756103516,1.2134613990783691,1.0189868211746216,0.773215651512146,0.7364073991775513,0.9565526843070984,1.0454833507537842,1.0735726356506348,1.0671191215515137,1.102391242980957,1.0922484397888184,1.0057827234268188,1.0095129013061523,0.9640020728111267,1.0561022758483887,1.0786933898925781,0.9356687664985657,1.007952094078064,1.0504077672958374,1.0198869705200195,1.065773367881775,1.071450114250183,1.0928772687911987,1.05374014377594,1.0342720746994019,,
elephant,,,,0.9550056457519531,0.7505596876144409,0.9057890176773071,1.0681849718093872,1.0667396783828735,1.104203224182129,1.0947105884552002,1.010970950126648,1.055874228477478,1.169999599456787,0.8347747921943665,0.9193743467330933,0.0,0.6128613948822021,0.7160189151763916,0.8347134590148926,0.7843561172485352,0.822059154510498,0.8380657434463501,0.8631276488304138,0.9647703170776367,0.9918087124824524,0.9825195074081421,0.9971041083335876,1.0315018892288208,1.0445464849472046,0.8844695091247559,0.8942716121673584,0.896055281162262,1.0644316673278809,0.9892389178276062,0.8610292077064514,,1.070149302482605,0.9635006785392761,1.2147431373596191,1.0869215726852417,0.8708762526512146,1.0344679355621338,1.0783535242080688,1.0131585597991943,0.9735913872718811,0.8860151767730713,0.7892626523971558,1.1697834730148315,0.9008508324623108,0.8057607412338257,0.8742490410804749,0.9905868768692017,0.9392434358596802,0.8591498136520386,1.0967191457748413,,0.8474509716033936,0.7537155151367188,,,0.6430032849311829,0.8897733092308044,0.6700919270515442,,1.0526388883590698,1.161673903465271,1.196861743927002,1.1959160566329956,1.162111520767212,1.0551631450653076,1.1280103921890259,1.12330961227417,,1.1204354763031006,1.070145845413208,1.0433253049850464,0.9897897839546204,1.059639573097229,1.0096484422683716,0.9234071373939514,1.0446332693099976,0.9946416616439819,1.0376157760620117,1.038995623588562,,1.0368766784667969,1.0346801280975342,1.1226720809936523,1.084303617477417,1.0439510345458984,1.117796540260315,1.0171992778778076,1.0863556861877441,1.108116865158081,1.1679731607437134,1.2455034255981445,1.2585430145263672,1.2334932088851929,1.2327971458435059,1.1235462427139282,1.0446237325668335,1.1857599020004272,1.2504527568817139,1.0579919815063477,1.179477334022522,1.1866346597671509,1.0922826528549194,1.1585593223571777,1.115134358406067,,1.0852060317993164,1.196543574333191,1.045108675956726,1.1825251579284668,1.0676466226577759,,1.0716196298599243,1.0341792106628418,,1.0076510906219482,0.9732141494750977,1.2567148208618164,,0.8830825090408325,,0.9484628438949585,0.8817430138587952,,0.8403878211975098,1.0919275283813477,,1.060562252998352,0.9501941204071045,0.9430013298988342,0.9178852438926697,0.729252278804779,0.9752923250198364,1.054440975189209,1.037459135055542,1.2093614339828491,1.1154414415359497,0.9194380640983582,0.9770732522010803,1.0981807708740234,0.9489777684211731,0.9404032826423645,1.1423656940460205,1.149895429611206,1.135477900505066,0.84279465675354,0.9593167304992676,0.8501272797584534,0.8598830103874207,0.94797682762146,0.7359933853149414,0.8048892021179199,0.8329949378967285,0.766455888748169,0.8110003471374512,0.8603687882423401,0.8222710490226746,,
bear,,,,0.9373341798782349,0.8071865439414978,0.9152804017066956,1.0906535387039185,1.0690935850143433,1.138715147972107,1.068042278289795,0.9647441506385803,1.0892268419265747,1.1208252906799316,0.8091570138931274,0.7643044590950012,0.6128613948822021,0.0,0.6431397199630737,0.8375040888786316,0.7482954859733582,0.7769099473953247,0.930351734161377,1.0032322406768799,0.9623886346817017,1.0149341821670532,1.0565557479858398,1.134130835533142,1.1292195320129395,1.0269099473953247,1.0300644636154175,0.9835759997367859,1.0195751190185547,1.2025682926177979,0.9881567358970642,0.897897481918335,,1.0828577280044556,0.941802978515625,1.1242473125457764,1.0327680110931396,0.8899052143096924,1.0741645097732544,1.0722507238388062,0.827720046043396,0.9319868683815002,0.880544900894165,0.7909506559371948,0.9920184016227722,0.961758017539978,0.8398798704147339,0.8044659495353699,0.8831175565719604,0.9676084518432617,0.8602873086929321,0.9382721185684204,,0.8948964476585388,0.7754695415496826,,,0.47124046087265015,0.8398860096931458,0.5858437418937683,,1.041248083114624,1.0515000820159912,1.077102541923523,1.2011311054229736,1.1312063932418823,1.0545599460601807,1.0423635244369507,1.0859313011169434,,1.1678800582885742,1.1423354148864746,1.1279873847961426,1.141545295715332,1.1057794094085693,1.07407808303833,1.062124490737915,1.0728341341018677,1.0520089864730835,1.0277495384216309,0.8546706438064575,,0.9066076278686523,0.9850763082504272,1.2032383680343628,1.2081807851791382,1.0604259967803955,1.1787793636322021,1.0423309803009033,1.0847575664520264,1.1262774467468262,1.0412237644195557,1.0959725379943848,1.2500414848327637,1.1119294166564941,1.1184755563735962,0.9959147572517395,0.9460759162902832,1.0344277620315552,1.1708883047103882,1.0406557321548462,1.166346549987793,1.1825193166732788,1.1260035037994385,1.0524669885635376,1.023997187614441,,1.0202957391738892,1.1815118789672852,0.9830715656280518,1.0026053190231323,0.9086318016052246,,0.902808666229248,0.9804518818855286,,0.91628497838974,1.054608702659607,1.0276039838790894,,0.8188708424568176,,0.9761055111885071,0.9315245747566223,,0.8636220097541809,1.0861194133758545,,1.081455111503601,0.9537895321846008,0.9727712273597717,0.9295692443847656,0.6812934875488281,0.9073565602302551,1.1577695608139038,1.1023951768875122,1.2147125005722046,1.084242343902588,0.9567808508872986,1.0092933177947998,1.1577894687652588,1.0000686645507812,0.9495403170585632,0.864814281463623,0.9877671599388123,0.99929279088974,0.7654423713684082,0.9552942514419556,0.8633865118026733,0.9023970365524292,0.8443849682807922,0.7726430892944336,0.8363096714019775,0.8653438687324524,0.8381311893463135,0.8168650269508362,0.9015638828277588,0.8372601866722107,,
