,alligator,ankle,apple,applesauce,arm,ball,balloon,banana,basket,bathtub,bed,belt,bench,bib,bird,blanket,boat,book,bottle,bowl,box,bread,broom,bucket,butterfly,can,car,carrot,cat,chair,clock,closet,coat,coffee,comb,corn,couch,cracker,crayon,crib,cup,deer,dish,dog,doll,door,drawer,dress,duck,ear,egg,elephant,face,finger,firetruck,fish,flower,foot,fork,frog,glass,glasses,glove,grass,gum,hair,hamburger,hand,hat,helicopter,horse,hose,jacket,jar,jeans,knife,ladder,lamp,leg,meat,melon,milk,mitten,motorcycle,mouth,muffin,nail,napkin,necklace,nose,orange,oven,owl,pajamas,pants,paper,pen,pencil,pickle,pig,pillow,pizza,plant,plate,pumpkin,purse,radio,raisin,refrigerator,rock,rooster,sauce,scarf,scissors,shirt,shoe,shorts,shovel,shower,sink,slide,slipper,snow,soap,sock,soup,spoon,sprinkler,stick,strawberry,stroller,sweater,table,tape,toe,tooth,toothbrush,towel,toy,tray,tree,tricycle,truck,vacuum,watch,window
alligator,0.0,1.3735579,1.4851141,1.0236536,0.3668958,1.2727082,1.3020005,1.2722683,0.99714756,0.49963295,0.29687178,1.504543,1.0764136,0.5259609,1.1895225,0.36018324,1.0623952,1.4131277,1.6323909,1.51208,0.9999069,1.3229609,1.4803879,1.5598567,1.2411621,1.6211563,1.4782084,1.2307147,0.7006981,1.1324497,1.4911394,0.62058413,1.0731455,0.73240966,1.0410049,0.970952,0.42363405,1.0617298,1.6465714,0.529499,1.6032342,1.3131691,0.90389585,0.27967894,0.7250733,0.8230014,1.2031615,0.73862064,1.189055,0.9606129,1.4449893,0.76521385,0.6515008,1.1920208,0.95856225,1.580682,1.2473385,1.0300003,1.3785933,0.6563144,0.57596684,1.3692484,1.1648592,0.62691325,1.218601,0.68645084,1.3082502,0.7379333,1.5857816,0.6634409,0.51425016,1.0642395,0.90752375,1.3270704,0.43528903,1.3725867,0.73144716,1.5901151,0.65307415,0.49559146,0.50699544,1.0442513,0.4524926,0.83352244,1.0514237,0.88709605,1.4842501,1.3996668,1.5830389,0.7509719,1.4274623,0.84049076,0.6614292,0.46612495,0.6355549,0.91121775,1.585438,1.5932121,1.3046312,0.6562145,1.2275109,0.8277612,1.0649836,1.2674122,1.4466872,1.0821058,1.4529359,1.3779665,0.99524546,0.6797584,1.2457417,0.9542524,0.72323895,1.3889798,0.5271869,1.1510044,0.7541749,1.4438884,0.92853165,0.942412,0.82851934,1.6007352,0.6647972,1.5657946,1.0282017,0.6683927,1.4665705,1.0038173,0.9950457,1.5264597,1.0278875,0.56706643,0.3858168,1.4603392,1.3802193,1.346795,0.81096125,1.4670652,1.3160746,0.64182115,0.78144145,1.0573422,1.1937462,1.2961749,1.5641694,0.63586044
ankle,1.3735579,0.0,0.7140675,1.0037806,1.0890821,0.9008867,0.64092624,0.8326036,1.0892862,1.3031813,1.3341247,0.60802954,1.132222,1.0670477,1.0715797,1.2121873,1.1617386,0.97269225,0.81246203,0.9265129,1.1726241,0.72900033,0.94214064,0.88486946,0.89238197,0.67823595,0.87768817,0.55220973,0.90019095,1.0095091,0.7104306,1.2837937,0.93443894,1.1746486,0.96275395,1.0845972,1.2811928,1.0355763,0.7094182,1.3443815,0.8594674,1.0008129,1.1871206,1.1435676,1.0534642,1.1144209,0.82575494,1.0627793,1.0304427,0.94597363,0.66763276,1.0666597,1.2324437,0.45370346,1.1573992,0.84544003,1.0339279,0.72579217,0.94398886,1.229111,1.2888353,0.673252,0.8675939,1.283178,1.0244398,0.9645934,0.87072015,0.89188486,0.580109,1.3885384,1.2538754,1.1111459,0.8952126,1.0174557,1.1260216,0.7605629,1.2031318,0.837804,0.99971986,1.2695681,1.125385,1.1043608,1.0454074,1.2554986,0.8437778,1.156186,0.6124475,0.6827973,0.44909692,0.86979854,0.7257676,1.1537439,1.1941361,1.1430523,0.95862603,1.1918342,0.71974224,0.69141734,0.8386117,0.8847176,0.6844632,1.1329277,1.173383,1.002665,0.73104405,0.969486,0.953995,0.589413,1.0604643,1.1457204,1.0242279,1.1533365,1.0798934,0.9479396,1.1524706,1.0418587,0.87381303,1.0488611,1.056434,1.1356549,1.2562284,0.6237721,1.2501725,0.7254119,0.6642478,1.3208017,0.82105225,1.0625029,1.0634236,0.6536423,1.0595386,1.0625108,1.4620522,0.8738475,0.3670131,0.6248751,1.0923482,0.66947,1.0267739,1.4329553,1.2745333,1.1802989,1.1153054,0.9494286,0.66976845,1.1949313
apple,1.4851141,0.7140675,0.0,1.0447791,1.3914833,0.4280275,0.5792137,0.72524905,1.2520351,1.5253464,1.4897008,0.5534408,1.287857,1.3403258,0.88391626,1.5066513,1.2037423,0.82468903,0.31974387,0.5698623,1.2672172,0.5235972,0.8822473,0.7704877,0.9383477,0.747469,0.6205286,0.57377315,1.1134477,1.2889751,0.33031046,1.3495709,1.0892057,1.3222567,1.1645317,1.13988,1.4184216,0.946118,0.30824542,1.5635172,0.50567317,0.75031877,1.1825188,1.3724864,1.2593579,1.3419577,1.0864807,1.2802329,0.8401073,1.0045441,0.3436228,1.1616583,1.1390485,0.6815619,1.2344724,0.37447774,0.7685728,1.0427505,0.8506656,1.0973351,1.4182198,0.56485045,0.9259469,1.2264755,0.8332341,1.1615376,0.63781184,1.1681529,0.3155632,1.3477945,1.3532523,1.195299,1.1999037,0.850152,1.4367979,0.9627236,1.3887044,0.58741266,1.2377063,1.2393113,1.0981512,1.154576,1.3728307,1.3267274,0.8325419,1.1183702,0.12506795,0.70065486,0.5297277,0.98182654,0.06721449,1.3676236,1.262143,1.4119079,1.3526273,1.2407653,0.40101993,0.3685251,0.6640058,1.1402568,0.9518099,1.0374949,1.0583532,0.7699578,0.19729376,1.2547526,0.8337779,0.34516007,1.2665312,1.2508434,0.66308165,1.0966111,1.3163841,0.76891077,1.3209585,1.0159061,1.2979397,0.9402825,1.1797829,1.2727059,1.282163,0.4677177,1.2774837,0.219535,1.0705242,1.3425453,0.8428997,1.2214221,1.2112372,0.34187675,1.2290165,1.3325858,1.5053346,0.5614866,0.41000503,0.47809708,1.1984165,0.67473507,0.58163166,1.3392642,1.166593,1.1221887,0.8598734,1.1104925,0.42514002,1.2773901
applesauce,1.0236536,1.0037806,1.0447791,0.0,1.0991538,0.9158635,0.90094846,0.9794429,0.9829324,1.0633122,1.1681128,1.1993598,1.196368,1.064681,1.0376886,1.1292834,1.1503651,1.0624006,1.0701547,0.92511475,0.9775837,0.8473578,1.0902448,0.99790287,0.94116527,1.1301031,1.163105,0.99888647,1.1648108,1.1942645,0.90892315,1.1237818,0.92311436,0.9417803,0.7791002,1.0204965,1.2084131,0.75456744,1.1617548,1.1033847,0.93277675,1.0897903,0.7708827,1.0554467,0.98501015,1.1773378,0.98324716,1.1823125,1.0557405,1.0875468,0.7089829,0.9589363,1.1233544,1.0729806,1.1165751,1.0767598,1.0195112,0.9437189,1.0012478,0.89900494,0.78004396,1.1657212,1.0093592,1.0493231,0.6236912,1.0991178,0.8792931,0.9535448,1.1083531,1.1233375,1.1292987,0.9139406,1.1562171,0.8446921,1.1479647,1.0280818,1.1636863,1.1361771,1.0137771,0.9562793,0.80447567,0.85530984,0.8805865,1.1447923,1.1147323,0.38974673,1.1285173,1.0787905,1.0943358,1.0283477,0.997439,1.1035373,0.9656209,1.1583865,1.148376,0.9446739,1.204048,1.1787605,0.8840381,1.0585221,1.093265,0.7295042,1.0056422,0.74782556,1.0089757,1.0778372,1.0893717,1.0301661,1.0973696,0.9694985,1.032132,0.8128731,1.0455462,0.9674315,1.1867722,0.96127343,1.1461198,0.9155588,1.1708112,0.98696566,1.1237043,1.1314932,1.095396,1.0221226,0.8306403,0.6380095,0.7995905,1.0152618,0.9396622,0.95972943,1.0952446,1.1855547,1.0713804,0.8312686,1.103491,1.1188836,0.95048994,1.094133,0.9804611,0.8775939,1.0665944,1.0848053,1.0732267,1.1251022,1.0677009,1.1467494
arm,0.3668958,1.0890821,1.3914833,1.0991538,0.0,1.34034,1.3149098,1.2453121,1.1338992,0.56227076,0.42408323,1.3177118,1.118915,0.48020864,1.3269372,0.4941492,1.162119,1.352433,1.5496509,1.5522428,1.0543077,1.3187584,1.4215804,1.5565248,1.1470656,1.4832144,1.4492236,1.0126996,0.66190624,1.1376829,1.4468014,0.79228944,1.1010587,0.83958167,0.9172308,0.9605336,0.5248574,1.0921574,1.4670478,0.6984805,1.5377995,1.3704004,1.0651242,0.50937134,0.9183092,0.82870495,1.1150662,0.6452765,1.3265922,0.97033566,1.4152768,0.7747849,0.6808339,0.867798,1.0109531,1.491851,1.2929077,0.9372739,1.3121308,1.0038587,0.59925014,1.2096906,1.1718675,0.8049786,1.2766578,0.6051944,1.3558815,0.45165455,1.5268166,0.78824615,0.5229385,1.1807348,0.8717247,1.306071,0.3781479,1.1075991,0.7926234,1.5088255,0.47574085,0.41764218,0.687862,1.0254371,0.5416943,0.93073916,0.9828185,1.0317394,1.3467966,1.3512207,1.2755605,0.7603624,1.3539007,0.8543788,0.70118773,0.41248006,0.4552927,0.9589259,1.4102433,1.3846555,1.3635387,0.84651566,1.1905309,0.8773795,1.1461517,1.357557,1.3606699,1.1015463,1.4104941,1.2616906,0.98671097,0.7199166,1.3603839,1.0059875,0.7421612,1.3546674,0.4161129,1.2226126,0.5782841,1.4115446,0.91452056,0.95358753,0.952966,1.4232398,0.7557172,1.4898634,0.78760684,0.80763626,1.4295886,0.96181107,0.94854826,1.379918,1.1584435,0.49290037,0.6179048,1.5235702,1.1100645,1.1776574,0.6433427,1.427861,1.4711599,0.8336383,0.8540912,1.1360363,1.226576,1.2588212,1.4163234,0.7276603
ball,1.2727082,0.9008867,0.4280275,0.9158635,1.34034,0.0,0.3673659,0.94332314,1.0460814,1.3700861,1.2984598,0.93441516,1.1265553,1.1353058,0.84466845,1.2741239,0.9627638,0.9312725,0.63525903,0.68120456,1.1181235,0.8214003,0.81402504,0.6783073,0.866616,0.945438,0.76873434,1.0046772,1.2075931,1.1671859,0.5382192,1.2013161,1.0530161,1.169585,1.1585726,1.1505134,1.2960601,1.0344003,0.71711147,1.3148057,0.69763017,0.7603112,1.0125858,1.2372034,1.0710529,1.3095044,1.0954663,1.1579202,0.8366939,1.1287411,0.42855716,1.1436839,1.1328976,1.0499663,1.0833049,0.69454616,0.83250535,1.0892694,0.8652545,0.9962041,1.208498,0.9253191,0.8369106,1.0113746,0.83149296,1.2257781,0.7977346,1.2099686,0.59377396,1.1656247,1.3077968,0.9075111,1.2167616,0.83433235,1.2692986,1.2094496,1.270369,0.74653816,1.2730553,1.2309399,0.8583356,0.98801917,1.0583823,1.1813898,1.1440434,1.0498343,0.61293066,0.9585401,0.88810873,1.0529753,0.4467423,1.3529824,1.2347722,1.2668072,1.2936025,1.0972134,0.7823397,0.75648886,0.8146714,1.1240379,1.0330529,1.0373198,0.977776,0.7549808,0.24360275,1.1137877,0.8405323,0.76740336,1.3015703,1.0980816,0.72185326,1.0708628,1.1710309,0.7999296,1.2499213,0.8519412,1.2396705,0.78494275,1.2096792,1.2137747,0.9734635,0.75526786,1.1759269,0.6112946,1.0348223,1.1697731,0.82738686,0.9396719,1.2111657,0.601585,1.159713,1.2442449,1.268673,0.620401,0.86248904,0.93086576,1.1455889,0.87438154,0.5163084,1.1487007,1.1179036,1.0100877,0.7832316,1.055383,0.72482336,1.2558196
balloon,1.3020005,0.64092624,0.5792137,0.90094846,1.3149098,0.3673659,0.0,0.945051,1.0653076,1.331109,1.3097283,0.93234545,1.0802376,1.1061141,0.8570983,1.2894614,1.0039976,0.8955294,0.7063019,0.7012533,1.0458918,0.7905452,0.88455826,0.66092527,0.8231244,0.84942937,0.90825504,0.98719084,1.1611732,1.0926031,0.5730264,1.2394553,0.9407167,1.0928056,1.0802906,1.0868101,1.2810638,0.99349564,0.7952821,1.3134209,0.7118341,0.8677893,0.9852279,1.2046025,1.0209147,1.2386004,0.9659804,1.1545004,0.8498143,1.048069,0.39126813,1.1628975,1.2119744,0.9087101,1.1621406,0.7849004,0.87624484,0.94830745,0.8435011,1.0615109,1.1617618,0.9318664,0.74096644,1.0982256,0.8142536,1.2013736,0.8056674,1.143431,0.5970151,1.2486866,1.3217132,0.93023443,1.0914887,0.8021065,1.2975533,1.0949405,1.2384019,0.74844074,1.2126999,1.257185,0.8687372,0.9751841,1.0127538,1.2119654,1.1430312,1.0979714,0.68765557,0.8439809,0.8145613,1.0208043,0.6108946,1.2657958,1.2923651,1.2491355,1.2614907,1.0200292,0.84340394,0.8503369,0.8056517,1.0974549,0.9188417,0.94808304,1.0500761,0.77772397,0.49454492,1.0444403,0.8163336,0.753495,1.1752934,1.1743077,0.77869964,1.0523152,1.1775922,0.88109356,1.2498091,0.81909055,1.2160304,0.8216933,1.1506742,1.1453595,1.0402507,0.8002526,1.2285739,0.69577634,0.9459792,1.2278802,0.77131593,0.9876842,1.2614015,0.57479787,1.1070952,1.2467219,1.3241973,0.6899504,0.7606405,0.9140775,1.1318916,0.7924577,0.6648057,1.2451941,1.2424148,1.0224922,0.88965654,0.97294873,0.78682023,1.2680862
banana,1.2722683,0.8326036,0.72524905,0.9794429,1.2453121,0.94332314,0.945051,0.0,0.8770537,1.333605,1.2709739,0.6858769,1.1403391,1.1479805,0.99590915,1.1850138,0.98598886,0.77614415,0.89131564,0.83009815,1.0884497,0.72616726,0.9501396,0.93585163,0.8594464,0.82214075,0.9361508,0.66620433,1.1638885,1.088254,0.90487766,1.2692828,1.0024699,1.082495,0.8668471,0.40831995,1.2161677,0.8752112,0.67398655,1.1401399,0.92478544,0.96796405,1.0810474,1.2504337,1.1146747,1.2506981,1.0126697,1.2068648,0.9559362,0.90787023,0.78950286,1.1211052,1.1231877,0.89693624,1.0978537,0.5993894,0.6976821,0.93840915,0.82274795,0.8944602,1.2398932,0.88205695,0.73553836,1.1770341,0.7712972,1.1472608,0.7571716,1.0895244,0.78241324,1.2722355,1.2850692,1.0273772,1.0054561,1.0653269,1.240865,0.80929935,1.0880147,0.9785824,1.249279,1.0511185,0.9334221,1.1299738,1.0893868,1.1971537,0.8785815,1.0136704,0.85902095,0.6087681,0.79431427,1.1531721,0.7719739,1.1161325,1.1085926,1.2608579,1.2055972,1.0427924,0.6934049,0.74649566,0.716028,1.030097,0.6713608,1.0194113,0.8815071,0.6824098,0.88525224,0.9593679,0.9834803,0.8983525,1.1965116,1.2197571,1.0681691,0.9946252,1.0904717,0.620432,1.2556076,0.9401529,1.1354845,0.9646185,1.1985095,1.1727597,1.0655426,0.75781274,1.3128561,0.6757538,1.0199081,1.113458,0.87389755,1.2184877,1.0301076,0.8989868,0.9632179,1.1983702,1.2707881,0.74896413,0.88328105,0.86270356,0.97193635,0.69756234,0.70520854,1.1060442,1.1081451,1.1277819,1.0980818,1.0764449,0.84624577,1.2757248
basket,0.99714756,1.0892862,1.2520351,0.9829324,1.1338992,1.0460814,1.0653076,0.8770537,0.0,0.94542533,0.83799446,1.0578339,0.7308297,0.9036897,1.0420179,0.82601047,0.90946704,0.8614807,1.0590713,0.9105871,0.5716739,1.2512345,0.92842346,0.76673484,1.0940418,0.7276865,1.0479466,1.2362504,1.1805307,0.60673845,1.1949946,0.9041517,0.8236814,0.8243507,0.7919949,0.75564504,0.84323776,1.0426158,1.186534,0.3467424,0.98266,1.1125878,0.9583579,1.0282418,0.76202565,0.951348,0.8402863,0.90494275,1.0787015,1.1216024,1.112129,1.2024046,1.1885672,1.2858019,0.86285514,1.2090708,0.9547778,0.8709212,0.9966134,1.0236295,0.9830712,1.2282954,0.99061686,1.03818,0.916774,1.1893111,1.1584642,1.2030427,1.1084747,1.0214247,1.2433727,0.85821426,0.8500153,0.89874595,0.98663485,1.1473322,0.5617074,1.0410941,1.1203803,1.1725233,0.99925715,0.82003736,0.90852183,0.86904746,1.1782017,1.0019023,1.266429,0.9145145,1.1539576,1.2979685,1.2264187,0.75434077,1.0211887,0.91572183,1.0526743,0.8792503,1.1753829,1.1680744,1.1247964,0.9414352,0.75083375,1.1506575,0.89368474,0.986892,1.1467664,0.59698546,0.8445504,1.2763293,0.88451916,1.2204696,1.0981739,0.97917014,0.835068,1.0418167,1.1163661,0.9004506,1.0015794,0.9821726,1.037423,0.96814,0.86539924,1.1502358,1.213877,1.1244096,0.8848681,0.9099018,1.0409088,1.0232846,1.0728947,1.12449,0.58275044,0.96505934,0.7866217,1.0121437,1.29883,1.225088,0.9510172,0.86801076,0.8010328,0.7401089,1.0771538,0.89528376,1.0841205,0.9014644,1.1274937,1.0426728
bathtub,0.49963295,1.3031813,1.5253464,1.0633122,0.56227076,1.3700861,1.331109,1.333605,0.94542533,0.0,0.38158953,1.2953694,0.8695338,0.776425,1.3488588,0.53397745,0.8680158,1.309617,1.5012401,1.2860428,0.8510685,1.3590534,1.2261064,1.3835452,1.2523218,1.3293405,1.3901913,1.2289832,0.72236395,0.9732924,1.395973,0.39919513,1.1378471,0.56096196,0.9509941,1.0677506,0.45432818,1.0760106,1.4798839,0.49406737,1.4281485,1.3512391,0.89901423,0.671152,1.0111713,0.38178802,0.90224576,0.87271047,1.3375994,1.0486785,1.4575033,0.89136374,0.8216621,1.1981786,0.90705776,1.4921384,1.3469148,1.1451814,1.3289123,1.0207318,0.55326164,1.335263,1.387696,0.63310814,1.2423905,0.7793184,1.375302,0.8590178,1.5941744,0.6831495,0.6832031,1.1180267,0.9570465,1.1925421,0.6168804,1.0053102,0.67088246,1.3852857,0.61955845,0.674683,0.76143056,0.96083957,0.81732225,0.8331112,1.0111372,0.95328945,1.4083482,1.3615112,1.4527807,0.87396294,1.487609,0.6344762,0.75952387,0.678442,0.67133963,0.7311332,1.4237571,1.4030498,1.2963759,0.8800604,1.2053833,1.0001233,1.0790589,1.1543622,1.5075268,1.1248069,1.3536656,1.3609014,0.68769294,0.65568596,1.3757551,0.908438,0.9284518,1.2945457,0.6575399,1.2581786,0.8497497,1.2218871,0.52588195,0.54757416,0.7630557,1.5764905,0.47896105,1.4611111,1.1668382,0.56625533,1.2865489,0.9325013,0.79049295,1.4743217,1.1076665,0.7210361,0.41936862,1.3636928,1.3835127,1.3111564,0.7777004,1.4099635,1.4272332,0.5871031,0.8151437,1.0154991,1.2142249,1.1659478,1.5508268,0.5634564
bed,0.29687178,1.3341247,1.4897008,1.1681128,0.42408323,1.2984598,1.3097283,1.2709739,0.83799446,0.38158953,0.0,1.2665697,0.8955838,0.48711866,1.3405546,0.17179245,1.01035,1.293463,1.5680951,1.4737028,0.8971357,1.4260705,1.3821173,1.484091,1.3328955,1.4082118,1.3936557,1.2812076,0.6481801,0.8623469,1.4511065,0.49273878,1.0138589,0.55867517,0.9288054,0.99691767,0.12973106,1.2492677,1.5670432,0.2970454,1.5730125,1.3821309,1.0340376,0.49772346,0.8364503,0.58357203,0.9982509,0.6773913,1.3200619,1.0024362,1.471673,0.9032515,0.65792394,1.210902,0.92569816,1.5883754,1.3482525,1.0712988,1.4194252,0.98739016,0.6887882,1.313426,1.2570952,0.67528814,1.3582203,0.7297268,1.3844417,0.91075945,1.5260813,0.65923536,0.71558756,1.0860022,0.6685881,1.303566,0.30857956,1.291812,0.46388948,1.4993184,0.6720959,0.7719298,0.66995716,1.0622308,0.66494465,0.712008,1.0186087,1.1003709,1.409756,1.2770661,1.4592335,0.9303749,1.4308778,0.68512416,0.7815427,0.38211775,0.44801295,0.8277037,1.4935158,1.4807931,1.3718878,0.7645758,0.96011543,1.0429113,1.1459277,1.3081782,1.4487518,0.9393309,1.3686078,1.384779,0.84239674,0.7224797,1.4011297,1.1019676,0.72157174,1.4077268,0.3775488,1.2219234,0.5812892,1.459871,0.7820214,0.8969485,0.8358257,1.5669154,0.62720954,1.4881678,1.061343,0.8013487,1.5365307,1.0292909,1.0571197,1.5377274,0.93978655,0.39958805,0.35040832,1.4505887,1.4037558,1.3594905,0.8949282,1.3036346,1.3687383,0.708903,0.82037014,0.9970988,1.2076106,1.1754211,1.5290477,0.58329684
belt,1.504543,0.60802954,0.5534408,1.1993598,1.3177118,0.93441516,0.93234545,0.6858769,1.0578339,1.2953694,1.2665697,0.0,1.0594759,1.3064342,1.0364741,1.2801831,1.0558393,0.62838584,0.47765934,0.645314,1.0658767,0.6420272,0.81080306,0.7718401,1.0436083,0.45047736,0.64921343,0.65426373,0.94929177,0.9484111,0.5752263,1.2143185,0.97041315,1.0408862,0.86812675,1.0617081,1.1142806,1.060371,0.31660926,1.2699277,0.6266327,0.8921583,1.2621548,1.2936672,1.2405022,1.0171201,0.73250985,1.3398547,0.9879583,1.0163956,0.81879973,1.3467166,1.1477047,0.69155806,1.1910547,0.5154759,0.9905148,0.97001547,0.7877624,1.2173991,1.4489287,0.5446857,0.912138,1.3529205,1.0151,1.1521978,0.83472276,1.1485286,0.42338794,1.3514074,1.4173906,1.1333016,0.8376712,0.93976396,1.2554493,0.49113292,1.0858433,0.5681596,1.189906,1.4199157,1.2737966,1.1226625,1.3674555,1.1498712,0.7111627,1.1692958,0.4231838,0.44526196,0.42945564,1.1505978,0.571342,1.0210503,1.3270288,1.3762307,1.069754,1.0606102,0.25514817,0.26137626,0.6841791,0.99409366,0.4899699,1.238483,1.2014811,0.89566123,0.6957884,0.8415284,0.64964783,0.5822199,0.9632541,1.2241282,0.9441652,1.3230636,1.2453942,0.7634751,1.1519675,1.1444907,0.9581487,0.9593135,0.9987276,1.0880125,1.322781,0.5236126,1.2522773,0.4570378,1.0234308,1.4066741,0.8485945,1.238811,1.1060456,0.7559316,0.9560608,1.1079229,1.434559,0.80278766,0.5691606,0.51752126,1.1910553,0.4840765,0.8833662,1.3604339,1.3212374,1.0887016,0.998928,0.7723893,0.5421891,1.1983074
bench,1.0764136,1.132222,1.287857,1.196368,1.118915,1.1265553,1.0802376,1.1403391,0.7308297,0.8695338,0.8955838,1.0594759,0.0,1.16406,0.8654657,0.87299246,0.44430614,0.7276627,1.0235778,0.9474908,0.6834243,1.1536677,0.66077316,0.7555901,1.0391614,0.7687697,0.89203024,1.3137698,1.1841754,0.20140302,1.2306373,0.87101823,0.95738626,0.87939304,1.057599,0.9853302,0.8714032,0.99418724,1.0760578,0.66754556,0.9796328,0.91550255,0.9552503,1.0878754,0.932449,0.83346486,0.86781263,0.8940095,0.8807158,1.2670629,1.2309469,1.025981,1.2375648,1.3758457,0.63624805,1.0022045,0.88777125,1.1193719,0.9698108,1.1243849,1.1287175,1.3061272,0.961345,0.85096204,1.0656828,1.231619,1.0933867,1.2791784,1.1799799,0.78598523,0.9432643,0.83566725,1.0464003,0.93802136,0.9816174,1.0123694,0.5986619,0.90317124,1.1580131,1.1191226,1.3409741,0.9754011,1.2161903,0.7705183,1.3231095,1.197659,1.2930484,1.0229919,1.1954485,1.2528222,1.2984221,0.83352846,1.1617897,0.9855957,1.1023841,0.9181645,1.0820312,1.0984346,1.0511993,1.0335289,0.86497957,1.1651974,0.807722,1.0743573,1.1833107,0.8511456,0.78444564,1.3464359,0.7583531,0.9375097,0.9904525,1.0186502,1.0328144,1.0208957,1.1454053,0.9032732,1.0872895,0.72264373,0.9686663,0.9504496,0.608039,1.0738488,0.8193668,1.1284118,1.1547896,1.1231973,1.0166163,0.95813334,0.81093264,1.099317,0.7505883,1.0677589,0.6987883,1.0588908,1.3371189,1.3236395,1.096283,0.9172913,0.9328231,0.9363146,0.879758,0.7833024,0.9065156,0.7650175,1.1032897,0.8128171
bib,0.5259609,1.0670477,1.3403258,1.064681,0.48020864,1.1353058,1.1061141,1.1479805,0.9036897,0.776425,0.48711866,1.3064342,1.16406,0.0,1.3263564,0.39577287,1.1568077,1.2670841,1.5084739,1.4800324,1.0586033,1.2941254,1.4278232,1.4487605,1.1981891,1.4235513,1.3606789,1.1103464,0.76597035,1.1243868,1.4013267,0.8277346,0.88166463,0.93196523,0.928827,0.9407144,0.6121839,1.1377902,1.4935095,0.62312007,1.532013,1.3569975,1.0342623,0.63266635,0.5564258,0.9400966,1.0773764,0.40914512,1.3110452,0.91190195,1.281301,0.9711832,0.73097634,0.97883356,0.92356825,1.5097384,1.313143,0.81859493,1.3655286,0.9334793,0.7033237,1.1752547,1.094815,0.9042882,1.2125654,0.6920177,1.2465947,0.7072881,1.3222989,0.9236779,0.79076236,1.1397057,0.65124017,1.3143528,0.39104044,1.301857,0.80442923,1.515091,0.75955844,0.7331465,0.52396506,1.0601631,0.42780077,0.9698096,0.90522516,1.0255995,1.3361175,1.1207182,1.1145713,0.8013779,1.3053641,0.9126363,0.78306067,0.24130768,0.49395704,0.8907443,1.4434773,1.412764,1.291758,0.8852325,1.0203949,0.8878525,1.2361212,1.2214546,1.2865374,0.9207093,1.3940912,1.2625601,1.0848134,0.7698742,1.2867243,1.0201354,0.5337523,1.3362538,0.4512248,1.0663149,0.49765813,1.4391122,1.0770763,1.0878772,0.9084745,1.3892474,0.9476236,1.4133265,0.6807628,0.8332354,1.410511,0.94936335,1.1164939,1.3544774,1.016304,0.41383797,0.6676737,1.3893743,1.2008307,1.1287786,0.699557,1.1521752,1.2483304,0.847324,1.027959,1.1602355,1.1811144,1.3063911,1.3336673,0.9025038
bird,1.1895225,1.0715797,0.88391626,1.0376886,1.3269372,0.84466845,0.8570983,0.99590915,1.0420179,1.3488588,1.3405546,1.0364741,0.8654657,1.3263564,0.0,1.2885561,0.81959224,0.87626845,0.78394675,0.8376117,0.96879786,0.9477006,0.8028074,0.65565014,0.756083,0.8639366,0.779366,1.1185138,1.2741224,0.92661333,0.86495006,1.2129502,1.0273271,1.173408,1.1651982,1.0137032,1.2986417,0.91509116,0.85423577,1.2434903,0.7699729,0.6187911,1.0241055,1.1291904,0.96575844,1.2257955,1.0467156,1.129458,0.111359835,1.0924196,0.8112531,0.98028845,1.2312032,1.1835485,0.96318656,0.7273519,0.7835759,1.0988911,0.7222044,0.7730782,1.3385931,1.0247087,0.78143406,1.0600857,0.8809979,1.3082739,0.87364006,1.2639354,0.75511706,1.0469567,1.0126692,0.80168664,1.2319125,0.8788003,1.3456551,1.0488007,1.1977059,0.73587734,1.2217695,1.1995311,1.2429978,1.0109811,1.2076795,0.99487466,1.2748075,1.0714461,0.9715013,0.94015974,1.0485342,1.1808192,0.93181145,1.103582,1.1597468,1.2683483,1.3624704,1.0711483,0.8797687,0.93279403,0.76218975,1.0823951,0.986254,1.1304095,0.7643919,0.96751386,0.8593023,0.8987458,0.64589,0.96435744,1.1176418,1.0326755,0.38471788,1.0461777,1.2089763,0.8532304,1.3505468,0.8171153,1.286207,0.7065898,1.148369,1.0868108,0.9756596,0.7605297,1.1426919,0.8369672,1.1474513,1.2067956,0.7918178,0.9359108,0.8933619,0.8337984,0.9491414,1.3383069,1.2461592,0.72739697,1.0346007,1.1403195,1.2763114,0.92088467,0.7171399,1.1476235,0.9245874,0.96068877,0.7994045,0.77943945,0.76776206,1.1783808
blanket,0.36018324,1.2121873,1.5066513,1.1292834,0.4941492,1.2741239,1.2894614,1.1850138,0.82601047,0.53397745,0.17179245,1.2801831,0.87299246,0.39577287,1.2885561,0.0,0.9368831,1.2821721,1.5980637,1.5061378,0.9992629,1.3857397,1.3328357,1.4509528,1.2329632,1.3820957,1.3499576,1.240878,0.6488082,0.898465,1.4966443,0.67933035,0.87544847,0.7620298,0.86594844,0.935632,0.34652567,1.1509969,1.5285699,0.43606436,1.6129749,1.3367041,1.0354854,0.5606938,0.81010044,0.7598711,1.0549958,0.61939204,1.2724411,1.0042597,1.486709,0.84889084,0.79312396,1.1952912,0.92771703,1.5163032,1.3253736,0.9833662,1.329726,0.97130966,0.7836118,1.311817,1.1025333,0.7348852,1.3124107,0.7753414,1.3590933,0.90122974,1.4644005,0.7620888,0.7413273,0.96224046,0.57874054,1.3831549,0.25706756,1.2800608,0.65698117,1.5554508,0.76055104,0.76778716,0.6647229,1.1642418,0.5705183,0.8122358,1.0502214,1.1108227,1.4390733,1.0844203,1.3462924,0.9422837,1.4648783,0.8029192,0.68229115,0.32570815,0.43767732,0.9165026,1.4690385,1.4762607,1.3079646,0.7052299,0.78805053,1.0212581,1.1043675,1.3401301,1.4456636,0.88095456,1.3876575,1.3980049,1.0080026,0.6608689,1.3584622,1.0570515,0.5041264,1.3801955,0.44484234,1.1367832,0.5236158,1.4298344,0.8981056,0.98766834,0.83792436,1.4540282,0.7041105,1.4836156,0.88954616,0.8245679,1.4642713,1.06545,1.012862,1.4530075,0.9791573,0.3653847,0.53873646,1.4618576,1.3855716,1.319037,0.98770386,1.0779423,1.4131997,0.8324864,0.83848345,1.0501865,1.2165723,1.2735683,1.470592,0.7245805
boat,1.0623952,1.1617386,1.2037423,1.1503651,1.162119,0.9627638,1.0039976,0.98598886,0.90946704,0.8680158,1.01035,1.0558393,0.44430614,1.1568077,0.81959224,0.9368831,0.0,0.82921535,1.0792427,0.7618419,0.7562171,1.1153971,0.87855756,0.6821442,0.98112404,0.8936296,0.8266125,1.3247838,1.2159173,0.6913637,1.169148,0.9993983,1.0210392,1.016478,1.1413143,0.9358929,1.0270917,1.0249754,1.0481975,0.86839914,1.0096025,0.953137,0.8581823,1.1807017,1.0300031,1.0327857,1.0170268,1.0343667,0.8653003,1.2549928,1.152068,0.88719857,1.1883848,1.3584492,0.53918415,0.9024577,0.99239177,1.1905893,0.97109836,1.069161,1.0609106,1.2879786,0.8320482,0.6586558,1.0266924,1.2275251,1.0833097,1.214724,1.1620216,0.7365144,0.89884526,0.784214,1.1833154,1.0266535,1.044241,1.0590833,0.9399899,1.0427611,1.1872345,1.0315926,1.1540852,0.97527045,1.15044,0.871358,1.269899,1.0851418,1.2577381,1.0800874,1.2705215,1.2292088,1.2424781,0.93953073,1.0503415,1.0627017,1.2034181,0.92856145,1.0504448,1.1275352,0.92100096,1.1023499,0.91252095,1.0938792,0.8126688,0.8660599,1.1521832,0.91385645,0.7522519,1.3498225,0.99794847,0.8434764,0.989762,0.9201601,1.1488727,0.9114639,1.1655322,0.8509077,1.1966699,0.6834091,1.0301487,0.7633687,0.30606717,1.0789787,0.824532,1.1151365,1.2570713,0.9923326,0.91076195,0.89854515,0.86392576,1.1381503,0.9110394,1.1423932,0.8140459,1.0290831,1.352527,1.3045502,1.0257857,0.9413062,0.8757506,0.78721225,0.7961404,0.8570969,0.8375281,0.9801732,1.1942055,0.8968272
book,1.4131277,0.97269225,0.82468903,1.0624006,1.352433,0.9312725,0.8955294,0.77614415,0.8614807,1.309617,1.293463,0.62838584,0.7276627,1.2670841,0.87626845,1.2821721,0.82921535,0.0,0.5470313,0.58868027,0.5566204,0.71994853,0.7805537,0.6216542,0.84113693,0.62692964,0.65896225,1.0160916,1.3479693,0.783225,0.7345034,1.3014146,0.991642,0.9680406,0.8484211,0.9830364,1.2422875,0.8366313,0.5780385,1.1101948,0.612959,0.83399045,0.95192456,1.3720632,1.0621083,1.1831262,0.73673695,1.283883,0.86631525,1.1839412,0.7816682,1.3048906,1.2871804,1.0354182,1.0610654,0.6198062,0.75176036,0.9246875,0.65950954,1.054385,1.2691464,0.9538443,0.8048487,1.2752852,0.5636175,1.39104,0.7054765,1.2107472,0.7339605,1.2718675,1.3899314,1.0090096,1.1309111,0.7461043,1.3575284,0.73253196,1.0653864,0.6259267,1.2724668,1.2813538,1.2701243,0.8121229,1.2755964,1.0695833,1.1467011,1.0795833,0.84294176,0.6783289,0.80270755,1.3689802,0.838197,0.8936111,1.3404739,1.3497717,1.3577096,0.5392815,0.58160186,0.62578213,0.7911414,1.2358449,0.6741002,0.93220216,0.9834447,0.6639545,0.87602395,0.8358347,0.43630373,0.9827925,0.96031386,1.2581576,0.8497244,0.995501,1.2927048,0.7993736,1.3689287,0.7277184,1.281049,0.7668014,1.1370776,1.010612,1.1390529,0.65627,1.2385695,0.6139395,1.1160506,1.2906435,0.8118148,1.1884584,1.0249121,0.7480719,0.9065879,1.3100858,1.1927192,0.7038053,0.97336584,0.8881068,1.1254475,0.6296173,0.5859592,1.0552356,1.2604133,0.97612417,0.7997023,0.8657936,0.6433074,1.2330028
bottle,1.6323909,0.81246203,0.31974387,1.0701547,1.5496509,0.63525903,0.7063019,0.89131564,1.0590713,1.5012401,1.5680951,0.47765934,1.0235778,1.5084739,0.78394675,1.5980637,1.0792427,0.5470313,0.0,0.35456407,1.0307604,0.6132773,0.6089358,0.39901036,0.93013597,0.3957917,0.4495405,0.83240217,1.2599883,1.0252923,0.33963692,1.3473296,0.9823638,1.2754014,1.0984852,1.187437,1.4695393,0.9562053,0.24921978,1.4563463,0.12613201,0.5992648,1.139299,1.4647341,1.2070787,1.1984551,1.009613,1.3343048,0.7667949,1.1701837,0.4989667,1.2999504,1.3027409,0.93089706,1.1906593,0.30860078,0.6689359,1.0067927,0.6648344,1.12945,1.3500996,0.67934346,0.84007406,1.3186349,0.68739414,1.3568835,0.73682636,1.362734,0.30302924,1.3653058,1.483134,1.0679787,1.2001034,0.43879902,1.540425,0.7938055,1.310684,0.30297375,1.2824123,1.4374624,1.3694093,0.8666455,1.5318902,1.2037082,1.107459,1.1624255,0.33625925,0.60064536,0.5290264,1.2891126,0.38971144,1.199828,1.3206091,1.5232838,1.4524906,1.133434,0.33392668,0.3195864,0.65412,1.2439165,0.8454596,1.2059222,0.9702645,0.7454938,0.45268667,1.0469627,0.48697174,0.5612664,0.99333787,1.3605964,0.57907087,1.1328617,1.3402797,0.69608784,1.4430547,0.8874234,1.3956606,0.6633368,1.0637122,1.0940201,1.2924579,0.42364627,1.3353863,0.22253036,1.1080831,1.3400121,0.61839205,1.1414448,1.2046173,0.44216335,0.97292036,1.4315351,1.4802284,0.50270647,0.6198136,0.6132954,1.1863549,0.55783594,0.52521133,1.2531636,1.266692,0.96095973,0.7420002,0.7629775,0.31698442,1.2802644
bowl,1.51208,0.9265129,0.5698623,0.92511475,1.5522428,0.68120456,0.7012533,0.83009815,0.9105871,1.2860428,1.4737028,0.645314,0.9474908,1.4800324,0.8376117,1.5061378,0.7618419,0.58868027,0.35456407,0.0,0.8259903,0.54292256,0.76034606,0.28418612,0.93493056,0.49457008,0.63538826,1.0115141,1.3788007,1.0575292,0.4649222,1.2793922,1.0639063,1.0051564,1.137657,1.0559019,1.4183176,0.8230287,0.5504333,1.3196719,0.21963996,0.7401382,0.8270652,1.4780508,1.1923387,1.2561125,0.9491261,1.3967003,0.8138673,1.2048005,0.5106532,1.2420356,1.3604262,1.1535844,1.135585,0.5043155,0.77922213,1.1784583,0.76854587,1.0841833,1.1329983,0.90636146,0.8426654,1.1445533,0.68084955,1.4618857,0.6197027,1.358264,0.5782039,1.2093326,1.4861355,0.9763217,1.3662684,0.4452322,1.5579956,0.88968974,1.3500946,0.5375551,1.3330998,1.3262782,1.1949333,0.91671187,1.4446747,1.1598642,1.1572812,0.9989068,0.6451751,0.75409883,0.8673807,1.3313158,0.59092546,1.0597944,1.3071222,1.529743,1.5208018,0.92703325,0.60052395,0.61567897,0.65721273,1.2331421,0.83191603,0.9830191,0.91227436,0.29501474,0.62751126,1.0367316,0.44288164,0.8866428,1.0209851,1.2787247,0.7673719,0.7614367,1.4103968,0.70321333,1.494771,0.89683867,1.4743729,0.56178916,1.1216303,0.7036138,1.0780754,0.6815724,1.2657249,0.44696903,1.2521291,0.93804723,0.48703265,1.0979447,1.1464319,0.64706963,1.0100939,1.461629,1.1880324,0.43333018,0.9455133,0.86789995,1.179729,0.7115716,0.56561816,0.81192464,1.2405508,0.95583284,0.8236699,0.8819221,0.6097766,1.2554281
box,0.9999069,1.1726241,1.2672172,0.9775837,1.0543077,1.1181235,1.0458918,1.0884497,0.5716739,0.8510685,0.8971357,1.0658767,0.6834243,1.0586033,0.96879786,0.9992629,0.7562171,0.5566204,1.0307604,0.8259903,0.0,1.1270384,1.0660856,0.7205446,1.1085479,0.77257735,1.1134561,1.319457,1.258446,0.67688197,1.1264092,0.85709894,0.85869396,0.7011406,0.95532846,0.9519682,0.8662807,0.928885,1.2044967,0.5972379,0.88471705,1.1041404,0.7786862,1.070919,0.9444273,0.81086063,0.64705765,1.0735266,1.0283078,1.2042192,1.0084246,1.1528344,1.1324042,1.3131948,0.8434975,1.2117921,1.0127807,1.0264791,1.0379772,1.0557793,0.9199927,1.2905611,0.9243166,1.0924534,0.77228796,1.2683597,1.0828712,1.1500155,1.2107375,0.9301851,1.1585013,0.8864618,1.0233595,0.78388417,1.0948498,1.0403738,0.7357404,0.97197765,1.0904602,1.0640173,1.0506694,0.585011,0.96798325,0.8307253,1.1909989,0.94994813,1.3121244,1.0216285,1.2917451,1.2462057,1.2317376,0.57186484,1.173987,1.0671929,1.0884796,0.5262078,1.1933852,1.218005,1.1242578,1.1031474,0.8514179,0.94764525,0.94263405,0.8360585,1.2139693,0.6478169,0.59190404,1.3574587,0.6704787,1.1314757,1.1128594,0.8759062,1.1089623,1.1008817,1.1368213,0.88393635,1.0718848,0.9389261,0.8900981,0.80809206,0.8403284,1.283176,1.0780437,1.1319667,1.1113153,0.9081554,1.026018,0.9476678,1.0700349,1.1834737,0.7685641,1.099494,0.79214704,0.9273782,1.3636253,1.2865641,0.92226434,0.96936315,0.7575784,0.7316586,1.0572114,0.93687665,0.9735662,0.86912274,1.2244688,0.968176
bread,1.3229609,0.72900033,0.5235972,0.8473578,1.3187584,0.8214003,0.7905452,0.72616726,1.2512345,1.3590534,1.4260705,0.6420272,1.1536677,1.2941254,0.9477006,1.3857397,1.1153971,0.71994853,0.6132773,0.54292256,1.1270384,0.0,0.9228275,0.78237796,0.962177,0.7660599,0.7852496,0.5957625,1.1949911,1.2154787,0.6269767,1.3072562,1.1403687,1.1262398,1.037558,1.1061883,1.376969,0.56156534,0.58574295,1.4952917,0.62550277,0.78704095,0.89455676,1.2972834,1.188494,1.3057837,1.0442777,1.3252094,0.8772189,1.0352616,0.45614153,1.2043462,1.2218328,0.7583823,1.3029422,0.55550206,0.9201638,0.97967565,0.8637614,0.96362585,1.2777476,0.776036,0.8640562,1.2743058,0.83831805,1.2216605,0.24211681,1.138558,0.58401513,1.309536,1.3903732,1.230601,1.2106571,0.80185664,1.413036,0.794729,1.3963664,0.712867,1.2397557,1.1257991,1.060369,1.1376454,1.221313,1.2640264,0.86382234,0.75306904,0.54619396,0.5946444,0.704471,0.9740232,0.48258793,1.105904,1.2556496,1.4177903,1.3137827,1.0222446,0.6438178,0.60130847,0.7741113,1.0583439,0.7912218,0.6641805,1.1846336,0.40415913,0.6262381,1.1365014,0.76668227,0.6738099,1.1617393,1.1606727,0.84771055,0.90410525,1.2816511,0.8150607,1.3526096,0.98766524,1.2659025,0.9014058,1.2239343,1.0938373,1.314738,0.6029028,1.2280624,0.4649973,1.112629,1.0684823,0.7086421,1.2918986,1.1658013,0.5780982,1.1935499,1.3731493,1.3406253,0.537174,0.61012495,0.6217084,1.2490842,0.63994056,0.7959144,1.1745348,1.2748008,1.0849596,0.9807506,1.1515629,0.5313722,1.3020992
broom,1.4803879,0.94214064,0.8822473,1.0902448,1.4215804,0.81402504,0.88455826,0.9501396,0.92842346,1.2261064,1.3821173,0.81080306,0.66077316,1.4278232,0.8028074,1.3328357,0.87855756,0.7805537,0.6089358,0.76034606,1.0660856,0.9228275,0.0,0.6069168,0.8180425,0.5840141,0.61449885,1.0570433,1.261047,0.6740306,0.8005834,1.1571525,0.92555076,1.184631,1.0862907,1.0242373,1.3412606,1.0054355,0.57717836,1.1780986,0.62811935,0.5971533,1.0839686,1.3377764,1.0601485,0.9879208,0.999226,1.1503226,0.8288602,1.1740175,0.8626509,1.1709777,1.322017,1.1906711,1.0437856,0.5166718,0.7468211,1.1010008,0.6002889,1.0965666,1.293492,0.9472878,0.9566838,1.1541553,1.0370197,1.3466871,0.89363223,1.3492808,0.7916338,1.0259808,1.2364466,0.78579223,1.1671977,0.7928922,1.3901416,0.696922,1.0396717,0.38849944,1.1574373,1.3794255,1.4264865,0.9839382,1.459893,0.9223621,1.2420725,1.1518556,0.90640163,0.8025533,0.7889775,1.2958336,0.9193768,1.1269741,1.1871502,1.3484273,1.3043728,1.108758,0.59345436,0.5743456,0.84446025,1.1099248,0.87465197,1.271775,0.76704234,0.9574539,0.7709409,0.97112274,0.74589133,0.9773566,0.8785175,1.1768174,0.6979549,1.0765849,1.1411568,0.6919589,1.4033413,0.92957914,1.2454083,0.354661,0.93016446,1.0241765,1.0456626,0.684933,1.0359544,0.7459503,1.1238735,1.2576692,0.5727117,0.7693608,0.8935904,0.72248673,0.8299564,1.3509719,1.2837623,0.7800294,0.9879772,1.0077214,1.1758751,0.7396875,0.83658326,1.2131838,1.027123,0.75568604,0.7854409,0.5035986,0.72425467,1.0982255
bucket,1.5598567,0.88486946,0.7704877,0.99790287,1.5565248,0.6783073,0.66092527,0.93585163,0.76673484,1.3835452,1.484091,0.7718401,0.7555901,1.4487605,0.65565014,1.4509528,0.6821442,0.6216542,0.39901036,0.28418612,0.7205446,0.78237796,0.6069168,0.0,0.8750117,0.2838806,0.62694585,1.1715131,1.4301372,0.7651566,0.6677283,1.2534025,0.91075754,1.114169,1.1283183,1.089225,1.4159012,0.98572046,0.67106295,1.2181485,0.22252846,0.59495455,1.0056362,1.4577966,1.1173235,1.1968509,0.93793887,1.2666807,0.6880935,1.2532511,0.60352594,1.2018878,1.4243445,1.2321501,1.032674,0.6322705,0.71253306,1.0586354,0.68962854,1.1849464,1.2636393,0.9819077,0.74141216,1.1974399,0.78846276,1.5065769,0.769143,1.4112955,0.5440829,1.0877103,1.4488915,0.78519934,1.2062917,0.36146307,1.5031567,0.96568704,1.2150202,0.49598593,1.3464613,1.4084438,1.3728107,0.76730895,1.3754679,0.96560323,1.3294027,1.0946982,0.83626646,0.7863054,0.8582493,1.3819987,0.7850971,1.0039011,1.3434335,1.4559065,1.4496646,1.0813571,0.7208675,0.7486111,0.76555365,1.2500001,0.78262556,1.1997948,0.7716383,0.6332264,0.6502325,0.7195963,0.27459937,0.9997091,0.94930327,1.2852325,0.6631402,0.9329864,1.3055046,0.76652217,1.4871843,0.6937849,1.3634028,0.49563026,1.1542629,0.9095198,0.9627507,0.59787446,1.3090816,0.59201515,1.0877209,1.1613632,0.5527454,0.9563201,1.1921139,0.63569176,0.7842119,1.4371905,1.3243059,0.4455868,0.9930579,1.0559068,1.274327,0.66795075,0.5467106,1.053927,1.2093475,0.7161189,0.7419011,0.63332546,0.58967435,1.3073822
butterfly,1.2411621,0.89238197,0.9383477,0.94116527,1.1470656,0.866616,0.8231244,0.8594464,1.0940418,1.2523218,1.3328955,1.0436083,1.0391614,1.1981891,0.756083,1.2329632,0.98112404,0.84113693,0.93013597,0.93493056,1.1085479,0.962177,0.8180425,0.8750117,0.0,0.9788525,0.871364,0.98710215,1.1370649,1.0326284,0.8139541,1.2054689,1.0421522,1.2009165,0.8226362,0.9669497,1.3432306,0.91744375,0.7775595,1.2898972,0.91358316,0.75121576,1.0677394,1.215611,1.0762776,1.2097081,1.0153385,1.1745043,0.75447774,0.9949344,0.8771878,0.99652666,1.177077,0.9717308,1.1004708,0.73832804,0.74734807,1.0529771,0.45013958,0.905372,1.214678,0.98466694,0.77543664,1.1362444,0.86243653,1.165228,0.86739755,0.9839992,0.88611466,1.1550134,1.0895528,0.79711026,1.1400039,1.0014653,1.3082522,0.9244953,1.267594,0.73612577,1.2078534,1.0543138,1.16389,1.0014246,1.083685,1.1560222,1.1515819,1.1087681,0.9610033,0.81157434,0.90608495,1.1272345,0.9839985,1.1793647,1.0678881,1.2650504,1.2889298,0.94510436,0.7741215,0.8369256,0.9180237,1.1107011,0.94775134,1.0257839,0.8521278,0.92729217,0.87053,1.1104856,0.8689047,0.9597383,1.1963532,1.1095382,0.86055744,0.94508916,1.1538966,0.73738897,1.2556996,0.8478776,1.3035431,0.77840865,1.0253007,1.0421126,1.0551147,0.7582892,0.9945588,0.87015057,0.9951271,1.1781749,0.82177764,0.9362446,0.7961849,0.70158565,1.1382384,1.2354318,1.2532485,0.8762423,0.91802114,0.91993,1.1414025,0.83440447,0.9175398,1.169337,1.0308827,1.0017631,0.9016698,0.94498503,0.85936815,1.1966193
can,1.6211563,0.67823595,0.747469,1.1301031,1.4832144,0.945438,0.84942937,0.82214075,0.7276865,1.3293405,1.4082118,0.45047736,0.7687697,1.4235513,0.8639366,1.3820957,0.8936296,0.62692964,0.3957917,0.49457008,0.77257735,0.7660599,0.5840141,0.2838806,0.9788525,0.0,0.60420054,0.95649123,1.1595894,0.6382791,0.695038,1.1409725,0.78843117,1.1372358,0.9081457,0.9723215,1.2657442,1.0488509,0.5254615,1.1091938,0.35156167,0.7570498,1.1578254,1.4435363,1.2063566,0.9129962,0.7801564,1.2002242,0.85932064,1.1662866,0.79418445,1.2951068,1.3487833,0.97351307,1.1003981,0.59229475,0.7986951,0.9965585,0.7239043,1.3635612,1.3911355,0.7953388,0.8840443,1.3831627,0.97340834,1.2730377,0.8566389,1.3628739,0.45983607,1.2381968,1.4643363,0.9724695,0.87342227,0.57528555,1.3941724,0.69823074,1.0218341,0.48260236,1.2810559,1.503866,1.4587448,0.8840584,1.4557537,1.0207304,1.0496184,1.1784196,0.7000241,0.5473992,0.6255025,1.346648,0.7815318,0.84934956,1.3077505,1.415108,1.2046014,1.1021132,0.55273694,0.55562335,0.83904684,1.1414745,0.5692306,1.3363231,0.91174185,0.87342954,0.7383636,0.7198373,0.43010092,0.8055598,0.6778716,1.370008,0.84625065,1.1421831,1.1737512,0.87432384,1.3262556,1.0052688,1.1082956,0.71593344,0.94143707,1.0302104,1.1803005,0.60470676,1.3005548,0.5714189,1.0446262,1.3183018,0.7246179,1.0969149,1.1710683,0.666341,0.71547425,1.257336,1.4020314,0.7074722,0.7648506,0.8382382,1.3071921,0.4724669,0.8174691,1.2657356,1.2416373,0.87213147,0.9014443,0.59807265,0.6002236,1.1768659
