,alligator,apple,arm,ball,balloon,basket,bed,belt,bench,bib,blanket,boat,book,bottle,bowl,box,bread,bucket,can,car,carrot,cat,chair,clock,couch,crayon,crib,cup,dog,doll,drawer,egg,face,finger,fish,flower,frog,glass,glasses,glove,grass,gum,hair,hand,hat,horse,hose,jacket,jeans,knife,ladder,lamp,melon,mitten,motorcycle,muffin,nail,napkin,necklace,oven,pajamas,pants,paper,pen,pencil,pillow,pizza,plate,pumpkin,purse,radio,scissors,shirt,shoe,shorts,shovel,sink,slide,slipper,snow,sock,spoon,sprinkler,sweater,table,tape,toe,tooth,toothbrush,towel,toy,tray,vacuum,watch
alligator,0.0,1.2696512,0.6621814,1.2901273,1.2343891,1.3557448,0.55172503,1.2174124,0.96013755,0.76178885,0.59407634,1.2609876,0.9690811,1.446572,1.4096382,1.1502261,0.989616,1.3135138,1.339828,1.409765,0.9889237,1.0385718,1.0890785,0.95035416,0.6029116,1.4553556,0.89827925,1.4004638,0.8628504,0.9715059,1.2546655,1.320123,0.76219326,1.2099704,0.932503,1.2212812,0.8778078,1.0843097,1.2353227,0.7586554,0.7893871,1.4056766,0.8880617,0.7718495,1.2760575,0.69105124,1.0797995,0.39451826,0.7206191,0.98259836,1.0916728,1.4149902,1.0489893,0.6460659,0.903985,1.0539318,1.2475419,0.86241204,1.3226709,1.3474659,0.5914186,0.51564616,0.97666866,1.1230464,0.9340133,1.0958631,1.0633098,1.0705684,1.3010049,1.2713912,1.2572489,1.1569022,0.63516104,0.7936595,0.67335755,1.2540619,0.8435865,0.8597168,1.3503124,0.8689525,1.0664941,0.9852784,0.90851223,0.5058663,0.77285886,1.3445888,1.1747524,1.1840072,1.0612962,0.7948472,1.3453159,1.2264855,0.99564606,1.2559917
apple,1.2696512,0.0,1.3487732,0.59686327,0.6350698,0.92438245,1.3914709,0.6429931,1.2075794,1.2910624,1.3030403,0.8234768,1.1304226,0.59317803,0.40058613,1.0838865,1.1655786,0.51521045,0.7295046,0.7526469,1.0088722,0.9023508,1.1078311,1.1482857,1.3894429,0.4221844,1.2369264,0.48565853,1.1965119,1.1228794,0.91507715,0.66286445,1.0565945,0.71576303,0.9368044,0.8297349,1.2061068,1.0415332,0.72474134,1.1733854,1.1310223,0.5435945,1.3363138,1.3134046,0.6879805,1.2402363,1.0436583,1.157426,1.2587353,0.6749328,0.9833484,0.55290806,1.0097462,1.2456276,1.2247603,1.151751,0.5159154,1.2356664,0.6411428,0.68777186,1.3702478,1.260664,1.3712137,0.85793746,1.2622714,0.9992671,0.8887176,1.0841444,0.6375,1.155128,0.9139985,0.94565934,1.115934,1.3494453,1.1589485,0.93931866,1.251905,1.244413,0.66742,1.1291262,1.1113083,0.95362926,1.0557847,1.2615936,1.3203039,0.88981104,0.737751,0.8880786,0.8642856,1.3219371,0.91303796,0.56424963,1.2853541,0.77035034
arm,0.6621814,1.3487732,0.0,1.331919,1.2368056,1.0819466,0.6529901,1.1870664,0.59001696,0.87983537,0.7220104,1.194806,0.94191706,1.3934288,1.3847361,0.9121665,1.0363561,1.2279837,1.1257992,1.3370942,0.9591921,1.1151595,0.89043176,0.96950614,0.59955144,1.4125435,0.69394696,1.2665356,0.8068986,1.0638486,1.1692557,1.2564425,0.78729534,1.205722,1.0201186,1.1349413,0.99178916,1.1334682,1.2646265,0.9851264,0.93169886,1.338412,0.82223856,0.8664428,1.2634037,0.8751855,1.0236324,0.71392083,0.7731688,1.0299999,0.85107005,1.4409335,0.9624347,0.78040993,1.0310081,1.0393081,1.2673175,0.9897556,1.2384725,1.1774765,0.80680656,0.74516,0.8267132,1.171873,0.8010705,1.091885,1.246659,1.0988098,1.2379667,1.0752602,1.2492753,1.2205458,0.8720857,0.8590592,0.9513727,1.2595751,0.6630826,0.7936585,1.3838804,0.8709186,0.92417777,1.1151575,0.95669246,0.7153969,0.7225448,1.1399308,1.177599,1.132656,1.096529,0.9249347,1.3011053,1.1961222,0.7825347,1.235527
ball,1.2901273,0.59686327,1.331919,0.0,0.5477785,0.70148534,1.377529,0.9619063,1.2751021,1.3050928,1.4053776,0.72496235,1.0850592,0.5214639,0.59062374,0.9369664,1.1424665,0.64663464,0.88721883,0.75475997,1.0893551,1.0662026,1.1342186,1.0559893,1.4416972,0.6315608,1.2883894,0.61987567,1.1253545,0.99726784,0.96523136,0.57903326,1.0300248,0.9831858,0.9588678,0.63948774,0.99691015,0.9706801,0.6735326,1.0546533,1.2090386,0.5409471,1.2879467,1.2902824,0.5135798,1.2689016,0.9883837,1.2701671,1.3649132,1.0218041,1.0826443,0.52196395,1.1677824,1.3057445,1.1827092,1.1419079,0.49961293,1.1085485,0.9079448,0.8202123,1.3305562,1.2942855,1.3062358,0.96835625,1.2119026,0.95542485,0.9822726,1.0173793,0.59038514,0.9146212,0.8327192,1.0316851,1.21127,1.1028489,1.204588,0.861796,1.2688411,1.062918,0.6439466,1.1107293,0.99480176,1.0658808,1.0385178,1.3838096,1.183005,0.7978959,0.82175934,0.8640948,1.0330029,1.14611,0.5639047,0.7106627,1.1046216,0.552034
balloon,1.2343891,0.6350698,1.2368056,0.5477785,0.0,0.90613484,1.2238959,1.0441921,1.1470101,1.289382,1.3070093,0.7891172,1.0044026,0.5648422,0.79877794,0.7646747,1.2895131,0.8399311,0.84678185,0.6463006,1.0491811,1.1600534,1.0838068,1.0347247,1.3016547,0.80614394,1.1910698,0.7238247,1.1600347,0.9844475,0.98799235,0.46641338,1.1250689,1.0635995,0.95528203,0.8336879,1.0930539,0.77959144,0.96856344,1.0638446,1.2327566,0.7119397,1.2336926,1.1588506,0.6798311,1.2687624,1.0008491,1.2188294,1.2539451,1.0002879,1.0870503,0.70159173,1.186653,1.1200042,1.1147721,1.2958663,0.6561018,1.0174032,1.0311836,0.954246,1.2509468,1.2621788,1.1210406,1.0551873,1.0333569,0.8033206,1.1297036,0.9227472,0.8369975,0.8000222,0.8739355,1.0268033,1.1867895,1.0650417,1.0347823,0.7574624,1.0700171,1.0545497,0.72746503,1.0619341,1.0507298,0.9267581,1.1267694,1.3180952,1.1181602,0.85998774,0.84663874,0.77930146,1.0588269,1.0469847,0.55173516,0.9441408,1.0534716,0.9051028
basket,1.3557448,0.92438245,1.0819466,0.70148534,0.90613484,0.0,1.2770535,0.7818917,0.9699981,1.2243288,1.254246,0.73314613,1.0902786,0.753317,0.75409675,0.767048,1.0397966,0.64974236,0.6432997,0.83455414,1.0928202,1.0881343,0.6844226,1.1579391,1.2702405,0.751959,1.0364366,0.7806947,1.2048051,0.8175547,0.7477412,0.75211716,1.1502182,0.9649654,1.142986,0.6406308,1.1487218,1.1416097,0.73992133,1.0684899,1.2123,0.73415923,1.1412106,1.2776066,0.6264527,1.2456274,1.0585206,1.3604157,1.256285,1.1076269,0.7840142,0.7007494,1.0472236,1.3549207,1.15356,1.0432065,0.8915437,1.1083223,0.8875145,0.7364608,1.386858,1.2929468,1.1457978,0.8357321,1.1504688,1.000109,1.0412148,0.9932111,0.4616456,0.70942366,0.76971024,1.0132774,1.1685019,1.1804193,1.2954502,0.9846457,1.2309476,1.026794,0.7422887,1.1912221,1.0480291,1.182905,0.99508685,1.3008556,1.2919695,0.79131556,0.9472077,0.8680499,1.1302409,1.136498,0.856785,0.7076798,0.7984574,0.76273566
bed,0.55172503,1.3914709,0.6529901,1.377529,1.2238959,1.2770535,0.0,1.318851,0.7321471,0.6860721,0.1423958,1.2259712,0.88930595,1.4273683,1.5477613,0.9989641,0.9575642,1.5001235,1.2485242,1.3071771,1.0764191,1.0215352,0.86045945,0.82586,0.16591811,1.5428851,0.46692294,1.4580834,0.8155088,1.0762364,1.2353767,1.3966696,0.85846454,1.4133867,1.1320999,1.2401892,0.8955101,1.0747739,1.415828,1.0025886,0.88960814,1.5139658,0.82902646,0.9276722,1.2910476,0.87915385,1.0368636,0.60293055,0.62511766,1.1550665,1.011829,1.4949467,0.9489335,0.68981904,0.95626664,0.9665778,1.3888727,0.8226466,1.4349229,1.3423811,0.4869718,0.6082674,0.7894075,1.3341335,0.9573358,0.81372166,1.0952756,0.97533876,1.3828537,1.0567261,1.241749,1.1718472,0.75434184,0.7193588,0.64991796,1.2762754,0.7732237,0.6355002,1.4825572,0.6864269,1.0776398,0.9564158,1.0837555,0.5896518,0.5898322,1.2937052,1.4483829,1.1315222,1.2726156,0.7408929,1.1876267,1.3229649,0.9518718,1.365649
belt,1.2174124,0.6429931,1.1870664,0.9619063,1.0441921,0.7818917,1.318851,0.0,1.0940691,0.94540983,1.2202743,0.85800004,1.2455887,0.92618936,0.6777529,1.1265968,0.95203173,0.81423885,0.8029914,0.943264,0.8885143,0.78569794,0.79767954,1.2018436,1.1908879,0.74637514,1.1182266,0.8611585,1.0119774,0.8911958,0.87234354,0.8746469,1.125273,0.41041976,0.99666816,0.9281828,1.3788795,1.2404417,0.56328094,0.8870492,0.9696199,0.8761178,0.9975495,1.2517124,0.7907316,0.9851034,1.2254802,1.2204314,0.95687664,0.8125799,0.90842986,0.74071366,0.8453121,1.1374238,1.1917859,0.9182496,0.7917211,1.2261555,0.43604338,0.68710905,1.2818344,1.1269982,1.3438554,0.66814804,1.2681661,1.1367111,0.80497426,1.1593114,0.81658185,1.1057659,1.0231907,0.9316819,1.0620018,1.3572061,1.1633624,1.0707918,1.2202481,1.2666569,0.7051004,1.2366536,1.0520087,1.1889807,0.9272269,1.1058615,1.3980926,1.0582191,0.72064686,1.0305911,0.9371762,1.2927934,1.2893867,0.74867857,1.055876,0.81811625
bench,0.96013755,1.2075794,0.59001696,1.2751021,1.1470101,0.9699981,0.7321471,1.0940691,0.0,0.83689755,0.7460061,0.87758815,0.91591215,1.315573,1.2432525,0.8324044,1.0196223,1.069558,0.98483074,1.1759193,1.0305941,1.2169822,0.63967854,1.0228528,0.59779453,1.3223505,0.40797716,1.1936474,0.94727755,0.9198816,0.8146434,1.2226415,0.9839377,1.1919427,0.927996,1.0533692,1.0356234,1.1414125,1.2290711,1.0565759,1.032737,1.2783747,0.93955225,1.0195616,1.1281469,1.063679,0.93034154,0.9860163,1.0082239,1.0733842,0.35283905,1.2981844,0.89122826,0.8665553,1.0106257,1.0265181,1.3390551,1.0275221,1.1617558,1.1230322,0.9199828,0.809872,0.91177434,1.1069638,0.9529408,0.8476162,1.1796587,1.0229713,1.1758898,0.9207014,0.953184,1.0699052,1.0595391,0.95612836,0.95484036,1.1983764,0.93665636,0.7753745,1.2148873,0.9054056,1.0750598,1.1277887,1.0330036,1.0214832,0.8338777,0.93253195,1.2459897,1.1419357,1.1997312,1.0362821,1.1366758,1.065826,0.7051033,1.2662292
bib,0.76178885,1.2910624,0.87983537,1.3050928,1.289382,1.2243288,0.6860721,0.94540983,0.83689755,0.0,0.5500057,1.049403,0.999557,1.4806472,1.3241546,1.1379449,0.92882603,1.3953087,1.1971989,1.2883279,0.8417202,0.99685186,0.97862655,1.0352807,0.6609247,1.4236953,0.7701693,1.3979812,0.8398349,0.8104973,1.1155152,1.1866211,0.9940666,0.9880153,0.9117353,1.196036,1.1075932,1.0151644,1.1557745,0.5359269,0.93358964,1.4524405,0.7675449,0.7729484,1.2396559,0.81489795,1.0999857,0.9006769,0.6948576,1.0376564,0.91060776,1.3294013,0.88185704,0.43574452,0.9891991,0.9219028,1.2949253,0.9057353,1.0401715,1.181105,0.3365488,0.59249187,0.859617,0.9750336,0.90668255,0.8154065,1.0204697,1.0922369,1.2977817,1.1898527,1.2004008,1.2275372,0.8002683,0.9332949,0.8618145,1.1815444,0.97377044,0.81139135,1.2769421,1.0581847,0.8043481,1.1531308,0.9973413,0.6882538,1.0244411,1.3248355,1.0236008,1.1671488,1.0850405,0.8920096,1.4439486,1.2714736,1.0031483,1.2709978
blanket,0.59407634,1.3030403,0.7220104,1.4053776,1.3070093,1.254246,0.1423958,1.2202743,0.7460061,0.5500057,0.0,1.2139614,0.95093626,1.4920026,1.497021,1.1198198,0.8857723,1.4694972,1.2326581,1.3028598,0.96407187,0.9564065,0.9021217,0.86944854,0.21769923,1.5068944,0.4995566,1.5019636,0.867122,1.0975075,1.179689,1.3871273,0.9247003,1.3070996,1.0322099,1.259313,0.92909044,1.1283095,1.3902402,0.9208512,0.8278848,1.5164974,0.8049836,0.9551678,1.303934,0.80829525,0.996491,0.64996856,0.6074226,1.0648209,0.9838493,1.5290401,0.7021905,0.62347966,0.9511087,0.88854563,1.3884664,0.8159846,1.3289323,1.2972755,0.4966755,0.609805,0.8324263,1.2389259,1.026983,0.764114,1.0423937,1.0085047,1.3525287,1.2359489,1.2671275,1.185947,0.72767496,0.7599075,0.617447,1.3464404,0.8112533,0.67493564,1.4463596,0.86038727,0.9956022,1.0047587,1.0670829,0.5142219,0.79446495,1.283679,1.4017677,1.1811854,1.2480222,0.7275014,1.3742459,1.2803802,1.0484987,1.4042318
boat,1.2609876,0.8234768,1.194806,0.72496235,0.7891172,0.73314613,1.2259712,0.85800004,0.87758815,1.049403,1.2139614,0.0,1.1701624,0.6906804,0.74723375,0.90343165,1.146906,0.66981936,0.6778836,0.5216106,1.2554023,1.1275427,0.75362813,1.1649442,1.2302331,0.76191235,0.9407546,0.66699976,1.1598873,0.86157846,0.7166826,0.757797,1.2671512,0.9967136,0.95880234,0.7373189,1.3240352,1.1822395,0.9034771,0.92750436,1.2251391,0.8783951,1.2449569,1.3568864,0.71244216,1.2056608,1.1500624,1.333533,1.1757532,1.1625191,0.7022935,0.6459808,0.97996044,1.2031955,1.2330842,1.1057386,0.9356891,0.82586795,0.9429981,0.77525127,1.2165891,1.203897,1.3207285,0.9681297,1.3003716,0.46182096,1.0384727,1.0094893,0.8161845,0.92683923,0.6564034,1.170478,1.2079738,0.961204,1.0999358,0.85243034,1.3214253,0.7374393,0.4761591,1.086117,0.9957706,1.1941786,1.1223124,1.34083,1.3114175,0.7687647,0.8431344,0.6793965,1.2302046,0.93898773,0.8293711,0.85037744,0.9530649,0.93208474
book,0.9690811,1.1304226,0.94191706,1.0850592,1.0044026,1.0902786,0.88930595,1.2455887,0.91591215,0.999557,0.95093626,1.1701624,0.0,1.1423901,1.1693518,0.9137165,1.1507404,1.0309067,1.0388446,1.0801978,0.9831873,1.2322484,1.017691,0.81640697,0.9526754,1.1822455,0.7061037,1.048759,1.0811675,0.96909976,1.0437081,1.1312985,0.9174433,1.2382762,1.1030953,0.99758947,0.84993124,0.82755256,1.0640991,1.1206106,1.1296872,1.0326835,1.0172982,0.77238834,1.0003505,0.95388377,0.9089104,0.94603336,1.1188397,1.0296576,1.0116981,1.1060932,1.1112524,0.9682947,0.9059541,1.1688045,1.1984345,0.8306572,1.2009606,1.204628,0.8566248,0.96615326,0.59098196,1.0900482,0.80426884,1.0002955,1.1574492,0.7377458,1.1585978,0.8795749,0.994993,0.9152913,1.0727661,0.91313463,1.0074066,1.1358515,0.75519586,1.0800282,1.2227203,0.97927815,0.92929816,0.9456804,1.1476144,1.021655,0.736123,0.9787433,1.1835551,1.0526705,1.0336852,1.0113558,0.93111736,1.0763776,0.89299303,1.0962415
bottle,1.446572,0.59317803,1.3934288,0.5214639,0.5648422,0.753317,1.4273683,0.92618936,1.315573,1.4806472,1.4920026,0.6906804,1.1423901,0.0,0.43464983,0.9549385,1.1496675,0.48781824,0.74227256,0.50619745,1.1371522,1.0863417,1.0420021,1.1250572,1.5226688,0.2580042,1.3455541,0.35984313,1.2887399,0.9294341,0.9189738,0.50945,1.2475405,0.85715175,1.1590669,0.5944648,1.0672272,1.0164195,0.6932869,1.1634825,1.3261657,0.33787578,1.3637489,1.3069882,0.5254365,1.3426987,1.0423392,1.4086196,1.4033349,0.99533874,1.0740848,0.44083273,1.1275384,1.4248445,1.1792614,1.1254952,0.462797,1.1759273,0.7788919,0.5598877,1.4605631,1.4472203,1.2944238,0.85260403,1.1045789,0.9876953,1.0303013,1.0463204,0.5954589,0.78686666,0.82818365,0.7872571,1.3529171,1.2475533,1.2945659,0.5841409,1.2774698,1.1857513,0.43827587,1.173185,1.0437328,0.92623943,0.9961247,1.4778402,1.2313122,0.6012246,0.7283839,0.64765143,0.8482994,1.2518677,0.3609286,0.67694557,1.2071667,0.46773732
bowl,1.4096382,0.40058613,1.3847361,0.59062374,0.79877794,0.75409675,1.5477613,0.6777529,1.2432525,1.3241546,1.497021,0.74723375,1.1693518,0.43464983,0.0,1.1253307,1.1255981,0.36597395,0.73796725,0.5934162,1.0279117,0.9451646,1.0590556,1.1871433,1.5527594,0.24596393,1.3132126,0.22974586,1.2834848,0.99306417,0.78438926,0.60670173,1.1435437,0.63500935,1.019266,0.67464703,1.3083498,1.2054176,0.55625224,1.1313713,1.1778332,0.47105986,1.3437188,1.3108759,0.64952177,1.2355335,1.1593449,1.3184439,1.3900867,0.7753625,0.9960204,0.45762914,1.071611,1.3710828,1.2073766,1.1168008,0.37203288,1.2679927,0.56573343,0.5185673,1.5019503,1.337675,1.4006101,0.7297299,1.2488484,1.0511235,0.8858924,1.0329263,0.45304298,1.0806614,0.8193364,1.0319743,1.1750212,1.4436743,1.3234878,0.88620275,1.3256707,1.3345807,0.47064537,1.1166501,1.0777469,1.1519355,0.9562338,1.377599,1.3900496,0.79041225,0.5179022,0.89149094,0.9338847,1.3629156,0.8876446,0.40051425,1.1768193,0.531986
box,1.1502261,1.0838865,0.9121665,0.9369664,0.7646747,0.767048,0.9989641,1.1265968,0.8324044,1.1379449,1.1198198,0.90343165,0.9137165,0.9549385,1.1253307,0.0,1.1289886,0.8635864,0.83610106,0.9297769,1.170777,1.2103167,0.8988751,0.9647688,1.0411967,1.0648016,0.87382865,0.87533724,1.0991111,0.90450656,0.8186052,0.87328756,1.0554655,1.1762081,1.1675744,0.9825057,1.0353975,0.8881799,1.0864625,1.1021456,1.0956769,0.99015015,1.1792358,1.102331,0.9012134,1.266813,0.8777928,1.2089736,1.2363181,1.1044787,0.8471071,0.9020982,1.1496689,1.1012568,1.0684359,1.1369907,1.078777,0.9239385,1.1374016,1.0489999,1.0891382,1.1342171,0.92647237,1.1596825,1.0224028,0.82565445,1.1827625,0.88413763,0.958263,0.6985981,0.7833549,1.059828,1.2285118,0.9227425,1.010327,0.9664313,0.9079274,0.92953295,1.0172065,1.0435967,0.9761173,1.0732274,1.0523679,1.2228082,0.9445317,0.7295244,1.1291363,0.9630573,1.1921333,0.9710852,0.7393942,1.0427195,0.6371952,1.0620087
bread,0.989616,1.1655786,1.0363561,1.1424665,1.2895131,1.0397966,0.9575642,0.95203173,1.0196223,0.92882603,0.8857723,1.146906,1.1507404,1.1496675,1.1255981,1.1289886,0.0,1.1579611,1.1972096,1.2289813,0.8622369,0.62154865,1.0919966,1.0286226,0.84347695,1.1156381,1.0438823,1.1880997,0.7936609,1.1942419,1.1639452,1.1332555,1.0706682,1.0427496,0.9274373,1.136083,0.91796887,1.0652411,1.0584072,1.0167439,0.5183484,1.1506364,0.6704939,1.0593793,1.1558634,0.86193573,0.9237138,0.9606893,0.86412036,1.0954677,1.0991602,1.1437082,0.70968896,1.1375574,0.91095626,0.05020821,1.164736,1.1426101,1.0580282,1.0171378,1.0134026,0.9465602,0.9567745,1.0822474,1.1500869,1.160302,0.55127156,1.1477613,1.0932077,1.1373823,1.147291,1.0283018,0.9664309,1.0480564,1.0410298,1.1285635,1.0470462,1.05604,1.1890141,1.0101901,1.1692287,0.96828705,0.9399179,0.92221266,0.99717945,1.0307449,1.2078478,1.1342452,1.0368438,1.0947994,1.1851672,1.0993073,1.0420364,1.1190532
bucket,1.3135138,0.51521045,1.2279837,0.64663464,0.8399311,0.64974236,1.5001235,0.81423885,1.069558,1.3953087,1.4694972,0.66981936,1.0309067,0.48781824,0.36597395,0.8635864,1.1579611,0.0,0.65248585,0.6619836,1.0455437,1.1815091,0.9259061,1.1424736,1.5073683,0.38348716,1.1269841,0.33959484,1.3671789,0.9139257,0.6731502,0.67156804,1.1379417,0.8581793,0.9991059,0.5973619,1.1560941,1.1965472,0.770645,1.1763235,1.2636184,0.41631144,1.4250658,1.3279512,0.675144,1.3156074,1.0582203,1.3506331,1.5094213,0.6960819,0.7934712,0.5088155,1.1090491,1.3568182,1.1331602,1.1859388,0.69075155,1.1741142,0.78171575,0.6499088,1.4972839,1.3645444,1.2790892,0.7706796,1.220596,1.0074477,1.0993141,0.9259163,0.57427806,0.8799814,0.7321228,0.87558246,1.3051281,1.3621073,1.2609966,0.94080126,1.2487806,1.1747522,0.58549607,1.1695211,1.0182711,1.0963156,0.8801162,1.4662013,1.3239954,0.537903,0.812258,0.8884972,0.891181,1.3331838,0.7263167,0.45126903,0.998134,0.6592294
can,1.339828,0.7295046,1.1257992,0.88721883,0.84678185,0.6432997,1.2485242,0.8029914,0.98483074,1.1971989,1.2326581,0.6778836,1.0388446,0.74227256,0.73796725,0.83610106,1.1972096,0.65248585,0.0,0.5539946,1.2618887,1.0585301,0.638706,1.0523262,1.2454298,0.7127106,1.0313164,0.5868422,1.1912315,1.0394086,0.6226605,0.84430003,1.1707962,0.9613925,1.2361975,0.8547559,1.3494439,1.0830725,0.93234164,1.0851104,1.1654161,0.9069656,1.175482,1.2733725,0.6068548,1.1728156,1.1947514,1.3028882,1.1295555,1.0740415,0.7650198,0.5733908,0.97215253,1.2832177,1.25531,1.1588323,1.0345675,0.9002341,0.7555682,0.5610483,1.3450778,1.3770378,1.1771297,0.99114585,1.2394607,0.81827164,1.0160861,0.8664167,0.8187079,0.89031404,0.5462317,1.075882,1.1799052,1.0983144,1.1021624,0.99776655,1.1710875,1.1799529,0.6422047,1.1106325,1.0983888,1.1415232,1.0717186,1.2956134,1.3472317,0.87122923,0.90723646,0.65499854,1.1800735,1.0560468,0.9194521,0.7419555,0.84918463,0.9898101
car,1.409765,0.7526469,1.3370942,0.75475997,0.6463006,0.83455414,1.3071771,0.943264,1.1759193,1.2883279,1.3028598,0.5216106,1.0801978,0.50619745,0.5934162,0.9297769,1.2289813,0.6619836,0.5539946,0.0,1.1203893,1.0483075,0.9337707,1.0832783,1.3505867,0.5606639,1.1658934,0.61409247,1.1600622,1.0318623,0.6158843,0.73417145,1.2865276,0.9834026,0.9707062,0.8862688,1.122836,1.004806,0.87063265,1.0548507,1.2440027,0.6262892,1.2001892,1.2210033,0.78804374,1.205464,1.0916724,1.4366717,1.2669829,1.0228966,1.0269738,0.53906065,1.028792,1.2764904,1.071419,1.1779552,0.8016959,0.84012926,0.9110145,0.7866056,1.3602259,1.4139209,1.2368867,1.0181955,1.1724743,0.6613643,0.9928138,0.8644663,0.7836553,0.8806445,0.5815067,0.95988405,1.3485701,1.0664806,1.1934648,0.71792173,1.2038093,1.0399691,0.51025087,1.107044,1.046193,1.0555427,1.070888,1.4812496,1.2732518,0.7941264,0.8130554,0.6694516,0.9801645,0.9858748,0.6670586,0.6927879,0.9575676,0.8477135
carrot,0.9889237,1.0088722,0.9591921,1.0893551,1.0491811,1.0928202,1.0764191,0.8885143,1.0305941,0.8417202,0.96407187,1.2554023,0.9831873,1.1371522,1.0279117,1.170777,0.8622369,1.0455437,1.2618887,1.1203893,0.0,1.055183,1.1253794,1.0531394,0.9593305,1.0481701,1.0512166,1.1475072,1.0188912,1.0042173,0.9877931,1.026007,1.0730457,0.715963,0.80757755,1.107764,0.86034876,0.9008212,0.8447139,0.90752864,1.0422401,0.8364326,0.85830253,0.7907742,1.1834426,0.79965806,1.0406679,1.0236378,1.0148584,0.85448223,1.089029,1.221499,0.86626554,0.85302377,0.873953,0.8729309,0.7931268,1.2687904,0.90093195,1.1296395,0.92761135,0.9642777,0.9707384,0.66517967,0.8375797,1.2125355,1.0910411,1.0774167,1.0541368,1.0768033,1.1680756,0.77699614,0.9784047,1.2103758,1.1608996,1.0197605,1.0208495,1.0538592,1.1819347,1.2750609,0.8117578,0.7918416,0.93886137,0.92865944,1.1119298,1.0896089,0.8735826,1.2479991,0.6193076,1.2082858,1.1789303,1.0885111,1.015371,0.89345133
cat,1.0385718,0.9023508,1.1151595,1.0662026,1.1600534,1.0881343,1.0215352,0.78569794,1.2169822,0.99685186,0.9564065,1.1275427,1.2322484,1.0863417,0.9451646,1.2103167,0.62154865,1.1815091,1.0585301,1.0483075,1.055183,0.0,1.0018923,1.0389215,0.9431672,1.0353522,1.1785772,1.1080087,0.5868989,1.2442569,1.1434938,1.0916127,1.0164185,0.8599359,1.0837156,1.1030672,1.1097276,1.1305616,1.0277553,1.0662076,0.54482085,1.1253438,0.79729486,1.085022,1.1012888,0.84278756,1.1581426,0.8940018,0.575831,1.0294143,1.192507,0.9382951,0.7424704,1.0017195,1.1007124,0.5732473,0.9895422,1.1069734,0.9026232,0.95678365,1.054944,0.9740664,1.0648452,1.1100415,1.2415856,1.2198831,0.37055117,1.1667707,1.0262784,1.2224464,1.0659487,1.0926983,0.8342525,1.1520158,1.0054799,1.1062199,1.0296414,1.1695023,1.0506428,0.84230214,1.1764146,0.93434083,1.1074456,0.79065776,1.0288498,1.2441771,1.0075574,1.1050451,1.08314,1.1047187,1.2799648,1.1005372,1.1553378,1.0458391
chair,1.0890785,1.1078311,0.89043176,1.1342186,1.0838068,0.6844226,0.86045945,0.79767954,0.63967854,0.97862655,0.9021217,0.75362813,1.017691,1.0420021,1.0590556,0.8988751,1.0919966,0.9259061,0.638706,0.9337707,1.1253794,1.0018923,0.0,1.0685781,0.7189849,1.0835496,0.68294567,1.0224557,0.9833867,0.88614076,0.6678462,1.0819134,1.1376293,1.0615011,1.2649148,0.7947302,1.2815099,1.2168335,0.96851194,1.0002662,1.0877303,1.1664106,0.9640605,1.2101309,0.73644733,0.96344554,1.2468821,1.1159129,0.8806282,1.1688614,0.6377891,0.8288838,0.96261144,1.1034776,1.1915562,1.0574749,1.208589,0.95516,0.97778314,0.8117949,1.1030667,1.1117629,1.0244514,0.99395734,1.1846379,0.9454917,1.0871242,0.96842283,1.0607122,0.7580898,0.68966347,1.0053424,1.0165728,1.1159735,1.0368896,1.1657798,1.1414431,1.0625888,0.89371717,0.9414784,1.1640376,1.1878273,1.1331193,1.0876915,1.1792369,1.0186216,1.108048,0.9701995,1.3048346,1.0437089,1.1205829,0.9823878,0.50229836,1.0572788
clock,0.95035416,1.1482857,0.96950614,1.0559893,1.0347247,1.1579391,0.82586,1.2018436,1.0228528,1.0352807,0.86944854,1.1649442,0.81640697,1.1250572,1.1871433,0.9647688,1.0286226,1.1424736,1.0523262,1.0832783,1.0531394,1.0389215,1.0685781,0.0,0.86721146,1.2020073,0.912096,1.0819589,1.0031248,1.2380071,1.0794109,1.0978436,0.89541864,1.155629,1.0348507,1.1902344,0.9577673,0.85553986,1.1540258,1.2487042,0.9631106,1.2162045,0.8913016,0.88432586,1.0861479,0.9062774,0.91526514,0.9138112,0.9148991,1.1307704,1.1089525,0.97778887,1.0181379,1.0158292,1.0965409,0.99332184,1.1937367,0.9813441,1.1268352,1.1482837,0.8948405,1.0673945,0.681677,1.2716467,0.9566032,1.1102651,0.98362297,0.21697617,1.0991861,1.024122,1.0377706,1.0740484,0.98200613,0.9257478,0.9621073,1.1018338,0.7839589,1.0666823,1.2442012,0.9083408,1.0248013,0.90509903,1.0881763,0.9677055,0.68819124,0.9973596,1.2539481,1.1454034,1.1975706,0.9430621,0.97842586,1.0800226,1.0654267,1.1623238
couch,0.6029116,1.3894429,0.59955144,1.4416972,1.3016547,1.2702405,0.16591811,1.1908879,0.59779453,0.6609247,0.21769923,1.2302331,0.9526754,1.5226688,1.5527594,1.0411967,0.84347695,1.5073683,1.2454298,1.3505867,0.9593305,0.9431672,0.7189849,0.86721146,0.0,1.6020155,0.459293,1.5019374,0.784193,1.0954794,1.156035,1.4378054,0.8745679,1.3221947,1.0446734,1.2881414,0.949603,1.1101952,1.4097893,1.0177934,0.8033037,1.5733973,0.74707127,0.90719545,1.3589449,0.70976406,1.0557057,0.58785987,0.56779754,1.1137869,0.9472204,1.5145234,0.83123386,0.69641614,0.9739876,0.8325327,1.4398118,0.9226541,1.3753966,1.3110619,0.54211915,0.60805917,0.77041256,1.2599185,0.9628923,0.9487113,1.0639178,1.0242435,1.4175286,1.1125289,1.219237,1.1680732,0.73023266,0.80135167,0.7259599,1.3510888,0.7573878,0.7214943,1.5429901,0.7493394,1.1294461,0.96827173,1.0964354,0.5352439,0.6373382,1.3199039,1.4572759,1.2561982,1.255224,0.8059653,1.3359474,1.3251586,0.80779755,1.4065254
crayon,1.4553556,0.4221844,1.4125435,0.6315608,0.80614394,0.751959,1.5428851,0.74637514,1.3223505,1.4236953,1.5068944,0.76191235,1.1822455,0.2580042,0.24596393,1.0648016,1.1156381,0.38348716,0.7127106,0.5606639,1.0481701,1.0353522,1.0835496,1.2020073,1.6020155,0.0,1.3055843,0.32322896,1.3557135,0.9736276,0.7981681,0.5803308,1.1730471,0.6483269,1.0302728,0.69670784,1.1475116,1.0440383,0.6034898,1.2501551,1.2306135,0.35834157,1.3917224,1.3131771,0.68137866,1.3585846,1.0394783,1.4197232,1.4694197,0.80756783,1.0144459,0.4193095,1.0406361,1.4911962,1.1620345,1.1108704,0.40199196,1.2369347,0.5589076,0.44276243,1.4777217,1.4306376,1.3605921,0.7352654,1.0977411,1.0294465,0.9520908,1.0903513,0.45141363,1.0501981,0.8563982,0.8252144,1.342601,1.3344672,1.342118,0.5465213,1.3267038,1.2261904,0.42863822,1.2532706,1.0081954,0.971642,0.9438924,1.4188579,1.3467886,0.6747955,0.58723384,0.81980085,0.720618,1.3351583,0.625313,0.5321932,1.2751116,0.51513386
crib,0.89827925,1.2369264,0.69394696,1.2883894,1.1910698,1.0364366,0.46692294,1.1182266,0.40797716,0.7701693,0.4995566,0.9407546,0.7061037,1.3455541,1.3132126,0.87382865,1.0438823,1.1269841,1.0313164,1.1658934,1.0512166,1.1785772,0.68294567,0.912096,0.459293,1.3055843,0.0,1.2721372,1.0244576,1.0812912,0.91081417,1.2570033,0.9461701,1.2820048,1.040312,1.098542,1.0687225,1.1188352,1.283533,1.1876469,1.0182817,1.3223064,0.9977541,1.1402608,1.1862386,1.0411994,0.9623654,0.8935176,0.9627404,1.0288125,0.48965406,1.264507,0.8544536,0.8961358,1.1189378,1.0468942,1.3927305,0.97179294,1.2159401,1.0754267,0.76341146,0.78198063,0.86484545,1.2018961,1.014739,0.7959267,1.1173538,0.94161284,1.1840025,0.8824096,1.0426446,1.0877403,1.0163597,0.9379111,0.9131479,1.2097659,0.8436831,0.69824004,1.3079759,0.874895,0.9987535,0.99725527,1.139797,0.91497326,0.6846237,1.0281829,1.391424,1.15692,1.2829942,0.9637742,1.1457784,1.0724914,0.8037594,1.3278
cup,1.4004638,0.48565853,1.2665356,0.61987567,0.7238247,0.7806947,1.4580834,0.8611585,1.1936474,1.3979812,1.5019636,0.66699976,1.048759,0.35984313,0.22974586,0.87533724,1.1880997,0.33959484,0.5868422,0.61409247,1.1475072,1.1080087,1.0224557,1.0819589,1.5019374,0.32322896,1.2721372,0.0,1.3397133,1.0289468,0.82910186,0.57241917,1.1095409,0.8461038,1.1643813,0.743667,1.2989358,1.0785671,0.6770234,1.2409952,1.2390902,0.5584311,1.3662318,1.273406,0.54770714,1.2837355,1.1544356,1.3022642,1.4512246,0.9295681,1.0030112,0.42205352,1.1425378,1.3995897,1.2583736,1.1802053,0.486928,1.1448131,0.6710788,0.50371855,1.4164715,1.4381487,1.2786349,0.90768033,1.2176765,0.9411815,1.0016706,0.9789124,0.50140727,1.0034065,0.74544424,1.1203276,1.2907567,1.2735546,1.2051778,0.8927081,1.1959678,1.2928469,0.57521677,1.1379662,1.0580357,1.0523719,1.051412,1.3944684,1.3233631,0.6345401,0.68784165,0.7972084,1.0537982,1.25287,0.71437323,0.51759267,1.0920339,0.5784567
dog,0.8628504,1.1965119,0.8068986,1.1253545,1.1600347,1.2048051,0.8155088,1.0119774,0.94727755,0.8398349,0.867122,1.1598873,1.0811675,1.2887399,1.2834848,1.0991111,0.7936609,1.3671789,1.1912315,1.1600622,1.0188912,0.5868989,0.9833867,1.0031248,0.784193,1.3557135,1.0244576,1.3397133,0.0,1.0610008,1.2217469,1.2573545,0.93752664,1.1425234,0.9358275,1.1082817,0.8738855,0.97462523,1.1416721,0.77956104,0.766577,1.2627037,0.6425102,0.9214895,1.1596512,0.7935475,0.9885323,0.88742864,0.60292697,1.1194634,1.147269,1.236216,0.90043694,0.8246153,0.9496465,0.7751868,1.2439938,0.9415666,1.1242112,1.2543852,0.8419646,0.84807754,0.94745386,1.2186931,1.0051916,1.1032351,0.82940835,1.1552486,1.2802867,1.0526975,1.1225995,1.0355655,0.88511956,0.8304496,0.9340428,1.0768167,0.9529012,0.9166792,1.1131884,0.7371037,1.0399964,0.9158487,1.0839831,0.86933976,0.848368,1.2053671,1.1943178,1.0788723,1.0424112,0.92889035,1.1852548,1.3119817,1.0086765,1.1547705
doll,0.9715059,1.1228794,1.0638486,0.99726784,0.9844475,0.8175547,1.0762364,0.8911958,0.9198816,0.8104973,1.0975075,0.86157846,0.96909976,0.9294341,0.99306417,0.90450656,1.1942419,0.9139257,1.0394086,1.0318623,1.0042173,1.2442569,0.88614076,1.2380071,1.0954794,0.9736276,1.0812912,1.0289468,1.0610008,0.0,0.9869632,0.9457869,1.045796,0.8795448,1.077394,0.66716444,1.0365381,1.0632157,0.8943268,0.6621939,1.256722,0.89086366,1.0615426,0.8484342,0.89229816,1.0803331,1.101644,1.1543005,1.1190695,0.93299896,0.83510405,1.1002722,1.2144955,0.8024063,0.9210232,1.2321632,0.9598858,1.1257168,0.9924025,1.0650332,0.875233,0.82084626,1.0940357,0.60441655,0.84983885,0.9379081,1.3048793,1.14523,1.0087332,0.8538523,1.0213758,0.8515848,1.0879169,1.1433209,1.0233873,0.9829618,1.2160639,0.900045,0.9206634,1.162015,0.80525506,1.2549169,0.81490016,1.0940945,1.1371005,1.036032,0.8053923,0.92223483,0.87609935,1.1249609,0.9330987,1.008006,0.8784698,0.7893475
drawer,1.2546655,0.91507715,1.1692557,0.96523136,0.98799235,0.7477412,1.2353767,0.87234354,0.8146434,1.1155152,1.179689,0.7166826,1.0437081,0.9189738,0.78438926,0.8186052,1.1639452,0.6731502,0.6226605,0.6158843,0.9877931,1.1434938,0.6678462,1.0794109,1.156035,0.7981681,0.91081417,0.82910186,1.2217469,0.9869632,0.0,0.97315204,1.1556972,0.92020744,1.0258187,0.9719724,1.1697345,1.1212753,0.8701738,1.1374326,1.2124904,0.8701973,1.1640301,1.1534636,0.9042337,1.0254773,1.1294148,1.3542995,1.2672534,0.9690761,0.688187,0.7369935,0.97414833,1.1675386,1.0377331,1.1508706,0.9775563,0.91758347,0.8495456,0.8876608,1.298563,1.2806613,1.127527,0.7999893,1.1151379,0.90823674,1.0743953,0.8656015,0.7818786,0.8324131,0.298154,0.96577275,1.1551384,1.1517549,1.2195514,0.968835,1.1896956,1.0818086,0.73956746,1.2031338,1.0680293,1.1755499,1.0352719,1.2730074,1.2897449,0.8098733,0.954792,0.9717205,1.000923,1.0410348,0.93956846,0.77748203,0.7440295,0.91325605
egg,1.320123,0.66286445,1.2564425,0.57903326,0.46641338,0.75211716,1.3966696,0.8746469,1.2226415,1.1866211,1.3871273,0.757797,1.1312985,0.50945,0.60670173,0.87328756,1.1332555,0.67156804,0.84430003,0.73417145,1.026007,1.0916127,1.0819134,1.0978436,1.4378054,0.5803308,1.2570033,0.57241917,1.2573545,0.9457869,0.97315204,0.0,1.1584233,0.8487259,1.0938219,0.774864,1.2381117,0.9057687,0.80969113,1.0397892,1.1668894,0.67890877,1.2836765,1.2380205,0.65862703,1.3468385,1.1177144,1.2923148,1.312151,0.9054426,1.0617691,0.56223214,1.1424235,1.165678,1.2437303,1.1622815,0.57350457,1.1504955,0.83188707,0.6528419,1.2657193,1.2967069,1.1311219,0.8888559,1.0840034,0.9248668,1.0371925,0.9661282,0.5648668,1.0244997,0.95231473,1.1348401,1.2008891,1.2187252,1.1518834,0.77349794,1.1135023,1.2003787,0.641588,1.2347016,0.8977228,1.0812285,1.0299842,1.2798235,1.2883694,0.836594,0.6245035,0.8411571,1.0533412,1.1660713,0.7675982,0.80769765,1.1302627,0.80578977
face,0.76219326,1.0565945,0.78729534,1.0300248,1.1250689,1.1502182,0.85846454,1.125273,0.9839377,0.9940666,0.9247003,1.2671512,0.9174433,1.2475405,1.1435437,1.0554655,1.0706682,1.1379417,1.1707962,1.2865276,1.0730457,1.0164185,1.1376293,0.89541864,0.8745679,1.1730471,0.9461701,1.1095409,0.93752664,1.045796,1.1556972,1.1584233,0.0,1.1002109,1.0359515,1.0990033,0.9019729,1.0533817,0.93229306,1.1669068,0.9566008,1.1974981,0.97977054,0.9287647,1.1294616,0.859817,1.0107081,0.60845375,1.0124633,0.9607338,1.0198995,1.1950573,1.1347187,0.885671,1.1065154,1.098195,0.99755085,1.1252608,1.0972799,1.1245914,0.9389893,0.90432435,0.93629396,1.0761516,0.86858237,1.1295519,1.0566642,0.98432016,1.0340698,1.1044521,1.1875303,1.1497298,0.79453856,1.0157081,0.9008379,1.2457823,0.91593736,1.0168283,1.3024111,0.90675557,1.1209977,1.0906732,0.90872025,0.79171985,0.843925,1.1930944,1.1347481,1.190162,1.1019586,1.0067267,1.1233687,1.047974,1.0547644,1.0335951
finger,1.2099704,0.71576303,1.205722,0.9831858,1.0635995,0.9649654,1.4133867,0.41041976,1.1919427,0.9880153,1.3070996,0.9967136,1.2382762,0.85715175,0.63500935,1.1762081,1.0427496,0.8581793,0.9613925,0.9834026,0.715963,0.8599359,1.0615011,1.155629,1.3221947,0.6483269,1.2820048,0.8461038,1.1425234,0.8795448,0.92020744,0.8487259,1.1002109,0.0,1.0110391,0.9728548,1.264005,1.1715341,0.53206617,0.9258576,1.0472857,0.76679313,1.1071765,0.95765567,0.9639123,0.9797399,1.1373333,1.1565806,1.0667446,0.80274713,0.99376863,0.8595836,0.97631544,1.0516769,1.137255,1.0234828,0.54585516,1.3282791,0.43947124,0.67881465,1.2193437,1.0953729,1.2329636,0.39394462,0.97423714,1.2318041,0.95758903,1.1119435,0.7816539,1.2217098,1.1366947,0.84900606,1.0467329,1.3742886,1.2080573,0.9077462,1.2106498,1.32313,0.7690607,1.288794,0.81204796,1.1454914,0.8081386,1.0343583,1.3352289,1.0392423,0.35520792,1.0573145,0.6527303,1.3065112,1.2116547,0.9157604,1.2126169,0.6863726
fish,0.932503,0.9368044,1.0201186,0.9588678,0.95528203,1.142986,1.1320999,0.99666816,0.927996,0.9117353,1.0322099,0.95880234,1.1030953,1.1590669,1.019266,1.1675744,0.9274373,0.9991059,1.2361975,0.9707062,0.80757755,1.0837156,1.2649148,1.0348507,1.0446734,1.0302728,1.040312,1.1643813,0.9358275,1.077394,1.0258187,1.0938219,1.0359515,1.0110391,0.0,1.1885586,0.7218376,1.0049218,1.1836789,0.81492156,0.9835527,0.96485287,0.95994455,0.99106205,1.2043127,1.0286106,0.8464188,1.0889294,1.091276,0.79039323,1.0353434,1.2250222,0.81608784,0.8566764,0.78732044,0.91665536,1.027513,0.89389306,1.0585064,1.1730976,1.0428505,0.8926909,1.0552204,1.0379982,0.9607765,0.8842701,0.9743539,1.068268,1.0214486,1.1079036,1.1229872,0.97402745,1.0159124,0.8508709,1.0621532,0.7788726,1.0385231,0.6655109,1.0103239,1.0772314,0.970649,0.920645,0.8461691,1.0880404,1.0587168,1.0308849,1.0964497,1.194032,0.75520086,0.89395183,0.9889295,0.9133639,1.0477544,1.0446002
flower,1.2212812,0.8297349,1.1349413,0.63948774,0.8336879,0.6406308,1.2401892,0.9281828,1.0533692,1.196036,1.259313,0.7373189,0.99758947,0.5944648,0.67464703,0.9825057,1.136083,0.5973619,0.8547559,0.8862688,1.107764,1.1030672,0.7947302,1.1902344,1.2881414,0.69670784,1.098542,0.743667,1.1082817,0.66716444,0.9719724,0.774864,1.0990033,0.9728548,1.1885586,0.0,1.0960953,1.1918136,0.7525475,0.9770028,1.2150565,0.63857144,1.188415,1.2622052,0.6190177,1.1514719,1.1083379,1.1911758,1.1679358,0.9783094,0.8488065,0.69722295,1.1075795,1.2420273,1.1443491,1.1466854,0.80294156,1.2305382,0.9305892,0.8366193,1.2301818,1.1785209,1.2175648,0.8166333,1.200462,1.002506,1.0718188,1.1122239,0.8195636,0.77674955,0.8628468,0.90634304,1.0916935,1.2910702,1.1536298,0.9794199,1.3093491,1.0896529,0.70737755,1.0217713,1.050962,1.1639273,0.9800204,1.2175124,1.1778474,0.82765037,0.87729174,0.8044508,1.0249814,1.2563835,0.74742806,0.78051436,0.94343644,0.7197435
frog,0.8778078,1.2061068,0.99178916,0.99691015,1.0930539,1.1487218,0.8955101,1.3788795,1.0356234,1.1075932,0.92909044,1.3240352,0.84993124,1.0672272,1.3083498,1.0353975,0.91796887,1.1560941,1.3494439,1.122836,0.86034876,1.1097276,1.2815099,0.9577673,0.949603,1.1475116,1.0687225,1.2989358,0.8738855,1.0365381,1.1697345,1.2381117,0.9019729,1.264005,0.7218376,1.0960953,0.0,0.7404852,1.2007298,0.9783806,0.9536779,0.76846147,0.91458803,0.6930856,1.2790442,1.0268283,0.47507155,0.9868783,1.0768149,1.0816803,1.2344878,1.3157779,1.0198414,0.9392193,0.5762987,0.9827626,1.1470858,0.93894804,1.357924,1.3623853,0.888253,0.9055253,0.80541086,1.0952399,0.6997197,1.1162837,1.1409044,1.0613331,1.1487731,0.824932,1.1177692,0.6436646,1.1473048,0.7004161,1.0852365,0.8510629,0.9129761,0.74870014,1.2541444,0.938255,0.9673908,0.6967397,0.9833748,1.0644478,0.66761637,0.8295101,1.2694325,1.1469231,0.6839961,0.8719594,0.61739874,1.1987803,0.98948836,0.84540075
glass,1.0843097,1.0415332,1.1334682,0.9706801,0.77959144,1.1416097,1.0747739,1.2404417,1.1414125,1.0151644,1.1283095,1.1822395,0.82755256,1.0164195,1.2054176,0.8881799,1.0652411,1.1965472,1.0830725,1.004806,0.9008212,1.1305616,1.2168335,0.85553986,1.1101952,1.0440383,1.1188352,1.0785671,0.97462523,1.0632157,1.1212753,0.9057687,1.0533817,1.1715341,1.0049218,1.1918136,0.7404852,0.0,1.085438,1.0447872,0.9888275,0.917256,0.956772,0.72160363,1.1316013,1.0794705,0.7619145,1.0640155,1.0641501,1.1121241,1.177771,0.9427038,1.1412932,0.9950843,0.85974437,1.081869,1.1191082,0.9456946,1.1344786,1.137374,0.91560215,1.1058358,0.7296202,1.104512,0.7135116,1.023139,1.1159121,0.8469247,1.1566308,0.89531714,0.9640759,0.79367393,1.1327738,0.8560955,0.99739754,0.63174593,0.81565714,1.0576074,1.1483606,1.0096083,0.96270174,0.60909027,1.1757065,1.0674064,0.9191854,0.96433115,1.0642899,1.0488814,0.74779546,0.9703383,0.80780447,1.2306004,0.9594065,1.1226356
glasses,1.2353227,0.72474134,1.2646265,0.6735326,0.96856344,0.73992133,1.415828,0.56328094,1.2290711,1.1557745,1.3902402,0.9034771,1.0640991,0.6932869,0.55625224,1.0864625,1.0584072,0.770645,0.93234164,0.87063265,0.8447139,1.0277553,0.96851194,1.1540258,1.4097893,0.6034898,1.283533,0.6770234,1.1416721,0.8943268,0.8701738,0.80969113,0.93229306,0.53206617,1.1836789,0.7525475,1.2007298,1.085438,0.0,0.9617958,1.2180451,0.64788383,1.0988218,1.1419919,0.57080567,0.9668457,1.138954,1.2019005,1.2272689,0.9817035,1.043258,0.5931431,1.1771451,1.3010889,1.162564,1.0550921,0.438002,1.2430831,0.54197013,0.7427094,1.3511746,1.2559646,1.2975492,0.6535859,1.170778,1.2022467,0.9599708,1.1204283,0.6369667,1.0299348,0.89699835,0.87629044,1.1209452,1.3610806,1.2187269,1.0156145,1.2257118,1.3102397,0.66910106,1.2536112,1.0272738,1.114924,0.92840636,1.2339239,1.4089262,0.97448874,0.58882546,0.9583933,0.88639367,1.2722905,1.026877,0.77739227,1.0652819,0.52111167
glove,0.7586554,1.1733854,0.9851264,1.0546533,1.0638446,1.0684899,1.0025886,0.8870492,1.0565759,0.5359269,0.9208512,0.92750436,1.1206106,1.1634825,1.1313713,1.1021456,1.0167439,1.1763235,1.0851104,1.0548507,0.90752864,1.0662076,1.0002662,1.2487042,1.0177934,1.2501551,1.1876469,1.2409952,0.77956104,0.6621939,1.1374326,1.0397892,1.1669068,0.9258576,0.81492156,0.9770028,0.9783806,1.0447872,0.9617958,0.0,1.0075084,1.10509,0.9280035,0.8652162,0.9836548,0.94941473,1.1609908,0.9784461,0.8693683,1.0140203,1.0860873,1.187665,1.0778987,0.5059117,0.85728824,1.0553225,1.0895364,0.7782339,1.0324957,1.2029614,0.7361888,0.7358691,1.1036744,0.86086845,1.002785,0.83666056,1.0865122,1.200138,1.2289586,1.049937,1.0739697,1.0285623,0.95563626,0.8152979,0.8536743,0.9768476,1.1450889,0.87369883,0.8407068,1.0982617,0.69690007,1.189153,0.8782667,0.9252488,1.2201142,1.2275509,0.8075006,0.8938433,0.9301749,0.8202108,1.187901,1.2377056,0.9371433,0.9815831
grass,0.7893871,1.1310223,0.93169886,1.2090386,1.2327566,1.2123,0.88960814,0.9696199,1.032737,0.93358964,0.8278848,1.2251391,1.1296872,1.3261657,1.1778332,1.0956769,0.5183484,1.2636184,1.1654161,1.2440027,1.0422401,0.54482085,1.0877303,0.9631106,0.8033037,1.2306135,1.0182817,1.2390902,0.766577,1.256722,1.2124904,1.1668894,0.9566008,1.0472857,0.9835527,1.2150565,0.9536779,0.9888275,1.2180451,1.0075084,0.0,1.3497349,0.7164678,1.0011278,1.2629812,0.8572223,0.9149319,0.77851146,0.7661263,1.0162123,1.1560388,1.1915121,0.7864873,0.97762376,0.9905016,0.55770046,1.2428032,1.0240932,1.1084614,1.1032342,0.98209316,0.77042,0.94401085,1.177366,1.074969,1.1748486,0.62443644,1.0332229,1.1676681,1.24387,1.1789553,1.1777076,0.86034524,0.95148104,0.90613663,1.0642263,0.9591237,1.0815511,1.2116907,0.8839803,1.1627495,0.9677931,0.96543044,0.62303656,0.8769126,1.15331,1.1194272,1.1934606,1.1110547,1.0046642,1.2921162,1.1430547,1.0614876,1.3170538
