,alligator,ankle,apple,arm,ball,balloon,banana,basket,bathtub,bear,bed,belt,bench,bib,bird,blanket,book,bottle,bowl,box,bread,bucket,butterfly,can,car,carrot,cat,chair,chips,clock,coat,coffee,comb,cookie,corn,couch,cracker,crayon,crib,cup,dish,dog,doll,door,drawer,dress,egg,elephant,face,finger,firetruck,fish,flower,fork,frog,glass,glasses,glove,gum,hair,hamburger,hand,hat,horse,hose,jacket,jar,jeans,knife,ladder,lamp,melon,milk,mitten,motorcycle,mouth,muffin,nail,napkin,necklace,nose,orange,oven,owl,pajamas,pants,paper,pastry,pen,pencil,pickle,pillow,pizza,plant,plate,pumpkin,purse,radio,raisin,refrigerator,rooster,sandwich,sauce,scarf,scissors,shirt,shoe,shorts,shovel,sink,slide,slipper,soap,sock,soup,spoon,sprinkler,stick,strawberry,stroller,sweater,table,tape,toe,tooth,toothbrush,towel,toy,tray,vacuum,watch,window,zebra
alligator,0.0,1.118983,1.434881,0.4541219,1.309082,1.4401127,1.504638,1.0197381,0.56313145,0.60345745,0.36375928,1.5330834,0.42381537,0.35941494,1.3951979,0.33187205,0.8596317,1.5550547,1.4134047,0.6784311,1.2485986,1.3296767,1.1741533,1.5360526,1.340032,1.3554583,0.64731383,0.91565704,1.1072232,1.4597983,0.9905103,1.4128402,0.98633635,1.0759698,1.0410922,0.4063152,0.9628031,1.5624303,0.67228866,1.5834439,0.9504625,1.1136799,0.7771824,0.9982179,1.1583614,0.6729171,1.4578826,0.5892276,0.76362205,1.2445915,0.8958627,0.31306392,0.86687076,0.95155805,0.86214346,0.6609492,1.4569968,0.8638849,1.1530415,0.87914944,0.777357,0.81345433,1.5037856,1.1538367,0.7967323,0.5901102,1.1624819,0.48537123,1.3949627,0.70119333,1.2767197,0.73843104,0.97845936,0.54208815,0.79842114,1.1664892,1.3634415,1.5389562,0.9688523,1.4794618,0.85908616,1.4605324,1.2617128,0.8026783,0.3565439,0.42261302,0.46594346,1.0582278,1.451149,1.4440746,1.5509436,0.67574555,1.2084498,1.2308041,1.2929094,0.73995763,1.1787472,1.5404772,1.1565917,0.7417341,1.2434124,0.79529953,1.4460033,0.96817976,1.3241266,0.44195998,1.1232617,0.8411796,1.2966083,0.7755519,0.6341013,1.6223571,1.3914763,0.7424933,1.0547919,1.2962413,0.99109685,1.444107,1.487808,0.8683796,0.43459457,0.577286,1.5627313,1.4170825,1.4722317,0.825179,0.90210676,1.0591218,1.0775689,1.3808528,1.5228097,0.8205818,0.6159175
ankle,1.118983,0.0,1.0574663,0.8491508,1.0324118,1.0030215,0.8710097,1.2840044,1.1856997,1.127166,1.1601137,0.82248354,1.0856556,1.023985,0.7964573,1.0809147,1.2055717,0.92635345,1.1934841,1.2435352,0.91782415,1.1306151,0.9961665,0.9211001,1.0090666,0.47580367,1.1076987,1.0434806,0.9782346,1.041246,1.0144413,1.0905544,1.0034622,1.0444902,1.241968,1.0635073,0.9768844,0.9133431,1.146406,1.0764866,1.1905059,1.1462295,0.92163813,1.1402776,1.0100564,0.9799465,0.9992813,1.161804,0.9196946,0.31962216,1.217809,1.1348448,1.0659361,0.9806554,1.1015663,1.2455838,0.67561114,0.6952427,1.2888985,0.92857057,1.1397673,0.67066854,0.9640325,1.1920466,1.1965455,1.0691371,1.255131,0.7688366,1.1367607,1.090948,1.2165468,1.0030934,1.1849443,0.840438,1.2361665,0.65010476,0.7120512,0.81453407,1.1817734,0.6555602,0.78585136,0.93250656,1.0415598,1.1835309,1.0356499,0.8915839,1.2421532,1.0584527,0.96782935,0.90016687,0.7630862,0.9091312,0.93997884,1.2318358,1.198718,1.0243852,1.2344687,1.1107488,0.6799931,1.1360143,1.2223285,1.075717,0.83403915,0.8531833,1.0505884,0.9767904,1.0733833,0.68590665,0.98312646,1.1320348,1.2305082,0.83873636,1.0144583,0.74218154,0.98710954,1.1476468,1.0033593,0.7641427,0.8342987,1.0259341,1.0873599,1.2126231,1.0059209,0.39966315,0.71571106,1.0422218,1.1431892,1.2289386,1.2045983,0.969255,0.8321749,1.0874252,1.0673118
apple,1.434881,1.0574663,0.0,1.3362818,0.40330887,0.14677548,0.5287088,0.9755347,1.3570648,1.190405,1.3156011,0.74103475,1.4444653,1.3821132,0.8452494,1.3978767,1.0322754,0.73210377,0.73703396,1.2486608,0.8526187,0.8739681,0.82280385,0.8313443,0.80368304,0.79261434,1.1601007,1.2929422,0.9945722,0.75478935,0.97287357,0.67403436,1.1115707,0.9621522,0.976389,1.3193202,1.0738922,0.7476,1.3108941,0.71684206,0.99297976,0.7864512,0.99851733,1.180783,1.0214429,1.2477571,0.37625563,1.1443303,1.1152003,0.97761965,1.0890586,1.3387699,1.080806,1.2286545,0.7803284,1.1825533,0.852203,1.1871897,0.75225955,1.1981015,0.93777025,1.2338033,0.59735537,0.743871,1.0638057,1.4077215,0.9333164,1.326616,0.85236835,1.2434822,0.8205907,0.90185183,1.0298309,1.2268705,1.1597285,1.0157069,0.9203725,0.69987214,1.0563865,0.8514639,1.1125243,0.30620956,0.9961864,1.0825095,1.378571,1.4029155,1.2693863,0.9718396,0.8037016,0.860477,0.5024696,1.1108183,0.87305194,0.7585299,0.7863099,1.0095683,0.9006881,0.69054693,0.91499096,1.3136232,0.7337924,1.198419,0.745347,0.9846866,0.83749837,1.3896264,0.9048704,1.1719999,0.9904249,1.1904048,1.2380874,0.57205534,0.6909865,1.2908796,1.0084845,0.9148569,1.1990685,0.8077988,0.7971377,1.250752,1.3232156,1.27672,0.51719886,0.8674799,0.8781491,1.2625266,1.1471834,0.7920696,1.0305816,0.9628186,0.74593246,1.2100372,1.1778206
arm,0.4541219,0.8491508,1.3362818,0.0,1.2060347,1.3581501,1.3871657,1.0163667,0.58990234,0.8541901,0.63448393,1.4240575,0.54803276,0.52638006,1.2962081,0.68019354,0.9177309,1.3845229,1.3170595,0.66881204,1.1999066,1.2342436,1.2874218,1.4058189,1.2066001,1.0618435,0.92180026,0.88496244,1.2591472,1.3892137,0.97678846,1.3746843,0.9641404,1.1060014,1.2752885,0.6523695,1.0376769,1.4027209,0.71431005,1.4345922,0.9921569,1.2888778,0.9353286,0.97403127,1.0678535,0.7524754,1.3504564,0.91466,0.7458652,0.82019705,0.867433,0.5344632,0.82337266,0.7762407,1.0569302,0.65794635,1.2657237,0.84554076,1.1575364,0.7766305,0.94085085,0.3572222,1.470278,1.308443,0.7902116,0.8026072,1.0692122,0.5772141,1.2530079,0.7011346,1.3161368,0.73945934,0.8971677,0.626127,0.8536362,0.9965099,1.325464,1.3676274,1.0922589,1.2903026,0.7388413,1.3554112,1.1562368,1.0750852,0.47030628,0.56507325,0.5402687,1.1097903,1.232829,1.180283,1.4190483,0.9715353,1.2432185,1.2732621,1.2282813,0.8131232,1.2978804,1.4849353,1.0955354,0.70528084,1.2723737,0.8094815,1.3971248,1.0625194,1.1955031,0.45441943,1.2904086,0.8052983,1.2685378,0.78216344,0.70037055,1.5468091,1.3493737,0.65137553,1.1098818,1.2002599,0.94128287,1.3417169,1.3201511,0.9046656,0.5046737,0.51237434,1.4313666,1.0559193,1.354359,0.7472862,1.0845612,1.0452385,0.9919864,1.304743,1.3430405,0.892691,0.871882
ball,1.309082,1.0324118,0.40330887,1.2060347,0.0,0.2080831,0.7463766,0.9853274,1.1937463,1.2373338,1.2700448,0.93232363,1.331291,1.2280527,0.91849434,1.2455015,1.0701035,0.77640116,0.9040375,1.099888,0.932829,0.8834338,0.9612982,0.92606753,0.9163379,0.9129354,1.1591687,1.1701976,1.02702,0.77002424,0.9299303,0.65588784,1.0726713,0.9363872,1.0001978,1.3026052,1.011155,0.89804065,1.2615625,0.7943945,0.6569961,0.9697154,0.93118644,1.1118014,1.1136351,1.1569582,0.22889084,1.1582599,1.1708727,0.95980895,1.0987164,1.1423824,1.0274174,1.1826714,0.8584791,0.9579479,0.98973006,1.037129,0.74483097,1.1183527,0.9944021,1.0704597,0.7201288,0.9546748,0.9724894,1.3277097,0.93619394,1.1952789,0.9766772,1.3006451,0.7475097,0.63415563,0.9039074,1.0026774,1.1199307,1.0521237,0.9943619,0.7570087,0.9530112,1.016064,0.9976293,0.30271018,1.1936059,0.9987637,1.265218,1.2851434,1.1865221,0.9372954,0.943974,0.9765384,0.63185996,1.1292965,0.9498747,0.90740013,1.0085515,0.61747324,0.9699175,0.7668253,0.946397,1.2600455,0.9432858,1.1815317,0.8872037,1.2034444,0.9687596,1.2625499,1.026589,1.0898852,1.058005,1.1807975,1.190242,0.7962079,0.85675323,1.1366763,0.9560948,1.023538,1.1435207,1.0302155,0.8835496,1.2960322,1.250051,1.2096282,0.5646378,0.88165987,0.96149915,1.1414716,1.0123405,0.7427716,1.0790975,1.0727293,0.86250454,1.195512,1.1707038
balloon,1.4401127,1.0030215,0.14677548,1.3581501,0.2080831,0.0,0.6440863,0.9673629,1.322628,1.2178221,1.3417594,0.76897705,1.4085038,1.4017365,0.85828507,1.3726866,1.0436888,0.65800226,0.7891774,1.1960335,0.939999,0.7907945,0.8402332,0.7719137,0.79868555,0.75402796,1.1750461,1.1857213,1.019267,0.78841764,0.92446905,0.6418375,1.0467756,1.0047698,1.0009801,1.3504351,1.1066467,0.75231004,1.2858477,0.68731266,0.8700857,0.82672143,0.93754804,1.122898,1.0004108,1.2496642,0.25748283,1.1794572,1.1870341,0.9392321,1.1397098,1.3342927,1.0768886,1.2292037,0.8208878,1.1211318,0.87726164,1.1212401,0.7493618,1.2042984,0.9909758,1.1896422,0.62240493,0.7958482,1.0033263,1.3892167,0.8847829,1.3020042,0.8753547,1.2790567,0.74642897,0.81287134,0.9381473,1.1411202,1.1143947,1.0257422,0.90874827,0.6801574,1.0290055,0.8630189,1.1019516,0.24463856,1.0251267,1.0752436,1.404359,1.3860986,1.3051674,1.0158554,0.8101254,0.8655939,0.5470344,1.1106026,0.9616307,0.823513,0.9229387,0.8323078,0.9114523,0.69167864,0.94157207,1.3208549,0.80041885,1.2827921,0.79863393,1.0571933,0.8500037,1.4009994,0.9516105,1.1465719,0.988214,1.2270384,1.2062992,0.6044838,0.75719255,1.2637354,1.007394,0.93977946,1.1877904,0.8485429,0.7746459,1.2555997,1.3641483,1.3290823,0.49197,0.82416505,0.8544991,1.2276663,1.0963819,0.7223908,1.0781729,0.9620843,0.7670891,1.1876143,1.1849405
banana,1.504638,0.8710097,0.5287088,1.3871657,0.7463766,0.6440863,0.0,1.134869,1.4580923,1.224987,1.5077316,0.42892838,1.5507686,1.4545931,0.53108096,1.4788849,1.1882033,0.6201637,0.78380024,1.4388212,0.7431192,0.94590396,0.8008512,0.61223793,0.6328366,0.5313071,1.1972216,1.3109756,0.85182524,0.63969797,0.9719378,0.8311146,1.0639602,1.0369126,0.8682879,1.4607352,0.96505046,0.44539273,1.3501532,0.6436155,1.2278271,0.93775046,1.0175495,1.2184075,1.1559722,1.294785,0.66477424,1.2534423,1.081232,0.7499559,1.1973832,1.4788437,1.0791367,1.0902008,0.8945503,1.311677,0.56847143,0.933276,0.96251416,1.2187511,1.1149321,1.1631806,0.53491515,0.91359675,1.137887,1.337028,1.0094479,1.3904963,0.70534265,1.2534175,0.8755241,1.1160971,1.2685382,1.225539,1.2426708,0.887409,0.6294713,0.44469178,1.0106162,0.56430936,1.1163464,0.54551905,0.8996116,1.1752417,1.4616405,1.4264338,1.5011885,1.0635531,0.5643771,0.5801345,0.23882735,1.0274618,0.7537895,0.7313549,0.77532625,1.2477703,0.96403795,0.5382447,0.8867278,1.3792102,0.83176404,1.1622136,0.5253658,0.947889,0.74734247,1.4388287,0.89993036,1.1599524,0.7756682,1.3437657,1.3075134,0.37632418,0.45033616,1.1897204,1.0560001,0.79751587,1.1685776,0.5129273,0.53777915,1.212929,1.4178133,1.4541999,0.5373356,0.62567633,0.6325366,1.2214007,1.0533152,1.0457666,1.1089506,0.7178793,0.48390794,1.2012987,1.2627554
basket,1.0197381,1.2840044,0.9755347,1.0163667,0.9853274,0.9673629,1.134869,0.0,0.9585767,1.0593768,0.8881503,1.1996133,0.87434626,1.0327659,1.2597578,0.92085993,0.6684797,1.0248483,0.60450256,0.41488636,1.1470387,0.6203648,0.8658239,1.0133648,0.8720933,1.1188452,1.1968344,0.70167875,1.0069528,1.2333353,0.92313856,1.0418954,0.79802966,1.0375534,0.7470883,0.9630698,1.074012,1.1611044,0.53806114,0.9609319,0.86368513,1.0468996,1.0189711,0.97093195,0.74090743,0.96035796,1.1485145,1.0660309,1.2534047,1.2844326,0.80371386,0.98438835,0.8989073,1.0004798,0.9722947,0.9118308,1.2834152,1.0964307,0.60368305,1.2157937,0.9458762,1.1255895,1.0974284,1.0325289,0.6341212,0.8185607,0.8541539,1.2304559,0.9697443,0.6010194,1.0042769,1.0558659,0.91385615,0.9993587,0.8590516,1.1307142,1.170903,1.2537024,0.92454076,1.1047126,1.2356334,1.1239622,0.9220155,0.86392224,0.9882202,1.1742034,0.85952073,1.0050714,1.090584,1.0917562,1.1734825,0.9522971,1.1277713,0.91180515,0.82947385,0.9690469,0.922026,0.9502595,1.2646194,0.98903835,1.029121,1.102603,1.2461255,0.9376233,0.8649111,1.1024663,0.85288596,1.299079,1.1881646,0.8269601,0.7382971,1.0652071,1.1421804,1.1931148,1.1268324,0.8895215,1.0147772,1.0398448,1.172798,0.70252556,0.98718745,0.84772086,0.8399992,1.3282483,1.2177832,0.9811879,0.7798383,0.5045766,0.7954341,1.2133842,1.2118098,0.99971235,1.0128305
bathtub,0.56313145,1.1856997,1.3570648,0.58990234,1.1937463,1.322628,1.4580923,0.9585767,0.0,0.7122923,0.49443585,1.3930773,0.29017174,0.5801853,1.4542718,0.5927891,0.92366946,1.399681,1.1474322,0.54922545,1.3262955,1.1229714,1.3104411,1.3079138,1.1474485,1.2462227,0.7786512,0.8240954,1.209442,1.2147381,1.2078106,1.1860842,0.86722285,1.1173757,1.1908948,0.5689343,1.1157298,1.407874,0.69104016,1.2992486,0.73601747,1.2575016,1.1450998,0.8450001,0.9188039,0.82582945,1.2967689,0.7878008,0.881995,1.1950893,0.8315159,0.5245,1.0669925,0.9360502,1.1646544,0.52532244,1.3498433,1.0721998,1.1154513,0.8633996,0.9860021,0.8253031,1.5138223,1.2815818,0.7310206,0.7651731,0.95555663,0.62808573,1.2270625,0.72696906,1.2529619,0.6244028,0.91616994,0.72180814,0.78188586,1.1552092,1.1828022,1.378818,0.981929,1.4449468,0.94582057,1.3512756,1.1950899,1.0797516,0.6188351,0.58900917,0.44099796,1.1193466,1.3704337,1.3585202,1.437296,0.896592,1.2609572,1.3166702,1.1016059,0.7887051,1.2222924,1.3989525,1.23518,0.81721896,1.2493796,0.8823979,1.3365182,1.1499257,1.1727982,0.6174493,1.2315344,0.7660366,1.1792742,0.46412933,0.47474933,1.5310509,1.091573,0.80887675,0.92815495,1.1440144,0.9117484,1.3742278,1.3526032,0.93901867,0.6028957,0.43275702,1.3144869,1.3560213,1.2281896,0.79681766,1.0678645,1.0286063,0.9813875,1.2005506,1.4542432,0.78112334,0.7296037
bear,0.60345745,1.127166,1.190405,0.8541901,1.2373338,1.2178221,1.224987,1.0593768,0.7122923,0.0,0.6298546,1.0542524,0.70784116,0.880073,1.2226844,0.70914257,1.0654986,1.2113998,1.150428,0.97574264,1.2796677,1.1667478,1.1252095,1.1537076,1.1588857,1.1188394,0.6688868,1.063962,1.2127938,1.1405202,0.949523,1.1526712,1.0862381,1.195839,1.1245806,0.6669321,1.2457383,1.1723655,0.887483,1.2170466,1.0322837,1.0530152,1.0067477,1.0656656,1.194197,1.005562,1.2729826,0.5540644,0.83218896,1.1408851,1.0000398,0.7744956,1.0775152,1.0196537,1.1015966,0.86987144,1.0797734,1.0695858,1.2010168,1.0317425,1.0265813,1.0366864,1.1859543,1.0332822,0.9655245,0.82751167,1.076608,0.6732061,1.079969,0.8875361,1.0186114,1.0091779,1.1090925,0.9135437,0.9056519,1.0748112,1.1972122,1.1637156,1.0620487,1.1233113,0.897551,1.2463722,1.0697548,0.89962393,0.7276666,0.6936251,0.84539056,1.1771281,1.094879,1.1265047,1.28562,0.8204974,1.2436545,1.1170636,1.1702595,0.9971239,1.0872834,1.2008492,1.126181,1.0172279,1.0809427,1.1423615,1.200435,0.9419667,1.0624125,0.8106554,1.0619246,0.88924336,1.0789841,0.9209448,0.6812261,1.233645,0.99560016,0.9491215,1.1584517,1.0765142,1.0099167,1.1140782,1.1853373,1.0807712,0.6500835,0.83347124,1.2632415,1.1619633,1.179187,0.9838075,1.057559,1.1625123,1.1636312,1.0807893,1.149939,0.69760275,0.37706208
bed,0.36375928,1.1601137,1.3156011,0.63448393,1.2700448,1.3417594,1.5077316,0.8881503,0.49443585,0.6298546,0.0,1.4061114,0.2949505,0.49253416,1.469261,0.20970225,0.7207701,1.4413359,1.3299346,0.53671753,1.3839574,1.2046175,1.177432,1.3987895,1.1871929,1.4091996,0.8287297,0.92023134,1.2510902,1.3857608,1.139591,1.3678368,0.9862251,1.190656,1.166059,0.07135105,1.2230576,1.4739563,0.47770208,1.4714229,0.95827305,1.1108634,0.90207195,0.92714286,1.0055867,0.72883224,1.3912982,0.6460427,0.92536175,1.2742537,0.80714786,0.5367335,0.97369295,1.13305,1.0269856,0.77413976,1.366102,1.066482,1.0996237,0.87672657,0.7833342,1.0032798,1.5265541,1.1186856,0.77738345,0.52765864,1.1127137,0.423958,1.4157346,0.5590594,1.2273371,0.7571968,0.97969705,0.6618223,0.8497838,1.1690933,1.2703688,1.4182909,1.1129042,1.5237508,0.991109,1.3899238,1.1380965,0.90191704,0.3843755,0.37540597,0.50567657,1.1308852,1.4681666,1.451686,1.5033674,0.5416527,1.3240503,1.2695205,1.2958639,0.9185719,1.1405773,1.3927332,1.1660327,0.7321716,1.2262634,0.97335535,1.3831968,1.1162033,1.3671131,0.5371412,1.1659799,0.7680394,1.2603503,0.79700744,0.50613064,1.5398973,1.2636604,0.80762255,1.1631255,1.3874562,1.0115925,1.4046794,1.4100794,0.8490855,0.4104383,0.4522575,1.4170352,1.3878078,1.3890327,0.92550844,1.0575547,0.88142353,1.1031526,1.2498778,1.454376,0.82932246,0.44914746
belt,1.5330834,0.82248354,0.74103475,1.4240575,0.93232363,0.76897705,0.42892838,1.1996133,1.3930773,1.0542524,1.4061114,0.0,1.428883,1.5564201,0.5384747,1.4171778,1.2101284,0.49506325,0.7422242,1.4793915,0.92130727,0.8802188,0.860837,0.41924965,0.6478424,0.59789133,1.0451199,1.2580616,0.94860107,0.4410053,1.0159394,0.7067739,1.0779278,1.1996908,1.0010532,1.359206,1.2003263,0.24815434,1.3787841,0.44615352,1.3396854,0.9715745,1.2256042,1.1637944,1.0948908,1.3079731,0.7507545,1.1075141,1.1329533,0.71246624,1.2059488,1.5377419,1.2751509,1.1434762,1.2073098,1.463147,0.35035276,1.0098395,1.0863341,1.208625,1.3211327,1.269366,0.5729579,0.92728394,1.3396485,1.3005264,0.9401772,1.2255027,0.60119146,1.3387144,0.7316475,1.3825518,1.2237146,1.3589542,1.2476712,0.914235,0.5031284,0.21152818,1.1154534,0.4348606,1.1904702,0.69295096,0.7374755,1.1885699,1.3732529,1.2893642,1.502247,1.210717,0.38350588,0.46612543,0.45982242,0.9794315,0.97513586,0.88917714,0.8833597,1.3758031,0.88670534,0.4966573,0.8600355,1.395336,0.8095649,1.3285729,0.46075994,0.96377575,0.7790726,1.3789179,0.9634217,1.0656363,0.64788187,1.3949399,1.3335446,0.26815665,0.38213682,1.1953436,0.9930145,0.7872429,1.1464919,0.44607878,0.26591182,1.248132,1.3401445,1.4826051,0.5856037,0.5063488,0.42061782,1.3099146,1.122688,1.2447108,1.2398735,0.4997114,0.2509092,1.0335526,1.0672536
bench,0.42381537,1.0856556,1.4444653,0.54803276,1.331291,1.4085038,1.5507686,0.87434626,0.29017174,0.70784116,0.2949505,1.428883,0.0,0.527751,1.5073452,0.38768548,0.8437775,1.4213464,1.2209798,0.48346645,1.4010892,1.1146718,1.2525389,1.3191122,1.1319027,1.2954227,0.76552695,0.65102243,1.2027547,1.4566908,1.2067603,1.3679305,0.82684433,1.201787,1.1729974,0.28209126,1.1609918,1.5150785,0.51101935,1.4287026,0.88217247,1.2279516,0.9902574,0.80335987,0.81600845,0.68340385,1.4895401,0.8453611,0.88356054,1.1817122,0.8505047,0.53124475,0.95333767,0.9853843,1.1561786,0.69692934,1.4012034,0.8989225,1.152769,0.8593414,0.98130757,0.7892636,1.5777661,1.2470069,0.72588325,0.5360035,1.0677857,0.40337878,1.3737777,0.52626675,1.3495274,0.71440184,0.973209,0.5665264,0.74012566,1.1398441,1.1797017,1.4814725,1.0765195,1.4488101,0.97243273,1.493036,1.0381222,1.0488853,0.48384368,0.35190254,0.5052692,1.1902379,1.4528248,1.4473546,1.5097932,0.6286089,1.3694851,1.3408363,1.2451386,0.837198,1.2046838,1.4148319,1.2063502,0.70063287,1.2772219,0.9124724,1.3900642,1.0296636,1.2737205,0.5157476,1.1046797,0.64604396,1.2766939,0.62013423,0.49020016,1.5435492,1.2808948,0.7276298,1.0490439,1.2885956,0.96220654,1.3588872,1.4151094,0.72093236,0.49250108,0.50764596,1.4169606,1.3674526,1.3033924,0.8338561,1.051879,0.99460495,1.0533565,1.2830093,1.5259117,0.74672806,0.61737734
bib,0.35941494,1.023985,1.3821132,0.52638006,1.2280527,1.4017365,1.4545931,1.0327659,0.5801853,0.880073,0.49253416,1.5564201,0.527751,0.0,1.427095,0.46368575,0.800606,1.4751167,1.4211221,0.6457354,1.2208527,1.2619541,1.1881658,1.5363169,1.2681662,1.3473866,0.7716033,0.89971226,1.1184046,1.3728445,1.053315,1.4011194,0.9882787,1.0062665,1.1806687,0.52918524,0.9724848,1.6361444,0.6619258,1.550806,0.87992114,1.152949,0.79015493,0.9778945,1.1801672,0.5671857,1.3907802,0.8081808,0.7249987,1.2258463,0.80144954,0.43038338,0.8160538,0.9820076,0.8123363,0.6490627,1.4044545,0.8924995,1.042481,0.6530327,0.7086395,0.78525424,1.4963747,1.206554,0.77101195,0.51592875,1.1267446,0.5086784,1.5049399,0.73412365,1.3251934,0.6926609,0.8985991,0.5614761,0.8512055,1.0737561,1.3018088,1.5019165,1.0536327,1.4637132,0.8275876,1.3964146,1.3022497,0.75661355,0.26429677,0.47597414,0.47326314,0.96937037,1.5647762,1.5404701,1.4454008,0.8038951,1.13573,1.3236059,1.2638896,0.7018756,1.2462661,1.4641578,1.1771616,0.6762632,1.3675132,0.7802956,1.4308776,1.0132802,1.3644755,0.23455209,1.1464014,0.7024427,1.4094158,0.77982724,0.6498108,1.6206002,1.3942745,0.74076533,1.0612544,1.4013789,1.0231943,1.4717708,1.5123768,0.8410136,0.3407259,0.5011184,1.505333,1.4030421,1.4454236,0.81471646,0.9914615,0.98480934,0.9774074,1.467466,1.5433466,0.89016324,0.8055661
bird,1.3951979,0.7964573,0.8452494,1.2962081,0.91849434,0.85828507,0.53108096,1.2597578,1.4542718,1.2226844,1.469261,0.5384747,1.5073452,1.427095,0.0,1.4294465,1.1516147,0.7100706,0.9872769,1.4080162,0.7691927,1.0355356,0.8472102,0.66699135,0.81631404,0.64100933,1.0357778,1.2512939,0.922083,0.643919,0.90409136,0.7125023,1.134562,1.0261801,0.97294575,1.4445355,0.9399873,0.41510034,1.3513362,0.70549756,1.1883724,0.78455,1.1199975,1.1180531,1.0489674,1.2888625,0.72633886,1.1838492,1.0937037,0.66064936,1.2319173,1.4120927,1.1722158,0.9993519,0.9029839,1.3886106,0.5494852,1.0398339,1.122919,1.1154859,1.1347122,1.0805337,0.58209014,0.79194754,1.2900081,1.3518468,1.0363123,1.3416582,0.73120743,1.3058814,0.83943444,1.3223842,1.1795273,1.3118621,1.2635612,0.8540147,0.6159591,0.5439048,1.0881478,0.5084821,0.9948669,0.7548822,0.91458833,1.0466151,1.3812164,1.3591535,1.3716444,1.0418228,0.5542165,0.5030933,0.56661385,1.200067,0.8401929,0.8923431,0.9702964,1.3121097,0.888536,0.7411816,0.70064306,1.2993698,0.70517564,1.1264853,0.52499527,1.0391917,0.7720849,1.3614427,0.94737536,1.1688862,0.6603031,1.3505561,1.3956407,0.50907946,0.7599158,1.0976106,0.8444385,0.8430861,1.0222042,0.63181233,0.5109257,1.2331147,1.394907,1.4326535,0.78595096,0.52401966,0.5963473,1.1355743,1.0975689,1.1620704,1.1602159,0.6331482,0.4869883,1.1832582,1.1852701
blanket,0.33187205,1.0809147,1.3978767,0.68019354,1.2455015,1.3726866,1.4788849,0.92085993,0.5927891,0.70914257,0.20970225,1.4171778,0.38768548,0.46368575,1.4294465,0.0,0.9685566,1.4067315,1.2713343,0.7468984,1.284169,1.2262186,1.1199962,1.3897303,1.2607512,1.3843683,0.7765639,0.8384856,1.0588117,1.4053423,1.0652558,1.3549145,0.9157418,1.1553199,1.0671475,0.28552258,1.0456828,1.4754679,0.6937001,1.465816,0.916801,1.1809065,0.92637515,0.9551761,1.0574714,0.5546038,1.4068742,0.65841174,0.9238538,1.2651525,0.9959536,0.5032272,0.98655814,1.0705216,1.0877515,0.8058202,1.3877444,0.8297683,1.1503767,0.9423454,0.8288802,0.97881657,1.5020086,1.1873727,0.84550154,0.40703833,1.1532164,0.43074536,1.3512199,0.7913832,1.2426693,0.7387775,1.0123538,0.49341124,0.9459263,1.1177319,1.2658662,1.4694653,0.9329299,1.4376203,0.9610198,1.405973,1.1810081,0.7932658,0.41902542,0.3230723,0.6054175,1.1128536,1.482298,1.4601946,1.5077014,0.3202318,1.2631185,1.2961738,1.2774014,0.80372167,1.0960721,1.3640406,1.1466944,0.84567785,1.2976962,0.8837455,1.3802702,0.9792654,1.3886778,0.5298424,1.0900973,0.7391555,1.2202016,0.7668873,0.7161319,1.4994676,1.2888745,0.73061955,1.1286052,1.339421,0.97713166,1.3663436,1.4363194,0.9074595,0.44664258,0.66003346,1.4125171,1.3947937,1.3349551,0.89776504,0.79107726,1.0867813,1.113298,1.2700033,1.4442384,0.8535733,0.41909432
book,0.8596317,1.2055717,1.0322754,0.9177309,1.0701035,1.0436888,1.1882033,0.6684797,0.92366946,1.0654986,0.7207701,1.2101284,0.8437775,0.800606,1.1516147,0.9685566,0.0,1.1325567,1.0567447,0.4489969,1.1005464,0.8226077,1.0468625,1.1017249,0.88600296,1.149113,1.0344532,0.9631256,1.1900129,1.1644715,0.9678135,1.0543685,0.78314203,0.9395189,1.0007787,0.8083735,1.01918,1.1618123,0.5874635,1.1385283,0.9679914,0.84747016,0.8449645,0.8926286,0.7690852,1.0985733,1.146564,0.9849454,1.0894406,1.2145811,0.7573721,0.86654514,0.9824742,0.9638644,0.6740189,0.9889279,1.2339988,1.2168518,0.5370834,1.0514272,0.7552863,1.0044911,1.2607932,0.9296613,0.85785186,0.92817664,1.0479523,1.0967492,1.0798212,0.6010325,1.0575941,0.9639478,0.7758272,1.079772,0.8827971,1.1210418,1.0929703,1.1904967,1.0901233,1.2751995,1.137751,1.1198756,0.9670901,0.88345444,0.94840324,1.1260921,0.5238918,0.94691646,1.109002,1.0843152,1.2033697,1.0254053,1.027897,1.0399178,0.9153646,1.0398531,1.0129235,1.0660185,1.240443,0.8307111,1.0796037,1.0239528,1.18503,1.0360446,0.87409925,1.0219476,0.96428245,1.1572384,1.2078482,0.9954225,0.7449884,1.1112137,1.2247062,1.1489823,1.0583942,0.9923535,1.1324536,1.1956531,1.1848578,0.8196503,0.9950501,0.804506,1.0235413,1.2613926,1.2219111,0.87927175,1.0269718,0.4814334,0.8572409,1.2243646,1.243868,1.0442787,1.1297421
bottle,1.5550547,0.92635345,0.73210377,1.3845229,0.77640116,0.65800226,0.6201637,1.0248483,1.399681,1.2113998,1.4413359,0.49506325,1.4213464,1.4751167,0.7100706,1.4067315,1.1325567,0.0,0.63801116,1.3198843,1.0338907,0.30222976,0.78833437,0.14227176,0.7341254,0.851566,1.2944026,0.9420805,0.94808745,0.6666496,1.0002168,0.77591455,1.0307612,1.2503339,0.8331313,1.414452,1.1908553,0.42096448,1.2856967,0.21036708,1.1523316,0.9969232,1.1035259,0.9059337,0.9314805,1.1851684,0.64180857,1.229176,1.340262,0.9369306,1.1248552,1.5050243,1.1102469,1.0818229,1.2435352,1.2334332,0.70656985,1.0104967,0.79241633,1.2616749,1.2925556,1.2935328,0.5038187,0.9279784,1.2364781,1.2536514,0.5522878,1.3493118,0.5729465,1.2916441,0.66824055,1.2914017,0.7208751,1.2631943,1.1736555,1.0535316,0.6549744,0.49102104,0.9790094,0.50486946,1.2421471,0.66158843,0.5382657,1.138834,1.419035,1.3853533,1.5156981,1.2204429,0.5062777,0.59774125,0.6372588,1.0633276,1.122603,0.71009165,0.94736326,1.2838683,0.5842459,0.4379313,0.99524164,1.1641473,0.77422076,1.3443725,0.78644085,0.93517506,0.779168,1.3778507,0.8643706,1.2491672,0.6136392,1.3659518,1.2671927,0.46202224,0.686687,1.2598593,1.1224418,0.7216198,1.0486435,0.63348085,0.48585987,1.0186412,1.4178243,1.4432874,0.48144436,0.7127117,0.5656957,1.1545697,0.94191647,0.97822344,1.1206824,0.4656675,0.4730696,1.1503894,1.2767178
bowl,1.4134047,1.1934841,0.73703396,1.3170595,0.9040375,0.7891774,0.78380024,0.60450256,1.1474322,1.150428,1.3299346,0.7422242,1.2209798,1.4211221,0.9872769,1.2713343,1.0567447,0.63801116,0.0,1.14341,0.839764,0.4858508,0.95472246,0.62412167,0.96131283,1.0398848,1.252897,0.8368062,0.8251044,0.75943846,0.9973375,0.6523869,1.0638332,0.9308873,0.8341358,1.2964847,0.98239344,0.76331,1.2508345,0.37331456,0.92428315,1.0048082,1.206348,1.0381771,0.8612694,1.2205929,0.76053774,1.1986411,1.3036244,1.1501639,1.1237488,1.2884474,1.0555402,0.9506826,1.2007239,1.0577465,0.9989616,1.1071373,0.8241989,1.282146,1.1222258,1.2652297,0.6932903,0.95264953,1.0858675,1.278414,0.7101953,1.3676323,0.57524264,1.2356764,0.78746337,1.106546,0.94370013,1.340275,1.1347765,1.1319602,0.86716545,0.8814422,0.74464595,0.7871323,1.2850561,0.79187906,0.6993482,1.072872,1.4247823,1.3208871,1.2878745,0.93172514,0.7510637,0.79781055,0.76824653,1.0267985,0.92200154,0.7429241,0.33079755,1.202918,0.8218463,0.63018686,1.125387,1.1784872,0.8472413,1.1322778,0.78316444,1.070071,0.7679258,1.3917038,0.8556897,1.2616208,0.81884897,0.6901962,1.2965896,0.67534333,0.6788676,1.296727,0.79215443,0.5214674,1.0720135,0.71294653,0.8369411,0.971152,1.3406045,1.0777801,0.3830225,1.0436447,0.84893525,1.1149006,0.7618406,1.024598,0.7546385,0.8669312,0.8015566,1.0729884,1.2181375
box,0.6784311,1.2435352,1.2486608,0.66881204,1.099888,1.1960335,1.4388212,0.41488636,0.54922545,0.97574264,0.53671753,1.4793915,0.48346645,0.6457354,1.4080162,0.7468984,0.4489969,1.3198843,1.14341,0.0,1.2744348,0.87895715,1.1647285,1.2777874,0.9565829,1.301069,1.0296714,0.8026686,1.2155367,1.3734591,1.1272244,1.2301732,0.8449281,1.0192349,1.123464,0.647412,1.089119,1.4313228,0.27217442,1.3051302,0.7248876,1.101267,0.9234417,0.82993627,0.6901288,0.90953004,1.323446,0.9379479,1.0160481,1.2908669,0.54247236,0.6891907,0.88848716,1.0074173,0.88001096,0.64638263,1.3901334,1.1910332,0.7675393,0.9463942,0.8029768,0.89982045,1.4738811,1.1499822,0.47386736,0.71681815,0.94905305,0.91968125,1.2885207,0.37274098,1.1922611,0.7985563,0.8176397,0.8309258,0.6823158,1.1271735,1.227583,1.4317374,1.0760753,1.4584239,1.0496321,1.342432,1.0954537,0.92903894,0.6792964,0.8917913,0.44885272,1.0015792,1.3670913,1.3218172,1.403976,1.0715286,1.2112527,1.185841,1.1145644,0.8493254,1.128811,1.2669268,1.2761068,0.73298734,1.2371373,0.9736796,1.4089444,1.1200881,1.0870882,0.7870105,1.0953579,1.0679377,1.3084632,0.7291668,0.37326437,1.4605457,1.3463562,1.0087638,1.1296917,1.2186552,0.9464896,1.3473111,1.3458259,0.69491535,0.72819257,0.51975083,1.1993691,1.4453524,1.34404,0.8309018,1.0801091,0.38652313,0.8159083,1.3258592,1.4735107,0.93999064,0.98217994
bread,1.2485986,0.91782415,0.8526187,1.1999066,0.932829,0.939999,0.7431192,1.1470387,1.3262955,1.2796677,1.3839574,0.92130727,1.4010892,1.2208527,0.7691927,1.284169,1.1005464,1.0338907,0.839764,1.2744348,0.0,1.1720698,1.036073,1.0488924,1.0754379,0.8768701,1.1969135,1.2259681,0.5993391,0.81581,0.8119226,0.8055737,1.0686978,0.22853708,0.9285044,1.359222,0.21327579,0.8761492,1.3032675,0.95245814,1.0636387,0.9393412,1.0717002,1.1656929,1.0342127,1.2473992,0.74401176,1.1498017,1.0859067,0.9395854,1.102611,1.2046406,1.0820768,1.0518571,0.95034075,1.226444,0.95095634,1.0375597,1.0594827,1.1705338,0.8516289,1.0952054,0.8291265,0.95473355,1.2211298,1.3110435,1.2335322,1.280755,0.8995994,1.2751598,1.0743409,1.0568826,1.1213014,1.2201191,1.2017119,0.96310157,0.8844842,0.8905728,0.8157789,0.98719436,1.0577985,0.71264255,1.1015596,1.0769612,1.3452162,1.3102486,1.2264562,0.30362582,0.9688097,0.9076866,0.6591966,1.1948593,0.11344385,1.030967,0.48685777,1.0116652,1.109499,0.8861559,0.9187677,1.1815004,1.0284306,0.60117257,0.6337259,1.0030358,1.0471352,1.3035188,0.9845975,1.1483816,1.0115345,1.0244861,1.349443,0.818179,0.85895836,1.1353644,0.8045567,0.913667,1.1033667,0.9011896,0.93465555,1.1057397,1.3868423,1.1434486,0.7660713,0.8684702,0.8473252,1.1180831,0.9064784,1.0958834,0.55695736,1.1071875,0.9289482,1.2754729,1.2797194
bucket,1.3296767,1.1306151,0.8739681,1.2342436,0.8834338,0.7907945,0.94590396,0.6203648,1.1229714,1.1667478,1.2046175,0.8802188,1.1146718,1.2619541,1.0355356,1.2262186,0.8226077,0.30222976,0.4858508,0.87895715,1.1720698,0.0,0.8961041,0.35289025,0.80985165,1.052043,1.2636358,0.6508076,1.0264103,0.93588156,1.0438209,0.8445631,0.8538293,1.1821604,0.8196738,1.1943586,1.2060646,0.8548469,0.919963,0.37408173,0.90648454,1.0298247,1.0101696,0.72180337,0.70889455,1.1387553,0.88250285,1.2365816,1.4099448,1.1848953,0.9326032,1.2871131,0.9806389,0.99017864,1.1211238,0.9791685,1.0884538,1.0402108,0.64588207,1.276617,1.1675817,1.2376515,0.7753247,1.0122519,0.9752819,1.0830269,0.50885123,1.3480008,0.73148453,0.968166,0.7638153,1.1409944,0.47631747,1.1674088,0.9317279,1.2028373,0.90902954,0.95338565,0.86691487,0.8253484,1.2857146,0.916837,0.5262919,1.0164818,1.3241543,1.2921668,1.2793235,1.1507378,0.8248544,0.9129852,0.929524,1.0000099,1.2025049,0.74572307,0.85478854,1.2127783,0.6407004,0.6489618,1.1612114,0.9411052,0.84874535,1.2865273,1.1058036,0.97644204,0.74835527,1.2886747,0.8175901,1.311915,0.8362302,1.0020663,1.0016639,0.7753395,0.8923786,1.2751129,1.0421485,0.71249115,0.9869799,0.8692882,0.8982907,0.70735383,1.3121803,1.1809849,0.5821109,1.1007944,0.8607267,1.0187832,0.80453706,0.7085916,0.95057887,0.72717386,0.90461695,1.0372775,1.2576087
butterfly,1.1741533,0.9961665,0.82280385,1.2874218,0.9612982,0.8402332,0.8008512,0.8658239,1.3104411,1.1252095,1.177432,0.860837,1.2525389,1.1881658,0.8472102,1.1199962,1.0468625,0.78833437,0.95472246,1.1647285,1.036073,0.8961041,0.0,0.8690429,0.9165014,0.9423017,1.1664506,1.0971304,0.9181414,0.90393585,0.8653856,0.9172144,0.9197362,1.1318605,0.7418636,1.2149345,1.0953451,0.81393754,1.1067619,0.8727131,1.1161709,0.8300628,0.9891835,1.1408665,0.99953985,1.0512842,0.88881093,1.0332501,1.2342074,1.0556952,1.150653,1.2064805,1.0434753,1.0468347,0.742503,1.1545479,0.98960215,0.9600825,0.7579886,1.2124659,1.134554,1.2112992,0.6656723,0.7553086,1.1404725,1.009605,0.915099,1.2095594,0.86409295,1.1092792,0.85791254,1.3441397,1.1764343,1.103173,1.0953679,1.083782,0.99768,0.8708388,0.93140787,0.82259274,1.2269849,0.88259697,0.9920946,0.7936952,1.1493975,1.2986263,1.1639749,1.0909564,0.79978085,0.85390943,0.9257932,1.0406075,1.0149493,0.8144537,1.0387971,1.171976,0.7878412,0.81894934,0.99311477,1.1817712,0.64932233,1.1993941,0.8962331,0.7890854,0.65574336,1.2027981,0.783859,1.179692,0.9333914,1.2329597,1.093049,0.6690264,0.98825514,1.004417,1.0991397,0.8521845,1.0190351,0.8538095,0.9150364,0.94953454,1.1958884,1.2510637,0.8384853,0.98361886,0.9679062,1.0250963,0.86253023,0.87063026,1.0476043,0.91952074,0.8142786,1.1410304,1.0195391
can,1.5360526,0.9211001,0.8313443,1.4058189,0.92606753,0.7719137,0.61223793,1.0133648,1.3079138,1.1537076,1.3987895,0.41924965,1.3191122,1.5363169,0.66699135,1.3897303,1.1017249,0.14227176,0.62412167,1.2777874,1.0488924,0.35289025,0.8690429,0.0,0.69142884,0.8143501,1.2525102,0.8618218,0.92370033,0.6684517,1.073029,0.78027284,1.0205123,1.2592313,0.812473,1.3454132,1.2234917,0.38066483,1.1910468,0.21790248,1.2628965,1.0234442,1.1813834,0.7432859,0.7728058,1.199148,0.77120334,1.228958,1.3412858,0.93359727,1.1076715,1.5372269,1.1584142,1.1024201,1.3219724,1.3152184,0.66072077,1.0699881,0.9752935,1.2723523,1.3615942,1.3429079,0.58712035,0.9646452,1.2332455,1.2221835,0.6213144,1.3565042,0.5667287,1.1530643,0.64344156,1.3420749,0.84425837,1.3536193,1.1832358,1.0269992,0.51381,0.51837677,1.0041655,0.48384655,1.274837,0.7591344,0.3486461,1.190363,1.4337095,1.3588992,1.4671446,1.2373308,0.513769,0.574635,0.63963544,0.99966496,1.1139435,0.7079422,0.9120694,1.3532306,0.64354527,0.4432788,0.9821883,1.0985528,0.8339269,1.3782859,0.7578672,0.95542747,0.80288017,1.3867648,0.92797565,1.2204844,0.52224994,1.3404717,1.2250874,0.49388885,0.6402362,1.290492,1.0752437,0.7320494,0.98109585,0.5169742,0.44531143,1.0087153,1.4139973,1.474148,0.5418259,0.73047435,0.50398153,1.2185228,0.9710794,1.0763142,1.146732,0.35009015,0.5104619,0.99363416,1.2119317
car,1.340032,1.0090666,0.80368304,1.2066001,0.9163379,0.79868555,0.6328366,0.8720933,1.1474485,1.1588857,1.1871929,0.6478424,1.1319027,1.2681662,0.81631404,1.2607512,0.88600296,0.7341254,0.96131283,0.9565829,1.0754379,0.80985165,0.9165014,0.69142884,0.0,0.75740147,1.0570554,1.1249299,1.0819633,0.8519823,1.1864971,1.007306,0.79235476,1.2115893,0.95897114,1.2067055,1.1909838,0.69665015,0.8474633,0.8231777,1.1464698,1.0106117,1.0212586,1.0824803,0.94588953,1.1036929,0.9762962,1.1515287,1.0522496,0.9040167,0.7315697,1.2658985,1.1236295,1.1742656,1.0073348,1.116684,0.8033544,1.0356028,0.83319014,1.0836778,1.1689651,1.1036859,0.8618429,1.0117527,0.8699952,0.9565568,0.9214736,1.1918799,0.885366,0.7939162,1.0893081,1.1573942,1.1265552,1.1246783,0.7730712,0.96001166,0.80976087,0.689273,1.1994059,0.85573584,1.1832634,0.8898006,0.8419138,1.2434492,1.2478484,1.251775,1.1775818,1.2131944,0.7800888,0.80521226,0.7315195,1.0280379,1.0397655,0.973654,1.0410916,1.1658555,0.94120467,0.5477674,0.9923623,1.1887791,0.8485653,1.2278316,0.78135,0.9679602,0.766117,1.2035227,0.87081754,1.0375106,0.91327715,1.3237834,0.82445395,0.5327264,0.6987332,1.1027358,1.1043801,0.99723214,1.0672054,0.79097086,0.71643496,0.8814117,1.2004597,1.2679651,0.7362323,0.8691973,0.7853424,1.2112945,1.1762402,0.7349144,1.1186085,0.7794886,0.77159095,1.121401,1.1323614
carrot,1.3554583,0.47580367,0.79261434,1.0618435,0.9129354,0.75402796,0.5313071,1.1188452,1.2462227,1.1188394,1.4091996,0.59789133,1.2954227,1.3473866,0.64100933,1.3843683,1.149113,0.851566,1.0398848,1.301069,0.8768701,1.052043,0.9423017,0.8143501,0.75740147,0.0,1.077974,1.1271372,1.0135198,0.87391937,0.8739872,0.83452916,0.80180013,1.0739425,1.0914361,1.355854,0.97239274,0.6041654,1.2443495,0.9168385,1.1837212,1.1111317,1.0820603,1.197073,1.0248064,1.2346308,0.8607632,1.2243901,0.97014034,0.3186227,1.25807,1.3239655,1.1197118,0.9154115,1.0238804,1.276845,0.5514352,0.81674016,1.0503132,1.1649855,1.200311,0.71567816,0.8712574,1.1158888,1.149736,1.2947371,1.206452,1.1673856,0.83164525,1.1318405,1.1125875,1.0330966,1.1829503,1.0079005,1.2577708,0.70659316,0.6725821,0.59507644,1.1703682,0.4975838,0.83839345,0.72981507,1.0619018,1.2322766,1.3223846,1.257716,1.3189528,1.1274959,0.6410035,0.5823271,0.51312304,1.0251292,0.89874524,1.0471064,1.0638916,1.1040833,1.24374,0.9607974,0.68404627,1.3651819,1.0824965,1.1583567,0.713687,0.8961168,0.7559645,1.28923,1.0628725,0.9911616,0.89412606,1.1917862,1.2316705,0.58853865,0.6616579,0.9832744,0.86382747,0.8892972,1.1277399,0.5025126,0.6163371,1.1663332,1.3525625,1.3795093,0.7792753,0.40959704,0.53791183,1.0830758,1.1613643,1.1346784,1.2000445,0.8847132,0.6560126,1.1082323,1.1141917
cat,0.64731383,1.1076987,1.1601007,0.92180026,1.1591687,1.1750461,1.1972216,1.1968344,0.7786512,0.6688868,0.8287297,1.0451199,0.76552695,0.7716033,1.0357778,0.7765639,1.0344532,1.2944026,1.252897,1.0296714,1.1969135,1.2636358,1.1664506,1.2525102,1.0570554,1.077974,0.0,1.1196915,1.1471167,1.1099646,1.0280976,1.0579075,0.8611695,1.1151588,1.1450553,0.8234381,1.0890547,1.2374719,0.94670886,1.2913487,0.9517226,0.7207837,1.0209721,1.0804708,1.2928507,0.9197452,1.2273666,0.7921895,0.74253064,1.1723278,0.9717265,0.87089634,1.0162586,1.1055044,0.87331045,0.8974948,1.1004683,0.95303553,1.1916633,0.8773393,0.9453918,1.0178871,1.2493335,0.85430104,0.98242867,0.79311144,1.1143326,0.79379946,1.2657481,0.9620595,1.0918381,0.87353474,1.0745991,0.8251784,0.8935625,1.0302902,1.1095791,1.1960195,1.0636189,1.1778369,0.911436,1.1926835,1.137661,0.91619194,0.7885198,0.7614011,0.87800175,1.1217748,1.2724338,1.2952635,1.1607981,0.85064656,1.1209532,1.0744251,1.233294,0.87152314,1.0313653,1.2053087,0.97257376,0.9950316,0.9472823,0.9487203,1.0976995,1.0467345,1.2350522,0.78005815,1.0610424,0.8080751,1.0741161,0.9696208,0.82900107,1.2437034,1.0126712,0.8151934,0.93549347,1.2643646,0.87098473,1.2052349,1.1998779,1.0993915,0.6776048,0.93347573,1.3382136,1.221025,1.1354654,1.05813,1.1075052,1.2326281,1.1934896,1.0684373,1.1955112,0.7274747,0.6679671
chair,0.91565704,1.0434806,1.2929422,0.88496244,1.1701976,1.1857213,1.3109756,0.70167875,0.8240954,1.063962,0.92023134,1.2580616,0.65102243,0.89971226,1.2512939,0.8384856,0.9631256,0.9420805,0.8368062,0.8026686,1.2259681,0.6508076,1.0971304,0.8618218,1.1249299,1.1271372,1.1196915,0.0,0.9193156,1.2400725,1.0473268,1.1291476,0.8891496,1.1589813,0.7512351,0.8669251,1.0406096,1.2559794,0.7359803,0.93576574,0.9605818,1.1346889,0.8874581,0.5888963,0.60069215,0.8157101,1.2704082,1.1817721,1.2007601,1.0716398,1.0321382,0.951949,0.83220434,0.8247292,1.2061069,0.9260631,1.2437482,0.788504,1.0190016,1.0126237,1.099113,0.8541553,1.0488565,1.1415212,0.9541545,0.75597495,0.84536916,0.94203013,1.0426598,0.79091877,0.98755705,0.9505436,0.7677326,0.84199333,0.86687446,1.1037383,1.0605847,1.3243507,0.8519759,0.9976754,1.1006448,1.3055677,0.6802793,0.958299,0.9781466,0.8216612,0.8750343,1.1187801,1.11447,1.1100926,1.3098506,0.80429643,1.2923722,0.98270124,1.0437382,0.9659942,0.8614846,1.0634313,1.1426991,0.7045603,1.0866753,0.9949668,1.2893453,0.9562957,1.0642989,0.90006644,0.98080164,1.0451218,1.0244898,0.8000948,0.884605,1.2627071,1.2176095,0.9587418,1.0199307,0.9351716,0.8746974,1.0512947,1.1996764,0.5880225,0.91439736,0.92568797,1.129835,1.1982834,1.1284267,0.86915654,0.70586234,0.9675975,0.9887535,1.0166125,1.2433118,0.81038433,1.0245247
chips,1.1072232,0.9782346,0.9945722,1.2591472,1.02702,1.019267,0.85182524,1.0069528,1.209442,1.2127938,1.2510902,0.94860107,1.2027547,1.1184046,0.922083,1.0588117,1.1900129,0.94808745,0.8251044,1.2155367,0.5993391,1.0264103,0.9181414,0.92370033,1.0819633,1.0135198,1.1471167,0.9193156,0.0,1.0049306,0.9413767,0.8576033,1.0121161,0.8366996,0.614022,1.196805,0.5456527,0.93584186,1.2390007,0.92339605,1.1245731,0.9361572,0.949234,1.0622299,0.94846386,1.0173308,0.96721166,1.0984924,1.2061051,1.0838288,1.1213957,1.0728885,1.017206,1.0895883,1.0237432,1.2043142,1.0384476,0.623115,0.9966793,1.2107033,1.0377581,1.1936598,0.742653,0.898901,1.1291878,1.005258,1.1323388,1.2031857,0.8999809,1.2074862,0.9928242,1.1899939,1.1371571,0.9268045,1.1264124,1.1570995,0.8026014,1.0233468,0.47504961,0.8878099,1.1191739,0.9574055,0.916507,0.87048066,1.239297,1.0772637,1.2275867,0.8474645,0.9820954,0.95238924,0.8507134,0.80628306,0.71095747,0.92256993,0.7630378,1.0460119,0.8068558,0.912786,0.90397215,1.1085194,0.8710949,0.857775,0.7937979,0.8934086,1.046301,1.2314363,0.76237744,1.0742893,0.8709832,1.0601491,1.3398821,0.8594405,0.94231486,1.0484593,0.8659898,0.92951596,0.98722357,0.8160855,0.98011357,0.92608863,1.2747676,1.2530406,0.9050246,1.0214189,0.96107143,1.1901691,0.47303313,1.1672136,0.7707631,0.9930223,0.98157173,1.2207438,1.2285835
