,alligator,apple,applesauce,arm,ball,balloon,banana,basket,bathtub,bed,belt,bench,bib,blanket,book,bottle,bowl,box,bread,bucket,can,car,carrot,chair,chips,clock,coffee,couch,cracker,crayon,crib,cup,dish,dog,doll,door,drawer,egg,finger,fish,flower,fork,frog,glasses,glove,gum,hamburger,hand,hat,jar,jeans,knife,ladder,lamp,meat,melon,milk,mitten,motorcycle,muffin,nail,napkin,necklace,orange,oven,pajamas,paper,pen,pencil,pickle,pillow,pizza,plant,plate,pumpkin,purse,radio,refrigerator,rooster,sandwich,sauce,scissors,shirt,shoe,shovel,sink,slide,slipper,soap,sock,soup,spoon,stroller,sweater,table,tape,toe,toothbrush,towel,toy,tray,vacuum,watch,window
alligator,0.0,1.3207543,1.0074129,0.7944452,1.2455459,1.2904584,1.058734,1.0448356,0.97048825,0.7213938,1.1956984,0.8445618,0.87559885,0.7558088,1.1360779,1.3158271,0.8480776,0.83584553,1.3063326,1.157145,1.3053181,1.0739887,0.94683456,0.9170132,0.7812692,1.3806067,1.1332877,0.7992111,0.83891463,1.2701621,0.9084979,1.1642655,0.8889649,1.0210823,0.87346166,0.9178548,1.0280224,1.2798715,0.81963855,1.0635679,1.1552597,1.262781,1.0235764,1.039761,1.1025105,0.9535925,1.0937555,0.73801607,1.373426,1.0367929,0.71982384,1.33032,0.84621555,1.3668296,0.9209806,0.8937051,0.9082905,0.7574796,1.156805,0.95501167,1.1210619,1.148913,0.96397173,1.13607,1.0124031,0.7751268,1.0991179,1.2285249,1.2364293,0.9666803,1.1158792,0.8531194,1.169384,1.11991,0.806769,0.87159187,1.1521435,1.0626152,1.1936288,0.75751853,0.84379756,0.98251843,0.8797005,1.1059339,1.0657967,0.9068995,0.71655566,1.2607133,1.3016014,1.029356,0.8313188,1.1248095,1.1075461,0.87278384,0.85815114,1.2800496,1.1131682,1.0784068,1.0459042,1.0292337,1.113134,1.2140949,1.2874154,0.9542809
apple,1.3207543,0.0,1.121433,1.3001242,0.9074303,0.38770097,1.0363493,1.1515998,1.2592648,1.4419025,0.3292163,1.44722,1.3275691,1.4603071,0.86791027,0.44392073,1.1423718,1.3691373,0.5097077,1.0815488,0.5912438,1.0003095,0.9313041,1.4587147,1.2060988,0.34222245,1.0857177,1.4140308,1.2374679,0.35418558,1.4084626,0.92710245,1.1665219,1.1757268,1.1949524,1.2922478,1.0103483,0.33470428,0.89689577,0.6221993,0.7701113,0.5490898,0.8789188,0.6615078,0.734374,1.1150897,1.0772908,1.2456868,0.5434261,1.1054943,1.3460913,0.3352598,1.3650172,0.6359148,1.1650918,1.2064676,1.3381814,1.394297,1.1105684,1.0177698,0.560626,1.1721265,0.9616908,0.4905995,0.94400525,1.3553195,1.175524,0.4906959,0.54064184,0.9428036,0.8961533,0.77801853,0.8594607,0.6957694,0.9815413,1.468589,0.7634031,1.2960324,0.7632769,1.2798799,1.1944044,0.91055197,1.284383,0.73483855,0.7837653,1.1728308,1.3590355,0.38935614,0.4686486,0.81278586,1.3062805,0.7774286,1.1559982,1.3080397,1.339679,0.59118444,0.68613106,0.7791898,1.3068376,1.0221106,0.88483685,0.4237854,0.3909223,1.178426
applesauce,1.0074129,1.121433,0.0,0.9031716,0.7325418,1.0038711,0.9308494,1.1689156,1.1006745,1.0291159,1.2137811,1.0624892,0.94877356,0.951476,1.1834898,1.1558268,0.65940255,1.0689478,0.6240884,1.1022985,1.2028048,0.8359766,0.7679742,0.98378766,1.0934489,1.126739,0.8272712,1.0756248,0.8418069,1.2810133,1.1003735,1.0281553,0.6641322,1.0143588,1.1013874,0.93571496,1.0789727,1.1392841,0.85473907,1.0614195,1.2090639,1.2089595,0.9598161,1.0701104,1.130996,1.061623,0.5580261,0.761063,1.021966,0.98295134,0.9522421,1.1815174,1.1320043,1.1613553,1.0624139,0.9299878,0.94550014,0.72326255,1.2235287,0.93885726,0.96781254,1.0357606,0.7790544,1.1049801,1.1543653,0.8921385,1.1641054,1.1505908,1.2227594,0.7799004,1.1761509,0.82105017,1.2155125,0.94138575,1.0074284,1.0271181,1.0905011,1.0587609,1.1630946,0.98710364,0.7758444,1.1376597,0.98137087,1.0911579,1.224377,0.54999125,1.0389239,1.162969,1.2314756,0.8901934,0.7379394,0.93872637,1.1857309,0.9544846,0.857458,1.0547498,1.0466632,1.2237923,1.060799,1.2237971,1.0288252,1.3219029,1.2281917,0.9936218
arm,0.7944452,1.3001242,0.9031716,0.0,1.223928,1.3327463,1.0573488,1.1449091,0.9369975,0.81684566,1.2153921,0.81129926,0.7669063,0.8157001,1.1133955,1.2619845,1.0473393,0.9641827,1.0900114,1.1953664,1.2687416,0.8414851,0.9760815,0.886547,1.0381551,1.2577982,1.1275709,0.8994057,0.8232132,1.2118356,0.9528458,1.133943,1.0886853,1.0361351,1.0217757,0.863037,1.0419219,1.2230681,0.6794766,0.7595818,1.2741709,1.2269219,1.1254638,1.0222515,1.1324496,0.9857437,0.85192996,0.45298553,1.3383005,1.098266,0.7503024,1.1965692,0.809325,1.2748299,0.7854805,1.0085135,1.0381162,0.714989,1.1682516,1.0503949,1.1201812,1.0922446,0.9731926,1.132041,1.0105543,0.701177,1.0100515,1.0666034,1.1022828,0.9821147,1.0248655,1.042616,1.2426418,1.2296805,0.93943816,0.79066753,1.0152103,0.90592504,1.3761996,0.90181494,0.95336616,1.2010742,0.6486005,1.2445494,1.1556658,0.94400007,0.752071,1.2478288,1.1744486,1.1032491,0.9208381,1.1851104,1.1426088,0.80510676,0.79565835,1.3165381,0.9927227,0.8648919,1.0312985,1.2451121,1.1006734,1.2287037,1.0830438,0.9064424
ball,1.2455459,0.9074303,0.7325418,1.223928,0.0,0.8159968,0.9413476,1.0028015,1.1627843,1.171509,1.0331327,1.0753021,1.1324108,1.1169608,0.98834753,1.0391796,1.0085477,1.0201746,0.6770241,0.92102236,1.1063446,1.0906084,0.99924743,1.1059421,1.1108587,0.87298083,0.75481033,1.1557108,1.0441672,1.073589,1.2010441,0.8238746,0.9823745,0.85292506,0.82679296,1.167908,0.90830123,0.9264529,1.1189963,1.1553595,0.9604979,1.0295801,0.8466424,0.9480408,1.0358515,1.0138181,0.6631474,1.015623,0.7600807,0.8747933,1.1598334,1.0822327,1.1918336,0.835064,1.0467165,1.001694,0.9405904,1.0890377,0.98935956,0.9314998,0.903381,0.90949357,1.0932041,1.0077305,1.1464767,1.1514287,0.92111135,1.0164046,1.040222,1.0013391,0.9712484,1.0846076,0.8981502,0.99704474,0.9051914,1.1196362,1.0093656,1.0406532,0.90440005,1.1055688,1.0418949,0.8312134,1.0985321,0.7344103,1.0700603,0.95397335,1.242079,0.9421771,1.0035527,1.0465599,1.0782899,0.78084004,0.99405205,1.1245458,1.0939062,0.70296216,1.0087024,1.125303,0.96904856,0.66883016,0.8805051,1.1295198,0.9891074,1.0692514
balloon,1.2904584,0.38770097,1.0038711,1.3327463,0.8159968,0.0,0.9612304,1.192371,1.2948866,1.4389367,0.5928565,1.445203,1.281465,1.4038641,0.96527725,0.5963127,1.0893297,1.3149257,0.69519985,0.96295017,0.65311337,1.0897019,0.8883133,1.4411497,1.1819751,0.40725803,0.8672819,1.3978953,1.2245636,0.60123533,1.3698457,0.917125,1.0496774,1.1242243,1.1997826,1.2436053,1.069909,0.5871976,1.0497551,0.8155983,0.6786188,0.67449605,0.8584166,0.8930573,0.7472151,1.0805703,1.0403847,1.3277779,0.34581918,1.0542337,1.3774166,0.69976425,1.3574312,0.56463623,1.1119238,1.1222357,1.1849009,1.2543272,1.0224342,1.0425819,0.62426376,1.1150954,1.0079557,0.6540622,1.0291017,1.371881,1.1624461,0.78552616,0.74526024,0.8806893,1.0089856,0.83697826,0.74928117,0.6662569,0.9517174,1.4865444,0.7724218,1.1778574,0.5809362,1.2261941,1.0353544,0.9157644,1.2261292,0.7943102,0.77215046,1.1550567,1.3841112,0.6427033,0.61764455,0.85456073,1.1805015,0.87517715,1.1083705,1.2600038,1.3148004,0.49890333,0.8164374,0.79127324,1.2236997,0.94725084,0.92736197,0.65310407,0.6672205,1.1502986
banana,1.058734,1.0363493,0.9308494,1.0573488,0.9413476,0.9612304,0.0,1.2186689,1.2518829,1.1291267,1.0791355,1.249581,0.96344167,1.0333484,1.217184,1.1847029,0.75871116,1.103638,0.8303165,1.1903888,1.239177,1.0275981,0.9520516,1.333753,0.4334221,1.2096205,1.0043736,1.1354978,0.5653469,1.1966815,1.2360501,1.1144108,0.7249857,1.0567936,0.9680243,1.0502628,1.1075853,1.1646854,1.0512844,1.0536665,1.0320784,1.1419121,0.29314494,1.124005,1.0807943,1.0875362,1.0357718,1.0767612,1.0491961,1.1131384,1.1426637,1.1943918,1.1932809,1.1327748,0.9925012,0.3841452,1.1012672,0.93783015,1.1100044,0.6226538,1.0826548,0.88224626,1.0253825,1.105556,1.2221575,1.109273,1.121811,1.2325925,1.1784672,0.23067576,1.1616718,0.82435983,1.0529789,0.59785527,0.97173643,1.0954995,1.1300491,1.1021336,0.90242285,0.41080016,1.0817096,0.9904554,1.0747445,1.0844907,1.2059531,1.0151374,1.2353436,1.0770726,0.748322,1.0560013,0.7155474,1.0705925,1.1335047,1.1373751,0.957906,1.0755692,1.0990238,1.0147451,0.9236858,1.0274891,1.0888598,1.2444867,1.2053797,1.1505877
basket,1.0448356,1.1515998,1.1689156,1.1449091,1.0028015,1.192371,1.2186689,0.0,0.93147147,1.0348319,0.96279263,0.7867563,1.0259387,1.003727,0.668894,0.88372374,1.2006235,0.83988017,1.1748765,0.58449495,0.6688914,1.0181303,1.3263459,0.74588597,1.1298908,1.1022387,1.0317323,0.9800036,1.1936835,0.9650691,0.77375287,0.8499378,1.0718392,0.958826,0.89955145,1.0212549,0.6765608,1.1165802,1.1826081,1.2911198,0.85944426,0.89707124,1.2187978,1.1036968,0.9851021,1.052078,1.0994778,1.1909628,1.0008261,0.5808624,0.92668724,0.9757119,0.9593243,0.9801311,0.9499224,1.1713107,0.70351416,1.1520295,0.77899384,0.9185905,1.1507,0.89639413,0.960536,1.1346384,0.57534623,1.1192756,0.8176285,0.9305437,0.89091116,1.2301953,0.61131114,1.1364969,0.8231191,1.0807592,1.1020058,0.88005143,0.84855384,0.91939545,0.9667192,1.222801,1.216174,1.0005789,1.1384016,0.8118242,0.8669605,1.2200695,1.107394,0.89133984,1.1040957,0.95717573,1.2561324,0.9721998,0.73861957,1.1530865,1.2291826,0.86152565,1.0192863,0.94123113,0.9071573,0.8475593,0.8423577,1.0089756,0.99074596,0.9601705
bathtub,0.97048825,1.2592648,1.1006745,0.9369975,1.1627843,1.2948866,1.2518829,0.93147147,0.0,0.60889775,1.220423,0.60098696,1.0961784,0.78121895,0.9959959,1.1452067,1.054225,0.7548838,1.271752,0.9584049,1.1005142,1.0266788,1.1113522,0.6326538,1.044818,1.1923338,1.1193786,0.58451736,1.1328206,1.188649,0.53371507,1.0463572,1.111029,0.8576206,1.0777674,0.6230111,0.9294128,1.1560684,1.2244071,1.1644816,1.199753,1.198066,1.2850373,1.1282874,1.2870224,0.94702286,1.0650873,1.1112568,1.2517451,1.0243456,0.9038727,1.0794082,0.6565727,1.0754473,1.07806,1.1014678,0.89052564,0.979221,0.8008643,1.2076619,1.203867,1.038441,1.13554,1.1788124,0.9509611,0.78895205,0.85056645,1.2141157,1.2237256,1.3005699,1.132448,1.2206221,1.0978585,1.2449534,1.0187464,0.790442,1.1096643,0.68950605,1.1864903,1.0009326,0.8744036,1.2721405,0.8663785,1.1453295,1.1599723,0.8851705,0.5640464,1.1954908,1.2378758,1.1422565,0.9087495,1.1522641,0.8457396,0.76485354,0.7696644,1.293977,1.2948313,1.1813693,0.9694514,1.022776,1.0510949,1.1415488,1.2020895,0.831869
bed,0.7213938,1.4419025,1.0291159,0.81684566,1.171509,1.4389367,1.1291267,1.0348319,0.60889775,0.0,1.4389038,0.5641623,0.64021397,0.17797166,1.2335494,1.4222968,1.0466536,0.73506737,1.371868,1.2392349,1.4461199,1.0314037,1.05394,0.5795187,0.92474043,1.4381173,1.1627007,0.054686546,0.9256438,1.4324276,0.4899115,1.2596626,1.0759807,0.5260834,0.84888357,0.72691035,1.0353451,1.2996844,1.1258723,1.1162777,1.3435638,1.4453523,1.1492941,1.1918677,1.2137761,0.968926,1.1108865,0.93740636,1.4504693,1.1716675,0.6676369,1.3437614,0.68793535,1.2746677,1.0064771,0.9497891,0.945574,0.74011475,1.0241861,1.0531206,1.2900403,0.9761504,1.1449087,1.2803241,1.1388507,0.46643215,0.95279896,1.444977,1.4238371,1.1326394,1.0459322,1.1238174,1.2292504,1.3127553,1.0051125,0.6360228,1.2023977,0.83899486,1.3068945,0.8355036,0.8379733,1.230221,0.72682655,1.2294145,1.2940152,0.94411355,0.5611146,1.4110239,1.3192377,1.2298766,0.8506615,1.3468757,0.97564125,0.5449877,0.6646236,1.4986833,1.2894082,1.2892054,0.82219315,1.0553453,1.2001811,1.3122017,1.382031,0.8741237
belt,1.1956984,0.3292163,1.2137811,1.2153921,1.0331327,0.5928565,1.0791355,0.96279263,1.220423,1.4389038,0.0,1.4153464,1.2572765,1.4446793,0.7005934,0.5501338,1.2694652,1.3660177,0.8046703,1.1065793,0.5262444,0.9713989,0.90343344,1.3769808,1.2427684,0.47640967,1.0856218,1.4278016,1.3177826,0.3417334,1.347245,0.9675474,1.2010926,1.2233808,1.158773,1.3873384,0.91674536,0.42583203,0.79968625,0.6491921,0.64888537,0.430727,0.9556633,0.56059015,0.5657136,1.1921601,1.304396,1.274797,0.5834,1.0436319,1.1523093,0.38004506,1.291429,0.7677157,1.1584088,1.3169575,1.3341798,1.5038441,1.0931917,0.95679796,0.4891675,1.176909,0.66505957,0.42661422,0.7294258,1.2759471,1.2037067,0.36346304,0.39234972,0.90606403,0.70457345,0.7242561,0.8398285,0.87606406,0.984694,1.3997345,0.6190223,1.3544757,0.8644584,1.3961158,1.321903,0.8211854,1.2541711,0.68459135,0.5758265,1.3141122,1.3122115,0.3077836,0.56805646,0.7694583,1.4939014,0.6930702,1.0787687,1.3905609,1.5102167,0.51585627,0.6011857,0.7782334,1.2904382,0.98411417,0.7524599,0.4982865,0.36759007,1.1175028
bench,0.8445618,1.44722,1.0624892,0.81129926,1.0753021,1.445203,1.249581,0.7867563,0.60098696,0.5641623,1.4153464,0.0,0.80944276,0.65280765,0.9829258,1.3545158,1.018505,0.39906502,1.2660055,0.9980551,1.310542,0.9635666,1.1209514,0.41893923,1.0114121,1.3743103,0.99267304,0.50541115,1.039819,1.3880303,0.42795366,1.1168664,1.0089647,0.8886005,0.76209176,0.6886845,0.9506671,1.3366922,1.2583195,1.2071062,1.2446516,1.3453038,1.257583,1.3602123,1.3398068,0.93751884,0.85297465,0.87047106,1.4780262,0.99659324,0.7507686,1.290837,0.4814191,1.1754572,0.95816994,1.0478572,0.7867092,0.8146107,0.9059999,1.0724163,1.4317874,0.9494131,1.2112894,1.3138783,0.88549805,0.71269345,0.6943623,1.3662403,1.2967451,1.2895392,1.0405185,1.2249154,1.0944235,1.2699809,0.92064285,0.6085404,1.283016,0.7925953,1.3009616,0.96201706,0.9506651,1.0828737,0.78726894,1.3429008,1.2948875,0.87015194,0.50446784,1.4310862,1.4015987,1.1540775,0.9322751,1.1584057,0.88658494,0.6603691,0.656144,1.4031768,1.4175156,1.2270858,0.8472222,0.73612493,1.047096,1.3370613,1.47594,0.7168
bib,0.87559885,1.3275691,0.94877356,0.7669063,1.1324108,1.281465,0.96344167,1.0259387,1.0961784,0.64021397,1.2572765,0.80944276,0.0,0.5525627,1.1550573,1.2295605,1.1569288,0.9191425,1.1468191,1.1333659,1.2074063,0.9249428,0.9910162,0.677835,1.0531702,1.3255217,1.0164968,0.61719316,1.0174179,1.396502,0.7734037,1.082011,1.050489,0.8850225,0.6167985,0.83226216,1.0858674,1.2766724,0.94791114,0.9852584,1.2293203,1.2435522,1.0910449,1.1926715,0.75137293,0.9560993,1.0129745,0.7053784,1.2324584,1.1559628,0.5497936,1.2999392,0.97963285,1.2093148,0.7888009,1.0319326,1.0075897,0.6678405,0.9940304,1.073191,1.247871,0.6192252,0.9030736,1.2267998,1.0899726,0.5016426,1.0486813,1.3188299,1.3188944,0.9399765,0.81492853,1.1265345,1.1811668,1.3026054,1.0078535,0.6268829,1.1008791,0.9623554,1.2326505,1.0073876,1.0794519,0.9307962,0.61122614,1.0486647,1.2458953,1.1424392,0.9608186,1.326258,1.2769644,1.0912992,1.0557432,1.1138829,0.87720567,0.7586709,0.92937535,1.2026258,0.9869545,1.0996455,0.5736034,1.0107309,1.2287259,1.2202947,1.17491,1.0273625
blanket,0.7558088,1.4603071,0.951476,0.8157001,1.1169608,1.4038641,1.0333484,1.003727,0.78121895,0.17797166,1.4446793,0.65280765,0.5525627,0.0,1.2311163,1.4097722,1.0655806,0.8075973,1.2566707,1.222896,1.4301322,0.947429,1.0355428,0.5914712,0.9415464,1.4285736,1.0847441,0.2192725,0.9232064,1.4719167,0.6625416,1.2096432,1.075774,0.39192897,0.72535396,0.73428535,1.082524,1.3195957,1.1514934,1.0904455,1.342441,1.4152542,1.1345468,1.1947906,1.163564,0.992046,1.0429344,0.9165156,1.3972822,1.1548349,0.58910537,1.3801903,0.8505371,1.2566886,0.9217032,0.90833056,0.9627005,0.71090734,0.9920132,1.0611632,1.2905838,0.79969645,1.0482744,1.2782116,1.1661042,0.4379555,1.0043583,1.4726629,1.4639733,1.080046,0.92238575,1.131532,1.2347131,1.3212858,0.9237437,0.5974232,1.1813884,0.8687068,1.3101366,0.8393743,0.9425527,1.2347349,0.7098495,1.171219,1.2826464,0.97156113,0.73360384,1.4309063,1.2984279,1.2063257,0.8792473,1.3110883,0.916748,0.6778639,0.7574562,1.468472,1.3002005,1.2945017,0.65760267,1.1151383,1.2414397,1.3457584,1.3840158,0.90703666
book,1.1360779,0.86791027,1.1834898,1.1133955,0.98834753,0.96527725,1.217184,0.668894,0.9959959,1.2335494,0.7005934,0.9829258,1.1550573,1.2311163,0.0,0.76016843,1.0849493,1.0649468,1.0000914,0.6954009,0.5776995,0.8618574,1.1838741,0.95956445,1.1613681,0.7786036,1.0661845,1.2087882,1.2841282,0.7869351,1.0896955,0.76999897,1.0131027,1.0476571,1.1448219,1.2190753,0.8183054,1.0023326,1.1031209,0.9417107,0.8138036,0.5803883,1.134813,1.0041971,0.868015,1.1318047,1.1222842,1.2122989,0.8542495,0.99956566,1.1543441,0.56785727,1.0939121,0.8721632,1.0211126,1.2132545,0.9730261,1.2933868,0.8506631,1.023039,1.0702128,0.70489055,1.0586048,0.955114,0.6641052,1.2270485,0.50545216,0.6931977,0.7824408,1.157421,0.6388674,0.9546725,0.8294475,0.80095434,1.1396025,1.016228,0.70503867,0.9311294,1.0127538,1.2827525,1.1655408,0.9471856,1.2180564,0.789904,0.88049674,1.077365,1.1853403,0.70653653,0.9582541,1.0783211,1.2857575,0.7575523,0.8409538,1.2779454,1.2252516,0.83719957,1.0390447,0.92283005,0.795121,0.858013,0.40494496,0.85171354,0.81729305,1.067345
bottle,1.3158271,0.44392073,1.1558268,1.2619845,1.0391796,0.5963127,1.1847029,0.88372374,1.1452067,1.4222968,0.5501338,1.3545158,1.2295605,1.4097722,0.76016843,0.0,1.2513794,1.2877795,0.768126,0.56747586,0.23671323,1.0913095,1.2284303,1.1724135,1.2435322,0.47415024,0.9765163,1.3704305,1.3294946,0.50841844,1.28775,0.58642304,1.1895797,1.209244,1.211662,1.1741885,1.1032996,0.61477053,1.188109,0.7373169,0.78408617,0.7051806,1.1434299,0.85069734,0.6374031,1.0431365,1.0664711,1.3435061,0.5177886,0.7298875,1.255373,0.37960714,1.2628545,0.46374273,1.1172773,1.2785189,0.94874847,1.2401025,0.7898827,1.1956816,0.8715012,0.9445358,0.97144866,0.7171601,0.66920596,1.3650304,0.99432546,0.68112934,0.6897383,1.2455945,0.8166516,1.0739443,0.77500296,0.92584985,1.2481886,1.3269563,0.7326175,0.99334973,0.7721164,1.3764553,1.1385694,1.0577426,1.2089478,0.76887596,0.72878504,1.2673112,1.3135676,0.63659674,0.6823828,0.9103288,1.3165977,0.7958214,0.84173656,1.2815382,1.3471434,0.6103374,0.8288518,0.8632504,1.0976626,1.0233676,0.78731084,0.2881313,0.40373075,1.1229047
bowl,0.8480776,1.1423718,0.65940255,1.0473393,1.0085477,1.0893297,0.75871116,1.2006235,1.054225,1.0466536,1.2694652,1.018505,1.1569288,1.0655806,1.0849493,1.2513794,0.0,0.79442966,0.8254294,0.9892658,1.2770703,1.1054345,0.8507242,1.1059245,0.59101546,1.1733158,0.8961819,1.087588,0.6463023,1.2800397,0.9903575,0.8791517,0.24909383,1.1151556,1.2890631,1.0578024,1.080004,1.2407318,0.9886992,1.092191,1.2216233,1.1633086,0.886535,1.2178292,1.3177295,0.9067126,0.81368303,0.96854085,1.1897624,1.0900232,1.1258894,1.2295341,1.1162428,1.215092,1.1709912,0.57084775,0.9540809,0.8943066,1.251045,0.8418284,1.1752937,1.0813788,1.1356156,1.0981755,1.2532393,1.0321577,0.9501754,1.2801169,1.2366557,0.7099028,1.4096382,0.8263045,1.257083,0.4273978,0.9812773,1.0330753,1.2164448,1.1698861,0.9651871,0.5340126,0.5456301,1.1668394,1.1114832,1.2781698,1.2861512,0.18924141,1.0216988,1.2628258,1.1393986,1.1858909,0.2913854,1.1173228,1.2523744,1.002433,0.57385105,1.1167614,1.2510784,1.2540318,1.0634094,1.1000111,0.786013,1.3124114,1.3617611,1.1288271
box,0.83584553,1.3691373,1.0689478,0.9641827,1.0201746,1.3149257,1.103638,0.83988017,0.7548838,0.73506737,1.3660177,0.39906502,0.9191425,0.8075973,1.0649468,1.2877795,0.79442966,0.0,1.3433173,0.827027,1.248754,1.1060852,0.9721471,0.5670419,0.92355484,1.3508353,0.9345365,0.63255876,0.9808677,1.353504,0.37687045,0.9951334,0.92558044,0.9301888,0.80621177,0.85515124,0.8410316,1.2947574,1.2205682,1.2397091,1.2356869,1.3568865,1.117651,1.3129305,1.3647158,0.7660156,1.0274913,0.9359396,1.4145592,0.9515447,0.9123713,1.3239824,0.57594407,1.1726649,1.0737926,0.9739819,0.7280148,0.8640938,0.89378643,1.1184747,1.3548937,0.989863,1.2961663,1.2670509,1.0599595,0.80937195,0.7768594,1.4247184,1.322451,1.1934881,1.2940214,1.1579684,1.1652715,1.1391429,1.0105443,0.627163,1.2452079,0.87866354,1.1393588,0.88520676,0.8247605,1.0061396,0.8342692,1.2797563,1.317251,0.79637337,0.6396401,1.4108645,1.3352879,1.2598675,0.7298275,1.1980109,0.9013956,0.7599106,0.67271346,1.2622354,1.3873777,1.1987036,0.8877821,0.4510641,1.023944,1.2825814,1.4166849,0.97306144
bread,1.3063326,0.5097077,0.6240884,1.0900114,0.6770241,0.69519985,0.8303165,1.1748765,1.271752,1.371868,0.8046703,1.2660055,1.1468191,1.2566707,1.0000914,0.768126,0.8254294,1.3433173,0.0,1.0399133,0.94805694,0.99923736,0.98193675,1.2977985,1.0910982,0.66699654,0.7726287,1.3676713,0.9145664,0.8300772,1.4169779,0.8371434,0.86386335,1.1771431,1.0875078,1.1164821,1.1890268,0.7662713,0.9977826,0.77635646,0.9951692,0.8377992,0.9101938,0.9960123,1.008126,1.2018379,0.42517668,0.9047538,0.7773895,1.0262805,1.2586362,0.7109596,1.3445427,0.8276607,1.0365721,0.9326122,1.152176,1.0071487,1.1688907,0.8510781,0.9136428,0.95923334,0.93544286,0.8157675,1.048441,1.299,1.0159945,0.8028599,0.8405496,0.80253136,0.97171813,0.91777694,1.0052258,0.7362511,0.9411238,1.2745631,1.0322567,1.1651881,0.99436706,1.0416719,0.9780125,1.0760745,1.1853206,1.0317918,1.0736877,0.76638925,1.3565669,0.7830937,0.78366095,0.79183984,0.965648,0.78576756,1.2182357,1.1650558,1.1083269,0.86246026,0.9275357,1.0525657,1.0939833,1.2448477,0.88616353,0.9163354,0.85594296,1.0905764
bucket,1.157145,1.0815488,1.1022985,1.1953664,0.92102236,0.96295017,1.1903888,0.58449495,0.9584049,1.2392349,1.1065793,0.9980551,1.1333659,1.222896,0.6954009,0.56747586,0.9892658,0.827027,1.0399133,0.0,0.46954358,1.1618532,1.2920041,0.8813101,1.1430886,0.90459937,0.7904578,1.154501,1.2467111,1.0047853,0.9341317,0.32660866,1.0129526,1.021832,1.0356647,1.058419,0.9103657,1.1208645,1.3544984,1.1666846,0.8487332,0.95662975,1.2428341,1.2101834,0.98152953,0.7883354,0.90936285,1.2136239,0.8490493,0.4578473,1.2212005,0.9410753,1.0191907,0.7994357,1.028349,1.1616955,0.42063928,1.0826337,0.56626165,1.1810914,1.2761505,0.72872007,1.2502308,1.2145407,0.842814,1.302634,0.7057166,1.0780228,1.0290357,1.3524204,0.9256854,1.2577715,0.74544674,1.019189,1.2566168,0.9311784,0.85363775,0.81871635,0.8294295,1.236545,0.97770005,1.0117335,1.124351,0.93868244,0.9826138,1.0354187,1.1338525,1.0926399,1.0879726,1.1587453,1.0466095,0.94488364,0.6149492,1.1293914,1.1359639,0.7948617,1.1520662,0.9232116,0.8296169,0.7311715,0.8397708,0.86933714,0.9325411,1.060056
can,1.3053181,0.5912438,1.2028048,1.2687416,1.1063446,0.65311337,1.239177,0.6688914,1.1005142,1.4461199,0.5262444,1.310542,1.2074063,1.4301322,0.5776995,0.23671323,1.2770703,1.248754,0.94805694,0.46954358,0.0,1.0600044,1.2071531,1.0801842,1.2849865,0.5153164,0.9903448,1.4060547,1.4106215,0.45522654,1.2377359,0.55890685,1.1932471,1.202374,1.2382451,1.163257,0.90369326,0.7027788,1.1389304,0.83067316,0.7153139,0.5396591,1.175033,0.86050713,0.56649774,1.1438602,1.1942339,1.3984894,0.53237736,0.7389633,1.2171493,0.46197772,1.2169162,0.62008786,1.1107332,1.386744,1.0109822,1.3583846,0.71119016,1.1502266,0.84885913,0.97191674,0.8531213,0.74079835,0.5243434,1.3755815,1.0220745,0.5984958,0.5881916,1.2053927,0.63449734,1.045969,0.73249364,0.92744565,1.2665784,1.2825006,0.5586653,1.0042353,0.7480589,1.4765773,1.2667632,0.9261159,1.2695922,0.6842559,0.59685695,1.3259184,1.2774441,0.5425417,0.69039625,0.8714948,1.4580249,0.72888315,0.72029865,1.3364208,1.5209186,0.48076296,0.7308823,0.73313224,1.1367847,0.9577421,0.68788123,0.43517244,0.49276447,1.0818849
car,1.0739887,1.0003095,0.8359766,0.8414851,1.0906084,1.0897019,1.0275981,1.0181303,1.0266788,1.0314037,0.9713989,0.9635666,0.9249428,0.947429,0.8618574,1.0913095,1.1054345,1.1060852,0.99923736,1.1618532,1.0600044,0.0,0.85217804,1.0075411,1.1271268,1.0482383,1.0916877,1.0721154,1.0419444,1.025605,1.0316694,1.1949943,1.1333827,0.91472024,1.0863045,0.8913813,0.9420171,0.9636791,0.83911693,1.0130416,1.0817567,0.9240027,1.0389191,0.8888055,1.0533066,0.94269735,1.0352952,0.88668764,1.0230347,1.2113268,0.9163209,0.9004213,0.97424275,1.2090931,0.86124516,1.0330327,1.1238108,0.8649066,1.1574982,1.0715612,0.82118994,0.9191761,0.92125773,1.0256697,1.0845146,0.89522874,1.0744617,0.93495166,1.0921357,0.9505299,0.95493776,0.88897884,1.1934457,1.0425243,0.7367348,0.939594,0.8587669,0.9840094,1.2279001,1.0457997,1.1751883,1.1341361,0.9277828,0.973492,1.0620526,1.0264952,0.9756095,0.94096434,0.93459344,0.9630313,1.0964878,1.0021021,1.1528859,0.96840644,0.9673588,1.0626541,0.9307009,1.0457138,0.90879667,1.1345141,1.1247934,1.0363469,0.97730637,1.0439641
carrot,0.94683456,0.9313041,0.7679742,0.9760815,0.99924743,0.8883133,0.9520516,1.3263459,1.1113522,1.05394,0.90343344,1.1209514,0.9910162,1.0355428,1.1838741,1.2284303,0.8507242,0.9721471,0.98193675,1.2920041,1.2071531,0.85217804,0.0,1.2089686,1.0777941,1.0806347,0.81362534,1.0964503,0.9306945,0.9186435,1.0582044,1.2085061,0.93424785,0.99437624,1.0670536,1.0854591,0.9047387,0.6819278,0.64750326,0.8671762,1.1190159,1.0766866,0.8470715,0.95751053,0.9888606,0.86402625,1.0476499,0.81429803,1.1541426,1.3057976,1.0949059,1.1038432,1.003717,1.2068692,0.9956617,1.0128177,1.2024864,0.95294076,1.2627333,1.0266296,0.6588832,1.2166731,0.8864493,0.63711244,1.1771839,0.96628433,1.2075887,0.9661915,0.9304759,0.7112589,1.2690662,0.7274716,1.2078955,1.0170914,0.94798785,1.0309641,1.1117517,1.2509414,1.0126519,0.99159074,0.9114825,0.80831873,1.0788287,1.0820434,1.0349591,0.8799582,0.98639333,0.9565673,0.95162046,0.9168582,0.95232856,0.976111,1.2695175,1.023476,0.99095845,0.9398608,0.7450261,1.0654877,1.1900538,0.9321927,1.124397,1.139088,1.0901043,1.119765
chair,0.9170132,1.4587147,0.98378766,0.886547,1.1059421,1.4411497,1.333753,0.74588597,0.6326538,0.5795187,1.3769808,0.41893923,0.677835,0.5914712,0.95956445,1.1724135,1.1059245,0.5670419,1.2977985,0.8813101,1.0801842,1.0075411,1.2089686,0.0,1.1549824,1.2656125,1.0080112,0.48435748,1.167921,1.3486896,0.3517326,0.9652419,1.0703112,0.8166854,0.76999664,0.7008312,0.93790376,1.3326731,1.2522504,1.1997771,1.2314703,1.2366455,1.4290333,1.246844,1.1719555,0.978373,1.0223911,0.9837842,1.25572,0.9313985,0.7669286,1.239607,0.59480083,1.1043911,1.0597626,1.187705,0.71904194,0.80601656,0.75172573,1.174763,1.393475,0.75572824,1.0251423,1.2878376,0.85518634,0.7060871,0.7744923,1.3129413,1.3088669,1.3925104,0.92120373,1.2704926,1.1017226,1.417149,1.0839356,0.63075405,1.1098171,0.64511764,1.2979027,1.1490989,1.0500088,1.1130756,0.75665736,1.1078007,1.1526214,0.92884177,0.54988533,1.3730824,1.439363,1.1575303,1.0376114,1.0808161,0.65883577,0.74170077,0.76130253,1.273232,1.3212426,1.1939496,0.7003293,0.84882426,1.088293,1.1859825,1.287545,0.8005874
chips,0.7812692,1.2060988,1.0934489,1.0381551,1.1108587,1.1819751,0.4334221,1.1298908,1.044818,0.92474043,1.2427684,1.0114121,1.0531702,0.9415464,1.1613681,1.2435322,0.59101546,0.92355484,1.0910982,1.1430886,1.2849865,1.1271268,1.0777941,1.1549824,0.0,1.2807972,1.0528148,0.9671074,0.5566568,1.2120233,1.0210887,1.1382557,0.71479446,1.1373051,1.1457584,0.99582446,1.0887309,1.2331645,1.0444497,1.1076587,1.126257,1.2277051,0.68272036,1.1570197,1.2707899,1.0493916,1.0696906,1.0717865,1.2547623,1.1072766,1.0446993,1.2393926,1.0290651,1.2172724,1.0348953,0.35325104,1.0217541,0.94234115,1.0743463,0.77458906,1.1748093,1.0799897,1.1302981,1.1564616,1.1653864,1.0443543,1.0013776,1.2840731,1.1997838,0.632772,1.3311001,0.9755901,1.1663604,0.66247046,0.9711044,0.9735829,1.236855,1.1019236,1.0085965,0.26155305,0.7899998,1.1391789,1.0343922,1.2516818,1.1768036,0.8527301,1.0078126,1.241262,0.9464197,1.0994574,0.6153407,1.2688402,1.0680588,0.9515915,0.77042943,1.2226193,1.2289004,1.168512,1.0289127,1.0410428,1.0066612,1.207486,1.3226447,1.1090486
clock,1.3806067,0.34222245,1.126739,1.2577982,0.87298083,0.40725803,1.2096205,1.1022387,1.1923338,1.4381173,0.47640967,1.3743103,1.3255217,1.4285736,0.7786036,0.47415024,1.1733158,1.3508353,0.66699654,0.90459937,0.5153164,1.0482383,1.0806347,1.2656125,1.2807972,0.0,0.8938581,1.4254112,1.2553543,0.4211861,1.3646073,0.832268,1.2188002,1.1268147,1.2724144,1.2275559,0.9978573,0.5160279,1.0743624,0.6342097,0.73009306,0.4391592,1.0810887,0.68288386,0.69145787,1.1031097,1.0100691,1.2768055,0.36820507,0.99408525,1.2843035,0.41676426,1.3051289,0.5241556,1.188904,1.2933404,1.1818401,1.3929793,1.012153,1.12905,0.6724494,1.0670412,0.9479672,0.60847324,0.9527266,1.3486731,1.0241882,0.4964841,0.54308283,1.1607252,0.8611589,0.9459418,0.82514757,0.88815296,1.0740663,1.4342568,0.75320166,1.1367486,0.7119515,1.3883655,1.1712997,0.9468117,1.2238964,0.70519185,0.67299676,1.1289884,1.3358665,0.4539935,0.6382997,0.82957244,1.331429,0.7844831,1.0570186,1.2817413,1.318559,0.5428448,0.7767208,0.87148106,1.2000997,1.0727153,0.8365962,0.48101616,0.47596037,1.0779018
coffee,1.1332877,1.0857177,0.8272712,1.1275709,0.75481033,0.8672819,1.0043736,1.0317323,1.1193786,1.1627007,1.0856218,0.99267304,1.0164968,1.0847441,1.0661845,0.9765163,0.8961819,0.9345365,0.7726287,0.7904578,0.9903448,1.0916877,0.81362534,1.0080112,1.0528148,0.8938581,0.0,1.1486518,1.0273174,1.0669302,1.0816737,0.7880346,0.8810288,1.0787779,0.97391754,0.9979383,0.90364397,0.9233403,1.1465858,1.0413263,0.979214,1.043099,1.0529745,1.1793337,0.9588317,0.9668482,0.72729236,0.97932935,0.92820454,0.9251994,1.1665477,1.120453,1.0412937,0.85779,0.97298497,1.0665891,0.8925147,1.0365067,0.92791337,0.99341184,1.0165597,0.87975556,1.0584707,0.98355293,1.1058924,1.2205607,0.98812485,1.0929748,0.99333596,1.0051503,1.1110476,1.0969492,0.94359696,1.1072291,1.0762049,1.045671,1.0056635,0.95363224,0.8968609,1.1344293,0.9692808,0.87306917,1.1303897,1.1845316,1.0728654,0.885813,1.104613,1.0984098,1.103626,0.9651762,0.96569276,0.93540454,0.954727,1.0570434,1.1031038,0.7842227,0.9678977,1.1758904,0.933121,0.84822404,0.9755091,1.0772732,1.0963079,0.9563629
couch,0.7992111,1.4140308,1.0756248,0.8994057,1.1557108,1.3978953,1.1354978,0.9800036,0.58451736,0.054686546,1.4278016,0.50541115,0.61719316,0.2192725,1.2087882,1.3704305,1.087588,0.63255876,1.3676713,1.154501,1.4060547,1.0721154,1.0964503,0.48435748,0.9671074,1.4254112,1.1486518,0.0,1.0187486,1.4483285,0.38885033,1.1937869,1.0895162,0.51517636,0.76470554,0.736011,1.0412098,1.2987026,1.2296576,1.1633106,1.2944798,1.4309008,1.1813705,1.2455939,1.2313974,0.953738,1.1224657,1.004975,1.4346142,1.1326075,0.7199035,1.315056,0.65389454,1.2119395,1.0245836,0.9789209,0.8881339,0.7687771,0.92187005,1.0994705,1.3664212,0.9094694,1.2004217,1.2992629,1.0956573,0.52194524,0.9027915,1.4905976,1.433766,1.192384,1.0366287,1.1601478,1.1371952,1.3214138,1.021995,0.6235973,1.2049783,0.7676103,1.3012004,0.8912751,0.87471163,1.2111431,0.7118939,1.2442393,1.3158512,0.9768855,0.56170785,1.4414212,1.3438902,1.2559752,0.88067114,1.3335688,0.88940877,0.54261076,0.6458843,1.4882717,1.3635066,1.2826867,0.7724202,0.9329348,1.1942084,1.2847996,1.386758,0.8395968
cracker,0.83891463,1.2374679,0.8418069,0.8232132,1.0441672,1.2245636,0.5653469,1.1936835,1.1328206,0.9256438,1.3177826,1.039819,1.0174179,0.9232064,1.2841282,1.3294946,0.6463023,0.9808677,0.9145664,1.2467111,1.4106215,1.0419444,0.9306945,1.167921,0.5566568,1.2553543,1.0273174,1.0187486,0.0,1.2562878,1.0707481,1.2062429,0.7168691,1.0896125,1.1515638,1.0038364,1.1257162,1.1938426,0.88750565,1.1079417,1.1724379,1.2660565,0.66096306,1.1513909,1.2475439,1.0418746,0.84218085,0.7456072,1.234216,1.1543559,1.0412176,1.2552766,1.0745072,1.2578111,0.9358333,0.5633174,1.0781206,0.7707971,1.2353776,0.66719735,1.107558,1.0950967,1.1385676,1.1846515,1.2913612,0.9928982,1.062908,1.1652683,1.1744373,0.63831484,1.35966,1.0654777,1.2631896,0.81176865,1.0014031,0.9639042,1.2367806,1.1041106,1.0049711,0.46014333,0.7457012,1.0746322,0.9899,1.220548,1.1784534,0.7603444,1.0205877,1.2121419,0.86355114,1.06493,0.5169331,1.1707697,1.241261,0.9159866,0.7262857,1.2368454,1.0948144,1.111326,1.0509446,1.1711196,1.0822815,1.2506839,1.2742164,1.1430814
crayon,1.2701621,0.35418558,1.2810133,1.2118356,1.073589,0.60123533,1.1966815,0.9650691,1.188649,1.4324276,0.3417334,1.3880303,1.396502,1.4719167,0.7869351,0.50841844,1.2800397,1.353504,0.8300772,1.0047853,0.45522654,1.025605,0.9186435,1.3486896,1.2120233,0.4211861,1.0669302,1.4483285,1.2562878,0.0,1.3361388,0.9691911,1.2705785,1.2114972,1.278943,1.3228226,0.8644122,0.4261105,0.8177974,0.61004627,0.6792585,0.39078015,0.9889395,0.6189554,0.74211335,1.0963639,1.1902188,1.2169001,0.6673443,0.9928937,1.2603835,0.37727094,1.2524492,0.6551891,1.0357189,1.3385167,1.3153449,1.4093744,1.1480868,1.0484829,0.5033934,1.2761865,0.7564932,0.45468992,0.7723205,1.3791051,1.1064296,0.18527675,0.15111876,1.0500673,0.8021697,0.8595985,0.8623585,0.8949306,1.1077673,1.4076405,0.8281966,1.3165852,0.82061815,1.3838037,1.2741771,0.73498744,1.3396356,0.79410326,0.39029932,1.3001263,1.2718854,0.2882806,0.5179991,0.7023179,1.4370464,0.6873786,1.1714444,1.3528556,1.4654734,0.55749166,0.50108194,0.63336015,1.3653667,1.0658641,0.89284253,0.42351615,0.44706297,1.1372218
crib,0.9084979,1.4084626,1.1003735,0.9528458,1.2010441,1.3698457,1.2360501,0.77375287,0.53371507,0.4899115,1.347245,0.42795366,0.7734037,0.6625416,1.0896955,1.28775,0.9903575,0.37687045,1.4169779,0.9341317,1.2377359,1.0316694,1.0582044,0.3517326,1.0210887,1.3646073,1.0816737,0.38885033,1.0707481,1.3361388,0.0,1.1149366,1.04282,0.83370715,0.9018203,0.7880454,0.9230103,1.2741207,1.2239228,1.2815083,1.212719,1.305703,1.3095782,1.2858157,1.2763146,0.86151606,1.1608392,1.0206218,1.3825607,1.0127993,0.83567035,1.2772475,0.46423656,1.2254655,1.0666946,1.0419097,0.7627277,0.930742,0.8093023,1.1717494,1.3235705,0.9912122,1.2123094,1.2760098,1.0467108,0.6591766,0.8297359,1.3843051,1.2948309,1.2823664,1.2150639,1.2218004,1.1256508,1.2908173,1.03781,0.5343923,1.1973361,0.7842604,1.2424833,0.97521836,0.85095614,1.1615264,0.75484693,1.2477006,1.2376884,0.9134335,0.5136468,1.3979611,1.3721064,1.26683,0.86685306,1.264972,0.77122664,0.62508833,0.6225075,1.3408012,1.3521333,1.206172,0.886812,0.75620407,1.131677,1.2377167,1.3538165,0.87272906
cup,1.1642655,0.92710245,1.0281553,1.133943,0.8238746,0.917125,1.1144108,0.8499378,1.0463572,1.2596626,0.9675474,1.1168664,1.082011,1.2096432,0.76999897,0.58642304,0.8791517,0.9951334,0.8371434,0.32660866,0.55890685,1.1949943,1.2085061,0.9652419,1.1382557,0.832268,0.7880346,1.1937869,1.2062429,0.9691911,1.1149366,0.0,0.93764347,1.0195937,1.0608258,1.1543332,1.0285513,0.98505473,1.2170216,0.9706404,0.8490829,0.88828015,1.1388825,1.0768999,0.88036346,0.9751659,0.79049003,1.0983478,0.84637517,0.7282561,1.2145443,0.8205137,1.1358244,0.7538168,1.1333418,1.1274334,0.8205707,1.1779596,0.73737794,1.1750554,1.1310863,0.7222248,1.2275541,1.0585768,0.89078987,1.2505374,0.7784281,1.0139196,0.9770713,1.2344338,0.8933837,1.2073702,0.75791615,1.0142858,1.2372799,1.0487285,0.809772,0.8761391,0.9246135,1.187443,1.0023881,0.9803299,1.0959135,0.89398146,1.0229973,0.9287349,1.2133434,0.98323226,0.99441886,1.1503268,1.0425746,0.82139754,0.78659874,1.1675625,1.1004905,0.7420458,1.0373495,1.0227557,0.8684943,0.8167624,0.7798063,0.8188811,0.77860165,1.075742
dish,0.8889649,1.1665219,0.6641322,1.0886853,0.9823745,1.0496774,0.7249857,1.0718392,1.111029,1.0759807,1.2010926,1.0089647,1.050489,1.075774,1.0131027,1.1895797,0.24909383,0.92558044,0.86386335,1.0129526,1.1932471,1.1333827,0.93424785,1.0703112,0.71479446,1.2188002,0.8810288,1.0895162,0.7168691,1.2705785,1.04282,0.93764347,0.0,1.1105337,1.1366177,1.0446932,0.9942499,1.2762082,0.98358136,1.1155694,1.0656896,1.0951577,0.7373173,1.2443777,1.141195,1.0132532,0.9201744,1.0161587,1.1141789,1.0280676,1.0758764,1.2447615,1.1402303,1.1610699,1.0642908,0.66907316,0.9369598,0.9155377,1.1713119,0.6380841,1.2173879,0.98297393,1.024494,1.1309077,1.0814092,1.0584276,0.9860118,1.2218797,1.1993558,0.6115725,1.2141991,0.73881805,1.0894182,0.5137714,1.05286,1.1016297,1.1661068,1.0943573,0.9260513,0.6884871,0.7903997,1.0044702,1.1151696,1.2577587,1.1937706,0.478464,1.093581,1.2300535,1.208438,1.1374327,0.5441483,1.0077587,1.175216,1.0943516,0.8072438,1.099791,1.2015914,1.1609889,1.0241095,1.063457,0.77210426,1.2994918,1.3479028,1.0023321
dog,1.0210823,1.1757268,1.0143588,1.0361351,0.85292506,1.1242243,1.0567936,0.958826,0.8576206,0.5260834,1.2233808,0.8886005,0.8850225,0.39192897,1.0476571,1.209244,1.1151556,0.9301888,1.1771431,1.021832,1.202374,0.91472024,0.99437624,0.8166854,1.1373051,1.1268147,1.0787779,0.51517636,1.0896125,1.2114972,0.83370715,1.0195937,1.1105337,0.0,0.87486225,0.9156576,0.9188507,1.0941975,1.1916986,1.0685371,1.0939472,1.180167,1.0116543,0.98798114,1.0880665,0.9618556,1.1331263,1.1197413,1.0859965,1.0578148,0.9444547,1.1585293,1.020697,1.0905919,1.026913,1.0478822,0.98575544,0.99955064,0.94488096,1.0535486,1.1279653,0.8788613,1.1354108,1.1207691,1.1472465,0.7363712,0.9374281,1.228158,1.221334,1.1154386,0.8844444,1.0754107,1.005223,1.200733,0.9595849,0.90730745,1.0006318,0.87175536,1.0785,1.0448351,1.0488509,1.0272253,0.8891239,0.899252,1.1140862,1.0329522,0.9717834,1.1520907,1.1244361,1.255156,1.0236638,1.1623508,0.92232,0.886869,0.90093404,1.1300367,1.1707953,1.1643902,0.84658825,0.9753578,1.1472225,1.1262039,1.1345065,0.9699911
doll,0.87346166,1.1949524,1.1013874,1.0217757,0.82679296,1.1997826,0.9680243,0.89955145,1.0777674,0.84888357,1.158773,0.76209176,0.6167985,0.72535396,1.1448219,1.211662,1.2890631,0.80621177,1.0875078,1.0356647,1.2382451,1.0863045,1.0670536,0.76999664,1.1457584,1.2724144,0.97391754,0.76470554,1.1515638,1.278943,0.9018203,1.0608258,1.1366177,0.87486225,0.0,0.8919543,1.0045239,1.12217,1.0430177,1.1946924,0.9994401,1.1637949,0.9212122,1.1073979,0.94208354,0.9764658,0.94249195,0.8345983,1.1389977,0.81939197,0.691651,1.2666088,0.94203526,1.0587748,0.92217934,1.0771036,0.82420707,0.8574507,0.8621115,0.94610715,1.1692016,0.7858652,0.9227102,1.2032903,0.95357114,0.8101209,1.0424242,1.1809952,1.2043494,1.0966172,0.7590066,1.0976573,0.90676236,1.2980328,0.8684193,0.83098716,1.1656836,0.92715544,1.0821466,1.1252668,1.2411911,0.7517364,0.85725796,0.9594548,1.0960462,1.2372274,0.9739979,1.170321,1.2109435,0.97273934,1.2046852,0.8796408,0.8244105,0.9301003,1.1322404,1.0959204,1.0525271,0.86941254,0.7373756,0.68355757,1.1985081,1.1815954,1.123358,0.8973929
door,0.9178548,1.2922478,0.93571496,0.863037,1.167908,1.2436053,1.0502628,1.0212549,0.6230111,0.72691035,1.3873384,0.6886845,0.83226216,0.73428535,1.2190753,1.1741885,1.0578024,0.85515124,1.1164821,1.058419,1.163257,0.8913813,1.0854591,0.7008312,0.99582446,1.2275559,0.9979383,0.736011,1.0038364,1.3228226,0.7880454,1.1543332,1.0446932,0.9156576,0.8919543,0.0,0.9860198,1.259757,1.1875489,1.1595627,1.1875315,1.3116126,1.1645619,1.1782908,1.2555752,0.9424521,0.9319552,0.94910747,1.2435925,1.0664601,0.8304595,1.1985933,0.6865276,1.0559362,0.941327,0.9417696,0.9292168,0.6957121,0.8765482,1.1793871,1.2875407,1.0088706,1.0661954,1.2902822,0.91397375,0.77026486,1.0245444,1.328185,1.3172351,1.1430225,1.1407369,1.162473,1.0409693,1.2288679,0.9772647,0.8281292,1.138315,0.6636407,1.2056617,0.90006363,0.97862345,1.2468666,0.75394654,1.2935183,1.2343206,0.9597577,0.65789545,1.3678833,1.3360877,1.0992457,0.8906428,1.2259425,0.90945786,0.6679746,0.8283783,1.3720467,1.2692815,1.127938,0.9388743,1.1328883,1.1583253,1.1749063,1.2901709,0.62082446
drawer,1.0280224,1.0103483,1.0789727,1.0419219,0.90830123,1.069909,1.1075853,0.6765608,0.9294128,1.0353451,0.91674536,0.9506671,1.0858674,1.082524,0.8183054,1.1032996,1.080004,0.8410316,1.1890268,0.9103657,0.90369326,0.9420171,0.9047387,0.93790376,1.0887309,0.9978573,0.90364397,1.0412098,1.1257162,0.8644122,0.9230103,1.0285513,0.9942499,0.9188507,1.0045239,0.9860198,0.0,0.95847803,0.92945445,1.0885941,0.93259585,0.8758786,0.95925117,0.96988237,0.97788733,1.0015554,1.2956731,1.1040359,1.0700994,0.9534287,1.1501272,1.096504,0.92995566,1.0911537,1.0806354,1.1346433,0.9475803,1.1406189,1.0637579,0.86345285,0.9157284,1.0544746,0.9190867,0.9016501,0.8572508,1.1665195,0.9039626,0.83436894,0.79001206,0.9552688,0.8633569,0.8097879,0.9489083,1.018581,1.0838448,1.0122205,0.81733125,1.0756606,0.92423713,1.1489812,1.246123,0.76891017,1.2292099,0.8661033,0.9205843,1.1619468,1.0407425,0.84952956,1.0096887,0.99491405,1.2311262,0.99696994,1.0083303,1.1060917,1.2023478,0.7915914,0.8625636,0.9396007,1.1278083,0.792382,0.9483417,1.1115448,1.027829,1.0382329
